x-grades
-498460440829817901/400000000000000000
-245224318865808721/200000000000000000
-482436834633416983/400000000000000000
-118606257883804131/100000000000000000
-93282645687403213/80000000000000000
-229200712669407803/200000000000000000
-450389622240615147/400000000000000000
-13824306848200459/12500000000000000
-434366016044214229/400000000000000000
-42635421294601377/40000000000000000
-418342409847813311/400000000000000000
-102582651687403213/100000000000000000
-402318803651412393/400000000000000000
-197153500276605967/200000000000000000
-15451807898200459/16000000000000000
-47285424294601377/50000000000000000
-370271591258610557/400000000000000000
-181129894080205049/200000000000000000
-354247985062209639/400000000000000000
-17311809098200459/20000000000000000
-338224378865808721/400000000000000000
-165106287883804131/200000000000000000
-322200772669407803/400000000000000000
-19636810598200459/25000000000000000
-61235433294601377/80000000000000000
-149082681687403213/200000000000000000
-290153560276605967/400000000000000000
-70535439294601377/100000000000000000
-274129954080205049/400000000000000000
-26611815098200459/40000000000000000
-258106347883804131/400000000000000000
-31261818098200459/50000000000000000
-242082741687403213/400000000000000000
-117035469294601377/200000000000000000
-45211827098200459/80000000000000000
-54511833098200459/100000000000000000
-210035529294601377/400000000000000000
-101011863098200459/200000000000000000
-194011923098200459/400000000000000000
-4650003/10000000

y-grades
1/4
1/2
3/4
1
5/4
3/2
7/4
2
9/4
5/2
11/4
3
13/4
7/2
15/4
4
17/4
9/2
19/4
5
21/4
11/2
23/4
6
25/4
13/2
27/4
7
29/4
15/2
31/4
8
33/4
17/2
35/4
9
37/4
19/2
39/4
10

Dimensions > 0:
(0, 0, 2)
(0, 1, 2)
(0, 2, 1)
(0, 3, 1)
(0, 4, 1)
(0, 5, 1)
(0, 6, 1)
(0, 7, 1)
(0, 8, 1)
(0, 9, 1)
(0, 10, 1)
(0, 11, 1)
(0, 12, 1)
(0, 13, 1)
(0, 14, 1)
(0, 15, 1)
(0, 16, 1)
(0, 17, 1)
(0, 18, 1)
(0, 19, 1)
(0, 20, 1)
(0, 21, 1)
(0, 22, 1)
(0, 23, 1)
(0, 24, 1)
(0, 25, 1)
(0, 26, 1)
(0, 27, 1)
(0, 28, 1)
(0, 29, 1)
(0, 30, 1)
(0, 31, 1)
(0, 32, 1)
(0, 33, 1)
(0, 34, 1)
(0, 35, 1)
(0, 36, 1)
(0, 37, 1)
(0, 38, 1)
(0, 39, 1)

(1, 0, 7)
(1, 1, 7)
(1, 2, 5)
(1, 3, 4)
(1, 4, 3)
(1, 5, 3)
(1, 6, 2)
(1, 7, 2)
(1, 8, 2)
(1, 9, 1)
(1, 10, 1)
(1, 11, 1)
(1, 12, 1)
(1, 13, 1)
(1, 14, 1)
(1, 15, 1)
(1, 16, 1)
(1, 17, 1)
(1, 18, 1)
(1, 19, 1)
(1, 20, 1)
(1, 21, 1)
(1, 22, 1)
(1, 23, 1)
(1, 24, 1)
(1, 25, 1)
(1, 26, 1)
(1, 27, 1)
(1, 28, 1)
(1, 29, 1)
(1, 30, 1)
(1, 31, 1)
(1, 32, 1)
(1, 33, 1)
(1, 34, 1)
(1, 35, 1)
(1, 36, 1)
(1, 37, 1)
(1, 38, 1)
(1, 39, 1)

(2, 0, 16)
(2, 1, 14)
(2, 2, 6)
(2, 3, 3)
(2, 4, 1)
(2, 5, 1)
(2, 6, 1)
(2, 7, 1)
(2, 8, 1)
(2, 9, 1)
(2, 10, 1)
(2, 11, 1)
(2, 12, 1)
(2, 13, 1)
(2, 14, 1)
(2, 15, 1)
(2, 16, 1)
(2, 17, 1)
(2, 18, 1)
(2, 19, 1)
(2, 20, 1)
(2, 21, 1)
(2, 22, 1)
(2, 23, 1)
(2, 24, 1)
(2, 25, 1)
(2, 26, 1)
(2, 27, 1)
(2, 28, 1)
(2, 29, 1)
(2, 30, 1)
(2, 31, 1)
(2, 32, 1)
(2, 33, 1)
(2, 34, 1)
(2, 35, 1)
(2, 36, 1)
(2, 37, 1)
(2, 38, 1)
(2, 39, 1)

(3, 0, 20)
(3, 1, 16)
(3, 2, 7)
(3, 3, 5)
(3, 4, 2)
(3, 5, 2)
(3, 6, 2)
(3, 7, 2)
(3, 8, 2)
(3, 9, 2)
(3, 10, 2)
(3, 11, 2)
(3, 12, 2)
(3, 13, 2)
(3, 14, 2)
(3, 15, 2)
(3, 16, 2)
(3, 17, 2)
(3, 18, 2)
(3, 19, 2)
(3, 20, 2)
(3, 21, 2)
(3, 22, 2)
(3, 23, 2)
(3, 24, 2)
(3, 25, 2)
(3, 26, 2)
(3, 27, 2)
(3, 28, 2)
(3, 29, 2)
(3, 30, 2)
(3, 31, 2)
(3, 32, 2)
(3, 33, 2)
(3, 34, 2)
(3, 35, 2)
(3, 36, 2)
(3, 37, 2)
(3, 38, 2)
(3, 39, 2)

(4, 0, 22)
(4, 1, 18)
(4, 2, 7)
(4, 3, 5)
(4, 4, 2)
(4, 5, 2)
(4, 6, 2)
(4, 7, 2)
(4, 8, 2)
(4, 9, 2)
(4, 10, 2)
(4, 11, 2)
(4, 12, 2)
(4, 13, 2)
(4, 14, 2)
(4, 15, 2)
(4, 16, 2)
(4, 17, 2)
(4, 18, 2)
(4, 19, 2)
(4, 20, 2)
(4, 21, 2)
(4, 22, 2)
(4, 23, 2)
(4, 24, 2)
(4, 25, 2)
(4, 26, 2)
(4, 27, 2)
(4, 28, 2)
(4, 29, 2)
(4, 30, 2)
(4, 31, 2)
(4, 32, 2)
(4, 33, 2)
(4, 34, 2)
(4, 35, 2)
(4, 36, 2)
(4, 37, 2)
(4, 38, 2)
(4, 39, 2)

(5, 0, 24)
(5, 1, 20)
(5, 2, 9)
(5, 3, 7)
(5, 4, 4)
(5, 5, 4)
(5, 6, 4)
(5, 7, 4)
(5, 8, 4)
(5, 9, 4)
(5, 10, 3)
(5, 11, 3)
(5, 12, 3)
(5, 13, 3)
(5, 14, 3)
(5, 15, 3)
(5, 16, 3)
(5, 17, 3)
(5, 18, 3)
(5, 19, 3)
(5, 20, 3)
(5, 21, 3)
(5, 22, 3)
(5, 23, 3)
(5, 24, 3)
(5, 25, 3)
(5, 26, 3)
(5, 27, 3)
(5, 28, 3)
(5, 29, 3)
(5, 30, 3)
(5, 31, 3)
(5, 32, 3)
(5, 33, 3)
(5, 34, 3)
(5, 35, 3)
(5, 36, 3)
(5, 37, 3)
(5, 38, 3)
(5, 39, 3)

(6, 0, 29)
(6, 1, 25)
(6, 2, 11)
(6, 3, 9)
(6, 4, 6)
(6, 5, 6)
(6, 6, 6)
(6, 7, 6)
(6, 8, 6)
(6, 9, 6)
(6, 10, 4)
(6, 11, 4)
(6, 12, 4)
(6, 13, 3)
(6, 14, 3)
(6, 15, 3)
(6, 16, 3)
(6, 17, 3)
(6, 18, 3)
(6, 19, 3)
(6, 20, 3)
(6, 21, 3)
(6, 22, 3)
(6, 23, 3)
(6, 24, 3)
(6, 25, 3)
(6, 26, 3)
(6, 27, 3)
(6, 28, 3)
(6, 29, 3)
(6, 30, 3)
(6, 31, 3)
(6, 32, 3)
(6, 33, 3)
(6, 34, 3)
(6, 35, 3)
(6, 36, 3)
(6, 37, 3)
(6, 38, 3)
(6, 39, 3)

(7, 0, 42)
(7, 1, 34)
(7, 2, 13)
(7, 3, 11)
(7, 4, 5)
(7, 5, 5)
(7, 6, 5)
(7, 7, 5)
(7, 8, 5)
(7, 9, 5)
(7, 10, 5)
(7, 11, 5)
(7, 12, 5)
(7, 13, 4)
(7, 14, 4)
(7, 15, 4)
(7, 16, 4)
(7, 17, 4)
(7, 18, 4)
(7, 19, 4)
(7, 20, 4)
(7, 21, 4)
(7, 22, 4)
(7, 23, 4)
(7, 24, 4)
(7, 25, 4)
(7, 26, 4)
(7, 27, 4)
(7, 28, 4)
(7, 29, 4)
(7, 30, 4)
(7, 31, 4)
(7, 32, 4)
(7, 33, 4)
(7, 34, 4)
(7, 35, 4)
(7, 36, 4)
(7, 37, 4)
(7, 38, 4)
(7, 39, 4)

(8, 0, 44)
(8, 1, 36)
(8, 2, 13)
(8, 3, 11)
(8, 4, 5)
(8, 5, 5)
(8, 6, 5)
(8, 7, 5)
(8, 8, 5)
(8, 9, 5)
(8, 10, 5)
(8, 11, 5)
(8, 12, 5)
(8, 13, 4)
(8, 14, 4)
(8, 15, 4)
(8, 16, 4)
(8, 17, 4)
(8, 18, 4)
(8, 19, 4)
(8, 20, 4)
(8, 21, 4)
(8, 22, 4)
(8, 23, 4)
(8, 24, 4)
(8, 25, 4)
(8, 26, 4)
(8, 27, 4)
(8, 28, 4)
(8, 29, 4)
(8, 30, 4)
(8, 31, 4)
(8, 32, 4)
(8, 33, 4)
(8, 34, 4)
(8, 35, 4)
(8, 36, 4)
(8, 37, 4)
(8, 38, 4)
(8, 39, 4)

(9, 0, 46)
(9, 1, 38)
(9, 2, 15)
(9, 3, 13)
(9, 4, 7)
(9, 5, 6)
(9, 6, 6)
(9, 7, 5)
(9, 8, 5)
(9, 9, 5)
(9, 10, 5)
(9, 11, 5)
(9, 12, 5)
(9, 13, 4)
(9, 14, 4)
(9, 15, 4)
(9, 16, 4)
(9, 17, 4)
(9, 18, 4)
(9, 19, 4)
(9, 20, 4)
(9, 21, 4)
(9, 22, 4)
(9, 23, 4)
(9, 24, 4)
(9, 25, 4)
(9, 26, 4)
(9, 27, 4)
(9, 28, 4)
(9, 29, 4)
(9, 30, 4)
(9, 31, 4)
(9, 32, 4)
(9, 33, 4)
(9, 34, 4)
(9, 35, 4)
(9, 36, 4)
(9, 37, 4)
(9, 38, 4)
(9, 39, 4)

(10, 0, 48)
(10, 1, 40)
(10, 2, 17)
(10, 3, 15)
(10, 4, 9)
(10, 5, 8)
(10, 6, 8)
(10, 7, 7)
(10, 8, 7)
(10, 9, 7)
(10, 10, 7)
(10, 11, 7)
(10, 12, 7)
(10, 13, 6)
(10, 14, 6)
(10, 15, 6)
(10, 16, 6)
(10, 17, 5)
(10, 18, 5)
(10, 19, 5)
(10, 20, 5)
(10, 21, 5)
(10, 22, 5)
(10, 23, 5)
(10, 24, 5)
(10, 25, 5)
(10, 26, 5)
(10, 27, 5)
(10, 28, 5)
(10, 29, 5)
(10, 30, 5)
(10, 31, 5)
(10, 32, 5)
(10, 33, 5)
(10, 34, 5)
(10, 35, 5)
(10, 36, 5)
(10, 37, 5)
(10, 38, 4)
(10, 39, 4)

(11, 0, 54)
(11, 1, 44)
(11, 2, 20)
(11, 3, 17)
(11, 4, 10)
(11, 5, 9)
(11, 6, 9)
(11, 7, 8)
(11, 8, 8)
(11, 9, 8)
(11, 10, 8)
(11, 11, 8)
(11, 12, 8)
(11, 13, 7)
(11, 14, 7)
(11, 15, 6)
(11, 16, 6)
(11, 17, 5)
(11, 18, 5)
(11, 19, 5)
(11, 20, 5)
(11, 21, 5)
(11, 22, 5)
(11, 23, 5)
(11, 24, 5)
(11, 25, 5)
(11, 26, 5)
(11, 27, 5)
(11, 28, 5)
(11, 29, 5)
(11, 30, 5)
(11, 31, 5)
(11, 32, 5)
(11, 33, 5)
(11, 34, 5)
(11, 35, 5)
(11, 36, 5)
(11, 37, 4)
(11, 38, 4)
(11, 39, 4)

(12, 0, 58)
(12, 1, 46)
(12, 2, 21)
(12, 3, 17)
(12, 4, 10)
(12, 5, 9)
(12, 6, 9)
(12, 7, 8)
(12, 8, 8)
(12, 9, 8)
(12, 10, 8)
(12, 11, 8)
(12, 12, 8)
(12, 13, 7)
(12, 14, 7)
(12, 15, 6)
(12, 16, 6)
(12, 17, 5)
(12, 18, 5)
(12, 19, 5)
(12, 20, 5)
(12, 21, 5)
(12, 22, 5)
(12, 23, 5)
(12, 24, 5)
(12, 25, 5)
(12, 26, 5)
(12, 27, 5)
(12, 28, 5)
(12, 29, 5)
(12, 30, 5)
(12, 31, 5)
(12, 32, 5)
(12, 33, 5)
(12, 34, 5)
(12, 35, 5)
(12, 36, 5)
(12, 37, 4)
(12, 38, 4)
(12, 39, 4)

(13, 0, 58)
(13, 1, 46)
(13, 2, 21)
(13, 3, 17)
(13, 4, 10)
(13, 5, 9)
(13, 6, 9)
(13, 7, 8)
(13, 8, 8)
(13, 9, 8)
(13, 10, 8)
(13, 11, 8)
(13, 12, 8)
(13, 13, 7)
(13, 14, 7)
(13, 15, 6)
(13, 16, 6)
(13, 17, 5)
(13, 18, 5)
(13, 19, 5)
(13, 20, 5)
(13, 21, 5)
(13, 22, 5)
(13, 23, 5)
(13, 24, 5)
(13, 25, 5)
(13, 26, 5)
(13, 27, 5)
(13, 28, 5)
(13, 29, 5)
(13, 30, 5)
(13, 31, 5)
(13, 32, 5)
(13, 33, 5)
(13, 34, 5)
(13, 35, 5)
(13, 36, 5)
(13, 37, 4)
(13, 38, 4)
(13, 39, 4)

(14, 0, 58)
(14, 1, 46)
(14, 2, 21)
(14, 3, 17)
(14, 4, 10)
(14, 5, 9)
(14, 6, 9)
(14, 7, 8)
(14, 8, 8)
(14, 9, 8)
(14, 10, 8)
(14, 11, 8)
(14, 12, 8)
(14, 13, 7)
(14, 14, 7)
(14, 15, 6)
(14, 16, 6)
(14, 17, 5)
(14, 18, 5)
(14, 19, 5)
(14, 20, 5)
(14, 21, 5)
(14, 22, 5)
(14, 23, 5)
(14, 24, 5)
(14, 25, 5)
(14, 26, 5)
(14, 27, 5)
(14, 28, 5)
(14, 29, 5)
(14, 30, 5)
(14, 31, 5)
(14, 32, 5)
(14, 33, 5)
(14, 34, 5)
(14, 35, 5)
(14, 36, 5)
(14, 37, 4)
(14, 38, 4)
(14, 39, 4)

(15, 0, 58)
(15, 1, 46)
(15, 2, 21)
(15, 3, 17)
(15, 4, 10)
(15, 5, 9)
(15, 6, 9)
(15, 7, 8)
(15, 8, 8)
(15, 9, 8)
(15, 10, 8)
(15, 11, 8)
(15, 12, 8)
(15, 13, 7)
(15, 14, 7)
(15, 15, 6)
(15, 16, 6)
(15, 17, 5)
(15, 18, 5)
(15, 19, 5)
(15, 20, 5)
(15, 21, 5)
(15, 22, 5)
(15, 23, 5)
(15, 24, 5)
(15, 25, 5)
(15, 26, 5)
(15, 27, 5)
(15, 28, 5)
(15, 29, 5)
(15, 30, 5)
(15, 31, 5)
(15, 32, 5)
(15, 33, 5)
(15, 34, 5)
(15, 35, 5)
(15, 36, 5)
(15, 37, 4)
(15, 38, 4)
(15, 39, 4)

(16, 0, 60)
(16, 1, 48)
(16, 2, 22)
(16, 3, 18)
(16, 4, 11)
(16, 5, 10)
(16, 6, 10)
(16, 7, 9)
(16, 8, 9)
(16, 9, 9)
(16, 10, 9)
(16, 11, 9)
(16, 12, 9)
(16, 13, 8)
(16, 14, 8)
(16, 15, 7)
(16, 16, 7)
(16, 17, 6)
(16, 18, 6)
(16, 19, 6)
(16, 20, 6)
(16, 21, 6)
(16, 22, 6)
(16, 23, 5)
(16, 24, 5)
(16, 25, 5)
(16, 26, 5)
(16, 27, 5)
(16, 28, 5)
(16, 29, 5)
(16, 30, 5)
(16, 31, 5)
(16, 32, 5)
(16, 33, 5)
(16, 34, 5)
(16, 35, 5)
(16, 36, 5)
(16, 37, 4)
(16, 38, 4)
(16, 39, 4)

(17, 0, 61)
(17, 1, 49)
(17, 2, 23)
(17, 3, 18)
(17, 4, 11)
(17, 5, 10)
(17, 6, 10)
(17, 7, 9)
(17, 8, 9)
(17, 9, 9)
(17, 10, 9)
(17, 11, 9)
(17, 12, 9)
(17, 13, 8)
(17, 14, 8)
(17, 15, 7)
(17, 16, 7)
(17, 17, 6)
(17, 18, 6)
(17, 19, 6)
(17, 20, 6)
(17, 21, 6)
(17, 22, 6)
(17, 23, 5)
(17, 24, 5)
(17, 25, 5)
(17, 26, 5)
(17, 27, 5)
(17, 28, 5)
(17, 29, 5)
(17, 30, 5)
(17, 31, 5)
(17, 32, 5)
(17, 33, 5)
(17, 34, 5)
(17, 35, 5)
(17, 36, 5)
(17, 37, 4)
(17, 38, 4)
(17, 39, 4)

(18, 0, 64)
(18, 1, 52)
(18, 2, 24)
(18, 3, 19)
(18, 4, 12)
(18, 5, 11)
(18, 6, 11)
(18, 7, 10)
(18, 8, 10)
(18, 9, 10)
(18, 10, 10)
(18, 11, 10)
(18, 12, 10)
(18, 13, 9)
(18, 14, 9)
(18, 15, 8)
(18, 16, 8)
(18, 17, 7)
(18, 18, 7)
(18, 19, 7)
(18, 20, 7)
(18, 21, 7)
(18, 22, 7)
(18, 23, 6)
(18, 24, 6)
(18, 25, 6)
(18, 26, 6)
(18, 27, 6)
(18, 28, 6)
(18, 29, 5)
(18, 30, 5)
(18, 31, 5)
(18, 32, 5)
(18, 33, 5)
(18, 34, 5)
(18, 35, 5)
(18, 36, 5)
(18, 37, 4)
(18, 38, 4)
(18, 39, 4)

(19, 0, 67)
(19, 1, 55)
(19, 2, 26)
(19, 3, 20)
(19, 4, 13)
(19, 5, 12)
(19, 6, 12)
(19, 7, 11)
(19, 8, 11)
(19, 9, 11)
(19, 10, 11)
(19, 11, 11)
(19, 12, 11)
(19, 13, 10)
(19, 14, 10)
(19, 15, 9)
(19, 16, 9)
(19, 17, 8)
(19, 18, 8)
(19, 19, 8)
(19, 20, 8)
(19, 21, 8)
(19, 22, 8)
(19, 23, 7)
(19, 24, 7)
(19, 25, 7)
(19, 26, 7)
(19, 27, 7)
(19, 28, 7)
(19, 29, 6)
(19, 30, 6)
(19, 31, 5)
(19, 32, 5)
(19, 33, 5)
(19, 34, 5)
(19, 35, 5)
(19, 36, 5)
(19, 37, 4)
(19, 38, 4)
(19, 39, 4)

(20, 0, 69)
(20, 1, 56)
(20, 2, 27)
(20, 3, 20)
(20, 4, 13)
(20, 5, 12)
(20, 6, 12)
(20, 7, 11)
(20, 8, 11)
(20, 9, 11)
(20, 10, 11)
(20, 11, 11)
(20, 12, 11)
(20, 13, 10)
(20, 14, 10)
(20, 15, 9)
(20, 16, 9)
(20, 17, 8)
(20, 18, 8)
(20, 19, 8)
(20, 20, 8)
(20, 21, 8)
(20, 22, 8)
(20, 23, 7)
(20, 24, 7)
(20, 25, 7)
(20, 26, 7)
(20, 27, 7)
(20, 28, 7)
(20, 29, 6)
(20, 30, 6)
(20, 31, 5)
(20, 32, 5)
(20, 33, 5)
(20, 34, 5)
(20, 35, 5)
(20, 36, 5)
(20, 37, 4)
(20, 38, 4)
(20, 39, 4)

(21, 0, 74)
(21, 1, 59)
(21, 2, 30)
(21, 3, 22)
(21, 4, 15)
(21, 5, 14)
(21, 6, 14)
(21, 7, 13)
(21, 8, 13)
(21, 9, 13)
(21, 10, 13)
(21, 11, 13)
(21, 12, 13)
(21, 13, 12)
(21, 14, 12)
(21, 15, 10)
(21, 16, 10)
(21, 17, 9)
(21, 18, 9)
(21, 19, 9)
(21, 20, 9)
(21, 21, 9)
(21, 22, 9)
(21, 23, 8)
(21, 24, 8)
(21, 25, 8)
(21, 26, 8)
(21, 27, 8)
(21, 28, 8)
(21, 29, 7)
(21, 30, 7)
(21, 31, 6)
(21, 32, 6)
(21, 33, 6)
(21, 34, 6)
(21, 35, 6)
(21, 36, 6)
(21, 37, 5)
(21, 38, 5)
(21, 39, 5)

(22, 0, 77)
(22, 1, 61)
(22, 2, 31)
(22, 3, 23)
(22, 4, 16)
(22, 5, 15)
(22, 6, 15)
(22, 7, 14)
(22, 8, 14)
(22, 9, 13)
(22, 10, 13)
(22, 11, 13)
(22, 12, 13)
(22, 13, 12)
(22, 14, 12)
(22, 15, 10)
(22, 16, 10)
(22, 17, 9)
(22, 18, 9)
(22, 19, 9)
(22, 20, 9)
(22, 21, 9)
(22, 22, 9)
(22, 23, 8)
(22, 24, 8)
(22, 25, 8)
(22, 26, 8)
(22, 27, 8)
(22, 28, 8)
(22, 29, 7)
(22, 30, 7)
(22, 31, 6)
(22, 32, 6)
(22, 33, 6)
(22, 34, 6)
(22, 35, 6)
(22, 36, 6)
(22, 37, 5)
(22, 38, 5)
(22, 39, 5)

(23, 0, 82)
(23, 1, 66)
(23, 2, 35)
(23, 3, 27)
(23, 4, 18)
(23, 5, 15)
(23, 6, 15)
(23, 7, 14)
(23, 8, 14)
(23, 9, 13)
(23, 10, 13)
(23, 11, 13)
(23, 12, 13)
(23, 13, 12)
(23, 14, 12)
(23, 15, 10)
(23, 16, 10)
(23, 17, 9)
(23, 18, 9)
(23, 19, 9)
(23, 20, 9)
(23, 21, 9)
(23, 22, 9)
(23, 23, 8)
(23, 24, 8)
(23, 25, 8)
(23, 26, 8)
(23, 27, 8)
(23, 28, 8)
(23, 29, 7)
(23, 30, 7)
(23, 31, 6)
(23, 32, 6)
(23, 33, 6)
(23, 34, 6)
(23, 35, 6)
(23, 36, 6)
(23, 37, 5)
(23, 38, 5)
(23, 39, 4)

(24, 0, 85)
(24, 1, 69)
(24, 2, 36)
(24, 3, 27)
(24, 4, 16)
(24, 5, 15)
(24, 6, 15)
(24, 7, 14)
(24, 8, 14)
(24, 9, 13)
(24, 10, 13)
(24, 11, 13)
(24, 12, 13)
(24, 13, 12)
(24, 14, 12)
(24, 15, 10)
(24, 16, 10)
(24, 17, 9)
(24, 18, 9)
(24, 19, 9)
(24, 20, 9)
(24, 21, 9)
(24, 22, 9)
(24, 23, 8)
(24, 24, 8)
(24, 25, 8)
(24, 26, 8)
(24, 27, 8)
(24, 28, 8)
(24, 29, 7)
(24, 30, 7)
(24, 31, 6)
(24, 32, 6)
(24, 33, 6)
(24, 34, 6)
(24, 35, 6)
(24, 36, 6)
(24, 37, 5)
(24, 38, 5)
(24, 39, 4)

(25, 0, 86)
(25, 1, 70)
(25, 2, 37)
(25, 3, 28)
(25, 4, 17)
(25, 5, 16)
(25, 6, 16)
(25, 7, 15)
(25, 8, 15)
(25, 9, 14)
(25, 10, 14)
(25, 11, 14)
(25, 12, 14)
(25, 13, 13)
(25, 14, 13)
(25, 15, 11)
(25, 16, 11)
(25, 17, 10)
(25, 18, 10)
(25, 19, 10)
(25, 20, 10)
(25, 21, 10)
(25, 22, 10)
(25, 23, 9)
(25, 24, 9)
(25, 25, 9)
(25, 26, 9)
(25, 27, 9)
(25, 28, 9)
(25, 29, 7)
(25, 30, 7)
(25, 31, 6)
(25, 32, 6)
(25, 33, 6)
(25, 34, 6)
(25, 35, 6)
(25, 36, 6)
(25, 37, 5)
(25, 38, 5)
(25, 39, 4)

(26, 0, 88)
(26, 1, 72)
(26, 2, 38)
(26, 3, 28)
(26, 4, 17)
(26, 5, 16)
(26, 6, 16)
(26, 7, 15)
(26, 8, 15)
(26, 9, 14)
(26, 10, 14)
(26, 11, 14)
(26, 12, 14)
(26, 13, 13)
(26, 14, 13)
(26, 15, 11)
(26, 16, 11)
(26, 17, 10)
(26, 18, 10)
(26, 19, 10)
(26, 20, 10)
(26, 21, 10)
(26, 22, 10)
(26, 23, 9)
(26, 24, 9)
(26, 25, 9)
(26, 26, 9)
(26, 27, 9)
(26, 28, 9)
(26, 29, 7)
(26, 30, 7)
(26, 31, 6)
(26, 32, 6)
(26, 33, 6)
(26, 34, 6)
(26, 35, 6)
(26, 36, 6)
(26, 37, 5)
(26, 38, 5)
(26, 39, 4)

(27, 0, 91)
(27, 1, 74)
(27, 2, 39)
(27, 3, 29)
(27, 4, 18)
(27, 5, 17)
(27, 6, 17)
(27, 7, 16)
(27, 8, 16)
(27, 9, 15)
(27, 10, 15)
(27, 11, 15)
(27, 12, 15)
(27, 13, 14)
(27, 14, 14)
(27, 15, 12)
(27, 16, 12)
(27, 17, 11)
(27, 18, 11)
(27, 19, 11)
(27, 20, 11)
(27, 21, 11)
(27, 22, 11)
(27, 23, 10)
(27, 24, 10)
(27, 25, 10)
(27, 26, 10)
(27, 27, 10)
(27, 28, 10)
(27, 29, 8)
(27, 30, 8)
(27, 31, 7)
(27, 32, 7)
(27, 33, 7)
(27, 34, 7)
(27, 35, 7)
(27, 36, 6)
(27, 37, 5)
(27, 38, 5)
(27, 39, 4)

(28, 0, 93)
(28, 1, 75)
(28, 2, 40)
(28, 3, 29)
(28, 4, 18)
(28, 5, 17)
(28, 6, 17)
(28, 7, 16)
(28, 8, 16)
(28, 9, 15)
(28, 10, 15)
(28, 11, 15)
(28, 12, 15)
(28, 13, 14)
(28, 14, 14)
(28, 15, 12)
(28, 16, 12)
(28, 17, 11)
(28, 18, 11)
(28, 19, 11)
(28, 20, 11)
(28, 21, 11)
(28, 22, 11)
(28, 23, 10)
(28, 24, 10)
(28, 25, 10)
(28, 26, 10)
(28, 27, 10)
(28, 28, 10)
(28, 29, 8)
(28, 30, 8)
(28, 31, 7)
(28, 32, 7)
(28, 33, 7)
(28, 34, 7)
(28, 35, 7)
(28, 36, 6)
(28, 37, 5)
(28, 38, 5)
(28, 39, 4)

(29, 0, 95)
(29, 1, 76)
(29, 2, 41)
(29, 3, 30)
(29, 4, 19)
(29, 5, 18)
(29, 6, 18)
(29, 7, 17)
(29, 8, 17)
(29, 9, 16)
(29, 10, 16)
(29, 11, 16)
(29, 12, 16)
(29, 13, 15)
(29, 14, 15)
(29, 15, 12)
(29, 16, 12)
(29, 17, 11)
(29, 18, 11)
(29, 19, 11)
(29, 20, 11)
(29, 21, 11)
(29, 22, 11)
(29, 23, 10)
(29, 24, 10)
(29, 25, 10)
(29, 26, 10)
(29, 27, 10)
(29, 28, 10)
(29, 29, 8)
(29, 30, 8)
(29, 31, 7)
(29, 32, 7)
(29, 33, 7)
(29, 34, 7)
(29, 35, 7)
(29, 36, 6)
(29, 37, 5)
(29, 38, 5)
(29, 39, 4)

(30, 0, 97)
(30, 1, 77)
(30, 2, 42)
(30, 3, 30)
(30, 4, 19)
(30, 5, 18)
(30, 6, 18)
(30, 7, 17)
(30, 8, 17)
(30, 9, 16)
(30, 10, 16)
(30, 11, 16)
(30, 12, 16)
(30, 13, 15)
(30, 14, 15)
(30, 15, 12)
(30, 16, 12)
(30, 17, 11)
(30, 18, 11)
(30, 19, 11)
(30, 20, 11)
(30, 21, 11)
(30, 22, 11)
(30, 23, 10)
(30, 24, 10)
(30, 25, 10)
(30, 26, 10)
(30, 27, 10)
(30, 28, 10)
(30, 29, 8)
(30, 30, 8)
(30, 31, 7)
(30, 32, 7)
(30, 33, 7)
(30, 34, 7)
(30, 35, 7)
(30, 36, 6)
(30, 37, 5)
(30, 38, 5)
(30, 39, 4)

(31, 0, 99)
(31, 1, 79)
(31, 2, 43)
(31, 3, 31)
(31, 4, 20)
(31, 5, 19)
(31, 6, 19)
(31, 7, 18)
(31, 8, 18)
(31, 9, 17)
(31, 10, 17)
(31, 11, 17)
(31, 12, 17)
(31, 13, 16)
(31, 14, 16)
(31, 15, 13)
(31, 16, 13)
(31, 17, 12)
(31, 18, 12)
(31, 19, 12)
(31, 20, 12)
(31, 21, 12)
(31, 22, 12)
(31, 23, 11)
(31, 24, 11)
(31, 25, 11)
(31, 26, 11)
(31, 27, 11)
(31, 28, 11)
(31, 29, 9)
(31, 30, 9)
(31, 31, 8)
(31, 32, 8)
(31, 33, 8)
(31, 34, 8)
(31, 35, 8)
(31, 36, 7)
(31, 37, 6)
(31, 38, 6)
(31, 39, 5)

(32, 0, 100)
(32, 1, 80)
(32, 2, 44)
(32, 3, 32)
(32, 4, 21)
(32, 5, 20)
(32, 6, 20)
(32, 7, 19)
(32, 8, 19)
(32, 9, 17)
(32, 10, 17)
(32, 11, 17)
(32, 12, 17)
(32, 13, 16)
(32, 14, 16)
(32, 15, 13)
(32, 16, 13)
(32, 17, 12)
(32, 18, 12)
(32, 19, 12)
(32, 20, 12)
(32, 21, 12)
(32, 22, 12)
(32, 23, 11)
(32, 24, 11)
(32, 25, 11)
(32, 26, 11)
(32, 27, 11)
(32, 28, 11)
(32, 29, 9)
(32, 30, 9)
(32, 31, 8)
(32, 32, 8)
(32, 33, 8)
(32, 34, 8)
(32, 35, 8)
(32, 36, 7)
(32, 37, 6)
(32, 38, 6)
(32, 39, 5)

(33, 0, 101)
(33, 1, 81)
(33, 2, 44)
(33, 3, 32)
(33, 4, 21)
(33, 5, 20)
(33, 6, 20)
(33, 7, 19)
(33, 8, 19)
(33, 9, 17)
(33, 10, 17)
(33, 11, 17)
(33, 12, 17)
(33, 13, 16)
(33, 14, 16)
(33, 15, 13)
(33, 16, 13)
(33, 17, 12)
(33, 18, 12)
(33, 19, 12)
(33, 20, 12)
(33, 21, 12)
(33, 22, 12)
(33, 23, 11)
(33, 24, 11)
(33, 25, 11)
(33, 26, 11)
(33, 27, 11)
(33, 28, 11)
(33, 29, 9)
(33, 30, 9)
(33, 31, 8)
(33, 32, 8)
(33, 33, 8)
(33, 34, 8)
(33, 35, 8)
(33, 36, 7)
(33, 37, 6)
(33, 38, 6)
(33, 39, 5)

(34, 0, 104)
(34, 1, 84)
(34, 2, 46)
(34, 3, 34)
(34, 4, 23)
(34, 5, 22)
(34, 6, 22)
(34, 7, 21)
(34, 8, 20)
(34, 9, 18)
(34, 10, 18)
(34, 11, 18)
(34, 12, 18)
(34, 13, 17)
(34, 14, 17)
(34, 15, 14)
(34, 16, 14)
(34, 17, 13)
(34, 18, 13)
(34, 19, 13)
(34, 20, 13)
(34, 21, 13)
(34, 22, 13)
(34, 23, 12)
(34, 24, 12)
(34, 25, 12)
(34, 26, 12)
(34, 27, 12)
(34, 28, 12)
(34, 29, 10)
(34, 30, 10)
(34, 31, 9)
(34, 32, 9)
(34, 33, 9)
(34, 34, 9)
(34, 35, 9)
(34, 36, 8)
(34, 37, 7)
(34, 38, 7)
(34, 39, 5)

(35, 0, 111)
(35, 1, 91)
(35, 2, 49)
(35, 3, 37)
(35, 4, 24)
(35, 5, 22)
(35, 6, 22)
(35, 7, 21)
(35, 8, 21)
(35, 9, 18)
(35, 10, 18)
(35, 11, 18)
(35, 12, 18)
(35, 13, 17)
(35, 14, 17)
(35, 15, 14)
(35, 16, 14)
(35, 17, 13)
(35, 18, 13)
(35, 19, 13)
(35, 20, 13)
(35, 21, 13)
(35, 22, 13)
(35, 23, 12)
(35, 24, 12)
(35, 25, 12)
(35, 26, 12)
(35, 27, 12)
(35, 28, 12)
(35, 29, 10)
(35, 30, 10)
(35, 31, 9)
(35, 32, 9)
(35, 33, 9)
(35, 34, 9)
(35, 35, 9)
(35, 36, 8)
(35, 37, 7)
(35, 38, 7)
(35, 39, 5)

(36, 0, 113)
(36, 1, 93)
(36, 2, 49)
(36, 3, 37)
(36, 4, 23)
(36, 5, 22)
(36, 6, 22)
(36, 7, 21)
(36, 8, 21)
(36, 9, 18)
(36, 10, 18)
(36, 11, 18)
(36, 12, 18)
(36, 13, 17)
(36, 14, 17)
(36, 15, 14)
(36, 16, 14)
(36, 17, 13)
(36, 18, 13)
(36, 19, 13)
(36, 20, 13)
(36, 21, 13)
(36, 22, 13)
(36, 23, 12)
(36, 24, 12)
(36, 25, 12)
(36, 26, 12)
(36, 27, 12)
(36, 28, 12)
(36, 29, 10)
(36, 30, 10)
(36, 31, 9)
(36, 32, 9)
(36, 33, 9)
(36, 34, 9)
(36, 35, 9)
(36, 36, 8)
(36, 37, 7)
(36, 38, 7)
(36, 39, 5)

(37, 0, 113)
(37, 1, 93)
(37, 2, 49)
(37, 3, 37)
(37, 4, 23)
(37, 5, 22)
(37, 6, 22)
(37, 7, 21)
(37, 8, 21)
(37, 9, 18)
(37, 10, 18)
(37, 11, 18)
(37, 12, 18)
(37, 13, 17)
(37, 14, 17)
(37, 15, 14)
(37, 16, 14)
(37, 17, 13)
(37, 18, 13)
(37, 19, 13)
(37, 20, 13)
(37, 21, 13)
(37, 22, 13)
(37, 23, 12)
(37, 24, 12)
(37, 25, 12)
(37, 26, 12)
(37, 27, 12)
(37, 28, 12)
(37, 29, 10)
(37, 30, 10)
(37, 31, 9)
(37, 32, 9)
(37, 33, 9)
(37, 34, 9)
(37, 35, 9)
(37, 36, 8)
(37, 37, 7)
(37, 38, 7)
(37, 39, 5)

(38, 0, 115)
(38, 1, 95)
(38, 2, 50)
(38, 3, 38)
(38, 4, 24)
(38, 5, 23)
(38, 6, 23)
(38, 7, 22)
(38, 8, 22)
(38, 9, 19)
(38, 10, 19)
(38, 11, 19)
(38, 12, 19)
(38, 13, 18)
(38, 14, 18)
(38, 15, 15)
(38, 16, 15)
(38, 17, 14)
(38, 18, 14)
(38, 19, 14)
(38, 20, 14)
(38, 21, 14)
(38, 22, 14)
(38, 23, 13)
(38, 24, 13)
(38, 25, 13)
(38, 26, 13)
(38, 27, 13)
(38, 28, 13)
(38, 29, 11)
(38, 30, 11)
(38, 31, 10)
(38, 32, 10)
(38, 33, 10)
(38, 34, 10)
(38, 35, 10)
(38, 36, 9)
(38, 37, 8)
(38, 38, 8)
(38, 39, 6)

(39, 0, 117)
(39, 1, 97)
(39, 2, 51)
(39, 3, 39)
(39, 4, 25)
(39, 5, 24)
(39, 6, 24)
(39, 7, 23)
(39, 8, 23)
(39, 9, 19)
(39, 10, 19)
(39, 11, 19)
(39, 12, 19)
(39, 13, 18)
(39, 14, 18)
(39, 15, 15)
(39, 16, 15)
(39, 17, 14)
(39, 18, 14)
(39, 19, 14)
(39, 20, 14)
(39, 21, 14)
(39, 22, 14)
(39, 23, 13)
(39, 24, 13)
(39, 25, 13)
(39, 26, 13)
(39, 27, 13)
(39, 28, 13)
(39, 29, 11)
(39, 30, 11)
(39, 31, 10)
(39, 32, 10)
(39, 33, 10)
(39, 34, 10)
(39, 35, 10)
(39, 36, 9)
(39, 37, 8)
(39, 38, 8)
(39, 39, 6)


Betti numbers:
xi_0:
(0, 0, 2)
(1, 0, 5)
(2, 0, 9)
(3, 0, 4)
(4, 0, 2)
(5, 0, 2)
(6, 0, 5)
(7, 0, 13)
(8, 0, 2)
(9, 0, 2)
(10, 0, 2)
(11, 0, 6)
(12, 0, 4)
(16, 0, 2)
(17, 0, 1)
(18, 0, 3)
(19, 0, 3)
(20, 0, 2)
(21, 0, 5)
(22, 0, 3)
(23, 0, 5)
(24, 0, 3)
(25, 0, 1)
(26, 0, 2)
(27, 0, 3)
(28, 0, 2)
(29, 0, 2)
(30, 0, 2)
(31, 0, 2)
(32, 0, 1)
(33, 0, 1)
(34, 0, 3)
(35, 0, 7)
(36, 0, 2)
(38, 0, 2)
(39, 0, 2)
xi_1:
(0, 2, 1)
(1, 2, 1)
(1, 3, 1)
(1, 4, 1)
(1, 6, 1)
(1, 9, 1)
(2, 1, 2)
(2, 2, 6)
(2, 3, 2)
(2, 4, 1)
(3, 1, 2)
(3, 2, 1)
(3, 4, 1)
(4, 2, 2)
(5, 10, 1)
(6, 2, 3)
(6, 10, 1)
(6, 13, 1)
(7, 1, 4)
(7, 2, 7)
(7, 4, 3)
(8, 2, 2)
(9, 5, 1)
(9, 7, 1)
(10, 17, 1)
(10, 38, 1)
(11, 1, 2)
(11, 2, 1)
(11, 3, 1)
(11, 4, 1)
(11, 15, 1)
(11, 37, 1)
(12, 1, 2)
(12, 2, 1)
(12, 3, 1)
(16, 2, 1)
(16, 23, 1)
(17, 3, 1)
(18, 2, 2)
(18, 29, 1)
(19, 2, 1)
(19, 3, 1)
(19, 31, 1)
(20, 1, 1)
(20, 3, 1)
(21, 1, 2)
(21, 3, 1)
(21, 15, 1)
(22, 1, 1)
(22, 2, 1)
(22, 9, 1)
(23, 2, 1)
(23, 4, 2)
(23, 5, 2)
(23, 39, 1)
(24, 2, 2)
(24, 3, 1)
(24, 4, 2)
(25, 29, 1)
(26, 2, 1)
(26, 3, 1)
(27, 1, 1)
(27, 2, 1)
(27, 36, 1)
(28, 1, 1)
(28, 3, 1)
(29, 1, 1)
(29, 15, 1)
(30, 1, 1)
(30, 3, 1)
(31, 2, 1)
(32, 9, 1)
(33, 2, 1)
(34, 2, 1)
(34, 8, 1)
(34, 39, 1)
(35, 2, 4)
(35, 4, 2)
(35, 5, 1)
(35, 9, 1)
(36, 2, 2)
(36, 4, 1)
(38, 2, 1)
(39, 2, 1)
(39, 9, 1)
xi_2:
(2, 6, 1)
(2, 9, 1)
(3, 3, 1)
(7, 10, 2)
(11, 38, 1)
(24, 5, 2)
(35, 8, 1)
(36, 5, 1)
