x-grades
-564793429631292067/200000000000000000
-277875490836739707/100000000000000000
-546708533715666761/200000000000000000
-134416521439463527/50000000000000000
-105724727560008291/40000000000000000
-259790594921114401/100000000000000000
-510538741884416149/200000000000000000
-62687036740825437/25000000000000000
-492453845968790843/200000000000000000
-48341139801097819/20000000000000000
-474368950053165537/200000000000000000
-116331625523838221/50000000000000000
-456284054137540231/200000000000000000
-223620803089863789/100000000000000000
-17527966328876597/8000000000000000
-3352786798938299/1562500000000000
-420114262306289619/200000000000000000
-205535907174238483/100000000000000000
-402029366390664313/200000000000000000
-19649345921642583/10000000000000000
-383944470475039007/200000000000000000
-187451011258613177/100000000000000000
-365859574559413701/200000000000000000
-44602140825200131/25000000000000000
-69554935728757679/40000000000000000
-169366115342987871/100000000000000000
-329689782728163089/200000000000000000
-80161833692587609/50000000000000000
-311604886812537783/200000000000000000
-30256243885472513/20000000000000000
-293519990896912477/200000000000000000
-17779846433693739/12500000000000000
-275435094981287171/200000000000000000
-133196323511737259/100000000000000000
-51470039813132373/40000000000000000
-62076937776962303/50000000000000000
-239265303150036559/200000000000000000
-115111427596111953/100000000000000000
-221180407234411253/200000000000000000
-1060689796382993/1000000000000000

y-grades
9999377/40000000
9999377/20000000
29998131/40000000
9999377/10000000
9999377/8000000
29998131/20000000
69995639/40000000
9999377/5000000
89994393/40000000
9999377/4000000
109993147/40000000
29998131/10000000
129991901/40000000
69995639/20000000
29998131/8000000
9999377/2500000
169989409/40000000
89994393/20000000
189988163/40000000
9999377/2000000
209986917/40000000
109993147/20000000
229985671/40000000
29998131/5000000
9999377/1600000
129991901/20000000
269983179/40000000
69995639/10000000
289981933/40000000
29998131/4000000
309980687/40000000
9999377/1250000
329979441/40000000
169989409/20000000
69995639/8000000
89994393/10000000
369976949/40000000
189988163/20000000
389975703/40000000
9999377/1000000

Dimensions > 0:
(0, 0, 10)
(0, 1, 5)
(0, 2, 4)
(0, 3, 4)
(0, 4, 3)
(0, 5, 3)
(0, 6, 2)
(0, 7, 2)
(0, 8, 2)
(0, 9, 2)
(0, 10, 2)
(0, 11, 2)
(0, 12, 2)
(0, 13, 2)
(0, 14, 1)
(0, 15, 1)
(0, 16, 1)
(0, 17, 1)
(0, 18, 1)
(0, 19, 1)
(0, 20, 1)
(0, 21, 1)
(0, 22, 1)
(0, 23, 1)
(0, 24, 1)
(0, 25, 1)
(0, 26, 1)
(0, 27, 1)
(0, 28, 1)
(0, 29, 1)
(0, 30, 1)
(0, 31, 1)
(0, 32, 1)
(0, 33, 1)
(0, 34, 1)
(0, 35, 1)
(0, 36, 1)
(0, 37, 1)
(0, 38, 1)
(0, 39, 1)

(1, 0, 10)
(1, 1, 5)
(1, 2, 4)
(1, 3, 4)
(1, 4, 3)
(1, 5, 3)
(1, 6, 2)
(1, 7, 2)
(1, 8, 2)
(1, 9, 2)
(1, 10, 2)
(1, 11, 2)
(1, 12, 2)
(1, 13, 2)
(1, 14, 1)
(1, 15, 1)
(1, 16, 1)
(1, 17, 1)
(1, 18, 1)
(1, 19, 1)
(1, 20, 1)
(1, 21, 1)
(1, 22, 1)
(1, 23, 1)
(1, 24, 1)
(1, 25, 1)
(1, 26, 1)
(1, 27, 1)
(1, 28, 1)
(1, 29, 1)
(1, 30, 1)
(1, 31, 1)
(1, 32, 1)
(1, 33, 1)
(1, 34, 1)
(1, 35, 1)
(1, 36, 1)
(1, 37, 1)
(1, 38, 1)
(1, 39, 1)

(2, 0, 10)
(2, 1, 5)
(2, 2, 4)
(2, 3, 4)
(2, 4, 3)
(2, 5, 3)
(2, 6, 2)
(2, 7, 2)
(2, 8, 2)
(2, 9, 2)
(2, 10, 2)
(2, 11, 2)
(2, 12, 2)
(2, 13, 2)
(2, 14, 1)
(2, 15, 1)
(2, 16, 1)
(2, 17, 1)
(2, 18, 1)
(2, 19, 1)
(2, 20, 1)
(2, 21, 1)
(2, 22, 1)
(2, 23, 1)
(2, 24, 1)
(2, 25, 1)
(2, 26, 1)
(2, 27, 1)
(2, 28, 1)
(2, 29, 1)
(2, 30, 1)
(2, 31, 1)
(2, 32, 1)
(2, 33, 1)
(2, 34, 1)
(2, 35, 1)
(2, 36, 1)
(2, 37, 1)
(2, 38, 1)
(2, 39, 1)

(3, 0, 10)
(3, 1, 5)
(3, 2, 4)
(3, 3, 4)
(3, 4, 3)
(3, 5, 3)
(3, 6, 2)
(3, 7, 2)
(3, 8, 2)
(3, 9, 2)
(3, 10, 2)
(3, 11, 2)
(3, 12, 2)
(3, 13, 2)
(3, 14, 1)
(3, 15, 1)
(3, 16, 1)
(3, 17, 1)
(3, 18, 1)
(3, 19, 1)
(3, 20, 1)
(3, 21, 1)
(3, 22, 1)
(3, 23, 1)
(3, 24, 1)
(3, 25, 1)
(3, 26, 1)
(3, 27, 1)
(3, 28, 1)
(3, 29, 1)
(3, 30, 1)
(3, 31, 1)
(3, 32, 1)
(3, 33, 1)
(3, 34, 1)
(3, 35, 1)
(3, 36, 1)
(3, 37, 1)
(3, 38, 1)
(3, 39, 1)

(4, 0, 10)
(4, 1, 5)
(4, 2, 4)
(4, 3, 4)
(4, 4, 3)
(4, 5, 3)
(4, 6, 2)
(4, 7, 2)
(4, 8, 2)
(4, 9, 2)
(4, 10, 2)
(4, 11, 2)
(4, 12, 2)
(4, 13, 2)
(4, 14, 1)
(4, 15, 1)
(4, 16, 1)
(4, 17, 1)
(4, 18, 1)
(4, 19, 1)
(4, 20, 1)
(4, 21, 1)
(4, 22, 1)
(4, 23, 1)
(4, 24, 1)
(4, 25, 1)
(4, 26, 1)
(4, 27, 1)
(4, 28, 1)
(4, 29, 1)
(4, 30, 1)
(4, 31, 1)
(4, 32, 1)
(4, 33, 1)
(4, 34, 1)
(4, 35, 1)
(4, 36, 1)
(4, 37, 1)
(4, 38, 1)
(4, 39, 1)

(5, 0, 10)
(5, 1, 5)
(5, 2, 4)
(5, 3, 4)
(5, 4, 3)
(5, 5, 3)
(5, 6, 2)
(5, 7, 2)
(5, 8, 2)
(5, 9, 2)
(5, 10, 2)
(5, 11, 2)
(5, 12, 2)
(5, 13, 2)
(5, 14, 1)
(5, 15, 1)
(5, 16, 1)
(5, 17, 1)
(5, 18, 1)
(5, 19, 1)
(5, 20, 1)
(5, 21, 1)
(5, 22, 1)
(5, 23, 1)
(5, 24, 1)
(5, 25, 1)
(5, 26, 1)
(5, 27, 1)
(5, 28, 1)
(5, 29, 1)
(5, 30, 1)
(5, 31, 1)
(5, 32, 1)
(5, 33, 1)
(5, 34, 1)
(5, 35, 1)
(5, 36, 1)
(5, 37, 1)
(5, 38, 1)
(5, 39, 1)

(6, 0, 22)
(6, 1, 10)
(6, 2, 8)
(6, 3, 7)
(6, 4, 6)
(6, 5, 6)
(6, 6, 4)
(6, 7, 4)
(6, 8, 4)
(6, 9, 4)
(6, 10, 4)
(6, 11, 4)
(6, 12, 4)
(6, 13, 4)
(6, 14, 2)
(6, 15, 2)
(6, 16, 2)
(6, 17, 2)
(6, 18, 2)
(6, 19, 2)
(6, 20, 2)
(6, 21, 2)
(6, 22, 2)
(6, 23, 2)
(6, 24, 2)
(6, 25, 2)
(6, 26, 2)
(6, 27, 2)
(6, 28, 2)
(6, 29, 2)
(6, 30, 2)
(6, 31, 2)
(6, 32, 2)
(6, 33, 2)
(6, 34, 2)
(6, 35, 2)
(6, 36, 2)
(6, 37, 2)
(6, 38, 2)
(6, 39, 2)

(7, 0, 22)
(7, 1, 10)
(7, 2, 8)
(7, 3, 7)
(7, 4, 6)
(7, 5, 6)
(7, 6, 4)
(7, 7, 4)
(7, 8, 4)
(7, 9, 4)
(7, 10, 4)
(7, 11, 4)
(7, 12, 4)
(7, 13, 4)
(7, 14, 2)
(7, 15, 2)
(7, 16, 2)
(7, 17, 2)
(7, 18, 2)
(7, 19, 2)
(7, 20, 2)
(7, 21, 2)
(7, 22, 2)
(7, 23, 2)
(7, 24, 2)
(7, 25, 2)
(7, 26, 2)
(7, 27, 2)
(7, 28, 2)
(7, 29, 2)
(7, 30, 2)
(7, 31, 2)
(7, 32, 2)
(7, 33, 2)
(7, 34, 2)
(7, 35, 2)
(7, 36, 2)
(7, 37, 2)
(7, 38, 2)
(7, 39, 2)

(8, 0, 24)
(8, 1, 12)
(8, 2, 10)
(8, 3, 9)
(8, 4, 7)
(8, 5, 7)
(8, 6, 5)
(8, 7, 5)
(8, 8, 5)
(8, 9, 5)
(8, 10, 5)
(8, 11, 5)
(8, 12, 5)
(8, 13, 4)
(8, 14, 2)
(8, 15, 2)
(8, 16, 2)
(8, 17, 2)
(8, 18, 2)
(8, 19, 2)
(8, 20, 2)
(8, 21, 2)
(8, 22, 2)
(8, 23, 2)
(8, 24, 2)
(8, 25, 2)
(8, 26, 2)
(8, 27, 2)
(8, 28, 2)
(8, 29, 2)
(8, 30, 2)
(8, 31, 2)
(8, 32, 2)
(8, 33, 2)
(8, 34, 2)
(8, 35, 2)
(8, 36, 2)
(8, 37, 2)
(8, 38, 2)
(8, 39, 2)

(9, 0, 25)
(9, 1, 13)
(9, 2, 11)
(9, 3, 10)
(9, 4, 8)
(9, 5, 8)
(9, 6, 6)
(9, 7, 6)
(9, 8, 6)
(9, 9, 6)
(9, 10, 6)
(9, 11, 6)
(9, 12, 6)
(9, 13, 5)
(9, 14, 3)
(9, 15, 3)
(9, 16, 3)
(9, 17, 3)
(9, 18, 3)
(9, 19, 3)
(9, 20, 3)
(9, 21, 3)
(9, 22, 3)
(9, 23, 3)
(9, 24, 3)
(9, 25, 3)
(9, 26, 3)
(9, 27, 3)
(9, 28, 3)
(9, 29, 3)
(9, 30, 3)
(9, 31, 3)
(9, 32, 3)
(9, 33, 3)
(9, 34, 3)
(9, 35, 3)
(9, 36, 3)
(9, 37, 3)
(9, 38, 3)
(9, 39, 3)

(10, 0, 30)
(10, 1, 16)
(10, 2, 14)
(10, 3, 13)
(10, 4, 11)
(10, 5, 11)
(10, 6, 9)
(10, 7, 8)
(10, 8, 8)
(10, 9, 8)
(10, 10, 8)
(10, 11, 8)
(10, 12, 8)
(10, 13, 7)
(10, 14, 5)
(10, 15, 5)
(10, 16, 5)
(10, 17, 4)
(10, 18, 4)
(10, 19, 4)
(10, 20, 3)
(10, 21, 3)
(10, 22, 3)
(10, 23, 3)
(10, 24, 3)
(10, 25, 3)
(10, 26, 3)
(10, 27, 3)
(10, 28, 3)
(10, 29, 3)
(10, 30, 3)
(10, 31, 3)
(10, 32, 3)
(10, 33, 3)
(10, 34, 3)
(10, 35, 3)
(10, 36, 3)
(10, 37, 3)
(10, 38, 3)
(10, 39, 3)

(11, 0, 39)
(11, 1, 16)
(11, 2, 14)
(11, 3, 13)
(11, 4, 11)
(11, 5, 11)
(11, 6, 9)
(11, 7, 8)
(11, 8, 8)
(11, 9, 8)
(11, 10, 8)
(11, 11, 8)
(11, 12, 8)
(11, 13, 7)
(11, 14, 5)
(11, 15, 5)
(11, 16, 5)
(11, 17, 4)
(11, 18, 4)
(11, 19, 4)
(11, 20, 3)
(11, 21, 3)
(11, 22, 3)
(11, 23, 3)
(11, 24, 3)
(11, 25, 3)
(11, 26, 3)
(11, 27, 3)
(11, 28, 3)
(11, 29, 3)
(11, 30, 3)
(11, 31, 3)
(11, 32, 3)
(11, 33, 3)
(11, 34, 3)
(11, 35, 3)
(11, 36, 3)
(11, 37, 3)
(11, 38, 3)
(11, 39, 3)

(12, 0, 39)
(12, 1, 16)
(12, 2, 14)
(12, 3, 13)
(12, 4, 11)
(12, 5, 11)
(12, 6, 9)
(12, 7, 8)
(12, 8, 8)
(12, 9, 8)
(12, 10, 8)
(12, 11, 8)
(12, 12, 8)
(12, 13, 7)
(12, 14, 5)
(12, 15, 5)
(12, 16, 5)
(12, 17, 4)
(12, 18, 4)
(12, 19, 4)
(12, 20, 3)
(12, 21, 3)
(12, 22, 3)
(12, 23, 3)
(12, 24, 3)
(12, 25, 3)
(12, 26, 3)
(12, 27, 3)
(12, 28, 3)
(12, 29, 3)
(12, 30, 3)
(12, 31, 3)
(12, 32, 3)
(12, 33, 3)
(12, 34, 3)
(12, 35, 3)
(12, 36, 3)
(12, 37, 3)
(12, 38, 3)
(12, 39, 3)

(13, 0, 41)
(13, 1, 18)
(13, 2, 15)
(13, 3, 14)
(13, 4, 12)
(13, 5, 12)
(13, 6, 10)
(13, 7, 8)
(13, 8, 8)
(13, 9, 8)
(13, 10, 8)
(13, 11, 8)
(13, 12, 8)
(13, 13, 7)
(13, 14, 5)
(13, 15, 5)
(13, 16, 5)
(13, 17, 4)
(13, 18, 4)
(13, 19, 4)
(13, 20, 3)
(13, 21, 3)
(13, 22, 3)
(13, 23, 3)
(13, 24, 3)
(13, 25, 3)
(13, 26, 3)
(13, 27, 3)
(13, 28, 3)
(13, 29, 3)
(13, 30, 3)
(13, 31, 3)
(13, 32, 3)
(13, 33, 3)
(13, 34, 3)
(13, 35, 3)
(13, 36, 3)
(13, 37, 3)
(13, 38, 3)
(13, 39, 3)

(14, 0, 49)
(14, 1, 25)
(14, 2, 20)
(14, 3, 17)
(14, 4, 15)
(14, 5, 14)
(14, 6, 11)
(14, 7, 9)
(14, 8, 9)
(14, 9, 9)
(14, 10, 9)
(14, 11, 9)
(14, 12, 9)
(14, 13, 8)
(14, 14, 6)
(14, 15, 6)
(14, 16, 6)
(14, 17, 5)
(14, 18, 5)
(14, 19, 5)
(14, 20, 4)
(14, 21, 4)
(14, 22, 4)
(14, 23, 4)
(14, 24, 4)
(14, 25, 4)
(14, 26, 4)
(14, 27, 4)
(14, 28, 4)
(14, 29, 4)
(14, 30, 4)
(14, 31, 4)
(14, 32, 4)
(14, 33, 4)
(14, 34, 4)
(14, 35, 4)
(14, 36, 4)
(14, 37, 4)
(14, 38, 4)
(14, 39, 4)

(15, 0, 53)
(15, 1, 27)
(15, 2, 22)
(15, 3, 19)
(15, 4, 16)
(15, 5, 13)
(15, 6, 11)
(15, 7, 9)
(15, 8, 9)
(15, 9, 9)
(15, 10, 9)
(15, 11, 9)
(15, 12, 9)
(15, 13, 8)
(15, 14, 6)
(15, 15, 6)
(15, 16, 6)
(15, 17, 5)
(15, 18, 5)
(15, 19, 5)
(15, 20, 4)
(15, 21, 4)
(15, 22, 4)
(15, 23, 4)
(15, 24, 4)
(15, 25, 4)
(15, 26, 4)
(15, 27, 4)
(15, 28, 4)
(15, 29, 4)
(15, 30, 4)
(15, 31, 4)
(15, 32, 4)
(15, 33, 4)
(15, 34, 4)
(15, 35, 4)
(15, 36, 4)
(15, 37, 4)
(15, 38, 4)
(15, 39, 4)

(16, 0, 64)
(16, 1, 36)
(16, 2, 29)
(16, 3, 23)
(16, 4, 19)
(16, 5, 15)
(16, 6, 13)
(16, 7, 11)
(16, 8, 11)
(16, 9, 11)
(16, 10, 11)
(16, 11, 11)
(16, 12, 10)
(16, 13, 9)
(16, 14, 7)
(16, 15, 7)
(16, 16, 7)
(16, 17, 6)
(16, 18, 6)
(16, 19, 6)
(16, 20, 4)
(16, 21, 4)
(16, 22, 4)
(16, 23, 4)
(16, 24, 4)
(16, 25, 4)
(16, 26, 4)
(16, 27, 3)
(16, 28, 3)
(16, 29, 3)
(16, 30, 3)
(16, 31, 3)
(16, 32, 3)
(16, 33, 3)
(16, 34, 3)
(16, 35, 3)
(16, 36, 3)
(16, 37, 3)
(16, 38, 3)
(16, 39, 3)

(17, 0, 68)
(17, 1, 39)
(17, 2, 32)
(17, 3, 24)
(17, 4, 19)
(17, 5, 15)
(17, 6, 13)
(17, 7, 11)
(17, 8, 11)
(17, 9, 11)
(17, 10, 11)
(17, 11, 11)
(17, 12, 10)
(17, 13, 9)
(17, 14, 7)
(17, 15, 7)
(17, 16, 7)
(17, 17, 6)
(17, 18, 6)
(17, 19, 6)
(17, 20, 4)
(17, 21, 4)
(17, 22, 4)
(17, 23, 4)
(17, 24, 4)
(17, 25, 4)
(17, 26, 3)
(17, 27, 3)
(17, 28, 3)
(17, 29, 3)
(17, 30, 3)
(17, 31, 3)
(17, 32, 3)
(17, 33, 3)
(17, 34, 3)
(17, 35, 3)
(17, 36, 3)
(17, 37, 3)
(17, 38, 3)
(17, 39, 3)

(18, 0, 71)
(18, 1, 42)
(18, 2, 34)
(18, 3, 25)
(18, 4, 20)
(18, 5, 15)
(18, 6, 13)
(18, 7, 11)
(18, 8, 11)
(18, 9, 11)
(18, 10, 11)
(18, 11, 11)
(18, 12, 10)
(18, 13, 9)
(18, 14, 7)
(18, 15, 7)
(18, 16, 7)
(18, 17, 6)
(18, 18, 6)
(18, 19, 6)
(18, 20, 4)
(18, 21, 4)
(18, 22, 4)
(18, 23, 4)
(18, 24, 4)
(18, 25, 4)
(18, 26, 3)
(18, 27, 3)
(18, 28, 3)
(18, 29, 3)
(18, 30, 3)
(18, 31, 3)
(18, 32, 3)
(18, 33, 3)
(18, 34, 3)
(18, 35, 3)
(18, 36, 3)
(18, 37, 3)
(18, 38, 3)
(18, 39, 3)

(19, 0, 74)
(19, 1, 45)
(19, 2, 35)
(19, 3, 26)
(19, 4, 21)
(19, 5, 15)
(19, 6, 13)
(19, 7, 11)
(19, 8, 11)
(19, 9, 11)
(19, 10, 11)
(19, 11, 11)
(19, 12, 10)
(19, 13, 9)
(19, 14, 7)
(19, 15, 7)
(19, 16, 7)
(19, 17, 6)
(19, 18, 6)
(19, 19, 6)
(19, 20, 4)
(19, 21, 4)
(19, 22, 4)
(19, 23, 4)
(19, 24, 4)
(19, 25, 4)
(19, 26, 3)
(19, 27, 3)
(19, 28, 3)
(19, 29, 3)
(19, 30, 3)
(19, 31, 3)
(19, 32, 3)
(19, 33, 3)
(19, 34, 3)
(19, 35, 3)
(19, 36, 3)
(19, 37, 3)
(19, 38, 3)
(19, 39, 3)

(20, 0, 76)
(20, 1, 47)
(20, 2, 36)
(20, 3, 26)
(20, 4, 21)
(20, 5, 15)
(20, 6, 13)
(20, 7, 11)
(20, 8, 11)
(20, 9, 11)
(20, 10, 11)
(20, 11, 11)
(20, 12, 10)
(20, 13, 9)
(20, 14, 7)
(20, 15, 7)
(20, 16, 7)
(20, 17, 6)
(20, 18, 6)
(20, 19, 6)
(20, 20, 4)
(20, 21, 4)
(20, 22, 4)
(20, 23, 4)
(20, 24, 4)
(20, 25, 4)
(20, 26, 3)
(20, 27, 3)
(20, 28, 3)
(20, 29, 3)
(20, 30, 3)
(20, 31, 3)
(20, 32, 3)
(20, 33, 3)
(20, 34, 3)
(20, 35, 3)
(20, 36, 3)
(20, 37, 3)
(20, 38, 3)
(20, 39, 3)

(21, 0, 79)
(21, 1, 50)
(21, 2, 38)
(21, 3, 28)
(21, 4, 23)
(21, 5, 16)
(21, 6, 14)
(21, 7, 12)
(21, 8, 12)
(21, 9, 12)
(21, 10, 12)
(21, 11, 12)
(21, 12, 11)
(21, 13, 10)
(21, 14, 8)
(21, 15, 8)
(21, 16, 8)
(21, 17, 7)
(21, 18, 7)
(21, 19, 7)
(21, 20, 5)
(21, 21, 5)
(21, 22, 5)
(21, 23, 5)
(21, 24, 5)
(21, 25, 5)
(21, 26, 4)
(21, 27, 4)
(21, 28, 4)
(21, 29, 4)
(21, 30, 4)
(21, 31, 4)
(21, 32, 4)
(21, 33, 4)
(21, 34, 4)
(21, 35, 4)
(21, 36, 4)
(21, 37, 4)
(21, 38, 4)
(21, 39, 4)

(22, 0, 84)
(22, 1, 54)
(22, 2, 42)
(22, 3, 32)
(22, 4, 27)
(22, 5, 20)
(22, 6, 18)
(22, 7, 15)
(22, 8, 15)
(22, 9, 15)
(22, 10, 15)
(22, 11, 15)
(22, 12, 14)
(22, 13, 13)
(22, 14, 11)
(22, 15, 11)
(22, 16, 11)
(22, 17, 10)
(22, 18, 10)
(22, 19, 9)
(22, 20, 5)
(22, 21, 5)
(22, 22, 5)
(22, 23, 5)
(22, 24, 5)
(22, 25, 5)
(22, 26, 4)
(22, 27, 4)
(22, 28, 4)
(22, 29, 4)
(22, 30, 4)
(22, 31, 4)
(22, 32, 4)
(22, 33, 4)
(22, 34, 4)
(22, 35, 4)
(22, 36, 4)
(22, 37, 4)
(22, 38, 4)
(22, 39, 4)

(23, 0, 84)
(23, 1, 54)
(23, 2, 42)
(23, 3, 32)
(23, 4, 27)
(23, 5, 20)
(23, 6, 18)
(23, 7, 15)
(23, 8, 15)
(23, 9, 15)
(23, 10, 15)
(23, 11, 15)
(23, 12, 14)
(23, 13, 13)
(23, 14, 11)
(23, 15, 11)
(23, 16, 11)
(23, 17, 10)
(23, 18, 10)
(23, 19, 9)
(23, 20, 5)
(23, 21, 5)
(23, 22, 5)
(23, 23, 5)
(23, 24, 5)
(23, 25, 5)
(23, 26, 4)
(23, 27, 4)
(23, 28, 4)
(23, 29, 4)
(23, 30, 4)
(23, 31, 4)
(23, 32, 4)
(23, 33, 4)
(23, 34, 4)
(23, 35, 4)
(23, 36, 4)
(23, 37, 4)
(23, 38, 4)
(23, 39, 4)

(24, 0, 87)
(24, 1, 57)
(24, 2, 45)
(24, 3, 35)
(24, 4, 30)
(24, 5, 23)
(24, 6, 21)
(24, 7, 18)
(24, 8, 18)
(24, 9, 18)
(24, 10, 18)
(24, 11, 18)
(24, 12, 17)
(24, 13, 16)
(24, 14, 14)
(24, 15, 14)
(24, 16, 14)
(24, 17, 13)
(24, 18, 13)
(24, 19, 12)
(24, 20, 8)
(24, 21, 6)
(24, 22, 6)
(24, 23, 6)
(24, 24, 6)
(24, 25, 6)
(24, 26, 5)
(24, 27, 5)
(24, 28, 5)
(24, 29, 5)
(24, 30, 5)
(24, 31, 5)
(24, 32, 5)
(24, 33, 5)
(24, 34, 5)
(24, 35, 5)
(24, 36, 5)
(24, 37, 4)
(24, 38, 4)
(24, 39, 4)

(25, 0, 88)
(25, 1, 58)
(25, 2, 46)
(25, 3, 36)
(25, 4, 31)
(25, 5, 24)
(25, 6, 22)
(25, 7, 19)
(25, 8, 19)
(25, 9, 19)
(25, 10, 19)
(25, 11, 19)
(25, 12, 18)
(25, 13, 17)
(25, 14, 15)
(25, 15, 15)
(25, 16, 15)
(25, 17, 14)
(25, 18, 14)
(25, 19, 13)
(25, 20, 9)
(25, 21, 7)
(25, 22, 7)
(25, 23, 7)
(25, 24, 7)
(25, 25, 7)
(25, 26, 6)
(25, 27, 5)
(25, 28, 5)
(25, 29, 5)
(25, 30, 5)
(25, 31, 5)
(25, 32, 5)
(25, 33, 5)
(25, 34, 5)
(25, 35, 5)
(25, 36, 5)
(25, 37, 4)
(25, 38, 4)
(25, 39, 4)

(26, 0, 93)
(26, 1, 63)
(26, 2, 51)
(26, 3, 41)
(26, 4, 35)
(26, 5, 28)
(26, 6, 25)
(26, 7, 22)
(26, 8, 22)
(26, 9, 22)
(26, 10, 22)
(26, 11, 22)
(26, 12, 21)
(26, 13, 20)
(26, 14, 18)
(26, 15, 18)
(26, 16, 17)
(26, 17, 16)
(26, 18, 16)
(26, 19, 15)
(26, 20, 11)
(26, 21, 8)
(26, 22, 8)
(26, 23, 8)
(26, 24, 8)
(26, 25, 8)
(26, 26, 6)
(26, 27, 6)
(26, 28, 6)
(26, 29, 6)
(26, 30, 6)
(26, 31, 6)
(26, 32, 6)
(26, 33, 6)
(26, 34, 6)
(26, 35, 6)
(26, 36, 6)
(26, 37, 5)
(26, 38, 5)
(26, 39, 5)

(27, 0, 100)
(27, 1, 66)
(27, 2, 53)
(27, 3, 42)
(27, 4, 36)
(27, 5, 29)
(27, 6, 26)
(27, 7, 23)
(27, 8, 23)
(27, 9, 23)
(27, 10, 23)
(27, 11, 23)
(27, 12, 22)
(27, 13, 21)
(27, 14, 19)
(27, 15, 19)
(27, 16, 18)
(27, 17, 17)
(27, 18, 17)
(27, 19, 16)
(27, 20, 12)
(27, 21, 9)
(27, 22, 9)
(27, 23, 9)
(27, 24, 9)
(27, 25, 9)
(27, 26, 7)
(27, 27, 7)
(27, 28, 7)
(27, 29, 7)
(27, 30, 7)
(27, 31, 7)
(27, 32, 7)
(27, 33, 7)
(27, 34, 7)
(27, 35, 7)
(27, 36, 7)
(27, 37, 6)
(27, 38, 6)
(27, 39, 6)

(28, 0, 102)
(28, 1, 68)
(28, 2, 55)
(28, 3, 44)
(28, 4, 38)
(28, 5, 31)
(28, 6, 28)
(28, 7, 25)
(28, 8, 25)
(28, 9, 25)
(28, 10, 25)
(28, 11, 25)
(28, 12, 24)
(28, 13, 23)
(28, 14, 21)
(28, 15, 21)
(28, 16, 20)
(28, 17, 19)
(28, 18, 19)
(28, 19, 18)
(28, 20, 13)
(28, 21, 10)
(28, 22, 10)
(28, 23, 10)
(28, 24, 10)
(28, 25, 9)
(28, 26, 7)
(28, 27, 7)
(28, 28, 7)
(28, 29, 7)
(28, 30, 7)
(28, 31, 7)
(28, 32, 7)
(28, 33, 7)
(28, 34, 7)
(28, 35, 7)
(28, 36, 7)
(28, 37, 6)
(28, 38, 6)
(28, 39, 6)

(29, 0, 106)
(29, 1, 72)
(29, 2, 59)
(29, 3, 48)
(29, 4, 41)
(29, 5, 34)
(29, 6, 31)
(29, 7, 28)
(29, 8, 28)
(29, 9, 28)
(29, 10, 28)
(29, 11, 28)
(29, 12, 27)
(29, 13, 25)
(29, 14, 23)
(29, 15, 23)
(29, 16, 22)
(29, 17, 21)
(29, 18, 21)
(29, 19, 20)
(29, 20, 15)
(29, 21, 12)
(29, 22, 12)
(29, 23, 12)
(29, 24, 12)
(29, 25, 11)
(29, 26, 9)
(29, 27, 9)
(29, 28, 8)
(29, 29, 8)
(29, 30, 8)
(29, 31, 8)
(29, 32, 8)
(29, 33, 8)
(29, 34, 8)
(29, 35, 8)
(29, 36, 8)
(29, 37, 6)
(29, 38, 6)
(29, 39, 5)

(30, 0, 109)
(30, 1, 75)
(30, 2, 62)
(30, 3, 50)
(30, 4, 43)
(30, 5, 36)
(30, 6, 32)
(30, 7, 29)
(30, 8, 29)
(30, 9, 29)
(30, 10, 29)
(30, 11, 29)
(30, 12, 28)
(30, 13, 26)
(30, 14, 24)
(30, 15, 24)
(30, 16, 22)
(30, 17, 21)
(30, 18, 21)
(30, 19, 20)
(30, 20, 15)
(30, 21, 12)
(30, 22, 12)
(30, 23, 11)
(30, 24, 11)
(30, 25, 10)
(30, 26, 8)
(30, 27, 8)
(30, 28, 7)
(30, 29, 7)
(30, 30, 7)
(30, 31, 7)
(30, 32, 7)
(30, 33, 7)
(30, 34, 7)
(30, 35, 7)
(30, 36, 7)
(30, 37, 6)
(30, 38, 6)
(30, 39, 5)

(31, 0, 112)
(31, 1, 78)
(31, 2, 65)
(31, 3, 53)
(31, 4, 46)
(31, 5, 39)
(31, 6, 35)
(31, 7, 32)
(31, 8, 32)
(31, 9, 31)
(31, 10, 31)
(31, 11, 31)
(31, 12, 30)
(31, 13, 28)
(31, 14, 26)
(31, 15, 26)
(31, 16, 24)
(31, 17, 23)
(31, 18, 23)
(31, 19, 22)
(31, 20, 17)
(31, 21, 14)
(31, 22, 14)
(31, 23, 13)
(31, 24, 13)
(31, 25, 12)
(31, 26, 10)
(31, 27, 9)
(31, 28, 8)
(31, 29, 8)
(31, 30, 8)
(31, 31, 8)
(31, 32, 8)
(31, 33, 8)
(31, 34, 8)
(31, 35, 8)
(31, 36, 8)
(31, 37, 7)
(31, 38, 7)
(31, 39, 6)

(32, 0, 123)
(32, 1, 84)
(32, 2, 71)
(32, 3, 59)
(32, 4, 52)
(32, 5, 45)
(32, 6, 40)
(32, 7, 37)
(32, 8, 37)
(32, 9, 35)
(32, 10, 35)
(32, 11, 35)
(32, 12, 34)
(32, 13, 32)
(32, 14, 30)
(32, 15, 30)
(32, 16, 27)
(32, 17, 26)
(32, 18, 26)
(32, 19, 25)
(32, 20, 20)
(32, 21, 16)
(32, 22, 16)
(32, 23, 15)
(32, 24, 15)
(32, 25, 14)
(32, 26, 12)
(32, 27, 11)
(32, 28, 10)
(32, 29, 10)
(32, 30, 10)
(32, 31, 10)
(32, 32, 10)
(32, 33, 10)
(32, 34, 10)
(32, 35, 10)
(32, 36, 10)
(32, 37, 9)
(32, 38, 9)
(32, 39, 8)

(33, 0, 144)
(33, 1, 92)
(33, 2, 78)
(33, 3, 64)
(33, 4, 57)
(33, 5, 50)
(33, 6, 45)
(33, 7, 41)
(33, 8, 41)
(33, 9, 39)
(33, 10, 39)
(33, 11, 39)
(33, 12, 38)
(33, 13, 36)
(33, 14, 33)
(33, 15, 33)
(33, 16, 29)
(33, 17, 28)
(33, 18, 28)
(33, 19, 27)
(33, 20, 22)
(33, 21, 18)
(33, 22, 18)
(33, 23, 17)
(33, 24, 17)
(33, 25, 16)
(33, 26, 14)
(33, 27, 13)
(33, 28, 12)
(33, 29, 12)
(33, 30, 12)
(33, 31, 12)
(33, 32, 12)
(33, 33, 12)
(33, 34, 10)
(33, 35, 10)
(33, 36, 10)
(33, 37, 9)
(33, 38, 9)
(33, 39, 8)

(34, 0, 155)
(34, 1, 95)
(34, 2, 81)
(34, 3, 67)
(34, 4, 60)
(34, 5, 53)
(34, 6, 48)
(34, 7, 44)
(34, 8, 44)
(34, 9, 42)
(34, 10, 42)
(34, 11, 42)
(34, 12, 41)
(34, 13, 39)
(34, 14, 36)
(34, 15, 36)
(34, 16, 32)
(34, 17, 31)
(34, 18, 31)
(34, 19, 30)
(34, 20, 25)
(34, 21, 20)
(34, 22, 20)
(34, 23, 19)
(34, 24, 19)
(34, 25, 18)
(34, 26, 16)
(34, 27, 15)
(34, 28, 14)
(34, 29, 14)
(34, 30, 14)
(34, 31, 14)
(34, 32, 14)
(34, 33, 14)
(34, 34, 12)
(34, 35, 12)
(34, 36, 12)
(34, 37, 10)
(34, 38, 10)
(34, 39, 9)

(35, 0, 183)
(35, 1, 104)
(35, 2, 88)
(35, 3, 73)
(35, 4, 66)
(35, 5, 59)
(35, 6, 53)
(35, 7, 49)
(35, 8, 49)
(35, 9, 47)
(35, 10, 47)
(35, 11, 47)
(35, 12, 46)
(35, 13, 44)
(35, 14, 41)
(35, 15, 41)
(35, 16, 37)
(35, 17, 36)
(35, 18, 36)
(35, 19, 35)
(35, 20, 28)
(35, 21, 23)
(35, 22, 23)
(35, 23, 22)
(35, 24, 22)
(35, 25, 21)
(35, 26, 19)
(35, 27, 18)
(35, 28, 17)
(35, 29, 17)
(35, 30, 16)
(35, 31, 16)
(35, 32, 16)
(35, 33, 16)
(35, 34, 14)
(35, 35, 14)
(35, 36, 14)
(35, 37, 12)
(35, 38, 12)
(35, 39, 10)

(36, 0, 183)
(36, 1, 104)
(36, 2, 88)
(36, 3, 73)
(36, 4, 66)
(36, 5, 59)
(36, 6, 53)
(36, 7, 49)
(36, 8, 49)
(36, 9, 47)
(36, 10, 47)
(36, 11, 47)
(36, 12, 46)
(36, 13, 44)
(36, 14, 41)
(36, 15, 41)
(36, 16, 37)
(36, 17, 36)
(36, 18, 36)
(36, 19, 35)
(36, 20, 28)
(36, 21, 23)
(36, 22, 23)
(36, 23, 22)
(36, 24, 22)
(36, 25, 21)
(36, 26, 19)
(36, 27, 18)
(36, 28, 17)
(36, 29, 17)
(36, 30, 16)
(36, 31, 16)
(36, 32, 16)
(36, 33, 16)
(36, 34, 14)
(36, 35, 14)
(36, 36, 14)
(36, 37, 12)
(36, 38, 12)
(36, 39, 10)

(37, 0, 183)
(37, 1, 104)
(37, 2, 88)
(37, 3, 73)
(37, 4, 66)
(37, 5, 59)
(37, 6, 53)
(37, 7, 49)
(37, 8, 49)
(37, 9, 47)
(37, 10, 47)
(37, 11, 47)
(37, 12, 46)
(37, 13, 44)
(37, 14, 41)
(37, 15, 41)
(37, 16, 37)
(37, 17, 36)
(37, 18, 36)
(37, 19, 35)
(37, 20, 28)
(37, 21, 23)
(37, 22, 23)
(37, 23, 22)
(37, 24, 22)
(37, 25, 21)
(37, 26, 19)
(37, 27, 18)
(37, 28, 17)
(37, 29, 17)
(37, 30, 16)
(37, 31, 16)
(37, 32, 16)
(37, 33, 16)
(37, 34, 14)
(37, 35, 14)
(37, 36, 14)
(37, 37, 12)
(37, 38, 12)
(37, 39, 10)

(38, 0, 192)
(38, 1, 108)
(38, 2, 92)
(38, 3, 77)
(38, 4, 69)
(38, 5, 62)
(38, 6, 56)
(38, 7, 52)
(38, 8, 52)
(38, 9, 50)
(38, 10, 50)
(38, 11, 50)
(38, 12, 49)
(38, 13, 47)
(38, 14, 44)
(38, 15, 44)
(38, 16, 40)
(38, 17, 39)
(38, 18, 39)
(38, 19, 38)
(38, 20, 30)
(38, 21, 25)
(38, 22, 25)
(38, 23, 24)
(38, 24, 24)
(38, 25, 23)
(38, 26, 21)
(38, 27, 20)
(38, 28, 19)
(38, 29, 19)
(38, 30, 18)
(38, 31, 18)
(38, 32, 18)
(38, 33, 18)
(38, 34, 16)
(38, 35, 16)
(38, 36, 16)
(38, 37, 14)
(38, 38, 14)
(38, 39, 12)

(39, 0, 215)
(39, 1, 126)
(39, 2, 107)
(39, 3, 90)
(39, 4, 76)
(39, 5, 69)
(39, 6, 61)
(39, 7, 57)
(39, 8, 57)
(39, 9, 55)
(39, 10, 55)
(39, 11, 55)
(39, 12, 53)
(39, 13, 49)
(39, 14, 45)
(39, 15, 45)
(39, 16, 41)
(39, 17, 40)
(39, 18, 40)
(39, 19, 39)
(39, 20, 31)
(39, 21, 26)
(39, 22, 26)
(39, 23, 25)
(39, 24, 25)
(39, 25, 24)
(39, 26, 22)
(39, 27, 21)
(39, 28, 20)
(39, 29, 20)
(39, 30, 19)
(39, 31, 19)
(39, 32, 19)
(39, 33, 19)
(39, 34, 17)
(39, 35, 17)
(39, 36, 17)
(39, 37, 15)
(39, 38, 15)
(39, 39, 13)


Betti numbers:
xi_0:
(0, 0, 10)
(6, 0, 12)
(8, 0, 2)
(9, 0, 1)
(10, 0, 5)
(11, 0, 10)
(13, 0, 2)
(14, 0, 8)
(15, 0, 4)
(16, 0, 11)
(17, 0, 4)
(18, 0, 3)
(19, 0, 3)
(20, 0, 2)
(21, 0, 3)
(22, 0, 5)
(24, 0, 3)
(25, 0, 1)
(26, 0, 5)
(27, 0, 7)
(28, 0, 2)
(29, 0, 4)
(30, 0, 3)
(31, 0, 3)
(32, 0, 11)
(33, 0, 21)
(34, 0, 11)
(35, 0, 28)
(38, 0, 9)
(39, 0, 23)
xi_1:
(0, 1, 5)
(0, 2, 1)
(0, 4, 1)
(0, 6, 1)
(0, 14, 1)
(6, 1, 7)
(6, 2, 1)
(6, 3, 1)
(6, 6, 1)
(6, 14, 1)
(8, 4, 1)
(8, 13, 1)
(10, 1, 2)
(10, 7, 1)
(10, 17, 1)
(10, 20, 1)
(11, 0, 1)
(11, 1, 10)
(13, 2, 1)
(13, 7, 1)
(14, 1, 1)
(14, 2, 2)
(14, 3, 2)
(14, 5, 1)
(14, 6, 1)
(15, 1, 2)
(15, 4, 1)
(15, 5, 2)
(16, 1, 2)
(16, 2, 2)
(16, 3, 3)
(16, 4, 1)
(16, 5, 1)
(16, 12, 1)
(16, 20, 1)
(16, 27, 1)
(17, 1, 1)
(17, 3, 2)
(17, 4, 1)
(17, 26, 1)
(18, 2, 1)
(18, 3, 1)
(18, 5, 1)
(19, 2, 2)
(19, 5, 1)
(20, 2, 1)
(20, 3, 1)
(21, 2, 1)
(21, 5, 1)
(22, 1, 1)
(22, 7, 1)
(22, 19, 1)
(22, 20, 2)
(24, 21, 2)
(24, 37, 1)
(25, 27, 1)
(26, 4, 1)
(26, 6, 1)
(26, 16, 1)
(26, 21, 1)
(26, 26, 1)
(27, 1, 4)
(27, 2, 1)
(27, 3, 1)
(28, 20, 1)
(28, 25, 1)
(29, 4, 1)
(29, 13, 1)
(29, 28, 1)
(29, 37, 1)
(29, 39, 1)
(30, 3, 1)
(30, 6, 1)
(30, 16, 1)
(30, 23, 1)
(31, 9, 1)
(31, 27, 1)
(32, 1, 5)
(32, 6, 1)
(32, 9, 1)
(32, 16, 1)
(32, 21, 1)
(33, 1, 13)
(33, 2, 1)
(33, 3, 2)
(33, 7, 1)
(33, 14, 1)
(33, 16, 1)
(33, 34, 2)
(34, 1, 8)
(34, 21, 1)
(34, 37, 1)
(35, 1, 19)
(35, 2, 2)
(35, 3, 1)
(35, 6, 1)
(35, 20, 2)
(35, 30, 1)
(35, 39, 1)
(38, 1, 5)
(38, 4, 1)
(38, 20, 1)
(39, 1, 5)
(39, 2, 3)
(39, 3, 2)
(39, 4, 6)
(39, 6, 2)
(39, 12, 1)
(39, 13, 2)
(39, 14, 1)
(39, 20, 1)
xi_2:
(11, 1, 1)
(15, 6, 1)
(17, 27, 1)
(26, 27, 1)
(30, 37, 1)
(39, 20, 1)
