x-grades
-2410019761372925903/2000000000000000000
-1180542454831753303/1000000000000000000
-2312150057954087309/2000000000000000000
-565803801561167003/500000000000000000
-442856070907049743/400000000000000000
-1082672751412914709/1000000000000000000
-2116410651116410121/2000000000000000000
-258434474925873853/250000000000000000
-2018540947697571527/2000000000000000000
-196960609598815223/200000000000000000
-1920671244278732933/2000000000000000000
-467934098142328409/500000000000000000
-1822801540859894339/2000000000000000000
-886933344575237521/1000000000000000000
-344986367488211149/400000000000000000
-52374905804113639/62500000000000000
-1627062134022217151/2000000000000000000
-789063641156398927/1000000000000000000
-1529192430603378557/2000000000000000000
-74012878944697963/100000000000000000
-1431322727184539963/2000000000000000000
-691193937737560333/1000000000000000000
-1333453023765701369/2000000000000000000
-160564771507035259/250000000000000000
-49423332813874511/80000000000000000
-593324234318721739/1000000000000000000
-1137713616928024181/2000000000000000000
-272194691304651221/500000000000000000
-1039843913509185587/2000000000000000000
-99090906179976629/200000000000000000
-941974210090346993/2000000000000000000
-55814959898807981/125000000000000000
-844104506671508399/2000000000000000000
-397584827481044551/1000000000000000000
-149246960650533961/400000000000000000
-174324987885812627/500000000000000000
-648365099833831211/2000000000000000000
-299715124062205957/1000000000000000000
-550495396414992617/2000000000000000000
-12539013617639333/50000000000000000

y-grades
1/4
1/2
3/4
1
5/4
3/2
7/4
2
9/4
5/2
11/4
3
13/4
7/2
15/4
4
17/4
9/2
19/4
5
21/4
11/2
23/4
6
25/4
13/2
27/4
7
29/4
15/2
31/4
8
33/4
17/2
35/4
9
37/4
19/2
39/4
10

Dimensions > 0:
(0, 0, 4)
(0, 1, 2)
(0, 2, 2)
(0, 3, 2)
(0, 4, 1)
(0, 5, 1)
(0, 6, 1)
(0, 7, 1)
(0, 8, 1)
(0, 9, 1)
(0, 10, 1)
(0, 11, 1)
(0, 12, 1)
(0, 13, 1)
(0, 14, 1)
(0, 15, 1)
(0, 16, 1)
(0, 17, 1)
(0, 18, 1)
(0, 19, 1)
(0, 20, 1)
(0, 21, 1)
(0, 22, 1)
(0, 23, 1)
(0, 24, 1)
(0, 25, 1)
(0, 26, 1)
(0, 27, 1)
(0, 28, 1)
(0, 29, 1)
(0, 30, 1)
(0, 31, 1)
(0, 32, 1)
(0, 33, 1)
(0, 34, 1)
(0, 35, 1)
(0, 36, 1)
(0, 37, 1)
(0, 38, 1)
(0, 39, 1)

(1, 0, 6)
(1, 1, 2)
(1, 2, 2)
(1, 3, 2)
(1, 4, 1)
(1, 5, 1)
(1, 6, 1)
(1, 7, 1)
(1, 8, 1)
(1, 9, 1)
(1, 10, 1)
(1, 11, 1)
(1, 12, 1)
(1, 13, 1)
(1, 14, 1)
(1, 15, 1)
(1, 16, 1)
(1, 17, 1)
(1, 18, 1)
(1, 19, 1)
(1, 20, 1)
(1, 21, 1)
(1, 22, 1)
(1, 23, 1)
(1, 24, 1)
(1, 25, 1)
(1, 26, 1)
(1, 27, 1)
(1, 28, 1)
(1, 29, 1)
(1, 30, 1)
(1, 31, 1)
(1, 32, 1)
(1, 33, 1)
(1, 34, 1)
(1, 35, 1)
(1, 36, 1)
(1, 37, 1)
(1, 38, 1)
(1, 39, 1)

(2, 0, 6)
(2, 1, 2)
(2, 2, 2)
(2, 3, 2)
(2, 4, 1)
(2, 5, 1)
(2, 6, 1)
(2, 7, 1)
(2, 8, 1)
(2, 9, 1)
(2, 10, 1)
(2, 11, 1)
(2, 12, 1)
(2, 13, 1)
(2, 14, 1)
(2, 15, 1)
(2, 16, 1)
(2, 17, 1)
(2, 18, 1)
(2, 19, 1)
(2, 20, 1)
(2, 21, 1)
(2, 22, 1)
(2, 23, 1)
(2, 24, 1)
(2, 25, 1)
(2, 26, 1)
(2, 27, 1)
(2, 28, 1)
(2, 29, 1)
(2, 30, 1)
(2, 31, 1)
(2, 32, 1)
(2, 33, 1)
(2, 34, 1)
(2, 35, 1)
(2, 36, 1)
(2, 37, 1)
(2, 38, 1)
(2, 39, 1)

(3, 0, 8)
(3, 1, 3)
(3, 2, 3)
(3, 3, 3)
(3, 4, 2)
(3, 5, 2)
(3, 6, 2)
(3, 7, 2)
(3, 8, 2)
(3, 9, 2)
(3, 10, 2)
(3, 11, 2)
(3, 12, 2)
(3, 13, 2)
(3, 14, 2)
(3, 15, 2)
(3, 16, 2)
(3, 17, 2)
(3, 18, 2)
(3, 19, 2)
(3, 20, 2)
(3, 21, 2)
(3, 22, 2)
(3, 23, 2)
(3, 24, 2)
(3, 25, 2)
(3, 26, 2)
(3, 27, 2)
(3, 28, 2)
(3, 29, 2)
(3, 30, 2)
(3, 31, 2)
(3, 32, 2)
(3, 33, 2)
(3, 34, 2)
(3, 35, 2)
(3, 36, 2)
(3, 37, 2)
(3, 38, 2)
(3, 39, 2)

(4, 0, 10)
(4, 1, 4)
(4, 2, 4)
(4, 3, 4)
(4, 4, 3)
(4, 5, 2)
(4, 6, 2)
(4, 7, 2)
(4, 8, 2)
(4, 9, 2)
(4, 10, 2)
(4, 11, 2)
(4, 12, 2)
(4, 13, 2)
(4, 14, 2)
(4, 15, 2)
(4, 16, 2)
(4, 17, 2)
(4, 18, 2)
(4, 19, 2)
(4, 20, 2)
(4, 21, 2)
(4, 22, 2)
(4, 23, 2)
(4, 24, 2)
(4, 25, 2)
(4, 26, 2)
(4, 27, 2)
(4, 28, 2)
(4, 29, 2)
(4, 30, 2)
(4, 31, 2)
(4, 32, 2)
(4, 33, 2)
(4, 34, 2)
(4, 35, 2)
(4, 36, 2)
(4, 37, 2)
(4, 38, 2)
(4, 39, 2)

(5, 0, 12)
(5, 1, 6)
(5, 2, 6)
(5, 3, 6)
(5, 4, 5)
(5, 5, 4)
(5, 6, 3)
(5, 7, 3)
(5, 8, 3)
(5, 9, 3)
(5, 10, 3)
(5, 11, 3)
(5, 12, 3)
(5, 13, 3)
(5, 14, 3)
(5, 15, 3)
(5, 16, 3)
(5, 17, 3)
(5, 18, 3)
(5, 19, 3)
(5, 20, 3)
(5, 21, 3)
(5, 22, 3)
(5, 23, 3)
(5, 24, 3)
(5, 25, 3)
(5, 26, 3)
(5, 27, 3)
(5, 28, 3)
(5, 29, 3)
(5, 30, 3)
(5, 31, 3)
(5, 32, 3)
(5, 33, 3)
(5, 34, 3)
(5, 35, 3)
(5, 36, 3)
(5, 37, 3)
(5, 38, 3)
(5, 39, 3)

(6, 0, 14)
(6, 1, 8)
(6, 2, 8)
(6, 3, 8)
(6, 4, 7)
(6, 5, 6)
(6, 6, 4)
(6, 7, 3)
(6, 8, 3)
(6, 9, 3)
(6, 10, 3)
(6, 11, 3)
(6, 12, 3)
(6, 13, 3)
(6, 14, 3)
(6, 15, 3)
(6, 16, 3)
(6, 17, 3)
(6, 18, 3)
(6, 19, 3)
(6, 20, 3)
(6, 21, 3)
(6, 22, 3)
(6, 23, 3)
(6, 24, 3)
(6, 25, 3)
(6, 26, 3)
(6, 27, 3)
(6, 28, 3)
(6, 29, 3)
(6, 30, 3)
(6, 31, 3)
(6, 32, 3)
(6, 33, 3)
(6, 34, 3)
(6, 35, 3)
(6, 36, 3)
(6, 37, 3)
(6, 38, 3)
(6, 39, 3)

(7, 0, 16)
(7, 1, 10)
(7, 2, 10)
(7, 3, 10)
(7, 4, 9)
(7, 5, 8)
(7, 6, 6)
(7, 7, 4)
(7, 8, 4)
(7, 9, 4)
(7, 10, 4)
(7, 11, 4)
(7, 12, 4)
(7, 13, 4)
(7, 14, 4)
(7, 15, 4)
(7, 16, 4)
(7, 17, 4)
(7, 18, 4)
(7, 19, 4)
(7, 20, 4)
(7, 21, 4)
(7, 22, 4)
(7, 23, 4)
(7, 24, 4)
(7, 25, 4)
(7, 26, 4)
(7, 27, 4)
(7, 28, 4)
(7, 29, 4)
(7, 30, 4)
(7, 31, 4)
(7, 32, 4)
(7, 33, 4)
(7, 34, 4)
(7, 35, 4)
(7, 36, 4)
(7, 37, 4)
(7, 38, 4)
(7, 39, 4)

(8, 0, 17)
(8, 1, 11)
(8, 2, 11)
(8, 3, 11)
(8, 4, 10)
(8, 5, 9)
(8, 6, 7)
(8, 7, 5)
(8, 8, 5)
(8, 9, 4)
(8, 10, 4)
(8, 11, 4)
(8, 12, 4)
(8, 13, 4)
(8, 14, 4)
(8, 15, 4)
(8, 16, 4)
(8, 17, 4)
(8, 18, 4)
(8, 19, 4)
(8, 20, 4)
(8, 21, 4)
(8, 22, 4)
(8, 23, 4)
(8, 24, 4)
(8, 25, 4)
(8, 26, 4)
(8, 27, 4)
(8, 28, 4)
(8, 29, 4)
(8, 30, 4)
(8, 31, 4)
(8, 32, 4)
(8, 33, 4)
(8, 34, 4)
(8, 35, 4)
(8, 36, 4)
(8, 37, 4)
(8, 38, 4)
(8, 39, 4)

(9, 0, 19)
(9, 1, 13)
(9, 2, 13)
(9, 3, 13)
(9, 4, 12)
(9, 5, 10)
(9, 6, 8)
(9, 7, 6)
(9, 8, 6)
(9, 9, 4)
(9, 10, 4)
(9, 11, 4)
(9, 12, 4)
(9, 13, 4)
(9, 14, 4)
(9, 15, 4)
(9, 16, 4)
(9, 17, 4)
(9, 18, 4)
(9, 19, 4)
(9, 20, 4)
(9, 21, 4)
(9, 22, 4)
(9, 23, 4)
(9, 24, 4)
(9, 25, 4)
(9, 26, 4)
(9, 27, 4)
(9, 28, 4)
(9, 29, 4)
(9, 30, 4)
(9, 31, 4)
(9, 32, 4)
(9, 33, 4)
(9, 34, 4)
(9, 35, 4)
(9, 36, 4)
(9, 37, 4)
(9, 38, 4)
(9, 39, 4)

(10, 0, 20)
(10, 1, 14)
(10, 2, 14)
(10, 3, 14)
(10, 4, 13)
(10, 5, 11)
(10, 6, 9)
(10, 7, 7)
(10, 8, 7)
(10, 9, 5)
(10, 10, 5)
(10, 11, 5)
(10, 12, 5)
(10, 13, 5)
(10, 14, 5)
(10, 15, 5)
(10, 16, 5)
(10, 17, 5)
(10, 18, 5)
(10, 19, 5)
(10, 20, 5)
(10, 21, 5)
(10, 22, 5)
(10, 23, 5)
(10, 24, 5)
(10, 25, 5)
(10, 26, 5)
(10, 27, 5)
(10, 28, 5)
(10, 29, 5)
(10, 30, 5)
(10, 31, 5)
(10, 32, 5)
(10, 33, 5)
(10, 34, 5)
(10, 35, 5)
(10, 36, 5)
(10, 37, 5)
(10, 38, 5)
(10, 39, 5)

(11, 0, 25)
(11, 1, 18)
(11, 2, 17)
(11, 3, 17)
(11, 4, 16)
(11, 5, 14)
(11, 6, 12)
(11, 7, 10)
(11, 8, 10)
(11, 9, 8)
(11, 10, 8)
(11, 11, 8)
(11, 12, 7)
(11, 13, 7)
(11, 14, 7)
(11, 15, 7)
(11, 16, 7)
(11, 17, 7)
(11, 18, 7)
(11, 19, 7)
(11, 20, 7)
(11, 21, 7)
(11, 22, 7)
(11, 23, 7)
(11, 24, 7)
(11, 25, 6)
(11, 26, 6)
(11, 27, 6)
(11, 28, 6)
(11, 29, 6)
(11, 30, 6)
(11, 31, 6)
(11, 32, 6)
(11, 33, 6)
(11, 34, 6)
(11, 35, 6)
(11, 36, 6)
(11, 37, 6)
(11, 38, 6)
(11, 39, 6)

(12, 0, 26)
(12, 1, 18)
(12, 2, 17)
(12, 3, 17)
(12, 4, 16)
(12, 5, 14)
(12, 6, 12)
(12, 7, 10)
(12, 8, 10)
(12, 9, 8)
(12, 10, 8)
(12, 11, 8)
(12, 12, 7)
(12, 13, 7)
(12, 14, 7)
(12, 15, 7)
(12, 16, 7)
(12, 17, 7)
(12, 18, 7)
(12, 19, 7)
(12, 20, 7)
(12, 21, 7)
(12, 22, 7)
(12, 23, 7)
(12, 24, 7)
(12, 25, 6)
(12, 26, 6)
(12, 27, 6)
(12, 28, 6)
(12, 29, 6)
(12, 30, 6)
(12, 31, 6)
(12, 32, 6)
(12, 33, 6)
(12, 34, 6)
(12, 35, 6)
(12, 36, 6)
(12, 37, 6)
(12, 38, 6)
(12, 39, 6)

(13, 0, 31)
(13, 1, 21)
(13, 2, 20)
(13, 3, 20)
(13, 4, 18)
(13, 5, 16)
(13, 6, 14)
(13, 7, 12)
(13, 8, 12)
(13, 9, 10)
(13, 10, 10)
(13, 11, 10)
(13, 12, 9)
(13, 13, 8)
(13, 14, 7)
(13, 15, 7)
(13, 16, 7)
(13, 17, 7)
(13, 18, 7)
(13, 19, 7)
(13, 20, 7)
(13, 21, 7)
(13, 22, 7)
(13, 23, 7)
(13, 24, 7)
(13, 25, 6)
(13, 26, 6)
(13, 27, 6)
(13, 28, 6)
(13, 29, 6)
(13, 30, 6)
(13, 31, 6)
(13, 32, 6)
(13, 33, 6)
(13, 34, 6)
(13, 35, 6)
(13, 36, 6)
(13, 37, 6)
(13, 38, 6)
(13, 39, 6)

(14, 0, 31)
(14, 1, 21)
(14, 2, 20)
(14, 3, 20)
(14, 4, 18)
(14, 5, 16)
(14, 6, 14)
(14, 7, 12)
(14, 8, 12)
(14, 9, 10)
(14, 10, 10)
(14, 11, 10)
(14, 12, 9)
(14, 13, 8)
(14, 14, 7)
(14, 15, 7)
(14, 16, 7)
(14, 17, 7)
(14, 18, 7)
(14, 19, 7)
(14, 20, 7)
(14, 21, 7)
(14, 22, 7)
(14, 23, 7)
(14, 24, 7)
(14, 25, 6)
(14, 26, 6)
(14, 27, 6)
(14, 28, 6)
(14, 29, 6)
(14, 30, 6)
(14, 31, 6)
(14, 32, 6)
(14, 33, 6)
(14, 34, 6)
(14, 35, 6)
(14, 36, 6)
(14, 37, 6)
(14, 38, 6)
(14, 39, 6)

(15, 0, 36)
(15, 1, 26)
(15, 2, 24)
(15, 3, 23)
(15, 4, 21)
(15, 5, 19)
(15, 6, 17)
(15, 7, 15)
(15, 8, 15)
(15, 9, 13)
(15, 10, 13)
(15, 11, 13)
(15, 12, 12)
(15, 13, 11)
(15, 14, 8)
(15, 15, 8)
(15, 16, 8)
(15, 17, 8)
(15, 18, 8)
(15, 19, 8)
(15, 20, 8)
(15, 21, 8)
(15, 22, 8)
(15, 23, 8)
(15, 24, 8)
(15, 25, 7)
(15, 26, 7)
(15, 27, 7)
(15, 28, 7)
(15, 29, 7)
(15, 30, 7)
(15, 31, 7)
(15, 32, 7)
(15, 33, 7)
(15, 34, 7)
(15, 35, 7)
(15, 36, 7)
(15, 37, 7)
(15, 38, 7)
(15, 39, 7)

(16, 0, 45)
(16, 1, 29)
(16, 2, 27)
(16, 3, 26)
(16, 4, 24)
(16, 5, 22)
(16, 6, 20)
(16, 7, 18)
(16, 8, 18)
(16, 9, 16)
(16, 10, 16)
(16, 11, 16)
(16, 12, 15)
(16, 13, 13)
(16, 14, 9)
(16, 15, 9)
(16, 16, 9)
(16, 17, 9)
(16, 18, 9)
(16, 19, 9)
(16, 20, 9)
(16, 21, 9)
(16, 22, 9)
(16, 23, 9)
(16, 24, 9)
(16, 25, 8)
(16, 26, 8)
(16, 27, 8)
(16, 28, 8)
(16, 29, 8)
(16, 30, 8)
(16, 31, 8)
(16, 32, 8)
(16, 33, 8)
(16, 34, 8)
(16, 35, 8)
(16, 36, 8)
(16, 37, 8)
(16, 38, 8)
(16, 39, 8)

(17, 0, 51)
(17, 1, 35)
(17, 2, 33)
(17, 3, 32)
(17, 4, 30)
(17, 5, 28)
(17, 6, 24)
(17, 7, 21)
(17, 8, 21)
(17, 9, 19)
(17, 10, 19)
(17, 11, 19)
(17, 12, 18)
(17, 13, 15)
(17, 14, 11)
(17, 15, 11)
(17, 16, 11)
(17, 17, 11)
(17, 18, 11)
(17, 19, 11)
(17, 20, 11)
(17, 21, 10)
(17, 22, 10)
(17, 23, 10)
(17, 24, 10)
(17, 25, 9)
(17, 26, 9)
(17, 27, 9)
(17, 28, 9)
(17, 29, 9)
(17, 30, 9)
(17, 31, 9)
(17, 32, 9)
(17, 33, 9)
(17, 34, 9)
(17, 35, 9)
(17, 36, 9)
(17, 37, 9)
(17, 38, 8)
(17, 39, 7)

(18, 0, 57)
(18, 1, 39)
(18, 2, 37)
(18, 3, 36)
(18, 4, 34)
(18, 5, 31)
(18, 6, 26)
(18, 7, 22)
(18, 8, 22)
(18, 9, 19)
(18, 10, 19)
(18, 11, 19)
(18, 12, 17)
(18, 13, 14)
(18, 14, 10)
(18, 15, 10)
(18, 16, 10)
(18, 17, 10)
(18, 18, 10)
(18, 19, 10)
(18, 20, 10)
(18, 21, 9)
(18, 22, 9)
(18, 23, 9)
(18, 24, 9)
(18, 25, 9)
(18, 26, 9)
(18, 27, 9)
(18, 28, 9)
(18, 29, 9)
(18, 30, 9)
(18, 31, 9)
(18, 32, 9)
(18, 33, 9)
(18, 34, 9)
(18, 35, 9)
(18, 36, 9)
(18, 37, 9)
(18, 38, 8)
(18, 39, 7)

(19, 0, 58)
(19, 1, 40)
(19, 2, 38)
(19, 3, 37)
(19, 4, 35)
(19, 5, 32)
(19, 6, 27)
(19, 7, 22)
(19, 8, 22)
(19, 9, 19)
(19, 10, 19)
(19, 11, 19)
(19, 12, 17)
(19, 13, 14)
(19, 14, 10)
(19, 15, 10)
(19, 16, 10)
(19, 17, 10)
(19, 18, 10)
(19, 19, 10)
(19, 20, 10)
(19, 21, 9)
(19, 22, 9)
(19, 23, 9)
(19, 24, 9)
(19, 25, 9)
(19, 26, 9)
(19, 27, 9)
(19, 28, 9)
(19, 29, 9)
(19, 30, 9)
(19, 31, 9)
(19, 32, 9)
(19, 33, 9)
(19, 34, 8)
(19, 35, 8)
(19, 36, 8)
(19, 37, 8)
(19, 38, 8)
(19, 39, 7)

(20, 0, 61)
(20, 1, 42)
(20, 2, 39)
(20, 3, 38)
(20, 4, 36)
(20, 5, 33)
(20, 6, 28)
(20, 7, 23)
(20, 8, 23)
(20, 9, 20)
(20, 10, 20)
(20, 11, 20)
(20, 12, 18)
(20, 13, 15)
(20, 14, 11)
(20, 15, 11)
(20, 16, 11)
(20, 17, 11)
(20, 18, 11)
(20, 19, 11)
(20, 20, 11)
(20, 21, 10)
(20, 22, 10)
(20, 23, 10)
(20, 24, 10)
(20, 25, 10)
(20, 26, 10)
(20, 27, 10)
(20, 28, 10)
(20, 29, 10)
(20, 30, 10)
(20, 31, 10)
(20, 32, 10)
(20, 33, 10)
(20, 34, 9)
(20, 35, 9)
(20, 36, 9)
(20, 37, 9)
(20, 38, 9)
(20, 39, 7)

(21, 0, 61)
(21, 1, 42)
(21, 2, 39)
(21, 3, 38)
(21, 4, 36)
(21, 5, 33)
(21, 6, 28)
(21, 7, 23)
(21, 8, 23)
(21, 9, 20)
(21, 10, 20)
(21, 11, 20)
(21, 12, 18)
(21, 13, 15)
(21, 14, 11)
(21, 15, 11)
(21, 16, 11)
(21, 17, 11)
(21, 18, 11)
(21, 19, 11)
(21, 20, 11)
(21, 21, 10)
(21, 22, 10)
(21, 23, 10)
(21, 24, 10)
(21, 25, 10)
(21, 26, 10)
(21, 27, 10)
(21, 28, 10)
(21, 29, 10)
(21, 30, 10)
(21, 31, 10)
(21, 32, 10)
(21, 33, 10)
(21, 34, 9)
(21, 35, 9)
(21, 36, 9)
(21, 37, 9)
(21, 38, 9)
(21, 39, 7)

(22, 0, 62)
(22, 1, 43)
(22, 2, 40)
(22, 3, 39)
(22, 4, 37)
(22, 5, 34)
(22, 6, 29)
(22, 7, 24)
(22, 8, 24)
(22, 9, 20)
(22, 10, 20)
(22, 11, 20)
(22, 12, 18)
(22, 13, 15)
(22, 14, 11)
(22, 15, 11)
(22, 16, 11)
(22, 17, 11)
(22, 18, 11)
(22, 19, 11)
(22, 20, 11)
(22, 21, 10)
(22, 22, 10)
(22, 23, 10)
(22, 24, 10)
(22, 25, 10)
(22, 26, 10)
(22, 27, 10)
(22, 28, 10)
(22, 29, 10)
(22, 30, 10)
(22, 31, 10)
(22, 32, 10)
(22, 33, 9)
(22, 34, 9)
(22, 35, 9)
(22, 36, 9)
(22, 37, 9)
(22, 38, 9)
(22, 39, 7)

(23, 0, 63)
(23, 1, 44)
(23, 2, 41)
(23, 3, 40)
(23, 4, 38)
(23, 5, 35)
(23, 6, 30)
(23, 7, 25)
(23, 8, 25)
(23, 9, 21)
(23, 10, 21)
(23, 11, 21)
(23, 12, 19)
(23, 13, 16)
(23, 14, 12)
(23, 15, 12)
(23, 16, 12)
(23, 17, 12)
(23, 18, 12)
(23, 19, 12)
(23, 20, 12)
(23, 21, 11)
(23, 22, 11)
(23, 23, 11)
(23, 24, 11)
(23, 25, 11)
(23, 26, 11)
(23, 27, 11)
(23, 28, 11)
(23, 29, 11)
(23, 30, 11)
(23, 31, 11)
(23, 32, 11)
(23, 33, 10)
(23, 34, 10)
(23, 35, 10)
(23, 36, 10)
(23, 37, 10)
(23, 38, 10)
(23, 39, 8)

(24, 0, 64)
(24, 1, 45)
(24, 2, 42)
(24, 3, 41)
(24, 4, 39)
(24, 5, 36)
(24, 6, 31)
(24, 7, 26)
(24, 8, 26)
(24, 9, 22)
(24, 10, 22)
(24, 11, 22)
(24, 12, 20)
(24, 13, 17)
(24, 14, 13)
(24, 15, 13)
(24, 16, 13)
(24, 17, 13)
(24, 18, 13)
(24, 19, 13)
(24, 20, 13)
(24, 21, 12)
(24, 22, 12)
(24, 23, 12)
(24, 24, 12)
(24, 25, 11)
(24, 26, 11)
(24, 27, 11)
(24, 28, 11)
(24, 29, 11)
(24, 30, 11)
(24, 31, 11)
(24, 32, 11)
(24, 33, 10)
(24, 34, 10)
(24, 35, 10)
(24, 36, 10)
(24, 37, 9)
(24, 38, 9)
(24, 39, 8)

(25, 0, 73)
(25, 1, 54)
(25, 2, 51)
(25, 3, 50)
(25, 4, 48)
(25, 5, 44)
(25, 6, 39)
(25, 7, 34)
(25, 8, 34)
(25, 9, 29)
(25, 10, 29)
(25, 11, 28)
(25, 12, 24)
(25, 13, 19)
(25, 14, 15)
(25, 15, 14)
(25, 16, 14)
(25, 17, 14)
(25, 18, 14)
(25, 19, 14)
(25, 20, 14)
(25, 21, 13)
(25, 22, 13)
(25, 23, 13)
(25, 24, 13)
(25, 25, 12)
(25, 26, 12)
(25, 27, 12)
(25, 28, 12)
(25, 29, 12)
(25, 30, 11)
(25, 31, 11)
(25, 32, 11)
(25, 33, 10)
(25, 34, 10)
(25, 35, 10)
(25, 36, 10)
(25, 37, 9)
(25, 38, 9)
(25, 39, 8)

(26, 0, 92)
(26, 1, 71)
(26, 2, 68)
(26, 3, 64)
(26, 4, 62)
(26, 5, 55)
(26, 6, 50)
(26, 7, 45)
(26, 8, 43)
(26, 9, 37)
(26, 10, 35)
(26, 11, 31)
(26, 12, 25)
(26, 13, 20)
(26, 14, 15)
(26, 15, 15)
(26, 16, 14)
(26, 17, 14)
(26, 18, 14)
(26, 19, 14)
(26, 20, 13)
(26, 21, 12)
(26, 22, 11)
(26, 23, 10)
(26, 24, 10)
(26, 25, 10)
(26, 26, 10)
(26, 27, 10)
(26, 28, 10)
(26, 29, 10)
(26, 30, 10)
(26, 31, 10)
(26, 32, 10)
(26, 33, 9)
(26, 34, 9)
(26, 35, 9)
(26, 36, 9)
(26, 37, 8)
(26, 38, 8)
(26, 39, 7)

(27, 0, 130)
(27, 1, 100)
(27, 2, 93)
(27, 3, 83)
(27, 4, 80)
(27, 5, 69)
(27, 6, 62)
(27, 7, 53)
(27, 8, 51)
(27, 9, 43)
(27, 10, 39)
(27, 11, 29)
(27, 12, 24)
(27, 13, 20)
(27, 14, 14)
(27, 15, 13)
(27, 16, 13)
(27, 17, 13)
(27, 18, 13)
(27, 19, 13)
(27, 20, 13)
(27, 21, 12)
(27, 22, 11)
(27, 23, 11)
(27, 24, 11)
(27, 25, 11)
(27, 26, 10)
(27, 27, 10)
(27, 28, 10)
(27, 29, 10)
(27, 30, 10)
(27, 31, 10)
(27, 32, 10)
(27, 33, 9)
(27, 34, 9)
(27, 35, 8)
(27, 36, 8)
(27, 37, 8)
(27, 38, 8)
(27, 39, 7)

(28, 0, 173)
(28, 1, 137)
(28, 2, 126)
(28, 3, 113)
(28, 4, 105)
(28, 5, 83)
(28, 6, 72)
(28, 7, 62)
(28, 8, 55)
(28, 9, 45)
(28, 10, 37)
(28, 11, 30)
(28, 12, 22)
(28, 13, 19)
(28, 14, 15)
(28, 15, 14)
(28, 16, 14)
(28, 17, 13)
(28, 18, 13)
(28, 19, 13)
(28, 20, 13)
(28, 21, 11)
(28, 22, 10)
(28, 23, 9)
(28, 24, 9)
(28, 25, 9)
(28, 26, 9)
(28, 27, 9)
(28, 28, 9)
(28, 29, 9)
(28, 30, 9)
(28, 31, 9)
(28, 32, 9)
(28, 33, 8)
(28, 34, 8)
(28, 35, 8)
(28, 36, 8)
(28, 37, 8)
(28, 38, 8)
(28, 39, 7)

(29, 0, 229)
(29, 1, 181)
(29, 2, 159)
(29, 3, 144)
(29, 4, 125)
(29, 5, 94)
(29, 6, 76)
(29, 7, 60)
(29, 8, 53)
(29, 9, 41)
(29, 10, 36)
(29, 11, 27)
(29, 12, 21)
(29, 13, 18)
(29, 14, 14)
(29, 15, 13)
(29, 16, 13)
(29, 17, 13)
(29, 18, 13)
(29, 19, 12)
(29, 20, 12)
(29, 21, 11)
(29, 22, 10)
(29, 23, 9)
(29, 24, 9)
(29, 25, 9)
(29, 26, 9)
(29, 27, 9)
(29, 28, 9)
(29, 29, 9)
(29, 30, 9)
(29, 31, 9)
(29, 32, 9)
(29, 33, 8)
(29, 34, 8)
(29, 35, 8)
(29, 36, 8)
(29, 37, 8)
(29, 38, 8)
(29, 39, 7)

(30, 0, 285)
(30, 1, 223)
(30, 2, 197)
(30, 3, 175)
(30, 4, 146)
(30, 5, 109)
(30, 6, 85)
(30, 7, 68)
(30, 8, 59)
(30, 9, 43)
(30, 10, 36)
(30, 11, 27)
(30, 12, 23)
(30, 13, 19)
(30, 14, 15)
(30, 15, 14)
(30, 16, 13)
(30, 17, 13)
(30, 18, 13)
(30, 19, 12)
(30, 20, 12)
(30, 21, 11)
(30, 22, 10)
(30, 23, 9)
(30, 24, 9)
(30, 25, 9)
(30, 26, 9)
(30, 27, 9)
(30, 28, 9)
(30, 29, 9)
(30, 30, 9)
(30, 31, 9)
(30, 32, 9)
(30, 33, 8)
(30, 34, 8)
(30, 35, 8)
(30, 36, 8)
(30, 37, 8)
(30, 38, 8)
(30, 39, 7)

(31, 0, 327)
(31, 1, 257)
(31, 2, 223)
(31, 3, 199)
(31, 4, 167)
(31, 5, 119)
(31, 6, 92)
(31, 7, 74)
(31, 8, 62)
(31, 9, 43)
(31, 10, 35)
(31, 11, 27)
(31, 12, 22)
(31, 13, 18)
(31, 14, 14)
(31, 15, 13)
(31, 16, 12)
(31, 17, 12)
(31, 18, 12)
(31, 19, 12)
(31, 20, 12)
(31, 21, 11)
(31, 22, 10)
(31, 23, 9)
(31, 24, 9)
(31, 25, 9)
(31, 26, 9)
(31, 27, 9)
(31, 28, 9)
(31, 29, 9)
(31, 30, 9)
(31, 31, 9)
(31, 32, 9)
(31, 33, 8)
(31, 34, 8)
(31, 35, 8)
(31, 36, 8)
(31, 37, 8)
(31, 38, 8)
(31, 39, 7)

(32, 0, 367)
(32, 1, 291)
(32, 2, 254)
(32, 3, 225)
(32, 4, 187)
(32, 5, 126)
(32, 6, 100)
(32, 7, 81)
(32, 8, 66)
(32, 9, 46)
(32, 10, 37)
(32, 11, 27)
(32, 12, 23)
(32, 13, 19)
(32, 14, 14)
(32, 15, 13)
(32, 16, 12)
(32, 17, 12)
(32, 18, 12)
(32, 19, 12)
(32, 20, 12)
(32, 21, 11)
(32, 22, 10)
(32, 23, 9)
(32, 24, 9)
(32, 25, 9)
(32, 26, 9)
(32, 27, 9)
(32, 28, 9)
(32, 29, 9)
(32, 30, 9)
(32, 31, 9)
(32, 32, 9)
(32, 33, 8)
(32, 34, 8)
(32, 35, 8)
(32, 36, 8)
(32, 37, 8)
(32, 38, 8)
(32, 39, 7)

(33, 0, 387)
(33, 1, 306)
(33, 2, 269)
(33, 3, 237)
(33, 4, 199)
(33, 5, 136)
(33, 6, 107)
(33, 7, 86)
(33, 8, 71)
(33, 9, 51)
(33, 10, 37)
(33, 11, 28)
(33, 12, 22)
(33, 13, 19)
(33, 14, 13)
(33, 15, 12)
(33, 16, 12)
(33, 17, 12)
(33, 18, 12)
(33, 19, 12)
(33, 20, 11)
(33, 21, 10)
(33, 22, 9)
(33, 23, 9)
(33, 24, 9)
(33, 25, 9)
(33, 26, 9)
(33, 27, 9)
(33, 28, 9)
(33, 29, 9)
(33, 30, 9)
(33, 31, 9)
(33, 32, 9)
(33, 33, 8)
(33, 34, 8)
(33, 35, 8)
(33, 36, 8)
(33, 37, 8)
(33, 38, 8)
(33, 39, 7)

(34, 0, 427)
(34, 1, 335)
(34, 2, 296)
(34, 3, 261)
(34, 4, 223)
(34, 5, 151)
(34, 6, 118)
(34, 7, 93)
(34, 8, 75)
(34, 9, 52)
(34, 10, 40)
(34, 11, 26)
(34, 12, 21)
(34, 13, 18)
(34, 14, 13)
(34, 15, 12)
(34, 16, 12)
(34, 17, 12)
(34, 18, 12)
(34, 19, 12)
(34, 20, 11)
(34, 21, 10)
(34, 22, 9)
(34, 23, 9)
(34, 24, 9)
(34, 25, 9)
(34, 26, 9)
(34, 27, 9)
(34, 28, 9)
(34, 29, 9)
(34, 30, 9)
(34, 31, 9)
(34, 32, 9)
(34, 33, 8)
(34, 34, 8)
(34, 35, 8)
(34, 36, 8)
(34, 37, 8)
(34, 38, 8)
(34, 39, 7)

(35, 0, 459)
(35, 1, 358)
(35, 2, 315)
(35, 3, 276)
(35, 4, 235)
(35, 5, 157)
(35, 6, 124)
(35, 7, 96)
(35, 8, 76)
(35, 9, 50)
(35, 10, 37)
(35, 11, 25)
(35, 12, 21)
(35, 13, 18)
(35, 14, 13)
(35, 15, 12)
(35, 16, 12)
(35, 17, 12)
(35, 18, 12)
(35, 19, 12)
(35, 20, 11)
(35, 21, 10)
(35, 22, 9)
(35, 23, 9)
(35, 24, 9)
(35, 25, 9)
(35, 26, 9)
(35, 27, 9)
(35, 28, 9)
(35, 29, 9)
(35, 30, 9)
(35, 31, 9)
(35, 32, 9)
(35, 33, 8)
(35, 34, 8)
(35, 35, 8)
(35, 36, 8)
(35, 37, 8)
(35, 38, 8)
(35, 39, 7)

(36, 0, 496)
(36, 1, 381)
(36, 2, 332)
(36, 3, 289)
(36, 4, 244)
(36, 5, 163)
(36, 6, 128)
(36, 7, 101)
(36, 8, 78)
(36, 9, 52)
(36, 10, 37)
(36, 11, 26)
(36, 12, 21)
(36, 13, 18)
(36, 14, 13)
(36, 15, 12)
(36, 16, 12)
(36, 17, 12)
(36, 18, 12)
(36, 19, 12)
(36, 20, 11)
(36, 21, 10)
(36, 22, 9)
(36, 23, 9)
(36, 24, 9)
(36, 25, 9)
(36, 26, 9)
(36, 27, 9)
(36, 28, 9)
(36, 29, 9)
(36, 30, 9)
(36, 31, 9)
(36, 32, 9)
(36, 33, 8)
(36, 34, 8)
(36, 35, 8)
(36, 36, 8)
(36, 37, 8)
(36, 38, 8)
(36, 39, 7)

(37, 0, 536)
(37, 1, 410)
(37, 2, 352)
(37, 3, 306)
(37, 4, 253)
(37, 5, 165)
(37, 6, 131)
(37, 7, 104)
(37, 8, 76)
(37, 9, 51)
(37, 10, 37)
(37, 11, 26)
(37, 12, 22)
(37, 13, 18)
(37, 14, 13)
(37, 15, 12)
(37, 16, 12)
(37, 17, 12)
(37, 18, 12)
(37, 19, 12)
(37, 20, 11)
(37, 21, 10)
(37, 22, 9)
(37, 23, 9)
(37, 24, 9)
(37, 25, 9)
(37, 26, 9)
(37, 27, 9)
(37, 28, 9)
(37, 29, 9)
(37, 30, 9)
(37, 31, 9)
(37, 32, 9)
(37, 33, 8)
(37, 34, 8)
(37, 35, 8)
(37, 36, 8)
(37, 37, 8)
(37, 38, 8)
(37, 39, 7)

(38, 0, 561)
(38, 1, 426)
(38, 2, 361)
(38, 3, 314)
(38, 4, 260)
(38, 5, 170)
(38, 6, 135)
(38, 7, 107)
(38, 8, 78)
(38, 9, 49)
(38, 10, 34)
(38, 11, 24)
(38, 12, 21)
(38, 13, 18)
(38, 14, 13)
(38, 15, 12)
(38, 16, 12)
(38, 17, 12)
(38, 18, 12)
(38, 19, 12)
(38, 20, 11)
(38, 21, 10)
(38, 22, 9)
(38, 23, 9)
(38, 24, 9)
(38, 25, 9)
(38, 26, 9)
(38, 27, 9)
(38, 28, 9)
(38, 29, 9)
(38, 30, 9)
(38, 31, 9)
(38, 32, 9)
(38, 33, 8)
(38, 34, 8)
(38, 35, 8)
(38, 36, 8)
(38, 37, 8)
(38, 38, 8)
(38, 39, 7)

(39, 0, 573)
(39, 1, 432)
(39, 2, 363)
(39, 3, 315)
(39, 4, 260)
(39, 5, 170)
(39, 6, 135)
(39, 7, 107)
(39, 8, 77)
(39, 9, 47)
(39, 10, 32)
(39, 11, 24)
(39, 12, 21)
(39, 13, 18)
(39, 14, 13)
(39, 15, 12)
(39, 16, 12)
(39, 17, 12)
(39, 18, 12)
(39, 19, 12)
(39, 20, 11)
(39, 21, 10)
(39, 22, 9)
(39, 23, 9)
(39, 24, 9)
(39, 25, 9)
(39, 26, 9)
(39, 27, 9)
(39, 28, 9)
(39, 29, 9)
(39, 30, 9)
(39, 31, 9)
(39, 32, 9)
(39, 33, 8)
(39, 34, 8)
(39, 35, 8)
(39, 36, 8)
(39, 37, 8)
(39, 38, 8)
(39, 39, 7)


Betti numbers:
xi_0:
(0, 0, 4)
(1, 0, 2)
(3, 0, 2)
(4, 0, 2)
(5, 0, 2)
(6, 0, 2)
(7, 0, 2)
(8, 0, 1)
(9, 0, 2)
(10, 0, 1)
(11, 0, 5)
(12, 0, 1)
(13, 0, 5)
(15, 0, 5)
(16, 0, 9)
(17, 0, 7)
(18, 0, 6)
(19, 0, 1)
(20, 0, 3)
(22, 0, 1)
(23, 0, 1)
(24, 0, 1)
(25, 0, 9)
(26, 0, 19)
(27, 0, 38)
(28, 0, 43)
(29, 0, 56)
(30, 0, 56)
(31, 0, 42)
(32, 0, 40)
(33, 0, 20)
(34, 0, 40)
(35, 0, 32)
(36, 0, 37)
(37, 0, 40)
(38, 0, 25)
(39, 0, 12)
xi_1:
(0, 1, 2)
(0, 4, 1)
(1, 1, 2)
(3, 1, 1)
(4, 1, 1)
(4, 5, 1)
(5, 6, 1)
(6, 6, 1)
(6, 7, 1)
(7, 7, 1)
(8, 9, 1)
(9, 5, 1)
(9, 9, 1)
(11, 1, 1)
(11, 2, 1)
(11, 12, 1)
(11, 25, 1)
(12, 1, 1)
(13, 1, 2)
(13, 4, 1)
(13, 13, 1)
(13, 14, 1)
(15, 2, 1)
(15, 3, 1)
(15, 14, 2)
(16, 1, 6)
(16, 13, 1)
(16, 14, 1)
(17, 0, 1)
(17, 1, 1)
(17, 6, 2)
(17, 7, 1)
(17, 13, 1)
(17, 21, 1)
(17, 38, 1)
(17, 39, 1)
(18, 1, 2)
(18, 5, 1)
(18, 6, 1)
(18, 7, 1)
(18, 9, 1)
(18, 12, 1)
(19, 7, 1)
(19, 34, 1)
(20, 1, 1)
(20, 2, 1)
(20, 39, 1)
(22, 9, 1)
(22, 33, 1)
(24, 25, 1)
(24, 37, 1)
(25, 5, 1)
(25, 9, 1)
(25, 11, 1)
(25, 12, 2)
(25, 13, 2)
(25, 15, 1)
(25, 30, 1)
(26, 1, 2)
(26, 3, 3)
(26, 5, 3)
(26, 8, 2)
(26, 9, 1)
(26, 10, 2)
(26, 11, 3)
(26, 12, 4)
(26, 14, 1)
(26, 16, 1)
(26, 20, 1)
(26, 22, 1)
(26, 23, 1)
(27, 1, 9)
(27, 2, 4)
(27, 3, 6)
(27, 4, 1)
(27, 5, 4)
(27, 6, 2)
(27, 7, 4)
(27, 9, 2)
(27, 10, 3)
(27, 11, 8)
(27, 12, 2)
(27, 13, 1)
(27, 14, 1)
(27, 15, 1)
(27, 26, 1)
(27, 35, 1)
(28, 1, 6)
(28, 2, 4)
(28, 3, 3)
(28, 4, 5)
(28, 5, 11)
(28, 6, 4)
(28, 7, 2)
(28, 8, 5)
(28, 9, 2)
(28, 10, 6)
(28, 11, 2)
(28, 12, 4)
(28, 17, 1)
(28, 21, 1)
(28, 23, 1)
(29, 1, 12)
(29, 2, 11)
(29, 3, 2)
(29, 4, 11)
(29, 5, 9)
(29, 6, 7)
(29, 7, 6)
(29, 8, 1)
(29, 9, 4)
(29, 10, 1)
(29, 11, 4)
(29, 12, 1)
(29, 19, 1)
(30, 1, 14)
(30, 2, 4)
(30, 3, 7)
(30, 4, 10)
(30, 5, 6)
(30, 6, 7)
(30, 7, 1)
(30, 8, 3)
(30, 9, 7)
(30, 10, 6)
(30, 11, 3)
(30, 13, 1)
(30, 16, 1)
(30, 19, 1)
(31, 1, 8)
(31, 2, 8)
(31, 3, 4)
(31, 4, 3)
(31, 5, 11)
(31, 6, 5)
(31, 7, 2)
(31, 8, 3)
(31, 9, 4)
(31, 10, 3)
(31, 11, 1)
(31, 12, 1)
(32, 1, 6)
(32, 2, 3)
(32, 3, 5)
(32, 4, 6)
(32, 5, 13)
(32, 6, 1)
(32, 7, 1)
(32, 8, 3)
(32, 9, 3)
(32, 10, 3)
(32, 11, 4)
(32, 13, 1)
(32, 14, 1)
(33, 1, 5)
(33, 3, 3)
(33, 5, 2)
(33, 6, 3)
(33, 7, 2)
(33, 9, 1)
(33, 10, 5)
(33, 11, 1)
(33, 12, 2)
(33, 14, 2)
(33, 20, 1)
(34, 1, 11)
(34, 2, 2)
(34, 3, 3)
(34, 5, 9)
(34, 6, 4)
(34, 7, 4)
(34, 8, 3)
(34, 9, 4)
(34, 10, 2)
(34, 11, 6)
(34, 12, 2)
(35, 1, 9)
(35, 2, 4)
(35, 3, 4)
(35, 4, 3)
(35, 5, 6)
(35, 6, 1)
(35, 7, 3)
(35, 8, 2)
(35, 9, 3)
(35, 10, 1)
(35, 11, 4)
(35, 12, 1)
(36, 1, 14)
(36, 2, 6)
(36, 3, 6)
(36, 4, 4)
(36, 5, 3)
(36, 6, 2)
(36, 7, 1)
(36, 8, 4)
(36, 9, 3)
(36, 10, 2)
(36, 11, 2)
(36, 12, 1)
(37, 1, 11)
(37, 2, 9)
(37, 3, 3)
(37, 4, 8)
(37, 5, 7)
(37, 6, 1)
(37, 8, 5)
(37, 9, 2)
(37, 10, 1)
(37, 11, 3)
(37, 12, 1)
(37, 13, 1)
(38, 1, 9)
(38, 2, 7)
(38, 3, 1)
(38, 4, 1)
(38, 5, 2)
(38, 6, 1)
(38, 7, 1)
(38, 8, 1)
(38, 9, 4)
(38, 10, 2)
(38, 11, 2)
(39, 1, 6)
(39, 2, 4)
(39, 3, 1)
(39, 4, 1)
(39, 8, 1)
(39, 9, 2)
(39, 10, 1)
xi_2:
(17, 1, 1)
(18, 25, 1)
(19, 38, 1)
(22, 34, 1)
(24, 39, 1)
(26, 12, 2)
(26, 15, 1)
(26, 25, 1)
(26, 30, 1)
(27, 10, 1)
(27, 11, 2)
(27, 12, 3)
(27, 13, 2)
(27, 16, 1)
(27, 20, 1)
(27, 23, 1)
(27, 37, 1)
(28, 7, 1)
(28, 10, 2)
(28, 11, 5)
(28, 12, 1)
(28, 13, 1)
(28, 14, 2)
(28, 26, 1)
(28, 35, 1)
(29, 8, 1)
(29, 9, 2)
(29, 10, 4)
(29, 11, 2)
(29, 12, 3)
(29, 17, 1)
(29, 21, 1)
(30, 6, 1)
(30, 8, 1)
(30, 9, 3)
(30, 10, 4)
(30, 11, 3)
(30, 12, 2)
(30, 19, 1)
(31, 3, 2)
(31, 6, 2)
(31, 7, 1)
(31, 9, 1)
(31, 10, 2)
(31, 11, 2)
(31, 19, 1)
(32, 6, 2)
(32, 9, 2)
(32, 10, 2)
(32, 11, 2)
(32, 12, 1)
(32, 13, 1)
(33, 9, 1)
(33, 11, 2)
(33, 13, 1)
(33, 14, 1)
(33, 16, 1)
(33, 23, 1)
(34, 9, 1)
(34, 10, 4)
(34, 11, 1)
(34, 12, 3)
(34, 14, 1)
(35, 6, 1)
(35, 11, 6)
(35, 12, 2)
(36, 3, 2)
(36, 7, 2)
(36, 8, 1)
(36, 9, 3)
(36, 11, 3)
(37, 6, 2)
(37, 9, 3)
(37, 10, 2)
(37, 11, 3)
(37, 12, 2)
(38, 10, 1)
(38, 11, 3)
(38, 12, 1)
(38, 13, 1)
(39, 9, 1)
(39, 10, 1)
(39, 11, 2)
