x-grades
-1229458151463565911/400000000000000000
-606323884066511511/200000000000000000
-1195837384802480133/400000000000000000
-294756750367984311/100000000000000000
-232443323628278871/80000000000000000
-572703117405425733/200000000000000000
-1128595851480308577/400000000000000000
-138973183518720711/50000000000000000
-1094975084819222799/400000000000000000
-107816470148867991/40000000000000000
-1061354318158137021/400000000000000000
-261135983706898533/100000000000000000
-1027733551497051243/400000000000000000
-505461584083254177/200000000000000000
-198822556967193093/80000000000000000
-61081400094088911/25000000000000000
-960492018174879687/400000000000000000
-471840817422168399/200000000000000000
-926871251513793909/400000000000000000
-45503043409162551/20000000000000000
-893250484852708131/400000000000000000
-438220050761082621/200000000000000000
-859629718191622353/400000000000000000
-105352416857634933/50000000000000000
-33040358061221463/16000000000000000
-404599284099996843/200000000000000000
-792388184869450797/400000000000000000
-193894450384726977/100000000000000000
-758767418208365019/400000000000000000
-74195703487782213/40000000000000000
-725146651547279241/400000000000000000
-22135508381773011/12500000000000000
-691525884886193463/400000000000000000
-337357750777825287/200000000000000000
-131581023645021537/80000000000000000
-160273683723641199/100000000000000000
-624284351564021907/400000000000000000
-303736984116739509/200000000000000000
-590663584902936129/400000000000000000
-14346330039309831/10000000000000000

y-grades
1999997/8000000
1999997/4000000
5999991/8000000
1999997/2000000
1999997/1600000
5999991/4000000
13999979/8000000
1999997/1000000
17999973/8000000
1999997/800000
21999967/8000000
5999991/2000000
25999961/8000000
13999979/4000000
5999991/1600000
1999997/500000
33999949/8000000
17999973/4000000
37999943/8000000
1999997/400000
41999937/8000000
21999967/4000000
45999931/8000000
5999991/1000000
1999997/320000
25999961/4000000
53999919/8000000
13999979/2000000
57999913/8000000
5999991/800000
61999907/8000000
1999997/250000
65999901/8000000
33999949/4000000
13999979/1600000
17999973/2000000
73999889/8000000
37999943/4000000
77999883/8000000
1999997/200000

Dimensions > 0:
(0, 0, 1)
(0, 1, 1)
(0, 2, 1)
(0, 3, 1)
(0, 4, 1)
(0, 5, 1)
(0, 6, 1)
(0, 7, 1)
(0, 8, 1)
(0, 9, 1)
(0, 10, 1)
(0, 11, 1)
(0, 12, 1)
(0, 13, 1)
(0, 14, 1)
(0, 15, 1)
(0, 16, 1)
(0, 17, 1)
(0, 18, 1)
(0, 19, 1)
(0, 20, 1)
(0, 21, 1)
(0, 22, 1)
(0, 23, 1)
(0, 24, 1)
(0, 25, 1)
(0, 26, 1)
(0, 27, 1)
(0, 28, 1)
(0, 29, 1)
(0, 30, 1)
(0, 31, 1)
(0, 32, 1)
(0, 33, 1)
(0, 34, 1)
(0, 35, 1)
(0, 36, 1)
(0, 37, 1)
(0, 38, 1)
(0, 39, 1)

(1, 0, 8)
(1, 1, 7)
(1, 2, 7)
(1, 3, 6)
(1, 4, 5)
(1, 5, 4)
(1, 6, 4)
(1, 7, 4)
(1, 8, 4)
(1, 9, 4)
(1, 10, 4)
(1, 11, 4)
(1, 12, 4)
(1, 13, 4)
(1, 14, 4)
(1, 15, 4)
(1, 16, 4)
(1, 17, 3)
(1, 18, 3)
(1, 19, 3)
(1, 20, 2)
(1, 21, 1)
(1, 22, 1)
(1, 23, 1)
(1, 24, 1)
(1, 25, 1)
(1, 26, 1)
(1, 27, 1)
(1, 28, 1)
(1, 29, 1)
(1, 30, 1)
(1, 31, 1)
(1, 32, 1)
(1, 33, 1)
(1, 34, 1)
(1, 35, 1)
(1, 36, 1)
(1, 37, 1)
(1, 38, 1)
(1, 39, 1)

(2, 0, 22)
(2, 1, 21)
(2, 2, 20)
(2, 3, 17)
(2, 4, 13)
(2, 5, 11)
(2, 6, 8)
(2, 7, 5)
(2, 8, 4)
(2, 9, 4)
(2, 10, 4)
(2, 11, 4)
(2, 12, 4)
(2, 13, 4)
(2, 14, 4)
(2, 15, 4)
(2, 16, 4)
(2, 17, 3)
(2, 18, 2)
(2, 19, 2)
(2, 20, 1)
(2, 21, 1)
(2, 22, 1)
(2, 23, 1)
(2, 24, 1)
(2, 25, 1)
(2, 26, 1)
(2, 27, 1)
(2, 28, 1)
(2, 29, 1)
(2, 30, 1)
(2, 31, 1)
(2, 32, 1)
(2, 33, 1)
(2, 34, 1)
(2, 35, 1)
(2, 36, 1)
(2, 37, 1)
(2, 38, 1)
(2, 39, 1)

(3, 0, 31)
(3, 1, 29)
(3, 2, 28)
(3, 3, 22)
(3, 4, 16)
(3, 5, 13)
(3, 6, 9)
(3, 7, 7)
(3, 8, 6)
(3, 9, 6)
(3, 10, 5)
(3, 11, 5)
(3, 12, 5)
(3, 13, 5)
(3, 14, 5)
(3, 15, 5)
(3, 16, 5)
(3, 17, 4)
(3, 18, 3)
(3, 19, 3)
(3, 20, 2)
(3, 21, 2)
(3, 22, 2)
(3, 23, 2)
(3, 24, 2)
(3, 25, 2)
(3, 26, 2)
(3, 27, 2)
(3, 28, 2)
(3, 29, 2)
(3, 30, 2)
(3, 31, 2)
(3, 32, 2)
(3, 33, 2)
(3, 34, 2)
(3, 35, 2)
(3, 36, 2)
(3, 37, 2)
(3, 38, 2)
(3, 39, 2)

(4, 0, 40)
(4, 1, 37)
(4, 2, 35)
(4, 3, 27)
(4, 4, 18)
(4, 5, 15)
(4, 6, 10)
(4, 7, 8)
(4, 8, 7)
(4, 9, 7)
(4, 10, 5)
(4, 11, 5)
(4, 12, 5)
(4, 13, 5)
(4, 14, 5)
(4, 15, 5)
(4, 16, 5)
(4, 17, 4)
(4, 18, 3)
(4, 19, 3)
(4, 20, 2)
(4, 21, 2)
(4, 22, 2)
(4, 23, 2)
(4, 24, 2)
(4, 25, 2)
(4, 26, 2)
(4, 27, 2)
(4, 28, 2)
(4, 29, 2)
(4, 30, 2)
(4, 31, 2)
(4, 32, 1)
(4, 33, 1)
(4, 34, 1)
(4, 35, 1)
(4, 36, 1)
(4, 37, 1)
(4, 38, 1)
(4, 39, 1)

(5, 0, 44)
(5, 1, 41)
(5, 2, 39)
(5, 3, 31)
(5, 4, 22)
(5, 5, 18)
(5, 6, 13)
(5, 7, 10)
(5, 8, 8)
(5, 9, 8)
(5, 10, 6)
(5, 11, 6)
(5, 12, 5)
(5, 13, 5)
(5, 14, 5)
(5, 15, 5)
(5, 16, 5)
(5, 17, 4)
(5, 18, 3)
(5, 19, 3)
(5, 20, 2)
(5, 21, 2)
(5, 22, 2)
(5, 23, 2)
(5, 24, 2)
(5, 25, 2)
(5, 26, 2)
(5, 27, 2)
(5, 28, 2)
(5, 29, 2)
(5, 30, 2)
(5, 31, 2)
(5, 32, 1)
(5, 33, 1)
(5, 34, 1)
(5, 35, 1)
(5, 36, 1)
(5, 37, 1)
(5, 38, 1)
(5, 39, 1)

(6, 0, 44)
(6, 1, 41)
(6, 2, 39)
(6, 3, 31)
(6, 4, 22)
(6, 5, 18)
(6, 6, 13)
(6, 7, 10)
(6, 8, 8)
(6, 9, 8)
(6, 10, 6)
(6, 11, 6)
(6, 12, 5)
(6, 13, 5)
(6, 14, 5)
(6, 15, 5)
(6, 16, 5)
(6, 17, 4)
(6, 18, 3)
(6, 19, 3)
(6, 20, 2)
(6, 21, 2)
(6, 22, 2)
(6, 23, 2)
(6, 24, 2)
(6, 25, 2)
(6, 26, 2)
(6, 27, 2)
(6, 28, 2)
(6, 29, 2)
(6, 30, 2)
(6, 31, 2)
(6, 32, 1)
(6, 33, 1)
(6, 34, 1)
(6, 35, 1)
(6, 36, 1)
(6, 37, 1)
(6, 38, 1)
(6, 39, 1)

(7, 0, 44)
(7, 1, 41)
(7, 2, 39)
(7, 3, 31)
(7, 4, 22)
(7, 5, 18)
(7, 6, 13)
(7, 7, 10)
(7, 8, 8)
(7, 9, 8)
(7, 10, 6)
(7, 11, 6)
(7, 12, 5)
(7, 13, 5)
(7, 14, 5)
(7, 15, 5)
(7, 16, 5)
(7, 17, 4)
(7, 18, 3)
(7, 19, 3)
(7, 20, 2)
(7, 21, 2)
(7, 22, 2)
(7, 23, 2)
(7, 24, 2)
(7, 25, 2)
(7, 26, 2)
(7, 27, 2)
(7, 28, 2)
(7, 29, 2)
(7, 30, 2)
(7, 31, 2)
(7, 32, 1)
(7, 33, 1)
(7, 34, 1)
(7, 35, 1)
(7, 36, 1)
(7, 37, 1)
(7, 38, 1)
(7, 39, 1)

(8, 0, 44)
(8, 1, 41)
(8, 2, 39)
(8, 3, 31)
(8, 4, 22)
(8, 5, 18)
(8, 6, 13)
(8, 7, 10)
(8, 8, 8)
(8, 9, 8)
(8, 10, 6)
(8, 11, 6)
(8, 12, 5)
(8, 13, 5)
(8, 14, 5)
(8, 15, 5)
(8, 16, 5)
(8, 17, 4)
(8, 18, 3)
(8, 19, 3)
(8, 20, 2)
(8, 21, 2)
(8, 22, 2)
(8, 23, 2)
(8, 24, 2)
(8, 25, 2)
(8, 26, 2)
(8, 27, 2)
(8, 28, 2)
(8, 29, 2)
(8, 30, 2)
(8, 31, 2)
(8, 32, 1)
(8, 33, 1)
(8, 34, 1)
(8, 35, 1)
(8, 36, 1)
(8, 37, 1)
(8, 38, 1)
(8, 39, 1)

(9, 0, 45)
(9, 1, 42)
(9, 2, 40)
(9, 3, 32)
(9, 4, 23)
(9, 5, 19)
(9, 6, 14)
(9, 7, 11)
(9, 8, 9)
(9, 9, 9)
(9, 10, 7)
(9, 11, 7)
(9, 12, 6)
(9, 13, 6)
(9, 14, 6)
(9, 15, 6)
(9, 16, 6)
(9, 17, 5)
(9, 18, 4)
(9, 19, 4)
(9, 20, 3)
(9, 21, 3)
(9, 22, 3)
(9, 23, 3)
(9, 24, 3)
(9, 25, 3)
(9, 26, 3)
(9, 27, 3)
(9, 28, 3)
(9, 29, 3)
(9, 30, 3)
(9, 31, 3)
(9, 32, 2)
(9, 33, 2)
(9, 34, 2)
(9, 35, 2)
(9, 36, 2)
(9, 37, 2)
(9, 38, 2)
(9, 39, 2)

(10, 0, 48)
(10, 1, 45)
(10, 2, 43)
(10, 3, 35)
(10, 4, 26)
(10, 5, 21)
(10, 6, 16)
(10, 7, 13)
(10, 8, 11)
(10, 9, 11)
(10, 10, 9)
(10, 11, 9)
(10, 12, 8)
(10, 13, 8)
(10, 14, 8)
(10, 15, 8)
(10, 16, 7)
(10, 17, 6)
(10, 18, 5)
(10, 19, 5)
(10, 20, 4)
(10, 21, 4)
(10, 22, 4)
(10, 23, 4)
(10, 24, 4)
(10, 25, 4)
(10, 26, 4)
(10, 27, 4)
(10, 28, 4)
(10, 29, 4)
(10, 30, 4)
(10, 31, 4)
(10, 32, 3)
(10, 33, 3)
(10, 34, 3)
(10, 35, 3)
(10, 36, 3)
(10, 37, 3)
(10, 38, 3)
(10, 39, 3)

(11, 0, 48)
(11, 1, 45)
(11, 2, 43)
(11, 3, 35)
(11, 4, 26)
(11, 5, 21)
(11, 6, 16)
(11, 7, 13)
(11, 8, 11)
(11, 9, 11)
(11, 10, 9)
(11, 11, 9)
(11, 12, 8)
(11, 13, 8)
(11, 14, 8)
(11, 15, 8)
(11, 16, 7)
(11, 17, 6)
(11, 18, 5)
(11, 19, 5)
(11, 20, 4)
(11, 21, 4)
(11, 22, 4)
(11, 23, 4)
(11, 24, 4)
(11, 25, 4)
(11, 26, 4)
(11, 27, 4)
(11, 28, 4)
(11, 29, 4)
(11, 30, 4)
(11, 31, 4)
(11, 32, 3)
(11, 33, 3)
(11, 34, 3)
(11, 35, 3)
(11, 36, 3)
(11, 37, 3)
(11, 38, 3)
(11, 39, 3)

(12, 0, 56)
(12, 1, 53)
(12, 2, 50)
(12, 3, 41)
(12, 4, 31)
(12, 5, 25)
(12, 6, 20)
(12, 7, 17)
(12, 8, 15)
(12, 9, 15)
(12, 10, 13)
(12, 11, 11)
(12, 12, 10)
(12, 13, 10)
(12, 14, 10)
(12, 15, 10)
(12, 16, 9)
(12, 17, 8)
(12, 18, 6)
(12, 19, 6)
(12, 20, 5)
(12, 21, 5)
(12, 22, 4)
(12, 23, 4)
(12, 24, 4)
(12, 25, 4)
(12, 26, 4)
(12, 27, 4)
(12, 28, 4)
(12, 29, 4)
(12, 30, 4)
(12, 31, 4)
(12, 32, 3)
(12, 33, 3)
(12, 34, 3)
(12, 35, 3)
(12, 36, 3)
(12, 37, 3)
(12, 38, 3)
(12, 39, 3)

(13, 0, 62)
(13, 1, 59)
(13, 2, 55)
(13, 3, 46)
(13, 4, 36)
(13, 5, 30)
(13, 6, 22)
(13, 7, 18)
(13, 8, 16)
(13, 9, 15)
(13, 10, 13)
(13, 11, 12)
(13, 12, 11)
(13, 13, 11)
(13, 14, 11)
(13, 15, 11)
(13, 16, 10)
(13, 17, 9)
(13, 18, 7)
(13, 19, 7)
(13, 20, 6)
(13, 21, 6)
(13, 22, 5)
(13, 23, 5)
(13, 24, 5)
(13, 25, 5)
(13, 26, 5)
(13, 27, 5)
(13, 28, 5)
(13, 29, 5)
(13, 30, 5)
(13, 31, 5)
(13, 32, 4)
(13, 33, 4)
(13, 34, 4)
(13, 35, 4)
(13, 36, 4)
(13, 37, 4)
(13, 38, 4)
(13, 39, 4)

(14, 0, 73)
(14, 1, 69)
(14, 2, 62)
(14, 3, 52)
(14, 4, 41)
(14, 5, 34)
(14, 6, 25)
(14, 7, 20)
(14, 8, 16)
(14, 9, 15)
(14, 10, 13)
(14, 11, 13)
(14, 12, 12)
(14, 13, 12)
(14, 14, 12)
(14, 15, 12)
(14, 16, 11)
(14, 17, 10)
(14, 18, 7)
(14, 19, 7)
(14, 20, 6)
(14, 21, 6)
(14, 22, 6)
(14, 23, 6)
(14, 24, 6)
(14, 25, 6)
(14, 26, 6)
(14, 27, 6)
(14, 28, 6)
(14, 29, 6)
(14, 30, 6)
(14, 31, 6)
(14, 32, 5)
(14, 33, 5)
(14, 34, 5)
(14, 35, 5)
(14, 36, 5)
(14, 37, 5)
(14, 38, 5)
(14, 39, 5)

(15, 0, 76)
(15, 1, 72)
(15, 2, 65)
(15, 3, 55)
(15, 4, 44)
(15, 5, 37)
(15, 6, 27)
(15, 7, 22)
(15, 8, 17)
(15, 9, 16)
(15, 10, 14)
(15, 11, 14)
(15, 12, 13)
(15, 13, 13)
(15, 14, 13)
(15, 15, 13)
(15, 16, 12)
(15, 17, 11)
(15, 18, 8)
(15, 19, 8)
(15, 20, 7)
(15, 21, 7)
(15, 22, 7)
(15, 23, 7)
(15, 24, 7)
(15, 25, 7)
(15, 26, 7)
(15, 27, 7)
(15, 28, 7)
(15, 29, 7)
(15, 30, 7)
(15, 31, 7)
(15, 32, 6)
(15, 33, 6)
(15, 34, 6)
(15, 35, 6)
(15, 36, 6)
(15, 37, 6)
(15, 38, 6)
(15, 39, 6)

(16, 0, 88)
(16, 1, 83)
(16, 2, 71)
(16, 3, 61)
(16, 4, 50)
(16, 5, 42)
(16, 6, 29)
(16, 7, 24)
(16, 8, 19)
(16, 9, 18)
(16, 10, 16)
(16, 11, 16)
(16, 12, 15)
(16, 13, 15)
(16, 14, 15)
(16, 15, 15)
(16, 16, 14)
(16, 17, 13)
(16, 18, 10)
(16, 19, 10)
(16, 20, 9)
(16, 21, 9)
(16, 22, 9)
(16, 23, 9)
(16, 24, 9)
(16, 25, 8)
(16, 26, 8)
(16, 27, 8)
(16, 28, 8)
(16, 29, 8)
(16, 30, 8)
(16, 31, 8)
(16, 32, 7)
(16, 33, 7)
(16, 34, 7)
(16, 35, 7)
(16, 36, 6)
(16, 37, 6)
(16, 38, 6)
(16, 39, 6)

(17, 0, 93)
(17, 1, 88)
(17, 2, 76)
(17, 3, 64)
(17, 4, 53)
(17, 5, 45)
(17, 6, 30)
(17, 7, 25)
(17, 8, 20)
(17, 9, 19)
(17, 10, 17)
(17, 11, 17)
(17, 12, 16)
(17, 13, 16)
(17, 14, 16)
(17, 15, 16)
(17, 16, 15)
(17, 17, 14)
(17, 18, 11)
(17, 19, 10)
(17, 20, 9)
(17, 21, 9)
(17, 22, 9)
(17, 23, 9)
(17, 24, 9)
(17, 25, 8)
(17, 26, 8)
(17, 27, 8)
(17, 28, 8)
(17, 29, 8)
(17, 30, 8)
(17, 31, 8)
(17, 32, 7)
(17, 33, 7)
(17, 34, 7)
(17, 35, 6)
(17, 36, 6)
(17, 37, 6)
(17, 38, 6)
(17, 39, 6)

(18, 0, 98)
(18, 1, 93)
(18, 2, 80)
(18, 3, 68)
(18, 4, 56)
(18, 5, 47)
(18, 6, 32)
(18, 7, 27)
(18, 8, 22)
(18, 9, 21)
(18, 10, 19)
(18, 11, 19)
(18, 12, 18)
(18, 13, 18)
(18, 14, 18)
(18, 15, 18)
(18, 16, 17)
(18, 17, 16)
(18, 18, 13)
(18, 19, 12)
(18, 20, 11)
(18, 21, 11)
(18, 22, 11)
(18, 23, 11)
(18, 24, 11)
(18, 25, 10)
(18, 26, 9)
(18, 27, 9)
(18, 28, 9)
(18, 29, 9)
(18, 30, 9)
(18, 31, 9)
(18, 32, 8)
(18, 33, 7)
(18, 34, 7)
(18, 35, 7)
(18, 36, 7)
(18, 37, 7)
(18, 38, 7)
(18, 39, 7)

(19, 0, 110)
(19, 1, 104)
(19, 2, 90)
(19, 3, 77)
(19, 4, 64)
(19, 5, 55)
(19, 6, 39)
(19, 7, 31)
(19, 8, 25)
(19, 9, 24)
(19, 10, 22)
(19, 11, 22)
(19, 12, 21)
(19, 13, 21)
(19, 14, 20)
(19, 15, 20)
(19, 16, 19)
(19, 17, 18)
(19, 18, 15)
(19, 19, 14)
(19, 20, 13)
(19, 21, 13)
(19, 22, 13)
(19, 23, 13)
(19, 24, 13)
(19, 25, 12)
(19, 26, 11)
(19, 27, 11)
(19, 28, 11)
(19, 29, 11)
(19, 30, 11)
(19, 31, 11)
(19, 32, 10)
(19, 33, 9)
(19, 34, 9)
(19, 35, 9)
(19, 36, 9)
(19, 37, 9)
(19, 38, 9)
(19, 39, 9)

(20, 0, 122)
(20, 1, 115)
(20, 2, 97)
(20, 3, 83)
(20, 4, 70)
(20, 5, 61)
(20, 6, 43)
(20, 7, 35)
(20, 8, 29)
(20, 9, 27)
(20, 10, 25)
(20, 11, 25)
(20, 12, 23)
(20, 13, 23)
(20, 14, 22)
(20, 15, 22)
(20, 16, 21)
(20, 17, 20)
(20, 18, 17)
(20, 19, 16)
(20, 20, 15)
(20, 21, 15)
(20, 22, 15)
(20, 23, 15)
(20, 24, 15)
(20, 25, 14)
(20, 26, 13)
(20, 27, 13)
(20, 28, 13)
(20, 29, 13)
(20, 30, 13)
(20, 31, 12)
(20, 32, 11)
(20, 33, 10)
(20, 34, 10)
(20, 35, 10)
(20, 36, 10)
(20, 37, 10)
(20, 38, 10)
(20, 39, 10)

(21, 0, 149)
(21, 1, 135)
(21, 2, 111)
(21, 3, 90)
(21, 4, 75)
(21, 5, 66)
(21, 6, 46)
(21, 7, 37)
(21, 8, 31)
(21, 9, 29)
(21, 10, 27)
(21, 11, 27)
(21, 12, 25)
(21, 13, 25)
(21, 14, 24)
(21, 15, 24)
(21, 16, 22)
(21, 17, 21)
(21, 18, 18)
(21, 19, 16)
(21, 20, 15)
(21, 21, 15)
(21, 22, 15)
(21, 23, 15)
(21, 24, 15)
(21, 25, 14)
(21, 26, 13)
(21, 27, 13)
(21, 28, 13)
(21, 29, 13)
(21, 30, 13)
(21, 31, 13)
(21, 32, 12)
(21, 33, 11)
(21, 34, 11)
(21, 35, 11)
(21, 36, 11)
(21, 37, 11)
(21, 38, 11)
(21, 39, 11)

(22, 0, 178)
(22, 1, 154)
(22, 2, 116)
(22, 3, 91)
(22, 4, 76)
(22, 5, 67)
(22, 6, 47)
(22, 7, 37)
(22, 8, 30)
(22, 9, 29)
(22, 10, 26)
(22, 11, 26)
(22, 12, 24)
(22, 13, 24)
(22, 14, 23)
(22, 15, 23)
(22, 16, 22)
(22, 17, 21)
(22, 18, 18)
(22, 19, 16)
(22, 20, 15)
(22, 21, 15)
(22, 22, 15)
(22, 23, 15)
(22, 24, 15)
(22, 25, 14)
(22, 26, 13)
(22, 27, 13)
(22, 28, 13)
(22, 29, 13)
(22, 30, 13)
(22, 31, 13)
(22, 32, 12)
(22, 33, 11)
(22, 34, 11)
(22, 35, 11)
(22, 36, 11)
(22, 37, 11)
(22, 38, 11)
(22, 39, 11)

(23, 0, 198)
(23, 1, 170)
(23, 2, 128)
(23, 3, 102)
(23, 4, 85)
(23, 5, 74)
(23, 6, 54)
(23, 7, 43)
(23, 8, 36)
(23, 9, 35)
(23, 10, 31)
(23, 11, 31)
(23, 12, 28)
(23, 13, 28)
(23, 14, 27)
(23, 15, 27)
(23, 16, 26)
(23, 17, 25)
(23, 18, 22)
(23, 19, 20)
(23, 20, 19)
(23, 21, 19)
(23, 22, 19)
(23, 23, 19)
(23, 24, 19)
(23, 25, 18)
(23, 26, 17)
(23, 27, 17)
(23, 28, 17)
(23, 29, 17)
(23, 30, 17)
(23, 31, 17)
(23, 32, 16)
(23, 33, 15)
(23, 34, 15)
(23, 35, 15)
(23, 36, 15)
(23, 37, 15)
(23, 38, 15)
(23, 39, 15)

(24, 0, 220)
(24, 1, 185)
(24, 2, 136)
(24, 3, 107)
(24, 4, 90)
(24, 5, 79)
(24, 6, 57)
(24, 7, 47)
(24, 8, 39)
(24, 9, 38)
(24, 10, 35)
(24, 11, 35)
(24, 12, 32)
(24, 13, 32)
(24, 14, 31)
(24, 15, 30)
(24, 16, 29)
(24, 17, 27)
(24, 18, 24)
(24, 19, 22)
(24, 20, 20)
(24, 21, 20)
(24, 22, 20)
(24, 23, 20)
(24, 24, 20)
(24, 25, 19)
(24, 26, 18)
(24, 27, 18)
(24, 28, 18)
(24, 29, 18)
(24, 30, 18)
(24, 31, 18)
(24, 32, 17)
(24, 33, 16)
(24, 34, 16)
(24, 35, 16)
(24, 36, 16)
(24, 37, 16)
(24, 38, 16)
(24, 39, 16)

(25, 0, 240)
(25, 1, 204)
(25, 2, 153)
(25, 3, 120)
(25, 4, 99)
(25, 5, 88)
(25, 6, 65)
(25, 7, 55)
(25, 8, 45)
(25, 9, 43)
(25, 10, 38)
(25, 11, 38)
(25, 12, 35)
(25, 13, 34)
(25, 14, 33)
(25, 15, 31)
(25, 16, 30)
(25, 17, 28)
(25, 18, 25)
(25, 19, 23)
(25, 20, 21)
(25, 21, 20)
(25, 22, 20)
(25, 23, 20)
(25, 24, 20)
(25, 25, 19)
(25, 26, 18)
(25, 27, 18)
(25, 28, 18)
(25, 29, 18)
(25, 30, 18)
(25, 31, 18)
(25, 32, 17)
(25, 33, 16)
(25, 34, 16)
(25, 35, 16)
(25, 36, 16)
(25, 37, 16)
(25, 38, 16)
(25, 39, 16)

(26, 0, 296)
(26, 1, 241)
(26, 2, 177)
(26, 3, 133)
(26, 4, 108)
(26, 5, 96)
(26, 6, 70)
(26, 7, 56)
(26, 8, 45)
(26, 9, 44)
(26, 10, 39)
(26, 11, 39)
(26, 12, 36)
(26, 13, 35)
(26, 14, 32)
(26, 15, 31)
(26, 16, 30)
(26, 17, 29)
(26, 18, 26)
(26, 19, 24)
(26, 20, 22)
(26, 21, 21)
(26, 22, 21)
(26, 23, 21)
(26, 24, 21)
(26, 25, 20)
(26, 26, 19)
(26, 27, 19)
(26, 28, 19)
(26, 29, 19)
(26, 30, 19)
(26, 31, 19)
(26, 32, 18)
(26, 33, 17)
(26, 34, 17)
(26, 35, 17)
(26, 36, 17)
(26, 37, 17)
(26, 38, 17)
(26, 39, 17)

(27, 0, 358)
(27, 1, 271)
(27, 2, 190)
(27, 3, 141)
(27, 4, 116)
(27, 5, 102)
(27, 6, 74)
(27, 7, 58)
(27, 8, 46)
(27, 9, 44)
(27, 10, 39)
(27, 11, 39)
(27, 12, 36)
(27, 13, 34)
(27, 14, 33)
(27, 15, 32)
(27, 16, 31)
(27, 17, 30)
(27, 18, 27)
(27, 19, 25)
(27, 20, 23)
(27, 21, 22)
(27, 22, 22)
(27, 23, 21)
(27, 24, 21)
(27, 25, 20)
(27, 26, 19)
(27, 27, 19)
(27, 28, 19)
(27, 29, 19)
(27, 30, 19)
(27, 31, 19)
(27, 32, 18)
(27, 33, 17)
(27, 34, 17)
(27, 35, 17)
(27, 36, 17)
(27, 37, 17)
(27, 38, 17)
(27, 39, 17)

(28, 0, 388)
(28, 1, 296)
(28, 2, 210)
(28, 3, 158)
(28, 4, 133)
(28, 5, 116)
(28, 6, 87)
(28, 7, 71)
(28, 8, 57)
(28, 9, 53)
(28, 10, 47)
(28, 11, 47)
(28, 12, 41)
(28, 13, 38)
(28, 14, 37)
(28, 15, 35)
(28, 16, 34)
(28, 17, 33)
(28, 18, 29)
(28, 19, 27)
(28, 20, 25)
(28, 21, 24)
(28, 22, 23)
(28, 23, 23)
(28, 24, 22)
(28, 25, 21)
(28, 26, 20)
(28, 27, 19)
(28, 28, 18)
(28, 29, 18)
(28, 30, 18)
(28, 31, 18)
(28, 32, 17)
(28, 33, 16)
(28, 34, 16)
(28, 35, 16)
(28, 36, 16)
(28, 37, 16)
(28, 38, 16)
(28, 39, 16)

(29, 0, 429)
(29, 1, 324)
(29, 2, 229)
(29, 3, 175)
(29, 4, 144)
(29, 5, 126)
(29, 6, 96)
(29, 7, 80)
(29, 8, 63)
(29, 9, 57)
(29, 10, 51)
(29, 11, 50)
(29, 12, 44)
(29, 13, 39)
(29, 14, 38)
(29, 15, 36)
(29, 16, 34)
(29, 17, 33)
(29, 18, 28)
(29, 19, 26)
(29, 20, 24)
(29, 21, 22)
(29, 22, 22)
(29, 23, 22)
(29, 24, 21)
(29, 25, 20)
(29, 26, 19)
(29, 27, 19)
(29, 28, 19)
(29, 29, 19)
(29, 30, 19)
(29, 31, 19)
(29, 32, 18)
(29, 33, 17)
(29, 34, 17)
(29, 35, 17)
(29, 36, 17)
(29, 37, 16)
(29, 38, 16)
(29, 39, 16)

(30, 0, 524)
(30, 1, 391)
(30, 2, 272)
(30, 3, 199)
(30, 4, 164)
(30, 5, 136)
(30, 6, 101)
(30, 7, 82)
(30, 8, 63)
(30, 9, 55)
(30, 10, 47)
(30, 11, 46)
(30, 12, 42)
(30, 13, 37)
(30, 14, 36)
(30, 15, 34)
(30, 16, 32)
(30, 17, 31)
(30, 18, 27)
(30, 19, 25)
(30, 20, 23)
(30, 21, 21)
(30, 22, 20)
(30, 23, 20)
(30, 24, 20)
(30, 25, 19)
(30, 26, 18)
(30, 27, 18)
(30, 28, 18)
(30, 29, 18)
(30, 30, 18)
(30, 31, 18)
(30, 32, 17)
(30, 33, 16)
(30, 34, 16)
(30, 35, 16)
(30, 36, 16)
(30, 37, 16)
(30, 38, 16)
(30, 39, 16)

(31, 0, 622)
(31, 1, 446)
(31, 2, 307)
(31, 3, 220)
(31, 4, 175)
(31, 5, 143)
(31, 6, 106)
(31, 7, 86)
(31, 8, 65)
(31, 9, 55)
(31, 10, 47)
(31, 11, 45)
(31, 12, 40)
(31, 13, 34)
(31, 14, 33)
(31, 15, 32)
(31, 16, 30)
(31, 17, 29)
(31, 18, 25)
(31, 19, 23)
(31, 20, 21)
(31, 21, 20)
(31, 22, 20)
(31, 23, 20)
(31, 24, 20)
(31, 25, 19)
(31, 26, 18)
(31, 27, 18)
(31, 28, 18)
(31, 29, 18)
(31, 30, 18)
(31, 31, 18)
(31, 32, 17)
(31, 33, 16)
(31, 34, 15)
(31, 35, 15)
(31, 36, 15)
(31, 37, 15)
(31, 38, 15)
(31, 39, 15)

(32, 0, 679)
(32, 1, 480)
(32, 2, 325)
(32, 3, 235)
(32, 4, 187)
(32, 5, 153)
(32, 6, 115)
(32, 7, 95)
(32, 8, 72)
(32, 9, 62)
(32, 10, 52)
(32, 11, 50)
(32, 12, 44)
(32, 13, 37)
(32, 14, 36)
(32, 15, 35)
(32, 16, 33)
(32, 17, 31)
(32, 18, 27)
(32, 19, 25)
(32, 20, 23)
(32, 21, 22)
(32, 22, 22)
(32, 23, 22)
(32, 24, 21)
(32, 25, 20)
(32, 26, 19)
(32, 27, 19)
(32, 28, 19)
(32, 29, 19)
(32, 30, 19)
(32, 31, 19)
(32, 32, 18)
(32, 33, 17)
(32, 34, 17)
(32, 35, 17)
(32, 36, 17)
(32, 37, 17)
(32, 38, 17)
(32, 39, 17)

(33, 0, 735)
(33, 1, 515)
(33, 2, 348)
(33, 3, 253)
(33, 4, 202)
(33, 5, 165)
(33, 6, 126)
(33, 7, 102)
(33, 8, 79)
(33, 9, 69)
(33, 10, 58)
(33, 11, 56)
(33, 12, 49)
(33, 13, 40)
(33, 14, 39)
(33, 15, 37)
(33, 16, 34)
(33, 17, 32)
(33, 18, 27)
(33, 19, 24)
(33, 20, 22)
(33, 21, 21)
(33, 22, 21)
(33, 23, 21)
(33, 24, 21)
(33, 25, 20)
(33, 26, 19)
(33, 27, 19)
(33, 28, 19)
(33, 29, 19)
(33, 30, 19)
(33, 31, 19)
(33, 32, 18)
(33, 33, 17)
(33, 34, 17)
(33, 35, 17)
(33, 36, 17)
(33, 37, 17)
(33, 38, 17)
(33, 39, 17)

(34, 0, 758)
(34, 1, 529)
(34, 2, 358)
(34, 3, 256)
(34, 4, 203)
(34, 5, 166)
(34, 6, 127)
(34, 7, 102)
(34, 8, 78)
(34, 9, 69)
(34, 10, 58)
(34, 11, 56)
(34, 12, 49)
(34, 13, 40)
(34, 14, 39)
(34, 15, 37)
(34, 16, 34)
(34, 17, 32)
(34, 18, 27)
(34, 19, 24)
(34, 20, 22)
(34, 21, 21)
(34, 22, 21)
(34, 23, 21)
(34, 24, 21)
(34, 25, 20)
(34, 26, 19)
(34, 27, 19)
(34, 28, 19)
(34, 29, 19)
(34, 30, 19)
(34, 31, 19)
(34, 32, 18)
(34, 33, 17)
(34, 34, 17)
(34, 35, 17)
(34, 36, 17)
(34, 37, 17)
(34, 38, 17)
(34, 39, 17)

(35, 0, 761)
(35, 1, 531)
(35, 2, 359)
(35, 3, 257)
(35, 4, 204)
(35, 5, 167)
(35, 6, 127)
(35, 7, 102)
(35, 8, 78)
(35, 9, 69)
(35, 10, 58)
(35, 11, 56)
(35, 12, 49)
(35, 13, 40)
(35, 14, 39)
(35, 15, 37)
(35, 16, 34)
(35, 17, 32)
(35, 18, 27)
(35, 19, 24)
(35, 20, 22)
(35, 21, 21)
(35, 22, 21)
(35, 23, 21)
(35, 24, 21)
(35, 25, 20)
(35, 26, 19)
(35, 27, 19)
(35, 28, 19)
(35, 29, 19)
(35, 30, 19)
(35, 31, 19)
(35, 32, 18)
(35, 33, 17)
(35, 34, 17)
(35, 35, 17)
(35, 36, 17)
(35, 37, 17)
(35, 38, 17)
(35, 39, 17)

(36, 0, 764)
(36, 1, 534)
(36, 2, 362)
(36, 3, 259)
(36, 4, 206)
(36, 5, 169)
(36, 6, 128)
(36, 7, 103)
(36, 8, 79)
(36, 9, 70)
(36, 10, 59)
(36, 11, 57)
(36, 12, 50)
(36, 13, 41)
(36, 14, 40)
(36, 15, 38)
(36, 16, 35)
(36, 17, 33)
(36, 18, 28)
(36, 19, 25)
(36, 20, 23)
(36, 21, 22)
(36, 22, 22)
(36, 23, 22)
(36, 24, 22)
(36, 25, 21)
(36, 26, 20)
(36, 27, 20)
(36, 28, 20)
(36, 29, 20)
(36, 30, 20)
(36, 31, 20)
(36, 32, 19)
(36, 33, 18)
(36, 34, 18)
(36, 35, 18)
(36, 36, 18)
(36, 37, 18)
(36, 38, 18)
(36, 39, 18)

(37, 0, 767)
(37, 1, 537)
(37, 2, 365)
(37, 3, 262)
(37, 4, 209)
(37, 5, 172)
(37, 6, 131)
(37, 7, 106)
(37, 8, 82)
(37, 9, 73)
(37, 10, 62)
(37, 11, 60)
(37, 12, 53)
(37, 13, 43)
(37, 14, 42)
(37, 15, 40)
(37, 16, 37)
(37, 17, 35)
(37, 18, 30)
(37, 19, 27)
(37, 20, 24)
(37, 21, 23)
(37, 22, 23)
(37, 23, 23)
(37, 24, 23)
(37, 25, 22)
(37, 26, 21)
(37, 27, 21)
(37, 28, 21)
(37, 29, 21)
(37, 30, 21)
(37, 31, 21)
(37, 32, 20)
(37, 33, 19)
(37, 34, 19)
(37, 35, 19)
(37, 36, 19)
(37, 37, 19)
(37, 38, 19)
(37, 39, 19)

(38, 0, 772)
(38, 1, 542)
(38, 2, 370)
(38, 3, 267)
(38, 4, 214)
(38, 5, 177)
(38, 6, 136)
(38, 7, 109)
(38, 8, 85)
(38, 9, 76)
(38, 10, 64)
(38, 11, 62)
(38, 12, 55)
(38, 13, 44)
(38, 14, 43)
(38, 15, 41)
(38, 16, 38)
(38, 17, 36)
(38, 18, 31)
(38, 19, 28)
(38, 20, 25)
(38, 21, 24)
(38, 22, 24)
(38, 23, 24)
(38, 24, 24)
(38, 25, 23)
(38, 26, 22)
(38, 27, 22)
(38, 28, 22)
(38, 29, 22)
(38, 30, 22)
(38, 31, 22)
(38, 32, 21)
(38, 33, 20)
(38, 34, 20)
(38, 35, 20)
(38, 36, 20)
(38, 37, 20)
(38, 38, 19)
(38, 39, 19)

(39, 0, 779)
(39, 1, 549)
(39, 2, 377)
(39, 3, 272)
(39, 4, 218)
(39, 5, 181)
(39, 6, 139)
(39, 7, 112)
(39, 8, 88)
(39, 9, 77)
(39, 10, 66)
(39, 11, 64)
(39, 12, 56)
(39, 13, 46)
(39, 14, 45)
(39, 15, 43)
(39, 16, 40)
(39, 17, 37)
(39, 18, 30)
(39, 19, 27)
(39, 20, 24)
(39, 21, 23)
(39, 22, 23)
(39, 23, 23)
(39, 24, 23)
(39, 25, 22)
(39, 26, 21)
(39, 27, 21)
(39, 28, 21)
(39, 29, 21)
(39, 30, 21)
(39, 31, 21)
(39, 32, 20)
(39, 33, 19)
(39, 34, 19)
(39, 35, 19)
(39, 36, 19)
(39, 37, 19)
(39, 38, 19)
(39, 39, 19)


Betti numbers:
xi_0:
(0, 0, 1)
(1, 0, 7)
(2, 0, 14)
(3, 0, 9)
(4, 0, 9)
(5, 0, 4)
(9, 0, 1)
(10, 0, 3)
(12, 0, 8)
(13, 0, 6)
(14, 0, 11)
(15, 0, 3)
(16, 0, 12)
(17, 0, 5)
(18, 0, 5)
(19, 0, 12)
(20, 0, 12)
(21, 0, 27)
(22, 0, 29)
(23, 0, 20)
(24, 0, 22)
(25, 0, 20)
(26, 0, 56)
(27, 0, 62)
(28, 0, 30)
(29, 0, 41)
(30, 0, 95)
(31, 0, 98)
(32, 0, 57)
(33, 0, 56)
(34, 0, 23)
(35, 0, 4)
(36, 0, 3)
(37, 0, 3)
(38, 0, 5)
(39, 0, 7)
xi_1:
(1, 1, 1)
(1, 3, 1)
(1, 4, 1)
(1, 5, 1)
(1, 17, 1)
(1, 20, 1)
(1, 21, 1)
(2, 2, 1)
(2, 3, 2)
(2, 4, 3)
(2, 5, 1)
(2, 6, 3)
(2, 7, 3)
(2, 8, 1)
(2, 18, 1)
(3, 1, 1)
(3, 3, 3)
(3, 4, 2)
(3, 5, 1)
(3, 6, 2)
(3, 10, 1)
(4, 1, 1)
(4, 2, 1)
(4, 3, 2)
(4, 4, 3)
(4, 6, 1)
(4, 10, 1)
(4, 32, 1)
(5, 5, 1)
(5, 7, 1)
(5, 8, 1)
(5, 12, 1)
(10, 5, 1)
(10, 16, 1)
(12, 2, 1)
(12, 3, 1)
(12, 4, 1)
(12, 5, 1)
(12, 11, 2)
(12, 18, 1)
(12, 22, 1)
(13, 2, 1)
(13, 6, 3)
(13, 7, 1)
(13, 9, 1)
(14, 1, 1)
(14, 2, 3)
(14, 3, 1)
(14, 4, 1)
(14, 5, 1)
(14, 6, 1)
(14, 7, 1)
(14, 8, 2)
(14, 18, 1)
(15, 6, 1)
(15, 8, 1)
(16, 1, 1)
(16, 2, 5)
(16, 5, 1)
(16, 6, 3)
(16, 25, 1)
(16, 36, 1)
(17, 3, 2)
(17, 6, 2)
(17, 19, 1)
(17, 35, 1)
(18, 2, 1)
(18, 4, 1)
(18, 5, 1)
(18, 26, 1)
(18, 33, 1)
(19, 1, 1)
(19, 2, 1)
(19, 3, 1)
(19, 4, 1)
(19, 6, 1)
(19, 7, 3)
(19, 8, 1)
(19, 14, 1)
(20, 1, 1)
(20, 2, 4)
(20, 3, 1)
(20, 6, 2)
(20, 9, 1)
(20, 12, 1)
(20, 31, 1)
(21, 1, 7)
(21, 2, 6)
(21, 3, 7)
(21, 4, 2)
(21, 6, 2)
(21, 7, 2)
(21, 9, 1)
(21, 12, 1)
(21, 16, 1)
(21, 19, 1)
(22, 1, 10)
(22, 2, 14)
(22, 3, 4)
(22, 7, 1)
(22, 8, 1)
(22, 10, 1)
(23, 1, 4)
(23, 2, 4)
(23, 3, 1)
(23, 4, 2)
(23, 5, 2)
(23, 7, 1)
(23, 10, 1)
(23, 12, 1)
(24, 1, 7)
(24, 2, 7)
(24, 3, 3)
(24, 6, 2)
(24, 8, 1)
(24, 15, 1)
(24, 17, 1)
(24, 20, 1)
(25, 1, 1)
(25, 2, 2)
(25, 3, 4)
(25, 4, 4)
(25, 6, 1)
(25, 8, 2)
(25, 9, 1)
(25, 10, 2)
(25, 13, 1)
(25, 15, 1)
(25, 17, 1)
(25, 21, 1)
(26, 1, 19)
(26, 2, 13)
(26, 3, 11)
(26, 4, 4)
(26, 5, 1)
(26, 6, 4)
(26, 7, 4)
(26, 8, 1)
(26, 13, 1)
(26, 14, 2)
(27, 1, 32)
(27, 2, 17)
(27, 3, 7)
(27, 4, 1)
(27, 5, 2)
(27, 6, 2)
(27, 7, 2)
(27, 8, 1)
(27, 9, 1)
(27, 13, 1)
(27, 23, 1)
(28, 1, 5)
(28, 2, 5)
(28, 3, 3)
(28, 5, 3)
(28, 6, 1)
(28, 8, 2)
(28, 9, 2)
(28, 10, 1)
(28, 12, 3)
(28, 13, 1)
(28, 15, 1)
(28, 18, 1)
(28, 22, 1)
(28, 24, 1)
(28, 27, 1)
(28, 28, 1)
(29, 1, 13)
(29, 2, 10)
(29, 3, 3)
(29, 4, 6)
(29, 5, 2)
(29, 6, 1)
(29, 8, 3)
(29, 9, 3)
(29, 11, 1)
(29, 12, 2)
(29, 13, 2)
(29, 16, 1)
(29, 18, 1)
(29, 21, 1)
(29, 37, 1)
(30, 1, 28)
(30, 2, 24)
(30, 3, 20)
(30, 4, 5)
(30, 5, 10)
(30, 6, 6)
(30, 7, 3)
(30, 8, 2)
(30, 9, 3)
(30, 10, 2)
(30, 13, 1)
(30, 21, 1)
(30, 22, 1)
(31, 1, 43)
(31, 2, 21)
(31, 3, 14)
(31, 4, 10)
(31, 5, 6)
(31, 6, 2)
(31, 7, 3)
(31, 8, 2)
(31, 9, 2)
(31, 10, 1)
(31, 11, 1)
(31, 12, 1)
(31, 13, 1)
(31, 34, 1)
(32, 1, 23)
(32, 2, 17)
(32, 3, 5)
(32, 4, 3)
(32, 5, 3)
(32, 6, 1)
(32, 7, 1)
(32, 8, 3)
(32, 9, 1)
(32, 10, 2)
(32, 12, 1)
(32, 13, 1)
(32, 17, 1)
(32, 24, 1)
(33, 1, 21)
(33, 2, 12)
(33, 3, 5)
(33, 4, 3)
(33, 5, 3)
(33, 6, 1)
(33, 7, 4)
(33, 9, 1)
(33, 10, 1)
(33, 12, 1)
(33, 13, 2)
(33, 15, 1)
(33, 16, 1)
(33, 18, 1)
(33, 19, 1)
(34, 1, 9)
(34, 2, 4)
(34, 3, 7)
(34, 4, 2)
(34, 7, 1)
(34, 8, 1)
(35, 0, 1)
(35, 1, 2)
(35, 2, 1)
(35, 6, 1)
(36, 3, 1)
(36, 6, 1)
(37, 13, 1)
(37, 20, 1)
(38, 7, 2)
(38, 10, 1)
(38, 13, 1)
(38, 38, 1)
(39, 3, 2)
(39, 4, 1)
(39, 6, 1)
(39, 9, 2)
(39, 12, 1)
(39, 17, 1)
(39, 18, 2)
xi_2:
(2, 21, 1)
(3, 6, 1)
(3, 7, 1)
(13, 11, 1)
(14, 11, 1)
(14, 22, 1)
(17, 36, 1)
(18, 35, 1)
(21, 7, 1)
(21, 9, 1)
(21, 12, 1)
(21, 31, 1)
(22, 9, 1)
(22, 16, 1)
(24, 7, 1)
(24, 10, 1)
(25, 17, 1)
(26, 6, 1)
(26, 9, 1)
(26, 13, 1)
(26, 15, 1)
(26, 17, 1)
(27, 3, 2)
(27, 4, 1)
(27, 14, 2)
(28, 23, 1)
(29, 2, 1)
(29, 3, 1)
(29, 5, 1)
(29, 9, 1)
(29, 12, 2)
(29, 22, 1)
(29, 27, 1)
(29, 28, 1)
(30, 3, 1)
(30, 4, 1)
(30, 6, 1)
(30, 9, 1)
(30, 12, 2)
(30, 13, 1)
(30, 18, 1)
(30, 21, 1)
(30, 24, 1)
(30, 37, 1)
(31, 2, 1)
(31, 5, 2)
(31, 7, 2)
(31, 10, 1)
(31, 15, 1)
(31, 21, 1)
(31, 22, 1)
(32, 2, 1)
(32, 3, 2)
(32, 5, 1)
(32, 7, 1)
(32, 8, 1)
(32, 9, 1)
(32, 34, 1)
(33, 9, 1)
(33, 24, 1)
(34, 9, 1)
(35, 1, 1)
(39, 10, 1)
(39, 13, 1)
(39, 38, 1)
