x-grades
-658811012846076861/800000000000000000
-323072526679284821/400000000000000000
-633479093871062423/800000000000000000
-155203283595888801/200000000000000000
-121629434979209597/160000000000000000
-297740607704270383/400000000000000000
-582815255921033547/800000000000000000
-71268662054190791/100000000000000000
-557483336946019109/800000000000000000
-54481737745851189/80000000000000000
-532151417971004671/800000000000000000
-129871364620874363/200000000000000000
-506819498995990233/800000000000000000
-247076769754241507/400000000000000000
-96297516004195159/160000000000000000
-14650675641670893/25000000000000000
-456155661045961357/800000000000000000
-221744850779227069/400000000000000000
-430823742070946919/800000000000000000
-4181577825834397/8000000000000000
-405491823095932481/800000000000000000
-196412931804212631/400000000000000000
-380159904120918043/800000000000000000
-45936743079176353/100000000000000000
-70965597029180721/160000000000000000
-171081012829198193/400000000000000000
-329496066170889167/800000000000000000
-79207526670845487/200000000000000000
-304164147195874729/800000000000000000
-29149818770836751/80000000000000000
-278832228220860291/800000000000000000
-16635391795834567/50000000000000000
-253500309245845853/800000000000000000
-120417174879169317/400000000000000000
-45633678054166283/160000000000000000
-53875607695831049/200000000000000000
-202836471295816977/800000000000000000
-95085255904154879/400000000000000000
-177504552320802539/800000000000000000
-4120964820832383/20000000000000000

y-grades
4999963/20000000
4999963/10000000
14999889/20000000
4999963/5000000
4999963/4000000
14999889/10000000
34999741/20000000
4999963/2500000
44999667/20000000
4999963/2000000
54999593/20000000
14999889/5000000
64999519/20000000
34999741/10000000
14999889/4000000
4999963/1250000
84999371/20000000
44999667/10000000
94999297/20000000
4999963/1000000
104999223/20000000
54999593/10000000
114999149/20000000
14999889/2500000
4999963/800000
64999519/10000000
134999001/20000000
34999741/5000000
144998927/20000000
14999889/2000000
154998853/20000000
4999963/625000
164998779/20000000
84999371/10000000
34999741/4000000
44999667/5000000
184998631/20000000
94999297/10000000
194998557/20000000
4999963/500000

Dimensions > 0:
(0, 0, 8)
(0, 1, 4)
(0, 2, 4)
(0, 3, 4)
(0, 4, 3)
(0, 5, 2)
(0, 6, 2)
(0, 7, 2)
(0, 8, 2)
(0, 9, 2)
(0, 10, 2)
(0, 11, 2)
(0, 12, 2)
(0, 13, 2)
(0, 14, 1)
(0, 15, 1)
(0, 16, 1)
(0, 17, 1)
(0, 18, 1)
(0, 19, 1)
(0, 20, 1)
(0, 21, 1)
(0, 22, 1)
(0, 23, 1)
(0, 24, 1)
(0, 25, 1)
(0, 26, 1)
(0, 27, 1)
(0, 28, 1)
(0, 29, 1)
(0, 30, 1)
(0, 31, 1)
(0, 32, 1)
(0, 33, 1)
(0, 34, 1)
(0, 35, 1)
(0, 36, 1)
(0, 37, 1)
(0, 38, 1)
(0, 39, 1)

(1, 0, 10)
(1, 1, 4)
(1, 2, 4)
(1, 3, 4)
(1, 4, 2)
(1, 5, 2)
(1, 6, 2)
(1, 7, 2)
(1, 8, 2)
(1, 9, 2)
(1, 10, 2)
(1, 11, 2)
(1, 12, 2)
(1, 13, 2)
(1, 14, 1)
(1, 15, 1)
(1, 16, 1)
(1, 17, 1)
(1, 18, 1)
(1, 19, 1)
(1, 20, 1)
(1, 21, 1)
(1, 22, 1)
(1, 23, 1)
(1, 24, 1)
(1, 25, 1)
(1, 26, 1)
(1, 27, 1)
(1, 28, 1)
(1, 29, 1)
(1, 30, 1)
(1, 31, 1)
(1, 32, 1)
(1, 33, 1)
(1, 34, 1)
(1, 35, 1)
(1, 36, 1)
(1, 37, 1)
(1, 38, 1)
(1, 39, 1)

(2, 0, 13)
(2, 1, 6)
(2, 2, 6)
(2, 3, 6)
(2, 4, 4)
(2, 5, 4)
(2, 6, 4)
(2, 7, 4)
(2, 8, 4)
(2, 9, 4)
(2, 10, 3)
(2, 11, 3)
(2, 12, 3)
(2, 13, 3)
(2, 14, 2)
(2, 15, 1)
(2, 16, 1)
(2, 17, 1)
(2, 18, 1)
(2, 19, 1)
(2, 20, 1)
(2, 21, 1)
(2, 22, 1)
(2, 23, 1)
(2, 24, 1)
(2, 25, 1)
(2, 26, 1)
(2, 27, 1)
(2, 28, 1)
(2, 29, 1)
(2, 30, 1)
(2, 31, 1)
(2, 32, 1)
(2, 33, 1)
(2, 34, 1)
(2, 35, 1)
(2, 36, 1)
(2, 37, 1)
(2, 38, 1)
(2, 39, 1)

(3, 0, 16)
(3, 1, 7)
(3, 2, 6)
(3, 3, 6)
(3, 4, 4)
(3, 5, 4)
(3, 6, 4)
(3, 7, 4)
(3, 8, 4)
(3, 9, 4)
(3, 10, 3)
(3, 11, 3)
(3, 12, 3)
(3, 13, 3)
(3, 14, 1)
(3, 15, 1)
(3, 16, 1)
(3, 17, 1)
(3, 18, 1)
(3, 19, 1)
(3, 20, 1)
(3, 21, 1)
(3, 22, 1)
(3, 23, 1)
(3, 24, 1)
(3, 25, 1)
(3, 26, 1)
(3, 27, 1)
(3, 28, 1)
(3, 29, 1)
(3, 30, 1)
(3, 31, 1)
(3, 32, 1)
(3, 33, 1)
(3, 34, 1)
(3, 35, 1)
(3, 36, 1)
(3, 37, 1)
(3, 38, 1)
(3, 39, 1)

(4, 0, 18)
(4, 1, 9)
(4, 2, 8)
(4, 3, 8)
(4, 4, 5)
(4, 5, 5)
(4, 6, 5)
(4, 7, 5)
(4, 8, 5)
(4, 9, 5)
(4, 10, 4)
(4, 11, 4)
(4, 12, 4)
(4, 13, 4)
(4, 14, 2)
(4, 15, 2)
(4, 16, 2)
(4, 17, 2)
(4, 18, 2)
(4, 19, 2)
(4, 20, 2)
(4, 21, 2)
(4, 22, 2)
(4, 23, 2)
(4, 24, 2)
(4, 25, 2)
(4, 26, 2)
(4, 27, 2)
(4, 28, 2)
(4, 29, 2)
(4, 30, 2)
(4, 31, 2)
(4, 32, 2)
(4, 33, 2)
(4, 34, 2)
(4, 35, 2)
(4, 36, 2)
(4, 37, 2)
(4, 38, 2)
(4, 39, 2)

(5, 0, 22)
(5, 1, 12)
(5, 2, 10)
(5, 3, 10)
(5, 4, 7)
(5, 5, 6)
(5, 6, 6)
(5, 7, 6)
(5, 8, 6)
(5, 9, 6)
(5, 10, 4)
(5, 11, 4)
(5, 12, 4)
(5, 13, 4)
(5, 14, 2)
(5, 15, 2)
(5, 16, 2)
(5, 17, 2)
(5, 18, 2)
(5, 19, 2)
(5, 20, 2)
(5, 21, 2)
(5, 22, 2)
(5, 23, 2)
(5, 24, 2)
(5, 25, 2)
(5, 26, 2)
(5, 27, 2)
(5, 28, 2)
(5, 29, 2)
(5, 30, 2)
(5, 31, 2)
(5, 32, 2)
(5, 33, 2)
(5, 34, 2)
(5, 35, 2)
(5, 36, 2)
(5, 37, 2)
(5, 38, 2)
(5, 39, 2)

(6, 0, 28)
(6, 1, 17)
(6, 2, 11)
(6, 3, 10)
(6, 4, 7)
(6, 5, 6)
(6, 6, 6)
(6, 7, 6)
(6, 8, 6)
(6, 9, 6)
(6, 10, 4)
(6, 11, 4)
(6, 12, 4)
(6, 13, 4)
(6, 14, 2)
(6, 15, 2)
(6, 16, 2)
(6, 17, 2)
(6, 18, 2)
(6, 19, 2)
(6, 20, 2)
(6, 21, 2)
(6, 22, 2)
(6, 23, 2)
(6, 24, 2)
(6, 25, 2)
(6, 26, 2)
(6, 27, 2)
(6, 28, 2)
(6, 29, 2)
(6, 30, 2)
(6, 31, 2)
(6, 32, 2)
(6, 33, 2)
(6, 34, 2)
(6, 35, 2)
(6, 36, 2)
(6, 37, 2)
(6, 38, 2)
(6, 39, 2)

(7, 0, 30)
(7, 1, 19)
(7, 2, 12)
(7, 3, 11)
(7, 4, 7)
(7, 5, 6)
(7, 6, 6)
(7, 7, 6)
(7, 8, 6)
(7, 9, 6)
(7, 10, 4)
(7, 11, 4)
(7, 12, 4)
(7, 13, 4)
(7, 14, 2)
(7, 15, 2)
(7, 16, 2)
(7, 17, 2)
(7, 18, 2)
(7, 19, 2)
(7, 20, 2)
(7, 21, 2)
(7, 22, 2)
(7, 23, 2)
(7, 24, 2)
(7, 25, 2)
(7, 26, 2)
(7, 27, 2)
(7, 28, 2)
(7, 29, 2)
(7, 30, 2)
(7, 31, 2)
(7, 32, 2)
(7, 33, 2)
(7, 34, 2)
(7, 35, 2)
(7, 36, 2)
(7, 37, 2)
(7, 38, 2)
(7, 39, 2)

(8, 0, 32)
(8, 1, 21)
(8, 2, 14)
(8, 3, 12)
(8, 4, 8)
(8, 5, 6)
(8, 6, 6)
(8, 7, 6)
(8, 8, 6)
(8, 9, 6)
(8, 10, 4)
(8, 11, 4)
(8, 12, 4)
(8, 13, 4)
(8, 14, 2)
(8, 15, 2)
(8, 16, 2)
(8, 17, 2)
(8, 18, 2)
(8, 19, 2)
(8, 20, 2)
(8, 21, 2)
(8, 22, 2)
(8, 23, 2)
(8, 24, 2)
(8, 25, 2)
(8, 26, 2)
(8, 27, 2)
(8, 28, 2)
(8, 29, 2)
(8, 30, 2)
(8, 31, 2)
(8, 32, 2)
(8, 33, 2)
(8, 34, 2)
(8, 35, 2)
(8, 36, 2)
(8, 37, 2)
(8, 38, 2)
(8, 39, 2)

(9, 0, 38)
(9, 1, 25)
(9, 2, 17)
(9, 3, 15)
(9, 4, 11)
(9, 5, 8)
(9, 6, 8)
(9, 7, 8)
(9, 8, 8)
(9, 9, 8)
(9, 10, 6)
(9, 11, 5)
(9, 12, 5)
(9, 13, 5)
(9, 14, 3)
(9, 15, 3)
(9, 16, 3)
(9, 17, 3)
(9, 18, 3)
(9, 19, 3)
(9, 20, 3)
(9, 21, 3)
(9, 22, 3)
(9, 23, 3)
(9, 24, 3)
(9, 25, 3)
(9, 26, 3)
(9, 27, 3)
(9, 28, 3)
(9, 29, 3)
(9, 30, 3)
(9, 31, 3)
(9, 32, 3)
(9, 33, 3)
(9, 34, 3)
(9, 35, 3)
(9, 36, 3)
(9, 37, 3)
(9, 38, 3)
(9, 39, 3)

(10, 0, 48)
(10, 1, 30)
(10, 2, 20)
(10, 3, 17)
(10, 4, 13)
(10, 5, 9)
(10, 6, 9)
(10, 7, 9)
(10, 8, 9)
(10, 9, 9)
(10, 10, 7)
(10, 11, 6)
(10, 12, 6)
(10, 13, 6)
(10, 14, 4)
(10, 15, 4)
(10, 16, 4)
(10, 17, 4)
(10, 18, 4)
(10, 19, 4)
(10, 20, 4)
(10, 21, 4)
(10, 22, 4)
(10, 23, 4)
(10, 24, 4)
(10, 25, 4)
(10, 26, 4)
(10, 27, 4)
(10, 28, 4)
(10, 29, 4)
(10, 30, 4)
(10, 31, 4)
(10, 32, 4)
(10, 33, 4)
(10, 34, 4)
(10, 35, 4)
(10, 36, 4)
(10, 37, 4)
(10, 38, 4)
(10, 39, 4)

(11, 0, 57)
(11, 1, 36)
(11, 2, 23)
(11, 3, 18)
(11, 4, 13)
(11, 5, 9)
(11, 6, 9)
(11, 7, 9)
(11, 8, 9)
(11, 9, 9)
(11, 10, 7)
(11, 11, 6)
(11, 12, 6)
(11, 13, 6)
(11, 14, 4)
(11, 15, 4)
(11, 16, 4)
(11, 17, 4)
(11, 18, 4)
(11, 19, 4)
(11, 20, 4)
(11, 21, 4)
(11, 22, 4)
(11, 23, 4)
(11, 24, 4)
(11, 25, 4)
(11, 26, 4)
(11, 27, 4)
(11, 28, 4)
(11, 29, 4)
(11, 30, 4)
(11, 31, 4)
(11, 32, 4)
(11, 33, 4)
(11, 34, 4)
(11, 35, 4)
(11, 36, 4)
(11, 37, 4)
(11, 38, 4)
(11, 39, 4)

(12, 0, 57)
(12, 1, 36)
(12, 2, 23)
(12, 3, 18)
(12, 4, 13)
(12, 5, 9)
(12, 6, 9)
(12, 7, 9)
(12, 8, 9)
(12, 9, 9)
(12, 10, 7)
(12, 11, 6)
(12, 12, 6)
(12, 13, 6)
(12, 14, 4)
(12, 15, 4)
(12, 16, 4)
(12, 17, 4)
(12, 18, 4)
(12, 19, 4)
(12, 20, 4)
(12, 21, 4)
(12, 22, 4)
(12, 23, 4)
(12, 24, 4)
(12, 25, 4)
(12, 26, 4)
(12, 27, 4)
(12, 28, 4)
(12, 29, 4)
(12, 30, 4)
(12, 31, 4)
(12, 32, 4)
(12, 33, 4)
(12, 34, 4)
(12, 35, 4)
(12, 36, 4)
(12, 37, 4)
(12, 38, 4)
(12, 39, 4)

(13, 0, 64)
(13, 1, 41)
(13, 2, 28)
(13, 3, 22)
(13, 4, 17)
(13, 5, 11)
(13, 6, 11)
(13, 7, 11)
(13, 8, 11)
(13, 9, 11)
(13, 10, 9)
(13, 11, 7)
(13, 12, 7)
(13, 13, 7)
(13, 14, 5)
(13, 15, 5)
(13, 16, 5)
(13, 17, 5)
(13, 18, 5)
(13, 19, 5)
(13, 20, 5)
(13, 21, 5)
(13, 22, 5)
(13, 23, 5)
(13, 24, 5)
(13, 25, 5)
(13, 26, 5)
(13, 27, 5)
(13, 28, 5)
(13, 29, 5)
(13, 30, 5)
(13, 31, 5)
(13, 32, 5)
(13, 33, 5)
(13, 34, 5)
(13, 35, 5)
(13, 36, 5)
(13, 37, 5)
(13, 38, 5)
(13, 39, 5)

(14, 0, 84)
(14, 1, 50)
(14, 2, 35)
(14, 3, 26)
(14, 4, 21)
(14, 5, 14)
(14, 6, 13)
(14, 7, 13)
(14, 8, 13)
(14, 9, 13)
(14, 10, 11)
(14, 11, 9)
(14, 12, 9)
(14, 13, 9)
(14, 14, 7)
(14, 15, 7)
(14, 16, 7)
(14, 17, 7)
(14, 18, 6)
(14, 19, 6)
(14, 20, 6)
(14, 21, 6)
(14, 22, 6)
(14, 23, 6)
(14, 24, 6)
(14, 25, 6)
(14, 26, 6)
(14, 27, 6)
(14, 28, 6)
(14, 29, 6)
(14, 30, 6)
(14, 31, 6)
(14, 32, 6)
(14, 33, 6)
(14, 34, 6)
(14, 35, 6)
(14, 36, 6)
(14, 37, 6)
(14, 38, 6)
(14, 39, 6)

(15, 0, 94)
(15, 1, 55)
(15, 2, 39)
(15, 3, 29)
(15, 4, 24)
(15, 5, 16)
(15, 6, 15)
(15, 7, 14)
(15, 8, 14)
(15, 9, 14)
(15, 10, 12)
(15, 11, 10)
(15, 12, 10)
(15, 13, 9)
(15, 14, 7)
(15, 15, 7)
(15, 16, 7)
(15, 17, 7)
(15, 18, 6)
(15, 19, 6)
(15, 20, 6)
(15, 21, 6)
(15, 22, 6)
(15, 23, 6)
(15, 24, 6)
(15, 25, 6)
(15, 26, 6)
(15, 27, 6)
(15, 28, 6)
(15, 29, 6)
(15, 30, 6)
(15, 31, 6)
(15, 32, 6)
(15, 33, 6)
(15, 34, 5)
(15, 35, 5)
(15, 36, 5)
(15, 37, 5)
(15, 38, 5)
(15, 39, 5)

(16, 0, 104)
(16, 1, 63)
(16, 2, 46)
(16, 3, 34)
(16, 4, 28)
(16, 5, 18)
(16, 6, 15)
(16, 7, 15)
(16, 8, 15)
(16, 9, 15)
(16, 10, 13)
(16, 11, 11)
(16, 12, 10)
(16, 13, 10)
(16, 14, 7)
(16, 15, 7)
(16, 16, 7)
(16, 17, 7)
(16, 18, 5)
(16, 19, 5)
(16, 20, 5)
(16, 21, 5)
(16, 22, 5)
(16, 23, 5)
(16, 24, 5)
(16, 25, 5)
(16, 26, 5)
(16, 27, 5)
(16, 28, 5)
(16, 29, 5)
(16, 30, 5)
(16, 31, 5)
(16, 32, 5)
(16, 33, 5)
(16, 34, 5)
(16, 35, 5)
(16, 36, 5)
(16, 37, 5)
(16, 38, 5)
(16, 39, 5)

(17, 0, 113)
(17, 1, 67)
(17, 2, 48)
(17, 3, 35)
(17, 4, 28)
(17, 5, 18)
(17, 6, 15)
(17, 7, 15)
(17, 8, 15)
(17, 9, 15)
(17, 10, 13)
(17, 11, 11)
(17, 12, 10)
(17, 13, 10)
(17, 14, 7)
(17, 15, 7)
(17, 16, 7)
(17, 17, 6)
(17, 18, 5)
(17, 19, 5)
(17, 20, 5)
(17, 21, 5)
(17, 22, 5)
(17, 23, 5)
(17, 24, 5)
(17, 25, 5)
(17, 26, 5)
(17, 27, 5)
(17, 28, 5)
(17, 29, 5)
(17, 30, 5)
(17, 31, 5)
(17, 32, 5)
(17, 33, 5)
(17, 34, 5)
(17, 35, 5)
(17, 36, 5)
(17, 37, 5)
(17, 38, 5)
(17, 39, 5)

(18, 0, 117)
(18, 1, 71)
(18, 2, 52)
(18, 3, 39)
(18, 4, 32)
(18, 5, 19)
(18, 6, 15)
(18, 7, 15)
(18, 8, 15)
(18, 9, 15)
(18, 10, 13)
(18, 11, 11)
(18, 12, 10)
(18, 13, 10)
(18, 14, 7)
(18, 15, 7)
(18, 16, 7)
(18, 17, 6)
(18, 18, 5)
(18, 19, 5)
(18, 20, 5)
(18, 21, 5)
(18, 22, 5)
(18, 23, 5)
(18, 24, 5)
(18, 25, 5)
(18, 26, 5)
(18, 27, 5)
(18, 28, 5)
(18, 29, 5)
(18, 30, 5)
(18, 31, 5)
(18, 32, 5)
(18, 33, 5)
(18, 34, 5)
(18, 35, 5)
(18, 36, 5)
(18, 37, 5)
(18, 38, 5)
(18, 39, 5)

(19, 0, 125)
(19, 1, 77)
(19, 2, 57)
(19, 3, 43)
(19, 4, 34)
(19, 5, 19)
(19, 6, 15)
(19, 7, 15)
(19, 8, 15)
(19, 9, 15)
(19, 10, 13)
(19, 11, 11)
(19, 12, 10)
(19, 13, 10)
(19, 14, 7)
(19, 15, 7)
(19, 16, 7)
(19, 17, 6)
(19, 18, 5)
(19, 19, 5)
(19, 20, 5)
(19, 21, 5)
(19, 22, 5)
(19, 23, 5)
(19, 24, 5)
(19, 25, 5)
(19, 26, 5)
(19, 27, 5)
(19, 28, 5)
(19, 29, 5)
(19, 30, 5)
(19, 31, 5)
(19, 32, 5)
(19, 33, 5)
(19, 34, 5)
(19, 35, 5)
(19, 36, 5)
(19, 37, 5)
(19, 38, 5)
(19, 39, 5)

(20, 0, 139)
(20, 1, 87)
(20, 2, 65)
(20, 3, 50)
(20, 4, 40)
(20, 5, 21)
(20, 6, 17)
(20, 7, 17)
(20, 8, 17)
(20, 9, 17)
(20, 10, 15)
(20, 11, 13)
(20, 12, 12)
(20, 13, 12)
(20, 14, 9)
(20, 15, 9)
(20, 16, 9)
(20, 17, 8)
(20, 18, 6)
(20, 19, 6)
(20, 20, 6)
(20, 21, 6)
(20, 22, 6)
(20, 23, 6)
(20, 24, 6)
(20, 25, 6)
(20, 26, 6)
(20, 27, 6)
(20, 28, 6)
(20, 29, 6)
(20, 30, 6)
(20, 31, 6)
(20, 32, 6)
(20, 33, 6)
(20, 34, 6)
(20, 35, 6)
(20, 36, 6)
(20, 37, 6)
(20, 38, 6)
(20, 39, 6)

(21, 0, 143)
(21, 1, 90)
(21, 2, 67)
(21, 3, 52)
(21, 4, 41)
(21, 5, 21)
(21, 6, 17)
(21, 7, 17)
(21, 8, 17)
(21, 9, 17)
(21, 10, 15)
(21, 11, 13)
(21, 12, 12)
(21, 13, 12)
(21, 14, 9)
(21, 15, 9)
(21, 16, 9)
(21, 17, 8)
(21, 18, 6)
(21, 19, 6)
(21, 20, 6)
(21, 21, 6)
(21, 22, 6)
(21, 23, 6)
(21, 24, 6)
(21, 25, 6)
(21, 26, 6)
(21, 27, 6)
(21, 28, 6)
(21, 29, 6)
(21, 30, 6)
(21, 31, 6)
(21, 32, 6)
(21, 33, 6)
(21, 34, 6)
(21, 35, 6)
(21, 36, 6)
(21, 37, 6)
(21, 38, 6)
(21, 39, 6)

(22, 0, 152)
(22, 1, 96)
(22, 2, 72)
(22, 3, 56)
(22, 4, 45)
(22, 5, 23)
(22, 6, 18)
(22, 7, 18)
(22, 8, 18)
(22, 9, 17)
(22, 10, 15)
(22, 11, 13)
(22, 12, 12)
(22, 13, 12)
(22, 14, 9)
(22, 15, 9)
(22, 16, 9)
(22, 17, 8)
(22, 18, 6)
(22, 19, 6)
(22, 20, 6)
(22, 21, 6)
(22, 22, 6)
(22, 23, 6)
(22, 24, 6)
(22, 25, 6)
(22, 26, 6)
(22, 27, 6)
(22, 28, 6)
(22, 29, 6)
(22, 30, 6)
(22, 31, 6)
(22, 32, 6)
(22, 33, 6)
(22, 34, 6)
(22, 35, 6)
(22, 36, 6)
(22, 37, 6)
(22, 38, 6)
(22, 39, 6)

(23, 0, 161)
(23, 1, 104)
(23, 2, 79)
(23, 3, 62)
(23, 4, 50)
(23, 5, 26)
(23, 6, 20)
(23, 7, 18)
(23, 8, 18)
(23, 9, 18)
(23, 10, 16)
(23, 11, 14)
(23, 12, 13)
(23, 13, 12)
(23, 14, 9)
(23, 15, 9)
(23, 16, 9)
(23, 17, 8)
(23, 18, 6)
(23, 19, 6)
(23, 20, 6)
(23, 21, 6)
(23, 22, 6)
(23, 23, 6)
(23, 24, 6)
(23, 25, 6)
(23, 26, 6)
(23, 27, 6)
(23, 28, 6)
(23, 29, 6)
(23, 30, 6)
(23, 31, 6)
(23, 32, 6)
(23, 33, 5)
(23, 34, 5)
(23, 35, 5)
(23, 36, 5)
(23, 37, 5)
(23, 38, 5)
(23, 39, 5)

(24, 0, 171)
(24, 1, 112)
(24, 2, 86)
(24, 3, 66)
(24, 4, 53)
(24, 5, 28)
(24, 6, 21)
(24, 7, 20)
(24, 8, 20)
(24, 9, 20)
(24, 10, 17)
(24, 11, 15)
(24, 12, 13)
(24, 13, 13)
(24, 14, 9)
(24, 15, 9)
(24, 16, 9)
(24, 17, 7)
(24, 18, 5)
(24, 19, 5)
(24, 20, 5)
(24, 21, 5)
(24, 22, 5)
(24, 23, 5)
(24, 24, 5)
(24, 25, 5)
(24, 26, 5)
(24, 27, 5)
(24, 28, 5)
(24, 29, 5)
(24, 30, 5)
(24, 31, 5)
(24, 32, 5)
(24, 33, 5)
(24, 34, 5)
(24, 35, 5)
(24, 36, 5)
(24, 37, 4)
(24, 38, 4)
(24, 39, 4)

(25, 0, 188)
(25, 1, 125)
(25, 2, 95)
(25, 3, 74)
(25, 4, 57)
(25, 5, 29)
(25, 6, 20)
(25, 7, 20)
(25, 8, 19)
(25, 9, 19)
(25, 10, 17)
(25, 11, 15)
(25, 12, 13)
(25, 13, 13)
(25, 14, 9)
(25, 15, 9)
(25, 16, 9)
(25, 17, 7)
(25, 18, 5)
(25, 19, 5)
(25, 20, 5)
(25, 21, 5)
(25, 22, 5)
(25, 23, 5)
(25, 24, 5)
(25, 25, 5)
(25, 26, 5)
(25, 27, 5)
(25, 28, 5)
(25, 29, 5)
(25, 30, 5)
(25, 31, 5)
(25, 32, 5)
(25, 33, 5)
(25, 34, 5)
(25, 35, 5)
(25, 36, 4)
(25, 37, 4)
(25, 38, 4)
(25, 39, 4)

(26, 0, 213)
(26, 1, 137)
(26, 2, 105)
(26, 3, 80)
(26, 4, 59)
(26, 5, 31)
(26, 6, 22)
(26, 7, 19)
(26, 8, 19)
(26, 9, 19)
(26, 10, 17)
(26, 11, 15)
(26, 12, 13)
(26, 13, 13)
(26, 14, 9)
(26, 15, 9)
(26, 16, 9)
(26, 17, 7)
(26, 18, 5)
(26, 19, 5)
(26, 20, 5)
(26, 21, 5)
(26, 22, 5)
(26, 23, 5)
(26, 24, 5)
(26, 25, 5)
(26, 26, 5)
(26, 27, 5)
(26, 28, 5)
(26, 29, 5)
(26, 30, 5)
(26, 31, 5)
(26, 32, 5)
(26, 33, 5)
(26, 34, 4)
(26, 35, 4)
(26, 36, 3)
(26, 37, 3)
(26, 38, 3)
(26, 39, 3)

(27, 0, 235)
(27, 1, 150)
(27, 2, 111)
(27, 3, 84)
(27, 4, 61)
(27, 5, 31)
(27, 6, 20)
(27, 7, 19)
(27, 8, 19)
(27, 9, 19)
(27, 10, 17)
(27, 11, 15)
(27, 12, 13)
(27, 13, 13)
(27, 14, 9)
(27, 15, 9)
(27, 16, 9)
(27, 17, 7)
(27, 18, 5)
(27, 19, 5)
(27, 20, 5)
(27, 21, 5)
(27, 22, 5)
(27, 23, 5)
(27, 24, 5)
(27, 25, 5)
(27, 26, 5)
(27, 27, 5)
(27, 28, 5)
(27, 29, 5)
(27, 30, 5)
(27, 31, 5)
(27, 32, 4)
(27, 33, 4)
(27, 34, 4)
(27, 35, 4)
(27, 36, 3)
(27, 37, 3)
(27, 38, 3)
(27, 39, 3)

(28, 0, 245)
(28, 1, 155)
(28, 2, 115)
(28, 3, 86)
(28, 4, 63)
(28, 5, 32)
(28, 6, 20)
(28, 7, 19)
(28, 8, 19)
(28, 9, 19)
(28, 10, 17)
(28, 11, 15)
(28, 12, 13)
(28, 13, 13)
(28, 14, 9)
(28, 15, 9)
(28, 16, 9)
(28, 17, 7)
(28, 18, 5)
(28, 19, 5)
(28, 20, 5)
(28, 21, 5)
(28, 22, 5)
(28, 23, 5)
(28, 24, 4)
(28, 25, 4)
(28, 26, 4)
(28, 27, 4)
(28, 28, 4)
(28, 29, 4)
(28, 30, 4)
(28, 31, 4)
(28, 32, 4)
(28, 33, 4)
(28, 34, 4)
(28, 35, 4)
(28, 36, 3)
(28, 37, 3)
(28, 38, 3)
(28, 39, 3)

(29, 0, 254)
(29, 1, 162)
(29, 2, 119)
(29, 3, 89)
(29, 4, 66)
(29, 5, 34)
(29, 6, 20)
(29, 7, 19)
(29, 8, 19)
(29, 9, 19)
(29, 10, 17)
(29, 11, 15)
(29, 12, 13)
(29, 13, 13)
(29, 14, 9)
(29, 15, 9)
(29, 16, 9)
(29, 17, 7)
(29, 18, 5)
(29, 19, 5)
(29, 20, 5)
(29, 21, 4)
(29, 22, 4)
(29, 23, 4)
(29, 24, 4)
(29, 25, 4)
(29, 26, 4)
(29, 27, 4)
(29, 28, 4)
(29, 29, 4)
(29, 30, 4)
(29, 31, 4)
(29, 32, 4)
(29, 33, 4)
(29, 34, 4)
(29, 35, 4)
(29, 36, 3)
(29, 37, 3)
(29, 38, 3)
(29, 39, 3)

(30, 0, 268)
(30, 1, 171)
(30, 2, 122)
(30, 3, 92)
(30, 4, 69)
(30, 5, 36)
(30, 6, 20)
(30, 7, 19)
(30, 8, 19)
(30, 9, 19)
(30, 10, 17)
(30, 11, 15)
(30, 12, 13)
(30, 13, 13)
(30, 14, 9)
(30, 15, 9)
(30, 16, 9)
(30, 17, 7)
(30, 18, 5)
(30, 19, 4)
(30, 20, 4)
(30, 21, 4)
(30, 22, 4)
(30, 23, 4)
(30, 24, 4)
(30, 25, 4)
(30, 26, 4)
(30, 27, 4)
(30, 28, 4)
(30, 29, 4)
(30, 30, 4)
(30, 31, 4)
(30, 32, 4)
(30, 33, 4)
(30, 34, 4)
(30, 35, 4)
(30, 36, 3)
(30, 37, 3)
(30, 38, 3)
(30, 39, 3)

(31, 0, 277)
(31, 1, 177)
(31, 2, 126)
(31, 3, 94)
(31, 4, 71)
(31, 5, 37)
(31, 6, 22)
(31, 7, 21)
(31, 8, 21)
(31, 9, 21)
(31, 10, 18)
(31, 11, 15)
(31, 12, 13)
(31, 13, 13)
(31, 14, 9)
(31, 15, 9)
(31, 16, 9)
(31, 17, 7)
(31, 18, 5)
(31, 19, 4)
(31, 20, 4)
(31, 21, 4)
(31, 22, 4)
(31, 23, 4)
(31, 24, 4)
(31, 25, 4)
(31, 26, 4)
(31, 27, 4)
(31, 28, 4)
(31, 29, 4)
(31, 30, 4)
(31, 31, 4)
(31, 32, 3)
(31, 33, 3)
(31, 34, 3)
(31, 35, 3)
(31, 36, 2)
(31, 37, 2)
(31, 38, 2)
(31, 39, 2)

(32, 0, 295)
(32, 1, 189)
(32, 2, 137)
(32, 3, 102)
(32, 4, 74)
(32, 5, 37)
(32, 6, 22)
(32, 7, 20)
(32, 8, 20)
(32, 9, 20)
(32, 10, 17)
(32, 11, 15)
(32, 12, 13)
(32, 13, 13)
(32, 14, 9)
(32, 15, 9)
(32, 16, 9)
(32, 17, 7)
(32, 18, 5)
(32, 19, 4)
(32, 20, 4)
(32, 21, 4)
(32, 22, 4)
(32, 23, 3)
(32, 24, 3)
(32, 25, 3)
(32, 26, 3)
(32, 27, 3)
(32, 28, 3)
(32, 29, 3)
(32, 30, 3)
(32, 31, 3)
(32, 32, 3)
(32, 33, 3)
(32, 34, 3)
(32, 35, 3)
(32, 36, 2)
(32, 37, 2)
(32, 38, 2)
(32, 39, 2)

(33, 0, 311)
(33, 1, 204)
(33, 2, 147)
(33, 3, 111)
(33, 4, 80)
(33, 5, 41)
(33, 6, 23)
(33, 7, 20)
(33, 8, 19)
(33, 9, 19)
(33, 10, 17)
(33, 11, 15)
(33, 12, 13)
(33, 13, 13)
(33, 14, 9)
(33, 15, 9)
(33, 16, 8)
(33, 17, 6)
(33, 18, 4)
(33, 19, 3)
(33, 20, 3)
(33, 21, 3)
(33, 22, 3)
(33, 23, 3)
(33, 24, 3)
(33, 25, 3)
(33, 26, 3)
(33, 27, 3)
(33, 28, 3)
(33, 29, 3)
(33, 30, 3)
(33, 31, 3)
(33, 32, 3)
(33, 33, 3)
(33, 34, 3)
(33, 35, 3)
(33, 36, 2)
(33, 37, 2)
(33, 38, 2)
(33, 39, 2)

(34, 0, 346)
(34, 1, 227)
(34, 2, 163)
(34, 3, 119)
(34, 4, 84)
(34, 5, 40)
(34, 6, 20)
(34, 7, 18)
(34, 8, 18)
(34, 9, 18)
(34, 10, 16)
(34, 11, 14)
(34, 12, 12)
(34, 13, 12)
(34, 14, 8)
(34, 15, 8)
(34, 16, 8)
(34, 17, 6)
(34, 18, 4)
(34, 19, 3)
(34, 20, 3)
(34, 21, 3)
(34, 22, 3)
(34, 23, 3)
(34, 24, 3)
(34, 25, 3)
(34, 26, 3)
(34, 27, 3)
(34, 28, 3)
(34, 29, 2)
(34, 30, 2)
(34, 31, 2)
(34, 32, 2)
(34, 33, 2)
(34, 34, 2)
(34, 35, 2)
(34, 36, 1)
(34, 37, 1)
(34, 38, 1)
(34, 39, 1)

(35, 0, 385)
(35, 1, 247)
(35, 2, 172)
(35, 3, 122)
(35, 4, 83)
(35, 5, 38)
(35, 6, 21)
(35, 7, 19)
(35, 8, 19)
(35, 9, 19)
(35, 10, 16)
(35, 11, 14)
(35, 12, 12)
(35, 13, 12)
(35, 14, 8)
(35, 15, 8)
(35, 16, 7)
(35, 17, 5)
(35, 18, 3)
(35, 19, 2)
(35, 20, 2)
(35, 21, 2)
(35, 22, 2)
(35, 23, 2)
(35, 24, 2)
(35, 25, 2)
(35, 26, 2)
(35, 27, 2)
(35, 28, 2)
(35, 29, 2)
(35, 30, 2)
(35, 31, 2)
(35, 32, 2)
(35, 33, 2)
(35, 34, 2)
(35, 35, 2)
(35, 36, 1)
(35, 37, 1)
(35, 38, 1)
(35, 39, 1)

(36, 0, 404)
(36, 1, 261)
(36, 2, 180)
(36, 3, 125)
(36, 4, 84)
(36, 5, 39)
(36, 6, 20)
(36, 7, 18)
(36, 8, 17)
(36, 9, 17)
(36, 10, 15)
(36, 11, 13)
(36, 12, 11)
(36, 13, 11)
(36, 14, 7)
(36, 15, 7)
(36, 16, 7)
(36, 17, 5)
(36, 18, 3)
(36, 19, 2)
(36, 20, 2)
(36, 21, 2)
(36, 22, 2)
(36, 23, 2)
(36, 24, 2)
(36, 25, 2)
(36, 26, 2)
(36, 27, 2)
(36, 28, 2)
(36, 29, 2)
(36, 30, 2)
(36, 31, 2)
(36, 32, 2)
(36, 33, 2)
(36, 34, 2)
(36, 35, 2)
(36, 36, 1)
(36, 37, 1)
(36, 38, 1)
(36, 39, 1)

(37, 0, 420)
(37, 1, 273)
(37, 2, 185)
(37, 3, 128)
(37, 4, 85)
(37, 5, 37)
(37, 6, 20)
(37, 7, 18)
(37, 8, 17)
(37, 9, 17)
(37, 10, 15)
(37, 11, 13)
(37, 12, 10)
(37, 13, 10)
(37, 14, 6)
(37, 15, 6)
(37, 16, 6)
(37, 17, 4)
(37, 18, 2)
(37, 19, 2)
(37, 20, 2)
(37, 21, 2)
(37, 22, 2)
(37, 23, 2)
(37, 24, 2)
(37, 25, 2)
(37, 26, 2)
(37, 27, 2)
(37, 28, 2)
(37, 29, 2)
(37, 30, 2)
(37, 31, 2)
(37, 32, 2)
(37, 33, 2)
(37, 34, 2)
(37, 35, 2)
(37, 36, 1)
(37, 37, 1)
(37, 38, 1)
(37, 39, 1)

(38, 0, 436)
(38, 1, 282)
(38, 2, 188)
(38, 3, 130)
(38, 4, 85)
(38, 5, 37)
(38, 6, 20)
(38, 7, 16)
(38, 8, 16)
(38, 9, 16)
(38, 10, 14)
(38, 11, 12)
(38, 12, 10)
(38, 13, 10)
(38, 14, 6)
(38, 15, 6)
(38, 16, 6)
(38, 17, 4)
(38, 18, 2)
(38, 19, 2)
(38, 20, 2)
(38, 21, 2)
(38, 22, 2)
(38, 23, 2)
(38, 24, 2)
(38, 25, 2)
(38, 26, 2)
(38, 27, 2)
(38, 28, 2)
(38, 29, 2)
(38, 30, 2)
(38, 31, 2)
(38, 32, 2)
(38, 33, 2)
(38, 34, 2)
(38, 35, 2)
(38, 36, 1)
(38, 37, 1)
(38, 38, 1)
(38, 39, 1)

(39, 0, 454)
(39, 1, 292)
(39, 2, 189)
(39, 3, 130)
(39, 4, 85)
(39, 5, 37)
(39, 6, 18)
(39, 7, 16)
(39, 8, 16)
(39, 9, 16)
(39, 10, 14)
(39, 11, 12)
(39, 12, 10)
(39, 13, 10)
(39, 14, 6)
(39, 15, 6)
(39, 16, 6)
(39, 17, 4)
(39, 18, 2)
(39, 19, 2)
(39, 20, 2)
(39, 21, 2)
(39, 22, 2)
(39, 23, 2)
(39, 24, 2)
(39, 25, 2)
(39, 26, 2)
(39, 27, 2)
(39, 28, 2)
(39, 29, 2)
(39, 30, 2)
(39, 31, 2)
(39, 32, 2)
(39, 33, 2)
(39, 34, 2)
(39, 35, 2)
(39, 36, 1)
(39, 37, 1)
(39, 38, 1)
(39, 39, 1)


Betti numbers:
xi_0:
(0, 0, 8)
(1, 0, 2)
(2, 0, 3)
(3, 0, 3)
(4, 0, 2)
(5, 0, 4)
(6, 0, 6)
(7, 0, 2)
(8, 0, 2)
(9, 0, 6)
(10, 0, 10)
(11, 0, 9)
(13, 0, 7)
(14, 0, 20)
(15, 0, 10)
(16, 0, 10)
(17, 0, 9)
(18, 0, 4)
(19, 0, 8)
(20, 0, 14)
(21, 0, 4)
(22, 0, 9)
(23, 0, 9)
(24, 0, 11)
(25, 0, 17)
(26, 0, 25)
(27, 0, 22)
(28, 0, 10)
(29, 0, 9)
(30, 0, 15)
(31, 0, 9)
(32, 0, 18)
(33, 0, 16)
(34, 0, 35)
(35, 0, 40)
(36, 0, 19)
(37, 0, 16)
(38, 0, 16)
(39, 0, 18)
xi_1:
(0, 1, 4)
(0, 4, 1)
(0, 5, 1)
(0, 14, 1)
(1, 1, 2)
(1, 4, 1)
(2, 1, 1)
(2, 10, 1)
(2, 15, 1)
(3, 1, 2)
(3, 2, 1)
(3, 14, 1)
(4, 4, 1)
(5, 1, 1)
(5, 2, 1)
(5, 5, 1)
(5, 10, 1)
(6, 1, 1)
(6, 2, 4)
(6, 3, 1)
(7, 2, 1)
(7, 4, 1)
(8, 3, 1)
(8, 5, 1)
(9, 1, 2)
(9, 2, 1)
(9, 5, 1)
(9, 11, 1)
(10, 1, 5)
(10, 2, 2)
(10, 3, 1)
(10, 5, 1)
(11, 1, 3)
(11, 2, 3)
(11, 3, 2)
(11, 4, 1)
(13, 1, 2)
(13, 3, 1)
(13, 5, 2)
(13, 11, 1)
(14, 1, 11)
(14, 2, 2)
(14, 3, 3)
(14, 5, 1)
(14, 6, 1)
(14, 18, 1)
(15, 1, 5)
(15, 2, 1)
(15, 3, 1)
(15, 5, 1)
(15, 7, 1)
(15, 13, 1)
(15, 34, 1)
(16, 1, 2)
(16, 2, 1)
(16, 3, 2)
(16, 4, 1)
(16, 5, 2)
(16, 6, 2)
(16, 12, 1)
(16, 14, 1)
(16, 18, 1)
(17, 1, 5)
(17, 2, 2)
(17, 3, 1)
(17, 4, 1)
(17, 17, 1)
(18, 5, 3)
(18, 6, 1)
(19, 1, 2)
(19, 2, 1)
(19, 3, 1)
(19, 4, 2)
(19, 5, 3)
(20, 1, 4)
(20, 2, 2)
(20, 3, 1)
(20, 4, 1)
(20, 5, 4)
(20, 18, 1)
(21, 1, 1)
(21, 2, 1)
(21, 4, 1)
(21, 5, 1)
(22, 1, 3)
(22, 2, 1)
(22, 3, 1)
(22, 5, 2)
(22, 6, 1)
(22, 9, 1)
(23, 1, 1)
(23, 2, 1)
(23, 3, 1)
(23, 4, 1)
(23, 5, 2)
(23, 6, 1)
(23, 7, 2)
(23, 13, 1)
(23, 33, 1)
(24, 0, 1)
(24, 1, 3)
(24, 2, 1)
(24, 3, 3)
(24, 4, 1)
(24, 5, 2)
(24, 6, 1)
(24, 10, 1)
(24, 12, 1)
(24, 14, 1)
(24, 17, 1)
(24, 37, 1)
(25, 1, 4)
(25, 2, 4)
(25, 3, 1)
(25, 4, 4)
(25, 5, 4)
(25, 6, 3)
(25, 8, 1)
(25, 36, 1)
(26, 1, 13)
(26, 2, 2)
(26, 3, 4)
(26, 4, 4)
(26, 5, 1)
(26, 6, 2)
(26, 7, 3)
(26, 34, 1)
(27, 1, 9)
(27, 2, 7)
(27, 3, 2)
(27, 4, 2)
(27, 5, 3)
(27, 6, 2)
(27, 32, 1)
(28, 1, 5)
(28, 2, 1)
(28, 3, 2)
(28, 4, 1)
(28, 5, 1)
(28, 6, 1)
(28, 24, 1)
(29, 1, 2)
(29, 2, 3)
(29, 3, 1)
(29, 5, 1)
(29, 6, 2)
(29, 21, 1)
(30, 0, 1)
(30, 1, 6)
(30, 2, 6)
(30, 5, 1)
(30, 6, 2)
(30, 19, 1)
(31, 1, 3)
(31, 2, 2)
(31, 3, 2)
(31, 5, 1)
(31, 10, 1)
(31, 11, 1)
(31, 19, 1)
(31, 32, 1)
(32, 1, 6)
(32, 2, 1)
(32, 3, 3)
(32, 4, 5)
(32, 5, 3)
(32, 7, 1)
(32, 23, 1)
(33, 1, 1)
(33, 2, 5)
(33, 3, 1)
(33, 4, 3)
(33, 5, 2)
(33, 6, 3)
(33, 7, 1)
(33, 8, 1)
(33, 16, 1)
(34, 1, 12)
(34, 2, 7)
(34, 3, 8)
(34, 4, 4)
(34, 5, 5)
(34, 6, 4)
(34, 29, 1)
(35, 0, 1)
(35, 1, 20)
(35, 2, 11)
(35, 3, 7)
(35, 4, 4)
(35, 5, 2)
(35, 10, 1)
(35, 16, 1)
(36, 1, 5)
(36, 2, 6)
(36, 3, 5)
(36, 4, 2)
(36, 5, 2)
(36, 6, 2)
(36, 8, 1)
(37, 1, 4)
(37, 2, 7)
(37, 3, 2)
(37, 4, 2)
(37, 5, 3)
(37, 8, 1)
(37, 12, 1)
(38, 1, 7)
(38, 2, 6)
(38, 3, 1)
(38, 4, 2)
(38, 5, 1)
(38, 7, 2)
(39, 1, 8)
(39, 2, 9)
(39, 3, 1)
(39, 6, 2)
xi_2:
(1, 5, 1)
(3, 15, 1)
(16, 7, 1)
(16, 13, 1)
(16, 34, 1)
(17, 18, 1)
(19, 5, 1)
(23, 9, 1)
(24, 1, 1)
(24, 5, 1)
(24, 7, 1)
(24, 13, 1)
(24, 33, 1)
(25, 5, 1)
(25, 6, 1)
(25, 7, 1)
(25, 10, 1)
(25, 37, 1)
(26, 5, 1)
(26, 6, 2)
(26, 8, 1)
(27, 5, 1)
(27, 7, 2)
(27, 34, 1)
(28, 4, 1)
(28, 32, 1)
(29, 24, 1)
(30, 1, 1)
(30, 21, 1)
(31, 6, 1)
(31, 19, 1)
(32, 11, 1)
(32, 32, 1)
(33, 10, 1)
(33, 23, 1)
(34, 6, 2)
(34, 7, 1)
(34, 8, 1)
(34, 16, 1)
(35, 1, 1)
(35, 3, 1)
(35, 5, 1)
(35, 6, 3)
(35, 29, 1)
(36, 5, 2)
(36, 10, 1)
(36, 16, 1)
(37, 6, 2)
(37, 8, 1)
(37, 19, 1)
(38, 5, 1)
(38, 8, 1)
(38, 12, 1)
(39, 7, 2)
