x-grades
-44232697394836801/25000000000000000
-5437017508933189/3125000000000000
-42759582748094223/25000000000000000
-21011512712361467/12500000000000000
-8257293620270329/5000000000000000
-10137477694495089/6250000000000000
-39813353454609067/25000000000000000
-19538398065618889/12500000000000000
-38340238807866489/25000000000000000
-47004601855619/31250000000000
-36867124161123911/25000000000000000
-18065283418876311/12500000000000000
-35394009514381333/25000000000000000
-8664363047752511/6250000000000000
-6784178973527751/5000000000000000
-16592168772133733/12500000000000000
-32447780220896177/25000000000000000
-3963902862190611/3125000000000000
-30974665574153599/25000000000000000
-3023810825078231/2500000000000000
-29501550927411021/25000000000000000
-7191248401009933/6250000000000000
-28028436280668443/25000000000000000
-13645939478648577/12500000000000000
-5311064326785173/5000000000000000
-1613672769409661/1562500000000000
-25082206987183287/25000000000000000
-12172824831905999/12500000000000000
-23609092340440709/25000000000000000
-1143626750853471/1250000000000000
-22135977693698131/25000000000000000
-10699710185163421/12500000000000000
-20662863046955553/25000000000000000
-2490788215448033/3125000000000000
-767589936008519/1000000000000000
-9226595538420843/12500000000000000
-17716633753470397/25000000000000000
-4245019107524777/6250000000000000
-16243519106727819/25000000000000000
-1550696178335653/2500000000000000

y-grades
624913/2500000
624913/1250000
1874739/2500000
624913/625000
624913/500000
1874739/1250000
4374391/2500000
624913/312500
5624217/2500000
624913/250000
6874043/2500000
1874739/625000
8123869/2500000
4374391/1250000
1874739/500000
624913/156250
10623521/2500000
5624217/1250000
11873347/2500000
624913/125000
13123173/2500000
6874043/1250000
14372999/2500000
1874739/312500
624913/100000
8123869/1250000
16872651/2500000
4374391/625000
18122477/2500000
1874739/250000
19372303/2500000
624913/78125
20622129/2500000
10623521/1250000
4374391/500000
5624217/625000
23121781/2500000
11873347/1250000
24371607/2500000
624913/62500

Dimensions > 0:
(0, 0, 14)
(0, 1, 6)
(0, 2, 6)
(0, 3, 5)
(0, 4, 4)
(0, 5, 4)
(0, 6, 4)
(0, 7, 4)
(0, 8, 3)
(0, 9, 2)
(0, 10, 2)
(0, 11, 2)
(0, 12, 2)
(0, 13, 2)
(0, 14, 2)
(0, 15, 2)
(0, 16, 2)
(0, 17, 2)
(0, 18, 2)
(0, 19, 2)
(0, 20, 2)
(0, 21, 2)
(0, 22, 2)
(0, 23, 2)
(0, 24, 2)
(0, 25, 1)
(0, 26, 1)
(0, 27, 1)
(0, 28, 1)
(0, 29, 1)
(0, 30, 1)
(0, 31, 1)
(0, 32, 1)
(0, 33, 1)
(0, 34, 1)
(0, 35, 1)
(0, 36, 1)
(0, 37, 1)
(0, 38, 1)
(0, 39, 1)

(1, 0, 46)
(1, 1, 32)
(1, 2, 27)
(1, 3, 23)
(1, 4, 22)
(1, 5, 22)
(1, 6, 17)
(1, 7, 8)
(1, 8, 4)
(1, 9, 4)
(1, 10, 4)
(1, 11, 4)
(1, 12, 4)
(1, 13, 4)
(1, 14, 4)
(1, 15, 4)
(1, 16, 4)
(1, 17, 3)
(1, 18, 3)
(1, 19, 3)
(1, 20, 3)
(1, 21, 3)
(1, 22, 3)
(1, 23, 3)
(1, 24, 3)
(1, 25, 3)
(1, 26, 3)
(1, 27, 3)
(1, 28, 3)
(1, 29, 3)
(1, 30, 3)
(1, 31, 3)
(1, 32, 3)
(1, 33, 3)
(1, 34, 3)
(1, 35, 3)
(1, 36, 3)
(1, 37, 3)
(1, 38, 3)
(1, 39, 3)

(2, 0, 105)
(2, 1, 65)
(2, 2, 50)
(2, 3, 35)
(2, 4, 32)
(2, 5, 30)
(2, 6, 21)
(2, 7, 6)
(2, 8, 2)
(2, 9, 2)
(2, 10, 2)
(2, 11, 2)
(2, 12, 2)
(2, 13, 2)
(2, 14, 2)
(2, 15, 2)
(2, 16, 2)
(2, 17, 2)
(2, 18, 2)
(2, 19, 2)
(2, 20, 2)
(2, 21, 2)
(2, 22, 2)
(2, 23, 2)
(2, 24, 2)
(2, 25, 2)
(2, 26, 2)
(2, 27, 2)
(2, 28, 2)
(2, 29, 2)
(2, 30, 2)
(2, 31, 2)
(2, 32, 2)
(2, 33, 1)
(2, 34, 1)
(2, 35, 1)
(2, 36, 1)
(2, 37, 1)
(2, 38, 1)
(2, 39, 1)

(3, 0, 117)
(3, 1, 73)
(3, 2, 56)
(3, 3, 38)
(3, 4, 33)
(3, 5, 31)
(3, 6, 21)
(3, 7, 6)
(3, 8, 2)
(3, 9, 2)
(3, 10, 2)
(3, 11, 2)
(3, 12, 2)
(3, 13, 2)
(3, 14, 2)
(3, 15, 2)
(3, 16, 2)
(3, 17, 2)
(3, 18, 2)
(3, 19, 2)
(3, 20, 2)
(3, 21, 2)
(3, 22, 2)
(3, 23, 2)
(3, 24, 2)
(3, 25, 2)
(3, 26, 2)
(3, 27, 2)
(3, 28, 2)
(3, 29, 2)
(3, 30, 2)
(3, 31, 2)
(3, 32, 2)
(3, 33, 1)
(3, 34, 1)
(3, 35, 1)
(3, 36, 1)
(3, 37, 1)
(3, 38, 1)
(3, 39, 1)

(4, 0, 120)
(4, 1, 76)
(4, 2, 59)
(4, 3, 41)
(4, 4, 35)
(4, 5, 33)
(4, 6, 22)
(4, 7, 7)
(4, 8, 3)
(4, 9, 3)
(4, 10, 3)
(4, 11, 3)
(4, 12, 3)
(4, 13, 3)
(4, 14, 3)
(4, 15, 3)
(4, 16, 3)
(4, 17, 3)
(4, 18, 3)
(4, 19, 3)
(4, 20, 3)
(4, 21, 3)
(4, 22, 3)
(4, 23, 3)
(4, 24, 3)
(4, 25, 3)
(4, 26, 3)
(4, 27, 3)
(4, 28, 3)
(4, 29, 3)
(4, 30, 3)
(4, 31, 3)
(4, 32, 2)
(4, 33, 1)
(4, 34, 1)
(4, 35, 1)
(4, 36, 1)
(4, 37, 1)
(4, 38, 1)
(4, 39, 1)

(5, 0, 127)
(5, 1, 80)
(5, 2, 62)
(5, 3, 43)
(5, 4, 36)
(5, 5, 34)
(5, 6, 23)
(5, 7, 8)
(5, 8, 4)
(5, 9, 4)
(5, 10, 4)
(5, 11, 4)
(5, 12, 4)
(5, 13, 4)
(5, 14, 4)
(5, 15, 4)
(5, 16, 4)
(5, 17, 4)
(5, 18, 4)
(5, 19, 4)
(5, 20, 4)
(5, 21, 4)
(5, 22, 4)
(5, 23, 3)
(5, 24, 3)
(5, 25, 3)
(5, 26, 3)
(5, 27, 3)
(5, 28, 3)
(5, 29, 3)
(5, 30, 3)
(5, 31, 3)
(5, 32, 2)
(5, 33, 1)
(5, 34, 1)
(5, 35, 1)
(5, 36, 1)
(5, 37, 1)
(5, 38, 1)
(5, 39, 1)

(6, 0, 137)
(6, 1, 86)
(6, 2, 68)
(6, 3, 48)
(6, 4, 40)
(6, 5, 37)
(6, 6, 25)
(6, 7, 10)
(6, 8, 6)
(6, 9, 5)
(6, 10, 5)
(6, 11, 5)
(6, 12, 5)
(6, 13, 5)
(6, 14, 5)
(6, 15, 5)
(6, 16, 5)
(6, 17, 5)
(6, 18, 5)
(6, 19, 5)
(6, 20, 4)
(6, 21, 4)
(6, 22, 4)
(6, 23, 3)
(6, 24, 2)
(6, 25, 2)
(6, 26, 2)
(6, 27, 2)
(6, 28, 2)
(6, 29, 2)
(6, 30, 2)
(6, 31, 2)
(6, 32, 2)
(6, 33, 1)
(6, 34, 1)
(6, 35, 1)
(6, 36, 1)
(6, 37, 1)
(6, 38, 1)
(6, 39, 1)

(7, 0, 168)
(7, 1, 110)
(7, 2, 87)
(7, 3, 64)
(7, 4, 54)
(7, 5, 49)
(7, 6, 34)
(7, 7, 18)
(7, 8, 13)
(7, 9, 12)
(7, 10, 11)
(7, 11, 11)
(7, 12, 11)
(7, 13, 9)
(7, 14, 9)
(7, 15, 9)
(7, 16, 8)
(7, 17, 8)
(7, 18, 8)
(7, 19, 8)
(7, 20, 7)
(7, 21, 7)
(7, 22, 7)
(7, 23, 2)
(7, 24, 2)
(7, 25, 2)
(7, 26, 2)
(7, 27, 2)
(7, 28, 2)
(7, 29, 2)
(7, 30, 2)
(7, 31, 2)
(7, 32, 2)
(7, 33, 1)
(7, 34, 1)
(7, 35, 1)
(7, 36, 1)
(7, 37, 1)
(7, 38, 1)
(7, 39, 1)

(8, 0, 196)
(8, 1, 135)
(8, 2, 109)
(8, 3, 81)
(8, 4, 72)
(8, 5, 63)
(8, 6, 37)
(8, 7, 20)
(8, 8, 13)
(8, 9, 11)
(8, 10, 10)
(8, 11, 9)
(8, 12, 9)
(8, 13, 7)
(8, 14, 7)
(8, 15, 7)
(8, 16, 7)
(8, 17, 7)
(8, 18, 7)
(8, 19, 7)
(8, 20, 6)
(8, 21, 6)
(8, 22, 5)
(8, 23, 2)
(8, 24, 2)
(8, 25, 2)
(8, 26, 2)
(8, 27, 2)
(8, 28, 2)
(8, 29, 2)
(8, 30, 2)
(8, 31, 2)
(8, 32, 2)
(8, 33, 1)
(8, 34, 1)
(8, 35, 1)
(8, 36, 1)
(8, 37, 1)
(8, 38, 1)
(8, 39, 1)

(9, 0, 213)
(9, 1, 149)
(9, 2, 117)
(9, 3, 89)
(9, 4, 79)
(9, 5, 66)
(9, 6, 40)
(9, 7, 23)
(9, 8, 16)
(9, 9, 13)
(9, 10, 11)
(9, 11, 10)
(9, 12, 9)
(9, 13, 7)
(9, 14, 6)
(9, 15, 6)
(9, 16, 5)
(9, 17, 5)
(9, 18, 5)
(9, 19, 5)
(9, 20, 4)
(9, 21, 4)
(9, 22, 4)
(9, 23, 1)
(9, 24, 1)
(9, 25, 1)
(9, 26, 1)
(9, 27, 1)
(9, 28, 1)
(9, 29, 1)
(9, 30, 1)
(9, 31, 1)
(9, 32, 1)
(9, 33, 1)
(9, 34, 1)
(9, 35, 1)
(9, 36, 1)
(9, 37, 1)
(9, 38, 1)
(9, 39, 1)

(10, 0, 219)
(10, 1, 152)
(10, 2, 117)
(10, 3, 89)
(10, 4, 79)
(10, 5, 65)
(10, 6, 39)
(10, 7, 22)
(10, 8, 15)
(10, 9, 12)
(10, 10, 10)
(10, 11, 9)
(10, 12, 9)
(10, 13, 7)
(10, 14, 6)
(10, 15, 6)
(10, 16, 5)
(10, 17, 5)
(10, 18, 5)
(10, 19, 5)
(10, 20, 4)
(10, 21, 4)
(10, 22, 4)
(10, 23, 1)
(10, 24, 1)
(10, 25, 1)
(10, 26, 1)
(10, 27, 1)
(10, 28, 1)
(10, 29, 1)
(10, 30, 1)
(10, 31, 1)
(10, 32, 1)
(10, 33, 1)
(10, 34, 1)
(10, 35, 1)
(10, 36, 1)
(10, 37, 1)
(10, 38, 1)
(10, 39, 1)

(11, 0, 219)
(11, 1, 152)
(11, 2, 117)
(11, 3, 89)
(11, 4, 79)
(11, 5, 65)
(11, 6, 39)
(11, 7, 22)
(11, 8, 15)
(11, 9, 12)
(11, 10, 10)
(11, 11, 9)
(11, 12, 9)
(11, 13, 7)
(11, 14, 6)
(11, 15, 6)
(11, 16, 5)
(11, 17, 5)
(11, 18, 5)
(11, 19, 5)
(11, 20, 4)
(11, 21, 4)
(11, 22, 4)
(11, 23, 1)
(11, 24, 1)
(11, 25, 1)
(11, 26, 1)
(11, 27, 1)
(11, 28, 1)
(11, 29, 1)
(11, 30, 1)
(11, 31, 1)
(11, 32, 1)
(11, 33, 1)
(11, 34, 1)
(11, 35, 1)
(11, 36, 1)
(11, 37, 1)
(11, 38, 1)
(11, 39, 1)

(12, 0, 219)
(12, 1, 152)
(12, 2, 117)
(12, 3, 89)
(12, 4, 79)
(12, 5, 65)
(12, 6, 39)
(12, 7, 22)
(12, 8, 15)
(12, 9, 12)
(12, 10, 10)
(12, 11, 9)
(12, 12, 9)
(12, 13, 7)
(12, 14, 6)
(12, 15, 6)
(12, 16, 5)
(12, 17, 5)
(12, 18, 5)
(12, 19, 5)
(12, 20, 4)
(12, 21, 4)
(12, 22, 4)
(12, 23, 1)
(12, 24, 1)
(12, 25, 1)
(12, 26, 1)
(12, 27, 1)
(12, 28, 1)
(12, 29, 1)
(12, 30, 1)
(12, 31, 1)
(12, 32, 1)
(12, 33, 1)
(12, 34, 1)
(12, 35, 1)
(12, 36, 1)
(12, 37, 1)
(12, 38, 1)
(12, 39, 1)

(13, 0, 219)
(13, 1, 152)
(13, 2, 117)
(13, 3, 89)
(13, 4, 79)
(13, 5, 65)
(13, 6, 39)
(13, 7, 22)
(13, 8, 15)
(13, 9, 12)
(13, 10, 10)
(13, 11, 9)
(13, 12, 9)
(13, 13, 7)
(13, 14, 6)
(13, 15, 6)
(13, 16, 5)
(13, 17, 5)
(13, 18, 5)
(13, 19, 5)
(13, 20, 4)
(13, 21, 4)
(13, 22, 4)
(13, 23, 1)
(13, 24, 1)
(13, 25, 1)
(13, 26, 1)
(13, 27, 1)
(13, 28, 1)
(13, 29, 1)
(13, 30, 1)
(13, 31, 1)
(13, 32, 1)
(13, 33, 1)
(13, 34, 1)
(13, 35, 1)
(13, 36, 1)
(13, 37, 1)
(13, 38, 1)
(13, 39, 1)

(14, 0, 219)
(14, 1, 152)
(14, 2, 117)
(14, 3, 89)
(14, 4, 79)
(14, 5, 65)
(14, 6, 39)
(14, 7, 22)
(14, 8, 15)
(14, 9, 12)
(14, 10, 10)
(14, 11, 9)
(14, 12, 9)
(14, 13, 7)
(14, 14, 6)
(14, 15, 6)
(14, 16, 5)
(14, 17, 5)
(14, 18, 5)
(14, 19, 5)
(14, 20, 4)
(14, 21, 4)
(14, 22, 4)
(14, 23, 1)
(14, 24, 1)
(14, 25, 1)
(14, 26, 1)
(14, 27, 1)
(14, 28, 1)
(14, 29, 1)
(14, 30, 1)
(14, 31, 1)
(14, 32, 1)
(14, 33, 1)
(14, 34, 1)
(14, 35, 1)
(14, 36, 1)
(14, 37, 1)
(14, 38, 1)
(14, 39, 1)

(15, 0, 219)
(15, 1, 152)
(15, 2, 117)
(15, 3, 89)
(15, 4, 79)
(15, 5, 65)
(15, 6, 39)
(15, 7, 22)
(15, 8, 15)
(15, 9, 12)
(15, 10, 10)
(15, 11, 9)
(15, 12, 9)
(15, 13, 7)
(15, 14, 6)
(15, 15, 6)
(15, 16, 5)
(15, 17, 5)
(15, 18, 5)
(15, 19, 5)
(15, 20, 4)
(15, 21, 4)
(15, 22, 4)
(15, 23, 1)
(15, 24, 1)
(15, 25, 1)
(15, 26, 1)
(15, 27, 1)
(15, 28, 1)
(15, 29, 1)
(15, 30, 1)
(15, 31, 1)
(15, 32, 1)
(15, 33, 1)
(15, 34, 1)
(15, 35, 1)
(15, 36, 1)
(15, 37, 1)
(15, 38, 1)
(15, 39, 1)

(16, 0, 219)
(16, 1, 152)
(16, 2, 117)
(16, 3, 89)
(16, 4, 79)
(16, 5, 65)
(16, 6, 39)
(16, 7, 22)
(16, 8, 15)
(16, 9, 12)
(16, 10, 10)
(16, 11, 9)
(16, 12, 9)
(16, 13, 7)
(16, 14, 6)
(16, 15, 6)
(16, 16, 5)
(16, 17, 5)
(16, 18, 5)
(16, 19, 5)
(16, 20, 4)
(16, 21, 4)
(16, 22, 4)
(16, 23, 1)
(16, 24, 1)
(16, 25, 1)
(16, 26, 1)
(16, 27, 1)
(16, 28, 1)
(16, 29, 1)
(16, 30, 1)
(16, 31, 1)
(16, 32, 1)
(16, 33, 1)
(16, 34, 1)
(16, 35, 1)
(16, 36, 1)
(16, 37, 1)
(16, 38, 1)
(16, 39, 1)

(17, 0, 219)
(17, 1, 152)
(17, 2, 117)
(17, 3, 89)
(17, 4, 79)
(17, 5, 65)
(17, 6, 39)
(17, 7, 22)
(17, 8, 15)
(17, 9, 12)
(17, 10, 10)
(17, 11, 9)
(17, 12, 9)
(17, 13, 7)
(17, 14, 6)
(17, 15, 6)
(17, 16, 5)
(17, 17, 5)
(17, 18, 5)
(17, 19, 5)
(17, 20, 4)
(17, 21, 4)
(17, 22, 4)
(17, 23, 1)
(17, 24, 1)
(17, 25, 1)
(17, 26, 1)
(17, 27, 1)
(17, 28, 1)
(17, 29, 1)
(17, 30, 1)
(17, 31, 1)
(17, 32, 1)
(17, 33, 1)
(17, 34, 1)
(17, 35, 1)
(17, 36, 1)
(17, 37, 1)
(17, 38, 1)
(17, 39, 1)

(18, 0, 219)
(18, 1, 152)
(18, 2, 117)
(18, 3, 89)
(18, 4, 79)
(18, 5, 65)
(18, 6, 39)
(18, 7, 22)
(18, 8, 15)
(18, 9, 12)
(18, 10, 10)
(18, 11, 9)
(18, 12, 9)
(18, 13, 7)
(18, 14, 6)
(18, 15, 6)
(18, 16, 5)
(18, 17, 5)
(18, 18, 5)
(18, 19, 5)
(18, 20, 4)
(18, 21, 4)
(18, 22, 4)
(18, 23, 1)
(18, 24, 1)
(18, 25, 1)
(18, 26, 1)
(18, 27, 1)
(18, 28, 1)
(18, 29, 1)
(18, 30, 1)
(18, 31, 1)
(18, 32, 1)
(18, 33, 1)
(18, 34, 1)
(18, 35, 1)
(18, 36, 1)
(18, 37, 1)
(18, 38, 1)
(18, 39, 1)

(19, 0, 219)
(19, 1, 152)
(19, 2, 117)
(19, 3, 89)
(19, 4, 79)
(19, 5, 65)
(19, 6, 39)
(19, 7, 22)
(19, 8, 15)
(19, 9, 12)
(19, 10, 10)
(19, 11, 9)
(19, 12, 9)
(19, 13, 7)
(19, 14, 6)
(19, 15, 6)
(19, 16, 5)
(19, 17, 5)
(19, 18, 5)
(19, 19, 5)
(19, 20, 4)
(19, 21, 4)
(19, 22, 4)
(19, 23, 1)
(19, 24, 1)
(19, 25, 1)
(19, 26, 1)
(19, 27, 1)
(19, 28, 1)
(19, 29, 1)
(19, 30, 1)
(19, 31, 1)
(19, 32, 1)
(19, 33, 1)
(19, 34, 1)
(19, 35, 1)
(19, 36, 1)
(19, 37, 1)
(19, 38, 1)
(19, 39, 1)

(20, 0, 219)
(20, 1, 152)
(20, 2, 117)
(20, 3, 89)
(20, 4, 79)
(20, 5, 65)
(20, 6, 39)
(20, 7, 22)
(20, 8, 15)
(20, 9, 12)
(20, 10, 10)
(20, 11, 9)
(20, 12, 9)
(20, 13, 7)
(20, 14, 6)
(20, 15, 6)
(20, 16, 5)
(20, 17, 5)
(20, 18, 5)
(20, 19, 5)
(20, 20, 4)
(20, 21, 4)
(20, 22, 4)
(20, 23, 1)
(20, 24, 1)
(20, 25, 1)
(20, 26, 1)
(20, 27, 1)
(20, 28, 1)
(20, 29, 1)
(20, 30, 1)
(20, 31, 1)
(20, 32, 1)
(20, 33, 1)
(20, 34, 1)
(20, 35, 1)
(20, 36, 1)
(20, 37, 1)
(20, 38, 1)
(20, 39, 1)

(21, 0, 219)
(21, 1, 152)
(21, 2, 117)
(21, 3, 89)
(21, 4, 79)
(21, 5, 65)
(21, 6, 39)
(21, 7, 22)
(21, 8, 15)
(21, 9, 12)
(21, 10, 10)
(21, 11, 9)
(21, 12, 9)
(21, 13, 7)
(21, 14, 6)
(21, 15, 6)
(21, 16, 5)
(21, 17, 5)
(21, 18, 5)
(21, 19, 5)
(21, 20, 4)
(21, 21, 4)
(21, 22, 4)
(21, 23, 1)
(21, 24, 1)
(21, 25, 1)
(21, 26, 1)
(21, 27, 1)
(21, 28, 1)
(21, 29, 1)
(21, 30, 1)
(21, 31, 1)
(21, 32, 1)
(21, 33, 1)
(21, 34, 1)
(21, 35, 1)
(21, 36, 1)
(21, 37, 1)
(21, 38, 1)
(21, 39, 1)

(22, 0, 222)
(22, 1, 155)
(22, 2, 119)
(22, 3, 91)
(22, 4, 81)
(22, 5, 67)
(22, 6, 41)
(22, 7, 23)
(22, 8, 16)
(22, 9, 13)
(22, 10, 11)
(22, 11, 10)
(22, 12, 10)
(22, 13, 8)
(22, 14, 7)
(22, 15, 7)
(22, 16, 6)
(22, 17, 6)
(22, 18, 6)
(22, 19, 6)
(22, 20, 5)
(22, 21, 5)
(22, 22, 5)
(22, 23, 2)
(22, 24, 2)
(22, 25, 2)
(22, 26, 2)
(22, 27, 2)
(22, 28, 2)
(22, 29, 2)
(22, 30, 2)
(22, 31, 2)
(22, 32, 2)
(22, 33, 2)
(22, 34, 2)
(22, 35, 2)
(22, 36, 2)
(22, 37, 2)
(22, 38, 2)
(22, 39, 2)

(23, 0, 245)
(23, 1, 172)
(23, 2, 131)
(23, 3, 101)
(23, 4, 90)
(23, 5, 76)
(23, 6, 47)
(23, 7, 26)
(23, 8, 19)
(23, 9, 16)
(23, 10, 14)
(23, 11, 13)
(23, 12, 13)
(23, 13, 11)
(23, 14, 10)
(23, 15, 10)
(23, 16, 9)
(23, 17, 9)
(23, 18, 9)
(23, 19, 9)
(23, 20, 8)
(23, 21, 8)
(23, 22, 8)
(23, 23, 5)
(23, 24, 4)
(23, 25, 4)
(23, 26, 4)
(23, 27, 4)
(23, 28, 4)
(23, 29, 4)
(23, 30, 4)
(23, 31, 3)
(23, 32, 3)
(23, 33, 3)
(23, 34, 3)
(23, 35, 3)
(23, 36, 3)
(23, 37, 3)
(23, 38, 3)
(23, 39, 3)

(24, 0, 264)
(24, 1, 188)
(24, 2, 144)
(24, 3, 112)
(24, 4, 101)
(24, 5, 86)
(24, 6, 57)
(24, 7, 27)
(24, 8, 20)
(24, 9, 15)
(24, 10, 13)
(24, 11, 12)
(24, 12, 12)
(24, 13, 10)
(24, 14, 9)
(24, 15, 9)
(24, 16, 8)
(24, 17, 8)
(24, 18, 8)
(24, 19, 8)
(24, 20, 7)
(24, 21, 7)
(24, 22, 7)
(24, 23, 4)
(24, 24, 4)
(24, 25, 4)
(24, 26, 4)
(24, 27, 4)
(24, 28, 4)
(24, 29, 4)
(24, 30, 4)
(24, 31, 3)
(24, 32, 3)
(24, 33, 2)
(24, 34, 2)
(24, 35, 2)
(24, 36, 2)
(24, 37, 2)
(24, 38, 2)
(24, 39, 2)

(25, 0, 284)
(25, 1, 202)
(25, 2, 152)
(25, 3, 120)
(25, 4, 109)
(25, 5, 94)
(25, 6, 59)
(25, 7, 29)
(25, 8, 21)
(25, 9, 17)
(25, 10, 15)
(25, 11, 14)
(25, 12, 14)
(25, 13, 11)
(25, 14, 10)
(25, 15, 10)
(25, 16, 9)
(25, 17, 9)
(25, 18, 9)
(25, 19, 9)
(25, 20, 8)
(25, 21, 8)
(25, 22, 8)
(25, 23, 5)
(25, 24, 5)
(25, 25, 4)
(25, 26, 4)
(25, 27, 4)
(25, 28, 4)
(25, 29, 4)
(25, 30, 4)
(25, 31, 4)
(25, 32, 4)
(25, 33, 3)
(25, 34, 3)
(25, 35, 3)
(25, 36, 3)
(25, 37, 3)
(25, 38, 3)
(25, 39, 3)

(26, 0, 327)
(26, 1, 230)
(26, 2, 172)
(26, 3, 138)
(26, 4, 124)
(26, 5, 107)
(26, 6, 68)
(26, 7, 36)
(26, 8, 26)
(26, 9, 22)
(26, 10, 20)
(26, 11, 17)
(26, 12, 17)
(26, 13, 14)
(26, 14, 13)
(26, 15, 13)
(26, 16, 12)
(26, 17, 12)
(26, 18, 12)
(26, 19, 12)
(26, 20, 11)
(26, 21, 11)
(26, 22, 11)
(26, 23, 6)
(26, 24, 5)
(26, 25, 4)
(26, 26, 4)
(26, 27, 4)
(26, 28, 4)
(26, 29, 4)
(26, 30, 4)
(26, 31, 4)
(26, 32, 4)
(26, 33, 3)
(26, 34, 3)
(26, 35, 3)
(26, 36, 3)
(26, 37, 3)
(26, 38, 3)
(26, 39, 3)

(27, 0, 359)
(27, 1, 255)
(27, 2, 189)
(27, 3, 152)
(27, 4, 135)
(27, 5, 115)
(27, 6, 69)
(27, 7, 35)
(27, 8, 25)
(27, 9, 20)
(27, 10, 18)
(27, 11, 17)
(27, 12, 17)
(27, 13, 14)
(27, 14, 11)
(27, 15, 11)
(27, 16, 10)
(27, 17, 10)
(27, 18, 10)
(27, 19, 10)
(27, 20, 9)
(27, 21, 9)
(27, 22, 9)
(27, 23, 4)
(27, 24, 4)
(27, 25, 4)
(27, 26, 4)
(27, 27, 4)
(27, 28, 4)
(27, 29, 4)
(27, 30, 4)
(27, 31, 4)
(27, 32, 4)
(27, 33, 3)
(27, 34, 3)
(27, 35, 3)
(27, 36, 3)
(27, 37, 3)
(27, 38, 3)
(27, 39, 3)

(28, 0, 382)
(28, 1, 271)
(28, 2, 202)
(28, 3, 165)
(28, 4, 145)
(28, 5, 123)
(28, 6, 72)
(28, 7, 39)
(28, 8, 29)
(28, 9, 22)
(28, 10, 20)
(28, 11, 19)
(28, 12, 18)
(28, 13, 14)
(28, 14, 12)
(28, 15, 12)
(28, 16, 11)
(28, 17, 11)
(28, 18, 11)
(28, 19, 11)
(28, 20, 10)
(28, 21, 10)
(28, 22, 10)
(28, 23, 4)
(28, 24, 4)
(28, 25, 4)
(28, 26, 4)
(28, 27, 4)
(28, 28, 4)
(28, 29, 4)
(28, 30, 4)
(28, 31, 4)
(28, 32, 4)
(28, 33, 3)
(28, 34, 3)
(28, 35, 3)
(28, 36, 3)
(28, 37, 3)
(28, 38, 3)
(28, 39, 3)

(29, 0, 414)
(29, 1, 287)
(29, 2, 216)
(29, 3, 176)
(29, 4, 155)
(29, 5, 130)
(29, 6, 79)
(29, 7, 45)
(29, 8, 35)
(29, 9, 28)
(29, 10, 26)
(29, 11, 24)
(29, 12, 22)
(29, 13, 18)
(29, 14, 16)
(29, 15, 15)
(29, 16, 14)
(29, 17, 14)
(29, 18, 14)
(29, 19, 13)
(29, 20, 11)
(29, 21, 11)
(29, 22, 11)
(29, 23, 5)
(29, 24, 5)
(29, 25, 5)
(29, 26, 5)
(29, 27, 5)
(29, 28, 5)
(29, 29, 5)
(29, 30, 5)
(29, 31, 5)
(29, 32, 5)
(29, 33, 4)
(29, 34, 4)
(29, 35, 4)
(29, 36, 4)
(29, 37, 4)
(29, 38, 3)
(29, 39, 3)

(30, 0, 435)
(30, 1, 299)
(30, 2, 224)
(30, 3, 182)
(30, 4, 159)
(30, 5, 132)
(30, 6, 79)
(30, 7, 44)
(30, 8, 34)
(30, 9, 27)
(30, 10, 25)
(30, 11, 24)
(30, 12, 22)
(30, 13, 18)
(30, 14, 16)
(30, 15, 15)
(30, 16, 14)
(30, 17, 14)
(30, 18, 14)
(30, 19, 13)
(30, 20, 11)
(30, 21, 11)
(30, 22, 11)
(30, 23, 5)
(30, 24, 5)
(30, 25, 5)
(30, 26, 5)
(30, 27, 5)
(30, 28, 5)
(30, 29, 5)
(30, 30, 5)
(30, 31, 5)
(30, 32, 5)
(30, 33, 4)
(30, 34, 4)
(30, 35, 4)
(30, 36, 4)
(30, 37, 4)
(30, 38, 3)
(30, 39, 3)

(31, 0, 447)
(31, 1, 309)
(31, 2, 231)
(31, 3, 188)
(31, 4, 165)
(31, 5, 137)
(31, 6, 82)
(31, 7, 48)
(31, 8, 38)
(31, 9, 31)
(31, 10, 29)
(31, 11, 26)
(31, 12, 23)
(31, 13, 19)
(31, 14, 17)
(31, 15, 15)
(31, 16, 13)
(31, 17, 13)
(31, 18, 13)
(31, 19, 11)
(31, 20, 9)
(31, 21, 9)
(31, 22, 9)
(31, 23, 4)
(31, 24, 4)
(31, 25, 4)
(31, 26, 4)
(31, 27, 4)
(31, 28, 4)
(31, 29, 4)
(31, 30, 4)
(31, 31, 4)
(31, 32, 4)
(31, 33, 4)
(31, 34, 4)
(31, 35, 4)
(31, 36, 4)
(31, 37, 4)
(31, 38, 3)
(31, 39, 3)

(32, 0, 449)
(32, 1, 310)
(32, 2, 232)
(32, 3, 189)
(32, 4, 166)
(32, 5, 138)
(32, 6, 83)
(32, 7, 49)
(32, 8, 39)
(32, 9, 32)
(32, 10, 30)
(32, 11, 27)
(32, 12, 24)
(32, 13, 20)
(32, 14, 17)
(32, 15, 15)
(32, 16, 13)
(32, 17, 13)
(32, 18, 13)
(32, 19, 11)
(32, 20, 9)
(32, 21, 9)
(32, 22, 9)
(32, 23, 4)
(32, 24, 4)
(32, 25, 4)
(32, 26, 4)
(32, 27, 4)
(32, 28, 4)
(32, 29, 4)
(32, 30, 4)
(32, 31, 4)
(32, 32, 4)
(32, 33, 4)
(32, 34, 4)
(32, 35, 4)
(32, 36, 4)
(32, 37, 4)
(32, 38, 3)
(32, 39, 3)

(33, 0, 457)
(33, 1, 317)
(33, 2, 237)
(33, 3, 192)
(33, 4, 167)
(33, 5, 139)
(33, 6, 84)
(33, 7, 50)
(33, 8, 40)
(33, 9, 33)
(33, 10, 31)
(33, 11, 28)
(33, 12, 25)
(33, 13, 21)
(33, 14, 18)
(33, 15, 16)
(33, 16, 14)
(33, 17, 14)
(33, 18, 14)
(33, 19, 12)
(33, 20, 10)
(33, 21, 10)
(33, 22, 10)
(33, 23, 5)
(33, 24, 5)
(33, 25, 5)
(33, 26, 5)
(33, 27, 5)
(33, 28, 5)
(33, 29, 5)
(33, 30, 4)
(33, 31, 4)
(33, 32, 4)
(33, 33, 4)
(33, 34, 4)
(33, 35, 4)
(33, 36, 4)
(33, 37, 4)
(33, 38, 3)
(33, 39, 3)

(34, 0, 462)
(34, 1, 321)
(34, 2, 240)
(34, 3, 193)
(34, 4, 168)
(34, 5, 140)
(34, 6, 84)
(34, 7, 50)
(34, 8, 40)
(34, 9, 33)
(34, 10, 31)
(34, 11, 28)
(34, 12, 25)
(34, 13, 21)
(34, 14, 18)
(34, 15, 16)
(34, 16, 14)
(34, 17, 14)
(34, 18, 14)
(34, 19, 12)
(34, 20, 10)
(34, 21, 10)
(34, 22, 10)
(34, 23, 5)
(34, 24, 5)
(34, 25, 5)
(34, 26, 5)
(34, 27, 5)
(34, 28, 5)
(34, 29, 5)
(34, 30, 4)
(34, 31, 4)
(34, 32, 4)
(34, 33, 4)
(34, 34, 4)
(34, 35, 4)
(34, 36, 4)
(34, 37, 4)
(34, 38, 3)
(34, 39, 3)

(35, 0, 468)
(35, 1, 325)
(35, 2, 244)
(35, 3, 196)
(35, 4, 169)
(35, 5, 141)
(35, 6, 85)
(35, 7, 51)
(35, 8, 40)
(35, 9, 33)
(35, 10, 31)
(35, 11, 28)
(35, 12, 25)
(35, 13, 21)
(35, 14, 18)
(35, 15, 16)
(35, 16, 14)
(35, 17, 14)
(35, 18, 14)
(35, 19, 12)
(35, 20, 10)
(35, 21, 10)
(35, 22, 10)
(35, 23, 5)
(35, 24, 5)
(35, 25, 5)
(35, 26, 4)
(35, 27, 4)
(35, 28, 4)
(35, 29, 4)
(35, 30, 4)
(35, 31, 4)
(35, 32, 4)
(35, 33, 4)
(35, 34, 4)
(35, 35, 4)
(35, 36, 4)
(35, 37, 4)
(35, 38, 3)
(35, 39, 3)

(36, 0, 475)
(36, 1, 330)
(36, 2, 248)
(36, 3, 200)
(36, 4, 172)
(36, 5, 144)
(36, 6, 88)
(36, 7, 54)
(36, 8, 43)
(36, 9, 36)
(36, 10, 34)
(36, 11, 31)
(36, 12, 28)
(36, 13, 24)
(36, 14, 21)
(36, 15, 18)
(36, 16, 16)
(36, 17, 16)
(36, 18, 16)
(36, 19, 13)
(36, 20, 11)
(36, 21, 11)
(36, 22, 11)
(36, 23, 6)
(36, 24, 6)
(36, 25, 6)
(36, 26, 5)
(36, 27, 5)
(36, 28, 5)
(36, 29, 5)
(36, 30, 5)
(36, 31, 5)
(36, 32, 5)
(36, 33, 5)
(36, 34, 5)
(36, 35, 5)
(36, 36, 5)
(36, 37, 5)
(36, 38, 4)
(36, 39, 4)

(37, 0, 488)
(37, 1, 339)
(37, 2, 253)
(37, 3, 205)
(37, 4, 177)
(37, 5, 149)
(37, 6, 90)
(37, 7, 56)
(37, 8, 45)
(37, 9, 38)
(37, 10, 36)
(37, 11, 33)
(37, 12, 30)
(37, 13, 26)
(37, 14, 23)
(37, 15, 20)
(37, 16, 18)
(37, 17, 18)
(37, 18, 18)
(37, 19, 14)
(37, 20, 12)
(37, 21, 12)
(37, 22, 12)
(37, 23, 7)
(37, 24, 7)
(37, 25, 7)
(37, 26, 6)
(37, 27, 6)
(37, 28, 5)
(37, 29, 5)
(37, 30, 5)
(37, 31, 5)
(37, 32, 4)
(37, 33, 4)
(37, 34, 4)
(37, 35, 4)
(37, 36, 4)
(37, 37, 4)
(37, 38, 4)
(37, 39, 4)

(38, 0, 502)
(38, 1, 352)
(38, 2, 263)
(38, 3, 213)
(38, 4, 183)
(38, 5, 155)
(38, 6, 93)
(38, 7, 59)
(38, 8, 48)
(38, 9, 41)
(38, 10, 39)
(38, 11, 34)
(38, 12, 30)
(38, 13, 26)
(38, 14, 23)
(38, 15, 19)
(38, 16, 17)
(38, 17, 17)
(38, 18, 17)
(38, 19, 13)
(38, 20, 11)
(38, 21, 11)
(38, 22, 11)
(38, 23, 6)
(38, 24, 5)
(38, 25, 4)
(38, 26, 3)
(38, 27, 3)
(38, 28, 3)
(38, 29, 3)
(38, 30, 3)
(38, 31, 3)
(38, 32, 3)
(38, 33, 3)
(38, 34, 3)
(38, 35, 3)
(38, 36, 3)
(38, 37, 3)
(38, 38, 3)
(38, 39, 3)

(39, 0, 517)
(39, 1, 364)
(39, 2, 274)
(39, 3, 224)
(39, 4, 192)
(39, 5, 163)
(39, 6, 96)
(39, 7, 62)
(39, 8, 50)
(39, 9, 43)
(39, 10, 40)
(39, 11, 32)
(39, 12, 27)
(39, 13, 23)
(39, 14, 20)
(39, 15, 17)
(39, 16, 15)
(39, 17, 15)
(39, 18, 15)
(39, 19, 12)
(39, 20, 10)
(39, 21, 10)
(39, 22, 10)
(39, 23, 5)
(39, 24, 4)
(39, 25, 4)
(39, 26, 3)
(39, 27, 3)
(39, 28, 3)
(39, 29, 3)
(39, 30, 3)
(39, 31, 3)
(39, 32, 3)
(39, 33, 3)
(39, 34, 3)
(39, 35, 3)
(39, 36, 3)
(39, 37, 3)
(39, 38, 3)
(39, 39, 3)


Betti numbers:
xi_0:
(0, 0, 14)
(1, 0, 32)
(2, 0, 59)
(3, 0, 12)
(4, 0, 3)
(5, 0, 7)
(6, 0, 10)
(7, 0, 31)
(8, 0, 28)
(9, 0, 17)
(10, 0, 6)
(22, 0, 3)
(23, 0, 23)
(24, 0, 19)
(25, 0, 20)
(26, 0, 43)
(27, 0, 32)
(28, 0, 23)
(29, 0, 32)
(30, 0, 21)
(31, 0, 12)
(32, 0, 2)
(33, 0, 8)
(34, 0, 5)
(35, 0, 6)
(36, 0, 7)
(37, 0, 13)
(38, 0, 14)
(39, 0, 15)
xi_1:
(0, 1, 8)
(0, 3, 1)
(0, 4, 1)
(0, 8, 1)
(0, 9, 1)
(0, 25, 1)
(1, 1, 6)
(1, 2, 5)
(1, 3, 3)
(1, 6, 5)
(1, 7, 9)
(1, 8, 3)
(1, 17, 1)
(2, 1, 26)
(2, 2, 10)
(2, 3, 11)
(2, 4, 2)
(2, 5, 2)
(2, 6, 4)
(2, 7, 8)
(2, 33, 1)
(3, 1, 4)
(3, 2, 2)
(3, 3, 3)
(3, 4, 2)
(3, 6, 1)
(4, 4, 1)
(4, 6, 1)
(4, 32, 1)
(5, 1, 3)
(5, 2, 1)
(5, 3, 1)
(5, 4, 1)
(5, 23, 1)
(6, 1, 4)
(6, 2, 1)
(6, 3, 1)
(6, 4, 1)
(6, 5, 1)
(6, 6, 1)
(6, 9, 1)
(6, 20, 1)
(6, 24, 1)
(7, 1, 7)
(7, 2, 5)
(7, 3, 3)
(7, 4, 2)
(7, 5, 2)
(7, 6, 3)
(7, 7, 1)
(7, 8, 1)
(7, 10, 1)
(7, 13, 2)
(7, 16, 1)
(7, 23, 4)
(8, 1, 3)
(8, 2, 3)
(8, 3, 5)
(8, 5, 4)
(8, 6, 11)
(8, 7, 1)
(8, 8, 3)
(8, 9, 1)
(8, 10, 1)
(8, 11, 1)
(8, 22, 1)
(9, 1, 3)
(9, 2, 6)
(9, 4, 1)
(9, 5, 4)
(9, 6, 1)
(9, 9, 1)
(9, 10, 1)
(9, 12, 1)
(9, 14, 1)
(9, 16, 1)
(10, 1, 3)
(10, 2, 3)
(10, 5, 1)
(22, 2, 1)
(22, 7, 1)
(23, 1, 6)
(23, 2, 5)
(23, 3, 2)
(23, 4, 1)
(23, 6, 3)
(23, 7, 3)
(23, 24, 1)
(23, 31, 1)
(24, 1, 3)
(24, 2, 3)
(24, 3, 2)
(24, 5, 1)
(24, 7, 9)
(24, 9, 2)
(24, 33, 1)
(25, 1, 6)
(25, 2, 6)
(25, 3, 1)
(25, 6, 6)
(25, 7, 2)
(25, 8, 1)
(25, 9, 1)
(25, 13, 1)
(25, 25, 1)
(26, 1, 15)
(26, 2, 8)
(26, 3, 2)
(26, 4, 3)
(26, 5, 2)
(26, 6, 4)
(26, 7, 3)
(26, 8, 2)
(26, 9, 1)
(26, 11, 2)
(26, 23, 2)
(26, 24, 1)
(26, 25, 1)
(27, 1, 7)
(27, 2, 8)
(27, 3, 3)
(27, 4, 3)
(27, 5, 3)
(27, 6, 7)
(27, 7, 3)
(27, 8, 1)
(27, 9, 2)
(27, 14, 2)
(27, 23, 1)
(28, 1, 7)
(28, 2, 3)
(28, 4, 3)
(28, 5, 2)
(28, 6, 5)
(28, 9, 2)
(28, 12, 1)
(28, 13, 1)
(28, 23, 1)
(29, 1, 16)
(29, 2, 2)
(29, 3, 3)
(29, 4, 1)
(29, 5, 3)
(29, 7, 1)
(29, 11, 1)
(29, 12, 1)
(29, 15, 1)
(29, 19, 1)
(29, 20, 1)
(29, 38, 1)
(30, 1, 9)
(30, 2, 4)
(30, 3, 2)
(30, 4, 2)
(30, 5, 2)
(30, 6, 2)
(30, 7, 2)
(31, 1, 2)
(31, 2, 3)
(31, 3, 1)
(31, 5, 1)
(31, 6, 2)
(31, 11, 2)
(31, 12, 1)
(31, 15, 1)
(31, 16, 1)
(31, 19, 1)
(32, 1, 1)
(32, 14, 1)
(33, 1, 1)
(33, 2, 2)
(33, 3, 2)
(33, 4, 2)
(33, 30, 1)
(34, 1, 1)
(34, 2, 1)
(34, 3, 2)
(34, 6, 1)
(35, 1, 2)
(35, 3, 1)
(35, 4, 2)
(35, 8, 1)
(35, 26, 1)
(36, 1, 2)
(36, 2, 1)
(36, 4, 1)
(36, 15, 1)
(36, 19, 1)
(37, 1, 4)
(37, 2, 4)
(37, 6, 3)
(37, 19, 1)
(37, 28, 1)
(37, 32, 1)
(38, 1, 1)
(38, 2, 3)
(38, 3, 2)
(38, 4, 2)
(38, 6, 3)
(38, 11, 2)
(38, 12, 1)
(38, 15, 1)
(38, 24, 1)
(38, 25, 1)
(39, 1, 3)
(39, 2, 1)
(39, 4, 2)
(39, 5, 1)
(39, 6, 5)
(39, 8, 1)
(39, 10, 1)
(39, 11, 3)
(39, 12, 2)
xi_2:
(1, 9, 1)
(1, 25, 1)
(2, 7, 2)
(2, 17, 1)
(6, 2, 1)
(6, 32, 1)
(7, 24, 1)
(8, 4, 1)
(8, 8, 1)
(8, 10, 1)
(8, 16, 1)
(8, 23, 2)
(9, 6, 1)
(9, 22, 1)
(9, 33, 1)
(10, 12, 1)
(24, 24, 1)
(25, 3, 1)
(25, 7, 2)
(25, 9, 2)
(25, 31, 1)
(26, 7, 1)
(26, 9, 1)
(26, 25, 1)
(27, 7, 1)
(27, 8, 1)
(27, 9, 1)
(27, 11, 2)
(27, 23, 1)
(27, 24, 1)
(27, 25, 1)
(28, 7, 1)
(28, 14, 1)
(30, 7, 1)
(30, 11, 1)
(31, 7, 1)
(31, 23, 1)
(31, 33, 1)
(35, 30, 1)
(37, 38, 1)
(38, 28, 1)
(38, 32, 1)
(39, 12, 1)
(39, 15, 1)
(39, 19, 1)
(39, 25, 1)
