x-grades
-41263023546789849/31250000000000000
-5034027076727181/3906250000000000
-39281409680845047/31250000000000000
-19145301373936323/15625000000000000
-7459959162980049/6250000000000000
-9077247220481961/7812500000000000
-35318181948955443/31250000000000000
-17163687507991521/15625000000000000
-33336568083010641/31250000000000000
-202161007187739/195312500000000
-31354954217065839/31250000000000000
-15182073642046719/15625000000000000
-29373340351121037/31250000000000000
-7095633354537159/7812500000000000
-5478345297035247/6250000000000000
-13200459776101917/15625000000000000
-25410112619231433/31250000000000000
-3052413210782379/3906250000000000
-23428498753286631/31250000000000000
-2243769182031423/3125000000000000
-21446884887341829/31250000000000000
-5114019488592357/7812500000000000
-19465271021397027/31250000000000000
-9237232044212313/15625000000000000
-699346286218089/1250000000000000
-1030803138904989/1953125000000000
-15502043289507423/31250000000000000
-7255618178267511/15625000000000000
-13520429423562621/31250000000000000
-626481124529511/1562500000000000
-11538815557617819/31250000000000000
-5274004312322709/15625000000000000
-9557201691673017/31250000000000000
-1070799344837577/3906250000000000
-1515117565145643/6250000000000000
-3292390446377907/15625000000000000
-5593973959783413/31250000000000000
-1150791756702753/7812500000000000
-3612360093838611/31250000000000000
-262155316086621/3125000000000000

y-grades
1/4
1/2
3/4
1
5/4
3/2
7/4
2
9/4
5/2
11/4
3
13/4
7/2
15/4
4
17/4
9/2
19/4
5
21/4
11/2
23/4
6
25/4
13/2
27/4
7
29/4
15/2
31/4
8
33/4
17/2
35/4
9
37/4
19/2
39/4
10

Dimensions > 0:
(0, 0, 3)
(0, 1, 3)
(0, 2, 3)
(0, 3, 3)
(0, 4, 3)
(0, 5, 1)
(0, 6, 1)
(0, 7, 1)
(0, 8, 1)
(0, 9, 1)
(0, 10, 1)
(0, 11, 1)
(0, 12, 1)
(0, 13, 1)
(0, 14, 1)
(0, 15, 1)
(0, 16, 1)
(0, 17, 1)
(0, 18, 1)
(0, 19, 1)
(0, 20, 1)
(0, 21, 1)
(0, 22, 1)
(0, 23, 1)
(0, 24, 1)
(0, 25, 1)
(0, 26, 1)
(0, 27, 1)
(0, 28, 1)
(0, 29, 1)
(0, 30, 1)
(0, 31, 1)
(0, 32, 1)
(0, 33, 1)
(0, 34, 1)
(0, 35, 1)
(0, 36, 1)
(0, 37, 1)
(0, 38, 1)
(0, 39, 1)

(1, 0, 10)
(1, 1, 10)
(1, 2, 9)
(1, 3, 9)
(1, 4, 9)
(1, 5, 2)
(1, 6, 2)
(1, 7, 2)
(1, 8, 2)
(1, 9, 2)
(1, 10, 2)
(1, 11, 2)
(1, 12, 2)
(1, 13, 2)
(1, 14, 2)
(1, 15, 2)
(1, 16, 2)
(1, 17, 2)
(1, 18, 2)
(1, 19, 2)
(1, 20, 2)
(1, 21, 2)
(1, 22, 2)
(1, 23, 2)
(1, 24, 2)
(1, 25, 2)
(1, 26, 2)
(1, 27, 2)
(1, 28, 2)
(1, 29, 2)
(1, 30, 2)
(1, 31, 2)
(1, 32, 2)
(1, 33, 2)
(1, 34, 2)
(1, 35, 2)
(1, 36, 2)
(1, 37, 2)
(1, 38, 2)
(1, 39, 2)

(2, 0, 15)
(2, 1, 15)
(2, 2, 13)
(2, 3, 13)
(2, 4, 13)
(2, 5, 2)
(2, 6, 2)
(2, 7, 2)
(2, 8, 2)
(2, 9, 2)
(2, 10, 2)
(2, 11, 2)
(2, 12, 2)
(2, 13, 2)
(2, 14, 2)
(2, 15, 2)
(2, 16, 2)
(2, 17, 2)
(2, 18, 2)
(2, 19, 2)
(2, 20, 2)
(2, 21, 2)
(2, 22, 2)
(2, 23, 2)
(2, 24, 2)
(2, 25, 2)
(2, 26, 2)
(2, 27, 2)
(2, 28, 2)
(2, 29, 2)
(2, 30, 2)
(2, 31, 2)
(2, 32, 2)
(2, 33, 2)
(2, 34, 2)
(2, 35, 2)
(2, 36, 2)
(2, 37, 2)
(2, 38, 2)
(2, 39, 2)

(3, 0, 18)
(3, 1, 18)
(3, 2, 14)
(3, 3, 14)
(3, 4, 14)
(3, 5, 2)
(3, 6, 2)
(3, 7, 2)
(3, 8, 2)
(3, 9, 2)
(3, 10, 2)
(3, 11, 2)
(3, 12, 2)
(3, 13, 2)
(3, 14, 2)
(3, 15, 2)
(3, 16, 2)
(3, 17, 2)
(3, 18, 2)
(3, 19, 2)
(3, 20, 2)
(3, 21, 2)
(3, 22, 2)
(3, 23, 2)
(3, 24, 2)
(3, 25, 2)
(3, 26, 2)
(3, 27, 2)
(3, 28, 2)
(3, 29, 2)
(3, 30, 2)
(3, 31, 2)
(3, 32, 2)
(3, 33, 2)
(3, 34, 2)
(3, 35, 2)
(3, 36, 2)
(3, 37, 2)
(3, 38, 2)
(3, 39, 2)

(4, 0, 19)
(4, 1, 19)
(4, 2, 15)
(4, 3, 15)
(4, 4, 15)
(4, 5, 2)
(4, 6, 2)
(4, 7, 2)
(4, 8, 2)
(4, 9, 2)
(4, 10, 2)
(4, 11, 2)
(4, 12, 2)
(4, 13, 2)
(4, 14, 2)
(4, 15, 2)
(4, 16, 2)
(4, 17, 2)
(4, 18, 2)
(4, 19, 2)
(4, 20, 2)
(4, 21, 2)
(4, 22, 2)
(4, 23, 2)
(4, 24, 2)
(4, 25, 2)
(4, 26, 2)
(4, 27, 2)
(4, 28, 2)
(4, 29, 2)
(4, 30, 2)
(4, 31, 2)
(4, 32, 2)
(4, 33, 2)
(4, 34, 2)
(4, 35, 2)
(4, 36, 2)
(4, 37, 2)
(4, 38, 2)
(4, 39, 2)

(5, 0, 19)
(5, 1, 19)
(5, 2, 15)
(5, 3, 15)
(5, 4, 15)
(5, 5, 2)
(5, 6, 2)
(5, 7, 2)
(5, 8, 2)
(5, 9, 2)
(5, 10, 2)
(5, 11, 2)
(5, 12, 2)
(5, 13, 2)
(5, 14, 2)
(5, 15, 2)
(5, 16, 2)
(5, 17, 2)
(5, 18, 2)
(5, 19, 2)
(5, 20, 2)
(5, 21, 2)
(5, 22, 2)
(5, 23, 2)
(5, 24, 2)
(5, 25, 2)
(5, 26, 2)
(5, 27, 2)
(5, 28, 2)
(5, 29, 2)
(5, 30, 2)
(5, 31, 2)
(5, 32, 2)
(5, 33, 2)
(5, 34, 2)
(5, 35, 2)
(5, 36, 2)
(5, 37, 2)
(5, 38, 2)
(5, 39, 2)

(6, 0, 19)
(6, 1, 19)
(6, 2, 15)
(6, 3, 15)
(6, 4, 15)
(6, 5, 2)
(6, 6, 2)
(6, 7, 2)
(6, 8, 2)
(6, 9, 2)
(6, 10, 2)
(6, 11, 2)
(6, 12, 2)
(6, 13, 2)
(6, 14, 2)
(6, 15, 2)
(6, 16, 2)
(6, 17, 2)
(6, 18, 2)
(6, 19, 2)
(6, 20, 2)
(6, 21, 2)
(6, 22, 2)
(6, 23, 2)
(6, 24, 2)
(6, 25, 2)
(6, 26, 2)
(6, 27, 2)
(6, 28, 2)
(6, 29, 2)
(6, 30, 2)
(6, 31, 2)
(6, 32, 2)
(6, 33, 2)
(6, 34, 2)
(6, 35, 2)
(6, 36, 2)
(6, 37, 2)
(6, 38, 2)
(6, 39, 2)

(7, 0, 21)
(7, 1, 21)
(7, 2, 17)
(7, 3, 17)
(7, 4, 17)
(7, 5, 3)
(7, 6, 3)
(7, 7, 3)
(7, 8, 3)
(7, 9, 3)
(7, 10, 3)
(7, 11, 3)
(7, 12, 3)
(7, 13, 3)
(7, 14, 3)
(7, 15, 3)
(7, 16, 3)
(7, 17, 3)
(7, 18, 3)
(7, 19, 3)
(7, 20, 3)
(7, 21, 3)
(7, 22, 3)
(7, 23, 3)
(7, 24, 3)
(7, 25, 3)
(7, 26, 3)
(7, 27, 3)
(7, 28, 3)
(7, 29, 3)
(7, 30, 3)
(7, 31, 3)
(7, 32, 3)
(7, 33, 3)
(7, 34, 3)
(7, 35, 3)
(7, 36, 3)
(7, 37, 3)
(7, 38, 3)
(7, 39, 3)

(8, 0, 26)
(8, 1, 26)
(8, 2, 21)
(8, 3, 21)
(8, 4, 21)
(8, 5, 3)
(8, 6, 3)
(8, 7, 3)
(8, 8, 3)
(8, 9, 3)
(8, 10, 3)
(8, 11, 3)
(8, 12, 3)
(8, 13, 3)
(8, 14, 3)
(8, 15, 3)
(8, 16, 3)
(8, 17, 3)
(8, 18, 3)
(8, 19, 3)
(8, 20, 3)
(8, 21, 3)
(8, 22, 3)
(8, 23, 3)
(8, 24, 3)
(8, 25, 3)
(8, 26, 3)
(8, 27, 3)
(8, 28, 3)
(8, 29, 3)
(8, 30, 3)
(8, 31, 3)
(8, 32, 3)
(8, 33, 3)
(8, 34, 3)
(8, 35, 3)
(8, 36, 3)
(8, 37, 3)
(8, 38, 3)
(8, 39, 3)

(9, 0, 34)
(9, 1, 34)
(9, 2, 28)
(9, 3, 28)
(9, 4, 28)
(9, 5, 6)
(9, 6, 6)
(9, 7, 6)
(9, 8, 6)
(9, 9, 6)
(9, 10, 6)
(9, 11, 6)
(9, 12, 6)
(9, 13, 6)
(9, 14, 6)
(9, 15, 6)
(9, 16, 6)
(9, 17, 6)
(9, 18, 6)
(9, 19, 6)
(9, 20, 6)
(9, 21, 6)
(9, 22, 6)
(9, 23, 6)
(9, 24, 6)
(9, 25, 6)
(9, 26, 6)
(9, 27, 6)
(9, 28, 6)
(9, 29, 6)
(9, 30, 6)
(9, 31, 5)
(9, 32, 5)
(9, 33, 5)
(9, 34, 5)
(9, 35, 5)
(9, 36, 5)
(9, 37, 5)
(9, 38, 5)
(9, 39, 5)

(10, 0, 38)
(10, 1, 38)
(10, 2, 30)
(10, 3, 30)
(10, 4, 30)
(10, 5, 6)
(10, 6, 6)
(10, 7, 6)
(10, 8, 6)
(10, 9, 6)
(10, 10, 6)
(10, 11, 6)
(10, 12, 6)
(10, 13, 6)
(10, 14, 6)
(10, 15, 6)
(10, 16, 6)
(10, 17, 6)
(10, 18, 6)
(10, 19, 6)
(10, 20, 6)
(10, 21, 6)
(10, 22, 6)
(10, 23, 6)
(10, 24, 6)
(10, 25, 6)
(10, 26, 6)
(10, 27, 6)
(10, 28, 6)
(10, 29, 6)
(10, 30, 6)
(10, 31, 5)
(10, 32, 5)
(10, 33, 5)
(10, 34, 5)
(10, 35, 5)
(10, 36, 5)
(10, 37, 5)
(10, 38, 5)
(10, 39, 5)

(11, 0, 44)
(11, 1, 44)
(11, 2, 35)
(11, 3, 35)
(11, 4, 35)
(11, 5, 9)
(11, 6, 9)
(11, 7, 9)
(11, 8, 9)
(11, 9, 9)
(11, 10, 9)
(11, 11, 9)
(11, 12, 9)
(11, 13, 9)
(11, 14, 8)
(11, 15, 8)
(11, 16, 8)
(11, 17, 8)
(11, 18, 8)
(11, 19, 8)
(11, 20, 8)
(11, 21, 8)
(11, 22, 8)
(11, 23, 8)
(11, 24, 8)
(11, 25, 8)
(11, 26, 8)
(11, 27, 8)
(11, 28, 8)
(11, 29, 8)
(11, 30, 8)
(11, 31, 6)
(11, 32, 6)
(11, 33, 6)
(11, 34, 6)
(11, 35, 6)
(11, 36, 6)
(11, 37, 6)
(11, 38, 6)
(11, 39, 6)

(12, 0, 50)
(12, 1, 50)
(12, 2, 40)
(12, 3, 40)
(12, 4, 40)
(12, 5, 11)
(12, 6, 11)
(12, 7, 11)
(12, 8, 10)
(12, 9, 10)
(12, 10, 10)
(12, 11, 9)
(12, 12, 9)
(12, 13, 9)
(12, 14, 9)
(12, 15, 9)
(12, 16, 9)
(12, 17, 9)
(12, 18, 9)
(12, 19, 9)
(12, 20, 9)
(12, 21, 9)
(12, 22, 9)
(12, 23, 9)
(12, 24, 9)
(12, 25, 9)
(12, 26, 9)
(12, 27, 9)
(12, 28, 9)
(12, 29, 9)
(12, 30, 8)
(12, 31, 5)
(12, 32, 5)
(12, 33, 5)
(12, 34, 5)
(12, 35, 5)
(12, 36, 5)
(12, 37, 5)
(12, 38, 5)
(12, 39, 5)

(13, 0, 57)
(13, 1, 56)
(13, 2, 44)
(13, 3, 44)
(13, 4, 44)
(13, 5, 13)
(13, 6, 13)
(13, 7, 13)
(13, 8, 12)
(13, 9, 12)
(13, 10, 12)
(13, 11, 11)
(13, 12, 11)
(13, 13, 11)
(13, 14, 11)
(13, 15, 11)
(13, 16, 10)
(13, 17, 10)
(13, 18, 10)
(13, 19, 10)
(13, 20, 10)
(13, 21, 10)
(13, 22, 10)
(13, 23, 10)
(13, 24, 10)
(13, 25, 10)
(13, 26, 10)
(13, 27, 10)
(13, 28, 10)
(13, 29, 10)
(13, 30, 9)
(13, 31, 6)
(13, 32, 6)
(13, 33, 6)
(13, 34, 6)
(13, 35, 6)
(13, 36, 6)
(13, 37, 6)
(13, 38, 6)
(13, 39, 6)

(14, 0, 62)
(14, 1, 61)
(14, 2, 49)
(14, 3, 49)
(14, 4, 49)
(14, 5, 13)
(14, 6, 13)
(14, 7, 13)
(14, 8, 12)
(14, 9, 12)
(14, 10, 12)
(14, 11, 10)
(14, 12, 10)
(14, 13, 10)
(14, 14, 10)
(14, 15, 10)
(14, 16, 10)
(14, 17, 10)
(14, 18, 10)
(14, 19, 10)
(14, 20, 10)
(14, 21, 10)
(14, 22, 10)
(14, 23, 10)
(14, 24, 10)
(14, 25, 10)
(14, 26, 10)
(14, 27, 10)
(14, 28, 10)
(14, 29, 10)
(14, 30, 9)
(14, 31, 6)
(14, 32, 6)
(14, 33, 6)
(14, 34, 6)
(14, 35, 6)
(14, 36, 6)
(14, 37, 6)
(14, 38, 6)
(14, 39, 6)

(15, 0, 67)
(15, 1, 66)
(15, 2, 52)
(15, 3, 52)
(15, 4, 52)
(15, 5, 13)
(15, 6, 13)
(15, 7, 13)
(15, 8, 12)
(15, 9, 12)
(15, 10, 12)
(15, 11, 10)
(15, 12, 10)
(15, 13, 10)
(15, 14, 10)
(15, 15, 10)
(15, 16, 10)
(15, 17, 10)
(15, 18, 10)
(15, 19, 10)
(15, 20, 10)
(15, 21, 10)
(15, 22, 10)
(15, 23, 10)
(15, 24, 10)
(15, 25, 10)
(15, 26, 10)
(15, 27, 10)
(15, 28, 10)
(15, 29, 10)
(15, 30, 9)
(15, 31, 6)
(15, 32, 6)
(15, 33, 6)
(15, 34, 6)
(15, 35, 6)
(15, 36, 6)
(15, 37, 6)
(15, 38, 6)
(15, 39, 6)

(16, 0, 67)
(16, 1, 66)
(16, 2, 52)
(16, 3, 52)
(16, 4, 52)
(16, 5, 13)
(16, 6, 13)
(16, 7, 13)
(16, 8, 12)
(16, 9, 12)
(16, 10, 12)
(16, 11, 10)
(16, 12, 10)
(16, 13, 10)
(16, 14, 10)
(16, 15, 10)
(16, 16, 10)
(16, 17, 10)
(16, 18, 10)
(16, 19, 10)
(16, 20, 10)
(16, 21, 10)
(16, 22, 10)
(16, 23, 10)
(16, 24, 10)
(16, 25, 10)
(16, 26, 10)
(16, 27, 10)
(16, 28, 10)
(16, 29, 10)
(16, 30, 9)
(16, 31, 6)
(16, 32, 6)
(16, 33, 6)
(16, 34, 6)
(16, 35, 6)
(16, 36, 6)
(16, 37, 6)
(16, 38, 6)
(16, 39, 6)

(17, 0, 70)
(17, 1, 68)
(17, 2, 54)
(17, 3, 53)
(17, 4, 53)
(17, 5, 14)
(17, 6, 14)
(17, 7, 14)
(17, 8, 13)
(17, 9, 13)
(17, 10, 13)
(17, 11, 11)
(17, 12, 11)
(17, 13, 11)
(17, 14, 11)
(17, 15, 11)
(17, 16, 11)
(17, 17, 11)
(17, 18, 11)
(17, 19, 11)
(17, 20, 11)
(17, 21, 11)
(17, 22, 11)
(17, 23, 11)
(17, 24, 11)
(17, 25, 11)
(17, 26, 11)
(17, 27, 11)
(17, 28, 11)
(17, 29, 11)
(17, 30, 10)
(17, 31, 7)
(17, 32, 6)
(17, 33, 6)
(17, 34, 6)
(17, 35, 6)
(17, 36, 6)
(17, 37, 6)
(17, 38, 6)
(17, 39, 6)

(18, 0, 78)
(18, 1, 70)
(18, 2, 56)
(18, 3, 53)
(18, 4, 53)
(18, 5, 14)
(18, 6, 14)
(18, 7, 14)
(18, 8, 13)
(18, 9, 13)
(18, 10, 13)
(18, 11, 11)
(18, 12, 11)
(18, 13, 11)
(18, 14, 11)
(18, 15, 11)
(18, 16, 11)
(18, 17, 11)
(18, 18, 11)
(18, 19, 11)
(18, 20, 11)
(18, 21, 11)
(18, 22, 11)
(18, 23, 11)
(18, 24, 11)
(18, 25, 11)
(18, 26, 11)
(18, 27, 11)
(18, 28, 11)
(18, 29, 11)
(18, 30, 9)
(18, 31, 6)
(18, 32, 6)
(18, 33, 6)
(18, 34, 6)
(18, 35, 6)
(18, 36, 6)
(18, 37, 6)
(18, 38, 6)
(18, 39, 6)

(19, 0, 90)
(19, 1, 77)
(19, 2, 63)
(19, 3, 55)
(19, 4, 55)
(19, 5, 16)
(19, 6, 16)
(19, 7, 16)
(19, 8, 15)
(19, 9, 15)
(19, 10, 15)
(19, 11, 13)
(19, 12, 13)
(19, 13, 13)
(19, 14, 13)
(19, 15, 13)
(19, 16, 13)
(19, 17, 13)
(19, 18, 13)
(19, 19, 13)
(19, 20, 13)
(19, 21, 13)
(19, 22, 13)
(19, 23, 13)
(19, 24, 13)
(19, 25, 13)
(19, 26, 13)
(19, 27, 11)
(19, 28, 11)
(19, 29, 11)
(19, 30, 9)
(19, 31, 6)
(19, 32, 6)
(19, 33, 6)
(19, 34, 6)
(19, 35, 6)
(19, 36, 6)
(19, 37, 6)
(19, 38, 6)
(19, 39, 6)

(20, 0, 105)
(20, 1, 79)
(20, 2, 63)
(20, 3, 56)
(20, 4, 56)
(20, 5, 17)
(20, 6, 17)
(20, 7, 17)
(20, 8, 16)
(20, 9, 16)
(20, 10, 16)
(20, 11, 13)
(20, 12, 13)
(20, 13, 13)
(20, 14, 13)
(20, 15, 13)
(20, 16, 13)
(20, 17, 13)
(20, 18, 13)
(20, 19, 13)
(20, 20, 13)
(20, 21, 13)
(20, 22, 13)
(20, 23, 13)
(20, 24, 13)
(20, 25, 13)
(20, 26, 13)
(20, 27, 11)
(20, 28, 11)
(20, 29, 11)
(20, 30, 9)
(20, 31, 6)
(20, 32, 6)
(20, 33, 6)
(20, 34, 6)
(20, 35, 6)
(20, 36, 6)
(20, 37, 6)
(20, 38, 6)
(20, 39, 6)

(21, 0, 112)
(21, 1, 81)
(21, 2, 65)
(21, 3, 56)
(21, 4, 56)
(21, 5, 17)
(21, 6, 17)
(21, 7, 17)
(21, 8, 16)
(21, 9, 16)
(21, 10, 16)
(21, 11, 13)
(21, 12, 13)
(21, 13, 13)
(21, 14, 13)
(21, 15, 13)
(21, 16, 13)
(21, 17, 13)
(21, 18, 13)
(21, 19, 13)
(21, 20, 13)
(21, 21, 13)
(21, 22, 13)
(21, 23, 13)
(21, 24, 13)
(21, 25, 13)
(21, 26, 13)
(21, 27, 11)
(21, 28, 11)
(21, 29, 11)
(21, 30, 9)
(21, 31, 6)
(21, 32, 6)
(21, 33, 6)
(21, 34, 6)
(21, 35, 6)
(21, 36, 6)
(21, 37, 6)
(21, 38, 6)
(21, 39, 6)

(22, 0, 121)
(22, 1, 85)
(22, 2, 69)
(22, 3, 57)
(22, 4, 57)
(22, 5, 18)
(22, 6, 18)
(22, 7, 18)
(22, 8, 17)
(22, 9, 17)
(22, 10, 17)
(22, 11, 13)
(22, 12, 13)
(22, 13, 13)
(22, 14, 13)
(22, 15, 13)
(22, 16, 13)
(22, 17, 13)
(22, 18, 13)
(22, 19, 13)
(22, 20, 13)
(22, 21, 13)
(22, 22, 13)
(22, 23, 13)
(22, 24, 13)
(22, 25, 13)
(22, 26, 13)
(22, 27, 11)
(22, 28, 11)
(22, 29, 11)
(22, 30, 9)
(22, 31, 6)
(22, 32, 6)
(22, 33, 6)
(22, 34, 6)
(22, 35, 6)
(22, 36, 6)
(22, 37, 6)
(22, 38, 6)
(22, 39, 6)

(23, 0, 137)
(23, 1, 90)
(23, 2, 74)
(23, 3, 60)
(23, 4, 60)
(23, 5, 20)
(23, 6, 20)
(23, 7, 20)
(23, 8, 19)
(23, 9, 19)
(23, 10, 19)
(23, 11, 14)
(23, 12, 14)
(23, 13, 14)
(23, 14, 14)
(23, 15, 14)
(23, 16, 14)
(23, 17, 14)
(23, 18, 14)
(23, 19, 14)
(23, 20, 14)
(23, 21, 14)
(23, 22, 14)
(23, 23, 14)
(23, 24, 14)
(23, 25, 14)
(23, 26, 14)
(23, 27, 12)
(23, 28, 12)
(23, 29, 12)
(23, 30, 10)
(23, 31, 7)
(23, 32, 7)
(23, 33, 7)
(23, 34, 7)
(23, 35, 7)
(23, 36, 7)
(23, 37, 7)
(23, 38, 7)
(23, 39, 7)

(24, 0, 145)
(24, 1, 96)
(24, 2, 79)
(24, 3, 65)
(24, 4, 65)
(24, 5, 21)
(24, 6, 21)
(24, 7, 21)
(24, 8, 20)
(24, 9, 20)
(24, 10, 20)
(24, 11, 15)
(24, 12, 15)
(24, 13, 15)
(24, 14, 15)
(24, 15, 15)
(24, 16, 15)
(24, 17, 15)
(24, 18, 15)
(24, 19, 15)
(24, 20, 15)
(24, 21, 15)
(24, 22, 15)
(24, 23, 15)
(24, 24, 15)
(24, 25, 15)
(24, 26, 15)
(24, 27, 13)
(24, 28, 13)
(24, 29, 13)
(24, 30, 11)
(24, 31, 8)
(24, 32, 8)
(24, 33, 8)
(24, 34, 8)
(24, 35, 8)
(24, 36, 8)
(24, 37, 8)
(24, 38, 8)
(24, 39, 8)

(25, 0, 149)
(25, 1, 100)
(25, 2, 81)
(25, 3, 67)
(25, 4, 67)
(25, 5, 22)
(25, 6, 22)
(25, 7, 22)
(25, 8, 21)
(25, 9, 21)
(25, 10, 21)
(25, 11, 16)
(25, 12, 16)
(25, 13, 16)
(25, 14, 16)
(25, 15, 16)
(25, 16, 16)
(25, 17, 16)
(25, 18, 16)
(25, 19, 16)
(25, 20, 16)
(25, 21, 16)
(25, 22, 16)
(25, 23, 16)
(25, 24, 16)
(25, 25, 16)
(25, 26, 16)
(25, 27, 14)
(25, 28, 14)
(25, 29, 14)
(25, 30, 12)
(25, 31, 8)
(25, 32, 8)
(25, 33, 8)
(25, 34, 8)
(25, 35, 8)
(25, 36, 8)
(25, 37, 8)
(25, 38, 8)
(25, 39, 8)

(26, 0, 149)
(26, 1, 100)
(26, 2, 81)
(26, 3, 67)
(26, 4, 67)
(26, 5, 22)
(26, 6, 22)
(26, 7, 22)
(26, 8, 21)
(26, 9, 21)
(26, 10, 21)
(26, 11, 16)
(26, 12, 16)
(26, 13, 16)
(26, 14, 16)
(26, 15, 16)
(26, 16, 16)
(26, 17, 16)
(26, 18, 16)
(26, 19, 16)
(26, 20, 16)
(26, 21, 16)
(26, 22, 16)
(26, 23, 16)
(26, 24, 16)
(26, 25, 16)
(26, 26, 16)
(26, 27, 14)
(26, 28, 14)
(26, 29, 14)
(26, 30, 12)
(26, 31, 8)
(26, 32, 8)
(26, 33, 8)
(26, 34, 8)
(26, 35, 8)
(26, 36, 8)
(26, 37, 8)
(26, 38, 8)
(26, 39, 8)

(27, 0, 150)
(27, 1, 101)
(27, 2, 82)
(27, 3, 68)
(27, 4, 68)
(27, 5, 23)
(27, 6, 23)
(27, 7, 23)
(27, 8, 22)
(27, 9, 22)
(27, 10, 22)
(27, 11, 17)
(27, 12, 17)
(27, 13, 17)
(27, 14, 17)
(27, 15, 17)
(27, 16, 17)
(27, 17, 17)
(27, 18, 17)
(27, 19, 17)
(27, 20, 17)
(27, 21, 17)
(27, 22, 17)
(27, 23, 17)
(27, 24, 17)
(27, 25, 17)
(27, 26, 17)
(27, 27, 15)
(27, 28, 15)
(27, 29, 15)
(27, 30, 13)
(27, 31, 9)
(27, 32, 9)
(27, 33, 9)
(27, 34, 9)
(27, 35, 9)
(27, 36, 9)
(27, 37, 9)
(27, 38, 9)
(27, 39, 9)

(28, 0, 155)
(28, 1, 106)
(28, 2, 86)
(28, 3, 72)
(28, 4, 72)
(28, 5, 23)
(28, 6, 23)
(28, 7, 23)
(28, 8, 22)
(28, 9, 22)
(28, 10, 22)
(28, 11, 17)
(28, 12, 17)
(28, 13, 17)
(28, 14, 17)
(28, 15, 17)
(28, 16, 17)
(28, 17, 17)
(28, 18, 17)
(28, 19, 17)
(28, 20, 17)
(28, 21, 17)
(28, 22, 17)
(28, 23, 17)
(28, 24, 17)
(28, 25, 17)
(28, 26, 17)
(28, 27, 15)
(28, 28, 15)
(28, 29, 15)
(28, 30, 13)
(28, 31, 9)
(28, 32, 9)
(28, 33, 9)
(28, 34, 9)
(28, 35, 9)
(28, 36, 9)
(28, 37, 9)
(28, 38, 9)
(28, 39, 9)

(29, 0, 158)
(29, 1, 109)
(29, 2, 88)
(29, 3, 74)
(29, 4, 74)
(29, 5, 24)
(29, 6, 24)
(29, 7, 24)
(29, 8, 22)
(29, 9, 22)
(29, 10, 22)
(29, 11, 17)
(29, 12, 17)
(29, 13, 17)
(29, 14, 17)
(29, 15, 17)
(29, 16, 17)
(29, 17, 17)
(29, 18, 17)
(29, 19, 17)
(29, 20, 17)
(29, 21, 17)
(29, 22, 17)
(29, 23, 17)
(29, 24, 17)
(29, 25, 17)
(29, 26, 17)
(29, 27, 15)
(29, 28, 15)
(29, 29, 15)
(29, 30, 13)
(29, 31, 9)
(29, 32, 9)
(29, 33, 9)
(29, 34, 9)
(29, 35, 9)
(29, 36, 9)
(29, 37, 9)
(29, 38, 9)
(29, 39, 9)

(30, 0, 160)
(30, 1, 111)
(30, 2, 89)
(30, 3, 75)
(30, 4, 75)
(30, 5, 25)
(30, 6, 25)
(30, 7, 25)
(30, 8, 23)
(30, 9, 23)
(30, 10, 23)
(30, 11, 18)
(30, 12, 18)
(30, 13, 18)
(30, 14, 18)
(30, 15, 18)
(30, 16, 18)
(30, 17, 18)
(30, 18, 18)
(30, 19, 18)
(30, 20, 18)
(30, 21, 18)
(30, 22, 18)
(30, 23, 18)
(30, 24, 18)
(30, 25, 18)
(30, 26, 18)
(30, 27, 16)
(30, 28, 16)
(30, 29, 16)
(30, 30, 14)
(30, 31, 9)
(30, 32, 9)
(30, 33, 9)
(30, 34, 9)
(30, 35, 9)
(30, 36, 9)
(30, 37, 9)
(30, 38, 9)
(30, 39, 9)

(31, 0, 170)
(31, 1, 115)
(31, 2, 93)
(31, 3, 79)
(31, 4, 77)
(31, 5, 27)
(31, 6, 27)
(31, 7, 27)
(31, 8, 25)
(31, 9, 25)
(31, 10, 25)
(31, 11, 19)
(31, 12, 19)
(31, 13, 19)
(31, 14, 19)
(31, 15, 19)
(31, 16, 19)
(31, 17, 19)
(31, 18, 19)
(31, 19, 19)
(31, 20, 19)
(31, 21, 19)
(31, 22, 19)
(31, 23, 19)
(31, 24, 19)
(31, 25, 19)
(31, 26, 19)
(31, 27, 17)
(31, 28, 17)
(31, 29, 17)
(31, 30, 15)
(31, 31, 10)
(31, 32, 9)
(31, 33, 9)
(31, 34, 9)
(31, 35, 9)
(31, 36, 9)
(31, 37, 9)
(31, 38, 9)
(31, 39, 9)

(32, 0, 181)
(32, 1, 120)
(32, 2, 98)
(32, 3, 80)
(32, 4, 78)
(32, 5, 28)
(32, 6, 28)
(32, 7, 28)
(32, 8, 26)
(32, 9, 26)
(32, 10, 26)
(32, 11, 20)
(32, 12, 20)
(32, 13, 20)
(32, 14, 20)
(32, 15, 20)
(32, 16, 20)
(32, 17, 20)
(32, 18, 20)
(32, 19, 20)
(32, 20, 20)
(32, 21, 20)
(32, 22, 20)
(32, 23, 20)
(32, 24, 20)
(32, 25, 20)
(32, 26, 20)
(32, 27, 18)
(32, 28, 18)
(32, 29, 18)
(32, 30, 15)
(32, 31, 8)
(32, 32, 8)
(32, 33, 8)
(32, 34, 8)
(32, 35, 8)
(32, 36, 8)
(32, 37, 8)
(32, 38, 8)
(32, 39, 8)

(33, 0, 181)
(33, 1, 120)
(33, 2, 98)
(33, 3, 80)
(33, 4, 78)
(33, 5, 28)
(33, 6, 28)
(33, 7, 28)
(33, 8, 26)
(33, 9, 26)
(33, 10, 26)
(33, 11, 20)
(33, 12, 20)
(33, 13, 20)
(33, 14, 20)
(33, 15, 20)
(33, 16, 20)
(33, 17, 20)
(33, 18, 20)
(33, 19, 20)
(33, 20, 20)
(33, 21, 20)
(33, 22, 20)
(33, 23, 20)
(33, 24, 20)
(33, 25, 20)
(33, 26, 20)
(33, 27, 18)
(33, 28, 18)
(33, 29, 18)
(33, 30, 15)
(33, 31, 8)
(33, 32, 8)
(33, 33, 8)
(33, 34, 8)
(33, 35, 8)
(33, 36, 8)
(33, 37, 8)
(33, 38, 8)
(33, 39, 8)

(34, 0, 181)
(34, 1, 120)
(34, 2, 98)
(34, 3, 80)
(34, 4, 78)
(34, 5, 28)
(34, 6, 28)
(34, 7, 28)
(34, 8, 26)
(34, 9, 26)
(34, 10, 26)
(34, 11, 20)
(34, 12, 20)
(34, 13, 20)
(34, 14, 20)
(34, 15, 20)
(34, 16, 20)
(34, 17, 20)
(34, 18, 20)
(34, 19, 20)
(34, 20, 20)
(34, 21, 20)
(34, 22, 20)
(34, 23, 20)
(34, 24, 20)
(34, 25, 20)
(34, 26, 20)
(34, 27, 18)
(34, 28, 18)
(34, 29, 18)
(34, 30, 15)
(34, 31, 8)
(34, 32, 8)
(34, 33, 8)
(34, 34, 8)
(34, 35, 8)
(34, 36, 8)
(34, 37, 8)
(34, 38, 8)
(34, 39, 8)

(35, 0, 181)
(35, 1, 120)
(35, 2, 98)
(35, 3, 80)
(35, 4, 78)
(35, 5, 28)
(35, 6, 28)
(35, 7, 28)
(35, 8, 26)
(35, 9, 26)
(35, 10, 26)
(35, 11, 20)
(35, 12, 20)
(35, 13, 20)
(35, 14, 20)
(35, 15, 20)
(35, 16, 20)
(35, 17, 20)
(35, 18, 20)
(35, 19, 20)
(35, 20, 20)
(35, 21, 20)
(35, 22, 20)
(35, 23, 20)
(35, 24, 20)
(35, 25, 20)
(35, 26, 20)
(35, 27, 18)
(35, 28, 18)
(35, 29, 18)
(35, 30, 15)
(35, 31, 8)
(35, 32, 8)
(35, 33, 8)
(35, 34, 8)
(35, 35, 8)
(35, 36, 8)
(35, 37, 8)
(35, 38, 8)
(35, 39, 8)

(36, 0, 194)
(36, 1, 127)
(36, 2, 104)
(36, 3, 82)
(36, 4, 80)
(36, 5, 30)
(36, 6, 30)
(36, 7, 30)
(36, 8, 28)
(36, 9, 28)
(36, 10, 28)
(36, 11, 21)
(36, 12, 21)
(36, 13, 21)
(36, 14, 21)
(36, 15, 21)
(36, 16, 21)
(36, 17, 21)
(36, 18, 21)
(36, 19, 21)
(36, 20, 21)
(36, 21, 21)
(36, 22, 21)
(36, 23, 21)
(36, 24, 21)
(36, 25, 21)
(36, 26, 21)
(36, 27, 19)
(36, 28, 19)
(36, 29, 19)
(36, 30, 16)
(36, 31, 9)
(36, 32, 9)
(36, 33, 9)
(36, 34, 8)
(36, 35, 8)
(36, 36, 8)
(36, 37, 8)
(36, 38, 8)
(36, 39, 8)

(37, 0, 201)
(37, 1, 132)
(37, 2, 108)
(37, 3, 83)
(37, 4, 81)
(37, 5, 31)
(37, 6, 31)
(37, 7, 31)
(37, 8, 29)
(37, 9, 29)
(37, 10, 29)
(37, 11, 22)
(37, 12, 22)
(37, 13, 22)
(37, 14, 22)
(37, 15, 22)
(37, 16, 22)
(37, 17, 22)
(37, 18, 22)
(37, 19, 22)
(37, 20, 22)
(37, 21, 22)
(37, 22, 22)
(37, 23, 22)
(37, 24, 22)
(37, 25, 22)
(37, 26, 22)
(37, 27, 20)
(37, 28, 18)
(37, 29, 18)
(37, 30, 15)
(37, 31, 8)
(37, 32, 8)
(37, 33, 8)
(37, 34, 8)
(37, 35, 8)
(37, 36, 8)
(37, 37, 8)
(37, 38, 8)
(37, 39, 8)

(38, 0, 211)
(38, 1, 134)
(38, 2, 110)
(38, 3, 84)
(38, 4, 82)
(38, 5, 32)
(38, 6, 32)
(38, 7, 32)
(38, 8, 30)
(38, 9, 30)
(38, 10, 30)
(38, 11, 23)
(38, 12, 22)
(38, 13, 22)
(38, 14, 22)
(38, 15, 22)
(38, 16, 22)
(38, 17, 22)
(38, 18, 22)
(38, 19, 22)
(38, 20, 22)
(38, 21, 22)
(38, 22, 22)
(38, 23, 22)
(38, 24, 22)
(38, 25, 22)
(38, 26, 22)
(38, 27, 18)
(38, 28, 18)
(38, 29, 18)
(38, 30, 15)
(38, 31, 8)
(38, 32, 8)
(38, 33, 8)
(38, 34, 8)
(38, 35, 8)
(38, 36, 8)
(38, 37, 8)
(38, 38, 8)
(38, 39, 8)

(39, 0, 220)
(39, 1, 136)
(39, 2, 110)
(39, 3, 84)
(39, 4, 82)
(39, 5, 32)
(39, 6, 32)
(39, 7, 32)
(39, 8, 30)
(39, 9, 30)
(39, 10, 30)
(39, 11, 22)
(39, 12, 22)
(39, 13, 22)
(39, 14, 22)
(39, 15, 22)
(39, 16, 22)
(39, 17, 22)
(39, 18, 22)
(39, 19, 22)
(39, 20, 22)
(39, 21, 22)
(39, 22, 22)
(39, 23, 22)
(39, 24, 22)
(39, 25, 22)
(39, 26, 22)
(39, 27, 18)
(39, 28, 18)
(39, 29, 18)
(39, 30, 15)
(39, 31, 8)
(39, 32, 8)
(39, 33, 8)
(39, 34, 8)
(39, 35, 8)
(39, 36, 8)
(39, 37, 8)
(39, 38, 8)
(39, 39, 8)


Betti numbers:
xi_0:
(0, 0, 3)
(1, 0, 7)
(2, 0, 5)
(3, 0, 3)
(4, 0, 1)
(7, 0, 2)
(8, 0, 5)
(9, 0, 8)
(10, 0, 4)
(11, 0, 6)
(12, 0, 6)
(13, 0, 7)
(14, 0, 5)
(15, 0, 5)
(17, 0, 3)
(18, 0, 8)
(19, 0, 12)
(20, 0, 15)
(21, 0, 7)
(22, 0, 9)
(23, 0, 16)
(24, 0, 8)
(25, 0, 4)
(27, 0, 1)
(28, 0, 5)
(29, 0, 3)
(30, 0, 2)
(31, 0, 10)
(32, 0, 11)
(36, 0, 13)
(37, 0, 7)
(38, 0, 10)
(39, 0, 9)
xi_1:
(0, 5, 2)
(1, 2, 1)
(1, 5, 5)
(2, 2, 1)
(2, 5, 4)
(3, 2, 2)
(3, 5, 1)
(4, 5, 1)
(7, 5, 1)
(8, 2, 1)
(8, 5, 4)
(9, 2, 1)
(9, 5, 4)
(9, 31, 1)
(10, 2, 2)
(10, 5, 2)
(11, 2, 1)
(11, 5, 2)
(11, 14, 1)
(11, 31, 1)
(12, 2, 1)
(12, 5, 3)
(12, 8, 1)
(12, 11, 1)
(12, 30, 1)
(12, 31, 1)
(13, 1, 1)
(13, 2, 2)
(13, 5, 2)
(13, 16, 1)
(14, 5, 5)
(14, 11, 1)
(15, 2, 2)
(15, 5, 3)
(17, 1, 1)
(17, 3, 1)
(17, 32, 1)
(18, 1, 6)
(18, 3, 2)
(18, 30, 1)
(19, 1, 5)
(19, 3, 5)
(19, 27, 2)
(20, 1, 13)
(20, 2, 2)
(20, 3, 1)
(20, 11, 1)
(21, 1, 5)
(21, 3, 2)
(22, 1, 5)
(22, 3, 3)
(22, 11, 1)
(23, 1, 11)
(23, 3, 2)
(23, 5, 1)
(23, 11, 1)
(24, 1, 2)
(24, 2, 1)
(24, 5, 4)
(25, 2, 2)
(25, 5, 1)
(25, 31, 1)
(28, 2, 1)
(28, 5, 4)
(29, 2, 1)
(29, 5, 1)
(29, 8, 1)
(30, 2, 1)
(30, 31, 1)
(31, 1, 6)
(31, 4, 2)
(31, 11, 1)
(31, 32, 1)
(32, 1, 6)
(32, 3, 4)
(32, 30, 1)
(32, 31, 2)
(36, 1, 6)
(36, 2, 1)
(36, 3, 4)
(36, 11, 1)
(36, 34, 1)
(37, 1, 2)
(37, 2, 1)
(37, 3, 3)
(37, 28, 2)
(38, 1, 8)
(38, 3, 1)
(38, 12, 1)
(38, 27, 2)
(39, 1, 7)
(39, 2, 2)
(39, 11, 1)
xi_2:
(12, 14, 1)
(14, 16, 1)
(18, 32, 1)
(20, 3, 2)
(32, 32, 1)
(37, 34, 1)
(38, 28, 2)
(39, 12, 1)
