x-grades
-978728179399942839/400000000000000000
-481585526887151639/200000000000000000
-947613928148663717/400000000000000000
-233014200630756039/100000000000000000
-183299935379476919/80000000000000000
-450471275635872517/200000000000000000
-885385425646105473/400000000000000000
-108728537502558239/50000000000000000
-854271174394826351/400000000000000000
-83871404876918679/40000000000000000
-823156923143547229/400000000000000000
-201899949379476917/100000000000000000
-792042671892268107/400000000000000000
-388242773133314273/200000000000000000
-152185684128197797/80000000000000000
-46585705938459339/25000000000000000
-729814169389709863/400000000000000000
-357128521882035151/200000000000000000
-698699918138430741/400000000000000000
-34157139625639559/20000000000000000
-667585666887151619/400000000000000000
-326014270630756029/200000000000000000
-636471415635872497/400000000000000000
-77614286251279117/50000000000000000
-4842857315076747/3200000000000000
-294900019379476907/200000000000000000
-574242913133314253/400000000000000000
-139671446876918673/100000000000000000
-543128661882035131/400000000000000000
-52757153625639557/40000000000000000
-512014410630756009/400000000000000000
-15514290156409889/12500000000000000
-480900159379476887/400000000000000000
-232671516876918663/200000000000000000
-89957181625639553/80000000000000000
-108557195625639551/100000000000000000
-418671656876918643/400000000000000000
-201557265625639541/200000000000000000
-387557405625639521/400000000000000000
-9300006999999999/10000000000000000

y-grades
9683347/40000000
9683347/20000000
29050041/40000000
9683347/10000000
9683347/8000000
29050041/20000000
67783429/40000000
9683347/5000000
87150123/40000000
9683347/4000000
106516817/40000000
29050041/10000000
125883511/40000000
67783429/20000000
29050041/8000000
9683347/2500000
164616899/40000000
87150123/20000000
183983593/40000000
9683347/2000000
203350287/40000000
106516817/20000000
222716981/40000000
29050041/5000000
9683347/1600000
125883511/20000000
261450369/40000000
67783429/10000000
280817063/40000000
29050041/4000000
300183757/40000000
9683347/1250000
319550451/40000000
164616899/20000000
67783429/8000000
87150123/10000000
358283839/40000000
183983593/20000000
377650533/40000000
9683347/1000000

Dimensions > 0:
(0, 0, 1)
(0, 1, 1)
(0, 2, 1)
(0, 3, 1)
(0, 4, 1)
(0, 5, 1)
(0, 6, 1)
(0, 7, 1)
(0, 8, 1)
(0, 9, 1)
(0, 10, 1)
(0, 11, 1)
(0, 12, 1)
(0, 13, 1)
(0, 14, 1)
(0, 15, 1)
(0, 16, 1)
(0, 17, 1)
(0, 18, 1)
(0, 19, 1)
(0, 20, 1)
(0, 21, 1)
(0, 22, 1)
(0, 23, 1)
(0, 24, 1)
(0, 25, 1)
(0, 26, 1)
(0, 27, 1)
(0, 28, 1)
(0, 29, 1)
(0, 30, 1)
(0, 31, 1)
(0, 32, 1)
(0, 33, 1)
(0, 34, 1)
(0, 35, 1)
(0, 36, 1)
(0, 37, 1)
(0, 38, 1)
(0, 39, 1)

(1, 0, 3)
(1, 1, 3)
(1, 2, 3)
(1, 3, 3)
(1, 4, 3)
(1, 5, 3)
(1, 6, 3)
(1, 7, 3)
(1, 8, 3)
(1, 9, 3)
(1, 10, 3)
(1, 11, 3)
(1, 12, 3)
(1, 13, 3)
(1, 14, 3)
(1, 15, 3)
(1, 16, 3)
(1, 17, 3)
(1, 18, 3)
(1, 19, 2)
(1, 20, 2)
(1, 21, 2)
(1, 22, 2)
(1, 23, 2)
(1, 24, 1)
(1, 25, 1)
(1, 26, 1)
(1, 27, 1)
(1, 28, 1)
(1, 29, 1)
(1, 30, 1)
(1, 31, 1)
(1, 32, 1)
(1, 33, 1)
(1, 34, 1)
(1, 35, 1)
(1, 36, 1)
(1, 37, 1)
(1, 38, 1)
(1, 39, 1)

(2, 0, 5)
(2, 1, 5)
(2, 2, 5)
(2, 3, 5)
(2, 4, 5)
(2, 5, 5)
(2, 6, 5)
(2, 7, 5)
(2, 8, 5)
(2, 9, 5)
(2, 10, 5)
(2, 11, 5)
(2, 12, 5)
(2, 13, 5)
(2, 14, 5)
(2, 15, 5)
(2, 16, 5)
(2, 17, 5)
(2, 18, 5)
(2, 19, 3)
(2, 20, 3)
(2, 21, 3)
(2, 22, 3)
(2, 23, 3)
(2, 24, 2)
(2, 25, 2)
(2, 26, 2)
(2, 27, 2)
(2, 28, 2)
(2, 29, 2)
(2, 30, 2)
(2, 31, 2)
(2, 32, 2)
(2, 33, 2)
(2, 34, 2)
(2, 35, 2)
(2, 36, 2)
(2, 37, 2)
(2, 38, 2)
(2, 39, 2)

(3, 0, 6)
(3, 1, 6)
(3, 2, 6)
(3, 3, 6)
(3, 4, 6)
(3, 5, 6)
(3, 6, 6)
(3, 7, 6)
(3, 8, 6)
(3, 9, 6)
(3, 10, 6)
(3, 11, 6)
(3, 12, 6)
(3, 13, 6)
(3, 14, 6)
(3, 15, 6)
(3, 16, 6)
(3, 17, 6)
(3, 18, 6)
(3, 19, 4)
(3, 20, 4)
(3, 21, 4)
(3, 22, 4)
(3, 23, 4)
(3, 24, 2)
(3, 25, 2)
(3, 26, 2)
(3, 27, 2)
(3, 28, 2)
(3, 29, 2)
(3, 30, 2)
(3, 31, 2)
(3, 32, 2)
(3, 33, 2)
(3, 34, 2)
(3, 35, 2)
(3, 36, 2)
(3, 37, 2)
(3, 38, 2)
(3, 39, 2)

(4, 0, 10)
(4, 1, 10)
(4, 2, 10)
(4, 3, 10)
(4, 4, 10)
(4, 5, 10)
(4, 6, 10)
(4, 7, 10)
(4, 8, 10)
(4, 9, 10)
(4, 10, 10)
(4, 11, 10)
(4, 12, 10)
(4, 13, 10)
(4, 14, 10)
(4, 15, 10)
(4, 16, 10)
(4, 17, 10)
(4, 18, 10)
(4, 19, 6)
(4, 20, 6)
(4, 21, 6)
(4, 22, 6)
(4, 23, 4)
(4, 24, 2)
(4, 25, 2)
(4, 26, 2)
(4, 27, 2)
(4, 28, 2)
(4, 29, 2)
(4, 30, 2)
(4, 31, 2)
(4, 32, 2)
(4, 33, 2)
(4, 34, 2)
(4, 35, 2)
(4, 36, 2)
(4, 37, 2)
(4, 38, 2)
(4, 39, 2)

(5, 0, 12)
(5, 1, 12)
(5, 2, 12)
(5, 3, 12)
(5, 4, 12)
(5, 5, 12)
(5, 6, 12)
(5, 7, 12)
(5, 8, 12)
(5, 9, 12)
(5, 10, 12)
(5, 11, 12)
(5, 12, 12)
(5, 13, 12)
(5, 14, 12)
(5, 15, 12)
(5, 16, 12)
(5, 17, 12)
(5, 18, 12)
(5, 19, 7)
(5, 20, 7)
(5, 21, 7)
(5, 22, 7)
(5, 23, 5)
(5, 24, 3)
(5, 25, 3)
(5, 26, 3)
(5, 27, 3)
(5, 28, 3)
(5, 29, 3)
(5, 30, 3)
(5, 31, 3)
(5, 32, 3)
(5, 33, 3)
(5, 34, 3)
(5, 35, 3)
(5, 36, 3)
(5, 37, 3)
(5, 38, 3)
(5, 39, 3)

(6, 0, 15)
(6, 1, 15)
(6, 2, 15)
(6, 3, 15)
(6, 4, 15)
(6, 5, 15)
(6, 6, 15)
(6, 7, 15)
(6, 8, 15)
(6, 9, 15)
(6, 10, 15)
(6, 11, 15)
(6, 12, 15)
(6, 13, 15)
(6, 14, 15)
(6, 15, 15)
(6, 16, 15)
(6, 17, 15)
(6, 18, 15)
(6, 19, 9)
(6, 20, 9)
(6, 21, 9)
(6, 22, 9)
(6, 23, 6)
(6, 24, 3)
(6, 25, 3)
(6, 26, 3)
(6, 27, 3)
(6, 28, 3)
(6, 29, 3)
(6, 30, 3)
(6, 31, 3)
(6, 32, 3)
(6, 33, 3)
(6, 34, 3)
(6, 35, 3)
(6, 36, 3)
(6, 37, 3)
(6, 38, 3)
(6, 39, 3)

(7, 0, 20)
(7, 1, 20)
(7, 2, 19)
(7, 3, 19)
(7, 4, 19)
(7, 5, 19)
(7, 6, 19)
(7, 7, 19)
(7, 8, 19)
(7, 9, 19)
(7, 10, 19)
(7, 11, 19)
(7, 12, 19)
(7, 13, 19)
(7, 14, 19)
(7, 15, 19)
(7, 16, 19)
(7, 17, 19)
(7, 18, 19)
(7, 19, 12)
(7, 20, 11)
(7, 21, 11)
(7, 22, 11)
(7, 23, 7)
(7, 24, 4)
(7, 25, 4)
(7, 26, 4)
(7, 27, 4)
(7, 28, 4)
(7, 29, 4)
(7, 30, 4)
(7, 31, 4)
(7, 32, 4)
(7, 33, 4)
(7, 34, 4)
(7, 35, 4)
(7, 36, 4)
(7, 37, 4)
(7, 38, 4)
(7, 39, 4)

(8, 0, 24)
(8, 1, 24)
(8, 2, 23)
(8, 3, 23)
(8, 4, 23)
(8, 5, 23)
(8, 6, 23)
(8, 7, 23)
(8, 8, 23)
(8, 9, 23)
(8, 10, 23)
(8, 11, 23)
(8, 12, 23)
(8, 13, 23)
(8, 14, 23)
(8, 15, 23)
(8, 16, 23)
(8, 17, 23)
(8, 18, 23)
(8, 19, 13)
(8, 20, 12)
(8, 21, 12)
(8, 22, 12)
(8, 23, 7)
(8, 24, 4)
(8, 25, 4)
(8, 26, 4)
(8, 27, 4)
(8, 28, 4)
(8, 29, 4)
(8, 30, 4)
(8, 31, 4)
(8, 32, 4)
(8, 33, 4)
(8, 34, 4)
(8, 35, 4)
(8, 36, 4)
(8, 37, 4)
(8, 38, 4)
(8, 39, 4)

(9, 0, 25)
(9, 1, 25)
(9, 2, 24)
(9, 3, 24)
(9, 4, 24)
(9, 5, 24)
(9, 6, 24)
(9, 7, 24)
(9, 8, 24)
(9, 9, 24)
(9, 10, 24)
(9, 11, 24)
(9, 12, 24)
(9, 13, 24)
(9, 14, 24)
(9, 15, 24)
(9, 16, 24)
(9, 17, 24)
(9, 18, 24)
(9, 19, 14)
(9, 20, 13)
(9, 21, 13)
(9, 22, 13)
(9, 23, 7)
(9, 24, 4)
(9, 25, 4)
(9, 26, 4)
(9, 27, 4)
(9, 28, 4)
(9, 29, 4)
(9, 30, 4)
(9, 31, 4)
(9, 32, 4)
(9, 33, 4)
(9, 34, 4)
(9, 35, 4)
(9, 36, 4)
(9, 37, 4)
(9, 38, 4)
(9, 39, 4)

(10, 0, 26)
(10, 1, 26)
(10, 2, 25)
(10, 3, 25)
(10, 4, 25)
(10, 5, 25)
(10, 6, 25)
(10, 7, 25)
(10, 8, 25)
(10, 9, 25)
(10, 10, 25)
(10, 11, 25)
(10, 12, 25)
(10, 13, 25)
(10, 14, 25)
(10, 15, 25)
(10, 16, 25)
(10, 17, 25)
(10, 18, 25)
(10, 19, 15)
(10, 20, 14)
(10, 21, 14)
(10, 22, 14)
(10, 23, 7)
(10, 24, 4)
(10, 25, 4)
(10, 26, 4)
(10, 27, 4)
(10, 28, 4)
(10, 29, 4)
(10, 30, 4)
(10, 31, 4)
(10, 32, 4)
(10, 33, 4)
(10, 34, 4)
(10, 35, 4)
(10, 36, 4)
(10, 37, 4)
(10, 38, 4)
(10, 39, 4)

(11, 0, 28)
(11, 1, 28)
(11, 2, 27)
(11, 3, 27)
(11, 4, 27)
(11, 5, 27)
(11, 6, 27)
(11, 7, 27)
(11, 8, 27)
(11, 9, 27)
(11, 10, 27)
(11, 11, 27)
(11, 12, 27)
(11, 13, 27)
(11, 14, 27)
(11, 15, 27)
(11, 16, 27)
(11, 17, 27)
(11, 18, 27)
(11, 19, 16)
(11, 20, 15)
(11, 21, 15)
(11, 22, 15)
(11, 23, 7)
(11, 24, 4)
(11, 25, 4)
(11, 26, 4)
(11, 27, 4)
(11, 28, 4)
(11, 29, 4)
(11, 30, 4)
(11, 31, 4)
(11, 32, 4)
(11, 33, 4)
(11, 34, 4)
(11, 35, 4)
(11, 36, 4)
(11, 37, 4)
(11, 38, 4)
(11, 39, 4)

(12, 0, 32)
(12, 1, 32)
(12, 2, 30)
(12, 3, 30)
(12, 4, 30)
(12, 5, 30)
(12, 6, 30)
(12, 7, 30)
(12, 8, 30)
(12, 9, 30)
(12, 10, 30)
(12, 11, 30)
(12, 12, 30)
(12, 13, 30)
(12, 14, 30)
(12, 15, 30)
(12, 16, 30)
(12, 17, 30)
(12, 18, 30)
(12, 19, 18)
(12, 20, 16)
(12, 21, 16)
(12, 22, 16)
(12, 23, 7)
(12, 24, 4)
(12, 25, 4)
(12, 26, 4)
(12, 27, 4)
(12, 28, 4)
(12, 29, 4)
(12, 30, 4)
(12, 31, 4)
(12, 32, 4)
(12, 33, 4)
(12, 34, 4)
(12, 35, 4)
(12, 36, 4)
(12, 37, 4)
(12, 38, 4)
(12, 39, 4)

(13, 0, 34)
(13, 1, 34)
(13, 2, 31)
(13, 3, 31)
(13, 4, 31)
(13, 5, 31)
(13, 6, 31)
(13, 7, 31)
(13, 8, 31)
(13, 9, 31)
(13, 10, 31)
(13, 11, 31)
(13, 12, 31)
(13, 13, 31)
(13, 14, 31)
(13, 15, 31)
(13, 16, 31)
(13, 17, 31)
(13, 18, 31)
(13, 19, 19)
(13, 20, 17)
(13, 21, 17)
(13, 22, 17)
(13, 23, 8)
(13, 24, 5)
(13, 25, 5)
(13, 26, 5)
(13, 27, 5)
(13, 28, 5)
(13, 29, 5)
(13, 30, 5)
(13, 31, 5)
(13, 32, 5)
(13, 33, 5)
(13, 34, 5)
(13, 35, 5)
(13, 36, 5)
(13, 37, 5)
(13, 38, 5)
(13, 39, 5)

(14, 0, 34)
(14, 1, 34)
(14, 2, 31)
(14, 3, 31)
(14, 4, 31)
(14, 5, 31)
(14, 6, 31)
(14, 7, 31)
(14, 8, 31)
(14, 9, 31)
(14, 10, 31)
(14, 11, 31)
(14, 12, 31)
(14, 13, 31)
(14, 14, 31)
(14, 15, 31)
(14, 16, 31)
(14, 17, 31)
(14, 18, 31)
(14, 19, 19)
(14, 20, 17)
(14, 21, 17)
(14, 22, 17)
(14, 23, 8)
(14, 24, 5)
(14, 25, 5)
(14, 26, 5)
(14, 27, 5)
(14, 28, 5)
(14, 29, 5)
(14, 30, 5)
(14, 31, 5)
(14, 32, 5)
(14, 33, 5)
(14, 34, 5)
(14, 35, 5)
(14, 36, 5)
(14, 37, 5)
(14, 38, 5)
(14, 39, 5)

(15, 0, 50)
(15, 1, 38)
(15, 2, 34)
(15, 3, 33)
(15, 4, 33)
(15, 5, 33)
(15, 6, 33)
(15, 7, 33)
(15, 8, 33)
(15, 9, 33)
(15, 10, 33)
(15, 11, 33)
(15, 12, 33)
(15, 13, 32)
(15, 14, 32)
(15, 15, 32)
(15, 16, 32)
(15, 17, 32)
(15, 18, 32)
(15, 19, 20)
(15, 20, 18)
(15, 21, 18)
(15, 22, 18)
(15, 23, 9)
(15, 24, 6)
(15, 25, 6)
(15, 26, 6)
(15, 27, 6)
(15, 28, 6)
(15, 29, 6)
(15, 30, 6)
(15, 31, 6)
(15, 32, 6)
(15, 33, 6)
(15, 34, 6)
(15, 35, 6)
(15, 36, 6)
(15, 37, 6)
(15, 38, 6)
(15, 39, 6)

(16, 0, 75)
(16, 1, 38)
(16, 2, 34)
(16, 3, 33)
(16, 4, 33)
(16, 5, 33)
(16, 6, 33)
(16, 7, 33)
(16, 8, 33)
(16, 9, 33)
(16, 10, 33)
(16, 11, 33)
(16, 12, 33)
(16, 13, 32)
(16, 14, 32)
(16, 15, 32)
(16, 16, 32)
(16, 17, 32)
(16, 18, 32)
(16, 19, 20)
(16, 20, 18)
(16, 21, 18)
(16, 22, 18)
(16, 23, 9)
(16, 24, 6)
(16, 25, 6)
(16, 26, 6)
(16, 27, 6)
(16, 28, 6)
(16, 29, 6)
(16, 30, 6)
(16, 31, 6)
(16, 32, 6)
(16, 33, 6)
(16, 34, 6)
(16, 35, 6)
(16, 36, 6)
(16, 37, 6)
(16, 38, 6)
(16, 39, 6)

(17, 0, 84)
(17, 1, 38)
(17, 2, 34)
(17, 3, 33)
(17, 4, 33)
(17, 5, 33)
(17, 6, 33)
(17, 7, 33)
(17, 8, 33)
(17, 9, 33)
(17, 10, 33)
(17, 11, 33)
(17, 12, 33)
(17, 13, 32)
(17, 14, 32)
(17, 15, 32)
(17, 16, 32)
(17, 17, 32)
(17, 18, 32)
(17, 19, 20)
(17, 20, 18)
(17, 21, 18)
(17, 22, 18)
(17, 23, 9)
(17, 24, 6)
(17, 25, 6)
(17, 26, 6)
(17, 27, 6)
(17, 28, 6)
(17, 29, 6)
(17, 30, 6)
(17, 31, 6)
(17, 32, 6)
(17, 33, 6)
(17, 34, 6)
(17, 35, 6)
(17, 36, 6)
(17, 37, 6)
(17, 38, 6)
(17, 39, 6)

(18, 0, 84)
(18, 1, 38)
(18, 2, 34)
(18, 3, 33)
(18, 4, 33)
(18, 5, 33)
(18, 6, 33)
(18, 7, 33)
(18, 8, 33)
(18, 9, 33)
(18, 10, 33)
(18, 11, 33)
(18, 12, 33)
(18, 13, 32)
(18, 14, 32)
(18, 15, 32)
(18, 16, 32)
(18, 17, 32)
(18, 18, 32)
(18, 19, 20)
(18, 20, 18)
(18, 21, 18)
(18, 22, 18)
(18, 23, 9)
(18, 24, 6)
(18, 25, 6)
(18, 26, 6)
(18, 27, 6)
(18, 28, 6)
(18, 29, 6)
(18, 30, 6)
(18, 31, 6)
(18, 32, 6)
(18, 33, 6)
(18, 34, 6)
(18, 35, 6)
(18, 36, 6)
(18, 37, 6)
(18, 38, 6)
(18, 39, 6)

(19, 0, 86)
(19, 1, 40)
(19, 2, 35)
(19, 3, 34)
(19, 4, 34)
(19, 5, 34)
(19, 6, 34)
(19, 7, 34)
(19, 8, 34)
(19, 9, 34)
(19, 10, 34)
(19, 11, 34)
(19, 12, 34)
(19, 13, 33)
(19, 14, 33)
(19, 15, 33)
(19, 16, 33)
(19, 17, 33)
(19, 18, 33)
(19, 19, 21)
(19, 20, 19)
(19, 21, 19)
(19, 22, 19)
(19, 23, 10)
(19, 24, 7)
(19, 25, 7)
(19, 26, 7)
(19, 27, 7)
(19, 28, 7)
(19, 29, 7)
(19, 30, 7)
(19, 31, 7)
(19, 32, 7)
(19, 33, 7)
(19, 34, 7)
(19, 35, 7)
(19, 36, 7)
(19, 37, 7)
(19, 38, 7)
(19, 39, 7)

(20, 0, 87)
(20, 1, 41)
(20, 2, 36)
(20, 3, 35)
(20, 4, 35)
(20, 5, 35)
(20, 6, 35)
(20, 7, 35)
(20, 8, 35)
(20, 9, 35)
(20, 10, 35)
(20, 11, 35)
(20, 12, 35)
(20, 13, 34)
(20, 14, 34)
(20, 15, 34)
(20, 16, 34)
(20, 17, 34)
(20, 18, 34)
(20, 19, 22)
(20, 20, 20)
(20, 21, 20)
(20, 22, 20)
(20, 23, 11)
(20, 24, 8)
(20, 25, 8)
(20, 26, 8)
(20, 27, 8)
(20, 28, 8)
(20, 29, 8)
(20, 30, 8)
(20, 31, 8)
(20, 32, 8)
(20, 33, 8)
(20, 34, 8)
(20, 35, 8)
(20, 36, 8)
(20, 37, 8)
(20, 38, 8)
(20, 39, 8)

(21, 0, 90)
(21, 1, 44)
(21, 2, 37)
(21, 3, 36)
(21, 4, 36)
(21, 5, 36)
(21, 6, 36)
(21, 7, 36)
(21, 8, 36)
(21, 9, 36)
(21, 10, 36)
(21, 11, 36)
(21, 12, 36)
(21, 13, 34)
(21, 14, 34)
(21, 15, 34)
(21, 16, 34)
(21, 17, 34)
(21, 18, 34)
(21, 19, 22)
(21, 20, 20)
(21, 21, 20)
(21, 22, 20)
(21, 23, 11)
(21, 24, 8)
(21, 25, 8)
(21, 26, 8)
(21, 27, 8)
(21, 28, 8)
(21, 29, 8)
(21, 30, 8)
(21, 31, 8)
(21, 32, 8)
(21, 33, 8)
(21, 34, 8)
(21, 35, 8)
(21, 36, 8)
(21, 37, 8)
(21, 38, 8)
(21, 39, 8)

(22, 0, 93)
(22, 1, 47)
(22, 2, 40)
(22, 3, 38)
(22, 4, 38)
(22, 5, 38)
(22, 6, 38)
(22, 7, 38)
(22, 8, 38)
(22, 9, 38)
(22, 10, 38)
(22, 11, 37)
(22, 12, 37)
(22, 13, 35)
(22, 14, 35)
(22, 15, 35)
(22, 16, 35)
(22, 17, 35)
(22, 18, 35)
(22, 19, 23)
(22, 20, 21)
(22, 21, 21)
(22, 22, 21)
(22, 23, 12)
(22, 24, 9)
(22, 25, 9)
(22, 26, 9)
(22, 27, 9)
(22, 28, 9)
(22, 29, 9)
(22, 30, 9)
(22, 31, 9)
(22, 32, 9)
(22, 33, 9)
(22, 34, 9)
(22, 35, 9)
(22, 36, 9)
(22, 37, 9)
(22, 38, 9)
(22, 39, 9)

(23, 0, 93)
(23, 1, 47)
(23, 2, 40)
(23, 3, 38)
(23, 4, 38)
(23, 5, 38)
(23, 6, 38)
(23, 7, 38)
(23, 8, 38)
(23, 9, 38)
(23, 10, 38)
(23, 11, 37)
(23, 12, 37)
(23, 13, 35)
(23, 14, 35)
(23, 15, 35)
(23, 16, 35)
(23, 17, 35)
(23, 18, 35)
(23, 19, 23)
(23, 20, 21)
(23, 21, 21)
(23, 22, 21)
(23, 23, 12)
(23, 24, 9)
(23, 25, 9)
(23, 26, 9)
(23, 27, 9)
(23, 28, 9)
(23, 29, 9)
(23, 30, 9)
(23, 31, 9)
(23, 32, 9)
(23, 33, 9)
(23, 34, 9)
(23, 35, 9)
(23, 36, 9)
(23, 37, 9)
(23, 38, 9)
(23, 39, 9)

(24, 0, 116)
(24, 1, 49)
(24, 2, 42)
(24, 3, 39)
(24, 4, 39)
(24, 5, 39)
(24, 6, 39)
(24, 7, 39)
(24, 8, 39)
(24, 9, 39)
(24, 10, 39)
(24, 11, 38)
(24, 12, 38)
(24, 13, 36)
(24, 14, 36)
(24, 15, 36)
(24, 16, 36)
(24, 17, 36)
(24, 18, 36)
(24, 19, 24)
(24, 20, 22)
(24, 21, 22)
(24, 22, 22)
(24, 23, 13)
(24, 24, 10)
(24, 25, 10)
(24, 26, 10)
(24, 27, 10)
(24, 28, 10)
(24, 29, 10)
(24, 30, 10)
(24, 31, 10)
(24, 32, 10)
(24, 33, 10)
(24, 34, 10)
(24, 35, 10)
(24, 36, 10)
(24, 37, 10)
(24, 38, 10)
(24, 39, 10)

(25, 0, 141)
(25, 1, 49)
(25, 2, 42)
(25, 3, 39)
(25, 4, 39)
(25, 5, 39)
(25, 6, 39)
(25, 7, 39)
(25, 8, 39)
(25, 9, 39)
(25, 10, 39)
(25, 11, 38)
(25, 12, 38)
(25, 13, 36)
(25, 14, 36)
(25, 15, 36)
(25, 16, 36)
(25, 17, 36)
(25, 18, 36)
(25, 19, 24)
(25, 20, 22)
(25, 21, 22)
(25, 22, 22)
(25, 23, 13)
(25, 24, 10)
(25, 25, 10)
(25, 26, 10)
(25, 27, 10)
(25, 28, 10)
(25, 29, 10)
(25, 30, 10)
(25, 31, 10)
(25, 32, 10)
(25, 33, 10)
(25, 34, 10)
(25, 35, 10)
(25, 36, 10)
(25, 37, 10)
(25, 38, 10)
(25, 39, 10)

(26, 0, 141)
(26, 1, 49)
(26, 2, 42)
(26, 3, 39)
(26, 4, 39)
(26, 5, 39)
(26, 6, 39)
(26, 7, 39)
(26, 8, 39)
(26, 9, 39)
(26, 10, 39)
(26, 11, 38)
(26, 12, 38)
(26, 13, 36)
(26, 14, 36)
(26, 15, 36)
(26, 16, 36)
(26, 17, 36)
(26, 18, 36)
(26, 19, 24)
(26, 20, 22)
(26, 21, 22)
(26, 22, 22)
(26, 23, 13)
(26, 24, 10)
(26, 25, 10)
(26, 26, 10)
(26, 27, 10)
(26, 28, 10)
(26, 29, 10)
(26, 30, 10)
(26, 31, 10)
(26, 32, 10)
(26, 33, 10)
(26, 34, 10)
(26, 35, 10)
(26, 36, 10)
(26, 37, 10)
(26, 38, 10)
(26, 39, 10)

(27, 0, 145)
(27, 1, 53)
(27, 2, 45)
(27, 3, 41)
(27, 4, 41)
(27, 5, 41)
(27, 6, 41)
(27, 7, 41)
(27, 8, 41)
(27, 9, 41)
(27, 10, 41)
(27, 11, 40)
(27, 12, 40)
(27, 13, 38)
(27, 14, 38)
(27, 15, 38)
(27, 16, 38)
(27, 17, 38)
(27, 18, 38)
(27, 19, 26)
(27, 20, 24)
(27, 21, 24)
(27, 22, 24)
(27, 23, 15)
(27, 24, 12)
(27, 25, 12)
(27, 26, 12)
(27, 27, 12)
(27, 28, 12)
(27, 29, 12)
(27, 30, 12)
(27, 31, 12)
(27, 32, 12)
(27, 33, 12)
(27, 34, 12)
(27, 35, 12)
(27, 36, 12)
(27, 37, 12)
(27, 38, 12)
(27, 39, 12)

(28, 0, 149)
(28, 1, 57)
(28, 2, 49)
(28, 3, 44)
(28, 4, 43)
(28, 5, 43)
(28, 6, 43)
(28, 7, 43)
(28, 8, 43)
(28, 9, 43)
(28, 10, 43)
(28, 11, 40)
(28, 12, 40)
(28, 13, 38)
(28, 14, 38)
(28, 15, 38)
(28, 16, 38)
(28, 17, 38)
(28, 18, 38)
(28, 19, 26)
(28, 20, 24)
(28, 21, 24)
(28, 22, 24)
(28, 23, 15)
(28, 24, 12)
(28, 25, 12)
(28, 26, 12)
(28, 27, 12)
(28, 28, 12)
(28, 29, 12)
(28, 30, 12)
(28, 31, 12)
(28, 32, 12)
(28, 33, 12)
(28, 34, 12)
(28, 35, 12)
(28, 36, 12)
(28, 37, 12)
(28, 38, 12)
(28, 39, 12)

(29, 0, 149)
(29, 1, 57)
(29, 2, 49)
(29, 3, 44)
(29, 4, 43)
(29, 5, 43)
(29, 6, 43)
(29, 7, 43)
(29, 8, 43)
(29, 9, 43)
(29, 10, 43)
(29, 11, 40)
(29, 12, 40)
(29, 13, 38)
(29, 14, 38)
(29, 15, 38)
(29, 16, 38)
(29, 17, 38)
(29, 18, 38)
(29, 19, 26)
(29, 20, 24)
(29, 21, 24)
(29, 22, 24)
(29, 23, 15)
(29, 24, 12)
(29, 25, 12)
(29, 26, 12)
(29, 27, 12)
(29, 28, 12)
(29, 29, 12)
(29, 30, 12)
(29, 31, 12)
(29, 32, 12)
(29, 33, 12)
(29, 34, 12)
(29, 35, 12)
(29, 36, 12)
(29, 37, 12)
(29, 38, 12)
(29, 39, 12)

(30, 0, 149)
(30, 1, 57)
(30, 2, 49)
(30, 3, 44)
(30, 4, 43)
(30, 5, 43)
(30, 6, 43)
(30, 7, 43)
(30, 8, 43)
(30, 9, 43)
(30, 10, 43)
(30, 11, 40)
(30, 12, 40)
(30, 13, 38)
(30, 14, 38)
(30, 15, 38)
(30, 16, 38)
(30, 17, 38)
(30, 18, 38)
(30, 19, 26)
(30, 20, 24)
(30, 21, 24)
(30, 22, 24)
(30, 23, 15)
(30, 24, 12)
(30, 25, 12)
(30, 26, 12)
(30, 27, 12)
(30, 28, 12)
(30, 29, 12)
(30, 30, 12)
(30, 31, 12)
(30, 32, 12)
(30, 33, 12)
(30, 34, 12)
(30, 35, 12)
(30, 36, 12)
(30, 37, 12)
(30, 38, 12)
(30, 39, 12)

(31, 0, 174)
(31, 1, 61)
(31, 2, 53)
(31, 3, 47)
(31, 4, 45)
(31, 5, 45)
(31, 6, 45)
(31, 7, 45)
(31, 8, 45)
(31, 9, 45)
(31, 10, 45)
(31, 11, 42)
(31, 12, 42)
(31, 13, 40)
(31, 14, 40)
(31, 15, 40)
(31, 16, 40)
(31, 17, 40)
(31, 18, 40)
(31, 19, 28)
(31, 20, 26)
(31, 21, 26)
(31, 22, 26)
(31, 23, 17)
(31, 24, 14)
(31, 25, 14)
(31, 26, 14)
(31, 27, 14)
(31, 28, 14)
(31, 29, 14)
(31, 30, 14)
(31, 31, 14)
(31, 32, 14)
(31, 33, 14)
(31, 34, 14)
(31, 35, 14)
(31, 36, 14)
(31, 37, 14)
(31, 38, 14)
(31, 39, 14)

(32, 0, 200)
(32, 1, 62)
(32, 2, 54)
(32, 3, 48)
(32, 4, 46)
(32, 5, 46)
(32, 6, 46)
(32, 7, 46)
(32, 8, 46)
(32, 9, 46)
(32, 10, 46)
(32, 11, 42)
(32, 12, 42)
(32, 13, 40)
(32, 14, 40)
(32, 15, 40)
(32, 16, 40)
(32, 17, 40)
(32, 18, 40)
(32, 19, 28)
(32, 20, 26)
(32, 21, 26)
(32, 22, 26)
(32, 23, 17)
(32, 24, 14)
(32, 25, 14)
(32, 26, 14)
(32, 27, 14)
(32, 28, 14)
(32, 29, 14)
(32, 30, 14)
(32, 31, 14)
(32, 32, 14)
(32, 33, 14)
(32, 34, 14)
(32, 35, 14)
(32, 36, 14)
(32, 37, 14)
(32, 38, 14)
(32, 39, 14)

(33, 0, 200)
(33, 1, 62)
(33, 2, 54)
(33, 3, 48)
(33, 4, 46)
(33, 5, 46)
(33, 6, 46)
(33, 7, 46)
(33, 8, 46)
(33, 9, 46)
(33, 10, 46)
(33, 11, 42)
(33, 12, 42)
(33, 13, 40)
(33, 14, 40)
(33, 15, 40)
(33, 16, 40)
(33, 17, 40)
(33, 18, 40)
(33, 19, 28)
(33, 20, 26)
(33, 21, 26)
(33, 22, 26)
(33, 23, 17)
(33, 24, 14)
(33, 25, 14)
(33, 26, 14)
(33, 27, 14)
(33, 28, 14)
(33, 29, 14)
(33, 30, 14)
(33, 31, 14)
(33, 32, 14)
(33, 33, 14)
(33, 34, 14)
(33, 35, 14)
(33, 36, 14)
(33, 37, 14)
(33, 38, 14)
(33, 39, 14)

(34, 0, 202)
(34, 1, 64)
(34, 2, 56)
(34, 3, 49)
(34, 4, 47)
(34, 5, 47)
(34, 6, 47)
(34, 7, 47)
(34, 8, 47)
(34, 9, 47)
(34, 10, 47)
(34, 11, 43)
(34, 12, 43)
(34, 13, 41)
(34, 14, 41)
(34, 15, 41)
(34, 16, 41)
(34, 17, 41)
(34, 18, 41)
(34, 19, 29)
(34, 20, 27)
(34, 21, 27)
(34, 22, 27)
(34, 23, 18)
(34, 24, 15)
(34, 25, 15)
(34, 26, 15)
(34, 27, 15)
(34, 28, 15)
(34, 29, 15)
(34, 30, 15)
(34, 31, 15)
(34, 32, 15)
(34, 33, 15)
(34, 34, 15)
(34, 35, 15)
(34, 36, 15)
(34, 37, 15)
(34, 38, 15)
(34, 39, 15)

(35, 0, 204)
(35, 1, 66)
(35, 2, 58)
(35, 3, 51)
(35, 4, 48)
(35, 5, 48)
(35, 6, 48)
(35, 7, 48)
(35, 8, 48)
(35, 9, 48)
(35, 10, 48)
(35, 11, 43)
(35, 12, 43)
(35, 13, 41)
(35, 14, 41)
(35, 15, 41)
(35, 16, 41)
(35, 17, 41)
(35, 18, 41)
(35, 19, 29)
(35, 20, 27)
(35, 21, 27)
(35, 22, 27)
(35, 23, 18)
(35, 24, 15)
(35, 25, 15)
(35, 26, 15)
(35, 27, 15)
(35, 28, 15)
(35, 29, 15)
(35, 30, 15)
(35, 31, 15)
(35, 32, 15)
(35, 33, 15)
(35, 34, 15)
(35, 35, 15)
(35, 36, 15)
(35, 37, 15)
(35, 38, 15)
(35, 39, 15)

(36, 0, 247)
(36, 1, 68)
(36, 2, 60)
(36, 3, 52)
(36, 4, 49)
(36, 5, 49)
(36, 6, 49)
(36, 7, 49)
(36, 8, 49)
(36, 9, 49)
(36, 10, 49)
(36, 11, 44)
(36, 12, 44)
(36, 13, 42)
(36, 14, 42)
(36, 15, 42)
(36, 16, 42)
(36, 17, 42)
(36, 18, 42)
(36, 19, 30)
(36, 20, 28)
(36, 21, 28)
(36, 22, 28)
(36, 23, 19)
(36, 24, 16)
(36, 25, 16)
(36, 26, 16)
(36, 27, 16)
(36, 28, 16)
(36, 29, 16)
(36, 30, 16)
(36, 31, 16)
(36, 32, 16)
(36, 33, 16)
(36, 34, 16)
(36, 35, 16)
(36, 36, 16)
(36, 37, 16)
(36, 38, 16)
(36, 39, 16)

(37, 0, 253)
(37, 1, 69)
(37, 2, 61)
(37, 3, 53)
(37, 4, 50)
(37, 5, 50)
(37, 6, 50)
(37, 7, 50)
(37, 8, 50)
(37, 9, 50)
(37, 10, 50)
(37, 11, 45)
(37, 12, 45)
(37, 13, 43)
(37, 14, 43)
(37, 15, 43)
(37, 16, 43)
(37, 17, 43)
(37, 18, 43)
(37, 19, 31)
(37, 20, 29)
(37, 21, 29)
(37, 22, 29)
(37, 23, 20)
(37, 24, 17)
(37, 25, 17)
(37, 26, 17)
(37, 27, 17)
(37, 28, 17)
(37, 29, 17)
(37, 30, 17)
(37, 31, 17)
(37, 32, 17)
(37, 33, 17)
(37, 34, 17)
(37, 35, 17)
(37, 36, 17)
(37, 37, 17)
(37, 38, 17)
(37, 39, 17)

(38, 0, 254)
(38, 1, 70)
(38, 2, 62)
(38, 3, 54)
(38, 4, 51)
(38, 5, 51)
(38, 6, 51)
(38, 7, 51)
(38, 8, 51)
(38, 9, 51)
(38, 10, 51)
(38, 11, 46)
(38, 12, 46)
(38, 13, 44)
(38, 14, 44)
(38, 15, 44)
(38, 16, 44)
(38, 17, 44)
(38, 18, 44)
(38, 19, 32)
(38, 20, 30)
(38, 21, 30)
(38, 22, 30)
(38, 23, 21)
(38, 24, 18)
(38, 25, 18)
(38, 26, 18)
(38, 27, 18)
(38, 28, 18)
(38, 29, 18)
(38, 30, 18)
(38, 31, 18)
(38, 32, 18)
(38, 33, 18)
(38, 34, 18)
(38, 35, 18)
(38, 36, 18)
(38, 37, 18)
(38, 38, 18)
(38, 39, 18)

(39, 0, 256)
(39, 1, 72)
(39, 2, 64)
(39, 3, 56)
(39, 4, 52)
(39, 5, 52)
(39, 6, 52)
(39, 7, 52)
(39, 8, 52)
(39, 9, 52)
(39, 10, 52)
(39, 11, 46)
(39, 12, 46)
(39, 13, 44)
(39, 14, 44)
(39, 15, 44)
(39, 16, 44)
(39, 17, 44)
(39, 18, 44)
(39, 19, 32)
(39, 20, 30)
(39, 21, 30)
(39, 22, 30)
(39, 23, 21)
(39, 24, 18)
(39, 25, 18)
(39, 26, 18)
(39, 27, 18)
(39, 28, 18)
(39, 29, 18)
(39, 30, 18)
(39, 31, 18)
(39, 32, 18)
(39, 33, 18)
(39, 34, 18)
(39, 35, 18)
(39, 36, 18)
(39, 37, 18)
(39, 38, 18)
(39, 39, 18)


Betti numbers:
xi_0:
(0, 0, 1)
(1, 0, 2)
(2, 0, 2)
(3, 0, 1)
(4, 0, 4)
(5, 0, 2)
(6, 0, 3)
(7, 0, 5)
(8, 0, 4)
(9, 0, 1)
(10, 0, 1)
(11, 0, 2)
(12, 0, 4)
(13, 0, 2)
(15, 0, 16)
(16, 0, 25)
(17, 0, 9)
(19, 0, 2)
(20, 0, 1)
(21, 0, 3)
(22, 0, 3)
(24, 0, 23)
(25, 0, 25)
(27, 0, 4)
(28, 0, 4)
(31, 0, 25)
(32, 0, 26)
(34, 0, 2)
(35, 0, 2)
(36, 0, 43)
(37, 0, 6)
(38, 0, 1)
(39, 0, 2)
xi_1:
(1, 19, 1)
(1, 24, 1)
(2, 19, 1)
(3, 24, 1)
(4, 19, 2)
(4, 23, 2)
(5, 19, 1)
(6, 19, 1)
(6, 23, 1)
(6, 24, 1)
(7, 2, 1)
(7, 19, 1)
(7, 20, 1)
(7, 23, 1)
(8, 19, 3)
(8, 23, 1)
(9, 23, 1)
(10, 23, 1)
(11, 19, 1)
(11, 23, 1)
(12, 2, 1)
(12, 19, 1)
(12, 20, 1)
(12, 23, 1)
(13, 2, 1)
(15, 1, 12)
(15, 2, 1)
(15, 3, 1)
(15, 13, 1)
(16, 1, 25)
(17, 1, 9)
(19, 2, 1)
(21, 2, 2)
(21, 13, 1)
(22, 3, 1)
(22, 11, 1)
(24, 1, 21)
(24, 3, 1)
(25, 1, 25)
(27, 2, 1)
(27, 3, 1)
(28, 3, 1)
(28, 4, 1)
(28, 11, 2)
(31, 1, 21)
(31, 3, 1)
(31, 4, 1)
(32, 1, 25)
(32, 11, 1)
(34, 3, 1)
(35, 4, 1)
(35, 11, 1)
(36, 1, 41)
(36, 3, 1)
(37, 1, 5)
(39, 4, 1)
(39, 11, 1)
xi_2:
