x-grades
-540935284349792197/200000000000000000
-264057510324257737/100000000000000000
-515294756947238751/200000000000000000
-125618623311490507/50000000000000000
-97930845908937061/40000000000000000
-238416982921704291/100000000000000000
-464013702142131859/200000000000000000
-14099794951276723/6250000000000000
-438373174739578413/200000000000000000
-42555291103830169/20000000000000000
-412732647337024967/200000000000000000
-99978095908937061/50000000000000000
-387092119934471521/200000000000000000
-187135928116597399/100000000000000000
-14458063701276723/8000000000000000
-43578916103830169/25000000000000000
-335811065129364629/200000000000000000
-161495400714043953/100000000000000000
-310170537726811183/200000000000000000
-14867513701276723/10000000000000000
-284530010324257737/200000000000000000
-135854873311490507/100000000000000000
-258889482921704291/200000000000000000
-15379326201276723/12500000000000000
-46649791103830169/40000000000000000
-110214345908937061/100000000000000000
-207608428116597399/200000000000000000
-48697041103830169/50000000000000000
-181967900714043953/200000000000000000
-16914763701276723/20000000000000000
-156327373311490507/200000000000000000
-17938388701276723/25000000000000000
-130686845908937061/200000000000000000
-58933291103830169/100000000000000000
-21009263701276723/40000000000000000
-23056513701276723/50000000000000000
-79405791103830169/200000000000000000
-33292763701276723/100000000000000000
-53765263701276723/200000000000000000
-8189/40000

y-grades
2478283/10000000
2478283/5000000
7434849/10000000
2478283/2500000
2478283/2000000
7434849/5000000
17347981/10000000
2478283/1250000
22304547/10000000
2478283/1000000
27261113/10000000
7434849/2500000
32217679/10000000
17347981/5000000
7434849/2000000
2478283/625000
42130811/10000000
22304547/5000000
47087377/10000000
2478283/500000
52043943/10000000
27261113/5000000
57000509/10000000
7434849/1250000
2478283/400000
32217679/5000000
66913641/10000000
17347981/2500000
71870207/10000000
7434849/1000000
76826773/10000000
2478283/312500
81783339/10000000
42130811/5000000
17347981/2000000
22304547/2500000
91696471/10000000
47087377/5000000
96653037/10000000
2478283/250000

Dimensions > 0:
(0, 0, 2)
(0, 1, 2)
(0, 2, 2)
(0, 3, 2)
(0, 4, 2)
(0, 5, 2)
(0, 6, 2)
(0, 7, 1)
(0, 8, 1)
(0, 9, 1)
(0, 10, 1)
(0, 11, 1)
(0, 12, 1)
(0, 13, 1)
(0, 14, 1)
(0, 15, 1)
(0, 16, 1)
(0, 17, 1)
(0, 18, 1)
(0, 19, 1)
(0, 20, 1)
(0, 21, 1)
(0, 22, 1)
(0, 23, 1)
(0, 24, 1)
(0, 25, 1)
(0, 26, 1)
(0, 27, 1)
(0, 28, 1)
(0, 29, 1)
(0, 30, 1)
(0, 31, 1)
(0, 32, 1)
(0, 33, 1)
(0, 34, 1)
(0, 35, 1)
(0, 36, 1)
(0, 37, 1)
(0, 38, 1)
(0, 39, 1)

(1, 0, 8)
(1, 1, 7)
(1, 2, 7)
(1, 3, 7)
(1, 4, 7)
(1, 5, 7)
(1, 6, 6)
(1, 7, 3)
(1, 8, 3)
(1, 9, 3)
(1, 10, 3)
(1, 11, 3)
(1, 12, 3)
(1, 13, 3)
(1, 14, 3)
(1, 15, 3)
(1, 16, 3)
(1, 17, 3)
(1, 18, 3)
(1, 19, 2)
(1, 20, 2)
(1, 21, 1)
(1, 22, 1)
(1, 23, 1)
(1, 24, 1)
(1, 25, 1)
(1, 26, 1)
(1, 27, 1)
(1, 28, 1)
(1, 29, 1)
(1, 30, 1)
(1, 31, 1)
(1, 32, 1)
(1, 33, 1)
(1, 34, 1)
(1, 35, 1)
(1, 36, 1)
(1, 37, 1)
(1, 38, 1)
(1, 39, 1)

(2, 0, 11)
(2, 1, 10)
(2, 2, 10)
(2, 3, 10)
(2, 4, 9)
(2, 5, 9)
(2, 6, 8)
(2, 7, 4)
(2, 8, 4)
(2, 9, 4)
(2, 10, 4)
(2, 11, 3)
(2, 12, 3)
(2, 13, 3)
(2, 14, 3)
(2, 15, 3)
(2, 16, 3)
(2, 17, 3)
(2, 18, 3)
(2, 19, 2)
(2, 20, 1)
(2, 21, 1)
(2, 22, 1)
(2, 23, 1)
(2, 24, 1)
(2, 25, 1)
(2, 26, 1)
(2, 27, 1)
(2, 28, 1)
(2, 29, 1)
(2, 30, 1)
(2, 31, 1)
(2, 32, 1)
(2, 33, 1)
(2, 34, 1)
(2, 35, 1)
(2, 36, 1)
(2, 37, 1)
(2, 38, 1)
(2, 39, 1)

(3, 0, 11)
(3, 1, 10)
(3, 2, 10)
(3, 3, 10)
(3, 4, 9)
(3, 5, 9)
(3, 6, 8)
(3, 7, 4)
(3, 8, 4)
(3, 9, 4)
(3, 10, 4)
(3, 11, 3)
(3, 12, 3)
(3, 13, 3)
(3, 14, 3)
(3, 15, 3)
(3, 16, 3)
(3, 17, 3)
(3, 18, 3)
(3, 19, 2)
(3, 20, 1)
(3, 21, 1)
(3, 22, 1)
(3, 23, 1)
(3, 24, 1)
(3, 25, 1)
(3, 26, 1)
(3, 27, 1)
(3, 28, 1)
(3, 29, 1)
(3, 30, 1)
(3, 31, 1)
(3, 32, 1)
(3, 33, 1)
(3, 34, 1)
(3, 35, 1)
(3, 36, 1)
(3, 37, 1)
(3, 38, 1)
(3, 39, 1)

(4, 0, 12)
(4, 1, 11)
(4, 2, 11)
(4, 3, 11)
(4, 4, 10)
(4, 5, 10)
(4, 6, 9)
(4, 7, 5)
(4, 8, 5)
(4, 9, 5)
(4, 10, 5)
(4, 11, 4)
(4, 12, 4)
(4, 13, 4)
(4, 14, 4)
(4, 15, 4)
(4, 16, 4)
(4, 17, 4)
(4, 18, 4)
(4, 19, 3)
(4, 20, 2)
(4, 21, 2)
(4, 22, 2)
(4, 23, 2)
(4, 24, 2)
(4, 25, 2)
(4, 26, 2)
(4, 27, 2)
(4, 28, 2)
(4, 29, 2)
(4, 30, 2)
(4, 31, 2)
(4, 32, 2)
(4, 33, 2)
(4, 34, 2)
(4, 35, 2)
(4, 36, 2)
(4, 37, 2)
(4, 38, 2)
(4, 39, 2)

(5, 0, 13)
(5, 1, 12)
(5, 2, 12)
(5, 3, 12)
(5, 4, 11)
(5, 5, 11)
(5, 6, 10)
(5, 7, 5)
(5, 8, 5)
(5, 9, 5)
(5, 10, 5)
(5, 11, 4)
(5, 12, 4)
(5, 13, 4)
(5, 14, 4)
(5, 15, 4)
(5, 16, 4)
(5, 17, 4)
(5, 18, 4)
(5, 19, 3)
(5, 20, 2)
(5, 21, 2)
(5, 22, 2)
(5, 23, 2)
(5, 24, 2)
(5, 25, 2)
(5, 26, 2)
(5, 27, 2)
(5, 28, 2)
(5, 29, 2)
(5, 30, 2)
(5, 31, 2)
(5, 32, 2)
(5, 33, 2)
(5, 34, 2)
(5, 35, 2)
(5, 36, 2)
(5, 37, 2)
(5, 38, 2)
(5, 39, 2)

(6, 0, 20)
(6, 1, 19)
(6, 2, 19)
(6, 3, 19)
(6, 4, 17)
(6, 5, 17)
(6, 6, 15)
(6, 7, 9)
(6, 8, 8)
(6, 9, 8)
(6, 10, 8)
(6, 11, 6)
(6, 12, 6)
(6, 13, 6)
(6, 14, 6)
(6, 15, 6)
(6, 16, 6)
(6, 17, 6)
(6, 18, 6)
(6, 19, 4)
(6, 20, 2)
(6, 21, 2)
(6, 22, 2)
(6, 23, 2)
(6, 24, 2)
(6, 25, 2)
(6, 26, 2)
(6, 27, 2)
(6, 28, 2)
(6, 29, 2)
(6, 30, 2)
(6, 31, 2)
(6, 32, 2)
(6, 33, 2)
(6, 34, 2)
(6, 35, 2)
(6, 36, 2)
(6, 37, 2)
(6, 38, 2)
(6, 39, 2)

(7, 0, 23)
(7, 1, 20)
(7, 2, 20)
(7, 3, 20)
(7, 4, 18)
(7, 5, 18)
(7, 6, 16)
(7, 7, 8)
(7, 8, 8)
(7, 9, 8)
(7, 10, 8)
(7, 11, 6)
(7, 12, 6)
(7, 13, 6)
(7, 14, 6)
(7, 15, 6)
(7, 16, 6)
(7, 17, 6)
(7, 18, 6)
(7, 19, 4)
(7, 20, 2)
(7, 21, 2)
(7, 22, 2)
(7, 23, 2)
(7, 24, 2)
(7, 25, 2)
(7, 26, 2)
(7, 27, 2)
(7, 28, 2)
(7, 29, 2)
(7, 30, 2)
(7, 31, 2)
(7, 32, 2)
(7, 33, 2)
(7, 34, 2)
(7, 35, 2)
(7, 36, 2)
(7, 37, 2)
(7, 38, 2)
(7, 39, 2)

(8, 0, 23)
(8, 1, 20)
(8, 2, 20)
(8, 3, 20)
(8, 4, 18)
(8, 5, 18)
(8, 6, 16)
(8, 7, 8)
(8, 8, 8)
(8, 9, 8)
(8, 10, 8)
(8, 11, 6)
(8, 12, 6)
(8, 13, 6)
(8, 14, 6)
(8, 15, 6)
(8, 16, 6)
(8, 17, 6)
(8, 18, 6)
(8, 19, 4)
(8, 20, 2)
(8, 21, 2)
(8, 22, 2)
(8, 23, 2)
(8, 24, 2)
(8, 25, 2)
(8, 26, 2)
(8, 27, 2)
(8, 28, 2)
(8, 29, 2)
(8, 30, 2)
(8, 31, 2)
(8, 32, 2)
(8, 33, 2)
(8, 34, 2)
(8, 35, 2)
(8, 36, 2)
(8, 37, 2)
(8, 38, 2)
(8, 39, 2)

(9, 0, 23)
(9, 1, 20)
(9, 2, 20)
(9, 3, 20)
(9, 4, 18)
(9, 5, 18)
(9, 6, 16)
(9, 7, 8)
(9, 8, 8)
(9, 9, 8)
(9, 10, 8)
(9, 11, 6)
(9, 12, 6)
(9, 13, 6)
(9, 14, 6)
(9, 15, 6)
(9, 16, 6)
(9, 17, 6)
(9, 18, 6)
(9, 19, 4)
(9, 20, 2)
(9, 21, 2)
(9, 22, 2)
(9, 23, 2)
(9, 24, 2)
(9, 25, 2)
(9, 26, 2)
(9, 27, 2)
(9, 28, 2)
(9, 29, 2)
(9, 30, 2)
(9, 31, 2)
(9, 32, 2)
(9, 33, 2)
(9, 34, 2)
(9, 35, 2)
(9, 36, 2)
(9, 37, 2)
(9, 38, 2)
(9, 39, 2)

(10, 0, 23)
(10, 1, 20)
(10, 2, 20)
(10, 3, 20)
(10, 4, 18)
(10, 5, 18)
(10, 6, 16)
(10, 7, 8)
(10, 8, 8)
(10, 9, 8)
(10, 10, 8)
(10, 11, 6)
(10, 12, 6)
(10, 13, 6)
(10, 14, 6)
(10, 15, 6)
(10, 16, 6)
(10, 17, 6)
(10, 18, 6)
(10, 19, 4)
(10, 20, 2)
(10, 21, 2)
(10, 22, 2)
(10, 23, 2)
(10, 24, 2)
(10, 25, 2)
(10, 26, 2)
(10, 27, 2)
(10, 28, 2)
(10, 29, 2)
(10, 30, 2)
(10, 31, 2)
(10, 32, 2)
(10, 33, 2)
(10, 34, 2)
(10, 35, 2)
(10, 36, 2)
(10, 37, 2)
(10, 38, 2)
(10, 39, 2)

(11, 0, 23)
(11, 1, 20)
(11, 2, 20)
(11, 3, 20)
(11, 4, 18)
(11, 5, 18)
(11, 6, 16)
(11, 7, 8)
(11, 8, 8)
(11, 9, 8)
(11, 10, 8)
(11, 11, 6)
(11, 12, 6)
(11, 13, 6)
(11, 14, 6)
(11, 15, 6)
(11, 16, 6)
(11, 17, 6)
(11, 18, 6)
(11, 19, 4)
(11, 20, 2)
(11, 21, 2)
(11, 22, 2)
(11, 23, 2)
(11, 24, 2)
(11, 25, 2)
(11, 26, 2)
(11, 27, 2)
(11, 28, 2)
(11, 29, 2)
(11, 30, 2)
(11, 31, 2)
(11, 32, 2)
(11, 33, 2)
(11, 34, 2)
(11, 35, 2)
(11, 36, 2)
(11, 37, 2)
(11, 38, 2)
(11, 39, 2)

(12, 0, 23)
(12, 1, 20)
(12, 2, 20)
(12, 3, 20)
(12, 4, 18)
(12, 5, 18)
(12, 6, 16)
(12, 7, 8)
(12, 8, 8)
(12, 9, 8)
(12, 10, 8)
(12, 11, 6)
(12, 12, 6)
(12, 13, 6)
(12, 14, 6)
(12, 15, 6)
(12, 16, 6)
(12, 17, 6)
(12, 18, 6)
(12, 19, 4)
(12, 20, 2)
(12, 21, 2)
(12, 22, 2)
(12, 23, 2)
(12, 24, 2)
(12, 25, 2)
(12, 26, 2)
(12, 27, 2)
(12, 28, 2)
(12, 29, 2)
(12, 30, 2)
(12, 31, 2)
(12, 32, 2)
(12, 33, 2)
(12, 34, 2)
(12, 35, 2)
(12, 36, 2)
(12, 37, 2)
(12, 38, 2)
(12, 39, 2)

(13, 0, 23)
(13, 1, 20)
(13, 2, 20)
(13, 3, 20)
(13, 4, 18)
(13, 5, 18)
(13, 6, 16)
(13, 7, 8)
(13, 8, 8)
(13, 9, 8)
(13, 10, 8)
(13, 11, 6)
(13, 12, 6)
(13, 13, 6)
(13, 14, 6)
(13, 15, 6)
(13, 16, 6)
(13, 17, 6)
(13, 18, 6)
(13, 19, 4)
(13, 20, 2)
(13, 21, 2)
(13, 22, 2)
(13, 23, 2)
(13, 24, 2)
(13, 25, 2)
(13, 26, 2)
(13, 27, 2)
(13, 28, 2)
(13, 29, 2)
(13, 30, 2)
(13, 31, 2)
(13, 32, 2)
(13, 33, 2)
(13, 34, 2)
(13, 35, 2)
(13, 36, 2)
(13, 37, 2)
(13, 38, 2)
(13, 39, 2)

(14, 0, 23)
(14, 1, 20)
(14, 2, 20)
(14, 3, 20)
(14, 4, 18)
(14, 5, 18)
(14, 6, 16)
(14, 7, 8)
(14, 8, 8)
(14, 9, 8)
(14, 10, 8)
(14, 11, 6)
(14, 12, 6)
(14, 13, 6)
(14, 14, 6)
(14, 15, 6)
(14, 16, 6)
(14, 17, 6)
(14, 18, 6)
(14, 19, 4)
(14, 20, 2)
(14, 21, 2)
(14, 22, 2)
(14, 23, 2)
(14, 24, 2)
(14, 25, 2)
(14, 26, 2)
(14, 27, 2)
(14, 28, 2)
(14, 29, 2)
(14, 30, 2)
(14, 31, 2)
(14, 32, 2)
(14, 33, 2)
(14, 34, 2)
(14, 35, 2)
(14, 36, 2)
(14, 37, 2)
(14, 38, 2)
(14, 39, 2)

(15, 0, 23)
(15, 1, 20)
(15, 2, 20)
(15, 3, 20)
(15, 4, 18)
(15, 5, 18)
(15, 6, 16)
(15, 7, 8)
(15, 8, 8)
(15, 9, 8)
(15, 10, 8)
(15, 11, 6)
(15, 12, 6)
(15, 13, 6)
(15, 14, 6)
(15, 15, 6)
(15, 16, 6)
(15, 17, 6)
(15, 18, 6)
(15, 19, 4)
(15, 20, 2)
(15, 21, 2)
(15, 22, 2)
(15, 23, 2)
(15, 24, 2)
(15, 25, 2)
(15, 26, 2)
(15, 27, 2)
(15, 28, 2)
(15, 29, 2)
(15, 30, 2)
(15, 31, 2)
(15, 32, 2)
(15, 33, 2)
(15, 34, 2)
(15, 35, 2)
(15, 36, 2)
(15, 37, 2)
(15, 38, 2)
(15, 39, 2)

(16, 0, 23)
(16, 1, 20)
(16, 2, 20)
(16, 3, 20)
(16, 4, 18)
(16, 5, 18)
(16, 6, 16)
(16, 7, 8)
(16, 8, 8)
(16, 9, 8)
(16, 10, 8)
(16, 11, 6)
(16, 12, 6)
(16, 13, 6)
(16, 14, 6)
(16, 15, 6)
(16, 16, 6)
(16, 17, 6)
(16, 18, 6)
(16, 19, 4)
(16, 20, 2)
(16, 21, 2)
(16, 22, 2)
(16, 23, 2)
(16, 24, 2)
(16, 25, 2)
(16, 26, 2)
(16, 27, 2)
(16, 28, 2)
(16, 29, 2)
(16, 30, 2)
(16, 31, 2)
(16, 32, 2)
(16, 33, 2)
(16, 34, 2)
(16, 35, 2)
(16, 36, 2)
(16, 37, 2)
(16, 38, 2)
(16, 39, 2)

(17, 0, 23)
(17, 1, 20)
(17, 2, 20)
(17, 3, 20)
(17, 4, 18)
(17, 5, 18)
(17, 6, 16)
(17, 7, 8)
(17, 8, 8)
(17, 9, 8)
(17, 10, 8)
(17, 11, 6)
(17, 12, 6)
(17, 13, 6)
(17, 14, 6)
(17, 15, 6)
(17, 16, 6)
(17, 17, 6)
(17, 18, 6)
(17, 19, 4)
(17, 20, 2)
(17, 21, 2)
(17, 22, 2)
(17, 23, 2)
(17, 24, 2)
(17, 25, 2)
(17, 26, 2)
(17, 27, 2)
(17, 28, 2)
(17, 29, 2)
(17, 30, 2)
(17, 31, 2)
(17, 32, 2)
(17, 33, 2)
(17, 34, 2)
(17, 35, 2)
(17, 36, 2)
(17, 37, 2)
(17, 38, 2)
(17, 39, 2)

(18, 0, 23)
(18, 1, 20)
(18, 2, 20)
(18, 3, 20)
(18, 4, 18)
(18, 5, 18)
(18, 6, 16)
(18, 7, 8)
(18, 8, 8)
(18, 9, 8)
(18, 10, 8)
(18, 11, 6)
(18, 12, 6)
(18, 13, 6)
(18, 14, 6)
(18, 15, 6)
(18, 16, 6)
(18, 17, 6)
(18, 18, 6)
(18, 19, 4)
(18, 20, 2)
(18, 21, 2)
(18, 22, 2)
(18, 23, 2)
(18, 24, 2)
(18, 25, 2)
(18, 26, 2)
(18, 27, 2)
(18, 28, 2)
(18, 29, 2)
(18, 30, 2)
(18, 31, 2)
(18, 32, 2)
(18, 33, 2)
(18, 34, 2)
(18, 35, 2)
(18, 36, 2)
(18, 37, 2)
(18, 38, 2)
(18, 39, 2)

(19, 0, 23)
(19, 1, 20)
(19, 2, 20)
(19, 3, 20)
(19, 4, 18)
(19, 5, 18)
(19, 6, 16)
(19, 7, 8)
(19, 8, 8)
(19, 9, 8)
(19, 10, 8)
(19, 11, 6)
(19, 12, 6)
(19, 13, 6)
(19, 14, 6)
(19, 15, 6)
(19, 16, 6)
(19, 17, 6)
(19, 18, 6)
(19, 19, 4)
(19, 20, 2)
(19, 21, 2)
(19, 22, 2)
(19, 23, 2)
(19, 24, 2)
(19, 25, 2)
(19, 26, 2)
(19, 27, 2)
(19, 28, 2)
(19, 29, 2)
(19, 30, 2)
(19, 31, 2)
(19, 32, 2)
(19, 33, 2)
(19, 34, 2)
(19, 35, 2)
(19, 36, 2)
(19, 37, 2)
(19, 38, 2)
(19, 39, 2)

(20, 0, 25)
(20, 1, 22)
(20, 2, 22)
(20, 3, 22)
(20, 4, 20)
(20, 5, 20)
(20, 6, 18)
(20, 7, 9)
(20, 8, 9)
(20, 9, 9)
(20, 10, 9)
(20, 11, 7)
(20, 12, 7)
(20, 13, 7)
(20, 14, 7)
(20, 15, 7)
(20, 16, 7)
(20, 17, 7)
(20, 18, 7)
(20, 19, 5)
(20, 20, 3)
(20, 21, 3)
(20, 22, 3)
(20, 23, 3)
(20, 24, 3)
(20, 25, 3)
(20, 26, 3)
(20, 27, 3)
(20, 28, 3)
(20, 29, 3)
(20, 30, 3)
(20, 31, 3)
(20, 32, 3)
(20, 33, 3)
(20, 34, 3)
(20, 35, 3)
(20, 36, 3)
(20, 37, 3)
(20, 38, 3)
(20, 39, 3)

(21, 0, 27)
(21, 1, 24)
(21, 2, 24)
(21, 3, 24)
(21, 4, 22)
(21, 5, 22)
(21, 6, 20)
(21, 7, 11)
(21, 8, 11)
(21, 9, 11)
(21, 10, 11)
(21, 11, 9)
(21, 12, 9)
(21, 13, 9)
(21, 14, 9)
(21, 15, 9)
(21, 16, 9)
(21, 17, 9)
(21, 18, 9)
(21, 19, 6)
(21, 20, 4)
(21, 21, 3)
(21, 22, 3)
(21, 23, 3)
(21, 24, 3)
(21, 25, 3)
(21, 26, 3)
(21, 27, 3)
(21, 28, 3)
(21, 29, 3)
(21, 30, 3)
(21, 31, 3)
(21, 32, 3)
(21, 33, 3)
(21, 34, 3)
(21, 35, 3)
(21, 36, 3)
(21, 37, 3)
(21, 38, 3)
(21, 39, 3)

(22, 0, 32)
(22, 1, 29)
(22, 2, 29)
(22, 3, 29)
(22, 4, 26)
(22, 5, 26)
(22, 6, 24)
(22, 7, 12)
(22, 8, 12)
(22, 9, 12)
(22, 10, 12)
(22, 11, 10)
(22, 12, 10)
(22, 13, 10)
(22, 14, 10)
(22, 15, 10)
(22, 16, 10)
(22, 17, 10)
(22, 18, 10)
(22, 19, 7)
(22, 20, 4)
(22, 21, 4)
(22, 22, 4)
(22, 23, 4)
(22, 24, 4)
(22, 25, 4)
(22, 26, 4)
(22, 27, 4)
(22, 28, 4)
(22, 29, 4)
(22, 30, 4)
(22, 31, 4)
(22, 32, 4)
(22, 33, 4)
(22, 34, 4)
(22, 35, 4)
(22, 36, 4)
(22, 37, 4)
(22, 38, 4)
(22, 39, 4)

(23, 0, 34)
(23, 1, 31)
(23, 2, 31)
(23, 3, 31)
(23, 4, 28)
(23, 5, 28)
(23, 6, 26)
(23, 7, 14)
(23, 8, 13)
(23, 9, 13)
(23, 10, 13)
(23, 11, 10)
(23, 12, 10)
(23, 13, 10)
(23, 14, 10)
(23, 15, 10)
(23, 16, 10)
(23, 17, 10)
(23, 18, 10)
(23, 19, 7)
(23, 20, 4)
(23, 21, 4)
(23, 22, 4)
(23, 23, 4)
(23, 24, 4)
(23, 25, 4)
(23, 26, 4)
(23, 27, 4)
(23, 28, 4)
(23, 29, 4)
(23, 30, 4)
(23, 31, 4)
(23, 32, 4)
(23, 33, 4)
(23, 34, 4)
(23, 35, 4)
(23, 36, 4)
(23, 37, 4)
(23, 38, 4)
(23, 39, 4)

(24, 0, 34)
(24, 1, 31)
(24, 2, 31)
(24, 3, 31)
(24, 4, 28)
(24, 5, 28)
(24, 6, 26)
(24, 7, 14)
(24, 8, 13)
(24, 9, 13)
(24, 10, 13)
(24, 11, 10)
(24, 12, 10)
(24, 13, 10)
(24, 14, 10)
(24, 15, 10)
(24, 16, 10)
(24, 17, 10)
(24, 18, 10)
(24, 19, 7)
(24, 20, 4)
(24, 21, 4)
(24, 22, 4)
(24, 23, 4)
(24, 24, 4)
(24, 25, 4)
(24, 26, 4)
(24, 27, 4)
(24, 28, 4)
(24, 29, 4)
(24, 30, 4)
(24, 31, 4)
(24, 32, 4)
(24, 33, 4)
(24, 34, 4)
(24, 35, 4)
(24, 36, 4)
(24, 37, 4)
(24, 38, 4)
(24, 39, 4)

(25, 0, 34)
(25, 1, 31)
(25, 2, 31)
(25, 3, 31)
(25, 4, 28)
(25, 5, 28)
(25, 6, 26)
(25, 7, 14)
(25, 8, 13)
(25, 9, 13)
(25, 10, 13)
(25, 11, 10)
(25, 12, 10)
(25, 13, 10)
(25, 14, 10)
(25, 15, 10)
(25, 16, 10)
(25, 17, 10)
(25, 18, 10)
(25, 19, 7)
(25, 20, 4)
(25, 21, 4)
(25, 22, 4)
(25, 23, 4)
(25, 24, 4)
(25, 25, 4)
(25, 26, 4)
(25, 27, 4)
(25, 28, 4)
(25, 29, 4)
(25, 30, 4)
(25, 31, 4)
(25, 32, 4)
(25, 33, 4)
(25, 34, 4)
(25, 35, 4)
(25, 36, 4)
(25, 37, 4)
(25, 38, 4)
(25, 39, 4)

(26, 0, 34)
(26, 1, 31)
(26, 2, 31)
(26, 3, 31)
(26, 4, 28)
(26, 5, 28)
(26, 6, 26)
(26, 7, 14)
(26, 8, 13)
(26, 9, 13)
(26, 10, 13)
(26, 11, 10)
(26, 12, 10)
(26, 13, 10)
(26, 14, 10)
(26, 15, 10)
(26, 16, 10)
(26, 17, 10)
(26, 18, 10)
(26, 19, 7)
(26, 20, 4)
(26, 21, 4)
(26, 22, 4)
(26, 23, 4)
(26, 24, 4)
(26, 25, 4)
(26, 26, 4)
(26, 27, 4)
(26, 28, 4)
(26, 29, 4)
(26, 30, 4)
(26, 31, 4)
(26, 32, 4)
(26, 33, 4)
(26, 34, 4)
(26, 35, 4)
(26, 36, 4)
(26, 37, 4)
(26, 38, 4)
(26, 39, 4)

(27, 0, 34)
(27, 1, 31)
(27, 2, 31)
(27, 3, 31)
(27, 4, 28)
(27, 5, 28)
(27, 6, 26)
(27, 7, 14)
(27, 8, 13)
(27, 9, 13)
(27, 10, 13)
(27, 11, 10)
(27, 12, 10)
(27, 13, 10)
(27, 14, 10)
(27, 15, 10)
(27, 16, 10)
(27, 17, 10)
(27, 18, 10)
(27, 19, 7)
(27, 20, 4)
(27, 21, 4)
(27, 22, 4)
(27, 23, 4)
(27, 24, 4)
(27, 25, 4)
(27, 26, 4)
(27, 27, 4)
(27, 28, 4)
(27, 29, 4)
(27, 30, 4)
(27, 31, 4)
(27, 32, 4)
(27, 33, 4)
(27, 34, 4)
(27, 35, 4)
(27, 36, 4)
(27, 37, 4)
(27, 38, 4)
(27, 39, 4)

(28, 0, 34)
(28, 1, 31)
(28, 2, 31)
(28, 3, 31)
(28, 4, 28)
(28, 5, 28)
(28, 6, 26)
(28, 7, 14)
(28, 8, 13)
(28, 9, 13)
(28, 10, 13)
(28, 11, 10)
(28, 12, 10)
(28, 13, 10)
(28, 14, 10)
(28, 15, 10)
(28, 16, 10)
(28, 17, 10)
(28, 18, 10)
(28, 19, 7)
(28, 20, 4)
(28, 21, 4)
(28, 22, 4)
(28, 23, 4)
(28, 24, 4)
(28, 25, 4)
(28, 26, 4)
(28, 27, 4)
(28, 28, 4)
(28, 29, 4)
(28, 30, 4)
(28, 31, 4)
(28, 32, 4)
(28, 33, 4)
(28, 34, 4)
(28, 35, 4)
(28, 36, 4)
(28, 37, 4)
(28, 38, 4)
(28, 39, 4)

(29, 0, 34)
(29, 1, 31)
(29, 2, 31)
(29, 3, 31)
(29, 4, 28)
(29, 5, 28)
(29, 6, 26)
(29, 7, 14)
(29, 8, 13)
(29, 9, 13)
(29, 10, 13)
(29, 11, 10)
(29, 12, 10)
(29, 13, 10)
(29, 14, 10)
(29, 15, 10)
(29, 16, 10)
(29, 17, 10)
(29, 18, 10)
(29, 19, 7)
(29, 20, 4)
(29, 21, 4)
(29, 22, 4)
(29, 23, 4)
(29, 24, 4)
(29, 25, 4)
(29, 26, 4)
(29, 27, 4)
(29, 28, 4)
(29, 29, 4)
(29, 30, 4)
(29, 31, 4)
(29, 32, 4)
(29, 33, 4)
(29, 34, 4)
(29, 35, 4)
(29, 36, 4)
(29, 37, 4)
(29, 38, 4)
(29, 39, 4)

(30, 0, 34)
(30, 1, 31)
(30, 2, 31)
(30, 3, 31)
(30, 4, 28)
(30, 5, 28)
(30, 6, 26)
(30, 7, 14)
(30, 8, 13)
(30, 9, 13)
(30, 10, 13)
(30, 11, 10)
(30, 12, 10)
(30, 13, 10)
(30, 14, 10)
(30, 15, 10)
(30, 16, 10)
(30, 17, 10)
(30, 18, 10)
(30, 19, 7)
(30, 20, 4)
(30, 21, 4)
(30, 22, 4)
(30, 23, 4)
(30, 24, 4)
(30, 25, 4)
(30, 26, 4)
(30, 27, 4)
(30, 28, 4)
(30, 29, 4)
(30, 30, 4)
(30, 31, 4)
(30, 32, 4)
(30, 33, 4)
(30, 34, 4)
(30, 35, 4)
(30, 36, 4)
(30, 37, 4)
(30, 38, 4)
(30, 39, 4)

(31, 0, 36)
(31, 1, 33)
(31, 2, 33)
(31, 3, 33)
(31, 4, 30)
(31, 5, 30)
(31, 6, 28)
(31, 7, 15)
(31, 8, 14)
(31, 9, 14)
(31, 10, 14)
(31, 11, 11)
(31, 12, 11)
(31, 13, 11)
(31, 14, 11)
(31, 15, 11)
(31, 16, 11)
(31, 17, 11)
(31, 18, 11)
(31, 19, 8)
(31, 20, 5)
(31, 21, 5)
(31, 22, 5)
(31, 23, 5)
(31, 24, 5)
(31, 25, 5)
(31, 26, 5)
(31, 27, 5)
(31, 28, 5)
(31, 29, 5)
(31, 30, 5)
(31, 31, 5)
(31, 32, 5)
(31, 33, 5)
(31, 34, 5)
(31, 35, 5)
(31, 36, 5)
(31, 37, 5)
(31, 38, 5)
(31, 39, 5)

(32, 0, 36)
(32, 1, 33)
(32, 2, 33)
(32, 3, 33)
(32, 4, 30)
(32, 5, 30)
(32, 6, 28)
(32, 7, 15)
(32, 8, 14)
(32, 9, 14)
(32, 10, 14)
(32, 11, 11)
(32, 12, 11)
(32, 13, 11)
(32, 14, 11)
(32, 15, 11)
(32, 16, 11)
(32, 17, 11)
(32, 18, 11)
(32, 19, 8)
(32, 20, 5)
(32, 21, 5)
(32, 22, 5)
(32, 23, 5)
(32, 24, 5)
(32, 25, 5)
(32, 26, 5)
(32, 27, 5)
(32, 28, 5)
(32, 29, 5)
(32, 30, 5)
(32, 31, 5)
(32, 32, 5)
(32, 33, 5)
(32, 34, 5)
(32, 35, 5)
(32, 36, 5)
(32, 37, 5)
(32, 38, 5)
(32, 39, 5)

(33, 0, 37)
(33, 1, 34)
(33, 2, 34)
(33, 3, 34)
(33, 4, 31)
(33, 5, 31)
(33, 6, 29)
(33, 7, 16)
(33, 8, 15)
(33, 9, 15)
(33, 10, 15)
(33, 11, 12)
(33, 12, 12)
(33, 13, 12)
(33, 14, 12)
(33, 15, 12)
(33, 16, 12)
(33, 17, 12)
(33, 18, 12)
(33, 19, 9)
(33, 20, 6)
(33, 21, 6)
(33, 22, 5)
(33, 23, 5)
(33, 24, 5)
(33, 25, 5)
(33, 26, 5)
(33, 27, 5)
(33, 28, 5)
(33, 29, 5)
(33, 30, 5)
(33, 31, 5)
(33, 32, 5)
(33, 33, 5)
(33, 34, 5)
(33, 35, 5)
(33, 36, 5)
(33, 37, 5)
(33, 38, 5)
(33, 39, 5)

(34, 0, 38)
(34, 1, 35)
(34, 2, 35)
(34, 3, 35)
(34, 4, 32)
(34, 5, 32)
(34, 6, 30)
(34, 7, 16)
(34, 8, 15)
(34, 9, 15)
(34, 10, 15)
(34, 11, 12)
(34, 12, 12)
(34, 13, 12)
(34, 14, 12)
(34, 15, 12)
(34, 16, 12)
(34, 17, 12)
(34, 18, 12)
(34, 19, 8)
(34, 20, 5)
(34, 21, 5)
(34, 22, 5)
(34, 23, 5)
(34, 24, 5)
(34, 25, 5)
(34, 26, 5)
(34, 27, 5)
(34, 28, 5)
(34, 29, 5)
(34, 30, 5)
(34, 31, 5)
(34, 32, 5)
(34, 33, 5)
(34, 34, 5)
(34, 35, 5)
(34, 36, 5)
(34, 37, 5)
(34, 38, 5)
(34, 39, 5)

(35, 0, 38)
(35, 1, 35)
(35, 2, 35)
(35, 3, 35)
(35, 4, 32)
(35, 5, 32)
(35, 6, 30)
(35, 7, 16)
(35, 8, 15)
(35, 9, 15)
(35, 10, 15)
(35, 11, 12)
(35, 12, 12)
(35, 13, 12)
(35, 14, 12)
(35, 15, 12)
(35, 16, 12)
(35, 17, 12)
(35, 18, 12)
(35, 19, 8)
(35, 20, 5)
(35, 21, 5)
(35, 22, 5)
(35, 23, 5)
(35, 24, 5)
(35, 25, 5)
(35, 26, 5)
(35, 27, 5)
(35, 28, 5)
(35, 29, 5)
(35, 30, 5)
(35, 31, 5)
(35, 32, 5)
(35, 33, 5)
(35, 34, 5)
(35, 35, 5)
(35, 36, 5)
(35, 37, 5)
(35, 38, 5)
(35, 39, 5)

(36, 0, 41)
(36, 1, 38)
(36, 2, 38)
(36, 3, 38)
(36, 4, 34)
(36, 5, 34)
(36, 6, 32)
(36, 7, 18)
(36, 8, 17)
(36, 9, 17)
(36, 10, 17)
(36, 11, 13)
(36, 12, 13)
(36, 13, 13)
(36, 14, 13)
(36, 15, 13)
(36, 16, 13)
(36, 17, 13)
(36, 18, 13)
(36, 19, 9)
(36, 20, 5)
(36, 21, 5)
(36, 22, 5)
(36, 23, 5)
(36, 24, 5)
(36, 25, 5)
(36, 26, 5)
(36, 27, 5)
(36, 28, 5)
(36, 29, 5)
(36, 30, 5)
(36, 31, 5)
(36, 32, 5)
(36, 33, 5)
(36, 34, 5)
(36, 35, 5)
(36, 36, 5)
(36, 37, 5)
(36, 38, 5)
(36, 39, 5)

(37, 0, 43)
(37, 1, 40)
(37, 2, 40)
(37, 3, 40)
(37, 4, 36)
(37, 5, 36)
(37, 6, 34)
(37, 7, 19)
(37, 8, 17)
(37, 9, 17)
(37, 10, 17)
(37, 11, 13)
(37, 12, 13)
(37, 13, 13)
(37, 14, 13)
(37, 15, 13)
(37, 16, 13)
(37, 17, 13)
(37, 18, 13)
(37, 19, 9)
(37, 20, 5)
(37, 21, 5)
(37, 22, 5)
(37, 23, 5)
(37, 24, 5)
(37, 25, 5)
(37, 26, 5)
(37, 27, 5)
(37, 28, 5)
(37, 29, 5)
(37, 30, 5)
(37, 31, 5)
(37, 32, 5)
(37, 33, 5)
(37, 34, 5)
(37, 35, 5)
(37, 36, 5)
(37, 37, 5)
(37, 38, 5)
(37, 39, 5)

(38, 0, 43)
(38, 1, 40)
(38, 2, 40)
(38, 3, 40)
(38, 4, 36)
(38, 5, 36)
(38, 6, 34)
(38, 7, 19)
(38, 8, 17)
(38, 9, 17)
(38, 10, 17)
(38, 11, 13)
(38, 12, 13)
(38, 13, 13)
(38, 14, 13)
(38, 15, 13)
(38, 16, 13)
(38, 17, 13)
(38, 18, 13)
(38, 19, 9)
(38, 20, 5)
(38, 21, 5)
(38, 22, 5)
(38, 23, 5)
(38, 24, 5)
(38, 25, 5)
(38, 26, 5)
(38, 27, 5)
(38, 28, 5)
(38, 29, 5)
(38, 30, 5)
(38, 31, 5)
(38, 32, 5)
(38, 33, 5)
(38, 34, 5)
(38, 35, 5)
(38, 36, 5)
(38, 37, 5)
(38, 38, 5)
(38, 39, 5)

(39, 0, 45)
(39, 1, 42)
(39, 2, 42)
(39, 3, 42)
(39, 4, 38)
(39, 5, 38)
(39, 6, 36)
(39, 7, 20)
(39, 8, 18)
(39, 9, 18)
(39, 10, 18)
(39, 11, 14)
(39, 12, 14)
(39, 13, 14)
(39, 14, 14)
(39, 15, 14)
(39, 16, 14)
(39, 17, 14)
(39, 18, 14)
(39, 19, 10)
(39, 20, 6)
(39, 21, 6)
(39, 22, 6)
(39, 23, 6)
(39, 24, 6)
(39, 25, 6)
(39, 26, 6)
(39, 27, 6)
(39, 28, 6)
(39, 29, 6)
(39, 30, 6)
(39, 31, 6)
(39, 32, 6)
(39, 33, 6)
(39, 34, 6)
(39, 35, 6)
(39, 36, 6)
(39, 37, 6)
(39, 38, 6)
(39, 39, 6)


Betti numbers:
xi_0:
(0, 0, 2)
(1, 0, 6)
(2, 0, 3)
(4, 0, 1)
(5, 0, 1)
(6, 0, 7)
(7, 0, 3)
(20, 0, 2)
(21, 0, 2)
(22, 0, 5)
(23, 0, 2)
(31, 0, 2)
(33, 0, 1)
(34, 0, 1)
(36, 0, 3)
(37, 0, 2)
(39, 0, 2)
xi_1:
(0, 7, 1)
(1, 1, 1)
(1, 6, 1)
(1, 7, 2)
(1, 19, 1)
(1, 21, 1)
(2, 4, 1)
(2, 7, 1)
(2, 11, 1)
(2, 20, 1)
(5, 7, 1)
(6, 4, 1)
(6, 6, 1)
(6, 7, 1)
(6, 8, 1)
(6, 11, 1)
(6, 19, 1)
(6, 20, 1)
(7, 1, 2)
(7, 7, 2)
(20, 7, 1)
(21, 19, 1)
(21, 21, 1)
(22, 4, 1)
(22, 7, 3)
(22, 20, 1)
(23, 8, 1)
(23, 11, 1)
(31, 7, 1)
(33, 22, 1)
(34, 7, 1)
(34, 19, 1)
(36, 4, 1)
(36, 11, 1)
(36, 20, 1)
(37, 7, 1)
(37, 8, 1)
(39, 7, 1)
xi_2:
(2, 21, 1)
(7, 8, 1)
(22, 21, 1)
(34, 22, 1)
