x-grades
-84869792120517477/80000000000000000
-41905392875086749/40000000000000000
-82751779379829519/80000000000000000
-4084638650474277/4000000000000000
-80633766639141561/80000000000000000
-39787380134398791/40000000000000000
-78515753898453603/80000000000000000
-9682093441013703/10000000000000000
-15279548231553129/16000000000000000
-37669367393710833/40000000000000000
-74279728417077687/80000000000000000
-18305180511683427/20000000000000000
-72161715676389729/80000000000000000
-284410837224183/320000000000000
-70043702935701771/80000000000000000
-2155771767667431/2500000000000000
-67925690195013813/80000000000000000
-33433341912334917/40000000000000000
-13161535490865171/16000000000000000
-16187167770995469/20000000000000000
-63689664713637897/80000000000000000
-31315329171646959/40000000000000000
-61571651972949939/80000000000000000
-1512816140065149/2000000000000000
-59453639232261981/80000000000000000
-29197316430959001/40000000000000000
-57335626491574023/80000000000000000
-14069155030307511/20000000000000000
-11043522750177213/16000000000000000
-27079303690271043/40000000000000000
-53099601010198107/80000000000000000
-3252537164990883/5000000000000000
-50981588269510149/80000000000000000
-4992258189916617/8000000000000000
-48863575528822191/80000000000000000
-11951142289619553/20000000000000000
-46745562788134233/80000000000000000
-22843278208895127/40000000000000000
-1785102001897851/3200000000000000
-5446067959637787/10000000000000000

y-grades
999923/4000000
999923/2000000
2999769/4000000
999923/1000000
999923/800000
2999769/2000000
6999461/4000000
999923/500000
8999307/4000000
999923/400000
10999153/4000000
2999769/1000000
12998999/4000000
6999461/2000000
2999769/800000
999923/250000
16998691/4000000
8999307/2000000
18998537/4000000
999923/200000
20998383/4000000
10999153/2000000
22998229/4000000
2999769/500000
999923/160000
12998999/2000000
26997921/4000000
6999461/1000000
28997767/4000000
2999769/400000
30997613/4000000
999923/125000
32997459/4000000
16998691/2000000
6999461/800000
8999307/1000000
36997151/4000000
18998537/2000000
38996997/4000000
999923/100000

Dimensions > 0:
(0, 0, 1)
(0, 1, 1)
(0, 2, 1)
(0, 3, 1)
(0, 4, 1)
(0, 5, 1)
(0, 6, 1)
(0, 7, 1)
(0, 8, 1)
(0, 9, 1)
(0, 10, 1)
(0, 11, 1)
(0, 12, 1)
(0, 13, 1)
(0, 14, 1)
(0, 15, 1)
(0, 16, 1)
(0, 17, 1)
(0, 18, 1)
(0, 19, 1)
(0, 20, 1)
(0, 21, 1)
(0, 22, 1)
(0, 23, 1)
(0, 24, 1)
(0, 25, 1)
(0, 26, 1)
(0, 27, 1)
(0, 28, 1)
(0, 29, 1)
(0, 30, 1)
(0, 31, 1)
(0, 32, 1)
(0, 33, 1)
(0, 34, 1)
(0, 35, 1)
(0, 36, 1)
(0, 37, 1)
(0, 38, 1)
(0, 39, 1)

(1, 0, 1)
(1, 1, 1)
(1, 2, 1)
(1, 3, 1)
(1, 4, 1)
(1, 5, 1)
(1, 6, 1)
(1, 7, 1)
(1, 8, 1)
(1, 9, 1)
(1, 10, 1)
(1, 11, 1)
(1, 12, 1)
(1, 13, 1)
(1, 14, 1)
(1, 15, 1)
(1, 16, 1)
(1, 17, 1)
(1, 18, 1)
(1, 19, 1)
(1, 20, 1)
(1, 21, 1)
(1, 22, 1)
(1, 23, 1)
(1, 24, 1)
(1, 25, 1)
(1, 26, 1)
(1, 27, 1)
(1, 28, 1)
(1, 29, 1)
(1, 30, 1)
(1, 31, 1)
(1, 32, 1)
(1, 33, 1)
(1, 34, 1)
(1, 35, 1)
(1, 36, 1)
(1, 37, 1)
(1, 38, 1)
(1, 39, 1)

(2, 0, 3)
(2, 1, 3)
(2, 2, 3)
(2, 3, 3)
(2, 4, 3)
(2, 5, 3)
(2, 6, 3)
(2, 7, 3)
(2, 8, 3)
(2, 9, 3)
(2, 10, 1)
(2, 11, 1)
(2, 12, 1)
(2, 13, 1)
(2, 14, 1)
(2, 15, 1)
(2, 16, 1)
(2, 17, 1)
(2, 18, 1)
(2, 19, 1)
(2, 20, 1)
(2, 21, 1)
(2, 22, 1)
(2, 23, 1)
(2, 24, 1)
(2, 25, 1)
(2, 26, 1)
(2, 27, 1)
(2, 28, 1)
(2, 29, 1)
(2, 30, 1)
(2, 31, 1)
(2, 32, 1)
(2, 33, 1)
(2, 34, 1)
(2, 35, 1)
(2, 36, 1)
(2, 37, 1)
(2, 38, 1)
(2, 39, 1)

(3, 0, 4)
(3, 1, 4)
(3, 2, 4)
(3, 3, 4)
(3, 4, 4)
(3, 5, 4)
(3, 6, 4)
(3, 7, 4)
(3, 8, 4)
(3, 9, 4)
(3, 10, 2)
(3, 11, 2)
(3, 12, 2)
(3, 13, 2)
(3, 14, 2)
(3, 15, 2)
(3, 16, 2)
(3, 17, 2)
(3, 18, 2)
(3, 19, 2)
(3, 20, 2)
(3, 21, 2)
(3, 22, 2)
(3, 23, 2)
(3, 24, 2)
(3, 25, 2)
(3, 26, 2)
(3, 27, 2)
(3, 28, 2)
(3, 29, 2)
(3, 30, 2)
(3, 31, 2)
(3, 32, 2)
(3, 33, 2)
(3, 34, 2)
(3, 35, 2)
(3, 36, 2)
(3, 37, 2)
(3, 38, 2)
(3, 39, 2)

(4, 0, 4)
(4, 1, 4)
(4, 2, 4)
(4, 3, 4)
(4, 4, 4)
(4, 5, 4)
(4, 6, 4)
(4, 7, 4)
(4, 8, 4)
(4, 9, 4)
(4, 10, 2)
(4, 11, 2)
(4, 12, 2)
(4, 13, 2)
(4, 14, 2)
(4, 15, 2)
(4, 16, 2)
(4, 17, 2)
(4, 18, 2)
(4, 19, 2)
(4, 20, 2)
(4, 21, 2)
(4, 22, 2)
(4, 23, 2)
(4, 24, 2)
(4, 25, 2)
(4, 26, 2)
(4, 27, 2)
(4, 28, 2)
(4, 29, 2)
(4, 30, 2)
(4, 31, 2)
(4, 32, 2)
(4, 33, 2)
(4, 34, 2)
(4, 35, 2)
(4, 36, 2)
(4, 37, 2)
(4, 38, 2)
(4, 39, 2)

(5, 0, 5)
(5, 1, 5)
(5, 2, 5)
(5, 3, 5)
(5, 4, 5)
(5, 5, 5)
(5, 6, 5)
(5, 7, 5)
(5, 8, 5)
(5, 9, 5)
(5, 10, 2)
(5, 11, 2)
(5, 12, 2)
(5, 13, 2)
(5, 14, 2)
(5, 15, 2)
(5, 16, 2)
(5, 17, 2)
(5, 18, 2)
(5, 19, 2)
(5, 20, 2)
(5, 21, 2)
(5, 22, 2)
(5, 23, 2)
(5, 24, 2)
(5, 25, 2)
(5, 26, 2)
(5, 27, 2)
(5, 28, 2)
(5, 29, 2)
(5, 30, 2)
(5, 31, 2)
(5, 32, 2)
(5, 33, 2)
(5, 34, 2)
(5, 35, 2)
(5, 36, 2)
(5, 37, 2)
(5, 38, 2)
(5, 39, 2)

(6, 0, 7)
(6, 1, 7)
(6, 2, 7)
(6, 3, 7)
(6, 4, 7)
(6, 5, 7)
(6, 6, 7)
(6, 7, 7)
(6, 8, 7)
(6, 9, 7)
(6, 10, 3)
(6, 11, 3)
(6, 12, 3)
(6, 13, 3)
(6, 14, 3)
(6, 15, 3)
(6, 16, 3)
(6, 17, 3)
(6, 18, 3)
(6, 19, 3)
(6, 20, 3)
(6, 21, 3)
(6, 22, 3)
(6, 23, 3)
(6, 24, 3)
(6, 25, 3)
(6, 26, 3)
(6, 27, 3)
(6, 28, 3)
(6, 29, 3)
(6, 30, 3)
(6, 31, 3)
(6, 32, 3)
(6, 33, 3)
(6, 34, 3)
(6, 35, 3)
(6, 36, 3)
(6, 37, 3)
(6, 38, 3)
(6, 39, 3)

(7, 0, 14)
(7, 1, 11)
(7, 2, 10)
(7, 3, 10)
(7, 4, 9)
(7, 5, 9)
(7, 6, 7)
(7, 7, 7)
(7, 8, 7)
(7, 9, 6)
(7, 10, 3)
(7, 11, 3)
(7, 12, 3)
(7, 13, 3)
(7, 14, 3)
(7, 15, 3)
(7, 16, 3)
(7, 17, 3)
(7, 18, 3)
(7, 19, 3)
(7, 20, 3)
(7, 21, 3)
(7, 22, 3)
(7, 23, 3)
(7, 24, 3)
(7, 25, 3)
(7, 26, 3)
(7, 27, 3)
(7, 28, 3)
(7, 29, 3)
(7, 30, 3)
(7, 31, 3)
(7, 32, 3)
(7, 33, 3)
(7, 34, 3)
(7, 35, 3)
(7, 36, 3)
(7, 37, 3)
(7, 38, 3)
(7, 39, 3)

(8, 0, 30)
(8, 1, 22)
(8, 2, 17)
(8, 3, 16)
(8, 4, 12)
(8, 5, 10)
(8, 6, 10)
(8, 7, 10)
(8, 8, 10)
(8, 9, 9)
(8, 10, 6)
(8, 11, 5)
(8, 12, 5)
(8, 13, 5)
(8, 14, 5)
(8, 15, 5)
(8, 16, 5)
(8, 17, 5)
(8, 18, 5)
(8, 19, 4)
(8, 20, 4)
(8, 21, 4)
(8, 22, 4)
(8, 23, 4)
(8, 24, 4)
(8, 25, 4)
(8, 26, 4)
(8, 27, 4)
(8, 28, 4)
(8, 29, 4)
(8, 30, 4)
(8, 31, 4)
(8, 32, 4)
(8, 33, 4)
(8, 34, 4)
(8, 35, 4)
(8, 36, 3)
(8, 37, 3)
(8, 38, 3)
(8, 39, 3)

(9, 0, 43)
(9, 1, 31)
(9, 2, 25)
(9, 3, 21)
(9, 4, 15)
(9, 5, 10)
(9, 6, 10)
(9, 7, 10)
(9, 8, 10)
(9, 9, 9)
(9, 10, 5)
(9, 11, 5)
(9, 12, 5)
(9, 13, 5)
(9, 14, 5)
(9, 15, 5)
(9, 16, 5)
(9, 17, 5)
(9, 18, 5)
(9, 19, 4)
(9, 20, 4)
(9, 21, 4)
(9, 22, 4)
(9, 23, 4)
(9, 24, 4)
(9, 25, 4)
(9, 26, 4)
(9, 27, 4)
(9, 28, 4)
(9, 29, 4)
(9, 30, 4)
(9, 31, 4)
(9, 32, 4)
(9, 33, 4)
(9, 34, 4)
(9, 35, 4)
(9, 36, 3)
(9, 37, 3)
(9, 38, 3)
(9, 39, 3)

(10, 0, 49)
(10, 1, 35)
(10, 2, 29)
(10, 3, 24)
(10, 4, 18)
(10, 5, 13)
(10, 6, 13)
(10, 7, 12)
(10, 8, 12)
(10, 9, 11)
(10, 10, 7)
(10, 11, 7)
(10, 12, 6)
(10, 13, 6)
(10, 14, 6)
(10, 15, 6)
(10, 16, 6)
(10, 17, 6)
(10, 18, 6)
(10, 19, 5)
(10, 20, 5)
(10, 21, 5)
(10, 22, 5)
(10, 23, 5)
(10, 24, 5)
(10, 25, 5)
(10, 26, 5)
(10, 27, 5)
(10, 28, 5)
(10, 29, 5)
(10, 30, 5)
(10, 31, 5)
(10, 32, 5)
(10, 33, 5)
(10, 34, 5)
(10, 35, 5)
(10, 36, 4)
(10, 37, 4)
(10, 38, 4)
(10, 39, 4)

(11, 0, 56)
(11, 1, 41)
(11, 2, 35)
(11, 3, 30)
(11, 4, 23)
(11, 5, 17)
(11, 6, 16)
(11, 7, 15)
(11, 8, 15)
(11, 9, 13)
(11, 10, 8)
(11, 11, 7)
(11, 12, 6)
(11, 13, 6)
(11, 14, 6)
(11, 15, 6)
(11, 16, 6)
(11, 17, 6)
(11, 18, 6)
(11, 19, 5)
(11, 20, 5)
(11, 21, 4)
(11, 22, 4)
(11, 23, 4)
(11, 24, 4)
(11, 25, 4)
(11, 26, 4)
(11, 27, 4)
(11, 28, 4)
(11, 29, 4)
(11, 30, 4)
(11, 31, 4)
(11, 32, 4)
(11, 33, 4)
(11, 34, 4)
(11, 35, 4)
(11, 36, 4)
(11, 37, 4)
(11, 38, 4)
(11, 39, 4)

(12, 0, 69)
(12, 1, 52)
(12, 2, 46)
(12, 3, 38)
(12, 4, 29)
(12, 5, 20)
(12, 6, 19)
(12, 7, 17)
(12, 8, 16)
(12, 9, 13)
(12, 10, 8)
(12, 11, 7)
(12, 12, 7)
(12, 13, 6)
(12, 14, 6)
(12, 15, 6)
(12, 16, 6)
(12, 17, 6)
(12, 18, 6)
(12, 19, 5)
(12, 20, 5)
(12, 21, 4)
(12, 22, 4)
(12, 23, 4)
(12, 24, 4)
(12, 25, 4)
(12, 26, 4)
(12, 27, 4)
(12, 28, 4)
(12, 29, 4)
(12, 30, 4)
(12, 31, 4)
(12, 32, 4)
(12, 33, 4)
(12, 34, 4)
(12, 35, 4)
(12, 36, 4)
(12, 37, 4)
(12, 38, 4)
(12, 39, 4)

(13, 0, 79)
(13, 1, 59)
(13, 2, 53)
(13, 3, 45)
(13, 4, 33)
(13, 5, 23)
(13, 6, 21)
(13, 7, 17)
(13, 8, 15)
(13, 9, 14)
(13, 10, 7)
(13, 11, 6)
(13, 12, 6)
(13, 13, 6)
(13, 14, 6)
(13, 15, 6)
(13, 16, 6)
(13, 17, 6)
(13, 18, 6)
(13, 19, 5)
(13, 20, 5)
(13, 21, 4)
(13, 22, 4)
(13, 23, 4)
(13, 24, 4)
(13, 25, 4)
(13, 26, 4)
(13, 27, 4)
(13, 28, 4)
(13, 29, 4)
(13, 30, 4)
(13, 31, 4)
(13, 32, 4)
(13, 33, 4)
(13, 34, 4)
(13, 35, 4)
(13, 36, 4)
(13, 37, 4)
(13, 38, 4)
(13, 39, 4)

(14, 0, 97)
(14, 1, 72)
(14, 2, 63)
(14, 3, 52)
(14, 4, 38)
(14, 5, 26)
(14, 6, 25)
(14, 7, 20)
(14, 8, 18)
(14, 9, 17)
(14, 10, 9)
(14, 11, 8)
(14, 12, 7)
(14, 13, 7)
(14, 14, 7)
(14, 15, 7)
(14, 16, 6)
(14, 17, 6)
(14, 18, 6)
(14, 19, 5)
(14, 20, 5)
(14, 21, 4)
(14, 22, 4)
(14, 23, 4)
(14, 24, 4)
(14, 25, 4)
(14, 26, 4)
(14, 27, 4)
(14, 28, 4)
(14, 29, 4)
(14, 30, 4)
(14, 31, 4)
(14, 32, 4)
(14, 33, 4)
(14, 34, 4)
(14, 35, 4)
(14, 36, 4)
(14, 37, 4)
(14, 38, 4)
(14, 39, 4)

(15, 0, 109)
(15, 1, 80)
(15, 2, 71)
(15, 3, 60)
(15, 4, 45)
(15, 5, 31)
(15, 6, 30)
(15, 7, 21)
(15, 8, 19)
(15, 9, 17)
(15, 10, 9)
(15, 11, 8)
(15, 12, 7)
(15, 13, 7)
(15, 14, 7)
(15, 15, 7)
(15, 16, 7)
(15, 17, 7)
(15, 18, 7)
(15, 19, 5)
(15, 20, 5)
(15, 21, 4)
(15, 22, 4)
(15, 23, 4)
(15, 24, 4)
(15, 25, 4)
(15, 26, 4)
(15, 27, 4)
(15, 28, 4)
(15, 29, 4)
(15, 30, 4)
(15, 31, 4)
(15, 32, 4)
(15, 33, 4)
(15, 34, 4)
(15, 35, 4)
(15, 36, 3)
(15, 37, 3)
(15, 38, 3)
(15, 39, 3)

(16, 0, 125)
(16, 1, 93)
(16, 2, 84)
(16, 3, 71)
(16, 4, 53)
(16, 5, 35)
(16, 6, 34)
(16, 7, 22)
(16, 8, 20)
(16, 9, 19)
(16, 10, 12)
(16, 11, 11)
(16, 12, 8)
(16, 13, 8)
(16, 14, 8)
(16, 15, 8)
(16, 16, 8)
(16, 17, 8)
(16, 18, 8)
(16, 19, 6)
(16, 20, 6)
(16, 21, 5)
(16, 22, 5)
(16, 23, 5)
(16, 24, 5)
(16, 25, 5)
(16, 26, 5)
(16, 27, 5)
(16, 28, 5)
(16, 29, 5)
(16, 30, 5)
(16, 31, 4)
(16, 32, 4)
(16, 33, 4)
(16, 34, 4)
(16, 35, 4)
(16, 36, 3)
(16, 37, 3)
(16, 38, 3)
(16, 39, 3)

(17, 0, 134)
(17, 1, 102)
(17, 2, 92)
(17, 3, 78)
(17, 4, 60)
(17, 5, 40)
(17, 6, 39)
(17, 7, 27)
(17, 8, 25)
(17, 9, 24)
(17, 10, 16)
(17, 11, 15)
(17, 12, 11)
(17, 13, 11)
(17, 14, 11)
(17, 15, 9)
(17, 16, 8)
(17, 17, 8)
(17, 18, 8)
(17, 19, 6)
(17, 20, 6)
(17, 21, 5)
(17, 22, 4)
(17, 23, 4)
(17, 24, 4)
(17, 25, 4)
(17, 26, 4)
(17, 27, 4)
(17, 28, 4)
(17, 29, 4)
(17, 30, 4)
(17, 31, 4)
(17, 32, 4)
(17, 33, 4)
(17, 34, 4)
(17, 35, 4)
(17, 36, 4)
(17, 37, 4)
(17, 38, 4)
(17, 39, 4)

(18, 0, 145)
(18, 1, 113)
(18, 2, 103)
(18, 3, 89)
(18, 4, 68)
(18, 5, 47)
(18, 6, 46)
(18, 7, 31)
(18, 8, 27)
(18, 9, 26)
(18, 10, 17)
(18, 11, 15)
(18, 12, 11)
(18, 13, 11)
(18, 14, 10)
(18, 15, 9)
(18, 16, 9)
(18, 17, 9)
(18, 18, 9)
(18, 19, 7)
(18, 20, 7)
(18, 21, 6)
(18, 22, 5)
(18, 23, 5)
(18, 24, 5)
(18, 25, 5)
(18, 26, 5)
(18, 27, 5)
(18, 28, 5)
(18, 29, 5)
(18, 30, 5)
(18, 31, 5)
(18, 32, 5)
(18, 33, 5)
(18, 34, 5)
(18, 35, 5)
(18, 36, 5)
(18, 37, 5)
(18, 38, 5)
(18, 39, 5)

(19, 0, 153)
(19, 1, 121)
(19, 2, 111)
(19, 3, 96)
(19, 4, 74)
(19, 5, 52)
(19, 6, 51)
(19, 7, 35)
(19, 8, 31)
(19, 9, 30)
(19, 10, 20)
(19, 11, 19)
(19, 12, 14)
(19, 13, 13)
(19, 14, 11)
(19, 15, 9)
(19, 16, 9)
(19, 17, 9)
(19, 18, 9)
(19, 19, 7)
(19, 20, 7)
(19, 21, 6)
(19, 22, 5)
(19, 23, 5)
(19, 24, 5)
(19, 25, 5)
(19, 26, 5)
(19, 27, 5)
(19, 28, 5)
(19, 29, 5)
(19, 30, 5)
(19, 31, 5)
(19, 32, 5)
(19, 33, 5)
(19, 34, 5)
(19, 35, 5)
(19, 36, 4)
(19, 37, 4)
(19, 38, 4)
(19, 39, 4)

(20, 0, 163)
(20, 1, 131)
(20, 2, 120)
(20, 3, 105)
(20, 4, 83)
(20, 5, 58)
(20, 6, 57)
(20, 7, 38)
(20, 8, 34)
(20, 9, 33)
(20, 10, 23)
(20, 11, 22)
(20, 12, 15)
(20, 13, 14)
(20, 14, 12)
(20, 15, 10)
(20, 16, 10)
(20, 17, 10)
(20, 18, 10)
(20, 19, 8)
(20, 20, 7)
(20, 21, 6)
(20, 22, 5)
(20, 23, 5)
(20, 24, 5)
(20, 25, 5)
(20, 26, 5)
(20, 27, 5)
(20, 28, 5)
(20, 29, 5)
(20, 30, 5)
(20, 31, 5)
(20, 32, 5)
(20, 33, 5)
(20, 34, 5)
(20, 35, 5)
(20, 36, 4)
(20, 37, 4)
(20, 38, 4)
(20, 39, 4)

(21, 0, 171)
(21, 1, 139)
(21, 2, 128)
(21, 3, 113)
(21, 4, 90)
(21, 5, 61)
(21, 6, 60)
(21, 7, 37)
(21, 8, 33)
(21, 9, 32)
(21, 10, 24)
(21, 11, 23)
(21, 12, 16)
(21, 13, 15)
(21, 14, 12)
(21, 15, 10)
(21, 16, 10)
(21, 17, 10)
(21, 18, 10)
(21, 19, 8)
(21, 20, 7)
(21, 21, 6)
(21, 22, 5)
(21, 23, 5)
(21, 24, 5)
(21, 25, 5)
(21, 26, 5)
(21, 27, 4)
(21, 28, 4)
(21, 29, 3)
(21, 30, 3)
(21, 31, 3)
(21, 32, 3)
(21, 33, 3)
(21, 34, 3)
(21, 35, 3)
(21, 36, 3)
(21, 37, 3)
(21, 38, 3)
(21, 39, 3)

(22, 0, 191)
(22, 1, 156)
(22, 2, 144)
(22, 3, 127)
(22, 4, 102)
(22, 5, 68)
(22, 6, 66)
(22, 7, 42)
(22, 8, 38)
(22, 9, 36)
(22, 10, 28)
(22, 11, 27)
(22, 12, 18)
(22, 13, 16)
(22, 14, 14)
(22, 15, 11)
(22, 16, 11)
(22, 17, 10)
(22, 18, 10)
(22, 19, 8)
(22, 20, 7)
(22, 21, 6)
(22, 22, 4)
(22, 23, 4)
(22, 24, 4)
(22, 25, 3)
(22, 26, 3)
(22, 27, 3)
(22, 28, 3)
(22, 29, 3)
(22, 30, 3)
(22, 31, 3)
(22, 32, 3)
(22, 33, 3)
(22, 34, 3)
(22, 35, 3)
(22, 36, 3)
(22, 37, 3)
(22, 38, 3)
(22, 39, 3)

(23, 0, 224)
(23, 1, 181)
(23, 2, 168)
(23, 3, 145)
(23, 4, 114)
(23, 5, 78)
(23, 6, 76)
(23, 7, 46)
(23, 8, 39)
(23, 9, 36)
(23, 10, 28)
(23, 11, 27)
(23, 12, 15)
(23, 13, 13)
(23, 14, 11)
(23, 15, 8)
(23, 16, 8)
(23, 17, 8)
(23, 18, 8)
(23, 19, 6)
(23, 20, 5)
(23, 21, 4)
(23, 22, 2)
(23, 23, 2)
(23, 24, 2)
(23, 25, 2)
(23, 26, 2)
(23, 27, 2)
(23, 28, 2)
(23, 29, 2)
(23, 30, 2)
(23, 31, 2)
(23, 32, 2)
(23, 33, 2)
(23, 34, 2)
(23, 35, 2)
(23, 36, 2)
(23, 37, 2)
(23, 38, 2)
(23, 39, 2)

(24, 0, 239)
(24, 1, 196)
(24, 2, 183)
(24, 3, 159)
(24, 4, 125)
(24, 5, 86)
(24, 6, 84)
(24, 7, 48)
(24, 8, 42)
(24, 9, 39)
(24, 10, 31)
(24, 11, 30)
(24, 12, 17)
(24, 13, 15)
(24, 14, 12)
(24, 15, 10)
(24, 16, 10)
(24, 17, 10)
(24, 18, 9)
(24, 19, 7)
(24, 20, 6)
(24, 21, 5)
(24, 22, 4)
(24, 23, 4)
(24, 24, 4)
(24, 25, 4)
(24, 26, 4)
(24, 27, 4)
(24, 28, 4)
(24, 29, 4)
(24, 30, 4)
(24, 31, 4)
(24, 32, 4)
(24, 33, 4)
(24, 34, 4)
(24, 35, 4)
(24, 36, 4)
(24, 37, 4)
(24, 38, 4)
(24, 39, 4)

(25, 0, 252)
(25, 1, 209)
(25, 2, 194)
(25, 3, 169)
(25, 4, 134)
(25, 5, 89)
(25, 6, 87)
(25, 7, 49)
(25, 8, 43)
(25, 9, 41)
(25, 10, 33)
(25, 11, 31)
(25, 12, 18)
(25, 13, 16)
(25, 14, 11)
(25, 15, 10)
(25, 16, 10)
(25, 17, 10)
(25, 18, 9)
(25, 19, 7)
(25, 20, 6)
(25, 21, 5)
(25, 22, 4)
(25, 23, 4)
(25, 24, 4)
(25, 25, 4)
(25, 26, 4)
(25, 27, 4)
(25, 28, 4)
(25, 29, 3)
(25, 30, 3)
(25, 31, 3)
(25, 32, 3)
(25, 33, 3)
(25, 34, 3)
(25, 35, 3)
(25, 36, 3)
(25, 37, 3)
(25, 38, 3)
(25, 39, 3)

(26, 0, 268)
(26, 1, 220)
(26, 2, 203)
(26, 3, 176)
(26, 4, 140)
(26, 5, 93)
(26, 6, 91)
(26, 7, 51)
(26, 8, 43)
(26, 9, 41)
(26, 10, 33)
(26, 11, 31)
(26, 12, 17)
(26, 13, 15)
(26, 14, 12)
(26, 15, 11)
(26, 16, 11)
(26, 17, 10)
(26, 18, 8)
(26, 19, 6)
(26, 20, 5)
(26, 21, 4)
(26, 22, 3)
(26, 23, 3)
(26, 24, 3)
(26, 25, 3)
(26, 26, 3)
(26, 27, 3)
(26, 28, 3)
(26, 29, 3)
(26, 30, 3)
(26, 31, 3)
(26, 32, 3)
(26, 33, 3)
(26, 34, 3)
(26, 35, 3)
(26, 36, 3)
(26, 37, 3)
(26, 38, 3)
(26, 39, 3)

(27, 0, 280)
(27, 1, 232)
(27, 2, 213)
(27, 3, 185)
(27, 4, 149)
(27, 5, 98)
(27, 6, 95)
(27, 7, 55)
(27, 8, 47)
(27, 9, 45)
(27, 10, 37)
(27, 11, 35)
(27, 12, 19)
(27, 13, 16)
(27, 14, 13)
(27, 15, 12)
(27, 16, 12)
(27, 17, 11)
(27, 18, 10)
(27, 19, 8)
(27, 20, 7)
(27, 21, 5)
(27, 22, 4)
(27, 23, 4)
(27, 24, 3)
(27, 25, 3)
(27, 26, 3)
(27, 27, 3)
(27, 28, 3)
(27, 29, 3)
(27, 30, 3)
(27, 31, 3)
(27, 32, 3)
(27, 33, 3)
(27, 34, 3)
(27, 35, 3)
(27, 36, 3)
(27, 37, 3)
(27, 38, 3)
(27, 39, 3)

(28, 0, 293)
(28, 1, 242)
(28, 2, 222)
(28, 3, 193)
(28, 4, 155)
(28, 5, 101)
(28, 6, 97)
(28, 7, 57)
(28, 8, 48)
(28, 9, 46)
(28, 10, 38)
(28, 11, 36)
(28, 12, 18)
(28, 13, 16)
(28, 14, 13)
(28, 15, 12)
(28, 16, 12)
(28, 17, 11)
(28, 18, 9)
(28, 19, 7)
(28, 20, 6)
(28, 21, 5)
(28, 22, 4)
(28, 23, 4)
(28, 24, 3)
(28, 25, 3)
(28, 26, 3)
(28, 27, 3)
(28, 28, 3)
(28, 29, 3)
(28, 30, 3)
(28, 31, 3)
(28, 32, 3)
(28, 33, 3)
(28, 34, 3)
(28, 35, 3)
(28, 36, 3)
(28, 37, 3)
(28, 38, 3)
(28, 39, 3)

(29, 0, 315)
(29, 1, 263)
(29, 2, 241)
(29, 3, 209)
(29, 4, 169)
(29, 5, 111)
(29, 6, 106)
(29, 7, 66)
(29, 8, 56)
(29, 9, 53)
(29, 10, 44)
(29, 11, 41)
(29, 12, 20)
(29, 13, 17)
(29, 14, 14)
(29, 15, 13)
(29, 16, 13)
(29, 17, 11)
(29, 18, 9)
(29, 19, 7)
(29, 20, 5)
(29, 21, 5)
(29, 22, 3)
(29, 23, 3)
(29, 24, 3)
(29, 25, 3)
(29, 26, 3)
(29, 27, 3)
(29, 28, 2)
(29, 29, 2)
(29, 30, 2)
(29, 31, 2)
(29, 32, 2)
(29, 33, 2)
(29, 34, 2)
(29, 35, 2)
(29, 36, 2)
(29, 37, 2)
(29, 38, 2)
(29, 39, 2)

(30, 0, 337)
(30, 1, 283)
(30, 2, 258)
(30, 3, 225)
(30, 4, 183)
(30, 5, 118)
(30, 6, 113)
(30, 7, 73)
(30, 8, 61)
(30, 9, 57)
(30, 10, 47)
(30, 11, 42)
(30, 12, 17)
(30, 13, 14)
(30, 14, 11)
(30, 15, 10)
(30, 16, 10)
(30, 17, 9)
(30, 18, 7)
(30, 19, 5)
(30, 20, 3)
(30, 21, 2)
(30, 22, 1)
(30, 23, 1)
(30, 24, 1)
(30, 25, 1)
(30, 26, 1)
(30, 27, 1)
(30, 28, 1)
(30, 29, 1)
(30, 30, 1)
(30, 31, 1)
(30, 32, 1)
(30, 33, 1)
(30, 34, 1)
(30, 35, 1)
(30, 36, 1)
(30, 37, 1)
(30, 38, 1)
(30, 39, 1)

(31, 0, 360)
(31, 1, 300)
(31, 2, 272)
(31, 3, 236)
(31, 4, 189)
(31, 5, 121)
(31, 6, 114)
(31, 7, 74)
(31, 8, 61)
(31, 9, 57)
(31, 10, 46)
(31, 11, 40)
(31, 12, 16)
(31, 13, 13)
(31, 14, 10)
(31, 15, 9)
(31, 16, 9)
(31, 17, 8)
(31, 18, 6)
(31, 19, 4)
(31, 20, 2)
(31, 21, 2)
(31, 22, 1)
(31, 23, 1)
(31, 24, 1)
(31, 25, 1)
(31, 26, 1)
(31, 27, 1)
(31, 28, 1)
(31, 29, 1)
(31, 30, 1)
(31, 31, 1)
(31, 32, 1)
(31, 33, 1)
(31, 34, 1)
(31, 35, 1)
(31, 36, 1)
(31, 37, 1)
(31, 38, 1)
(31, 39, 1)

(32, 0, 375)
(32, 1, 313)
(32, 2, 284)
(32, 3, 245)
(32, 4, 198)
(32, 5, 124)
(32, 6, 117)
(32, 7, 77)
(32, 8, 64)
(32, 9, 60)
(32, 10, 48)
(32, 11, 41)
(32, 12, 16)
(32, 13, 13)
(32, 14, 10)
(32, 15, 9)
(32, 16, 9)
(32, 17, 8)
(32, 18, 5)
(32, 19, 3)
(32, 20, 1)
(32, 21, 1)
(32, 22, 1)
(32, 23, 1)
(32, 24, 1)
(32, 25, 1)
(32, 26, 1)
(32, 27, 1)
(32, 28, 1)
(32, 29, 1)
(32, 30, 1)
(32, 31, 1)
(32, 32, 1)
(32, 33, 1)
(32, 34, 1)
(32, 35, 1)
(32, 36, 1)
(32, 37, 1)
(32, 38, 1)
(32, 39, 1)

(33, 0, 397)
(33, 1, 331)
(33, 2, 298)
(33, 3, 257)
(33, 4, 207)
(33, 5, 128)
(33, 6, 119)
(33, 7, 79)
(33, 8, 66)
(33, 9, 62)
(33, 10, 50)
(33, 11, 41)
(33, 12, 16)
(33, 13, 13)
(33, 14, 10)
(33, 15, 9)
(33, 16, 9)
(33, 17, 8)
(33, 18, 5)
(33, 19, 3)
(33, 20, 1)
(33, 21, 1)
(33, 22, 1)
(33, 23, 1)
(33, 24, 1)
(33, 25, 1)
(33, 26, 1)
(33, 27, 1)
(33, 28, 1)
(33, 29, 1)
(33, 30, 1)
(33, 31, 1)
(33, 32, 1)
(33, 33, 1)
(33, 34, 1)
(33, 35, 1)
(33, 36, 1)
(33, 37, 1)
(33, 38, 1)
(33, 39, 1)

(34, 0, 418)
(34, 1, 350)
(34, 2, 311)
(34, 3, 266)
(34, 4, 216)
(34, 5, 130)
(34, 6, 121)
(34, 7, 81)
(34, 8, 68)
(34, 9, 64)
(34, 10, 52)
(34, 11, 42)
(34, 12, 17)
(34, 13, 13)
(34, 14, 10)
(34, 15, 9)
(34, 16, 9)
(34, 17, 8)
(34, 18, 5)
(34, 19, 3)
(34, 20, 1)
(34, 21, 1)
(34, 22, 1)
(34, 23, 1)
(34, 24, 1)
(34, 25, 1)
(34, 26, 1)
(34, 27, 1)
(34, 28, 1)
(34, 29, 1)
(34, 30, 1)
(34, 31, 1)
(34, 32, 1)
(34, 33, 1)
(34, 34, 1)
(34, 35, 1)
(34, 36, 1)
(34, 37, 1)
(34, 38, 1)
(34, 39, 1)

(35, 0, 432)
(35, 1, 362)
(35, 2, 321)
(35, 3, 273)
(35, 4, 223)
(35, 5, 134)
(35, 6, 125)
(35, 7, 85)
(35, 8, 71)
(35, 9, 67)
(35, 10, 54)
(35, 11, 43)
(35, 12, 16)
(35, 13, 12)
(35, 14, 9)
(35, 15, 8)
(35, 16, 8)
(35, 17, 7)
(35, 18, 5)
(35, 19, 3)
(35, 20, 1)
(35, 21, 1)
(35, 22, 1)
(35, 23, 1)
(35, 24, 1)
(35, 25, 1)
(35, 26, 1)
(35, 27, 1)
(35, 28, 1)
(35, 29, 1)
(35, 30, 1)
(35, 31, 1)
(35, 32, 1)
(35, 33, 1)
(35, 34, 1)
(35, 35, 1)
(35, 36, 1)
(35, 37, 1)
(35, 38, 1)
(35, 39, 1)

(36, 0, 443)
(36, 1, 373)
(36, 2, 331)
(36, 3, 283)
(36, 4, 232)
(36, 5, 138)
(36, 6, 125)
(36, 7, 85)
(36, 8, 71)
(36, 9, 67)
(36, 10, 54)
(36, 11, 42)
(36, 12, 16)
(36, 13, 12)
(36, 14, 9)
(36, 15, 8)
(36, 16, 8)
(36, 17, 6)
(36, 18, 5)
(36, 19, 3)
(36, 20, 1)
(36, 21, 1)
(36, 22, 1)
(36, 23, 1)
(36, 24, 1)
(36, 25, 1)
(36, 26, 1)
(36, 27, 1)
(36, 28, 1)
(36, 29, 1)
(36, 30, 1)
(36, 31, 1)
(36, 32, 1)
(36, 33, 1)
(36, 34, 1)
(36, 35, 1)
(36, 36, 1)
(36, 37, 1)
(36, 38, 1)
(36, 39, 1)

(37, 0, 453)
(37, 1, 383)
(37, 2, 339)
(37, 3, 290)
(37, 4, 239)
(37, 5, 142)
(37, 6, 128)
(37, 7, 88)
(37, 8, 73)
(37, 9, 69)
(37, 10, 56)
(37, 11, 43)
(37, 12, 16)
(37, 13, 12)
(37, 14, 7)
(37, 15, 6)
(37, 16, 6)
(37, 17, 5)
(37, 18, 4)
(37, 19, 2)
(37, 20, 1)
(37, 21, 1)
(37, 22, 1)
(37, 23, 1)
(37, 24, 1)
(37, 25, 1)
(37, 26, 1)
(37, 27, 1)
(37, 28, 1)
(37, 29, 1)
(37, 30, 1)
(37, 31, 1)
(37, 32, 1)
(37, 33, 1)
(37, 34, 1)
(37, 35, 1)
(37, 36, 1)
(37, 37, 1)
(37, 38, 1)
(37, 39, 1)

(38, 0, 467)
(38, 1, 397)
(38, 2, 347)
(38, 3, 298)
(38, 4, 247)
(38, 5, 140)
(38, 6, 126)
(38, 7, 86)
(38, 8, 71)
(38, 9, 67)
(38, 10, 54)
(38, 11, 41)
(38, 12, 15)
(38, 13, 11)
(38, 14, 7)
(38, 15, 6)
(38, 16, 6)
(38, 17, 5)
(38, 18, 4)
(38, 19, 2)
(38, 20, 1)
(38, 21, 1)
(38, 22, 1)
(38, 23, 1)
(38, 24, 1)
(38, 25, 1)
(38, 26, 1)
(38, 27, 1)
(38, 28, 1)
(38, 29, 1)
(38, 30, 1)
(38, 31, 1)
(38, 32, 1)
(38, 33, 1)
(38, 34, 1)
(38, 35, 1)
(38, 36, 1)
(38, 37, 1)
(38, 38, 1)
(38, 39, 1)

(39, 0, 473)
(39, 1, 403)
(39, 2, 351)
(39, 3, 301)
(39, 4, 250)
(39, 5, 140)
(39, 6, 126)
(39, 7, 86)
(39, 8, 71)
(39, 9, 66)
(39, 10, 53)
(39, 11, 41)
(39, 12, 15)
(39, 13, 11)
(39, 14, 7)
(39, 15, 6)
(39, 16, 6)
(39, 17, 5)
(39, 18, 4)
(39, 19, 2)
(39, 20, 1)
(39, 21, 1)
(39, 22, 1)
(39, 23, 1)
(39, 24, 1)
(39, 25, 1)
(39, 26, 1)
(39, 27, 1)
(39, 28, 1)
(39, 29, 1)
(39, 30, 1)
(39, 31, 1)
(39, 32, 1)
(39, 33, 1)
(39, 34, 1)
(39, 35, 1)
(39, 36, 1)
(39, 37, 1)
(39, 38, 1)
(39, 39, 1)


Betti numbers:
xi_0:
(0, 0, 1)
(2, 0, 2)
(3, 0, 1)
(5, 0, 1)
(6, 0, 2)
(7, 0, 7)
(8, 0, 16)
(9, 0, 13)
(10, 0, 6)
(11, 0, 7)
(12, 0, 13)
(13, 0, 10)
(14, 0, 18)
(15, 0, 12)
(16, 0, 16)
(17, 0, 9)
(18, 0, 11)
(19, 0, 8)
(20, 0, 10)
(21, 0, 8)
(22, 0, 20)
(23, 0, 33)
(24, 0, 15)
(25, 0, 13)
(26, 0, 16)
(27, 0, 12)
(28, 0, 13)
(29, 0, 22)
(30, 0, 22)
(31, 0, 23)
(32, 0, 15)
(33, 0, 22)
(34, 0, 21)
(35, 0, 14)
(36, 0, 11)
(37, 0, 10)
(38, 0, 14)
(39, 0, 6)
xi_1:
(2, 10, 2)
(5, 10, 1)
(6, 10, 1)
(7, 1, 3)
(7, 2, 1)
(7, 4, 1)
(7, 6, 2)
(7, 9, 1)
(8, 1, 5)
(8, 2, 4)
(8, 3, 1)
(8, 4, 3)
(8, 5, 2)
(8, 11, 1)
(8, 19, 1)
(8, 36, 1)
(9, 1, 4)
(9, 2, 1)
(9, 3, 3)
(9, 4, 2)
(9, 5, 3)
(9, 10, 1)
(10, 1, 2)
(10, 3, 1)
(10, 7, 1)
(10, 12, 1)
(11, 1, 1)
(11, 4, 1)
(11, 5, 1)
(11, 6, 1)
(11, 9, 1)
(11, 10, 1)
(11, 11, 1)
(11, 21, 1)
(12, 1, 2)
(12, 3, 3)
(12, 4, 2)
(12, 5, 3)
(12, 7, 1)
(12, 8, 1)
(12, 9, 1)
(12, 10, 1)
(12, 13, 1)
(13, 1, 3)
(13, 4, 3)
(13, 5, 1)
(13, 6, 1)
(13, 7, 2)
(13, 8, 1)
(13, 10, 2)
(14, 1, 5)
(14, 2, 3)
(14, 3, 3)
(14, 4, 2)
(14, 5, 2)
(14, 7, 1)
(14, 10, 2)
(14, 12, 1)
(14, 16, 1)
(15, 1, 4)
(15, 4, 1)
(15, 5, 2)
(15, 7, 4)
(15, 9, 1)
(15, 10, 1)
(15, 19, 1)
(15, 36, 1)
(16, 1, 3)
(16, 3, 2)
(16, 4, 3)
(16, 5, 4)
(16, 7, 3)
(16, 12, 2)
(16, 31, 1)
(17, 2, 1)
(17, 3, 1)
(17, 5, 2)
(17, 10, 1)
(17, 12, 1)
(17, 15, 2)
(17, 16, 1)
(17, 22, 1)
(18, 4, 3)
(18, 5, 1)
(18, 7, 3)
(18, 8, 2)
(18, 10, 1)
(18, 11, 1)
(18, 14, 1)
(19, 3, 1)
(19, 4, 1)
(19, 5, 1)
(19, 7, 1)
(19, 10, 1)
(19, 12, 1)
(19, 13, 1)
(19, 14, 1)
(19, 15, 1)
(19, 36, 1)
(20, 2, 1)
(20, 5, 3)
(20, 7, 3)
(20, 12, 2)
(20, 20, 1)
(21, 4, 1)
(21, 5, 4)
(21, 7, 4)
(21, 14, 1)
(21, 27, 1)
(21, 29, 1)
(22, 1, 3)
(22, 2, 1)
(22, 3, 2)
(22, 4, 2)
(22, 5, 5)
(22, 6, 1)
(22, 7, 2)
(22, 9, 1)
(22, 12, 2)
(22, 13, 1)
(22, 15, 1)
(22, 17, 1)
(22, 22, 1)
(22, 25, 1)
(23, 1, 8)
(23, 2, 1)
(23, 3, 6)
(23, 4, 6)
(23, 5, 2)
(23, 7, 6)
(23, 8, 3)
(23, 9, 2)
(23, 12, 3)
(23, 13, 1)
(23, 15, 1)
(24, 3, 1)
(24, 4, 3)
(24, 5, 3)
(24, 7, 6)
(24, 9, 1)
(24, 12, 1)
(24, 14, 1)
(24, 18, 1)
(25, 2, 2)
(25, 3, 1)
(25, 4, 1)
(25, 5, 6)
(25, 7, 2)
(25, 11, 1)
(25, 12, 1)
(25, 14, 2)
(25, 29, 1)
(26, 1, 5)
(26, 2, 2)
(26, 3, 2)
(26, 4, 1)
(26, 5, 2)
(26, 7, 2)
(26, 8, 2)
(26, 12, 1)
(26, 17, 1)
(26, 18, 1)
(27, 2, 2)
(27, 3, 1)
(27, 5, 4)
(27, 6, 1)
(27, 12, 2)
(27, 13, 1)
(27, 21, 1)
(27, 24, 1)
(28, 1, 3)
(28, 2, 1)
(28, 3, 1)
(28, 4, 2)
(28, 5, 3)
(28, 6, 1)
(28, 8, 1)
(28, 12, 2)
(28, 18, 1)
(29, 1, 1)
(29, 2, 2)
(29, 3, 3)
(29, 4, 2)
(29, 5, 4)
(29, 6, 1)
(29, 8, 1)
(29, 9, 1)
(29, 10, 1)
(29, 11, 1)
(29, 12, 3)
(29, 13, 1)
(29, 17, 1)
(29, 18, 1)
(29, 20, 1)
(29, 22, 1)
(29, 28, 1)
(30, 1, 2)
(30, 2, 3)
(30, 3, 1)
(30, 4, 2)
(30, 5, 7)
(30, 8, 2)
(30, 9, 1)
(30, 10, 1)
(30, 11, 3)
(30, 12, 4)
(30, 21, 1)
(31, 1, 6)
(31, 2, 3)
(31, 3, 3)
(31, 4, 5)
(31, 5, 3)
(31, 6, 2)
(31, 8, 1)
(31, 9, 1)
(31, 10, 1)
(31, 11, 1)
(32, 1, 2)
(32, 2, 1)
(32, 3, 3)
(32, 5, 6)
(32, 6, 1)
(32, 10, 1)
(32, 11, 1)
(32, 12, 1)
(32, 18, 1)
(33, 1, 4)
(33, 2, 4)
(33, 3, 2)
(33, 4, 3)
(33, 5, 5)
(33, 6, 2)
(33, 11, 2)
(33, 12, 1)
(34, 1, 2)
(34, 2, 6)
(34, 3, 4)
(34, 5, 7)
(34, 11, 1)
(34, 13, 1)
(35, 1, 2)
(35, 2, 2)
(35, 3, 3)
(35, 5, 3)
(35, 8, 1)
(35, 10, 1)
(35, 11, 1)
(35, 12, 2)
(36, 2, 1)
(36, 4, 1)
(36, 5, 5)
(36, 6, 4)
(36, 11, 1)
(36, 17, 1)
(37, 2, 2)
(37, 3, 1)
(37, 5, 3)
(37, 6, 1)
(37, 8, 1)
(37, 11, 1)
(37, 12, 1)
(37, 14, 2)
(38, 2, 6)
(38, 5, 10)
(38, 11, 1)
(39, 2, 2)
(39, 3, 1)
(39, 5, 3)
(39, 9, 1)
xi_2:
(7, 10, 1)
(8, 6, 2)
(9, 11, 1)
(11, 36, 1)
(12, 10, 1)
(12, 12, 1)
(13, 9, 2)
(13, 13, 1)
(14, 6, 1)
(14, 10, 1)
(15, 10, 1)
(15, 16, 1)
(16, 9, 1)
(16, 10, 1)
(17, 31, 1)
(17, 36, 1)
(18, 15, 1)
(18, 16, 1)
(19, 11, 1)
(21, 10, 2)
(21, 36, 1)
(22, 7, 1)
(22, 14, 1)
(22, 27, 1)
(22, 29, 1)
(23, 9, 1)
(23, 13, 1)
(23, 15, 1)
(23, 17, 1)
(23, 25, 1)
(24, 8, 1)
(24, 9, 1)
(24, 15, 1)
(24, 22, 1)
(25, 9, 1)
(25, 12, 1)
(25, 15, 1)
(26, 14, 2)
(26, 29, 1)
(27, 18, 1)
(28, 13, 1)
(28, 21, 1)
(29, 18, 1)
(29, 21, 1)
(29, 24, 1)
(30, 11, 1)
(30, 17, 1)
(30, 22, 1)
(30, 28, 1)
(31, 9, 1)
(31, 12, 1)
(31, 21, 1)
(32, 6, 1)
(32, 22, 1)
(33, 12, 1)
(35, 18, 1)
(36, 12, 1)
(36, 18, 1)
(37, 17, 1)
(37, 20, 1)
(38, 11, 1)
(38, 12, 1)
(38, 14, 1)
(39, 11, 1)
