x-grades
-1045761706651288313/400000000000000000
-514061038518021453/200000000000000000
-1010482447420797499/400000000000000000
-248210704451388023/100000000000000000
-195040637638061337/80000000000000000
-478781779287530639/200000000000000000
-939923928959815871/400000000000000000
-28821384354517827/12500000000000000
-904644669729325057/400000000000000000
-17740100802281593/8000000000000000
-869365410498834243/400000000000000000
-212931445220897209/100000000000000000
-834086151268343429/400000000000000000
-408223260826549011/200000000000000000
-159761378407570523/80000000000000000
-97645907802825901/50000000000000000
-763527632807361801/400000000000000000
-372944001596058197/200000000000000000
-728248373576870987/400000000000000000
-35530437198081279/20000000000000000
-692969114346380173/400000000000000000
-337664742365567383/200000000000000000
-657689855115889359/400000000000000000
-40003139093790247/25000000000000000
-124482119177079709/80000000000000000
-302385483135076569/200000000000000000
-587131336654907731/400000000000000000
-142372926759915581/100000000000000000
-551852077424416917/400000000000000000
-53421244780917151/40000000000000000
-516572818193926103/400000000000000000
-62366648572335087/50000000000000000
-481293558963435289/400000000000000000
-231826964674094941/200000000000000000
-17840571989317779/16000000000000000
-107093667529424767/100000000000000000
-410735040502453661/400000000000000000
-196547705443604127/200000000000000000
-375455781271962847/400000000000000000
-559087736963621/625000000000000

y-grades
9999619/40000000
9999619/20000000
29998857/40000000
9999619/10000000
9999619/8000000
29998857/20000000
69997333/40000000
9999619/5000000
89996571/40000000
9999619/4000000
109995809/40000000
29998857/10000000
129995047/40000000
69997333/20000000
29998857/8000000
9999619/2500000
169993523/40000000
89996571/20000000
189992761/40000000
9999619/2000000
209991999/40000000
109995809/20000000
229991237/40000000
29998857/5000000
9999619/1600000
129995047/20000000
269989713/40000000
69997333/10000000
289988951/40000000
29998857/4000000
309988189/40000000
9999619/1250000
329987427/40000000
169993523/20000000
69997333/8000000
89996571/10000000
369985903/40000000
189992761/20000000
389985141/40000000
9999619/1000000

Dimensions > 0:
(0, 0, 9)
(0, 1, 8)
(0, 2, 6)
(0, 3, 5)
(0, 4, 4)
(0, 5, 3)
(0, 6, 3)
(0, 7, 3)
(0, 8, 3)
(0, 9, 3)
(0, 10, 3)
(0, 11, 3)
(0, 12, 2)
(0, 13, 2)
(0, 14, 2)
(0, 15, 2)
(0, 16, 2)
(0, 17, 2)
(0, 18, 2)
(0, 19, 2)
(0, 20, 2)
(0, 21, 2)
(0, 22, 2)
(0, 23, 2)
(0, 24, 2)
(0, 25, 2)
(0, 26, 2)
(0, 27, 2)
(0, 28, 2)
(0, 29, 2)
(0, 30, 2)
(0, 31, 2)
(0, 32, 2)
(0, 33, 2)
(0, 34, 2)
(0, 35, 2)
(0, 36, 2)
(0, 37, 2)
(0, 38, 2)
(0, 39, 2)

(1, 0, 18)
(1, 1, 14)
(1, 2, 9)
(1, 3, 7)
(1, 4, 5)
(1, 5, 4)
(1, 6, 4)
(1, 7, 4)
(1, 8, 4)
(1, 9, 4)
(1, 10, 3)
(1, 11, 3)
(1, 12, 2)
(1, 13, 2)
(1, 14, 2)
(1, 15, 2)
(1, 16, 2)
(1, 17, 2)
(1, 18, 2)
(1, 19, 2)
(1, 20, 2)
(1, 21, 2)
(1, 22, 2)
(1, 23, 2)
(1, 24, 2)
(1, 25, 2)
(1, 26, 2)
(1, 27, 2)
(1, 28, 2)
(1, 29, 2)
(1, 30, 2)
(1, 31, 2)
(1, 32, 2)
(1, 33, 2)
(1, 34, 2)
(1, 35, 2)
(1, 36, 2)
(1, 37, 2)
(1, 38, 2)
(1, 39, 2)

(2, 0, 20)
(2, 1, 16)
(2, 2, 11)
(2, 3, 9)
(2, 4, 7)
(2, 5, 6)
(2, 6, 6)
(2, 7, 6)
(2, 8, 6)
(2, 9, 5)
(2, 10, 4)
(2, 11, 4)
(2, 12, 3)
(2, 13, 3)
(2, 14, 3)
(2, 15, 3)
(2, 16, 3)
(2, 17, 3)
(2, 18, 3)
(2, 19, 3)
(2, 20, 2)
(2, 21, 2)
(2, 22, 2)
(2, 23, 2)
(2, 24, 2)
(2, 25, 2)
(2, 26, 2)
(2, 27, 2)
(2, 28, 2)
(2, 29, 2)
(2, 30, 2)
(2, 31, 2)
(2, 32, 2)
(2, 33, 2)
(2, 34, 2)
(2, 35, 2)
(2, 36, 2)
(2, 37, 2)
(2, 38, 2)
(2, 39, 2)

(3, 0, 26)
(3, 1, 21)
(3, 2, 16)
(3, 3, 13)
(3, 4, 10)
(3, 5, 8)
(3, 6, 7)
(3, 7, 7)
(3, 8, 7)
(3, 9, 6)
(3, 10, 5)
(3, 11, 5)
(3, 12, 4)
(3, 13, 4)
(3, 14, 4)
(3, 15, 4)
(3, 16, 4)
(3, 17, 4)
(3, 18, 4)
(3, 19, 4)
(3, 20, 2)
(3, 21, 2)
(3, 22, 2)
(3, 23, 2)
(3, 24, 2)
(3, 25, 2)
(3, 26, 2)
(3, 27, 2)
(3, 28, 2)
(3, 29, 2)
(3, 30, 2)
(3, 31, 2)
(3, 32, 2)
(3, 33, 2)
(3, 34, 2)
(3, 35, 2)
(3, 36, 2)
(3, 37, 2)
(3, 38, 2)
(3, 39, 2)

(4, 0, 39)
(4, 1, 30)
(4, 2, 24)
(4, 3, 18)
(4, 4, 15)
(4, 5, 11)
(4, 6, 10)
(4, 7, 10)
(4, 8, 8)
(4, 9, 8)
(4, 10, 7)
(4, 11, 7)
(4, 12, 6)
(4, 13, 5)
(4, 14, 5)
(4, 15, 5)
(4, 16, 5)
(4, 17, 5)
(4, 18, 5)
(4, 19, 5)
(4, 20, 3)
(4, 21, 3)
(4, 22, 2)
(4, 23, 1)
(4, 24, 1)
(4, 25, 1)
(4, 26, 1)
(4, 27, 1)
(4, 28, 1)
(4, 29, 1)
(4, 30, 1)
(4, 31, 1)
(4, 32, 1)
(4, 33, 1)
(4, 34, 1)
(4, 35, 1)
(4, 36, 1)
(4, 37, 1)
(4, 38, 1)
(4, 39, 1)

(5, 0, 47)
(5, 1, 36)
(5, 2, 30)
(5, 3, 23)
(5, 4, 17)
(5, 5, 12)
(5, 6, 11)
(5, 7, 11)
(5, 8, 9)
(5, 9, 9)
(5, 10, 8)
(5, 11, 8)
(5, 12, 7)
(5, 13, 5)
(5, 14, 5)
(5, 15, 5)
(5, 16, 5)
(5, 17, 4)
(5, 18, 4)
(5, 19, 4)
(5, 20, 2)
(5, 21, 2)
(5, 22, 2)
(5, 23, 1)
(5, 24, 1)
(5, 25, 1)
(5, 26, 1)
(5, 27, 1)
(5, 28, 1)
(5, 29, 1)
(5, 30, 1)
(5, 31, 1)
(5, 32, 1)
(5, 33, 1)
(5, 34, 1)
(5, 35, 1)
(5, 36, 1)
(5, 37, 1)
(5, 38, 1)
(5, 39, 1)

(6, 0, 49)
(6, 1, 37)
(6, 2, 31)
(6, 3, 24)
(6, 4, 16)
(6, 5, 12)
(6, 6, 11)
(6, 7, 11)
(6, 8, 9)
(6, 9, 9)
(6, 10, 8)
(6, 11, 8)
(6, 12, 7)
(6, 13, 5)
(6, 14, 5)
(6, 15, 5)
(6, 16, 5)
(6, 17, 4)
(6, 18, 4)
(6, 19, 4)
(6, 20, 2)
(6, 21, 2)
(6, 22, 2)
(6, 23, 1)
(6, 24, 1)
(6, 25, 1)
(6, 26, 1)
(6, 27, 1)
(6, 28, 1)
(6, 29, 1)
(6, 30, 1)
(6, 31, 1)
(6, 32, 1)
(6, 33, 1)
(6, 34, 1)
(6, 35, 1)
(6, 36, 1)
(6, 37, 1)
(6, 38, 1)
(6, 39, 1)

(7, 0, 49)
(7, 1, 37)
(7, 2, 31)
(7, 3, 24)
(7, 4, 16)
(7, 5, 12)
(7, 6, 11)
(7, 7, 11)
(7, 8, 9)
(7, 9, 9)
(7, 10, 8)
(7, 11, 8)
(7, 12, 7)
(7, 13, 5)
(7, 14, 5)
(7, 15, 5)
(7, 16, 5)
(7, 17, 4)
(7, 18, 4)
(7, 19, 4)
(7, 20, 2)
(7, 21, 2)
(7, 22, 2)
(7, 23, 1)
(7, 24, 1)
(7, 25, 1)
(7, 26, 1)
(7, 27, 1)
(7, 28, 1)
(7, 29, 1)
(7, 30, 1)
(7, 31, 1)
(7, 32, 1)
(7, 33, 1)
(7, 34, 1)
(7, 35, 1)
(7, 36, 1)
(7, 37, 1)
(7, 38, 1)
(7, 39, 1)

(8, 0, 49)
(8, 1, 37)
(8, 2, 31)
(8, 3, 24)
(8, 4, 16)
(8, 5, 12)
(8, 6, 11)
(8, 7, 11)
(8, 8, 9)
(8, 9, 9)
(8, 10, 8)
(8, 11, 8)
(8, 12, 7)
(8, 13, 5)
(8, 14, 5)
(8, 15, 5)
(8, 16, 5)
(8, 17, 4)
(8, 18, 4)
(8, 19, 4)
(8, 20, 2)
(8, 21, 2)
(8, 22, 2)
(8, 23, 1)
(8, 24, 1)
(8, 25, 1)
(8, 26, 1)
(8, 27, 1)
(8, 28, 1)
(8, 29, 1)
(8, 30, 1)
(8, 31, 1)
(8, 32, 1)
(8, 33, 1)
(8, 34, 1)
(8, 35, 1)
(8, 36, 1)
(8, 37, 1)
(8, 38, 1)
(8, 39, 1)

(9, 0, 49)
(9, 1, 37)
(9, 2, 31)
(9, 3, 24)
(9, 4, 16)
(9, 5, 12)
(9, 6, 11)
(9, 7, 11)
(9, 8, 9)
(9, 9, 9)
(9, 10, 8)
(9, 11, 8)
(9, 12, 7)
(9, 13, 5)
(9, 14, 5)
(9, 15, 5)
(9, 16, 5)
(9, 17, 4)
(9, 18, 4)
(9, 19, 4)
(9, 20, 2)
(9, 21, 2)
(9, 22, 2)
(9, 23, 1)
(9, 24, 1)
(9, 25, 1)
(9, 26, 1)
(9, 27, 1)
(9, 28, 1)
(9, 29, 1)
(9, 30, 1)
(9, 31, 1)
(9, 32, 1)
(9, 33, 1)
(9, 34, 1)
(9, 35, 1)
(9, 36, 1)
(9, 37, 1)
(9, 38, 1)
(9, 39, 1)

(10, 0, 50)
(10, 1, 38)
(10, 2, 32)
(10, 3, 25)
(10, 4, 17)
(10, 5, 13)
(10, 6, 12)
(10, 7, 12)
(10, 8, 10)
(10, 9, 10)
(10, 10, 9)
(10, 11, 9)
(10, 12, 8)
(10, 13, 6)
(10, 14, 6)
(10, 15, 6)
(10, 16, 6)
(10, 17, 5)
(10, 18, 5)
(10, 19, 5)
(10, 20, 3)
(10, 21, 3)
(10, 22, 3)
(10, 23, 2)
(10, 24, 2)
(10, 25, 2)
(10, 26, 2)
(10, 27, 2)
(10, 28, 2)
(10, 29, 2)
(10, 30, 2)
(10, 31, 2)
(10, 32, 2)
(10, 33, 2)
(10, 34, 2)
(10, 35, 2)
(10, 36, 2)
(10, 37, 2)
(10, 38, 2)
(10, 39, 2)

(11, 0, 64)
(11, 1, 51)
(11, 2, 44)
(11, 3, 36)
(11, 4, 26)
(11, 5, 20)
(11, 6, 16)
(11, 7, 15)
(11, 8, 13)
(11, 9, 13)
(11, 10, 12)
(11, 11, 12)
(11, 12, 11)
(11, 13, 8)
(11, 14, 8)
(11, 15, 8)
(11, 16, 8)
(11, 17, 7)
(11, 18, 7)
(11, 19, 7)
(11, 20, 4)
(11, 21, 4)
(11, 22, 3)
(11, 23, 2)
(11, 24, 2)
(11, 25, 2)
(11, 26, 2)
(11, 27, 2)
(11, 28, 2)
(11, 29, 2)
(11, 30, 2)
(11, 31, 2)
(11, 32, 2)
(11, 33, 2)
(11, 34, 2)
(11, 35, 2)
(11, 36, 2)
(11, 37, 2)
(11, 38, 2)
(11, 39, 2)

(12, 0, 78)
(12, 1, 63)
(12, 2, 55)
(12, 3, 45)
(12, 4, 32)
(12, 5, 23)
(12, 6, 15)
(12, 7, 15)
(12, 8, 13)
(12, 9, 13)
(12, 10, 12)
(12, 11, 12)
(12, 12, 11)
(12, 13, 8)
(12, 14, 8)
(12, 15, 8)
(12, 16, 8)
(12, 17, 7)
(12, 18, 6)
(12, 19, 6)
(12, 20, 3)
(12, 21, 3)
(12, 22, 3)
(12, 23, 2)
(12, 24, 2)
(12, 25, 2)
(12, 26, 2)
(12, 27, 2)
(12, 28, 2)
(12, 29, 2)
(12, 30, 2)
(12, 31, 2)
(12, 32, 2)
(12, 33, 2)
(12, 34, 2)
(12, 35, 2)
(12, 36, 2)
(12, 37, 2)
(12, 38, 2)
(12, 39, 2)

(13, 0, 82)
(13, 1, 67)
(13, 2, 59)
(13, 3, 49)
(13, 4, 36)
(13, 5, 27)
(13, 6, 19)
(13, 7, 16)
(13, 8, 14)
(13, 9, 14)
(13, 10, 13)
(13, 11, 13)
(13, 12, 11)
(13, 13, 8)
(13, 14, 8)
(13, 15, 8)
(13, 16, 8)
(13, 17, 7)
(13, 18, 6)
(13, 19, 6)
(13, 20, 3)
(13, 21, 3)
(13, 22, 3)
(13, 23, 2)
(13, 24, 2)
(13, 25, 2)
(13, 26, 2)
(13, 27, 2)
(13, 28, 2)
(13, 29, 2)
(13, 30, 2)
(13, 31, 2)
(13, 32, 2)
(13, 33, 2)
(13, 34, 2)
(13, 35, 2)
(13, 36, 2)
(13, 37, 2)
(13, 38, 2)
(13, 39, 2)

(14, 0, 83)
(14, 1, 68)
(14, 2, 60)
(14, 3, 50)
(14, 4, 37)
(14, 5, 28)
(14, 6, 20)
(14, 7, 17)
(14, 8, 15)
(14, 9, 15)
(14, 10, 14)
(14, 11, 14)
(14, 12, 12)
(14, 13, 9)
(14, 14, 9)
(14, 15, 9)
(14, 16, 9)
(14, 17, 8)
(14, 18, 7)
(14, 19, 7)
(14, 20, 4)
(14, 21, 4)
(14, 22, 4)
(14, 23, 3)
(14, 24, 3)
(14, 25, 3)
(14, 26, 3)
(14, 27, 3)
(14, 28, 3)
(14, 29, 3)
(14, 30, 3)
(14, 31, 3)
(14, 32, 3)
(14, 33, 2)
(14, 34, 2)
(14, 35, 2)
(14, 36, 2)
(14, 37, 2)
(14, 38, 2)
(14, 39, 2)

(15, 0, 83)
(15, 1, 68)
(15, 2, 60)
(15, 3, 50)
(15, 4, 37)
(15, 5, 28)
(15, 6, 20)
(15, 7, 17)
(15, 8, 15)
(15, 9, 15)
(15, 10, 14)
(15, 11, 14)
(15, 12, 12)
(15, 13, 9)
(15, 14, 9)
(15, 15, 9)
(15, 16, 9)
(15, 17, 8)
(15, 18, 7)
(15, 19, 7)
(15, 20, 4)
(15, 21, 4)
(15, 22, 4)
(15, 23, 3)
(15, 24, 3)
(15, 25, 3)
(15, 26, 3)
(15, 27, 3)
(15, 28, 3)
(15, 29, 3)
(15, 30, 3)
(15, 31, 3)
(15, 32, 3)
(15, 33, 2)
(15, 34, 2)
(15, 35, 2)
(15, 36, 2)
(15, 37, 2)
(15, 38, 2)
(15, 39, 2)

(16, 0, 83)
(16, 1, 68)
(16, 2, 60)
(16, 3, 50)
(16, 4, 37)
(16, 5, 28)
(16, 6, 20)
(16, 7, 17)
(16, 8, 15)
(16, 9, 15)
(16, 10, 14)
(16, 11, 14)
(16, 12, 12)
(16, 13, 9)
(16, 14, 9)
(16, 15, 9)
(16, 16, 9)
(16, 17, 8)
(16, 18, 7)
(16, 19, 7)
(16, 20, 4)
(16, 21, 4)
(16, 22, 4)
(16, 23, 3)
(16, 24, 3)
(16, 25, 3)
(16, 26, 3)
(16, 27, 3)
(16, 28, 3)
(16, 29, 3)
(16, 30, 3)
(16, 31, 3)
(16, 32, 3)
(16, 33, 2)
(16, 34, 2)
(16, 35, 2)
(16, 36, 2)
(16, 37, 2)
(16, 38, 2)
(16, 39, 2)

(17, 0, 85)
(17, 1, 70)
(17, 2, 62)
(17, 3, 52)
(17, 4, 39)
(17, 5, 30)
(17, 6, 22)
(17, 7, 19)
(17, 8, 17)
(17, 9, 17)
(17, 10, 16)
(17, 11, 16)
(17, 12, 14)
(17, 13, 11)
(17, 14, 11)
(17, 15, 11)
(17, 16, 11)
(17, 17, 10)
(17, 18, 9)
(17, 19, 9)
(17, 20, 6)
(17, 21, 5)
(17, 22, 5)
(17, 23, 4)
(17, 24, 4)
(17, 25, 4)
(17, 26, 4)
(17, 27, 4)
(17, 28, 4)
(17, 29, 4)
(17, 30, 4)
(17, 31, 4)
(17, 32, 4)
(17, 33, 3)
(17, 34, 3)
(17, 35, 2)
(17, 36, 2)
(17, 37, 2)
(17, 38, 2)
(17, 39, 2)

(18, 0, 90)
(18, 1, 75)
(18, 2, 67)
(18, 3, 56)
(18, 4, 43)
(18, 5, 33)
(18, 6, 24)
(18, 7, 20)
(18, 8, 18)
(18, 9, 18)
(18, 10, 17)
(18, 11, 17)
(18, 12, 15)
(18, 13, 12)
(18, 14, 12)
(18, 15, 12)
(18, 16, 12)
(18, 17, 11)
(18, 18, 10)
(18, 19, 10)
(18, 20, 7)
(18, 21, 6)
(18, 22, 6)
(18, 23, 5)
(18, 24, 5)
(18, 25, 5)
(18, 26, 5)
(18, 27, 5)
(18, 28, 5)
(18, 29, 5)
(18, 30, 4)
(18, 31, 4)
(18, 32, 4)
(18, 33, 3)
(18, 34, 3)
(18, 35, 3)
(18, 36, 3)
(18, 37, 3)
(18, 38, 3)
(18, 39, 3)

(19, 0, 92)
(19, 1, 77)
(19, 2, 69)
(19, 3, 57)
(19, 4, 44)
(19, 5, 34)
(19, 6, 25)
(19, 7, 21)
(19, 8, 19)
(19, 9, 19)
(19, 10, 18)
(19, 11, 18)
(19, 12, 16)
(19, 13, 13)
(19, 14, 13)
(19, 15, 13)
(19, 16, 13)
(19, 17, 12)
(19, 18, 11)
(19, 19, 11)
(19, 20, 8)
(19, 21, 7)
(19, 22, 7)
(19, 23, 6)
(19, 24, 6)
(19, 25, 6)
(19, 26, 6)
(19, 27, 6)
(19, 28, 6)
(19, 29, 6)
(19, 30, 5)
(19, 31, 5)
(19, 32, 5)
(19, 33, 4)
(19, 34, 4)
(19, 35, 4)
(19, 36, 4)
(19, 37, 3)
(19, 38, 3)
(19, 39, 3)

(20, 0, 102)
(20, 1, 86)
(20, 2, 76)
(20, 3, 62)
(20, 4, 48)
(20, 5, 38)
(20, 6, 29)
(20, 7, 25)
(20, 8, 23)
(20, 9, 23)
(20, 10, 22)
(20, 11, 22)
(20, 12, 20)
(20, 13, 17)
(20, 14, 17)
(20, 15, 17)
(20, 16, 17)
(20, 17, 16)
(20, 18, 15)
(20, 19, 15)
(20, 20, 12)
(20, 21, 11)
(20, 22, 11)
(20, 23, 8)
(20, 24, 8)
(20, 25, 7)
(20, 26, 7)
(20, 27, 7)
(20, 28, 7)
(20, 29, 7)
(20, 30, 7)
(20, 31, 7)
(20, 32, 7)
(20, 33, 6)
(20, 34, 6)
(20, 35, 6)
(20, 36, 6)
(20, 37, 5)
(20, 38, 5)
(20, 39, 5)

(21, 0, 113)
(21, 1, 96)
(21, 2, 86)
(21, 3, 71)
(21, 4, 53)
(21, 5, 42)
(21, 6, 33)
(21, 7, 28)
(21, 8, 26)
(21, 9, 26)
(21, 10, 24)
(21, 11, 24)
(21, 12, 22)
(21, 13, 18)
(21, 14, 18)
(21, 15, 18)
(21, 16, 18)
(21, 17, 17)
(21, 18, 15)
(21, 19, 15)
(21, 20, 12)
(21, 21, 11)
(21, 22, 11)
(21, 23, 9)
(21, 24, 9)
(21, 25, 8)
(21, 26, 8)
(21, 27, 8)
(21, 28, 8)
(21, 29, 8)
(21, 30, 8)
(21, 31, 8)
(21, 32, 8)
(21, 33, 7)
(21, 34, 7)
(21, 35, 7)
(21, 36, 7)
(21, 37, 6)
(21, 38, 6)
(21, 39, 6)

(22, 0, 130)
(22, 1, 110)
(22, 2, 99)
(22, 3, 80)
(22, 4, 61)
(22, 5, 50)
(22, 6, 41)
(22, 7, 35)
(22, 8, 32)
(22, 9, 32)
(22, 10, 29)
(22, 11, 29)
(22, 12, 26)
(22, 13, 22)
(22, 14, 21)
(22, 15, 20)
(22, 16, 20)
(22, 17, 19)
(22, 18, 16)
(22, 19, 16)
(22, 20, 13)
(22, 21, 12)
(22, 22, 12)
(22, 23, 10)
(22, 24, 10)
(22, 25, 8)
(22, 26, 8)
(22, 27, 7)
(22, 28, 7)
(22, 29, 7)
(22, 30, 7)
(22, 31, 6)
(22, 32, 6)
(22, 33, 5)
(22, 34, 5)
(22, 35, 5)
(22, 36, 5)
(22, 37, 4)
(22, 38, 4)
(22, 39, 4)

(23, 0, 154)
(23, 1, 129)
(23, 2, 115)
(23, 3, 90)
(23, 4, 68)
(23, 5, 56)
(23, 6, 47)
(23, 7, 40)
(23, 8, 35)
(23, 9, 33)
(23, 10, 31)
(23, 11, 29)
(23, 12, 25)
(23, 13, 21)
(23, 14, 21)
(23, 15, 20)
(23, 16, 20)
(23, 17, 19)
(23, 18, 17)
(23, 19, 17)
(23, 20, 14)
(23, 21, 13)
(23, 22, 13)
(23, 23, 11)
(23, 24, 11)
(23, 25, 6)
(23, 26, 6)
(23, 27, 6)
(23, 28, 6)
(23, 29, 6)
(23, 30, 6)
(23, 31, 6)
(23, 32, 6)
(23, 33, 5)
(23, 34, 5)
(23, 35, 5)
(23, 36, 5)
(23, 37, 4)
(23, 38, 4)
(23, 39, 4)

(24, 0, 184)
(24, 1, 156)
(24, 2, 139)
(24, 3, 112)
(24, 4, 82)
(24, 5, 67)
(24, 6, 58)
(24, 7, 49)
(24, 8, 44)
(24, 9, 42)
(24, 10, 38)
(24, 11, 36)
(24, 12, 32)
(24, 13, 27)
(24, 14, 27)
(24, 15, 26)
(24, 16, 26)
(24, 17, 25)
(24, 18, 23)
(24, 19, 23)
(24, 20, 19)
(24, 21, 17)
(24, 22, 17)
(24, 23, 13)
(24, 24, 12)
(24, 25, 10)
(24, 26, 10)
(24, 27, 10)
(24, 28, 9)
(24, 29, 9)
(24, 30, 9)
(24, 31, 9)
(24, 32, 9)
(24, 33, 8)
(24, 34, 8)
(24, 35, 8)
(24, 36, 8)
(24, 37, 7)
(24, 38, 7)
(24, 39, 6)

(25, 0, 219)
(25, 1, 185)
(25, 2, 161)
(25, 3, 126)
(25, 4, 90)
(25, 5, 74)
(25, 6, 64)
(25, 7, 55)
(25, 8, 49)
(25, 9, 46)
(25, 10, 42)
(25, 11, 38)
(25, 12, 34)
(25, 13, 29)
(25, 14, 29)
(25, 15, 28)
(25, 16, 28)
(25, 17, 27)
(25, 18, 25)
(25, 19, 24)
(25, 20, 19)
(25, 21, 17)
(25, 22, 17)
(25, 23, 13)
(25, 24, 12)
(25, 25, 10)
(25, 26, 9)
(25, 27, 9)
(25, 28, 8)
(25, 29, 8)
(25, 30, 8)
(25, 31, 8)
(25, 32, 8)
(25, 33, 7)
(25, 34, 7)
(25, 35, 7)
(25, 36, 7)
(25, 37, 6)
(25, 38, 6)
(25, 39, 5)

(26, 0, 240)
(26, 1, 204)
(26, 2, 176)
(26, 3, 140)
(26, 4, 102)
(26, 5, 84)
(26, 6, 72)
(26, 7, 61)
(26, 8, 53)
(26, 9, 49)
(26, 10, 43)
(26, 11, 39)
(26, 12, 35)
(26, 13, 30)
(26, 14, 30)
(26, 15, 28)
(26, 16, 28)
(26, 17, 26)
(26, 18, 24)
(26, 19, 23)
(26, 20, 19)
(26, 21, 17)
(26, 22, 17)
(26, 23, 13)
(26, 24, 12)
(26, 25, 10)
(26, 26, 9)
(26, 27, 9)
(26, 28, 8)
(26, 29, 8)
(26, 30, 8)
(26, 31, 8)
(26, 32, 8)
(26, 33, 7)
(26, 34, 7)
(26, 35, 7)
(26, 36, 7)
(26, 37, 6)
(26, 38, 6)
(26, 39, 5)

(27, 0, 260)
(27, 1, 223)
(27, 2, 194)
(27, 3, 156)
(27, 4, 115)
(27, 5, 95)
(27, 6, 82)
(27, 7, 70)
(27, 8, 60)
(27, 9, 56)
(27, 10, 49)
(27, 11, 46)
(27, 12, 42)
(27, 13, 36)
(27, 14, 36)
(27, 15, 34)
(27, 16, 34)
(27, 17, 32)
(27, 18, 29)
(27, 19, 27)
(27, 20, 22)
(27, 21, 20)
(27, 22, 19)
(27, 23, 15)
(27, 24, 14)
(27, 25, 12)
(27, 26, 12)
(27, 27, 12)
(27, 28, 11)
(27, 29, 11)
(27, 30, 11)
(27, 31, 11)
(27, 32, 11)
(27, 33, 9)
(27, 34, 9)
(27, 35, 9)
(27, 36, 9)
(27, 37, 7)
(27, 38, 7)
(27, 39, 6)

(28, 0, 296)
(28, 1, 250)
(28, 2, 219)
(28, 3, 174)
(28, 4, 129)
(28, 5, 104)
(28, 6, 89)
(28, 7, 77)
(28, 8, 66)
(28, 9, 62)
(28, 10, 54)
(28, 11, 50)
(28, 12, 46)
(28, 13, 40)
(28, 14, 40)
(28, 15, 35)
(28, 16, 35)
(28, 17, 33)
(28, 18, 29)
(28, 19, 27)
(28, 20, 22)
(28, 21, 20)
(28, 22, 20)
(28, 23, 16)
(28, 24, 15)
(28, 25, 13)
(28, 26, 13)
(28, 27, 13)
(28, 28, 11)
(28, 29, 11)
(28, 30, 11)
(28, 31, 11)
(28, 32, 11)
(28, 33, 8)
(28, 34, 8)
(28, 35, 8)
(28, 36, 8)
(28, 37, 6)
(28, 38, 6)
(28, 39, 5)

(29, 0, 356)
(29, 1, 303)
(29, 2, 265)
(29, 3, 206)
(29, 4, 151)
(29, 5, 119)
(29, 6, 102)
(29, 7, 88)
(29, 8, 77)
(29, 9, 72)
(29, 10, 63)
(29, 11, 58)
(29, 12, 54)
(29, 13, 46)
(29, 14, 46)
(29, 15, 42)
(29, 16, 42)
(29, 17, 39)
(29, 18, 34)
(29, 19, 32)
(29, 20, 26)
(29, 21, 22)
(29, 22, 22)
(29, 23, 18)
(29, 24, 17)
(29, 25, 15)
(29, 26, 15)
(29, 27, 15)
(29, 28, 14)
(29, 29, 14)
(29, 30, 14)
(29, 31, 13)
(29, 32, 13)
(29, 33, 9)
(29, 34, 9)
(29, 35, 9)
(29, 36, 9)
(29, 37, 8)
(29, 38, 8)
(29, 39, 7)

(30, 0, 367)
(30, 1, 310)
(30, 2, 272)
(30, 3, 211)
(30, 4, 154)
(30, 5, 121)
(30, 6, 104)
(30, 7, 90)
(30, 8, 78)
(30, 9, 73)
(30, 10, 63)
(30, 11, 58)
(30, 12, 54)
(30, 13, 46)
(30, 14, 46)
(30, 15, 42)
(30, 16, 42)
(30, 17, 39)
(30, 18, 34)
(30, 19, 32)
(30, 20, 26)
(30, 21, 22)
(30, 22, 22)
(30, 23, 18)
(30, 24, 17)
(30, 25, 15)
(30, 26, 15)
(30, 27, 15)
(30, 28, 14)
(30, 29, 14)
(30, 30, 14)
(30, 31, 13)
(30, 32, 13)
(30, 33, 9)
(30, 34, 9)
(30, 35, 9)
(30, 36, 9)
(30, 37, 7)
(30, 38, 7)
(30, 39, 6)

(31, 0, 394)
(31, 1, 332)
(31, 2, 289)
(31, 3, 226)
(31, 4, 163)
(31, 5, 130)
(31, 6, 113)
(31, 7, 99)
(31, 8, 87)
(31, 9, 80)
(31, 10, 70)
(31, 11, 64)
(31, 12, 58)
(31, 13, 49)
(31, 14, 49)
(31, 15, 45)
(31, 16, 45)
(31, 17, 42)
(31, 18, 37)
(31, 19, 35)
(31, 20, 28)
(31, 21, 24)
(31, 22, 24)
(31, 23, 18)
(31, 24, 17)
(31, 25, 15)
(31, 26, 15)
(31, 27, 15)
(31, 28, 14)
(31, 29, 14)
(31, 30, 14)
(31, 31, 13)
(31, 32, 12)
(31, 33, 7)
(31, 34, 7)
(31, 35, 7)
(31, 36, 7)
(31, 37, 6)
(31, 38, 6)
(31, 39, 5)

(32, 0, 448)
(32, 1, 375)
(32, 2, 326)
(32, 3, 257)
(32, 4, 186)
(32, 5, 148)
(32, 6, 130)
(32, 7, 114)
(32, 8, 102)
(32, 9, 94)
(32, 10, 82)
(32, 11, 74)
(32, 12, 69)
(32, 13, 56)
(32, 14, 55)
(32, 15, 50)
(32, 16, 50)
(32, 17, 46)
(32, 18, 41)
(32, 19, 38)
(32, 20, 30)
(32, 21, 26)
(32, 22, 26)
(32, 23, 19)
(32, 24, 18)
(32, 25, 16)
(32, 26, 16)
(32, 27, 15)
(32, 28, 14)
(32, 29, 14)
(32, 30, 14)
(32, 31, 13)
(32, 32, 12)
(32, 33, 8)
(32, 34, 8)
(32, 35, 8)
(32, 36, 8)
(32, 37, 7)
(32, 38, 6)
(32, 39, 5)

(33, 0, 501)
(33, 1, 418)
(33, 2, 366)
(33, 3, 285)
(33, 4, 209)
(33, 5, 164)
(33, 6, 141)
(33, 7, 125)
(33, 8, 111)
(33, 9, 101)
(33, 10, 84)
(33, 11, 76)
(33, 12, 71)
(33, 13, 58)
(33, 14, 58)
(33, 15, 51)
(33, 16, 50)
(33, 17, 46)
(33, 18, 40)
(33, 19, 37)
(33, 20, 30)
(33, 21, 26)
(33, 22, 26)
(33, 23, 20)
(33, 24, 19)
(33, 25, 17)
(33, 26, 17)
(33, 27, 16)
(33, 28, 15)
(33, 29, 15)
(33, 30, 15)
(33, 31, 14)
(33, 32, 13)
(33, 33, 9)
(33, 34, 9)
(33, 35, 9)
(33, 36, 9)
(33, 37, 8)
(33, 38, 7)
(33, 39, 6)

(34, 0, 530)
(34, 1, 442)
(34, 2, 388)
(34, 3, 303)
(34, 4, 224)
(34, 5, 178)
(34, 6, 154)
(34, 7, 136)
(34, 8, 122)
(34, 9, 110)
(34, 10, 93)
(34, 11, 85)
(34, 12, 78)
(34, 13, 63)
(34, 14, 63)
(34, 15, 56)
(34, 16, 55)
(34, 17, 50)
(34, 18, 44)
(34, 19, 41)
(34, 20, 34)
(34, 21, 30)
(34, 22, 29)
(34, 23, 23)
(34, 24, 22)
(34, 25, 20)
(34, 26, 19)
(34, 27, 18)
(34, 28, 15)
(34, 29, 15)
(34, 30, 15)
(34, 31, 14)
(34, 32, 13)
(34, 33, 9)
(34, 34, 9)
(34, 35, 9)
(34, 36, 9)
(34, 37, 8)
(34, 38, 7)
(34, 39, 6)

(35, 0, 555)
(35, 1, 462)
(35, 2, 404)
(35, 3, 318)
(35, 4, 237)
(35, 5, 189)
(35, 6, 164)
(35, 7, 144)
(35, 8, 129)
(35, 9, 117)
(35, 10, 100)
(35, 11, 90)
(35, 12, 82)
(35, 13, 66)
(35, 14, 66)
(35, 15, 59)
(35, 16, 58)
(35, 17, 53)
(35, 18, 47)
(35, 19, 44)
(35, 20, 36)
(35, 21, 32)
(35, 22, 31)
(35, 23, 25)
(35, 24, 24)
(35, 25, 21)
(35, 26, 20)
(35, 27, 18)
(35, 28, 14)
(35, 29, 14)
(35, 30, 14)
(35, 31, 13)
(35, 32, 12)
(35, 33, 8)
(35, 34, 8)
(35, 35, 7)
(35, 36, 6)
(35, 37, 5)
(35, 38, 5)
(35, 39, 4)

(36, 0, 592)
(36, 1, 491)
(36, 2, 428)
(36, 3, 338)
(36, 4, 251)
(36, 5, 202)
(36, 6, 172)
(36, 7, 151)
(36, 8, 135)
(36, 9, 121)
(36, 10, 101)
(36, 11, 91)
(36, 12, 84)
(36, 13, 68)
(36, 14, 68)
(36, 15, 61)
(36, 16, 60)
(36, 17, 54)
(36, 18, 48)
(36, 19, 45)
(36, 20, 37)
(36, 21, 33)
(36, 22, 31)
(36, 23, 25)
(36, 24, 23)
(36, 25, 21)
(36, 26, 20)
(36, 27, 18)
(36, 28, 13)
(36, 29, 13)
(36, 30, 13)
(36, 31, 12)
(36, 32, 11)
(36, 33, 7)
(36, 34, 7)
(36, 35, 6)
(36, 36, 5)
(36, 37, 4)
(36, 38, 4)
(36, 39, 3)

(37, 0, 614)
(37, 1, 507)
(37, 2, 444)
(37, 3, 351)
(37, 4, 262)
(37, 5, 212)
(37, 6, 180)
(37, 7, 154)
(37, 8, 137)
(37, 9, 121)
(37, 10, 103)
(37, 11, 93)
(37, 12, 86)
(37, 13, 70)
(37, 14, 70)
(37, 15, 63)
(37, 16, 62)
(37, 17, 56)
(37, 18, 50)
(37, 19, 47)
(37, 20, 39)
(37, 21, 35)
(37, 22, 33)
(37, 23, 27)
(37, 24, 24)
(37, 25, 21)
(37, 26, 20)
(37, 27, 18)
(37, 28, 13)
(37, 29, 13)
(37, 30, 13)
(37, 31, 12)
(37, 32, 11)
(37, 33, 7)
(37, 34, 7)
(37, 35, 6)
(37, 36, 5)
(37, 37, 3)
(37, 38, 3)
(37, 39, 2)

(38, 0, 642)
(38, 1, 523)
(38, 2, 459)
(38, 3, 362)
(38, 4, 269)
(38, 5, 219)
(38, 6, 187)
(38, 7, 156)
(38, 8, 139)
(38, 9, 121)
(38, 10, 104)
(38, 11, 94)
(38, 12, 87)
(38, 13, 71)
(38, 14, 71)
(38, 15, 64)
(38, 16, 63)
(38, 17, 57)
(38, 18, 51)
(38, 19, 48)
(38, 20, 40)
(38, 21, 35)
(38, 22, 33)
(38, 23, 27)
(38, 24, 24)
(38, 25, 22)
(38, 26, 21)
(38, 27, 18)
(38, 28, 13)
(38, 29, 13)
(38, 30, 13)
(38, 31, 12)
(38, 32, 11)
(38, 33, 7)
(38, 34, 7)
(38, 35, 6)
(38, 36, 4)
(38, 37, 3)
(38, 38, 3)
(38, 39, 2)

(39, 0, 660)
(39, 1, 529)
(39, 2, 462)
(39, 3, 365)
(39, 4, 271)
(39, 5, 220)
(39, 6, 188)
(39, 7, 155)
(39, 8, 137)
(39, 9, 121)
(39, 10, 104)
(39, 11, 94)
(39, 12, 87)
(39, 13, 71)
(39, 14, 71)
(39, 15, 64)
(39, 16, 63)
(39, 17, 57)
(39, 18, 51)
(39, 19, 48)
(39, 20, 40)
(39, 21, 35)
(39, 22, 33)
(39, 23, 27)
(39, 24, 24)
(39, 25, 22)
(39, 26, 21)
(39, 27, 18)
(39, 28, 12)
(39, 29, 12)
(39, 30, 12)
(39, 31, 11)
(39, 32, 10)
(39, 33, 6)
(39, 34, 6)
(39, 35, 5)
(39, 36, 4)
(39, 37, 3)
(39, 38, 3)
(39, 39, 2)


Betti numbers:
xi_0:
(0, 0, 9)
(1, 0, 9)
(2, 0, 2)
(3, 0, 6)
(4, 0, 13)
(5, 0, 8)
(6, 0, 2)
(10, 0, 1)
(11, 0, 14)
(12, 0, 14)
(13, 0, 4)
(14, 0, 1)
(17, 0, 2)
(18, 0, 5)
(19, 0, 2)
(20, 0, 10)
(21, 0, 11)
(22, 0, 17)
(23, 0, 24)
(24, 0, 30)
(25, 0, 35)
(26, 0, 21)
(27, 0, 20)
(28, 0, 36)
(29, 0, 60)
(30, 0, 11)
(31, 0, 27)
(32, 0, 54)
(33, 0, 53)
(34, 0, 29)
(35, 0, 25)
(36, 0, 37)
(37, 0, 22)
(38, 0, 28)
(39, 0, 18)
xi_1:
(0, 1, 1)
(0, 2, 2)
(0, 3, 1)
(0, 4, 1)
(0, 5, 1)
(0, 12, 1)
(1, 1, 3)
(1, 2, 3)
(1, 3, 1)
(1, 4, 1)
(1, 10, 1)
(2, 9, 1)
(2, 20, 1)
(3, 1, 1)
(3, 3, 1)
(3, 4, 1)
(3, 5, 1)
(3, 6, 1)
(3, 9, 1)
(3, 20, 1)
(4, 1, 4)
(4, 2, 1)
(4, 3, 3)
(4, 5, 2)
(4, 8, 2)
(4, 13, 1)
(4, 22, 1)
(4, 23, 1)
(5, 1, 2)
(5, 3, 1)
(5, 4, 3)
(5, 5, 1)
(5, 13, 1)
(5, 17, 1)
(6, 1, 1)
(6, 4, 2)
(11, 1, 1)
(11, 2, 1)
(11, 3, 1)
(11, 4, 2)
(11, 5, 2)
(11, 6, 3)
(11, 7, 1)
(11, 13, 1)
(11, 20, 1)
(11, 22, 1)
(12, 1, 2)
(12, 2, 1)
(12, 3, 2)
(12, 4, 3)
(12, 5, 3)
(12, 6, 4)
(12, 18, 1)
(13, 7, 3)
(13, 12, 1)
(14, 33, 1)
(17, 21, 1)
(17, 35, 1)
(18, 3, 1)
(18, 5, 1)
(18, 6, 1)
(18, 7, 1)
(18, 30, 1)
(19, 3, 1)
(19, 37, 1)
(20, 1, 1)
(20, 2, 2)
(20, 3, 2)
(20, 4, 1)
(20, 23, 2)
(20, 25, 1)
(21, 1, 1)
(21, 3, 1)
(21, 4, 4)
(21, 5, 1)
(21, 7, 1)
(21, 10, 1)
(21, 13, 1)
(21, 18, 1)
(22, 1, 3)
(22, 2, 1)
(22, 3, 4)
(22, 4, 1)
(22, 7, 1)
(22, 8, 1)
(22, 10, 1)
(22, 12, 1)
(22, 14, 1)
(22, 15, 1)
(22, 18, 1)
(22, 25, 1)
(22, 27, 1)
(22, 31, 1)
(23, 1, 5)
(23, 2, 3)
(23, 3, 6)
(23, 4, 3)
(23, 5, 1)
(23, 7, 1)
(23, 8, 2)
(23, 9, 2)
(23, 11, 2)
(23, 12, 1)
(23, 15, 1)
(23, 25, 3)
(24, 1, 3)
(24, 2, 3)
(24, 3, 2)
(24, 4, 8)
(24, 5, 3)
(24, 7, 3)
(24, 10, 2)
(24, 13, 1)
(24, 20, 1)
(24, 21, 1)
(24, 23, 2)
(24, 24, 1)
(24, 28, 1)
(24, 39, 1)
(25, 1, 6)
(25, 2, 7)
(25, 3, 8)
(25, 4, 6)
(25, 5, 1)
(25, 6, 1)
(25, 8, 1)
(25, 9, 1)
(25, 11, 2)
(25, 19, 1)
(25, 20, 1)
(25, 26, 1)
(26, 1, 2)
(26, 2, 4)
(26, 3, 1)
(26, 4, 2)
(26, 5, 2)
(26, 6, 2)
(26, 7, 2)
(26, 8, 2)
(26, 9, 1)
(26, 10, 2)
(26, 11, 1)
(26, 15, 1)
(26, 17, 1)
(26, 26, 1)
(27, 1, 1)
(27, 2, 1)
(27, 3, 2)
(27, 4, 3)
(27, 5, 2)
(27, 6, 1)
(27, 7, 1)
(27, 8, 2)
(27, 10, 1)
(27, 13, 1)
(27, 18, 1)
(27, 19, 1)
(27, 20, 1)
(27, 22, 1)
(27, 33, 1)
(27, 37, 1)
(28, 1, 9)
(28, 2, 2)
(28, 3, 7)
(28, 4, 4)
(28, 5, 5)
(28, 6, 2)
(28, 8, 1)
(28, 10, 2)
(28, 11, 1)
(28, 15, 3)
(28, 18, 1)
(28, 28, 1)
(28, 33, 1)
(29, 1, 7)
(29, 2, 7)
(29, 3, 14)
(29, 4, 10)
(29, 5, 7)
(29, 6, 2)
(29, 7, 2)
(29, 9, 1)
(29, 10, 1)
(29, 11, 1)
(29, 13, 2)
(29, 15, 1)
(29, 17, 1)
(29, 18, 1)
(29, 20, 1)
(29, 21, 2)
(29, 31, 1)
(29, 33, 1)
(30, 1, 4)
(30, 3, 2)
(30, 4, 2)
(30, 5, 1)
(30, 8, 1)
(30, 9, 1)
(30, 10, 1)
(30, 37, 1)
(31, 1, 5)
(31, 2, 5)
(31, 3, 2)
(31, 4, 6)
(31, 9, 2)
(31, 11, 1)
(31, 12, 2)
(31, 13, 1)
(31, 20, 1)
(31, 23, 2)
(31, 32, 1)
(31, 33, 1)
(32, 1, 11)
(32, 2, 6)
(32, 3, 6)
(32, 4, 8)
(32, 5, 5)
(32, 6, 1)
(32, 7, 2)
(32, 9, 1)
(32, 10, 2)
(32, 11, 2)
(32, 13, 4)
(32, 14, 1)
(32, 15, 1)
(32, 17, 1)
(32, 19, 1)
(32, 20, 1)
(32, 23, 2)
(32, 27, 1)
(32, 38, 1)
(33, 1, 10)
(33, 2, 3)
(33, 3, 12)
(33, 4, 5)
(33, 5, 7)
(33, 6, 5)
(33, 8, 2)
(33, 9, 2)
(33, 10, 5)
(33, 11, 1)
(33, 15, 2)
(33, 16, 1)
(33, 18, 1)
(34, 1, 5)
(34, 2, 2)
(34, 3, 4)
(34, 4, 3)
(34, 5, 1)
(34, 6, 1)
(34, 7, 2)
(34, 9, 2)
(34, 12, 2)
(34, 13, 2)
(34, 17, 1)
(34, 18, 1)
(34, 22, 1)
(34, 26, 1)
(34, 28, 2)
(35, 1, 5)
(35, 2, 4)
(35, 3, 1)
(35, 4, 2)
(35, 5, 2)
(35, 6, 1)
(35, 7, 2)
(35, 8, 1)
(35, 11, 2)
(35, 12, 1)
(35, 13, 2)
(35, 20, 1)
(35, 25, 1)
(35, 27, 1)
(35, 28, 1)
(35, 35, 1)
(35, 36, 1)
(36, 1, 8)
(36, 2, 5)
(36, 3, 4)
(36, 4, 6)
(36, 5, 1)
(36, 6, 5)
(36, 7, 1)
(36, 8, 1)
(36, 9, 2)
(36, 10, 3)
(36, 17, 1)
(36, 22, 1)
(36, 24, 1)
(36, 28, 1)
(37, 1, 6)
(37, 3, 3)
(37, 4, 2)
(37, 5, 1)
(37, 6, 2)
(37, 7, 5)
(37, 8, 1)
(37, 9, 2)
(37, 24, 1)
(37, 25, 1)
(37, 37, 1)
(38, 1, 12)
(38, 2, 1)
(38, 3, 4)
(38, 4, 4)
(38, 7, 5)
(38, 8, 1)
(38, 9, 2)
(38, 21, 1)
(38, 27, 1)
(38, 36, 1)
(39, 1, 12)
(39, 2, 3)
(39, 4, 1)
(39, 5, 1)
(39, 7, 2)
(39, 8, 1)
(39, 28, 1)
xi_2:
(3, 9, 1)
(4, 9, 1)
(5, 22, 1)
(6, 5, 1)
(12, 7, 1)
(12, 22, 1)
(18, 35, 1)
(20, 30, 1)
(21, 23, 1)
(23, 10, 1)
(23, 14, 1)
(23, 15, 1)
(23, 18, 1)
(23, 27, 1)
(23, 31, 1)
(24, 7, 1)
(24, 25, 3)
(26, 11, 1)
(26, 20, 1)
(26, 26, 1)
(27, 11, 1)
(27, 26, 1)
(28, 10, 1)
(28, 22, 1)
(29, 15, 2)
(29, 28, 1)
(29, 37, 1)
(30, 9, 1)
(31, 37, 1)
(32, 12, 1)
(32, 23, 1)
(32, 33, 1)
(33, 11, 1)
(33, 14, 1)
(33, 20, 1)
(33, 23, 1)
(34, 18, 1)
(35, 13, 1)
(35, 38, 1)
(36, 12, 1)
(36, 25, 1)
(37, 10, 2)
(38, 8, 1)
(38, 10, 1)
(38, 25, 1)
(38, 37, 1)
(39, 9, 2)
(39, 36, 1)
