x-grades
-1636857416835819887/1000000000000000000
-798210569740527637/500000000000000000
-1555984862126290661/1000000000000000000
-47360893274110189/31250000000000000
-295022461483352287/200000000000000000
-717338015030998411/500000000000000000
-1394239752707232209/1000000000000000000
-338450868838116899/250000000000000000
-1313367197997702983/1000000000000000000
-127293092064293837/100000000000000000
-1232494643288173757/1000000000000000000
-149007295741676143/125000000000000000
-1151622088578644531/1000000000000000000
-555592905611939959/500000000000000000
-214149906773823061/200000000000000000
-257578314128587673/250000000000000000
-989876979159586079/1000000000000000000
-474720350902410733/500000000000000000
-909004424450056853/1000000000000000000
-10857101838691153/12500000000000000
-828131869740527627/1000000000000000000
-393847796192881507/500000000000000000
-747259315030998401/1000000000000000000
-176705759419058447/250000000000000000
-26655470412858767/40000000000000000
-312975241483352281/500000000000000000
-585514205611939949/1000000000000000000
-68134741032146917/125000000000000000
-504641650902410723/1000000000000000000
-46420537354764611/100000000000000000
-423769096192881497/1000000000000000000
-95833204709529221/250000000000000000
-342896541483352271/1000000000000000000
-151230132064293829/500000000000000000
-52404797354764609/200000000000000000
-865576989918197/3906250000000000
-181151432064293819/1000000000000000000
-70357577354764603/500000000000000000
-100278877354764593/1000000000000000000
-2992129999999999/50000000000000000

y-grades
1981709/8000000
1981709/4000000
5945127/8000000
1981709/2000000
1981709/1600000
5945127/4000000
13871963/8000000
1981709/1000000
17835381/8000000
1981709/800000
21798799/8000000
5945127/2000000
25762217/8000000
13871963/4000000
5945127/1600000
1981709/500000
33689053/8000000
17835381/4000000
37652471/8000000
1981709/400000
41615889/8000000
21798799/4000000
45579307/8000000
5945127/1000000
1981709/320000
25762217/4000000
53506143/8000000
13871963/2000000
57469561/8000000
5945127/800000
61432979/8000000
1981709/250000
65396397/8000000
33689053/4000000
13871963/1600000
17835381/2000000
73323233/8000000
37652471/4000000
77286651/8000000
1981709/200000

Dimensions > 0:
(0, 0, 10)
(0, 1, 10)
(0, 2, 9)
(0, 3, 9)
(0, 4, 5)
(0, 5, 5)
(0, 6, 5)
(0, 7, 5)
(0, 8, 5)
(0, 9, 5)
(0, 10, 5)
(0, 11, 5)
(0, 12, 5)
(0, 13, 5)
(0, 14, 5)
(0, 15, 5)
(0, 16, 5)
(0, 17, 5)
(0, 18, 5)
(0, 19, 4)
(0, 20, 4)
(0, 21, 4)
(0, 22, 4)
(0, 23, 4)
(0, 24, 4)
(0, 25, 4)
(0, 26, 4)
(0, 27, 4)
(0, 28, 4)
(0, 29, 4)
(0, 30, 4)
(0, 31, 4)
(0, 32, 4)
(0, 33, 4)
(0, 34, 4)
(0, 35, 4)
(0, 36, 4)
(0, 37, 4)
(0, 38, 4)
(0, 39, 4)

(1, 0, 19)
(1, 1, 19)
(1, 2, 18)
(1, 3, 18)
(1, 4, 10)
(1, 5, 10)
(1, 6, 10)
(1, 7, 8)
(1, 8, 8)
(1, 9, 8)
(1, 10, 8)
(1, 11, 8)
(1, 12, 8)
(1, 13, 8)
(1, 14, 8)
(1, 15, 8)
(1, 16, 8)
(1, 17, 8)
(1, 18, 8)
(1, 19, 4)
(1, 20, 4)
(1, 21, 4)
(1, 22, 4)
(1, 23, 4)
(1, 24, 4)
(1, 25, 4)
(1, 26, 4)
(1, 27, 4)
(1, 28, 4)
(1, 29, 4)
(1, 30, 4)
(1, 31, 4)
(1, 32, 4)
(1, 33, 4)
(1, 34, 4)
(1, 35, 4)
(1, 36, 4)
(1, 37, 4)
(1, 38, 4)
(1, 39, 4)

(2, 0, 26)
(2, 1, 26)
(2, 2, 24)
(2, 3, 24)
(2, 4, 14)
(2, 5, 14)
(2, 6, 14)
(2, 7, 12)
(2, 8, 12)
(2, 9, 12)
(2, 10, 12)
(2, 11, 12)
(2, 12, 11)
(2, 13, 11)
(2, 14, 11)
(2, 15, 10)
(2, 16, 10)
(2, 17, 10)
(2, 18, 10)
(2, 19, 3)
(2, 20, 3)
(2, 21, 3)
(2, 22, 3)
(2, 23, 3)
(2, 24, 3)
(2, 25, 3)
(2, 26, 3)
(2, 27, 3)
(2, 28, 3)
(2, 29, 3)
(2, 30, 3)
(2, 31, 3)
(2, 32, 3)
(2, 33, 3)
(2, 34, 3)
(2, 35, 3)
(2, 36, 3)
(2, 37, 3)
(2, 38, 3)
(2, 39, 3)

(3, 0, 30)
(3, 1, 30)
(3, 2, 28)
(3, 3, 28)
(3, 4, 18)
(3, 5, 18)
(3, 6, 18)
(3, 7, 14)
(3, 8, 14)
(3, 9, 14)
(3, 10, 14)
(3, 11, 14)
(3, 12, 13)
(3, 13, 13)
(3, 14, 13)
(3, 15, 12)
(3, 16, 11)
(3, 17, 11)
(3, 18, 11)
(3, 19, 4)
(3, 20, 4)
(3, 21, 4)
(3, 22, 4)
(3, 23, 4)
(3, 24, 4)
(3, 25, 4)
(3, 26, 4)
(3, 27, 4)
(3, 28, 4)
(3, 29, 4)
(3, 30, 4)
(3, 31, 4)
(3, 32, 4)
(3, 33, 4)
(3, 34, 4)
(3, 35, 4)
(3, 36, 4)
(3, 37, 4)
(3, 38, 4)
(3, 39, 4)

(4, 0, 32)
(4, 1, 32)
(4, 2, 30)
(4, 3, 30)
(4, 4, 20)
(4, 5, 20)
(4, 6, 20)
(4, 7, 14)
(4, 8, 14)
(4, 9, 14)
(4, 10, 14)
(4, 11, 14)
(4, 12, 13)
(4, 13, 13)
(4, 14, 13)
(4, 15, 12)
(4, 16, 11)
(4, 17, 11)
(4, 18, 11)
(4, 19, 4)
(4, 20, 4)
(4, 21, 4)
(4, 22, 4)
(4, 23, 4)
(4, 24, 4)
(4, 25, 4)
(4, 26, 4)
(4, 27, 4)
(4, 28, 4)
(4, 29, 4)
(4, 30, 4)
(4, 31, 4)
(4, 32, 4)
(4, 33, 4)
(4, 34, 4)
(4, 35, 4)
(4, 36, 4)
(4, 37, 4)
(4, 38, 4)
(4, 39, 4)

(5, 0, 32)
(5, 1, 32)
(5, 2, 30)
(5, 3, 30)
(5, 4, 20)
(5, 5, 20)
(5, 6, 20)
(5, 7, 14)
(5, 8, 14)
(5, 9, 14)
(5, 10, 14)
(5, 11, 14)
(5, 12, 13)
(5, 13, 13)
(5, 14, 13)
(5, 15, 12)
(5, 16, 11)
(5, 17, 11)
(5, 18, 11)
(5, 19, 4)
(5, 20, 4)
(5, 21, 4)
(5, 22, 4)
(5, 23, 4)
(5, 24, 4)
(5, 25, 4)
(5, 26, 4)
(5, 27, 4)
(5, 28, 4)
(5, 29, 4)
(5, 30, 4)
(5, 31, 4)
(5, 32, 4)
(5, 33, 4)
(5, 34, 4)
(5, 35, 4)
(5, 36, 4)
(5, 37, 4)
(5, 38, 4)
(5, 39, 4)

(6, 0, 38)
(6, 1, 38)
(6, 2, 35)
(6, 3, 35)
(6, 4, 24)
(6, 5, 24)
(6, 6, 24)
(6, 7, 18)
(6, 8, 18)
(6, 9, 18)
(6, 10, 18)
(6, 11, 18)
(6, 12, 16)
(6, 13, 16)
(6, 14, 16)
(6, 15, 14)
(6, 16, 13)
(6, 17, 13)
(6, 18, 13)
(6, 19, 6)
(6, 20, 6)
(6, 21, 6)
(6, 22, 6)
(6, 23, 6)
(6, 24, 6)
(6, 25, 6)
(6, 26, 6)
(6, 27, 6)
(6, 28, 6)
(6, 29, 6)
(6, 30, 6)
(6, 31, 6)
(6, 32, 6)
(6, 33, 6)
(6, 34, 6)
(6, 35, 6)
(6, 36, 4)
(6, 37, 4)
(6, 38, 4)
(6, 39, 4)

(7, 0, 43)
(7, 1, 43)
(7, 2, 39)
(7, 3, 39)
(7, 4, 27)
(7, 5, 27)
(7, 6, 27)
(7, 7, 18)
(7, 8, 18)
(7, 9, 18)
(7, 10, 18)
(7, 11, 18)
(7, 12, 16)
(7, 13, 16)
(7, 14, 16)
(7, 15, 14)
(7, 16, 13)
(7, 17, 13)
(7, 18, 13)
(7, 19, 6)
(7, 20, 6)
(7, 21, 6)
(7, 22, 6)
(7, 23, 6)
(7, 24, 6)
(7, 25, 6)
(7, 26, 6)
(7, 27, 6)
(7, 28, 6)
(7, 29, 6)
(7, 30, 6)
(7, 31, 6)
(7, 32, 6)
(7, 33, 6)
(7, 34, 6)
(7, 35, 6)
(7, 36, 4)
(7, 37, 4)
(7, 38, 4)
(7, 39, 4)

(8, 0, 44)
(8, 1, 44)
(8, 2, 40)
(8, 3, 40)
(8, 4, 28)
(8, 5, 28)
(8, 6, 28)
(8, 7, 18)
(8, 8, 18)
(8, 9, 18)
(8, 10, 18)
(8, 11, 18)
(8, 12, 16)
(8, 13, 16)
(8, 14, 16)
(8, 15, 14)
(8, 16, 13)
(8, 17, 13)
(8, 18, 13)
(8, 19, 6)
(8, 20, 6)
(8, 21, 6)
(8, 22, 6)
(8, 23, 6)
(8, 24, 6)
(8, 25, 6)
(8, 26, 6)
(8, 27, 6)
(8, 28, 6)
(8, 29, 6)
(8, 30, 6)
(8, 31, 6)
(8, 32, 6)
(8, 33, 6)
(8, 34, 6)
(8, 35, 6)
(8, 36, 4)
(8, 37, 4)
(8, 38, 4)
(8, 39, 4)

(9, 0, 44)
(9, 1, 44)
(9, 2, 40)
(9, 3, 40)
(9, 4, 28)
(9, 5, 28)
(9, 6, 28)
(9, 7, 18)
(9, 8, 18)
(9, 9, 18)
(9, 10, 18)
(9, 11, 18)
(9, 12, 16)
(9, 13, 16)
(9, 14, 16)
(9, 15, 14)
(9, 16, 13)
(9, 17, 13)
(9, 18, 13)
(9, 19, 6)
(9, 20, 6)
(9, 21, 6)
(9, 22, 6)
(9, 23, 6)
(9, 24, 6)
(9, 25, 6)
(9, 26, 6)
(9, 27, 6)
(9, 28, 6)
(9, 29, 6)
(9, 30, 6)
(9, 31, 6)
(9, 32, 6)
(9, 33, 6)
(9, 34, 6)
(9, 35, 6)
(9, 36, 4)
(9, 37, 4)
(9, 38, 4)
(9, 39, 4)

(10, 0, 46)
(10, 1, 46)
(10, 2, 42)
(10, 3, 42)
(10, 4, 30)
(10, 5, 30)
(10, 6, 30)
(10, 7, 20)
(10, 8, 20)
(10, 9, 20)
(10, 10, 20)
(10, 11, 20)
(10, 12, 18)
(10, 13, 18)
(10, 14, 18)
(10, 15, 16)
(10, 16, 14)
(10, 17, 14)
(10, 18, 14)
(10, 19, 7)
(10, 20, 7)
(10, 21, 7)
(10, 22, 7)
(10, 23, 7)
(10, 24, 7)
(10, 25, 7)
(10, 26, 7)
(10, 27, 7)
(10, 28, 7)
(10, 29, 7)
(10, 30, 7)
(10, 31, 7)
(10, 32, 7)
(10, 33, 7)
(10, 34, 7)
(10, 35, 7)
(10, 36, 5)
(10, 37, 5)
(10, 38, 5)
(10, 39, 5)

(11, 0, 48)
(11, 1, 48)
(11, 2, 44)
(11, 3, 44)
(11, 4, 32)
(11, 5, 32)
(11, 6, 32)
(11, 7, 20)
(11, 8, 20)
(11, 9, 20)
(11, 10, 20)
(11, 11, 20)
(11, 12, 18)
(11, 13, 18)
(11, 14, 18)
(11, 15, 16)
(11, 16, 14)
(11, 17, 14)
(11, 18, 14)
(11, 19, 7)
(11, 20, 7)
(11, 21, 7)
(11, 22, 7)
(11, 23, 7)
(11, 24, 7)
(11, 25, 7)
(11, 26, 7)
(11, 27, 7)
(11, 28, 7)
(11, 29, 7)
(11, 30, 7)
(11, 31, 7)
(11, 32, 7)
(11, 33, 7)
(11, 34, 7)
(11, 35, 7)
(11, 36, 5)
(11, 37, 5)
(11, 38, 5)
(11, 39, 5)

(12, 0, 48)
(12, 1, 48)
(12, 2, 44)
(12, 3, 44)
(12, 4, 32)
(12, 5, 32)
(12, 6, 32)
(12, 7, 20)
(12, 8, 20)
(12, 9, 20)
(12, 10, 20)
(12, 11, 20)
(12, 12, 18)
(12, 13, 18)
(12, 14, 18)
(12, 15, 16)
(12, 16, 14)
(12, 17, 14)
(12, 18, 14)
(12, 19, 7)
(12, 20, 7)
(12, 21, 7)
(12, 22, 7)
(12, 23, 7)
(12, 24, 7)
(12, 25, 7)
(12, 26, 7)
(12, 27, 7)
(12, 28, 7)
(12, 29, 7)
(12, 30, 7)
(12, 31, 7)
(12, 32, 7)
(12, 33, 7)
(12, 34, 7)
(12, 35, 7)
(12, 36, 5)
(12, 37, 5)
(12, 38, 5)
(12, 39, 5)

(13, 0, 48)
(13, 1, 48)
(13, 2, 44)
(13, 3, 44)
(13, 4, 32)
(13, 5, 32)
(13, 6, 32)
(13, 7, 20)
(13, 8, 20)
(13, 9, 20)
(13, 10, 20)
(13, 11, 20)
(13, 12, 18)
(13, 13, 18)
(13, 14, 18)
(13, 15, 16)
(13, 16, 14)
(13, 17, 14)
(13, 18, 14)
(13, 19, 7)
(13, 20, 7)
(13, 21, 7)
(13, 22, 7)
(13, 23, 7)
(13, 24, 7)
(13, 25, 7)
(13, 26, 7)
(13, 27, 7)
(13, 28, 7)
(13, 29, 7)
(13, 30, 7)
(13, 31, 7)
(13, 32, 7)
(13, 33, 7)
(13, 34, 7)
(13, 35, 7)
(13, 36, 5)
(13, 37, 5)
(13, 38, 5)
(13, 39, 5)

(14, 0, 48)
(14, 1, 48)
(14, 2, 44)
(14, 3, 44)
(14, 4, 32)
(14, 5, 32)
(14, 6, 32)
(14, 7, 20)
(14, 8, 20)
(14, 9, 20)
(14, 10, 20)
(14, 11, 20)
(14, 12, 18)
(14, 13, 18)
(14, 14, 18)
(14, 15, 16)
(14, 16, 14)
(14, 17, 14)
(14, 18, 14)
(14, 19, 7)
(14, 20, 7)
(14, 21, 7)
(14, 22, 7)
(14, 23, 7)
(14, 24, 7)
(14, 25, 7)
(14, 26, 7)
(14, 27, 7)
(14, 28, 7)
(14, 29, 7)
(14, 30, 7)
(14, 31, 7)
(14, 32, 7)
(14, 33, 7)
(14, 34, 7)
(14, 35, 7)
(14, 36, 5)
(14, 37, 5)
(14, 38, 5)
(14, 39, 5)

(15, 0, 48)
(15, 1, 48)
(15, 2, 44)
(15, 3, 44)
(15, 4, 32)
(15, 5, 32)
(15, 6, 32)
(15, 7, 20)
(15, 8, 20)
(15, 9, 20)
(15, 10, 20)
(15, 11, 20)
(15, 12, 18)
(15, 13, 18)
(15, 14, 18)
(15, 15, 16)
(15, 16, 14)
(15, 17, 14)
(15, 18, 14)
(15, 19, 7)
(15, 20, 7)
(15, 21, 7)
(15, 22, 7)
(15, 23, 7)
(15, 24, 7)
(15, 25, 7)
(15, 26, 7)
(15, 27, 7)
(15, 28, 7)
(15, 29, 7)
(15, 30, 7)
(15, 31, 7)
(15, 32, 7)
(15, 33, 7)
(15, 34, 7)
(15, 35, 7)
(15, 36, 5)
(15, 37, 5)
(15, 38, 5)
(15, 39, 5)

(16, 0, 52)
(16, 1, 52)
(16, 2, 48)
(16, 3, 48)
(16, 4, 36)
(16, 5, 36)
(16, 6, 36)
(16, 7, 22)
(16, 8, 22)
(16, 9, 22)
(16, 10, 22)
(16, 11, 22)
(16, 12, 20)
(16, 13, 20)
(16, 14, 20)
(16, 15, 18)
(16, 16, 16)
(16, 17, 16)
(16, 18, 16)
(16, 19, 9)
(16, 20, 9)
(16, 21, 9)
(16, 22, 9)
(16, 23, 9)
(16, 24, 9)
(16, 25, 9)
(16, 26, 9)
(16, 27, 9)
(16, 28, 9)
(16, 29, 9)
(16, 30, 9)
(16, 31, 9)
(16, 32, 9)
(16, 33, 9)
(16, 34, 9)
(16, 35, 9)
(16, 36, 7)
(16, 37, 7)
(16, 38, 7)
(16, 39, 7)

(17, 0, 56)
(17, 1, 56)
(17, 2, 50)
(17, 3, 50)
(17, 4, 36)
(17, 5, 36)
(17, 6, 36)
(17, 7, 22)
(17, 8, 22)
(17, 9, 22)
(17, 10, 22)
(17, 11, 22)
(17, 12, 20)
(17, 13, 20)
(17, 14, 20)
(17, 15, 18)
(17, 16, 16)
(17, 17, 16)
(17, 18, 16)
(17, 19, 9)
(17, 20, 9)
(17, 21, 9)
(17, 22, 9)
(17, 23, 9)
(17, 24, 9)
(17, 25, 9)
(17, 26, 9)
(17, 27, 9)
(17, 28, 9)
(17, 29, 9)
(17, 30, 9)
(17, 31, 9)
(17, 32, 9)
(17, 33, 9)
(17, 34, 9)
(17, 35, 9)
(17, 36, 7)
(17, 37, 7)
(17, 38, 7)
(17, 39, 7)

(18, 0, 56)
(18, 1, 56)
(18, 2, 50)
(18, 3, 50)
(18, 4, 36)
(18, 5, 36)
(18, 6, 36)
(18, 7, 22)
(18, 8, 22)
(18, 9, 22)
(18, 10, 22)
(18, 11, 22)
(18, 12, 20)
(18, 13, 20)
(18, 14, 20)
(18, 15, 18)
(18, 16, 16)
(18, 17, 16)
(18, 18, 16)
(18, 19, 9)
(18, 20, 9)
(18, 21, 9)
(18, 22, 9)
(18, 23, 9)
(18, 24, 9)
(18, 25, 9)
(18, 26, 9)
(18, 27, 9)
(18, 28, 9)
(18, 29, 9)
(18, 30, 9)
(18, 31, 9)
(18, 32, 9)
(18, 33, 9)
(18, 34, 9)
(18, 35, 9)
(18, 36, 7)
(18, 37, 7)
(18, 38, 7)
(18, 39, 7)

(19, 0, 58)
(19, 1, 58)
(19, 2, 52)
(19, 3, 52)
(19, 4, 38)
(19, 5, 38)
(19, 6, 38)
(19, 7, 23)
(19, 8, 23)
(19, 9, 23)
(19, 10, 23)
(19, 11, 23)
(19, 12, 20)
(19, 13, 20)
(19, 14, 20)
(19, 15, 18)
(19, 16, 16)
(19, 17, 16)
(19, 18, 16)
(19, 19, 9)
(19, 20, 9)
(19, 21, 9)
(19, 22, 9)
(19, 23, 9)
(19, 24, 9)
(19, 25, 9)
(19, 26, 9)
(19, 27, 9)
(19, 28, 9)
(19, 29, 9)
(19, 30, 9)
(19, 31, 9)
(19, 32, 9)
(19, 33, 9)
(19, 34, 9)
(19, 35, 9)
(19, 36, 7)
(19, 37, 7)
(19, 38, 7)
(19, 39, 7)

(20, 0, 64)
(20, 1, 64)
(20, 2, 58)
(20, 3, 58)
(20, 4, 44)
(20, 5, 44)
(20, 6, 44)
(20, 7, 26)
(20, 8, 26)
(20, 9, 26)
(20, 10, 26)
(20, 11, 26)
(20, 12, 23)
(20, 13, 23)
(20, 14, 23)
(20, 15, 20)
(20, 16, 17)
(20, 17, 17)
(20, 18, 17)
(20, 19, 10)
(20, 20, 10)
(20, 21, 10)
(20, 22, 10)
(20, 23, 10)
(20, 24, 10)
(20, 25, 10)
(20, 26, 10)
(20, 27, 10)
(20, 28, 10)
(20, 29, 10)
(20, 30, 10)
(20, 31, 10)
(20, 32, 10)
(20, 33, 10)
(20, 34, 10)
(20, 35, 10)
(20, 36, 8)
(20, 37, 8)
(20, 38, 8)
(20, 39, 8)

(21, 0, 64)
(21, 1, 64)
(21, 2, 58)
(21, 3, 58)
(21, 4, 44)
(21, 5, 44)
(21, 6, 44)
(21, 7, 26)
(21, 8, 26)
(21, 9, 26)
(21, 10, 26)
(21, 11, 26)
(21, 12, 23)
(21, 13, 23)
(21, 14, 23)
(21, 15, 20)
(21, 16, 17)
(21, 17, 17)
(21, 18, 17)
(21, 19, 10)
(21, 20, 10)
(21, 21, 10)
(21, 22, 10)
(21, 23, 10)
(21, 24, 10)
(21, 25, 10)
(21, 26, 10)
(21, 27, 10)
(21, 28, 10)
(21, 29, 10)
(21, 30, 10)
(21, 31, 10)
(21, 32, 10)
(21, 33, 10)
(21, 34, 10)
(21, 35, 10)
(21, 36, 8)
(21, 37, 8)
(21, 38, 8)
(21, 39, 8)

(22, 0, 64)
(22, 1, 64)
(22, 2, 58)
(22, 3, 58)
(22, 4, 44)
(22, 5, 44)
(22, 6, 44)
(22, 7, 26)
(22, 8, 26)
(22, 9, 26)
(22, 10, 26)
(22, 11, 26)
(22, 12, 23)
(22, 13, 23)
(22, 14, 23)
(22, 15, 20)
(22, 16, 17)
(22, 17, 17)
(22, 18, 17)
(22, 19, 10)
(22, 20, 10)
(22, 21, 10)
(22, 22, 10)
(22, 23, 10)
(22, 24, 10)
(22, 25, 10)
(22, 26, 10)
(22, 27, 10)
(22, 28, 10)
(22, 29, 10)
(22, 30, 10)
(22, 31, 10)
(22, 32, 10)
(22, 33, 10)
(22, 34, 10)
(22, 35, 10)
(22, 36, 8)
(22, 37, 8)
(22, 38, 8)
(22, 39, 8)

(23, 0, 64)
(23, 1, 64)
(23, 2, 58)
(23, 3, 58)
(23, 4, 44)
(23, 5, 44)
(23, 6, 44)
(23, 7, 26)
(23, 8, 26)
(23, 9, 26)
(23, 10, 26)
(23, 11, 26)
(23, 12, 23)
(23, 13, 23)
(23, 14, 23)
(23, 15, 20)
(23, 16, 17)
(23, 17, 17)
(23, 18, 17)
(23, 19, 10)
(23, 20, 10)
(23, 21, 10)
(23, 22, 10)
(23, 23, 10)
(23, 24, 10)
(23, 25, 10)
(23, 26, 10)
(23, 27, 10)
(23, 28, 10)
(23, 29, 10)
(23, 30, 10)
(23, 31, 10)
(23, 32, 10)
(23, 33, 10)
(23, 34, 10)
(23, 35, 10)
(23, 36, 8)
(23, 37, 8)
(23, 38, 8)
(23, 39, 8)

(24, 0, 66)
(24, 1, 66)
(24, 2, 60)
(24, 3, 60)
(24, 4, 45)
(24, 5, 45)
(24, 6, 45)
(24, 7, 27)
(24, 8, 27)
(24, 9, 27)
(24, 10, 27)
(24, 11, 27)
(24, 12, 24)
(24, 13, 24)
(24, 14, 24)
(24, 15, 21)
(24, 16, 18)
(24, 17, 18)
(24, 18, 18)
(24, 19, 11)
(24, 20, 11)
(24, 21, 11)
(24, 22, 11)
(24, 23, 11)
(24, 24, 11)
(24, 25, 11)
(24, 26, 11)
(24, 27, 11)
(24, 28, 11)
(24, 29, 11)
(24, 30, 11)
(24, 31, 11)
(24, 32, 11)
(24, 33, 11)
(24, 34, 11)
(24, 35, 11)
(24, 36, 9)
(24, 37, 9)
(24, 38, 9)
(24, 39, 9)

(25, 0, 68)
(25, 1, 68)
(25, 2, 62)
(25, 3, 62)
(25, 4, 46)
(25, 5, 46)
(25, 6, 46)
(25, 7, 28)
(25, 8, 28)
(25, 9, 28)
(25, 10, 28)
(25, 11, 28)
(25, 12, 25)
(25, 13, 25)
(25, 14, 25)
(25, 15, 22)
(25, 16, 19)
(25, 17, 19)
(25, 18, 19)
(25, 19, 12)
(25, 20, 12)
(25, 21, 12)
(25, 22, 12)
(25, 23, 12)
(25, 24, 12)
(25, 25, 12)
(25, 26, 12)
(25, 27, 12)
(25, 28, 12)
(25, 29, 12)
(25, 30, 12)
(25, 31, 12)
(25, 32, 12)
(25, 33, 12)
(25, 34, 12)
(25, 35, 12)
(25, 36, 10)
(25, 37, 10)
(25, 38, 10)
(25, 39, 10)

(26, 0, 68)
(26, 1, 68)
(26, 2, 62)
(26, 3, 62)
(26, 4, 46)
(26, 5, 46)
(26, 6, 46)
(26, 7, 28)
(26, 8, 28)
(26, 9, 28)
(26, 10, 28)
(26, 11, 28)
(26, 12, 25)
(26, 13, 25)
(26, 14, 25)
(26, 15, 22)
(26, 16, 19)
(26, 17, 19)
(26, 18, 19)
(26, 19, 12)
(26, 20, 12)
(26, 21, 12)
(26, 22, 12)
(26, 23, 12)
(26, 24, 12)
(26, 25, 12)
(26, 26, 12)
(26, 27, 12)
(26, 28, 12)
(26, 29, 12)
(26, 30, 12)
(26, 31, 12)
(26, 32, 12)
(26, 33, 12)
(26, 34, 12)
(26, 35, 12)
(26, 36, 10)
(26, 37, 10)
(26, 38, 10)
(26, 39, 10)

(27, 0, 72)
(27, 1, 72)
(27, 2, 66)
(27, 3, 66)
(27, 4, 48)
(27, 5, 48)
(27, 6, 48)
(27, 7, 30)
(27, 8, 30)
(27, 9, 30)
(27, 10, 30)
(27, 11, 30)
(27, 12, 27)
(27, 13, 27)
(27, 14, 27)
(27, 15, 24)
(27, 16, 21)
(27, 17, 21)
(27, 18, 21)
(27, 19, 12)
(27, 20, 12)
(27, 21, 12)
(27, 22, 12)
(27, 23, 12)
(27, 24, 12)
(27, 25, 12)
(27, 26, 12)
(27, 27, 12)
(27, 28, 12)
(27, 29, 12)
(27, 30, 12)
(27, 31, 12)
(27, 32, 12)
(27, 33, 12)
(27, 34, 12)
(27, 35, 12)
(27, 36, 10)
(27, 37, 10)
(27, 38, 10)
(27, 39, 10)

(28, 0, 80)
(28, 1, 80)
(28, 2, 73)
(28, 3, 73)
(28, 4, 53)
(28, 5, 53)
(28, 6, 53)
(28, 7, 33)
(28, 8, 33)
(28, 9, 33)
(28, 10, 33)
(28, 11, 33)
(28, 12, 29)
(28, 13, 29)
(28, 14, 29)
(28, 15, 26)
(28, 16, 23)
(28, 17, 23)
(28, 18, 23)
(28, 19, 14)
(28, 20, 14)
(28, 21, 14)
(28, 22, 14)
(28, 23, 14)
(28, 24, 14)
(28, 25, 14)
(28, 26, 14)
(28, 27, 14)
(28, 28, 14)
(28, 29, 14)
(28, 30, 14)
(28, 31, 14)
(28, 32, 14)
(28, 33, 14)
(28, 34, 14)
(28, 35, 14)
(28, 36, 12)
(28, 37, 12)
(28, 38, 12)
(28, 39, 12)

(29, 0, 87)
(29, 1, 87)
(29, 2, 79)
(29, 3, 79)
(29, 4, 57)
(29, 5, 57)
(29, 6, 57)
(29, 7, 36)
(29, 8, 36)
(29, 9, 36)
(29, 10, 36)
(29, 11, 36)
(29, 12, 32)
(29, 13, 32)
(29, 14, 32)
(29, 15, 28)
(29, 16, 25)
(29, 17, 25)
(29, 18, 25)
(29, 19, 14)
(29, 20, 14)
(29, 21, 14)
(29, 22, 14)
(29, 23, 14)
(29, 24, 14)
(29, 25, 14)
(29, 26, 14)
(29, 27, 14)
(29, 28, 14)
(29, 29, 14)
(29, 30, 14)
(29, 31, 14)
(29, 32, 14)
(29, 33, 14)
(29, 34, 14)
(29, 35, 14)
(29, 36, 12)
(29, 37, 12)
(29, 38, 12)
(29, 39, 12)

(30, 0, 92)
(30, 1, 92)
(30, 2, 84)
(30, 3, 84)
(30, 4, 60)
(30, 5, 60)
(30, 6, 60)
(30, 7, 38)
(30, 8, 38)
(30, 9, 38)
(30, 10, 38)
(30, 11, 38)
(30, 12, 34)
(30, 13, 34)
(30, 14, 34)
(30, 15, 30)
(30, 16, 27)
(30, 17, 27)
(30, 18, 27)
(30, 19, 13)
(30, 20, 13)
(30, 21, 13)
(30, 22, 13)
(30, 23, 13)
(30, 24, 13)
(30, 25, 13)
(30, 26, 13)
(30, 27, 13)
(30, 28, 13)
(30, 29, 13)
(30, 30, 13)
(30, 31, 13)
(30, 32, 13)
(30, 33, 13)
(30, 34, 13)
(30, 35, 13)
(30, 36, 11)
(30, 37, 11)
(30, 38, 11)
(30, 39, 11)

(31, 0, 92)
(31, 1, 92)
(31, 2, 84)
(31, 3, 84)
(31, 4, 60)
(31, 5, 60)
(31, 6, 60)
(31, 7, 38)
(31, 8, 38)
(31, 9, 38)
(31, 10, 38)
(31, 11, 38)
(31, 12, 34)
(31, 13, 34)
(31, 14, 34)
(31, 15, 30)
(31, 16, 27)
(31, 17, 27)
(31, 18, 27)
(31, 19, 13)
(31, 20, 13)
(31, 21, 13)
(31, 22, 13)
(31, 23, 13)
(31, 24, 13)
(31, 25, 13)
(31, 26, 13)
(31, 27, 13)
(31, 28, 13)
(31, 29, 13)
(31, 30, 13)
(31, 31, 13)
(31, 32, 13)
(31, 33, 13)
(31, 34, 13)
(31, 35, 13)
(31, 36, 11)
(31, 37, 11)
(31, 38, 11)
(31, 39, 11)

(32, 0, 92)
(32, 1, 92)
(32, 2, 84)
(32, 3, 84)
(32, 4, 60)
(32, 5, 60)
(32, 6, 60)
(32, 7, 38)
(32, 8, 38)
(32, 9, 38)
(32, 10, 38)
(32, 11, 38)
(32, 12, 34)
(32, 13, 34)
(32, 14, 34)
(32, 15, 30)
(32, 16, 27)
(32, 17, 27)
(32, 18, 27)
(32, 19, 13)
(32, 20, 13)
(32, 21, 13)
(32, 22, 13)
(32, 23, 13)
(32, 24, 13)
(32, 25, 13)
(32, 26, 13)
(32, 27, 13)
(32, 28, 13)
(32, 29, 13)
(32, 30, 13)
(32, 31, 13)
(32, 32, 13)
(32, 33, 13)
(32, 34, 13)
(32, 35, 13)
(32, 36, 11)
(32, 37, 11)
(32, 38, 11)
(32, 39, 11)

(33, 0, 92)
(33, 1, 92)
(33, 2, 84)
(33, 3, 84)
(33, 4, 60)
(33, 5, 60)
(33, 6, 60)
(33, 7, 38)
(33, 8, 38)
(33, 9, 38)
(33, 10, 38)
(33, 11, 38)
(33, 12, 34)
(33, 13, 34)
(33, 14, 34)
(33, 15, 30)
(33, 16, 27)
(33, 17, 27)
(33, 18, 27)
(33, 19, 13)
(33, 20, 13)
(33, 21, 13)
(33, 22, 13)
(33, 23, 13)
(33, 24, 13)
(33, 25, 13)
(33, 26, 13)
(33, 27, 13)
(33, 28, 13)
(33, 29, 13)
(33, 30, 13)
(33, 31, 13)
(33, 32, 13)
(33, 33, 13)
(33, 34, 13)
(33, 35, 13)
(33, 36, 11)
(33, 37, 11)
(33, 38, 11)
(33, 39, 11)

(34, 0, 92)
(34, 1, 92)
(34, 2, 84)
(34, 3, 84)
(34, 4, 60)
(34, 5, 60)
(34, 6, 60)
(34, 7, 38)
(34, 8, 38)
(34, 9, 38)
(34, 10, 38)
(34, 11, 38)
(34, 12, 34)
(34, 13, 34)
(34, 14, 34)
(34, 15, 30)
(34, 16, 27)
(34, 17, 27)
(34, 18, 27)
(34, 19, 13)
(34, 20, 13)
(34, 21, 13)
(34, 22, 13)
(34, 23, 13)
(34, 24, 13)
(34, 25, 13)
(34, 26, 13)
(34, 27, 13)
(34, 28, 13)
(34, 29, 13)
(34, 30, 13)
(34, 31, 13)
(34, 32, 13)
(34, 33, 13)
(34, 34, 13)
(34, 35, 13)
(34, 36, 11)
(34, 37, 11)
(34, 38, 11)
(34, 39, 11)

(35, 0, 92)
(35, 1, 92)
(35, 2, 84)
(35, 3, 84)
(35, 4, 60)
(35, 5, 60)
(35, 6, 60)
(35, 7, 38)
(35, 8, 38)
(35, 9, 38)
(35, 10, 38)
(35, 11, 38)
(35, 12, 34)
(35, 13, 34)
(35, 14, 34)
(35, 15, 30)
(35, 16, 27)
(35, 17, 27)
(35, 18, 27)
(35, 19, 13)
(35, 20, 13)
(35, 21, 13)
(35, 22, 13)
(35, 23, 13)
(35, 24, 13)
(35, 25, 13)
(35, 26, 13)
(35, 27, 13)
(35, 28, 13)
(35, 29, 13)
(35, 30, 13)
(35, 31, 13)
(35, 32, 13)
(35, 33, 13)
(35, 34, 13)
(35, 35, 13)
(35, 36, 11)
(35, 37, 11)
(35, 38, 11)
(35, 39, 11)

(36, 0, 92)
(36, 1, 92)
(36, 2, 84)
(36, 3, 84)
(36, 4, 60)
(36, 5, 60)
(36, 6, 60)
(36, 7, 38)
(36, 8, 38)
(36, 9, 38)
(36, 10, 38)
(36, 11, 38)
(36, 12, 34)
(36, 13, 34)
(36, 14, 34)
(36, 15, 30)
(36, 16, 27)
(36, 17, 27)
(36, 18, 27)
(36, 19, 13)
(36, 20, 13)
(36, 21, 13)
(36, 22, 13)
(36, 23, 13)
(36, 24, 13)
(36, 25, 13)
(36, 26, 13)
(36, 27, 13)
(36, 28, 13)
(36, 29, 13)
(36, 30, 13)
(36, 31, 13)
(36, 32, 13)
(36, 33, 13)
(36, 34, 13)
(36, 35, 13)
(36, 36, 11)
(36, 37, 11)
(36, 38, 11)
(36, 39, 11)

(37, 0, 92)
(37, 1, 92)
(37, 2, 84)
(37, 3, 84)
(37, 4, 60)
(37, 5, 60)
(37, 6, 60)
(37, 7, 38)
(37, 8, 38)
(37, 9, 38)
(37, 10, 38)
(37, 11, 38)
(37, 12, 34)
(37, 13, 34)
(37, 14, 34)
(37, 15, 30)
(37, 16, 27)
(37, 17, 27)
(37, 18, 27)
(37, 19, 13)
(37, 20, 13)
(37, 21, 13)
(37, 22, 13)
(37, 23, 13)
(37, 24, 13)
(37, 25, 13)
(37, 26, 13)
(37, 27, 13)
(37, 28, 13)
(37, 29, 13)
(37, 30, 13)
(37, 31, 13)
(37, 32, 13)
(37, 33, 13)
(37, 34, 13)
(37, 35, 13)
(37, 36, 11)
(37, 37, 11)
(37, 38, 11)
(37, 39, 11)

(38, 0, 93)
(38, 1, 93)
(38, 2, 85)
(38, 3, 85)
(38, 4, 61)
(38, 5, 61)
(38, 6, 61)
(38, 7, 39)
(38, 8, 39)
(38, 9, 39)
(38, 10, 39)
(38, 11, 39)
(38, 12, 35)
(38, 13, 35)
(38, 14, 35)
(38, 15, 31)
(38, 16, 28)
(38, 17, 28)
(38, 18, 28)
(38, 19, 14)
(38, 20, 14)
(38, 21, 14)
(38, 22, 14)
(38, 23, 14)
(38, 24, 14)
(38, 25, 14)
(38, 26, 14)
(38, 27, 14)
(38, 28, 14)
(38, 29, 14)
(38, 30, 14)
(38, 31, 14)
(38, 32, 14)
(38, 33, 14)
(38, 34, 14)
(38, 35, 14)
(38, 36, 12)
(38, 37, 12)
(38, 38, 12)
(38, 39, 12)

(39, 0, 96)
(39, 1, 96)
(39, 2, 88)
(39, 3, 88)
(39, 4, 64)
(39, 5, 64)
(39, 6, 64)
(39, 7, 40)
(39, 8, 40)
(39, 9, 40)
(39, 10, 40)
(39, 11, 40)
(39, 12, 36)
(39, 13, 36)
(39, 14, 36)
(39, 15, 32)
(39, 16, 28)
(39, 17, 28)
(39, 18, 28)
(39, 19, 14)
(39, 20, 14)
(39, 21, 14)
(39, 22, 14)
(39, 23, 14)
(39, 24, 14)
(39, 25, 14)
(39, 26, 14)
(39, 27, 14)
(39, 28, 14)
(39, 29, 14)
(39, 30, 14)
(39, 31, 14)
(39, 32, 14)
(39, 33, 14)
(39, 34, 14)
(39, 35, 14)
(39, 36, 12)
(39, 37, 12)
(39, 38, 12)
(39, 39, 12)


Betti numbers:
xi_0:
(0, 0, 10)
(1, 0, 9)
(2, 0, 7)
(3, 0, 4)
(4, 0, 2)
(6, 0, 6)
(7, 0, 5)
(8, 0, 1)
(10, 0, 2)
(11, 0, 2)
(16, 0, 4)
(17, 0, 4)
(19, 0, 2)
(20, 0, 6)
(24, 0, 2)
(25, 0, 2)
(27, 0, 4)
(28, 0, 8)
(29, 0, 7)
(30, 0, 5)
(38, 0, 1)
(39, 0, 3)
xi_1:
(0, 2, 1)
(0, 4, 4)
(0, 19, 1)
(1, 4, 4)
(1, 7, 2)
(1, 19, 3)
(2, 2, 1)
(2, 4, 2)
(2, 12, 1)
(2, 15, 1)
(2, 19, 3)
(3, 7, 2)
(3, 16, 1)
(4, 7, 2)
(6, 2, 1)
(6, 4, 1)
(6, 12, 1)
(6, 15, 1)
(6, 36, 2)
(7, 2, 1)
(7, 4, 1)
(7, 7, 3)
(8, 7, 1)
(10, 16, 1)
(11, 7, 2)
(16, 7, 2)
(17, 2, 2)
(17, 4, 2)
(19, 7, 1)
(19, 12, 1)
(20, 7, 3)
(20, 15, 1)
(20, 16, 1)
(24, 4, 1)
(25, 4, 1)
(27, 4, 2)
(27, 19, 2)
(28, 2, 1)
(28, 4, 2)
(28, 7, 2)
(28, 12, 1)
(29, 2, 1)
(29, 4, 2)
(29, 7, 1)
(29, 15, 1)
(29, 19, 2)
(30, 4, 2)
(30, 7, 1)
(30, 19, 3)
(39, 7, 2)
(39, 16, 1)
xi_2:
