x-grades
-771232197794239521/800000000000000000
-377654773783589201/400000000000000000
-739386897340117283/800000000000000000
-180866061778264041/200000000000000000
-141508319377199009/160000000000000000
-345809473329466963/400000000000000000
-675696296431872807/800000000000000000
-82471705775601461/100000000000000000
-643850995977750569/800000000000000000
-12558566915013789/16000000000000000
-612005695523628331/800000000000000000
-149020761324141803/200000000000000000
-580160395069506093/800000000000000000
-282118872421222487/400000000000000000
-109663018923076771/160000000000000000
-33274527774270171/50000000000000000
-516469794161261617/800000000000000000
-250273571967100249/400000000000000000
-484624493707139379/800000000000000000
-23435092174003913/40000000000000000
-452779193253017141/800000000000000000
-218428271512978011/400000000000000000
-420933892798894903/800000000000000000
-50626405321479223/100000000000000000
-77817718468954533/160000000000000000
-186582971058855773/400000000000000000
-357243291890650427/800000000000000000
-85330160415897327/200000000000000000
-325397991436528189/800000000000000000
-30947534120946707/80000000000000000
-293552690982405951/800000000000000000
-4337969386802263/12500000000000000
-261707390528283713/800000000000000000
-122892370150611297/400000000000000000
-9194483602966459/32000000000000000
-53484859961775089/200000000000000000
-198016789620039237/800000000000000000
-91047069696489059/400000000000000000
-166171489165916999/800000000000000000
-3756220973471397/20000000000000000

y-grades
9991069/40000000
9991069/20000000
29973207/40000000
9991069/10000000
9991069/8000000
29973207/20000000
69937483/40000000
9991069/5000000
89919621/40000000
9991069/4000000
109901759/40000000
29973207/10000000
129883897/40000000
69937483/20000000
29973207/8000000
9991069/2500000
169848173/40000000
89919621/20000000
189830311/40000000
9991069/2000000
209812449/40000000
109901759/20000000
229794587/40000000
29973207/5000000
9991069/1600000
129883897/20000000
269758863/40000000
69937483/10000000
289741001/40000000
29973207/4000000
309723139/40000000
9991069/1250000
329705277/40000000
169848173/20000000
69937483/8000000
89919621/10000000
369669553/40000000
189830311/20000000
389651691/40000000
9991069/1000000

Dimensions > 0:
(0, 0, 2)
(0, 1, 2)
(0, 2, 2)
(0, 3, 2)
(0, 4, 1)
(0, 5, 1)
(0, 6, 1)
(0, 7, 1)
(0, 8, 1)
(0, 9, 1)
(0, 10, 1)
(0, 11, 1)
(0, 12, 1)
(0, 13, 1)
(0, 14, 1)
(0, 15, 1)
(0, 16, 1)
(0, 17, 1)
(0, 18, 1)
(0, 19, 1)
(0, 20, 1)
(0, 21, 1)
(0, 22, 1)
(0, 23, 1)
(0, 24, 1)
(0, 25, 1)
(0, 26, 1)
(0, 27, 1)
(0, 28, 1)
(0, 29, 1)
(0, 30, 1)
(0, 31, 1)
(0, 32, 1)
(0, 33, 1)
(0, 34, 1)
(0, 35, 1)
(0, 36, 1)
(0, 37, 1)
(0, 38, 1)
(0, 39, 1)

(1, 0, 2)
(1, 1, 2)
(1, 2, 2)
(1, 3, 2)
(1, 4, 1)
(1, 5, 1)
(1, 6, 1)
(1, 7, 1)
(1, 8, 1)
(1, 9, 1)
(1, 10, 1)
(1, 11, 1)
(1, 12, 1)
(1, 13, 1)
(1, 14, 1)
(1, 15, 1)
(1, 16, 1)
(1, 17, 1)
(1, 18, 1)
(1, 19, 1)
(1, 20, 1)
(1, 21, 1)
(1, 22, 1)
(1, 23, 1)
(1, 24, 1)
(1, 25, 1)
(1, 26, 1)
(1, 27, 1)
(1, 28, 1)
(1, 29, 1)
(1, 30, 1)
(1, 31, 1)
(1, 32, 1)
(1, 33, 1)
(1, 34, 1)
(1, 35, 1)
(1, 36, 1)
(1, 37, 1)
(1, 38, 1)
(1, 39, 1)

(2, 0, 2)
(2, 1, 2)
(2, 2, 2)
(2, 3, 2)
(2, 4, 1)
(2, 5, 1)
(2, 6, 1)
(2, 7, 1)
(2, 8, 1)
(2, 9, 1)
(2, 10, 1)
(2, 11, 1)
(2, 12, 1)
(2, 13, 1)
(2, 14, 1)
(2, 15, 1)
(2, 16, 1)
(2, 17, 1)
(2, 18, 1)
(2, 19, 1)
(2, 20, 1)
(2, 21, 1)
(2, 22, 1)
(2, 23, 1)
(2, 24, 1)
(2, 25, 1)
(2, 26, 1)
(2, 27, 1)
(2, 28, 1)
(2, 29, 1)
(2, 30, 1)
(2, 31, 1)
(2, 32, 1)
(2, 33, 1)
(2, 34, 1)
(2, 35, 1)
(2, 36, 1)
(2, 37, 1)
(2, 38, 1)
(2, 39, 1)

(3, 0, 2)
(3, 1, 2)
(3, 2, 2)
(3, 3, 2)
(3, 4, 1)
(3, 5, 1)
(3, 6, 1)
(3, 7, 1)
(3, 8, 1)
(3, 9, 1)
(3, 10, 1)
(3, 11, 1)
(3, 12, 1)
(3, 13, 1)
(3, 14, 1)
(3, 15, 1)
(3, 16, 1)
(3, 17, 1)
(3, 18, 1)
(3, 19, 1)
(3, 20, 1)
(3, 21, 1)
(3, 22, 1)
(3, 23, 1)
(3, 24, 1)
(3, 25, 1)
(3, 26, 1)
(3, 27, 1)
(3, 28, 1)
(3, 29, 1)
(3, 30, 1)
(3, 31, 1)
(3, 32, 1)
(3, 33, 1)
(3, 34, 1)
(3, 35, 1)
(3, 36, 1)
(3, 37, 1)
(3, 38, 1)
(3, 39, 1)

(4, 0, 4)
(4, 1, 4)
(4, 2, 4)
(4, 3, 4)
(4, 4, 2)
(4, 5, 2)
(4, 6, 2)
(4, 7, 2)
(4, 8, 2)
(4, 9, 2)
(4, 10, 2)
(4, 11, 2)
(4, 12, 2)
(4, 13, 1)
(4, 14, 1)
(4, 15, 1)
(4, 16, 1)
(4, 17, 1)
(4, 18, 1)
(4, 19, 1)
(4, 20, 1)
(4, 21, 1)
(4, 22, 1)
(4, 23, 1)
(4, 24, 1)
(4, 25, 1)
(4, 26, 1)
(4, 27, 1)
(4, 28, 1)
(4, 29, 1)
(4, 30, 1)
(4, 31, 1)
(4, 32, 1)
(4, 33, 1)
(4, 34, 1)
(4, 35, 1)
(4, 36, 1)
(4, 37, 1)
(4, 38, 1)
(4, 39, 1)

(5, 0, 4)
(5, 1, 4)
(5, 2, 4)
(5, 3, 4)
(5, 4, 2)
(5, 5, 2)
(5, 6, 2)
(5, 7, 2)
(5, 8, 2)
(5, 9, 2)
(5, 10, 2)
(5, 11, 2)
(5, 12, 2)
(5, 13, 1)
(5, 14, 1)
(5, 15, 1)
(5, 16, 1)
(5, 17, 1)
(5, 18, 1)
(5, 19, 1)
(5, 20, 1)
(5, 21, 1)
(5, 22, 1)
(5, 23, 1)
(5, 24, 1)
(5, 25, 1)
(5, 26, 1)
(5, 27, 1)
(5, 28, 1)
(5, 29, 1)
(5, 30, 1)
(5, 31, 1)
(5, 32, 1)
(5, 33, 1)
(5, 34, 1)
(5, 35, 1)
(5, 36, 1)
(5, 37, 1)
(5, 38, 1)
(5, 39, 1)

(6, 0, 6)
(6, 1, 6)
(6, 2, 6)
(6, 3, 6)
(6, 4, 4)
(6, 5, 4)
(6, 6, 4)
(6, 7, 4)
(6, 8, 4)
(6, 9, 4)
(6, 10, 4)
(6, 11, 4)
(6, 12, 4)
(6, 13, 3)
(6, 14, 3)
(6, 15, 3)
(6, 16, 3)
(6, 17, 3)
(6, 18, 3)
(6, 19, 3)
(6, 20, 3)
(6, 21, 3)
(6, 22, 3)
(6, 23, 3)
(6, 24, 3)
(6, 25, 3)
(6, 26, 3)
(6, 27, 3)
(6, 28, 3)
(6, 29, 3)
(6, 30, 3)
(6, 31, 3)
(6, 32, 3)
(6, 33, 3)
(6, 34, 3)
(6, 35, 3)
(6, 36, 3)
(6, 37, 3)
(6, 38, 3)
(6, 39, 3)

(7, 0, 8)
(7, 1, 8)
(7, 2, 8)
(7, 3, 8)
(7, 4, 6)
(7, 5, 5)
(7, 6, 5)
(7, 7, 5)
(7, 8, 5)
(7, 9, 5)
(7, 10, 5)
(7, 11, 5)
(7, 12, 5)
(7, 13, 4)
(7, 14, 4)
(7, 15, 4)
(7, 16, 4)
(7, 17, 4)
(7, 18, 4)
(7, 19, 4)
(7, 20, 4)
(7, 21, 4)
(7, 22, 4)
(7, 23, 4)
(7, 24, 4)
(7, 25, 4)
(7, 26, 4)
(7, 27, 4)
(7, 28, 4)
(7, 29, 4)
(7, 30, 4)
(7, 31, 4)
(7, 32, 4)
(7, 33, 4)
(7, 34, 4)
(7, 35, 4)
(7, 36, 4)
(7, 37, 4)
(7, 38, 4)
(7, 39, 4)

(8, 0, 11)
(8, 1, 11)
(8, 2, 11)
(8, 3, 11)
(8, 4, 7)
(8, 5, 6)
(8, 6, 6)
(8, 7, 6)
(8, 8, 6)
(8, 9, 6)
(8, 10, 6)
(8, 11, 6)
(8, 12, 6)
(8, 13, 4)
(8, 14, 4)
(8, 15, 4)
(8, 16, 4)
(8, 17, 4)
(8, 18, 4)
(8, 19, 4)
(8, 20, 4)
(8, 21, 4)
(8, 22, 4)
(8, 23, 4)
(8, 24, 4)
(8, 25, 4)
(8, 26, 4)
(8, 27, 4)
(8, 28, 4)
(8, 29, 4)
(8, 30, 4)
(8, 31, 4)
(8, 32, 4)
(8, 33, 4)
(8, 34, 4)
(8, 35, 4)
(8, 36, 4)
(8, 37, 4)
(8, 38, 4)
(8, 39, 4)

(9, 0, 11)
(9, 1, 11)
(9, 2, 11)
(9, 3, 11)
(9, 4, 7)
(9, 5, 6)
(9, 6, 6)
(9, 7, 6)
(9, 8, 6)
(9, 9, 6)
(9, 10, 6)
(9, 11, 6)
(9, 12, 6)
(9, 13, 4)
(9, 14, 4)
(9, 15, 4)
(9, 16, 4)
(9, 17, 4)
(9, 18, 4)
(9, 19, 4)
(9, 20, 4)
(9, 21, 4)
(9, 22, 4)
(9, 23, 4)
(9, 24, 4)
(9, 25, 4)
(9, 26, 4)
(9, 27, 4)
(9, 28, 4)
(9, 29, 4)
(9, 30, 4)
(9, 31, 4)
(9, 32, 4)
(9, 33, 4)
(9, 34, 4)
(9, 35, 4)
(9, 36, 4)
(9, 37, 4)
(9, 38, 4)
(9, 39, 4)

(10, 0, 13)
(10, 1, 13)
(10, 2, 13)
(10, 3, 13)
(10, 4, 8)
(10, 5, 7)
(10, 6, 7)
(10, 7, 7)
(10, 8, 7)
(10, 9, 7)
(10, 10, 7)
(10, 11, 7)
(10, 12, 7)
(10, 13, 4)
(10, 14, 4)
(10, 15, 4)
(10, 16, 4)
(10, 17, 4)
(10, 18, 4)
(10, 19, 4)
(10, 20, 4)
(10, 21, 4)
(10, 22, 4)
(10, 23, 4)
(10, 24, 4)
(10, 25, 4)
(10, 26, 4)
(10, 27, 4)
(10, 28, 4)
(10, 29, 4)
(10, 30, 4)
(10, 31, 4)
(10, 32, 4)
(10, 33, 4)
(10, 34, 4)
(10, 35, 4)
(10, 36, 4)
(10, 37, 4)
(10, 38, 4)
(10, 39, 4)

(11, 0, 14)
(11, 1, 14)
(11, 2, 14)
(11, 3, 14)
(11, 4, 9)
(11, 5, 8)
(11, 6, 8)
(11, 7, 8)
(11, 8, 8)
(11, 9, 8)
(11, 10, 8)
(11, 11, 8)
(11, 12, 8)
(11, 13, 5)
(11, 14, 4)
(11, 15, 4)
(11, 16, 4)
(11, 17, 4)
(11, 18, 4)
(11, 19, 4)
(11, 20, 4)
(11, 21, 4)
(11, 22, 4)
(11, 23, 4)
(11, 24, 4)
(11, 25, 4)
(11, 26, 4)
(11, 27, 4)
(11, 28, 4)
(11, 29, 4)
(11, 30, 4)
(11, 31, 4)
(11, 32, 4)
(11, 33, 4)
(11, 34, 4)
(11, 35, 4)
(11, 36, 4)
(11, 37, 4)
(11, 38, 4)
(11, 39, 4)

(12, 0, 16)
(12, 1, 16)
(12, 2, 16)
(12, 3, 16)
(12, 4, 10)
(12, 5, 8)
(12, 6, 8)
(12, 7, 8)
(12, 8, 8)
(12, 9, 8)
(12, 10, 8)
(12, 11, 8)
(12, 12, 8)
(12, 13, 5)
(12, 14, 4)
(12, 15, 4)
(12, 16, 4)
(12, 17, 4)
(12, 18, 4)
(12, 19, 4)
(12, 20, 4)
(12, 21, 4)
(12, 22, 4)
(12, 23, 4)
(12, 24, 4)
(12, 25, 4)
(12, 26, 4)
(12, 27, 4)
(12, 28, 4)
(12, 29, 4)
(12, 30, 4)
(12, 31, 4)
(12, 32, 4)
(12, 33, 4)
(12, 34, 4)
(12, 35, 4)
(12, 36, 4)
(12, 37, 4)
(12, 38, 4)
(12, 39, 4)

(13, 0, 21)
(13, 1, 21)
(13, 2, 21)
(13, 3, 21)
(13, 4, 13)
(13, 5, 11)
(13, 6, 11)
(13, 7, 11)
(13, 8, 11)
(13, 9, 10)
(13, 10, 10)
(13, 11, 10)
(13, 12, 10)
(13, 13, 6)
(13, 14, 5)
(13, 15, 5)
(13, 16, 5)
(13, 17, 5)
(13, 18, 5)
(13, 19, 5)
(13, 20, 5)
(13, 21, 5)
(13, 22, 5)
(13, 23, 5)
(13, 24, 5)
(13, 25, 5)
(13, 26, 5)
(13, 27, 5)
(13, 28, 5)
(13, 29, 5)
(13, 30, 5)
(13, 31, 5)
(13, 32, 5)
(13, 33, 5)
(13, 34, 5)
(13, 35, 5)
(13, 36, 5)
(13, 37, 5)
(13, 38, 5)
(13, 39, 5)

(14, 0, 24)
(14, 1, 24)
(14, 2, 23)
(14, 3, 23)
(14, 4, 14)
(14, 5, 12)
(14, 6, 12)
(14, 7, 12)
(14, 8, 12)
(14, 9, 11)
(14, 10, 11)
(14, 11, 11)
(14, 12, 11)
(14, 13, 7)
(14, 14, 5)
(14, 15, 5)
(14, 16, 5)
(14, 17, 5)
(14, 18, 5)
(14, 19, 5)
(14, 20, 5)
(14, 21, 5)
(14, 22, 5)
(14, 23, 5)
(14, 24, 5)
(14, 25, 5)
(14, 26, 5)
(14, 27, 5)
(14, 28, 5)
(14, 29, 5)
(14, 30, 5)
(14, 31, 5)
(14, 32, 5)
(14, 33, 5)
(14, 34, 5)
(14, 35, 5)
(14, 36, 5)
(14, 37, 5)
(14, 38, 5)
(14, 39, 5)

(15, 0, 29)
(15, 1, 29)
(15, 2, 28)
(15, 3, 26)
(15, 4, 15)
(15, 5, 13)
(15, 6, 13)
(15, 7, 13)
(15, 8, 13)
(15, 9, 12)
(15, 10, 12)
(15, 11, 12)
(15, 12, 12)
(15, 13, 8)
(15, 14, 6)
(15, 15, 6)
(15, 16, 6)
(15, 17, 6)
(15, 18, 6)
(15, 19, 6)
(15, 20, 6)
(15, 21, 6)
(15, 22, 6)
(15, 23, 6)
(15, 24, 6)
(15, 25, 6)
(15, 26, 6)
(15, 27, 6)
(15, 28, 6)
(15, 29, 6)
(15, 30, 6)
(15, 31, 6)
(15, 32, 6)
(15, 33, 6)
(15, 34, 6)
(15, 35, 6)
(15, 36, 6)
(15, 37, 6)
(15, 38, 6)
(15, 39, 6)

(16, 0, 39)
(16, 1, 38)
(16, 2, 36)
(16, 3, 34)
(16, 4, 22)
(16, 5, 17)
(16, 6, 15)
(16, 7, 15)
(16, 8, 15)
(16, 9, 14)
(16, 10, 14)
(16, 11, 14)
(16, 12, 14)
(16, 13, 10)
(16, 14, 7)
(16, 15, 7)
(16, 16, 7)
(16, 17, 7)
(16, 18, 7)
(16, 19, 7)
(16, 20, 7)
(16, 21, 7)
(16, 22, 7)
(16, 23, 7)
(16, 24, 7)
(16, 25, 7)
(16, 26, 7)
(16, 27, 7)
(16, 28, 7)
(16, 29, 7)
(16, 30, 7)
(16, 31, 7)
(16, 32, 7)
(16, 33, 7)
(16, 34, 7)
(16, 35, 7)
(16, 36, 7)
(16, 37, 7)
(16, 38, 7)
(16, 39, 7)

(17, 0, 47)
(17, 1, 46)
(17, 2, 44)
(17, 3, 42)
(17, 4, 28)
(17, 5, 21)
(17, 6, 17)
(17, 7, 16)
(17, 8, 16)
(17, 9, 15)
(17, 10, 15)
(17, 11, 15)
(17, 12, 15)
(17, 13, 11)
(17, 14, 7)
(17, 15, 7)
(17, 16, 7)
(17, 17, 7)
(17, 18, 7)
(17, 19, 7)
(17, 20, 7)
(17, 21, 7)
(17, 22, 7)
(17, 23, 7)
(17, 24, 7)
(17, 25, 7)
(17, 26, 7)
(17, 27, 7)
(17, 28, 7)
(17, 29, 7)
(17, 30, 7)
(17, 31, 7)
(17, 32, 7)
(17, 33, 7)
(17, 34, 7)
(17, 35, 7)
(17, 36, 7)
(17, 37, 7)
(17, 38, 7)
(17, 39, 7)

(18, 0, 62)
(18, 1, 61)
(18, 2, 59)
(18, 3, 57)
(18, 4, 38)
(18, 5, 28)
(18, 6, 21)
(18, 7, 18)
(18, 8, 18)
(18, 9, 17)
(18, 10, 17)
(18, 11, 17)
(18, 12, 17)
(18, 13, 11)
(18, 14, 6)
(18, 15, 6)
(18, 16, 6)
(18, 17, 6)
(18, 18, 6)
(18, 19, 6)
(18, 20, 6)
(18, 21, 6)
(18, 22, 6)
(18, 23, 6)
(18, 24, 6)
(18, 25, 6)
(18, 26, 6)
(18, 27, 6)
(18, 28, 6)
(18, 29, 5)
(18, 30, 5)
(18, 31, 5)
(18, 32, 5)
(18, 33, 5)
(18, 34, 5)
(18, 35, 5)
(18, 36, 5)
(18, 37, 5)
(18, 38, 5)
(18, 39, 5)

(19, 0, 74)
(19, 1, 73)
(19, 2, 71)
(19, 3, 67)
(19, 4, 48)
(19, 5, 34)
(19, 6, 18)
(19, 7, 16)
(19, 8, 16)
(19, 9, 15)
(19, 10, 15)
(19, 11, 15)
(19, 12, 15)
(19, 13, 9)
(19, 14, 5)
(19, 15, 5)
(19, 16, 5)
(19, 17, 5)
(19, 18, 5)
(19, 19, 5)
(19, 20, 5)
(19, 21, 5)
(19, 22, 5)
(19, 23, 5)
(19, 24, 5)
(19, 25, 5)
(19, 26, 5)
(19, 27, 5)
(19, 28, 5)
(19, 29, 5)
(19, 30, 5)
(19, 31, 5)
(19, 32, 5)
(19, 33, 5)
(19, 34, 5)
(19, 35, 5)
(19, 36, 5)
(19, 37, 5)
(19, 38, 5)
(19, 39, 5)

(20, 0, 74)
(20, 1, 73)
(20, 2, 71)
(20, 3, 67)
(20, 4, 48)
(20, 5, 34)
(20, 6, 18)
(20, 7, 16)
(20, 8, 16)
(20, 9, 15)
(20, 10, 15)
(20, 11, 15)
(20, 12, 15)
(20, 13, 9)
(20, 14, 5)
(20, 15, 5)
(20, 16, 5)
(20, 17, 5)
(20, 18, 5)
(20, 19, 5)
(20, 20, 5)
(20, 21, 5)
(20, 22, 5)
(20, 23, 5)
(20, 24, 5)
(20, 25, 5)
(20, 26, 5)
(20, 27, 5)
(20, 28, 5)
(20, 29, 5)
(20, 30, 5)
(20, 31, 5)
(20, 32, 5)
(20, 33, 5)
(20, 34, 5)
(20, 35, 5)
(20, 36, 5)
(20, 37, 5)
(20, 38, 5)
(20, 39, 5)

(21, 0, 76)
(21, 1, 75)
(21, 2, 73)
(21, 3, 69)
(21, 4, 49)
(21, 5, 35)
(21, 6, 19)
(21, 7, 17)
(21, 8, 17)
(21, 9, 16)
(21, 10, 16)
(21, 11, 16)
(21, 12, 16)
(21, 13, 9)
(21, 14, 5)
(21, 15, 5)
(21, 16, 5)
(21, 17, 5)
(21, 18, 5)
(21, 19, 5)
(21, 20, 5)
(21, 21, 5)
(21, 22, 5)
(21, 23, 5)
(21, 24, 5)
(21, 25, 5)
(21, 26, 5)
(21, 27, 5)
(21, 28, 5)
(21, 29, 5)
(21, 30, 5)
(21, 31, 5)
(21, 32, 5)
(21, 33, 5)
(21, 34, 5)
(21, 35, 5)
(21, 36, 5)
(21, 37, 5)
(21, 38, 5)
(21, 39, 5)

(22, 0, 76)
(22, 1, 75)
(22, 2, 73)
(22, 3, 69)
(22, 4, 49)
(22, 5, 35)
(22, 6, 19)
(22, 7, 17)
(22, 8, 17)
(22, 9, 16)
(22, 10, 16)
(22, 11, 16)
(22, 12, 16)
(22, 13, 9)
(22, 14, 5)
(22, 15, 5)
(22, 16, 5)
(22, 17, 5)
(22, 18, 5)
(22, 19, 5)
(22, 20, 5)
(22, 21, 5)
(22, 22, 5)
(22, 23, 5)
(22, 24, 5)
(22, 25, 5)
(22, 26, 5)
(22, 27, 5)
(22, 28, 5)
(22, 29, 5)
(22, 30, 5)
(22, 31, 5)
(22, 32, 5)
(22, 33, 5)
(22, 34, 5)
(22, 35, 5)
(22, 36, 5)
(22, 37, 5)
(22, 38, 5)
(22, 39, 5)

(23, 0, 79)
(23, 1, 78)
(23, 2, 76)
(23, 3, 72)
(23, 4, 51)
(23, 5, 36)
(23, 6, 20)
(23, 7, 18)
(23, 8, 18)
(23, 9, 17)
(23, 10, 17)
(23, 11, 17)
(23, 12, 17)
(23, 13, 10)
(23, 14, 5)
(23, 15, 5)
(23, 16, 5)
(23, 17, 5)
(23, 18, 5)
(23, 19, 5)
(23, 20, 5)
(23, 21, 5)
(23, 22, 5)
(23, 23, 5)
(23, 24, 5)
(23, 25, 5)
(23, 26, 5)
(23, 27, 5)
(23, 28, 5)
(23, 29, 5)
(23, 30, 5)
(23, 31, 5)
(23, 32, 5)
(23, 33, 5)
(23, 34, 5)
(23, 35, 5)
(23, 36, 5)
(23, 37, 5)
(23, 38, 5)
(23, 39, 5)

(24, 0, 79)
(24, 1, 78)
(24, 2, 76)
(24, 3, 72)
(24, 4, 51)
(24, 5, 36)
(24, 6, 20)
(24, 7, 18)
(24, 8, 18)
(24, 9, 17)
(24, 10, 17)
(24, 11, 17)
(24, 12, 17)
(24, 13, 10)
(24, 14, 5)
(24, 15, 5)
(24, 16, 5)
(24, 17, 5)
(24, 18, 5)
(24, 19, 5)
(24, 20, 5)
(24, 21, 5)
(24, 22, 5)
(24, 23, 5)
(24, 24, 5)
(24, 25, 5)
(24, 26, 5)
(24, 27, 5)
(24, 28, 5)
(24, 29, 5)
(24, 30, 5)
(24, 31, 5)
(24, 32, 5)
(24, 33, 5)
(24, 34, 5)
(24, 35, 5)
(24, 36, 5)
(24, 37, 5)
(24, 38, 5)
(24, 39, 5)

(25, 0, 79)
(25, 1, 78)
(25, 2, 76)
(25, 3, 72)
(25, 4, 51)
(25, 5, 36)
(25, 6, 20)
(25, 7, 18)
(25, 8, 18)
(25, 9, 17)
(25, 10, 17)
(25, 11, 17)
(25, 12, 17)
(25, 13, 10)
(25, 14, 5)
(25, 15, 5)
(25, 16, 5)
(25, 17, 5)
(25, 18, 5)
(25, 19, 5)
(25, 20, 5)
(25, 21, 5)
(25, 22, 5)
(25, 23, 5)
(25, 24, 5)
(25, 25, 5)
(25, 26, 5)
(25, 27, 5)
(25, 28, 5)
(25, 29, 5)
(25, 30, 5)
(25, 31, 5)
(25, 32, 5)
(25, 33, 5)
(25, 34, 5)
(25, 35, 5)
(25, 36, 5)
(25, 37, 5)
(25, 38, 5)
(25, 39, 5)

(26, 0, 81)
(26, 1, 80)
(26, 2, 78)
(26, 3, 74)
(26, 4, 52)
(26, 5, 37)
(26, 6, 21)
(26, 7, 19)
(26, 8, 19)
(26, 9, 17)
(26, 10, 17)
(26, 11, 17)
(26, 12, 17)
(26, 13, 10)
(26, 14, 5)
(26, 15, 5)
(26, 16, 5)
(26, 17, 5)
(26, 18, 5)
(26, 19, 5)
(26, 20, 5)
(26, 21, 5)
(26, 22, 5)
(26, 23, 5)
(26, 24, 5)
(26, 25, 5)
(26, 26, 5)
(26, 27, 5)
(26, 28, 5)
(26, 29, 5)
(26, 30, 5)
(26, 31, 5)
(26, 32, 5)
(26, 33, 5)
(26, 34, 5)
(26, 35, 5)
(26, 36, 5)
(26, 37, 5)
(26, 38, 5)
(26, 39, 5)

(27, 0, 82)
(27, 1, 81)
(27, 2, 78)
(27, 3, 74)
(27, 4, 52)
(27, 5, 37)
(27, 6, 21)
(27, 7, 19)
(27, 8, 19)
(27, 9, 17)
(27, 10, 17)
(27, 11, 17)
(27, 12, 17)
(27, 13, 10)
(27, 14, 5)
(27, 15, 5)
(27, 16, 5)
(27, 17, 5)
(27, 18, 5)
(27, 19, 5)
(27, 20, 5)
(27, 21, 5)
(27, 22, 5)
(27, 23, 5)
(27, 24, 5)
(27, 25, 5)
(27, 26, 5)
(27, 27, 5)
(27, 28, 5)
(27, 29, 5)
(27, 30, 5)
(27, 31, 5)
(27, 32, 5)
(27, 33, 5)
(27, 34, 5)
(27, 35, 5)
(27, 36, 5)
(27, 37, 5)
(27, 38, 5)
(27, 39, 5)

(28, 0, 85)
(28, 1, 84)
(28, 2, 81)
(28, 3, 77)
(28, 4, 53)
(28, 5, 38)
(28, 6, 22)
(28, 7, 20)
(28, 8, 20)
(28, 9, 18)
(28, 10, 18)
(28, 11, 18)
(28, 12, 18)
(28, 13, 11)
(28, 14, 5)
(28, 15, 5)
(28, 16, 5)
(28, 17, 5)
(28, 18, 5)
(28, 19, 5)
(28, 20, 5)
(28, 21, 5)
(28, 22, 5)
(28, 23, 5)
(28, 24, 5)
(28, 25, 5)
(28, 26, 5)
(28, 27, 5)
(28, 28, 5)
(28, 29, 5)
(28, 30, 5)
(28, 31, 5)
(28, 32, 5)
(28, 33, 5)
(28, 34, 5)
(28, 35, 5)
(28, 36, 5)
(28, 37, 5)
(28, 38, 5)
(28, 39, 5)

(29, 0, 86)
(29, 1, 85)
(29, 2, 82)
(29, 3, 78)
(29, 4, 53)
(29, 5, 38)
(29, 6, 22)
(29, 7, 20)
(29, 8, 20)
(29, 9, 18)
(29, 10, 18)
(29, 11, 18)
(29, 12, 18)
(29, 13, 11)
(29, 14, 5)
(29, 15, 5)
(29, 16, 5)
(29, 17, 5)
(29, 18, 5)
(29, 19, 5)
(29, 20, 5)
(29, 21, 5)
(29, 22, 5)
(29, 23, 5)
(29, 24, 5)
(29, 25, 5)
(29, 26, 5)
(29, 27, 5)
(29, 28, 5)
(29, 29, 5)
(29, 30, 5)
(29, 31, 5)
(29, 32, 5)
(29, 33, 5)
(29, 34, 5)
(29, 35, 5)
(29, 36, 5)
(29, 37, 5)
(29, 38, 5)
(29, 39, 5)

(30, 0, 90)
(30, 1, 89)
(30, 2, 86)
(30, 3, 82)
(30, 4, 57)
(30, 5, 41)
(30, 6, 25)
(30, 7, 23)
(30, 8, 22)
(30, 9, 20)
(30, 10, 20)
(30, 11, 20)
(30, 12, 20)
(30, 13, 12)
(30, 14, 6)
(30, 15, 6)
(30, 16, 6)
(30, 17, 6)
(30, 18, 6)
(30, 19, 6)
(30, 20, 6)
(30, 21, 6)
(30, 22, 6)
(30, 23, 6)
(30, 24, 6)
(30, 25, 6)
(30, 26, 6)
(30, 27, 6)
(30, 28, 6)
(30, 29, 6)
(30, 30, 6)
(30, 31, 6)
(30, 32, 6)
(30, 33, 6)
(30, 34, 6)
(30, 35, 6)
(30, 36, 6)
(30, 37, 6)
(30, 38, 6)
(30, 39, 6)

(31, 0, 94)
(31, 1, 93)
(31, 2, 90)
(31, 3, 84)
(31, 4, 58)
(31, 5, 42)
(31, 6, 24)
(31, 7, 21)
(31, 8, 21)
(31, 9, 19)
(31, 10, 19)
(31, 11, 19)
(31, 12, 19)
(31, 13, 12)
(31, 14, 6)
(31, 15, 6)
(31, 16, 6)
(31, 17, 6)
(31, 18, 6)
(31, 19, 6)
(31, 20, 6)
(31, 21, 6)
(31, 22, 6)
(31, 23, 6)
(31, 24, 6)
(31, 25, 6)
(31, 26, 6)
(31, 27, 6)
(31, 28, 6)
(31, 29, 6)
(31, 30, 6)
(31, 31, 6)
(31, 32, 6)
(31, 33, 6)
(31, 34, 6)
(31, 35, 6)
(31, 36, 6)
(31, 37, 6)
(31, 38, 6)
(31, 39, 6)

(32, 0, 100)
(32, 1, 98)
(32, 2, 94)
(32, 3, 88)
(32, 4, 61)
(32, 5, 44)
(32, 6, 25)
(32, 7, 22)
(32, 8, 22)
(32, 9, 20)
(32, 10, 20)
(32, 11, 20)
(32, 12, 20)
(32, 13, 13)
(32, 14, 6)
(32, 15, 6)
(32, 16, 6)
(32, 17, 6)
(32, 18, 6)
(32, 19, 6)
(32, 20, 6)
(32, 21, 6)
(32, 22, 6)
(32, 23, 6)
(32, 24, 6)
(32, 25, 6)
(32, 26, 6)
(32, 27, 6)
(32, 28, 6)
(32, 29, 6)
(32, 30, 6)
(32, 31, 6)
(32, 32, 6)
(32, 33, 6)
(32, 34, 6)
(32, 35, 6)
(32, 36, 6)
(32, 37, 6)
(32, 38, 6)
(32, 39, 6)

(33, 0, 105)
(33, 1, 103)
(33, 2, 99)
(33, 3, 93)
(33, 4, 64)
(33, 5, 45)
(33, 6, 25)
(33, 7, 22)
(33, 8, 22)
(33, 9, 20)
(33, 10, 20)
(33, 11, 20)
(33, 12, 20)
(33, 13, 13)
(33, 14, 6)
(33, 15, 6)
(33, 16, 6)
(33, 17, 6)
(33, 18, 6)
(33, 19, 6)
(33, 20, 6)
(33, 21, 6)
(33, 22, 6)
(33, 23, 6)
(33, 24, 6)
(33, 25, 6)
(33, 26, 6)
(33, 27, 6)
(33, 28, 6)
(33, 29, 6)
(33, 30, 6)
(33, 31, 6)
(33, 32, 6)
(33, 33, 6)
(33, 34, 6)
(33, 35, 6)
(33, 36, 6)
(33, 37, 6)
(33, 38, 6)
(33, 39, 6)

(34, 0, 111)
(34, 1, 109)
(34, 2, 105)
(34, 3, 99)
(34, 4, 70)
(34, 5, 48)
(34, 6, 26)
(34, 7, 22)
(34, 8, 22)
(34, 9, 20)
(34, 10, 20)
(34, 11, 20)
(34, 12, 20)
(34, 13, 13)
(34, 14, 6)
(34, 15, 6)
(34, 16, 6)
(34, 17, 6)
(34, 18, 6)
(34, 19, 6)
(34, 20, 6)
(34, 21, 6)
(34, 22, 6)
(34, 23, 6)
(34, 24, 6)
(34, 25, 6)
(34, 26, 6)
(34, 27, 6)
(34, 28, 6)
(34, 29, 5)
(34, 30, 5)
(34, 31, 5)
(34, 32, 5)
(34, 33, 5)
(34, 34, 5)
(34, 35, 5)
(34, 36, 5)
(34, 37, 5)
(34, 38, 5)
(34, 39, 5)

(35, 0, 117)
(35, 1, 115)
(35, 2, 111)
(35, 3, 105)
(35, 4, 75)
(35, 5, 51)
(35, 6, 28)
(35, 7, 24)
(35, 8, 24)
(35, 9, 20)
(35, 10, 20)
(35, 11, 20)
(35, 12, 20)
(35, 13, 12)
(35, 14, 5)
(35, 15, 5)
(35, 16, 5)
(35, 17, 5)
(35, 18, 5)
(35, 19, 5)
(35, 20, 5)
(35, 21, 5)
(35, 22, 5)
(35, 23, 5)
(35, 24, 5)
(35, 25, 5)
(35, 26, 5)
(35, 27, 5)
(35, 28, 5)
(35, 29, 5)
(35, 30, 5)
(35, 31, 5)
(35, 32, 5)
(35, 33, 5)
(35, 34, 5)
(35, 35, 5)
(35, 36, 5)
(35, 37, 5)
(35, 38, 5)
(35, 39, 4)

(36, 0, 122)
(36, 1, 120)
(36, 2, 116)
(36, 3, 110)
(36, 4, 80)
(36, 5, 54)
(36, 6, 27)
(36, 7, 23)
(36, 8, 23)
(36, 9, 21)
(36, 10, 21)
(36, 11, 21)
(36, 12, 21)
(36, 13, 13)
(36, 14, 5)
(36, 15, 5)
(36, 16, 5)
(36, 17, 5)
(36, 18, 5)
(36, 19, 5)
(36, 20, 5)
(36, 21, 5)
(36, 22, 5)
(36, 23, 5)
(36, 24, 5)
(36, 25, 5)
(36, 26, 5)
(36, 27, 5)
(36, 28, 4)
(36, 29, 4)
(36, 30, 4)
(36, 31, 4)
(36, 32, 4)
(36, 33, 4)
(36, 34, 4)
(36, 35, 4)
(36, 36, 4)
(36, 37, 4)
(36, 38, 4)
(36, 39, 4)

(37, 0, 124)
(37, 1, 122)
(37, 2, 118)
(37, 3, 112)
(37, 4, 81)
(37, 5, 55)
(37, 6, 27)
(37, 7, 23)
(37, 8, 23)
(37, 9, 21)
(37, 10, 21)
(37, 11, 21)
(37, 12, 21)
(37, 13, 13)
(37, 14, 5)
(37, 15, 5)
(37, 16, 5)
(37, 17, 4)
(37, 18, 4)
(37, 19, 4)
(37, 20, 4)
(37, 21, 4)
(37, 22, 4)
(37, 23, 4)
(37, 24, 4)
(37, 25, 4)
(37, 26, 4)
(37, 27, 4)
(37, 28, 4)
(37, 29, 4)
(37, 30, 4)
(37, 31, 4)
(37, 32, 4)
(37, 33, 4)
(37, 34, 4)
(37, 35, 4)
(37, 36, 4)
(37, 37, 4)
(37, 38, 4)
(37, 39, 4)

(38, 0, 128)
(38, 1, 126)
(38, 2, 122)
(38, 3, 116)
(38, 4, 85)
(38, 5, 59)
(38, 6, 27)
(38, 7, 23)
(38, 8, 23)
(38, 9, 20)
(38, 10, 20)
(38, 11, 20)
(38, 12, 20)
(38, 13, 12)
(38, 14, 4)
(38, 15, 4)
(38, 16, 4)
(38, 17, 4)
(38, 18, 4)
(38, 19, 4)
(38, 20, 4)
(38, 21, 4)
(38, 22, 4)
(38, 23, 4)
(38, 24, 4)
(38, 25, 4)
(38, 26, 4)
(38, 27, 4)
(38, 28, 4)
(38, 29, 4)
(38, 30, 4)
(38, 31, 4)
(38, 32, 4)
(38, 33, 4)
(38, 34, 4)
(38, 35, 4)
(38, 36, 4)
(38, 37, 4)
(38, 38, 4)
(38, 39, 4)

(39, 0, 130)
(39, 1, 128)
(39, 2, 124)
(39, 3, 116)
(39, 4, 84)
(39, 5, 58)
(39, 6, 26)
(39, 7, 22)
(39, 8, 22)
(39, 9, 20)
(39, 10, 20)
(39, 11, 20)
(39, 12, 20)
(39, 13, 12)
(39, 14, 4)
(39, 15, 4)
(39, 16, 4)
(39, 17, 4)
(39, 18, 4)
(39, 19, 4)
(39, 20, 4)
(39, 21, 4)
(39, 22, 4)
(39, 23, 4)
(39, 24, 4)
(39, 25, 4)
(39, 26, 4)
(39, 27, 4)
(39, 28, 4)
(39, 29, 4)
(39, 30, 4)
(39, 31, 4)
(39, 32, 4)
(39, 33, 4)
(39, 34, 4)
(39, 35, 4)
(39, 36, 4)
(39, 37, 4)
(39, 38, 4)
(39, 39, 4)


Betti numbers:
xi_0:
(0, 0, 2)
(4, 0, 2)
(6, 0, 2)
(7, 0, 2)
(8, 0, 3)
(10, 0, 2)
(11, 0, 1)
(12, 0, 2)
(13, 0, 5)
(14, 0, 3)
(15, 0, 5)
(16, 0, 10)
(17, 0, 8)
(18, 0, 15)
(19, 0, 12)
(21, 0, 2)
(23, 0, 3)
(26, 0, 2)
(27, 0, 1)
(28, 0, 3)
(29, 0, 1)
(30, 0, 4)
(31, 0, 4)
(32, 0, 6)
(33, 0, 5)
(34, 0, 6)
(35, 0, 6)
(36, 0, 5)
(37, 0, 2)
(38, 0, 4)
(39, 0, 2)
xi_1:
(0, 4, 1)
(4, 4, 1)
(4, 13, 1)
(7, 5, 1)
(8, 4, 2)
(8, 13, 1)
(10, 4, 1)
(10, 13, 1)
(11, 14, 1)
(12, 4, 1)
(12, 5, 1)
(13, 4, 2)
(13, 9, 1)
(13, 13, 1)
(14, 2, 1)
(14, 4, 1)
(14, 14, 1)
(15, 3, 2)
(15, 4, 2)
(16, 1, 1)
(16, 2, 1)
(16, 4, 1)
(16, 5, 3)
(16, 6, 2)
(16, 14, 1)
(17, 4, 2)
(17, 5, 2)
(17, 6, 2)
(17, 7, 1)
(17, 14, 1)
(18, 4, 5)
(18, 5, 3)
(18, 6, 3)
(18, 7, 2)
(18, 13, 2)
(18, 14, 2)
(18, 29, 1)
(19, 3, 2)
(19, 5, 4)
(19, 6, 9)
(21, 4, 1)
(21, 13, 1)
(23, 4, 1)
(23, 5, 1)
(23, 14, 1)
(26, 4, 1)
(26, 9, 1)
(27, 2, 1)
(28, 4, 2)
(28, 14, 1)
(29, 4, 1)
(30, 5, 1)
(30, 8, 1)
(30, 13, 1)
(31, 3, 2)
(31, 4, 1)
(31, 6, 2)
(31, 7, 1)
(32, 1, 1)
(32, 2, 1)
(32, 4, 1)
(32, 5, 1)
(32, 6, 1)
(32, 7, 1)
(32, 14, 1)
(33, 4, 2)
(33, 5, 2)
(33, 6, 1)
(34, 5, 3)
(34, 6, 2)
(34, 7, 1)
(34, 29, 1)
(35, 4, 1)
(35, 5, 2)
(35, 6, 1)
(35, 9, 2)
(35, 13, 1)
(35, 39, 1)
(36, 5, 2)
(36, 6, 4)
(36, 14, 1)
(36, 28, 1)
(37, 4, 1)
(37, 6, 1)
(37, 17, 1)
(38, 6, 4)
(38, 9, 1)
(39, 3, 2)
(39, 4, 1)
xi_2:
(18, 14, 1)
(19, 7, 1)
(19, 14, 1)
(19, 29, 1)
(31, 8, 1)
(31, 13, 1)
(32, 7, 1)
(35, 29, 1)
(36, 9, 2)
(36, 39, 1)
(37, 28, 1)
(38, 17, 1)
(39, 9, 1)
