x-grades
-510546179302107753/200000000000000
-251346234503079753/100000000000000
-494838758710211259/200000000000000
-121746262103565753/50000000000000
-95826267623662953/40000000000000
-235638813911183259/100000000000000
-463423917526418271/200000000000000
-56946275903808753/25000000000000
-447716496934521777/200000000000000
-43986278663857353/20000000000000
-432009076342625283/200000000000000
-106038841511669259/50000000000000
-416301655750728789/200000000000000
-204223972727390271/100000000000000
-80118847031766459/40000000000000
-24546282803930253/12500000000000
-384886814566935801/200000000000000
-188516552135493777/100000000000000
-369179393975039307/200000000000000
-18066284183954553/10000000000000
-353471973383142813/200000000000000
-172809131543597283/100000000000000
-337764552791246319/200000000000000
-41238855311912259/25000000000000
-12882285287973993/8000000000000
-157101710951700789/100000000000000
-306349711607453331/200000000000000
-74624000327876271/50000000000000
-290642291015556837/200000000000000
-28278858071960859/20000000000000
-274934870423660343/200000000000000
-8346286253991003/6250000000000
-259227449831763849/200000000000000
-125686869767907801/100000000000000
-48704005847973471/40000000000000
-58916579735979777/50000000000000
-227812608647970861/200000000000000
-109979449176011307/100000000000000
-212105188056074367/200000000000000
-5106286944003153/5000000000000

y-grades
9836829/40000000
9836829/20000000
29510487/40000000
9836829/10000000
9836829/8000000
29510487/20000000
68857803/40000000
9836829/5000000
88531461/40000000
9836829/4000000
108205119/40000000
29510487/10000000
127878777/40000000
68857803/20000000
29510487/8000000
9836829/2500000
167226093/40000000
88531461/20000000
186899751/40000000
9836829/2000000
206573409/40000000
108205119/20000000
226247067/40000000
29510487/5000000
9836829/1600000
127878777/20000000
265594383/40000000
68857803/10000000
285268041/40000000
29510487/4000000
304941699/40000000
9836829/1250000
324615357/40000000
167226093/20000000
68857803/8000000
88531461/10000000
363962673/40000000
186899751/20000000
383636331/40000000
9836829/1000000

Dimensions > 0:
(0, 0, 22)
(0, 1, 22)
(0, 2, 22)
(0, 3, 22)
(0, 4, 22)
(0, 5, 22)
(0, 6, 22)
(0, 7, 22)
(0, 8, 22)
(0, 9, 22)
(0, 10, 22)
(0, 11, 22)
(0, 12, 22)
(0, 13, 22)
(0, 14, 22)
(0, 15, 22)
(0, 16, 22)
(0, 17, 22)
(0, 18, 22)
(0, 19, 22)
(0, 20, 22)
(0, 21, 22)
(0, 22, 22)
(0, 23, 22)
(0, 24, 22)
(0, 25, 22)
(0, 26, 22)
(0, 27, 21)
(0, 28, 21)
(0, 29, 21)
(0, 30, 21)
(0, 31, 21)
(0, 32, 21)
(0, 33, 21)
(0, 34, 21)
(0, 35, 21)
(0, 36, 21)
(0, 37, 21)
(0, 38, 21)
(0, 39, 21)

(1, 0, 32)
(1, 1, 32)
(1, 2, 32)
(1, 3, 32)
(1, 4, 32)
(1, 5, 32)
(1, 6, 32)
(1, 7, 32)
(1, 8, 32)
(1, 9, 32)
(1, 10, 32)
(1, 11, 32)
(1, 12, 32)
(1, 13, 32)
(1, 14, 32)
(1, 15, 32)
(1, 16, 32)
(1, 17, 32)
(1, 18, 32)
(1, 19, 32)
(1, 20, 32)
(1, 21, 32)
(1, 22, 32)
(1, 23, 32)
(1, 24, 32)
(1, 25, 32)
(1, 26, 32)
(1, 27, 31)
(1, 28, 31)
(1, 29, 31)
(1, 30, 31)
(1, 31, 31)
(1, 32, 31)
(1, 33, 31)
(1, 34, 31)
(1, 35, 31)
(1, 36, 31)
(1, 37, 31)
(1, 38, 31)
(1, 39, 31)

(2, 0, 37)
(2, 1, 37)
(2, 2, 37)
(2, 3, 37)
(2, 4, 37)
(2, 5, 37)
(2, 6, 37)
(2, 7, 37)
(2, 8, 37)
(2, 9, 37)
(2, 10, 37)
(2, 11, 37)
(2, 12, 37)
(2, 13, 37)
(2, 14, 37)
(2, 15, 37)
(2, 16, 37)
(2, 17, 37)
(2, 18, 37)
(2, 19, 37)
(2, 20, 37)
(2, 21, 37)
(2, 22, 37)
(2, 23, 37)
(2, 24, 37)
(2, 25, 37)
(2, 26, 37)
(2, 27, 36)
(2, 28, 36)
(2, 29, 36)
(2, 30, 36)
(2, 31, 36)
(2, 32, 36)
(2, 33, 36)
(2, 34, 36)
(2, 35, 36)
(2, 36, 36)
(2, 37, 36)
(2, 38, 36)
(2, 39, 36)

(3, 0, 52)
(3, 1, 52)
(3, 2, 52)
(3, 3, 52)
(3, 4, 52)
(3, 5, 52)
(3, 6, 52)
(3, 7, 52)
(3, 8, 52)
(3, 9, 52)
(3, 10, 52)
(3, 11, 52)
(3, 12, 52)
(3, 13, 52)
(3, 14, 52)
(3, 15, 52)
(3, 16, 52)
(3, 17, 52)
(3, 18, 52)
(3, 19, 52)
(3, 20, 52)
(3, 21, 52)
(3, 22, 52)
(3, 23, 52)
(3, 24, 52)
(3, 25, 52)
(3, 26, 52)
(3, 27, 51)
(3, 28, 51)
(3, 29, 51)
(3, 30, 51)
(3, 31, 51)
(3, 32, 51)
(3, 33, 51)
(3, 34, 51)
(3, 35, 51)
(3, 36, 51)
(3, 37, 51)
(3, 38, 51)
(3, 39, 51)

(4, 0, 52)
(4, 1, 52)
(4, 2, 52)
(4, 3, 52)
(4, 4, 52)
(4, 5, 52)
(4, 6, 52)
(4, 7, 52)
(4, 8, 52)
(4, 9, 52)
(4, 10, 52)
(4, 11, 52)
(4, 12, 52)
(4, 13, 52)
(4, 14, 52)
(4, 15, 52)
(4, 16, 52)
(4, 17, 52)
(4, 18, 52)
(4, 19, 52)
(4, 20, 52)
(4, 21, 52)
(4, 22, 52)
(4, 23, 52)
(4, 24, 52)
(4, 25, 52)
(4, 26, 52)
(4, 27, 51)
(4, 28, 51)
(4, 29, 51)
(4, 30, 51)
(4, 31, 51)
(4, 32, 51)
(4, 33, 51)
(4, 34, 51)
(4, 35, 51)
(4, 36, 51)
(4, 37, 51)
(4, 38, 51)
(4, 39, 51)

(5, 0, 52)
(5, 1, 52)
(5, 2, 52)
(5, 3, 52)
(5, 4, 52)
(5, 5, 52)
(5, 6, 52)
(5, 7, 52)
(5, 8, 52)
(5, 9, 52)
(5, 10, 52)
(5, 11, 52)
(5, 12, 52)
(5, 13, 52)
(5, 14, 52)
(5, 15, 52)
(5, 16, 52)
(5, 17, 52)
(5, 18, 52)
(5, 19, 52)
(5, 20, 52)
(5, 21, 52)
(5, 22, 52)
(5, 23, 52)
(5, 24, 52)
(5, 25, 52)
(5, 26, 52)
(5, 27, 51)
(5, 28, 51)
(5, 29, 51)
(5, 30, 51)
(5, 31, 51)
(5, 32, 51)
(5, 33, 51)
(5, 34, 51)
(5, 35, 51)
(5, 36, 51)
(5, 37, 51)
(5, 38, 51)
(5, 39, 51)

(6, 0, 53)
(6, 1, 53)
(6, 2, 53)
(6, 3, 53)
(6, 4, 53)
(6, 5, 53)
(6, 6, 53)
(6, 7, 53)
(6, 8, 53)
(6, 9, 53)
(6, 10, 53)
(6, 11, 53)
(6, 12, 53)
(6, 13, 53)
(6, 14, 53)
(6, 15, 53)
(6, 16, 53)
(6, 17, 53)
(6, 18, 53)
(6, 19, 53)
(6, 20, 53)
(6, 21, 53)
(6, 22, 53)
(6, 23, 53)
(6, 24, 53)
(6, 25, 53)
(6, 26, 53)
(6, 27, 52)
(6, 28, 52)
(6, 29, 52)
(6, 30, 52)
(6, 31, 52)
(6, 32, 52)
(6, 33, 52)
(6, 34, 52)
(6, 35, 52)
(6, 36, 52)
(6, 37, 52)
(6, 38, 52)
(6, 39, 52)

(7, 0, 55)
(7, 1, 55)
(7, 2, 55)
(7, 3, 55)
(7, 4, 55)
(7, 5, 55)
(7, 6, 55)
(7, 7, 55)
(7, 8, 55)
(7, 9, 55)
(7, 10, 55)
(7, 11, 55)
(7, 12, 55)
(7, 13, 55)
(7, 14, 55)
(7, 15, 55)
(7, 16, 55)
(7, 17, 55)
(7, 18, 55)
(7, 19, 55)
(7, 20, 55)
(7, 21, 55)
(7, 22, 55)
(7, 23, 55)
(7, 24, 55)
(7, 25, 55)
(7, 26, 55)
(7, 27, 54)
(7, 28, 54)
(7, 29, 54)
(7, 30, 54)
(7, 31, 54)
(7, 32, 54)
(7, 33, 54)
(7, 34, 54)
(7, 35, 54)
(7, 36, 54)
(7, 37, 54)
(7, 38, 54)
(7, 39, 54)

(8, 0, 55)
(8, 1, 55)
(8, 2, 55)
(8, 3, 55)
(8, 4, 55)
(8, 5, 55)
(8, 6, 55)
(8, 7, 55)
(8, 8, 55)
(8, 9, 55)
(8, 10, 55)
(8, 11, 55)
(8, 12, 55)
(8, 13, 55)
(8, 14, 55)
(8, 15, 55)
(8, 16, 55)
(8, 17, 55)
(8, 18, 55)
(8, 19, 55)
(8, 20, 55)
(8, 21, 55)
(8, 22, 55)
(8, 23, 55)
(8, 24, 55)
(8, 25, 55)
(8, 26, 55)
(8, 27, 54)
(8, 28, 54)
(8, 29, 54)
(8, 30, 54)
(8, 31, 54)
(8, 32, 54)
(8, 33, 54)
(8, 34, 54)
(8, 35, 54)
(8, 36, 54)
(8, 37, 54)
(8, 38, 54)
(8, 39, 54)

(9, 0, 55)
(9, 1, 55)
(9, 2, 55)
(9, 3, 55)
(9, 4, 55)
(9, 5, 55)
(9, 6, 55)
(9, 7, 55)
(9, 8, 55)
(9, 9, 55)
(9, 10, 55)
(9, 11, 55)
(9, 12, 55)
(9, 13, 55)
(9, 14, 55)
(9, 15, 55)
(9, 16, 55)
(9, 17, 55)
(9, 18, 55)
(9, 19, 55)
(9, 20, 55)
(9, 21, 55)
(9, 22, 55)
(9, 23, 55)
(9, 24, 55)
(9, 25, 55)
(9, 26, 55)
(9, 27, 54)
(9, 28, 54)
(9, 29, 54)
(9, 30, 54)
(9, 31, 54)
(9, 32, 54)
(9, 33, 54)
(9, 34, 54)
(9, 35, 54)
(9, 36, 54)
(9, 37, 54)
(9, 38, 54)
(9, 39, 54)

(10, 0, 61)
(10, 1, 61)
(10, 2, 61)
(10, 3, 61)
(10, 4, 61)
(10, 5, 61)
(10, 6, 61)
(10, 7, 61)
(10, 8, 61)
(10, 9, 61)
(10, 10, 61)
(10, 11, 61)
(10, 12, 61)
(10, 13, 61)
(10, 14, 61)
(10, 15, 61)
(10, 16, 61)
(10, 17, 61)
(10, 18, 61)
(10, 19, 61)
(10, 20, 61)
(10, 21, 61)
(10, 22, 61)
(10, 23, 61)
(10, 24, 61)
(10, 25, 61)
(10, 26, 61)
(10, 27, 60)
(10, 28, 60)
(10, 29, 60)
(10, 30, 60)
(10, 31, 60)
(10, 32, 60)
(10, 33, 60)
(10, 34, 60)
(10, 35, 60)
(10, 36, 60)
(10, 37, 60)
(10, 38, 60)
(10, 39, 60)

(11, 0, 80)
(11, 1, 80)
(11, 2, 80)
(11, 3, 80)
(11, 4, 80)
(11, 5, 80)
(11, 6, 80)
(11, 7, 80)
(11, 8, 80)
(11, 9, 80)
(11, 10, 80)
(11, 11, 80)
(11, 12, 80)
(11, 13, 80)
(11, 14, 80)
(11, 15, 80)
(11, 16, 80)
(11, 17, 80)
(11, 18, 80)
(11, 19, 80)
(11, 20, 80)
(11, 21, 80)
(11, 22, 80)
(11, 23, 80)
(11, 24, 80)
(11, 25, 80)
(11, 26, 80)
(11, 27, 79)
(11, 28, 79)
(11, 29, 79)
(11, 30, 79)
(11, 31, 79)
(11, 32, 79)
(11, 33, 79)
(11, 34, 79)
(11, 35, 79)
(11, 36, 79)
(11, 37, 79)
(11, 38, 79)
(11, 39, 79)

(12, 0, 103)
(12, 1, 103)
(12, 2, 103)
(12, 3, 103)
(12, 4, 103)
(12, 5, 103)
(12, 6, 103)
(12, 7, 103)
(12, 8, 103)
(12, 9, 103)
(12, 10, 103)
(12, 11, 103)
(12, 12, 103)
(12, 13, 103)
(12, 14, 103)
(12, 15, 103)
(12, 16, 103)
(12, 17, 103)
(12, 18, 103)
(12, 19, 103)
(12, 20, 103)
(12, 21, 103)
(12, 22, 103)
(12, 23, 103)
(12, 24, 103)
(12, 25, 103)
(12, 26, 103)
(12, 27, 102)
(12, 28, 102)
(12, 29, 102)
(12, 30, 102)
(12, 31, 102)
(12, 32, 102)
(12, 33, 102)
(12, 34, 102)
(12, 35, 102)
(12, 36, 102)
(12, 37, 102)
(12, 38, 102)
(12, 39, 102)

(13, 0, 106)
(13, 1, 106)
(13, 2, 106)
(13, 3, 106)
(13, 4, 106)
(13, 5, 106)
(13, 6, 106)
(13, 7, 106)
(13, 8, 106)
(13, 9, 106)
(13, 10, 106)
(13, 11, 106)
(13, 12, 106)
(13, 13, 106)
(13, 14, 106)
(13, 15, 106)
(13, 16, 106)
(13, 17, 106)
(13, 18, 106)
(13, 19, 106)
(13, 20, 106)
(13, 21, 106)
(13, 22, 106)
(13, 23, 106)
(13, 24, 106)
(13, 25, 106)
(13, 26, 106)
(13, 27, 105)
(13, 28, 105)
(13, 29, 105)
(13, 30, 105)
(13, 31, 105)
(13, 32, 105)
(13, 33, 105)
(13, 34, 105)
(13, 35, 105)
(13, 36, 105)
(13, 37, 105)
(13, 38, 105)
(13, 39, 105)

(14, 0, 125)
(14, 1, 125)
(14, 2, 125)
(14, 3, 125)
(14, 4, 125)
(14, 5, 125)
(14, 6, 125)
(14, 7, 125)
(14, 8, 125)
(14, 9, 125)
(14, 10, 125)
(14, 11, 125)
(14, 12, 125)
(14, 13, 125)
(14, 14, 125)
(14, 15, 125)
(14, 16, 125)
(14, 17, 125)
(14, 18, 125)
(14, 19, 125)
(14, 20, 125)
(14, 21, 125)
(14, 22, 125)
(14, 23, 125)
(14, 24, 125)
(14, 25, 125)
(14, 26, 125)
(14, 27, 124)
(14, 28, 124)
(14, 29, 124)
(14, 30, 124)
(14, 31, 124)
(14, 32, 124)
(14, 33, 124)
(14, 34, 124)
(14, 35, 124)
(14, 36, 124)
(14, 37, 124)
(14, 38, 124)
(14, 39, 124)

(15, 0, 147)
(15, 1, 147)
(15, 2, 147)
(15, 3, 147)
(15, 4, 147)
(15, 5, 147)
(15, 6, 147)
(15, 7, 147)
(15, 8, 147)
(15, 9, 147)
(15, 10, 147)
(15, 11, 147)
(15, 12, 147)
(15, 13, 147)
(15, 14, 147)
(15, 15, 147)
(15, 16, 147)
(15, 17, 147)
(15, 18, 147)
(15, 19, 147)
(15, 20, 147)
(15, 21, 147)
(15, 22, 147)
(15, 23, 147)
(15, 24, 147)
(15, 25, 147)
(15, 26, 147)
(15, 27, 146)
(15, 28, 146)
(15, 29, 146)
(15, 30, 146)
(15, 31, 146)
(15, 32, 146)
(15, 33, 146)
(15, 34, 146)
(15, 35, 146)
(15, 36, 146)
(15, 37, 146)
(15, 38, 146)
(15, 39, 146)

(16, 0, 214)
(16, 1, 214)
(16, 2, 214)
(16, 3, 214)
(16, 4, 214)
(16, 5, 214)
(16, 6, 214)
(16, 7, 214)
(16, 8, 214)
(16, 9, 214)
(16, 10, 214)
(16, 11, 214)
(16, 12, 214)
(16, 13, 214)
(16, 14, 214)
(16, 15, 214)
(16, 16, 214)
(16, 17, 214)
(16, 18, 214)
(16, 19, 214)
(16, 20, 214)
(16, 21, 214)
(16, 22, 214)
(16, 23, 214)
(16, 24, 214)
(16, 25, 214)
(16, 26, 214)
(16, 27, 213)
(16, 28, 213)
(16, 29, 213)
(16, 30, 213)
(16, 31, 213)
(16, 32, 213)
(16, 33, 213)
(16, 34, 213)
(16, 35, 213)
(16, 36, 213)
(16, 37, 213)
(16, 38, 213)
(16, 39, 213)

(17, 0, 241)
(17, 1, 241)
(17, 2, 241)
(17, 3, 241)
(17, 4, 241)
(17, 5, 241)
(17, 6, 241)
(17, 7, 241)
(17, 8, 241)
(17, 9, 241)
(17, 10, 241)
(17, 11, 241)
(17, 12, 241)
(17, 13, 241)
(17, 14, 241)
(17, 15, 241)
(17, 16, 241)
(17, 17, 241)
(17, 18, 241)
(17, 19, 241)
(17, 20, 241)
(17, 21, 241)
(17, 22, 241)
(17, 23, 241)
(17, 24, 241)
(17, 25, 241)
(17, 26, 241)
(17, 27, 240)
(17, 28, 240)
(17, 29, 240)
(17, 30, 240)
(17, 31, 240)
(17, 32, 240)
(17, 33, 240)
(17, 34, 240)
(17, 35, 240)
(17, 36, 240)
(17, 37, 240)
(17, 38, 240)
(17, 39, 240)

(18, 0, 282)
(18, 1, 282)
(18, 2, 282)
(18, 3, 282)
(18, 4, 282)
(18, 5, 282)
(18, 6, 282)
(18, 7, 282)
(18, 8, 282)
(18, 9, 282)
(18, 10, 282)
(18, 11, 282)
(18, 12, 282)
(18, 13, 282)
(18, 14, 282)
(18, 15, 282)
(18, 16, 282)
(18, 17, 282)
(18, 18, 282)
(18, 19, 282)
(18, 20, 282)
(18, 21, 282)
(18, 22, 282)
(18, 23, 282)
(18, 24, 282)
(18, 25, 282)
(18, 26, 282)
(18, 27, 281)
(18, 28, 281)
(18, 29, 281)
(18, 30, 281)
(18, 31, 281)
(18, 32, 281)
(18, 33, 281)
(18, 34, 281)
(18, 35, 281)
(18, 36, 281)
(18, 37, 281)
(18, 38, 281)
(18, 39, 281)

(19, 0, 291)
(19, 1, 291)
(19, 2, 291)
(19, 3, 291)
(19, 4, 291)
(19, 5, 291)
(19, 6, 291)
(19, 7, 291)
(19, 8, 291)
(19, 9, 291)
(19, 10, 291)
(19, 11, 291)
(19, 12, 291)
(19, 13, 291)
(19, 14, 291)
(19, 15, 291)
(19, 16, 291)
(19, 17, 291)
(19, 18, 291)
(19, 19, 291)
(19, 20, 291)
(19, 21, 291)
(19, 22, 291)
(19, 23, 291)
(19, 24, 291)
(19, 25, 291)
(19, 26, 291)
(19, 27, 290)
(19, 28, 290)
(19, 29, 290)
(19, 30, 290)
(19, 31, 290)
(19, 32, 290)
(19, 33, 290)
(19, 34, 290)
(19, 35, 290)
(19, 36, 290)
(19, 37, 290)
(19, 38, 290)
(19, 39, 290)

(20, 0, 314)
(20, 1, 314)
(20, 2, 314)
(20, 3, 314)
(20, 4, 314)
(20, 5, 314)
(20, 6, 314)
(20, 7, 314)
(20, 8, 314)
(20, 9, 314)
(20, 10, 314)
(20, 11, 314)
(20, 12, 313)
(20, 13, 313)
(20, 14, 313)
(20, 15, 313)
(20, 16, 313)
(20, 17, 313)
(20, 18, 313)
(20, 19, 313)
(20, 20, 313)
(20, 21, 313)
(20, 22, 313)
(20, 23, 313)
(20, 24, 313)
(20, 25, 313)
(20, 26, 313)
(20, 27, 312)
(20, 28, 312)
(20, 29, 312)
(20, 30, 312)
(20, 31, 312)
(20, 32, 312)
(20, 33, 312)
(20, 34, 312)
(20, 35, 312)
(20, 36, 312)
(20, 37, 312)
(20, 38, 312)
(20, 39, 312)

(21, 0, 327)
(21, 1, 327)
(21, 2, 327)
(21, 3, 327)
(21, 4, 327)
(21, 5, 327)
(21, 6, 327)
(21, 7, 327)
(21, 8, 327)
(21, 9, 327)
(21, 10, 327)
(21, 11, 327)
(21, 12, 326)
(21, 13, 326)
(21, 14, 326)
(21, 15, 326)
(21, 16, 326)
(21, 17, 326)
(21, 18, 326)
(21, 19, 326)
(21, 20, 326)
(21, 21, 326)
(21, 22, 326)
(21, 23, 326)
(21, 24, 326)
(21, 25, 326)
(21, 26, 326)
(21, 27, 325)
(21, 28, 325)
(21, 29, 325)
(21, 30, 325)
(21, 31, 325)
(21, 32, 325)
(21, 33, 325)
(21, 34, 325)
(21, 35, 325)
(21, 36, 325)
(21, 37, 325)
(21, 38, 325)
(21, 39, 325)

(22, 0, 347)
(22, 1, 347)
(22, 2, 347)
(22, 3, 347)
(22, 4, 347)
(22, 5, 347)
(22, 6, 347)
(22, 7, 347)
(22, 8, 347)
(22, 9, 347)
(22, 10, 347)
(22, 11, 347)
(22, 12, 345)
(22, 13, 345)
(22, 14, 345)
(22, 15, 345)
(22, 16, 345)
(22, 17, 345)
(22, 18, 345)
(22, 19, 345)
(22, 20, 345)
(22, 21, 345)
(22, 22, 345)
(22, 23, 345)
(22, 24, 343)
(22, 25, 343)
(22, 26, 343)
(22, 27, 342)
(22, 28, 342)
(22, 29, 342)
(22, 30, 342)
(22, 31, 342)
(22, 32, 342)
(22, 33, 342)
(22, 34, 342)
(22, 35, 342)
(22, 36, 342)
(22, 37, 342)
(22, 38, 342)
(22, 39, 342)

(23, 0, 352)
(23, 1, 352)
(23, 2, 352)
(23, 3, 352)
(23, 4, 352)
(23, 5, 352)
(23, 6, 352)
(23, 7, 352)
(23, 8, 352)
(23, 9, 352)
(23, 10, 352)
(23, 11, 352)
(23, 12, 350)
(23, 13, 350)
(23, 14, 350)
(23, 15, 350)
(23, 16, 350)
(23, 17, 350)
(23, 18, 350)
(23, 19, 350)
(23, 20, 350)
(23, 21, 350)
(23, 22, 350)
(23, 23, 350)
(23, 24, 348)
(23, 25, 348)
(23, 26, 348)
(23, 27, 347)
(23, 28, 347)
(23, 29, 347)
(23, 30, 347)
(23, 31, 347)
(23, 32, 347)
(23, 33, 347)
(23, 34, 347)
(23, 35, 347)
(23, 36, 347)
(23, 37, 347)
(23, 38, 347)
(23, 39, 347)

(24, 0, 366)
(24, 1, 366)
(24, 2, 366)
(24, 3, 366)
(24, 4, 366)
(24, 5, 366)
(24, 6, 366)
(24, 7, 366)
(24, 8, 366)
(24, 9, 366)
(24, 10, 366)
(24, 11, 366)
(24, 12, 364)
(24, 13, 363)
(24, 14, 363)
(24, 15, 363)
(24, 16, 363)
(24, 17, 363)
(24, 18, 363)
(24, 19, 363)
(24, 20, 363)
(24, 21, 363)
(24, 22, 363)
(24, 23, 363)
(24, 24, 361)
(24, 25, 361)
(24, 26, 361)
(24, 27, 360)
(24, 28, 360)
(24, 29, 360)
(24, 30, 360)
(24, 31, 360)
(24, 32, 360)
(24, 33, 360)
(24, 34, 360)
(24, 35, 360)
(24, 36, 360)
(24, 37, 360)
(24, 38, 360)
(24, 39, 360)

(25, 0, 381)
(25, 1, 381)
(25, 2, 381)
(25, 3, 381)
(25, 4, 381)
(25, 5, 381)
(25, 6, 381)
(25, 7, 381)
(25, 8, 381)
(25, 9, 381)
(25, 10, 381)
(25, 11, 381)
(25, 12, 379)
(25, 13, 378)
(25, 14, 378)
(25, 15, 378)
(25, 16, 378)
(25, 17, 378)
(25, 18, 378)
(25, 19, 378)
(25, 20, 378)
(25, 21, 378)
(25, 22, 378)
(25, 23, 378)
(25, 24, 376)
(25, 25, 376)
(25, 26, 376)
(25, 27, 375)
(25, 28, 375)
(25, 29, 375)
(25, 30, 375)
(25, 31, 375)
(25, 32, 375)
(25, 33, 375)
(25, 34, 375)
(25, 35, 375)
(25, 36, 375)
(25, 37, 375)
(25, 38, 375)
(25, 39, 375)

(26, 0, 402)
(26, 1, 402)
(26, 2, 402)
(26, 3, 402)
(26, 4, 402)
(26, 5, 402)
(26, 6, 402)
(26, 7, 402)
(26, 8, 402)
(26, 9, 402)
(26, 10, 402)
(26, 11, 402)
(26, 12, 400)
(26, 13, 399)
(26, 14, 399)
(26, 15, 399)
(26, 16, 399)
(26, 17, 399)
(26, 18, 399)
(26, 19, 399)
(26, 20, 399)
(26, 21, 399)
(26, 22, 399)
(26, 23, 399)
(26, 24, 397)
(26, 25, 397)
(26, 26, 397)
(26, 27, 396)
(26, 28, 396)
(26, 29, 396)
(26, 30, 396)
(26, 31, 396)
(26, 32, 396)
(26, 33, 396)
(26, 34, 396)
(26, 35, 396)
(26, 36, 396)
(26, 37, 396)
(26, 38, 396)
(26, 39, 396)

(27, 0, 465)
(27, 1, 462)
(27, 2, 459)
(27, 3, 458)
(27, 4, 456)
(27, 5, 453)
(27, 6, 452)
(27, 7, 451)
(27, 8, 450)
(27, 9, 448)
(27, 10, 448)
(27, 11, 447)
(27, 12, 443)
(27, 13, 441)
(27, 14, 441)
(27, 15, 441)
(27, 16, 441)
(27, 17, 438)
(27, 18, 437)
(27, 19, 437)
(27, 20, 435)
(27, 21, 435)
(27, 22, 435)
(27, 23, 435)
(27, 24, 433)
(27, 25, 433)
(27, 26, 431)
(27, 27, 430)
(27, 28, 430)
(27, 29, 430)
(27, 30, 430)
(27, 31, 429)
(27, 32, 428)
(27, 33, 428)
(27, 34, 427)
(27, 35, 427)
(27, 36, 427)
(27, 37, 426)
(27, 38, 426)
(27, 39, 426)

(28, 0, 484)
(28, 1, 481)
(28, 2, 478)
(28, 3, 477)
(28, 4, 475)
(28, 5, 472)
(28, 6, 471)
(28, 7, 470)
(28, 8, 469)
(28, 9, 467)
(28, 10, 467)
(28, 11, 466)
(28, 12, 462)
(28, 13, 460)
(28, 14, 460)
(28, 15, 460)
(28, 16, 460)
(28, 17, 457)
(28, 18, 456)
(28, 19, 456)
(28, 20, 454)
(28, 21, 454)
(28, 22, 454)
(28, 23, 454)
(28, 24, 452)
(28, 25, 452)
(28, 26, 450)
(28, 27, 449)
(28, 28, 449)
(28, 29, 449)
(28, 30, 449)
(28, 31, 448)
(28, 32, 447)
(28, 33, 447)
(28, 34, 446)
(28, 35, 446)
(28, 36, 446)
(28, 37, 445)
(28, 38, 445)
(28, 39, 445)

(29, 0, 497)
(29, 1, 494)
(29, 2, 491)
(29, 3, 490)
(29, 4, 488)
(29, 5, 485)
(29, 6, 483)
(29, 7, 482)
(29, 8, 481)
(29, 9, 479)
(29, 10, 479)
(29, 11, 478)
(29, 12, 474)
(29, 13, 472)
(29, 14, 472)
(29, 15, 472)
(29, 16, 472)
(29, 17, 469)
(29, 18, 468)
(29, 19, 468)
(29, 20, 466)
(29, 21, 466)
(29, 22, 466)
(29, 23, 466)
(29, 24, 464)
(29, 25, 464)
(29, 26, 462)
(29, 27, 461)
(29, 28, 461)
(29, 29, 461)
(29, 30, 461)
(29, 31, 460)
(29, 32, 459)
(29, 33, 459)
(29, 34, 458)
(29, 35, 458)
(29, 36, 458)
(29, 37, 457)
(29, 38, 457)
(29, 39, 457)

(30, 0, 522)
(30, 1, 519)
(30, 2, 515)
(30, 3, 514)
(30, 4, 512)
(30, 5, 509)
(30, 6, 507)
(30, 7, 506)
(30, 8, 505)
(30, 9, 503)
(30, 10, 503)
(30, 11, 502)
(30, 12, 498)
(30, 13, 496)
(30, 14, 496)
(30, 15, 496)
(30, 16, 496)
(30, 17, 493)
(30, 18, 492)
(30, 19, 492)
(30, 20, 490)
(30, 21, 490)
(30, 22, 490)
(30, 23, 490)
(30, 24, 488)
(30, 25, 488)
(30, 26, 486)
(30, 27, 485)
(30, 28, 485)
(30, 29, 485)
(30, 30, 485)
(30, 31, 484)
(30, 32, 483)
(30, 33, 483)
(30, 34, 482)
(30, 35, 482)
(30, 36, 482)
(30, 37, 481)
(30, 38, 481)
(30, 39, 481)

(31, 0, 535)
(31, 1, 532)
(31, 2, 528)
(31, 3, 527)
(31, 4, 525)
(31, 5, 522)
(31, 6, 520)
(31, 7, 519)
(31, 8, 518)
(31, 9, 516)
(31, 10, 516)
(31, 11, 515)
(31, 12, 511)
(31, 13, 509)
(31, 14, 509)
(31, 15, 509)
(31, 16, 509)
(31, 17, 506)
(31, 18, 505)
(31, 19, 505)
(31, 20, 503)
(31, 21, 503)
(31, 22, 503)
(31, 23, 503)
(31, 24, 501)
(31, 25, 501)
(31, 26, 499)
(31, 27, 498)
(31, 28, 498)
(31, 29, 498)
(31, 30, 498)
(31, 31, 497)
(31, 32, 496)
(31, 33, 496)
(31, 34, 495)
(31, 35, 495)
(31, 36, 495)
(31, 37, 494)
(31, 38, 494)
(31, 39, 494)

(32, 0, 565)
(32, 1, 562)
(32, 2, 558)
(32, 3, 557)
(32, 4, 555)
(32, 5, 552)
(32, 6, 550)
(32, 7, 549)
(32, 8, 548)
(32, 9, 546)
(32, 10, 546)
(32, 11, 545)
(32, 12, 541)
(32, 13, 539)
(32, 14, 539)
(32, 15, 539)
(32, 16, 539)
(32, 17, 536)
(32, 18, 535)
(32, 19, 535)
(32, 20, 533)
(32, 21, 533)
(32, 22, 533)
(32, 23, 533)
(32, 24, 531)
(32, 25, 531)
(32, 26, 529)
(32, 27, 528)
(32, 28, 528)
(32, 29, 528)
(32, 30, 528)
(32, 31, 527)
(32, 32, 526)
(32, 33, 526)
(32, 34, 525)
(32, 35, 525)
(32, 36, 525)
(32, 37, 524)
(32, 38, 524)
(32, 39, 524)

(33, 0, 581)
(33, 1, 578)
(33, 2, 574)
(33, 3, 573)
(33, 4, 571)
(33, 5, 568)
(33, 6, 566)
(33, 7, 565)
(33, 8, 564)
(33, 9, 562)
(33, 10, 562)
(33, 11, 561)
(33, 12, 557)
(33, 13, 555)
(33, 14, 555)
(33, 15, 555)
(33, 16, 555)
(33, 17, 552)
(33, 18, 551)
(33, 19, 551)
(33, 20, 549)
(33, 21, 549)
(33, 22, 549)
(33, 23, 549)
(33, 24, 547)
(33, 25, 547)
(33, 26, 545)
(33, 27, 544)
(33, 28, 544)
(33, 29, 544)
(33, 30, 544)
(33, 31, 543)
(33, 32, 542)
(33, 33, 542)
(33, 34, 541)
(33, 35, 541)
(33, 36, 541)
(33, 37, 540)
(33, 38, 540)
(33, 39, 540)

(34, 0, 601)
(34, 1, 598)
(34, 2, 594)
(34, 3, 593)
(34, 4, 591)
(34, 5, 588)
(34, 6, 586)
(34, 7, 585)
(34, 8, 584)
(34, 9, 582)
(34, 10, 582)
(34, 11, 581)
(34, 12, 577)
(34, 13, 575)
(34, 14, 575)
(34, 15, 575)
(34, 16, 575)
(34, 17, 572)
(34, 18, 571)
(34, 19, 571)
(34, 20, 569)
(34, 21, 569)
(34, 22, 569)
(34, 23, 569)
(34, 24, 567)
(34, 25, 567)
(34, 26, 565)
(34, 27, 564)
(34, 28, 564)
(34, 29, 564)
(34, 30, 564)
(34, 31, 563)
(34, 32, 562)
(34, 33, 562)
(34, 34, 561)
(34, 35, 561)
(34, 36, 561)
(34, 37, 560)
(34, 38, 560)
(34, 39, 560)

(35, 0, 624)
(35, 1, 621)
(35, 2, 617)
(35, 3, 616)
(35, 4, 614)
(35, 5, 611)
(35, 6, 609)
(35, 7, 608)
(35, 8, 607)
(35, 9, 605)
(35, 10, 605)
(35, 11, 604)
(35, 12, 600)
(35, 13, 598)
(35, 14, 598)
(35, 15, 598)
(35, 16, 598)
(35, 17, 595)
(35, 18, 594)
(35, 19, 594)
(35, 20, 592)
(35, 21, 592)
(35, 22, 592)
(35, 23, 592)
(35, 24, 590)
(35, 25, 590)
(35, 26, 588)
(35, 27, 587)
(35, 28, 587)
(35, 29, 587)
(35, 30, 587)
(35, 31, 586)
(35, 32, 585)
(35, 33, 585)
(35, 34, 584)
(35, 35, 584)
(35, 36, 584)
(35, 37, 583)
(35, 38, 583)
(35, 39, 583)

(36, 0, 670)
(36, 1, 667)
(36, 2, 663)
(36, 3, 662)
(36, 4, 660)
(36, 5, 657)
(36, 6, 655)
(36, 7, 654)
(36, 8, 653)
(36, 9, 651)
(36, 10, 651)
(36, 11, 650)
(36, 12, 646)
(36, 13, 644)
(36, 14, 644)
(36, 15, 644)
(36, 16, 644)
(36, 17, 641)
(36, 18, 640)
(36, 19, 640)
(36, 20, 638)
(36, 21, 638)
(36, 22, 638)
(36, 23, 638)
(36, 24, 636)
(36, 25, 636)
(36, 26, 634)
(36, 27, 633)
(36, 28, 633)
(36, 29, 633)
(36, 30, 633)
(36, 31, 632)
(36, 32, 631)
(36, 33, 631)
(36, 34, 630)
(36, 35, 630)
(36, 36, 630)
(36, 37, 629)
(36, 38, 629)
(36, 39, 629)

(37, 0, 759)
(37, 1, 756)
(37, 2, 752)
(37, 3, 751)
(37, 4, 749)
(37, 5, 746)
(37, 6, 744)
(37, 7, 743)
(37, 8, 742)
(37, 9, 740)
(37, 10, 740)
(37, 11, 739)
(37, 12, 734)
(37, 13, 732)
(37, 14, 732)
(37, 15, 732)
(37, 16, 732)
(37, 17, 729)
(37, 18, 728)
(37, 19, 728)
(37, 20, 726)
(37, 21, 726)
(37, 22, 726)
(37, 23, 726)
(37, 24, 724)
(37, 25, 724)
(37, 26, 722)
(37, 27, 721)
(37, 28, 721)
(37, 29, 721)
(37, 30, 721)
(37, 31, 720)
(37, 32, 719)
(37, 33, 719)
(37, 34, 718)
(37, 35, 718)
(37, 36, 718)
(37, 37, 717)
(37, 38, 717)
(37, 39, 717)

(38, 0, 811)
(38, 1, 808)
(38, 2, 804)
(38, 3, 803)
(38, 4, 801)
(38, 5, 798)
(38, 6, 796)
(38, 7, 795)
(38, 8, 794)
(38, 9, 792)
(38, 10, 792)
(38, 11, 791)
(38, 12, 786)
(38, 13, 784)
(38, 14, 784)
(38, 15, 784)
(38, 16, 784)
(38, 17, 781)
(38, 18, 780)
(38, 19, 780)
(38, 20, 778)
(38, 21, 778)
(38, 22, 778)
(38, 23, 778)
(38, 24, 776)
(38, 25, 776)
(38, 26, 774)
(38, 27, 773)
(38, 28, 773)
(38, 29, 773)
(38, 30, 773)
(38, 31, 772)
(38, 32, 771)
(38, 33, 771)
(38, 34, 770)
(38, 35, 770)
(38, 36, 770)
(38, 37, 769)
(38, 38, 769)
(38, 39, 769)

(39, 0, 860)
(39, 1, 857)
(39, 2, 853)
(39, 3, 852)
(39, 4, 850)
(39, 5, 847)
(39, 6, 845)
(39, 7, 844)
(39, 8, 843)
(39, 9, 841)
(39, 10, 841)
(39, 11, 840)
(39, 12, 835)
(39, 13, 833)
(39, 14, 833)
(39, 15, 832)
(39, 16, 832)
(39, 17, 829)
(39, 18, 828)
(39, 19, 828)
(39, 20, 826)
(39, 21, 826)
(39, 22, 826)
(39, 23, 826)
(39, 24, 824)
(39, 25, 824)
(39, 26, 822)
(39, 27, 821)
(39, 28, 821)
(39, 29, 821)
(39, 30, 821)
(39, 31, 820)
(39, 32, 819)
(39, 33, 819)
(39, 34, 818)
(39, 35, 818)
(39, 36, 818)
(39, 37, 817)
(39, 38, 817)
(39, 39, 817)


Betti numbers:
xi_0:
(0, 0, 22)
(1, 0, 10)
(2, 0, 5)
(3, 0, 15)
(6, 0, 1)
(7, 0, 2)
(10, 0, 6)
(11, 0, 19)
(12, 0, 23)
(13, 0, 3)
(14, 0, 19)
(15, 0, 22)
(16, 0, 67)
(17, 0, 27)
(18, 0, 41)
(19, 0, 9)
(20, 0, 23)
(21, 0, 13)
(22, 0, 20)
(23, 0, 5)
(24, 0, 14)
(25, 0, 15)
(26, 0, 21)
(27, 0, 63)
(28, 0, 19)
(29, 0, 13)
(30, 0, 25)
(31, 0, 13)
(32, 0, 30)
(33, 0, 16)
(34, 0, 20)
(35, 0, 23)
(36, 0, 46)
(37, 0, 89)
(38, 0, 52)
(39, 0, 49)
xi_1:
(0, 27, 1)
(20, 12, 1)
(22, 12, 1)
(22, 24, 2)
(24, 13, 1)
(27, 1, 3)
(27, 2, 3)
(27, 3, 1)
(27, 4, 2)
(27, 5, 3)
(27, 6, 1)
(27, 7, 1)
(27, 8, 1)
(27, 9, 2)
(27, 11, 1)
(27, 12, 2)
(27, 13, 1)
(27, 17, 3)
(27, 18, 1)
(27, 20, 2)
(27, 26, 2)
(27, 31, 1)
(27, 32, 1)
(27, 34, 1)
(27, 37, 1)
(29, 6, 1)
(30, 2, 1)
(37, 12, 1)
(39, 15, 1)
xi_2:
