x-grades
-53952863947006923/40000000000000000
-26469359663473671/20000000000000000
-51924574706887761/40000000000000000
-2545521504341409/2000000000000000
-49896285466768599/40000000000000000
-24441070423354509/20000000000000000
-47867996226649437/40000000000000000
-1464182862705933/1250000000000000
-1833588279461211/1600000000000000
-22412781183235347/20000000000000000
-43811417746411113/40000000000000000
-10699318281587883/10000000000000000
-41783128506291951/40000000000000000
-4076898388623237/4000000000000000
-39754839266172789/40000000000000000
-4842586830764151/5000000000000000
-37726550026053627/40000000000000000
-18356202702997023/20000000000000000
-7139652157186893/8000000000000000
-8671029041468721/10000000000000000
-33669971545815303/40000000000000000
-16327913462877861/20000000000000000
-31641682305696141/40000000000000000
-382844221070457/500000000000000
-29613393065576979/40000000000000000
-14299624222758699/20000000000000000
-27585103825457817/40000000000000000
-6642739801349559/10000000000000000
-5111362917067731/8000000000000000
-12271334982639537/20000000000000000
-23528525345219493/40000000000000000
-2814297590644989/5000000000000000
-21500236105100331/40000000000000000
-81944365940163/160000000000000
-19471946864981169/40000000000000000
-4614450561230397/10000000000000000
-17443657624862007/40000000000000000
-8214756502401213/20000000000000000
-3083073676948569/8000000000000000
-28127390165397/78125000000000

y-grades
1088917/5000000
1088917/2500000
3266751/5000000
1088917/1250000
1088917/1000000
3266751/2500000
7622419/5000000
1088917/625000
9800253/5000000
1088917/500000
11978087/5000000
3266751/1250000
14155921/5000000
7622419/2500000
3266751/1000000
1088917/312500
18511589/5000000
9800253/2500000
20689423/5000000
1088917/250000
22867257/5000000
11978087/2500000
25045091/5000000
3266751/625000
1088917/200000
14155921/2500000
29400759/5000000
7622419/1250000
31578593/5000000
3266751/500000
33756427/5000000
1088917/156250
35934261/5000000
18511589/2500000
7622419/1000000
9800253/1250000
40289929/5000000
20689423/2500000
42467763/5000000
1088917/125000

Dimensions > 0:
(0, 0, 2)
(0, 1, 2)
(0, 2, 2)
(0, 3, 2)
(0, 4, 2)
(0, 5, 1)
(0, 6, 1)
(0, 7, 1)
(0, 8, 1)
(0, 9, 1)
(0, 10, 1)
(0, 11, 1)
(0, 12, 1)
(0, 13, 1)
(0, 14, 1)
(0, 15, 1)
(0, 16, 1)
(0, 17, 1)
(0, 18, 1)
(0, 19, 1)
(0, 20, 1)
(0, 21, 1)
(0, 22, 1)
(0, 23, 1)
(0, 24, 1)
(0, 25, 1)
(0, 26, 1)
(0, 27, 1)
(0, 28, 1)
(0, 29, 1)
(0, 30, 1)
(0, 31, 1)
(0, 32, 1)
(0, 33, 1)
(0, 34, 1)
(0, 35, 1)
(0, 36, 1)
(0, 37, 1)
(0, 38, 1)
(0, 39, 1)

(1, 0, 2)
(1, 1, 2)
(1, 2, 2)
(1, 3, 2)
(1, 4, 2)
(1, 5, 1)
(1, 6, 1)
(1, 7, 1)
(1, 8, 1)
(1, 9, 1)
(1, 10, 1)
(1, 11, 1)
(1, 12, 1)
(1, 13, 1)
(1, 14, 1)
(1, 15, 1)
(1, 16, 1)
(1, 17, 1)
(1, 18, 1)
(1, 19, 1)
(1, 20, 1)
(1, 21, 1)
(1, 22, 1)
(1, 23, 1)
(1, 24, 1)
(1, 25, 1)
(1, 26, 1)
(1, 27, 1)
(1, 28, 1)
(1, 29, 1)
(1, 30, 1)
(1, 31, 1)
(1, 32, 1)
(1, 33, 1)
(1, 34, 1)
(1, 35, 1)
(1, 36, 1)
(1, 37, 1)
(1, 38, 1)
(1, 39, 1)

(2, 0, 4)
(2, 1, 3)
(2, 2, 3)
(2, 3, 3)
(2, 4, 3)
(2, 5, 2)
(2, 6, 2)
(2, 7, 2)
(2, 8, 2)
(2, 9, 2)
(2, 10, 2)
(2, 11, 2)
(2, 12, 2)
(2, 13, 2)
(2, 14, 2)
(2, 15, 2)
(2, 16, 2)
(2, 17, 2)
(2, 18, 2)
(2, 19, 2)
(2, 20, 2)
(2, 21, 2)
(2, 22, 2)
(2, 23, 2)
(2, 24, 2)
(2, 25, 2)
(2, 26, 2)
(2, 27, 2)
(2, 28, 2)
(2, 29, 2)
(2, 30, 2)
(2, 31, 2)
(2, 32, 2)
(2, 33, 2)
(2, 34, 2)
(2, 35, 2)
(2, 36, 2)
(2, 37, 2)
(2, 38, 2)
(2, 39, 2)

(3, 0, 6)
(3, 1, 4)
(3, 2, 4)
(3, 3, 4)
(3, 4, 3)
(3, 5, 2)
(3, 6, 2)
(3, 7, 2)
(3, 8, 2)
(3, 9, 2)
(3, 10, 2)
(3, 11, 2)
(3, 12, 2)
(3, 13, 2)
(3, 14, 2)
(3, 15, 2)
(3, 16, 2)
(3, 17, 2)
(3, 18, 2)
(3, 19, 2)
(3, 20, 2)
(3, 21, 2)
(3, 22, 2)
(3, 23, 2)
(3, 24, 2)
(3, 25, 2)
(3, 26, 2)
(3, 27, 2)
(3, 28, 2)
(3, 29, 2)
(3, 30, 2)
(3, 31, 2)
(3, 32, 2)
(3, 33, 2)
(3, 34, 2)
(3, 35, 2)
(3, 36, 2)
(3, 37, 2)
(3, 38, 2)
(3, 39, 2)

(4, 0, 6)
(4, 1, 4)
(4, 2, 4)
(4, 3, 4)
(4, 4, 3)
(4, 5, 2)
(4, 6, 2)
(4, 7, 2)
(4, 8, 2)
(4, 9, 2)
(4, 10, 2)
(4, 11, 2)
(4, 12, 2)
(4, 13, 2)
(4, 14, 2)
(4, 15, 2)
(4, 16, 2)
(4, 17, 2)
(4, 18, 2)
(4, 19, 2)
(4, 20, 2)
(4, 21, 2)
(4, 22, 2)
(4, 23, 2)
(4, 24, 2)
(4, 25, 2)
(4, 26, 2)
(4, 27, 2)
(4, 28, 2)
(4, 29, 2)
(4, 30, 2)
(4, 31, 2)
(4, 32, 2)
(4, 33, 2)
(4, 34, 2)
(4, 35, 2)
(4, 36, 2)
(4, 37, 2)
(4, 38, 2)
(4, 39, 2)

(5, 0, 8)
(5, 1, 6)
(5, 2, 6)
(5, 3, 6)
(5, 4, 5)
(5, 5, 3)
(5, 6, 3)
(5, 7, 3)
(5, 8, 3)
(5, 9, 3)
(5, 10, 3)
(5, 11, 3)
(5, 12, 3)
(5, 13, 3)
(5, 14, 3)
(5, 15, 3)
(5, 16, 3)
(5, 17, 3)
(5, 18, 3)
(5, 19, 3)
(5, 20, 3)
(5, 21, 3)
(5, 22, 3)
(5, 23, 3)
(5, 24, 3)
(5, 25, 3)
(5, 26, 3)
(5, 27, 3)
(5, 28, 3)
(5, 29, 3)
(5, 30, 3)
(5, 31, 3)
(5, 32, 3)
(5, 33, 3)
(5, 34, 3)
(5, 35, 3)
(5, 36, 3)
(5, 37, 3)
(5, 38, 3)
(5, 39, 3)

(6, 0, 8)
(6, 1, 6)
(6, 2, 6)
(6, 3, 6)
(6, 4, 5)
(6, 5, 3)
(6, 6, 3)
(6, 7, 3)
(6, 8, 3)
(6, 9, 3)
(6, 10, 3)
(6, 11, 3)
(6, 12, 3)
(6, 13, 3)
(6, 14, 3)
(6, 15, 3)
(6, 16, 3)
(6, 17, 3)
(6, 18, 3)
(6, 19, 3)
(6, 20, 3)
(6, 21, 3)
(6, 22, 3)
(6, 23, 3)
(6, 24, 3)
(6, 25, 3)
(6, 26, 3)
(6, 27, 3)
(6, 28, 3)
(6, 29, 3)
(6, 30, 3)
(6, 31, 3)
(6, 32, 3)
(6, 33, 3)
(6, 34, 3)
(6, 35, 3)
(6, 36, 3)
(6, 37, 3)
(6, 38, 3)
(6, 39, 3)

(7, 0, 10)
(7, 1, 7)
(7, 2, 7)
(7, 3, 7)
(7, 4, 6)
(7, 5, 4)
(7, 6, 4)
(7, 7, 4)
(7, 8, 4)
(7, 9, 4)
(7, 10, 4)
(7, 11, 4)
(7, 12, 4)
(7, 13, 4)
(7, 14, 4)
(7, 15, 4)
(7, 16, 4)
(7, 17, 4)
(7, 18, 4)
(7, 19, 4)
(7, 20, 4)
(7, 21, 4)
(7, 22, 4)
(7, 23, 4)
(7, 24, 4)
(7, 25, 4)
(7, 26, 4)
(7, 27, 4)
(7, 28, 4)
(7, 29, 4)
(7, 30, 4)
(7, 31, 4)
(7, 32, 4)
(7, 33, 4)
(7, 34, 4)
(7, 35, 4)
(7, 36, 4)
(7, 37, 3)
(7, 38, 3)
(7, 39, 3)

(8, 0, 12)
(8, 1, 8)
(8, 2, 8)
(8, 3, 8)
(8, 4, 7)
(8, 5, 5)
(8, 6, 5)
(8, 7, 5)
(8, 8, 5)
(8, 9, 5)
(8, 10, 5)
(8, 11, 5)
(8, 12, 5)
(8, 13, 5)
(8, 14, 5)
(8, 15, 5)
(8, 16, 5)
(8, 17, 5)
(8, 18, 5)
(8, 19, 5)
(8, 20, 5)
(8, 21, 5)
(8, 22, 5)
(8, 23, 5)
(8, 24, 5)
(8, 25, 5)
(8, 26, 5)
(8, 27, 5)
(8, 28, 5)
(8, 29, 5)
(8, 30, 5)
(8, 31, 5)
(8, 32, 5)
(8, 33, 5)
(8, 34, 5)
(8, 35, 5)
(8, 36, 5)
(8, 37, 4)
(8, 38, 4)
(8, 39, 4)

(9, 0, 16)
(9, 1, 10)
(9, 2, 10)
(9, 3, 10)
(9, 4, 8)
(9, 5, 6)
(9, 6, 6)
(9, 7, 5)
(9, 8, 5)
(9, 9, 5)
(9, 10, 5)
(9, 11, 5)
(9, 12, 5)
(9, 13, 5)
(9, 14, 5)
(9, 15, 5)
(9, 16, 5)
(9, 17, 5)
(9, 18, 5)
(9, 19, 5)
(9, 20, 5)
(9, 21, 5)
(9, 22, 5)
(9, 23, 5)
(9, 24, 5)
(9, 25, 5)
(9, 26, 5)
(9, 27, 5)
(9, 28, 5)
(9, 29, 5)
(9, 30, 5)
(9, 31, 5)
(9, 32, 5)
(9, 33, 5)
(9, 34, 5)
(9, 35, 5)
(9, 36, 5)
(9, 37, 4)
(9, 38, 4)
(9, 39, 4)

(10, 0, 16)
(10, 1, 10)
(10, 2, 10)
(10, 3, 10)
(10, 4, 8)
(10, 5, 6)
(10, 6, 6)
(10, 7, 5)
(10, 8, 5)
(10, 9, 5)
(10, 10, 5)
(10, 11, 5)
(10, 12, 5)
(10, 13, 5)
(10, 14, 5)
(10, 15, 5)
(10, 16, 5)
(10, 17, 5)
(10, 18, 5)
(10, 19, 5)
(10, 20, 5)
(10, 21, 5)
(10, 22, 5)
(10, 23, 5)
(10, 24, 5)
(10, 25, 5)
(10, 26, 5)
(10, 27, 5)
(10, 28, 5)
(10, 29, 5)
(10, 30, 5)
(10, 31, 5)
(10, 32, 5)
(10, 33, 5)
(10, 34, 5)
(10, 35, 5)
(10, 36, 5)
(10, 37, 4)
(10, 38, 4)
(10, 39, 4)

(11, 0, 16)
(11, 1, 10)
(11, 2, 10)
(11, 3, 10)
(11, 4, 8)
(11, 5, 6)
(11, 6, 6)
(11, 7, 5)
(11, 8, 5)
(11, 9, 5)
(11, 10, 5)
(11, 11, 5)
(11, 12, 5)
(11, 13, 5)
(11, 14, 5)
(11, 15, 5)
(11, 16, 5)
(11, 17, 5)
(11, 18, 5)
(11, 19, 5)
(11, 20, 5)
(11, 21, 5)
(11, 22, 5)
(11, 23, 5)
(11, 24, 5)
(11, 25, 5)
(11, 26, 5)
(11, 27, 5)
(11, 28, 5)
(11, 29, 5)
(11, 30, 5)
(11, 31, 5)
(11, 32, 5)
(11, 33, 5)
(11, 34, 5)
(11, 35, 5)
(11, 36, 5)
(11, 37, 4)
(11, 38, 4)
(11, 39, 4)

(12, 0, 16)
(12, 1, 10)
(12, 2, 10)
(12, 3, 10)
(12, 4, 8)
(12, 5, 6)
(12, 6, 6)
(12, 7, 5)
(12, 8, 5)
(12, 9, 5)
(12, 10, 5)
(12, 11, 5)
(12, 12, 5)
(12, 13, 5)
(12, 14, 5)
(12, 15, 5)
(12, 16, 5)
(12, 17, 5)
(12, 18, 5)
(12, 19, 5)
(12, 20, 5)
(12, 21, 5)
(12, 22, 5)
(12, 23, 5)
(12, 24, 5)
(12, 25, 5)
(12, 26, 5)
(12, 27, 5)
(12, 28, 5)
(12, 29, 5)
(12, 30, 5)
(12, 31, 5)
(12, 32, 5)
(12, 33, 5)
(12, 34, 5)
(12, 35, 5)
(12, 36, 5)
(12, 37, 4)
(12, 38, 4)
(12, 39, 4)

(13, 0, 16)
(13, 1, 10)
(13, 2, 10)
(13, 3, 10)
(13, 4, 8)
(13, 5, 6)
(13, 6, 6)
(13, 7, 5)
(13, 8, 5)
(13, 9, 5)
(13, 10, 5)
(13, 11, 5)
(13, 12, 5)
(13, 13, 5)
(13, 14, 5)
(13, 15, 5)
(13, 16, 5)
(13, 17, 5)
(13, 18, 5)
(13, 19, 5)
(13, 20, 5)
(13, 21, 5)
(13, 22, 5)
(13, 23, 5)
(13, 24, 5)
(13, 25, 5)
(13, 26, 5)
(13, 27, 5)
(13, 28, 5)
(13, 29, 5)
(13, 30, 5)
(13, 31, 5)
(13, 32, 5)
(13, 33, 5)
(13, 34, 5)
(13, 35, 5)
(13, 36, 5)
(13, 37, 4)
(13, 38, 4)
(13, 39, 4)

(14, 0, 18)
(14, 1, 11)
(14, 2, 11)
(14, 3, 11)
(14, 4, 9)
(14, 5, 7)
(14, 6, 7)
(14, 7, 6)
(14, 8, 6)
(14, 9, 6)
(14, 10, 6)
(14, 11, 6)
(14, 12, 6)
(14, 13, 6)
(14, 14, 6)
(14, 15, 6)
(14, 16, 6)
(14, 17, 6)
(14, 18, 6)
(14, 19, 6)
(14, 20, 6)
(14, 21, 6)
(14, 22, 6)
(14, 23, 6)
(14, 24, 6)
(14, 25, 6)
(14, 26, 6)
(14, 27, 6)
(14, 28, 6)
(14, 29, 6)
(14, 30, 6)
(14, 31, 6)
(14, 32, 6)
(14, 33, 6)
(14, 34, 6)
(14, 35, 6)
(14, 36, 6)
(14, 37, 4)
(14, 38, 4)
(14, 39, 4)

(15, 0, 18)
(15, 1, 11)
(15, 2, 11)
(15, 3, 11)
(15, 4, 9)
(15, 5, 7)
(15, 6, 7)
(15, 7, 6)
(15, 8, 6)
(15, 9, 6)
(15, 10, 6)
(15, 11, 6)
(15, 12, 6)
(15, 13, 6)
(15, 14, 6)
(15, 15, 6)
(15, 16, 6)
(15, 17, 6)
(15, 18, 6)
(15, 19, 6)
(15, 20, 6)
(15, 21, 6)
(15, 22, 6)
(15, 23, 6)
(15, 24, 6)
(15, 25, 6)
(15, 26, 6)
(15, 27, 6)
(15, 28, 6)
(15, 29, 6)
(15, 30, 6)
(15, 31, 6)
(15, 32, 6)
(15, 33, 6)
(15, 34, 6)
(15, 35, 6)
(15, 36, 6)
(15, 37, 4)
(15, 38, 4)
(15, 39, 4)

(16, 0, 20)
(16, 1, 12)
(16, 2, 12)
(16, 3, 12)
(16, 4, 10)
(16, 5, 8)
(16, 6, 8)
(16, 7, 6)
(16, 8, 6)
(16, 9, 6)
(16, 10, 6)
(16, 11, 6)
(16, 12, 6)
(16, 13, 6)
(16, 14, 6)
(16, 15, 6)
(16, 16, 6)
(16, 17, 6)
(16, 18, 6)
(16, 19, 6)
(16, 20, 6)
(16, 21, 6)
(16, 22, 6)
(16, 23, 6)
(16, 24, 6)
(16, 25, 6)
(16, 26, 6)
(16, 27, 6)
(16, 28, 6)
(16, 29, 6)
(16, 30, 6)
(16, 31, 6)
(16, 32, 6)
(16, 33, 6)
(16, 34, 6)
(16, 35, 6)
(16, 36, 6)
(16, 37, 4)
(16, 38, 4)
(16, 39, 4)

(17, 0, 20)
(17, 1, 12)
(17, 2, 12)
(17, 3, 12)
(17, 4, 10)
(17, 5, 8)
(17, 6, 8)
(17, 7, 6)
(17, 8, 6)
(17, 9, 6)
(17, 10, 6)
(17, 11, 6)
(17, 12, 6)
(17, 13, 6)
(17, 14, 6)
(17, 15, 6)
(17, 16, 6)
(17, 17, 6)
(17, 18, 6)
(17, 19, 6)
(17, 20, 6)
(17, 21, 6)
(17, 22, 6)
(17, 23, 6)
(17, 24, 6)
(17, 25, 6)
(17, 26, 6)
(17, 27, 6)
(17, 28, 6)
(17, 29, 6)
(17, 30, 6)
(17, 31, 6)
(17, 32, 6)
(17, 33, 6)
(17, 34, 6)
(17, 35, 6)
(17, 36, 6)
(17, 37, 4)
(17, 38, 4)
(17, 39, 4)

(18, 0, 20)
(18, 1, 12)
(18, 2, 12)
(18, 3, 12)
(18, 4, 10)
(18, 5, 8)
(18, 6, 8)
(18, 7, 6)
(18, 8, 6)
(18, 9, 6)
(18, 10, 6)
(18, 11, 6)
(18, 12, 6)
(18, 13, 6)
(18, 14, 6)
(18, 15, 6)
(18, 16, 6)
(18, 17, 6)
(18, 18, 6)
(18, 19, 6)
(18, 20, 6)
(18, 21, 6)
(18, 22, 6)
(18, 23, 6)
(18, 24, 6)
(18, 25, 6)
(18, 26, 6)
(18, 27, 6)
(18, 28, 6)
(18, 29, 6)
(18, 30, 6)
(18, 31, 6)
(18, 32, 6)
(18, 33, 6)
(18, 34, 6)
(18, 35, 6)
(18, 36, 6)
(18, 37, 4)
(18, 38, 4)
(18, 39, 4)

(19, 0, 22)
(19, 1, 13)
(19, 2, 13)
(19, 3, 13)
(19, 4, 11)
(19, 5, 9)
(19, 6, 9)
(19, 7, 7)
(19, 8, 7)
(19, 9, 7)
(19, 10, 7)
(19, 11, 7)
(19, 12, 7)
(19, 13, 7)
(19, 14, 7)
(19, 15, 7)
(19, 16, 7)
(19, 17, 7)
(19, 18, 7)
(19, 19, 7)
(19, 20, 7)
(19, 21, 7)
(19, 22, 7)
(19, 23, 7)
(19, 24, 7)
(19, 25, 7)
(19, 26, 7)
(19, 27, 7)
(19, 28, 7)
(19, 29, 7)
(19, 30, 7)
(19, 31, 7)
(19, 32, 7)
(19, 33, 7)
(19, 34, 7)
(19, 35, 7)
(19, 36, 7)
(19, 37, 5)
(19, 38, 5)
(19, 39, 5)

(20, 0, 26)
(20, 1, 15)
(20, 2, 15)
(20, 3, 15)
(20, 4, 12)
(20, 5, 10)
(20, 6, 10)
(20, 7, 8)
(20, 8, 8)
(20, 9, 8)
(20, 10, 8)
(20, 11, 8)
(20, 12, 8)
(20, 13, 8)
(20, 14, 8)
(20, 15, 8)
(20, 16, 8)
(20, 17, 8)
(20, 18, 8)
(20, 19, 8)
(20, 20, 8)
(20, 21, 8)
(20, 22, 8)
(20, 23, 8)
(20, 24, 8)
(20, 25, 8)
(20, 26, 8)
(20, 27, 8)
(20, 28, 8)
(20, 29, 8)
(20, 30, 8)
(20, 31, 8)
(20, 32, 8)
(20, 33, 8)
(20, 34, 8)
(20, 35, 8)
(20, 36, 8)
(20, 37, 6)
(20, 38, 6)
(20, 39, 6)

(21, 0, 28)
(21, 1, 16)
(21, 2, 16)
(21, 3, 16)
(21, 4, 13)
(21, 5, 11)
(21, 6, 11)
(21, 7, 8)
(21, 8, 8)
(21, 9, 8)
(21, 10, 8)
(21, 11, 8)
(21, 12, 8)
(21, 13, 8)
(21, 14, 8)
(21, 15, 8)
(21, 16, 8)
(21, 17, 8)
(21, 18, 8)
(21, 19, 8)
(21, 20, 8)
(21, 21, 8)
(21, 22, 8)
(21, 23, 8)
(21, 24, 8)
(21, 25, 8)
(21, 26, 8)
(21, 27, 8)
(21, 28, 8)
(21, 29, 8)
(21, 30, 8)
(21, 31, 8)
(21, 32, 8)
(21, 33, 8)
(21, 34, 8)
(21, 35, 8)
(21, 36, 8)
(21, 37, 6)
(21, 38, 6)
(21, 39, 6)

(22, 0, 28)
(22, 1, 16)
(22, 2, 16)
(22, 3, 16)
(22, 4, 13)
(22, 5, 11)
(22, 6, 11)
(22, 7, 8)
(22, 8, 8)
(22, 9, 8)
(22, 10, 8)
(22, 11, 8)
(22, 12, 8)
(22, 13, 8)
(22, 14, 8)
(22, 15, 8)
(22, 16, 8)
(22, 17, 8)
(22, 18, 8)
(22, 19, 8)
(22, 20, 8)
(22, 21, 8)
(22, 22, 8)
(22, 23, 8)
(22, 24, 8)
(22, 25, 8)
(22, 26, 8)
(22, 27, 8)
(22, 28, 8)
(22, 29, 8)
(22, 30, 8)
(22, 31, 8)
(22, 32, 8)
(22, 33, 8)
(22, 34, 8)
(22, 35, 8)
(22, 36, 8)
(22, 37, 6)
(22, 38, 6)
(22, 39, 6)

(23, 0, 28)
(23, 1, 16)
(23, 2, 16)
(23, 3, 16)
(23, 4, 13)
(23, 5, 11)
(23, 6, 11)
(23, 7, 8)
(23, 8, 8)
(23, 9, 8)
(23, 10, 8)
(23, 11, 8)
(23, 12, 8)
(23, 13, 8)
(23, 14, 8)
(23, 15, 8)
(23, 16, 8)
(23, 17, 8)
(23, 18, 8)
(23, 19, 8)
(23, 20, 8)
(23, 21, 8)
(23, 22, 8)
(23, 23, 8)
(23, 24, 8)
(23, 25, 8)
(23, 26, 8)
(23, 27, 8)
(23, 28, 8)
(23, 29, 8)
(23, 30, 8)
(23, 31, 8)
(23, 32, 8)
(23, 33, 8)
(23, 34, 8)
(23, 35, 8)
(23, 36, 8)
(23, 37, 6)
(23, 38, 6)
(23, 39, 6)

(24, 0, 28)
(24, 1, 16)
(24, 2, 16)
(24, 3, 16)
(24, 4, 13)
(24, 5, 11)
(24, 6, 11)
(24, 7, 8)
(24, 8, 8)
(24, 9, 8)
(24, 10, 8)
(24, 11, 8)
(24, 12, 8)
(24, 13, 8)
(24, 14, 8)
(24, 15, 8)
(24, 16, 8)
(24, 17, 8)
(24, 18, 8)
(24, 19, 8)
(24, 20, 8)
(24, 21, 8)
(24, 22, 8)
(24, 23, 8)
(24, 24, 8)
(24, 25, 8)
(24, 26, 8)
(24, 27, 8)
(24, 28, 8)
(24, 29, 8)
(24, 30, 8)
(24, 31, 8)
(24, 32, 8)
(24, 33, 8)
(24, 34, 8)
(24, 35, 8)
(24, 36, 8)
(24, 37, 6)
(24, 38, 6)
(24, 39, 6)

(25, 0, 30)
(25, 1, 18)
(25, 2, 18)
(25, 3, 18)
(25, 4, 15)
(25, 5, 12)
(25, 6, 12)
(25, 7, 9)
(25, 8, 9)
(25, 9, 9)
(25, 10, 9)
(25, 11, 9)
(25, 12, 9)
(25, 13, 9)
(25, 14, 9)
(25, 15, 9)
(25, 16, 9)
(25, 17, 9)
(25, 18, 9)
(25, 19, 9)
(25, 20, 9)
(25, 21, 9)
(25, 22, 9)
(25, 23, 9)
(25, 24, 9)
(25, 25, 9)
(25, 26, 9)
(25, 27, 9)
(25, 28, 9)
(25, 29, 9)
(25, 30, 9)
(25, 31, 9)
(25, 32, 9)
(25, 33, 9)
(25, 34, 9)
(25, 35, 9)
(25, 36, 9)
(25, 37, 6)
(25, 38, 6)
(25, 39, 6)

(26, 0, 30)
(26, 1, 18)
(26, 2, 18)
(26, 3, 18)
(26, 4, 15)
(26, 5, 12)
(26, 6, 12)
(26, 7, 9)
(26, 8, 9)
(26, 9, 9)
(26, 10, 9)
(26, 11, 9)
(26, 12, 9)
(26, 13, 9)
(26, 14, 9)
(26, 15, 9)
(26, 16, 9)
(26, 17, 9)
(26, 18, 9)
(26, 19, 9)
(26, 20, 9)
(26, 21, 9)
(26, 22, 9)
(26, 23, 9)
(26, 24, 9)
(26, 25, 9)
(26, 26, 9)
(26, 27, 9)
(26, 28, 9)
(26, 29, 9)
(26, 30, 9)
(26, 31, 9)
(26, 32, 9)
(26, 33, 9)
(26, 34, 9)
(26, 35, 9)
(26, 36, 9)
(26, 37, 6)
(26, 38, 6)
(26, 39, 6)

(27, 0, 30)
(27, 1, 18)
(27, 2, 18)
(27, 3, 18)
(27, 4, 15)
(27, 5, 12)
(27, 6, 12)
(27, 7, 9)
(27, 8, 9)
(27, 9, 9)
(27, 10, 9)
(27, 11, 9)
(27, 12, 9)
(27, 13, 9)
(27, 14, 9)
(27, 15, 9)
(27, 16, 9)
(27, 17, 9)
(27, 18, 9)
(27, 19, 9)
(27, 20, 9)
(27, 21, 9)
(27, 22, 9)
(27, 23, 9)
(27, 24, 9)
(27, 25, 9)
(27, 26, 9)
(27, 27, 9)
(27, 28, 9)
(27, 29, 9)
(27, 30, 9)
(27, 31, 9)
(27, 32, 9)
(27, 33, 9)
(27, 34, 9)
(27, 35, 9)
(27, 36, 9)
(27, 37, 6)
(27, 38, 6)
(27, 39, 6)

(28, 0, 30)
(28, 1, 18)
(28, 2, 18)
(28, 3, 18)
(28, 4, 15)
(28, 5, 12)
(28, 6, 12)
(28, 7, 9)
(28, 8, 9)
(28, 9, 9)
(28, 10, 9)
(28, 11, 9)
(28, 12, 9)
(28, 13, 9)
(28, 14, 9)
(28, 15, 9)
(28, 16, 9)
(28, 17, 9)
(28, 18, 9)
(28, 19, 9)
(28, 20, 9)
(28, 21, 9)
(28, 22, 9)
(28, 23, 9)
(28, 24, 9)
(28, 25, 9)
(28, 26, 9)
(28, 27, 9)
(28, 28, 9)
(28, 29, 9)
(28, 30, 9)
(28, 31, 9)
(28, 32, 9)
(28, 33, 9)
(28, 34, 9)
(28, 35, 9)
(28, 36, 9)
(28, 37, 6)
(28, 38, 6)
(28, 39, 6)

(29, 0, 31)
(29, 1, 19)
(29, 2, 19)
(29, 3, 19)
(29, 4, 16)
(29, 5, 13)
(29, 6, 13)
(29, 7, 10)
(29, 8, 10)
(29, 9, 10)
(29, 10, 10)
(29, 11, 10)
(29, 12, 10)
(29, 13, 10)
(29, 14, 10)
(29, 15, 10)
(29, 16, 10)
(29, 17, 10)
(29, 18, 10)
(29, 19, 10)
(29, 20, 10)
(29, 21, 10)
(29, 22, 10)
(29, 23, 10)
(29, 24, 10)
(29, 25, 10)
(29, 26, 10)
(29, 27, 10)
(29, 28, 10)
(29, 29, 10)
(29, 30, 10)
(29, 31, 10)
(29, 32, 10)
(29, 33, 10)
(29, 34, 10)
(29, 35, 10)
(29, 36, 10)
(29, 37, 7)
(29, 38, 7)
(29, 39, 7)

(30, 0, 34)
(30, 1, 20)
(30, 2, 20)
(30, 3, 20)
(30, 4, 16)
(30, 5, 13)
(30, 6, 13)
(30, 7, 10)
(30, 8, 10)
(30, 9, 10)
(30, 10, 10)
(30, 11, 10)
(30, 12, 10)
(30, 13, 10)
(30, 14, 10)
(30, 15, 10)
(30, 16, 10)
(30, 17, 10)
(30, 18, 10)
(30, 19, 10)
(30, 20, 10)
(30, 21, 10)
(30, 22, 10)
(30, 23, 10)
(30, 24, 10)
(30, 25, 10)
(30, 26, 10)
(30, 27, 10)
(30, 28, 10)
(30, 29, 10)
(30, 30, 10)
(30, 31, 10)
(30, 32, 10)
(30, 33, 10)
(30, 34, 10)
(30, 35, 10)
(30, 36, 10)
(30, 37, 7)
(30, 38, 7)
(30, 39, 7)

(31, 0, 36)
(31, 1, 21)
(31, 2, 21)
(31, 3, 21)
(31, 4, 17)
(31, 5, 14)
(31, 6, 14)
(31, 7, 11)
(31, 8, 11)
(31, 9, 11)
(31, 10, 11)
(31, 11, 11)
(31, 12, 11)
(31, 13, 11)
(31, 14, 11)
(31, 15, 11)
(31, 16, 11)
(31, 17, 11)
(31, 18, 11)
(31, 19, 11)
(31, 20, 11)
(31, 21, 11)
(31, 22, 11)
(31, 23, 11)
(31, 24, 11)
(31, 25, 11)
(31, 26, 11)
(31, 27, 11)
(31, 28, 11)
(31, 29, 11)
(31, 30, 11)
(31, 31, 11)
(31, 32, 11)
(31, 33, 11)
(31, 34, 11)
(31, 35, 11)
(31, 36, 11)
(31, 37, 8)
(31, 38, 8)
(31, 39, 8)

(32, 0, 36)
(32, 1, 21)
(32, 2, 21)
(32, 3, 21)
(32, 4, 17)
(32, 5, 14)
(32, 6, 14)
(32, 7, 11)
(32, 8, 11)
(32, 9, 11)
(32, 10, 11)
(32, 11, 11)
(32, 12, 11)
(32, 13, 11)
(32, 14, 11)
(32, 15, 11)
(32, 16, 11)
(32, 17, 11)
(32, 18, 11)
(32, 19, 11)
(32, 20, 11)
(32, 21, 11)
(32, 22, 11)
(32, 23, 11)
(32, 24, 11)
(32, 25, 11)
(32, 26, 11)
(32, 27, 11)
(32, 28, 11)
(32, 29, 11)
(32, 30, 11)
(32, 31, 11)
(32, 32, 11)
(32, 33, 11)
(32, 34, 11)
(32, 35, 11)
(32, 36, 11)
(32, 37, 8)
(32, 38, 8)
(32, 39, 8)

(33, 0, 38)
(33, 1, 22)
(33, 2, 22)
(33, 3, 22)
(33, 4, 18)
(33, 5, 15)
(33, 6, 15)
(33, 7, 11)
(33, 8, 11)
(33, 9, 11)
(33, 10, 11)
(33, 11, 11)
(33, 12, 11)
(33, 13, 11)
(33, 14, 11)
(33, 15, 11)
(33, 16, 11)
(33, 17, 11)
(33, 18, 11)
(33, 19, 11)
(33, 20, 11)
(33, 21, 11)
(33, 22, 11)
(33, 23, 11)
(33, 24, 11)
(33, 25, 11)
(33, 26, 11)
(33, 27, 11)
(33, 28, 11)
(33, 29, 11)
(33, 30, 11)
(33, 31, 11)
(33, 32, 11)
(33, 33, 11)
(33, 34, 11)
(33, 35, 11)
(33, 36, 11)
(33, 37, 8)
(33, 38, 8)
(33, 39, 8)

(34, 0, 38)
(34, 1, 22)
(34, 2, 22)
(34, 3, 22)
(34, 4, 18)
(34, 5, 15)
(34, 6, 15)
(34, 7, 11)
(34, 8, 11)
(34, 9, 11)
(34, 10, 11)
(34, 11, 11)
(34, 12, 11)
(34, 13, 11)
(34, 14, 11)
(34, 15, 11)
(34, 16, 11)
(34, 17, 11)
(34, 18, 11)
(34, 19, 11)
(34, 20, 11)
(34, 21, 11)
(34, 22, 11)
(34, 23, 11)
(34, 24, 11)
(34, 25, 11)
(34, 26, 11)
(34, 27, 11)
(34, 28, 11)
(34, 29, 11)
(34, 30, 11)
(34, 31, 11)
(34, 32, 11)
(34, 33, 11)
(34, 34, 11)
(34, 35, 11)
(34, 36, 11)
(34, 37, 8)
(34, 38, 8)
(34, 39, 8)

(35, 0, 38)
(35, 1, 22)
(35, 2, 22)
(35, 3, 22)
(35, 4, 18)
(35, 5, 15)
(35, 6, 15)
(35, 7, 11)
(35, 8, 11)
(35, 9, 11)
(35, 10, 11)
(35, 11, 11)
(35, 12, 11)
(35, 13, 11)
(35, 14, 11)
(35, 15, 11)
(35, 16, 11)
(35, 17, 11)
(35, 18, 11)
(35, 19, 11)
(35, 20, 11)
(35, 21, 11)
(35, 22, 11)
(35, 23, 11)
(35, 24, 11)
(35, 25, 11)
(35, 26, 11)
(35, 27, 11)
(35, 28, 11)
(35, 29, 11)
(35, 30, 11)
(35, 31, 11)
(35, 32, 11)
(35, 33, 11)
(35, 34, 11)
(35, 35, 11)
(35, 36, 11)
(35, 37, 8)
(35, 38, 8)
(35, 39, 8)

(36, 0, 38)
(36, 1, 22)
(36, 2, 22)
(36, 3, 22)
(36, 4, 18)
(36, 5, 15)
(36, 6, 15)
(36, 7, 11)
(36, 8, 11)
(36, 9, 11)
(36, 10, 11)
(36, 11, 11)
(36, 12, 11)
(36, 13, 11)
(36, 14, 11)
(36, 15, 11)
(36, 16, 11)
(36, 17, 11)
(36, 18, 11)
(36, 19, 11)
(36, 20, 11)
(36, 21, 11)
(36, 22, 11)
(36, 23, 11)
(36, 24, 11)
(36, 25, 11)
(36, 26, 11)
(36, 27, 11)
(36, 28, 11)
(36, 29, 11)
(36, 30, 11)
(36, 31, 11)
(36, 32, 11)
(36, 33, 11)
(36, 34, 11)
(36, 35, 11)
(36, 36, 11)
(36, 37, 8)
(36, 38, 8)
(36, 39, 8)

(37, 0, 38)
(37, 1, 22)
(37, 2, 22)
(37, 3, 22)
(37, 4, 18)
(37, 5, 15)
(37, 6, 15)
(37, 7, 11)
(37, 8, 11)
(37, 9, 11)
(37, 10, 11)
(37, 11, 11)
(37, 12, 11)
(37, 13, 11)
(37, 14, 11)
(37, 15, 11)
(37, 16, 11)
(37, 17, 11)
(37, 18, 11)
(37, 19, 11)
(37, 20, 11)
(37, 21, 11)
(37, 22, 11)
(37, 23, 11)
(37, 24, 11)
(37, 25, 11)
(37, 26, 11)
(37, 27, 11)
(37, 28, 11)
(37, 29, 11)
(37, 30, 11)
(37, 31, 11)
(37, 32, 11)
(37, 33, 11)
(37, 34, 11)
(37, 35, 11)
(37, 36, 11)
(37, 37, 8)
(37, 38, 8)
(37, 39, 8)

(38, 0, 39)
(38, 1, 23)
(38, 2, 23)
(38, 3, 23)
(38, 4, 19)
(38, 5, 16)
(38, 6, 16)
(38, 7, 12)
(38, 8, 12)
(38, 9, 12)
(38, 10, 12)
(38, 11, 12)
(38, 12, 12)
(38, 13, 12)
(38, 14, 12)
(38, 15, 12)
(38, 16, 12)
(38, 17, 12)
(38, 18, 12)
(38, 19, 12)
(38, 20, 12)
(38, 21, 12)
(38, 22, 12)
(38, 23, 12)
(38, 24, 12)
(38, 25, 12)
(38, 26, 12)
(38, 27, 12)
(38, 28, 12)
(38, 29, 12)
(38, 30, 12)
(38, 31, 12)
(38, 32, 12)
(38, 33, 12)
(38, 34, 12)
(38, 35, 12)
(38, 36, 12)
(38, 37, 9)
(38, 38, 8)
(38, 39, 8)

(39, 0, 40)
(39, 1, 24)
(39, 2, 24)
(39, 3, 24)
(39, 4, 20)
(39, 5, 16)
(39, 6, 16)
(39, 7, 12)
(39, 8, 12)
(39, 9, 12)
(39, 10, 12)
(39, 11, 12)
(39, 12, 12)
(39, 13, 12)
(39, 14, 12)
(39, 15, 12)
(39, 16, 12)
(39, 17, 12)
(39, 18, 12)
(39, 19, 12)
(39, 20, 12)
(39, 21, 12)
(39, 22, 12)
(39, 23, 12)
(39, 24, 12)
(39, 25, 12)
(39, 26, 12)
(39, 27, 12)
(39, 28, 12)
(39, 29, 12)
(39, 30, 12)
(39, 31, 12)
(39, 32, 12)
(39, 33, 12)
(39, 34, 12)
(39, 35, 12)
(39, 36, 12)
(39, 37, 8)
(39, 38, 8)
(39, 39, 8)


Betti numbers:
xi_0:
(0, 0, 2)
(2, 0, 2)
(3, 0, 2)
(5, 0, 2)
(7, 0, 2)
(8, 0, 2)
(9, 0, 4)
(14, 0, 2)
(16, 0, 2)
(19, 0, 2)
(20, 0, 4)
(21, 0, 2)
(25, 0, 2)
(29, 0, 1)
(30, 0, 3)
(31, 0, 2)
(33, 0, 2)
(38, 0, 1)
(39, 0, 1)
xi_1:
(0, 5, 1)
(2, 1, 1)
(3, 1, 1)
(3, 4, 1)
(5, 5, 1)
(7, 1, 1)
(7, 37, 1)
(8, 1, 1)
(9, 1, 2)
(9, 4, 1)
(9, 7, 1)
(14, 1, 1)
(14, 37, 1)
(16, 1, 1)
(16, 7, 1)
(19, 1, 1)
(20, 1, 2)
(20, 4, 1)
(21, 1, 1)
(21, 7, 1)
(25, 5, 1)
(25, 37, 1)
(30, 1, 2)
(30, 4, 1)
(31, 1, 1)
(33, 1, 1)
(33, 7, 1)
(38, 38, 1)
(39, 5, 1)
(39, 37, 1)
xi_2:
(39, 38, 1)
