x-grades
-1270940799233341913/500000000000000000
-619832459882910163/250000000000000000
-1208389040298298739/500000000000000000
-18392393137980893/7812500000000000
-229167456272651113/100000000000000000
-557280700947866989/250000000000000000
-1083285522428212391/500000000000000000
-263002410740172701/125000000000000000
-1020733763493169217/500000000000000000
-98945788402564763/50000000000000000
-958182004558126043/500000000000000000
-115863265636325557/62500000000000000
-895630245623082869/500000000000000000
-432177183077780641/250000000000000000
-166615697337607939/100000000000000000
-200450651805129527/125000000000000000
-770526727752996521/500000000000000000
-369625424142737467/250000000000000000
-707974968817953347/500000000000000000
-8458738616880397/6250000000000000
-645423209882910173/500000000000000000
-307073665207694293/250000000000000000
-582871450947866999/500000000000000000
-137898892870086353/125000000000000000
-20812787680512953/20000000000000000
-244521906272651119/250000000000000000
-457767933077780651/500000000000000000
-53311506701282383/62500000000000000
-395216174142737477/500000000000000000
-36394029467521589/50000000000000000
-332664415207694303/500000000000000000
-75347133935043179/125000000000000000
-270112656272651129/500000000000000000
-119418388402564771/250000000000000000
-41512179467521591/100000000000000000
-5508906808440199/15625000000000000
-145009138402564781/500000000000000000
-56866629467521597/250000000000000000
-82457379467521607/500000000000000000
-2559075000000001/25000000000000000

y-grades
9993753/40000000
9993753/20000000
29981259/40000000
9993753/10000000
9993753/8000000
29981259/20000000
69956271/40000000
9993753/5000000
89943777/40000000
9993753/4000000
109931283/40000000
29981259/10000000
129918789/40000000
69956271/20000000
29981259/8000000
9993753/2500000
169893801/40000000
89943777/20000000
189881307/40000000
9993753/2000000
209868813/40000000
109931283/20000000
229856319/40000000
29981259/5000000
9993753/1600000
129918789/20000000
269831331/40000000
69956271/10000000
289818837/40000000
29981259/4000000
309806343/40000000
9993753/1250000
329793849/40000000
169893801/20000000
69956271/8000000
89943777/10000000
369768861/40000000
189881307/20000000
389756367/40000000
9993753/1000000

Dimensions > 0:
(0, 0, 9)
(0, 1, 7)
(0, 2, 7)
(0, 3, 5)
(0, 4, 5)
(0, 5, 5)
(0, 6, 5)
(0, 7, 5)
(0, 8, 5)
(0, 9, 3)
(0, 10, 3)
(0, 11, 3)
(0, 12, 3)
(0, 13, 3)
(0, 14, 3)
(0, 15, 3)
(0, 16, 2)
(0, 17, 2)
(0, 18, 2)
(0, 19, 2)
(0, 20, 2)
(0, 21, 2)
(0, 22, 2)
(0, 23, 2)
(0, 24, 2)
(0, 25, 2)
(0, 26, 2)
(0, 27, 1)
(0, 28, 1)
(0, 29, 1)
(0, 30, 1)
(0, 31, 1)
(0, 32, 1)
(0, 33, 1)
(0, 34, 1)
(0, 35, 1)
(0, 36, 1)
(0, 37, 1)
(0, 38, 1)
(0, 39, 1)

(1, 0, 18)
(1, 1, 16)
(1, 2, 15)
(1, 3, 11)
(1, 4, 10)
(1, 5, 10)
(1, 6, 7)
(1, 7, 6)
(1, 8, 6)
(1, 9, 5)
(1, 10, 5)
(1, 11, 5)
(1, 12, 5)
(1, 13, 5)
(1, 14, 4)
(1, 15, 4)
(1, 16, 3)
(1, 17, 3)
(1, 18, 3)
(1, 19, 3)
(1, 20, 3)
(1, 21, 3)
(1, 22, 3)
(1, 23, 2)
(1, 24, 2)
(1, 25, 2)
(1, 26, 2)
(1, 27, 1)
(1, 28, 1)
(1, 29, 1)
(1, 30, 1)
(1, 31, 1)
(1, 32, 1)
(1, 33, 1)
(1, 34, 1)
(1, 35, 1)
(1, 36, 1)
(1, 37, 1)
(1, 38, 1)
(1, 39, 1)

(2, 0, 20)
(2, 1, 18)
(2, 2, 16)
(2, 3, 12)
(2, 4, 11)
(2, 5, 11)
(2, 6, 7)
(2, 7, 6)
(2, 8, 6)
(2, 9, 5)
(2, 10, 5)
(2, 11, 5)
(2, 12, 5)
(2, 13, 5)
(2, 14, 4)
(2, 15, 4)
(2, 16, 3)
(2, 17, 3)
(2, 18, 3)
(2, 19, 3)
(2, 20, 3)
(2, 21, 3)
(2, 22, 3)
(2, 23, 2)
(2, 24, 2)
(2, 25, 2)
(2, 26, 2)
(2, 27, 1)
(2, 28, 1)
(2, 29, 1)
(2, 30, 1)
(2, 31, 1)
(2, 32, 1)
(2, 33, 1)
(2, 34, 1)
(2, 35, 1)
(2, 36, 1)
(2, 37, 1)
(2, 38, 1)
(2, 39, 1)

(3, 0, 20)
(3, 1, 18)
(3, 2, 16)
(3, 3, 12)
(3, 4, 11)
(3, 5, 11)
(3, 6, 7)
(3, 7, 6)
(3, 8, 6)
(3, 9, 5)
(3, 10, 5)
(3, 11, 5)
(3, 12, 5)
(3, 13, 5)
(3, 14, 4)
(3, 15, 4)
(3, 16, 3)
(3, 17, 3)
(3, 18, 3)
(3, 19, 3)
(3, 20, 3)
(3, 21, 3)
(3, 22, 3)
(3, 23, 2)
(3, 24, 2)
(3, 25, 2)
(3, 26, 2)
(3, 27, 1)
(3, 28, 1)
(3, 29, 1)
(3, 30, 1)
(3, 31, 1)
(3, 32, 1)
(3, 33, 1)
(3, 34, 1)
(3, 35, 1)
(3, 36, 1)
(3, 37, 1)
(3, 38, 1)
(3, 39, 1)

(4, 0, 29)
(4, 1, 27)
(4, 2, 25)
(4, 3, 19)
(4, 4, 18)
(4, 5, 18)
(4, 6, 12)
(4, 7, 11)
(4, 8, 11)
(4, 9, 10)
(4, 10, 10)
(4, 11, 10)
(4, 12, 10)
(4, 13, 10)
(4, 14, 9)
(4, 15, 9)
(4, 16, 8)
(4, 17, 7)
(4, 18, 7)
(4, 19, 7)
(4, 20, 7)
(4, 21, 6)
(4, 22, 6)
(4, 23, 4)
(4, 24, 4)
(4, 25, 4)
(4, 26, 4)
(4, 27, 3)
(4, 28, 3)
(4, 29, 3)
(4, 30, 3)
(4, 31, 3)
(4, 32, 3)
(4, 33, 3)
(4, 34, 3)
(4, 35, 3)
(4, 36, 3)
(4, 37, 3)
(4, 38, 3)
(4, 39, 3)

(5, 0, 40)
(5, 1, 36)
(5, 2, 32)
(5, 3, 24)
(5, 4, 22)
(5, 5, 22)
(5, 6, 14)
(5, 7, 12)
(5, 8, 12)
(5, 9, 10)
(5, 10, 10)
(5, 11, 10)
(5, 12, 10)
(5, 13, 10)
(5, 14, 9)
(5, 15, 9)
(5, 16, 8)
(5, 17, 7)
(5, 18, 7)
(5, 19, 7)
(5, 20, 6)
(5, 21, 6)
(5, 22, 6)
(5, 23, 4)
(5, 24, 4)
(5, 25, 4)
(5, 26, 4)
(5, 27, 2)
(5, 28, 2)
(5, 29, 2)
(5, 30, 2)
(5, 31, 2)
(5, 32, 2)
(5, 33, 2)
(5, 34, 2)
(5, 35, 2)
(5, 36, 2)
(5, 37, 2)
(5, 38, 2)
(5, 39, 2)

(6, 0, 40)
(6, 1, 36)
(6, 2, 32)
(6, 3, 24)
(6, 4, 22)
(6, 5, 22)
(6, 6, 14)
(6, 7, 12)
(6, 8, 12)
(6, 9, 10)
(6, 10, 10)
(6, 11, 10)
(6, 12, 10)
(6, 13, 10)
(6, 14, 9)
(6, 15, 9)
(6, 16, 8)
(6, 17, 7)
(6, 18, 7)
(6, 19, 7)
(6, 20, 6)
(6, 21, 6)
(6, 22, 6)
(6, 23, 4)
(6, 24, 4)
(6, 25, 4)
(6, 26, 4)
(6, 27, 2)
(6, 28, 2)
(6, 29, 2)
(6, 30, 2)
(6, 31, 2)
(6, 32, 2)
(6, 33, 2)
(6, 34, 2)
(6, 35, 2)
(6, 36, 2)
(6, 37, 2)
(6, 38, 2)
(6, 39, 2)

(7, 0, 40)
(7, 1, 36)
(7, 2, 32)
(7, 3, 24)
(7, 4, 22)
(7, 5, 22)
(7, 6, 14)
(7, 7, 12)
(7, 8, 12)
(7, 9, 10)
(7, 10, 10)
(7, 11, 10)
(7, 12, 10)
(7, 13, 10)
(7, 14, 9)
(7, 15, 9)
(7, 16, 8)
(7, 17, 7)
(7, 18, 7)
(7, 19, 7)
(7, 20, 6)
(7, 21, 6)
(7, 22, 6)
(7, 23, 4)
(7, 24, 4)
(7, 25, 4)
(7, 26, 4)
(7, 27, 2)
(7, 28, 2)
(7, 29, 2)
(7, 30, 2)
(7, 31, 2)
(7, 32, 2)
(7, 33, 2)
(7, 34, 2)
(7, 35, 2)
(7, 36, 2)
(7, 37, 2)
(7, 38, 2)
(7, 39, 2)

(8, 0, 40)
(8, 1, 36)
(8, 2, 32)
(8, 3, 24)
(8, 4, 22)
(8, 5, 22)
(8, 6, 14)
(8, 7, 12)
(8, 8, 12)
(8, 9, 10)
(8, 10, 10)
(8, 11, 10)
(8, 12, 10)
(8, 13, 10)
(8, 14, 9)
(8, 15, 9)
(8, 16, 8)
(8, 17, 7)
(8, 18, 7)
(8, 19, 7)
(8, 20, 6)
(8, 21, 6)
(8, 22, 6)
(8, 23, 4)
(8, 24, 4)
(8, 25, 4)
(8, 26, 4)
(8, 27, 2)
(8, 28, 2)
(8, 29, 2)
(8, 30, 2)
(8, 31, 2)
(8, 32, 2)
(8, 33, 2)
(8, 34, 2)
(8, 35, 2)
(8, 36, 2)
(8, 37, 2)
(8, 38, 2)
(8, 39, 2)

(9, 0, 40)
(9, 1, 36)
(9, 2, 32)
(9, 3, 24)
(9, 4, 22)
(9, 5, 22)
(9, 6, 14)
(9, 7, 12)
(9, 8, 12)
(9, 9, 10)
(9, 10, 10)
(9, 11, 10)
(9, 12, 10)
(9, 13, 10)
(9, 14, 9)
(9, 15, 9)
(9, 16, 8)
(9, 17, 7)
(9, 18, 7)
(9, 19, 7)
(9, 20, 6)
(9, 21, 6)
(9, 22, 6)
(9, 23, 4)
(9, 24, 4)
(9, 25, 4)
(9, 26, 4)
(9, 27, 2)
(9, 28, 2)
(9, 29, 2)
(9, 30, 2)
(9, 31, 2)
(9, 32, 2)
(9, 33, 2)
(9, 34, 2)
(9, 35, 2)
(9, 36, 2)
(9, 37, 2)
(9, 38, 2)
(9, 39, 2)

(10, 0, 40)
(10, 1, 36)
(10, 2, 32)
(10, 3, 24)
(10, 4, 22)
(10, 5, 22)
(10, 6, 14)
(10, 7, 12)
(10, 8, 12)
(10, 9, 10)
(10, 10, 10)
(10, 11, 10)
(10, 12, 10)
(10, 13, 10)
(10, 14, 9)
(10, 15, 9)
(10, 16, 8)
(10, 17, 7)
(10, 18, 7)
(10, 19, 7)
(10, 20, 6)
(10, 21, 6)
(10, 22, 6)
(10, 23, 4)
(10, 24, 4)
(10, 25, 4)
(10, 26, 4)
(10, 27, 2)
(10, 28, 2)
(10, 29, 2)
(10, 30, 2)
(10, 31, 2)
(10, 32, 2)
(10, 33, 2)
(10, 34, 2)
(10, 35, 2)
(10, 36, 2)
(10, 37, 2)
(10, 38, 2)
(10, 39, 2)

(11, 0, 40)
(11, 1, 36)
(11, 2, 32)
(11, 3, 24)
(11, 4, 22)
(11, 5, 22)
(11, 6, 14)
(11, 7, 12)
(11, 8, 12)
(11, 9, 10)
(11, 10, 10)
(11, 11, 10)
(11, 12, 10)
(11, 13, 10)
(11, 14, 9)
(11, 15, 9)
(11, 16, 8)
(11, 17, 7)
(11, 18, 7)
(11, 19, 7)
(11, 20, 6)
(11, 21, 6)
(11, 22, 6)
(11, 23, 4)
(11, 24, 4)
(11, 25, 4)
(11, 26, 4)
(11, 27, 2)
(11, 28, 2)
(11, 29, 2)
(11, 30, 2)
(11, 31, 2)
(11, 32, 2)
(11, 33, 2)
(11, 34, 2)
(11, 35, 2)
(11, 36, 2)
(11, 37, 2)
(11, 38, 2)
(11, 39, 2)

(12, 0, 40)
(12, 1, 36)
(12, 2, 32)
(12, 3, 24)
(12, 4, 22)
(12, 5, 22)
(12, 6, 14)
(12, 7, 12)
(12, 8, 12)
(12, 9, 10)
(12, 10, 10)
(12, 11, 10)
(12, 12, 10)
(12, 13, 10)
(12, 14, 9)
(12, 15, 9)
(12, 16, 8)
(12, 17, 7)
(12, 18, 7)
(12, 19, 7)
(12, 20, 6)
(12, 21, 6)
(12, 22, 6)
(12, 23, 4)
(12, 24, 4)
(12, 25, 4)
(12, 26, 4)
(12, 27, 2)
(12, 28, 2)
(12, 29, 2)
(12, 30, 2)
(12, 31, 2)
(12, 32, 2)
(12, 33, 2)
(12, 34, 2)
(12, 35, 2)
(12, 36, 2)
(12, 37, 2)
(12, 38, 2)
(12, 39, 2)

(13, 0, 40)
(13, 1, 36)
(13, 2, 32)
(13, 3, 24)
(13, 4, 22)
(13, 5, 22)
(13, 6, 14)
(13, 7, 12)
(13, 8, 12)
(13, 9, 10)
(13, 10, 10)
(13, 11, 10)
(13, 12, 10)
(13, 13, 10)
(13, 14, 9)
(13, 15, 9)
(13, 16, 8)
(13, 17, 7)
(13, 18, 7)
(13, 19, 7)
(13, 20, 6)
(13, 21, 6)
(13, 22, 6)
(13, 23, 4)
(13, 24, 4)
(13, 25, 4)
(13, 26, 4)
(13, 27, 2)
(13, 28, 2)
(13, 29, 2)
(13, 30, 2)
(13, 31, 2)
(13, 32, 2)
(13, 33, 2)
(13, 34, 2)
(13, 35, 2)
(13, 36, 2)
(13, 37, 2)
(13, 38, 2)
(13, 39, 2)

(14, 0, 40)
(14, 1, 36)
(14, 2, 32)
(14, 3, 24)
(14, 4, 22)
(14, 5, 22)
(14, 6, 14)
(14, 7, 12)
(14, 8, 12)
(14, 9, 10)
(14, 10, 10)
(14, 11, 10)
(14, 12, 10)
(14, 13, 10)
(14, 14, 9)
(14, 15, 9)
(14, 16, 8)
(14, 17, 7)
(14, 18, 7)
(14, 19, 7)
(14, 20, 6)
(14, 21, 6)
(14, 22, 6)
(14, 23, 4)
(14, 24, 4)
(14, 25, 4)
(14, 26, 4)
(14, 27, 2)
(14, 28, 2)
(14, 29, 2)
(14, 30, 2)
(14, 31, 2)
(14, 32, 2)
(14, 33, 2)
(14, 34, 2)
(14, 35, 2)
(14, 36, 2)
(14, 37, 2)
(14, 38, 2)
(14, 39, 2)

(15, 0, 40)
(15, 1, 36)
(15, 2, 32)
(15, 3, 24)
(15, 4, 22)
(15, 5, 22)
(15, 6, 14)
(15, 7, 12)
(15, 8, 12)
(15, 9, 10)
(15, 10, 10)
(15, 11, 10)
(15, 12, 10)
(15, 13, 10)
(15, 14, 9)
(15, 15, 9)
(15, 16, 8)
(15, 17, 7)
(15, 18, 7)
(15, 19, 7)
(15, 20, 6)
(15, 21, 6)
(15, 22, 6)
(15, 23, 4)
(15, 24, 4)
(15, 25, 4)
(15, 26, 4)
(15, 27, 2)
(15, 28, 2)
(15, 29, 2)
(15, 30, 2)
(15, 31, 2)
(15, 32, 2)
(15, 33, 2)
(15, 34, 2)
(15, 35, 2)
(15, 36, 2)
(15, 37, 2)
(15, 38, 2)
(15, 39, 2)

(16, 0, 40)
(16, 1, 36)
(16, 2, 32)
(16, 3, 24)
(16, 4, 22)
(16, 5, 22)
(16, 6, 14)
(16, 7, 12)
(16, 8, 12)
(16, 9, 10)
(16, 10, 10)
(16, 11, 10)
(16, 12, 10)
(16, 13, 10)
(16, 14, 9)
(16, 15, 9)
(16, 16, 8)
(16, 17, 7)
(16, 18, 7)
(16, 19, 7)
(16, 20, 6)
(16, 21, 6)
(16, 22, 6)
(16, 23, 4)
(16, 24, 4)
(16, 25, 4)
(16, 26, 4)
(16, 27, 2)
(16, 28, 2)
(16, 29, 2)
(16, 30, 2)
(16, 31, 2)
(16, 32, 2)
(16, 33, 2)
(16, 34, 2)
(16, 35, 2)
(16, 36, 2)
(16, 37, 2)
(16, 38, 2)
(16, 39, 2)

(17, 0, 40)
(17, 1, 36)
(17, 2, 32)
(17, 3, 24)
(17, 4, 22)
(17, 5, 22)
(17, 6, 14)
(17, 7, 12)
(17, 8, 12)
(17, 9, 10)
(17, 10, 10)
(17, 11, 10)
(17, 12, 10)
(17, 13, 10)
(17, 14, 9)
(17, 15, 9)
(17, 16, 8)
(17, 17, 7)
(17, 18, 7)
(17, 19, 7)
(17, 20, 6)
(17, 21, 6)
(17, 22, 6)
(17, 23, 4)
(17, 24, 4)
(17, 25, 4)
(17, 26, 4)
(17, 27, 2)
(17, 28, 2)
(17, 29, 2)
(17, 30, 2)
(17, 31, 2)
(17, 32, 2)
(17, 33, 2)
(17, 34, 2)
(17, 35, 2)
(17, 36, 2)
(17, 37, 2)
(17, 38, 2)
(17, 39, 2)

(18, 0, 40)
(18, 1, 36)
(18, 2, 32)
(18, 3, 24)
(18, 4, 22)
(18, 5, 22)
(18, 6, 14)
(18, 7, 12)
(18, 8, 12)
(18, 9, 10)
(18, 10, 10)
(18, 11, 10)
(18, 12, 10)
(18, 13, 10)
(18, 14, 9)
(18, 15, 9)
(18, 16, 8)
(18, 17, 7)
(18, 18, 7)
(18, 19, 7)
(18, 20, 6)
(18, 21, 6)
(18, 22, 6)
(18, 23, 4)
(18, 24, 4)
(18, 25, 4)
(18, 26, 4)
(18, 27, 2)
(18, 28, 2)
(18, 29, 2)
(18, 30, 2)
(18, 31, 2)
(18, 32, 2)
(18, 33, 2)
(18, 34, 2)
(18, 35, 2)
(18, 36, 2)
(18, 37, 2)
(18, 38, 2)
(18, 39, 2)

(19, 0, 40)
(19, 1, 36)
(19, 2, 32)
(19, 3, 24)
(19, 4, 22)
(19, 5, 22)
(19, 6, 14)
(19, 7, 12)
(19, 8, 12)
(19, 9, 10)
(19, 10, 10)
(19, 11, 10)
(19, 12, 10)
(19, 13, 10)
(19, 14, 9)
(19, 15, 9)
(19, 16, 8)
(19, 17, 7)
(19, 18, 7)
(19, 19, 7)
(19, 20, 6)
(19, 21, 6)
(19, 22, 6)
(19, 23, 4)
(19, 24, 4)
(19, 25, 4)
(19, 26, 4)
(19, 27, 2)
(19, 28, 2)
(19, 29, 2)
(19, 30, 2)
(19, 31, 2)
(19, 32, 2)
(19, 33, 2)
(19, 34, 2)
(19, 35, 2)
(19, 36, 2)
(19, 37, 2)
(19, 38, 2)
(19, 39, 2)

(20, 0, 40)
(20, 1, 36)
(20, 2, 32)
(20, 3, 24)
(20, 4, 22)
(20, 5, 22)
(20, 6, 14)
(20, 7, 12)
(20, 8, 12)
(20, 9, 10)
(20, 10, 10)
(20, 11, 10)
(20, 12, 10)
(20, 13, 10)
(20, 14, 9)
(20, 15, 9)
(20, 16, 8)
(20, 17, 7)
(20, 18, 7)
(20, 19, 7)
(20, 20, 6)
(20, 21, 6)
(20, 22, 6)
(20, 23, 4)
(20, 24, 4)
(20, 25, 4)
(20, 26, 4)
(20, 27, 2)
(20, 28, 2)
(20, 29, 2)
(20, 30, 2)
(20, 31, 2)
(20, 32, 2)
(20, 33, 2)
(20, 34, 2)
(20, 35, 2)
(20, 36, 2)
(20, 37, 2)
(20, 38, 2)
(20, 39, 2)

(21, 0, 42)
(21, 1, 38)
(21, 2, 34)
(21, 3, 25)
(21, 4, 23)
(21, 5, 23)
(21, 6, 15)
(21, 7, 13)
(21, 8, 13)
(21, 9, 11)
(21, 10, 11)
(21, 11, 11)
(21, 12, 11)
(21, 13, 11)
(21, 14, 10)
(21, 15, 10)
(21, 16, 9)
(21, 17, 8)
(21, 18, 8)
(21, 19, 8)
(21, 20, 7)
(21, 21, 7)
(21, 22, 7)
(21, 23, 5)
(21, 24, 5)
(21, 25, 5)
(21, 26, 5)
(21, 27, 3)
(21, 28, 3)
(21, 29, 3)
(21, 30, 3)
(21, 31, 3)
(21, 32, 3)
(21, 33, 3)
(21, 34, 3)
(21, 35, 3)
(21, 36, 3)
(21, 37, 3)
(21, 38, 3)
(21, 39, 3)

(22, 0, 43)
(22, 1, 39)
(22, 2, 35)
(22, 3, 26)
(22, 4, 24)
(22, 5, 24)
(22, 6, 16)
(22, 7, 14)
(22, 8, 14)
(22, 9, 12)
(22, 10, 12)
(22, 11, 12)
(22, 12, 12)
(22, 13, 12)
(22, 14, 11)
(22, 15, 11)
(22, 16, 10)
(22, 17, 9)
(22, 18, 9)
(22, 19, 9)
(22, 20, 8)
(22, 21, 8)
(22, 22, 8)
(22, 23, 6)
(22, 24, 6)
(22, 25, 6)
(22, 26, 6)
(22, 27, 4)
(22, 28, 4)
(22, 29, 4)
(22, 30, 4)
(22, 31, 4)
(22, 32, 4)
(22, 33, 4)
(22, 34, 4)
(22, 35, 4)
(22, 36, 4)
(22, 37, 4)
(22, 38, 4)
(22, 39, 4)

(23, 0, 50)
(23, 1, 44)
(23, 2, 40)
(23, 3, 30)
(23, 4, 27)
(23, 5, 27)
(23, 6, 19)
(23, 7, 16)
(23, 8, 16)
(23, 9, 13)
(23, 10, 13)
(23, 11, 13)
(23, 12, 13)
(23, 13, 13)
(23, 14, 12)
(23, 15, 12)
(23, 16, 11)
(23, 17, 10)
(23, 18, 10)
(23, 19, 10)
(23, 20, 9)
(23, 21, 9)
(23, 22, 9)
(23, 23, 7)
(23, 24, 7)
(23, 25, 7)
(23, 26, 7)
(23, 27, 4)
(23, 28, 4)
(23, 29, 4)
(23, 30, 4)
(23, 31, 4)
(23, 32, 4)
(23, 33, 4)
(23, 34, 4)
(23, 35, 4)
(23, 36, 3)
(23, 37, 3)
(23, 38, 3)
(23, 39, 3)

(24, 0, 50)
(24, 1, 44)
(24, 2, 40)
(24, 3, 30)
(24, 4, 27)
(24, 5, 27)
(24, 6, 19)
(24, 7, 16)
(24, 8, 16)
(24, 9, 13)
(24, 10, 13)
(24, 11, 13)
(24, 12, 13)
(24, 13, 13)
(24, 14, 12)
(24, 15, 12)
(24, 16, 11)
(24, 17, 10)
(24, 18, 10)
(24, 19, 10)
(24, 20, 9)
(24, 21, 9)
(24, 22, 9)
(24, 23, 7)
(24, 24, 7)
(24, 25, 7)
(24, 26, 7)
(24, 27, 4)
(24, 28, 4)
(24, 29, 4)
(24, 30, 4)
(24, 31, 4)
(24, 32, 4)
(24, 33, 4)
(24, 34, 4)
(24, 35, 4)
(24, 36, 3)
(24, 37, 3)
(24, 38, 3)
(24, 39, 3)

(25, 0, 57)
(25, 1, 51)
(25, 2, 46)
(25, 3, 35)
(25, 4, 32)
(25, 5, 32)
(25, 6, 21)
(25, 7, 18)
(25, 8, 18)
(25, 9, 15)
(25, 10, 15)
(25, 11, 15)
(25, 12, 15)
(25, 13, 15)
(25, 14, 14)
(25, 15, 14)
(25, 16, 13)
(25, 17, 12)
(25, 18, 12)
(25, 19, 11)
(25, 20, 10)
(25, 21, 10)
(25, 22, 10)
(25, 23, 7)
(25, 24, 7)
(25, 25, 7)
(25, 26, 7)
(25, 27, 4)
(25, 28, 4)
(25, 29, 4)
(25, 30, 4)
(25, 31, 4)
(25, 32, 4)
(25, 33, 4)
(25, 34, 4)
(25, 35, 4)
(25, 36, 3)
(25, 37, 3)
(25, 38, 3)
(25, 39, 3)

(26, 0, 60)
(26, 1, 54)
(26, 2, 48)
(26, 3, 36)
(26, 4, 33)
(26, 5, 33)
(26, 6, 21)
(26, 7, 18)
(26, 8, 18)
(26, 9, 15)
(26, 10, 15)
(26, 11, 15)
(26, 12, 15)
(26, 13, 15)
(26, 14, 14)
(26, 15, 14)
(26, 16, 13)
(26, 17, 12)
(26, 18, 12)
(26, 19, 11)
(26, 20, 10)
(26, 21, 10)
(26, 22, 10)
(26, 23, 7)
(26, 24, 7)
(26, 25, 7)
(26, 26, 7)
(26, 27, 4)
(26, 28, 4)
(26, 29, 4)
(26, 30, 4)
(26, 31, 4)
(26, 32, 4)
(26, 33, 4)
(26, 34, 4)
(26, 35, 4)
(26, 36, 3)
(26, 37, 3)
(26, 38, 3)
(26, 39, 3)

(27, 0, 60)
(27, 1, 54)
(27, 2, 48)
(27, 3, 36)
(27, 4, 33)
(27, 5, 33)
(27, 6, 21)
(27, 7, 18)
(27, 8, 18)
(27, 9, 15)
(27, 10, 15)
(27, 11, 15)
(27, 12, 15)
(27, 13, 15)
(27, 14, 14)
(27, 15, 14)
(27, 16, 13)
(27, 17, 12)
(27, 18, 12)
(27, 19, 11)
(27, 20, 10)
(27, 21, 10)
(27, 22, 10)
(27, 23, 7)
(27, 24, 7)
(27, 25, 7)
(27, 26, 7)
(27, 27, 4)
(27, 28, 4)
(27, 29, 4)
(27, 30, 4)
(27, 31, 4)
(27, 32, 4)
(27, 33, 4)
(27, 34, 4)
(27, 35, 4)
(27, 36, 3)
(27, 37, 3)
(27, 38, 3)
(27, 39, 3)

(28, 0, 60)
(28, 1, 54)
(28, 2, 48)
(28, 3, 36)
(28, 4, 33)
(28, 5, 33)
(28, 6, 21)
(28, 7, 18)
(28, 8, 18)
(28, 9, 15)
(28, 10, 15)
(28, 11, 15)
(28, 12, 15)
(28, 13, 15)
(28, 14, 14)
(28, 15, 14)
(28, 16, 13)
(28, 17, 12)
(28, 18, 12)
(28, 19, 11)
(28, 20, 10)
(28, 21, 10)
(28, 22, 10)
(28, 23, 7)
(28, 24, 7)
(28, 25, 7)
(28, 26, 7)
(28, 27, 4)
(28, 28, 4)
(28, 29, 4)
(28, 30, 4)
(28, 31, 4)
(28, 32, 4)
(28, 33, 4)
(28, 34, 4)
(28, 35, 4)
(28, 36, 3)
(28, 37, 3)
(28, 38, 3)
(28, 39, 3)

(29, 0, 60)
(29, 1, 54)
(29, 2, 48)
(29, 3, 36)
(29, 4, 33)
(29, 5, 33)
(29, 6, 21)
(29, 7, 18)
(29, 8, 18)
(29, 9, 15)
(29, 10, 15)
(29, 11, 15)
(29, 12, 15)
(29, 13, 15)
(29, 14, 14)
(29, 15, 14)
(29, 16, 13)
(29, 17, 12)
(29, 18, 12)
(29, 19, 11)
(29, 20, 10)
(29, 21, 10)
(29, 22, 10)
(29, 23, 7)
(29, 24, 7)
(29, 25, 7)
(29, 26, 7)
(29, 27, 4)
(29, 28, 4)
(29, 29, 4)
(29, 30, 4)
(29, 31, 4)
(29, 32, 4)
(29, 33, 4)
(29, 34, 4)
(29, 35, 4)
(29, 36, 3)
(29, 37, 3)
(29, 38, 3)
(29, 39, 3)

(30, 0, 60)
(30, 1, 54)
(30, 2, 48)
(30, 3, 36)
(30, 4, 33)
(30, 5, 33)
(30, 6, 21)
(30, 7, 18)
(30, 8, 18)
(30, 9, 15)
(30, 10, 15)
(30, 11, 15)
(30, 12, 15)
(30, 13, 15)
(30, 14, 14)
(30, 15, 14)
(30, 16, 13)
(30, 17, 12)
(30, 18, 12)
(30, 19, 11)
(30, 20, 10)
(30, 21, 10)
(30, 22, 10)
(30, 23, 7)
(30, 24, 7)
(30, 25, 7)
(30, 26, 7)
(30, 27, 4)
(30, 28, 4)
(30, 29, 4)
(30, 30, 4)
(30, 31, 4)
(30, 32, 4)
(30, 33, 4)
(30, 34, 4)
(30, 35, 4)
(30, 36, 3)
(30, 37, 3)
(30, 38, 3)
(30, 39, 3)

(31, 0, 60)
(31, 1, 54)
(31, 2, 48)
(31, 3, 36)
(31, 4, 33)
(31, 5, 33)
(31, 6, 21)
(31, 7, 18)
(31, 8, 18)
(31, 9, 15)
(31, 10, 15)
(31, 11, 15)
(31, 12, 15)
(31, 13, 15)
(31, 14, 14)
(31, 15, 14)
(31, 16, 13)
(31, 17, 12)
(31, 18, 12)
(31, 19, 11)
(31, 20, 10)
(31, 21, 10)
(31, 22, 10)
(31, 23, 7)
(31, 24, 7)
(31, 25, 7)
(31, 26, 7)
(31, 27, 4)
(31, 28, 4)
(31, 29, 4)
(31, 30, 4)
(31, 31, 4)
(31, 32, 4)
(31, 33, 4)
(31, 34, 4)
(31, 35, 4)
(31, 36, 3)
(31, 37, 3)
(31, 38, 3)
(31, 39, 3)

(32, 0, 60)
(32, 1, 54)
(32, 2, 48)
(32, 3, 36)
(32, 4, 33)
(32, 5, 33)
(32, 6, 21)
(32, 7, 18)
(32, 8, 18)
(32, 9, 15)
(32, 10, 15)
(32, 11, 15)
(32, 12, 15)
(32, 13, 15)
(32, 14, 14)
(32, 15, 14)
(32, 16, 13)
(32, 17, 12)
(32, 18, 12)
(32, 19, 11)
(32, 20, 10)
(32, 21, 10)
(32, 22, 10)
(32, 23, 7)
(32, 24, 7)
(32, 25, 7)
(32, 26, 7)
(32, 27, 4)
(32, 28, 4)
(32, 29, 4)
(32, 30, 4)
(32, 31, 4)
(32, 32, 4)
(32, 33, 4)
(32, 34, 4)
(32, 35, 4)
(32, 36, 3)
(32, 37, 3)
(32, 38, 3)
(32, 39, 3)

(33, 0, 62)
(33, 1, 56)
(33, 2, 50)
(33, 3, 37)
(33, 4, 34)
(33, 5, 34)
(33, 6, 22)
(33, 7, 19)
(33, 8, 19)
(33, 9, 16)
(33, 10, 16)
(33, 11, 16)
(33, 12, 16)
(33, 13, 16)
(33, 14, 15)
(33, 15, 15)
(33, 16, 14)
(33, 17, 13)
(33, 18, 13)
(33, 19, 12)
(33, 20, 11)
(33, 21, 11)
(33, 22, 11)
(33, 23, 8)
(33, 24, 8)
(33, 25, 8)
(33, 26, 8)
(33, 27, 5)
(33, 28, 5)
(33, 29, 5)
(33, 30, 5)
(33, 31, 5)
(33, 32, 5)
(33, 33, 5)
(33, 34, 5)
(33, 35, 5)
(33, 36, 4)
(33, 37, 4)
(33, 38, 4)
(33, 39, 4)

(34, 0, 62)
(34, 1, 56)
(34, 2, 50)
(34, 3, 37)
(34, 4, 34)
(34, 5, 34)
(34, 6, 22)
(34, 7, 19)
(34, 8, 19)
(34, 9, 16)
(34, 10, 16)
(34, 11, 16)
(34, 12, 16)
(34, 13, 16)
(34, 14, 15)
(34, 15, 15)
(34, 16, 14)
(34, 17, 13)
(34, 18, 13)
(34, 19, 12)
(34, 20, 11)
(34, 21, 11)
(34, 22, 11)
(34, 23, 8)
(34, 24, 8)
(34, 25, 8)
(34, 26, 8)
(34, 27, 5)
(34, 28, 5)
(34, 29, 5)
(34, 30, 5)
(34, 31, 5)
(34, 32, 5)
(34, 33, 5)
(34, 34, 5)
(34, 35, 5)
(34, 36, 4)
(34, 37, 4)
(34, 38, 4)
(34, 39, 4)

(35, 0, 62)
(35, 1, 56)
(35, 2, 50)
(35, 3, 37)
(35, 4, 34)
(35, 5, 34)
(35, 6, 22)
(35, 7, 19)
(35, 8, 19)
(35, 9, 16)
(35, 10, 16)
(35, 11, 16)
(35, 12, 16)
(35, 13, 16)
(35, 14, 15)
(35, 15, 15)
(35, 16, 14)
(35, 17, 13)
(35, 18, 13)
(35, 19, 12)
(35, 20, 11)
(35, 21, 11)
(35, 22, 11)
(35, 23, 8)
(35, 24, 8)
(35, 25, 8)
(35, 26, 8)
(35, 27, 5)
(35, 28, 5)
(35, 29, 5)
(35, 30, 5)
(35, 31, 5)
(35, 32, 5)
(35, 33, 5)
(35, 34, 5)
(35, 35, 5)
(35, 36, 4)
(35, 37, 4)
(35, 38, 4)
(35, 39, 4)

(36, 0, 66)
(36, 1, 60)
(36, 2, 54)
(36, 3, 41)
(36, 4, 38)
(36, 5, 38)
(36, 6, 23)
(36, 7, 20)
(36, 8, 20)
(36, 9, 17)
(36, 10, 17)
(36, 11, 17)
(36, 12, 17)
(36, 13, 17)
(36, 14, 16)
(36, 15, 16)
(36, 16, 15)
(36, 17, 14)
(36, 18, 14)
(36, 19, 13)
(36, 20, 12)
(36, 21, 12)
(36, 22, 12)
(36, 23, 9)
(36, 24, 9)
(36, 25, 9)
(36, 26, 9)
(36, 27, 6)
(36, 28, 6)
(36, 29, 6)
(36, 30, 6)
(36, 31, 6)
(36, 32, 6)
(36, 33, 6)
(36, 34, 6)
(36, 35, 6)
(36, 36, 5)
(36, 37, 5)
(36, 38, 5)
(36, 39, 5)

(37, 0, 70)
(37, 1, 64)
(37, 2, 57)
(37, 3, 43)
(37, 4, 40)
(37, 5, 40)
(37, 6, 25)
(37, 7, 22)
(37, 8, 22)
(37, 9, 19)
(37, 10, 19)
(37, 11, 19)
(37, 12, 19)
(37, 13, 19)
(37, 14, 18)
(37, 15, 18)
(37, 16, 17)
(37, 17, 16)
(37, 18, 16)
(37, 19, 15)
(37, 20, 14)
(37, 21, 14)
(37, 22, 14)
(37, 23, 10)
(37, 24, 10)
(37, 25, 10)
(37, 26, 10)
(37, 27, 7)
(37, 28, 7)
(37, 29, 7)
(37, 30, 7)
(37, 31, 7)
(37, 32, 7)
(37, 33, 7)
(37, 34, 7)
(37, 35, 7)
(37, 36, 5)
(37, 37, 5)
(37, 38, 5)
(37, 39, 5)

(38, 0, 76)
(38, 1, 69)
(38, 2, 61)
(38, 3, 46)
(38, 4, 42)
(38, 5, 42)
(38, 6, 26)
(38, 7, 22)
(38, 8, 22)
(38, 9, 19)
(38, 10, 19)
(38, 11, 19)
(38, 12, 19)
(38, 13, 19)
(38, 14, 18)
(38, 15, 18)
(38, 16, 17)
(38, 17, 16)
(38, 18, 16)
(38, 19, 15)
(38, 20, 14)
(38, 21, 14)
(38, 22, 14)
(38, 23, 10)
(38, 24, 10)
(38, 25, 10)
(38, 26, 10)
(38, 27, 7)
(38, 28, 7)
(38, 29, 7)
(38, 30, 7)
(38, 31, 7)
(38, 32, 7)
(38, 33, 7)
(38, 34, 7)
(38, 35, 7)
(38, 36, 5)
(38, 37, 5)
(38, 38, 5)
(38, 39, 4)

(39, 0, 80)
(39, 1, 72)
(39, 2, 64)
(39, 3, 48)
(39, 4, 44)
(39, 5, 44)
(39, 6, 28)
(39, 7, 24)
(39, 8, 24)
(39, 9, 20)
(39, 10, 20)
(39, 11, 20)
(39, 12, 20)
(39, 13, 20)
(39, 14, 19)
(39, 15, 19)
(39, 16, 18)
(39, 17, 17)
(39, 18, 16)
(39, 19, 15)
(39, 20, 14)
(39, 21, 14)
(39, 22, 14)
(39, 23, 10)
(39, 24, 10)
(39, 25, 10)
(39, 26, 10)
(39, 27, 6)
(39, 28, 6)
(39, 29, 6)
(39, 30, 6)
(39, 31, 6)
(39, 32, 6)
(39, 33, 6)
(39, 34, 6)
(39, 35, 6)
(39, 36, 4)
(39, 37, 4)
(39, 38, 4)
(39, 39, 4)


Betti numbers:
xi_0:
(0, 0, 9)
(1, 0, 9)
(2, 0, 2)
(4, 0, 9)
(5, 0, 11)
(21, 0, 2)
(22, 0, 1)
(23, 0, 7)
(25, 0, 7)
(26, 0, 3)
(33, 0, 2)
(36, 0, 4)
(37, 0, 4)
(38, 0, 6)
(39, 0, 4)
xi_1:
(0, 1, 2)
(0, 3, 2)
(0, 9, 2)
(0, 16, 1)
(0, 27, 1)
(1, 2, 1)
(1, 3, 2)
(1, 4, 1)
(1, 6, 3)
(1, 7, 1)
(1, 14, 1)
(1, 23, 1)
(2, 2, 1)
(2, 6, 1)
(4, 3, 2)
(4, 6, 2)
(4, 17, 1)
(4, 21, 1)
(4, 23, 1)
(5, 1, 2)
(5, 2, 2)
(5, 3, 2)
(5, 4, 1)
(5, 6, 2)
(5, 7, 1)
(5, 9, 1)
(5, 20, 1)
(5, 27, 1)
(21, 3, 1)
(23, 1, 2)
(23, 3, 1)
(23, 4, 1)
(23, 7, 1)
(23, 9, 1)
(23, 27, 1)
(23, 36, 1)
(25, 2, 1)
(25, 3, 1)
(25, 6, 3)
(25, 19, 1)
(25, 23, 1)
(26, 2, 1)
(26, 3, 1)
(26, 6, 1)
(33, 3, 1)
(36, 6, 3)
(37, 2, 1)
(37, 3, 1)
(37, 23, 1)
(37, 36, 1)
(38, 1, 1)
(38, 2, 1)
(38, 3, 1)
(38, 4, 1)
(38, 6, 1)
(38, 7, 1)
(38, 39, 1)
(39, 1, 1)
(39, 3, 1)
(39, 9, 1)
(39, 18, 1)
(39, 27, 1)
xi_2:
(1, 9, 1)
(5, 21, 1)
(39, 39, 1)
