x-grades
-7393817668777123137/4000000000000000000
-3618529642437956537/2000000000000000000
-7080300900974703011/4000000000000000000
-1730885629268373237/1000000000000000000
-1353356826634456577/800000000000000000
-3305012874635536411/2000000000000000000
-6453267365369862759/4000000000000000000
-787063622683581587/500000000000000000
-6139750597567442633/4000000000000000000
-598299221366623257/400000000000000000
-5826233829765022507/4000000000000000000
-1417368861465953111/1000000000000000000
-5512717061962602381/4000000000000000000
-2677979339030696159/2000000000000000000
-1039840058832036451/800000000000000000
-157576309695592881/125000000000000000
-4885683526357762129/4000000000000000000
-2364462571228276033/2000000000000000000
-4572166758555342003/4000000000000000000
-220770418732706597/200000000000000000
-4258649990752921877/4000000000000000000
-2050945803425855907/2000000000000000000
-3945133222950501751/4000000000000000000
-473546854881161461/500000000000000000
-29052931641184653/32000000000000000
-1737429035623435781/2000000000000000000
-3318099687345661499/4000000000000000000
-790335325861112859/1000000000000000000
-3004582919543241373/4000000000000000000
-284782453564203131/400000000000000000
-2691066151740821247/4000000000000000000
-158394235489975699/250000000000000000
-2377549383938401121/4000000000000000000
-1110395500018595529/2000000000000000000
-412806523227196199/800000000000000000
-476818558058692733/1000000000000000000
-1750515848333560869/4000000000000000000
-796878732216175403/2000000000000000000
-1436999080531140743/4000000000000000000
-32006017415748267/100000000000000000

y-grades
126363/1000000
126363/500000
379089/1000000
126363/250000
126363/200000
379089/500000
884541/1000000
126363/125000
1137267/1000000
126363/100000
1389993/1000000
379089/250000
1642719/1000000
884541/500000
379089/200000
126363/62500
2148171/1000000
1137267/500000
2400897/1000000
126363/50000
2653623/1000000
1389993/500000
2906349/1000000
379089/125000
126363/40000
1642719/500000
3411801/1000000
884541/250000
3664527/1000000
379089/100000
3917253/1000000
126363/31250
4169979/1000000
2148171/500000
884541/200000
1137267/250000
4675431/1000000
2400897/500000
4928157/1000000
126363/25000

Dimensions > 0:
(0, 0, 12)
(0, 1, 12)
(0, 2, 6)
(0, 3, 4)
(0, 4, 3)
(0, 5, 3)
(0, 6, 3)
(0, 7, 2)
(0, 8, 2)
(0, 9, 2)
(0, 10, 2)
(0, 11, 2)
(0, 12, 2)
(0, 13, 2)
(0, 14, 2)
(0, 15, 2)
(0, 16, 2)
(0, 17, 2)
(0, 18, 2)
(0, 19, 2)
(0, 20, 2)
(0, 21, 2)
(0, 22, 2)
(0, 23, 2)
(0, 24, 2)
(0, 25, 2)
(0, 26, 2)
(0, 27, 2)
(0, 28, 2)
(0, 29, 2)
(0, 30, 2)
(0, 31, 2)
(0, 32, 2)
(0, 33, 2)
(0, 34, 2)
(0, 35, 2)
(0, 36, 2)
(0, 37, 2)
(0, 38, 2)
(0, 39, 2)

(1, 0, 21)
(1, 1, 21)
(1, 2, 9)
(1, 3, 6)
(1, 4, 4)
(1, 5, 4)
(1, 6, 4)
(1, 7, 3)
(1, 8, 3)
(1, 9, 3)
(1, 10, 3)
(1, 11, 3)
(1, 12, 3)
(1, 13, 3)
(1, 14, 3)
(1, 15, 3)
(1, 16, 3)
(1, 17, 3)
(1, 18, 3)
(1, 19, 3)
(1, 20, 3)
(1, 21, 3)
(1, 22, 3)
(1, 23, 3)
(1, 24, 3)
(1, 25, 3)
(1, 26, 3)
(1, 27, 3)
(1, 28, 3)
(1, 29, 3)
(1, 30, 3)
(1, 31, 3)
(1, 32, 3)
(1, 33, 3)
(1, 34, 3)
(1, 35, 3)
(1, 36, 3)
(1, 37, 3)
(1, 38, 3)
(1, 39, 3)

(2, 0, 30)
(2, 1, 29)
(2, 2, 15)
(2, 3, 12)
(2, 4, 9)
(2, 5, 9)
(2, 6, 8)
(2, 7, 7)
(2, 8, 7)
(2, 9, 5)
(2, 10, 5)
(2, 11, 4)
(2, 12, 4)
(2, 13, 4)
(2, 14, 4)
(2, 15, 4)
(2, 16, 4)
(2, 17, 4)
(2, 18, 4)
(2, 19, 4)
(2, 20, 4)
(2, 21, 4)
(2, 22, 4)
(2, 23, 4)
(2, 24, 4)
(2, 25, 4)
(2, 26, 4)
(2, 27, 4)
(2, 28, 4)
(2, 29, 4)
(2, 30, 4)
(2, 31, 4)
(2, 32, 4)
(2, 33, 4)
(2, 34, 4)
(2, 35, 4)
(2, 36, 4)
(2, 37, 4)
(2, 38, 4)
(2, 39, 4)

(3, 0, 39)
(3, 1, 35)
(3, 2, 21)
(3, 3, 18)
(3, 4, 12)
(3, 5, 11)
(3, 6, 10)
(3, 7, 9)
(3, 8, 9)
(3, 9, 6)
(3, 10, 6)
(3, 11, 5)
(3, 12, 5)
(3, 13, 4)
(3, 14, 4)
(3, 15, 4)
(3, 16, 4)
(3, 17, 4)
(3, 18, 4)
(3, 19, 4)
(3, 20, 4)
(3, 21, 4)
(3, 22, 4)
(3, 23, 4)
(3, 24, 4)
(3, 25, 4)
(3, 26, 4)
(3, 27, 4)
(3, 28, 4)
(3, 29, 4)
(3, 30, 4)
(3, 31, 4)
(3, 32, 4)
(3, 33, 4)
(3, 34, 4)
(3, 35, 4)
(3, 36, 4)
(3, 37, 4)
(3, 38, 4)
(3, 39, 4)

(4, 0, 48)
(4, 1, 39)
(4, 2, 24)
(4, 3, 21)
(4, 4, 13)
(4, 5, 12)
(4, 6, 11)
(4, 7, 10)
(4, 8, 10)
(4, 9, 6)
(4, 10, 6)
(4, 11, 5)
(4, 12, 5)
(4, 13, 4)
(4, 14, 4)
(4, 15, 4)
(4, 16, 4)
(4, 17, 4)
(4, 18, 4)
(4, 19, 4)
(4, 20, 4)
(4, 21, 4)
(4, 22, 4)
(4, 23, 4)
(4, 24, 4)
(4, 25, 4)
(4, 26, 4)
(4, 27, 4)
(4, 28, 4)
(4, 29, 4)
(4, 30, 4)
(4, 31, 4)
(4, 32, 4)
(4, 33, 4)
(4, 34, 4)
(4, 35, 4)
(4, 36, 4)
(4, 37, 4)
(4, 38, 4)
(4, 39, 4)

(5, 0, 50)
(5, 1, 41)
(5, 2, 26)
(5, 3, 23)
(5, 4, 15)
(5, 5, 13)
(5, 6, 12)
(5, 7, 11)
(5, 8, 11)
(5, 9, 7)
(5, 10, 7)
(5, 11, 6)
(5, 12, 6)
(5, 13, 4)
(5, 14, 4)
(5, 15, 4)
(5, 16, 4)
(5, 17, 4)
(5, 18, 4)
(5, 19, 4)
(5, 20, 4)
(5, 21, 4)
(5, 22, 4)
(5, 23, 4)
(5, 24, 4)
(5, 25, 4)
(5, 26, 4)
(5, 27, 4)
(5, 28, 4)
(5, 29, 4)
(5, 30, 4)
(5, 31, 4)
(5, 32, 4)
(5, 33, 4)
(5, 34, 4)
(5, 35, 4)
(5, 36, 4)
(5, 37, 4)
(5, 38, 4)
(5, 39, 4)

(6, 0, 53)
(6, 1, 42)
(6, 2, 26)
(6, 3, 23)
(6, 4, 15)
(6, 5, 13)
(6, 6, 12)
(6, 7, 11)
(6, 8, 11)
(6, 9, 7)
(6, 10, 7)
(6, 11, 6)
(6, 12, 6)
(6, 13, 4)
(6, 14, 4)
(6, 15, 4)
(6, 16, 4)
(6, 17, 4)
(6, 18, 4)
(6, 19, 4)
(6, 20, 4)
(6, 21, 4)
(6, 22, 4)
(6, 23, 4)
(6, 24, 4)
(6, 25, 4)
(6, 26, 4)
(6, 27, 4)
(6, 28, 4)
(6, 29, 4)
(6, 30, 4)
(6, 31, 4)
(6, 32, 4)
(6, 33, 4)
(6, 34, 4)
(6, 35, 4)
(6, 36, 4)
(6, 37, 4)
(6, 38, 4)
(6, 39, 4)

(7, 0, 53)
(7, 1, 42)
(7, 2, 26)
(7, 3, 23)
(7, 4, 15)
(7, 5, 13)
(7, 6, 12)
(7, 7, 11)
(7, 8, 11)
(7, 9, 7)
(7, 10, 7)
(7, 11, 6)
(7, 12, 6)
(7, 13, 4)
(7, 14, 4)
(7, 15, 4)
(7, 16, 4)
(7, 17, 4)
(7, 18, 4)
(7, 19, 4)
(7, 20, 4)
(7, 21, 4)
(7, 22, 4)
(7, 23, 4)
(7, 24, 4)
(7, 25, 4)
(7, 26, 4)
(7, 27, 4)
(7, 28, 4)
(7, 29, 4)
(7, 30, 4)
(7, 31, 4)
(7, 32, 4)
(7, 33, 4)
(7, 34, 4)
(7, 35, 4)
(7, 36, 4)
(7, 37, 4)
(7, 38, 4)
(7, 39, 4)

(8, 0, 53)
(8, 1, 42)
(8, 2, 26)
(8, 3, 23)
(8, 4, 15)
(8, 5, 13)
(8, 6, 12)
(8, 7, 11)
(8, 8, 11)
(8, 9, 7)
(8, 10, 7)
(8, 11, 6)
(8, 12, 6)
(8, 13, 4)
(8, 14, 4)
(8, 15, 4)
(8, 16, 4)
(8, 17, 4)
(8, 18, 4)
(8, 19, 4)
(8, 20, 4)
(8, 21, 4)
(8, 22, 4)
(8, 23, 4)
(8, 24, 4)
(8, 25, 4)
(8, 26, 4)
(8, 27, 4)
(8, 28, 4)
(8, 29, 4)
(8, 30, 4)
(8, 31, 4)
(8, 32, 4)
(8, 33, 4)
(8, 34, 4)
(8, 35, 4)
(8, 36, 4)
(8, 37, 4)
(8, 38, 4)
(8, 39, 4)

(9, 0, 53)
(9, 1, 42)
(9, 2, 26)
(9, 3, 23)
(9, 4, 15)
(9, 5, 13)
(9, 6, 12)
(9, 7, 11)
(9, 8, 11)
(9, 9, 7)
(9, 10, 7)
(9, 11, 6)
(9, 12, 6)
(9, 13, 4)
(9, 14, 4)
(9, 15, 4)
(9, 16, 4)
(9, 17, 4)
(9, 18, 4)
(9, 19, 4)
(9, 20, 4)
(9, 21, 4)
(9, 22, 4)
(9, 23, 4)
(9, 24, 4)
(9, 25, 4)
(9, 26, 4)
(9, 27, 4)
(9, 28, 4)
(9, 29, 4)
(9, 30, 4)
(9, 31, 4)
(9, 32, 4)
(9, 33, 4)
(9, 34, 4)
(9, 35, 4)
(9, 36, 4)
(9, 37, 4)
(9, 38, 4)
(9, 39, 4)

(10, 0, 53)
(10, 1, 42)
(10, 2, 26)
(10, 3, 23)
(10, 4, 15)
(10, 5, 13)
(10, 6, 12)
(10, 7, 11)
(10, 8, 11)
(10, 9, 7)
(10, 10, 7)
(10, 11, 6)
(10, 12, 6)
(10, 13, 4)
(10, 14, 4)
(10, 15, 4)
(10, 16, 4)
(10, 17, 4)
(10, 18, 4)
(10, 19, 4)
(10, 20, 4)
(10, 21, 4)
(10, 22, 4)
(10, 23, 4)
(10, 24, 4)
(10, 25, 4)
(10, 26, 4)
(10, 27, 4)
(10, 28, 4)
(10, 29, 4)
(10, 30, 4)
(10, 31, 4)
(10, 32, 4)
(10, 33, 4)
(10, 34, 4)
(10, 35, 4)
(10, 36, 4)
(10, 37, 4)
(10, 38, 4)
(10, 39, 4)

(11, 0, 58)
(11, 1, 47)
(11, 2, 30)
(11, 3, 26)
(11, 4, 18)
(11, 5, 16)
(11, 6, 15)
(11, 7, 14)
(11, 8, 13)
(11, 9, 9)
(11, 10, 9)
(11, 11, 8)
(11, 12, 8)
(11, 13, 6)
(11, 14, 6)
(11, 15, 6)
(11, 16, 6)
(11, 17, 6)
(11, 18, 6)
(11, 19, 6)
(11, 20, 6)
(11, 21, 6)
(11, 22, 6)
(11, 23, 6)
(11, 24, 6)
(11, 25, 6)
(11, 26, 6)
(11, 27, 6)
(11, 28, 6)
(11, 29, 6)
(11, 30, 6)
(11, 31, 6)
(11, 32, 6)
(11, 33, 6)
(11, 34, 6)
(11, 35, 6)
(11, 36, 6)
(11, 37, 6)
(11, 38, 6)
(11, 39, 6)

(12, 0, 62)
(12, 1, 49)
(12, 2, 31)
(12, 3, 26)
(12, 4, 18)
(12, 5, 16)
(12, 6, 15)
(12, 7, 14)
(12, 8, 13)
(12, 9, 9)
(12, 10, 9)
(12, 11, 8)
(12, 12, 8)
(12, 13, 6)
(12, 14, 6)
(12, 15, 6)
(12, 16, 6)
(12, 17, 6)
(12, 18, 6)
(12, 19, 6)
(12, 20, 6)
(12, 21, 6)
(12, 22, 6)
(12, 23, 6)
(12, 24, 6)
(12, 25, 6)
(12, 26, 6)
(12, 27, 6)
(12, 28, 6)
(12, 29, 6)
(12, 30, 6)
(12, 31, 6)
(12, 32, 6)
(12, 33, 6)
(12, 34, 6)
(12, 35, 6)
(12, 36, 6)
(12, 37, 6)
(12, 38, 6)
(12, 39, 6)

(13, 0, 66)
(13, 1, 51)
(13, 2, 33)
(13, 3, 27)
(13, 4, 19)
(13, 5, 17)
(13, 6, 16)
(13, 7, 15)
(13, 8, 14)
(13, 9, 10)
(13, 10, 10)
(13, 11, 9)
(13, 12, 9)
(13, 13, 7)
(13, 14, 7)
(13, 15, 7)
(13, 16, 7)
(13, 17, 7)
(13, 18, 7)
(13, 19, 7)
(13, 20, 7)
(13, 21, 7)
(13, 22, 7)
(13, 23, 7)
(13, 24, 7)
(13, 25, 7)
(13, 26, 7)
(13, 27, 7)
(13, 28, 7)
(13, 29, 7)
(13, 30, 7)
(13, 31, 7)
(13, 32, 7)
(13, 33, 7)
(13, 34, 7)
(13, 35, 7)
(13, 36, 7)
(13, 37, 7)
(13, 38, 7)
(13, 39, 7)

(14, 0, 70)
(14, 1, 53)
(14, 2, 35)
(14, 3, 28)
(14, 4, 20)
(14, 5, 18)
(14, 6, 17)
(14, 7, 16)
(14, 8, 14)
(14, 9, 10)
(14, 10, 10)
(14, 11, 9)
(14, 12, 9)
(14, 13, 7)
(14, 14, 7)
(14, 15, 7)
(14, 16, 7)
(14, 17, 7)
(14, 18, 7)
(14, 19, 7)
(14, 20, 7)
(14, 21, 7)
(14, 22, 7)
(14, 23, 7)
(14, 24, 7)
(14, 25, 7)
(14, 26, 7)
(14, 27, 7)
(14, 28, 7)
(14, 29, 7)
(14, 30, 7)
(14, 31, 7)
(14, 32, 7)
(14, 33, 7)
(14, 34, 7)
(14, 35, 7)
(14, 36, 7)
(14, 37, 7)
(14, 38, 7)
(14, 39, 7)

(15, 0, 70)
(15, 1, 53)
(15, 2, 35)
(15, 3, 28)
(15, 4, 20)
(15, 5, 18)
(15, 6, 17)
(15, 7, 16)
(15, 8, 14)
(15, 9, 10)
(15, 10, 10)
(15, 11, 9)
(15, 12, 9)
(15, 13, 7)
(15, 14, 7)
(15, 15, 7)
(15, 16, 7)
(15, 17, 7)
(15, 18, 7)
(15, 19, 7)
(15, 20, 7)
(15, 21, 7)
(15, 22, 7)
(15, 23, 7)
(15, 24, 7)
(15, 25, 7)
(15, 26, 7)
(15, 27, 7)
(15, 28, 7)
(15, 29, 7)
(15, 30, 7)
(15, 31, 7)
(15, 32, 7)
(15, 33, 7)
(15, 34, 7)
(15, 35, 7)
(15, 36, 7)
(15, 37, 7)
(15, 38, 7)
(15, 39, 7)

(16, 0, 70)
(16, 1, 53)
(16, 2, 35)
(16, 3, 28)
(16, 4, 20)
(16, 5, 18)
(16, 6, 17)
(16, 7, 16)
(16, 8, 14)
(16, 9, 10)
(16, 10, 10)
(16, 11, 9)
(16, 12, 9)
(16, 13, 7)
(16, 14, 7)
(16, 15, 7)
(16, 16, 7)
(16, 17, 7)
(16, 18, 7)
(16, 19, 7)
(16, 20, 7)
(16, 21, 7)
(16, 22, 7)
(16, 23, 7)
(16, 24, 7)
(16, 25, 7)
(16, 26, 7)
(16, 27, 7)
(16, 28, 7)
(16, 29, 7)
(16, 30, 7)
(16, 31, 7)
(16, 32, 7)
(16, 33, 7)
(16, 34, 7)
(16, 35, 7)
(16, 36, 7)
(16, 37, 7)
(16, 38, 7)
(16, 39, 7)

(17, 0, 70)
(17, 1, 53)
(17, 2, 35)
(17, 3, 28)
(17, 4, 20)
(17, 5, 18)
(17, 6, 17)
(17, 7, 16)
(17, 8, 14)
(17, 9, 10)
(17, 10, 10)
(17, 11, 9)
(17, 12, 9)
(17, 13, 7)
(17, 14, 7)
(17, 15, 7)
(17, 16, 7)
(17, 17, 7)
(17, 18, 7)
(17, 19, 7)
(17, 20, 7)
(17, 21, 7)
(17, 22, 7)
(17, 23, 7)
(17, 24, 7)
(17, 25, 7)
(17, 26, 7)
(17, 27, 7)
(17, 28, 7)
(17, 29, 7)
(17, 30, 7)
(17, 31, 7)
(17, 32, 7)
(17, 33, 7)
(17, 34, 7)
(17, 35, 7)
(17, 36, 7)
(17, 37, 7)
(17, 38, 7)
(17, 39, 7)

(18, 0, 71)
(18, 1, 54)
(18, 2, 36)
(18, 3, 29)
(18, 4, 21)
(18, 5, 19)
(18, 6, 18)
(18, 7, 17)
(18, 8, 15)
(18, 9, 11)
(18, 10, 11)
(18, 11, 10)
(18, 12, 10)
(18, 13, 8)
(18, 14, 8)
(18, 15, 8)
(18, 16, 8)
(18, 17, 8)
(18, 18, 8)
(18, 19, 8)
(18, 20, 8)
(18, 21, 8)
(18, 22, 8)
(18, 23, 8)
(18, 24, 8)
(18, 25, 8)
(18, 26, 8)
(18, 27, 8)
(18, 28, 8)
(18, 29, 8)
(18, 30, 8)
(18, 31, 8)
(18, 32, 8)
(18, 33, 8)
(18, 34, 8)
(18, 35, 8)
(18, 36, 8)
(18, 37, 8)
(18, 38, 8)
(18, 39, 8)

(19, 0, 76)
(19, 1, 58)
(19, 2, 39)
(19, 3, 30)
(19, 4, 22)
(19, 5, 20)
(19, 6, 19)
(19, 7, 18)
(19, 8, 15)
(19, 9, 11)
(19, 10, 11)
(19, 11, 10)
(19, 12, 10)
(19, 13, 8)
(19, 14, 8)
(19, 15, 8)
(19, 16, 8)
(19, 17, 8)
(19, 18, 8)
(19, 19, 8)
(19, 20, 8)
(19, 21, 8)
(19, 22, 8)
(19, 23, 8)
(19, 24, 8)
(19, 25, 8)
(19, 26, 8)
(19, 27, 8)
(19, 28, 8)
(19, 29, 8)
(19, 30, 8)
(19, 31, 8)
(19, 32, 8)
(19, 33, 8)
(19, 34, 8)
(19, 35, 8)
(19, 36, 8)
(19, 37, 8)
(19, 38, 8)
(19, 39, 8)

(20, 0, 77)
(20, 1, 59)
(20, 2, 39)
(20, 3, 30)
(20, 4, 22)
(20, 5, 20)
(20, 6, 19)
(20, 7, 18)
(20, 8, 15)
(20, 9, 11)
(20, 10, 11)
(20, 11, 10)
(20, 12, 10)
(20, 13, 8)
(20, 14, 8)
(20, 15, 8)
(20, 16, 8)
(20, 17, 8)
(20, 18, 8)
(20, 19, 8)
(20, 20, 8)
(20, 21, 8)
(20, 22, 8)
(20, 23, 8)
(20, 24, 8)
(20, 25, 8)
(20, 26, 8)
(20, 27, 8)
(20, 28, 8)
(20, 29, 8)
(20, 30, 8)
(20, 31, 8)
(20, 32, 8)
(20, 33, 8)
(20, 34, 8)
(20, 35, 8)
(20, 36, 8)
(20, 37, 8)
(20, 38, 8)
(20, 39, 8)

(21, 0, 77)
(21, 1, 59)
(21, 2, 39)
(21, 3, 30)
(21, 4, 22)
(21, 5, 20)
(21, 6, 19)
(21, 7, 18)
(21, 8, 15)
(21, 9, 11)
(21, 10, 11)
(21, 11, 10)
(21, 12, 10)
(21, 13, 8)
(21, 14, 8)
(21, 15, 8)
(21, 16, 8)
(21, 17, 8)
(21, 18, 8)
(21, 19, 8)
(21, 20, 8)
(21, 21, 8)
(21, 22, 8)
(21, 23, 8)
(21, 24, 8)
(21, 25, 8)
(21, 26, 8)
(21, 27, 8)
(21, 28, 8)
(21, 29, 8)
(21, 30, 8)
(21, 31, 8)
(21, 32, 8)
(21, 33, 8)
(21, 34, 8)
(21, 35, 8)
(21, 36, 8)
(21, 37, 8)
(21, 38, 8)
(21, 39, 8)

(22, 0, 82)
(22, 1, 61)
(22, 2, 41)
(22, 3, 31)
(22, 4, 23)
(22, 5, 21)
(22, 6, 20)
(22, 7, 19)
(22, 8, 16)
(22, 9, 12)
(22, 10, 12)
(22, 11, 11)
(22, 12, 11)
(22, 13, 9)
(22, 14, 9)
(22, 15, 9)
(22, 16, 9)
(22, 17, 9)
(22, 18, 9)
(22, 19, 9)
(22, 20, 9)
(22, 21, 9)
(22, 22, 9)
(22, 23, 9)
(22, 24, 9)
(22, 25, 9)
(22, 26, 9)
(22, 27, 9)
(22, 28, 9)
(22, 29, 9)
(22, 30, 9)
(22, 31, 9)
(22, 32, 9)
(22, 33, 9)
(22, 34, 9)
(22, 35, 9)
(22, 36, 9)
(22, 37, 9)
(22, 38, 9)
(22, 39, 9)

(23, 0, 85)
(23, 1, 63)
(23, 2, 43)
(23, 3, 32)
(23, 4, 24)
(23, 5, 22)
(23, 6, 21)
(23, 7, 20)
(23, 8, 16)
(23, 9, 12)
(23, 10, 12)
(23, 11, 11)
(23, 12, 11)
(23, 13, 9)
(23, 14, 9)
(23, 15, 9)
(23, 16, 9)
(23, 17, 9)
(23, 18, 9)
(23, 19, 9)
(23, 20, 9)
(23, 21, 9)
(23, 22, 9)
(23, 23, 9)
(23, 24, 9)
(23, 25, 9)
(23, 26, 9)
(23, 27, 9)
(23, 28, 9)
(23, 29, 9)
(23, 30, 9)
(23, 31, 9)
(23, 32, 9)
(23, 33, 9)
(23, 34, 9)
(23, 35, 9)
(23, 36, 9)
(23, 37, 9)
(23, 38, 9)
(23, 39, 9)

(24, 0, 85)
(24, 1, 63)
(24, 2, 43)
(24, 3, 32)
(24, 4, 24)
(24, 5, 22)
(24, 6, 21)
(24, 7, 20)
(24, 8, 16)
(24, 9, 12)
(24, 10, 12)
(24, 11, 11)
(24, 12, 11)
(24, 13, 9)
(24, 14, 9)
(24, 15, 9)
(24, 16, 9)
(24, 17, 9)
(24, 18, 9)
(24, 19, 9)
(24, 20, 9)
(24, 21, 9)
(24, 22, 9)
(24, 23, 9)
(24, 24, 9)
(24, 25, 9)
(24, 26, 9)
(24, 27, 9)
(24, 28, 9)
(24, 29, 9)
(24, 30, 9)
(24, 31, 9)
(24, 32, 9)
(24, 33, 9)
(24, 34, 9)
(24, 35, 9)
(24, 36, 9)
(24, 37, 9)
(24, 38, 9)
(24, 39, 9)

(25, 0, 88)
(25, 1, 64)
(25, 2, 44)
(25, 3, 33)
(25, 4, 25)
(25, 5, 23)
(25, 6, 22)
(25, 7, 21)
(25, 8, 17)
(25, 9, 13)
(25, 10, 13)
(25, 11, 12)
(25, 12, 12)
(25, 13, 10)
(25, 14, 10)
(25, 15, 10)
(25, 16, 10)
(25, 17, 10)
(25, 18, 10)
(25, 19, 10)
(25, 20, 10)
(25, 21, 10)
(25, 22, 10)
(25, 23, 10)
(25, 24, 10)
(25, 25, 10)
(25, 26, 10)
(25, 27, 10)
(25, 28, 10)
(25, 29, 10)
(25, 30, 10)
(25, 31, 10)
(25, 32, 10)
(25, 33, 10)
(25, 34, 10)
(25, 35, 10)
(25, 36, 10)
(25, 37, 10)
(25, 38, 10)
(25, 39, 10)

(26, 0, 93)
(26, 1, 67)
(26, 2, 46)
(26, 3, 34)
(26, 4, 26)
(26, 5, 24)
(26, 6, 23)
(26, 7, 22)
(26, 8, 17)
(26, 9, 13)
(26, 10, 13)
(26, 11, 12)
(26, 12, 12)
(26, 13, 10)
(26, 14, 10)
(26, 15, 10)
(26, 16, 10)
(26, 17, 10)
(26, 18, 10)
(26, 19, 10)
(26, 20, 10)
(26, 21, 10)
(26, 22, 10)
(26, 23, 10)
(26, 24, 10)
(26, 25, 10)
(26, 26, 10)
(26, 27, 10)
(26, 28, 10)
(26, 29, 10)
(26, 30, 10)
(26, 31, 10)
(26, 32, 10)
(26, 33, 10)
(26, 34, 10)
(26, 35, 10)
(26, 36, 10)
(26, 37, 10)
(26, 38, 10)
(26, 39, 10)

(27, 0, 93)
(27, 1, 67)
(27, 2, 46)
(27, 3, 34)
(27, 4, 26)
(27, 5, 24)
(27, 6, 23)
(27, 7, 22)
(27, 8, 17)
(27, 9, 13)
(27, 10, 13)
(27, 11, 12)
(27, 12, 12)
(27, 13, 10)
(27, 14, 10)
(27, 15, 10)
(27, 16, 10)
(27, 17, 10)
(27, 18, 10)
(27, 19, 10)
(27, 20, 10)
(27, 21, 10)
(27, 22, 10)
(27, 23, 10)
(27, 24, 10)
(27, 25, 10)
(27, 26, 10)
(27, 27, 10)
(27, 28, 10)
(27, 29, 10)
(27, 30, 10)
(27, 31, 10)
(27, 32, 10)
(27, 33, 10)
(27, 34, 10)
(27, 35, 10)
(27, 36, 10)
(27, 37, 10)
(27, 38, 10)
(27, 39, 10)

(28, 0, 93)
(28, 1, 67)
(28, 2, 46)
(28, 3, 34)
(28, 4, 26)
(28, 5, 24)
(28, 6, 23)
(28, 7, 22)
(28, 8, 17)
(28, 9, 13)
(28, 10, 13)
(28, 11, 12)
(28, 12, 12)
(28, 13, 10)
(28, 14, 10)
(28, 15, 10)
(28, 16, 10)
(28, 17, 10)
(28, 18, 10)
(28, 19, 10)
(28, 20, 10)
(28, 21, 10)
(28, 22, 10)
(28, 23, 10)
(28, 24, 10)
(28, 25, 10)
(28, 26, 10)
(28, 27, 10)
(28, 28, 10)
(28, 29, 10)
(28, 30, 10)
(28, 31, 10)
(28, 32, 10)
(28, 33, 10)
(28, 34, 10)
(28, 35, 10)
(28, 36, 10)
(28, 37, 10)
(28, 38, 10)
(28, 39, 10)

(29, 0, 120)
(29, 1, 78)
(29, 2, 51)
(29, 3, 38)
(29, 4, 28)
(29, 5, 26)
(29, 6, 25)
(29, 7, 24)
(29, 8, 19)
(29, 9, 15)
(29, 10, 15)
(29, 11, 13)
(29, 12, 13)
(29, 13, 11)
(29, 14, 11)
(29, 15, 11)
(29, 16, 11)
(29, 17, 11)
(29, 18, 11)
(29, 19, 11)
(29, 20, 11)
(29, 21, 11)
(29, 22, 11)
(29, 23, 11)
(29, 24, 11)
(29, 25, 11)
(29, 26, 11)
(29, 27, 11)
(29, 28, 11)
(29, 29, 11)
(29, 30, 11)
(29, 31, 11)
(29, 32, 11)
(29, 33, 11)
(29, 34, 11)
(29, 35, 11)
(29, 36, 11)
(29, 37, 11)
(29, 38, 11)
(29, 39, 11)

(30, 0, 152)
(30, 1, 93)
(30, 2, 58)
(30, 3, 43)
(30, 4, 33)
(30, 5, 31)
(30, 6, 29)
(30, 7, 28)
(30, 8, 22)
(30, 9, 18)
(30, 10, 18)
(30, 11, 15)
(30, 12, 15)
(30, 13, 13)
(30, 14, 13)
(30, 15, 13)
(30, 16, 13)
(30, 17, 13)
(30, 18, 13)
(30, 19, 13)
(30, 20, 13)
(30, 21, 13)
(30, 22, 13)
(30, 23, 13)
(30, 24, 13)
(30, 25, 13)
(30, 26, 13)
(30, 27, 13)
(30, 28, 13)
(30, 29, 13)
(30, 30, 13)
(30, 31, 13)
(30, 32, 13)
(30, 33, 13)
(30, 34, 13)
(30, 35, 13)
(30, 36, 13)
(30, 37, 13)
(30, 38, 13)
(30, 39, 13)

(31, 0, 182)
(31, 1, 101)
(31, 2, 61)
(31, 3, 45)
(31, 4, 35)
(31, 5, 33)
(31, 6, 29)
(31, 7, 27)
(31, 8, 21)
(31, 9, 17)
(31, 10, 17)
(31, 11, 15)
(31, 12, 15)
(31, 13, 13)
(31, 14, 13)
(31, 15, 13)
(31, 16, 13)
(31, 17, 13)
(31, 18, 13)
(31, 19, 13)
(31, 20, 13)
(31, 21, 13)
(31, 22, 13)
(31, 23, 13)
(31, 24, 13)
(31, 25, 13)
(31, 26, 13)
(31, 27, 13)
(31, 28, 13)
(31, 29, 13)
(31, 30, 13)
(31, 31, 13)
(31, 32, 13)
(31, 33, 13)
(31, 34, 13)
(31, 35, 13)
(31, 36, 13)
(31, 37, 13)
(31, 38, 13)
(31, 39, 13)

(32, 0, 198)
(32, 1, 109)
(32, 2, 62)
(32, 3, 45)
(32, 4, 35)
(32, 5, 33)
(32, 6, 29)
(32, 7, 28)
(32, 8, 22)
(32, 9, 18)
(32, 10, 18)
(32, 11, 16)
(32, 12, 16)
(32, 13, 14)
(32, 14, 14)
(32, 15, 14)
(32, 16, 14)
(32, 17, 14)
(32, 18, 14)
(32, 19, 14)
(32, 20, 14)
(32, 21, 14)
(32, 22, 14)
(32, 23, 14)
(32, 24, 14)
(32, 25, 14)
(32, 26, 14)
(32, 27, 14)
(32, 28, 14)
(32, 29, 14)
(32, 30, 14)
(32, 31, 14)
(32, 32, 14)
(32, 33, 14)
(32, 34, 14)
(32, 35, 14)
(32, 36, 14)
(32, 37, 14)
(32, 38, 14)
(32, 39, 14)

(33, 0, 233)
(33, 1, 120)
(33, 2, 65)
(33, 3, 46)
(33, 4, 36)
(33, 5, 34)
(33, 6, 29)
(33, 7, 28)
(33, 8, 22)
(33, 9, 18)
(33, 10, 18)
(33, 11, 16)
(33, 12, 16)
(33, 13, 14)
(33, 14, 14)
(33, 15, 14)
(33, 16, 14)
(33, 17, 14)
(33, 18, 14)
(33, 19, 14)
(33, 20, 14)
(33, 21, 14)
(33, 22, 14)
(33, 23, 14)
(33, 24, 14)
(33, 25, 14)
(33, 26, 14)
(33, 27, 14)
(33, 28, 14)
(33, 29, 14)
(33, 30, 14)
(33, 31, 14)
(33, 32, 14)
(33, 33, 14)
(33, 34, 14)
(33, 35, 14)
(33, 36, 14)
(33, 37, 14)
(33, 38, 14)
(33, 39, 14)

(34, 0, 240)
(34, 1, 122)
(34, 2, 65)
(34, 3, 46)
(34, 4, 36)
(34, 5, 34)
(34, 6, 29)
(34, 7, 28)
(34, 8, 22)
(34, 9, 18)
(34, 10, 18)
(34, 11, 16)
(34, 12, 16)
(34, 13, 14)
(34, 14, 14)
(34, 15, 14)
(34, 16, 14)
(34, 17, 14)
(34, 18, 14)
(34, 19, 14)
(34, 20, 14)
(34, 21, 14)
(34, 22, 14)
(34, 23, 14)
(34, 24, 14)
(34, 25, 14)
(34, 26, 14)
(34, 27, 14)
(34, 28, 14)
(34, 29, 14)
(34, 30, 14)
(34, 31, 14)
(34, 32, 14)
(34, 33, 14)
(34, 34, 14)
(34, 35, 14)
(34, 36, 14)
(34, 37, 14)
(34, 38, 14)
(34, 39, 14)

(35, 0, 240)
(35, 1, 122)
(35, 2, 65)
(35, 3, 46)
(35, 4, 36)
(35, 5, 34)
(35, 6, 29)
(35, 7, 28)
(35, 8, 22)
(35, 9, 18)
(35, 10, 18)
(35, 11, 16)
(35, 12, 16)
(35, 13, 14)
(35, 14, 14)
(35, 15, 14)
(35, 16, 14)
(35, 17, 14)
(35, 18, 14)
(35, 19, 14)
(35, 20, 14)
(35, 21, 14)
(35, 22, 14)
(35, 23, 14)
(35, 24, 14)
(35, 25, 14)
(35, 26, 14)
(35, 27, 14)
(35, 28, 14)
(35, 29, 14)
(35, 30, 14)
(35, 31, 14)
(35, 32, 14)
(35, 33, 14)
(35, 34, 14)
(35, 35, 14)
(35, 36, 14)
(35, 37, 14)
(35, 38, 14)
(35, 39, 14)

(36, 0, 240)
(36, 1, 122)
(36, 2, 65)
(36, 3, 46)
(36, 4, 36)
(36, 5, 34)
(36, 6, 29)
(36, 7, 28)
(36, 8, 22)
(36, 9, 18)
(36, 10, 18)
(36, 11, 16)
(36, 12, 16)
(36, 13, 14)
(36, 14, 14)
(36, 15, 14)
(36, 16, 14)
(36, 17, 14)
(36, 18, 14)
(36, 19, 14)
(36, 20, 14)
(36, 21, 14)
(36, 22, 14)
(36, 23, 14)
(36, 24, 14)
(36, 25, 14)
(36, 26, 14)
(36, 27, 14)
(36, 28, 14)
(36, 29, 14)
(36, 30, 14)
(36, 31, 14)
(36, 32, 14)
(36, 33, 14)
(36, 34, 14)
(36, 35, 14)
(36, 36, 14)
(36, 37, 14)
(36, 38, 14)
(36, 39, 14)

(37, 0, 243)
(37, 1, 123)
(37, 2, 66)
(37, 3, 47)
(37, 4, 37)
(37, 5, 35)
(37, 6, 30)
(37, 7, 29)
(37, 8, 23)
(37, 9, 19)
(37, 10, 19)
(37, 11, 17)
(37, 12, 17)
(37, 13, 15)
(37, 14, 15)
(37, 15, 15)
(37, 16, 15)
(37, 17, 15)
(37, 18, 15)
(37, 19, 15)
(37, 20, 15)
(37, 21, 15)
(37, 22, 15)
(37, 23, 15)
(37, 24, 15)
(37, 25, 15)
(37, 26, 15)
(37, 27, 15)
(37, 28, 15)
(37, 29, 15)
(37, 30, 15)
(37, 31, 15)
(37, 32, 15)
(37, 33, 15)
(37, 34, 15)
(37, 35, 15)
(37, 36, 15)
(37, 37, 15)
(37, 38, 15)
(37, 39, 15)

(38, 0, 246)
(38, 1, 125)
(38, 2, 68)
(38, 3, 48)
(38, 4, 38)
(38, 5, 36)
(38, 6, 31)
(38, 7, 30)
(38, 8, 24)
(38, 9, 20)
(38, 10, 20)
(38, 11, 17)
(38, 12, 17)
(38, 13, 15)
(38, 14, 15)
(38, 15, 15)
(38, 16, 15)
(38, 17, 15)
(38, 18, 15)
(38, 19, 15)
(38, 20, 15)
(38, 21, 15)
(38, 22, 15)
(38, 23, 15)
(38, 24, 15)
(38, 25, 15)
(38, 26, 15)
(38, 27, 15)
(38, 28, 15)
(38, 29, 15)
(38, 30, 15)
(38, 31, 15)
(38, 32, 15)
(38, 33, 15)
(38, 34, 15)
(38, 35, 15)
(38, 36, 15)
(38, 37, 15)
(38, 38, 15)
(38, 39, 15)

(39, 0, 291)
(39, 1, 139)
(39, 2, 73)
(39, 3, 49)
(39, 4, 39)
(39, 5, 37)
(39, 6, 31)
(39, 7, 30)
(39, 8, 24)
(39, 9, 20)
(39, 10, 20)
(39, 11, 17)
(39, 12, 17)
(39, 13, 15)
(39, 14, 15)
(39, 15, 15)
(39, 16, 15)
(39, 17, 15)
(39, 18, 15)
(39, 19, 15)
(39, 20, 15)
(39, 21, 15)
(39, 22, 15)
(39, 23, 15)
(39, 24, 15)
(39, 25, 15)
(39, 26, 15)
(39, 27, 15)
(39, 28, 15)
(39, 29, 15)
(39, 30, 15)
(39, 31, 15)
(39, 32, 15)
(39, 33, 15)
(39, 34, 15)
(39, 35, 15)
(39, 36, 15)
(39, 37, 15)
(39, 38, 15)
(39, 39, 15)


Betti numbers:
xi_0:
(0, 0, 12)
(1, 0, 9)
(2, 0, 9)
(3, 0, 9)
(4, 0, 9)
(5, 0, 2)
(6, 0, 3)
(11, 0, 5)
(12, 0, 4)
(13, 0, 4)
(14, 0, 4)
(18, 0, 1)
(19, 0, 5)
(20, 0, 1)
(22, 0, 5)
(23, 0, 3)
(25, 0, 3)
(26, 0, 5)
(29, 0, 27)
(30, 0, 32)
(31, 0, 30)
(32, 0, 16)
(33, 0, 35)
(34, 0, 7)
(37, 0, 3)
(38, 0, 3)
(39, 0, 45)
xi_1:
(0, 2, 6)
(0, 3, 2)
(0, 4, 1)
(0, 7, 1)
(1, 2, 6)
(1, 3, 1)
(1, 4, 1)
(2, 1, 1)
(2, 2, 2)
(2, 4, 1)
(2, 6, 1)
(2, 9, 2)
(2, 11, 1)
(3, 1, 3)
(3, 4, 3)
(3, 5, 1)
(3, 9, 1)
(3, 13, 1)
(4, 1, 5)
(4, 2, 1)
(4, 4, 2)
(4, 9, 1)
(5, 5, 1)
(5, 13, 1)
(6, 1, 2)
(6, 2, 1)
(11, 2, 1)
(11, 3, 1)
(11, 8, 1)
(12, 1, 2)
(12, 2, 1)
(12, 3, 1)
(13, 1, 2)
(13, 3, 1)
(14, 1, 2)
(14, 3, 1)
(14, 8, 1)
(19, 1, 1)
(19, 2, 1)
(19, 3, 2)
(19, 8, 1)
(20, 2, 1)
(22, 1, 3)
(22, 3, 1)
(23, 1, 1)
(23, 3, 1)
(23, 8, 1)
(25, 1, 2)
(26, 1, 2)
(26, 2, 1)
(26, 3, 1)
(26, 8, 1)
(29, 1, 16)
(29, 2, 6)
(29, 3, 1)
(29, 4, 2)
(29, 11, 1)
(30, 1, 17)
(30, 2, 8)
(30, 3, 2)
(30, 6, 1)
(30, 8, 1)
(30, 11, 1)
(31, 1, 22)
(31, 2, 5)
(31, 3, 1)
(31, 6, 2)
(31, 7, 1)
(31, 8, 1)
(32, 1, 8)
(32, 2, 7)
(32, 3, 1)
(32, 6, 1)
(33, 1, 24)
(33, 2, 8)
(33, 3, 2)
(33, 6, 1)
(34, 1, 5)
(34, 2, 2)
(37, 1, 2)
(38, 1, 1)
(38, 3, 1)
(38, 11, 1)
(39, 1, 31)
(39, 2, 9)
(39, 3, 4)
(39, 6, 1)
xi_2:
(31, 8, 1)
(31, 11, 1)
(32, 6, 1)
(32, 7, 1)
