x-grades
-882925137292909839/1000000000000000000
-434534122290731639/500000000000000000
-855211351870016717/1000000000000000000
-210338614789642539/250000000000000000
-165499513289424719/200000000000000000
-406820336867838517/500000000000000000
-799783781024230473/1000000000000000000
-98240861039097989/125000000000000000
-772069995601337351/1000000000000000000
-75821310288989079/100000000000000000
-744356210178444229/1000000000000000000
-182624829366749417/250000000000000000
-716642424755551107/1000000000000000000
-351392766022052273/500000000000000000
-137785727866531597/200000000000000000
-21095992081912857/31250000000000000
-661214853909764863/1000000000000000000
-323678980599159151/500000000000000000
-633501068486871741/1000000000000000000
-30982208788771259/50000000000000000
-605787283063978619/1000000000000000000
-295965195176266029/500000000000000000
-578073497641085497/1000000000000000000
-70527075616204867/125000000000000000
-4402877697745539/8000000000000000
-268251409753372907/500000000000000000
-522645926795299253/1000000000000000000
-127197258520963173/250000000000000000
-494932141372406131/1000000000000000000
-48107524866095957/100000000000000000
-467218355949513009/1000000000000000000
-28335091452379153/62500000000000000
-439504570526619887/1000000000000000000
-212823838907586663/500000000000000000
-82358157020745353/200000000000000000
-99483473098070051/250000000000000000
-384076999680833643/1000000000000000000
-185110053484693541/500000000000000000
-356363214257940521/1000000000000000000
-8562658038662349/25000000000000000

y-grades
62499/250000
62499/125000
187497/250000
62499/62500
62499/50000
187497/125000
437493/250000
62499/31250
562491/250000
62499/25000
687489/250000
187497/62500
812487/250000
437493/125000
187497/50000
62499/15625
1062483/250000
562491/125000
1187481/250000
62499/12500
1312479/250000
687489/125000
1437477/250000
187497/31250
62499/10000
812487/125000
1687473/250000
437493/62500
1812471/250000
187497/25000
1937469/250000
124998/15625
2062467/250000
1062483/125000
437493/50000
562491/62500
2312463/250000
1187481/125000
2437461/250000
62499/6250

Dimensions > 0:
(0, 0, 2)
(0, 1, 2)
(0, 2, 2)
(0, 3, 2)
(0, 4, 2)
(0, 5, 2)
(0, 6, 2)
(0, 7, 2)
(0, 8, 2)
(0, 9, 2)
(0, 10, 1)
(0, 11, 1)
(0, 12, 1)
(0, 13, 1)
(0, 14, 1)
(0, 15, 1)
(0, 16, 1)
(0, 17, 1)
(0, 18, 1)
(0, 19, 1)
(0, 20, 1)
(0, 21, 1)
(0, 22, 1)
(0, 23, 1)
(0, 24, 1)
(0, 25, 1)
(0, 26, 1)
(0, 27, 1)
(0, 28, 1)
(0, 29, 1)
(0, 30, 1)
(0, 31, 1)
(0, 32, 1)
(0, 33, 1)
(0, 34, 1)
(0, 35, 1)
(0, 36, 1)
(0, 37, 1)
(0, 38, 1)
(0, 39, 1)

(1, 0, 5)
(1, 1, 5)
(1, 2, 5)
(1, 3, 5)
(1, 4, 5)
(1, 5, 5)
(1, 6, 5)
(1, 7, 5)
(1, 8, 5)
(1, 9, 5)
(1, 10, 2)
(1, 11, 2)
(1, 12, 2)
(1, 13, 2)
(1, 14, 1)
(1, 15, 1)
(1, 16, 1)
(1, 17, 1)
(1, 18, 1)
(1, 19, 1)
(1, 20, 1)
(1, 21, 1)
(1, 22, 1)
(1, 23, 1)
(1, 24, 1)
(1, 25, 1)
(1, 26, 1)
(1, 27, 1)
(1, 28, 1)
(1, 29, 1)
(1, 30, 1)
(1, 31, 1)
(1, 32, 1)
(1, 33, 1)
(1, 34, 1)
(1, 35, 1)
(1, 36, 1)
(1, 37, 1)
(1, 38, 1)
(1, 39, 1)

(2, 0, 5)
(2, 1, 5)
(2, 2, 5)
(2, 3, 5)
(2, 4, 5)
(2, 5, 5)
(2, 6, 5)
(2, 7, 5)
(2, 8, 5)
(2, 9, 5)
(2, 10, 2)
(2, 11, 2)
(2, 12, 2)
(2, 13, 2)
(2, 14, 1)
(2, 15, 1)
(2, 16, 1)
(2, 17, 1)
(2, 18, 1)
(2, 19, 1)
(2, 20, 1)
(2, 21, 1)
(2, 22, 1)
(2, 23, 1)
(2, 24, 1)
(2, 25, 1)
(2, 26, 1)
(2, 27, 1)
(2, 28, 1)
(2, 29, 1)
(2, 30, 1)
(2, 31, 1)
(2, 32, 1)
(2, 33, 1)
(2, 34, 1)
(2, 35, 1)
(2, 36, 1)
(2, 37, 1)
(2, 38, 1)
(2, 39, 1)

(3, 0, 6)
(3, 1, 6)
(3, 2, 6)
(3, 3, 6)
(3, 4, 6)
(3, 5, 6)
(3, 6, 6)
(3, 7, 6)
(3, 8, 6)
(3, 9, 6)
(3, 10, 3)
(3, 11, 3)
(3, 12, 3)
(3, 13, 3)
(3, 14, 2)
(3, 15, 2)
(3, 16, 1)
(3, 17, 1)
(3, 18, 1)
(3, 19, 1)
(3, 20, 1)
(3, 21, 1)
(3, 22, 1)
(3, 23, 1)
(3, 24, 1)
(3, 25, 1)
(3, 26, 1)
(3, 27, 1)
(3, 28, 1)
(3, 29, 1)
(3, 30, 1)
(3, 31, 1)
(3, 32, 1)
(3, 33, 1)
(3, 34, 1)
(3, 35, 1)
(3, 36, 1)
(3, 37, 1)
(3, 38, 1)
(3, 39, 1)

(4, 0, 7)
(4, 1, 7)
(4, 2, 7)
(4, 3, 7)
(4, 4, 7)
(4, 5, 7)
(4, 6, 7)
(4, 7, 7)
(4, 8, 7)
(4, 9, 7)
(4, 10, 3)
(4, 11, 3)
(4, 12, 3)
(4, 13, 3)
(4, 14, 2)
(4, 15, 2)
(4, 16, 1)
(4, 17, 1)
(4, 18, 1)
(4, 19, 1)
(4, 20, 1)
(4, 21, 1)
(4, 22, 1)
(4, 23, 1)
(4, 24, 1)
(4, 25, 1)
(4, 26, 1)
(4, 27, 1)
(4, 28, 1)
(4, 29, 1)
(4, 30, 1)
(4, 31, 1)
(4, 32, 1)
(4, 33, 1)
(4, 34, 1)
(4, 35, 1)
(4, 36, 1)
(4, 37, 1)
(4, 38, 1)
(4, 39, 1)

(5, 0, 7)
(5, 1, 7)
(5, 2, 7)
(5, 3, 7)
(5, 4, 7)
(5, 5, 7)
(5, 6, 7)
(5, 7, 7)
(5, 8, 7)
(5, 9, 7)
(5, 10, 3)
(5, 11, 3)
(5, 12, 3)
(5, 13, 3)
(5, 14, 2)
(5, 15, 2)
(5, 16, 1)
(5, 17, 1)
(5, 18, 1)
(5, 19, 1)
(5, 20, 1)
(5, 21, 1)
(5, 22, 1)
(5, 23, 1)
(5, 24, 1)
(5, 25, 1)
(5, 26, 1)
(5, 27, 1)
(5, 28, 1)
(5, 29, 1)
(5, 30, 1)
(5, 31, 1)
(5, 32, 1)
(5, 33, 1)
(5, 34, 1)
(5, 35, 1)
(5, 36, 1)
(5, 37, 1)
(5, 38, 1)
(5, 39, 1)

(6, 0, 8)
(6, 1, 8)
(6, 2, 8)
(6, 3, 8)
(6, 4, 8)
(6, 5, 8)
(6, 6, 8)
(6, 7, 7)
(6, 8, 7)
(6, 9, 7)
(6, 10, 3)
(6, 11, 3)
(6, 12, 3)
(6, 13, 3)
(6, 14, 2)
(6, 15, 2)
(6, 16, 1)
(6, 17, 1)
(6, 18, 1)
(6, 19, 1)
(6, 20, 1)
(6, 21, 1)
(6, 22, 1)
(6, 23, 1)
(6, 24, 1)
(6, 25, 1)
(6, 26, 1)
(6, 27, 1)
(6, 28, 1)
(6, 29, 1)
(6, 30, 1)
(6, 31, 1)
(6, 32, 1)
(6, 33, 1)
(6, 34, 1)
(6, 35, 1)
(6, 36, 1)
(6, 37, 1)
(6, 38, 1)
(6, 39, 1)

(7, 0, 14)
(7, 1, 10)
(7, 2, 10)
(7, 3, 10)
(7, 4, 10)
(7, 5, 10)
(7, 6, 10)
(7, 7, 8)
(7, 8, 8)
(7, 9, 8)
(7, 10, 4)
(7, 11, 4)
(7, 12, 4)
(7, 13, 4)
(7, 14, 3)
(7, 15, 2)
(7, 16, 1)
(7, 17, 1)
(7, 18, 1)
(7, 19, 1)
(7, 20, 1)
(7, 21, 1)
(7, 22, 1)
(7, 23, 1)
(7, 24, 1)
(7, 25, 1)
(7, 26, 1)
(7, 27, 1)
(7, 28, 1)
(7, 29, 1)
(7, 30, 1)
(7, 31, 1)
(7, 32, 1)
(7, 33, 1)
(7, 34, 1)
(7, 35, 1)
(7, 36, 1)
(7, 37, 1)
(7, 38, 1)
(7, 39, 1)

(8, 0, 16)
(8, 1, 10)
(8, 2, 10)
(8, 3, 10)
(8, 4, 10)
(8, 5, 10)
(8, 6, 10)
(8, 7, 8)
(8, 8, 8)
(8, 9, 8)
(8, 10, 4)
(8, 11, 4)
(8, 12, 4)
(8, 13, 4)
(8, 14, 3)
(8, 15, 2)
(8, 16, 1)
(8, 17, 1)
(8, 18, 1)
(8, 19, 1)
(8, 20, 1)
(8, 21, 1)
(8, 22, 1)
(8, 23, 1)
(8, 24, 1)
(8, 25, 1)
(8, 26, 1)
(8, 27, 1)
(8, 28, 1)
(8, 29, 1)
(8, 30, 1)
(8, 31, 1)
(8, 32, 1)
(8, 33, 1)
(8, 34, 1)
(8, 35, 1)
(8, 36, 1)
(8, 37, 1)
(8, 38, 1)
(8, 39, 1)

(9, 0, 15)
(9, 1, 10)
(9, 2, 10)
(9, 3, 10)
(9, 4, 10)
(9, 5, 10)
(9, 6, 10)
(9, 7, 8)
(9, 8, 8)
(9, 9, 8)
(9, 10, 4)
(9, 11, 4)
(9, 12, 4)
(9, 13, 4)
(9, 14, 3)
(9, 15, 2)
(9, 16, 1)
(9, 17, 1)
(9, 18, 1)
(9, 19, 1)
(9, 20, 1)
(9, 21, 1)
(9, 22, 1)
(9, 23, 1)
(9, 24, 1)
(9, 25, 1)
(9, 26, 1)
(9, 27, 1)
(9, 28, 1)
(9, 29, 1)
(9, 30, 1)
(9, 31, 1)
(9, 32, 1)
(9, 33, 1)
(9, 34, 1)
(9, 35, 1)
(9, 36, 1)
(9, 37, 1)
(9, 38, 1)
(9, 39, 1)

(10, 0, 16)
(10, 1, 11)
(10, 2, 11)
(10, 3, 11)
(10, 4, 11)
(10, 5, 11)
(10, 6, 11)
(10, 7, 9)
(10, 8, 9)
(10, 9, 9)
(10, 10, 5)
(10, 11, 5)
(10, 12, 5)
(10, 13, 5)
(10, 14, 4)
(10, 15, 3)
(10, 16, 2)
(10, 17, 2)
(10, 18, 2)
(10, 19, 2)
(10, 20, 2)
(10, 21, 2)
(10, 22, 1)
(10, 23, 1)
(10, 24, 1)
(10, 25, 1)
(10, 26, 1)
(10, 27, 1)
(10, 28, 1)
(10, 29, 1)
(10, 30, 1)
(10, 31, 1)
(10, 32, 1)
(10, 33, 1)
(10, 34, 1)
(10, 35, 1)
(10, 36, 1)
(10, 37, 1)
(10, 38, 1)
(10, 39, 1)

(11, 0, 16)
(11, 1, 11)
(11, 2, 11)
(11, 3, 11)
(11, 4, 11)
(11, 5, 11)
(11, 6, 11)
(11, 7, 9)
(11, 8, 9)
(11, 9, 9)
(11, 10, 5)
(11, 11, 5)
(11, 12, 5)
(11, 13, 5)
(11, 14, 4)
(11, 15, 3)
(11, 16, 2)
(11, 17, 2)
(11, 18, 2)
(11, 19, 2)
(11, 20, 2)
(11, 21, 2)
(11, 22, 1)
(11, 23, 1)
(11, 24, 1)
(11, 25, 1)
(11, 26, 1)
(11, 27, 1)
(11, 28, 1)
(11, 29, 1)
(11, 30, 1)
(11, 31, 1)
(11, 32, 1)
(11, 33, 1)
(11, 34, 1)
(11, 35, 1)
(11, 36, 1)
(11, 37, 1)
(11, 38, 1)
(11, 39, 1)

(12, 0, 17)
(12, 1, 12)
(12, 2, 12)
(12, 3, 12)
(12, 4, 12)
(12, 5, 12)
(12, 6, 12)
(12, 7, 9)
(12, 8, 9)
(12, 9, 9)
(12, 10, 5)
(12, 11, 5)
(12, 12, 5)
(12, 13, 5)
(12, 14, 4)
(12, 15, 3)
(12, 16, 2)
(12, 17, 2)
(12, 18, 2)
(12, 19, 2)
(12, 20, 2)
(12, 21, 1)
(12, 22, 1)
(12, 23, 1)
(12, 24, 1)
(12, 25, 1)
(12, 26, 1)
(12, 27, 1)
(12, 28, 1)
(12, 29, 1)
(12, 30, 1)
(12, 31, 1)
(12, 32, 1)
(12, 33, 1)
(12, 34, 1)
(12, 35, 1)
(12, 36, 1)
(12, 37, 1)
(12, 38, 1)
(12, 39, 1)

(13, 0, 17)
(13, 1, 12)
(13, 2, 12)
(13, 3, 12)
(13, 4, 12)
(13, 5, 12)
(13, 6, 12)
(13, 7, 9)
(13, 8, 9)
(13, 9, 9)
(13, 10, 5)
(13, 11, 5)
(13, 12, 5)
(13, 13, 5)
(13, 14, 4)
(13, 15, 3)
(13, 16, 2)
(13, 17, 2)
(13, 18, 2)
(13, 19, 2)
(13, 20, 2)
(13, 21, 1)
(13, 22, 1)
(13, 23, 1)
(13, 24, 1)
(13, 25, 1)
(13, 26, 1)
(13, 27, 1)
(13, 28, 1)
(13, 29, 1)
(13, 30, 1)
(13, 31, 1)
(13, 32, 1)
(13, 33, 1)
(13, 34, 1)
(13, 35, 1)
(13, 36, 1)
(13, 37, 1)
(13, 38, 1)
(13, 39, 1)

(14, 0, 17)
(14, 1, 12)
(14, 2, 12)
(14, 3, 12)
(14, 4, 12)
(14, 5, 12)
(14, 6, 12)
(14, 7, 9)
(14, 8, 9)
(14, 9, 9)
(14, 10, 5)
(14, 11, 5)
(14, 12, 5)
(14, 13, 5)
(14, 14, 4)
(14, 15, 3)
(14, 16, 2)
(14, 17, 2)
(14, 18, 2)
(14, 19, 2)
(14, 20, 2)
(14, 21, 1)
(14, 22, 1)
(14, 23, 1)
(14, 24, 1)
(14, 25, 1)
(14, 26, 1)
(14, 27, 1)
(14, 28, 1)
(14, 29, 1)
(14, 30, 1)
(14, 31, 1)
(14, 32, 1)
(14, 33, 1)
(14, 34, 1)
(14, 35, 1)
(14, 36, 1)
(14, 37, 1)
(14, 38, 1)
(14, 39, 1)

(15, 0, 17)
(15, 1, 12)
(15, 2, 12)
(15, 3, 12)
(15, 4, 12)
(15, 5, 12)
(15, 6, 12)
(15, 7, 9)
(15, 8, 9)
(15, 9, 9)
(15, 10, 5)
(15, 11, 5)
(15, 12, 5)
(15, 13, 5)
(15, 14, 4)
(15, 15, 3)
(15, 16, 2)
(15, 17, 2)
(15, 18, 2)
(15, 19, 2)
(15, 20, 2)
(15, 21, 1)
(15, 22, 1)
(15, 23, 1)
(15, 24, 1)
(15, 25, 1)
(15, 26, 1)
(15, 27, 1)
(15, 28, 1)
(15, 29, 1)
(15, 30, 1)
(15, 31, 1)
(15, 32, 1)
(15, 33, 1)
(15, 34, 1)
(15, 35, 1)
(15, 36, 1)
(15, 37, 1)
(15, 38, 1)
(15, 39, 1)

(16, 0, 17)
(16, 1, 12)
(16, 2, 12)
(16, 3, 12)
(16, 4, 12)
(16, 5, 12)
(16, 6, 12)
(16, 7, 9)
(16, 8, 9)
(16, 9, 9)
(16, 10, 5)
(16, 11, 5)
(16, 12, 5)
(16, 13, 5)
(16, 14, 4)
(16, 15, 3)
(16, 16, 2)
(16, 17, 2)
(16, 18, 2)
(16, 19, 2)
(16, 20, 2)
(16, 21, 1)
(16, 22, 1)
(16, 23, 1)
(16, 24, 1)
(16, 25, 1)
(16, 26, 1)
(16, 27, 1)
(16, 28, 1)
(16, 29, 1)
(16, 30, 1)
(16, 31, 1)
(16, 32, 1)
(16, 33, 1)
(16, 34, 1)
(16, 35, 1)
(16, 36, 1)
(16, 37, 1)
(16, 38, 1)
(16, 39, 1)

(17, 0, 17)
(17, 1, 12)
(17, 2, 12)
(17, 3, 12)
(17, 4, 12)
(17, 5, 12)
(17, 6, 12)
(17, 7, 9)
(17, 8, 9)
(17, 9, 9)
(17, 10, 5)
(17, 11, 5)
(17, 12, 5)
(17, 13, 5)
(17, 14, 4)
(17, 15, 3)
(17, 16, 2)
(17, 17, 2)
(17, 18, 2)
(17, 19, 2)
(17, 20, 2)
(17, 21, 1)
(17, 22, 1)
(17, 23, 1)
(17, 24, 1)
(17, 25, 1)
(17, 26, 1)
(17, 27, 1)
(17, 28, 1)
(17, 29, 1)
(17, 30, 1)
(17, 31, 1)
(17, 32, 1)
(17, 33, 1)
(17, 34, 1)
(17, 35, 1)
(17, 36, 1)
(17, 37, 1)
(17, 38, 1)
(17, 39, 1)

(18, 0, 17)
(18, 1, 12)
(18, 2, 12)
(18, 3, 12)
(18, 4, 12)
(18, 5, 12)
(18, 6, 12)
(18, 7, 9)
(18, 8, 9)
(18, 9, 9)
(18, 10, 5)
(18, 11, 5)
(18, 12, 5)
(18, 13, 5)
(18, 14, 4)
(18, 15, 3)
(18, 16, 2)
(18, 17, 2)
(18, 18, 2)
(18, 19, 2)
(18, 20, 2)
(18, 21, 1)
(18, 22, 1)
(18, 23, 1)
(18, 24, 1)
(18, 25, 1)
(18, 26, 1)
(18, 27, 1)
(18, 28, 1)
(18, 29, 1)
(18, 30, 1)
(18, 31, 1)
(18, 32, 1)
(18, 33, 1)
(18, 34, 1)
(18, 35, 1)
(18, 36, 1)
(18, 37, 1)
(18, 38, 1)
(18, 39, 1)

(19, 0, 21)
(19, 1, 14)
(19, 2, 14)
(19, 3, 14)
(19, 4, 13)
(19, 5, 13)
(19, 6, 13)
(19, 7, 10)
(19, 8, 10)
(19, 9, 10)
(19, 10, 6)
(19, 11, 6)
(19, 12, 6)
(19, 13, 6)
(19, 14, 5)
(19, 15, 4)
(19, 16, 3)
(19, 17, 3)
(19, 18, 3)
(19, 19, 3)
(19, 20, 3)
(19, 21, 2)
(19, 22, 2)
(19, 23, 2)
(19, 24, 2)
(19, 25, 2)
(19, 26, 2)
(19, 27, 2)
(19, 28, 2)
(19, 29, 2)
(19, 30, 2)
(19, 31, 2)
(19, 32, 2)
(19, 33, 2)
(19, 34, 2)
(19, 35, 2)
(19, 36, 2)
(19, 37, 2)
(19, 38, 2)
(19, 39, 2)

(20, 0, 27)
(20, 1, 19)
(20, 2, 18)
(20, 3, 16)
(20, 4, 15)
(20, 5, 15)
(20, 6, 15)
(20, 7, 12)
(20, 8, 12)
(20, 9, 12)
(20, 10, 8)
(20, 11, 8)
(20, 12, 8)
(20, 13, 8)
(20, 14, 7)
(20, 15, 6)
(20, 16, 5)
(20, 17, 5)
(20, 18, 5)
(20, 19, 5)
(20, 20, 5)
(20, 21, 4)
(20, 22, 4)
(20, 23, 4)
(20, 24, 4)
(20, 25, 4)
(20, 26, 4)
(20, 27, 4)
(20, 28, 4)
(20, 29, 4)
(20, 30, 4)
(20, 31, 4)
(20, 32, 3)
(20, 33, 3)
(20, 34, 3)
(20, 35, 3)
(20, 36, 3)
(20, 37, 3)
(20, 38, 3)
(20, 39, 2)

(21, 0, 40)
(21, 1, 26)
(21, 2, 21)
(21, 3, 18)
(21, 4, 17)
(21, 5, 17)
(21, 6, 17)
(21, 7, 14)
(21, 8, 14)
(21, 9, 14)
(21, 10, 10)
(21, 11, 10)
(21, 12, 10)
(21, 13, 10)
(21, 14, 9)
(21, 15, 8)
(21, 16, 7)
(21, 17, 7)
(21, 18, 7)
(21, 19, 7)
(21, 20, 7)
(21, 21, 6)
(21, 22, 6)
(21, 23, 6)
(21, 24, 6)
(21, 25, 6)
(21, 26, 6)
(21, 27, 6)
(21, 28, 6)
(21, 29, 5)
(21, 30, 5)
(21, 31, 5)
(21, 32, 5)
(21, 33, 4)
(21, 34, 4)
(21, 35, 4)
(21, 36, 4)
(21, 37, 4)
(21, 38, 4)
(21, 39, 3)

(22, 0, 64)
(22, 1, 39)
(22, 2, 29)
(22, 3, 22)
(22, 4, 20)
(22, 5, 20)
(22, 6, 19)
(22, 7, 15)
(22, 8, 15)
(22, 9, 15)
(22, 10, 11)
(22, 11, 11)
(22, 12, 11)
(22, 13, 10)
(22, 14, 9)
(22, 15, 8)
(22, 16, 6)
(22, 17, 6)
(22, 18, 6)
(22, 19, 6)
(22, 20, 6)
(22, 21, 5)
(22, 22, 5)
(22, 23, 5)
(22, 24, 5)
(22, 25, 5)
(22, 26, 5)
(22, 27, 5)
(22, 28, 5)
(22, 29, 4)
(22, 30, 3)
(22, 31, 3)
(22, 32, 3)
(22, 33, 3)
(22, 34, 3)
(22, 35, 3)
(22, 36, 3)
(22, 37, 3)
(22, 38, 3)
(22, 39, 2)

(23, 0, 87)
(23, 1, 47)
(23, 2, 33)
(23, 3, 22)
(23, 4, 21)
(23, 5, 21)
(23, 6, 19)
(23, 7, 15)
(23, 8, 15)
(23, 9, 15)
(23, 10, 11)
(23, 11, 11)
(23, 12, 11)
(23, 13, 10)
(23, 14, 9)
(23, 15, 7)
(23, 16, 6)
(23, 17, 6)
(23, 18, 6)
(23, 19, 6)
(23, 20, 6)
(23, 21, 5)
(23, 22, 5)
(23, 23, 5)
(23, 24, 5)
(23, 25, 5)
(23, 26, 5)
(23, 27, 5)
(23, 28, 5)
(23, 29, 4)
(23, 30, 3)
(23, 31, 3)
(23, 32, 3)
(23, 33, 3)
(23, 34, 3)
(23, 35, 3)
(23, 36, 3)
(23, 37, 3)
(23, 38, 3)
(23, 39, 2)

(24, 0, 98)
(24, 1, 49)
(24, 2, 33)
(24, 3, 22)
(24, 4, 21)
(24, 5, 21)
(24, 6, 19)
(24, 7, 15)
(24, 8, 15)
(24, 9, 15)
(24, 10, 11)
(24, 11, 11)
(24, 12, 11)
(24, 13, 10)
(24, 14, 9)
(24, 15, 7)
(24, 16, 6)
(24, 17, 6)
(24, 18, 6)
(24, 19, 6)
(24, 20, 6)
(24, 21, 5)
(24, 22, 5)
(24, 23, 5)
(24, 24, 5)
(24, 25, 5)
(24, 26, 5)
(24, 27, 5)
(24, 28, 5)
(24, 29, 4)
(24, 30, 3)
(24, 31, 3)
(24, 32, 3)
(24, 33, 3)
(24, 34, 3)
(24, 35, 3)
(24, 36, 3)
(24, 37, 3)
(24, 38, 3)
(24, 39, 2)

(25, 0, 114)
(25, 1, 60)
(25, 2, 42)
(25, 3, 28)
(25, 4, 26)
(25, 5, 25)
(25, 6, 22)
(25, 7, 18)
(25, 8, 17)
(25, 9, 17)
(25, 10, 13)
(25, 11, 13)
(25, 12, 13)
(25, 13, 12)
(25, 14, 11)
(25, 15, 9)
(25, 16, 8)
(25, 17, 7)
(25, 18, 7)
(25, 19, 7)
(25, 20, 7)
(25, 21, 6)
(25, 22, 6)
(25, 23, 6)
(25, 24, 6)
(25, 25, 6)
(25, 26, 6)
(25, 27, 6)
(25, 28, 6)
(25, 29, 4)
(25, 30, 3)
(25, 31, 3)
(25, 32, 3)
(25, 33, 3)
(25, 34, 3)
(25, 35, 3)
(25, 36, 3)
(25, 37, 3)
(25, 38, 3)
(25, 39, 2)

(26, 0, 127)
(26, 1, 68)
(26, 2, 47)
(26, 3, 31)
(26, 4, 30)
(26, 5, 29)
(26, 6, 26)
(26, 7, 22)
(26, 8, 21)
(26, 9, 19)
(26, 10, 15)
(26, 11, 14)
(26, 12, 13)
(26, 13, 12)
(26, 14, 11)
(26, 15, 9)
(26, 16, 8)
(26, 17, 7)
(26, 18, 7)
(26, 19, 7)
(26, 20, 7)
(26, 21, 6)
(26, 22, 6)
(26, 23, 6)
(26, 24, 6)
(26, 25, 6)
(26, 26, 6)
(26, 27, 6)
(26, 28, 6)
(26, 29, 4)
(26, 30, 3)
(26, 31, 3)
(26, 32, 3)
(26, 33, 3)
(26, 34, 3)
(26, 35, 3)
(26, 36, 3)
(26, 37, 3)
(26, 38, 3)
(26, 39, 2)

(27, 0, 150)
(27, 1, 82)
(27, 2, 59)
(27, 3, 37)
(27, 4, 36)
(27, 5, 35)
(27, 6, 31)
(27, 7, 27)
(27, 8, 26)
(27, 9, 24)
(27, 10, 19)
(27, 11, 19)
(27, 12, 18)
(27, 13, 17)
(27, 14, 15)
(27, 15, 12)
(27, 16, 11)
(27, 17, 10)
(27, 18, 10)
(27, 19, 10)
(27, 20, 10)
(27, 21, 8)
(27, 22, 6)
(27, 23, 6)
(27, 24, 6)
(27, 25, 6)
(27, 26, 6)
(27, 27, 6)
(27, 28, 6)
(27, 29, 5)
(27, 30, 4)
(27, 31, 4)
(27, 32, 4)
(27, 33, 4)
(27, 34, 4)
(27, 35, 4)
(27, 36, 4)
(27, 37, 4)
(27, 38, 4)
(27, 39, 2)

(28, 0, 174)
(28, 1, 96)
(28, 2, 73)
(28, 3, 46)
(28, 4, 40)
(28, 5, 38)
(28, 6, 33)
(28, 7, 28)
(28, 8, 27)
(28, 9, 23)
(28, 10, 18)
(28, 11, 17)
(28, 12, 16)
(28, 13, 14)
(28, 14, 13)
(28, 15, 12)
(28, 16, 11)
(28, 17, 10)
(28, 18, 10)
(28, 19, 10)
(28, 20, 10)
(28, 21, 8)
(28, 22, 6)
(28, 23, 4)
(28, 24, 4)
(28, 25, 4)
(28, 26, 4)
(28, 27, 4)
(28, 28, 4)
(28, 29, 4)
(28, 30, 4)
(28, 31, 4)
(28, 32, 4)
(28, 33, 4)
(28, 34, 4)
(28, 35, 4)
(28, 36, 4)
(28, 37, 4)
(28, 38, 4)
(28, 39, 2)

(29, 0, 196)
(29, 1, 105)
(29, 2, 79)
(29, 3, 48)
(29, 4, 41)
(29, 5, 39)
(29, 6, 34)
(29, 7, 28)
(29, 8, 27)
(29, 9, 23)
(29, 10, 18)
(29, 11, 17)
(29, 12, 16)
(29, 13, 14)
(29, 14, 13)
(29, 15, 12)
(29, 16, 11)
(29, 17, 10)
(29, 18, 10)
(29, 19, 10)
(29, 20, 10)
(29, 21, 8)
(29, 22, 4)
(29, 23, 4)
(29, 24, 4)
(29, 25, 4)
(29, 26, 4)
(29, 27, 4)
(29, 28, 4)
(29, 29, 4)
(29, 30, 4)
(29, 31, 4)
(29, 32, 4)
(29, 33, 4)
(29, 34, 4)
(29, 35, 4)
(29, 36, 4)
(29, 37, 4)
(29, 38, 4)
(29, 39, 2)

(30, 0, 204)
(30, 1, 108)
(30, 2, 82)
(30, 3, 51)
(30, 4, 45)
(30, 5, 42)
(30, 6, 34)
(30, 7, 28)
(30, 8, 27)
(30, 9, 22)
(30, 10, 18)
(30, 11, 17)
(30, 12, 16)
(30, 13, 14)
(30, 14, 13)
(30, 15, 12)
(30, 16, 11)
(30, 17, 10)
(30, 18, 10)
(30, 19, 10)
(30, 20, 10)
(30, 21, 8)
(30, 22, 4)
(30, 23, 4)
(30, 24, 4)
(30, 25, 4)
(30, 26, 4)
(30, 27, 4)
(30, 28, 4)
(30, 29, 4)
(30, 30, 4)
(30, 31, 4)
(30, 32, 4)
(30, 33, 4)
(30, 34, 4)
(30, 35, 4)
(30, 36, 4)
(30, 37, 4)
(30, 38, 4)
(30, 39, 2)

(31, 0, 215)
(31, 1, 113)
(31, 2, 87)
(31, 3, 56)
(31, 4, 49)
(31, 5, 45)
(31, 6, 36)
(31, 7, 30)
(31, 8, 28)
(31, 9, 24)
(31, 10, 20)
(31, 11, 19)
(31, 12, 18)
(31, 13, 16)
(31, 14, 15)
(31, 15, 14)
(31, 16, 13)
(31, 17, 11)
(31, 18, 11)
(31, 19, 10)
(31, 20, 10)
(31, 21, 8)
(31, 22, 4)
(31, 23, 4)
(31, 24, 4)
(31, 25, 4)
(31, 26, 4)
(31, 27, 4)
(31, 28, 4)
(31, 29, 4)
(31, 30, 4)
(31, 31, 4)
(31, 32, 4)
(31, 33, 4)
(31, 34, 4)
(31, 35, 4)
(31, 36, 4)
(31, 37, 4)
(31, 38, 4)
(31, 39, 2)

(32, 0, 224)
(32, 1, 122)
(32, 2, 94)
(32, 3, 59)
(32, 4, 50)
(32, 5, 46)
(32, 6, 37)
(32, 7, 31)
(32, 8, 29)
(32, 9, 25)
(32, 10, 21)
(32, 11, 20)
(32, 12, 19)
(32, 13, 17)
(32, 14, 15)
(32, 15, 14)
(32, 16, 12)
(32, 17, 11)
(32, 18, 11)
(32, 19, 11)
(32, 20, 11)
(32, 21, 9)
(32, 22, 5)
(32, 23, 5)
(32, 24, 5)
(32, 25, 5)
(32, 26, 5)
(32, 27, 4)
(32, 28, 4)
(32, 29, 4)
(32, 30, 4)
(32, 31, 4)
(32, 32, 4)
(32, 33, 4)
(32, 34, 4)
(32, 35, 4)
(32, 36, 4)
(32, 37, 4)
(32, 38, 4)
(32, 39, 2)

(33, 0, 236)
(33, 1, 129)
(33, 2, 99)
(33, 3, 59)
(33, 4, 51)
(33, 5, 47)
(33, 6, 38)
(33, 7, 32)
(33, 8, 30)
(33, 9, 25)
(33, 10, 21)
(33, 11, 20)
(33, 12, 19)
(33, 13, 17)
(33, 14, 15)
(33, 15, 14)
(33, 16, 12)
(33, 17, 11)
(33, 18, 11)
(33, 19, 11)
(33, 20, 11)
(33, 21, 9)
(33, 22, 5)
(33, 23, 4)
(33, 24, 4)
(33, 25, 4)
(33, 26, 4)
(33, 27, 4)
(33, 28, 4)
(33, 29, 4)
(33, 30, 4)
(33, 31, 4)
(33, 32, 4)
(33, 33, 4)
(33, 34, 4)
(33, 35, 4)
(33, 36, 4)
(33, 37, 4)
(33, 38, 4)
(33, 39, 2)

(34, 0, 250)
(34, 1, 136)
(34, 2, 104)
(34, 3, 63)
(34, 4, 55)
(34, 5, 51)
(34, 6, 40)
(34, 7, 34)
(34, 8, 32)
(34, 9, 27)
(34, 10, 23)
(34, 11, 22)
(34, 12, 20)
(34, 13, 18)
(34, 14, 16)
(34, 15, 15)
(34, 16, 13)
(34, 17, 11)
(34, 18, 10)
(34, 19, 10)
(34, 20, 10)
(34, 21, 8)
(34, 22, 4)
(34, 23, 3)
(34, 24, 3)
(34, 25, 3)
(34, 26, 3)
(34, 27, 3)
(34, 28, 3)
(34, 29, 3)
(34, 30, 3)
(34, 31, 3)
(34, 32, 3)
(34, 33, 3)
(34, 34, 3)
(34, 35, 3)
(34, 36, 3)
(34, 37, 3)
(34, 38, 3)
(34, 39, 2)

(35, 0, 262)
(35, 1, 141)
(35, 2, 110)
(35, 3, 67)
(35, 4, 56)
(35, 5, 52)
(35, 6, 42)
(35, 7, 35)
(35, 8, 33)
(35, 9, 28)
(35, 10, 24)
(35, 11, 21)
(35, 12, 19)
(35, 13, 17)
(35, 14, 15)
(35, 15, 14)
(35, 16, 11)
(35, 17, 9)
(35, 18, 9)
(35, 19, 9)
(35, 20, 9)
(35, 21, 7)
(35, 22, 3)
(35, 23, 3)
(35, 24, 3)
(35, 25, 3)
(35, 26, 3)
(35, 27, 3)
(35, 28, 3)
(35, 29, 3)
(35, 30, 3)
(35, 31, 3)
(35, 32, 3)
(35, 33, 3)
(35, 34, 3)
(35, 35, 3)
(35, 36, 3)
(35, 37, 3)
(35, 38, 3)
(35, 39, 2)

(36, 0, 280)
(36, 1, 148)
(36, 2, 116)
(36, 3, 70)
(36, 4, 56)
(36, 5, 52)
(36, 6, 41)
(36, 7, 35)
(36, 8, 32)
(36, 9, 27)
(36, 10, 23)
(36, 11, 21)
(36, 12, 19)
(36, 13, 17)
(36, 14, 15)
(36, 15, 13)
(36, 16, 10)
(36, 17, 9)
(36, 18, 9)
(36, 19, 9)
(36, 20, 9)
(36, 21, 7)
(36, 22, 3)
(36, 23, 3)
(36, 24, 3)
(36, 25, 3)
(36, 26, 3)
(36, 27, 3)
(36, 28, 3)
(36, 29, 3)
(36, 30, 3)
(36, 31, 3)
(36, 32, 3)
(36, 33, 3)
(36, 34, 3)
(36, 35, 3)
(36, 36, 3)
(36, 37, 3)
(36, 38, 3)
(36, 39, 2)

(37, 0, 296)
(37, 1, 150)
(37, 2, 117)
(37, 3, 69)
(37, 4, 57)
(37, 5, 53)
(37, 6, 42)
(37, 7, 36)
(37, 8, 33)
(37, 9, 28)
(37, 10, 24)
(37, 11, 22)
(37, 12, 20)
(37, 13, 18)
(37, 14, 16)
(37, 15, 14)
(37, 16, 11)
(37, 17, 10)
(37, 18, 10)
(37, 19, 10)
(37, 20, 10)
(37, 21, 8)
(37, 22, 4)
(37, 23, 4)
(37, 24, 4)
(37, 25, 4)
(37, 26, 3)
(37, 27, 3)
(37, 28, 3)
(37, 29, 3)
(37, 30, 3)
(37, 31, 3)
(37, 32, 3)
(37, 33, 3)
(37, 34, 3)
(37, 35, 3)
(37, 36, 3)
(37, 37, 3)
(37, 38, 3)
(37, 39, 2)

(38, 0, 306)
(38, 1, 156)
(38, 2, 123)
(38, 3, 73)
(38, 4, 60)
(38, 5, 56)
(38, 6, 45)
(38, 7, 39)
(38, 8, 36)
(38, 9, 30)
(38, 10, 26)
(38, 11, 24)
(38, 12, 20)
(38, 13, 18)
(38, 14, 16)
(38, 15, 14)
(38, 16, 11)
(38, 17, 10)
(38, 18, 10)
(38, 19, 10)
(38, 20, 10)
(38, 21, 8)
(38, 22, 4)
(38, 23, 4)
(38, 24, 3)
(38, 25, 3)
(38, 26, 3)
(38, 27, 3)
(38, 28, 3)
(38, 29, 3)
(38, 30, 3)
(38, 31, 3)
(38, 32, 3)
(38, 33, 3)
(38, 34, 3)
(38, 35, 3)
(38, 36, 3)
(38, 37, 3)
(38, 38, 3)
(38, 39, 2)

(39, 0, 321)
(39, 1, 164)
(39, 2, 129)
(39, 3, 74)
(39, 4, 61)
(39, 5, 57)
(39, 6, 46)
(39, 7, 40)
(39, 8, 37)
(39, 9, 30)
(39, 10, 26)
(39, 11, 23)
(39, 12, 19)
(39, 13, 16)
(39, 14, 15)
(39, 15, 14)
(39, 16, 11)
(39, 17, 10)
(39, 18, 10)
(39, 19, 10)
(39, 20, 10)
(39, 21, 8)
(39, 22, 4)
(39, 23, 4)
(39, 24, 3)
(39, 25, 3)
(39, 26, 3)
(39, 27, 3)
(39, 28, 3)
(39, 29, 3)
(39, 30, 3)
(39, 31, 3)
(39, 32, 3)
(39, 33, 3)
(39, 34, 3)
(39, 35, 3)
(39, 36, 3)
(39, 37, 3)
(39, 38, 3)
(39, 39, 2)


Betti numbers:
xi_0:
(0, 0, 2)
(1, 0, 3)
(3, 0, 1)
(4, 0, 1)
(6, 0, 1)
(7, 0, 6)
(8, 0, 3)
(10, 0, 1)
(12, 0, 1)
(19, 0, 4)
(20, 0, 6)
(21, 0, 13)
(22, 0, 24)
(23, 0, 23)
(24, 0, 11)
(25, 0, 16)
(26, 0, 13)
(27, 0, 23)
(28, 0, 24)
(29, 0, 22)
(30, 0, 8)
(31, 0, 11)
(32, 0, 9)
(33, 0, 12)
(34, 0, 14)
(35, 0, 13)
(36, 0, 18)
(37, 0, 17)
(38, 0, 10)
(39, 0, 15)
xi_1:
(0, 10, 1)
(1, 10, 2)
(1, 14, 1)
(3, 16, 1)
(4, 10, 1)
(6, 7, 1)
(7, 1, 4)
(7, 7, 1)
(7, 15, 1)
(8, 0, 1)
(8, 1, 3)
(9, 0, 1)
(10, 22, 1)
(12, 7, 1)
(12, 21, 1)
(19, 1, 2)
(19, 4, 1)
(20, 1, 1)
(20, 2, 1)
(20, 3, 2)
(20, 4, 1)
(20, 32, 1)
(20, 39, 1)
(21, 1, 6)
(21, 2, 4)
(21, 3, 1)
(21, 4, 1)
(21, 29, 1)
(21, 33, 1)
(22, 1, 11)
(22, 2, 6)
(22, 3, 4)
(22, 4, 1)
(22, 6, 1)
(22, 7, 1)
(22, 13, 1)
(22, 16, 1)
(22, 30, 1)
(23, 1, 15)
(23, 2, 4)
(23, 3, 5)
(23, 6, 1)
(23, 15, 1)
(24, 1, 9)
(24, 2, 2)
(24, 3, 1)
(25, 1, 5)
(25, 2, 2)
(25, 3, 3)
(25, 4, 1)
(25, 5, 1)
(25, 6, 1)
(25, 8, 1)
(25, 17, 1)
(25, 29, 1)
(26, 1, 5)
(26, 2, 3)
(26, 3, 2)
(26, 9, 2)
(26, 11, 1)
(26, 12, 1)
(27, 1, 9)
(27, 2, 2)
(27, 3, 6)
(27, 6, 1)
(27, 9, 1)
(27, 10, 1)
(27, 14, 1)
(27, 15, 1)
(27, 21, 1)
(27, 22, 2)
(27, 30, 1)
(27, 39, 1)
(28, 1, 10)
(28, 3, 5)
(28, 4, 5)
(28, 5, 1)
(28, 6, 1)
(28, 7, 1)
(28, 9, 2)
(28, 10, 1)
(28, 11, 1)
(28, 13, 1)
(28, 23, 2)
(29, 1, 13)
(29, 2, 3)
(29, 3, 4)
(29, 4, 2)
(29, 6, 1)
(29, 7, 1)
(29, 22, 2)
(30, 1, 5)
(30, 3, 1)
(30, 5, 1)
(30, 6, 3)
(30, 9, 1)
(31, 1, 6)
(31, 4, 1)
(31, 5, 1)
(31, 6, 1)
(31, 8, 1)
(31, 17, 1)
(31, 19, 1)
(32, 2, 2)
(32, 3, 4)
(32, 4, 2)
(32, 14, 1)
(32, 16, 1)
(32, 27, 1)
(33, 1, 5)
(33, 2, 2)
(33, 3, 5)
(33, 9, 1)
(33, 23, 1)
(34, 1, 7)
(34, 2, 2)
(34, 3, 2)
(34, 6, 2)
(34, 12, 1)
(34, 17, 1)
(34, 18, 1)
(34, 23, 1)
(35, 0, 1)
(35, 1, 7)
(35, 3, 2)
(35, 4, 3)
(35, 7, 1)
(35, 11, 2)
(35, 12, 1)
(35, 16, 1)
(35, 17, 1)
(36, 1, 11)
(36, 2, 1)
(36, 3, 3)
(36, 4, 4)
(36, 6, 1)
(36, 8, 1)
(36, 15, 1)
(36, 16, 1)
(37, 0, 1)
(37, 1, 14)
(37, 2, 1)
(37, 3, 2)
(37, 26, 1)
(38, 1, 4)
(38, 3, 2)
(38, 4, 1)
(38, 9, 1)
(38, 12, 2)
(38, 14, 1)
(38, 24, 1)
(39, 1, 7)
(39, 2, 2)
(39, 3, 5)
(39, 4, 1)
(39, 9, 1)
(39, 11, 1)
(39, 13, 1)
xi_2:
(8, 1, 1)
(9, 1, 1)
(12, 22, 1)
(20, 4, 1)
(21, 4, 1)
(21, 32, 1)
(22, 2, 1)
(22, 33, 1)
(23, 3, 1)
(23, 4, 1)
(23, 16, 1)
(24, 3, 1)
(26, 4, 1)
(27, 9, 1)
(27, 11, 1)
(27, 29, 1)
(27, 30, 1)
(28, 10, 1)
(28, 14, 1)
(28, 15, 2)
(28, 29, 1)
(28, 30, 1)
(29, 4, 1)
(29, 6, 1)
(29, 23, 2)
(30, 3, 1)
(30, 4, 1)
(30, 10, 1)
(31, 9, 1)
(32, 17, 1)
(32, 19, 1)
(33, 4, 1)
(33, 27, 1)
(34, 3, 1)
(34, 23, 1)
(34, 39, 1)
(35, 2, 1)
(35, 6, 1)
(35, 12, 1)
(35, 17, 1)
(35, 18, 1)
(35, 23, 1)
(36, 4, 1)
(36, 7, 1)
(36, 11, 1)
(36, 16, 1)
(36, 17, 1)
(37, 4, 2)
(38, 14, 1)
(38, 26, 1)
(39, 4, 1)
(39, 14, 1)
(39, 15, 1)
