x-grades
-1025388988811428611/400000000000000000
-503597163124786911/200000000000000000
-988999663687719033/400000000000000000
-242701250281466061/100000000000000000
-190522067712801891/80000000000000000
-467207838001077333/200000000000000000
-916221013440299877/400000000000000000
-28063323464951409/12500000000000000
-879831688316590299/400000000000000000
-86163702575473551/40000000000000000
-843442363192880721/400000000000000000
-206311925157756483/100000000000000000
-807053038069171143/400000000000000000
-394429187753658177/200000000000000000
-154132742589092313/80000000000000000
-94058631297950847/50000000000000000
-734274387821751987/400000000000000000
-358039862629948599/200000000000000000
-697885062698042409/400000000000000000
-33984520006809381/20000000000000000
-661495737574332831/400000000000000000
-321650537506239021/200000000000000000
-625106412450623253/400000000000000000
-37931984368048029/25000000000000000
-23548683493076547/16000000000000000
-285261212382529443/200000000000000000
-552327762203204097/400000000000000000
-133533274910337327/100000000000000000
-515938437079494519/400000000000000000
-49774377451763973/40000000000000000
-479549111955784941/400000000000000000
-57669306174241269/50000000000000000
-443159786832075363/400000000000000000
-212482562135110287/200000000000000000
-81354092341673157/80000000000000000
-97143949786627749/100000000000000000
-370381136584656207/400000000000000000
-176093237011400709/200000000000000000
-333991811460946629/400000000000000000
-493433045154831/625000000000000

y-grades
1999967/8000000
1999967/4000000
5999901/8000000
1999967/2000000
1999967/1600000
5999901/4000000
13999769/8000000
1999967/1000000
17999703/8000000
1999967/800000
21999637/8000000
5999901/2000000
25999571/8000000
13999769/4000000
5999901/1600000
1999967/500000
33999439/8000000
17999703/4000000
37999373/8000000
1999967/400000
41999307/8000000
21999637/4000000
45999241/8000000
5999901/1000000
1999967/320000
25999571/4000000
53999109/8000000
13999769/2000000
57999043/8000000
5999901/800000
61998977/8000000
1999967/250000
65998911/8000000
33999439/4000000
13999769/1600000
17999703/2000000
73998779/8000000
37999373/4000000
77998713/8000000
1999967/200000

Dimensions > 0:
(0, 0, 14)
(0, 1, 6)
(0, 2, 5)
(0, 3, 3)
(0, 4, 2)
(0, 5, 2)
(0, 6, 1)
(0, 7, 1)
(0, 8, 1)
(0, 9, 1)
(0, 10, 1)
(0, 11, 1)
(0, 12, 1)
(0, 13, 1)
(0, 14, 1)
(0, 15, 1)
(0, 16, 1)
(0, 17, 1)
(0, 18, 1)
(0, 19, 1)
(0, 20, 1)
(0, 21, 1)
(0, 22, 1)
(0, 23, 1)
(0, 24, 1)
(0, 25, 1)
(0, 26, 1)
(0, 27, 1)
(0, 28, 1)
(0, 29, 1)
(0, 30, 1)
(0, 31, 1)
(0, 32, 1)
(0, 33, 1)
(0, 34, 1)
(0, 35, 1)
(0, 36, 1)
(0, 37, 1)
(0, 38, 1)
(0, 39, 1)

(1, 0, 14)
(1, 1, 6)
(1, 2, 5)
(1, 3, 3)
(1, 4, 2)
(1, 5, 2)
(1, 6, 1)
(1, 7, 1)
(1, 8, 1)
(1, 9, 1)
(1, 10, 1)
(1, 11, 1)
(1, 12, 1)
(1, 13, 1)
(1, 14, 1)
(1, 15, 1)
(1, 16, 1)
(1, 17, 1)
(1, 18, 1)
(1, 19, 1)
(1, 20, 1)
(1, 21, 1)
(1, 22, 1)
(1, 23, 1)
(1, 24, 1)
(1, 25, 1)
(1, 26, 1)
(1, 27, 1)
(1, 28, 1)
(1, 29, 1)
(1, 30, 1)
(1, 31, 1)
(1, 32, 1)
(1, 33, 1)
(1, 34, 1)
(1, 35, 1)
(1, 36, 1)
(1, 37, 1)
(1, 38, 1)
(1, 39, 1)

(2, 0, 14)
(2, 1, 6)
(2, 2, 5)
(2, 3, 3)
(2, 4, 2)
(2, 5, 2)
(2, 6, 1)
(2, 7, 1)
(2, 8, 1)
(2, 9, 1)
(2, 10, 1)
(2, 11, 1)
(2, 12, 1)
(2, 13, 1)
(2, 14, 1)
(2, 15, 1)
(2, 16, 1)
(2, 17, 1)
(2, 18, 1)
(2, 19, 1)
(2, 20, 1)
(2, 21, 1)
(2, 22, 1)
(2, 23, 1)
(2, 24, 1)
(2, 25, 1)
(2, 26, 1)
(2, 27, 1)
(2, 28, 1)
(2, 29, 1)
(2, 30, 1)
(2, 31, 1)
(2, 32, 1)
(2, 33, 1)
(2, 34, 1)
(2, 35, 1)
(2, 36, 1)
(2, 37, 1)
(2, 38, 1)
(2, 39, 1)

(3, 0, 14)
(3, 1, 6)
(3, 2, 5)
(3, 3, 3)
(3, 4, 2)
(3, 5, 2)
(3, 6, 1)
(3, 7, 1)
(3, 8, 1)
(3, 9, 1)
(3, 10, 1)
(3, 11, 1)
(3, 12, 1)
(3, 13, 1)
(3, 14, 1)
(3, 15, 1)
(3, 16, 1)
(3, 17, 1)
(3, 18, 1)
(3, 19, 1)
(3, 20, 1)
(3, 21, 1)
(3, 22, 1)
(3, 23, 1)
(3, 24, 1)
(3, 25, 1)
(3, 26, 1)
(3, 27, 1)
(3, 28, 1)
(3, 29, 1)
(3, 30, 1)
(3, 31, 1)
(3, 32, 1)
(3, 33, 1)
(3, 34, 1)
(3, 35, 1)
(3, 36, 1)
(3, 37, 1)
(3, 38, 1)
(3, 39, 1)

(4, 0, 14)
(4, 1, 6)
(4, 2, 5)
(4, 3, 3)
(4, 4, 2)
(4, 5, 2)
(4, 6, 1)
(4, 7, 1)
(4, 8, 1)
(4, 9, 1)
(4, 10, 1)
(4, 11, 1)
(4, 12, 1)
(4, 13, 1)
(4, 14, 1)
(4, 15, 1)
(4, 16, 1)
(4, 17, 1)
(4, 18, 1)
(4, 19, 1)
(4, 20, 1)
(4, 21, 1)
(4, 22, 1)
(4, 23, 1)
(4, 24, 1)
(4, 25, 1)
(4, 26, 1)
(4, 27, 1)
(4, 28, 1)
(4, 29, 1)
(4, 30, 1)
(4, 31, 1)
(4, 32, 1)
(4, 33, 1)
(4, 34, 1)
(4, 35, 1)
(4, 36, 1)
(4, 37, 1)
(4, 38, 1)
(4, 39, 1)

(5, 0, 14)
(5, 1, 6)
(5, 2, 5)
(5, 3, 3)
(5, 4, 2)
(5, 5, 2)
(5, 6, 1)
(5, 7, 1)
(5, 8, 1)
(5, 9, 1)
(5, 10, 1)
(5, 11, 1)
(5, 12, 1)
(5, 13, 1)
(5, 14, 1)
(5, 15, 1)
(5, 16, 1)
(5, 17, 1)
(5, 18, 1)
(5, 19, 1)
(5, 20, 1)
(5, 21, 1)
(5, 22, 1)
(5, 23, 1)
(5, 24, 1)
(5, 25, 1)
(5, 26, 1)
(5, 27, 1)
(5, 28, 1)
(5, 29, 1)
(5, 30, 1)
(5, 31, 1)
(5, 32, 1)
(5, 33, 1)
(5, 34, 1)
(5, 35, 1)
(5, 36, 1)
(5, 37, 1)
(5, 38, 1)
(5, 39, 1)

(6, 0, 14)
(6, 1, 6)
(6, 2, 5)
(6, 3, 3)
(6, 4, 2)
(6, 5, 2)
(6, 6, 1)
(6, 7, 1)
(6, 8, 1)
(6, 9, 1)
(6, 10, 1)
(6, 11, 1)
(6, 12, 1)
(6, 13, 1)
(6, 14, 1)
(6, 15, 1)
(6, 16, 1)
(6, 17, 1)
(6, 18, 1)
(6, 19, 1)
(6, 20, 1)
(6, 21, 1)
(6, 22, 1)
(6, 23, 1)
(6, 24, 1)
(6, 25, 1)
(6, 26, 1)
(6, 27, 1)
(6, 28, 1)
(6, 29, 1)
(6, 30, 1)
(6, 31, 1)
(6, 32, 1)
(6, 33, 1)
(6, 34, 1)
(6, 35, 1)
(6, 36, 1)
(6, 37, 1)
(6, 38, 1)
(6, 39, 1)

(7, 0, 14)
(7, 1, 6)
(7, 2, 5)
(7, 3, 3)
(7, 4, 2)
(7, 5, 2)
(7, 6, 1)
(7, 7, 1)
(7, 8, 1)
(7, 9, 1)
(7, 10, 1)
(7, 11, 1)
(7, 12, 1)
(7, 13, 1)
(7, 14, 1)
(7, 15, 1)
(7, 16, 1)
(7, 17, 1)
(7, 18, 1)
(7, 19, 1)
(7, 20, 1)
(7, 21, 1)
(7, 22, 1)
(7, 23, 1)
(7, 24, 1)
(7, 25, 1)
(7, 26, 1)
(7, 27, 1)
(7, 28, 1)
(7, 29, 1)
(7, 30, 1)
(7, 31, 1)
(7, 32, 1)
(7, 33, 1)
(7, 34, 1)
(7, 35, 1)
(7, 36, 1)
(7, 37, 1)
(7, 38, 1)
(7, 39, 1)

(8, 0, 14)
(8, 1, 6)
(8, 2, 5)
(8, 3, 3)
(8, 4, 2)
(8, 5, 2)
(8, 6, 1)
(8, 7, 1)
(8, 8, 1)
(8, 9, 1)
(8, 10, 1)
(8, 11, 1)
(8, 12, 1)
(8, 13, 1)
(8, 14, 1)
(8, 15, 1)
(8, 16, 1)
(8, 17, 1)
(8, 18, 1)
(8, 19, 1)
(8, 20, 1)
(8, 21, 1)
(8, 22, 1)
(8, 23, 1)
(8, 24, 1)
(8, 25, 1)
(8, 26, 1)
(8, 27, 1)
(8, 28, 1)
(8, 29, 1)
(8, 30, 1)
(8, 31, 1)
(8, 32, 1)
(8, 33, 1)
(8, 34, 1)
(8, 35, 1)
(8, 36, 1)
(8, 37, 1)
(8, 38, 1)
(8, 39, 1)

(9, 0, 14)
(9, 1, 6)
(9, 2, 5)
(9, 3, 3)
(9, 4, 2)
(9, 5, 2)
(9, 6, 1)
(9, 7, 1)
(9, 8, 1)
(9, 9, 1)
(9, 10, 1)
(9, 11, 1)
(9, 12, 1)
(9, 13, 1)
(9, 14, 1)
(9, 15, 1)
(9, 16, 1)
(9, 17, 1)
(9, 18, 1)
(9, 19, 1)
(9, 20, 1)
(9, 21, 1)
(9, 22, 1)
(9, 23, 1)
(9, 24, 1)
(9, 25, 1)
(9, 26, 1)
(9, 27, 1)
(9, 28, 1)
(9, 29, 1)
(9, 30, 1)
(9, 31, 1)
(9, 32, 1)
(9, 33, 1)
(9, 34, 1)
(9, 35, 1)
(9, 36, 1)
(9, 37, 1)
(9, 38, 1)
(9, 39, 1)

(10, 0, 14)
(10, 1, 6)
(10, 2, 5)
(10, 3, 3)
(10, 4, 2)
(10, 5, 2)
(10, 6, 1)
(10, 7, 1)
(10, 8, 1)
(10, 9, 1)
(10, 10, 1)
(10, 11, 1)
(10, 12, 1)
(10, 13, 1)
(10, 14, 1)
(10, 15, 1)
(10, 16, 1)
(10, 17, 1)
(10, 18, 1)
(10, 19, 1)
(10, 20, 1)
(10, 21, 1)
(10, 22, 1)
(10, 23, 1)
(10, 24, 1)
(10, 25, 1)
(10, 26, 1)
(10, 27, 1)
(10, 28, 1)
(10, 29, 1)
(10, 30, 1)
(10, 31, 1)
(10, 32, 1)
(10, 33, 1)
(10, 34, 1)
(10, 35, 1)
(10, 36, 1)
(10, 37, 1)
(10, 38, 1)
(10, 39, 1)

(11, 0, 61)
(11, 1, 20)
(11, 2, 15)
(11, 3, 10)
(11, 4, 8)
(11, 5, 7)
(11, 6, 6)
(11, 7, 6)
(11, 8, 6)
(11, 9, 6)
(11, 10, 6)
(11, 11, 5)
(11, 12, 5)
(11, 13, 5)
(11, 14, 5)
(11, 15, 5)
(11, 16, 5)
(11, 17, 5)
(11, 18, 5)
(11, 19, 5)
(11, 20, 5)
(11, 21, 4)
(11, 22, 4)
(11, 23, 4)
(11, 24, 4)
(11, 25, 4)
(11, 26, 3)
(11, 27, 3)
(11, 28, 3)
(11, 29, 3)
(11, 30, 3)
(11, 31, 3)
(11, 32, 3)
(11, 33, 3)
(11, 34, 3)
(11, 35, 3)
(11, 36, 3)
(11, 37, 3)
(11, 38, 3)
(11, 39, 3)

(12, 0, 65)
(12, 1, 22)
(12, 2, 17)
(12, 3, 12)
(12, 4, 10)
(12, 5, 9)
(12, 6, 8)
(12, 7, 8)
(12, 8, 8)
(12, 9, 8)
(12, 10, 8)
(12, 11, 7)
(12, 12, 6)
(12, 13, 6)
(12, 14, 6)
(12, 15, 5)
(12, 16, 5)
(12, 17, 5)
(12, 18, 5)
(12, 19, 5)
(12, 20, 5)
(12, 21, 4)
(12, 22, 4)
(12, 23, 4)
(12, 24, 4)
(12, 25, 4)
(12, 26, 3)
(12, 27, 3)
(12, 28, 3)
(12, 29, 3)
(12, 30, 3)
(12, 31, 3)
(12, 32, 3)
(12, 33, 3)
(12, 34, 3)
(12, 35, 3)
(12, 36, 3)
(12, 37, 3)
(12, 38, 3)
(12, 39, 3)

(13, 0, 66)
(13, 1, 23)
(13, 2, 18)
(13, 3, 13)
(13, 4, 11)
(13, 5, 10)
(13, 6, 9)
(13, 7, 9)
(13, 8, 9)
(13, 9, 9)
(13, 10, 9)
(13, 11, 8)
(13, 12, 6)
(13, 13, 6)
(13, 14, 6)
(13, 15, 5)
(13, 16, 5)
(13, 17, 5)
(13, 18, 5)
(13, 19, 5)
(13, 20, 5)
(13, 21, 4)
(13, 22, 4)
(13, 23, 4)
(13, 24, 4)
(13, 25, 4)
(13, 26, 3)
(13, 27, 3)
(13, 28, 3)
(13, 29, 3)
(13, 30, 3)
(13, 31, 3)
(13, 32, 3)
(13, 33, 3)
(13, 34, 3)
(13, 35, 3)
(13, 36, 3)
(13, 37, 3)
(13, 38, 3)
(13, 39, 3)

(14, 0, 77)
(14, 1, 30)
(14, 2, 24)
(14, 3, 18)
(14, 4, 16)
(14, 5, 15)
(14, 6, 13)
(14, 7, 13)
(14, 8, 13)
(14, 9, 13)
(14, 10, 13)
(14, 11, 12)
(14, 12, 9)
(14, 13, 9)
(14, 14, 9)
(14, 15, 8)
(14, 16, 8)
(14, 17, 8)
(14, 18, 8)
(14, 19, 8)
(14, 20, 8)
(14, 21, 7)
(14, 22, 7)
(14, 23, 7)
(14, 24, 7)
(14, 25, 7)
(14, 26, 5)
(14, 27, 5)
(14, 28, 5)
(14, 29, 5)
(14, 30, 5)
(14, 31, 5)
(14, 32, 5)
(14, 33, 5)
(14, 34, 5)
(14, 35, 4)
(14, 36, 4)
(14, 37, 4)
(14, 38, 4)
(14, 39, 4)

(15, 0, 86)
(15, 1, 33)
(15, 2, 27)
(15, 3, 21)
(15, 4, 19)
(15, 5, 18)
(15, 6, 15)
(15, 7, 15)
(15, 8, 15)
(15, 9, 15)
(15, 10, 15)
(15, 11, 13)
(15, 12, 10)
(15, 13, 10)
(15, 14, 10)
(15, 15, 9)
(15, 16, 9)
(15, 17, 9)
(15, 18, 9)
(15, 19, 9)
(15, 20, 8)
(15, 21, 7)
(15, 22, 7)
(15, 23, 7)
(15, 24, 7)
(15, 25, 7)
(15, 26, 5)
(15, 27, 5)
(15, 28, 5)
(15, 29, 5)
(15, 30, 5)
(15, 31, 5)
(15, 32, 5)
(15, 33, 5)
(15, 34, 5)
(15, 35, 4)
(15, 36, 4)
(15, 37, 4)
(15, 38, 4)
(15, 39, 4)

(16, 0, 102)
(16, 1, 43)
(16, 2, 34)
(16, 3, 27)
(16, 4, 24)
(16, 5, 23)
(16, 6, 20)
(16, 7, 19)
(16, 8, 19)
(16, 9, 19)
(16, 10, 19)
(16, 11, 17)
(16, 12, 14)
(16, 13, 13)
(16, 14, 13)
(16, 15, 11)
(16, 16, 11)
(16, 17, 10)
(16, 18, 10)
(16, 19, 10)
(16, 20, 10)
(16, 21, 9)
(16, 22, 9)
(16, 23, 9)
(16, 24, 9)
(16, 25, 9)
(16, 26, 7)
(16, 27, 7)
(16, 28, 7)
(16, 29, 7)
(16, 30, 7)
(16, 31, 7)
(16, 32, 7)
(16, 33, 7)
(16, 34, 7)
(16, 35, 6)
(16, 36, 6)
(16, 37, 5)
(16, 38, 5)
(16, 39, 5)

(17, 0, 117)
(17, 1, 52)
(17, 2, 42)
(17, 3, 31)
(17, 4, 28)
(17, 5, 27)
(17, 6, 23)
(17, 7, 22)
(17, 8, 22)
(17, 9, 22)
(17, 10, 22)
(17, 11, 19)
(17, 12, 14)
(17, 13, 13)
(17, 14, 13)
(17, 15, 11)
(17, 16, 11)
(17, 17, 11)
(17, 18, 11)
(17, 19, 11)
(17, 20, 11)
(17, 21, 10)
(17, 22, 10)
(17, 23, 10)
(17, 24, 10)
(17, 25, 10)
(17, 26, 8)
(17, 27, 8)
(17, 28, 8)
(17, 29, 8)
(17, 30, 8)
(17, 31, 8)
(17, 32, 8)
(17, 33, 8)
(17, 34, 8)
(17, 35, 7)
(17, 36, 7)
(17, 37, 6)
(17, 38, 5)
(17, 39, 5)

(18, 0, 142)
(18, 1, 64)
(18, 2, 51)
(18, 3, 37)
(18, 4, 33)
(18, 5, 31)
(18, 6, 27)
(18, 7, 26)
(18, 8, 26)
(18, 9, 26)
(18, 10, 26)
(18, 11, 23)
(18, 12, 17)
(18, 13, 16)
(18, 14, 16)
(18, 15, 14)
(18, 16, 14)
(18, 17, 14)
(18, 18, 14)
(18, 19, 14)
(18, 20, 14)
(18, 21, 13)
(18, 22, 13)
(18, 23, 12)
(18, 24, 11)
(18, 25, 11)
(18, 26, 9)
(18, 27, 9)
(18, 28, 9)
(18, 29, 9)
(18, 30, 9)
(18, 31, 9)
(18, 32, 9)
(18, 33, 9)
(18, 34, 9)
(18, 35, 8)
(18, 36, 8)
(18, 37, 7)
(18, 38, 6)
(18, 39, 6)

(19, 0, 148)
(19, 1, 67)
(19, 2, 53)
(19, 3, 39)
(19, 4, 35)
(19, 5, 33)
(19, 6, 29)
(19, 7, 28)
(19, 8, 28)
(19, 9, 27)
(19, 10, 27)
(19, 11, 24)
(19, 12, 18)
(19, 13, 17)
(19, 14, 17)
(19, 15, 15)
(19, 16, 15)
(19, 17, 15)
(19, 18, 15)
(19, 19, 15)
(19, 20, 15)
(19, 21, 14)
(19, 22, 13)
(19, 23, 13)
(19, 24, 12)
(19, 25, 12)
(19, 26, 10)
(19, 27, 10)
(19, 28, 10)
(19, 29, 10)
(19, 30, 10)
(19, 31, 10)
(19, 32, 10)
(19, 33, 10)
(19, 34, 10)
(19, 35, 9)
(19, 36, 9)
(19, 37, 8)
(19, 38, 7)
(19, 39, 7)

(20, 0, 160)
(20, 1, 72)
(20, 2, 58)
(20, 3, 44)
(20, 4, 38)
(20, 5, 35)
(20, 6, 30)
(20, 7, 29)
(20, 8, 29)
(20, 9, 28)
(20, 10, 28)
(20, 11, 25)
(20, 12, 19)
(20, 13, 18)
(20, 14, 18)
(20, 15, 16)
(20, 16, 16)
(20, 17, 16)
(20, 18, 16)
(20, 19, 16)
(20, 20, 16)
(20, 21, 15)
(20, 22, 14)
(20, 23, 14)
(20, 24, 13)
(20, 25, 13)
(20, 26, 11)
(20, 27, 11)
(20, 28, 11)
(20, 29, 11)
(20, 30, 11)
(20, 31, 11)
(20, 32, 11)
(20, 33, 11)
(20, 34, 11)
(20, 35, 10)
(20, 36, 10)
(20, 37, 9)
(20, 38, 8)
(20, 39, 7)

(21, 0, 174)
(21, 1, 83)
(21, 2, 67)
(21, 3, 51)
(21, 4, 43)
(21, 5, 40)
(21, 6, 35)
(21, 7, 33)
(21, 8, 32)
(21, 9, 31)
(21, 10, 31)
(21, 11, 28)
(21, 12, 22)
(21, 13, 21)
(21, 14, 21)
(21, 15, 19)
(21, 16, 19)
(21, 17, 19)
(21, 18, 19)
(21, 19, 19)
(21, 20, 19)
(21, 21, 17)
(21, 22, 15)
(21, 23, 15)
(21, 24, 14)
(21, 25, 13)
(21, 26, 11)
(21, 27, 11)
(21, 28, 11)
(21, 29, 11)
(21, 30, 11)
(21, 31, 11)
(21, 32, 11)
(21, 33, 11)
(21, 34, 11)
(21, 35, 10)
(21, 36, 10)
(21, 37, 9)
(21, 38, 8)
(21, 39, 7)

(22, 0, 179)
(22, 1, 87)
(22, 2, 70)
(22, 3, 53)
(22, 4, 45)
(22, 5, 41)
(22, 6, 36)
(22, 7, 35)
(22, 8, 34)
(22, 9, 33)
(22, 10, 33)
(22, 11, 30)
(22, 12, 23)
(22, 13, 22)
(22, 14, 22)
(22, 15, 20)
(22, 16, 20)
(22, 17, 20)
(22, 18, 20)
(22, 19, 19)
(22, 20, 19)
(22, 21, 18)
(22, 22, 16)
(22, 23, 16)
(22, 24, 15)
(22, 25, 14)
(22, 26, 12)
(22, 27, 12)
(22, 28, 12)
(22, 29, 12)
(22, 30, 11)
(22, 31, 11)
(22, 32, 11)
(22, 33, 11)
(22, 34, 11)
(22, 35, 10)
(22, 36, 10)
(22, 37, 9)
(22, 38, 8)
(22, 39, 7)

(23, 0, 188)
(23, 1, 91)
(23, 2, 73)
(23, 3, 56)
(23, 4, 48)
(23, 5, 44)
(23, 6, 39)
(23, 7, 38)
(23, 8, 37)
(23, 9, 36)
(23, 10, 36)
(23, 11, 33)
(23, 12, 26)
(23, 13, 25)
(23, 14, 24)
(23, 15, 21)
(23, 16, 21)
(23, 17, 21)
(23, 18, 21)
(23, 19, 20)
(23, 20, 20)
(23, 21, 19)
(23, 22, 17)
(23, 23, 17)
(23, 24, 16)
(23, 25, 15)
(23, 26, 13)
(23, 27, 13)
(23, 28, 13)
(23, 29, 13)
(23, 30, 12)
(23, 31, 12)
(23, 32, 12)
(23, 33, 12)
(23, 34, 12)
(23, 35, 11)
(23, 36, 9)
(23, 37, 8)
(23, 38, 7)
(23, 39, 7)

(24, 0, 213)
(24, 1, 102)
(24, 2, 82)
(24, 3, 63)
(24, 4, 55)
(24, 5, 51)
(24, 6, 46)
(24, 7, 45)
(24, 8, 43)
(24, 9, 42)
(24, 10, 42)
(24, 11, 39)
(24, 12, 31)
(24, 13, 28)
(24, 14, 27)
(24, 15, 24)
(24, 16, 24)
(24, 17, 24)
(24, 18, 24)
(24, 19, 23)
(24, 20, 23)
(24, 21, 22)
(24, 22, 20)
(24, 23, 20)
(24, 24, 19)
(24, 25, 18)
(24, 26, 16)
(24, 27, 16)
(24, 28, 16)
(24, 29, 16)
(24, 30, 15)
(24, 31, 15)
(24, 32, 15)
(24, 33, 15)
(24, 34, 15)
(24, 35, 14)
(24, 36, 12)
(24, 37, 11)
(24, 38, 9)
(24, 39, 9)

(25, 0, 256)
(25, 1, 122)
(25, 2, 96)
(25, 3, 74)
(25, 4, 63)
(25, 5, 57)
(25, 6, 51)
(25, 7, 50)
(25, 8, 48)
(25, 9, 47)
(25, 10, 47)
(25, 11, 43)
(25, 12, 34)
(25, 13, 31)
(25, 14, 30)
(25, 15, 27)
(25, 16, 27)
(25, 17, 27)
(25, 18, 27)
(25, 19, 26)
(25, 20, 26)
(25, 21, 25)
(25, 22, 23)
(25, 23, 23)
(25, 24, 22)
(25, 25, 21)
(25, 26, 19)
(25, 27, 19)
(25, 28, 19)
(25, 29, 19)
(25, 30, 17)
(25, 31, 17)
(25, 32, 17)
(25, 33, 17)
(25, 34, 17)
(25, 35, 16)
(25, 36, 13)
(25, 37, 10)
(25, 38, 9)
(25, 39, 9)

(26, 0, 267)
(26, 1, 127)
(26, 2, 99)
(26, 3, 77)
(26, 4, 65)
(26, 5, 59)
(26, 6, 53)
(26, 7, 52)
(26, 8, 50)
(26, 9, 49)
(26, 10, 49)
(26, 11, 45)
(26, 12, 36)
(26, 13, 32)
(26, 14, 31)
(26, 15, 27)
(26, 16, 27)
(26, 17, 27)
(26, 18, 27)
(26, 19, 26)
(26, 20, 26)
(26, 21, 25)
(26, 22, 23)
(26, 23, 23)
(26, 24, 22)
(26, 25, 21)
(26, 26, 19)
(26, 27, 18)
(26, 28, 18)
(26, 29, 18)
(26, 30, 17)
(26, 31, 17)
(26, 32, 17)
(26, 33, 17)
(26, 34, 17)
(26, 35, 16)
(26, 36, 13)
(26, 37, 10)
(26, 38, 9)
(26, 39, 9)

(27, 0, 285)
(27, 1, 137)
(27, 2, 108)
(27, 3, 82)
(27, 4, 68)
(27, 5, 62)
(27, 6, 56)
(27, 7, 55)
(27, 8, 53)
(27, 9, 52)
(27, 10, 52)
(27, 11, 48)
(27, 12, 39)
(27, 13, 35)
(27, 14, 33)
(27, 15, 29)
(27, 16, 29)
(27, 17, 29)
(27, 18, 29)
(27, 19, 28)
(27, 20, 28)
(27, 21, 27)
(27, 22, 24)
(27, 23, 24)
(27, 24, 23)
(27, 25, 21)
(27, 26, 19)
(27, 27, 18)
(27, 28, 18)
(27, 29, 18)
(27, 30, 17)
(27, 31, 17)
(27, 32, 17)
(27, 33, 17)
(27, 34, 17)
(27, 35, 16)
(27, 36, 13)
(27, 37, 10)
(27, 38, 9)
(27, 39, 9)

(28, 0, 307)
(28, 1, 140)
(28, 2, 110)
(28, 3, 84)
(28, 4, 70)
(28, 5, 64)
(28, 6, 58)
(28, 7, 57)
(28, 8, 55)
(28, 9, 54)
(28, 10, 54)
(28, 11, 50)
(28, 12, 41)
(28, 13, 37)
(28, 14, 35)
(28, 15, 31)
(28, 16, 31)
(28, 17, 31)
(28, 18, 31)
(28, 19, 30)
(28, 20, 30)
(28, 21, 29)
(28, 22, 26)
(28, 23, 26)
(28, 24, 25)
(28, 25, 23)
(28, 26, 21)
(28, 27, 20)
(28, 28, 19)
(28, 29, 19)
(28, 30, 18)
(28, 31, 18)
(28, 32, 18)
(28, 33, 18)
(28, 34, 18)
(28, 35, 17)
(28, 36, 14)
(28, 37, 11)
(28, 38, 10)
(28, 39, 10)

(29, 0, 328)
(29, 1, 152)
(29, 2, 117)
(29, 3, 89)
(29, 4, 74)
(29, 5, 68)
(29, 6, 62)
(29, 7, 59)
(29, 8, 57)
(29, 9, 56)
(29, 10, 56)
(29, 11, 52)
(29, 12, 43)
(29, 13, 39)
(29, 14, 37)
(29, 15, 33)
(29, 16, 33)
(29, 17, 33)
(29, 18, 33)
(29, 19, 32)
(29, 20, 32)
(29, 21, 31)
(29, 22, 28)
(29, 23, 28)
(29, 24, 27)
(29, 25, 25)
(29, 26, 23)
(29, 27, 22)
(29, 28, 21)
(29, 29, 21)
(29, 30, 20)
(29, 31, 20)
(29, 32, 20)
(29, 33, 20)
(29, 34, 20)
(29, 35, 19)
(29, 36, 16)
(29, 37, 12)
(29, 38, 11)
(29, 39, 11)

(30, 0, 346)
(30, 1, 167)
(30, 2, 130)
(30, 3, 101)
(30, 4, 86)
(30, 5, 80)
(30, 6, 74)
(30, 7, 69)
(30, 8, 67)
(30, 9, 66)
(30, 10, 66)
(30, 11, 62)
(30, 12, 52)
(30, 13, 47)
(30, 14, 45)
(30, 15, 40)
(30, 16, 40)
(30, 17, 40)
(30, 18, 40)
(30, 19, 37)
(30, 20, 37)
(30, 21, 36)
(30, 22, 33)
(30, 23, 33)
(30, 24, 31)
(30, 25, 28)
(30, 26, 25)
(30, 27, 23)
(30, 28, 22)
(30, 29, 22)
(30, 30, 21)
(30, 31, 21)
(30, 32, 21)
(30, 33, 21)
(30, 34, 21)
(30, 35, 20)
(30, 36, 16)
(30, 37, 13)
(30, 38, 12)
(30, 39, 11)

(31, 0, 373)
(31, 1, 173)
(31, 2, 136)
(31, 3, 104)
(31, 4, 89)
(31, 5, 82)
(31, 6, 76)
(31, 7, 71)
(31, 8, 69)
(31, 9, 68)
(31, 10, 68)
(31, 11, 64)
(31, 12, 50)
(31, 13, 46)
(31, 14, 44)
(31, 15, 39)
(31, 16, 39)
(31, 17, 39)
(31, 18, 39)
(31, 19, 38)
(31, 20, 37)
(31, 21, 36)
(31, 22, 33)
(31, 23, 33)
(31, 24, 31)
(31, 25, 28)
(31, 26, 25)
(31, 27, 23)
(31, 28, 22)
(31, 29, 22)
(31, 30, 21)
(31, 31, 20)
(31, 32, 20)
(31, 33, 20)
(31, 34, 20)
(31, 35, 19)
(31, 36, 16)
(31, 37, 13)
(31, 38, 12)
(31, 39, 11)

(32, 0, 388)
(32, 1, 181)
(32, 2, 141)
(32, 3, 109)
(32, 4, 94)
(32, 5, 87)
(32, 6, 81)
(32, 7, 76)
(32, 8, 74)
(32, 9, 73)
(32, 10, 73)
(32, 11, 69)
(32, 12, 53)
(32, 13, 48)
(32, 14, 46)
(32, 15, 38)
(32, 16, 38)
(32, 17, 38)
(32, 18, 38)
(32, 19, 37)
(32, 20, 37)
(32, 21, 36)
(32, 22, 33)
(32, 23, 33)
(32, 24, 31)
(32, 25, 28)
(32, 26, 25)
(32, 27, 23)
(32, 28, 22)
(32, 29, 22)
(32, 30, 21)
(32, 31, 20)
(32, 32, 20)
(32, 33, 20)
(32, 34, 20)
(32, 35, 19)
(32, 36, 16)
(32, 37, 13)
(32, 38, 12)
(32, 39, 11)

(33, 0, 395)
(33, 1, 185)
(33, 2, 144)
(33, 3, 112)
(33, 4, 97)
(33, 5, 90)
(33, 6, 84)
(33, 7, 79)
(33, 8, 77)
(33, 9, 76)
(33, 10, 76)
(33, 11, 72)
(33, 12, 54)
(33, 13, 48)
(33, 14, 46)
(33, 15, 39)
(33, 16, 39)
(33, 17, 39)
(33, 18, 39)
(33, 19, 38)
(33, 20, 38)
(33, 21, 37)
(33, 22, 34)
(33, 23, 34)
(33, 24, 32)
(33, 25, 29)
(33, 26, 26)
(33, 27, 24)
(33, 28, 23)
(33, 29, 23)
(33, 30, 22)
(33, 31, 21)
(33, 32, 21)
(33, 33, 21)
(33, 34, 21)
(33, 35, 20)
(33, 36, 17)
(33, 37, 14)
(33, 38, 13)
(33, 39, 12)

(34, 0, 402)
(34, 1, 190)
(34, 2, 146)
(34, 3, 114)
(34, 4, 99)
(34, 5, 92)
(34, 6, 86)
(34, 7, 80)
(34, 8, 78)
(34, 9, 77)
(34, 10, 77)
(34, 11, 73)
(34, 12, 55)
(34, 13, 50)
(34, 14, 48)
(34, 15, 41)
(34, 16, 41)
(34, 17, 40)
(34, 18, 40)
(34, 19, 39)
(34, 20, 39)
(34, 21, 38)
(34, 22, 35)
(34, 23, 35)
(34, 24, 33)
(34, 25, 30)
(34, 26, 27)
(34, 27, 25)
(34, 28, 24)
(34, 29, 24)
(34, 30, 23)
(34, 31, 22)
(34, 32, 22)
(34, 33, 22)
(34, 34, 22)
(34, 35, 21)
(34, 36, 18)
(34, 37, 14)
(34, 38, 13)
(34, 39, 12)

(35, 0, 435)
(35, 1, 198)
(35, 2, 150)
(35, 3, 116)
(35, 4, 100)
(35, 5, 93)
(35, 6, 87)
(35, 7, 80)
(35, 8, 78)
(35, 9, 77)
(35, 10, 77)
(35, 11, 73)
(35, 12, 55)
(35, 13, 50)
(35, 14, 48)
(35, 15, 41)
(35, 16, 41)
(35, 17, 41)
(35, 18, 41)
(35, 19, 40)
(35, 20, 40)
(35, 21, 39)
(35, 22, 36)
(35, 23, 36)
(35, 24, 34)
(35, 25, 31)
(35, 26, 28)
(35, 27, 26)
(35, 28, 25)
(35, 29, 24)
(35, 30, 23)
(35, 31, 22)
(35, 32, 22)
(35, 33, 22)
(35, 34, 21)
(35, 35, 20)
(35, 36, 17)
(35, 37, 14)
(35, 38, 13)
(35, 39, 12)

(36, 0, 435)
(36, 1, 198)
(36, 2, 150)
(36, 3, 116)
(36, 4, 100)
(36, 5, 93)
(36, 6, 87)
(36, 7, 80)
(36, 8, 78)
(36, 9, 77)
(36, 10, 77)
(36, 11, 73)
(36, 12, 55)
(36, 13, 50)
(36, 14, 48)
(36, 15, 41)
(36, 16, 41)
(36, 17, 41)
(36, 18, 41)
(36, 19, 40)
(36, 20, 40)
(36, 21, 39)
(36, 22, 36)
(36, 23, 36)
(36, 24, 34)
(36, 25, 31)
(36, 26, 28)
(36, 27, 26)
(36, 28, 25)
(36, 29, 24)
(36, 30, 23)
(36, 31, 22)
(36, 32, 22)
(36, 33, 22)
(36, 34, 21)
(36, 35, 20)
(36, 36, 17)
(36, 37, 14)
(36, 38, 13)
(36, 39, 12)

(37, 0, 460)
(37, 1, 204)
(37, 2, 155)
(37, 3, 120)
(37, 4, 103)
(37, 5, 96)
(37, 6, 90)
(37, 7, 83)
(37, 8, 81)
(37, 9, 80)
(37, 10, 80)
(37, 11, 76)
(37, 12, 58)
(37, 13, 53)
(37, 14, 51)
(37, 15, 43)
(37, 16, 43)
(37, 17, 43)
(37, 18, 43)
(37, 19, 42)
(37, 20, 42)
(37, 21, 41)
(37, 22, 38)
(37, 23, 38)
(37, 24, 36)
(37, 25, 33)
(37, 26, 30)
(37, 27, 28)
(37, 28, 27)
(37, 29, 26)
(37, 30, 25)
(37, 31, 24)
(37, 32, 24)
(37, 33, 24)
(37, 34, 23)
(37, 35, 22)
(37, 36, 19)
(37, 37, 16)
(37, 38, 15)
(37, 39, 14)

(38, 0, 488)
(38, 1, 212)
(38, 2, 162)
(38, 3, 126)
(38, 4, 108)
(38, 5, 101)
(38, 6, 95)
(38, 7, 88)
(38, 8, 86)
(38, 9, 85)
(38, 10, 85)
(38, 11, 81)
(38, 12, 61)
(38, 13, 54)
(38, 14, 52)
(38, 15, 44)
(38, 16, 44)
(38, 17, 44)
(38, 18, 44)
(38, 19, 43)
(38, 20, 43)
(38, 21, 42)
(38, 22, 39)
(38, 23, 39)
(38, 24, 37)
(38, 25, 34)
(38, 26, 31)
(38, 27, 29)
(38, 28, 27)
(38, 29, 26)
(38, 30, 25)
(38, 31, 24)
(38, 32, 24)
(38, 33, 24)
(38, 34, 23)
(38, 35, 22)
(38, 36, 19)
(38, 37, 16)
(38, 38, 15)
(38, 39, 14)

(39, 0, 516)
(39, 1, 219)
(39, 2, 165)
(39, 3, 127)
(39, 4, 109)
(39, 5, 102)
(39, 6, 96)
(39, 7, 89)
(39, 8, 87)
(39, 9, 86)
(39, 10, 86)
(39, 11, 82)
(39, 12, 62)
(39, 13, 55)
(39, 14, 53)
(39, 15, 45)
(39, 16, 45)
(39, 17, 45)
(39, 18, 45)
(39, 19, 44)
(39, 20, 44)
(39, 21, 43)
(39, 22, 40)
(39, 23, 40)
(39, 24, 38)
(39, 25, 35)
(39, 26, 32)
(39, 27, 30)
(39, 28, 28)
(39, 29, 27)
(39, 30, 26)
(39, 31, 25)
(39, 32, 25)
(39, 33, 25)
(39, 34, 24)
(39, 35, 23)
(39, 36, 19)
(39, 37, 16)
(39, 38, 15)
(39, 39, 14)


Betti numbers:
xi_0:
(0, 0, 14)
(11, 0, 47)
(12, 0, 4)
(13, 0, 1)
(14, 0, 11)
(15, 0, 9)
(16, 0, 16)
(17, 0, 15)
(18, 0, 25)
(19, 0, 6)
(20, 0, 12)
(21, 0, 14)
(22, 0, 5)
(23, 0, 9)
(24, 0, 25)
(25, 0, 43)
(26, 0, 11)
(27, 0, 18)
(28, 0, 22)
(29, 0, 21)
(30, 0, 18)
(31, 0, 27)
(32, 0, 15)
(33, 0, 7)
(34, 0, 7)
(35, 0, 33)
(37, 0, 25)
(38, 0, 28)
(39, 0, 28)
xi_1:
(0, 1, 8)
(0, 2, 1)
(0, 3, 2)
(0, 4, 1)
(0, 6, 1)
(11, 1, 33)
(11, 2, 4)
(11, 3, 3)
(11, 4, 1)
(11, 5, 1)
(11, 11, 1)
(11, 21, 1)
(11, 26, 1)
(12, 1, 2)
(12, 12, 1)
(12, 15, 1)
(13, 12, 1)
(14, 1, 4)
(14, 2, 1)
(14, 3, 1)
(14, 6, 1)
(14, 12, 1)
(14, 26, 1)
(14, 35, 1)
(15, 1, 6)
(15, 6, 1)
(15, 11, 1)
(15, 20, 1)
(16, 1, 6)
(16, 2, 3)
(16, 3, 1)
(16, 4, 1)
(16, 7, 1)
(16, 13, 1)
(16, 15, 1)
(16, 17, 1)
(16, 37, 1)
(17, 1, 6)
(17, 2, 1)
(17, 3, 4)
(17, 6, 1)
(17, 11, 1)
(17, 12, 2)
(17, 38, 1)
(18, 1, 13)
(18, 2, 3)
(18, 3, 3)
(18, 4, 1)
(18, 5, 1)
(18, 12, 1)
(18, 23, 1)
(18, 24, 1)
(19, 1, 3)
(19, 2, 1)
(19, 9, 1)
(19, 22, 1)
(20, 1, 7)
(20, 4, 2)
(20, 5, 1)
(20, 6, 1)
(20, 39, 1)
(21, 1, 3)
(21, 2, 2)
(21, 3, 2)
(21, 4, 2)
(21, 7, 1)
(21, 8, 1)
(21, 21, 1)
(21, 22, 1)
(21, 25, 1)
(22, 1, 1)
(22, 2, 1)
(22, 3, 1)
(22, 5, 1)
(22, 12, 1)
(22, 19, 1)
(22, 30, 1)
(23, 1, 5)
(23, 2, 1)
(23, 14, 1)
(23, 15, 1)
(23, 36, 2)
(24, 1, 14)
(24, 2, 2)
(24, 3, 2)
(24, 8, 1)
(24, 12, 1)
(24, 13, 2)
(24, 14, 1)
(24, 38, 1)
(25, 1, 23)
(25, 2, 6)
(25, 3, 3)
(25, 4, 3)
(25, 5, 2)
(25, 6, 1)
(25, 11, 1)
(25, 12, 1)
(25, 14, 1)
(25, 30, 1)
(25, 36, 1)
(25, 37, 2)
(26, 1, 6)
(26, 2, 2)
(26, 4, 1)
(26, 13, 1)
(26, 15, 1)
(26, 27, 1)
(27, 1, 8)
(27, 2, 1)
(27, 3, 4)
(27, 4, 2)
(27, 14, 1)
(27, 22, 1)
(27, 25, 1)
(28, 1, 19)
(28, 2, 1)
(28, 28, 1)
(29, 1, 9)
(29, 2, 5)
(29, 3, 2)
(29, 4, 1)
(29, 7, 2)
(29, 37, 1)
(30, 1, 3)
(30, 2, 2)
(30, 3, 1)
(30, 7, 2)
(30, 12, 1)
(30, 13, 1)
(30, 15, 1)
(30, 19, 2)
(30, 24, 1)
(30, 25, 1)
(30, 26, 1)
(30, 27, 1)
(30, 36, 1)
(30, 39, 1)
(31, 1, 21)
(31, 2, 1)
(31, 3, 3)
(31, 5, 1)
(31, 12, 4)
(31, 20, 1)
(31, 31, 1)
(32, 1, 7)
(32, 2, 3)
(32, 12, 2)
(32, 13, 1)
(32, 15, 3)
(33, 1, 3)
(33, 2, 1)
(33, 12, 2)
(33, 13, 1)
(34, 1, 2)
(34, 2, 3)
(34, 7, 1)
(34, 17, 1)
(34, 37, 1)
(35, 1, 25)
(35, 2, 4)
(35, 3, 2)
(35, 4, 1)
(35, 7, 1)
(35, 29, 1)
(35, 34, 1)
(37, 1, 19)
(37, 2, 1)
(37, 3, 1)
(37, 4, 1)
(37, 15, 1)
(38, 1, 20)
(38, 2, 1)
(38, 3, 1)
(38, 4, 1)
(38, 12, 2)
(38, 13, 2)
(38, 28, 1)
(39, 1, 21)
(39, 2, 4)
(39, 3, 2)
(39, 4, 1)
(39, 36, 1)
xi_2:
(16, 20, 1)
(17, 17, 1)
(19, 23, 1)
(22, 7, 1)
(22, 21, 1)
(23, 39, 1)
(24, 14, 1)
(25, 14, 1)
(25, 38, 1)
(26, 30, 1)
(30, 37, 1)
(31, 2, 1)
(31, 13, 1)
(31, 19, 2)
(31, 36, 1)
(32, 20, 1)
(33, 15, 1)
(34, 13, 1)
(35, 17, 1)
(35, 37, 1)
(39, 4, 1)
