x-grades
-1893510802421449243/800000000000000000
-925739330387260163/400000000000000000
-1809446519127591409/800000000000000000
-441853594370165623/200000000000000000
-69015289433349343/32000000000000000
-841675047093402329/400000000000000000
-1641317952539875741/800000000000000000
-199910726361618353/100000000000000000
-1557253669246017907/800000000000000000
-151522152759908899/80000000000000000
-1473189385952160073/800000000000000000
-357789311076307789/200000000000000000
-1389125102658302239/800000000000000000
-673546480505686661/400000000000000000
-261012163872888881/160000000000000000
-39469646178672359/25000000000000000
-1220996536070586571/800000000000000000
-589482197211828827/400000000000000000
-1136932252776728737/800000000000000000
-54745005556489991/40000000000000000
-1052867969482870903/800000000000000000
-505417913917970993/400000000000000000
-968803686189013069/800000000000000000
-115846443067760519/100000000000000000
-176947880579031047/160000000000000000
-421353630624113159/400000000000000000
-800675119601297401/800000000000000000
-189660744488592121/200000000000000000
-716610836307439567/800000000000000000
-13491573893210213/16000000000000000
-632546553013581733/800000000000000000
-36907150710415801/50000000000000000
-548482269719723899/800000000000000000
-253225064036397491/400000000000000000
-92883597285173213/160000000000000000
-105596461194734287/200000000000000000
-380353703132008231/800000000000000000
-169160780742539657/400000000000000000
-296289419838150397/800000000000000000
-6356431954780537/20000000000000000

y-grades
9999967/40000000
9999967/20000000
29999901/40000000
9999967/10000000
9999967/8000000
29999901/20000000
69999769/40000000
9999967/5000000
89999703/40000000
9999967/4000000
109999637/40000000
29999901/10000000
129999571/40000000
69999769/20000000
29999901/8000000
9999967/2500000
169999439/40000000
89999703/20000000
189999373/40000000
9999967/2000000
209999307/40000000
109999637/20000000
229999241/40000000
29999901/5000000
9999967/1600000
129999571/20000000
269999109/40000000
69999769/10000000
289999043/40000000
29999901/4000000
309998977/40000000
9999967/1250000
329998911/40000000
169999439/20000000
69999769/8000000
89999703/10000000
369998779/40000000
189999373/20000000
389998713/40000000
9999967/1000000

Dimensions > 0:
(0, 0, 9)
(0, 1, 7)
(0, 2, 7)
(0, 3, 7)
(0, 4, 6)
(0, 5, 5)
(0, 6, 5)
(0, 7, 5)
(0, 8, 5)
(0, 9, 5)
(0, 10, 5)
(0, 11, 5)
(0, 12, 5)
(0, 13, 5)
(0, 14, 5)
(0, 15, 3)
(0, 16, 1)
(0, 17, 1)
(0, 18, 1)
(0, 19, 1)
(0, 20, 1)
(0, 21, 1)
(0, 22, 1)
(0, 23, 1)
(0, 24, 1)
(0, 25, 1)
(0, 26, 1)
(0, 27, 1)
(0, 28, 1)
(0, 29, 1)
(0, 30, 1)
(0, 31, 1)
(0, 32, 1)
(0, 33, 1)
(0, 34, 1)
(0, 35, 1)
(0, 36, 1)
(0, 37, 1)
(0, 38, 1)
(0, 39, 1)

(1, 0, 18)
(1, 1, 14)
(1, 2, 13)
(1, 3, 13)
(1, 4, 11)
(1, 5, 9)
(1, 6, 7)
(1, 7, 7)
(1, 8, 7)
(1, 9, 7)
(1, 10, 7)
(1, 11, 7)
(1, 12, 7)
(1, 13, 7)
(1, 14, 7)
(1, 15, 2)
(1, 16, 1)
(1, 17, 1)
(1, 18, 1)
(1, 19, 1)
(1, 20, 1)
(1, 21, 1)
(1, 22, 1)
(1, 23, 1)
(1, 24, 1)
(1, 25, 1)
(1, 26, 1)
(1, 27, 1)
(1, 28, 1)
(1, 29, 1)
(1, 30, 1)
(1, 31, 1)
(1, 32, 1)
(1, 33, 1)
(1, 34, 1)
(1, 35, 1)
(1, 36, 1)
(1, 37, 1)
(1, 38, 1)
(1, 39, 1)

(2, 0, 27)
(2, 1, 22)
(2, 2, 20)
(2, 3, 19)
(2, 4, 14)
(2, 5, 12)
(2, 6, 10)
(2, 7, 10)
(2, 8, 10)
(2, 9, 10)
(2, 10, 10)
(2, 11, 10)
(2, 12, 10)
(2, 13, 10)
(2, 14, 10)
(2, 15, 4)
(2, 16, 2)
(2, 17, 2)
(2, 18, 2)
(2, 19, 2)
(2, 20, 2)
(2, 21, 2)
(2, 22, 2)
(2, 23, 2)
(2, 24, 2)
(2, 25, 2)
(2, 26, 2)
(2, 27, 2)
(2, 28, 2)
(2, 29, 2)
(2, 30, 2)
(2, 31, 2)
(2, 32, 2)
(2, 33, 2)
(2, 34, 2)
(2, 35, 2)
(2, 36, 2)
(2, 37, 2)
(2, 38, 2)
(2, 39, 2)

(3, 0, 52)
(3, 1, 35)
(3, 2, 30)
(3, 3, 23)
(3, 4, 18)
(3, 5, 13)
(3, 6, 11)
(3, 7, 11)
(3, 8, 11)
(3, 9, 11)
(3, 10, 11)
(3, 11, 11)
(3, 12, 11)
(3, 13, 11)
(3, 14, 11)
(3, 15, 3)
(3, 16, 2)
(3, 17, 2)
(3, 18, 2)
(3, 19, 2)
(3, 20, 2)
(3, 21, 2)
(3, 22, 2)
(3, 23, 2)
(3, 24, 2)
(3, 25, 2)
(3, 26, 2)
(3, 27, 2)
(3, 28, 2)
(3, 29, 2)
(3, 30, 2)
(3, 31, 2)
(3, 32, 2)
(3, 33, 2)
(3, 34, 2)
(3, 35, 2)
(3, 36, 2)
(3, 37, 2)
(3, 38, 2)
(3, 39, 2)

(4, 0, 103)
(4, 1, 71)
(4, 2, 46)
(4, 3, 30)
(4, 4, 26)
(4, 5, 19)
(4, 6, 16)
(4, 7, 15)
(4, 8, 15)
(4, 9, 15)
(4, 10, 15)
(4, 11, 15)
(4, 12, 15)
(4, 13, 15)
(4, 14, 14)
(4, 15, 6)
(4, 16, 3)
(4, 17, 3)
(4, 18, 3)
(4, 19, 3)
(4, 20, 3)
(4, 21, 3)
(4, 22, 3)
(4, 23, 3)
(4, 24, 3)
(4, 25, 3)
(4, 26, 3)
(4, 27, 3)
(4, 28, 3)
(4, 29, 3)
(4, 30, 3)
(4, 31, 3)
(4, 32, 3)
(4, 33, 3)
(4, 34, 3)
(4, 35, 3)
(4, 36, 3)
(4, 37, 3)
(4, 38, 3)
(4, 39, 3)

(5, 0, 173)
(5, 1, 123)
(5, 2, 68)
(5, 3, 47)
(5, 4, 35)
(5, 5, 22)
(5, 6, 16)
(5, 7, 16)
(5, 8, 15)
(5, 9, 15)
(5, 10, 15)
(5, 11, 15)
(5, 12, 15)
(5, 13, 15)
(5, 14, 15)
(5, 15, 5)
(5, 16, 3)
(5, 17, 3)
(5, 18, 3)
(5, 19, 3)
(5, 20, 3)
(5, 21, 3)
(5, 22, 3)
(5, 23, 3)
(5, 24, 3)
(5, 25, 3)
(5, 26, 3)
(5, 27, 3)
(5, 28, 3)
(5, 29, 3)
(5, 30, 3)
(5, 31, 3)
(5, 32, 3)
(5, 33, 3)
(5, 34, 3)
(5, 35, 3)
(5, 36, 3)
(5, 37, 3)
(5, 38, 3)
(5, 39, 3)

(6, 0, 255)
(6, 1, 181)
(6, 2, 100)
(6, 3, 73)
(6, 4, 53)
(6, 5, 32)
(6, 6, 24)
(6, 7, 20)
(6, 8, 19)
(6, 9, 18)
(6, 10, 18)
(6, 11, 18)
(6, 12, 18)
(6, 13, 18)
(6, 14, 18)
(6, 15, 7)
(6, 16, 4)
(6, 17, 4)
(6, 18, 4)
(6, 19, 4)
(6, 20, 4)
(6, 21, 4)
(6, 22, 4)
(6, 23, 3)
(6, 24, 3)
(6, 25, 3)
(6, 26, 3)
(6, 27, 3)
(6, 28, 3)
(6, 29, 3)
(6, 30, 3)
(6, 31, 3)
(6, 32, 3)
(6, 33, 3)
(6, 34, 3)
(6, 35, 3)
(6, 36, 3)
(6, 37, 3)
(6, 38, 3)
(6, 39, 3)

(7, 0, 302)
(7, 1, 215)
(7, 2, 121)
(7, 3, 88)
(7, 4, 58)
(7, 5, 35)
(7, 6, 25)
(7, 7, 19)
(7, 8, 18)
(7, 9, 18)
(7, 10, 18)
(7, 11, 18)
(7, 12, 18)
(7, 13, 18)
(7, 14, 18)
(7, 15, 6)
(7, 16, 4)
(7, 17, 4)
(7, 18, 4)
(7, 19, 4)
(7, 20, 4)
(7, 21, 4)
(7, 22, 4)
(7, 23, 3)
(7, 24, 3)
(7, 25, 3)
(7, 26, 3)
(7, 27, 3)
(7, 28, 3)
(7, 29, 3)
(7, 30, 3)
(7, 31, 3)
(7, 32, 3)
(7, 33, 3)
(7, 34, 3)
(7, 35, 3)
(7, 36, 3)
(7, 37, 3)
(7, 38, 3)
(7, 39, 3)

(8, 0, 347)
(8, 1, 249)
(8, 2, 140)
(8, 3, 105)
(8, 4, 67)
(8, 5, 42)
(8, 6, 26)
(8, 7, 19)
(8, 8, 18)
(8, 9, 18)
(8, 10, 18)
(8, 11, 18)
(8, 12, 18)
(8, 13, 18)
(8, 14, 18)
(8, 15, 6)
(8, 16, 4)
(8, 17, 4)
(8, 18, 4)
(8, 19, 4)
(8, 20, 4)
(8, 21, 4)
(8, 22, 4)
(8, 23, 3)
(8, 24, 3)
(8, 25, 3)
(8, 26, 3)
(8, 27, 3)
(8, 28, 3)
(8, 29, 3)
(8, 30, 3)
(8, 31, 3)
(8, 32, 3)
(8, 33, 3)
(8, 34, 3)
(8, 35, 3)
(8, 36, 3)
(8, 37, 3)
(8, 38, 3)
(8, 39, 3)

(9, 0, 360)
(9, 1, 256)
(9, 2, 141)
(9, 3, 106)
(9, 4, 70)
(9, 5, 45)
(9, 6, 29)
(9, 7, 21)
(9, 8, 20)
(9, 9, 20)
(9, 10, 20)
(9, 11, 20)
(9, 12, 20)
(9, 13, 20)
(9, 14, 20)
(9, 15, 8)
(9, 16, 6)
(9, 17, 6)
(9, 18, 6)
(9, 19, 6)
(9, 20, 6)
(9, 21, 6)
(9, 22, 5)
(9, 23, 4)
(9, 24, 3)
(9, 25, 3)
(9, 26, 3)
(9, 27, 3)
(9, 28, 3)
(9, 29, 3)
(9, 30, 3)
(9, 31, 3)
(9, 32, 3)
(9, 33, 3)
(9, 34, 3)
(9, 35, 3)
(9, 36, 3)
(9, 37, 3)
(9, 38, 3)
(9, 39, 3)

(10, 0, 364)
(10, 1, 259)
(10, 2, 144)
(10, 3, 108)
(10, 4, 72)
(10, 5, 46)
(10, 6, 29)
(10, 7, 21)
(10, 8, 20)
(10, 9, 20)
(10, 10, 20)
(10, 11, 20)
(10, 12, 20)
(10, 13, 20)
(10, 14, 20)
(10, 15, 8)
(10, 16, 6)
(10, 17, 6)
(10, 18, 6)
(10, 19, 6)
(10, 20, 6)
(10, 21, 6)
(10, 22, 5)
(10, 23, 3)
(10, 24, 3)
(10, 25, 3)
(10, 26, 3)
(10, 27, 3)
(10, 28, 3)
(10, 29, 3)
(10, 30, 3)
(10, 31, 3)
(10, 32, 3)
(10, 33, 3)
(10, 34, 3)
(10, 35, 3)
(10, 36, 3)
(10, 37, 3)
(10, 38, 3)
(10, 39, 3)

(11, 0, 366)
(11, 1, 261)
(11, 2, 146)
(11, 3, 109)
(11, 4, 73)
(11, 5, 47)
(11, 6, 30)
(11, 7, 22)
(11, 8, 21)
(11, 9, 21)
(11, 10, 21)
(11, 11, 21)
(11, 12, 21)
(11, 13, 21)
(11, 14, 21)
(11, 15, 9)
(11, 16, 7)
(11, 17, 7)
(11, 18, 7)
(11, 19, 7)
(11, 20, 7)
(11, 21, 7)
(11, 22, 6)
(11, 23, 3)
(11, 24, 3)
(11, 25, 3)
(11, 26, 3)
(11, 27, 3)
(11, 28, 3)
(11, 29, 3)
(11, 30, 3)
(11, 31, 3)
(11, 32, 3)
(11, 33, 3)
(11, 34, 3)
(11, 35, 3)
(11, 36, 3)
(11, 37, 3)
(11, 38, 3)
(11, 39, 3)

(12, 0, 369)
(12, 1, 263)
(12, 2, 148)
(12, 3, 110)
(12, 4, 74)
(12, 5, 48)
(12, 6, 30)
(12, 7, 22)
(12, 8, 21)
(12, 9, 21)
(12, 10, 21)
(12, 11, 21)
(12, 12, 21)
(12, 13, 21)
(12, 14, 21)
(12, 15, 9)
(12, 16, 7)
(12, 17, 7)
(12, 18, 7)
(12, 19, 7)
(12, 20, 7)
(12, 21, 7)
(12, 22, 5)
(12, 23, 3)
(12, 24, 3)
(12, 25, 3)
(12, 26, 3)
(12, 27, 3)
(12, 28, 3)
(12, 29, 3)
(12, 30, 3)
(12, 31, 3)
(12, 32, 3)
(12, 33, 3)
(12, 34, 3)
(12, 35, 3)
(12, 36, 3)
(12, 37, 3)
(12, 38, 3)
(12, 39, 3)

(13, 0, 370)
(13, 1, 264)
(13, 2, 149)
(13, 3, 111)
(13, 4, 75)
(13, 5, 49)
(13, 6, 31)
(13, 7, 23)
(13, 8, 22)
(13, 9, 22)
(13, 10, 22)
(13, 11, 22)
(13, 12, 22)
(13, 13, 22)
(13, 14, 22)
(13, 15, 10)
(13, 16, 8)
(13, 17, 8)
(13, 18, 8)
(13, 19, 8)
(13, 20, 8)
(13, 21, 8)
(13, 22, 5)
(13, 23, 3)
(13, 24, 3)
(13, 25, 3)
(13, 26, 3)
(13, 27, 3)
(13, 28, 3)
(13, 29, 3)
(13, 30, 3)
(13, 31, 3)
(13, 32, 3)
(13, 33, 3)
(13, 34, 3)
(13, 35, 3)
(13, 36, 3)
(13, 37, 3)
(13, 38, 3)
(13, 39, 3)

(14, 0, 374)
(14, 1, 266)
(14, 2, 151)
(14, 3, 113)
(14, 4, 77)
(14, 5, 51)
(14, 6, 33)
(14, 7, 24)
(14, 8, 23)
(14, 9, 23)
(14, 10, 23)
(14, 11, 23)
(14, 12, 23)
(14, 13, 23)
(14, 14, 23)
(14, 15, 11)
(14, 16, 9)
(14, 17, 9)
(14, 18, 9)
(14, 19, 9)
(14, 20, 9)
(14, 21, 9)
(14, 22, 5)
(14, 23, 3)
(14, 24, 3)
(14, 25, 3)
(14, 26, 3)
(14, 27, 3)
(14, 28, 3)
(14, 29, 3)
(14, 30, 3)
(14, 31, 3)
(14, 32, 3)
(14, 33, 3)
(14, 34, 3)
(14, 35, 3)
(14, 36, 3)
(14, 37, 3)
(14, 38, 3)
(14, 39, 3)

(15, 0, 375)
(15, 1, 267)
(15, 2, 152)
(15, 3, 114)
(15, 4, 78)
(15, 5, 52)
(15, 6, 34)
(15, 7, 25)
(15, 8, 24)
(15, 9, 24)
(15, 10, 24)
(15, 11, 24)
(15, 12, 24)
(15, 13, 24)
(15, 14, 24)
(15, 15, 12)
(15, 16, 10)
(15, 17, 10)
(15, 18, 10)
(15, 19, 10)
(15, 20, 10)
(15, 21, 10)
(15, 22, 6)
(15, 23, 4)
(15, 24, 3)
(15, 25, 3)
(15, 26, 3)
(15, 27, 3)
(15, 28, 3)
(15, 29, 3)
(15, 30, 3)
(15, 31, 3)
(15, 32, 3)
(15, 33, 3)
(15, 34, 3)
(15, 35, 3)
(15, 36, 3)
(15, 37, 3)
(15, 38, 3)
(15, 39, 3)

(16, 0, 377)
(16, 1, 269)
(16, 2, 154)
(16, 3, 116)
(16, 4, 80)
(16, 5, 52)
(16, 6, 34)
(16, 7, 25)
(16, 8, 24)
(16, 9, 24)
(16, 10, 24)
(16, 11, 24)
(16, 12, 24)
(16, 13, 24)
(16, 14, 24)
(16, 15, 12)
(16, 16, 10)
(16, 17, 10)
(16, 18, 10)
(16, 19, 10)
(16, 20, 10)
(16, 21, 10)
(16, 22, 6)
(16, 23, 3)
(16, 24, 3)
(16, 25, 3)
(16, 26, 3)
(16, 27, 3)
(16, 28, 3)
(16, 29, 3)
(16, 30, 3)
(16, 31, 3)
(16, 32, 3)
(16, 33, 3)
(16, 34, 3)
(16, 35, 3)
(16, 36, 3)
(16, 37, 3)
(16, 38, 3)
(16, 39, 3)

(17, 0, 380)
(17, 1, 272)
(17, 2, 156)
(17, 3, 118)
(17, 4, 81)
(17, 5, 53)
(17, 6, 35)
(17, 7, 26)
(17, 8, 25)
(17, 9, 25)
(17, 10, 25)
(17, 11, 25)
(17, 12, 25)
(17, 13, 25)
(17, 14, 25)
(17, 15, 13)
(17, 16, 11)
(17, 17, 11)
(17, 18, 11)
(17, 19, 11)
(17, 20, 11)
(17, 21, 11)
(17, 22, 7)
(17, 23, 3)
(17, 24, 3)
(17, 25, 3)
(17, 26, 3)
(17, 27, 3)
(17, 28, 3)
(17, 29, 3)
(17, 30, 3)
(17, 31, 3)
(17, 32, 3)
(17, 33, 3)
(17, 34, 3)
(17, 35, 3)
(17, 36, 3)
(17, 37, 3)
(17, 38, 3)
(17, 39, 3)

(18, 0, 381)
(18, 1, 273)
(18, 2, 157)
(18, 3, 119)
(18, 4, 82)
(18, 5, 54)
(18, 6, 36)
(18, 7, 27)
(18, 8, 26)
(18, 9, 26)
(18, 10, 26)
(18, 11, 26)
(18, 12, 26)
(18, 13, 26)
(18, 14, 26)
(18, 15, 14)
(18, 16, 12)
(18, 17, 12)
(18, 18, 12)
(18, 19, 12)
(18, 20, 12)
(18, 21, 12)
(18, 22, 8)
(18, 23, 3)
(18, 24, 3)
(18, 25, 3)
(18, 26, 3)
(18, 27, 3)
(18, 28, 3)
(18, 29, 3)
(18, 30, 3)
(18, 31, 3)
(18, 32, 3)
(18, 33, 3)
(18, 34, 3)
(18, 35, 3)
(18, 36, 3)
(18, 37, 3)
(18, 38, 3)
(18, 39, 3)

(19, 0, 387)
(19, 1, 277)
(19, 2, 160)
(19, 3, 122)
(19, 4, 84)
(19, 5, 56)
(19, 6, 37)
(19, 7, 28)
(19, 8, 27)
(19, 9, 27)
(19, 10, 27)
(19, 11, 27)
(19, 12, 27)
(19, 13, 27)
(19, 14, 27)
(19, 15, 15)
(19, 16, 13)
(19, 17, 13)
(19, 18, 13)
(19, 19, 13)
(19, 20, 13)
(19, 21, 13)
(19, 22, 9)
(19, 23, 3)
(19, 24, 3)
(19, 25, 3)
(19, 26, 3)
(19, 27, 3)
(19, 28, 3)
(19, 29, 3)
(19, 30, 3)
(19, 31, 3)
(19, 32, 3)
(19, 33, 3)
(19, 34, 3)
(19, 35, 3)
(19, 36, 3)
(19, 37, 3)
(19, 38, 3)
(19, 39, 3)

(20, 0, 387)
(20, 1, 277)
(20, 2, 160)
(20, 3, 122)
(20, 4, 84)
(20, 5, 56)
(20, 6, 37)
(20, 7, 28)
(20, 8, 27)
(20, 9, 27)
(20, 10, 27)
(20, 11, 27)
(20, 12, 27)
(20, 13, 27)
(20, 14, 27)
(20, 15, 15)
(20, 16, 13)
(20, 17, 13)
(20, 18, 13)
(20, 19, 13)
(20, 20, 13)
(20, 21, 13)
(20, 22, 9)
(20, 23, 3)
(20, 24, 3)
(20, 25, 3)
(20, 26, 3)
(20, 27, 3)
(20, 28, 3)
(20, 29, 3)
(20, 30, 3)
(20, 31, 3)
(20, 32, 3)
(20, 33, 3)
(20, 34, 3)
(20, 35, 3)
(20, 36, 3)
(20, 37, 3)
(20, 38, 3)
(20, 39, 3)

(21, 0, 390)
(21, 1, 280)
(21, 2, 163)
(21, 3, 125)
(21, 4, 86)
(21, 5, 58)
(21, 6, 39)
(21, 7, 30)
(21, 8, 29)
(21, 9, 29)
(21, 10, 29)
(21, 11, 29)
(21, 12, 29)
(21, 13, 29)
(21, 14, 29)
(21, 15, 17)
(21, 16, 15)
(21, 17, 15)
(21, 18, 15)
(21, 19, 15)
(21, 20, 15)
(21, 21, 15)
(21, 22, 11)
(21, 23, 3)
(21, 24, 3)
(21, 25, 3)
(21, 26, 3)
(21, 27, 3)
(21, 28, 3)
(21, 29, 3)
(21, 30, 3)
(21, 31, 3)
(21, 32, 3)
(21, 33, 3)
(21, 34, 3)
(21, 35, 3)
(21, 36, 3)
(21, 37, 3)
(21, 38, 3)
(21, 39, 3)

(22, 0, 394)
(22, 1, 284)
(22, 2, 165)
(22, 3, 127)
(22, 4, 88)
(22, 5, 60)
(22, 6, 41)
(22, 7, 30)
(22, 8, 29)
(22, 9, 29)
(22, 10, 29)
(22, 11, 29)
(22, 12, 29)
(22, 13, 29)
(22, 14, 29)
(22, 15, 17)
(22, 16, 15)
(22, 17, 15)
(22, 18, 15)
(22, 19, 15)
(22, 20, 15)
(22, 21, 15)
(22, 22, 10)
(22, 23, 3)
(22, 24, 3)
(22, 25, 3)
(22, 26, 3)
(22, 27, 3)
(22, 28, 3)
(22, 29, 3)
(22, 30, 3)
(22, 31, 3)
(22, 32, 3)
(22, 33, 3)
(22, 34, 3)
(22, 35, 3)
(22, 36, 3)
(22, 37, 3)
(22, 38, 3)
(22, 39, 3)

(23, 0, 396)
(23, 1, 286)
(23, 2, 167)
(23, 3, 129)
(23, 4, 90)
(23, 5, 62)
(23, 6, 43)
(23, 7, 31)
(23, 8, 30)
(23, 9, 30)
(23, 10, 30)
(23, 11, 30)
(23, 12, 30)
(23, 13, 30)
(23, 14, 30)
(23, 15, 18)
(23, 16, 16)
(23, 17, 16)
(23, 18, 16)
(23, 19, 16)
(23, 20, 16)
(23, 21, 16)
(23, 22, 11)
(23, 23, 3)
(23, 24, 3)
(23, 25, 3)
(23, 26, 3)
(23, 27, 3)
(23, 28, 3)
(23, 29, 3)
(23, 30, 3)
(23, 31, 3)
(23, 32, 3)
(23, 33, 3)
(23, 34, 3)
(23, 35, 3)
(23, 36, 3)
(23, 37, 3)
(23, 38, 3)
(23, 39, 3)

(24, 0, 399)
(24, 1, 288)
(24, 2, 169)
(24, 3, 130)
(24, 4, 91)
(24, 5, 63)
(24, 6, 44)
(24, 7, 32)
(24, 8, 31)
(24, 9, 31)
(24, 10, 31)
(24, 11, 31)
(24, 12, 31)
(24, 13, 31)
(24, 14, 31)
(24, 15, 19)
(24, 16, 17)
(24, 17, 17)
(24, 18, 17)
(24, 19, 17)
(24, 20, 17)
(24, 21, 17)
(24, 22, 12)
(24, 23, 3)
(24, 24, 3)
(24, 25, 3)
(24, 26, 3)
(24, 27, 3)
(24, 28, 3)
(24, 29, 3)
(24, 30, 3)
(24, 31, 3)
(24, 32, 3)
(24, 33, 3)
(24, 34, 3)
(24, 35, 3)
(24, 36, 3)
(24, 37, 3)
(24, 38, 3)
(24, 39, 3)

(25, 0, 402)
(25, 1, 290)
(25, 2, 171)
(25, 3, 131)
(25, 4, 92)
(25, 5, 64)
(25, 6, 45)
(25, 7, 33)
(25, 8, 32)
(25, 9, 32)
(25, 10, 32)
(25, 11, 32)
(25, 12, 32)
(25, 13, 32)
(25, 14, 32)
(25, 15, 20)
(25, 16, 18)
(25, 17, 18)
(25, 18, 18)
(25, 19, 18)
(25, 20, 18)
(25, 21, 18)
(25, 22, 13)
(25, 23, 3)
(25, 24, 3)
(25, 25, 3)
(25, 26, 3)
(25, 27, 3)
(25, 28, 3)
(25, 29, 3)
(25, 30, 3)
(25, 31, 3)
(25, 32, 3)
(25, 33, 3)
(25, 34, 3)
(25, 35, 3)
(25, 36, 3)
(25, 37, 3)
(25, 38, 3)
(25, 39, 3)

(26, 0, 427)
(26, 1, 304)
(26, 2, 177)
(26, 3, 135)
(26, 4, 94)
(26, 5, 66)
(26, 6, 46)
(26, 7, 34)
(26, 8, 33)
(26, 9, 33)
(26, 10, 33)
(26, 11, 33)
(26, 12, 33)
(26, 13, 33)
(26, 14, 33)
(26, 15, 21)
(26, 16, 19)
(26, 17, 19)
(26, 18, 19)
(26, 19, 19)
(26, 20, 19)
(26, 21, 19)
(26, 22, 14)
(26, 23, 4)
(26, 24, 4)
(26, 25, 4)
(26, 26, 4)
(26, 27, 4)
(26, 28, 4)
(26, 29, 4)
(26, 30, 4)
(26, 31, 4)
(26, 32, 4)
(26, 33, 4)
(26, 34, 4)
(26, 35, 4)
(26, 36, 4)
(26, 37, 4)
(26, 38, 4)
(26, 39, 4)

(27, 0, 445)
(27, 1, 314)
(27, 2, 180)
(27, 3, 136)
(27, 4, 97)
(27, 5, 69)
(27, 6, 48)
(27, 7, 36)
(27, 8, 35)
(27, 9, 35)
(27, 10, 35)
(27, 11, 35)
(27, 12, 35)
(27, 13, 35)
(27, 14, 35)
(27, 15, 23)
(27, 16, 21)
(27, 17, 21)
(27, 18, 21)
(27, 19, 21)
(27, 20, 21)
(27, 21, 21)
(27, 22, 16)
(27, 23, 4)
(27, 24, 4)
(27, 25, 4)
(27, 26, 4)
(27, 27, 4)
(27, 28, 4)
(27, 29, 4)
(27, 30, 4)
(27, 31, 4)
(27, 32, 4)
(27, 33, 4)
(27, 34, 4)
(27, 35, 4)
(27, 36, 4)
(27, 37, 4)
(27, 38, 4)
(27, 39, 4)

(28, 0, 449)
(28, 1, 318)
(28, 2, 184)
(28, 3, 138)
(28, 4, 98)
(28, 5, 70)
(28, 6, 49)
(28, 7, 37)
(28, 8, 36)
(28, 9, 36)
(28, 10, 36)
(28, 11, 36)
(28, 12, 36)
(28, 13, 36)
(28, 14, 36)
(28, 15, 24)
(28, 16, 22)
(28, 17, 22)
(28, 18, 22)
(28, 19, 22)
(28, 20, 22)
(28, 21, 22)
(28, 22, 16)
(28, 23, 4)
(28, 24, 4)
(28, 25, 4)
(28, 26, 4)
(28, 27, 4)
(28, 28, 4)
(28, 29, 4)
(28, 30, 4)
(28, 31, 4)
(28, 32, 4)
(28, 33, 4)
(28, 34, 4)
(28, 35, 4)
(28, 36, 4)
(28, 37, 4)
(28, 38, 4)
(28, 39, 4)

(29, 0, 472)
(29, 1, 334)
(29, 2, 191)
(29, 3, 140)
(29, 4, 100)
(29, 5, 72)
(29, 6, 51)
(29, 7, 39)
(29, 8, 38)
(29, 9, 38)
(29, 10, 38)
(29, 11, 38)
(29, 12, 38)
(29, 13, 38)
(29, 14, 38)
(29, 15, 26)
(29, 16, 24)
(29, 17, 24)
(29, 18, 24)
(29, 19, 24)
(29, 20, 24)
(29, 21, 24)
(29, 22, 18)
(29, 23, 6)
(29, 24, 5)
(29, 25, 5)
(29, 26, 5)
(29, 27, 5)
(29, 28, 5)
(29, 29, 5)
(29, 30, 5)
(29, 31, 5)
(29, 32, 5)
(29, 33, 5)
(29, 34, 5)
(29, 35, 5)
(29, 36, 5)
(29, 37, 5)
(29, 38, 5)
(29, 39, 5)

(30, 0, 494)
(30, 1, 347)
(30, 2, 198)
(30, 3, 145)
(30, 4, 104)
(30, 5, 76)
(30, 6, 53)
(30, 7, 41)
(30, 8, 40)
(30, 9, 40)
(30, 10, 40)
(30, 11, 40)
(30, 12, 40)
(30, 13, 40)
(30, 14, 40)
(30, 15, 28)
(30, 16, 25)
(30, 17, 25)
(30, 18, 25)
(30, 19, 25)
(30, 20, 25)
(30, 21, 25)
(30, 22, 19)
(30, 23, 6)
(30, 24, 5)
(30, 25, 5)
(30, 26, 5)
(30, 27, 5)
(30, 28, 5)
(30, 29, 5)
(30, 30, 5)
(30, 31, 5)
(30, 32, 5)
(30, 33, 5)
(30, 34, 5)
(30, 35, 5)
(30, 36, 5)
(30, 37, 5)
(30, 38, 5)
(30, 39, 5)

(31, 0, 504)
(31, 1, 354)
(31, 2, 205)
(31, 3, 151)
(31, 4, 109)
(31, 5, 81)
(31, 6, 58)
(31, 7, 44)
(31, 8, 43)
(31, 9, 43)
(31, 10, 43)
(31, 11, 43)
(31, 12, 43)
(31, 13, 43)
(31, 14, 43)
(31, 15, 29)
(31, 16, 26)
(31, 17, 26)
(31, 18, 26)
(31, 19, 26)
(31, 20, 26)
(31, 21, 26)
(31, 22, 20)
(31, 23, 7)
(31, 24, 6)
(31, 25, 6)
(31, 26, 6)
(31, 27, 6)
(31, 28, 6)
(31, 29, 6)
(31, 30, 6)
(31, 31, 6)
(31, 32, 6)
(31, 33, 6)
(31, 34, 6)
(31, 35, 6)
(31, 36, 6)
(31, 37, 6)
(31, 38, 6)
(31, 39, 6)

(32, 0, 519)
(32, 1, 366)
(32, 2, 216)
(32, 3, 160)
(32, 4, 117)
(32, 5, 87)
(32, 6, 63)
(32, 7, 49)
(32, 8, 46)
(32, 9, 44)
(32, 10, 44)
(32, 11, 44)
(32, 12, 44)
(32, 13, 44)
(32, 14, 44)
(32, 15, 28)
(32, 16, 26)
(32, 17, 26)
(32, 18, 26)
(32, 19, 26)
(32, 20, 26)
(32, 21, 26)
(32, 22, 20)
(32, 23, 7)
(32, 24, 6)
(32, 25, 6)
(32, 26, 6)
(32, 27, 6)
(32, 28, 6)
(32, 29, 6)
(32, 30, 6)
(32, 31, 6)
(32, 32, 6)
(32, 33, 5)
(32, 34, 5)
(32, 35, 5)
(32, 36, 5)
(32, 37, 5)
(32, 38, 5)
(32, 39, 5)

(33, 0, 583)
(33, 1, 417)
(33, 2, 247)
(33, 3, 181)
(33, 4, 127)
(33, 5, 93)
(33, 6, 66)
(33, 7, 50)
(33, 8, 47)
(33, 9, 47)
(33, 10, 47)
(33, 11, 47)
(33, 12, 47)
(33, 13, 47)
(33, 14, 47)
(33, 15, 29)
(33, 16, 26)
(33, 17, 26)
(33, 18, 26)
(33, 19, 26)
(33, 20, 26)
(33, 21, 26)
(33, 22, 20)
(33, 23, 6)
(33, 24, 5)
(33, 25, 5)
(33, 26, 5)
(33, 27, 5)
(33, 28, 5)
(33, 29, 5)
(33, 30, 5)
(33, 31, 5)
(33, 32, 5)
(33, 33, 5)
(33, 34, 5)
(33, 35, 5)
(33, 36, 5)
(33, 37, 5)
(33, 38, 5)
(33, 39, 5)

(34, 0, 621)
(34, 1, 449)
(34, 2, 264)
(34, 3, 193)
(34, 4, 129)
(34, 5, 94)
(34, 6, 67)
(34, 7, 51)
(34, 8, 49)
(34, 9, 48)
(34, 10, 48)
(34, 11, 48)
(34, 12, 48)
(34, 13, 48)
(34, 14, 48)
(34, 15, 29)
(34, 16, 26)
(34, 17, 26)
(34, 18, 26)
(34, 19, 26)
(34, 20, 26)
(34, 21, 26)
(34, 22, 20)
(34, 23, 6)
(34, 24, 5)
(34, 25, 5)
(34, 26, 5)
(34, 27, 5)
(34, 28, 5)
(34, 29, 5)
(34, 30, 5)
(34, 31, 5)
(34, 32, 5)
(34, 33, 5)
(34, 34, 5)
(34, 35, 5)
(34, 36, 5)
(34, 37, 5)
(34, 38, 5)
(34, 39, 5)

(35, 0, 641)
(35, 1, 466)
(35, 2, 275)
(35, 3, 202)
(35, 4, 132)
(35, 5, 96)
(35, 6, 67)
(35, 7, 52)
(35, 8, 50)
(35, 9, 49)
(35, 10, 49)
(35, 11, 49)
(35, 12, 49)
(35, 13, 49)
(35, 14, 49)
(35, 15, 29)
(35, 16, 26)
(35, 17, 26)
(35, 18, 26)
(35, 19, 26)
(35, 20, 26)
(35, 21, 26)
(35, 22, 20)
(35, 23, 6)
(35, 24, 5)
(35, 25, 5)
(35, 26, 5)
(35, 27, 5)
(35, 28, 5)
(35, 29, 5)
(35, 30, 5)
(35, 31, 5)
(35, 32, 5)
(35, 33, 5)
(35, 34, 5)
(35, 35, 5)
(35, 36, 5)
(35, 37, 5)
(35, 38, 5)
(35, 39, 5)

(36, 0, 653)
(36, 1, 476)
(36, 2, 282)
(36, 3, 208)
(36, 4, 138)
(36, 5, 103)
(36, 6, 72)
(36, 7, 56)
(36, 8, 54)
(36, 9, 53)
(36, 10, 53)
(36, 11, 53)
(36, 12, 53)
(36, 13, 53)
(36, 14, 53)
(36, 15, 32)
(36, 16, 28)
(36, 17, 28)
(36, 18, 28)
(36, 19, 28)
(36, 20, 28)
(36, 21, 28)
(36, 22, 22)
(36, 23, 7)
(36, 24, 6)
(36, 25, 6)
(36, 26, 6)
(36, 27, 6)
(36, 28, 6)
(36, 29, 6)
(36, 30, 6)
(36, 31, 6)
(36, 32, 6)
(36, 33, 6)
(36, 34, 6)
(36, 35, 6)
(36, 36, 6)
(36, 37, 6)
(36, 38, 6)
(36, 39, 6)

(37, 0, 681)
(37, 1, 497)
(37, 2, 301)
(37, 3, 221)
(37, 4, 144)
(37, 5, 105)
(37, 6, 74)
(37, 7, 58)
(37, 8, 56)
(37, 9, 55)
(37, 10, 55)
(37, 11, 55)
(37, 12, 55)
(37, 13, 55)
(37, 14, 55)
(37, 15, 33)
(37, 16, 28)
(37, 17, 28)
(37, 18, 28)
(37, 19, 28)
(37, 20, 28)
(37, 21, 28)
(37, 22, 22)
(37, 23, 7)
(37, 24, 6)
(37, 25, 6)
(37, 26, 6)
(37, 27, 6)
(37, 28, 6)
(37, 29, 6)
(37, 30, 6)
(37, 31, 6)
(37, 32, 6)
(37, 33, 6)
(37, 34, 6)
(37, 35, 6)
(37, 36, 6)
(37, 37, 6)
(37, 38, 6)
(37, 39, 6)

(38, 0, 718)
(38, 1, 532)
(38, 2, 327)
(38, 3, 240)
(38, 4, 160)
(38, 5, 117)
(38, 6, 82)
(38, 7, 61)
(38, 8, 58)
(38, 9, 57)
(38, 10, 56)
(38, 11, 56)
(38, 12, 56)
(38, 13, 56)
(38, 14, 56)
(38, 15, 34)
(38, 16, 29)
(38, 17, 29)
(38, 18, 28)
(38, 19, 28)
(38, 20, 28)
(38, 21, 28)
(38, 22, 21)
(38, 23, 6)
(38, 24, 5)
(38, 25, 5)
(38, 26, 5)
(38, 27, 5)
(38, 28, 5)
(38, 29, 5)
(38, 30, 5)
(38, 31, 5)
(38, 32, 5)
(38, 33, 5)
(38, 34, 5)
(38, 35, 5)
(38, 36, 5)
(38, 37, 5)
(38, 38, 5)
(38, 39, 5)

(39, 0, 794)
(39, 1, 588)
(39, 2, 346)
(39, 3, 247)
(39, 4, 159)
(39, 5, 113)
(39, 6, 78)
(39, 7, 60)
(39, 8, 57)
(39, 9, 56)
(39, 10, 56)
(39, 11, 56)
(39, 12, 56)
(39, 13, 56)
(39, 14, 56)
(39, 15, 34)
(39, 16, 29)
(39, 17, 29)
(39, 18, 28)
(39, 19, 28)
(39, 20, 28)
(39, 21, 28)
(39, 22, 21)
(39, 23, 6)
(39, 24, 5)
(39, 25, 5)
(39, 26, 5)
(39, 27, 5)
(39, 28, 5)
(39, 29, 5)
(39, 30, 5)
(39, 31, 5)
(39, 32, 5)
(39, 33, 5)
(39, 34, 5)
(39, 35, 5)
(39, 36, 5)
(39, 37, 5)
(39, 38, 5)
(39, 39, 5)


Betti numbers:
xi_0:
(0, 0, 9)
(1, 0, 9)
(2, 0, 9)
(3, 0, 25)
(4, 0, 51)
(5, 0, 70)
(6, 0, 82)
(7, 0, 47)
(8, 0, 45)
(9, 0, 13)
(10, 0, 4)
(11, 0, 2)
(12, 0, 3)
(13, 0, 1)
(14, 0, 4)
(15, 0, 1)
(16, 0, 2)
(17, 0, 3)
(18, 0, 1)
(19, 0, 6)
(21, 0, 3)
(22, 0, 4)
(23, 0, 2)
(24, 0, 3)
(25, 0, 3)
(26, 0, 25)
(27, 0, 18)
(28, 0, 4)
(29, 0, 23)
(30, 0, 22)
(31, 0, 10)
(32, 0, 15)
(33, 0, 64)
(34, 0, 38)
(35, 0, 20)
(36, 0, 12)
(37, 0, 28)
(38, 0, 37)
(39, 0, 76)
xi_1:
(0, 1, 2)
(0, 4, 1)
(0, 5, 1)
(0, 15, 2)
(0, 16, 2)
(1, 1, 2)
(1, 2, 1)
(1, 4, 1)
(1, 5, 1)
(1, 6, 2)
(1, 15, 3)
(2, 1, 1)
(2, 2, 1)
(2, 3, 1)
(2, 4, 3)
(2, 15, 1)
(2, 16, 1)
(3, 1, 12)
(3, 2, 3)
(3, 3, 6)
(3, 5, 3)
(3, 15, 2)
(4, 1, 15)
(4, 2, 20)
(4, 3, 10)
(4, 5, 2)
(4, 6, 1)
(4, 7, 1)
(4, 14, 1)
(4, 16, 2)
(5, 1, 18)
(5, 2, 30)
(5, 3, 6)
(5, 4, 8)
(5, 5, 6)
(5, 6, 3)
(5, 8, 1)
(5, 15, 2)
(6, 1, 24)
(6, 2, 26)
(6, 3, 7)
(6, 4, 8)
(6, 5, 8)
(6, 6, 3)
(6, 7, 4)
(6, 9, 1)
(6, 15, 1)
(6, 16, 1)
(6, 23, 1)
(7, 1, 13)
(7, 2, 13)
(7, 3, 6)
(7, 4, 10)
(7, 5, 3)
(7, 6, 3)
(7, 7, 2)
(7, 15, 1)
(8, 1, 11)
(8, 2, 15)
(8, 3, 2)
(8, 4, 8)
(8, 5, 2)
(8, 6, 6)
(8, 7, 3)
(9, 1, 6)
(9, 2, 6)
(9, 5, 1)
(9, 7, 1)
(9, 22, 1)
(9, 24, 1)
(10, 1, 1)
(10, 3, 1)
(10, 5, 1)
(10, 6, 1)
(10, 23, 1)
(11, 3, 1)
(11, 23, 1)
(12, 1, 1)
(12, 3, 1)
(12, 6, 1)
(12, 22, 1)
(13, 22, 1)
(14, 1, 2)
(14, 7, 1)
(14, 22, 1)
(15, 24, 1)
(16, 5, 2)
(16, 23, 1)
(17, 2, 1)
(17, 4, 1)
(17, 23, 1)
(18, 23, 1)
(19, 1, 2)
(19, 2, 1)
(19, 4, 1)
(19, 6, 1)
(19, 23, 1)
(21, 4, 1)
(21, 23, 2)
(22, 2, 2)
(22, 7, 2)
(22, 22, 1)
(23, 7, 1)
(23, 23, 1)
(24, 1, 1)
(24, 3, 1)
(24, 23, 1)
(25, 1, 1)
(25, 3, 1)
(25, 23, 1)
(26, 1, 11)
(26, 2, 8)
(26, 3, 2)
(26, 4, 2)
(26, 6, 1)
(27, 1, 8)
(27, 2, 7)
(27, 3, 3)
(27, 6, 1)
(27, 23, 2)
(28, 3, 2)
(28, 4, 1)
(28, 22, 1)
(28, 23, 1)
(29, 1, 7)
(29, 2, 9)
(29, 3, 5)
(29, 24, 1)
(30, 1, 9)
(30, 2, 6)
(30, 3, 2)
(30, 4, 1)
(30, 6, 2)
(30, 16, 1)
(30, 23, 1)
(31, 1, 3)
(31, 3, 1)
(31, 4, 1)
(31, 7, 2)
(31, 15, 2)
(31, 16, 1)
(32, 1, 3)
(32, 2, 1)
(32, 3, 2)
(32, 4, 1)
(32, 5, 2)
(32, 6, 1)
(32, 8, 2)
(32, 9, 2)
(32, 15, 2)
(32, 33, 1)
(33, 1, 13)
(33, 2, 20)
(33, 3, 10)
(33, 4, 11)
(33, 5, 5)
(33, 6, 4)
(33, 7, 2)
(33, 8, 1)
(33, 15, 2)
(33, 16, 1)
(33, 23, 1)
(34, 1, 6)
(34, 2, 15)
(34, 3, 5)
(34, 4, 10)
(34, 5, 1)
(34, 6, 2)
(34, 7, 1)
(34, 9, 1)
(34, 15, 1)
(34, 16, 1)
(35, 1, 3)
(35, 2, 6)
(35, 3, 2)
(35, 4, 6)
(35, 5, 1)
(35, 6, 2)
(35, 15, 1)
(36, 1, 2)
(36, 2, 3)
(36, 3, 1)
(36, 6, 2)
(36, 7, 1)
(36, 15, 1)
(36, 16, 1)
(36, 23, 1)
(37, 1, 7)
(37, 2, 2)
(37, 3, 6)
(37, 4, 7)
(37, 5, 4)
(37, 15, 1)
(37, 16, 1)
(38, 1, 2)
(38, 2, 9)
(38, 3, 7)
(38, 4, 3)
(38, 5, 4)
(38, 6, 4)
(38, 7, 5)
(38, 8, 1)
(38, 10, 1)
(38, 18, 1)
(38, 22, 1)
(39, 1, 20)
(39, 2, 37)
(39, 3, 12)
(39, 4, 9)
(39, 5, 3)
(39, 6, 2)
xi_2:
(1, 16, 1)
(3, 16, 1)
(4, 3, 1)
(4, 4, 1)
(5, 3, 1)
(5, 7, 1)
(5, 14, 1)
(5, 16, 1)
(6, 3, 1)
(6, 6, 1)
(7, 5, 1)
(7, 6, 1)
(7, 9, 1)
(7, 16, 1)
(8, 7, 2)
(9, 4, 2)
(9, 5, 1)
(10, 24, 1)
(12, 23, 1)
(16, 24, 1)
(22, 23, 1)
(27, 3, 1)
(27, 4, 2)
(28, 23, 1)
(31, 16, 1)
(32, 16, 1)
(33, 5, 1)
(33, 6, 1)
(33, 8, 1)
(33, 9, 2)
(33, 33, 1)
(34, 6, 2)
(34, 7, 1)
(34, 8, 1)
(34, 16, 1)
(35, 7, 1)
(36, 5, 1)
(39, 4, 1)
(39, 6, 2)
(39, 7, 3)
(39, 10, 1)
