x-grades
-22659439836610437/16000000000000000
-55919446146149261/40000000000000000
-110380585401544859/80000000000000000
-27230569627697799/20000000000000000
-107463971620037533/80000000000000000
-10600566472928387/8000000000000000
-104547357838530207/80000000000000000
-3221532842118017/2500000000000000
-101630744057022881/80000000000000000
-50086218583134609/40000000000000000
-19742826055103111/16000000000000000
-24313955846190473/20000000000000000
-95797516494008229/80000000000000000
-47169604801627283/40000000000000000
-92880902712500903/80000000000000000
-2285564895543681/2000000000000000
-89964288930993577/80000000000000000
-44252991020119957/40000000000000000
-87047675149486251/80000000000000000
-21397342064683147/20000000000000000
-3365242454719157/3200000000000000
-41336377238612631/40000000000000000
-81214447586471599/80000000000000000
-4984758793482371/5000000000000000
-78297833804964273/80000000000000000
-7683952691421061/8000000000000000
-75381220023456947/80000000000000000
-18480728283175821/20000000000000000
-72464606241949621/80000000000000000
-35503149675597979/40000000000000000
-13909598492088459/16000000000000000
-8511210696211079/10000000000000000
-66631378678934969/80000000000000000
-32586535894090653/40000000000000000
-63714764897427643/80000000000000000
-3112822900333699/4000000000000000
-60798151115920317/80000000000000000
-29669922112583327/40000000000000000
-57881537334412991/80000000000000000
-881612975682177/1250000000000000

y-grades
9999909/40000000
9999909/20000000
29999727/40000000
9999909/10000000
9999909/8000000
29999727/20000000
69999363/40000000
9999909/5000000
89999181/40000000
9999909/4000000
109998999/40000000
29999727/10000000
129998817/40000000
69999363/20000000
29999727/8000000
9999909/2500000
169998453/40000000
89999181/20000000
189998271/40000000
9999909/2000000
209998089/40000000
109998999/20000000
229997907/40000000
29999727/5000000
9999909/1600000
129998817/20000000
269997543/40000000
69999363/10000000
289997361/40000000
29999727/4000000
309997179/40000000
9999909/1250000
329996997/40000000
169998453/20000000
69999363/8000000
89999181/10000000
369996633/40000000
189998271/20000000
389996451/40000000
9999909/1000000

Dimensions > 0:
(0, 0, 3)
(0, 1, 3)
(0, 2, 2)
(0, 3, 2)
(0, 4, 2)
(0, 5, 1)
(0, 6, 1)
(0, 7, 1)
(0, 8, 1)
(0, 9, 1)
(0, 10, 1)
(0, 11, 1)
(0, 12, 1)
(0, 13, 1)
(0, 14, 1)
(0, 15, 1)
(0, 16, 1)
(0, 17, 1)
(0, 18, 1)
(0, 19, 1)
(0, 20, 1)
(0, 21, 1)
(0, 22, 1)
(0, 23, 1)
(0, 24, 1)
(0, 25, 1)
(0, 26, 1)
(0, 27, 1)
(0, 28, 1)
(0, 29, 1)
(0, 30, 1)
(0, 31, 1)
(0, 32, 1)
(0, 33, 1)
(0, 34, 1)
(0, 35, 1)
(0, 36, 1)
(0, 37, 1)
(0, 38, 1)
(0, 39, 1)

(1, 0, 13)
(1, 1, 11)
(1, 2, 8)
(1, 3, 4)
(1, 4, 2)
(1, 5, 1)
(1, 6, 1)
(1, 7, 1)
(1, 8, 1)
(1, 9, 1)
(1, 10, 1)
(1, 11, 1)
(1, 12, 1)
(1, 13, 1)
(1, 14, 1)
(1, 15, 1)
(1, 16, 1)
(1, 17, 1)
(1, 18, 1)
(1, 19, 1)
(1, 20, 1)
(1, 21, 1)
(1, 22, 1)
(1, 23, 1)
(1, 24, 1)
(1, 25, 1)
(1, 26, 1)
(1, 27, 1)
(1, 28, 1)
(1, 29, 1)
(1, 30, 1)
(1, 31, 1)
(1, 32, 1)
(1, 33, 1)
(1, 34, 1)
(1, 35, 1)
(1, 36, 1)
(1, 37, 1)
(1, 38, 1)
(1, 39, 1)

(2, 0, 18)
(2, 1, 15)
(2, 2, 11)
(2, 3, 6)
(2, 4, 4)
(2, 5, 1)
(2, 6, 1)
(2, 7, 1)
(2, 8, 1)
(2, 9, 1)
(2, 10, 1)
(2, 11, 1)
(2, 12, 1)
(2, 13, 1)
(2, 14, 1)
(2, 15, 1)
(2, 16, 1)
(2, 17, 1)
(2, 18, 1)
(2, 19, 1)
(2, 20, 1)
(2, 21, 1)
(2, 22, 1)
(2, 23, 1)
(2, 24, 1)
(2, 25, 1)
(2, 26, 1)
(2, 27, 1)
(2, 28, 1)
(2, 29, 1)
(2, 30, 1)
(2, 31, 1)
(2, 32, 1)
(2, 33, 1)
(2, 34, 1)
(2, 35, 1)
(2, 36, 1)
(2, 37, 1)
(2, 38, 1)
(2, 39, 1)

(3, 0, 23)
(3, 1, 20)
(3, 2, 15)
(3, 3, 10)
(3, 4, 7)
(3, 5, 2)
(3, 6, 2)
(3, 7, 1)
(3, 8, 1)
(3, 9, 1)
(3, 10, 1)
(3, 11, 1)
(3, 12, 1)
(3, 13, 1)
(3, 14, 1)
(3, 15, 1)
(3, 16, 1)
(3, 17, 1)
(3, 18, 1)
(3, 19, 1)
(3, 20, 1)
(3, 21, 1)
(3, 22, 1)
(3, 23, 1)
(3, 24, 1)
(3, 25, 1)
(3, 26, 1)
(3, 27, 1)
(3, 28, 1)
(3, 29, 1)
(3, 30, 1)
(3, 31, 1)
(3, 32, 1)
(3, 33, 1)
(3, 34, 1)
(3, 35, 1)
(3, 36, 1)
(3, 37, 1)
(3, 38, 1)
(3, 39, 1)

(4, 0, 33)
(4, 1, 29)
(4, 2, 22)
(4, 3, 15)
(4, 4, 11)
(4, 5, 4)
(4, 6, 4)
(4, 7, 4)
(4, 8, 4)
(4, 9, 3)
(4, 10, 2)
(4, 11, 2)
(4, 12, 2)
(4, 13, 2)
(4, 14, 2)
(4, 15, 1)
(4, 16, 1)
(4, 17, 1)
(4, 18, 1)
(4, 19, 1)
(4, 20, 1)
(4, 21, 1)
(4, 22, 1)
(4, 23, 1)
(4, 24, 1)
(4, 25, 1)
(4, 26, 1)
(4, 27, 1)
(4, 28, 1)
(4, 29, 1)
(4, 30, 1)
(4, 31, 1)
(4, 32, 1)
(4, 33, 1)
(4, 34, 1)
(4, 35, 1)
(4, 36, 1)
(4, 37, 1)
(4, 38, 1)
(4, 39, 1)

(5, 0, 39)
(5, 1, 33)
(5, 2, 26)
(5, 3, 17)
(5, 4, 12)
(5, 5, 5)
(5, 6, 5)
(5, 7, 4)
(5, 8, 4)
(5, 9, 3)
(5, 10, 2)
(5, 11, 2)
(5, 12, 2)
(5, 13, 2)
(5, 14, 2)
(5, 15, 1)
(5, 16, 1)
(5, 17, 1)
(5, 18, 1)
(5, 19, 1)
(5, 20, 1)
(5, 21, 1)
(5, 22, 1)
(5, 23, 1)
(5, 24, 1)
(5, 25, 1)
(5, 26, 1)
(5, 27, 1)
(5, 28, 1)
(5, 29, 1)
(5, 30, 1)
(5, 31, 1)
(5, 32, 1)
(5, 33, 1)
(5, 34, 1)
(5, 35, 1)
(5, 36, 1)
(5, 37, 1)
(5, 38, 1)
(5, 39, 1)

(6, 0, 48)
(6, 1, 41)
(6, 2, 33)
(6, 3, 21)
(6, 4, 15)
(6, 5, 7)
(6, 6, 7)
(6, 7, 6)
(6, 8, 5)
(6, 9, 4)
(6, 10, 2)
(6, 11, 2)
(6, 12, 2)
(6, 13, 2)
(6, 14, 2)
(6, 15, 1)
(6, 16, 1)
(6, 17, 1)
(6, 18, 1)
(6, 19, 1)
(6, 20, 1)
(6, 21, 1)
(6, 22, 1)
(6, 23, 1)
(6, 24, 1)
(6, 25, 1)
(6, 26, 1)
(6, 27, 1)
(6, 28, 1)
(6, 29, 1)
(6, 30, 1)
(6, 31, 1)
(6, 32, 1)
(6, 33, 1)
(6, 34, 1)
(6, 35, 1)
(6, 36, 1)
(6, 37, 1)
(6, 38, 1)
(6, 39, 1)

(7, 0, 56)
(7, 1, 49)
(7, 2, 39)
(7, 3, 26)
(7, 4, 18)
(7, 5, 9)
(7, 6, 9)
(7, 7, 8)
(7, 8, 7)
(7, 9, 5)
(7, 10, 2)
(7, 11, 2)
(7, 12, 2)
(7, 13, 2)
(7, 14, 2)
(7, 15, 1)
(7, 16, 1)
(7, 17, 1)
(7, 18, 1)
(7, 19, 1)
(7, 20, 1)
(7, 21, 1)
(7, 22, 1)
(7, 23, 1)
(7, 24, 1)
(7, 25, 1)
(7, 26, 1)
(7, 27, 1)
(7, 28, 1)
(7, 29, 1)
(7, 30, 1)
(7, 31, 1)
(7, 32, 1)
(7, 33, 1)
(7, 34, 1)
(7, 35, 1)
(7, 36, 1)
(7, 37, 1)
(7, 38, 1)
(7, 39, 1)

(8, 0, 59)
(8, 1, 52)
(8, 2, 42)
(8, 3, 29)
(8, 4, 21)
(8, 5, 12)
(8, 6, 11)
(8, 7, 9)
(8, 8, 6)
(8, 9, 4)
(8, 10, 2)
(8, 11, 2)
(8, 12, 2)
(8, 13, 2)
(8, 14, 2)
(8, 15, 1)
(8, 16, 1)
(8, 17, 1)
(8, 18, 1)
(8, 19, 1)
(8, 20, 1)
(8, 21, 1)
(8, 22, 1)
(8, 23, 1)
(8, 24, 1)
(8, 25, 1)
(8, 26, 1)
(8, 27, 1)
(8, 28, 1)
(8, 29, 1)
(8, 30, 1)
(8, 31, 1)
(8, 32, 1)
(8, 33, 1)
(8, 34, 1)
(8, 35, 1)
(8, 36, 1)
(8, 37, 1)
(8, 38, 1)
(8, 39, 1)

(9, 0, 66)
(9, 1, 59)
(9, 2, 48)
(9, 3, 35)
(9, 4, 25)
(9, 5, 14)
(9, 6, 12)
(9, 7, 8)
(9, 8, 6)
(9, 9, 4)
(9, 10, 2)
(9, 11, 2)
(9, 12, 2)
(9, 13, 2)
(9, 14, 2)
(9, 15, 1)
(9, 16, 1)
(9, 17, 1)
(9, 18, 1)
(9, 19, 1)
(9, 20, 1)
(9, 21, 1)
(9, 22, 1)
(9, 23, 1)
(9, 24, 1)
(9, 25, 1)
(9, 26, 1)
(9, 27, 1)
(9, 28, 1)
(9, 29, 1)
(9, 30, 1)
(9, 31, 1)
(9, 32, 1)
(9, 33, 1)
(9, 34, 1)
(9, 35, 1)
(9, 36, 1)
(9, 37, 1)
(9, 38, 1)
(9, 39, 1)

(10, 0, 74)
(10, 1, 66)
(10, 2, 55)
(10, 3, 40)
(10, 4, 29)
(10, 5, 19)
(10, 6, 15)
(10, 7, 11)
(10, 8, 7)
(10, 9, 5)
(10, 10, 3)
(10, 11, 3)
(10, 12, 3)
(10, 13, 3)
(10, 14, 3)
(10, 15, 2)
(10, 16, 2)
(10, 17, 2)
(10, 18, 2)
(10, 19, 2)
(10, 20, 2)
(10, 21, 2)
(10, 22, 2)
(10, 23, 2)
(10, 24, 2)
(10, 25, 2)
(10, 26, 2)
(10, 27, 2)
(10, 28, 1)
(10, 29, 1)
(10, 30, 1)
(10, 31, 1)
(10, 32, 1)
(10, 33, 1)
(10, 34, 1)
(10, 35, 1)
(10, 36, 1)
(10, 37, 1)
(10, 38, 1)
(10, 39, 1)

(11, 0, 82)
(11, 1, 74)
(11, 2, 63)
(11, 3, 47)
(11, 4, 35)
(11, 5, 23)
(11, 6, 19)
(11, 7, 15)
(11, 8, 10)
(11, 9, 8)
(11, 10, 6)
(11, 11, 5)
(11, 12, 5)
(11, 13, 3)
(11, 14, 3)
(11, 15, 2)
(11, 16, 1)
(11, 17, 1)
(11, 18, 1)
(11, 19, 1)
(11, 20, 1)
(11, 21, 1)
(11, 22, 1)
(11, 23, 1)
(11, 24, 1)
(11, 25, 1)
(11, 26, 1)
(11, 27, 1)
(11, 28, 1)
(11, 29, 1)
(11, 30, 1)
(11, 31, 1)
(11, 32, 1)
(11, 33, 1)
(11, 34, 1)
(11, 35, 1)
(11, 36, 1)
(11, 37, 1)
(11, 38, 1)
(11, 39, 1)

(12, 0, 97)
(12, 1, 87)
(12, 2, 76)
(12, 3, 60)
(12, 4, 46)
(12, 5, 31)
(12, 6, 27)
(12, 7, 20)
(12, 8, 9)
(12, 9, 6)
(12, 10, 4)
(12, 11, 3)
(12, 12, 3)
(12, 13, 2)
(12, 14, 2)
(12, 15, 1)
(12, 16, 1)
(12, 17, 1)
(12, 18, 1)
(12, 19, 1)
(12, 20, 1)
(12, 21, 1)
(12, 22, 1)
(12, 23, 1)
(12, 24, 1)
(12, 25, 1)
(12, 26, 1)
(12, 27, 1)
(12, 28, 1)
(12, 29, 1)
(12, 30, 1)
(12, 31, 1)
(12, 32, 1)
(12, 33, 1)
(12, 34, 1)
(12, 35, 1)
(12, 36, 1)
(12, 37, 1)
(12, 38, 1)
(12, 39, 1)

(13, 0, 104)
(13, 1, 93)
(13, 2, 82)
(13, 3, 64)
(13, 4, 48)
(13, 5, 34)
(13, 6, 26)
(13, 7, 20)
(13, 8, 9)
(13, 9, 6)
(13, 10, 4)
(13, 11, 3)
(13, 12, 3)
(13, 13, 2)
(13, 14, 2)
(13, 15, 1)
(13, 16, 1)
(13, 17, 1)
(13, 18, 1)
(13, 19, 1)
(13, 20, 1)
(13, 21, 1)
(13, 22, 1)
(13, 23, 1)
(13, 24, 1)
(13, 25, 1)
(13, 26, 1)
(13, 27, 1)
(13, 28, 1)
(13, 29, 1)
(13, 30, 1)
(13, 31, 1)
(13, 32, 1)
(13, 33, 1)
(13, 34, 1)
(13, 35, 1)
(13, 36, 1)
(13, 37, 1)
(13, 38, 1)
(13, 39, 1)

(14, 0, 110)
(14, 1, 99)
(14, 2, 88)
(14, 3, 70)
(14, 4, 54)
(14, 5, 39)
(14, 6, 29)
(14, 7, 23)
(14, 8, 12)
(14, 9, 8)
(14, 10, 6)
(14, 11, 5)
(14, 12, 5)
(14, 13, 4)
(14, 14, 4)
(14, 15, 1)
(14, 16, 1)
(14, 17, 1)
(14, 18, 1)
(14, 19, 1)
(14, 20, 1)
(14, 21, 1)
(14, 22, 1)
(14, 23, 1)
(14, 24, 1)
(14, 25, 1)
(14, 26, 1)
(14, 27, 1)
(14, 28, 1)
(14, 29, 1)
(14, 30, 1)
(14, 31, 1)
(14, 32, 1)
(14, 33, 1)
(14, 34, 1)
(14, 35, 1)
(14, 36, 1)
(14, 37, 1)
(14, 38, 1)
(14, 39, 1)

(15, 0, 117)
(15, 1, 106)
(15, 2, 95)
(15, 3, 77)
(15, 4, 61)
(15, 5, 45)
(15, 6, 34)
(15, 7, 26)
(15, 8, 13)
(15, 9, 10)
(15, 10, 7)
(15, 11, 6)
(15, 12, 6)
(15, 13, 5)
(15, 14, 5)
(15, 15, 2)
(15, 16, 2)
(15, 17, 2)
(15, 18, 2)
(15, 19, 1)
(15, 20, 1)
(15, 21, 1)
(15, 22, 1)
(15, 23, 1)
(15, 24, 1)
(15, 25, 1)
(15, 26, 1)
(15, 27, 1)
(15, 28, 1)
(15, 29, 1)
(15, 30, 1)
(15, 31, 1)
(15, 32, 1)
(15, 33, 1)
(15, 34, 1)
(15, 35, 1)
(15, 36, 1)
(15, 37, 1)
(15, 38, 1)
(15, 39, 1)

(16, 0, 120)
(16, 1, 109)
(16, 2, 98)
(16, 3, 80)
(16, 4, 64)
(16, 5, 48)
(16, 6, 37)
(16, 7, 28)
(16, 8, 15)
(16, 9, 12)
(16, 10, 9)
(16, 11, 8)
(16, 12, 6)
(16, 13, 5)
(16, 14, 5)
(16, 15, 2)
(16, 16, 2)
(16, 17, 2)
(16, 18, 2)
(16, 19, 1)
(16, 20, 1)
(16, 21, 1)
(16, 22, 1)
(16, 23, 1)
(16, 24, 1)
(16, 25, 1)
(16, 26, 1)
(16, 27, 1)
(16, 28, 1)
(16, 29, 1)
(16, 30, 1)
(16, 31, 1)
(16, 32, 1)
(16, 33, 1)
(16, 34, 1)
(16, 35, 1)
(16, 36, 1)
(16, 37, 1)
(16, 38, 1)
(16, 39, 1)

(17, 0, 126)
(17, 1, 115)
(17, 2, 104)
(17, 3, 86)
(17, 4, 69)
(17, 5, 53)
(17, 6, 39)
(17, 7, 30)
(17, 8, 16)
(17, 9, 13)
(17, 10, 9)
(17, 11, 8)
(17, 12, 6)
(17, 13, 4)
(17, 14, 4)
(17, 15, 2)
(17, 16, 2)
(17, 17, 2)
(17, 18, 2)
(17, 19, 1)
(17, 20, 1)
(17, 21, 1)
(17, 22, 1)
(17, 23, 1)
(17, 24, 1)
(17, 25, 1)
(17, 26, 1)
(17, 27, 1)
(17, 28, 1)
(17, 29, 1)
(17, 30, 1)
(17, 31, 1)
(17, 32, 1)
(17, 33, 1)
(17, 34, 1)
(17, 35, 1)
(17, 36, 1)
(17, 37, 1)
(17, 38, 1)
(17, 39, 1)

(18, 0, 133)
(18, 1, 122)
(18, 2, 110)
(18, 3, 92)
(18, 4, 75)
(18, 5, 58)
(18, 6, 44)
(18, 7, 35)
(18, 8, 20)
(18, 9, 15)
(18, 10, 11)
(18, 11, 10)
(18, 12, 7)
(18, 13, 4)
(18, 14, 4)
(18, 15, 2)
(18, 16, 2)
(18, 17, 2)
(18, 18, 2)
(18, 19, 1)
(18, 20, 1)
(18, 21, 1)
(18, 22, 1)
(18, 23, 1)
(18, 24, 1)
(18, 25, 1)
(18, 26, 1)
(18, 27, 1)
(18, 28, 1)
(18, 29, 1)
(18, 30, 1)
(18, 31, 1)
(18, 32, 1)
(18, 33, 1)
(18, 34, 1)
(18, 35, 1)
(18, 36, 1)
(18, 37, 1)
(18, 38, 1)
(18, 39, 1)

(19, 0, 150)
(19, 1, 138)
(19, 2, 125)
(19, 3, 107)
(19, 4, 90)
(19, 5, 70)
(19, 6, 54)
(19, 7, 42)
(19, 8, 27)
(19, 9, 21)
(19, 10, 16)
(19, 11, 14)
(19, 12, 12)
(19, 13, 9)
(19, 14, 8)
(19, 15, 5)
(19, 16, 4)
(19, 17, 2)
(19, 18, 2)
(19, 19, 2)
(19, 20, 1)
(19, 21, 1)
(19, 22, 1)
(19, 23, 1)
(19, 24, 1)
(19, 25, 1)
(19, 26, 1)
(19, 27, 1)
(19, 28, 1)
(19, 29, 1)
(19, 30, 1)
(19, 31, 1)
(19, 32, 1)
(19, 33, 1)
(19, 34, 1)
(19, 35, 1)
(19, 36, 1)
(19, 37, 1)
(19, 38, 1)
(19, 39, 1)

(20, 0, 167)
(20, 1, 153)
(20, 2, 140)
(20, 3, 121)
(20, 4, 98)
(20, 5, 76)
(20, 6, 57)
(20, 7, 46)
(20, 8, 31)
(20, 9, 24)
(20, 10, 15)
(20, 11, 14)
(20, 12, 12)
(20, 13, 9)
(20, 14, 8)
(20, 15, 5)
(20, 16, 4)
(20, 17, 2)
(20, 18, 2)
(20, 19, 2)
(20, 20, 1)
(20, 21, 1)
(20, 22, 1)
(20, 23, 1)
(20, 24, 1)
(20, 25, 1)
(20, 26, 1)
(20, 27, 1)
(20, 28, 1)
(20, 29, 1)
(20, 30, 1)
(20, 31, 1)
(20, 32, 1)
(20, 33, 1)
(20, 34, 1)
(20, 35, 1)
(20, 36, 1)
(20, 37, 1)
(20, 38, 1)
(20, 39, 1)

(21, 0, 197)
(21, 1, 181)
(21, 2, 166)
(21, 3, 145)
(21, 4, 117)
(21, 5, 88)
(21, 6, 64)
(21, 7, 50)
(21, 8, 32)
(21, 9, 25)
(21, 10, 17)
(21, 11, 16)
(21, 12, 13)
(21, 13, 10)
(21, 14, 9)
(21, 15, 6)
(21, 16, 4)
(21, 17, 3)
(21, 18, 2)
(21, 19, 2)
(21, 20, 1)
(21, 21, 1)
(21, 22, 1)
(21, 23, 1)
(21, 24, 1)
(21, 25, 1)
(21, 26, 1)
(21, 27, 1)
(21, 28, 1)
(21, 29, 1)
(21, 30, 1)
(21, 31, 1)
(21, 32, 1)
(21, 33, 1)
(21, 34, 1)
(21, 35, 1)
(21, 36, 1)
(21, 37, 1)
(21, 38, 1)
(21, 39, 1)

(22, 0, 224)
(22, 1, 205)
(22, 2, 185)
(22, 3, 162)
(22, 4, 126)
(22, 5, 94)
(22, 6, 70)
(22, 7, 54)
(22, 8, 36)
(22, 9, 27)
(22, 10, 19)
(22, 11, 17)
(22, 12, 13)
(22, 13, 9)
(22, 14, 8)
(22, 15, 5)
(22, 16, 4)
(22, 17, 4)
(22, 18, 3)
(22, 19, 3)
(22, 20, 2)
(22, 21, 1)
(22, 22, 1)
(22, 23, 1)
(22, 24, 1)
(22, 25, 1)
(22, 26, 1)
(22, 27, 1)
(22, 28, 1)
(22, 29, 1)
(22, 30, 1)
(22, 31, 1)
(22, 32, 1)
(22, 33, 1)
(22, 34, 1)
(22, 35, 1)
(22, 36, 1)
(22, 37, 1)
(22, 38, 1)
(22, 39, 1)

(23, 0, 281)
(23, 1, 251)
(23, 2, 220)
(23, 3, 189)
(23, 4, 143)
(23, 5, 108)
(23, 6, 78)
(23, 7, 62)
(23, 8, 42)
(23, 9, 31)
(23, 10, 18)
(23, 11, 15)
(23, 12, 13)
(23, 13, 10)
(23, 14, 9)
(23, 15, 5)
(23, 16, 4)
(23, 17, 4)
(23, 18, 2)
(23, 19, 2)
(23, 20, 2)
(23, 21, 2)
(23, 22, 2)
(23, 23, 2)
(23, 24, 2)
(23, 25, 2)
(23, 26, 2)
(23, 27, 2)
(23, 28, 2)
(23, 29, 2)
(23, 30, 2)
(23, 31, 2)
(23, 32, 2)
(23, 33, 2)
(23, 34, 2)
(23, 35, 2)
(23, 36, 2)
(23, 37, 2)
(23, 38, 2)
(23, 39, 2)

(24, 0, 329)
(24, 1, 289)
(24, 2, 253)
(24, 3, 215)
(24, 4, 163)
(24, 5, 118)
(24, 6, 89)
(24, 7, 72)
(24, 8, 45)
(24, 9, 32)
(24, 10, 19)
(24, 11, 16)
(24, 12, 14)
(24, 13, 11)
(24, 14, 10)
(24, 15, 6)
(24, 16, 5)
(24, 17, 5)
(24, 18, 3)
(24, 19, 3)
(24, 20, 3)
(24, 21, 2)
(24, 22, 2)
(24, 23, 2)
(24, 24, 2)
(24, 25, 2)
(24, 26, 2)
(24, 27, 2)
(24, 28, 2)
(24, 29, 2)
(24, 30, 2)
(24, 31, 2)
(24, 32, 2)
(24, 33, 2)
(24, 34, 2)
(24, 35, 2)
(24, 36, 2)
(24, 37, 2)
(24, 38, 2)
(24, 39, 2)

(25, 0, 364)
(25, 1, 318)
(25, 2, 277)
(25, 3, 230)
(25, 4, 172)
(25, 5, 125)
(25, 6, 92)
(25, 7, 70)
(25, 8, 44)
(25, 9, 32)
(25, 10, 20)
(25, 11, 17)
(25, 12, 14)
(25, 13, 11)
(25, 14, 10)
(25, 15, 6)
(25, 16, 5)
(25, 17, 5)
(25, 18, 3)
(25, 19, 3)
(25, 20, 3)
(25, 21, 2)
(25, 22, 2)
(25, 23, 2)
(25, 24, 2)
(25, 25, 2)
(25, 26, 2)
(25, 27, 2)
(25, 28, 2)
(25, 29, 2)
(25, 30, 2)
(25, 31, 2)
(25, 32, 2)
(25, 33, 2)
(25, 34, 2)
(25, 35, 2)
(25, 36, 2)
(25, 37, 2)
(25, 38, 2)
(25, 39, 2)

(26, 0, 396)
(26, 1, 348)
(26, 2, 304)
(26, 3, 250)
(26, 4, 186)
(26, 5, 137)
(26, 6, 103)
(26, 7, 78)
(26, 8, 51)
(26, 9, 39)
(26, 10, 26)
(26, 11, 23)
(26, 12, 19)
(26, 13, 15)
(26, 14, 14)
(26, 15, 9)
(26, 16, 7)
(26, 17, 7)
(26, 18, 3)
(26, 19, 3)
(26, 20, 3)
(26, 21, 2)
(26, 22, 2)
(26, 23, 2)
(26, 24, 2)
(26, 25, 2)
(26, 26, 2)
(26, 27, 2)
(26, 28, 2)
(26, 29, 2)
(26, 30, 2)
(26, 31, 2)
(26, 32, 2)
(26, 33, 2)
(26, 34, 2)
(26, 35, 2)
(26, 36, 2)
(26, 37, 2)
(26, 38, 2)
(26, 39, 2)

(27, 0, 426)
(27, 1, 374)
(27, 2, 330)
(27, 3, 271)
(27, 4, 200)
(27, 5, 149)
(27, 6, 113)
(27, 7, 87)
(27, 8, 59)
(27, 9, 45)
(27, 10, 30)
(27, 11, 25)
(27, 12, 20)
(27, 13, 16)
(27, 14, 14)
(27, 15, 9)
(27, 16, 7)
(27, 17, 7)
(27, 18, 4)
(27, 19, 4)
(27, 20, 3)
(27, 21, 2)
(27, 22, 2)
(27, 23, 2)
(27, 24, 2)
(27, 25, 2)
(27, 26, 2)
(27, 27, 2)
(27, 28, 2)
(27, 29, 2)
(27, 30, 2)
(27, 31, 2)
(27, 32, 2)
(27, 33, 2)
(27, 34, 2)
(27, 35, 2)
(27, 36, 2)
(27, 37, 2)
(27, 38, 2)
(27, 39, 2)

(28, 0, 474)
(28, 1, 411)
(28, 2, 357)
(28, 3, 293)
(28, 4, 211)
(28, 5, 158)
(28, 6, 116)
(28, 7, 90)
(28, 8, 62)
(28, 9, 47)
(28, 10, 33)
(28, 11, 26)
(28, 12, 23)
(28, 13, 19)
(28, 14, 16)
(28, 15, 10)
(28, 16, 8)
(28, 17, 8)
(28, 18, 5)
(28, 19, 5)
(28, 20, 5)
(28, 21, 4)
(28, 22, 4)
(28, 23, 4)
(28, 24, 4)
(28, 25, 4)
(28, 26, 4)
(28, 27, 4)
(28, 28, 4)
(28, 29, 4)
(28, 30, 3)
(28, 31, 2)
(28, 32, 2)
(28, 33, 2)
(28, 34, 2)
(28, 35, 2)
(28, 36, 2)
(28, 37, 2)
(28, 38, 2)
(28, 39, 2)

(29, 0, 495)
(29, 1, 426)
(29, 2, 370)
(29, 3, 307)
(29, 4, 222)
(29, 5, 168)
(29, 6, 122)
(29, 7, 95)
(29, 8, 65)
(29, 9, 50)
(29, 10, 36)
(29, 11, 30)
(29, 12, 27)
(29, 13, 23)
(29, 14, 18)
(29, 15, 12)
(29, 16, 10)
(29, 17, 8)
(29, 18, 6)
(29, 19, 5)
(29, 20, 5)
(29, 21, 4)
(29, 22, 4)
(29, 23, 4)
(29, 24, 4)
(29, 25, 4)
(29, 26, 3)
(29, 27, 3)
(29, 28, 3)
(29, 29, 3)
(29, 30, 3)
(29, 31, 2)
(29, 32, 2)
(29, 33, 2)
(29, 34, 2)
(29, 35, 2)
(29, 36, 2)
(29, 37, 2)
(29, 38, 2)
(29, 39, 2)

(30, 0, 532)
(30, 1, 460)
(30, 2, 400)
(30, 3, 334)
(30, 4, 248)
(30, 5, 187)
(30, 6, 140)
(30, 7, 109)
(30, 8, 77)
(30, 9, 61)
(30, 10, 44)
(30, 11, 37)
(30, 12, 33)
(30, 13, 24)
(30, 14, 19)
(30, 15, 13)
(30, 16, 11)
(30, 17, 9)
(30, 18, 7)
(30, 19, 5)
(30, 20, 4)
(30, 21, 3)
(30, 22, 3)
(30, 23, 3)
(30, 24, 2)
(30, 25, 2)
(30, 26, 2)
(30, 27, 2)
(30, 28, 2)
(30, 29, 2)
(30, 30, 2)
(30, 31, 2)
(30, 32, 2)
(30, 33, 2)
(30, 34, 2)
(30, 35, 2)
(30, 36, 2)
(30, 37, 2)
(30, 38, 2)
(30, 39, 2)

(31, 0, 561)
(31, 1, 487)
(31, 2, 425)
(31, 3, 357)
(31, 4, 267)
(31, 5, 202)
(31, 6, 148)
(31, 7, 115)
(31, 8, 82)
(31, 9, 65)
(31, 10, 44)
(31, 11, 36)
(31, 12, 31)
(31, 13, 24)
(31, 14, 18)
(31, 15, 12)
(31, 16, 10)
(31, 17, 8)
(31, 18, 6)
(31, 19, 4)
(31, 20, 4)
(31, 21, 3)
(31, 22, 2)
(31, 23, 2)
(31, 24, 2)
(31, 25, 2)
(31, 26, 2)
(31, 27, 2)
(31, 28, 2)
(31, 29, 2)
(31, 30, 2)
(31, 31, 2)
(31, 32, 2)
(31, 33, 2)
(31, 34, 2)
(31, 35, 2)
(31, 36, 2)
(31, 37, 2)
(31, 38, 2)
(31, 39, 2)

(32, 0, 594)
(32, 1, 516)
(32, 2, 452)
(32, 3, 382)
(32, 4, 292)
(32, 5, 225)
(32, 6, 167)
(32, 7, 131)
(32, 8, 97)
(32, 9, 77)
(32, 10, 51)
(32, 11, 41)
(32, 12, 33)
(32, 13, 26)
(32, 14, 22)
(32, 15, 15)
(32, 16, 12)
(32, 17, 10)
(32, 18, 8)
(32, 19, 6)
(32, 20, 5)
(32, 21, 4)
(32, 22, 3)
(32, 23, 3)
(32, 24, 3)
(32, 25, 2)
(32, 26, 2)
(32, 27, 2)
(32, 28, 2)
(32, 29, 2)
(32, 30, 1)
(32, 31, 1)
(32, 32, 1)
(32, 33, 1)
(32, 34, 1)
(32, 35, 1)
(32, 36, 1)
(32, 37, 1)
(32, 38, 1)
(32, 39, 1)

(33, 0, 645)
(33, 1, 557)
(33, 2, 492)
(33, 3, 415)
(33, 4, 319)
(33, 5, 244)
(33, 6, 178)
(33, 7, 136)
(33, 8, 99)
(33, 9, 78)
(33, 10, 54)
(33, 11, 44)
(33, 12, 35)
(33, 13, 27)
(33, 14, 22)
(33, 15, 16)
(33, 16, 14)
(33, 17, 11)
(33, 18, 7)
(33, 19, 4)
(33, 20, 4)
(33, 21, 3)
(33, 22, 2)
(33, 23, 2)
(33, 24, 1)
(33, 25, 1)
(33, 26, 1)
(33, 27, 1)
(33, 28, 1)
(33, 29, 1)
(33, 30, 1)
(33, 31, 1)
(33, 32, 1)
(33, 33, 1)
(33, 34, 1)
(33, 35, 1)
(33, 36, 1)
(33, 37, 1)
(33, 38, 1)
(33, 39, 1)

(34, 0, 673)
(34, 1, 583)
(34, 2, 514)
(34, 3, 434)
(34, 4, 333)
(34, 5, 254)
(34, 6, 184)
(34, 7, 142)
(34, 8, 103)
(34, 9, 79)
(34, 10, 52)
(34, 11, 43)
(34, 12, 32)
(34, 13, 24)
(34, 14, 20)
(34, 15, 14)
(34, 16, 11)
(34, 17, 8)
(34, 18, 6)
(34, 19, 4)
(34, 20, 4)
(34, 21, 3)
(34, 22, 2)
(34, 23, 2)
(34, 24, 1)
(34, 25, 1)
(34, 26, 1)
(34, 27, 1)
(34, 28, 1)
(34, 29, 1)
(34, 30, 1)
(34, 31, 1)
(34, 32, 1)
(34, 33, 1)
(34, 34, 1)
(34, 35, 1)
(34, 36, 1)
(34, 37, 1)
(34, 38, 1)
(34, 39, 1)

(35, 0, 684)
(35, 1, 594)
(35, 2, 525)
(35, 3, 445)
(35, 4, 343)
(35, 5, 260)
(35, 6, 190)
(35, 7, 146)
(35, 8, 105)
(35, 9, 77)
(35, 10, 50)
(35, 11, 41)
(35, 12, 32)
(35, 13, 24)
(35, 14, 20)
(35, 15, 14)
(35, 16, 11)
(35, 17, 8)
(35, 18, 6)
(35, 19, 4)
(35, 20, 4)
(35, 21, 3)
(35, 22, 2)
(35, 23, 2)
(35, 24, 1)
(35, 25, 1)
(35, 26, 1)
(35, 27, 1)
(35, 28, 1)
(35, 29, 1)
(35, 30, 1)
(35, 31, 1)
(35, 32, 1)
(35, 33, 1)
(35, 34, 1)
(35, 35, 1)
(35, 36, 1)
(35, 37, 1)
(35, 38, 1)
(35, 39, 1)

(36, 0, 688)
(36, 1, 598)
(36, 2, 529)
(36, 3, 449)
(36, 4, 347)
(36, 5, 264)
(36, 6, 193)
(36, 7, 149)
(36, 8, 107)
(36, 9, 79)
(36, 10, 50)
(36, 11, 41)
(36, 12, 32)
(36, 13, 24)
(36, 14, 20)
(36, 15, 14)
(36, 16, 11)
(36, 17, 8)
(36, 18, 6)
(36, 19, 4)
(36, 20, 4)
(36, 21, 3)
(36, 22, 2)
(36, 23, 2)
(36, 24, 1)
(36, 25, 1)
(36, 26, 1)
(36, 27, 1)
(36, 28, 1)
(36, 29, 1)
(36, 30, 1)
(36, 31, 1)
(36, 32, 1)
(36, 33, 1)
(36, 34, 1)
(36, 35, 1)
(36, 36, 1)
(36, 37, 1)
(36, 38, 1)
(36, 39, 1)

(37, 0, 691)
(37, 1, 601)
(37, 2, 532)
(37, 3, 451)
(37, 4, 349)
(37, 5, 266)
(37, 6, 194)
(37, 7, 150)
(37, 8, 108)
(37, 9, 80)
(37, 10, 51)
(37, 11, 42)
(37, 12, 33)
(37, 13, 25)
(37, 14, 21)
(37, 15, 15)
(37, 16, 12)
(37, 17, 9)
(37, 18, 6)
(37, 19, 4)
(37, 20, 4)
(37, 21, 3)
(37, 22, 2)
(37, 23, 2)
(37, 24, 1)
(37, 25, 1)
(37, 26, 1)
(37, 27, 1)
(37, 28, 1)
(37, 29, 1)
(37, 30, 1)
(37, 31, 1)
(37, 32, 1)
(37, 33, 1)
(37, 34, 1)
(37, 35, 1)
(37, 36, 1)
(37, 37, 1)
(37, 38, 1)
(37, 39, 1)

(38, 0, 693)
(38, 1, 603)
(38, 2, 534)
(38, 3, 453)
(38, 4, 350)
(38, 5, 267)
(38, 6, 195)
(38, 7, 151)
(38, 8, 109)
(38, 9, 81)
(38, 10, 52)
(38, 11, 43)
(38, 12, 34)
(38, 13, 26)
(38, 14, 22)
(38, 15, 16)
(38, 16, 13)
(38, 17, 10)
(38, 18, 7)
(38, 19, 5)
(38, 20, 5)
(38, 21, 3)
(38, 22, 2)
(38, 23, 2)
(38, 24, 1)
(38, 25, 1)
(38, 26, 1)
(38, 27, 1)
(38, 28, 1)
(38, 29, 1)
(38, 30, 1)
(38, 31, 1)
(38, 32, 1)
(38, 33, 1)
(38, 34, 1)
(38, 35, 1)
(38, 36, 1)
(38, 37, 1)
(38, 38, 1)
(38, 39, 1)

(39, 0, 694)
(39, 1, 604)
(39, 2, 535)
(39, 3, 454)
(39, 4, 351)
(39, 5, 268)
(39, 6, 196)
(39, 7, 152)
(39, 8, 110)
(39, 9, 81)
(39, 10, 52)
(39, 11, 43)
(39, 12, 34)
(39, 13, 26)
(39, 14, 21)
(39, 15, 15)
(39, 16, 12)
(39, 17, 9)
(39, 18, 6)
(39, 19, 4)
(39, 20, 4)
(39, 21, 3)
(39, 22, 2)
(39, 23, 2)
(39, 24, 1)
(39, 25, 1)
(39, 26, 1)
(39, 27, 1)
(39, 28, 1)
(39, 29, 1)
(39, 30, 1)
(39, 31, 1)
(39, 32, 1)
(39, 33, 1)
(39, 34, 1)
(39, 35, 1)
(39, 36, 1)
(39, 37, 1)
(39, 38, 1)
(39, 39, 1)


Betti numbers:
xi_0:
(0, 0, 3)
(1, 0, 10)
(2, 0, 5)
(3, 0, 5)
(4, 0, 10)
(5, 0, 6)
(6, 0, 9)
(7, 0, 8)
(8, 0, 3)
(9, 0, 7)
(10, 0, 8)
(11, 0, 8)
(12, 0, 15)
(13, 0, 7)
(14, 0, 6)
(15, 0, 7)
(16, 0, 3)
(17, 0, 6)
(18, 0, 7)
(19, 0, 17)
(20, 0, 17)
(21, 0, 30)
(22, 0, 27)
(23, 0, 57)
(24, 0, 48)
(25, 0, 35)
(26, 0, 32)
(27, 0, 30)
(28, 0, 48)
(29, 0, 21)
(30, 0, 37)
(31, 0, 29)
(32, 0, 33)
(33, 0, 51)
(34, 0, 28)
(35, 0, 11)
(36, 0, 4)
(37, 0, 3)
(38, 0, 2)
(39, 0, 1)
xi_1:
(0, 2, 1)
(0, 5, 1)
(1, 1, 2)
(1, 2, 2)
(1, 3, 4)
(1, 4, 2)
(1, 5, 1)
(2, 1, 1)
(2, 2, 1)
(2, 3, 1)
(2, 5, 2)
(3, 2, 1)
(3, 4, 1)
(3, 5, 2)
(3, 7, 1)
(4, 1, 1)
(4, 2, 2)
(4, 3, 2)
(4, 4, 1)
(4, 5, 2)
(4, 9, 1)
(4, 10, 1)
(4, 15, 1)
(5, 1, 2)
(5, 3, 2)
(5, 4, 1)
(5, 5, 1)
(5, 7, 1)
(6, 1, 1)
(6, 2, 1)
(6, 3, 3)
(6, 4, 1)
(6, 5, 1)
(6, 8, 1)
(6, 10, 1)
(7, 2, 2)
(7, 3, 1)
(7, 4, 2)
(7, 5, 1)
(7, 9, 1)
(7, 10, 2)
(8, 6, 1)
(8, 7, 1)
(8, 8, 2)
(9, 2, 1)
(9, 4, 2)
(9, 5, 2)
(9, 6, 1)
(9, 7, 2)
(10, 1, 1)
(10, 3, 2)
(10, 4, 1)
(10, 6, 2)
(10, 8, 2)
(10, 28, 1)
(11, 3, 1)
(11, 4, 1)
(11, 5, 2)
(11, 8, 1)
(11, 11, 1)
(11, 13, 2)
(11, 16, 1)
(12, 1, 2)
(12, 4, 2)
(12, 5, 3)
(12, 7, 3)
(12, 8, 6)
(12, 9, 1)
(13, 1, 1)
(13, 3, 2)
(13, 4, 2)
(13, 6, 4)
(14, 5, 1)
(14, 6, 2)
(14, 9, 1)
(14, 15, 2)
(15, 5, 1)
(15, 6, 1)
(15, 7, 2)
(15, 8, 2)
(15, 10, 1)
(15, 19, 1)
(16, 7, 1)
(16, 12, 2)
(17, 4, 1)
(17, 6, 3)
(17, 8, 1)
(17, 10, 1)
(17, 13, 1)
(18, 2, 1)
(18, 5, 1)
(18, 6, 1)
(18, 8, 1)
(18, 9, 2)
(18, 12, 1)
(18, 13, 1)
(18, 15, 1)
(19, 1, 1)
(19, 2, 1)
(19, 5, 3)
(19, 6, 2)
(19, 7, 3)
(19, 8, 1)
(19, 9, 1)
(19, 10, 1)
(19, 11, 1)
(19, 14, 1)
(19, 15, 1)
(19, 16, 1)
(19, 17, 2)
(19, 20, 1)
(20, 1, 2)
(20, 3, 1)
(20, 4, 6)
(20, 5, 2)
(20, 6, 3)
(20, 9, 1)
(20, 10, 4)
(21, 1, 2)
(21, 2, 2)
(21, 3, 2)
(21, 4, 5)
(21, 5, 7)
(21, 6, 5)
(21, 7, 3)
(21, 8, 3)
(21, 9, 2)
(21, 10, 1)
(21, 12, 1)
(21, 13, 1)
(21, 16, 1)
(21, 18, 1)
(22, 1, 3)
(22, 2, 5)
(22, 3, 2)
(22, 4, 8)
(22, 5, 4)
(22, 7, 3)
(22, 8, 1)
(22, 9, 2)
(22, 11, 1)
(22, 12, 2)
(22, 13, 1)
(22, 21, 1)
(23, 1, 11)
(23, 2, 11)
(23, 3, 8)
(23, 4, 11)
(23, 5, 3)
(23, 6, 7)
(23, 7, 2)
(23, 8, 3)
(23, 9, 3)
(23, 10, 5)
(23, 11, 1)
(23, 15, 1)
(23, 18, 1)
(24, 1, 10)
(24, 2, 5)
(24, 3, 7)
(24, 4, 6)
(24, 5, 10)
(24, 6, 3)
(24, 7, 1)
(24, 8, 7)
(24, 9, 3)
(24, 10, 1)
(24, 21, 1)
(25, 1, 6)
(25, 2, 5)
(25, 3, 9)
(25, 4, 6)
(25, 5, 2)
(25, 6, 4)
(25, 7, 5)
(25, 8, 1)
(25, 9, 1)
(25, 12, 1)
(26, 1, 2)
(26, 2, 3)
(26, 3, 7)
(26, 4, 6)
(26, 5, 2)
(26, 6, 1)
(26, 7, 3)
(26, 8, 1)
(26, 10, 1)
(26, 12, 1)
(26, 13, 1)
(26, 15, 1)
(26, 16, 1)
(26, 18, 2)
(27, 1, 4)
(27, 3, 5)
(27, 4, 7)
(27, 5, 2)
(27, 6, 2)
(27, 7, 1)
(27, 8, 1)
(27, 9, 2)
(27, 10, 2)
(27, 11, 2)
(27, 12, 2)
(27, 14, 1)
(27, 15, 1)
(27, 20, 1)
(28, 1, 11)
(28, 2, 10)
(28, 3, 5)
(28, 4, 11)
(28, 5, 2)
(28, 6, 6)
(28, 7, 1)
(28, 9, 2)
(28, 11, 2)
(28, 14, 1)
(28, 15, 1)
(28, 30, 1)
(28, 31, 1)
(29, 1, 6)
(29, 2, 2)
(29, 4, 3)
(29, 5, 1)
(29, 6, 4)
(29, 7, 1)
(29, 8, 2)
(29, 9, 1)
(29, 14, 2)
(29, 17, 2)
(29, 19, 1)
(29, 26, 1)
(30, 1, 3)
(30, 2, 4)
(30, 3, 3)
(30, 4, 1)
(30, 5, 7)
(30, 6, 2)
(30, 7, 4)
(30, 8, 2)
(30, 9, 1)
(30, 10, 3)
(30, 11, 1)
(30, 12, 1)
(30, 13, 5)
(30, 14, 1)
(30, 19, 1)
(30, 20, 1)
(30, 24, 1)
(31, 1, 2)
(31, 2, 2)
(31, 3, 2)
(31, 4, 4)
(31, 5, 4)
(31, 6, 7)
(31, 7, 2)
(31, 8, 1)
(31, 9, 1)
(31, 10, 4)
(31, 11, 1)
(31, 12, 1)
(31, 14, 1)
(31, 22, 1)
(32, 1, 4)
(32, 2, 2)
(32, 3, 2)
(32, 4, 1)
(32, 5, 2)
(32, 6, 4)
(32, 7, 3)
(32, 8, 1)
(32, 9, 3)
(32, 10, 5)
(32, 11, 2)
(32, 12, 3)
(32, 15, 1)
(32, 16, 1)
(32, 20, 1)
(32, 25, 1)
(32, 30, 1)
(33, 1, 10)
(33, 2, 1)
(33, 3, 7)
(33, 4, 6)
(33, 5, 8)
(33, 6, 8)
(33, 7, 6)
(33, 8, 3)
(33, 9, 3)
(33, 10, 2)
(33, 11, 1)
(33, 12, 2)
(33, 13, 1)
(33, 14, 1)
(33, 17, 1)
(33, 18, 2)
(33, 19, 1)
(33, 22, 1)
(33, 24, 1)
(34, 1, 2)
(34, 2, 4)
(34, 3, 3)
(34, 4, 5)
(34, 5, 4)
(34, 6, 5)
(34, 7, 1)
(34, 8, 2)
(34, 9, 4)
(34, 10, 4)
(34, 12, 2)
(34, 16, 1)
(35, 4, 1)
(35, 5, 4)
(35, 7, 2)
(35, 8, 2)
(35, 9, 4)
(35, 10, 1)
(36, 6, 1)
(36, 8, 1)
(36, 10, 2)
(37, 3, 1)
(37, 6, 1)
(37, 18, 1)
(38, 4, 1)
(38, 21, 1)
(39, 9, 1)
(39, 14, 1)
xi_2:
(1, 5, 1)
(4, 7, 1)
(5, 5, 1)
(7, 10, 1)
(8, 10, 1)
(9, 8, 1)
(10, 5, 1)
(11, 28, 1)
(12, 13, 1)
(12, 16, 1)
(13, 5, 1)
(13, 7, 1)
(15, 9, 1)
(17, 15, 1)
(18, 6, 1)
(18, 15, 1)
(19, 8, 1)
(19, 12, 1)
(19, 19, 1)
(20, 7, 1)
(20, 11, 1)
(21, 9, 2)
(21, 10, 2)
(21, 13, 1)
(21, 17, 1)
(22, 5, 1)
(22, 7, 1)
(22, 8, 1)
(22, 12, 1)
(22, 16, 1)
(22, 17, 1)
(23, 4, 1)
(23, 6, 1)
(23, 7, 2)
(23, 8, 1)
(23, 9, 1)
(23, 12, 2)
(23, 13, 1)
(23, 20, 1)
(23, 21, 1)
(24, 6, 4)
(24, 9, 1)
(24, 10, 1)
(25, 8, 2)
(25, 9, 2)
(25, 10, 1)
(27, 12, 1)
(27, 15, 1)
(27, 18, 1)
(28, 7, 1)
(28, 9, 1)
(28, 10, 1)
(28, 12, 2)
(28, 20, 1)
(29, 3, 1)
(29, 9, 1)
(29, 11, 1)
(29, 18, 1)
(29, 30, 1)
(30, 6, 1)
(30, 14, 1)
(30, 26, 1)
(30, 31, 1)
(31, 13, 2)
(31, 20, 1)
(31, 24, 1)
(32, 4, 1)
(32, 14, 2)
(33, 9, 2)
(33, 10, 4)
(33, 11, 1)
(33, 12, 1)
(33, 15, 1)
(33, 16, 1)
(33, 20, 1)
(33, 22, 1)
(33, 25, 1)
(33, 30, 1)
(34, 6, 1)
(34, 7, 1)
(34, 9, 1)
(34, 10, 1)
(34, 11, 1)
(34, 14, 1)
(34, 18, 2)
(34, 19, 1)
(35, 10, 1)
(35, 12, 2)
(39, 21, 1)
