x-grades
-800335934514568199/400000000000000000
-393874718773089999/200000000000000000
-775162940577791797/400000000000000000
-190644110902350899/100000000000000000
-149997989328203079/80000000000000000
-368701724836313597/200000000000000000
-724816952704238993/400000000000000000
-89028806966981349/50000000000000000
-699643958767462591/400000000000000000
-68705746179907439/40000000000000000
-674470964830686189/400000000000000000
-165471116965574497/100000000000000000
-649297970893909787/400000000000000000
-318355736962760793/200000000000000000
-124824995391426677/80000000000000000
-19110577499648287/12500000000000000
-598951983020356983/400000000000000000
-293182743025984391/200000000000000000
-573778989083580581/400000000000000000
-28059624605759619/20000000000000000
-548605995146804179/400000000000000000
-268009749089207989/200000000000000000
-523433001210027777/400000000000000000
-63855813030204947/50000000000000000
-3986080058186011/3200000000000000
-242836755152431587/200000000000000000
-473087013336474973/400000000000000000
-115125129092021693/100000000000000000
-447914019399698571/400000000000000000
-43532752243131037/40000000000000000
-422741025462922169/400000000000000000
-25634658030908373/25000000000000000
-397568031526145767/400000000000000000
-192490767278878783/200000000000000000
-74479007517873873/80000000000000000
-89952135155245291/100000000000000000
-347222043652592963/400000000000000000
-167317773342102381/200000000000000000
-322049049715816561/400000000000000000
-7736563818685709/10000000000000000

y-grades
9999897/40000000
9999897/20000000
29999691/40000000
9999897/10000000
9999897/8000000
29999691/20000000
69999279/40000000
9999897/5000000
89999073/40000000
9999897/4000000
109998867/40000000
29999691/10000000
129998661/40000000
69999279/20000000
29999691/8000000
9999897/2500000
169998249/40000000
89999073/20000000
189998043/40000000
9999897/2000000
209997837/40000000
109998867/20000000
229997631/40000000
29999691/5000000
9999897/1600000
129998661/20000000
269997219/40000000
69999279/10000000
289997013/40000000
29999691/4000000
309996807/40000000
9999897/1250000
329996601/40000000
169998249/20000000
69999279/8000000
89999073/10000000
369996189/40000000
189998043/20000000
389995983/40000000
9999897/1000000

Dimensions > 0:
(0, 0, 3)
(0, 1, 3)
(0, 2, 3)
(0, 3, 3)
(0, 4, 3)
(0, 5, 3)
(0, 6, 3)
(0, 7, 3)
(0, 8, 3)
(0, 9, 3)
(0, 10, 3)
(0, 11, 3)
(0, 12, 3)
(0, 13, 3)
(0, 14, 3)
(0, 15, 3)
(0, 16, 3)
(0, 17, 3)
(0, 18, 3)
(0, 19, 3)
(0, 20, 3)
(0, 21, 3)
(0, 22, 3)
(0, 23, 3)
(0, 24, 3)
(0, 25, 2)
(0, 26, 2)
(0, 27, 2)
(0, 28, 2)
(0, 29, 2)
(0, 30, 2)
(0, 31, 2)
(0, 32, 2)
(0, 33, 2)
(0, 34, 2)
(0, 35, 2)
(0, 36, 2)
(0, 37, 2)
(0, 38, 2)
(0, 39, 2)

(1, 0, 5)
(1, 1, 5)
(1, 2, 5)
(1, 3, 4)
(1, 4, 4)
(1, 5, 4)
(1, 6, 4)
(1, 7, 4)
(1, 8, 3)
(1, 9, 3)
(1, 10, 3)
(1, 11, 3)
(1, 12, 3)
(1, 13, 3)
(1, 14, 3)
(1, 15, 3)
(1, 16, 3)
(1, 17, 3)
(1, 18, 3)
(1, 19, 3)
(1, 20, 3)
(1, 21, 3)
(1, 22, 3)
(1, 23, 2)
(1, 24, 2)
(1, 25, 2)
(1, 26, 2)
(1, 27, 2)
(1, 28, 2)
(1, 29, 2)
(1, 30, 2)
(1, 31, 2)
(1, 32, 2)
(1, 33, 2)
(1, 34, 2)
(1, 35, 2)
(1, 36, 2)
(1, 37, 2)
(1, 38, 2)
(1, 39, 2)

(2, 0, 7)
(2, 1, 7)
(2, 2, 7)
(2, 3, 6)
(2, 4, 6)
(2, 5, 6)
(2, 6, 4)
(2, 7, 4)
(2, 8, 3)
(2, 9, 3)
(2, 10, 3)
(2, 11, 3)
(2, 12, 3)
(2, 13, 3)
(2, 14, 3)
(2, 15, 3)
(2, 16, 2)
(2, 17, 2)
(2, 18, 2)
(2, 19, 2)
(2, 20, 2)
(2, 21, 2)
(2, 22, 2)
(2, 23, 2)
(2, 24, 2)
(2, 25, 2)
(2, 26, 2)
(2, 27, 2)
(2, 28, 2)
(2, 29, 2)
(2, 30, 2)
(2, 31, 2)
(2, 32, 2)
(2, 33, 2)
(2, 34, 2)
(2, 35, 2)
(2, 36, 2)
(2, 37, 2)
(2, 38, 2)
(2, 39, 2)

(3, 0, 8)
(3, 1, 8)
(3, 2, 8)
(3, 3, 7)
(3, 4, 7)
(3, 5, 7)
(3, 6, 4)
(3, 7, 4)
(3, 8, 3)
(3, 9, 3)
(3, 10, 3)
(3, 11, 3)
(3, 12, 3)
(3, 13, 3)
(3, 14, 3)
(3, 15, 3)
(3, 16, 2)
(3, 17, 2)
(3, 18, 2)
(3, 19, 2)
(3, 20, 2)
(3, 21, 2)
(3, 22, 2)
(3, 23, 2)
(3, 24, 2)
(3, 25, 2)
(3, 26, 2)
(3, 27, 2)
(3, 28, 2)
(3, 29, 2)
(3, 30, 2)
(3, 31, 2)
(3, 32, 2)
(3, 33, 2)
(3, 34, 2)
(3, 35, 2)
(3, 36, 2)
(3, 37, 2)
(3, 38, 2)
(3, 39, 2)

(4, 0, 9)
(4, 1, 9)
(4, 2, 9)
(4, 3, 8)
(4, 4, 8)
(4, 5, 8)
(4, 6, 5)
(4, 7, 5)
(4, 8, 4)
(4, 9, 4)
(4, 10, 4)
(4, 11, 4)
(4, 12, 4)
(4, 13, 4)
(4, 14, 3)
(4, 15, 3)
(4, 16, 2)
(4, 17, 2)
(4, 18, 2)
(4, 19, 2)
(4, 20, 2)
(4, 21, 2)
(4, 22, 2)
(4, 23, 2)
(4, 24, 2)
(4, 25, 2)
(4, 26, 2)
(4, 27, 2)
(4, 28, 2)
(4, 29, 2)
(4, 30, 2)
(4, 31, 2)
(4, 32, 2)
(4, 33, 2)
(4, 34, 2)
(4, 35, 2)
(4, 36, 2)
(4, 37, 2)
(4, 38, 2)
(4, 39, 2)

(5, 0, 12)
(5, 1, 12)
(5, 2, 12)
(5, 3, 11)
(5, 4, 10)
(5, 5, 10)
(5, 6, 7)
(5, 7, 7)
(5, 8, 6)
(5, 9, 6)
(5, 10, 6)
(5, 11, 6)
(5, 12, 6)
(5, 13, 6)
(5, 14, 4)
(5, 15, 4)
(5, 16, 3)
(5, 17, 3)
(5, 18, 3)
(5, 19, 3)
(5, 20, 3)
(5, 21, 3)
(5, 22, 3)
(5, 23, 3)
(5, 24, 3)
(5, 25, 3)
(5, 26, 3)
(5, 27, 3)
(5, 28, 3)
(5, 29, 3)
(5, 30, 3)
(5, 31, 3)
(5, 32, 3)
(5, 33, 2)
(5, 34, 2)
(5, 35, 2)
(5, 36, 2)
(5, 37, 2)
(5, 38, 2)
(5, 39, 2)

(6, 0, 16)
(6, 1, 16)
(6, 2, 16)
(6, 3, 15)
(6, 4, 13)
(6, 5, 13)
(6, 6, 10)
(6, 7, 10)
(6, 8, 9)
(6, 9, 9)
(6, 10, 9)
(6, 11, 8)
(6, 12, 8)
(6, 13, 8)
(6, 14, 6)
(6, 15, 6)
(6, 16, 4)
(6, 17, 4)
(6, 18, 4)
(6, 19, 4)
(6, 20, 4)
(6, 21, 3)
(6, 22, 3)
(6, 23, 3)
(6, 24, 3)
(6, 25, 2)
(6, 26, 2)
(6, 27, 2)
(6, 28, 2)
(6, 29, 2)
(6, 30, 2)
(6, 31, 2)
(6, 32, 2)
(6, 33, 1)
(6, 34, 1)
(6, 35, 1)
(6, 36, 1)
(6, 37, 1)
(6, 38, 1)
(6, 39, 1)

(7, 0, 18)
(7, 1, 18)
(7, 2, 18)
(7, 3, 16)
(7, 4, 14)
(7, 5, 14)
(7, 6, 11)
(7, 7, 11)
(7, 8, 10)
(7, 9, 10)
(7, 10, 10)
(7, 11, 9)
(7, 12, 9)
(7, 13, 9)
(7, 14, 7)
(7, 15, 7)
(7, 16, 5)
(7, 17, 5)
(7, 18, 5)
(7, 19, 5)
(7, 20, 5)
(7, 21, 4)
(7, 22, 4)
(7, 23, 4)
(7, 24, 4)
(7, 25, 3)
(7, 26, 3)
(7, 27, 3)
(7, 28, 3)
(7, 29, 3)
(7, 30, 3)
(7, 31, 3)
(7, 32, 3)
(7, 33, 2)
(7, 34, 2)
(7, 35, 2)
(7, 36, 2)
(7, 37, 2)
(7, 38, 2)
(7, 39, 2)

(8, 0, 20)
(8, 1, 20)
(8, 2, 20)
(8, 3, 18)
(8, 4, 16)
(8, 5, 16)
(8, 6, 13)
(8, 7, 13)
(8, 8, 12)
(8, 9, 12)
(8, 10, 12)
(8, 11, 11)
(8, 12, 11)
(8, 13, 11)
(8, 14, 9)
(8, 15, 9)
(8, 16, 7)
(8, 17, 7)
(8, 18, 7)
(8, 19, 7)
(8, 20, 6)
(8, 21, 5)
(8, 22, 5)
(8, 23, 5)
(8, 24, 5)
(8, 25, 3)
(8, 26, 3)
(8, 27, 3)
(8, 28, 3)
(8, 29, 3)
(8, 30, 3)
(8, 31, 3)
(8, 32, 3)
(8, 33, 2)
(8, 34, 2)
(8, 35, 2)
(8, 36, 2)
(8, 37, 2)
(8, 38, 2)
(8, 39, 2)

(9, 0, 26)
(9, 1, 26)
(9, 2, 26)
(9, 3, 24)
(9, 4, 22)
(9, 5, 22)
(9, 6, 16)
(9, 7, 14)
(9, 8, 12)
(9, 9, 12)
(9, 10, 12)
(9, 11, 11)
(9, 12, 11)
(9, 13, 11)
(9, 14, 9)
(9, 15, 9)
(9, 16, 6)
(9, 17, 6)
(9, 18, 6)
(9, 19, 6)
(9, 20, 6)
(9, 21, 5)
(9, 22, 5)
(9, 23, 5)
(9, 24, 5)
(9, 25, 4)
(9, 26, 4)
(9, 27, 4)
(9, 28, 4)
(9, 29, 4)
(9, 30, 4)
(9, 31, 4)
(9, 32, 4)
(9, 33, 3)
(9, 34, 3)
(9, 35, 3)
(9, 36, 3)
(9, 37, 3)
(9, 38, 3)
(9, 39, 3)

(10, 0, 29)
(10, 1, 29)
(10, 2, 29)
(10, 3, 27)
(10, 4, 24)
(10, 5, 23)
(10, 6, 16)
(10, 7, 14)
(10, 8, 12)
(10, 9, 12)
(10, 10, 12)
(10, 11, 11)
(10, 12, 11)
(10, 13, 11)
(10, 14, 9)
(10, 15, 9)
(10, 16, 6)
(10, 17, 6)
(10, 18, 6)
(10, 19, 6)
(10, 20, 6)
(10, 21, 5)
(10, 22, 5)
(10, 23, 5)
(10, 24, 5)
(10, 25, 4)
(10, 26, 4)
(10, 27, 4)
(10, 28, 4)
(10, 29, 4)
(10, 30, 4)
(10, 31, 4)
(10, 32, 4)
(10, 33, 3)
(10, 34, 3)
(10, 35, 3)
(10, 36, 3)
(10, 37, 3)
(10, 38, 3)
(10, 39, 3)

(11, 0, 29)
(11, 1, 29)
(11, 2, 29)
(11, 3, 27)
(11, 4, 24)
(11, 5, 23)
(11, 6, 16)
(11, 7, 14)
(11, 8, 12)
(11, 9, 12)
(11, 10, 12)
(11, 11, 11)
(11, 12, 11)
(11, 13, 11)
(11, 14, 9)
(11, 15, 9)
(11, 16, 6)
(11, 17, 6)
(11, 18, 6)
(11, 19, 6)
(11, 20, 6)
(11, 21, 5)
(11, 22, 5)
(11, 23, 5)
(11, 24, 5)
(11, 25, 4)
(11, 26, 4)
(11, 27, 4)
(11, 28, 4)
(11, 29, 4)
(11, 30, 4)
(11, 31, 4)
(11, 32, 4)
(11, 33, 3)
(11, 34, 3)
(11, 35, 3)
(11, 36, 3)
(11, 37, 3)
(11, 38, 3)
(11, 39, 3)

(12, 0, 30)
(12, 1, 30)
(12, 2, 30)
(12, 3, 28)
(12, 4, 25)
(12, 5, 24)
(12, 6, 17)
(12, 7, 15)
(12, 8, 13)
(12, 9, 13)
(12, 10, 13)
(12, 11, 12)
(12, 12, 12)
(12, 13, 12)
(12, 14, 10)
(12, 15, 10)
(12, 16, 7)
(12, 17, 7)
(12, 18, 7)
(12, 19, 7)
(12, 20, 7)
(12, 21, 6)
(12, 22, 6)
(12, 23, 6)
(12, 24, 6)
(12, 25, 5)
(12, 26, 5)
(12, 27, 5)
(12, 28, 5)
(12, 29, 5)
(12, 30, 5)
(12, 31, 5)
(12, 32, 5)
(12, 33, 4)
(12, 34, 4)
(12, 35, 4)
(12, 36, 4)
(12, 37, 4)
(12, 38, 4)
(12, 39, 4)

(13, 0, 32)
(13, 1, 32)
(13, 2, 32)
(13, 3, 30)
(13, 4, 26)
(13, 5, 25)
(13, 6, 18)
(13, 7, 16)
(13, 8, 14)
(13, 9, 14)
(13, 10, 14)
(13, 11, 13)
(13, 12, 13)
(13, 13, 13)
(13, 14, 10)
(13, 15, 10)
(13, 16, 7)
(13, 17, 7)
(13, 18, 7)
(13, 19, 7)
(13, 20, 7)
(13, 21, 6)
(13, 22, 6)
(13, 23, 6)
(13, 24, 6)
(13, 25, 5)
(13, 26, 5)
(13, 27, 5)
(13, 28, 5)
(13, 29, 5)
(13, 30, 5)
(13, 31, 5)
(13, 32, 5)
(13, 33, 4)
(13, 34, 4)
(13, 35, 4)
(13, 36, 4)
(13, 37, 4)
(13, 38, 4)
(13, 39, 4)

(14, 0, 36)
(14, 1, 35)
(14, 2, 35)
(14, 3, 33)
(14, 4, 28)
(14, 5, 27)
(14, 6, 20)
(14, 7, 17)
(14, 8, 15)
(14, 9, 15)
(14, 10, 14)
(14, 11, 13)
(14, 12, 13)
(14, 13, 13)
(14, 14, 10)
(14, 15, 10)
(14, 16, 7)
(14, 17, 7)
(14, 18, 7)
(14, 19, 7)
(14, 20, 7)
(14, 21, 6)
(14, 22, 6)
(14, 23, 6)
(14, 24, 6)
(14, 25, 5)
(14, 26, 5)
(14, 27, 5)
(14, 28, 5)
(14, 29, 5)
(14, 30, 5)
(14, 31, 5)
(14, 32, 5)
(14, 33, 4)
(14, 34, 4)
(14, 35, 4)
(14, 36, 4)
(14, 37, 4)
(14, 38, 4)
(14, 39, 4)

(15, 0, 40)
(15, 1, 39)
(15, 2, 39)
(15, 3, 37)
(15, 4, 32)
(15, 5, 31)
(15, 6, 23)
(15, 7, 20)
(15, 8, 18)
(15, 9, 18)
(15, 10, 17)
(15, 11, 16)
(15, 12, 16)
(15, 13, 16)
(15, 14, 13)
(15, 15, 13)
(15, 16, 10)
(15, 17, 10)
(15, 18, 10)
(15, 19, 10)
(15, 20, 10)
(15, 21, 9)
(15, 22, 8)
(15, 23, 8)
(15, 24, 7)
(15, 25, 6)
(15, 26, 6)
(15, 27, 5)
(15, 28, 5)
(15, 29, 5)
(15, 30, 5)
(15, 31, 5)
(15, 32, 5)
(15, 33, 4)
(15, 34, 4)
(15, 35, 4)
(15, 36, 4)
(15, 37, 3)
(15, 38, 3)
(15, 39, 3)

(16, 0, 46)
(16, 1, 45)
(16, 2, 45)
(16, 3, 43)
(16, 4, 37)
(16, 5, 36)
(16, 6, 26)
(16, 7, 23)
(16, 8, 20)
(16, 9, 20)
(16, 10, 19)
(16, 11, 18)
(16, 12, 18)
(16, 13, 17)
(16, 14, 14)
(16, 15, 14)
(16, 16, 11)
(16, 17, 10)
(16, 18, 10)
(16, 19, 10)
(16, 20, 10)
(16, 21, 8)
(16, 22, 7)
(16, 23, 7)
(16, 24, 6)
(16, 25, 5)
(16, 26, 5)
(16, 27, 5)
(16, 28, 5)
(16, 29, 4)
(16, 30, 4)
(16, 31, 4)
(16, 32, 4)
(16, 33, 2)
(16, 34, 2)
(16, 35, 2)
(16, 36, 2)
(16, 37, 2)
(16, 38, 2)
(16, 39, 2)

(17, 0, 51)
(17, 1, 49)
(17, 2, 49)
(17, 3, 46)
(17, 4, 38)
(17, 5, 37)
(17, 6, 28)
(17, 7, 25)
(17, 8, 22)
(17, 9, 22)
(17, 10, 20)
(17, 11, 19)
(17, 12, 18)
(17, 13, 18)
(17, 14, 15)
(17, 15, 15)
(17, 16, 11)
(17, 17, 10)
(17, 18, 10)
(17, 19, 10)
(17, 20, 10)
(17, 21, 8)
(17, 22, 7)
(17, 23, 7)
(17, 24, 7)
(17, 25, 5)
(17, 26, 5)
(17, 27, 5)
(17, 28, 5)
(17, 29, 5)
(17, 30, 5)
(17, 31, 5)
(17, 32, 5)
(17, 33, 3)
(17, 34, 3)
(17, 35, 3)
(17, 36, 3)
(17, 37, 3)
(17, 38, 3)
(17, 39, 3)

(18, 0, 52)
(18, 1, 50)
(18, 2, 50)
(18, 3, 47)
(18, 4, 39)
(18, 5, 38)
(18, 6, 29)
(18, 7, 26)
(18, 8, 23)
(18, 9, 23)
(18, 10, 21)
(18, 11, 20)
(18, 12, 19)
(18, 13, 19)
(18, 14, 16)
(18, 15, 16)
(18, 16, 12)
(18, 17, 11)
(18, 18, 11)
(18, 19, 11)
(18, 20, 11)
(18, 21, 9)
(18, 22, 8)
(18, 23, 8)
(18, 24, 8)
(18, 25, 6)
(18, 26, 6)
(18, 27, 6)
(18, 28, 6)
(18, 29, 6)
(18, 30, 6)
(18, 31, 6)
(18, 32, 6)
(18, 33, 4)
(18, 34, 4)
(18, 35, 4)
(18, 36, 4)
(18, 37, 4)
(18, 38, 4)
(18, 39, 4)

(19, 0, 53)
(19, 1, 51)
(19, 2, 51)
(19, 3, 48)
(19, 4, 40)
(19, 5, 39)
(19, 6, 30)
(19, 7, 27)
(19, 8, 24)
(19, 9, 24)
(19, 10, 22)
(19, 11, 21)
(19, 12, 20)
(19, 13, 20)
(19, 14, 17)
(19, 15, 17)
(19, 16, 13)
(19, 17, 12)
(19, 18, 12)
(19, 19, 12)
(19, 20, 12)
(19, 21, 10)
(19, 22, 9)
(19, 23, 9)
(19, 24, 9)
(19, 25, 7)
(19, 26, 7)
(19, 27, 7)
(19, 28, 7)
(19, 29, 7)
(19, 30, 7)
(19, 31, 7)
(19, 32, 7)
(19, 33, 4)
(19, 34, 4)
(19, 35, 4)
(19, 36, 4)
(19, 37, 4)
(19, 38, 4)
(19, 39, 4)

(20, 0, 54)
(20, 1, 52)
(20, 2, 52)
(20, 3, 49)
(20, 4, 41)
(20, 5, 40)
(20, 6, 31)
(20, 7, 28)
(20, 8, 25)
(20, 9, 25)
(20, 10, 23)
(20, 11, 22)
(20, 12, 21)
(20, 13, 21)
(20, 14, 18)
(20, 15, 18)
(20, 16, 14)
(20, 17, 13)
(20, 18, 13)
(20, 19, 13)
(20, 20, 13)
(20, 21, 11)
(20, 22, 10)
(20, 23, 10)
(20, 24, 10)
(20, 25, 8)
(20, 26, 8)
(20, 27, 8)
(20, 28, 8)
(20, 29, 8)
(20, 30, 8)
(20, 31, 8)
(20, 32, 8)
(20, 33, 5)
(20, 34, 5)
(20, 35, 5)
(20, 36, 5)
(20, 37, 5)
(20, 38, 5)
(20, 39, 5)

(21, 0, 60)
(21, 1, 58)
(21, 2, 57)
(21, 3, 53)
(21, 4, 45)
(21, 5, 44)
(21, 6, 35)
(21, 7, 32)
(21, 8, 28)
(21, 9, 28)
(21, 10, 26)
(21, 11, 25)
(21, 12, 24)
(21, 13, 24)
(21, 14, 21)
(21, 15, 21)
(21, 16, 16)
(21, 17, 15)
(21, 18, 15)
(21, 19, 15)
(21, 20, 15)
(21, 21, 13)
(21, 22, 12)
(21, 23, 10)
(21, 24, 10)
(21, 25, 8)
(21, 26, 8)
(21, 27, 8)
(21, 28, 8)
(21, 29, 8)
(21, 30, 8)
(21, 31, 8)
(21, 32, 8)
(21, 33, 5)
(21, 34, 5)
(21, 35, 5)
(21, 36, 5)
(21, 37, 5)
(21, 38, 4)
(21, 39, 4)

(22, 0, 63)
(22, 1, 61)
(22, 2, 60)
(22, 3, 56)
(22, 4, 48)
(22, 5, 47)
(22, 6, 36)
(22, 7, 33)
(22, 8, 29)
(22, 9, 29)
(22, 10, 27)
(22, 11, 26)
(22, 12, 25)
(22, 13, 25)
(22, 14, 22)
(22, 15, 22)
(22, 16, 16)
(22, 17, 15)
(22, 18, 15)
(22, 19, 15)
(22, 20, 15)
(22, 21, 12)
(22, 22, 11)
(22, 23, 10)
(22, 24, 9)
(22, 25, 7)
(22, 26, 7)
(22, 27, 7)
(22, 28, 7)
(22, 29, 7)
(22, 30, 7)
(22, 31, 7)
(22, 32, 7)
(22, 33, 4)
(22, 34, 4)
(22, 35, 4)
(22, 36, 4)
(22, 37, 4)
(22, 38, 4)
(22, 39, 4)

(23, 0, 67)
(23, 1, 65)
(23, 2, 64)
(23, 3, 60)
(23, 4, 52)
(23, 5, 51)
(23, 6, 39)
(23, 7, 36)
(23, 8, 32)
(23, 9, 32)
(23, 10, 30)
(23, 11, 28)
(23, 12, 27)
(23, 13, 27)
(23, 14, 23)
(23, 15, 23)
(23, 16, 17)
(23, 17, 15)
(23, 18, 15)
(23, 19, 15)
(23, 20, 15)
(23, 21, 12)
(23, 22, 11)
(23, 23, 10)
(23, 24, 10)
(23, 25, 8)
(23, 26, 8)
(23, 27, 8)
(23, 28, 8)
(23, 29, 8)
(23, 30, 8)
(23, 31, 8)
(23, 32, 8)
(23, 33, 5)
(23, 34, 5)
(23, 35, 5)
(23, 36, 5)
(23, 37, 5)
(23, 38, 5)
(23, 39, 5)

(24, 0, 68)
(24, 1, 66)
(24, 2, 65)
(24, 3, 61)
(24, 4, 52)
(24, 5, 51)
(24, 6, 39)
(24, 7, 36)
(24, 8, 32)
(24, 9, 32)
(24, 10, 30)
(24, 11, 28)
(24, 12, 27)
(24, 13, 27)
(24, 14, 23)
(24, 15, 23)
(24, 16, 17)
(24, 17, 15)
(24, 18, 15)
(24, 19, 15)
(24, 20, 15)
(24, 21, 12)
(24, 22, 11)
(24, 23, 10)
(24, 24, 10)
(24, 25, 8)
(24, 26, 8)
(24, 27, 8)
(24, 28, 8)
(24, 29, 8)
(24, 30, 8)
(24, 31, 8)
(24, 32, 8)
(24, 33, 5)
(24, 34, 5)
(24, 35, 5)
(24, 36, 5)
(24, 37, 5)
(24, 38, 5)
(24, 39, 5)

(25, 0, 70)
(25, 1, 68)
(25, 2, 67)
(25, 3, 63)
(25, 4, 54)
(25, 5, 53)
(25, 6, 41)
(25, 7, 38)
(25, 8, 34)
(25, 9, 34)
(25, 10, 32)
(25, 11, 30)
(25, 12, 29)
(25, 13, 29)
(25, 14, 24)
(25, 15, 24)
(25, 16, 18)
(25, 17, 16)
(25, 18, 16)
(25, 19, 16)
(25, 20, 16)
(25, 21, 13)
(25, 22, 12)
(25, 23, 11)
(25, 24, 11)
(25, 25, 9)
(25, 26, 9)
(25, 27, 9)
(25, 28, 9)
(25, 29, 9)
(25, 30, 9)
(25, 31, 9)
(25, 32, 9)
(25, 33, 6)
(25, 34, 6)
(25, 35, 6)
(25, 36, 6)
(25, 37, 6)
(25, 38, 6)
(25, 39, 6)

(26, 0, 71)
(26, 1, 69)
(26, 2, 68)
(26, 3, 64)
(26, 4, 54)
(26, 5, 53)
(26, 6, 41)
(26, 7, 38)
(26, 8, 34)
(26, 9, 34)
(26, 10, 32)
(26, 11, 30)
(26, 12, 29)
(26, 13, 29)
(26, 14, 24)
(26, 15, 24)
(26, 16, 18)
(26, 17, 16)
(26, 18, 16)
(26, 19, 16)
(26, 20, 16)
(26, 21, 13)
(26, 22, 12)
(26, 23, 11)
(26, 24, 11)
(26, 25, 9)
(26, 26, 9)
(26, 27, 9)
(26, 28, 9)
(26, 29, 9)
(26, 30, 9)
(26, 31, 9)
(26, 32, 9)
(26, 33, 6)
(26, 34, 6)
(26, 35, 6)
(26, 36, 6)
(26, 37, 6)
(26, 38, 6)
(26, 39, 6)

(27, 0, 74)
(27, 1, 72)
(27, 2, 71)
(27, 3, 66)
(27, 4, 56)
(27, 5, 55)
(27, 6, 43)
(27, 7, 40)
(27, 8, 36)
(27, 9, 35)
(27, 10, 33)
(27, 11, 31)
(27, 12, 30)
(27, 13, 30)
(27, 14, 25)
(27, 15, 25)
(27, 16, 19)
(27, 17, 17)
(27, 18, 17)
(27, 19, 17)
(27, 20, 17)
(27, 21, 14)
(27, 22, 13)
(27, 23, 12)
(27, 24, 12)
(27, 25, 10)
(27, 26, 10)
(27, 27, 10)
(27, 28, 10)
(27, 29, 10)
(27, 30, 10)
(27, 31, 10)
(27, 32, 10)
(27, 33, 7)
(27, 34, 7)
(27, 35, 7)
(27, 36, 7)
(27, 37, 7)
(27, 38, 7)
(27, 39, 7)

(28, 0, 79)
(28, 1, 77)
(28, 2, 76)
(28, 3, 69)
(28, 4, 59)
(28, 5, 58)
(28, 6, 46)
(28, 7, 43)
(28, 8, 39)
(28, 9, 38)
(28, 10, 36)
(28, 11, 34)
(28, 12, 33)
(28, 13, 33)
(28, 14, 27)
(28, 15, 27)
(28, 16, 21)
(28, 17, 19)
(28, 18, 19)
(28, 19, 19)
(28, 20, 19)
(28, 21, 16)
(28, 22, 15)
(28, 23, 14)
(28, 24, 14)
(28, 25, 12)
(28, 26, 11)
(28, 27, 11)
(28, 28, 11)
(28, 29, 11)
(28, 30, 11)
(28, 31, 11)
(28, 32, 11)
(28, 33, 8)
(28, 34, 8)
(28, 35, 8)
(28, 36, 8)
(28, 37, 7)
(28, 38, 7)
(28, 39, 7)

(29, 0, 79)
(29, 1, 77)
(29, 2, 76)
(29, 3, 69)
(29, 4, 59)
(29, 5, 58)
(29, 6, 46)
(29, 7, 43)
(29, 8, 39)
(29, 9, 38)
(29, 10, 36)
(29, 11, 34)
(29, 12, 33)
(29, 13, 33)
(29, 14, 27)
(29, 15, 27)
(29, 16, 21)
(29, 17, 19)
(29, 18, 19)
(29, 19, 19)
(29, 20, 19)
(29, 21, 16)
(29, 22, 15)
(29, 23, 14)
(29, 24, 14)
(29, 25, 12)
(29, 26, 11)
(29, 27, 11)
(29, 28, 11)
(29, 29, 11)
(29, 30, 11)
(29, 31, 11)
(29, 32, 11)
(29, 33, 8)
(29, 34, 8)
(29, 35, 8)
(29, 36, 8)
(29, 37, 7)
(29, 38, 7)
(29, 39, 7)

(30, 0, 82)
(30, 1, 79)
(30, 2, 78)
(30, 3, 71)
(30, 4, 61)
(30, 5, 60)
(30, 6, 48)
(30, 7, 45)
(30, 8, 41)
(30, 9, 40)
(30, 10, 37)
(30, 11, 35)
(30, 12, 34)
(30, 13, 34)
(30, 14, 28)
(30, 15, 28)
(30, 16, 22)
(30, 17, 19)
(30, 18, 19)
(30, 19, 19)
(30, 20, 19)
(30, 21, 16)
(30, 22, 15)
(30, 23, 14)
(30, 24, 14)
(30, 25, 12)
(30, 26, 11)
(30, 27, 11)
(30, 28, 11)
(30, 29, 11)
(30, 30, 11)
(30, 31, 11)
(30, 32, 11)
(30, 33, 7)
(30, 34, 7)
(30, 35, 7)
(30, 36, 7)
(30, 37, 7)
(30, 38, 7)
(30, 39, 7)

(31, 0, 82)
(31, 1, 79)
(31, 2, 78)
(31, 3, 71)
(31, 4, 61)
(31, 5, 60)
(31, 6, 48)
(31, 7, 45)
(31, 8, 41)
(31, 9, 40)
(31, 10, 37)
(31, 11, 35)
(31, 12, 34)
(31, 13, 34)
(31, 14, 28)
(31, 15, 28)
(31, 16, 22)
(31, 17, 19)
(31, 18, 19)
(31, 19, 19)
(31, 20, 19)
(31, 21, 16)
(31, 22, 15)
(31, 23, 14)
(31, 24, 14)
(31, 25, 12)
(31, 26, 11)
(31, 27, 11)
(31, 28, 11)
(31, 29, 11)
(31, 30, 11)
(31, 31, 11)
(31, 32, 11)
(31, 33, 7)
(31, 34, 7)
(31, 35, 7)
(31, 36, 7)
(31, 37, 7)
(31, 38, 7)
(31, 39, 7)

(32, 0, 83)
(32, 1, 80)
(32, 2, 79)
(32, 3, 72)
(32, 4, 62)
(32, 5, 61)
(32, 6, 49)
(32, 7, 46)
(32, 8, 42)
(32, 9, 41)
(32, 10, 38)
(32, 11, 36)
(32, 12, 35)
(32, 13, 35)
(32, 14, 29)
(32, 15, 29)
(32, 16, 23)
(32, 17, 20)
(32, 18, 20)
(32, 19, 20)
(32, 20, 20)
(32, 21, 17)
(32, 22, 16)
(32, 23, 15)
(32, 24, 15)
(32, 25, 13)
(32, 26, 12)
(32, 27, 12)
(32, 28, 12)
(32, 29, 12)
(32, 30, 11)
(32, 31, 11)
(32, 32, 11)
(32, 33, 7)
(32, 34, 7)
(32, 35, 7)
(32, 36, 7)
(32, 37, 7)
(32, 38, 7)
(32, 39, 7)

(33, 0, 87)
(33, 1, 84)
(33, 2, 83)
(33, 3, 74)
(33, 4, 64)
(33, 5, 63)
(33, 6, 51)
(33, 7, 47)
(33, 8, 43)
(33, 9, 42)
(33, 10, 39)
(33, 11, 37)
(33, 12, 36)
(33, 13, 36)
(33, 14, 30)
(33, 15, 30)
(33, 16, 24)
(33, 17, 21)
(33, 18, 21)
(33, 19, 21)
(33, 20, 21)
(33, 21, 18)
(33, 22, 17)
(33, 23, 16)
(33, 24, 16)
(33, 25, 13)
(33, 26, 12)
(33, 27, 12)
(33, 28, 12)
(33, 29, 12)
(33, 30, 11)
(33, 31, 11)
(33, 32, 11)
(33, 33, 7)
(33, 34, 7)
(33, 35, 7)
(33, 36, 7)
(33, 37, 7)
(33, 38, 7)
(33, 39, 7)

(34, 0, 90)
(34, 1, 87)
(34, 2, 85)
(34, 3, 76)
(34, 4, 65)
(34, 5, 63)
(34, 6, 51)
(34, 7, 47)
(34, 8, 43)
(34, 9, 42)
(34, 10, 39)
(34, 11, 37)
(34, 12, 36)
(34, 13, 36)
(34, 14, 30)
(34, 15, 30)
(34, 16, 24)
(34, 17, 21)
(34, 18, 21)
(34, 19, 21)
(34, 20, 21)
(34, 21, 18)
(34, 22, 17)
(34, 23, 16)
(34, 24, 16)
(34, 25, 13)
(34, 26, 12)
(34, 27, 12)
(34, 28, 12)
(34, 29, 12)
(34, 30, 11)
(34, 31, 11)
(34, 32, 11)
(34, 33, 7)
(34, 34, 7)
(34, 35, 7)
(34, 36, 7)
(34, 37, 7)
(34, 38, 7)
(34, 39, 7)

(35, 0, 92)
(35, 1, 89)
(35, 2, 87)
(35, 3, 78)
(35, 4, 66)
(35, 5, 64)
(35, 6, 52)
(35, 7, 48)
(35, 8, 43)
(35, 9, 42)
(35, 10, 39)
(35, 11, 37)
(35, 12, 36)
(35, 13, 36)
(35, 14, 30)
(35, 15, 30)
(35, 16, 24)
(35, 17, 21)
(35, 18, 21)
(35, 19, 21)
(35, 20, 21)
(35, 21, 18)
(35, 22, 17)
(35, 23, 16)
(35, 24, 16)
(35, 25, 13)
(35, 26, 12)
(35, 27, 12)
(35, 28, 12)
(35, 29, 12)
(35, 30, 11)
(35, 31, 11)
(35, 32, 11)
(35, 33, 7)
(35, 34, 7)
(35, 35, 7)
(35, 36, 7)
(35, 37, 7)
(35, 38, 7)
(35, 39, 7)

(36, 0, 95)
(36, 1, 92)
(36, 2, 90)
(36, 3, 81)
(36, 4, 69)
(36, 5, 67)
(36, 6, 54)
(36, 7, 50)
(36, 8, 45)
(36, 9, 44)
(36, 10, 40)
(36, 11, 38)
(36, 12, 37)
(36, 13, 37)
(36, 14, 31)
(36, 15, 31)
(36, 16, 25)
(36, 17, 22)
(36, 18, 22)
(36, 19, 22)
(36, 20, 22)
(36, 21, 19)
(36, 22, 18)
(36, 23, 17)
(36, 24, 17)
(36, 25, 14)
(36, 26, 13)
(36, 27, 13)
(36, 28, 13)
(36, 29, 13)
(36, 30, 12)
(36, 31, 12)
(36, 32, 12)
(36, 33, 8)
(36, 34, 8)
(36, 35, 8)
(36, 36, 8)
(36, 37, 7)
(36, 38, 7)
(36, 39, 7)

(37, 0, 99)
(37, 1, 96)
(37, 2, 94)
(37, 3, 85)
(37, 4, 72)
(37, 5, 70)
(37, 6, 56)
(37, 7, 51)
(37, 8, 46)
(37, 9, 45)
(37, 10, 42)
(37, 11, 40)
(37, 12, 39)
(37, 13, 39)
(37, 14, 33)
(37, 15, 33)
(37, 16, 27)
(37, 17, 24)
(37, 18, 24)
(37, 19, 24)
(37, 20, 23)
(37, 21, 19)
(37, 22, 18)
(37, 23, 17)
(37, 24, 17)
(37, 25, 14)
(37, 26, 13)
(37, 27, 12)
(37, 28, 12)
(37, 29, 12)
(37, 30, 11)
(37, 31, 11)
(37, 32, 11)
(37, 33, 7)
(37, 34, 7)
(37, 35, 7)
(37, 36, 7)
(37, 37, 7)
(37, 38, 7)
(37, 39, 7)

(38, 0, 108)
(38, 1, 104)
(38, 2, 102)
(38, 3, 93)
(38, 4, 78)
(38, 5, 75)
(38, 6, 61)
(38, 7, 53)
(38, 8, 47)
(38, 9, 46)
(38, 10, 42)
(38, 11, 40)
(38, 12, 39)
(38, 13, 39)
(38, 14, 33)
(38, 15, 33)
(38, 16, 27)
(38, 17, 24)
(38, 18, 24)
(38, 19, 22)
(38, 20, 22)
(38, 21, 18)
(38, 22, 17)
(38, 23, 16)
(38, 24, 16)
(38, 25, 13)
(38, 26, 12)
(38, 27, 12)
(38, 28, 12)
(38, 29, 12)
(38, 30, 11)
(38, 31, 11)
(38, 32, 11)
(38, 33, 7)
(38, 34, 7)
(38, 35, 7)
(38, 36, 7)
(38, 37, 7)
(38, 38, 7)
(38, 39, 7)

(39, 0, 111)
(39, 1, 107)
(39, 2, 105)
(39, 3, 95)
(39, 4, 80)
(39, 5, 77)
(39, 6, 60)
(39, 7, 53)
(39, 8, 47)
(39, 9, 46)
(39, 10, 42)
(39, 11, 40)
(39, 12, 39)
(39, 13, 39)
(39, 14, 32)
(39, 15, 32)
(39, 16, 25)
(39, 17, 22)
(39, 18, 22)
(39, 19, 22)
(39, 20, 22)
(39, 21, 18)
(39, 22, 17)
(39, 23, 16)
(39, 24, 16)
(39, 25, 13)
(39, 26, 12)
(39, 27, 12)
(39, 28, 12)
(39, 29, 12)
(39, 30, 11)
(39, 31, 11)
(39, 32, 11)
(39, 33, 7)
(39, 34, 7)
(39, 35, 7)
(39, 36, 7)
(39, 37, 7)
(39, 38, 7)
(39, 39, 7)


Betti numbers:
xi_0:
(0, 0, 3)
(1, 0, 2)
(2, 0, 2)
(3, 0, 1)
(4, 0, 1)
(5, 0, 3)
(6, 0, 4)
(7, 0, 2)
(8, 0, 2)
(9, 0, 6)
(10, 0, 3)
(12, 0, 1)
(13, 0, 2)
(14, 0, 4)
(15, 0, 4)
(16, 0, 6)
(17, 0, 5)
(18, 0, 1)
(19, 0, 1)
(20, 0, 1)
(21, 0, 6)
(22, 0, 3)
(23, 0, 4)
(24, 0, 1)
(25, 0, 2)
(26, 0, 1)
(27, 0, 3)
(28, 0, 5)
(30, 0, 3)
(32, 0, 1)
(33, 0, 4)
(34, 0, 3)
(35, 0, 2)
(36, 0, 3)
(37, 0, 4)
(38, 0, 9)
(39, 0, 3)
xi_1:
(0, 25, 1)
(1, 3, 1)
(1, 8, 1)
(1, 23, 1)
(2, 6, 2)
(2, 16, 1)
(3, 6, 1)
(4, 14, 1)
(5, 4, 1)
(5, 14, 1)
(5, 33, 1)
(6, 4, 1)
(6, 11, 1)
(6, 16, 1)
(6, 21, 1)
(6, 25, 1)
(7, 3, 1)
(8, 20, 1)
(8, 25, 1)
(9, 6, 3)
(9, 7, 2)
(9, 8, 1)
(9, 16, 1)
(10, 4, 1)
(10, 5, 1)
(10, 6, 1)
(13, 4, 1)
(13, 14, 1)
(14, 1, 1)
(14, 4, 1)
(14, 7, 1)
(14, 10, 1)
(15, 6, 1)
(15, 22, 1)
(15, 24, 1)
(15, 27, 1)
(15, 37, 1)
(16, 4, 1)
(16, 6, 2)
(16, 8, 1)
(16, 13, 1)
(16, 17, 1)
(16, 21, 1)
(16, 29, 1)
(16, 33, 1)
(17, 1, 1)
(17, 3, 1)
(17, 4, 2)
(17, 10, 1)
(17, 12, 1)
(17, 16, 1)
(17, 17, 1)
(17, 25, 1)
(19, 33, 1)
(21, 2, 1)
(21, 3, 1)
(21, 8, 1)
(21, 16, 1)
(21, 23, 2)
(21, 38, 1)
(22, 6, 2)
(22, 16, 1)
(22, 21, 1)
(22, 24, 1)
(23, 6, 1)
(23, 11, 1)
(23, 14, 1)
(23, 17, 1)
(24, 4, 1)
(25, 14, 1)
(26, 4, 1)
(27, 3, 1)
(27, 9, 1)
(28, 3, 2)
(28, 14, 1)
(28, 26, 1)
(28, 37, 1)
(30, 1, 1)
(30, 10, 1)
(30, 17, 1)
(30, 33, 1)
(32, 30, 1)
(33, 3, 2)
(33, 7, 1)
(33, 25, 1)
(34, 2, 1)
(34, 4, 1)
(34, 5, 1)
(35, 4, 1)
(35, 8, 1)
(36, 6, 1)
(36, 10, 1)
(36, 37, 1)
(37, 4, 1)
(37, 6, 1)
(37, 7, 1)
(37, 20, 1)
(37, 21, 1)
(37, 27, 1)
(38, 1, 1)
(38, 4, 2)
(38, 5, 1)
(38, 7, 3)
(38, 8, 1)
(38, 10, 1)
(38, 19, 2)
(39, 3, 1)
(39, 6, 3)
(39, 14, 1)
(39, 16, 1)
xi_2:
(1, 25, 1)
(2, 23, 1)
(9, 20, 1)
(9, 25, 1)
(16, 27, 1)
(16, 37, 1)
(17, 6, 1)
(17, 13, 1)
(17, 17, 1)
(17, 24, 1)
(17, 29, 1)
(22, 23, 1)
(22, 38, 1)
(23, 24, 1)
(30, 37, 1)
(37, 10, 1)
(37, 37, 1)
(38, 20, 1)
(38, 27, 1)
(39, 7, 1)
(39, 19, 2)
