x-grades
-39916136000144577/25000000000000000
-78365578244983743/50000000000000000
-19224721122419583/12500000000000000
-75432190734372921/50000000000000000
-7396549697906751/5000000000000000
-72498803223762099/50000000000000000
-4439506841778543/3125000000000000
-69565415713151277/50000000000000000
-34049360978922933/25000000000000000
-13326405640508091/10000000000000000
-16291333611808761/12500000000000000
-63698640691929633/50000000000000000
-31115973468312111/25000000000000000
-60765253181318811/50000000000000000
-296492797130067/250000000000000
-57831865670707989/50000000000000000
-28182585957701289/25000000000000000
-54898478160097167/50000000000000000
-13357946101197939/12500000000000000
-10393018129897269/10000000000000000
-25249198447090467/25000000000000000
-49031703138875523/50000000000000000
-743203271618283/781250000000000
-46098315628264701/50000000000000000
-4463162187295929/5000000000000000
-43164928117653879/50000000000000000
-10424558590587117/12500000000000000
-40231540607043057/50000000000000000
-19382423425868823/25000000000000000
-7459630619286447/10000000000000000
-4478932417640853/6250000000000000
-34364765585821413/50000000000000000
-16449035915258001/25000000000000000
-31431378075210591/50000000000000000
-1498234215995259/2500000000000000
-28497990564599769/50000000000000000
-13515648404647179/25000000000000000
-25564603053988947/50000000000000000
-1506119331167721/3125000000000000
-7241988973881/16000000000000

y-grades
9999971/40000000
9999971/20000000
29999913/40000000
9999971/10000000
9999971/8000000
29999913/20000000
69999797/40000000
9999971/5000000
89999739/40000000
9999971/4000000
109999681/40000000
29999913/10000000
129999623/40000000
69999797/20000000
29999913/8000000
9999971/2500000
169999507/40000000
89999739/20000000
189999449/40000000
9999971/2000000
209999391/40000000
109999681/20000000
229999333/40000000
29999913/5000000
9999971/1600000
129999623/20000000
269999217/40000000
69999797/10000000
289999159/40000000
29999913/4000000
309999101/40000000
9999971/1250000
329999043/40000000
169999507/20000000
69999797/8000000
89999739/10000000
369998927/40000000
189999449/20000000
389998869/40000000
9999971/1000000

Dimensions > 0:
(0, 0, 1)
(0, 1, 1)
(0, 2, 1)
(0, 3, 1)
(0, 4, 1)
(0, 5, 1)
(0, 6, 1)
(0, 7, 1)
(0, 8, 1)
(0, 9, 1)
(0, 10, 1)
(0, 11, 1)
(0, 12, 1)
(0, 13, 1)
(0, 14, 1)
(0, 15, 1)
(0, 16, 1)
(0, 17, 1)
(0, 18, 1)
(0, 19, 1)
(0, 20, 1)
(0, 21, 1)
(0, 22, 1)
(0, 23, 1)
(0, 24, 1)
(0, 25, 1)
(0, 26, 1)
(0, 27, 1)
(0, 28, 1)
(0, 29, 1)
(0, 30, 1)
(0, 31, 1)
(0, 32, 1)
(0, 33, 1)
(0, 34, 1)
(0, 35, 1)
(0, 36, 1)
(0, 37, 1)
(0, 38, 1)
(0, 39, 1)

(1, 0, 1)
(1, 1, 1)
(1, 2, 1)
(1, 3, 1)
(1, 4, 1)
(1, 5, 1)
(1, 6, 1)
(1, 7, 1)
(1, 8, 1)
(1, 9, 1)
(1, 10, 1)
(1, 11, 1)
(1, 12, 1)
(1, 13, 1)
(1, 14, 1)
(1, 15, 1)
(1, 16, 1)
(1, 17, 1)
(1, 18, 1)
(1, 19, 1)
(1, 20, 1)
(1, 21, 1)
(1, 22, 1)
(1, 23, 1)
(1, 24, 1)
(1, 25, 1)
(1, 26, 1)
(1, 27, 1)
(1, 28, 1)
(1, 29, 1)
(1, 30, 1)
(1, 31, 1)
(1, 32, 1)
(1, 33, 1)
(1, 34, 1)
(1, 35, 1)
(1, 36, 1)
(1, 37, 1)
(1, 38, 1)
(1, 39, 1)

(2, 0, 3)
(2, 1, 3)
(2, 2, 3)
(2, 3, 3)
(2, 4, 3)
(2, 5, 3)
(2, 6, 3)
(2, 7, 3)
(2, 8, 3)
(2, 9, 3)
(2, 10, 3)
(2, 11, 2)
(2, 12, 2)
(2, 13, 2)
(2, 14, 2)
(2, 15, 2)
(2, 16, 2)
(2, 17, 2)
(2, 18, 2)
(2, 19, 2)
(2, 20, 2)
(2, 21, 2)
(2, 22, 2)
(2, 23, 2)
(2, 24, 2)
(2, 25, 2)
(2, 26, 2)
(2, 27, 2)
(2, 28, 2)
(2, 29, 2)
(2, 30, 2)
(2, 31, 2)
(2, 32, 2)
(2, 33, 2)
(2, 34, 2)
(2, 35, 2)
(2, 36, 2)
(2, 37, 2)
(2, 38, 2)
(2, 39, 2)

(3, 0, 8)
(3, 1, 8)
(3, 2, 6)
(3, 3, 6)
(3, 4, 5)
(3, 5, 5)
(3, 6, 5)
(3, 7, 5)
(3, 8, 5)
(3, 9, 5)
(3, 10, 5)
(3, 11, 3)
(3, 12, 3)
(3, 13, 3)
(3, 14, 3)
(3, 15, 2)
(3, 16, 2)
(3, 17, 2)
(3, 18, 2)
(3, 19, 2)
(3, 20, 2)
(3, 21, 2)
(3, 22, 2)
(3, 23, 2)
(3, 24, 2)
(3, 25, 2)
(3, 26, 2)
(3, 27, 2)
(3, 28, 2)
(3, 29, 2)
(3, 30, 2)
(3, 31, 2)
(3, 32, 2)
(3, 33, 2)
(3, 34, 2)
(3, 35, 2)
(3, 36, 2)
(3, 37, 2)
(3, 38, 2)
(3, 39, 2)

(4, 0, 17)
(4, 1, 15)
(4, 2, 11)
(4, 3, 10)
(4, 4, 8)
(4, 5, 8)
(4, 6, 8)
(4, 7, 8)
(4, 8, 8)
(4, 9, 8)
(4, 10, 8)
(4, 11, 4)
(4, 12, 4)
(4, 13, 4)
(4, 14, 4)
(4, 15, 4)
(4, 16, 4)
(4, 17, 3)
(4, 18, 3)
(4, 19, 3)
(4, 20, 3)
(4, 21, 3)
(4, 22, 3)
(4, 23, 3)
(4, 24, 3)
(4, 25, 3)
(4, 26, 3)
(4, 27, 3)
(4, 28, 3)
(4, 29, 3)
(4, 30, 3)
(4, 31, 3)
(4, 32, 3)
(4, 33, 3)
(4, 34, 3)
(4, 35, 3)
(4, 36, 3)
(4, 37, 3)
(4, 38, 3)
(4, 39, 3)

(5, 0, 24)
(5, 1, 19)
(5, 2, 13)
(5, 3, 12)
(5, 4, 10)
(5, 5, 10)
(5, 6, 10)
(5, 7, 9)
(5, 8, 9)
(5, 9, 9)
(5, 10, 9)
(5, 11, 5)
(5, 12, 5)
(5, 13, 5)
(5, 14, 5)
(5, 15, 4)
(5, 16, 4)
(5, 17, 3)
(5, 18, 3)
(5, 19, 3)
(5, 20, 3)
(5, 21, 3)
(5, 22, 3)
(5, 23, 3)
(5, 24, 3)
(5, 25, 3)
(5, 26, 3)
(5, 27, 3)
(5, 28, 3)
(5, 29, 3)
(5, 30, 3)
(5, 31, 3)
(5, 32, 3)
(5, 33, 3)
(5, 34, 3)
(5, 35, 3)
(5, 36, 3)
(5, 37, 3)
(5, 38, 3)
(5, 39, 3)

(6, 0, 33)
(6, 1, 23)
(6, 2, 15)
(6, 3, 14)
(6, 4, 11)
(6, 5, 11)
(6, 6, 11)
(6, 7, 10)
(6, 8, 10)
(6, 9, 10)
(6, 10, 9)
(6, 11, 5)
(6, 12, 5)
(6, 13, 4)
(6, 14, 4)
(6, 15, 4)
(6, 16, 4)
(6, 17, 3)
(6, 18, 3)
(6, 19, 3)
(6, 20, 3)
(6, 21, 3)
(6, 22, 3)
(6, 23, 3)
(6, 24, 3)
(6, 25, 3)
(6, 26, 3)
(6, 27, 3)
(6, 28, 3)
(6, 29, 3)
(6, 30, 3)
(6, 31, 3)
(6, 32, 3)
(6, 33, 3)
(6, 34, 3)
(6, 35, 3)
(6, 36, 3)
(6, 37, 3)
(6, 38, 3)
(6, 39, 3)

(7, 0, 39)
(7, 1, 28)
(7, 2, 20)
(7, 3, 19)
(7, 4, 16)
(7, 5, 15)
(7, 6, 15)
(7, 7, 13)
(7, 8, 13)
(7, 9, 12)
(7, 10, 11)
(7, 11, 6)
(7, 12, 6)
(7, 13, 6)
(7, 14, 6)
(7, 15, 6)
(7, 16, 6)
(7, 17, 5)
(7, 18, 5)
(7, 19, 5)
(7, 20, 5)
(7, 21, 5)
(7, 22, 5)
(7, 23, 5)
(7, 24, 5)
(7, 25, 5)
(7, 26, 5)
(7, 27, 5)
(7, 28, 5)
(7, 29, 5)
(7, 30, 5)
(7, 31, 5)
(7, 32, 5)
(7, 33, 4)
(7, 34, 4)
(7, 35, 4)
(7, 36, 4)
(7, 37, 4)
(7, 38, 4)
(7, 39, 4)

(8, 0, 50)
(8, 1, 37)
(8, 2, 25)
(8, 3, 24)
(8, 4, 19)
(8, 5, 18)
(8, 6, 18)
(8, 7, 16)
(8, 8, 16)
(8, 9, 15)
(8, 10, 12)
(8, 11, 7)
(8, 12, 7)
(8, 13, 6)
(8, 14, 6)
(8, 15, 6)
(8, 16, 6)
(8, 17, 5)
(8, 18, 5)
(8, 19, 5)
(8, 20, 5)
(8, 21, 5)
(8, 22, 5)
(8, 23, 5)
(8, 24, 5)
(8, 25, 5)
(8, 26, 5)
(8, 27, 5)
(8, 28, 5)
(8, 29, 5)
(8, 30, 5)
(8, 31, 5)
(8, 32, 5)
(8, 33, 4)
(8, 34, 4)
(8, 35, 4)
(8, 36, 4)
(8, 37, 4)
(8, 38, 4)
(8, 39, 4)

(9, 0, 62)
(9, 1, 48)
(9, 2, 30)
(9, 3, 28)
(9, 4, 21)
(9, 5, 19)
(9, 6, 19)
(9, 7, 17)
(9, 8, 17)
(9, 9, 16)
(9, 10, 13)
(9, 11, 7)
(9, 12, 7)
(9, 13, 7)
(9, 14, 6)
(9, 15, 6)
(9, 16, 6)
(9, 17, 5)
(9, 18, 5)
(9, 19, 5)
(9, 20, 5)
(9, 21, 5)
(9, 22, 5)
(9, 23, 5)
(9, 24, 5)
(9, 25, 5)
(9, 26, 5)
(9, 27, 5)
(9, 28, 5)
(9, 29, 5)
(9, 30, 5)
(9, 31, 5)
(9, 32, 5)
(9, 33, 4)
(9, 34, 4)
(9, 35, 4)
(9, 36, 4)
(9, 37, 4)
(9, 38, 4)
(9, 39, 4)

(10, 0, 72)
(10, 1, 54)
(10, 2, 33)
(10, 3, 31)
(10, 4, 24)
(10, 5, 22)
(10, 6, 22)
(10, 7, 20)
(10, 8, 19)
(10, 9, 18)
(10, 10, 13)
(10, 11, 7)
(10, 12, 7)
(10, 13, 7)
(10, 14, 7)
(10, 15, 7)
(10, 16, 7)
(10, 17, 6)
(10, 18, 6)
(10, 19, 6)
(10, 20, 6)
(10, 21, 6)
(10, 22, 6)
(10, 23, 6)
(10, 24, 6)
(10, 25, 6)
(10, 26, 6)
(10, 27, 6)
(10, 28, 6)
(10, 29, 6)
(10, 30, 6)
(10, 31, 6)
(10, 32, 6)
(10, 33, 5)
(10, 34, 5)
(10, 35, 5)
(10, 36, 5)
(10, 37, 5)
(10, 38, 5)
(10, 39, 5)

(11, 0, 77)
(11, 1, 59)
(11, 2, 36)
(11, 3, 34)
(11, 4, 26)
(11, 5, 24)
(11, 6, 24)
(11, 7, 22)
(11, 8, 21)
(11, 9, 20)
(11, 10, 15)
(11, 11, 9)
(11, 12, 9)
(11, 13, 9)
(11, 14, 9)
(11, 15, 9)
(11, 16, 8)
(11, 17, 7)
(11, 18, 7)
(11, 19, 7)
(11, 20, 7)
(11, 21, 7)
(11, 22, 7)
(11, 23, 7)
(11, 24, 7)
(11, 25, 7)
(11, 26, 7)
(11, 27, 7)
(11, 28, 7)
(11, 29, 7)
(11, 30, 7)
(11, 31, 7)
(11, 32, 7)
(11, 33, 6)
(11, 34, 6)
(11, 35, 6)
(11, 36, 6)
(11, 37, 6)
(11, 38, 6)
(11, 39, 6)

(12, 0, 81)
(12, 1, 62)
(12, 2, 37)
(12, 3, 35)
(12, 4, 27)
(12, 5, 25)
(12, 6, 25)
(12, 7, 23)
(12, 8, 22)
(12, 9, 21)
(12, 10, 16)
(12, 11, 9)
(12, 12, 9)
(12, 13, 9)
(12, 14, 8)
(12, 15, 8)
(12, 16, 8)
(12, 17, 7)
(12, 18, 7)
(12, 19, 7)
(12, 20, 7)
(12, 21, 7)
(12, 22, 7)
(12, 23, 7)
(12, 24, 7)
(12, 25, 7)
(12, 26, 7)
(12, 27, 7)
(12, 28, 7)
(12, 29, 7)
(12, 30, 7)
(12, 31, 7)
(12, 32, 7)
(12, 33, 6)
(12, 34, 6)
(12, 35, 6)
(12, 36, 6)
(12, 37, 6)
(12, 38, 6)
(12, 39, 6)

(13, 0, 85)
(13, 1, 66)
(13, 2, 40)
(13, 3, 38)
(13, 4, 30)
(13, 5, 28)
(13, 6, 27)
(13, 7, 25)
(13, 8, 24)
(13, 9, 23)
(13, 10, 17)
(13, 11, 10)
(13, 12, 10)
(13, 13, 9)
(13, 14, 9)
(13, 15, 9)
(13, 16, 9)
(13, 17, 8)
(13, 18, 8)
(13, 19, 8)
(13, 20, 8)
(13, 21, 8)
(13, 22, 8)
(13, 23, 8)
(13, 24, 8)
(13, 25, 8)
(13, 26, 8)
(13, 27, 8)
(13, 28, 8)
(13, 29, 8)
(13, 30, 8)
(13, 31, 8)
(13, 32, 8)
(13, 33, 6)
(13, 34, 6)
(13, 35, 6)
(13, 36, 6)
(13, 37, 6)
(13, 38, 6)
(13, 39, 6)

(14, 0, 103)
(14, 1, 75)
(14, 2, 44)
(14, 3, 41)
(14, 4, 32)
(14, 5, 30)
(14, 6, 29)
(14, 7, 27)
(14, 8, 25)
(14, 9, 24)
(14, 10, 17)
(14, 11, 9)
(14, 12, 9)
(14, 13, 9)
(14, 14, 9)
(14, 15, 9)
(14, 16, 9)
(14, 17, 8)
(14, 18, 8)
(14, 19, 8)
(14, 20, 8)
(14, 21, 8)
(14, 22, 8)
(14, 23, 8)
(14, 24, 8)
(14, 25, 8)
(14, 26, 8)
(14, 27, 8)
(14, 28, 8)
(14, 29, 8)
(14, 30, 8)
(14, 31, 8)
(14, 32, 8)
(14, 33, 6)
(14, 34, 6)
(14, 35, 6)
(14, 36, 6)
(14, 37, 6)
(14, 38, 6)
(14, 39, 6)

(15, 0, 114)
(15, 1, 81)
(15, 2, 48)
(15, 3, 44)
(15, 4, 34)
(15, 5, 32)
(15, 6, 31)
(15, 7, 29)
(15, 8, 26)
(15, 9, 25)
(15, 10, 18)
(15, 11, 10)
(15, 12, 10)
(15, 13, 10)
(15, 14, 10)
(15, 15, 10)
(15, 16, 10)
(15, 17, 9)
(15, 18, 9)
(15, 19, 9)
(15, 20, 9)
(15, 21, 9)
(15, 22, 9)
(15, 23, 9)
(15, 24, 9)
(15, 25, 9)
(15, 26, 9)
(15, 27, 9)
(15, 28, 9)
(15, 29, 9)
(15, 30, 9)
(15, 31, 9)
(15, 32, 9)
(15, 33, 7)
(15, 34, 7)
(15, 35, 7)
(15, 36, 7)
(15, 37, 7)
(15, 38, 7)
(15, 39, 7)

(16, 0, 135)
(16, 1, 89)
(16, 2, 52)
(16, 3, 47)
(16, 4, 36)
(16, 5, 33)
(16, 6, 32)
(16, 7, 30)
(16, 8, 27)
(16, 9, 26)
(16, 10, 19)
(16, 11, 11)
(16, 12, 11)
(16, 13, 11)
(16, 14, 11)
(16, 15, 11)
(16, 16, 11)
(16, 17, 10)
(16, 18, 10)
(16, 19, 10)
(16, 20, 10)
(16, 21, 10)
(16, 22, 10)
(16, 23, 10)
(16, 24, 10)
(16, 25, 10)
(16, 26, 10)
(16, 27, 10)
(16, 28, 10)
(16, 29, 10)
(16, 30, 10)
(16, 31, 10)
(16, 32, 10)
(16, 33, 8)
(16, 34, 8)
(16, 35, 7)
(16, 36, 7)
(16, 37, 7)
(16, 38, 7)
(16, 39, 6)

(17, 0, 144)
(17, 1, 96)
(17, 2, 58)
(17, 3, 52)
(17, 4, 40)
(17, 5, 37)
(17, 6, 36)
(17, 7, 34)
(17, 8, 31)
(17, 9, 29)
(17, 10, 22)
(17, 11, 14)
(17, 12, 14)
(17, 13, 14)
(17, 14, 14)
(17, 15, 14)
(17, 16, 14)
(17, 17, 13)
(17, 18, 13)
(17, 19, 13)
(17, 20, 13)
(17, 21, 13)
(17, 22, 13)
(17, 23, 13)
(17, 24, 12)
(17, 25, 12)
(17, 26, 12)
(17, 27, 12)
(17, 28, 12)
(17, 29, 11)
(17, 30, 11)
(17, 31, 11)
(17, 32, 10)
(17, 33, 8)
(17, 34, 8)
(17, 35, 7)
(17, 36, 7)
(17, 37, 7)
(17, 38, 7)
(17, 39, 7)

(18, 0, 154)
(18, 1, 106)
(18, 2, 66)
(18, 3, 60)
(18, 4, 47)
(18, 5, 44)
(18, 6, 42)
(18, 7, 40)
(18, 8, 35)
(18, 9, 33)
(18, 10, 24)
(18, 11, 16)
(18, 12, 14)
(18, 13, 13)
(18, 14, 13)
(18, 15, 13)
(18, 16, 13)
(18, 17, 12)
(18, 18, 11)
(18, 19, 11)
(18, 20, 11)
(18, 21, 11)
(18, 22, 11)
(18, 23, 11)
(18, 24, 11)
(18, 25, 11)
(18, 26, 11)
(18, 27, 11)
(18, 28, 11)
(18, 29, 10)
(18, 30, 10)
(18, 31, 10)
(18, 32, 10)
(18, 33, 8)
(18, 34, 8)
(18, 35, 7)
(18, 36, 7)
(18, 37, 7)
(18, 38, 7)
(18, 39, 7)

(19, 0, 162)
(19, 1, 114)
(19, 2, 74)
(19, 3, 67)
(19, 4, 54)
(19, 5, 48)
(19, 6, 44)
(19, 7, 41)
(19, 8, 36)
(19, 9, 34)
(19, 10, 25)
(19, 11, 16)
(19, 12, 14)
(19, 13, 14)
(19, 14, 14)
(19, 15, 14)
(19, 16, 14)
(19, 17, 13)
(19, 18, 12)
(19, 19, 12)
(19, 20, 12)
(19, 21, 12)
(19, 22, 12)
(19, 23, 11)
(19, 24, 11)
(19, 25, 11)
(19, 26, 11)
(19, 27, 11)
(19, 28, 11)
(19, 29, 10)
(19, 30, 10)
(19, 31, 10)
(19, 32, 10)
(19, 33, 8)
(19, 34, 8)
(19, 35, 7)
(19, 36, 7)
(19, 37, 7)
(19, 38, 7)
(19, 39, 7)

(20, 0, 174)
(20, 1, 125)
(20, 2, 83)
(20, 3, 75)
(20, 4, 62)
(20, 5, 52)
(20, 6, 47)
(20, 7, 43)
(20, 8, 38)
(20, 9, 36)
(20, 10, 27)
(20, 11, 17)
(20, 12, 14)
(20, 13, 14)
(20, 14, 14)
(20, 15, 14)
(20, 16, 14)
(20, 17, 12)
(20, 18, 12)
(20, 19, 12)
(20, 20, 12)
(20, 21, 12)
(20, 22, 12)
(20, 23, 11)
(20, 24, 11)
(20, 25, 11)
(20, 26, 11)
(20, 27, 10)
(20, 28, 10)
(20, 29, 10)
(20, 30, 10)
(20, 31, 10)
(20, 32, 10)
(20, 33, 8)
(20, 34, 8)
(20, 35, 7)
(20, 36, 7)
(20, 37, 7)
(20, 38, 7)
(20, 39, 7)

(21, 0, 185)
(21, 1, 136)
(21, 2, 94)
(21, 3, 84)
(21, 4, 71)
(21, 5, 56)
(21, 6, 51)
(21, 7, 45)
(21, 8, 41)
(21, 9, 39)
(21, 10, 29)
(21, 11, 19)
(21, 12, 16)
(21, 13, 16)
(21, 14, 16)
(21, 15, 16)
(21, 16, 15)
(21, 17, 13)
(21, 18, 13)
(21, 19, 13)
(21, 20, 13)
(21, 21, 12)
(21, 22, 12)
(21, 23, 12)
(21, 24, 11)
(21, 25, 11)
(21, 26, 11)
(21, 27, 10)
(21, 28, 10)
(21, 29, 10)
(21, 30, 10)
(21, 31, 10)
(21, 32, 10)
(21, 33, 8)
(21, 34, 8)
(21, 35, 7)
(21, 36, 7)
(21, 37, 7)
(21, 38, 7)
(21, 39, 7)

(22, 0, 208)
(22, 1, 156)
(22, 2, 110)
(22, 3, 94)
(22, 4, 81)
(22, 5, 64)
(22, 6, 58)
(22, 7, 51)
(22, 8, 47)
(22, 9, 43)
(22, 10, 33)
(22, 11, 22)
(22, 12, 19)
(22, 13, 19)
(22, 14, 18)
(22, 15, 17)
(22, 16, 16)
(22, 17, 14)
(22, 18, 14)
(22, 19, 13)
(22, 20, 13)
(22, 21, 13)
(22, 22, 13)
(22, 23, 13)
(22, 24, 12)
(22, 25, 11)
(22, 26, 11)
(22, 27, 11)
(22, 28, 11)
(22, 29, 11)
(22, 30, 11)
(22, 31, 11)
(22, 32, 11)
(22, 33, 9)
(22, 34, 9)
(22, 35, 8)
(22, 36, 8)
(22, 37, 8)
(22, 38, 8)
(22, 39, 8)

(23, 0, 217)
(23, 1, 164)
(23, 2, 118)
(23, 3, 99)
(23, 4, 86)
(23, 5, 67)
(23, 6, 61)
(23, 7, 54)
(23, 8, 49)
(23, 9, 46)
(23, 10, 34)
(23, 11, 23)
(23, 12, 20)
(23, 13, 20)
(23, 14, 19)
(23, 15, 18)
(23, 16, 17)
(23, 17, 15)
(23, 18, 15)
(23, 19, 14)
(23, 20, 14)
(23, 21, 14)
(23, 22, 14)
(23, 23, 14)
(23, 24, 13)
(23, 25, 12)
(23, 26, 12)
(23, 27, 12)
(23, 28, 12)
(23, 29, 12)
(23, 30, 12)
(23, 31, 12)
(23, 32, 12)
(23, 33, 10)
(23, 34, 10)
(23, 35, 9)
(23, 36, 8)
(23, 37, 8)
(23, 38, 8)
(23, 39, 8)

(24, 0, 235)
(24, 1, 174)
(24, 2, 127)
(24, 3, 105)
(24, 4, 91)
(24, 5, 68)
(24, 6, 62)
(24, 7, 55)
(24, 8, 50)
(24, 9, 47)
(24, 10, 35)
(24, 11, 24)
(24, 12, 21)
(24, 13, 21)
(24, 14, 20)
(24, 15, 18)
(24, 16, 17)
(24, 17, 15)
(24, 18, 15)
(24, 19, 14)
(24, 20, 13)
(24, 21, 13)
(24, 22, 13)
(24, 23, 13)
(24, 24, 12)
(24, 25, 12)
(24, 26, 12)
(24, 27, 12)
(24, 28, 12)
(24, 29, 12)
(24, 30, 12)
(24, 31, 12)
(24, 32, 12)
(24, 33, 10)
(24, 34, 10)
(24, 35, 8)
(24, 36, 8)
(24, 37, 8)
(24, 38, 8)
(24, 39, 8)

(25, 0, 247)
(25, 1, 186)
(25, 2, 139)
(25, 3, 116)
(25, 4, 101)
(25, 5, 76)
(25, 6, 67)
(25, 7, 60)
(25, 8, 55)
(25, 9, 52)
(25, 10, 39)
(25, 11, 27)
(25, 12, 24)
(25, 13, 24)
(25, 14, 22)
(25, 15, 21)
(25, 16, 20)
(25, 17, 18)
(25, 18, 17)
(25, 19, 14)
(25, 20, 14)
(25, 21, 14)
(25, 22, 14)
(25, 23, 14)
(25, 24, 13)
(25, 25, 13)
(25, 26, 13)
(25, 27, 13)
(25, 28, 13)
(25, 29, 13)
(25, 30, 13)
(25, 31, 13)
(25, 32, 13)
(25, 33, 11)
(25, 34, 11)
(25, 35, 9)
(25, 36, 9)
(25, 37, 9)
(25, 38, 9)
(25, 39, 9)

(26, 0, 259)
(26, 1, 198)
(26, 2, 150)
(26, 3, 126)
(26, 4, 109)
(26, 5, 79)
(26, 6, 71)
(26, 7, 64)
(26, 8, 59)
(26, 9, 56)
(26, 10, 41)
(26, 11, 29)
(26, 12, 26)
(26, 13, 24)
(26, 14, 23)
(26, 15, 22)
(26, 16, 21)
(26, 17, 18)
(26, 18, 17)
(26, 19, 15)
(26, 20, 15)
(26, 21, 14)
(26, 22, 14)
(26, 23, 14)
(26, 24, 13)
(26, 25, 13)
(26, 26, 12)
(26, 27, 12)
(26, 28, 12)
(26, 29, 12)
(26, 30, 12)
(26, 31, 12)
(26, 32, 12)
(26, 33, 10)
(26, 34, 10)
(26, 35, 8)
(26, 36, 8)
(26, 37, 8)
(26, 38, 8)
(26, 39, 8)

(27, 0, 277)
(27, 1, 213)
(27, 2, 163)
(27, 3, 134)
(27, 4, 117)
(27, 5, 86)
(27, 6, 76)
(27, 7, 69)
(27, 8, 63)
(27, 9, 60)
(27, 10, 42)
(27, 11, 30)
(27, 12, 26)
(27, 13, 24)
(27, 14, 22)
(27, 15, 20)
(27, 16, 19)
(27, 17, 16)
(27, 18, 15)
(27, 19, 13)
(27, 20, 13)
(27, 21, 13)
(27, 22, 13)
(27, 23, 13)
(27, 24, 12)
(27, 25, 12)
(27, 26, 12)
(27, 27, 12)
(27, 28, 12)
(27, 29, 12)
(27, 30, 12)
(27, 31, 12)
(27, 32, 12)
(27, 33, 10)
(27, 34, 10)
(27, 35, 8)
(27, 36, 8)
(27, 37, 8)
(27, 38, 8)
(27, 39, 8)

(28, 0, 299)
(28, 1, 230)
(28, 2, 180)
(28, 3, 149)
(28, 4, 132)
(28, 5, 96)
(28, 6, 82)
(28, 7, 74)
(28, 8, 68)
(28, 9, 65)
(28, 10, 45)
(28, 11, 32)
(28, 12, 26)
(28, 13, 24)
(28, 14, 23)
(28, 15, 22)
(28, 16, 21)
(28, 17, 18)
(28, 18, 17)
(28, 19, 15)
(28, 20, 15)
(28, 21, 15)
(28, 22, 15)
(28, 23, 14)
(28, 24, 13)
(28, 25, 13)
(28, 26, 13)
(28, 27, 13)
(28, 28, 13)
(28, 29, 13)
(28, 30, 13)
(28, 31, 13)
(28, 32, 13)
(28, 33, 11)
(28, 34, 10)
(28, 35, 8)
(28, 36, 8)
(28, 37, 7)
(28, 38, 7)
(28, 39, 7)

(29, 0, 334)
(29, 1, 259)
(29, 2, 205)
(29, 3, 169)
(29, 4, 151)
(29, 5, 106)
(29, 6, 88)
(29, 7, 78)
(29, 8, 72)
(29, 9, 68)
(29, 10, 44)
(29, 11, 31)
(29, 12, 25)
(29, 13, 24)
(29, 14, 23)
(29, 15, 22)
(29, 16, 21)
(29, 17, 18)
(29, 18, 17)
(29, 19, 15)
(29, 20, 15)
(29, 21, 15)
(29, 22, 15)
(29, 23, 14)
(29, 24, 13)
(29, 25, 13)
(29, 26, 13)
(29, 27, 13)
(29, 28, 13)
(29, 29, 13)
(29, 30, 13)
(29, 31, 13)
(29, 32, 13)
(29, 33, 11)
(29, 34, 10)
(29, 35, 8)
(29, 36, 7)
(29, 37, 7)
(29, 38, 7)
(29, 39, 7)

(30, 0, 364)
(30, 1, 289)
(30, 2, 233)
(30, 3, 190)
(30, 4, 170)
(30, 5, 116)
(30, 6, 96)
(30, 7, 86)
(30, 8, 80)
(30, 9, 77)
(30, 10, 51)
(30, 11, 37)
(30, 12, 27)
(30, 13, 26)
(30, 14, 24)
(30, 15, 23)
(30, 16, 22)
(30, 17, 19)
(30, 18, 18)
(30, 19, 16)
(30, 20, 16)
(30, 21, 16)
(30, 22, 16)
(30, 23, 14)
(30, 24, 13)
(30, 25, 13)
(30, 26, 13)
(30, 27, 13)
(30, 28, 13)
(30, 29, 13)
(30, 30, 12)
(30, 31, 12)
(30, 32, 12)
(30, 33, 10)
(30, 34, 10)
(30, 35, 8)
(30, 36, 7)
(30, 37, 7)
(30, 38, 7)
(30, 39, 7)

(31, 0, 387)
(31, 1, 310)
(31, 2, 254)
(31, 3, 208)
(31, 4, 188)
(31, 5, 124)
(31, 6, 104)
(31, 7, 94)
(31, 8, 86)
(31, 9, 83)
(31, 10, 53)
(31, 11, 39)
(31, 12, 29)
(31, 13, 27)
(31, 14, 25)
(31, 15, 24)
(31, 16, 23)
(31, 17, 20)
(31, 18, 18)
(31, 19, 16)
(31, 20, 16)
(31, 21, 16)
(31, 22, 16)
(31, 23, 14)
(31, 24, 13)
(31, 25, 13)
(31, 26, 13)
(31, 27, 12)
(31, 28, 12)
(31, 29, 11)
(31, 30, 11)
(31, 31, 11)
(31, 32, 11)
(31, 33, 9)
(31, 34, 9)
(31, 35, 7)
(31, 36, 7)
(31, 37, 7)
(31, 38, 7)
(31, 39, 7)

(32, 0, 420)
(32, 1, 336)
(32, 2, 279)
(32, 3, 226)
(32, 4, 204)
(32, 5, 131)
(32, 6, 111)
(32, 7, 101)
(32, 8, 93)
(32, 9, 89)
(32, 10, 55)
(32, 11, 41)
(32, 12, 31)
(32, 13, 28)
(32, 14, 26)
(32, 15, 25)
(32, 16, 23)
(32, 17, 20)
(32, 18, 19)
(32, 19, 17)
(32, 20, 17)
(32, 21, 17)
(32, 22, 17)
(32, 23, 15)
(32, 24, 14)
(32, 25, 14)
(32, 26, 14)
(32, 27, 13)
(32, 28, 12)
(32, 29, 11)
(32, 30, 11)
(32, 31, 11)
(32, 32, 11)
(32, 33, 9)
(32, 34, 9)
(32, 35, 7)
(32, 36, 7)
(32, 37, 7)
(32, 38, 7)
(32, 39, 7)

(33, 0, 454)
(33, 1, 363)
(33, 2, 302)
(33, 3, 244)
(33, 4, 219)
(33, 5, 134)
(33, 6, 112)
(33, 7, 102)
(33, 8, 94)
(33, 9, 90)
(33, 10, 56)
(33, 11, 42)
(33, 12, 32)
(33, 13, 29)
(33, 14, 27)
(33, 15, 26)
(33, 16, 23)
(33, 17, 20)
(33, 18, 19)
(33, 19, 17)
(33, 20, 16)
(33, 21, 16)
(33, 22, 16)
(33, 23, 14)
(33, 24, 13)
(33, 25, 13)
(33, 26, 13)
(33, 27, 12)
(33, 28, 12)
(33, 29, 11)
(33, 30, 11)
(33, 31, 11)
(33, 32, 11)
(33, 33, 9)
(33, 34, 9)
(33, 35, 7)
(33, 36, 7)
(33, 37, 7)
(33, 38, 7)
(33, 39, 7)

(34, 0, 501)
(34, 1, 404)
(34, 2, 340)
(34, 3, 277)
(34, 4, 251)
(34, 5, 152)
(34, 6, 124)
(34, 7, 111)
(34, 8, 102)
(34, 9, 95)
(34, 10, 59)
(34, 11, 42)
(34, 12, 33)
(34, 13, 29)
(34, 14, 27)
(34, 15, 25)
(34, 16, 23)
(34, 17, 19)
(34, 18, 18)
(34, 19, 16)
(34, 20, 16)
(34, 21, 16)
(34, 22, 16)
(34, 23, 14)
(34, 24, 13)
(34, 25, 13)
(34, 26, 13)
(34, 27, 12)
(34, 28, 12)
(34, 29, 11)
(34, 30, 11)
(34, 31, 11)
(34, 32, 11)
(34, 33, 9)
(34, 34, 8)
(34, 35, 6)
(34, 36, 6)
(34, 37, 6)
(34, 38, 6)
(34, 39, 6)

(35, 0, 540)
(35, 1, 438)
(35, 2, 368)
(35, 3, 302)
(35, 4, 274)
(35, 5, 167)
(35, 6, 134)
(35, 7, 118)
(35, 8, 107)
(35, 9, 102)
(35, 10, 61)
(35, 11, 45)
(35, 12, 33)
(35, 13, 28)
(35, 14, 27)
(35, 15, 26)
(35, 16, 24)
(35, 17, 20)
(35, 18, 19)
(35, 19, 17)
(35, 20, 17)
(35, 21, 17)
(35, 22, 17)
(35, 23, 15)
(35, 24, 14)
(35, 25, 14)
(35, 26, 14)
(35, 27, 13)
(35, 28, 13)
(35, 29, 12)
(35, 30, 12)
(35, 31, 12)
(35, 32, 11)
(35, 33, 9)
(35, 34, 8)
(35, 35, 6)
(35, 36, 6)
(35, 37, 6)
(35, 38, 6)
(35, 39, 6)

(36, 0, 570)
(36, 1, 463)
(36, 2, 391)
(36, 3, 321)
(36, 4, 293)
(36, 5, 179)
(36, 6, 141)
(36, 7, 124)
(36, 8, 112)
(36, 9, 106)
(36, 10, 64)
(36, 11, 46)
(36, 12, 31)
(36, 13, 28)
(36, 14, 27)
(36, 15, 26)
(36, 16, 24)
(36, 17, 20)
(36, 18, 19)
(36, 19, 17)
(36, 20, 17)
(36, 21, 17)
(36, 22, 17)
(36, 23, 15)
(36, 24, 14)
(36, 25, 14)
(36, 26, 14)
(36, 27, 12)
(36, 28, 12)
(36, 29, 10)
(36, 30, 10)
(36, 31, 10)
(36, 32, 10)
(36, 33, 8)
(36, 34, 8)
(36, 35, 6)
(36, 36, 6)
(36, 37, 6)
(36, 38, 6)
(36, 39, 6)

(37, 0, 592)
(37, 1, 483)
(37, 2, 410)
(37, 3, 335)
(37, 4, 303)
(37, 5, 186)
(37, 6, 150)
(37, 7, 131)
(37, 8, 120)
(37, 9, 111)
(37, 10, 67)
(37, 11, 49)
(37, 12, 31)
(37, 13, 28)
(37, 14, 27)
(37, 15, 26)
(37, 16, 24)
(37, 17, 20)
(37, 18, 19)
(37, 19, 16)
(37, 20, 16)
(37, 21, 16)
(37, 22, 16)
(37, 23, 14)
(37, 24, 13)
(37, 25, 12)
(37, 26, 12)
(37, 27, 11)
(37, 28, 11)
(37, 29, 10)
(37, 30, 10)
(37, 31, 10)
(37, 32, 10)
(37, 33, 8)
(37, 34, 8)
(37, 35, 6)
(37, 36, 6)
(37, 37, 6)
(37, 38, 6)
(37, 39, 6)

(38, 0, 617)
(38, 1, 506)
(38, 2, 431)
(38, 3, 353)
(38, 4, 319)
(38, 5, 198)
(38, 6, 157)
(38, 7, 137)
(38, 8, 125)
(38, 9, 117)
(38, 10, 67)
(38, 11, 48)
(38, 12, 30)
(38, 13, 27)
(38, 14, 26)
(38, 15, 25)
(38, 16, 23)
(38, 17, 19)
(38, 18, 18)
(38, 19, 16)
(38, 20, 16)
(38, 21, 16)
(38, 22, 15)
(38, 23, 13)
(38, 24, 12)
(38, 25, 12)
(38, 26, 12)
(38, 27, 11)
(38, 28, 11)
(38, 29, 10)
(38, 30, 10)
(38, 31, 10)
(38, 32, 10)
(38, 33, 8)
(38, 34, 8)
(38, 35, 6)
(38, 36, 6)
(38, 37, 6)
(38, 38, 6)
(38, 39, 6)

(39, 0, 638)
(39, 1, 524)
(39, 2, 444)
(39, 3, 362)
(39, 4, 327)
(39, 5, 199)
(39, 6, 157)
(39, 7, 136)
(39, 8, 124)
(39, 9, 115)
(39, 10, 67)
(39, 11, 48)
(39, 12, 31)
(39, 13, 28)
(39, 14, 26)
(39, 15, 25)
(39, 16, 23)
(39, 17, 19)
(39, 18, 18)
(39, 19, 16)
(39, 20, 16)
(39, 21, 16)
(39, 22, 15)
(39, 23, 13)
(39, 24, 12)
(39, 25, 12)
(39, 26, 12)
(39, 27, 11)
(39, 28, 11)
(39, 29, 10)
(39, 30, 10)
(39, 31, 10)
(39, 32, 10)
(39, 33, 8)
(39, 34, 8)
(39, 35, 6)
(39, 36, 6)
(39, 37, 6)
(39, 38, 6)
(39, 39, 6)


Betti numbers:
xi_0:
(0, 0, 1)
(2, 0, 2)
(3, 0, 5)
(4, 0, 9)
(5, 0, 7)
(6, 0, 9)
(7, 0, 6)
(8, 0, 11)
(9, 0, 12)
(10, 0, 10)
(11, 0, 5)
(12, 0, 4)
(13, 0, 4)
(14, 0, 18)
(15, 0, 11)
(16, 0, 21)
(17, 0, 9)
(18, 0, 10)
(19, 0, 8)
(20, 0, 12)
(21, 0, 11)
(22, 0, 23)
(23, 0, 9)
(24, 0, 18)
(25, 0, 12)
(26, 0, 12)
(27, 0, 18)
(28, 0, 22)
(29, 0, 35)
(30, 0, 30)
(31, 0, 23)
(32, 0, 33)
(33, 0, 34)
(34, 0, 47)
(35, 0, 39)
(36, 0, 30)
(37, 0, 22)
(38, 0, 25)
(39, 0, 21)
xi_1:
(2, 11, 1)
(3, 2, 2)
(3, 4, 1)
(3, 11, 1)
(3, 15, 1)
(4, 1, 2)
(4, 2, 2)
(4, 3, 1)
(4, 4, 1)
(4, 11, 2)
(4, 17, 1)
(5, 1, 3)
(5, 2, 2)
(5, 7, 1)
(5, 15, 1)
(6, 1, 5)
(6, 2, 2)
(6, 4, 1)
(6, 10, 1)
(6, 11, 1)
(6, 13, 1)
(7, 1, 1)
(7, 5, 1)
(7, 7, 1)
(7, 9, 1)
(7, 11, 1)
(7, 33, 1)
(8, 1, 2)
(8, 2, 4)
(8, 4, 2)
(8, 10, 2)
(8, 13, 1)
(9, 1, 1)
(9, 2, 6)
(9, 3, 1)
(9, 4, 2)
(9, 5, 1)
(9, 11, 1)
(9, 14, 1)
(10, 1, 4)
(10, 2, 3)
(10, 8, 1)
(10, 10, 2)
(11, 2, 2)
(11, 4, 1)
(11, 16, 1)
(12, 1, 1)
(12, 2, 2)
(12, 11, 1)
(12, 14, 1)
(13, 2, 1)
(13, 6, 1)
(13, 10, 1)
(13, 13, 1)
(13, 33, 1)
(14, 1, 9)
(14, 2, 5)
(14, 3, 1)
(14, 4, 1)
(14, 8, 1)
(14, 10, 1)
(14, 11, 1)
(15, 1, 5)
(15, 2, 2)
(15, 3, 1)
(15, 4, 1)
(15, 8, 1)
(16, 1, 13)
(16, 2, 4)
(16, 3, 2)
(16, 4, 1)
(16, 5, 1)
(16, 35, 1)
(16, 39, 1)
(17, 1, 2)
(17, 2, 1)
(17, 3, 1)
(17, 4, 1)
(17, 9, 1)
(17, 24, 1)
(17, 29, 1)
(17, 32, 1)
(18, 2, 2)
(18, 4, 1)
(18, 6, 1)
(18, 8, 2)
(18, 10, 2)
(18, 12, 2)
(18, 13, 1)
(18, 18, 1)
(18, 29, 1)
(19, 3, 1)
(19, 5, 3)
(19, 6, 2)
(19, 7, 1)
(19, 11, 1)
(19, 23, 1)
(20, 1, 1)
(20, 2, 2)
(20, 3, 1)
(20, 5, 4)
(20, 6, 1)
(20, 7, 1)
(20, 11, 1)
(20, 12, 1)
(20, 17, 1)
(20, 27, 1)
(21, 3, 2)
(21, 5, 5)
(21, 7, 2)
(21, 10, 1)
(21, 16, 1)
(21, 21, 1)
(21, 24, 1)
(22, 1, 3)
(22, 2, 4)
(22, 3, 6)
(22, 5, 2)
(22, 6, 1)
(22, 7, 1)
(22, 9, 2)
(22, 11, 1)
(22, 14, 1)
(22, 15, 1)
(22, 19, 1)
(22, 25, 1)
(23, 1, 1)
(23, 3, 3)
(23, 5, 2)
(23, 8, 1)
(23, 10, 2)
(23, 36, 1)
(24, 1, 8)
(24, 2, 1)
(24, 3, 3)
(24, 4, 1)
(24, 5, 4)
(24, 15, 1)
(24, 20, 1)
(24, 35, 1)
(25, 3, 1)
(25, 4, 1)
(25, 5, 3)
(25, 6, 3)
(25, 10, 1)
(25, 11, 1)
(25, 14, 1)
(25, 18, 1)
(25, 19, 2)
(26, 2, 1)
(26, 3, 1)
(26, 4, 2)
(26, 5, 5)
(26, 6, 1)
(26, 10, 2)
(26, 13, 2)
(26, 17, 1)
(26, 21, 1)
(26, 26, 1)
(27, 1, 3)
(27, 2, 2)
(27, 3, 5)
(27, 4, 1)
(27, 5, 1)
(27, 6, 2)
(27, 8, 1)
(27, 10, 3)
(27, 11, 1)
(27, 12, 1)
(27, 13, 1)
(27, 14, 1)
(27, 15, 1)
(28, 1, 5)
(28, 3, 2)
(28, 5, 5)
(28, 6, 4)
(28, 7, 1)
(28, 10, 2)
(28, 11, 1)
(28, 12, 2)
(28, 23, 1)
(28, 34, 1)
(28, 37, 1)
(29, 1, 6)
(29, 2, 4)
(29, 3, 5)
(29, 4, 1)
(29, 5, 9)
(29, 6, 4)
(29, 7, 2)
(29, 9, 1)
(29, 10, 5)
(29, 12, 3)
(29, 36, 1)
(30, 2, 2)
(30, 3, 7)
(30, 4, 2)
(30, 5, 9)
(30, 6, 2)
(30, 10, 2)
(30, 11, 1)
(30, 12, 4)
(30, 14, 1)
(30, 23, 1)
(30, 30, 1)
(31, 1, 2)
(31, 3, 3)
(31, 5, 10)
(31, 8, 2)
(31, 10, 4)
(31, 13, 1)
(31, 18, 1)
(31, 27, 1)
(31, 29, 1)
(32, 1, 7)
(32, 2, 1)
(32, 3, 7)
(32, 4, 2)
(32, 5, 9)
(32, 9, 1)
(32, 10, 5)
(32, 13, 1)
(32, 14, 1)
(32, 16, 1)
(32, 28, 1)
(33, 1, 7)
(33, 2, 4)
(33, 3, 5)
(33, 4, 3)
(33, 5, 12)
(33, 6, 2)
(33, 9, 1)
(33, 10, 2)
(33, 16, 1)
(33, 20, 1)
(34, 1, 6)
(34, 2, 3)
(34, 3, 5)
(34, 4, 1)
(34, 5, 14)
(34, 6, 6)
(34, 7, 3)
(34, 8, 1)
(34, 9, 3)
(34, 10, 3)
(34, 11, 3)
(34, 13, 1)
(34, 15, 1)
(34, 17, 1)
(34, 34, 1)
(35, 1, 5)
(35, 2, 6)
(35, 3, 3)
(35, 4, 2)
(35, 5, 8)
(35, 6, 5)
(35, 7, 3)
(35, 8, 2)
(35, 10, 5)
(35, 11, 1)
(35, 12, 3)
(35, 13, 2)
(35, 32, 1)
(35, 34, 1)
(36, 1, 5)
(36, 2, 2)
(36, 3, 4)
(36, 5, 7)
(36, 6, 5)
(36, 7, 1)
(36, 8, 1)
(36, 9, 1)
(36, 10, 2)
(36, 11, 2)
(36, 12, 5)
(36, 27, 1)
(36, 29, 1)
(37, 1, 2)
(37, 2, 1)
(37, 3, 5)
(37, 4, 4)
(37, 5, 4)
(37, 7, 2)
(37, 9, 3)
(37, 10, 2)
(37, 12, 3)
(37, 19, 1)
(37, 25, 1)
(38, 1, 2)
(38, 2, 2)
(38, 3, 3)
(38, 4, 2)
(38, 5, 4)
(38, 6, 5)
(38, 7, 2)
(38, 8, 1)
(38, 10, 6)
(38, 11, 1)
(38, 12, 1)
(38, 22, 1)
(39, 1, 3)
(39, 2, 5)
(39, 3, 4)
(39, 4, 1)
(39, 5, 7)
(39, 6, 2)
(39, 7, 1)
(39, 9, 1)
(39, 10, 2)
(39, 11, 1)
(39, 12, 1)
(39, 14, 1)
xi_2:
(4, 15, 1)
(6, 11, 1)
(6, 15, 1)
(7, 13, 1)
(9, 13, 1)
(10, 14, 1)
(12, 16, 1)
(13, 14, 1)
(14, 13, 1)
(16, 3, 1)
(17, 39, 1)
(18, 24, 1)
(18, 29, 1)
(18, 32, 1)
(19, 13, 1)
(20, 18, 1)
(20, 29, 1)
(21, 8, 1)
(21, 23, 1)
(22, 21, 1)
(22, 27, 1)
(23, 9, 1)
(24, 25, 1)
(24, 36, 1)
(25, 5, 1)
(25, 15, 1)
(25, 20, 1)
(26, 6, 2)
(26, 14, 1)
(26, 19, 1)
(27, 4, 1)
(27, 11, 1)
(27, 13, 1)
(27, 21, 1)
(27, 26, 1)
(28, 14, 1)
(28, 15, 1)
(29, 10, 1)
(29, 12, 3)
(29, 13, 1)
(29, 37, 1)
(30, 9, 1)
(30, 34, 1)
(31, 30, 1)
(31, 36, 1)
(32, 10, 1)
(32, 14, 1)
(32, 18, 1)
(33, 9, 1)
(33, 10, 2)
(33, 28, 1)
(34, 10, 1)
(34, 12, 1)
(34, 16, 1)
(34, 20, 1)
(35, 9, 2)
(35, 11, 2)
(35, 13, 1)
(35, 14, 1)
(35, 15, 1)
(35, 34, 1)
(36, 10, 1)
(36, 12, 2)
(36, 13, 2)
(36, 32, 1)
(36, 34, 1)
(37, 5, 1)
(37, 6, 2)
(37, 8, 1)
(37, 27, 1)
(37, 29, 1)
(38, 7, 1)
(38, 9, 1)
(38, 12, 1)
(38, 19, 1)
(38, 25, 1)
(39, 6, 1)
(39, 10, 4)
(39, 11, 1)
(39, 12, 2)
