x-grades
-310806060551016587/200000000000000000
-152607487511192137/100000000000000000
-299623889493751961/200000000000000000
-9188525123909989/6250000000000000
-57688343687297467/40000000000000000
-141425316453927511/100000000000000000
-277259547379222709/200000000000000000
-67917115462647599/50000000000000000
-266077376321958083/200000000000000000
-26048629079332577/20000000000000000
-254895205264693457/200000000000000000
-31163014967007643/25000000000000000
-243713034207428831/200000000000000000
-119060974339398259/100000000000000000
-46506172630032841/40000000000000000
-56734944405382973/50000000000000000
-221348692092899579/200000000000000000
-107878803282133633/100000000000000000
-210166521035634953/200000000000000000
-2557192943837533/2500000000000000
-198984349978370327/200000000000000000
-96696632224869007/100000000000000000
-187802178921105701/200000000000000000
-45552773348118347/50000000000000000
-7064800314553643/8000000000000000
-85514461167604381/100000000000000000
-165437836806576449/200000000000000000
-19980843909743017/25000000000000000
-154255665749311823/200000000000000000
-14866458022067951/20000000000000000
-143073494692047197/200000000000000000
-34370602290853721/50000000000000000
-131891323634782571/200000000000000000
-63150119053075129/100000000000000000
-24141830515503589/40000000000000000
-899359898819419/1562500000000000
-109526981520253319/200000000000000000
-51967947995810503/100000000000000000
-98344810462988693/200000000000000000
-4637686246717819/10000000000000000

y-grades
1999877/8000000
1999877/4000000
5999631/8000000
1999877/2000000
1999877/1600000
5999631/4000000
13999139/8000000
1999877/1000000
17998893/8000000
1999877/800000
21998647/8000000
5999631/2000000
25998401/8000000
13999139/4000000
5999631/1600000
1999877/500000
33997909/8000000
17998893/4000000
37997663/8000000
1999877/400000
41997417/8000000
21998647/4000000
45997171/8000000
5999631/1000000
1999877/320000
25998401/4000000
53996679/8000000
13999139/2000000
57996433/8000000
5999631/800000
61996187/8000000
1999877/250000
65995941/8000000
33997909/4000000
13999139/1600000
17998893/2000000
73995449/8000000
37997663/4000000
77995203/8000000
1999877/200000

Dimensions > 0:
(0, 0, 4)
(0, 1, 4)
(0, 2, 4)
(0, 3, 4)
(0, 4, 4)
(0, 5, 3)
(0, 6, 3)
(0, 7, 3)
(0, 8, 3)
(0, 9, 3)
(0, 10, 3)
(0, 11, 3)
(0, 12, 3)
(0, 13, 2)
(0, 14, 2)
(0, 15, 2)
(0, 16, 2)
(0, 17, 2)
(0, 18, 2)
(0, 19, 2)
(0, 20, 2)
(0, 21, 2)
(0, 22, 2)
(0, 23, 2)
(0, 24, 2)
(0, 25, 2)
(0, 26, 2)
(0, 27, 2)
(0, 28, 2)
(0, 29, 2)
(0, 30, 2)
(0, 31, 2)
(0, 32, 2)
(0, 33, 2)
(0, 34, 2)
(0, 35, 2)
(0, 36, 2)
(0, 37, 2)
(0, 38, 2)
(0, 39, 2)

(1, 0, 15)
(1, 1, 15)
(1, 2, 11)
(1, 3, 9)
(1, 4, 9)
(1, 5, 8)
(1, 6, 7)
(1, 7, 6)
(1, 8, 6)
(1, 9, 6)
(1, 10, 6)
(1, 11, 6)
(1, 12, 5)
(1, 13, 4)
(1, 14, 4)
(1, 15, 3)
(1, 16, 3)
(1, 17, 3)
(1, 18, 3)
(1, 19, 3)
(1, 20, 3)
(1, 21, 3)
(1, 22, 3)
(1, 23, 2)
(1, 24, 2)
(1, 25, 2)
(1, 26, 2)
(1, 27, 2)
(1, 28, 2)
(1, 29, 2)
(1, 30, 2)
(1, 31, 2)
(1, 32, 2)
(1, 33, 2)
(1, 34, 2)
(1, 35, 2)
(1, 36, 2)
(1, 37, 2)
(1, 38, 2)
(1, 39, 2)

(2, 0, 28)
(2, 1, 26)
(2, 2, 15)
(2, 3, 13)
(2, 4, 12)
(2, 5, 10)
(2, 6, 8)
(2, 7, 6)
(2, 8, 5)
(2, 9, 4)
(2, 10, 4)
(2, 11, 4)
(2, 12, 3)
(2, 13, 2)
(2, 14, 2)
(2, 15, 2)
(2, 16, 2)
(2, 17, 2)
(2, 18, 2)
(2, 19, 2)
(2, 20, 2)
(2, 21, 2)
(2, 22, 2)
(2, 23, 2)
(2, 24, 2)
(2, 25, 2)
(2, 26, 2)
(2, 27, 2)
(2, 28, 2)
(2, 29, 2)
(2, 30, 2)
(2, 31, 2)
(2, 32, 2)
(2, 33, 2)
(2, 34, 2)
(2, 35, 2)
(2, 36, 2)
(2, 37, 2)
(2, 38, 2)
(2, 39, 2)

(3, 0, 31)
(3, 1, 28)
(3, 2, 17)
(3, 3, 15)
(3, 4, 14)
(3, 5, 12)
(3, 6, 10)
(3, 7, 8)
(3, 8, 7)
(3, 9, 6)
(3, 10, 6)
(3, 11, 6)
(3, 12, 5)
(3, 13, 4)
(3, 14, 3)
(3, 15, 3)
(3, 16, 3)
(3, 17, 3)
(3, 18, 3)
(3, 19, 3)
(3, 20, 3)
(3, 21, 3)
(3, 22, 3)
(3, 23, 3)
(3, 24, 3)
(3, 25, 3)
(3, 26, 3)
(3, 27, 3)
(3, 28, 3)
(3, 29, 3)
(3, 30, 3)
(3, 31, 3)
(3, 32, 3)
(3, 33, 3)
(3, 34, 3)
(3, 35, 3)
(3, 36, 3)
(3, 37, 3)
(3, 38, 3)
(3, 39, 3)

(4, 0, 33)
(4, 1, 29)
(4, 2, 18)
(4, 3, 16)
(4, 4, 15)
(4, 5, 13)
(4, 6, 11)
(4, 7, 8)
(4, 8, 7)
(4, 9, 6)
(4, 10, 6)
(4, 11, 6)
(4, 12, 5)
(4, 13, 4)
(4, 14, 3)
(4, 15, 3)
(4, 16, 3)
(4, 17, 3)
(4, 18, 3)
(4, 19, 3)
(4, 20, 3)
(4, 21, 3)
(4, 22, 3)
(4, 23, 3)
(4, 24, 3)
(4, 25, 3)
(4, 26, 3)
(4, 27, 3)
(4, 28, 3)
(4, 29, 3)
(4, 30, 3)
(4, 31, 3)
(4, 32, 3)
(4, 33, 3)
(4, 34, 3)
(4, 35, 3)
(4, 36, 3)
(4, 37, 3)
(4, 38, 3)
(4, 39, 3)

(5, 0, 38)
(5, 1, 33)
(5, 2, 22)
(5, 3, 20)
(5, 4, 18)
(5, 5, 16)
(5, 6, 13)
(5, 7, 10)
(5, 8, 9)
(5, 9, 8)
(5, 10, 8)
(5, 11, 7)
(5, 12, 6)
(5, 13, 5)
(5, 14, 4)
(5, 15, 4)
(5, 16, 4)
(5, 17, 4)
(5, 18, 4)
(5, 19, 4)
(5, 20, 4)
(5, 21, 4)
(5, 22, 4)
(5, 23, 4)
(5, 24, 4)
(5, 25, 4)
(5, 26, 4)
(5, 27, 4)
(5, 28, 4)
(5, 29, 4)
(5, 30, 4)
(5, 31, 4)
(5, 32, 4)
(5, 33, 4)
(5, 34, 4)
(5, 35, 4)
(5, 36, 4)
(5, 37, 4)
(5, 38, 4)
(5, 39, 4)

(6, 0, 48)
(6, 1, 43)
(6, 2, 30)
(6, 3, 24)
(6, 4, 19)
(6, 5, 17)
(6, 6, 13)
(6, 7, 10)
(6, 8, 9)
(6, 9, 8)
(6, 10, 8)
(6, 11, 7)
(6, 12, 6)
(6, 13, 5)
(6, 14, 4)
(6, 15, 4)
(6, 16, 4)
(6, 17, 4)
(6, 18, 4)
(6, 19, 4)
(6, 20, 4)
(6, 21, 4)
(6, 22, 4)
(6, 23, 4)
(6, 24, 4)
(6, 25, 4)
(6, 26, 4)
(6, 27, 4)
(6, 28, 4)
(6, 29, 4)
(6, 30, 4)
(6, 31, 4)
(6, 32, 4)
(6, 33, 4)
(6, 34, 4)
(6, 35, 4)
(6, 36, 4)
(6, 37, 4)
(6, 38, 4)
(6, 39, 4)

(7, 0, 64)
(7, 1, 53)
(7, 2, 35)
(7, 3, 26)
(7, 4, 19)
(7, 5, 17)
(7, 6, 14)
(7, 7, 11)
(7, 8, 9)
(7, 9, 8)
(7, 10, 8)
(7, 11, 7)
(7, 12, 6)
(7, 13, 5)
(7, 14, 4)
(7, 15, 4)
(7, 16, 4)
(7, 17, 4)
(7, 18, 4)
(7, 19, 4)
(7, 20, 4)
(7, 21, 4)
(7, 22, 4)
(7, 23, 4)
(7, 24, 4)
(7, 25, 4)
(7, 26, 4)
(7, 27, 4)
(7, 28, 4)
(7, 29, 4)
(7, 30, 4)
(7, 31, 4)
(7, 32, 4)
(7, 33, 4)
(7, 34, 4)
(7, 35, 4)
(7, 36, 4)
(7, 37, 4)
(7, 38, 4)
(7, 39, 4)

(8, 0, 105)
(8, 1, 76)
(8, 2, 47)
(8, 3, 33)
(8, 4, 24)
(8, 5, 20)
(8, 6, 16)
(8, 7, 13)
(8, 8, 12)
(8, 9, 11)
(8, 10, 11)
(8, 11, 9)
(8, 12, 8)
(8, 13, 7)
(8, 14, 6)
(8, 15, 6)
(8, 16, 6)
(8, 17, 6)
(8, 18, 5)
(8, 19, 5)
(8, 20, 5)
(8, 21, 5)
(8, 22, 5)
(8, 23, 5)
(8, 24, 5)
(8, 25, 5)
(8, 26, 5)
(8, 27, 5)
(8, 28, 5)
(8, 29, 5)
(8, 30, 4)
(8, 31, 4)
(8, 32, 4)
(8, 33, 4)
(8, 34, 4)
(8, 35, 3)
(8, 36, 3)
(8, 37, 3)
(8, 38, 3)
(8, 39, 3)

(9, 0, 140)
(9, 1, 101)
(9, 2, 55)
(9, 3, 36)
(9, 4, 25)
(9, 5, 22)
(9, 6, 17)
(9, 7, 14)
(9, 8, 13)
(9, 9, 12)
(9, 10, 11)
(9, 11, 9)
(9, 12, 8)
(9, 13, 7)
(9, 14, 6)
(9, 15, 6)
(9, 16, 6)
(9, 17, 6)
(9, 18, 5)
(9, 19, 5)
(9, 20, 5)
(9, 21, 5)
(9, 22, 5)
(9, 23, 5)
(9, 24, 4)
(9, 25, 4)
(9, 26, 4)
(9, 27, 4)
(9, 28, 4)
(9, 29, 4)
(9, 30, 3)
(9, 31, 3)
(9, 32, 3)
(9, 33, 3)
(9, 34, 3)
(9, 35, 3)
(9, 36, 3)
(9, 37, 3)
(9, 38, 3)
(9, 39, 3)

(10, 0, 167)
(10, 1, 116)
(10, 2, 65)
(10, 3, 40)
(10, 4, 28)
(10, 5, 24)
(10, 6, 17)
(10, 7, 14)
(10, 8, 12)
(10, 9, 11)
(10, 10, 11)
(10, 11, 9)
(10, 12, 8)
(10, 13, 7)
(10, 14, 6)
(10, 15, 6)
(10, 16, 6)
(10, 17, 6)
(10, 18, 5)
(10, 19, 5)
(10, 20, 5)
(10, 21, 5)
(10, 22, 5)
(10, 23, 4)
(10, 24, 4)
(10, 25, 4)
(10, 26, 4)
(10, 27, 4)
(10, 28, 4)
(10, 29, 4)
(10, 30, 3)
(10, 31, 3)
(10, 32, 3)
(10, 33, 3)
(10, 34, 3)
(10, 35, 3)
(10, 36, 3)
(10, 37, 3)
(10, 38, 3)
(10, 39, 3)

(11, 0, 188)
(11, 1, 131)
(11, 2, 74)
(11, 3, 43)
(11, 4, 31)
(11, 5, 25)
(11, 6, 18)
(11, 7, 15)
(11, 8, 14)
(11, 9, 13)
(11, 10, 13)
(11, 11, 11)
(11, 12, 10)
(11, 13, 9)
(11, 14, 8)
(11, 15, 8)
(11, 16, 8)
(11, 17, 8)
(11, 18, 7)
(11, 19, 6)
(11, 20, 6)
(11, 21, 5)
(11, 22, 5)
(11, 23, 4)
(11, 24, 4)
(11, 25, 4)
(11, 26, 4)
(11, 27, 4)
(11, 28, 4)
(11, 29, 4)
(11, 30, 3)
(11, 31, 3)
(11, 32, 3)
(11, 33, 3)
(11, 34, 3)
(11, 35, 3)
(11, 36, 3)
(11, 37, 3)
(11, 38, 3)
(11, 39, 3)

(12, 0, 201)
(12, 1, 142)
(12, 2, 80)
(12, 3, 46)
(12, 4, 32)
(12, 5, 26)
(12, 6, 19)
(12, 7, 16)
(12, 8, 15)
(12, 9, 14)
(12, 10, 14)
(12, 11, 12)
(12, 12, 11)
(12, 13, 10)
(12, 14, 9)
(12, 15, 9)
(12, 16, 9)
(12, 17, 9)
(12, 18, 8)
(12, 19, 7)
(12, 20, 7)
(12, 21, 6)
(12, 22, 6)
(12, 23, 5)
(12, 24, 5)
(12, 25, 5)
(12, 26, 5)
(12, 27, 5)
(12, 28, 5)
(12, 29, 5)
(12, 30, 4)
(12, 31, 4)
(12, 32, 4)
(12, 33, 4)
(12, 34, 4)
(12, 35, 4)
(12, 36, 4)
(12, 37, 4)
(12, 38, 4)
(12, 39, 4)

(13, 0, 218)
(13, 1, 153)
(13, 2, 85)
(13, 3, 48)
(13, 4, 34)
(13, 5, 27)
(13, 6, 19)
(13, 7, 16)
(13, 8, 15)
(13, 9, 14)
(13, 10, 14)
(13, 11, 12)
(13, 12, 11)
(13, 13, 10)
(13, 14, 9)
(13, 15, 9)
(13, 16, 9)
(13, 17, 9)
(13, 18, 8)
(13, 19, 7)
(13, 20, 7)
(13, 21, 6)
(13, 22, 6)
(13, 23, 5)
(13, 24, 5)
(13, 25, 5)
(13, 26, 5)
(13, 27, 5)
(13, 28, 5)
(13, 29, 5)
(13, 30, 4)
(13, 31, 4)
(13, 32, 4)
(13, 33, 4)
(13, 34, 4)
(13, 35, 4)
(13, 36, 4)
(13, 37, 4)
(13, 38, 4)
(13, 39, 4)

(14, 0, 236)
(14, 1, 168)
(14, 2, 97)
(14, 3, 55)
(14, 4, 38)
(14, 5, 30)
(14, 6, 20)
(14, 7, 17)
(14, 8, 16)
(14, 9, 15)
(14, 10, 15)
(14, 11, 13)
(14, 12, 12)
(14, 13, 11)
(14, 14, 10)
(14, 15, 10)
(14, 16, 10)
(14, 17, 10)
(14, 18, 9)
(14, 19, 8)
(14, 20, 8)
(14, 21, 7)
(14, 22, 7)
(14, 23, 6)
(14, 24, 6)
(14, 25, 6)
(14, 26, 6)
(14, 27, 6)
(14, 28, 6)
(14, 29, 6)
(14, 30, 5)
(14, 31, 5)
(14, 32, 5)
(14, 33, 5)
(14, 34, 5)
(14, 35, 5)
(14, 36, 5)
(14, 37, 5)
(14, 38, 5)
(14, 39, 5)

(15, 0, 280)
(15, 1, 196)
(15, 2, 112)
(15, 3, 57)
(15, 4, 40)
(15, 5, 32)
(15, 6, 21)
(15, 7, 17)
(15, 8, 16)
(15, 9, 15)
(15, 10, 15)
(15, 11, 13)
(15, 12, 12)
(15, 13, 11)
(15, 14, 10)
(15, 15, 10)
(15, 16, 10)
(15, 17, 10)
(15, 18, 9)
(15, 19, 8)
(15, 20, 8)
(15, 21, 7)
(15, 22, 7)
(15, 23, 5)
(15, 24, 5)
(15, 25, 5)
(15, 26, 5)
(15, 27, 5)
(15, 28, 5)
(15, 29, 5)
(15, 30, 4)
(15, 31, 4)
(15, 32, 4)
(15, 33, 4)
(15, 34, 4)
(15, 35, 4)
(15, 36, 4)
(15, 37, 4)
(15, 38, 4)
(15, 39, 4)

(16, 0, 310)
(16, 1, 219)
(16, 2, 120)
(16, 3, 62)
(16, 4, 44)
(16, 5, 34)
(16, 6, 23)
(16, 7, 19)
(16, 8, 17)
(16, 9, 16)
(16, 10, 16)
(16, 11, 14)
(16, 12, 13)
(16, 13, 12)
(16, 14, 11)
(16, 15, 11)
(16, 16, 11)
(16, 17, 11)
(16, 18, 10)
(16, 19, 9)
(16, 20, 9)
(16, 21, 7)
(16, 22, 7)
(16, 23, 5)
(16, 24, 5)
(16, 25, 5)
(16, 26, 5)
(16, 27, 5)
(16, 28, 5)
(16, 29, 5)
(16, 30, 4)
(16, 31, 4)
(16, 32, 4)
(16, 33, 4)
(16, 34, 4)
(16, 35, 4)
(16, 36, 4)
(16, 37, 4)
(16, 38, 4)
(16, 39, 4)

(17, 0, 350)
(17, 1, 238)
(17, 2, 132)
(17, 3, 68)
(17, 4, 51)
(17, 5, 39)
(17, 6, 27)
(17, 7, 22)
(17, 8, 20)
(17, 9, 19)
(17, 10, 19)
(17, 11, 16)
(17, 12, 15)
(17, 13, 14)
(17, 14, 13)
(17, 15, 13)
(17, 16, 13)
(17, 17, 13)
(17, 18, 12)
(17, 19, 11)
(17, 20, 11)
(17, 21, 9)
(17, 22, 9)
(17, 23, 7)
(17, 24, 7)
(17, 25, 7)
(17, 26, 7)
(17, 27, 7)
(17, 28, 7)
(17, 29, 7)
(17, 30, 6)
(17, 31, 6)
(17, 32, 6)
(17, 33, 6)
(17, 34, 6)
(17, 35, 6)
(17, 36, 6)
(17, 37, 6)
(17, 38, 6)
(17, 39, 6)

(18, 0, 370)
(18, 1, 251)
(18, 2, 141)
(18, 3, 73)
(18, 4, 52)
(18, 5, 39)
(18, 6, 27)
(18, 7, 22)
(18, 8, 20)
(18, 9, 19)
(18, 10, 19)
(18, 11, 16)
(18, 12, 15)
(18, 13, 14)
(18, 14, 13)
(18, 15, 13)
(18, 16, 12)
(18, 17, 12)
(18, 18, 11)
(18, 19, 10)
(18, 20, 10)
(18, 21, 9)
(18, 22, 8)
(18, 23, 7)
(18, 24, 7)
(18, 25, 7)
(18, 26, 7)
(18, 27, 7)
(18, 28, 7)
(18, 29, 7)
(18, 30, 6)
(18, 31, 6)
(18, 32, 6)
(18, 33, 6)
(18, 34, 6)
(18, 35, 6)
(18, 36, 6)
(18, 37, 6)
(18, 38, 6)
(18, 39, 6)

(19, 0, 384)
(19, 1, 260)
(19, 2, 144)
(19, 3, 71)
(19, 4, 52)
(19, 5, 39)
(19, 6, 27)
(19, 7, 22)
(19, 8, 20)
(19, 9, 19)
(19, 10, 19)
(19, 11, 16)
(19, 12, 15)
(19, 13, 14)
(19, 14, 13)
(19, 15, 13)
(19, 16, 12)
(19, 17, 12)
(19, 18, 11)
(19, 19, 10)
(19, 20, 10)
(19, 21, 9)
(19, 22, 8)
(19, 23, 7)
(19, 24, 7)
(19, 25, 7)
(19, 26, 7)
(19, 27, 7)
(19, 28, 7)
(19, 29, 7)
(19, 30, 6)
(19, 31, 6)
(19, 32, 6)
(19, 33, 6)
(19, 34, 6)
(19, 35, 6)
(19, 36, 6)
(19, 37, 6)
(19, 38, 6)
(19, 39, 6)

(20, 0, 412)
(20, 1, 281)
(20, 2, 160)
(20, 3, 80)
(20, 4, 60)
(20, 5, 46)
(20, 6, 34)
(20, 7, 28)
(20, 8, 26)
(20, 9, 24)
(20, 10, 23)
(20, 11, 20)
(20, 12, 18)
(20, 13, 17)
(20, 14, 15)
(20, 15, 15)
(20, 16, 14)
(20, 17, 14)
(20, 18, 12)
(20, 19, 11)
(20, 20, 11)
(20, 21, 10)
(20, 22, 9)
(20, 23, 8)
(20, 24, 8)
(20, 25, 8)
(20, 26, 8)
(20, 27, 8)
(20, 28, 8)
(20, 29, 8)
(20, 30, 6)
(20, 31, 6)
(20, 32, 6)
(20, 33, 6)
(20, 34, 6)
(20, 35, 6)
(20, 36, 6)
(20, 37, 6)
(20, 38, 6)
(20, 39, 6)

(21, 0, 436)
(21, 1, 293)
(21, 2, 165)
(21, 3, 84)
(21, 4, 63)
(21, 5, 50)
(21, 6, 37)
(21, 7, 30)
(21, 8, 27)
(21, 9, 24)
(21, 10, 23)
(21, 11, 20)
(21, 12, 17)
(21, 13, 16)
(21, 14, 14)
(21, 15, 14)
(21, 16, 13)
(21, 17, 13)
(21, 18, 12)
(21, 19, 10)
(21, 20, 10)
(21, 21, 9)
(21, 22, 8)
(21, 23, 7)
(21, 24, 7)
(21, 25, 7)
(21, 26, 7)
(21, 27, 7)
(21, 28, 7)
(21, 29, 7)
(21, 30, 6)
(21, 31, 6)
(21, 32, 6)
(21, 33, 6)
(21, 34, 6)
(21, 35, 6)
(21, 36, 6)
(21, 37, 6)
(21, 38, 6)
(21, 39, 6)

(22, 0, 445)
(22, 1, 300)
(22, 2, 171)
(22, 3, 90)
(22, 4, 68)
(22, 5, 55)
(22, 6, 41)
(22, 7, 32)
(22, 8, 27)
(22, 9, 24)
(22, 10, 23)
(22, 11, 20)
(22, 12, 17)
(22, 13, 16)
(22, 14, 14)
(22, 15, 14)
(22, 16, 13)
(22, 17, 13)
(22, 18, 12)
(22, 19, 10)
(22, 20, 10)
(22, 21, 9)
(22, 22, 8)
(22, 23, 7)
(22, 24, 7)
(22, 25, 7)
(22, 26, 7)
(22, 27, 7)
(22, 28, 7)
(22, 29, 7)
(22, 30, 6)
(22, 31, 6)
(22, 32, 6)
(22, 33, 6)
(22, 34, 6)
(22, 35, 6)
(22, 36, 6)
(22, 37, 6)
(22, 38, 6)
(22, 39, 6)

(23, 0, 477)
(23, 1, 314)
(23, 2, 177)
(23, 3, 96)
(23, 4, 73)
(23, 5, 59)
(23, 6, 45)
(23, 7, 35)
(23, 8, 30)
(23, 9, 26)
(23, 10, 25)
(23, 11, 22)
(23, 12, 19)
(23, 13, 18)
(23, 14, 16)
(23, 15, 16)
(23, 16, 15)
(23, 17, 15)
(23, 18, 14)
(23, 19, 12)
(23, 20, 12)
(23, 21, 11)
(23, 22, 10)
(23, 23, 9)
(23, 24, 9)
(23, 25, 9)
(23, 26, 8)
(23, 27, 8)
(23, 28, 8)
(23, 29, 8)
(23, 30, 6)
(23, 31, 6)
(23, 32, 6)
(23, 33, 6)
(23, 34, 6)
(23, 35, 6)
(23, 36, 6)
(23, 37, 6)
(23, 38, 6)
(23, 39, 6)

(24, 0, 516)
(24, 1, 328)
(24, 2, 184)
(24, 3, 97)
(24, 4, 74)
(24, 5, 61)
(24, 6, 47)
(24, 7, 37)
(24, 8, 32)
(24, 9, 28)
(24, 10, 27)
(24, 11, 24)
(24, 12, 21)
(24, 13, 20)
(24, 14, 18)
(24, 15, 18)
(24, 16, 16)
(24, 17, 16)
(24, 18, 15)
(24, 19, 13)
(24, 20, 13)
(24, 21, 11)
(24, 22, 10)
(24, 23, 9)
(24, 24, 9)
(24, 25, 9)
(24, 26, 8)
(24, 27, 8)
(24, 28, 8)
(24, 29, 7)
(24, 30, 6)
(24, 31, 6)
(24, 32, 5)
(24, 33, 5)
(24, 34, 5)
(24, 35, 5)
(24, 36, 5)
(24, 37, 5)
(24, 38, 5)
(24, 39, 5)

(25, 0, 543)
(25, 1, 343)
(25, 2, 188)
(25, 3, 99)
(25, 4, 75)
(25, 5, 62)
(25, 6, 48)
(25, 7, 38)
(25, 8, 33)
(25, 9, 29)
(25, 10, 28)
(25, 11, 25)
(25, 12, 22)
(25, 13, 21)
(25, 14, 19)
(25, 15, 19)
(25, 16, 17)
(25, 17, 17)
(25, 18, 16)
(25, 19, 14)
(25, 20, 13)
(25, 21, 12)
(25, 22, 11)
(25, 23, 10)
(25, 24, 10)
(25, 25, 10)
(25, 26, 9)
(25, 27, 9)
(25, 28, 9)
(25, 29, 8)
(25, 30, 7)
(25, 31, 7)
(25, 32, 6)
(25, 33, 6)
(25, 34, 6)
(25, 35, 6)
(25, 36, 6)
(25, 37, 6)
(25, 38, 6)
(25, 39, 6)

(26, 0, 574)
(26, 1, 356)
(26, 2, 190)
(26, 3, 102)
(26, 4, 77)
(26, 5, 64)
(26, 6, 48)
(26, 7, 38)
(26, 8, 33)
(26, 9, 29)
(26, 10, 28)
(26, 11, 25)
(26, 12, 22)
(26, 13, 21)
(26, 14, 19)
(26, 15, 19)
(26, 16, 17)
(26, 17, 17)
(26, 18, 16)
(26, 19, 14)
(26, 20, 13)
(26, 21, 12)
(26, 22, 11)
(26, 23, 10)
(26, 24, 10)
(26, 25, 10)
(26, 26, 9)
(26, 27, 9)
(26, 28, 9)
(26, 29, 8)
(26, 30, 7)
(26, 31, 7)
(26, 32, 6)
(26, 33, 6)
(26, 34, 6)
(26, 35, 6)
(26, 36, 6)
(26, 37, 6)
(26, 38, 6)
(26, 39, 6)

(27, 0, 578)
(27, 1, 360)
(27, 2, 193)
(27, 3, 105)
(27, 4, 78)
(27, 5, 64)
(27, 6, 48)
(27, 7, 38)
(27, 8, 33)
(27, 9, 29)
(27, 10, 28)
(27, 11, 25)
(27, 12, 22)
(27, 13, 21)
(27, 14, 19)
(27, 15, 19)
(27, 16, 17)
(27, 17, 17)
(27, 18, 16)
(27, 19, 14)
(27, 20, 13)
(27, 21, 12)
(27, 22, 11)
(27, 23, 10)
(27, 24, 10)
(27, 25, 10)
(27, 26, 9)
(27, 27, 9)
(27, 28, 9)
(27, 29, 8)
(27, 30, 7)
(27, 31, 7)
(27, 32, 6)
(27, 33, 6)
(27, 34, 6)
(27, 35, 6)
(27, 36, 6)
(27, 37, 6)
(27, 38, 6)
(27, 39, 6)

(28, 0, 598)
(28, 1, 365)
(28, 2, 196)
(28, 3, 107)
(28, 4, 80)
(28, 5, 66)
(28, 6, 50)
(28, 7, 40)
(28, 8, 35)
(28, 9, 31)
(28, 10, 30)
(28, 11, 27)
(28, 12, 24)
(28, 13, 23)
(28, 14, 21)
(28, 15, 21)
(28, 16, 19)
(28, 17, 19)
(28, 18, 18)
(28, 19, 16)
(28, 20, 15)
(28, 21, 14)
(28, 22, 13)
(28, 23, 12)
(28, 24, 12)
(28, 25, 12)
(28, 26, 11)
(28, 27, 11)
(28, 28, 11)
(28, 29, 10)
(28, 30, 9)
(28, 31, 9)
(28, 32, 8)
(28, 33, 8)
(28, 34, 8)
(28, 35, 8)
(28, 36, 7)
(28, 37, 7)
(28, 38, 7)
(28, 39, 7)

(29, 0, 610)
(29, 1, 373)
(29, 2, 200)
(29, 3, 110)
(29, 4, 80)
(29, 5, 66)
(29, 6, 50)
(29, 7, 40)
(29, 8, 35)
(29, 9, 31)
(29, 10, 30)
(29, 11, 27)
(29, 12, 24)
(29, 13, 23)
(29, 14, 21)
(29, 15, 21)
(29, 16, 19)
(29, 17, 19)
(29, 18, 18)
(29, 19, 16)
(29, 20, 15)
(29, 21, 14)
(29, 22, 13)
(29, 23, 12)
(29, 24, 12)
(29, 25, 12)
(29, 26, 11)
(29, 27, 11)
(29, 28, 11)
(29, 29, 10)
(29, 30, 9)
(29, 31, 9)
(29, 32, 8)
(29, 33, 8)
(29, 34, 8)
(29, 35, 8)
(29, 36, 7)
(29, 37, 7)
(29, 38, 7)
(29, 39, 7)

(30, 0, 622)
(30, 1, 382)
(30, 2, 207)
(30, 3, 113)
(30, 4, 83)
(30, 5, 68)
(30, 6, 52)
(30, 7, 42)
(30, 8, 37)
(30, 9, 33)
(30, 10, 32)
(30, 11, 29)
(30, 12, 26)
(30, 13, 25)
(30, 14, 23)
(30, 15, 23)
(30, 16, 20)
(30, 17, 20)
(30, 18, 19)
(30, 19, 17)
(30, 20, 16)
(30, 21, 15)
(30, 22, 14)
(30, 23, 13)
(30, 24, 13)
(30, 25, 13)
(30, 26, 12)
(30, 27, 11)
(30, 28, 11)
(30, 29, 10)
(30, 30, 9)
(30, 31, 9)
(30, 32, 8)
(30, 33, 8)
(30, 34, 8)
(30, 35, 8)
(30, 36, 7)
(30, 37, 7)
(30, 38, 7)
(30, 39, 7)

(31, 0, 639)
(31, 1, 393)
(31, 2, 213)
(31, 3, 117)
(31, 4, 85)
(31, 5, 70)
(31, 6, 53)
(31, 7, 43)
(31, 8, 38)
(31, 9, 34)
(31, 10, 33)
(31, 11, 29)
(31, 12, 26)
(31, 13, 25)
(31, 14, 23)
(31, 15, 23)
(31, 16, 20)
(31, 17, 20)
(31, 18, 19)
(31, 19, 17)
(31, 20, 16)
(31, 21, 15)
(31, 22, 14)
(31, 23, 13)
(31, 24, 13)
(31, 25, 13)
(31, 26, 12)
(31, 27, 11)
(31, 28, 11)
(31, 29, 10)
(31, 30, 9)
(31, 31, 9)
(31, 32, 8)
(31, 33, 8)
(31, 34, 8)
(31, 35, 8)
(31, 36, 7)
(31, 37, 7)
(31, 38, 7)
(31, 39, 7)

(32, 0, 646)
(32, 1, 399)
(32, 2, 216)
(32, 3, 118)
(32, 4, 86)
(32, 5, 70)
(32, 6, 53)
(32, 7, 43)
(32, 8, 38)
(32, 9, 34)
(32, 10, 33)
(32, 11, 29)
(32, 12, 26)
(32, 13, 25)
(32, 14, 23)
(32, 15, 23)
(32, 16, 20)
(32, 17, 20)
(32, 18, 19)
(32, 19, 17)
(32, 20, 16)
(32, 21, 15)
(32, 22, 14)
(32, 23, 13)
(32, 24, 13)
(32, 25, 13)
(32, 26, 12)
(32, 27, 11)
(32, 28, 11)
(32, 29, 10)
(32, 30, 9)
(32, 31, 9)
(32, 32, 8)
(32, 33, 8)
(32, 34, 8)
(32, 35, 8)
(32, 36, 7)
(32, 37, 7)
(32, 38, 7)
(32, 39, 7)

(33, 0, 654)
(33, 1, 406)
(33, 2, 221)
(33, 3, 123)
(33, 4, 89)
(33, 5, 71)
(33, 6, 54)
(33, 7, 44)
(33, 8, 39)
(33, 9, 35)
(33, 10, 34)
(33, 11, 30)
(33, 12, 27)
(33, 13, 26)
(33, 14, 24)
(33, 15, 24)
(33, 16, 21)
(33, 17, 21)
(33, 18, 20)
(33, 19, 18)
(33, 20, 17)
(33, 21, 16)
(33, 22, 15)
(33, 23, 14)
(33, 24, 14)
(33, 25, 14)
(33, 26, 13)
(33, 27, 12)
(33, 28, 12)
(33, 29, 11)
(33, 30, 10)
(33, 31, 10)
(33, 32, 9)
(33, 33, 9)
(33, 34, 9)
(33, 35, 9)
(33, 36, 8)
(33, 37, 8)
(33, 38, 8)
(33, 39, 8)

(34, 0, 657)
(34, 1, 409)
(34, 2, 224)
(34, 3, 125)
(34, 4, 91)
(34, 5, 73)
(34, 6, 56)
(34, 7, 44)
(34, 8, 39)
(34, 9, 35)
(34, 10, 34)
(34, 11, 30)
(34, 12, 27)
(34, 13, 26)
(34, 14, 24)
(34, 15, 24)
(34, 16, 21)
(34, 17, 21)
(34, 18, 20)
(34, 19, 18)
(34, 20, 17)
(34, 21, 16)
(34, 22, 15)
(34, 23, 14)
(34, 24, 14)
(34, 25, 14)
(34, 26, 13)
(34, 27, 12)
(34, 28, 12)
(34, 29, 11)
(34, 30, 10)
(34, 31, 10)
(34, 32, 9)
(34, 33, 9)
(34, 34, 9)
(34, 35, 9)
(34, 36, 8)
(34, 37, 8)
(34, 38, 8)
(34, 39, 8)

(35, 0, 663)
(35, 1, 414)
(35, 2, 229)
(35, 3, 130)
(35, 4, 95)
(35, 5, 75)
(35, 6, 58)
(35, 7, 46)
(35, 8, 41)
(35, 9, 37)
(35, 10, 36)
(35, 11, 32)
(35, 12, 29)
(35, 13, 28)
(35, 14, 26)
(35, 15, 26)
(35, 16, 23)
(35, 17, 23)
(35, 18, 22)
(35, 19, 20)
(35, 20, 19)
(35, 21, 18)
(35, 22, 16)
(35, 23, 15)
(35, 24, 15)
(35, 25, 15)
(35, 26, 14)
(35, 27, 13)
(35, 28, 13)
(35, 29, 12)
(35, 30, 11)
(35, 31, 11)
(35, 32, 10)
(35, 33, 10)
(35, 34, 10)
(35, 35, 10)
(35, 36, 9)
(35, 37, 9)
(35, 38, 9)
(35, 39, 9)

(36, 0, 670)
(36, 1, 421)
(36, 2, 235)
(36, 3, 135)
(36, 4, 99)
(36, 5, 77)
(36, 6, 60)
(36, 7, 48)
(36, 8, 43)
(36, 9, 39)
(36, 10, 38)
(36, 11, 34)
(36, 12, 30)
(36, 13, 29)
(36, 14, 26)
(36, 15, 26)
(36, 16, 22)
(36, 17, 22)
(36, 18, 21)
(36, 19, 19)
(36, 20, 18)
(36, 21, 17)
(36, 22, 16)
(36, 23, 15)
(36, 24, 15)
(36, 25, 15)
(36, 26, 14)
(36, 27, 13)
(36, 28, 13)
(36, 29, 12)
(36, 30, 11)
(36, 31, 11)
(36, 32, 10)
(36, 33, 10)
(36, 34, 10)
(36, 35, 10)
(36, 36, 9)
(36, 37, 9)
(36, 38, 9)
(36, 39, 8)

(37, 0, 691)
(37, 1, 436)
(37, 2, 237)
(37, 3, 135)
(37, 4, 99)
(37, 5, 77)
(37, 6, 60)
(37, 7, 48)
(37, 8, 43)
(37, 9, 38)
(37, 10, 37)
(37, 11, 32)
(37, 12, 29)
(37, 13, 28)
(37, 14, 26)
(37, 15, 26)
(37, 16, 22)
(37, 17, 22)
(37, 18, 21)
(37, 19, 19)
(37, 20, 18)
(37, 21, 17)
(37, 22, 16)
(37, 23, 15)
(37, 24, 15)
(37, 25, 15)
(37, 26, 14)
(37, 27, 13)
(37, 28, 13)
(37, 29, 12)
(37, 30, 11)
(37, 31, 11)
(37, 32, 10)
(37, 33, 10)
(37, 34, 10)
(37, 35, 9)
(37, 36, 8)
(37, 37, 8)
(37, 38, 8)
(37, 39, 7)

(38, 0, 719)
(38, 1, 452)
(38, 2, 244)
(38, 3, 137)
(38, 4, 100)
(38, 5, 77)
(38, 6, 59)
(38, 7, 47)
(38, 8, 42)
(38, 9, 38)
(38, 10, 37)
(38, 11, 32)
(38, 12, 29)
(38, 13, 28)
(38, 14, 26)
(38, 15, 26)
(38, 16, 22)
(38, 17, 22)
(38, 18, 21)
(38, 19, 19)
(38, 20, 18)
(38, 21, 17)
(38, 22, 16)
(38, 23, 14)
(38, 24, 14)
(38, 25, 14)
(38, 26, 13)
(38, 27, 12)
(38, 28, 12)
(38, 29, 11)
(38, 30, 10)
(38, 31, 10)
(38, 32, 9)
(38, 33, 9)
(38, 34, 9)
(38, 35, 9)
(38, 36, 8)
(38, 37, 8)
(38, 38, 8)
(38, 39, 7)

(39, 0, 740)
(39, 1, 462)
(39, 2, 247)
(39, 3, 137)
(39, 4, 99)
(39, 5, 77)
(39, 6, 59)
(39, 7, 47)
(39, 8, 42)
(39, 9, 38)
(39, 10, 37)
(39, 11, 32)
(39, 12, 29)
(39, 13, 28)
(39, 14, 26)
(39, 15, 26)
(39, 16, 22)
(39, 17, 22)
(39, 18, 21)
(39, 19, 19)
(39, 20, 18)
(39, 21, 17)
(39, 22, 15)
(39, 23, 14)
(39, 24, 14)
(39, 25, 14)
(39, 26, 13)
(39, 27, 12)
(39, 28, 12)
(39, 29, 11)
(39, 30, 10)
(39, 31, 10)
(39, 32, 9)
(39, 33, 9)
(39, 34, 9)
(39, 35, 9)
(39, 36, 8)
(39, 37, 8)
(39, 38, 8)
(39, 39, 7)


Betti numbers:
xi_0:
(0, 0, 4)
(1, 0, 11)
(2, 0, 13)
(3, 0, 3)
(4, 0, 2)
(5, 0, 5)
(6, 0, 10)
(7, 0, 16)
(8, 0, 41)
(9, 0, 35)
(10, 0, 27)
(11, 0, 21)
(12, 0, 13)
(13, 0, 17)
(14, 0, 18)
(15, 0, 44)
(16, 0, 30)
(17, 0, 40)
(18, 0, 20)
(19, 0, 14)
(20, 0, 28)
(21, 0, 24)
(22, 0, 9)
(23, 0, 32)
(24, 0, 39)
(25, 0, 28)
(26, 0, 31)
(27, 0, 4)
(28, 0, 20)
(29, 0, 13)
(30, 0, 12)
(31, 0, 17)
(32, 0, 7)
(33, 0, 8)
(34, 0, 3)
(35, 0, 6)
(36, 0, 7)
(37, 0, 21)
(38, 0, 28)
(39, 0, 21)
xi_1:
(0, 5, 1)
(0, 13, 1)
(1, 2, 4)
(1, 3, 2)
(1, 6, 1)
(1, 7, 1)
(1, 12, 1)
(1, 15, 1)
(1, 23, 1)
(2, 1, 2)
(2, 2, 7)
(2, 3, 2)
(2, 4, 1)
(2, 5, 1)
(2, 6, 1)
(2, 7, 1)
(2, 8, 1)
(2, 9, 1)
(3, 1, 1)
(3, 14, 1)
(4, 1, 1)
(4, 7, 1)
(5, 1, 1)
(5, 4, 1)
(5, 6, 1)
(5, 11, 1)
(6, 2, 2)
(6, 3, 4)
(6, 4, 3)
(6, 6, 1)
(7, 1, 6)
(7, 2, 5)
(7, 3, 3)
(7, 4, 2)
(7, 8, 1)
(8, 1, 18)
(8, 2, 11)
(8, 3, 6)
(8, 4, 2)
(8, 5, 2)
(8, 6, 1)
(8, 11, 1)
(8, 18, 1)
(8, 30, 1)
(8, 35, 1)
(9, 1, 10)
(9, 2, 17)
(9, 3, 5)
(9, 4, 4)
(9, 5, 1)
(9, 6, 2)
(9, 10, 1)
(9, 24, 1)
(10, 1, 12)
(10, 2, 5)
(10, 3, 6)
(10, 4, 1)
(10, 5, 1)
(10, 6, 2)
(10, 8, 1)
(10, 23, 1)
(11, 1, 6)
(11, 2, 6)
(11, 3, 6)
(11, 5, 2)
(11, 19, 1)
(11, 21, 1)
(11, 23, 1)
(12, 1, 2)
(12, 2, 5)
(12, 3, 3)
(12, 4, 2)
(13, 1, 6)
(13, 2, 6)
(13, 3, 3)
(13, 4, 2)
(13, 5, 1)
(13, 6, 1)
(14, 1, 3)
(14, 2, 3)
(14, 3, 5)
(14, 4, 3)
(14, 5, 1)
(14, 6, 2)
(15, 1, 16)
(15, 2, 13)
(15, 3, 13)
(15, 4, 2)
(15, 6, 2)
(15, 7, 1)
(15, 23, 1)
(16, 1, 7)
(16, 2, 15)
(16, 3, 4)
(16, 4, 1)
(16, 5, 2)
(16, 6, 1)
(16, 8, 1)
(16, 21, 1)
(17, 1, 21)
(17, 2, 7)
(17, 3, 7)
(17, 5, 2)
(17, 6, 1)
(17, 7, 1)
(17, 11, 1)
(18, 1, 7)
(18, 2, 4)
(18, 3, 5)
(18, 4, 4)
(18, 5, 1)
(18, 16, 1)
(18, 22, 1)
(19, 1, 5)
(19, 2, 6)
(19, 3, 5)
(20, 1, 7)
(20, 2, 5)
(20, 3, 8)
(20, 4, 1)
(20, 5, 1)
(20, 7, 1)
(20, 9, 1)
(20, 10, 1)
(20, 12, 1)
(20, 14, 1)
(20, 18, 1)
(20, 30, 1)
(21, 1, 12)
(21, 2, 8)
(21, 3, 2)
(21, 4, 1)
(21, 6, 1)
(21, 7, 1)
(21, 8, 1)
(21, 9, 1)
(21, 12, 1)
(21, 19, 1)
(22, 1, 2)
(22, 2, 1)
(22, 4, 1)
(22, 6, 1)
(22, 7, 2)
(22, 8, 2)
(23, 1, 18)
(23, 2, 8)
(23, 4, 1)
(23, 5, 1)
(23, 7, 1)
(23, 9, 1)
(23, 26, 1)
(23, 30, 1)
(24, 1, 25)
(24, 2, 7)
(24, 3, 6)
(24, 4, 1)
(24, 16, 1)
(24, 21, 1)
(24, 29, 1)
(24, 32, 1)
(25, 0, 1)
(25, 1, 13)
(25, 2, 11)
(25, 3, 5)
(25, 4, 1)
(25, 20, 1)
(26, 1, 18)
(26, 2, 11)
(26, 4, 1)
(26, 6, 2)
(27, 2, 1)
(27, 4, 2)
(27, 5, 1)
(28, 1, 15)
(28, 2, 2)
(28, 3, 1)
(28, 36, 1)
(29, 0, 1)
(29, 1, 5)
(29, 2, 4)
(29, 3, 1)
(29, 4, 3)
(30, 1, 3)
(30, 2, 2)
(30, 3, 4)
(30, 5, 1)
(30, 16, 1)
(30, 27, 1)
(31, 1, 6)
(31, 2, 5)
(31, 3, 2)
(31, 4, 2)
(31, 5, 1)
(31, 6, 1)
(31, 11, 1)
(32, 1, 1)
(32, 2, 3)
(32, 3, 2)
(32, 5, 1)
(33, 1, 1)
(33, 2, 2)
(33, 4, 2)
(33, 5, 2)
(34, 3, 1)
(34, 7, 2)
(35, 1, 1)
(35, 4, 1)
(35, 5, 2)
(35, 7, 1)
(35, 22, 1)
(36, 2, 1)
(36, 3, 1)
(36, 4, 1)
(36, 5, 2)
(36, 12, 1)
(36, 14, 1)
(36, 16, 1)
(36, 39, 1)
(37, 1, 6)
(37, 2, 13)
(37, 3, 3)
(37, 4, 1)
(37, 9, 1)
(37, 11, 1)
(37, 35, 1)
(38, 1, 12)
(38, 2, 9)
(38, 3, 5)
(38, 4, 2)
(38, 5, 1)
(38, 6, 1)
(38, 23, 1)
(39, 1, 11)
(39, 2, 7)
(39, 3, 3)
(39, 4, 1)
(39, 22, 1)
xi_2:
(2, 3, 2)
(2, 15, 1)
(2, 23, 1)
(7, 6, 1)
(8, 3, 1)
(8, 8, 1)
(9, 4, 2)
(9, 5, 2)
(9, 6, 1)
(9, 35, 1)
(10, 10, 1)
(10, 24, 1)
(11, 8, 1)
(11, 23, 1)
(13, 4, 2)
(15, 4, 2)
(15, 6, 1)
(16, 3, 1)
(16, 6, 1)
(17, 3, 1)
(17, 4, 1)
(18, 3, 1)
(18, 21, 1)
(18, 23, 1)
(19, 4, 2)
(20, 3, 1)
(21, 2, 1)
(21, 3, 1)
(21, 5, 1)
(21, 18, 1)
(21, 30, 1)
(24, 4, 1)
(24, 5, 1)
(24, 30, 1)
(25, 1, 1)
(25, 3, 3)
(25, 21, 1)
(26, 3, 1)
(29, 1, 1)
(31, 5, 1)
(35, 7, 1)
(36, 22, 1)
(37, 3, 1)
(37, 4, 1)
(37, 12, 1)
(37, 14, 1)
(38, 4, 1)
(38, 9, 1)
(38, 35, 1)
(39, 5, 1)
(39, 23, 1)
