x-grades
-1703924005270316681/1000000000000000000
-834083100855559431/500000000000000000
-1632408398151921043/1000000000000000000
-199581324324090403/125000000000000000
-312178558206705081/200000000000000000
-762567493737163793/500000000000000000
-1489377183915129767/1000000000000000000
-363404845088982987/250000000000000000
-1417861576796734129/1000000000000000000
-138210377323753631/100000000000000000
-1346345969678338491/1000000000000000000
-20477940095611573/15625000000000000
-1274830362559942853/1000000000000000000
-619536279500372517/500000000000000000
-240662951088309443/200000000000000000
-291889237970587349/250000000000000000
-1131799148323151577/1000000000000000000
-548020672381976879/500000000000000000
-1060283541204755939/1000000000000000000
-25613143441138953/25000000000000000
-988767934086360301/1000000000000000000
-476505065263581241/500000000000000000
-917252326967964663/1000000000000000000
-220373630852191711/250000000000000000
-33829468793982761/40000000000000000
-404989458145185603/500000000000000000
-774221112731173387/1000000000000000000
-46153956823248473/62500000000000000
-702705505612777749/1000000000000000000
-66694770205357993/100000000000000000
-631189898494382111/1000000000000000000
-148858023733796073/250000000000000000
-559674291375986473/1000000000000000000
-261958243908394327/500000000000000000
-97631736851518167/200000000000000000
-56550110087299127/125000000000000000
-416643077139195197/1000000000000000000
-190442636789998689/500000000000000000
-345127470020799559/1000000000000000000
-15468483323080087/50000000000000000

y-grades
4999909/20000000
4999909/10000000
14999727/20000000
4999909/5000000
4999909/4000000
14999727/10000000
34999363/20000000
4999909/2500000
44999181/20000000
4999909/2000000
54998999/20000000
14999727/5000000
64998817/20000000
34999363/10000000
14999727/4000000
4999909/1250000
84998453/20000000
44999181/10000000
94998271/20000000
4999909/1000000
104998089/20000000
54998999/10000000
114997907/20000000
14999727/2500000
4999909/800000
64998817/10000000
134997543/20000000
34999363/5000000
144997361/20000000
14999727/2000000
154997179/20000000
4999909/625000
164996997/20000000
84998453/10000000
34999363/4000000
44999181/5000000
184996633/20000000
94998271/10000000
194996451/20000000
4999909/500000

Dimensions > 0:
(0, 0, 2)
(0, 1, 2)
(0, 2, 2)
(0, 3, 1)
(0, 4, 1)
(0, 5, 1)
(0, 6, 1)
(0, 7, 1)
(0, 8, 1)
(0, 9, 1)
(0, 10, 1)
(0, 11, 1)
(0, 12, 1)
(0, 13, 1)
(0, 14, 1)
(0, 15, 1)
(0, 16, 1)
(0, 17, 1)
(0, 18, 1)
(0, 19, 1)
(0, 20, 1)
(0, 21, 1)
(0, 22, 1)
(0, 23, 1)
(0, 24, 1)
(0, 25, 1)
(0, 26, 1)
(0, 27, 1)
(0, 28, 1)
(0, 29, 1)
(0, 30, 1)
(0, 31, 1)
(0, 32, 1)
(0, 33, 1)
(0, 34, 1)
(0, 35, 1)
(0, 36, 1)
(0, 37, 1)
(0, 38, 1)
(0, 39, 1)

(1, 0, 2)
(1, 1, 2)
(1, 2, 2)
(1, 3, 1)
(1, 4, 1)
(1, 5, 1)
(1, 6, 1)
(1, 7, 1)
(1, 8, 1)
(1, 9, 1)
(1, 10, 1)
(1, 11, 1)
(1, 12, 1)
(1, 13, 1)
(1, 14, 1)
(1, 15, 1)
(1, 16, 1)
(1, 17, 1)
(1, 18, 1)
(1, 19, 1)
(1, 20, 1)
(1, 21, 1)
(1, 22, 1)
(1, 23, 1)
(1, 24, 1)
(1, 25, 1)
(1, 26, 1)
(1, 27, 1)
(1, 28, 1)
(1, 29, 1)
(1, 30, 1)
(1, 31, 1)
(1, 32, 1)
(1, 33, 1)
(1, 34, 1)
(1, 35, 1)
(1, 36, 1)
(1, 37, 1)
(1, 38, 1)
(1, 39, 1)

(2, 0, 5)
(2, 1, 5)
(2, 2, 5)
(2, 3, 4)
(2, 4, 4)
(2, 5, 3)
(2, 6, 3)
(2, 7, 3)
(2, 8, 3)
(2, 9, 3)
(2, 10, 3)
(2, 11, 3)
(2, 12, 3)
(2, 13, 3)
(2, 14, 3)
(2, 15, 3)
(2, 16, 3)
(2, 17, 3)
(2, 18, 3)
(2, 19, 3)
(2, 20, 3)
(2, 21, 3)
(2, 22, 3)
(2, 23, 3)
(2, 24, 3)
(2, 25, 3)
(2, 26, 3)
(2, 27, 3)
(2, 28, 3)
(2, 29, 3)
(2, 30, 3)
(2, 31, 3)
(2, 32, 3)
(2, 33, 3)
(2, 34, 2)
(2, 35, 2)
(2, 36, 2)
(2, 37, 2)
(2, 38, 2)
(2, 39, 2)

(3, 0, 12)
(3, 1, 11)
(3, 2, 11)
(3, 3, 7)
(3, 4, 6)
(3, 5, 6)
(3, 6, 6)
(3, 7, 5)
(3, 8, 5)
(3, 9, 5)
(3, 10, 5)
(3, 11, 4)
(3, 12, 4)
(3, 13, 4)
(3, 14, 4)
(3, 15, 4)
(3, 16, 4)
(3, 17, 4)
(3, 18, 4)
(3, 19, 4)
(3, 20, 4)
(3, 21, 4)
(3, 22, 4)
(3, 23, 4)
(3, 24, 4)
(3, 25, 4)
(3, 26, 4)
(3, 27, 4)
(3, 28, 4)
(3, 29, 4)
(3, 30, 4)
(3, 31, 4)
(3, 32, 4)
(3, 33, 3)
(3, 34, 3)
(3, 35, 3)
(3, 36, 3)
(3, 37, 3)
(3, 38, 3)
(3, 39, 3)

(4, 0, 22)
(4, 1, 17)
(4, 2, 17)
(4, 3, 11)
(4, 4, 10)
(4, 5, 9)
(4, 6, 9)
(4, 7, 8)
(4, 8, 7)
(4, 9, 6)
(4, 10, 6)
(4, 11, 5)
(4, 12, 5)
(4, 13, 5)
(4, 14, 5)
(4, 15, 5)
(4, 16, 5)
(4, 17, 5)
(4, 18, 5)
(4, 19, 5)
(4, 20, 5)
(4, 21, 5)
(4, 22, 5)
(4, 23, 5)
(4, 24, 5)
(4, 25, 5)
(4, 26, 5)
(4, 27, 5)
(4, 28, 5)
(4, 29, 5)
(4, 30, 5)
(4, 31, 5)
(4, 32, 5)
(4, 33, 4)
(4, 34, 3)
(4, 35, 3)
(4, 36, 3)
(4, 37, 3)
(4, 38, 3)
(4, 39, 3)

(5, 0, 48)
(5, 1, 28)
(5, 2, 27)
(5, 3, 18)
(5, 4, 17)
(5, 5, 16)
(5, 6, 16)
(5, 7, 15)
(5, 8, 11)
(5, 9, 8)
(5, 10, 5)
(5, 11, 4)
(5, 12, 4)
(5, 13, 4)
(5, 14, 4)
(5, 15, 4)
(5, 16, 4)
(5, 17, 4)
(5, 18, 4)
(5, 19, 4)
(5, 20, 4)
(5, 21, 4)
(5, 22, 4)
(5, 23, 4)
(5, 24, 4)
(5, 25, 4)
(5, 26, 4)
(5, 27, 4)
(5, 28, 4)
(5, 29, 4)
(5, 30, 4)
(5, 31, 4)
(5, 32, 4)
(5, 33, 3)
(5, 34, 2)
(5, 35, 2)
(5, 36, 2)
(5, 37, 2)
(5, 38, 2)
(5, 39, 2)

(6, 0, 59)
(6, 1, 34)
(6, 2, 33)
(6, 3, 24)
(6, 4, 23)
(6, 5, 22)
(6, 6, 21)
(6, 7, 20)
(6, 8, 15)
(6, 9, 11)
(6, 10, 6)
(6, 11, 5)
(6, 12, 5)
(6, 13, 5)
(6, 14, 5)
(6, 15, 5)
(6, 16, 5)
(6, 17, 5)
(6, 18, 5)
(6, 19, 5)
(6, 20, 5)
(6, 21, 5)
(6, 22, 5)
(6, 23, 5)
(6, 24, 5)
(6, 25, 5)
(6, 26, 5)
(6, 27, 5)
(6, 28, 5)
(6, 29, 5)
(6, 30, 5)
(6, 31, 5)
(6, 32, 5)
(6, 33, 4)
(6, 34, 2)
(6, 35, 2)
(6, 36, 2)
(6, 37, 2)
(6, 38, 2)
(6, 39, 2)

(7, 0, 75)
(7, 1, 40)
(7, 2, 39)
(7, 3, 29)
(7, 4, 28)
(7, 5, 26)
(7, 6, 25)
(7, 7, 24)
(7, 8, 18)
(7, 9, 11)
(7, 10, 6)
(7, 11, 4)
(7, 12, 4)
(7, 13, 4)
(7, 14, 4)
(7, 15, 4)
(7, 16, 4)
(7, 17, 4)
(7, 18, 4)
(7, 19, 4)
(7, 20, 4)
(7, 21, 4)
(7, 22, 4)
(7, 23, 4)
(7, 24, 4)
(7, 25, 4)
(7, 26, 4)
(7, 27, 4)
(7, 28, 4)
(7, 29, 4)
(7, 30, 4)
(7, 31, 4)
(7, 32, 4)
(7, 33, 3)
(7, 34, 2)
(7, 35, 2)
(7, 36, 2)
(7, 37, 2)
(7, 38, 2)
(7, 39, 2)

(8, 0, 78)
(8, 1, 42)
(8, 2, 40)
(8, 3, 30)
(8, 4, 29)
(8, 5, 27)
(8, 6, 26)
(8, 7, 25)
(8, 8, 19)
(8, 9, 11)
(8, 10, 6)
(8, 11, 4)
(8, 12, 4)
(8, 13, 4)
(8, 14, 4)
(8, 15, 4)
(8, 16, 4)
(8, 17, 4)
(8, 18, 4)
(8, 19, 4)
(8, 20, 4)
(8, 21, 4)
(8, 22, 4)
(8, 23, 4)
(8, 24, 4)
(8, 25, 4)
(8, 26, 4)
(8, 27, 4)
(8, 28, 4)
(8, 29, 4)
(8, 30, 4)
(8, 31, 4)
(8, 32, 4)
(8, 33, 3)
(8, 34, 2)
(8, 35, 2)
(8, 36, 2)
(8, 37, 2)
(8, 38, 2)
(8, 39, 2)

(9, 0, 85)
(9, 1, 44)
(9, 2, 42)
(9, 3, 32)
(9, 4, 31)
(9, 5, 29)
(9, 6, 28)
(9, 7, 27)
(9, 8, 21)
(9, 9, 12)
(9, 10, 6)
(9, 11, 4)
(9, 12, 4)
(9, 13, 4)
(9, 14, 4)
(9, 15, 4)
(9, 16, 4)
(9, 17, 4)
(9, 18, 4)
(9, 19, 4)
(9, 20, 4)
(9, 21, 4)
(9, 22, 4)
(9, 23, 4)
(9, 24, 4)
(9, 25, 4)
(9, 26, 4)
(9, 27, 4)
(9, 28, 4)
(9, 29, 4)
(9, 30, 4)
(9, 31, 4)
(9, 32, 4)
(9, 33, 3)
(9, 34, 2)
(9, 35, 2)
(9, 36, 2)
(9, 37, 2)
(9, 38, 2)
(9, 39, 2)

(10, 0, 89)
(10, 1, 46)
(10, 2, 44)
(10, 3, 34)
(10, 4, 33)
(10, 5, 31)
(10, 6, 30)
(10, 7, 29)
(10, 8, 23)
(10, 9, 13)
(10, 10, 6)
(10, 11, 4)
(10, 12, 4)
(10, 13, 4)
(10, 14, 4)
(10, 15, 4)
(10, 16, 4)
(10, 17, 4)
(10, 18, 4)
(10, 19, 4)
(10, 20, 4)
(10, 21, 4)
(10, 22, 4)
(10, 23, 4)
(10, 24, 4)
(10, 25, 4)
(10, 26, 4)
(10, 27, 4)
(10, 28, 4)
(10, 29, 4)
(10, 30, 4)
(10, 31, 4)
(10, 32, 4)
(10, 33, 3)
(10, 34, 2)
(10, 35, 2)
(10, 36, 2)
(10, 37, 2)
(10, 38, 2)
(10, 39, 2)

(11, 0, 95)
(11, 1, 47)
(11, 2, 45)
(11, 3, 35)
(11, 4, 34)
(11, 5, 32)
(11, 6, 31)
(11, 7, 30)
(11, 8, 24)
(11, 9, 13)
(11, 10, 6)
(11, 11, 4)
(11, 12, 4)
(11, 13, 4)
(11, 14, 4)
(11, 15, 4)
(11, 16, 4)
(11, 17, 4)
(11, 18, 4)
(11, 19, 4)
(11, 20, 4)
(11, 21, 4)
(11, 22, 4)
(11, 23, 4)
(11, 24, 4)
(11, 25, 4)
(11, 26, 4)
(11, 27, 4)
(11, 28, 4)
(11, 29, 4)
(11, 30, 4)
(11, 31, 4)
(11, 32, 4)
(11, 33, 3)
(11, 34, 2)
(11, 35, 2)
(11, 36, 2)
(11, 37, 2)
(11, 38, 2)
(11, 39, 2)

(12, 0, 101)
(12, 1, 50)
(12, 2, 48)
(12, 3, 38)
(12, 4, 37)
(12, 5, 35)
(12, 6, 34)
(12, 7, 33)
(12, 8, 27)
(12, 9, 13)
(12, 10, 6)
(12, 11, 4)
(12, 12, 4)
(12, 13, 4)
(12, 14, 4)
(12, 15, 4)
(12, 16, 4)
(12, 17, 4)
(12, 18, 4)
(12, 19, 4)
(12, 20, 4)
(12, 21, 4)
(12, 22, 4)
(12, 23, 4)
(12, 24, 4)
(12, 25, 4)
(12, 26, 4)
(12, 27, 4)
(12, 28, 4)
(12, 29, 4)
(12, 30, 4)
(12, 31, 4)
(12, 32, 4)
(12, 33, 3)
(12, 34, 2)
(12, 35, 2)
(12, 36, 2)
(12, 37, 2)
(12, 38, 2)
(12, 39, 2)

(13, 0, 105)
(13, 1, 51)
(13, 2, 49)
(13, 3, 39)
(13, 4, 38)
(13, 5, 36)
(13, 6, 35)
(13, 7, 34)
(13, 8, 28)
(13, 9, 13)
(13, 10, 6)
(13, 11, 4)
(13, 12, 4)
(13, 13, 4)
(13, 14, 4)
(13, 15, 4)
(13, 16, 4)
(13, 17, 4)
(13, 18, 4)
(13, 19, 4)
(13, 20, 4)
(13, 21, 4)
(13, 22, 4)
(13, 23, 4)
(13, 24, 4)
(13, 25, 4)
(13, 26, 4)
(13, 27, 4)
(13, 28, 4)
(13, 29, 4)
(13, 30, 4)
(13, 31, 4)
(13, 32, 4)
(13, 33, 3)
(13, 34, 2)
(13, 35, 2)
(13, 36, 2)
(13, 37, 2)
(13, 38, 2)
(13, 39, 2)

(14, 0, 111)
(14, 1, 54)
(14, 2, 52)
(14, 3, 42)
(14, 4, 41)
(14, 5, 39)
(14, 6, 38)
(14, 7, 37)
(14, 8, 31)
(14, 9, 13)
(14, 10, 6)
(14, 11, 4)
(14, 12, 4)
(14, 13, 4)
(14, 14, 4)
(14, 15, 4)
(14, 16, 4)
(14, 17, 4)
(14, 18, 4)
(14, 19, 4)
(14, 20, 4)
(14, 21, 4)
(14, 22, 4)
(14, 23, 4)
(14, 24, 4)
(14, 25, 4)
(14, 26, 4)
(14, 27, 4)
(14, 28, 4)
(14, 29, 4)
(14, 30, 4)
(14, 31, 4)
(14, 32, 4)
(14, 33, 3)
(14, 34, 2)
(14, 35, 2)
(14, 36, 2)
(14, 37, 2)
(14, 38, 2)
(14, 39, 2)

(15, 0, 113)
(15, 1, 55)
(15, 2, 53)
(15, 3, 43)
(15, 4, 42)
(15, 5, 40)
(15, 6, 39)
(15, 7, 38)
(15, 8, 32)
(15, 9, 13)
(15, 10, 6)
(15, 11, 4)
(15, 12, 4)
(15, 13, 4)
(15, 14, 4)
(15, 15, 4)
(15, 16, 4)
(15, 17, 4)
(15, 18, 4)
(15, 19, 4)
(15, 20, 4)
(15, 21, 4)
(15, 22, 4)
(15, 23, 4)
(15, 24, 4)
(15, 25, 4)
(15, 26, 4)
(15, 27, 4)
(15, 28, 4)
(15, 29, 4)
(15, 30, 4)
(15, 31, 4)
(15, 32, 4)
(15, 33, 3)
(15, 34, 2)
(15, 35, 2)
(15, 36, 2)
(15, 37, 2)
(15, 38, 2)
(15, 39, 2)

(16, 0, 118)
(16, 1, 58)
(16, 2, 56)
(16, 3, 46)
(16, 4, 45)
(16, 5, 43)
(16, 6, 42)
(16, 7, 41)
(16, 8, 35)
(16, 9, 13)
(16, 10, 6)
(16, 11, 4)
(16, 12, 4)
(16, 13, 4)
(16, 14, 4)
(16, 15, 4)
(16, 16, 4)
(16, 17, 4)
(16, 18, 4)
(16, 19, 4)
(16, 20, 4)
(16, 21, 4)
(16, 22, 4)
(16, 23, 4)
(16, 24, 4)
(16, 25, 4)
(16, 26, 4)
(16, 27, 4)
(16, 28, 4)
(16, 29, 4)
(16, 30, 4)
(16, 31, 4)
(16, 32, 4)
(16, 33, 3)
(16, 34, 2)
(16, 35, 2)
(16, 36, 2)
(16, 37, 2)
(16, 38, 2)
(16, 39, 2)

(17, 0, 120)
(17, 1, 59)
(17, 2, 57)
(17, 3, 47)
(17, 4, 46)
(17, 5, 44)
(17, 6, 43)
(17, 7, 42)
(17, 8, 36)
(17, 9, 13)
(17, 10, 6)
(17, 11, 4)
(17, 12, 4)
(17, 13, 4)
(17, 14, 4)
(17, 15, 4)
(17, 16, 4)
(17, 17, 4)
(17, 18, 4)
(17, 19, 4)
(17, 20, 4)
(17, 21, 4)
(17, 22, 4)
(17, 23, 4)
(17, 24, 4)
(17, 25, 4)
(17, 26, 4)
(17, 27, 4)
(17, 28, 4)
(17, 29, 4)
(17, 30, 4)
(17, 31, 4)
(17, 32, 4)
(17, 33, 3)
(17, 34, 2)
(17, 35, 2)
(17, 36, 2)
(17, 37, 2)
(17, 38, 2)
(17, 39, 2)

(18, 0, 128)
(18, 1, 63)
(18, 2, 61)
(18, 3, 51)
(18, 4, 50)
(18, 5, 48)
(18, 6, 47)
(18, 7, 46)
(18, 8, 40)
(18, 9, 13)
(18, 10, 6)
(18, 11, 4)
(18, 12, 4)
(18, 13, 4)
(18, 14, 4)
(18, 15, 4)
(18, 16, 4)
(18, 17, 4)
(18, 18, 4)
(18, 19, 4)
(18, 20, 4)
(18, 21, 4)
(18, 22, 4)
(18, 23, 4)
(18, 24, 4)
(18, 25, 4)
(18, 26, 4)
(18, 27, 4)
(18, 28, 4)
(18, 29, 4)
(18, 30, 4)
(18, 31, 4)
(18, 32, 4)
(18, 33, 3)
(18, 34, 2)
(18, 35, 2)
(18, 36, 2)
(18, 37, 2)
(18, 38, 2)
(18, 39, 2)

(19, 0, 132)
(19, 1, 63)
(19, 2, 61)
(19, 3, 51)
(19, 4, 50)
(19, 5, 48)
(19, 6, 47)
(19, 7, 46)
(19, 8, 40)
(19, 9, 13)
(19, 10, 6)
(19, 11, 4)
(19, 12, 4)
(19, 13, 4)
(19, 14, 4)
(19, 15, 4)
(19, 16, 4)
(19, 17, 4)
(19, 18, 4)
(19, 19, 4)
(19, 20, 4)
(19, 21, 4)
(19, 22, 4)
(19, 23, 4)
(19, 24, 4)
(19, 25, 4)
(19, 26, 4)
(19, 27, 4)
(19, 28, 4)
(19, 29, 4)
(19, 30, 4)
(19, 31, 4)
(19, 32, 4)
(19, 33, 3)
(19, 34, 2)
(19, 35, 2)
(19, 36, 2)
(19, 37, 2)
(19, 38, 2)
(19, 39, 2)

(20, 0, 139)
(20, 1, 67)
(20, 2, 64)
(20, 3, 54)
(20, 4, 53)
(20, 5, 51)
(20, 6, 50)
(20, 7, 49)
(20, 8, 43)
(20, 9, 13)
(20, 10, 6)
(20, 11, 4)
(20, 12, 4)
(20, 13, 4)
(20, 14, 4)
(20, 15, 4)
(20, 16, 4)
(20, 17, 4)
(20, 18, 4)
(20, 19, 4)
(20, 20, 4)
(20, 21, 4)
(20, 22, 4)
(20, 23, 4)
(20, 24, 4)
(20, 25, 4)
(20, 26, 4)
(20, 27, 4)
(20, 28, 4)
(20, 29, 4)
(20, 30, 4)
(20, 31, 4)
(20, 32, 4)
(20, 33, 3)
(20, 34, 2)
(20, 35, 2)
(20, 36, 2)
(20, 37, 2)
(20, 38, 2)
(20, 39, 2)

(21, 0, 144)
(21, 1, 70)
(21, 2, 67)
(21, 3, 57)
(21, 4, 56)
(21, 5, 54)
(21, 6, 53)
(21, 7, 52)
(21, 8, 46)
(21, 9, 14)
(21, 10, 7)
(21, 11, 5)
(21, 12, 5)
(21, 13, 5)
(21, 14, 5)
(21, 15, 5)
(21, 16, 5)
(21, 17, 5)
(21, 18, 5)
(21, 19, 5)
(21, 20, 5)
(21, 21, 5)
(21, 22, 5)
(21, 23, 5)
(21, 24, 5)
(21, 25, 5)
(21, 26, 5)
(21, 27, 5)
(21, 28, 5)
(21, 29, 5)
(21, 30, 5)
(21, 31, 5)
(21, 32, 5)
(21, 33, 4)
(21, 34, 3)
(21, 35, 3)
(21, 36, 3)
(21, 37, 3)
(21, 38, 3)
(21, 39, 3)

(22, 0, 151)
(22, 1, 73)
(22, 2, 70)
(22, 3, 60)
(22, 4, 59)
(22, 5, 56)
(22, 6, 55)
(22, 7, 54)
(22, 8, 48)
(22, 9, 14)
(22, 10, 7)
(22, 11, 5)
(22, 12, 5)
(22, 13, 5)
(22, 14, 5)
(22, 15, 5)
(22, 16, 5)
(22, 17, 5)
(22, 18, 5)
(22, 19, 5)
(22, 20, 5)
(22, 21, 5)
(22, 22, 5)
(22, 23, 5)
(22, 24, 5)
(22, 25, 5)
(22, 26, 5)
(22, 27, 5)
(22, 28, 5)
(22, 29, 5)
(22, 30, 5)
(22, 31, 5)
(22, 32, 5)
(22, 33, 4)
(22, 34, 3)
(22, 35, 3)
(22, 36, 3)
(22, 37, 3)
(22, 38, 3)
(22, 39, 3)

(23, 0, 161)
(23, 1, 76)
(23, 2, 73)
(23, 3, 63)
(23, 4, 62)
(23, 5, 59)
(23, 6, 58)
(23, 7, 57)
(23, 8, 51)
(23, 9, 14)
(23, 10, 7)
(23, 11, 5)
(23, 12, 5)
(23, 13, 5)
(23, 14, 5)
(23, 15, 5)
(23, 16, 5)
(23, 17, 5)
(23, 18, 5)
(23, 19, 5)
(23, 20, 5)
(23, 21, 5)
(23, 22, 5)
(23, 23, 5)
(23, 24, 5)
(23, 25, 5)
(23, 26, 5)
(23, 27, 5)
(23, 28, 5)
(23, 29, 5)
(23, 30, 5)
(23, 31, 5)
(23, 32, 5)
(23, 33, 4)
(23, 34, 3)
(23, 35, 3)
(23, 36, 3)
(23, 37, 3)
(23, 38, 3)
(23, 39, 3)

(24, 0, 167)
(24, 1, 79)
(24, 2, 76)
(24, 3, 66)
(24, 4, 65)
(24, 5, 62)
(24, 6, 61)
(24, 7, 60)
(24, 8, 54)
(24, 9, 14)
(24, 10, 7)
(24, 11, 5)
(24, 12, 5)
(24, 13, 5)
(24, 14, 5)
(24, 15, 5)
(24, 16, 5)
(24, 17, 5)
(24, 18, 5)
(24, 19, 5)
(24, 20, 5)
(24, 21, 5)
(24, 22, 5)
(24, 23, 5)
(24, 24, 5)
(24, 25, 5)
(24, 26, 5)
(24, 27, 5)
(24, 28, 5)
(24, 29, 5)
(24, 30, 5)
(24, 31, 5)
(24, 32, 5)
(24, 33, 4)
(24, 34, 3)
(24, 35, 3)
(24, 36, 3)
(24, 37, 3)
(24, 38, 3)
(24, 39, 3)

(25, 0, 175)
(25, 1, 83)
(25, 2, 80)
(25, 3, 69)
(25, 4, 68)
(25, 5, 65)
(25, 6, 64)
(25, 7, 63)
(25, 8, 57)
(25, 9, 15)
(25, 10, 8)
(25, 11, 6)
(25, 12, 6)
(25, 13, 6)
(25, 14, 6)
(25, 15, 6)
(25, 16, 6)
(25, 17, 6)
(25, 18, 6)
(25, 19, 6)
(25, 20, 6)
(25, 21, 6)
(25, 22, 6)
(25, 23, 6)
(25, 24, 6)
(25, 25, 6)
(25, 26, 6)
(25, 27, 6)
(25, 28, 6)
(25, 29, 6)
(25, 30, 6)
(25, 31, 6)
(25, 32, 6)
(25, 33, 5)
(25, 34, 4)
(25, 35, 4)
(25, 36, 4)
(25, 37, 4)
(25, 38, 4)
(25, 39, 4)

(26, 0, 183)
(26, 1, 87)
(26, 2, 84)
(26, 3, 73)
(26, 4, 72)
(26, 5, 69)
(26, 6, 68)
(26, 7, 67)
(26, 8, 61)
(26, 9, 16)
(26, 10, 8)
(26, 11, 6)
(26, 12, 6)
(26, 13, 6)
(26, 14, 6)
(26, 15, 6)
(26, 16, 6)
(26, 17, 6)
(26, 18, 6)
(26, 19, 6)
(26, 20, 6)
(26, 21, 6)
(26, 22, 6)
(26, 23, 6)
(26, 24, 6)
(26, 25, 6)
(26, 26, 6)
(26, 27, 6)
(26, 28, 6)
(26, 29, 6)
(26, 30, 6)
(26, 31, 6)
(26, 32, 6)
(26, 33, 5)
(26, 34, 4)
(26, 35, 4)
(26, 36, 4)
(26, 37, 4)
(26, 38, 4)
(26, 39, 4)

(27, 0, 199)
(27, 1, 96)
(27, 2, 93)
(27, 3, 79)
(27, 4, 78)
(27, 5, 75)
(27, 6, 74)
(27, 7, 73)
(27, 8, 67)
(27, 9, 17)
(27, 10, 9)
(27, 11, 7)
(27, 12, 7)
(27, 13, 7)
(27, 14, 7)
(27, 15, 7)
(27, 16, 7)
(27, 17, 7)
(27, 18, 7)
(27, 19, 7)
(27, 20, 7)
(27, 21, 7)
(27, 22, 7)
(27, 23, 6)
(27, 24, 6)
(27, 25, 6)
(27, 26, 6)
(27, 27, 6)
(27, 28, 6)
(27, 29, 6)
(27, 30, 6)
(27, 31, 6)
(27, 32, 6)
(27, 33, 5)
(27, 34, 3)
(27, 35, 3)
(27, 36, 3)
(27, 37, 3)
(27, 38, 3)
(27, 39, 3)

(28, 0, 208)
(28, 1, 102)
(28, 2, 99)
(28, 3, 82)
(28, 4, 81)
(28, 5, 77)
(28, 6, 76)
(28, 7, 75)
(28, 8, 69)
(28, 9, 17)
(28, 10, 8)
(28, 11, 6)
(28, 12, 6)
(28, 13, 6)
(28, 14, 6)
(28, 15, 6)
(28, 16, 6)
(28, 17, 6)
(28, 18, 6)
(28, 19, 6)
(28, 20, 6)
(28, 21, 6)
(28, 22, 6)
(28, 23, 6)
(28, 24, 6)
(28, 25, 6)
(28, 26, 6)
(28, 27, 6)
(28, 28, 6)
(28, 29, 6)
(28, 30, 6)
(28, 31, 6)
(28, 32, 6)
(28, 33, 5)
(28, 34, 3)
(28, 35, 3)
(28, 36, 3)
(28, 37, 3)
(28, 38, 3)
(28, 39, 3)

(29, 0, 210)
(29, 1, 103)
(29, 2, 100)
(29, 3, 83)
(29, 4, 82)
(29, 5, 78)
(29, 6, 77)
(29, 7, 76)
(29, 8, 70)
(29, 9, 18)
(29, 10, 8)
(29, 11, 6)
(29, 12, 6)
(29, 13, 6)
(29, 14, 6)
(29, 15, 6)
(29, 16, 6)
(29, 17, 6)
(29, 18, 6)
(29, 19, 6)
(29, 20, 6)
(29, 21, 6)
(29, 22, 6)
(29, 23, 6)
(29, 24, 6)
(29, 25, 6)
(29, 26, 6)
(29, 27, 6)
(29, 28, 6)
(29, 29, 6)
(29, 30, 6)
(29, 31, 6)
(29, 32, 6)
(29, 33, 5)
(29, 34, 3)
(29, 35, 3)
(29, 36, 3)
(29, 37, 3)
(29, 38, 3)
(29, 39, 3)

(30, 0, 223)
(30, 1, 109)
(30, 2, 106)
(30, 3, 88)
(30, 4, 87)
(30, 5, 83)
(30, 6, 82)
(30, 7, 81)
(30, 8, 75)
(30, 9, 20)
(30, 10, 9)
(30, 11, 7)
(30, 12, 7)
(30, 13, 7)
(30, 14, 7)
(30, 15, 7)
(30, 16, 7)
(30, 17, 7)
(30, 18, 7)
(30, 19, 7)
(30, 20, 7)
(30, 21, 7)
(30, 22, 7)
(30, 23, 6)
(30, 24, 6)
(30, 25, 6)
(30, 26, 6)
(30, 27, 6)
(30, 28, 6)
(30, 29, 6)
(30, 30, 6)
(30, 31, 6)
(30, 32, 6)
(30, 33, 5)
(30, 34, 2)
(30, 35, 2)
(30, 36, 2)
(30, 37, 2)
(30, 38, 2)
(30, 39, 2)

(31, 0, 231)
(31, 1, 113)
(31, 2, 110)
(31, 3, 90)
(31, 4, 89)
(31, 5, 85)
(31, 6, 84)
(31, 7, 83)
(31, 8, 76)
(31, 9, 20)
(31, 10, 8)
(31, 11, 6)
(31, 12, 6)
(31, 13, 6)
(31, 14, 6)
(31, 15, 6)
(31, 16, 6)
(31, 17, 6)
(31, 18, 6)
(31, 19, 6)
(31, 20, 6)
(31, 21, 6)
(31, 22, 6)
(31, 23, 6)
(31, 24, 6)
(31, 25, 6)
(31, 26, 6)
(31, 27, 6)
(31, 28, 6)
(31, 29, 6)
(31, 30, 6)
(31, 31, 6)
(31, 32, 6)
(31, 33, 5)
(31, 34, 2)
(31, 35, 2)
(31, 36, 2)
(31, 37, 2)
(31, 38, 2)
(31, 39, 2)

(32, 0, 241)
(32, 1, 119)
(32, 2, 115)
(32, 3, 95)
(32, 4, 94)
(32, 5, 90)
(32, 6, 89)
(32, 7, 87)
(32, 8, 80)
(32, 9, 21)
(32, 10, 9)
(32, 11, 6)
(32, 12, 6)
(32, 13, 6)
(32, 14, 6)
(32, 15, 6)
(32, 16, 6)
(32, 17, 6)
(32, 18, 6)
(32, 19, 6)
(32, 20, 6)
(32, 21, 6)
(32, 22, 6)
(32, 23, 6)
(32, 24, 6)
(32, 25, 6)
(32, 26, 6)
(32, 27, 6)
(32, 28, 6)
(32, 29, 6)
(32, 30, 6)
(32, 31, 6)
(32, 32, 6)
(32, 33, 5)
(32, 34, 2)
(32, 35, 2)
(32, 36, 2)
(32, 37, 2)
(32, 38, 2)
(32, 39, 2)

(33, 0, 246)
(33, 1, 123)
(33, 2, 119)
(33, 3, 99)
(33, 4, 98)
(33, 5, 94)
(33, 6, 93)
(33, 7, 91)
(33, 8, 82)
(33, 9, 20)
(33, 10, 8)
(33, 11, 6)
(33, 12, 6)
(33, 13, 6)
(33, 14, 6)
(33, 15, 6)
(33, 16, 6)
(33, 17, 6)
(33, 18, 6)
(33, 19, 6)
(33, 20, 6)
(33, 21, 6)
(33, 22, 6)
(33, 23, 6)
(33, 24, 6)
(33, 25, 6)
(33, 26, 6)
(33, 27, 6)
(33, 28, 6)
(33, 29, 6)
(33, 30, 6)
(33, 31, 6)
(33, 32, 6)
(33, 33, 5)
(33, 34, 2)
(33, 35, 2)
(33, 36, 2)
(33, 37, 2)
(33, 38, 2)
(33, 39, 2)

(34, 0, 249)
(34, 1, 124)
(34, 2, 120)
(34, 3, 100)
(34, 4, 99)
(34, 5, 95)
(34, 6, 94)
(34, 7, 92)
(34, 8, 83)
(34, 9, 21)
(34, 10, 8)
(34, 11, 6)
(34, 12, 6)
(34, 13, 6)
(34, 14, 6)
(34, 15, 6)
(34, 16, 6)
(34, 17, 6)
(34, 18, 6)
(34, 19, 6)
(34, 20, 6)
(34, 21, 6)
(34, 22, 6)
(34, 23, 6)
(34, 24, 6)
(34, 25, 6)
(34, 26, 6)
(34, 27, 6)
(34, 28, 6)
(34, 29, 6)
(34, 30, 6)
(34, 31, 6)
(34, 32, 6)
(34, 33, 5)
(34, 34, 2)
(34, 35, 2)
(34, 36, 2)
(34, 37, 2)
(34, 38, 2)
(34, 39, 2)

(35, 0, 252)
(35, 1, 125)
(35, 2, 121)
(35, 3, 101)
(35, 4, 100)
(35, 5, 96)
(35, 6, 95)
(35, 7, 93)
(35, 8, 84)
(35, 9, 21)
(35, 10, 8)
(35, 11, 6)
(35, 12, 6)
(35, 13, 6)
(35, 14, 6)
(35, 15, 6)
(35, 16, 6)
(35, 17, 6)
(35, 18, 6)
(35, 19, 6)
(35, 20, 6)
(35, 21, 6)
(35, 22, 6)
(35, 23, 6)
(35, 24, 6)
(35, 25, 6)
(35, 26, 6)
(35, 27, 6)
(35, 28, 6)
(35, 29, 6)
(35, 30, 6)
(35, 31, 6)
(35, 32, 6)
(35, 33, 5)
(35, 34, 2)
(35, 35, 2)
(35, 36, 2)
(35, 37, 2)
(35, 38, 2)
(35, 39, 2)

(36, 0, 258)
(36, 1, 127)
(36, 2, 123)
(36, 3, 103)
(36, 4, 102)
(36, 5, 98)
(36, 6, 97)
(36, 7, 95)
(36, 8, 85)
(36, 9, 21)
(36, 10, 8)
(36, 11, 6)
(36, 12, 6)
(36, 13, 6)
(36, 14, 6)
(36, 15, 6)
(36, 16, 6)
(36, 17, 6)
(36, 18, 6)
(36, 19, 6)
(36, 20, 6)
(36, 21, 6)
(36, 22, 6)
(36, 23, 6)
(36, 24, 6)
(36, 25, 6)
(36, 26, 6)
(36, 27, 6)
(36, 28, 6)
(36, 29, 6)
(36, 30, 6)
(36, 31, 6)
(36, 32, 6)
(36, 33, 5)
(36, 34, 2)
(36, 35, 2)
(36, 36, 2)
(36, 37, 2)
(36, 38, 2)
(36, 39, 2)

(37, 0, 259)
(37, 1, 128)
(37, 2, 124)
(37, 3, 104)
(37, 4, 103)
(37, 5, 99)
(37, 6, 98)
(37, 7, 96)
(37, 8, 85)
(37, 9, 21)
(37, 10, 8)
(37, 11, 6)
(37, 12, 6)
(37, 13, 6)
(37, 14, 6)
(37, 15, 6)
(37, 16, 6)
(37, 17, 6)
(37, 18, 6)
(37, 19, 6)
(37, 20, 6)
(37, 21, 6)
(37, 22, 6)
(37, 23, 6)
(37, 24, 6)
(37, 25, 6)
(37, 26, 6)
(37, 27, 6)
(37, 28, 6)
(37, 29, 6)
(37, 30, 6)
(37, 31, 6)
(37, 32, 6)
(37, 33, 5)
(37, 34, 2)
(37, 35, 2)
(37, 36, 2)
(37, 37, 2)
(37, 38, 2)
(37, 39, 2)

(38, 0, 261)
(38, 1, 130)
(38, 2, 126)
(38, 3, 106)
(38, 4, 105)
(38, 5, 101)
(38, 6, 100)
(38, 7, 98)
(38, 8, 87)
(38, 9, 21)
(38, 10, 8)
(38, 11, 6)
(38, 12, 6)
(38, 13, 6)
(38, 14, 6)
(38, 15, 6)
(38, 16, 6)
(38, 17, 6)
(38, 18, 6)
(38, 19, 6)
(38, 20, 6)
(38, 21, 6)
(38, 22, 6)
(38, 23, 6)
(38, 24, 6)
(38, 25, 6)
(38, 26, 6)
(38, 27, 6)
(38, 28, 6)
(38, 29, 6)
(38, 30, 6)
(38, 31, 6)
(38, 32, 6)
(38, 33, 5)
(38, 34, 2)
(38, 35, 2)
(38, 36, 2)
(38, 37, 2)
(38, 38, 2)
(38, 39, 2)

(39, 0, 270)
(39, 1, 136)
(39, 2, 132)
(39, 3, 110)
(39, 4, 109)
(39, 5, 103)
(39, 6, 102)
(39, 7, 100)
(39, 8, 88)
(39, 9, 22)
(39, 10, 7)
(39, 11, 6)
(39, 12, 6)
(39, 13, 6)
(39, 14, 6)
(39, 15, 6)
(39, 16, 6)
(39, 17, 6)
(39, 18, 6)
(39, 19, 6)
(39, 20, 6)
(39, 21, 6)
(39, 22, 6)
(39, 23, 6)
(39, 24, 6)
(39, 25, 6)
(39, 26, 6)
(39, 27, 6)
(39, 28, 6)
(39, 29, 6)
(39, 30, 6)
(39, 31, 6)
(39, 32, 6)
(39, 33, 5)
(39, 34, 2)
(39, 35, 2)
(39, 36, 2)
(39, 37, 2)
(39, 38, 2)
(39, 39, 2)


Betti numbers:
xi_0:
(0, 0, 2)
(2, 0, 3)
(3, 0, 7)
(4, 0, 10)
(5, 0, 26)
(6, 0, 11)
(7, 0, 16)
(8, 0, 3)
(9, 0, 7)
(10, 0, 4)
(11, 0, 6)
(12, 0, 6)
(13, 0, 4)
(14, 0, 6)
(15, 0, 2)
(16, 0, 5)
(17, 0, 3)
(18, 0, 8)
(19, 0, 5)
(20, 0, 7)
(21, 0, 6)
(22, 0, 7)
(23, 0, 10)
(24, 0, 6)
(25, 0, 8)
(26, 0, 9)
(27, 0, 16)
(28, 0, 9)
(29, 0, 2)
(30, 0, 13)
(31, 0, 8)
(32, 0, 10)
(33, 0, 5)
(34, 0, 3)
(35, 0, 3)
(36, 0, 6)
(37, 0, 1)
(38, 0, 2)
(39, 0, 9)
xi_1:
(0, 3, 1)
(2, 5, 1)
(2, 34, 1)
(3, 1, 1)
(3, 3, 3)
(3, 4, 1)
(3, 7, 1)
(3, 11, 1)
(3, 33, 1)
(4, 1, 4)
(4, 3, 2)
(4, 5, 1)
(4, 8, 1)
(4, 9, 1)
(4, 34, 1)
(5, 1, 15)
(5, 2, 1)
(5, 3, 3)
(5, 8, 3)
(5, 9, 3)
(5, 10, 3)
(6, 1, 5)
(6, 2, 1)
(6, 6, 1)
(6, 8, 1)
(6, 9, 1)
(6, 10, 2)
(6, 34, 1)
(7, 1, 10)
(7, 3, 1)
(7, 5, 1)
(7, 8, 1)
(7, 9, 3)
(7, 10, 1)
(7, 11, 1)
(8, 1, 1)
(8, 2, 1)
(8, 9, 1)
(9, 1, 5)
(9, 9, 1)
(9, 10, 1)
(10, 1, 2)
(10, 9, 1)
(10, 10, 1)
(11, 1, 5)
(11, 9, 1)
(12, 1, 3)
(12, 9, 3)
(13, 1, 3)
(13, 9, 1)
(14, 1, 3)
(14, 9, 3)
(15, 1, 1)
(15, 9, 1)
(16, 1, 2)
(16, 9, 3)
(17, 0, 1)
(17, 1, 2)
(17, 9, 1)
(18, 1, 4)
(18, 9, 4)
(19, 0, 1)
(19, 1, 5)
(20, 1, 3)
(20, 2, 1)
(20, 9, 3)
(21, 0, 1)
(21, 1, 3)
(21, 9, 2)
(22, 1, 4)
(22, 5, 1)
(22, 9, 2)
(23, 1, 7)
(23, 9, 3)
(24, 1, 3)
(24, 9, 3)
(25, 1, 4)
(25, 3, 1)
(25, 9, 2)
(26, 0, 1)
(26, 1, 5)
(26, 9, 3)
(26, 10, 1)
(27, 1, 7)
(27, 3, 3)
(27, 9, 5)
(27, 10, 1)
(27, 23, 1)
(27, 34, 1)
(28, 1, 3)
(28, 3, 3)
(28, 5, 1)
(28, 9, 2)
(28, 10, 1)
(29, 1, 1)
(29, 10, 1)
(30, 1, 7)
(30, 3, 1)
(30, 9, 3)
(30, 10, 1)
(30, 23, 1)
(30, 34, 1)
(31, 1, 4)
(31, 3, 2)
(31, 8, 1)
(31, 9, 1)
(31, 10, 1)
(32, 1, 4)
(32, 2, 1)
(32, 7, 1)
(32, 9, 3)
(32, 11, 1)
(33, 1, 1)
(33, 8, 2)
(33, 9, 3)
(34, 1, 2)
(34, 10, 1)
(35, 1, 2)
(35, 9, 1)
(36, 1, 4)
(36, 8, 1)
(36, 9, 1)
(37, 8, 1)
(38, 9, 2)
(39, 1, 3)
(39, 3, 2)
(39, 5, 2)
(39, 8, 1)
(39, 9, 1)
(39, 10, 2)
xi_2:
(3, 5, 1)
(3, 34, 1)
(5, 9, 1)
(6, 2, 1)
(7, 10, 1)
(7, 34, 1)
(17, 1, 1)
(19, 1, 1)
(21, 1, 1)
(26, 1, 1)
(27, 10, 1)
(28, 23, 1)
(31, 23, 1)
(33, 11, 1)
(39, 9, 1)
(39, 11, 1)
