x-grades
-449804899506987733/400000000000000000
-222341993533130233/200000000000000000
-439563074625533199/400000000000000000
-108610540546201483/100000000000000000
-85864249948815733/80000000000000000
-212100168651675699/200000000000000000
-419079424862624131/400000000000000000
-12936203513184277/12500000000000000
-408837599981169597/400000000000000000
-40371668754044233/40000000000000000
-398595775099715063/400000000000000000
-98368715664746949/100000000000000000
-388353950218260529/400000000000000000
-191616518888766631/200000000000000000
-75622425067361199/80000000000000000
-46623901612009841/50000000000000000
-367870300455351461/400000000000000000
-181374694007312097/200000000000000000
-357628475573896927/400000000000000000
-17625378156658483/20000000000000000
-347386650692442393/400000000000000000
-171132869125857563/200000000000000000
-337144825810987859/400000000000000000
-20751494585641287/25000000000000000
-13076120037181333/16000000000000000
-160891044244403029/200000000000000000
-316661176048078791/400000000000000000
-77885065901837881/100000000000000000
-306419351166624257/400000000000000000
-30129843872589699/40000000000000000
-296177526285169723/400000000000000000
-36382076730555307/50000000000000000
-285935701403715189/400000000000000000
-140407394481493961/200000000000000000
-55138775304452131/80000000000000000
-67643241020383347/100000000000000000
-265452051640806121/400000000000000000
-130165569600039427/200000000000000000
-255210226759351587/400000000000000000
-781529107245701/1250000000000000

y-grades
9999711/40000000
9999711/20000000
29999133/40000000
9999711/10000000
9999711/8000000
29999133/20000000
69997977/40000000
9999711/5000000
89997399/40000000
9999711/4000000
109996821/40000000
29999133/10000000
129996243/40000000
69997977/20000000
29999133/8000000
9999711/2500000
169995087/40000000
89997399/20000000
189994509/40000000
9999711/2000000
209993931/40000000
109996821/20000000
229993353/40000000
29999133/5000000
9999711/1600000
129996243/20000000
269992197/40000000
69997977/10000000
289991619/40000000
29999133/4000000
309991041/40000000
9999711/1250000
329990463/40000000
169995087/20000000
69997977/8000000
89997399/10000000
369989307/40000000
189994509/20000000
389988729/40000000
9999711/1000000

Dimensions > 0:
(0, 0, 19)
(0, 1, 3)
(0, 2, 1)
(0, 3, 1)
(0, 4, 1)
(0, 5, 1)
(0, 6, 1)
(0, 7, 1)
(0, 8, 1)
(0, 9, 1)
(0, 10, 1)
(0, 11, 1)
(0, 12, 1)
(0, 13, 1)
(0, 14, 1)
(0, 15, 1)
(0, 16, 1)
(0, 17, 1)
(0, 18, 1)
(0, 19, 1)
(0, 20, 1)
(0, 21, 1)
(0, 22, 1)
(0, 23, 1)
(0, 24, 1)
(0, 25, 1)
(0, 26, 1)
(0, 27, 1)
(0, 28, 1)
(0, 29, 1)
(0, 30, 1)
(0, 31, 1)
(0, 32, 1)
(0, 33, 1)
(0, 34, 1)
(0, 35, 1)
(0, 36, 1)
(0, 37, 1)
(0, 38, 1)
(0, 39, 1)

(1, 0, 39)
(1, 1, 3)
(1, 2, 1)
(1, 3, 1)
(1, 4, 1)
(1, 5, 1)
(1, 6, 1)
(1, 7, 1)
(1, 8, 1)
(1, 9, 1)
(1, 10, 1)
(1, 11, 1)
(1, 12, 1)
(1, 13, 1)
(1, 14, 1)
(1, 15, 1)
(1, 16, 1)
(1, 17, 1)
(1, 18, 1)
(1, 19, 1)
(1, 20, 1)
(1, 21, 1)
(1, 22, 1)
(1, 23, 1)
(1, 24, 1)
(1, 25, 1)
(1, 26, 1)
(1, 27, 1)
(1, 28, 1)
(1, 29, 1)
(1, 30, 1)
(1, 31, 1)
(1, 32, 1)
(1, 33, 1)
(1, 34, 1)
(1, 35, 1)
(1, 36, 1)
(1, 37, 1)
(1, 38, 1)
(1, 39, 1)

(2, 0, 42)
(2, 1, 4)
(2, 2, 1)
(2, 3, 1)
(2, 4, 1)
(2, 5, 1)
(2, 6, 1)
(2, 7, 1)
(2, 8, 1)
(2, 9, 1)
(2, 10, 1)
(2, 11, 1)
(2, 12, 1)
(2, 13, 1)
(2, 14, 1)
(2, 15, 1)
(2, 16, 1)
(2, 17, 1)
(2, 18, 1)
(2, 19, 1)
(2, 20, 1)
(2, 21, 1)
(2, 22, 1)
(2, 23, 1)
(2, 24, 1)
(2, 25, 1)
(2, 26, 1)
(2, 27, 1)
(2, 28, 1)
(2, 29, 1)
(2, 30, 1)
(2, 31, 1)
(2, 32, 1)
(2, 33, 1)
(2, 34, 1)
(2, 35, 1)
(2, 36, 1)
(2, 37, 1)
(2, 38, 1)
(2, 39, 1)

(3, 0, 42)
(3, 1, 4)
(3, 2, 1)
(3, 3, 1)
(3, 4, 1)
(3, 5, 1)
(3, 6, 1)
(3, 7, 1)
(3, 8, 1)
(3, 9, 1)
(3, 10, 1)
(3, 11, 1)
(3, 12, 1)
(3, 13, 1)
(3, 14, 1)
(3, 15, 1)
(3, 16, 1)
(3, 17, 1)
(3, 18, 1)
(3, 19, 1)
(3, 20, 1)
(3, 21, 1)
(3, 22, 1)
(3, 23, 1)
(3, 24, 1)
(3, 25, 1)
(3, 26, 1)
(3, 27, 1)
(3, 28, 1)
(3, 29, 1)
(3, 30, 1)
(3, 31, 1)
(3, 32, 1)
(3, 33, 1)
(3, 34, 1)
(3, 35, 1)
(3, 36, 1)
(3, 37, 1)
(3, 38, 1)
(3, 39, 1)

(4, 0, 42)
(4, 1, 4)
(4, 2, 1)
(4, 3, 1)
(4, 4, 1)
(4, 5, 1)
(4, 6, 1)
(4, 7, 1)
(4, 8, 1)
(4, 9, 1)
(4, 10, 1)
(4, 11, 1)
(4, 12, 1)
(4, 13, 1)
(4, 14, 1)
(4, 15, 1)
(4, 16, 1)
(4, 17, 1)
(4, 18, 1)
(4, 19, 1)
(4, 20, 1)
(4, 21, 1)
(4, 22, 1)
(4, 23, 1)
(4, 24, 1)
(4, 25, 1)
(4, 26, 1)
(4, 27, 1)
(4, 28, 1)
(4, 29, 1)
(4, 30, 1)
(4, 31, 1)
(4, 32, 1)
(4, 33, 1)
(4, 34, 1)
(4, 35, 1)
(4, 36, 1)
(4, 37, 1)
(4, 38, 1)
(4, 39, 1)

(5, 0, 46)
(5, 1, 5)
(5, 2, 2)
(5, 3, 2)
(5, 4, 2)
(5, 5, 2)
(5, 6, 2)
(5, 7, 2)
(5, 8, 2)
(5, 9, 2)
(5, 10, 2)
(5, 11, 2)
(5, 12, 2)
(5, 13, 2)
(5, 14, 2)
(5, 15, 2)
(5, 16, 2)
(5, 17, 2)
(5, 18, 2)
(5, 19, 2)
(5, 20, 2)
(5, 21, 2)
(5, 22, 2)
(5, 23, 2)
(5, 24, 2)
(5, 25, 2)
(5, 26, 2)
(5, 27, 2)
(5, 28, 2)
(5, 29, 2)
(5, 30, 2)
(5, 31, 2)
(5, 32, 2)
(5, 33, 2)
(5, 34, 2)
(5, 35, 2)
(5, 36, 2)
(5, 37, 2)
(5, 38, 2)
(5, 39, 2)

(6, 0, 55)
(6, 1, 9)
(6, 2, 5)
(6, 3, 4)
(6, 4, 4)
(6, 5, 4)
(6, 6, 4)
(6, 7, 3)
(6, 8, 3)
(6, 9, 3)
(6, 10, 3)
(6, 11, 3)
(6, 12, 3)
(6, 13, 3)
(6, 14, 3)
(6, 15, 3)
(6, 16, 3)
(6, 17, 3)
(6, 18, 3)
(6, 19, 3)
(6, 20, 3)
(6, 21, 3)
(6, 22, 3)
(6, 23, 3)
(6, 24, 3)
(6, 25, 3)
(6, 26, 3)
(6, 27, 3)
(6, 28, 3)
(6, 29, 3)
(6, 30, 3)
(6, 31, 3)
(6, 32, 3)
(6, 33, 3)
(6, 34, 3)
(6, 35, 3)
(6, 36, 3)
(6, 37, 3)
(6, 38, 3)
(6, 39, 3)

(7, 0, 71)
(7, 1, 12)
(7, 2, 8)
(7, 3, 6)
(7, 4, 5)
(7, 5, 3)
(7, 6, 3)
(7, 7, 3)
(7, 8, 3)
(7, 9, 3)
(7, 10, 3)
(7, 11, 3)
(7, 12, 3)
(7, 13, 3)
(7, 14, 3)
(7, 15, 3)
(7, 16, 3)
(7, 17, 3)
(7, 18, 3)
(7, 19, 3)
(7, 20, 3)
(7, 21, 3)
(7, 22, 3)
(7, 23, 3)
(7, 24, 3)
(7, 25, 3)
(7, 26, 3)
(7, 27, 3)
(7, 28, 3)
(7, 29, 3)
(7, 30, 3)
(7, 31, 3)
(7, 32, 3)
(7, 33, 3)
(7, 34, 3)
(7, 35, 3)
(7, 36, 3)
(7, 37, 3)
(7, 38, 3)
(7, 39, 3)

(8, 0, 90)
(8, 1, 17)
(8, 2, 10)
(8, 3, 8)
(8, 4, 7)
(8, 5, 5)
(8, 6, 5)
(8, 7, 5)
(8, 8, 5)
(8, 9, 5)
(8, 10, 5)
(8, 11, 5)
(8, 12, 5)
(8, 13, 5)
(8, 14, 5)
(8, 15, 5)
(8, 16, 5)
(8, 17, 5)
(8, 18, 5)
(8, 19, 5)
(8, 20, 5)
(8, 21, 5)
(8, 22, 5)
(8, 23, 5)
(8, 24, 5)
(8, 25, 5)
(8, 26, 5)
(8, 27, 5)
(8, 28, 5)
(8, 29, 5)
(8, 30, 5)
(8, 31, 5)
(8, 32, 5)
(8, 33, 5)
(8, 34, 5)
(8, 35, 5)
(8, 36, 5)
(8, 37, 5)
(8, 38, 5)
(8, 39, 5)

(9, 0, 109)
(9, 1, 18)
(9, 2, 12)
(9, 3, 10)
(9, 4, 9)
(9, 5, 7)
(9, 6, 7)
(9, 7, 7)
(9, 8, 7)
(9, 9, 6)
(9, 10, 6)
(9, 11, 6)
(9, 12, 6)
(9, 13, 6)
(9, 14, 6)
(9, 15, 5)
(9, 16, 5)
(9, 17, 5)
(9, 18, 5)
(9, 19, 5)
(9, 20, 5)
(9, 21, 5)
(9, 22, 5)
(9, 23, 5)
(9, 24, 5)
(9, 25, 5)
(9, 26, 5)
(9, 27, 5)
(9, 28, 5)
(9, 29, 5)
(9, 30, 5)
(9, 31, 5)
(9, 32, 5)
(9, 33, 5)
(9, 34, 5)
(9, 35, 5)
(9, 36, 5)
(9, 37, 5)
(9, 38, 5)
(9, 39, 5)

(10, 0, 119)
(10, 1, 20)
(10, 2, 14)
(10, 3, 12)
(10, 4, 11)
(10, 5, 8)
(10, 6, 8)
(10, 7, 8)
(10, 8, 8)
(10, 9, 7)
(10, 10, 7)
(10, 11, 7)
(10, 12, 7)
(10, 13, 7)
(10, 14, 7)
(10, 15, 6)
(10, 16, 6)
(10, 17, 6)
(10, 18, 5)
(10, 19, 5)
(10, 20, 5)
(10, 21, 5)
(10, 22, 5)
(10, 23, 5)
(10, 24, 5)
(10, 25, 5)
(10, 26, 5)
(10, 27, 5)
(10, 28, 5)
(10, 29, 5)
(10, 30, 5)
(10, 31, 5)
(10, 32, 5)
(10, 33, 5)
(10, 34, 5)
(10, 35, 5)
(10, 36, 5)
(10, 37, 5)
(10, 38, 5)
(10, 39, 5)

(11, 0, 129)
(11, 1, 26)
(11, 2, 18)
(11, 3, 15)
(11, 4, 14)
(11, 5, 11)
(11, 6, 10)
(11, 7, 9)
(11, 8, 9)
(11, 9, 8)
(11, 10, 8)
(11, 11, 8)
(11, 12, 8)
(11, 13, 8)
(11, 14, 7)
(11, 15, 6)
(11, 16, 6)
(11, 17, 5)
(11, 18, 5)
(11, 19, 5)
(11, 20, 5)
(11, 21, 5)
(11, 22, 5)
(11, 23, 5)
(11, 24, 5)
(11, 25, 5)
(11, 26, 5)
(11, 27, 5)
(11, 28, 5)
(11, 29, 5)
(11, 30, 5)
(11, 31, 5)
(11, 32, 5)
(11, 33, 5)
(11, 34, 5)
(11, 35, 5)
(11, 36, 5)
(11, 37, 5)
(11, 38, 5)
(11, 39, 5)

(12, 0, 136)
(12, 1, 32)
(12, 2, 23)
(12, 3, 19)
(12, 4, 16)
(12, 5, 13)
(12, 6, 12)
(12, 7, 10)
(12, 8, 10)
(12, 9, 9)
(12, 10, 7)
(12, 11, 7)
(12, 12, 7)
(12, 13, 7)
(12, 14, 6)
(12, 15, 5)
(12, 16, 5)
(12, 17, 5)
(12, 18, 5)
(12, 19, 5)
(12, 20, 5)
(12, 21, 5)
(12, 22, 5)
(12, 23, 5)
(12, 24, 5)
(12, 25, 5)
(12, 26, 5)
(12, 27, 5)
(12, 28, 5)
(12, 29, 5)
(12, 30, 5)
(12, 31, 5)
(12, 32, 5)
(12, 33, 5)
(12, 34, 5)
(12, 35, 5)
(12, 36, 5)
(12, 37, 5)
(12, 38, 5)
(12, 39, 5)

(13, 0, 145)
(13, 1, 38)
(13, 2, 28)
(13, 3, 22)
(13, 4, 19)
(13, 5, 16)
(13, 6, 15)
(13, 7, 13)
(13, 8, 13)
(13, 9, 12)
(13, 10, 10)
(13, 11, 9)
(13, 12, 9)
(13, 13, 9)
(13, 14, 8)
(13, 15, 7)
(13, 16, 7)
(13, 17, 6)
(13, 18, 6)
(13, 19, 6)
(13, 20, 6)
(13, 21, 5)
(13, 22, 5)
(13, 23, 5)
(13, 24, 5)
(13, 25, 5)
(13, 26, 5)
(13, 27, 5)
(13, 28, 5)
(13, 29, 5)
(13, 30, 5)
(13, 31, 5)
(13, 32, 5)
(13, 33, 5)
(13, 34, 5)
(13, 35, 5)
(13, 36, 5)
(13, 37, 5)
(13, 38, 5)
(13, 39, 5)

(14, 0, 162)
(14, 1, 46)
(14, 2, 33)
(14, 3, 26)
(14, 4, 22)
(14, 5, 18)
(14, 6, 16)
(14, 7, 15)
(14, 8, 15)
(14, 9, 14)
(14, 10, 11)
(14, 11, 10)
(14, 12, 10)
(14, 13, 9)
(14, 14, 8)
(14, 15, 7)
(14, 16, 6)
(14, 17, 5)
(14, 18, 5)
(14, 19, 5)
(14, 20, 5)
(14, 21, 4)
(14, 22, 4)
(14, 23, 4)
(14, 24, 4)
(14, 25, 4)
(14, 26, 4)
(14, 27, 4)
(14, 28, 4)
(14, 29, 4)
(14, 30, 4)
(14, 31, 4)
(14, 32, 4)
(14, 33, 4)
(14, 34, 4)
(14, 35, 4)
(14, 36, 4)
(14, 37, 4)
(14, 38, 4)
(14, 39, 4)

(15, 0, 172)
(15, 1, 52)
(15, 2, 37)
(15, 3, 30)
(15, 4, 24)
(15, 5, 20)
(15, 6, 17)
(15, 7, 15)
(15, 8, 15)
(15, 9, 13)
(15, 10, 11)
(15, 11, 10)
(15, 12, 10)
(15, 13, 9)
(15, 14, 8)
(15, 15, 7)
(15, 16, 6)
(15, 17, 5)
(15, 18, 5)
(15, 19, 5)
(15, 20, 5)
(15, 21, 4)
(15, 22, 4)
(15, 23, 4)
(15, 24, 4)
(15, 25, 4)
(15, 26, 4)
(15, 27, 4)
(15, 28, 4)
(15, 29, 4)
(15, 30, 4)
(15, 31, 4)
(15, 32, 4)
(15, 33, 4)
(15, 34, 4)
(15, 35, 4)
(15, 36, 4)
(15, 37, 4)
(15, 38, 4)
(15, 39, 4)

(16, 0, 180)
(16, 1, 56)
(16, 2, 39)
(16, 3, 32)
(16, 4, 26)
(16, 5, 21)
(16, 6, 18)
(16, 7, 16)
(16, 8, 16)
(16, 9, 14)
(16, 10, 12)
(16, 11, 11)
(16, 12, 11)
(16, 13, 10)
(16, 14, 9)
(16, 15, 8)
(16, 16, 7)
(16, 17, 5)
(16, 18, 5)
(16, 19, 5)
(16, 20, 5)
(16, 21, 4)
(16, 22, 4)
(16, 23, 4)
(16, 24, 4)
(16, 25, 4)
(16, 26, 4)
(16, 27, 4)
(16, 28, 4)
(16, 29, 4)
(16, 30, 4)
(16, 31, 4)
(16, 32, 4)
(16, 33, 4)
(16, 34, 4)
(16, 35, 4)
(16, 36, 4)
(16, 37, 4)
(16, 38, 4)
(16, 39, 4)

(17, 0, 187)
(17, 1, 59)
(17, 2, 43)
(17, 3, 34)
(17, 4, 27)
(17, 5, 22)
(17, 6, 18)
(17, 7, 16)
(17, 8, 16)
(17, 9, 14)
(17, 10, 12)
(17, 11, 11)
(17, 12, 11)
(17, 13, 10)
(17, 14, 9)
(17, 15, 8)
(17, 16, 7)
(17, 17, 5)
(17, 18, 5)
(17, 19, 5)
(17, 20, 5)
(17, 21, 4)
(17, 22, 4)
(17, 23, 4)
(17, 24, 4)
(17, 25, 4)
(17, 26, 4)
(17, 27, 4)
(17, 28, 4)
(17, 29, 4)
(17, 30, 4)
(17, 31, 4)
(17, 32, 4)
(17, 33, 4)
(17, 34, 4)
(17, 35, 4)
(17, 36, 4)
(17, 37, 4)
(17, 38, 4)
(17, 39, 4)

(18, 0, 195)
(18, 1, 65)
(18, 2, 48)
(18, 3, 39)
(18, 4, 30)
(18, 5, 23)
(18, 6, 19)
(18, 7, 17)
(18, 8, 17)
(18, 9, 14)
(18, 10, 12)
(18, 11, 11)
(18, 12, 10)
(18, 13, 9)
(18, 14, 8)
(18, 15, 7)
(18, 16, 6)
(18, 17, 5)
(18, 18, 5)
(18, 19, 5)
(18, 20, 5)
(18, 21, 4)
(18, 22, 4)
(18, 23, 4)
(18, 24, 4)
(18, 25, 4)
(18, 26, 4)
(18, 27, 4)
(18, 28, 4)
(18, 29, 4)
(18, 30, 4)
(18, 31, 4)
(18, 32, 4)
(18, 33, 4)
(18, 34, 4)
(18, 35, 4)
(18, 36, 4)
(18, 37, 4)
(18, 38, 4)
(18, 39, 4)

(19, 0, 200)
(19, 1, 70)
(19, 2, 51)
(19, 3, 41)
(19, 4, 32)
(19, 5, 24)
(19, 6, 20)
(19, 7, 18)
(19, 8, 17)
(19, 9, 15)
(19, 10, 13)
(19, 11, 12)
(19, 12, 11)
(19, 13, 10)
(19, 14, 9)
(19, 15, 8)
(19, 16, 7)
(19, 17, 6)
(19, 18, 6)
(19, 19, 6)
(19, 20, 6)
(19, 21, 5)
(19, 22, 5)
(19, 23, 5)
(19, 24, 5)
(19, 25, 5)
(19, 26, 5)
(19, 27, 5)
(19, 28, 5)
(19, 29, 5)
(19, 30, 5)
(19, 31, 5)
(19, 32, 5)
(19, 33, 5)
(19, 34, 5)
(19, 35, 5)
(19, 36, 5)
(19, 37, 5)
(19, 38, 5)
(19, 39, 5)

(20, 0, 216)
(20, 1, 83)
(20, 2, 59)
(20, 3, 45)
(20, 4, 35)
(20, 5, 26)
(20, 6, 21)
(20, 7, 19)
(20, 8, 18)
(20, 9, 16)
(20, 10, 14)
(20, 11, 13)
(20, 12, 12)
(20, 13, 11)
(20, 14, 10)
(20, 15, 9)
(20, 16, 7)
(20, 17, 6)
(20, 18, 6)
(20, 19, 6)
(20, 20, 6)
(20, 21, 4)
(20, 22, 4)
(20, 23, 4)
(20, 24, 4)
(20, 25, 4)
(20, 26, 4)
(20, 27, 4)
(20, 28, 4)
(20, 29, 4)
(20, 30, 4)
(20, 31, 4)
(20, 32, 4)
(20, 33, 4)
(20, 34, 4)
(20, 35, 4)
(20, 36, 4)
(20, 37, 4)
(20, 38, 4)
(20, 39, 4)

(21, 0, 227)
(21, 1, 87)
(21, 2, 64)
(21, 3, 49)
(21, 4, 37)
(21, 5, 28)
(21, 6, 23)
(21, 7, 20)
(21, 8, 19)
(21, 9, 17)
(21, 10, 15)
(21, 11, 14)
(21, 12, 13)
(21, 13, 12)
(21, 14, 11)
(21, 15, 10)
(21, 16, 7)
(21, 17, 6)
(21, 18, 6)
(21, 19, 6)
(21, 20, 6)
(21, 21, 4)
(21, 22, 4)
(21, 23, 4)
(21, 24, 4)
(21, 25, 4)
(21, 26, 4)
(21, 27, 4)
(21, 28, 4)
(21, 29, 4)
(21, 30, 4)
(21, 31, 4)
(21, 32, 4)
(21, 33, 4)
(21, 34, 4)
(21, 35, 4)
(21, 36, 4)
(21, 37, 4)
(21, 38, 4)
(21, 39, 4)

(22, 0, 238)
(22, 1, 95)
(22, 2, 70)
(22, 3, 54)
(22, 4, 41)
(22, 5, 29)
(22, 6, 23)
(22, 7, 21)
(22, 8, 20)
(22, 9, 18)
(22, 10, 16)
(22, 11, 15)
(22, 12, 14)
(22, 13, 13)
(22, 14, 12)
(22, 15, 11)
(22, 16, 8)
(22, 17, 7)
(22, 18, 7)
(22, 19, 7)
(22, 20, 7)
(22, 21, 5)
(22, 22, 5)
(22, 23, 5)
(22, 24, 5)
(22, 25, 5)
(22, 26, 5)
(22, 27, 5)
(22, 28, 5)
(22, 29, 5)
(22, 30, 5)
(22, 31, 5)
(22, 32, 5)
(22, 33, 5)
(22, 34, 5)
(22, 35, 5)
(22, 36, 5)
(22, 37, 5)
(22, 38, 5)
(22, 39, 5)

(23, 0, 258)
(23, 1, 104)
(23, 2, 76)
(23, 3, 59)
(23, 4, 43)
(23, 5, 30)
(23, 6, 24)
(23, 7, 22)
(23, 8, 21)
(23, 9, 19)
(23, 10, 17)
(23, 11, 16)
(23, 12, 14)
(23, 13, 13)
(23, 14, 12)
(23, 15, 11)
(23, 16, 8)
(23, 17, 7)
(23, 18, 7)
(23, 19, 7)
(23, 20, 7)
(23, 21, 5)
(23, 22, 5)
(23, 23, 5)
(23, 24, 5)
(23, 25, 5)
(23, 26, 5)
(23, 27, 5)
(23, 28, 5)
(23, 29, 5)
(23, 30, 5)
(23, 31, 5)
(23, 32, 5)
(23, 33, 5)
(23, 34, 5)
(23, 35, 5)
(23, 36, 5)
(23, 37, 5)
(23, 38, 5)
(23, 39, 5)

(24, 0, 276)
(24, 1, 115)
(24, 2, 85)
(24, 3, 63)
(24, 4, 48)
(24, 5, 35)
(24, 6, 29)
(24, 7, 25)
(24, 8, 22)
(24, 9, 20)
(24, 10, 18)
(24, 11, 17)
(24, 12, 15)
(24, 13, 14)
(24, 14, 13)
(24, 15, 12)
(24, 16, 9)
(24, 17, 8)
(24, 18, 8)
(24, 19, 8)
(24, 20, 8)
(24, 21, 6)
(24, 22, 6)
(24, 23, 6)
(24, 24, 6)
(24, 25, 6)
(24, 26, 6)
(24, 27, 6)
(24, 28, 6)
(24, 29, 6)
(24, 30, 6)
(24, 31, 6)
(24, 32, 6)
(24, 33, 6)
(24, 34, 6)
(24, 35, 6)
(24, 36, 6)
(24, 37, 6)
(24, 38, 6)
(24, 39, 6)

(25, 0, 304)
(25, 1, 131)
(25, 2, 97)
(25, 3, 71)
(25, 4, 54)
(25, 5, 38)
(25, 6, 31)
(25, 7, 27)
(25, 8, 25)
(25, 9, 22)
(25, 10, 19)
(25, 11, 18)
(25, 12, 16)
(25, 13, 14)
(25, 14, 13)
(25, 15, 12)
(25, 16, 9)
(25, 17, 8)
(25, 18, 8)
(25, 19, 8)
(25, 20, 8)
(25, 21, 6)
(25, 22, 6)
(25, 23, 6)
(25, 24, 6)
(25, 25, 6)
(25, 26, 6)
(25, 27, 6)
(25, 28, 6)
(25, 29, 6)
(25, 30, 6)
(25, 31, 6)
(25, 32, 6)
(25, 33, 6)
(25, 34, 6)
(25, 35, 6)
(25, 36, 6)
(25, 37, 6)
(25, 38, 6)
(25, 39, 6)

(26, 0, 333)
(26, 1, 143)
(26, 2, 103)
(26, 3, 77)
(26, 4, 59)
(26, 5, 42)
(26, 6, 34)
(26, 7, 29)
(26, 8, 26)
(26, 9, 24)
(26, 10, 21)
(26, 11, 20)
(26, 12, 18)
(26, 13, 16)
(26, 14, 14)
(26, 15, 13)
(26, 16, 10)
(26, 17, 9)
(26, 18, 9)
(26, 19, 8)
(26, 20, 8)
(26, 21, 7)
(26, 22, 7)
(26, 23, 7)
(26, 24, 7)
(26, 25, 7)
(26, 26, 7)
(26, 27, 6)
(26, 28, 6)
(26, 29, 6)
(26, 30, 6)
(26, 31, 6)
(26, 32, 6)
(26, 33, 6)
(26, 34, 6)
(26, 35, 6)
(26, 36, 6)
(26, 37, 6)
(26, 38, 6)
(26, 39, 6)

(27, 0, 341)
(27, 1, 146)
(27, 2, 105)
(27, 3, 79)
(27, 4, 61)
(27, 5, 43)
(27, 6, 35)
(27, 7, 30)
(27, 8, 27)
(27, 9, 25)
(27, 10, 22)
(27, 11, 21)
(27, 12, 19)
(27, 13, 17)
(27, 14, 15)
(27, 15, 14)
(27, 16, 11)
(27, 17, 10)
(27, 18, 10)
(27, 19, 9)
(27, 20, 9)
(27, 21, 8)
(27, 22, 8)
(27, 23, 8)
(27, 24, 8)
(27, 25, 8)
(27, 26, 8)
(27, 27, 7)
(27, 28, 7)
(27, 29, 7)
(27, 30, 7)
(27, 31, 7)
(27, 32, 7)
(27, 33, 7)
(27, 34, 7)
(27, 35, 6)
(27, 36, 6)
(27, 37, 6)
(27, 38, 6)
(27, 39, 6)

(28, 0, 366)
(28, 1, 157)
(28, 2, 111)
(28, 3, 83)
(28, 4, 64)
(28, 5, 44)
(28, 6, 36)
(28, 7, 31)
(28, 8, 28)
(28, 9, 25)
(28, 10, 22)
(28, 11, 21)
(28, 12, 19)
(28, 13, 17)
(28, 14, 15)
(28, 15, 14)
(28, 16, 11)
(28, 17, 9)
(28, 18, 9)
(28, 19, 8)
(28, 20, 8)
(28, 21, 7)
(28, 22, 7)
(28, 23, 7)
(28, 24, 7)
(28, 25, 7)
(28, 26, 7)
(28, 27, 6)
(28, 28, 6)
(28, 29, 6)
(28, 30, 6)
(28, 31, 6)
(28, 32, 6)
(28, 33, 6)
(28, 34, 6)
(28, 35, 6)
(28, 36, 6)
(28, 37, 6)
(28, 38, 6)
(28, 39, 6)

(29, 0, 381)
(29, 1, 163)
(29, 2, 116)
(29, 3, 87)
(29, 4, 67)
(29, 5, 44)
(29, 6, 36)
(29, 7, 31)
(29, 8, 28)
(29, 9, 25)
(29, 10, 22)
(29, 11, 21)
(29, 12, 19)
(29, 13, 17)
(29, 14, 15)
(29, 15, 14)
(29, 16, 11)
(29, 17, 10)
(29, 18, 10)
(29, 19, 8)
(29, 20, 8)
(29, 21, 7)
(29, 22, 7)
(29, 23, 7)
(29, 24, 7)
(29, 25, 7)
(29, 26, 7)
(29, 27, 6)
(29, 28, 6)
(29, 29, 6)
(29, 30, 6)
(29, 31, 6)
(29, 32, 6)
(29, 33, 6)
(29, 34, 5)
(29, 35, 5)
(29, 36, 5)
(29, 37, 5)
(29, 38, 5)
(29, 39, 5)

(30, 0, 402)
(30, 1, 167)
(30, 2, 117)
(30, 3, 87)
(30, 4, 67)
(30, 5, 44)
(30, 6, 36)
(30, 7, 31)
(30, 8, 28)
(30, 9, 25)
(30, 10, 22)
(30, 11, 21)
(30, 12, 19)
(30, 13, 17)
(30, 14, 15)
(30, 15, 14)
(30, 16, 11)
(30, 17, 10)
(30, 18, 10)
(30, 19, 8)
(30, 20, 8)
(30, 21, 7)
(30, 22, 7)
(30, 23, 7)
(30, 24, 7)
(30, 25, 7)
(30, 26, 7)
(30, 27, 6)
(30, 28, 6)
(30, 29, 6)
(30, 30, 6)
(30, 31, 6)
(30, 32, 6)
(30, 33, 6)
(30, 34, 5)
(30, 35, 5)
(30, 36, 5)
(30, 37, 5)
(30, 38, 5)
(30, 39, 5)

(31, 0, 432)
(31, 1, 178)
(31, 2, 122)
(31, 3, 91)
(31, 4, 69)
(31, 5, 46)
(31, 6, 38)
(31, 7, 33)
(31, 8, 30)
(31, 9, 27)
(31, 10, 24)
(31, 11, 23)
(31, 12, 21)
(31, 13, 19)
(31, 14, 17)
(31, 15, 16)
(31, 16, 13)
(31, 17, 12)
(31, 18, 11)
(31, 19, 9)
(31, 20, 8)
(31, 21, 7)
(31, 22, 7)
(31, 23, 7)
(31, 24, 7)
(31, 25, 7)
(31, 26, 7)
(31, 27, 6)
(31, 28, 6)
(31, 29, 6)
(31, 30, 6)
(31, 31, 6)
(31, 32, 6)
(31, 33, 6)
(31, 34, 5)
(31, 35, 5)
(31, 36, 5)
(31, 37, 5)
(31, 38, 5)
(31, 39, 5)

(32, 0, 454)
(32, 1, 190)
(32, 2, 127)
(32, 3, 96)
(32, 4, 73)
(32, 5, 48)
(32, 6, 39)
(32, 7, 34)
(32, 8, 31)
(32, 9, 28)
(32, 10, 25)
(32, 11, 24)
(32, 12, 22)
(32, 13, 20)
(32, 14, 18)
(32, 15, 17)
(32, 16, 14)
(32, 17, 13)
(32, 18, 12)
(32, 19, 10)
(32, 20, 9)
(32, 21, 8)
(32, 22, 8)
(32, 23, 8)
(32, 24, 8)
(32, 25, 8)
(32, 26, 8)
(32, 27, 7)
(32, 28, 7)
(32, 29, 7)
(32, 30, 7)
(32, 31, 7)
(32, 32, 7)
(32, 33, 7)
(32, 34, 6)
(32, 35, 6)
(32, 36, 6)
(32, 37, 6)
(32, 38, 6)
(32, 39, 6)

(33, 0, 470)
(33, 1, 198)
(33, 2, 130)
(33, 3, 98)
(33, 4, 73)
(33, 5, 48)
(33, 6, 40)
(33, 7, 35)
(33, 8, 31)
(33, 9, 28)
(33, 10, 25)
(33, 11, 24)
(33, 12, 22)
(33, 13, 20)
(33, 14, 18)
(33, 15, 17)
(33, 16, 14)
(33, 17, 13)
(33, 18, 12)
(33, 19, 10)
(33, 20, 9)
(33, 21, 8)
(33, 22, 8)
(33, 23, 8)
(33, 24, 8)
(33, 25, 8)
(33, 26, 8)
(33, 27, 7)
(33, 28, 7)
(33, 29, 7)
(33, 30, 7)
(33, 31, 7)
(33, 32, 7)
(33, 33, 7)
(33, 34, 6)
(33, 35, 6)
(33, 36, 6)
(33, 37, 6)
(33, 38, 6)
(33, 39, 6)

(34, 0, 496)
(34, 1, 208)
(34, 2, 134)
(34, 3, 101)
(34, 4, 76)
(34, 5, 50)
(34, 6, 42)
(34, 7, 37)
(34, 8, 33)
(34, 9, 30)
(34, 10, 27)
(34, 11, 26)
(34, 12, 24)
(34, 13, 22)
(34, 14, 20)
(34, 15, 19)
(34, 16, 16)
(34, 17, 15)
(34, 18, 14)
(34, 19, 12)
(34, 20, 10)
(34, 21, 8)
(34, 22, 8)
(34, 23, 8)
(34, 24, 8)
(34, 25, 8)
(34, 26, 8)
(34, 27, 7)
(34, 28, 7)
(34, 29, 7)
(34, 30, 7)
(34, 31, 7)
(34, 32, 7)
(34, 33, 7)
(34, 34, 6)
(34, 35, 6)
(34, 36, 6)
(34, 37, 6)
(34, 38, 6)
(34, 39, 6)

(35, 0, 514)
(35, 1, 214)
(35, 2, 136)
(35, 3, 102)
(35, 4, 77)
(35, 5, 50)
(35, 6, 42)
(35, 7, 37)
(35, 8, 33)
(35, 9, 30)
(35, 10, 27)
(35, 11, 26)
(35, 12, 24)
(35, 13, 22)
(35, 14, 20)
(35, 15, 18)
(35, 16, 15)
(35, 17, 14)
(35, 18, 13)
(35, 19, 11)
(35, 20, 10)
(35, 21, 8)
(35, 22, 8)
(35, 23, 8)
(35, 24, 8)
(35, 25, 8)
(35, 26, 8)
(35, 27, 7)
(35, 28, 7)
(35, 29, 7)
(35, 30, 7)
(35, 31, 7)
(35, 32, 7)
(35, 33, 7)
(35, 34, 6)
(35, 35, 6)
(35, 36, 6)
(35, 37, 6)
(35, 38, 6)
(35, 39, 6)

(36, 0, 559)
(36, 1, 231)
(36, 2, 147)
(36, 3, 114)
(36, 4, 86)
(36, 5, 55)
(36, 6, 45)
(36, 7, 39)
(36, 8, 34)
(36, 9, 31)
(36, 10, 28)
(36, 11, 27)
(36, 12, 25)
(36, 13, 23)
(36, 14, 21)
(36, 15, 20)
(36, 16, 17)
(36, 17, 15)
(36, 18, 14)
(36, 19, 12)
(36, 20, 10)
(36, 21, 9)
(36, 22, 9)
(36, 23, 9)
(36, 24, 8)
(36, 25, 8)
(36, 26, 8)
(36, 27, 7)
(36, 28, 7)
(36, 29, 7)
(36, 30, 7)
(36, 31, 7)
(36, 32, 7)
(36, 33, 7)
(36, 34, 6)
(36, 35, 6)
(36, 36, 5)
(36, 37, 5)
(36, 38, 5)
(36, 39, 5)

(37, 0, 590)
(37, 1, 245)
(37, 2, 156)
(37, 3, 122)
(37, 4, 91)
(37, 5, 59)
(37, 6, 48)
(37, 7, 41)
(37, 8, 35)
(37, 9, 32)
(37, 10, 28)
(37, 11, 27)
(37, 12, 25)
(37, 13, 23)
(37, 14, 20)
(37, 15, 19)
(37, 16, 16)
(37, 17, 13)
(37, 18, 12)
(37, 19, 10)
(37, 20, 8)
(37, 21, 7)
(37, 22, 7)
(37, 23, 7)
(37, 24, 6)
(37, 25, 6)
(37, 26, 6)
(37, 27, 5)
(37, 28, 5)
(37, 29, 5)
(37, 30, 5)
(37, 31, 5)
(37, 32, 5)
(37, 33, 5)
(37, 34, 5)
(37, 35, 5)
(37, 36, 5)
(37, 37, 5)
(37, 38, 5)
(37, 39, 5)

(38, 0, 597)
(38, 1, 249)
(38, 2, 157)
(38, 3, 123)
(38, 4, 91)
(38, 5, 58)
(38, 6, 48)
(38, 7, 41)
(38, 8, 35)
(38, 9, 32)
(38, 10, 28)
(38, 11, 27)
(38, 12, 25)
(38, 13, 23)
(38, 14, 20)
(38, 15, 19)
(38, 16, 16)
(38, 17, 13)
(38, 18, 12)
(38, 19, 10)
(38, 20, 8)
(38, 21, 7)
(38, 22, 7)
(38, 23, 7)
(38, 24, 6)
(38, 25, 6)
(38, 26, 6)
(38, 27, 5)
(38, 28, 5)
(38, 29, 5)
(38, 30, 5)
(38, 31, 5)
(38, 32, 5)
(38, 33, 5)
(38, 34, 5)
(38, 35, 5)
(38, 36, 5)
(38, 37, 5)
(38, 38, 5)
(38, 39, 5)

(39, 0, 601)
(39, 1, 251)
(39, 2, 159)
(39, 3, 125)
(39, 4, 91)
(39, 5, 58)
(39, 6, 48)
(39, 7, 41)
(39, 8, 35)
(39, 9, 32)
(39, 10, 28)
(39, 11, 27)
(39, 12, 25)
(39, 13, 23)
(39, 14, 20)
(39, 15, 19)
(39, 16, 16)
(39, 17, 13)
(39, 18, 12)
(39, 19, 10)
(39, 20, 8)
(39, 21, 7)
(39, 22, 7)
(39, 23, 7)
(39, 24, 6)
(39, 25, 6)
(39, 26, 6)
(39, 27, 5)
(39, 28, 5)
(39, 29, 5)
(39, 30, 5)
(39, 31, 5)
(39, 32, 5)
(39, 33, 5)
(39, 34, 5)
(39, 35, 5)
(39, 36, 5)
(39, 37, 5)
(39, 38, 5)
(39, 39, 5)


Betti numbers:
xi_0:
(0, 0, 19)
(1, 0, 20)
(2, 0, 3)
(5, 0, 4)
(6, 0, 9)
(7, 0, 16)
(8, 0, 19)
(9, 0, 19)
(10, 0, 10)
(11, 0, 10)
(12, 0, 7)
(13, 0, 9)
(14, 0, 17)
(15, 0, 10)
(16, 0, 8)
(17, 0, 7)
(18, 0, 8)
(19, 0, 5)
(20, 0, 16)
(21, 0, 11)
(22, 0, 11)
(23, 0, 20)
(24, 0, 18)
(25, 0, 28)
(26, 0, 29)
(27, 0, 8)
(28, 0, 25)
(29, 0, 15)
(30, 0, 21)
(31, 0, 30)
(32, 0, 22)
(33, 0, 16)
(34, 0, 26)
(35, 0, 18)
(36, 0, 45)
(37, 0, 31)
(38, 0, 7)
(39, 0, 4)
xi_1:
(0, 1, 16)
(0, 2, 2)
(1, 1, 20)
(1, 2, 1)
(2, 1, 2)
(2, 2, 1)
(5, 1, 3)
(6, 1, 5)
(6, 2, 1)
(6, 3, 1)
(6, 7, 1)
(7, 1, 13)
(7, 2, 1)
(7, 3, 2)
(7, 4, 1)
(7, 5, 2)
(8, 1, 14)
(8, 2, 3)
(9, 1, 18)
(9, 9, 1)
(9, 15, 1)
(10, 1, 8)
(10, 5, 1)
(10, 18, 1)
(11, 1, 4)
(11, 2, 2)
(11, 3, 1)
(11, 6, 1)
(11, 7, 1)
(11, 14, 1)
(11, 17, 1)
(12, 1, 1)
(12, 2, 1)
(12, 3, 1)
(12, 4, 2)
(12, 7, 1)
(12, 10, 2)
(13, 1, 3)
(13, 2, 1)
(13, 3, 2)
(13, 11, 1)
(13, 17, 1)
(13, 21, 1)
(14, 1, 9)
(14, 2, 3)
(14, 3, 2)
(14, 4, 1)
(14, 5, 1)
(14, 6, 1)
(14, 10, 1)
(14, 13, 1)
(14, 16, 1)
(14, 21, 1)
(15, 1, 4)
(15, 2, 2)
(15, 3, 1)
(15, 4, 2)
(15, 6, 1)
(15, 7, 1)
(15, 9, 1)
(16, 1, 4)
(16, 2, 2)
(16, 5, 1)
(16, 17, 1)
(17, 1, 4)
(17, 3, 2)
(17, 4, 1)
(17, 6, 1)
(18, 1, 2)
(18, 2, 1)
(18, 4, 2)
(18, 5, 2)
(18, 9, 1)
(18, 12, 1)
(19, 2, 2)
(19, 3, 1)
(19, 5, 1)
(19, 8, 1)
(20, 1, 3)
(20, 2, 5)
(20, 3, 4)
(20, 4, 1)
(20, 5, 1)
(20, 6, 1)
(20, 16, 1)
(20, 21, 1)
(21, 1, 7)
(21, 2, 1)
(21, 3, 1)
(21, 4, 2)
(21, 5, 1)
(21, 7, 1)
(21, 16, 1)
(22, 1, 3)
(22, 2, 2)
(22, 3, 1)
(22, 4, 1)
(22, 5, 3)
(22, 6, 1)
(23, 1, 11)
(23, 2, 4)
(23, 3, 1)
(23, 4, 3)
(23, 5, 2)
(23, 12, 1)
(24, 1, 7)
(24, 2, 2)
(24, 3, 5)
(24, 7, 2)
(24, 8, 2)
(25, 1, 12)
(25, 2, 4)
(25, 3, 4)
(25, 4, 2)
(25, 5, 3)
(25, 6, 1)
(25, 9, 1)
(25, 10, 1)
(25, 13, 1)
(26, 1, 17)
(26, 2, 6)
(26, 3, 2)
(26, 4, 1)
(26, 5, 1)
(26, 6, 1)
(26, 7, 1)
(26, 8, 1)
(26, 14, 1)
(26, 19, 1)
(26, 27, 1)
(27, 1, 5)
(27, 2, 1)
(27, 5, 1)
(27, 35, 1)
(28, 1, 14)
(28, 2, 5)
(28, 3, 2)
(28, 4, 1)
(28, 5, 2)
(28, 9, 1)
(28, 17, 1)
(29, 1, 9)
(29, 2, 1)
(29, 3, 1)
(29, 4, 1)
(29, 5, 4)
(29, 19, 1)
(29, 34, 1)
(30, 1, 17)
(30, 2, 3)
(30, 3, 1)
(30, 5, 1)
(31, 1, 19)
(31, 2, 7)
(31, 3, 1)
(31, 4, 2)
(31, 18, 1)
(31, 20, 1)
(32, 1, 10)
(32, 2, 7)
(32, 4, 1)
(32, 5, 2)
(32, 6, 1)
(33, 1, 8)
(33, 2, 5)
(33, 3, 1)
(33, 4, 2)
(33, 5, 1)
(33, 8, 1)
(34, 1, 16)
(34, 2, 6)
(34, 3, 1)
(34, 5, 1)
(34, 20, 1)
(34, 21, 1)
(35, 1, 12)
(35, 2, 4)
(35, 3, 2)
(35, 5, 1)
(35, 15, 1)
(36, 1, 28)
(36, 2, 6)
(36, 4, 3)
(36, 5, 5)
(36, 6, 2)
(36, 7, 1)
(36, 8, 1)
(36, 17, 1)
(36, 20, 1)
(36, 24, 1)
(36, 36, 1)
(37, 1, 17)
(37, 2, 6)
(37, 3, 1)
(37, 4, 4)
(37, 5, 3)
(37, 6, 2)
(37, 7, 1)
(37, 8, 1)
(37, 10, 1)
(37, 14, 1)
(37, 17, 1)
(38, 1, 3)
(38, 2, 3)
(38, 4, 1)
(38, 5, 1)
(39, 1, 2)
(39, 4, 2)
xi_2:
(1, 2, 1)
(7, 2, 1)
(7, 3, 1)
(7, 7, 1)
(9, 2, 1)
(11, 18, 1)
(12, 17, 1)
(14, 3, 1)
(14, 7, 1)
(14, 21, 1)
(15, 3, 1)
(15, 10, 1)
(17, 2, 1)
(18, 17, 1)
(19, 9, 1)
(21, 2, 2)
(21, 5, 1)
(22, 7, 1)
(23, 2, 1)
(23, 5, 1)
(24, 4, 1)
(25, 8, 1)
(26, 3, 2)
(26, 9, 1)
(26, 21, 1)
(28, 35, 1)
(29, 5, 1)
(29, 17, 1)
(30, 5, 1)
(31, 2, 1)
(33, 5, 1)
(33, 6, 1)
(35, 3, 1)
(35, 20, 1)
(36, 3, 1)
(36, 5, 1)
(36, 15, 1)
(36, 21, 1)
(37, 2, 1)
(37, 4, 1)
(37, 5, 2)
(37, 6, 1)
(37, 34, 1)
(37, 36, 1)
(38, 6, 1)
