x-grades
-42842723590775111/40000000000000000
-20947807903198131/20000000000000000
-40948508022017413/40000000000000000
-10000350059409641/10000000000000000
-7810858490651943/8000000000000000
-19053592334440433/20000000000000000
-37160076884502017/40000000000000000
-1131655284378849/1250000000000000
-35265861315744319/40000000000000000
-3431875353136547/4000000000000000
-33371645746986621/40000000000000000
-8106134490651943/10000000000000000
-31477430178228923/40000000000000000
-15265161196925037/20000000000000000
-1183328584378849/1600000000000000
-3579513353136547/5000000000000000
-27688999040713527/40000000000000000
-13370945628167339/20000000000000000
-25794783471955829/40000000000000000
-1242383784378849/2000000000000000
-23900567903198131/40000000000000000
-11476730059409641/20000000000000000
-22006352334440433/40000000000000000
-1316202784378849/2500000000000000
-4022427353136547/8000000000000000
-9582514490651943/20000000000000000
-18217921196925037/40000000000000000
-4317703353136547/10000000000000000
-16323705628167339/40000000000000000
-1537659784378849/4000000000000000
-14429490059409641/40000000000000000
-1685297784378849/5000000000000000
-12535274490651943/40000000000000000
-5794083353136547/20000000000000000
-2128211784378849/8000000000000000
-2423487784378849/10000000000000000
-8746843353136547/40000000000000000
-3899867784378849/20000000000000000
-6852627784378849/40000000000000000
-73819/500000

y-grades
2498551/10000000
2498551/5000000
7495653/10000000
2498551/2500000
2498551/2000000
7495653/5000000
17489857/10000000
2498551/1250000
22486959/10000000
2498551/1000000
27484061/10000000
7495653/2500000
32481163/10000000
17489857/5000000
7495653/2000000
2498551/625000
42475367/10000000
22486959/5000000
47472469/10000000
2498551/500000
52469571/10000000
27484061/5000000
57466673/10000000
7495653/1250000
2498551/400000
32481163/5000000
67460877/10000000
17489857/2500000
72457979/10000000
7495653/1000000
77455081/10000000
2498551/312500
82452183/10000000
42475367/5000000
17489857/2000000
22486959/2500000
92446387/10000000
47472469/5000000
97443489/10000000
2498551/250000

Dimensions > 0:
(0, 0, 3)
(0, 1, 3)
(0, 2, 3)
(0, 3, 3)
(0, 4, 3)
(0, 5, 3)
(0, 6, 1)
(0, 7, 1)
(0, 8, 1)
(0, 9, 1)
(0, 10, 1)
(0, 11, 1)
(0, 12, 1)
(0, 13, 1)
(0, 14, 1)
(0, 15, 1)
(0, 16, 1)
(0, 17, 1)
(0, 18, 1)
(0, 19, 1)
(0, 20, 1)
(0, 21, 1)
(0, 22, 1)
(0, 23, 1)
(0, 24, 1)
(0, 25, 1)
(0, 26, 1)
(0, 27, 1)
(0, 28, 1)
(0, 29, 1)
(0, 30, 1)
(0, 31, 1)
(0, 32, 1)
(0, 33, 1)
(0, 34, 1)
(0, 35, 1)
(0, 36, 1)
(0, 37, 1)
(0, 38, 1)
(0, 39, 1)

(1, 0, 6)
(1, 1, 6)
(1, 2, 6)
(1, 3, 6)
(1, 4, 6)
(1, 5, 6)
(1, 6, 2)
(1, 7, 2)
(1, 8, 2)
(1, 9, 2)
(1, 10, 2)
(1, 11, 2)
(1, 12, 2)
(1, 13, 2)
(1, 14, 2)
(1, 15, 2)
(1, 16, 2)
(1, 17, 2)
(1, 18, 2)
(1, 19, 2)
(1, 20, 2)
(1, 21, 2)
(1, 22, 2)
(1, 23, 2)
(1, 24, 2)
(1, 25, 2)
(1, 26, 2)
(1, 27, 2)
(1, 28, 2)
(1, 29, 2)
(1, 30, 2)
(1, 31, 2)
(1, 32, 2)
(1, 33, 2)
(1, 34, 2)
(1, 35, 2)
(1, 36, 2)
(1, 37, 2)
(1, 38, 2)
(1, 39, 2)

(2, 0, 8)
(2, 1, 8)
(2, 2, 8)
(2, 3, 8)
(2, 4, 8)
(2, 5, 8)
(2, 6, 2)
(2, 7, 2)
(2, 8, 2)
(2, 9, 2)
(2, 10, 2)
(2, 11, 2)
(2, 12, 2)
(2, 13, 2)
(2, 14, 2)
(2, 15, 2)
(2, 16, 2)
(2, 17, 2)
(2, 18, 2)
(2, 19, 2)
(2, 20, 2)
(2, 21, 2)
(2, 22, 2)
(2, 23, 2)
(2, 24, 2)
(2, 25, 2)
(2, 26, 2)
(2, 27, 2)
(2, 28, 2)
(2, 29, 2)
(2, 30, 2)
(2, 31, 2)
(2, 32, 2)
(2, 33, 2)
(2, 34, 2)
(2, 35, 2)
(2, 36, 2)
(2, 37, 2)
(2, 38, 2)
(2, 39, 2)

(3, 0, 12)
(3, 1, 12)
(3, 2, 12)
(3, 3, 12)
(3, 4, 12)
(3, 5, 12)
(3, 6, 3)
(3, 7, 3)
(3, 8, 3)
(3, 9, 3)
(3, 10, 3)
(3, 11, 3)
(3, 12, 3)
(3, 13, 3)
(3, 14, 3)
(3, 15, 3)
(3, 16, 3)
(3, 17, 3)
(3, 18, 3)
(3, 19, 3)
(3, 20, 3)
(3, 21, 3)
(3, 22, 3)
(3, 23, 3)
(3, 24, 3)
(3, 25, 3)
(3, 26, 3)
(3, 27, 3)
(3, 28, 3)
(3, 29, 3)
(3, 30, 3)
(3, 31, 3)
(3, 32, 3)
(3, 33, 3)
(3, 34, 3)
(3, 35, 3)
(3, 36, 3)
(3, 37, 3)
(3, 38, 3)
(3, 39, 3)

(4, 0, 14)
(4, 1, 14)
(4, 2, 14)
(4, 3, 14)
(4, 4, 14)
(4, 5, 14)
(4, 6, 4)
(4, 7, 4)
(4, 8, 4)
(4, 9, 4)
(4, 10, 4)
(4, 11, 4)
(4, 12, 4)
(4, 13, 4)
(4, 14, 4)
(4, 15, 4)
(4, 16, 4)
(4, 17, 4)
(4, 18, 4)
(4, 19, 4)
(4, 20, 4)
(4, 21, 4)
(4, 22, 4)
(4, 23, 4)
(4, 24, 4)
(4, 25, 4)
(4, 26, 4)
(4, 27, 4)
(4, 28, 4)
(4, 29, 4)
(4, 30, 4)
(4, 31, 4)
(4, 32, 4)
(4, 33, 4)
(4, 34, 4)
(4, 35, 4)
(4, 36, 4)
(4, 37, 4)
(4, 38, 4)
(4, 39, 4)

(5, 0, 16)
(5, 1, 16)
(5, 2, 16)
(5, 3, 16)
(5, 4, 16)
(5, 5, 16)
(5, 6, 4)
(5, 7, 4)
(5, 8, 4)
(5, 9, 4)
(5, 10, 4)
(5, 11, 4)
(5, 12, 4)
(5, 13, 4)
(5, 14, 4)
(5, 15, 4)
(5, 16, 4)
(5, 17, 4)
(5, 18, 4)
(5, 19, 4)
(5, 20, 4)
(5, 21, 4)
(5, 22, 4)
(5, 23, 4)
(5, 24, 4)
(5, 25, 4)
(5, 26, 4)
(5, 27, 4)
(5, 28, 4)
(5, 29, 4)
(5, 30, 4)
(5, 31, 4)
(5, 32, 4)
(5, 33, 4)
(5, 34, 4)
(5, 35, 4)
(5, 36, 4)
(5, 37, 4)
(5, 38, 4)
(5, 39, 4)

(6, 0, 16)
(6, 1, 16)
(6, 2, 16)
(6, 3, 16)
(6, 4, 16)
(6, 5, 16)
(6, 6, 4)
(6, 7, 4)
(6, 8, 4)
(6, 9, 4)
(6, 10, 4)
(6, 11, 4)
(6, 12, 4)
(6, 13, 4)
(6, 14, 4)
(6, 15, 4)
(6, 16, 4)
(6, 17, 4)
(6, 18, 4)
(6, 19, 4)
(6, 20, 4)
(6, 21, 4)
(6, 22, 4)
(6, 23, 4)
(6, 24, 4)
(6, 25, 4)
(6, 26, 4)
(6, 27, 4)
(6, 28, 4)
(6, 29, 4)
(6, 30, 4)
(6, 31, 4)
(6, 32, 4)
(6, 33, 4)
(6, 34, 4)
(6, 35, 4)
(6, 36, 4)
(6, 37, 4)
(6, 38, 4)
(6, 39, 4)

(7, 0, 16)
(7, 1, 16)
(7, 2, 16)
(7, 3, 16)
(7, 4, 16)
(7, 5, 16)
(7, 6, 4)
(7, 7, 4)
(7, 8, 4)
(7, 9, 4)
(7, 10, 4)
(7, 11, 4)
(7, 12, 4)
(7, 13, 4)
(7, 14, 4)
(7, 15, 4)
(7, 16, 4)
(7, 17, 4)
(7, 18, 4)
(7, 19, 4)
(7, 20, 4)
(7, 21, 4)
(7, 22, 4)
(7, 23, 4)
(7, 24, 4)
(7, 25, 4)
(7, 26, 4)
(7, 27, 4)
(7, 28, 4)
(7, 29, 4)
(7, 30, 4)
(7, 31, 4)
(7, 32, 4)
(7, 33, 4)
(7, 34, 4)
(7, 35, 4)
(7, 36, 4)
(7, 37, 4)
(7, 38, 4)
(7, 39, 4)

(8, 0, 16)
(8, 1, 16)
(8, 2, 16)
(8, 3, 16)
(8, 4, 16)
(8, 5, 16)
(8, 6, 4)
(8, 7, 4)
(8, 8, 4)
(8, 9, 4)
(8, 10, 4)
(8, 11, 4)
(8, 12, 4)
(8, 13, 4)
(8, 14, 4)
(8, 15, 4)
(8, 16, 4)
(8, 17, 4)
(8, 18, 4)
(8, 19, 4)
(8, 20, 4)
(8, 21, 4)
(8, 22, 4)
(8, 23, 4)
(8, 24, 4)
(8, 25, 4)
(8, 26, 4)
(8, 27, 4)
(8, 28, 4)
(8, 29, 4)
(8, 30, 4)
(8, 31, 4)
(8, 32, 4)
(8, 33, 4)
(8, 34, 4)
(8, 35, 4)
(8, 36, 4)
(8, 37, 4)
(8, 38, 4)
(8, 39, 4)

(9, 0, 16)
(9, 1, 16)
(9, 2, 16)
(9, 3, 16)
(9, 4, 16)
(9, 5, 16)
(9, 6, 4)
(9, 7, 4)
(9, 8, 4)
(9, 9, 4)
(9, 10, 4)
(9, 11, 4)
(9, 12, 4)
(9, 13, 4)
(9, 14, 4)
(9, 15, 4)
(9, 16, 4)
(9, 17, 4)
(9, 18, 4)
(9, 19, 4)
(9, 20, 4)
(9, 21, 4)
(9, 22, 4)
(9, 23, 4)
(9, 24, 4)
(9, 25, 4)
(9, 26, 4)
(9, 27, 4)
(9, 28, 4)
(9, 29, 4)
(9, 30, 4)
(9, 31, 4)
(9, 32, 4)
(9, 33, 4)
(9, 34, 4)
(9, 35, 4)
(9, 36, 4)
(9, 37, 4)
(9, 38, 4)
(9, 39, 4)

(10, 0, 16)
(10, 1, 16)
(10, 2, 16)
(10, 3, 16)
(10, 4, 16)
(10, 5, 16)
(10, 6, 4)
(10, 7, 4)
(10, 8, 4)
(10, 9, 4)
(10, 10, 4)
(10, 11, 4)
(10, 12, 4)
(10, 13, 4)
(10, 14, 4)
(10, 15, 4)
(10, 16, 4)
(10, 17, 4)
(10, 18, 4)
(10, 19, 4)
(10, 20, 4)
(10, 21, 4)
(10, 22, 4)
(10, 23, 4)
(10, 24, 4)
(10, 25, 4)
(10, 26, 4)
(10, 27, 4)
(10, 28, 4)
(10, 29, 4)
(10, 30, 4)
(10, 31, 4)
(10, 32, 4)
(10, 33, 4)
(10, 34, 4)
(10, 35, 4)
(10, 36, 4)
(10, 37, 4)
(10, 38, 4)
(10, 39, 4)

(11, 0, 16)
(11, 1, 16)
(11, 2, 16)
(11, 3, 16)
(11, 4, 16)
(11, 5, 16)
(11, 6, 4)
(11, 7, 4)
(11, 8, 4)
(11, 9, 4)
(11, 10, 4)
(11, 11, 4)
(11, 12, 4)
(11, 13, 4)
(11, 14, 4)
(11, 15, 4)
(11, 16, 4)
(11, 17, 4)
(11, 18, 4)
(11, 19, 4)
(11, 20, 4)
(11, 21, 4)
(11, 22, 4)
(11, 23, 4)
(11, 24, 4)
(11, 25, 4)
(11, 26, 4)
(11, 27, 4)
(11, 28, 4)
(11, 29, 4)
(11, 30, 4)
(11, 31, 4)
(11, 32, 4)
(11, 33, 4)
(11, 34, 4)
(11, 35, 4)
(11, 36, 4)
(11, 37, 4)
(11, 38, 4)
(11, 39, 4)

(12, 0, 16)
(12, 1, 16)
(12, 2, 16)
(12, 3, 16)
(12, 4, 16)
(12, 5, 16)
(12, 6, 4)
(12, 7, 4)
(12, 8, 4)
(12, 9, 4)
(12, 10, 4)
(12, 11, 4)
(12, 12, 4)
(12, 13, 4)
(12, 14, 4)
(12, 15, 4)
(12, 16, 4)
(12, 17, 4)
(12, 18, 4)
(12, 19, 4)
(12, 20, 4)
(12, 21, 4)
(12, 22, 4)
(12, 23, 4)
(12, 24, 4)
(12, 25, 4)
(12, 26, 4)
(12, 27, 4)
(12, 28, 4)
(12, 29, 4)
(12, 30, 4)
(12, 31, 4)
(12, 32, 4)
(12, 33, 4)
(12, 34, 4)
(12, 35, 4)
(12, 36, 4)
(12, 37, 4)
(12, 38, 4)
(12, 39, 4)

(13, 0, 16)
(13, 1, 16)
(13, 2, 16)
(13, 3, 16)
(13, 4, 16)
(13, 5, 16)
(13, 6, 4)
(13, 7, 4)
(13, 8, 4)
(13, 9, 4)
(13, 10, 4)
(13, 11, 4)
(13, 12, 4)
(13, 13, 4)
(13, 14, 4)
(13, 15, 4)
(13, 16, 4)
(13, 17, 4)
(13, 18, 4)
(13, 19, 4)
(13, 20, 4)
(13, 21, 4)
(13, 22, 4)
(13, 23, 4)
(13, 24, 4)
(13, 25, 4)
(13, 26, 4)
(13, 27, 4)
(13, 28, 4)
(13, 29, 4)
(13, 30, 4)
(13, 31, 4)
(13, 32, 4)
(13, 33, 4)
(13, 34, 4)
(13, 35, 4)
(13, 36, 4)
(13, 37, 4)
(13, 38, 4)
(13, 39, 4)

(14, 0, 17)
(14, 1, 17)
(14, 2, 17)
(14, 3, 17)
(14, 4, 17)
(14, 5, 17)
(14, 6, 5)
(14, 7, 5)
(14, 8, 5)
(14, 9, 5)
(14, 10, 5)
(14, 11, 5)
(14, 12, 5)
(14, 13, 5)
(14, 14, 5)
(14, 15, 5)
(14, 16, 5)
(14, 17, 5)
(14, 18, 5)
(14, 19, 5)
(14, 20, 5)
(14, 21, 5)
(14, 22, 5)
(14, 23, 5)
(14, 24, 5)
(14, 25, 5)
(14, 26, 5)
(14, 27, 5)
(14, 28, 5)
(14, 29, 5)
(14, 30, 5)
(14, 31, 5)
(14, 32, 5)
(14, 33, 5)
(14, 34, 5)
(14, 35, 5)
(14, 36, 5)
(14, 37, 5)
(14, 38, 5)
(14, 39, 5)

(15, 0, 20)
(15, 1, 20)
(15, 2, 20)
(15, 3, 20)
(15, 4, 19)
(15, 5, 19)
(15, 6, 5)
(15, 7, 5)
(15, 8, 5)
(15, 9, 5)
(15, 10, 5)
(15, 11, 5)
(15, 12, 5)
(15, 13, 5)
(15, 14, 5)
(15, 15, 5)
(15, 16, 5)
(15, 17, 5)
(15, 18, 5)
(15, 19, 5)
(15, 20, 5)
(15, 21, 5)
(15, 22, 5)
(15, 23, 5)
(15, 24, 5)
(15, 25, 5)
(15, 26, 5)
(15, 27, 5)
(15, 28, 5)
(15, 29, 5)
(15, 30, 5)
(15, 31, 5)
(15, 32, 5)
(15, 33, 5)
(15, 34, 5)
(15, 35, 5)
(15, 36, 5)
(15, 37, 5)
(15, 38, 5)
(15, 39, 5)

(16, 0, 25)
(16, 1, 25)
(16, 2, 25)
(16, 3, 25)
(16, 4, 22)
(16, 5, 22)
(16, 6, 6)
(16, 7, 6)
(16, 8, 6)
(16, 9, 6)
(16, 10, 6)
(16, 11, 6)
(16, 12, 6)
(16, 13, 6)
(16, 14, 6)
(16, 15, 6)
(16, 16, 6)
(16, 17, 6)
(16, 18, 6)
(16, 19, 6)
(16, 20, 6)
(16, 21, 6)
(16, 22, 6)
(16, 23, 6)
(16, 24, 6)
(16, 25, 6)
(16, 26, 6)
(16, 27, 6)
(16, 28, 6)
(16, 29, 6)
(16, 30, 6)
(16, 31, 6)
(16, 32, 6)
(16, 33, 6)
(16, 34, 6)
(16, 35, 6)
(16, 36, 6)
(16, 37, 6)
(16, 38, 6)
(16, 39, 6)

(17, 0, 30)
(17, 1, 30)
(17, 2, 30)
(17, 3, 30)
(17, 4, 24)
(17, 5, 24)
(17, 6, 6)
(17, 7, 6)
(17, 8, 6)
(17, 9, 6)
(17, 10, 6)
(17, 11, 6)
(17, 12, 6)
(17, 13, 6)
(17, 14, 6)
(17, 15, 6)
(17, 16, 6)
(17, 17, 6)
(17, 18, 6)
(17, 19, 6)
(17, 20, 6)
(17, 21, 6)
(17, 22, 6)
(17, 23, 6)
(17, 24, 6)
(17, 25, 6)
(17, 26, 6)
(17, 27, 6)
(17, 28, 6)
(17, 29, 6)
(17, 30, 6)
(17, 31, 6)
(17, 32, 6)
(17, 33, 6)
(17, 34, 6)
(17, 35, 6)
(17, 36, 6)
(17, 37, 6)
(17, 38, 6)
(17, 39, 6)

(18, 0, 32)
(18, 1, 32)
(18, 2, 32)
(18, 3, 32)
(18, 4, 25)
(18, 5, 25)
(18, 6, 7)
(18, 7, 7)
(18, 8, 7)
(18, 9, 7)
(18, 10, 7)
(18, 11, 7)
(18, 12, 7)
(18, 13, 7)
(18, 14, 7)
(18, 15, 7)
(18, 16, 7)
(18, 17, 7)
(18, 18, 7)
(18, 19, 7)
(18, 20, 7)
(18, 21, 7)
(18, 22, 7)
(18, 23, 7)
(18, 24, 7)
(18, 25, 7)
(18, 26, 7)
(18, 27, 7)
(18, 28, 7)
(18, 29, 7)
(18, 30, 7)
(18, 31, 7)
(18, 32, 7)
(18, 33, 7)
(18, 34, 7)
(18, 35, 7)
(18, 36, 7)
(18, 37, 7)
(18, 38, 7)
(18, 39, 7)

(19, 0, 38)
(19, 1, 38)
(19, 2, 38)
(19, 3, 37)
(19, 4, 29)
(19, 5, 29)
(19, 6, 8)
(19, 7, 8)
(19, 8, 8)
(19, 9, 8)
(19, 10, 8)
(19, 11, 8)
(19, 12, 8)
(19, 13, 8)
(19, 14, 8)
(19, 15, 8)
(19, 16, 8)
(19, 17, 8)
(19, 18, 8)
(19, 19, 8)
(19, 20, 8)
(19, 21, 8)
(19, 22, 8)
(19, 23, 8)
(19, 24, 8)
(19, 25, 8)
(19, 26, 8)
(19, 27, 8)
(19, 28, 8)
(19, 29, 8)
(19, 30, 8)
(19, 31, 8)
(19, 32, 8)
(19, 33, 8)
(19, 34, 8)
(19, 35, 8)
(19, 36, 8)
(19, 37, 8)
(19, 38, 8)
(19, 39, 8)

(20, 0, 45)
(20, 1, 43)
(20, 2, 43)
(20, 3, 42)
(20, 4, 33)
(20, 5, 32)
(20, 6, 9)
(20, 7, 9)
(20, 8, 9)
(20, 9, 9)
(20, 10, 9)
(20, 11, 9)
(20, 12, 9)
(20, 13, 9)
(20, 14, 9)
(20, 15, 9)
(20, 16, 9)
(20, 17, 9)
(20, 18, 9)
(20, 19, 9)
(20, 20, 9)
(20, 21, 9)
(20, 22, 9)
(20, 23, 9)
(20, 24, 9)
(20, 25, 9)
(20, 26, 9)
(20, 27, 9)
(20, 28, 9)
(20, 29, 9)
(20, 30, 9)
(20, 31, 9)
(20, 32, 9)
(20, 33, 9)
(20, 34, 9)
(20, 35, 9)
(20, 36, 9)
(20, 37, 9)
(20, 38, 9)
(20, 39, 9)

(21, 0, 52)
(21, 1, 48)
(21, 2, 48)
(21, 3, 46)
(21, 4, 35)
(21, 5, 34)
(21, 6, 10)
(21, 7, 10)
(21, 8, 10)
(21, 9, 10)
(21, 10, 10)
(21, 11, 10)
(21, 12, 10)
(21, 13, 10)
(21, 14, 10)
(21, 15, 10)
(21, 16, 10)
(21, 17, 10)
(21, 18, 10)
(21, 19, 10)
(21, 20, 10)
(21, 21, 10)
(21, 22, 10)
(21, 23, 10)
(21, 24, 8)
(21, 25, 8)
(21, 26, 8)
(21, 27, 8)
(21, 28, 8)
(21, 29, 8)
(21, 30, 8)
(21, 31, 8)
(21, 32, 8)
(21, 33, 8)
(21, 34, 8)
(21, 35, 8)
(21, 36, 8)
(21, 37, 8)
(21, 38, 8)
(21, 39, 8)

(22, 0, 56)
(22, 1, 51)
(22, 2, 51)
(22, 3, 49)
(22, 4, 38)
(22, 5, 36)
(22, 6, 11)
(22, 7, 11)
(22, 8, 11)
(22, 9, 11)
(22, 10, 11)
(22, 11, 11)
(22, 12, 11)
(22, 13, 11)
(22, 14, 11)
(22, 15, 11)
(22, 16, 11)
(22, 17, 11)
(22, 18, 11)
(22, 19, 11)
(22, 20, 11)
(22, 21, 11)
(22, 22, 11)
(22, 23, 11)
(22, 24, 9)
(22, 25, 9)
(22, 26, 9)
(22, 27, 9)
(22, 28, 9)
(22, 29, 9)
(22, 30, 9)
(22, 31, 9)
(22, 32, 9)
(22, 33, 9)
(22, 34, 9)
(22, 35, 9)
(22, 36, 9)
(22, 37, 9)
(22, 38, 9)
(22, 39, 9)

(23, 0, 61)
(23, 1, 56)
(23, 2, 56)
(23, 3, 54)
(23, 4, 40)
(23, 5, 38)
(23, 6, 13)
(23, 7, 13)
(23, 8, 13)
(23, 9, 13)
(23, 10, 13)
(23, 11, 13)
(23, 12, 13)
(23, 13, 13)
(23, 14, 13)
(23, 15, 13)
(23, 16, 12)
(23, 17, 12)
(23, 18, 12)
(23, 19, 12)
(23, 20, 12)
(23, 21, 12)
(23, 22, 12)
(23, 23, 12)
(23, 24, 10)
(23, 25, 10)
(23, 26, 10)
(23, 27, 10)
(23, 28, 10)
(23, 29, 10)
(23, 30, 10)
(23, 31, 9)
(23, 32, 9)
(23, 33, 9)
(23, 34, 9)
(23, 35, 9)
(23, 36, 9)
(23, 37, 9)
(23, 38, 9)
(23, 39, 9)

(24, 0, 65)
(24, 1, 59)
(24, 2, 59)
(24, 3, 57)
(24, 4, 41)
(24, 5, 39)
(24, 6, 14)
(24, 7, 14)
(24, 8, 13)
(24, 9, 13)
(24, 10, 13)
(24, 11, 13)
(24, 12, 13)
(24, 13, 13)
(24, 14, 13)
(24, 15, 13)
(24, 16, 12)
(24, 17, 12)
(24, 18, 12)
(24, 19, 12)
(24, 20, 12)
(24, 21, 12)
(24, 22, 12)
(24, 23, 12)
(24, 24, 10)
(24, 25, 10)
(24, 26, 10)
(24, 27, 10)
(24, 28, 10)
(24, 29, 10)
(24, 30, 10)
(24, 31, 9)
(24, 32, 9)
(24, 33, 9)
(24, 34, 9)
(24, 35, 9)
(24, 36, 9)
(24, 37, 9)
(24, 38, 9)
(24, 39, 9)

(25, 0, 71)
(25, 1, 64)
(25, 2, 64)
(25, 3, 61)
(25, 4, 44)
(25, 5, 42)
(25, 6, 15)
(25, 7, 15)
(25, 8, 15)
(25, 9, 15)
(25, 10, 15)
(25, 11, 15)
(25, 12, 15)
(25, 13, 15)
(25, 14, 15)
(25, 15, 14)
(25, 16, 14)
(25, 17, 14)
(25, 18, 14)
(25, 19, 14)
(25, 20, 14)
(25, 21, 14)
(25, 22, 14)
(25, 23, 14)
(25, 24, 11)
(25, 25, 11)
(25, 26, 11)
(25, 27, 11)
(25, 28, 11)
(25, 29, 10)
(25, 30, 10)
(25, 31, 9)
(25, 32, 9)
(25, 33, 9)
(25, 34, 9)
(25, 35, 9)
(25, 36, 9)
(25, 37, 9)
(25, 38, 9)
(25, 39, 9)

(26, 0, 73)
(26, 1, 65)
(26, 2, 65)
(26, 3, 62)
(26, 4, 45)
(26, 5, 43)
(26, 6, 16)
(26, 7, 16)
(26, 8, 16)
(26, 9, 16)
(26, 10, 16)
(26, 11, 16)
(26, 12, 16)
(26, 13, 16)
(26, 14, 16)
(26, 15, 15)
(26, 16, 14)
(26, 17, 14)
(26, 18, 14)
(26, 19, 14)
(26, 20, 14)
(26, 21, 14)
(26, 22, 14)
(26, 23, 14)
(26, 24, 10)
(26, 25, 10)
(26, 26, 10)
(26, 27, 10)
(26, 28, 10)
(26, 29, 10)
(26, 30, 10)
(26, 31, 9)
(26, 32, 9)
(26, 33, 9)
(26, 34, 9)
(26, 35, 9)
(26, 36, 9)
(26, 37, 9)
(26, 38, 9)
(26, 39, 9)

(27, 0, 77)
(27, 1, 69)
(27, 2, 69)
(27, 3, 65)
(27, 4, 47)
(27, 5, 45)
(27, 6, 16)
(27, 7, 16)
(27, 8, 16)
(27, 9, 16)
(27, 10, 16)
(27, 11, 16)
(27, 12, 16)
(27, 13, 16)
(27, 14, 16)
(27, 15, 14)
(27, 16, 14)
(27, 17, 14)
(27, 18, 14)
(27, 19, 14)
(27, 20, 14)
(27, 21, 14)
(27, 22, 14)
(27, 23, 14)
(27, 24, 10)
(27, 25, 10)
(27, 26, 10)
(27, 27, 10)
(27, 28, 10)
(27, 29, 10)
(27, 30, 10)
(27, 31, 9)
(27, 32, 9)
(27, 33, 9)
(27, 34, 9)
(27, 35, 9)
(27, 36, 9)
(27, 37, 9)
(27, 38, 9)
(27, 39, 9)

(28, 0, 77)
(28, 1, 69)
(28, 2, 69)
(28, 3, 65)
(28, 4, 47)
(28, 5, 45)
(28, 6, 16)
(28, 7, 16)
(28, 8, 16)
(28, 9, 16)
(28, 10, 16)
(28, 11, 16)
(28, 12, 16)
(28, 13, 16)
(28, 14, 16)
(28, 15, 14)
(28, 16, 14)
(28, 17, 14)
(28, 18, 14)
(28, 19, 14)
(28, 20, 14)
(28, 21, 14)
(28, 22, 14)
(28, 23, 14)
(28, 24, 10)
(28, 25, 10)
(28, 26, 10)
(28, 27, 10)
(28, 28, 10)
(28, 29, 10)
(28, 30, 10)
(28, 31, 9)
(28, 32, 9)
(28, 33, 9)
(28, 34, 9)
(28, 35, 9)
(28, 36, 9)
(28, 37, 9)
(28, 38, 9)
(28, 39, 9)

(29, 0, 77)
(29, 1, 69)
(29, 2, 69)
(29, 3, 65)
(29, 4, 47)
(29, 5, 45)
(29, 6, 16)
(29, 7, 16)
(29, 8, 16)
(29, 9, 16)
(29, 10, 16)
(29, 11, 16)
(29, 12, 16)
(29, 13, 16)
(29, 14, 16)
(29, 15, 14)
(29, 16, 14)
(29, 17, 14)
(29, 18, 14)
(29, 19, 14)
(29, 20, 14)
(29, 21, 14)
(29, 22, 14)
(29, 23, 14)
(29, 24, 10)
(29, 25, 10)
(29, 26, 10)
(29, 27, 10)
(29, 28, 10)
(29, 29, 10)
(29, 30, 10)
(29, 31, 9)
(29, 32, 9)
(29, 33, 9)
(29, 34, 9)
(29, 35, 9)
(29, 36, 9)
(29, 37, 9)
(29, 38, 9)
(29, 39, 9)

(30, 0, 77)
(30, 1, 69)
(30, 2, 69)
(30, 3, 65)
(30, 4, 47)
(30, 5, 45)
(30, 6, 16)
(30, 7, 16)
(30, 8, 16)
(30, 9, 16)
(30, 10, 16)
(30, 11, 16)
(30, 12, 16)
(30, 13, 16)
(30, 14, 16)
(30, 15, 14)
(30, 16, 14)
(30, 17, 14)
(30, 18, 14)
(30, 19, 14)
(30, 20, 14)
(30, 21, 14)
(30, 22, 14)
(30, 23, 14)
(30, 24, 10)
(30, 25, 10)
(30, 26, 10)
(30, 27, 10)
(30, 28, 10)
(30, 29, 10)
(30, 30, 10)
(30, 31, 9)
(30, 32, 9)
(30, 33, 9)
(30, 34, 9)
(30, 35, 9)
(30, 36, 9)
(30, 37, 9)
(30, 38, 9)
(30, 39, 9)

(31, 0, 81)
(31, 1, 73)
(31, 2, 73)
(31, 3, 69)
(31, 4, 49)
(31, 5, 47)
(31, 6, 17)
(31, 7, 17)
(31, 8, 17)
(31, 9, 17)
(31, 10, 17)
(31, 11, 17)
(31, 12, 17)
(31, 13, 17)
(31, 14, 17)
(31, 15, 15)
(31, 16, 15)
(31, 17, 15)
(31, 18, 15)
(31, 19, 15)
(31, 20, 15)
(31, 21, 15)
(31, 22, 15)
(31, 23, 15)
(31, 24, 11)
(31, 25, 11)
(31, 26, 11)
(31, 27, 11)
(31, 28, 11)
(31, 29, 11)
(31, 30, 11)
(31, 31, 10)
(31, 32, 10)
(31, 33, 10)
(31, 34, 10)
(31, 35, 10)
(31, 36, 10)
(31, 37, 10)
(31, 38, 10)
(31, 39, 10)

(32, 0, 81)
(32, 1, 73)
(32, 2, 73)
(32, 3, 69)
(32, 4, 49)
(32, 5, 47)
(32, 6, 17)
(32, 7, 17)
(32, 8, 17)
(32, 9, 17)
(32, 10, 17)
(32, 11, 17)
(32, 12, 17)
(32, 13, 17)
(32, 14, 17)
(32, 15, 15)
(32, 16, 15)
(32, 17, 15)
(32, 18, 15)
(32, 19, 15)
(32, 20, 15)
(32, 21, 15)
(32, 22, 15)
(32, 23, 15)
(32, 24, 11)
(32, 25, 11)
(32, 26, 11)
(32, 27, 11)
(32, 28, 11)
(32, 29, 11)
(32, 30, 11)
(32, 31, 10)
(32, 32, 10)
(32, 33, 10)
(32, 34, 10)
(32, 35, 10)
(32, 36, 10)
(32, 37, 10)
(32, 38, 10)
(32, 39, 10)

(33, 0, 85)
(33, 1, 77)
(33, 2, 77)
(33, 3, 72)
(33, 4, 51)
(33, 5, 48)
(33, 6, 17)
(33, 7, 17)
(33, 8, 17)
(33, 9, 17)
(33, 10, 17)
(33, 11, 17)
(33, 12, 17)
(33, 13, 17)
(33, 14, 17)
(33, 15, 15)
(33, 16, 15)
(33, 17, 15)
(33, 18, 15)
(33, 19, 15)
(33, 20, 15)
(33, 21, 15)
(33, 22, 15)
(33, 23, 15)
(33, 24, 11)
(33, 25, 11)
(33, 26, 11)
(33, 27, 11)
(33, 28, 11)
(33, 29, 11)
(33, 30, 11)
(33, 31, 10)
(33, 32, 10)
(33, 33, 10)
(33, 34, 10)
(33, 35, 10)
(33, 36, 10)
(33, 37, 10)
(33, 38, 10)
(33, 39, 10)

(34, 0, 85)
(34, 1, 77)
(34, 2, 77)
(34, 3, 72)
(34, 4, 51)
(34, 5, 48)
(34, 6, 17)
(34, 7, 17)
(34, 8, 17)
(34, 9, 17)
(34, 10, 17)
(34, 11, 17)
(34, 12, 17)
(34, 13, 17)
(34, 14, 17)
(34, 15, 15)
(34, 16, 15)
(34, 17, 15)
(34, 18, 15)
(34, 19, 15)
(34, 20, 15)
(34, 21, 15)
(34, 22, 15)
(34, 23, 15)
(34, 24, 11)
(34, 25, 11)
(34, 26, 11)
(34, 27, 11)
(34, 28, 11)
(34, 29, 11)
(34, 30, 11)
(34, 31, 10)
(34, 32, 10)
(34, 33, 10)
(34, 34, 10)
(34, 35, 10)
(34, 36, 10)
(34, 37, 10)
(34, 38, 10)
(34, 39, 10)

(35, 0, 85)
(35, 1, 77)
(35, 2, 77)
(35, 3, 72)
(35, 4, 51)
(35, 5, 48)
(35, 6, 17)
(35, 7, 17)
(35, 8, 17)
(35, 9, 17)
(35, 10, 17)
(35, 11, 17)
(35, 12, 17)
(35, 13, 17)
(35, 14, 17)
(35, 15, 15)
(35, 16, 15)
(35, 17, 15)
(35, 18, 15)
(35, 19, 15)
(35, 20, 15)
(35, 21, 15)
(35, 22, 15)
(35, 23, 15)
(35, 24, 11)
(35, 25, 11)
(35, 26, 11)
(35, 27, 11)
(35, 28, 11)
(35, 29, 11)
(35, 30, 11)
(35, 31, 10)
(35, 32, 10)
(35, 33, 10)
(35, 34, 10)
(35, 35, 10)
(35, 36, 10)
(35, 37, 10)
(35, 38, 10)
(35, 39, 10)

(36, 0, 85)
(36, 1, 77)
(36, 2, 77)
(36, 3, 72)
(36, 4, 51)
(36, 5, 48)
(36, 6, 17)
(36, 7, 17)
(36, 8, 17)
(36, 9, 17)
(36, 10, 17)
(36, 11, 17)
(36, 12, 17)
(36, 13, 17)
(36, 14, 17)
(36, 15, 15)
(36, 16, 15)
(36, 17, 15)
(36, 18, 15)
(36, 19, 15)
(36, 20, 15)
(36, 21, 15)
(36, 22, 15)
(36, 23, 15)
(36, 24, 11)
(36, 25, 11)
(36, 26, 11)
(36, 27, 11)
(36, 28, 11)
(36, 29, 11)
(36, 30, 11)
(36, 31, 10)
(36, 32, 10)
(36, 33, 10)
(36, 34, 10)
(36, 35, 10)
(36, 36, 10)
(36, 37, 10)
(36, 38, 10)
(36, 39, 10)

(37, 0, 87)
(37, 1, 79)
(37, 2, 79)
(37, 3, 74)
(37, 4, 53)
(37, 5, 50)
(37, 6, 19)
(37, 7, 18)
(37, 8, 18)
(37, 9, 18)
(37, 10, 18)
(37, 11, 18)
(37, 12, 18)
(37, 13, 18)
(37, 14, 18)
(37, 15, 16)
(37, 16, 16)
(37, 17, 16)
(37, 18, 16)
(37, 19, 16)
(37, 20, 16)
(37, 21, 16)
(37, 22, 16)
(37, 23, 16)
(37, 24, 12)
(37, 25, 12)
(37, 26, 12)
(37, 27, 12)
(37, 28, 12)
(37, 29, 12)
(37, 30, 12)
(37, 31, 11)
(37, 32, 11)
(37, 33, 11)
(37, 34, 11)
(37, 35, 11)
(37, 36, 11)
(37, 37, 11)
(37, 38, 11)
(37, 39, 11)

(38, 0, 90)
(38, 1, 82)
(38, 2, 82)
(38, 3, 77)
(38, 4, 54)
(38, 5, 51)
(38, 6, 18)
(38, 7, 18)
(38, 8, 18)
(38, 9, 18)
(38, 10, 18)
(38, 11, 18)
(38, 12, 18)
(38, 13, 18)
(38, 14, 18)
(38, 15, 16)
(38, 16, 16)
(38, 17, 16)
(38, 18, 16)
(38, 19, 16)
(38, 20, 16)
(38, 21, 16)
(38, 22, 16)
(38, 23, 16)
(38, 24, 12)
(38, 25, 12)
(38, 26, 12)
(38, 27, 12)
(38, 28, 12)
(38, 29, 12)
(38, 30, 12)
(38, 31, 11)
(38, 32, 11)
(38, 33, 11)
(38, 34, 11)
(38, 35, 11)
(38, 36, 11)
(38, 37, 11)
(38, 38, 11)
(38, 39, 11)

(39, 0, 92)
(39, 1, 84)
(39, 2, 84)
(39, 3, 78)
(39, 4, 55)
(39, 5, 51)
(39, 6, 18)
(39, 7, 18)
(39, 8, 18)
(39, 9, 18)
(39, 10, 18)
(39, 11, 18)
(39, 12, 18)
(39, 13, 18)
(39, 14, 18)
(39, 15, 16)
(39, 16, 16)
(39, 17, 16)
(39, 18, 16)
(39, 19, 16)
(39, 20, 16)
(39, 21, 16)
(39, 22, 16)
(39, 23, 16)
(39, 24, 12)
(39, 25, 12)
(39, 26, 12)
(39, 27, 12)
(39, 28, 12)
(39, 29, 12)
(39, 30, 12)
(39, 31, 11)
(39, 32, 11)
(39, 33, 11)
(39, 34, 11)
(39, 35, 11)
(39, 36, 11)
(39, 37, 11)
(39, 38, 11)
(39, 39, 11)


Betti numbers:
xi_0:
(0, 0, 3)
(1, 0, 3)
(2, 0, 2)
(3, 0, 4)
(4, 0, 2)
(5, 0, 2)
(14, 0, 1)
(15, 0, 3)
(16, 0, 5)
(17, 0, 5)
(18, 0, 2)
(19, 0, 6)
(20, 0, 7)
(21, 0, 7)
(22, 0, 4)
(23, 0, 5)
(24, 0, 4)
(25, 0, 6)
(26, 0, 2)
(27, 0, 4)
(31, 0, 4)
(33, 0, 4)
(37, 0, 2)
(38, 0, 3)
(39, 0, 2)
xi_1:
(0, 6, 2)
(1, 6, 2)
(2, 6, 2)
(3, 6, 3)
(4, 6, 1)
(5, 6, 2)
(15, 4, 1)
(15, 6, 2)
(16, 4, 2)
(16, 6, 2)
(17, 4, 3)
(17, 6, 2)
(18, 4, 1)
(19, 3, 1)
(19, 4, 1)
(19, 6, 3)
(20, 1, 2)
(20, 4, 1)
(20, 5, 1)
(20, 6, 2)
(21, 1, 2)
(21, 3, 1)
(21, 4, 2)
(21, 6, 1)
(21, 24, 2)
(22, 1, 1)
(22, 5, 1)
(22, 6, 1)
(23, 4, 3)
(23, 16, 1)
(23, 31, 1)
(24, 1, 1)
(24, 4, 2)
(24, 8, 1)
(25, 1, 1)
(25, 3, 1)
(25, 4, 1)
(25, 6, 2)
(25, 15, 1)
(25, 24, 1)
(25, 29, 1)
(26, 1, 1)
(26, 16, 1)
(26, 24, 1)
(27, 3, 1)
(27, 4, 1)
(27, 6, 2)
(27, 15, 1)
(31, 4, 2)
(31, 6, 1)
(33, 3, 1)
(33, 4, 1)
(33, 5, 1)
(33, 6, 1)
(37, 7, 1)
(38, 4, 2)
(38, 6, 2)
(39, 3, 1)
(39, 5, 1)
xi_2:
(25, 8, 1)
(25, 16, 1)
(26, 29, 1)
(27, 16, 1)
(38, 7, 1)
