x-grades
-429259090292826717/800000000000000000
-211585589814742237/400000000000000000
-417083268966142231/800000000000000000
-102748839575699997/200000000000000000
-80981489527891549/160000000000000000
-199409768488057751/400000000000000000
-392731626312773259/800000000000000000
-48330464456178877/100000000000000000
-380555804986088773/800000000000000000
-37446789432274653/80000000000000000
-368379983659404287/800000000000000000
-90573018249015511/200000000000000000
-356204162332719801/800000000000000000
-175058125834688779/400000000000000000
-68805668201207063/160000000000000000
-21121276896418317/50000000000000000
-331852519679350829/800000000000000000
-162882304508004293/400000000000000000
-319676698352666343/800000000000000000
-3135887876893241/8000000000000000
-307500877025981857/800000000000000000
-150706483181319807/400000000000000000
-295325055699297371/800000000000000000
-36154643129494391/100000000000000000
-56629846874522577/160000000000000000
-138530661854635321/400000000000000000
-270973413045928399/800000000000000000
-66221375595646539/200000000000000000
-258797591719243913/800000000000000000
-25270968105590167/80000000000000000
-246621770392559427/800000000000000000
-7516683116538037/25000000000000000
-234445949065874941/800000000000000000
-114179019201266349/400000000000000000
-44454025547838091/160000000000000000
-54045554268962053/200000000000000000
-210094306412505969/800000000000000000
-102003197874581863/400000000000000000
-197918485085821483/800000000000000000
-4795764360561981/20000000000000000

y-grades
9999977/40000000
9999977/20000000
29999931/40000000
9999977/10000000
9999977/8000000
29999931/20000000
69999839/40000000
9999977/5000000
89999793/40000000
9999977/4000000
109999747/40000000
29999931/10000000
129999701/40000000
69999839/20000000
29999931/8000000
9999977/2500000
169999609/40000000
89999793/20000000
189999563/40000000
9999977/2000000
209999517/40000000
109999747/20000000
229999471/40000000
29999931/5000000
9999977/1600000
129999701/20000000
269999379/40000000
69999839/10000000
289999333/40000000
29999931/4000000
309999287/40000000
9999977/1250000
329999241/40000000
169999609/20000000
69999839/8000000
89999793/10000000
369999149/40000000
189999563/20000000
389999103/40000000
9999977/1000000

Dimensions > 0:
(0, 0, 4)
(0, 1, 3)
(0, 2, 3)
(0, 3, 3)
(0, 4, 2)
(0, 5, 2)
(0, 6, 2)
(0, 7, 2)
(0, 8, 2)
(0, 9, 2)
(0, 10, 2)
(0, 11, 2)
(0, 12, 2)
(0, 13, 2)
(0, 14, 2)
(0, 15, 2)
(0, 16, 2)
(0, 17, 2)
(0, 18, 2)
(0, 19, 2)
(0, 20, 2)
(0, 21, 2)
(0, 22, 2)
(0, 23, 2)
(0, 24, 2)
(0, 25, 2)
(0, 26, 2)
(0, 27, 2)
(0, 28, 2)
(0, 29, 2)
(0, 30, 2)
(0, 31, 2)
(0, 32, 2)
(0, 33, 2)
(0, 34, 2)
(0, 35, 2)
(0, 36, 2)
(0, 37, 2)
(0, 38, 2)
(0, 39, 2)

(1, 0, 11)
(1, 1, 6)
(1, 2, 4)
(1, 3, 3)
(1, 4, 2)
(1, 5, 2)
(1, 6, 2)
(1, 7, 2)
(1, 8, 2)
(1, 9, 2)
(1, 10, 2)
(1, 11, 2)
(1, 12, 2)
(1, 13, 2)
(1, 14, 2)
(1, 15, 2)
(1, 16, 2)
(1, 17, 2)
(1, 18, 2)
(1, 19, 2)
(1, 20, 2)
(1, 21, 2)
(1, 22, 2)
(1, 23, 2)
(1, 24, 2)
(1, 25, 2)
(1, 26, 2)
(1, 27, 2)
(1, 28, 2)
(1, 29, 2)
(1, 30, 2)
(1, 31, 2)
(1, 32, 2)
(1, 33, 2)
(1, 34, 2)
(1, 35, 2)
(1, 36, 2)
(1, 37, 2)
(1, 38, 2)
(1, 39, 2)

(2, 0, 14)
(2, 1, 7)
(2, 2, 4)
(2, 3, 2)
(2, 4, 2)
(2, 5, 2)
(2, 6, 2)
(2, 7, 2)
(2, 8, 2)
(2, 9, 2)
(2, 10, 2)
(2, 11, 2)
(2, 12, 2)
(2, 13, 2)
(2, 14, 2)
(2, 15, 2)
(2, 16, 2)
(2, 17, 2)
(2, 18, 2)
(2, 19, 2)
(2, 20, 2)
(2, 21, 2)
(2, 22, 2)
(2, 23, 2)
(2, 24, 2)
(2, 25, 2)
(2, 26, 2)
(2, 27, 2)
(2, 28, 2)
(2, 29, 2)
(2, 30, 2)
(2, 31, 2)
(2, 32, 2)
(2, 33, 2)
(2, 34, 2)
(2, 35, 2)
(2, 36, 2)
(2, 37, 2)
(2, 38, 2)
(2, 39, 2)

(3, 0, 19)
(3, 1, 11)
(3, 2, 8)
(3, 3, 5)
(3, 4, 3)
(3, 5, 3)
(3, 6, 3)
(3, 7, 3)
(3, 8, 2)
(3, 9, 2)
(3, 10, 2)
(3, 11, 2)
(3, 12, 2)
(3, 13, 2)
(3, 14, 2)
(3, 15, 2)
(3, 16, 2)
(3, 17, 2)
(3, 18, 2)
(3, 19, 2)
(3, 20, 2)
(3, 21, 2)
(3, 22, 2)
(3, 23, 2)
(3, 24, 2)
(3, 25, 2)
(3, 26, 2)
(3, 27, 2)
(3, 28, 2)
(3, 29, 2)
(3, 30, 2)
(3, 31, 2)
(3, 32, 2)
(3, 33, 2)
(3, 34, 2)
(3, 35, 2)
(3, 36, 2)
(3, 37, 2)
(3, 38, 2)
(3, 39, 2)

(4, 0, 24)
(4, 1, 12)
(4, 2, 9)
(4, 3, 5)
(4, 4, 4)
(4, 5, 4)
(4, 6, 4)
(4, 7, 3)
(4, 8, 2)
(4, 9, 2)
(4, 10, 2)
(4, 11, 2)
(4, 12, 2)
(4, 13, 2)
(4, 14, 2)
(4, 15, 2)
(4, 16, 2)
(4, 17, 2)
(4, 18, 2)
(4, 19, 2)
(4, 20, 2)
(4, 21, 2)
(4, 22, 2)
(4, 23, 2)
(4, 24, 2)
(4, 25, 2)
(4, 26, 2)
(4, 27, 2)
(4, 28, 2)
(4, 29, 2)
(4, 30, 2)
(4, 31, 2)
(4, 32, 2)
(4, 33, 2)
(4, 34, 1)
(4, 35, 1)
(4, 36, 1)
(4, 37, 1)
(4, 38, 1)
(4, 39, 1)

(5, 0, 28)
(5, 1, 16)
(5, 2, 13)
(5, 3, 8)
(5, 4, 6)
(5, 5, 6)
(5, 6, 5)
(5, 7, 4)
(5, 8, 3)
(5, 9, 3)
(5, 10, 3)
(5, 11, 3)
(5, 12, 3)
(5, 13, 2)
(5, 14, 2)
(5, 15, 2)
(5, 16, 2)
(5, 17, 1)
(5, 18, 1)
(5, 19, 1)
(5, 20, 1)
(5, 21, 1)
(5, 22, 1)
(5, 23, 1)
(5, 24, 1)
(5, 25, 1)
(5, 26, 1)
(5, 27, 1)
(5, 28, 1)
(5, 29, 1)
(5, 30, 1)
(5, 31, 1)
(5, 32, 1)
(5, 33, 1)
(5, 34, 1)
(5, 35, 1)
(5, 36, 1)
(5, 37, 1)
(5, 38, 1)
(5, 39, 1)

(6, 0, 33)
(6, 1, 20)
(6, 2, 16)
(6, 3, 10)
(6, 4, 8)
(6, 5, 6)
(6, 6, 5)
(6, 7, 3)
(6, 8, 3)
(6, 9, 3)
(6, 10, 3)
(6, 11, 3)
(6, 12, 2)
(6, 13, 2)
(6, 14, 1)
(6, 15, 1)
(6, 16, 1)
(6, 17, 1)
(6, 18, 1)
(6, 19, 1)
(6, 20, 1)
(6, 21, 1)
(6, 22, 1)
(6, 23, 1)
(6, 24, 1)
(6, 25, 1)
(6, 26, 1)
(6, 27, 1)
(6, 28, 1)
(6, 29, 1)
(6, 30, 1)
(6, 31, 1)
(6, 32, 1)
(6, 33, 1)
(6, 34, 1)
(6, 35, 1)
(6, 36, 1)
(6, 37, 1)
(6, 38, 1)
(6, 39, 1)

(7, 0, 38)
(7, 1, 23)
(7, 2, 16)
(7, 3, 10)
(7, 4, 8)
(7, 5, 6)
(7, 6, 5)
(7, 7, 3)
(7, 8, 3)
(7, 9, 3)
(7, 10, 3)
(7, 11, 3)
(7, 12, 2)
(7, 13, 2)
(7, 14, 1)
(7, 15, 1)
(7, 16, 1)
(7, 17, 1)
(7, 18, 1)
(7, 19, 1)
(7, 20, 1)
(7, 21, 1)
(7, 22, 1)
(7, 23, 1)
(7, 24, 1)
(7, 25, 1)
(7, 26, 1)
(7, 27, 1)
(7, 28, 1)
(7, 29, 1)
(7, 30, 1)
(7, 31, 1)
(7, 32, 1)
(7, 33, 1)
(7, 34, 1)
(7, 35, 1)
(7, 36, 1)
(7, 37, 1)
(7, 38, 1)
(7, 39, 1)

(8, 0, 49)
(8, 1, 32)
(8, 2, 24)
(8, 3, 16)
(8, 4, 13)
(8, 5, 9)
(8, 6, 8)
(8, 7, 6)
(8, 8, 6)
(8, 9, 6)
(8, 10, 6)
(8, 11, 6)
(8, 12, 5)
(8, 13, 5)
(8, 14, 4)
(8, 15, 4)
(8, 16, 4)
(8, 17, 4)
(8, 18, 4)
(8, 19, 4)
(8, 20, 4)
(8, 21, 4)
(8, 22, 4)
(8, 23, 4)
(8, 24, 4)
(8, 25, 4)
(8, 26, 4)
(8, 27, 4)
(8, 28, 4)
(8, 29, 4)
(8, 30, 4)
(8, 31, 4)
(8, 32, 4)
(8, 33, 4)
(8, 34, 4)
(8, 35, 4)
(8, 36, 4)
(8, 37, 4)
(8, 38, 4)
(8, 39, 3)

(9, 0, 60)
(9, 1, 40)
(9, 2, 27)
(9, 3, 17)
(9, 4, 14)
(9, 5, 9)
(9, 6, 8)
(9, 7, 6)
(9, 8, 6)
(9, 9, 6)
(9, 10, 6)
(9, 11, 6)
(9, 12, 5)
(9, 13, 5)
(9, 14, 4)
(9, 15, 4)
(9, 16, 4)
(9, 17, 4)
(9, 18, 4)
(9, 19, 4)
(9, 20, 4)
(9, 21, 4)
(9, 22, 4)
(9, 23, 4)
(9, 24, 4)
(9, 25, 4)
(9, 26, 4)
(9, 27, 4)
(9, 28, 4)
(9, 29, 4)
(9, 30, 4)
(9, 31, 4)
(9, 32, 4)
(9, 33, 4)
(9, 34, 4)
(9, 35, 4)
(9, 36, 4)
(9, 37, 4)
(9, 38, 4)
(9, 39, 3)

(10, 0, 70)
(10, 1, 47)
(10, 2, 30)
(10, 3, 18)
(10, 4, 13)
(10, 5, 9)
(10, 6, 8)
(10, 7, 6)
(10, 8, 6)
(10, 9, 6)
(10, 10, 6)
(10, 11, 6)
(10, 12, 5)
(10, 13, 5)
(10, 14, 4)
(10, 15, 4)
(10, 16, 4)
(10, 17, 4)
(10, 18, 4)
(10, 19, 4)
(10, 20, 4)
(10, 21, 4)
(10, 22, 4)
(10, 23, 4)
(10, 24, 4)
(10, 25, 4)
(10, 26, 4)
(10, 27, 4)
(10, 28, 4)
(10, 29, 4)
(10, 30, 4)
(10, 31, 4)
(10, 32, 4)
(10, 33, 4)
(10, 34, 4)
(10, 35, 3)
(10, 36, 3)
(10, 37, 3)
(10, 38, 3)
(10, 39, 3)

(11, 0, 79)
(11, 1, 54)
(11, 2, 34)
(11, 3, 19)
(11, 4, 14)
(11, 5, 10)
(11, 6, 9)
(11, 7, 7)
(11, 8, 7)
(11, 9, 7)
(11, 10, 7)
(11, 11, 7)
(11, 12, 6)
(11, 13, 6)
(11, 14, 5)
(11, 15, 5)
(11, 16, 4)
(11, 17, 4)
(11, 18, 4)
(11, 19, 3)
(11, 20, 3)
(11, 21, 3)
(11, 22, 3)
(11, 23, 3)
(11, 24, 3)
(11, 25, 3)
(11, 26, 3)
(11, 27, 3)
(11, 28, 3)
(11, 29, 3)
(11, 30, 3)
(11, 31, 3)
(11, 32, 3)
(11, 33, 3)
(11, 34, 3)
(11, 35, 3)
(11, 36, 3)
(11, 37, 3)
(11, 38, 3)
(11, 39, 3)

(12, 0, 89)
(12, 1, 63)
(12, 2, 40)
(12, 3, 24)
(12, 4, 15)
(12, 5, 11)
(12, 6, 10)
(12, 7, 8)
(12, 8, 8)
(12, 9, 8)
(12, 10, 8)
(12, 11, 8)
(12, 12, 6)
(12, 13, 6)
(12, 14, 5)
(12, 15, 5)
(12, 16, 4)
(12, 17, 4)
(12, 18, 4)
(12, 19, 4)
(12, 20, 4)
(12, 21, 4)
(12, 22, 4)
(12, 23, 4)
(12, 24, 4)
(12, 25, 4)
(12, 26, 4)
(12, 27, 4)
(12, 28, 4)
(12, 29, 4)
(12, 30, 4)
(12, 31, 4)
(12, 32, 4)
(12, 33, 4)
(12, 34, 4)
(12, 35, 4)
(12, 36, 4)
(12, 37, 4)
(12, 38, 4)
(12, 39, 4)

(13, 0, 105)
(13, 1, 72)
(13, 2, 48)
(13, 3, 31)
(13, 4, 20)
(13, 5, 15)
(13, 6, 12)
(13, 7, 9)
(13, 8, 7)
(13, 9, 7)
(13, 10, 7)
(13, 11, 7)
(13, 12, 5)
(13, 13, 5)
(13, 14, 4)
(13, 15, 4)
(13, 16, 4)
(13, 17, 4)
(13, 18, 4)
(13, 19, 4)
(13, 20, 4)
(13, 21, 4)
(13, 22, 4)
(13, 23, 4)
(13, 24, 4)
(13, 25, 4)
(13, 26, 4)
(13, 27, 4)
(13, 28, 4)
(13, 29, 4)
(13, 30, 4)
(13, 31, 4)
(13, 32, 4)
(13, 33, 4)
(13, 34, 4)
(13, 35, 4)
(13, 36, 4)
(13, 37, 4)
(13, 38, 4)
(13, 39, 4)

(14, 0, 128)
(14, 1, 86)
(14, 2, 56)
(14, 3, 32)
(14, 4, 21)
(14, 5, 16)
(14, 6, 14)
(14, 7, 11)
(14, 8, 9)
(14, 9, 9)
(14, 10, 9)
(14, 11, 9)
(14, 12, 6)
(14, 13, 6)
(14, 14, 5)
(14, 15, 5)
(14, 16, 5)
(14, 17, 5)
(14, 18, 4)
(14, 19, 4)
(14, 20, 4)
(14, 21, 4)
(14, 22, 4)
(14, 23, 4)
(14, 24, 4)
(14, 25, 4)
(14, 26, 4)
(14, 27, 4)
(14, 28, 4)
(14, 29, 4)
(14, 30, 4)
(14, 31, 4)
(14, 32, 4)
(14, 33, 4)
(14, 34, 4)
(14, 35, 4)
(14, 36, 4)
(14, 37, 4)
(14, 38, 4)
(14, 39, 4)

(15, 0, 148)
(15, 1, 104)
(15, 2, 70)
(15, 3, 39)
(15, 4, 29)
(15, 5, 20)
(15, 6, 18)
(15, 7, 10)
(15, 8, 8)
(15, 9, 8)
(15, 10, 8)
(15, 11, 8)
(15, 12, 6)
(15, 13, 6)
(15, 14, 5)
(15, 15, 5)
(15, 16, 5)
(15, 17, 5)
(15, 18, 4)
(15, 19, 4)
(15, 20, 4)
(15, 21, 4)
(15, 22, 4)
(15, 23, 4)
(15, 24, 4)
(15, 25, 4)
(15, 26, 4)
(15, 27, 4)
(15, 28, 4)
(15, 29, 4)
(15, 30, 4)
(15, 31, 4)
(15, 32, 4)
(15, 33, 4)
(15, 34, 4)
(15, 35, 4)
(15, 36, 4)
(15, 37, 4)
(15, 38, 4)
(15, 39, 4)

(16, 0, 168)
(16, 1, 119)
(16, 2, 77)
(16, 3, 42)
(16, 4, 29)
(16, 5, 21)
(16, 6, 19)
(16, 7, 12)
(16, 8, 9)
(16, 9, 9)
(16, 10, 8)
(16, 11, 8)
(16, 12, 6)
(16, 13, 6)
(16, 14, 5)
(16, 15, 5)
(16, 16, 5)
(16, 17, 5)
(16, 18, 4)
(16, 19, 4)
(16, 20, 4)
(16, 21, 4)
(16, 22, 4)
(16, 23, 4)
(16, 24, 4)
(16, 25, 4)
(16, 26, 4)
(16, 27, 4)
(16, 28, 4)
(16, 29, 4)
(16, 30, 4)
(16, 31, 4)
(16, 32, 4)
(16, 33, 4)
(16, 34, 4)
(16, 35, 4)
(16, 36, 4)
(16, 37, 3)
(16, 38, 3)
(16, 39, 3)

(17, 0, 185)
(17, 1, 134)
(17, 2, 84)
(17, 3, 46)
(17, 4, 28)
(17, 5, 21)
(17, 6, 18)
(17, 7, 11)
(17, 8, 8)
(17, 9, 8)
(17, 10, 8)
(17, 11, 8)
(17, 12, 6)
(17, 13, 6)
(17, 14, 5)
(17, 15, 5)
(17, 16, 5)
(17, 17, 5)
(17, 18, 4)
(17, 19, 4)
(17, 20, 4)
(17, 21, 4)
(17, 22, 4)
(17, 23, 4)
(17, 24, 4)
(17, 25, 4)
(17, 26, 4)
(17, 27, 4)
(17, 28, 4)
(17, 29, 4)
(17, 30, 4)
(17, 31, 4)
(17, 32, 4)
(17, 33, 4)
(17, 34, 3)
(17, 35, 3)
(17, 36, 3)
(17, 37, 3)
(17, 38, 3)
(17, 39, 3)

(18, 0, 210)
(18, 1, 157)
(18, 2, 99)
(18, 3, 53)
(18, 4, 33)
(18, 5, 23)
(18, 6, 19)
(18, 7, 11)
(18, 8, 8)
(18, 9, 8)
(18, 10, 8)
(18, 11, 8)
(18, 12, 6)
(18, 13, 6)
(18, 14, 5)
(18, 15, 5)
(18, 16, 5)
(18, 17, 5)
(18, 18, 4)
(18, 19, 4)
(18, 20, 4)
(18, 21, 4)
(18, 22, 4)
(18, 23, 4)
(18, 24, 4)
(18, 25, 4)
(18, 26, 4)
(18, 27, 4)
(18, 28, 4)
(18, 29, 4)
(18, 30, 4)
(18, 31, 4)
(18, 32, 3)
(18, 33, 3)
(18, 34, 3)
(18, 35, 3)
(18, 36, 3)
(18, 37, 3)
(18, 38, 3)
(18, 39, 3)

(19, 0, 227)
(19, 1, 170)
(19, 2, 110)
(19, 3, 56)
(19, 4, 35)
(19, 5, 24)
(19, 6, 19)
(19, 7, 10)
(19, 8, 8)
(19, 9, 8)
(19, 10, 8)
(19, 11, 8)
(19, 12, 6)
(19, 13, 6)
(19, 14, 5)
(19, 15, 5)
(19, 16, 5)
(19, 17, 5)
(19, 18, 4)
(19, 19, 4)
(19, 20, 4)
(19, 21, 4)
(19, 22, 4)
(19, 23, 4)
(19, 24, 4)
(19, 25, 4)
(19, 26, 4)
(19, 27, 4)
(19, 28, 4)
(19, 29, 3)
(19, 30, 3)
(19, 31, 3)
(19, 32, 3)
(19, 33, 3)
(19, 34, 3)
(19, 35, 3)
(19, 36, 3)
(19, 37, 3)
(19, 38, 3)
(19, 39, 3)

(20, 0, 259)
(20, 1, 191)
(20, 2, 121)
(20, 3, 62)
(20, 4, 37)
(20, 5, 25)
(20, 6, 18)
(20, 7, 11)
(20, 8, 9)
(20, 9, 9)
(20, 10, 9)
(20, 11, 9)
(20, 12, 7)
(20, 13, 7)
(20, 14, 6)
(20, 15, 6)
(20, 16, 6)
(20, 17, 6)
(20, 18, 5)
(20, 19, 4)
(20, 20, 4)
(20, 21, 4)
(20, 22, 4)
(20, 23, 4)
(20, 24, 4)
(20, 25, 4)
(20, 26, 4)
(20, 27, 3)
(20, 28, 2)
(20, 29, 2)
(20, 30, 2)
(20, 31, 2)
(20, 32, 2)
(20, 33, 2)
(20, 34, 2)
(20, 35, 2)
(20, 36, 2)
(20, 37, 2)
(20, 38, 2)
(20, 39, 1)

(21, 0, 277)
(21, 1, 205)
(21, 2, 128)
(21, 3, 64)
(21, 4, 37)
(21, 5, 26)
(21, 6, 19)
(21, 7, 12)
(21, 8, 10)
(21, 9, 9)
(21, 10, 9)
(21, 11, 9)
(21, 12, 7)
(21, 13, 7)
(21, 14, 6)
(21, 15, 6)
(21, 16, 6)
(21, 17, 6)
(21, 18, 5)
(21, 19, 4)
(21, 20, 4)
(21, 21, 4)
(21, 22, 4)
(21, 23, 4)
(21, 24, 4)
(21, 25, 3)
(21, 26, 3)
(21, 27, 2)
(21, 28, 2)
(21, 29, 2)
(21, 30, 2)
(21, 31, 2)
(21, 32, 2)
(21, 33, 2)
(21, 34, 2)
(21, 35, 2)
(21, 36, 2)
(21, 37, 2)
(21, 38, 1)
(21, 39, 1)

(22, 0, 296)
(22, 1, 220)
(22, 2, 137)
(22, 3, 71)
(22, 4, 44)
(22, 5, 28)
(22, 6, 20)
(22, 7, 13)
(22, 8, 11)
(22, 9, 9)
(22, 10, 9)
(22, 11, 9)
(22, 12, 7)
(22, 13, 7)
(22, 14, 4)
(22, 15, 4)
(22, 16, 4)
(22, 17, 4)
(22, 18, 4)
(22, 19, 3)
(22, 20, 3)
(22, 21, 3)
(22, 22, 3)
(22, 23, 3)
(22, 24, 3)
(22, 25, 2)
(22, 26, 2)
(22, 27, 2)
(22, 28, 2)
(22, 29, 2)
(22, 30, 2)
(22, 31, 2)
(22, 32, 2)
(22, 33, 2)
(22, 34, 2)
(22, 35, 2)
(22, 36, 1)
(22, 37, 1)
(22, 38, 1)
(22, 39, 1)

(23, 0, 324)
(23, 1, 240)
(23, 2, 147)
(23, 3, 77)
(23, 4, 47)
(23, 5, 29)
(23, 6, 21)
(23, 7, 14)
(23, 8, 10)
(23, 9, 9)
(23, 10, 8)
(23, 11, 8)
(23, 12, 6)
(23, 13, 6)
(23, 14, 5)
(23, 15, 5)
(23, 16, 5)
(23, 17, 5)
(23, 18, 5)
(23, 19, 3)
(23, 20, 3)
(23, 21, 3)
(23, 22, 3)
(23, 23, 3)
(23, 24, 3)
(23, 25, 2)
(23, 26, 2)
(23, 27, 2)
(23, 28, 2)
(23, 29, 2)
(23, 30, 2)
(23, 31, 2)
(23, 32, 2)
(23, 33, 2)
(23, 34, 2)
(23, 35, 2)
(23, 36, 1)
(23, 37, 1)
(23, 38, 1)
(23, 39, 1)

(24, 0, 355)
(24, 1, 258)
(24, 2, 159)
(24, 3, 88)
(24, 4, 51)
(24, 5, 33)
(24, 6, 22)
(24, 7, 13)
(24, 8, 10)
(24, 9, 10)
(24, 10, 9)
(24, 11, 8)
(24, 12, 6)
(24, 13, 6)
(24, 14, 5)
(24, 15, 5)
(24, 16, 5)
(24, 17, 5)
(24, 18, 5)
(24, 19, 3)
(24, 20, 3)
(24, 21, 2)
(24, 22, 2)
(24, 23, 2)
(24, 24, 2)
(24, 25, 2)
(24, 26, 1)
(24, 27, 1)
(24, 28, 1)
(24, 29, 1)
(24, 30, 1)
(24, 31, 1)
(24, 32, 1)
(24, 33, 1)
(24, 34, 1)
(24, 35, 1)
(24, 36, 1)
(24, 37, 1)
(24, 38, 1)
(24, 39, 1)

(25, 0, 389)
(25, 1, 274)
(25, 2, 166)
(25, 3, 91)
(25, 4, 50)
(25, 5, 32)
(25, 6, 22)
(25, 7, 13)
(25, 8, 10)
(25, 9, 10)
(25, 10, 8)
(25, 11, 8)
(25, 12, 6)
(25, 13, 6)
(25, 14, 5)
(25, 15, 5)
(25, 16, 5)
(25, 17, 5)
(25, 18, 5)
(25, 19, 3)
(25, 20, 2)
(25, 21, 2)
(25, 22, 2)
(25, 23, 2)
(25, 24, 2)
(25, 25, 2)
(25, 26, 1)
(25, 27, 1)
(25, 28, 1)
(25, 29, 1)
(25, 30, 1)
(25, 31, 1)
(25, 32, 1)
(25, 33, 1)
(25, 34, 1)
(25, 35, 1)
(25, 36, 1)
(25, 37, 1)
(25, 38, 1)
(25, 39, 1)

(26, 0, 422)
(26, 1, 293)
(26, 2, 174)
(26, 3, 98)
(26, 4, 53)
(26, 5, 33)
(26, 6, 22)
(26, 7, 13)
(26, 8, 10)
(26, 9, 9)
(26, 10, 8)
(26, 11, 8)
(26, 12, 6)
(26, 13, 6)
(26, 14, 5)
(26, 15, 5)
(26, 16, 5)
(26, 17, 5)
(26, 18, 5)
(26, 19, 3)
(26, 20, 2)
(26, 21, 2)
(26, 22, 2)
(26, 23, 2)
(26, 24, 2)
(26, 25, 1)
(26, 26, 1)
(26, 27, 1)
(26, 28, 1)
(26, 29, 1)
(26, 30, 1)
(26, 31, 1)
(26, 32, 1)
(26, 33, 1)
(26, 34, 1)
(26, 35, 1)
(26, 36, 1)
(26, 37, 1)
(26, 38, 1)
(26, 39, 1)

(27, 0, 450)
(27, 1, 313)
(27, 2, 185)
(27, 3, 105)
(27, 4, 54)
(27, 5, 35)
(27, 6, 25)
(27, 7, 15)
(27, 8, 11)
(27, 9, 10)
(27, 10, 10)
(27, 11, 10)
(27, 12, 8)
(27, 13, 7)
(27, 14, 6)
(27, 15, 6)
(27, 16, 3)
(27, 17, 3)
(27, 18, 3)
(27, 19, 2)
(27, 20, 1)
(27, 21, 1)
(27, 22, 1)
(27, 23, 1)
(27, 24, 1)
(27, 25, 1)
(27, 26, 1)
(27, 27, 1)
(27, 28, 1)
(27, 29, 1)
(27, 30, 1)
(27, 31, 1)
(27, 32, 1)
(27, 33, 1)
(27, 34, 1)
(27, 35, 1)
(27, 36, 1)
(27, 37, 1)
(27, 38, 1)
(27, 39, 1)

(28, 0, 481)
(28, 1, 339)
(28, 2, 200)
(28, 3, 116)
(28, 4, 60)
(28, 5, 39)
(28, 6, 28)
(28, 7, 19)
(28, 8, 15)
(28, 9, 14)
(28, 10, 13)
(28, 11, 13)
(28, 12, 8)
(28, 13, 7)
(28, 14, 5)
(28, 15, 4)
(28, 16, 2)
(28, 17, 2)
(28, 18, 2)
(28, 19, 1)
(28, 20, 1)
(28, 21, 1)
(28, 22, 1)
(28, 23, 1)
(28, 24, 1)
(28, 25, 1)
(28, 26, 1)
(28, 27, 1)
(28, 28, 1)
(28, 29, 1)
(28, 30, 1)
(28, 31, 1)
(28, 32, 1)
(28, 33, 1)
(28, 34, 1)
(28, 35, 1)
(28, 36, 1)
(28, 37, 1)
(28, 38, 1)
(28, 39, 1)

(29, 0, 503)
(29, 1, 352)
(29, 2, 208)
(29, 3, 118)
(29, 4, 62)
(29, 5, 43)
(29, 6, 29)
(29, 7, 20)
(29, 8, 16)
(29, 9, 13)
(29, 10, 12)
(29, 11, 12)
(29, 12, 7)
(29, 13, 5)
(29, 14, 3)
(29, 15, 3)
(29, 16, 2)
(29, 17, 2)
(29, 18, 2)
(29, 19, 1)
(29, 20, 1)
(29, 21, 1)
(29, 22, 1)
(29, 23, 1)
(29, 24, 1)
(29, 25, 1)
(29, 26, 1)
(29, 27, 1)
(29, 28, 1)
(29, 29, 1)
(29, 30, 1)
(29, 31, 1)
(29, 32, 1)
(29, 33, 1)
(29, 34, 1)
(29, 35, 1)
(29, 36, 1)
(29, 37, 1)
(29, 38, 1)
(29, 39, 1)

(30, 0, 525)
(30, 1, 368)
(30, 2, 221)
(30, 3, 123)
(30, 4, 61)
(30, 5, 40)
(30, 6, 27)
(30, 7, 18)
(30, 8, 14)
(30, 9, 12)
(30, 10, 11)
(30, 11, 11)
(30, 12, 6)
(30, 13, 5)
(30, 14, 3)
(30, 15, 3)
(30, 16, 2)
(30, 17, 2)
(30, 18, 2)
(30, 19, 1)
(30, 20, 1)
(30, 21, 1)
(30, 22, 1)
(30, 23, 1)
(30, 24, 1)
(30, 25, 1)
(30, 26, 1)
(30, 27, 1)
(30, 28, 1)
(30, 29, 1)
(30, 30, 1)
(30, 31, 1)
(30, 32, 1)
(30, 33, 1)
(30, 34, 1)
(30, 35, 1)
(30, 36, 1)
(30, 37, 1)
(30, 38, 1)
(30, 39, 1)

(31, 0, 553)
(31, 1, 382)
(31, 2, 231)
(31, 3, 127)
(31, 4, 60)
(31, 5, 40)
(31, 6, 26)
(31, 7, 17)
(31, 8, 13)
(31, 9, 12)
(31, 10, 11)
(31, 11, 10)
(31, 12, 6)
(31, 13, 5)
(31, 14, 3)
(31, 15, 3)
(31, 16, 2)
(31, 17, 2)
(31, 18, 2)
(31, 19, 1)
(31, 20, 1)
(31, 21, 1)
(31, 22, 1)
(31, 23, 1)
(31, 24, 1)
(31, 25, 1)
(31, 26, 1)
(31, 27, 1)
(31, 28, 1)
(31, 29, 1)
(31, 30, 1)
(31, 31, 1)
(31, 32, 1)
(31, 33, 1)
(31, 34, 1)
(31, 35, 1)
(31, 36, 1)
(31, 37, 1)
(31, 38, 1)
(31, 39, 1)

(32, 0, 575)
(32, 1, 397)
(32, 2, 239)
(32, 3, 131)
(32, 4, 64)
(32, 5, 43)
(32, 6, 30)
(32, 7, 19)
(32, 8, 15)
(32, 9, 12)
(32, 10, 11)
(32, 11, 9)
(32, 12, 6)
(32, 13, 5)
(32, 14, 3)
(32, 15, 3)
(32, 16, 2)
(32, 17, 2)
(32, 18, 2)
(32, 19, 1)
(32, 20, 1)
(32, 21, 1)
(32, 22, 1)
(32, 23, 1)
(32, 24, 1)
(32, 25, 1)
(32, 26, 1)
(32, 27, 1)
(32, 28, 1)
(32, 29, 1)
(32, 30, 1)
(32, 31, 1)
(32, 32, 1)
(32, 33, 1)
(32, 34, 1)
(32, 35, 1)
(32, 36, 1)
(32, 37, 1)
(32, 38, 1)
(32, 39, 1)

(33, 0, 588)
(33, 1, 405)
(33, 2, 246)
(33, 3, 131)
(33, 4, 64)
(33, 5, 44)
(33, 6, 30)
(33, 7, 19)
(33, 8, 15)
(33, 9, 11)
(33, 10, 10)
(33, 11, 8)
(33, 12, 6)
(33, 13, 5)
(33, 14, 3)
(33, 15, 3)
(33, 16, 2)
(33, 17, 2)
(33, 18, 2)
(33, 19, 1)
(33, 20, 1)
(33, 21, 1)
(33, 22, 1)
(33, 23, 1)
(33, 24, 1)
(33, 25, 1)
(33, 26, 1)
(33, 27, 1)
(33, 28, 1)
(33, 29, 1)
(33, 30, 1)
(33, 31, 1)
(33, 32, 1)
(33, 33, 1)
(33, 34, 1)
(33, 35, 1)
(33, 36, 1)
(33, 37, 1)
(33, 38, 1)
(33, 39, 1)

(34, 0, 608)
(34, 1, 420)
(34, 2, 253)
(34, 3, 136)
(34, 4, 67)
(34, 5, 44)
(34, 6, 29)
(34, 7, 18)
(34, 8, 14)
(34, 9, 11)
(34, 10, 10)
(34, 11, 8)
(34, 12, 5)
(34, 13, 5)
(34, 14, 3)
(34, 15, 2)
(34, 16, 2)
(34, 17, 2)
(34, 18, 2)
(34, 19, 1)
(34, 20, 1)
(34, 21, 1)
(34, 22, 1)
(34, 23, 1)
(34, 24, 1)
(34, 25, 1)
(34, 26, 1)
(34, 27, 1)
(34, 28, 1)
(34, 29, 1)
(34, 30, 1)
(34, 31, 1)
(34, 32, 1)
(34, 33, 1)
(34, 34, 1)
(34, 35, 1)
(34, 36, 1)
(34, 37, 1)
(34, 38, 1)
(34, 39, 1)

(35, 0, 629)
(35, 1, 429)
(35, 2, 253)
(35, 3, 137)
(35, 4, 68)
(35, 5, 45)
(35, 6, 30)
(35, 7, 18)
(35, 8, 14)
(35, 9, 11)
(35, 10, 10)
(35, 11, 8)
(35, 12, 5)
(35, 13, 4)
(35, 14, 2)
(35, 15, 2)
(35, 16, 2)
(35, 17, 2)
(35, 18, 2)
(35, 19, 1)
(35, 20, 1)
(35, 21, 1)
(35, 22, 1)
(35, 23, 1)
(35, 24, 1)
(35, 25, 1)
(35, 26, 1)
(35, 27, 1)
(35, 28, 1)
(35, 29, 1)
(35, 30, 1)
(35, 31, 1)
(35, 32, 1)
(35, 33, 1)
(35, 34, 1)
(35, 35, 1)
(35, 36, 1)
(35, 37, 1)
(35, 38, 1)
(35, 39, 1)

(36, 0, 646)
(36, 1, 439)
(36, 2, 256)
(36, 3, 139)
(36, 4, 68)
(36, 5, 46)
(36, 6, 32)
(36, 7, 20)
(36, 8, 16)
(36, 9, 13)
(36, 10, 10)
(36, 11, 7)
(36, 12, 4)
(36, 13, 3)
(36, 14, 2)
(36, 15, 2)
(36, 16, 2)
(36, 17, 2)
(36, 18, 2)
(36, 19, 1)
(36, 20, 1)
(36, 21, 1)
(36, 22, 1)
(36, 23, 1)
(36, 24, 1)
(36, 25, 1)
(36, 26, 1)
(36, 27, 1)
(36, 28, 1)
(36, 29, 1)
(36, 30, 1)
(36, 31, 1)
(36, 32, 1)
(36, 33, 1)
(36, 34, 1)
(36, 35, 1)
(36, 36, 1)
(36, 37, 1)
(36, 38, 1)
(36, 39, 1)

(37, 0, 666)
(37, 1, 448)
(37, 2, 260)
(37, 3, 142)
(37, 4, 71)
(37, 5, 49)
(37, 6, 34)
(37, 7, 21)
(37, 8, 15)
(37, 9, 11)
(37, 10, 9)
(37, 11, 6)
(37, 12, 3)
(37, 13, 3)
(37, 14, 2)
(37, 15, 2)
(37, 16, 2)
(37, 17, 2)
(37, 18, 2)
(37, 19, 1)
(37, 20, 1)
(37, 21, 1)
(37, 22, 1)
(37, 23, 1)
(37, 24, 1)
(37, 25, 1)
(37, 26, 1)
(37, 27, 1)
(37, 28, 1)
(37, 29, 1)
(37, 30, 1)
(37, 31, 1)
(37, 32, 1)
(37, 33, 1)
(37, 34, 1)
(37, 35, 1)
(37, 36, 1)
(37, 37, 1)
(37, 38, 1)
(37, 39, 1)

(38, 0, 682)
(38, 1, 455)
(38, 2, 265)
(38, 3, 144)
(38, 4, 73)
(38, 5, 49)
(38, 6, 34)
(38, 7, 19)
(38, 8, 14)
(38, 9, 10)
(38, 10, 8)
(38, 11, 6)
(38, 12, 3)
(38, 13, 3)
(38, 14, 2)
(38, 15, 2)
(38, 16, 2)
(38, 17, 2)
(38, 18, 2)
(38, 19, 1)
(38, 20, 1)
(38, 21, 1)
(38, 22, 1)
(38, 23, 1)
(38, 24, 1)
(38, 25, 1)
(38, 26, 1)
(38, 27, 1)
(38, 28, 1)
(38, 29, 1)
(38, 30, 1)
(38, 31, 1)
(38, 32, 1)
(38, 33, 1)
(38, 34, 1)
(38, 35, 1)
(38, 36, 1)
(38, 37, 1)
(38, 38, 1)
(38, 39, 1)

(39, 0, 695)
(39, 1, 461)
(39, 2, 264)
(39, 3, 143)
(39, 4, 71)
(39, 5, 46)
(39, 6, 32)
(39, 7, 19)
(39, 8, 14)
(39, 9, 10)
(39, 10, 8)
(39, 11, 6)
(39, 12, 3)
(39, 13, 3)
(39, 14, 2)
(39, 15, 2)
(39, 16, 2)
(39, 17, 2)
(39, 18, 2)
(39, 19, 1)
(39, 20, 1)
(39, 21, 1)
(39, 22, 1)
(39, 23, 1)
(39, 24, 1)
(39, 25, 1)
(39, 26, 1)
(39, 27, 1)
(39, 28, 1)
(39, 29, 1)
(39, 30, 1)
(39, 31, 1)
(39, 32, 1)
(39, 33, 1)
(39, 34, 1)
(39, 35, 1)
(39, 36, 1)
(39, 37, 1)
(39, 38, 1)
(39, 39, 1)


Betti numbers:
xi_0:
(0, 0, 4)
(1, 0, 7)
(2, 0, 3)
(3, 0, 5)
(4, 0, 5)
(5, 0, 4)
(6, 0, 5)
(7, 0, 5)
(8, 0, 11)
(9, 0, 11)
(10, 0, 10)
(11, 0, 9)
(12, 0, 10)
(13, 0, 16)
(14, 0, 23)
(15, 0, 20)
(16, 0, 20)
(17, 0, 17)
(18, 0, 25)
(19, 0, 17)
(20, 0, 32)
(21, 0, 18)
(22, 0, 19)
(23, 0, 28)
(24, 0, 31)
(25, 0, 34)
(26, 0, 33)
(27, 0, 28)
(28, 0, 31)
(29, 0, 22)
(30, 0, 22)
(31, 0, 28)
(32, 0, 22)
(33, 0, 13)
(34, 0, 20)
(35, 0, 21)
(36, 0, 17)
(37, 0, 20)
(38, 0, 16)
(39, 0, 13)
xi_1:
(0, 1, 1)
(0, 4, 1)
(1, 1, 4)
(1, 2, 2)
(1, 3, 1)
(1, 4, 1)
(2, 1, 2)
(2, 2, 1)
(2, 3, 1)
(3, 1, 1)
(3, 3, 1)
(3, 4, 2)
(3, 8, 1)
(4, 1, 4)
(4, 3, 1)
(4, 7, 1)
(4, 8, 1)
(4, 34, 1)
(5, 3, 1)
(5, 4, 1)
(5, 6, 1)
(5, 13, 1)
(5, 17, 1)
(6, 1, 1)
(6, 2, 1)
(6, 3, 1)
(6, 5, 2)
(6, 7, 1)
(6, 12, 1)
(6, 14, 1)
(7, 1, 2)
(7, 2, 3)
(8, 1, 2)
(8, 2, 1)
(8, 3, 2)
(8, 4, 1)
(8, 5, 2)
(8, 39, 1)
(9, 1, 3)
(9, 2, 5)
(9, 3, 2)
(9, 5, 1)
(10, 1, 3)
(10, 2, 4)
(10, 3, 2)
(10, 4, 2)
(10, 35, 1)
(11, 1, 2)
(11, 2, 3)
(11, 3, 3)
(11, 16, 1)
(11, 19, 1)
(12, 1, 1)
(12, 2, 3)
(12, 3, 1)
(12, 4, 4)
(12, 12, 1)
(13, 1, 7)
(13, 2, 1)
(13, 3, 1)
(13, 4, 2)
(13, 5, 1)
(13, 6, 2)
(13, 7, 1)
(13, 8, 2)
(14, 1, 9)
(14, 2, 6)
(14, 3, 7)
(14, 4, 1)
(14, 5, 1)
(14, 12, 1)
(14, 18, 1)
(15, 1, 2)
(15, 2, 4)
(15, 3, 7)
(15, 5, 5)
(15, 7, 5)
(15, 8, 1)
(16, 1, 5)
(16, 2, 8)
(16, 3, 4)
(16, 4, 3)
(16, 5, 1)
(16, 6, 1)
(16, 8, 1)
(16, 10, 1)
(16, 37, 1)
(17, 1, 2)
(17, 2, 8)
(17, 3, 4)
(17, 4, 5)
(17, 6, 1)
(17, 34, 1)
(18, 1, 2)
(18, 2, 8)
(18, 3, 8)
(18, 4, 3)
(18, 5, 3)
(18, 6, 1)
(18, 7, 1)
(18, 32, 1)
(19, 1, 4)
(19, 2, 2)
(19, 3, 8)
(19, 4, 2)
(19, 5, 2)
(19, 6, 1)
(19, 7, 1)
(19, 29, 1)
(20, 1, 11)
(20, 2, 10)
(20, 3, 6)
(20, 4, 5)
(20, 5, 2)
(20, 6, 2)
(20, 19, 1)
(20, 27, 1)
(20, 28, 1)
(20, 39, 1)
(21, 1, 4)
(21, 2, 7)
(21, 3, 6)
(21, 4, 4)
(21, 9, 1)
(21, 25, 1)
(21, 27, 1)
(21, 38, 1)
(22, 1, 4)
(22, 2, 6)
(22, 3, 3)
(22, 4, 1)
(22, 5, 5)
(22, 6, 1)
(22, 9, 1)
(22, 14, 2)
(22, 25, 1)
(22, 36, 1)
(23, 1, 8)
(23, 2, 10)
(23, 3, 4)
(23, 4, 3)
(23, 5, 3)
(23, 6, 1)
(23, 8, 2)
(23, 10, 1)
(23, 19, 1)
(24, 1, 13)
(24, 2, 6)
(24, 3, 1)
(24, 4, 7)
(24, 5, 3)
(24, 6, 3)
(24, 7, 2)
(24, 8, 1)
(24, 11, 1)
(24, 21, 1)
(24, 26, 1)
(25, 1, 18)
(25, 2, 9)
(25, 3, 5)
(25, 4, 5)
(25, 5, 3)
(25, 6, 1)
(25, 10, 1)
(25, 20, 1)
(26, 1, 14)
(26, 2, 11)
(26, 3, 3)
(26, 4, 5)
(26, 5, 3)
(26, 6, 2)
(26, 9, 1)
(26, 25, 1)
(27, 1, 8)
(27, 2, 9)
(27, 3, 4)
(27, 4, 6)
(27, 7, 1)
(27, 8, 1)
(27, 9, 1)
(27, 13, 1)
(27, 16, 3)
(28, 1, 5)
(28, 2, 11)
(28, 3, 4)
(28, 4, 5)
(28, 5, 2)
(28, 6, 1)
(28, 10, 1)
(28, 12, 3)
(28, 14, 1)
(28, 15, 1)
(29, 1, 9)
(29, 2, 5)
(29, 3, 6)
(29, 4, 4)
(29, 6, 3)
(29, 9, 2)
(29, 13, 1)
(29, 14, 1)
(30, 1, 6)
(30, 2, 3)
(30, 3, 8)
(30, 4, 6)
(30, 5, 2)
(30, 6, 1)
(31, 1, 14)
(31, 2, 4)
(31, 3, 6)
(31, 4, 6)
(31, 5, 1)
(31, 6, 1)
(31, 11, 1)
(32, 1, 7)
(32, 2, 7)
(32, 3, 4)
(32, 4, 2)
(32, 5, 2)
(32, 7, 2)
(32, 9, 2)
(32, 10, 1)
(32, 11, 1)
(33, 1, 5)
(33, 2, 1)
(33, 3, 7)
(33, 4, 1)
(33, 6, 1)
(33, 9, 1)
(34, 1, 5)
(34, 2, 8)
(34, 3, 2)
(34, 4, 2)
(34, 5, 3)
(34, 6, 1)
(34, 12, 1)
(34, 15, 1)
(35, 1, 12)
(35, 2, 10)
(35, 3, 1)
(35, 5, 1)
(35, 6, 1)
(35, 7, 1)
(35, 13, 1)
(35, 14, 1)
(36, 1, 7)
(36, 2, 7)
(36, 3, 1)
(36, 4, 2)
(36, 10, 2)
(36, 11, 1)
(37, 1, 11)
(37, 2, 6)
(37, 3, 1)
(37, 6, 1)
(37, 7, 1)
(37, 8, 2)
(37, 9, 1)
(37, 10, 1)
(37, 11, 1)
(38, 1, 9)
(38, 2, 2)
(38, 3, 3)
(38, 4, 1)
(38, 5, 2)
(38, 7, 2)
(38, 9, 1)
(39, 1, 7)
(39, 2, 7)
(39, 4, 1)
(39, 5, 1)
xi_2:
(1, 4, 1)
(2, 4, 1)
(4, 4, 1)
(4, 8, 1)
(5, 34, 1)
(6, 8, 1)
(6, 13, 1)
(6, 17, 1)
(10, 5, 1)
(10, 39, 1)
(11, 35, 1)
(12, 19, 1)
(13, 16, 1)
(14, 4, 1)
(14, 5, 1)
(14, 6, 1)
(15, 4, 1)
(15, 5, 1)
(15, 8, 1)
(15, 12, 1)
(16, 5, 2)
(16, 6, 1)
(16, 7, 1)
(17, 3, 1)
(17, 5, 1)
(17, 10, 1)
(17, 37, 1)
(18, 4, 1)
(18, 34, 1)
(19, 4, 1)
(19, 5, 1)
(19, 8, 1)
(19, 32, 1)
(20, 3, 1)
(20, 4, 1)
(20, 5, 1)
(20, 7, 2)
(20, 29, 1)
(21, 3, 1)
(21, 4, 2)
(21, 5, 1)
(21, 27, 1)
(21, 28, 1)
(21, 39, 1)
(22, 3, 1)
(22, 4, 1)
(22, 18, 1)
(22, 25, 1)
(22, 27, 1)
(22, 38, 1)
(23, 5, 1)
(23, 6, 1)
(23, 9, 1)
(23, 14, 2)
(24, 5, 3)
(24, 8, 2)
(24, 9, 1)
(24, 25, 1)
(24, 36, 1)
(25, 3, 1)
(25, 4, 1)
(25, 5, 3)
(25, 6, 2)
(25, 11, 1)
(25, 21, 1)
(26, 3, 2)
(26, 4, 1)
(26, 5, 1)
(26, 6, 1)
(26, 10, 1)
(26, 26, 1)
(27, 5, 1)
(27, 6, 1)
(27, 9, 1)
(27, 10, 1)
(27, 19, 1)
(27, 25, 1)
(28, 7, 1)
(28, 16, 1)
(28, 20, 1)
(29, 4, 4)
(29, 5, 2)
(29, 14, 1)
(29, 15, 1)
(29, 16, 1)
(30, 6, 2)
(30, 9, 1)
(30, 13, 1)
(31, 4, 1)
(31, 5, 2)
(31, 9, 1)
(31, 12, 1)
(32, 4, 2)
(32, 5, 1)
(32, 6, 1)
(32, 10, 1)
(32, 12, 1)
(33, 4, 1)
(33, 5, 1)
(33, 12, 1)
(34, 9, 1)
(34, 13, 1)
(34, 16, 1)
(35, 2, 1)
(35, 3, 2)
(35, 5, 1)
(35, 6, 1)
(35, 14, 1)
(35, 15, 1)
(36, 5, 1)
(36, 6, 1)
(36, 14, 1)
(37, 2, 1)
(37, 10, 2)
(37, 11, 1)
(37, 13, 1)
(38, 4, 1)
(38, 8, 1)
(38, 9, 1)
(38, 11, 1)
(39, 6, 1)
(39, 7, 2)
