x-grades
-3202761511002108603/4000000000000000000
-1579700687995015003/2000000000000000000
-3116041240977951409/4000000000000000000
-768170276491468203/1000000000000000000
-605864194190758843/800000000000000000
-1492980417970857809/2000000000000000000
-2942600700929637021/4000000000000000000
-362405070739694803/500000000000000000
-2855880430905479827/4000000000000000000
-281252029589340123/400000000000000000
-2769160160881322633/4000000000000000000
-681450006467311009/1000000000000000000
-2682439890857165439/4000000000000000000
-1319539877922543421/2000000000000000000
-519143924166601649/800000000000000000
-159522467863808103/250000000000000000
-2508999350808851051/4000000000000000000
-1232819607898386227/2000000000000000000
-2422279080784693857/4000000000000000000
-118945947288630763/200000000000000000
-2335558810760536663/4000000000000000000
-1146099337874229033/2000000000000000000
-2248838540736379469/4000000000000000000
-275684800715537609/500000000000000000
-86484730828488891/160000000000000000
-1059379067850071839/2000000000000000000
-2075398000688065081/4000000000000000000
-508009466418996621/1000000000000000000
-1988677730663907887/4000000000000000000
-194531759565182929/400000000000000000
-1901957460639750693/4000000000000000000
-58081166425864753/125000000000000000
-1815237190615593499/4000000000000000000
-885938527801757451/2000000000000000000
-345703384118287261/800000000000000000
-421289196394839427/1000000000000000000
-1641796650567279111/4000000000000000000
-799218257777600257/2000000000000000000
-1555076380543121917/4000000000000000000
-37792906138276083/100000000000000000

y-grades
1249997/5000000
1249997/2500000
3749991/5000000
1249997/1250000
1249997/1000000
3749991/2500000
8749979/5000000
1249997/625000
11249973/5000000
1249997/500000
13749967/5000000
3749991/1250000
16249961/5000000
8749979/2500000
3749991/1000000
1249997/312500
21249949/5000000
11249973/2500000
23749943/5000000
1249997/250000
26249937/5000000
13749967/2500000
28749931/5000000
3749991/625000
1249997/200000
16249961/2500000
33749919/5000000
8749979/1250000
36249913/5000000
3749991/500000
38749907/5000000
1249997/156250
41249901/5000000
21249949/2500000
8749979/1000000
11249973/1250000
46249889/5000000
23749943/2500000
48749883/5000000
1249997/125000

Dimensions > 0:
(0, 0, 4)
(0, 1, 1)
(0, 2, 1)
(0, 3, 1)
(0, 4, 1)
(0, 5, 1)
(0, 6, 1)
(0, 7, 1)
(0, 8, 1)
(0, 9, 1)
(0, 10, 1)
(0, 11, 1)
(0, 12, 1)
(0, 13, 1)
(0, 14, 1)
(0, 15, 1)
(0, 16, 1)
(0, 17, 1)
(0, 18, 1)
(0, 19, 1)
(0, 20, 1)
(0, 21, 1)
(0, 22, 1)
(0, 23, 1)
(0, 24, 1)
(0, 25, 1)
(0, 26, 1)
(0, 27, 1)
(0, 28, 1)
(0, 29, 1)
(0, 30, 1)
(0, 31, 1)
(0, 32, 1)
(0, 33, 1)
(0, 34, 1)
(0, 35, 1)
(0, 36, 1)
(0, 37, 1)
(0, 38, 1)
(0, 39, 1)

(1, 0, 4)
(1, 1, 1)
(1, 2, 1)
(1, 3, 1)
(1, 4, 1)
(1, 5, 1)
(1, 6, 1)
(1, 7, 1)
(1, 8, 1)
(1, 9, 1)
(1, 10, 1)
(1, 11, 1)
(1, 12, 1)
(1, 13, 1)
(1, 14, 1)
(1, 15, 1)
(1, 16, 1)
(1, 17, 1)
(1, 18, 1)
(1, 19, 1)
(1, 20, 1)
(1, 21, 1)
(1, 22, 1)
(1, 23, 1)
(1, 24, 1)
(1, 25, 1)
(1, 26, 1)
(1, 27, 1)
(1, 28, 1)
(1, 29, 1)
(1, 30, 1)
(1, 31, 1)
(1, 32, 1)
(1, 33, 1)
(1, 34, 1)
(1, 35, 1)
(1, 36, 1)
(1, 37, 1)
(1, 38, 1)
(1, 39, 1)

(2, 0, 6)
(2, 1, 2)
(2, 2, 2)
(2, 3, 2)
(2, 4, 1)
(2, 5, 1)
(2, 6, 1)
(2, 7, 1)
(2, 8, 1)
(2, 9, 1)
(2, 10, 1)
(2, 11, 1)
(2, 12, 1)
(2, 13, 1)
(2, 14, 1)
(2, 15, 1)
(2, 16, 1)
(2, 17, 1)
(2, 18, 1)
(2, 19, 1)
(2, 20, 1)
(2, 21, 1)
(2, 22, 1)
(2, 23, 1)
(2, 24, 1)
(2, 25, 1)
(2, 26, 1)
(2, 27, 1)
(2, 28, 1)
(2, 29, 1)
(2, 30, 1)
(2, 31, 1)
(2, 32, 1)
(2, 33, 1)
(2, 34, 1)
(2, 35, 1)
(2, 36, 1)
(2, 37, 1)
(2, 38, 1)
(2, 39, 1)

(3, 0, 8)
(3, 1, 3)
(3, 2, 3)
(3, 3, 2)
(3, 4, 1)
(3, 5, 1)
(3, 6, 1)
(3, 7, 1)
(3, 8, 1)
(3, 9, 1)
(3, 10, 1)
(3, 11, 1)
(3, 12, 1)
(3, 13, 1)
(3, 14, 1)
(3, 15, 1)
(3, 16, 1)
(3, 17, 1)
(3, 18, 1)
(3, 19, 1)
(3, 20, 1)
(3, 21, 1)
(3, 22, 1)
(3, 23, 1)
(3, 24, 1)
(3, 25, 1)
(3, 26, 1)
(3, 27, 1)
(3, 28, 1)
(3, 29, 1)
(3, 30, 1)
(3, 31, 1)
(3, 32, 1)
(3, 33, 1)
(3, 34, 1)
(3, 35, 1)
(3, 36, 1)
(3, 37, 1)
(3, 38, 1)
(3, 39, 1)

(4, 0, 10)
(4, 1, 5)
(4, 2, 4)
(4, 3, 3)
(4, 4, 2)
(4, 5, 1)
(4, 6, 1)
(4, 7, 1)
(4, 8, 1)
(4, 9, 1)
(4, 10, 1)
(4, 11, 1)
(4, 12, 1)
(4, 13, 1)
(4, 14, 1)
(4, 15, 1)
(4, 16, 1)
(4, 17, 1)
(4, 18, 1)
(4, 19, 1)
(4, 20, 1)
(4, 21, 1)
(4, 22, 1)
(4, 23, 1)
(4, 24, 1)
(4, 25, 1)
(4, 26, 1)
(4, 27, 1)
(4, 28, 1)
(4, 29, 1)
(4, 30, 1)
(4, 31, 1)
(4, 32, 1)
(4, 33, 1)
(4, 34, 1)
(4, 35, 1)
(4, 36, 1)
(4, 37, 1)
(4, 38, 1)
(4, 39, 1)

(5, 0, 12)
(5, 1, 7)
(5, 2, 6)
(5, 3, 5)
(5, 4, 4)
(5, 5, 3)
(5, 6, 3)
(5, 7, 3)
(5, 8, 3)
(5, 9, 2)
(5, 10, 2)
(5, 11, 2)
(5, 12, 2)
(5, 13, 2)
(5, 14, 2)
(5, 15, 2)
(5, 16, 1)
(5, 17, 1)
(5, 18, 1)
(5, 19, 1)
(5, 20, 1)
(5, 21, 1)
(5, 22, 1)
(5, 23, 1)
(5, 24, 1)
(5, 25, 1)
(5, 26, 1)
(5, 27, 1)
(5, 28, 1)
(5, 29, 1)
(5, 30, 1)
(5, 31, 1)
(5, 32, 1)
(5, 33, 1)
(5, 34, 1)
(5, 35, 1)
(5, 36, 1)
(5, 37, 1)
(5, 38, 1)
(5, 39, 1)

(6, 0, 15)
(6, 1, 10)
(6, 2, 9)
(6, 3, 8)
(6, 4, 7)
(6, 5, 5)
(6, 6, 5)
(6, 7, 3)
(6, 8, 3)
(6, 9, 3)
(6, 10, 2)
(6, 11, 2)
(6, 12, 2)
(6, 13, 2)
(6, 14, 2)
(6, 15, 1)
(6, 16, 1)
(6, 17, 1)
(6, 18, 1)
(6, 19, 1)
(6, 20, 1)
(6, 21, 1)
(6, 22, 1)
(6, 23, 1)
(6, 24, 1)
(6, 25, 1)
(6, 26, 1)
(6, 27, 1)
(6, 28, 1)
(6, 29, 1)
(6, 30, 1)
(6, 31, 1)
(6, 32, 1)
(6, 33, 1)
(6, 34, 1)
(6, 35, 1)
(6, 36, 1)
(6, 37, 1)
(6, 38, 1)
(6, 39, 1)

(7, 0, 18)
(7, 1, 12)
(7, 2, 11)
(7, 3, 9)
(7, 4, 8)
(7, 5, 6)
(7, 6, 5)
(7, 7, 4)
(7, 8, 4)
(7, 9, 4)
(7, 10, 3)
(7, 11, 3)
(7, 12, 3)
(7, 13, 3)
(7, 14, 3)
(7, 15, 2)
(7, 16, 2)
(7, 17, 2)
(7, 18, 2)
(7, 19, 2)
(7, 20, 2)
(7, 21, 2)
(7, 22, 2)
(7, 23, 2)
(7, 24, 2)
(7, 25, 2)
(7, 26, 2)
(7, 27, 2)
(7, 28, 2)
(7, 29, 2)
(7, 30, 2)
(7, 31, 2)
(7, 32, 2)
(7, 33, 2)
(7, 34, 2)
(7, 35, 2)
(7, 36, 2)
(7, 37, 2)
(7, 38, 2)
(7, 39, 2)

(8, 0, 26)
(8, 1, 17)
(8, 2, 15)
(8, 3, 12)
(8, 4, 11)
(8, 5, 9)
(8, 6, 7)
(8, 7, 5)
(8, 8, 5)
(8, 9, 5)
(8, 10, 4)
(8, 11, 4)
(8, 12, 4)
(8, 13, 4)
(8, 14, 4)
(8, 15, 3)
(8, 16, 3)
(8, 17, 3)
(8, 18, 2)
(8, 19, 2)
(8, 20, 2)
(8, 21, 2)
(8, 22, 2)
(8, 23, 2)
(8, 24, 2)
(8, 25, 2)
(8, 26, 2)
(8, 27, 2)
(8, 28, 2)
(8, 29, 2)
(8, 30, 2)
(8, 31, 2)
(8, 32, 2)
(8, 33, 2)
(8, 34, 1)
(8, 35, 1)
(8, 36, 1)
(8, 37, 1)
(8, 38, 1)
(8, 39, 1)

(9, 0, 31)
(9, 1, 18)
(9, 2, 16)
(9, 3, 13)
(9, 4, 11)
(9, 5, 9)
(9, 6, 8)
(9, 7, 6)
(9, 8, 6)
(9, 9, 6)
(9, 10, 5)
(9, 11, 5)
(9, 12, 5)
(9, 13, 5)
(9, 14, 5)
(9, 15, 4)
(9, 16, 3)
(9, 17, 2)
(9, 18, 1)
(9, 19, 1)
(9, 20, 1)
(9, 21, 1)
(9, 22, 1)
(9, 23, 1)
(9, 24, 1)
(9, 25, 1)
(9, 26, 1)
(9, 27, 1)
(9, 28, 1)
(9, 29, 1)
(9, 30, 1)
(9, 31, 1)
(9, 32, 1)
(9, 33, 1)
(9, 34, 1)
(9, 35, 1)
(9, 36, 1)
(9, 37, 1)
(9, 38, 1)
(9, 39, 1)

(10, 0, 35)
(10, 1, 21)
(10, 2, 19)
(10, 3, 16)
(10, 4, 14)
(10, 5, 10)
(10, 6, 7)
(10, 7, 6)
(10, 8, 6)
(10, 9, 6)
(10, 10, 5)
(10, 11, 5)
(10, 12, 5)
(10, 13, 5)
(10, 14, 5)
(10, 15, 4)
(10, 16, 3)
(10, 17, 2)
(10, 18, 1)
(10, 19, 1)
(10, 20, 1)
(10, 21, 1)
(10, 22, 1)
(10, 23, 1)
(10, 24, 1)
(10, 25, 1)
(10, 26, 1)
(10, 27, 1)
(10, 28, 1)
(10, 29, 1)
(10, 30, 1)
(10, 31, 1)
(10, 32, 1)
(10, 33, 1)
(10, 34, 1)
(10, 35, 1)
(10, 36, 1)
(10, 37, 1)
(10, 38, 1)
(10, 39, 1)

(11, 0, 43)
(11, 1, 22)
(11, 2, 20)
(11, 3, 17)
(11, 4, 14)
(11, 5, 11)
(11, 6, 8)
(11, 7, 7)
(11, 8, 7)
(11, 9, 7)
(11, 10, 6)
(11, 11, 6)
(11, 12, 5)
(11, 13, 5)
(11, 14, 5)
(11, 15, 4)
(11, 16, 3)
(11, 17, 2)
(11, 18, 1)
(11, 19, 1)
(11, 20, 1)
(11, 21, 1)
(11, 22, 1)
(11, 23, 1)
(11, 24, 1)
(11, 25, 1)
(11, 26, 1)
(11, 27, 1)
(11, 28, 1)
(11, 29, 1)
(11, 30, 1)
(11, 31, 1)
(11, 32, 1)
(11, 33, 1)
(11, 34, 1)
(11, 35, 1)
(11, 36, 1)
(11, 37, 1)
(11, 38, 1)
(11, 39, 1)

(12, 0, 46)
(12, 1, 22)
(12, 2, 20)
(12, 3, 17)
(12, 4, 14)
(12, 5, 11)
(12, 6, 8)
(12, 7, 7)
(12, 8, 7)
(12, 9, 7)
(12, 10, 6)
(12, 11, 6)
(12, 12, 5)
(12, 13, 5)
(12, 14, 5)
(12, 15, 4)
(12, 16, 3)
(12, 17, 2)
(12, 18, 1)
(12, 19, 1)
(12, 20, 1)
(12, 21, 1)
(12, 22, 1)
(12, 23, 1)
(12, 24, 1)
(12, 25, 1)
(12, 26, 1)
(12, 27, 1)
(12, 28, 1)
(12, 29, 1)
(12, 30, 1)
(12, 31, 1)
(12, 32, 1)
(12, 33, 1)
(12, 34, 1)
(12, 35, 1)
(12, 36, 1)
(12, 37, 1)
(12, 38, 1)
(12, 39, 1)

(13, 0, 47)
(13, 1, 23)
(13, 2, 21)
(13, 3, 18)
(13, 4, 15)
(13, 5, 12)
(13, 6, 9)
(13, 7, 8)
(13, 8, 8)
(13, 9, 8)
(13, 10, 7)
(13, 11, 7)
(13, 12, 6)
(13, 13, 6)
(13, 14, 6)
(13, 15, 5)
(13, 16, 4)
(13, 17, 3)
(13, 18, 2)
(13, 19, 2)
(13, 20, 1)
(13, 21, 1)
(13, 22, 1)
(13, 23, 1)
(13, 24, 1)
(13, 25, 1)
(13, 26, 1)
(13, 27, 1)
(13, 28, 1)
(13, 29, 1)
(13, 30, 1)
(13, 31, 1)
(13, 32, 1)
(13, 33, 1)
(13, 34, 1)
(13, 35, 1)
(13, 36, 1)
(13, 37, 1)
(13, 38, 1)
(13, 39, 1)

(14, 0, 49)
(14, 1, 25)
(14, 2, 23)
(14, 3, 20)
(14, 4, 17)
(14, 5, 14)
(14, 6, 11)
(14, 7, 9)
(14, 8, 9)
(14, 9, 9)
(14, 10, 8)
(14, 11, 7)
(14, 12, 6)
(14, 13, 6)
(14, 14, 6)
(14, 15, 5)
(14, 16, 4)
(14, 17, 3)
(14, 18, 2)
(14, 19, 1)
(14, 20, 1)
(14, 21, 1)
(14, 22, 1)
(14, 23, 1)
(14, 24, 1)
(14, 25, 1)
(14, 26, 1)
(14, 27, 1)
(14, 28, 1)
(14, 29, 1)
(14, 30, 1)
(14, 31, 1)
(14, 32, 1)
(14, 33, 1)
(14, 34, 1)
(14, 35, 1)
(14, 36, 1)
(14, 37, 1)
(14, 38, 1)
(14, 39, 1)

(15, 0, 50)
(15, 1, 26)
(15, 2, 24)
(15, 3, 21)
(15, 4, 18)
(15, 5, 15)
(15, 6, 12)
(15, 7, 9)
(15, 8, 8)
(15, 9, 8)
(15, 10, 7)
(15, 11, 7)
(15, 12, 6)
(15, 13, 6)
(15, 14, 6)
(15, 15, 5)
(15, 16, 4)
(15, 17, 3)
(15, 18, 2)
(15, 19, 1)
(15, 20, 1)
(15, 21, 1)
(15, 22, 1)
(15, 23, 1)
(15, 24, 1)
(15, 25, 1)
(15, 26, 1)
(15, 27, 1)
(15, 28, 1)
(15, 29, 1)
(15, 30, 1)
(15, 31, 1)
(15, 32, 1)
(15, 33, 1)
(15, 34, 1)
(15, 35, 1)
(15, 36, 1)
(15, 37, 1)
(15, 38, 1)
(15, 39, 1)

(16, 0, 50)
(16, 1, 26)
(16, 2, 24)
(16, 3, 21)
(16, 4, 18)
(16, 5, 15)
(16, 6, 12)
(16, 7, 9)
(16, 8, 8)
(16, 9, 8)
(16, 10, 7)
(16, 11, 7)
(16, 12, 6)
(16, 13, 6)
(16, 14, 6)
(16, 15, 5)
(16, 16, 4)
(16, 17, 3)
(16, 18, 2)
(16, 19, 1)
(16, 20, 1)
(16, 21, 1)
(16, 22, 1)
(16, 23, 1)
(16, 24, 1)
(16, 25, 1)
(16, 26, 1)
(16, 27, 1)
(16, 28, 1)
(16, 29, 1)
(16, 30, 1)
(16, 31, 1)
(16, 32, 1)
(16, 33, 1)
(16, 34, 1)
(16, 35, 1)
(16, 36, 1)
(16, 37, 1)
(16, 38, 1)
(16, 39, 1)

(17, 0, 56)
(17, 1, 29)
(17, 2, 25)
(17, 3, 22)
(17, 4, 19)
(17, 5, 15)
(17, 6, 12)
(17, 7, 8)
(17, 8, 8)
(17, 9, 8)
(17, 10, 7)
(17, 11, 7)
(17, 12, 6)
(17, 13, 6)
(17, 14, 6)
(17, 15, 5)
(17, 16, 4)
(17, 17, 3)
(17, 18, 2)
(17, 19, 1)
(17, 20, 1)
(17, 21, 1)
(17, 22, 1)
(17, 23, 1)
(17, 24, 1)
(17, 25, 1)
(17, 26, 1)
(17, 27, 1)
(17, 28, 1)
(17, 29, 1)
(17, 30, 1)
(17, 31, 1)
(17, 32, 1)
(17, 33, 1)
(17, 34, 1)
(17, 35, 1)
(17, 36, 1)
(17, 37, 1)
(17, 38, 1)
(17, 39, 1)

(18, 0, 57)
(18, 1, 30)
(18, 2, 26)
(18, 3, 23)
(18, 4, 20)
(18, 5, 16)
(18, 6, 13)
(18, 7, 9)
(18, 8, 9)
(18, 9, 9)
(18, 10, 8)
(18, 11, 8)
(18, 12, 7)
(18, 13, 7)
(18, 14, 6)
(18, 15, 5)
(18, 16, 4)
(18, 17, 3)
(18, 18, 2)
(18, 19, 1)
(18, 20, 1)
(18, 21, 1)
(18, 22, 1)
(18, 23, 1)
(18, 24, 1)
(18, 25, 1)
(18, 26, 1)
(18, 27, 1)
(18, 28, 1)
(18, 29, 1)
(18, 30, 1)
(18, 31, 1)
(18, 32, 1)
(18, 33, 1)
(18, 34, 1)
(18, 35, 1)
(18, 36, 1)
(18, 37, 1)
(18, 38, 1)
(18, 39, 1)

(19, 0, 61)
(19, 1, 33)
(19, 2, 29)
(19, 3, 26)
(19, 4, 23)
(19, 5, 19)
(19, 6, 16)
(19, 7, 12)
(19, 8, 12)
(19, 9, 12)
(19, 10, 11)
(19, 11, 11)
(19, 12, 9)
(19, 13, 9)
(19, 14, 8)
(19, 15, 7)
(19, 16, 6)
(19, 17, 5)
(19, 18, 4)
(19, 19, 3)
(19, 20, 3)
(19, 21, 3)
(19, 22, 3)
(19, 23, 2)
(19, 24, 2)
(19, 25, 2)
(19, 26, 2)
(19, 27, 2)
(19, 28, 2)
(19, 29, 2)
(19, 30, 2)
(19, 31, 2)
(19, 32, 2)
(19, 33, 2)
(19, 34, 2)
(19, 35, 2)
(19, 36, 2)
(19, 37, 2)
(19, 38, 2)
(19, 39, 2)

(20, 0, 65)
(20, 1, 37)
(20, 2, 33)
(20, 3, 28)
(20, 4, 25)
(20, 5, 21)
(20, 6, 18)
(20, 7, 13)
(20, 8, 13)
(20, 9, 13)
(20, 10, 11)
(20, 11, 11)
(20, 12, 10)
(20, 13, 10)
(20, 14, 9)
(20, 15, 8)
(20, 16, 7)
(20, 17, 6)
(20, 18, 5)
(20, 19, 4)
(20, 20, 4)
(20, 21, 4)
(20, 22, 4)
(20, 23, 3)
(20, 24, 3)
(20, 25, 3)
(20, 26, 3)
(20, 27, 2)
(20, 28, 2)
(20, 29, 2)
(20, 30, 2)
(20, 31, 2)
(20, 32, 2)
(20, 33, 2)
(20, 34, 2)
(20, 35, 2)
(20, 36, 2)
(20, 37, 2)
(20, 38, 2)
(20, 39, 2)

(21, 0, 66)
(21, 1, 38)
(21, 2, 34)
(21, 3, 29)
(21, 4, 26)
(21, 5, 22)
(21, 6, 18)
(21, 7, 13)
(21, 8, 13)
(21, 9, 13)
(21, 10, 11)
(21, 11, 11)
(21, 12, 10)
(21, 13, 10)
(21, 14, 9)
(21, 15, 8)
(21, 16, 7)
(21, 17, 6)
(21, 18, 5)
(21, 19, 4)
(21, 20, 4)
(21, 21, 4)
(21, 22, 4)
(21, 23, 3)
(21, 24, 3)
(21, 25, 3)
(21, 26, 3)
(21, 27, 2)
(21, 28, 2)
(21, 29, 2)
(21, 30, 2)
(21, 31, 2)
(21, 32, 2)
(21, 33, 2)
(21, 34, 2)
(21, 35, 2)
(21, 36, 2)
(21, 37, 2)
(21, 38, 2)
(21, 39, 2)

(22, 0, 67)
(22, 1, 39)
(22, 2, 35)
(22, 3, 30)
(22, 4, 27)
(22, 5, 23)
(22, 6, 19)
(22, 7, 14)
(22, 8, 14)
(22, 9, 14)
(22, 10, 11)
(22, 11, 11)
(22, 12, 10)
(22, 13, 10)
(22, 14, 9)
(22, 15, 8)
(22, 16, 7)
(22, 17, 6)
(22, 18, 4)
(22, 19, 3)
(22, 20, 3)
(22, 21, 3)
(22, 22, 3)
(22, 23, 3)
(22, 24, 3)
(22, 25, 3)
(22, 26, 3)
(22, 27, 2)
(22, 28, 2)
(22, 29, 2)
(22, 30, 2)
(22, 31, 2)
(22, 32, 2)
(22, 33, 2)
(22, 34, 2)
(22, 35, 2)
(22, 36, 2)
(22, 37, 2)
(22, 38, 2)
(22, 39, 2)

(23, 0, 71)
(23, 1, 43)
(23, 2, 38)
(23, 3, 33)
(23, 4, 30)
(23, 5, 26)
(23, 6, 22)
(23, 7, 16)
(23, 8, 15)
(23, 9, 15)
(23, 10, 12)
(23, 11, 12)
(23, 12, 11)
(23, 13, 11)
(23, 14, 10)
(23, 15, 9)
(23, 16, 8)
(23, 17, 7)
(23, 18, 5)
(23, 19, 4)
(23, 20, 4)
(23, 21, 4)
(23, 22, 4)
(23, 23, 4)
(23, 24, 4)
(23, 25, 4)
(23, 26, 4)
(23, 27, 3)
(23, 28, 3)
(23, 29, 3)
(23, 30, 3)
(23, 31, 3)
(23, 32, 3)
(23, 33, 3)
(23, 34, 3)
(23, 35, 3)
(23, 36, 3)
(23, 37, 3)
(23, 38, 3)
(23, 39, 3)

(24, 0, 78)
(24, 1, 50)
(24, 2, 45)
(24, 3, 39)
(24, 4, 34)
(24, 5, 29)
(24, 6, 24)
(24, 7, 18)
(24, 8, 17)
(24, 9, 17)
(24, 10, 13)
(24, 11, 13)
(24, 12, 12)
(24, 13, 12)
(24, 14, 10)
(24, 15, 8)
(24, 16, 7)
(24, 17, 6)
(24, 18, 5)
(24, 19, 4)
(24, 20, 4)
(24, 21, 4)
(24, 22, 4)
(24, 23, 4)
(24, 24, 4)
(24, 25, 4)
(24, 26, 4)
(24, 27, 3)
(24, 28, 3)
(24, 29, 3)
(24, 30, 3)
(24, 31, 3)
(24, 32, 3)
(24, 33, 3)
(24, 34, 3)
(24, 35, 3)
(24, 36, 3)
(24, 37, 3)
(24, 38, 3)
(24, 39, 3)

(25, 0, 98)
(25, 1, 67)
(25, 2, 57)
(25, 3, 50)
(25, 4, 43)
(25, 5, 35)
(25, 6, 27)
(25, 7, 20)
(25, 8, 18)
(25, 9, 18)
(25, 10, 15)
(25, 11, 15)
(25, 12, 14)
(25, 13, 14)
(25, 14, 12)
(25, 15, 10)
(25, 16, 9)
(25, 17, 8)
(25, 18, 7)
(25, 19, 6)
(25, 20, 6)
(25, 21, 6)
(25, 22, 6)
(25, 23, 6)
(25, 24, 6)
(25, 25, 6)
(25, 26, 6)
(25, 27, 5)
(25, 28, 4)
(25, 29, 4)
(25, 30, 4)
(25, 31, 4)
(25, 32, 4)
(25, 33, 4)
(25, 34, 4)
(25, 35, 3)
(25, 36, 3)
(25, 37, 3)
(25, 38, 3)
(25, 39, 3)

(26, 0, 124)
(26, 1, 91)
(26, 2, 74)
(26, 3, 65)
(26, 4, 51)
(26, 5, 42)
(26, 6, 34)
(26, 7, 25)
(26, 8, 22)
(26, 9, 22)
(26, 10, 19)
(26, 11, 19)
(26, 12, 16)
(26, 13, 16)
(26, 14, 14)
(26, 15, 11)
(26, 16, 10)
(26, 17, 8)
(26, 18, 7)
(26, 19, 6)
(26, 20, 6)
(26, 21, 6)
(26, 22, 6)
(26, 23, 6)
(26, 24, 5)
(26, 25, 5)
(26, 26, 5)
(26, 27, 4)
(26, 28, 4)
(26, 29, 4)
(26, 30, 4)
(26, 31, 4)
(26, 32, 4)
(26, 33, 4)
(26, 34, 4)
(26, 35, 3)
(26, 36, 3)
(26, 37, 3)
(26, 38, 3)
(26, 39, 3)

(27, 0, 158)
(27, 1, 116)
(27, 2, 97)
(27, 3, 78)
(27, 4, 62)
(27, 5, 49)
(27, 6, 40)
(27, 7, 29)
(27, 8, 25)
(27, 9, 25)
(27, 10, 19)
(27, 11, 19)
(27, 12, 15)
(27, 13, 15)
(27, 14, 14)
(27, 15, 12)
(27, 16, 11)
(27, 17, 9)
(27, 18, 8)
(27, 19, 6)
(27, 20, 6)
(27, 21, 6)
(27, 22, 6)
(27, 23, 6)
(27, 24, 6)
(27, 25, 5)
(27, 26, 5)
(27, 27, 5)
(27, 28, 4)
(27, 29, 4)
(27, 30, 4)
(27, 31, 4)
(27, 32, 4)
(27, 33, 4)
(27, 34, 4)
(27, 35, 2)
(27, 36, 2)
(27, 37, 2)
(27, 38, 2)
(27, 39, 2)

(28, 0, 205)
(28, 1, 154)
(28, 2, 126)
(28, 3, 91)
(28, 4, 74)
(28, 5, 56)
(28, 6, 45)
(28, 7, 30)
(28, 8, 22)
(28, 9, 21)
(28, 10, 17)
(28, 11, 17)
(28, 12, 15)
(28, 13, 14)
(28, 14, 12)
(28, 15, 10)
(28, 16, 8)
(28, 17, 7)
(28, 18, 6)
(28, 19, 5)
(28, 20, 5)
(28, 21, 5)
(28, 22, 5)
(28, 23, 5)
(28, 24, 5)
(28, 25, 4)
(28, 26, 4)
(28, 27, 4)
(28, 28, 3)
(28, 29, 3)
(28, 30, 3)
(28, 31, 3)
(28, 32, 3)
(28, 33, 3)
(28, 34, 3)
(28, 35, 2)
(28, 36, 2)
(28, 37, 2)
(28, 38, 2)
(28, 39, 2)

(29, 0, 246)
(29, 1, 191)
(29, 2, 157)
(29, 3, 113)
(29, 4, 90)
(29, 5, 66)
(29, 6, 45)
(29, 7, 30)
(29, 8, 21)
(29, 9, 20)
(29, 10, 16)
(29, 11, 16)
(29, 12, 14)
(29, 13, 14)
(29, 14, 12)
(29, 15, 10)
(29, 16, 8)
(29, 17, 7)
(29, 18, 6)
(29, 19, 5)
(29, 20, 5)
(29, 21, 5)
(29, 22, 5)
(29, 23, 5)
(29, 24, 5)
(29, 25, 4)
(29, 26, 4)
(29, 27, 4)
(29, 28, 3)
(29, 29, 3)
(29, 30, 1)
(29, 31, 1)
(29, 32, 1)
(29, 33, 1)
(29, 34, 1)
(29, 35, 1)
(29, 36, 1)
(29, 37, 1)
(29, 38, 1)
(29, 39, 1)

(30, 0, 284)
(30, 1, 225)
(30, 2, 182)
(30, 3, 132)
(30, 4, 102)
(30, 5, 71)
(30, 6, 48)
(30, 7, 33)
(30, 8, 23)
(30, 9, 20)
(30, 10, 16)
(30, 11, 16)
(30, 12, 14)
(30, 13, 14)
(30, 14, 12)
(30, 15, 10)
(30, 16, 8)
(30, 17, 7)
(30, 18, 6)
(30, 19, 5)
(30, 20, 5)
(30, 21, 5)
(30, 22, 5)
(30, 23, 5)
(30, 24, 4)
(30, 25, 3)
(30, 26, 3)
(30, 27, 2)
(30, 28, 1)
(30, 29, 1)
(30, 30, 1)
(30, 31, 1)
(30, 32, 1)
(30, 33, 1)
(30, 34, 1)
(30, 35, 1)
(30, 36, 1)
(30, 37, 1)
(30, 38, 1)
(30, 39, 1)

(31, 0, 321)
(31, 1, 253)
(31, 2, 205)
(31, 3, 152)
(31, 4, 115)
(31, 5, 80)
(31, 6, 54)
(31, 7, 37)
(31, 8, 25)
(31, 9, 22)
(31, 10, 17)
(31, 11, 16)
(31, 12, 14)
(31, 13, 13)
(31, 14, 11)
(31, 15, 9)
(31, 16, 7)
(31, 17, 6)
(31, 18, 5)
(31, 19, 4)
(31, 20, 4)
(31, 21, 4)
(31, 22, 4)
(31, 23, 4)
(31, 24, 3)
(31, 25, 2)
(31, 26, 2)
(31, 27, 2)
(31, 28, 1)
(31, 29, 1)
(31, 30, 1)
(31, 31, 1)
(31, 32, 1)
(31, 33, 1)
(31, 34, 1)
(31, 35, 1)
(31, 36, 1)
(31, 37, 1)
(31, 38, 1)
(31, 39, 1)

(32, 0, 358)
(32, 1, 281)
(32, 2, 226)
(32, 3, 169)
(32, 4, 127)
(32, 5, 85)
(32, 6, 56)
(32, 7, 37)
(32, 8, 25)
(32, 9, 23)
(32, 10, 19)
(32, 11, 17)
(32, 12, 15)
(32, 13, 12)
(32, 14, 10)
(32, 15, 8)
(32, 16, 7)
(32, 17, 6)
(32, 18, 5)
(32, 19, 3)
(32, 20, 3)
(32, 21, 3)
(32, 22, 3)
(32, 23, 3)
(32, 24, 3)
(32, 25, 2)
(32, 26, 2)
(32, 27, 2)
(32, 28, 1)
(32, 29, 1)
(32, 30, 1)
(32, 31, 1)
(32, 32, 1)
(32, 33, 1)
(32, 34, 1)
(32, 35, 1)
(32, 36, 1)
(32, 37, 1)
(32, 38, 1)
(32, 39, 1)

(33, 0, 391)
(33, 1, 309)
(33, 2, 243)
(33, 3, 182)
(33, 4, 139)
(33, 5, 94)
(33, 6, 60)
(33, 7, 42)
(33, 8, 30)
(33, 9, 27)
(33, 10, 21)
(33, 11, 17)
(33, 12, 14)
(33, 13, 12)
(33, 14, 10)
(33, 15, 8)
(33, 16, 6)
(33, 17, 5)
(33, 18, 4)
(33, 19, 3)
(33, 20, 3)
(33, 21, 3)
(33, 22, 3)
(33, 23, 3)
(33, 24, 3)
(33, 25, 2)
(33, 26, 2)
(33, 27, 1)
(33, 28, 1)
(33, 29, 1)
(33, 30, 1)
(33, 31, 1)
(33, 32, 1)
(33, 33, 1)
(33, 34, 1)
(33, 35, 1)
(33, 36, 1)
(33, 37, 1)
(33, 38, 1)
(33, 39, 1)

(34, 0, 445)
(34, 1, 359)
(34, 2, 287)
(34, 3, 214)
(34, 4, 155)
(34, 5, 105)
(34, 6, 63)
(34, 7, 43)
(34, 8, 28)
(34, 9, 26)
(34, 10, 19)
(34, 11, 17)
(34, 12, 13)
(34, 13, 11)
(34, 14, 9)
(34, 15, 7)
(34, 16, 6)
(34, 17, 5)
(34, 18, 4)
(34, 19, 3)
(34, 20, 3)
(34, 21, 3)
(34, 22, 3)
(34, 23, 3)
(34, 24, 2)
(34, 25, 1)
(34, 26, 1)
(34, 27, 1)
(34, 28, 1)
(34, 29, 1)
(34, 30, 1)
(34, 31, 1)
(34, 32, 1)
(34, 33, 1)
(34, 34, 1)
(34, 35, 1)
(34, 36, 1)
(34, 37, 1)
(34, 38, 1)
(34, 39, 1)

(35, 0, 512)
(35, 1, 411)
(35, 2, 312)
(35, 3, 228)
(35, 4, 166)
(35, 5, 108)
(35, 6, 68)
(35, 7, 45)
(35, 8, 31)
(35, 9, 26)
(35, 10, 16)
(35, 11, 16)
(35, 12, 13)
(35, 13, 10)
(35, 14, 9)
(35, 15, 7)
(35, 16, 6)
(35, 17, 5)
(35, 18, 4)
(35, 19, 3)
(35, 20, 3)
(35, 21, 3)
(35, 22, 3)
(35, 23, 3)
(35, 24, 2)
(35, 25, 1)
(35, 26, 1)
(35, 27, 1)
(35, 28, 1)
(35, 29, 1)
(35, 30, 1)
(35, 31, 1)
(35, 32, 1)
(35, 33, 1)
(35, 34, 1)
(35, 35, 1)
(35, 36, 1)
(35, 37, 1)
(35, 38, 1)
(35, 39, 1)

(36, 0, 594)
(36, 1, 462)
(36, 2, 346)
(36, 3, 250)
(36, 4, 173)
(36, 5, 108)
(36, 6, 67)
(36, 7, 43)
(36, 8, 27)
(36, 9, 23)
(36, 10, 15)
(36, 11, 14)
(36, 12, 12)
(36, 13, 10)
(36, 14, 9)
(36, 15, 7)
(36, 16, 6)
(36, 17, 5)
(36, 18, 4)
(36, 19, 3)
(36, 20, 3)
(36, 21, 3)
(36, 22, 3)
(36, 23, 3)
(36, 24, 2)
(36, 25, 1)
(36, 26, 1)
(36, 27, 1)
(36, 28, 1)
(36, 29, 1)
(36, 30, 1)
(36, 31, 1)
(36, 32, 1)
(36, 33, 1)
(36, 34, 1)
(36, 35, 1)
(36, 36, 1)
(36, 37, 1)
(36, 38, 1)
(36, 39, 1)

(37, 0, 656)
(37, 1, 506)
(37, 2, 373)
(37, 3, 260)
(37, 4, 177)
(37, 5, 111)
(37, 6, 66)
(37, 7, 43)
(37, 8, 26)
(37, 9, 22)
(37, 10, 14)
(37, 11, 14)
(37, 12, 12)
(37, 13, 10)
(37, 14, 9)
(37, 15, 7)
(37, 16, 6)
(37, 17, 5)
(37, 18, 4)
(37, 19, 3)
(37, 20, 3)
(37, 21, 3)
(37, 22, 3)
(37, 23, 3)
(37, 24, 2)
(37, 25, 1)
(37, 26, 1)
(37, 27, 1)
(37, 28, 1)
(37, 29, 1)
(37, 30, 1)
(37, 31, 1)
(37, 32, 1)
(37, 33, 1)
(37, 34, 1)
(37, 35, 1)
(37, 36, 1)
(37, 37, 1)
(37, 38, 1)
(37, 39, 1)

(38, 0, 700)
(38, 1, 548)
(38, 2, 397)
(38, 3, 274)
(38, 4, 183)
(38, 5, 113)
(38, 6, 68)
(38, 7, 43)
(38, 8, 27)
(38, 9, 23)
(38, 10, 15)
(38, 11, 14)
(38, 12, 12)
(38, 13, 10)
(38, 14, 9)
(38, 15, 7)
(38, 16, 6)
(38, 17, 5)
(38, 18, 4)
(38, 19, 3)
(38, 20, 3)
(38, 21, 3)
(38, 22, 3)
(38, 23, 3)
(38, 24, 2)
(38, 25, 1)
(38, 26, 1)
(38, 27, 1)
(38, 28, 1)
(38, 29, 1)
(38, 30, 1)
(38, 31, 1)
(38, 32, 1)
(38, 33, 1)
(38, 34, 1)
(38, 35, 1)
(38, 36, 1)
(38, 37, 1)
(38, 38, 1)
(38, 39, 1)

(39, 0, 736)
(39, 1, 580)
(39, 2, 416)
(39, 3, 283)
(39, 4, 184)
(39, 5, 111)
(39, 6, 67)
(39, 7, 41)
(39, 8, 26)
(39, 9, 22)
(39, 10, 14)
(39, 11, 14)
(39, 12, 12)
(39, 13, 10)
(39, 14, 9)
(39, 15, 7)
(39, 16, 6)
(39, 17, 5)
(39, 18, 4)
(39, 19, 3)
(39, 20, 3)
(39, 21, 3)
(39, 22, 3)
(39, 23, 3)
(39, 24, 2)
(39, 25, 1)
(39, 26, 1)
(39, 27, 1)
(39, 28, 1)
(39, 29, 1)
(39, 30, 1)
(39, 31, 1)
(39, 32, 1)
(39, 33, 1)
(39, 34, 1)
(39, 35, 1)
(39, 36, 1)
(39, 37, 1)
(39, 38, 1)
(39, 39, 1)


Betti numbers:
xi_0:
(0, 0, 4)
(2, 0, 2)
(3, 0, 2)
(4, 0, 2)
(5, 0, 2)
(6, 0, 3)
(7, 0, 3)
(8, 0, 8)
(9, 0, 5)
(10, 0, 5)
(11, 0, 8)
(12, 0, 3)
(13, 0, 1)
(14, 0, 2)
(15, 0, 1)
(17, 0, 6)
(18, 0, 1)
(19, 0, 4)
(20, 0, 4)
(21, 0, 1)
(22, 0, 1)
(23, 0, 4)
(24, 0, 7)
(25, 0, 20)
(26, 0, 26)
(27, 0, 34)
(28, 0, 47)
(29, 0, 41)
(30, 0, 38)
(31, 0, 37)
(32, 0, 37)
(33, 0, 33)
(34, 0, 54)
(35, 0, 67)
(36, 0, 82)
(37, 0, 62)
(38, 0, 44)
(39, 0, 36)
xi_1:
(0, 1, 3)
(2, 1, 1)
(2, 4, 1)
(3, 1, 1)
(3, 3, 1)
(4, 2, 1)
(4, 5, 1)
(5, 9, 1)
(5, 16, 1)
(6, 5, 1)
(6, 7, 2)
(6, 10, 1)
(6, 15, 1)
(7, 1, 1)
(7, 3, 1)
(7, 6, 1)
(8, 1, 3)
(8, 2, 1)
(8, 3, 1)
(8, 6, 1)
(8, 7, 1)
(8, 18, 1)
(8, 34, 1)
(9, 1, 4)
(9, 4, 1)
(9, 16, 1)
(9, 17, 1)
(10, 0, 1)
(10, 1, 2)
(10, 5, 2)
(10, 6, 2)
(11, 1, 7)
(11, 4, 1)
(11, 12, 1)
(12, 1, 3)
(13, 20, 1)
(14, 7, 1)
(14, 11, 1)
(14, 19, 1)
(15, 7, 1)
(15, 8, 1)
(17, 1, 3)
(17, 2, 2)
(17, 5, 1)
(17, 7, 1)
(18, 14, 1)
(19, 1, 1)
(19, 12, 1)
(19, 23, 1)
(20, 3, 2)
(20, 7, 1)
(20, 10, 1)
(20, 27, 1)
(21, 6, 1)
(22, 10, 1)
(22, 18, 1)
(23, 2, 1)
(23, 7, 1)
(23, 8, 1)
(24, 3, 1)
(24, 4, 2)
(24, 5, 1)
(24, 6, 1)
(24, 10, 1)
(24, 14, 1)
(24, 15, 1)
(25, 1, 3)
(25, 2, 5)
(25, 3, 1)
(25, 4, 2)
(25, 5, 3)
(25, 6, 3)
(25, 7, 1)
(25, 8, 1)
(25, 28, 1)
(25, 35, 1)
(26, 1, 2)
(26, 2, 7)
(26, 3, 2)
(26, 4, 7)
(26, 5, 2)
(26, 6, 1)
(26, 7, 2)
(26, 8, 1)
(26, 12, 2)
(26, 15, 1)
(26, 17, 1)
(26, 24, 1)
(26, 35, 1)
(27, 1, 9)
(27, 2, 2)
(27, 3, 10)
(27, 4, 3)
(27, 5, 5)
(27, 6, 3)
(27, 7, 3)
(27, 8, 1)
(27, 10, 3)
(27, 12, 1)
(27, 19, 1)
(27, 25, 1)
(27, 28, 1)
(27, 35, 1)
(28, 1, 9)
(28, 2, 9)
(28, 3, 17)
(28, 4, 3)
(28, 5, 7)
(28, 6, 2)
(28, 7, 4)
(28, 8, 4)
(28, 9, 1)
(28, 13, 1)
(28, 14, 1)
(28, 16, 1)
(29, 1, 4)
(29, 2, 6)
(29, 3, 9)
(29, 4, 7)
(29, 5, 8)
(29, 6, 10)
(29, 7, 3)
(29, 8, 3)
(29, 30, 2)
(30, 1, 4)
(30, 2, 9)
(30, 3, 6)
(30, 4, 7)
(30, 5, 7)
(30, 6, 4)
(30, 7, 1)
(30, 8, 2)
(30, 9, 2)
(30, 24, 1)
(30, 27, 1)
(31, 1, 9)
(31, 2, 6)
(31, 3, 4)
(31, 4, 7)
(31, 5, 4)
(31, 6, 4)
(31, 7, 2)
(31, 8, 2)
(31, 9, 1)
(31, 10, 1)
(31, 11, 1)
(31, 13, 1)
(31, 14, 1)
(32, 1, 9)
(32, 2, 7)
(32, 3, 4)
(32, 4, 6)
(32, 5, 7)
(32, 6, 4)
(32, 7, 2)
(32, 8, 1)
(32, 11, 1)
(32, 13, 2)
(32, 19, 1)
(33, 1, 5)
(33, 2, 11)
(33, 3, 4)
(33, 4, 2)
(33, 5, 3)
(33, 6, 5)
(33, 9, 1)
(33, 10, 2)
(33, 11, 2)
(33, 12, 1)
(33, 14, 1)
(33, 16, 1)
(33, 27, 1)
(34, 1, 4)
(34, 2, 6)
(34, 3, 13)
(34, 4, 16)
(34, 5, 6)
(34, 6, 9)
(34, 7, 3)
(34, 8, 3)
(34, 10, 2)
(34, 12, 1)
(34, 13, 1)
(34, 14, 1)
(34, 24, 1)
(35, 1, 15)
(35, 2, 27)
(35, 3, 11)
(35, 4, 5)
(35, 5, 8)
(35, 6, 2)
(35, 7, 3)
(35, 8, 1)
(35, 9, 3)
(35, 10, 3)
(35, 12, 1)
(35, 13, 1)
(36, 1, 31)
(36, 2, 19)
(36, 3, 13)
(36, 4, 17)
(36, 5, 9)
(36, 6, 3)
(36, 7, 3)
(36, 8, 3)
(36, 11, 1)
(37, 1, 18)
(37, 2, 17)
(37, 3, 17)
(37, 4, 9)
(37, 5, 3)
(37, 6, 5)
(37, 7, 1)
(37, 8, 2)
(38, 1, 2)
(38, 2, 18)
(38, 3, 10)
(38, 4, 8)
(38, 5, 5)
(38, 6, 1)
(38, 7, 2)
(38, 11, 1)
(39, 1, 4)
(39, 2, 13)
(39, 3, 10)
(39, 4, 10)
(39, 5, 4)
(39, 6, 1)
(39, 7, 1)
xi_2:
(6, 9, 1)
(6, 16, 1)
(7, 7, 1)
(9, 6, 1)
(9, 34, 1)
(10, 1, 1)
(10, 7, 1)
(11, 5, 1)
(14, 20, 1)
(15, 11, 1)
(17, 8, 1)
(20, 12, 1)
(22, 23, 1)
(24, 18, 1)
(25, 10, 1)
(26, 5, 1)
(26, 6, 1)
(26, 28, 1)
(26, 35, 1)
(27, 4, 1)
(27, 5, 1)
(27, 6, 2)
(27, 7, 1)
(27, 14, 1)
(27, 15, 1)
(27, 24, 1)
(27, 27, 1)
(28, 3, 1)
(28, 4, 2)
(28, 5, 2)
(28, 10, 2)
(28, 12, 2)
(28, 17, 1)
(28, 19, 1)
(28, 35, 1)
(29, 4, 1)
(29, 5, 2)
(29, 7, 3)
(29, 8, 2)
(29, 13, 1)
(29, 35, 1)
(30, 6, 2)
(30, 7, 1)
(30, 8, 1)
(30, 30, 2)
(31, 2, 1)
(31, 3, 1)
(31, 6, 1)
(31, 9, 1)
(31, 14, 1)
(31, 27, 1)
(32, 4, 1)
(32, 6, 1)
(32, 8, 1)
(32, 9, 1)
(32, 10, 1)
(32, 16, 1)
(32, 24, 1)
(33, 4, 1)
(33, 7, 1)
(33, 13, 1)
(33, 14, 1)
(33, 19, 1)
(33, 28, 1)
(34, 3, 1)
(34, 5, 1)
(34, 6, 1)
(34, 7, 1)
(34, 9, 1)
(34, 10, 1)
(34, 11, 2)
(34, 13, 1)
(34, 14, 1)
(34, 16, 1)
(34, 27, 1)
(35, 4, 2)
(35, 6, 4)
(35, 8, 2)
(35, 11, 2)
(35, 12, 2)
(35, 14, 1)
(36, 2, 2)
(36, 3, 1)
(36, 4, 2)
(36, 5, 2)
(36, 6, 2)
(36, 7, 2)
(36, 8, 1)
(36, 9, 1)
(36, 10, 2)
(36, 12, 1)
(36, 13, 1)
(37, 4, 3)
(37, 5, 2)
(37, 6, 1)
(37, 7, 2)
(37, 8, 1)
(37, 11, 1)
(38, 5, 1)
(38, 6, 1)
(38, 8, 1)
(39, 4, 2)
(39, 5, 1)
(39, 6, 2)
(39, 8, 1)
(39, 11, 1)
