x-grades
-56592972293623333347/40000000000000000000
-27574168634249757347/20000000000000000000
-53703702243375696041/40000000000000000000
-13064766804562969347/10000000000000000000
-10162886438625611747/8000000000000000000
-24684898584002120041/20000000000000000000
-47925162142880421429/40000000000000000000
-5810065889719575347/5000000000000000000
-45035892092632784123/40000000000000000000
-4359125706750896547/4000000000000000000
-42146622042385146817/40000000000000000000
-10175496754315332041/10000000000000000000
-39257351992137509511/40000000000000000000
-18906358483506845429/20000000000000000000
-7273616388377974441/8000000000000000000
-2182715432297878347/2500000000000000000
-33478811891642234899/40000000000000000000
-16017088433259208123/20000000000000000000
-30589541841394597593/40000000000000000000
-1457245340813538947/2000000000000000000
-27700271791146960287/40000000000000000000
-13127818383011570817/20000000000000000000
-24811001740899322981/40000000000000000000
-2920795839471938041/5000000000000000000
-876869267626067427/1600000000000000000
-10238548332763933511/20000000000000000000
-19032461640404048369/40000000000000000000
-4396956653820057429/10000000000000000000
-16143191590156411063/40000000000000000000
-1469855656503259241/4000000000000000000
-13253921539908773757/40000000000000000000
-369040203587029847/1250000000000000000
-10364651489661136451/40000000000000000000
-4460008232268658899/20000000000000000000
-1495076287882699829/8000000000000000000
-1507686603572420123/10000000000000000000
-4586111389165861839/40000000000000000000
-1570738182021021593/20000000000000000000
-1696841338918224533/40000000000000000000
-6305157844860147/1000000000000000000

y-grades
4566847/20000000
4566847/10000000
13700541/20000000
4566847/5000000
4566847/4000000
13700541/10000000
31967929/20000000
4566847/2500000
41101623/20000000
4566847/2000000
50235317/20000000
13700541/5000000
59369011/20000000
31967929/10000000
13700541/4000000
4566847/1250000
77636399/20000000
41101623/10000000
86770093/20000000
4566847/1000000
95903787/20000000
50235317/10000000
105037481/20000000
13700541/2500000
4566847/800000
59369011/10000000
123304869/20000000
31967929/5000000
132438563/20000000
13700541/2000000
141572257/20000000
4566847/625000
150705951/20000000
77636399/10000000
31967929/4000000
41101623/5000000
168973339/20000000
86770093/10000000
178107033/20000000
4566847/500000

Dimensions > 0:
(0, 0, 2)
(0, 1, 2)
(0, 2, 2)
(0, 3, 2)
(0, 4, 2)
(0, 5, 1)
(0, 6, 1)
(0, 7, 1)
(0, 8, 1)
(0, 9, 1)
(0, 10, 1)
(0, 11, 1)
(0, 12, 1)
(0, 13, 1)
(0, 14, 1)
(0, 15, 1)
(0, 16, 1)
(0, 17, 1)
(0, 18, 1)
(0, 19, 1)
(0, 20, 1)
(0, 21, 1)
(0, 22, 1)
(0, 23, 1)
(0, 24, 1)
(0, 25, 1)
(0, 26, 1)
(0, 27, 1)
(0, 28, 1)
(0, 29, 1)
(0, 30, 1)
(0, 31, 1)
(0, 32, 1)
(0, 33, 1)
(0, 34, 1)
(0, 35, 1)
(0, 36, 1)
(0, 37, 1)
(0, 38, 1)
(0, 39, 1)

(1, 0, 2)
(1, 1, 2)
(1, 2, 2)
(1, 3, 2)
(1, 4, 2)
(1, 5, 1)
(1, 6, 1)
(1, 7, 1)
(1, 8, 1)
(1, 9, 1)
(1, 10, 1)
(1, 11, 1)
(1, 12, 1)
(1, 13, 1)
(1, 14, 1)
(1, 15, 1)
(1, 16, 1)
(1, 17, 1)
(1, 18, 1)
(1, 19, 1)
(1, 20, 1)
(1, 21, 1)
(1, 22, 1)
(1, 23, 1)
(1, 24, 1)
(1, 25, 1)
(1, 26, 1)
(1, 27, 1)
(1, 28, 1)
(1, 29, 1)
(1, 30, 1)
(1, 31, 1)
(1, 32, 1)
(1, 33, 1)
(1, 34, 1)
(1, 35, 1)
(1, 36, 1)
(1, 37, 1)
(1, 38, 1)
(1, 39, 1)

(2, 0, 2)
(2, 1, 2)
(2, 2, 2)
(2, 3, 2)
(2, 4, 2)
(2, 5, 1)
(2, 6, 1)
(2, 7, 1)
(2, 8, 1)
(2, 9, 1)
(2, 10, 1)
(2, 11, 1)
(2, 12, 1)
(2, 13, 1)
(2, 14, 1)
(2, 15, 1)
(2, 16, 1)
(2, 17, 1)
(2, 18, 1)
(2, 19, 1)
(2, 20, 1)
(2, 21, 1)
(2, 22, 1)
(2, 23, 1)
(2, 24, 1)
(2, 25, 1)
(2, 26, 1)
(2, 27, 1)
(2, 28, 1)
(2, 29, 1)
(2, 30, 1)
(2, 31, 1)
(2, 32, 1)
(2, 33, 1)
(2, 34, 1)
(2, 35, 1)
(2, 36, 1)
(2, 37, 1)
(2, 38, 1)
(2, 39, 1)

(3, 0, 3)
(3, 1, 3)
(3, 2, 3)
(3, 3, 3)
(3, 4, 3)
(3, 5, 2)
(3, 6, 2)
(3, 7, 2)
(3, 8, 2)
(3, 9, 2)
(3, 10, 2)
(3, 11, 2)
(3, 12, 2)
(3, 13, 2)
(3, 14, 2)
(3, 15, 2)
(3, 16, 2)
(3, 17, 2)
(3, 18, 2)
(3, 19, 2)
(3, 20, 2)
(3, 21, 2)
(3, 22, 2)
(3, 23, 2)
(3, 24, 2)
(3, 25, 2)
(3, 26, 2)
(3, 27, 2)
(3, 28, 2)
(3, 29, 2)
(3, 30, 2)
(3, 31, 2)
(3, 32, 2)
(3, 33, 2)
(3, 34, 2)
(3, 35, 2)
(3, 36, 2)
(3, 37, 2)
(3, 38, 2)
(3, 39, 2)

(4, 0, 7)
(4, 1, 7)
(4, 2, 6)
(4, 3, 6)
(4, 4, 6)
(4, 5, 3)
(4, 6, 3)
(4, 7, 3)
(4, 8, 3)
(4, 9, 3)
(4, 10, 3)
(4, 11, 3)
(4, 12, 3)
(4, 13, 3)
(4, 14, 3)
(4, 15, 3)
(4, 16, 3)
(4, 17, 3)
(4, 18, 3)
(4, 19, 3)
(4, 20, 3)
(4, 21, 3)
(4, 22, 3)
(4, 23, 3)
(4, 24, 3)
(4, 25, 3)
(4, 26, 3)
(4, 27, 3)
(4, 28, 3)
(4, 29, 3)
(4, 30, 3)
(4, 31, 3)
(4, 32, 3)
(4, 33, 3)
(4, 34, 3)
(4, 35, 3)
(4, 36, 3)
(4, 37, 3)
(4, 38, 3)
(4, 39, 3)

(5, 0, 11)
(5, 1, 10)
(5, 2, 9)
(5, 3, 8)
(5, 4, 8)
(5, 5, 4)
(5, 6, 4)
(5, 7, 4)
(5, 8, 4)
(5, 9, 4)
(5, 10, 4)
(5, 11, 4)
(5, 12, 4)
(5, 13, 4)
(5, 14, 4)
(5, 15, 4)
(5, 16, 4)
(5, 17, 4)
(5, 18, 4)
(5, 19, 4)
(5, 20, 4)
(5, 21, 4)
(5, 22, 4)
(5, 23, 4)
(5, 24, 4)
(5, 25, 4)
(5, 26, 4)
(5, 27, 4)
(5, 28, 4)
(5, 29, 4)
(5, 30, 4)
(5, 31, 4)
(5, 32, 4)
(5, 33, 4)
(5, 34, 4)
(5, 35, 4)
(5, 36, 4)
(5, 37, 4)
(5, 38, 4)
(5, 39, 4)

(6, 0, 12)
(6, 1, 11)
(6, 2, 10)
(6, 3, 8)
(6, 4, 8)
(6, 5, 4)
(6, 6, 4)
(6, 7, 4)
(6, 8, 4)
(6, 9, 4)
(6, 10, 4)
(6, 11, 4)
(6, 12, 4)
(6, 13, 4)
(6, 14, 4)
(6, 15, 4)
(6, 16, 4)
(6, 17, 4)
(6, 18, 4)
(6, 19, 4)
(6, 20, 4)
(6, 21, 4)
(6, 22, 4)
(6, 23, 4)
(6, 24, 4)
(6, 25, 4)
(6, 26, 4)
(6, 27, 4)
(6, 28, 4)
(6, 29, 4)
(6, 30, 4)
(6, 31, 4)
(6, 32, 4)
(6, 33, 4)
(6, 34, 4)
(6, 35, 4)
(6, 36, 4)
(6, 37, 4)
(6, 38, 4)
(6, 39, 4)

(7, 0, 12)
(7, 1, 11)
(7, 2, 10)
(7, 3, 8)
(7, 4, 8)
(7, 5, 4)
(7, 6, 4)
(7, 7, 4)
(7, 8, 4)
(7, 9, 4)
(7, 10, 4)
(7, 11, 4)
(7, 12, 4)
(7, 13, 4)
(7, 14, 4)
(7, 15, 4)
(7, 16, 4)
(7, 17, 4)
(7, 18, 4)
(7, 19, 4)
(7, 20, 4)
(7, 21, 4)
(7, 22, 4)
(7, 23, 4)
(7, 24, 4)
(7, 25, 4)
(7, 26, 4)
(7, 27, 4)
(7, 28, 4)
(7, 29, 4)
(7, 30, 4)
(7, 31, 4)
(7, 32, 4)
(7, 33, 4)
(7, 34, 4)
(7, 35, 4)
(7, 36, 4)
(7, 37, 4)
(7, 38, 4)
(7, 39, 4)

(8, 0, 15)
(8, 1, 14)
(8, 2, 12)
(8, 3, 10)
(8, 4, 10)
(8, 5, 5)
(8, 6, 5)
(8, 7, 5)
(8, 8, 5)
(8, 9, 5)
(8, 10, 5)
(8, 11, 5)
(8, 12, 5)
(8, 13, 5)
(8, 14, 5)
(8, 15, 5)
(8, 16, 5)
(8, 17, 5)
(8, 18, 5)
(8, 19, 5)
(8, 20, 5)
(8, 21, 5)
(8, 22, 5)
(8, 23, 5)
(8, 24, 5)
(8, 25, 5)
(8, 26, 5)
(8, 27, 5)
(8, 28, 5)
(8, 29, 5)
(8, 30, 5)
(8, 31, 5)
(8, 32, 5)
(8, 33, 5)
(8, 34, 5)
(8, 35, 5)
(8, 36, 5)
(8, 37, 5)
(8, 38, 5)
(8, 39, 5)

(9, 0, 16)
(9, 1, 15)
(9, 2, 13)
(9, 3, 11)
(9, 4, 11)
(9, 5, 5)
(9, 6, 5)
(9, 7, 5)
(9, 8, 5)
(9, 9, 5)
(9, 10, 5)
(9, 11, 5)
(9, 12, 5)
(9, 13, 5)
(9, 14, 5)
(9, 15, 5)
(9, 16, 5)
(9, 17, 5)
(9, 18, 5)
(9, 19, 5)
(9, 20, 5)
(9, 21, 5)
(9, 22, 5)
(9, 23, 5)
(9, 24, 5)
(9, 25, 5)
(9, 26, 5)
(9, 27, 5)
(9, 28, 5)
(9, 29, 5)
(9, 30, 5)
(9, 31, 5)
(9, 32, 5)
(9, 33, 5)
(9, 34, 5)
(9, 35, 5)
(9, 36, 5)
(9, 37, 5)
(9, 38, 5)
(9, 39, 5)

(10, 0, 16)
(10, 1, 15)
(10, 2, 13)
(10, 3, 11)
(10, 4, 11)
(10, 5, 5)
(10, 6, 5)
(10, 7, 5)
(10, 8, 5)
(10, 9, 5)
(10, 10, 5)
(10, 11, 5)
(10, 12, 5)
(10, 13, 5)
(10, 14, 5)
(10, 15, 5)
(10, 16, 5)
(10, 17, 5)
(10, 18, 5)
(10, 19, 5)
(10, 20, 5)
(10, 21, 5)
(10, 22, 5)
(10, 23, 5)
(10, 24, 5)
(10, 25, 5)
(10, 26, 5)
(10, 27, 5)
(10, 28, 5)
(10, 29, 5)
(10, 30, 5)
(10, 31, 5)
(10, 32, 5)
(10, 33, 5)
(10, 34, 5)
(10, 35, 5)
(10, 36, 5)
(10, 37, 5)
(10, 38, 5)
(10, 39, 5)

(11, 0, 16)
(11, 1, 15)
(11, 2, 13)
(11, 3, 11)
(11, 4, 11)
(11, 5, 5)
(11, 6, 5)
(11, 7, 5)
(11, 8, 5)
(11, 9, 5)
(11, 10, 5)
(11, 11, 5)
(11, 12, 5)
(11, 13, 5)
(11, 14, 5)
(11, 15, 5)
(11, 16, 5)
(11, 17, 5)
(11, 18, 5)
(11, 19, 5)
(11, 20, 5)
(11, 21, 5)
(11, 22, 5)
(11, 23, 5)
(11, 24, 5)
(11, 25, 5)
(11, 26, 5)
(11, 27, 5)
(11, 28, 5)
(11, 29, 5)
(11, 30, 5)
(11, 31, 5)
(11, 32, 5)
(11, 33, 5)
(11, 34, 5)
(11, 35, 5)
(11, 36, 5)
(11, 37, 5)
(11, 38, 5)
(11, 39, 5)

(12, 0, 16)
(12, 1, 15)
(12, 2, 13)
(12, 3, 11)
(12, 4, 11)
(12, 5, 5)
(12, 6, 5)
(12, 7, 5)
(12, 8, 5)
(12, 9, 5)
(12, 10, 5)
(12, 11, 5)
(12, 12, 5)
(12, 13, 5)
(12, 14, 5)
(12, 15, 5)
(12, 16, 5)
(12, 17, 5)
(12, 18, 5)
(12, 19, 5)
(12, 20, 5)
(12, 21, 5)
(12, 22, 5)
(12, 23, 5)
(12, 24, 5)
(12, 25, 5)
(12, 26, 5)
(12, 27, 5)
(12, 28, 5)
(12, 29, 5)
(12, 30, 5)
(12, 31, 5)
(12, 32, 5)
(12, 33, 5)
(12, 34, 5)
(12, 35, 5)
(12, 36, 5)
(12, 37, 5)
(12, 38, 5)
(12, 39, 5)

(13, 0, 16)
(13, 1, 15)
(13, 2, 13)
(13, 3, 11)
(13, 4, 11)
(13, 5, 5)
(13, 6, 5)
(13, 7, 5)
(13, 8, 5)
(13, 9, 5)
(13, 10, 5)
(13, 11, 5)
(13, 12, 5)
(13, 13, 5)
(13, 14, 5)
(13, 15, 5)
(13, 16, 5)
(13, 17, 5)
(13, 18, 5)
(13, 19, 5)
(13, 20, 5)
(13, 21, 5)
(13, 22, 5)
(13, 23, 5)
(13, 24, 5)
(13, 25, 5)
(13, 26, 5)
(13, 27, 5)
(13, 28, 5)
(13, 29, 5)
(13, 30, 5)
(13, 31, 5)
(13, 32, 5)
(13, 33, 5)
(13, 34, 5)
(13, 35, 5)
(13, 36, 5)
(13, 37, 5)
(13, 38, 5)
(13, 39, 5)

(14, 0, 18)
(14, 1, 17)
(14, 2, 15)
(14, 3, 13)
(14, 4, 13)
(14, 5, 7)
(14, 6, 7)
(14, 7, 7)
(14, 8, 7)
(14, 9, 7)
(14, 10, 7)
(14, 11, 7)
(14, 12, 7)
(14, 13, 7)
(14, 14, 7)
(14, 15, 7)
(14, 16, 7)
(14, 17, 7)
(14, 18, 7)
(14, 19, 7)
(14, 20, 7)
(14, 21, 7)
(14, 22, 7)
(14, 23, 7)
(14, 24, 7)
(14, 25, 7)
(14, 26, 7)
(14, 27, 7)
(14, 28, 7)
(14, 29, 7)
(14, 30, 7)
(14, 31, 7)
(14, 32, 7)
(14, 33, 7)
(14, 34, 7)
(14, 35, 7)
(14, 36, 7)
(14, 37, 7)
(14, 38, 7)
(14, 39, 7)

(15, 0, 18)
(15, 1, 17)
(15, 2, 15)
(15, 3, 13)
(15, 4, 13)
(15, 5, 7)
(15, 6, 7)
(15, 7, 7)
(15, 8, 7)
(15, 9, 7)
(15, 10, 7)
(15, 11, 7)
(15, 12, 7)
(15, 13, 7)
(15, 14, 7)
(15, 15, 7)
(15, 16, 7)
(15, 17, 7)
(15, 18, 7)
(15, 19, 7)
(15, 20, 7)
(15, 21, 7)
(15, 22, 7)
(15, 23, 7)
(15, 24, 7)
(15, 25, 7)
(15, 26, 7)
(15, 27, 7)
(15, 28, 7)
(15, 29, 7)
(15, 30, 7)
(15, 31, 7)
(15, 32, 7)
(15, 33, 7)
(15, 34, 7)
(15, 35, 7)
(15, 36, 7)
(15, 37, 7)
(15, 38, 7)
(15, 39, 7)

(16, 0, 18)
(16, 1, 17)
(16, 2, 15)
(16, 3, 13)
(16, 4, 13)
(16, 5, 7)
(16, 6, 7)
(16, 7, 7)
(16, 8, 7)
(16, 9, 7)
(16, 10, 7)
(16, 11, 7)
(16, 12, 7)
(16, 13, 7)
(16, 14, 7)
(16, 15, 7)
(16, 16, 7)
(16, 17, 7)
(16, 18, 7)
(16, 19, 7)
(16, 20, 7)
(16, 21, 7)
(16, 22, 7)
(16, 23, 7)
(16, 24, 7)
(16, 25, 7)
(16, 26, 7)
(16, 27, 7)
(16, 28, 7)
(16, 29, 7)
(16, 30, 7)
(16, 31, 7)
(16, 32, 7)
(16, 33, 7)
(16, 34, 7)
(16, 35, 7)
(16, 36, 7)
(16, 37, 7)
(16, 38, 7)
(16, 39, 7)

(17, 0, 18)
(17, 1, 17)
(17, 2, 15)
(17, 3, 13)
(17, 4, 13)
(17, 5, 7)
(17, 6, 7)
(17, 7, 7)
(17, 8, 7)
(17, 9, 7)
(17, 10, 7)
(17, 11, 7)
(17, 12, 7)
(17, 13, 7)
(17, 14, 7)
(17, 15, 7)
(17, 16, 7)
(17, 17, 7)
(17, 18, 7)
(17, 19, 7)
(17, 20, 7)
(17, 21, 7)
(17, 22, 7)
(17, 23, 7)
(17, 24, 7)
(17, 25, 7)
(17, 26, 7)
(17, 27, 7)
(17, 28, 7)
(17, 29, 7)
(17, 30, 7)
(17, 31, 7)
(17, 32, 7)
(17, 33, 7)
(17, 34, 7)
(17, 35, 7)
(17, 36, 7)
(17, 37, 7)
(17, 38, 7)
(17, 39, 7)

(18, 0, 18)
(18, 1, 17)
(18, 2, 15)
(18, 3, 13)
(18, 4, 13)
(18, 5, 7)
(18, 6, 7)
(18, 7, 7)
(18, 8, 7)
(18, 9, 7)
(18, 10, 7)
(18, 11, 7)
(18, 12, 7)
(18, 13, 7)
(18, 14, 7)
(18, 15, 7)
(18, 16, 7)
(18, 17, 7)
(18, 18, 7)
(18, 19, 7)
(18, 20, 7)
(18, 21, 7)
(18, 22, 7)
(18, 23, 7)
(18, 24, 7)
(18, 25, 7)
(18, 26, 7)
(18, 27, 7)
(18, 28, 7)
(18, 29, 7)
(18, 30, 7)
(18, 31, 7)
(18, 32, 7)
(18, 33, 7)
(18, 34, 7)
(18, 35, 7)
(18, 36, 7)
(18, 37, 7)
(18, 38, 7)
(18, 39, 7)

(19, 0, 20)
(19, 1, 19)
(19, 2, 17)
(19, 3, 15)
(19, 4, 15)
(19, 5, 9)
(19, 6, 9)
(19, 7, 9)
(19, 8, 9)
(19, 9, 9)
(19, 10, 9)
(19, 11, 9)
(19, 12, 9)
(19, 13, 9)
(19, 14, 9)
(19, 15, 9)
(19, 16, 9)
(19, 17, 9)
(19, 18, 9)
(19, 19, 9)
(19, 20, 9)
(19, 21, 9)
(19, 22, 9)
(19, 23, 9)
(19, 24, 9)
(19, 25, 9)
(19, 26, 9)
(19, 27, 9)
(19, 28, 9)
(19, 29, 9)
(19, 30, 9)
(19, 31, 9)
(19, 32, 9)
(19, 33, 9)
(19, 34, 9)
(19, 35, 9)
(19, 36, 9)
(19, 37, 9)
(19, 38, 9)
(19, 39, 9)

(20, 0, 24)
(20, 1, 21)
(20, 2, 19)
(20, 3, 17)
(20, 4, 15)
(20, 5, 9)
(20, 6, 9)
(20, 7, 9)
(20, 8, 9)
(20, 9, 9)
(20, 10, 9)
(20, 11, 9)
(20, 12, 9)
(20, 13, 9)
(20, 14, 9)
(20, 15, 9)
(20, 16, 9)
(20, 17, 9)
(20, 18, 9)
(20, 19, 9)
(20, 20, 9)
(20, 21, 9)
(20, 22, 9)
(20, 23, 9)
(20, 24, 9)
(20, 25, 9)
(20, 26, 9)
(20, 27, 9)
(20, 28, 9)
(20, 29, 9)
(20, 30, 9)
(20, 31, 9)
(20, 32, 9)
(20, 33, 9)
(20, 34, 9)
(20, 35, 9)
(20, 36, 9)
(20, 37, 9)
(20, 38, 9)
(20, 39, 9)

(21, 0, 24)
(21, 1, 21)
(21, 2, 19)
(21, 3, 17)
(21, 4, 15)
(21, 5, 9)
(21, 6, 9)
(21, 7, 9)
(21, 8, 9)
(21, 9, 9)
(21, 10, 9)
(21, 11, 9)
(21, 12, 9)
(21, 13, 9)
(21, 14, 9)
(21, 15, 9)
(21, 16, 9)
(21, 17, 9)
(21, 18, 9)
(21, 19, 9)
(21, 20, 9)
(21, 21, 9)
(21, 22, 9)
(21, 23, 9)
(21, 24, 9)
(21, 25, 9)
(21, 26, 9)
(21, 27, 9)
(21, 28, 9)
(21, 29, 9)
(21, 30, 9)
(21, 31, 9)
(21, 32, 9)
(21, 33, 9)
(21, 34, 9)
(21, 35, 9)
(21, 36, 9)
(21, 37, 9)
(21, 38, 9)
(21, 39, 9)

(22, 0, 27)
(22, 1, 24)
(22, 2, 22)
(22, 3, 19)
(22, 4, 17)
(22, 5, 11)
(22, 6, 11)
(22, 7, 11)
(22, 8, 11)
(22, 9, 11)
(22, 10, 11)
(22, 11, 11)
(22, 12, 11)
(22, 13, 11)
(22, 14, 11)
(22, 15, 11)
(22, 16, 11)
(22, 17, 11)
(22, 18, 11)
(22, 19, 11)
(22, 20, 11)
(22, 21, 11)
(22, 22, 11)
(22, 23, 11)
(22, 24, 11)
(22, 25, 11)
(22, 26, 11)
(22, 27, 11)
(22, 28, 11)
(22, 29, 11)
(22, 30, 11)
(22, 31, 11)
(22, 32, 11)
(22, 33, 11)
(22, 34, 11)
(22, 35, 11)
(22, 36, 11)
(22, 37, 11)
(22, 38, 11)
(22, 39, 11)

(23, 0, 32)
(23, 1, 28)
(23, 2, 25)
(23, 3, 21)
(23, 4, 19)
(23, 5, 12)
(23, 6, 12)
(23, 7, 12)
(23, 8, 12)
(23, 9, 12)
(23, 10, 12)
(23, 11, 12)
(23, 12, 12)
(23, 13, 12)
(23, 14, 12)
(23, 15, 12)
(23, 16, 12)
(23, 17, 12)
(23, 18, 12)
(23, 19, 12)
(23, 20, 12)
(23, 21, 12)
(23, 22, 12)
(23, 23, 12)
(23, 24, 12)
(23, 25, 12)
(23, 26, 12)
(23, 27, 12)
(23, 28, 12)
(23, 29, 12)
(23, 30, 12)
(23, 31, 12)
(23, 32, 12)
(23, 33, 12)
(23, 34, 12)
(23, 35, 12)
(23, 36, 12)
(23, 37, 12)
(23, 38, 12)
(23, 39, 12)

(24, 0, 32)
(24, 1, 28)
(24, 2, 25)
(24, 3, 21)
(24, 4, 19)
(24, 5, 12)
(24, 6, 12)
(24, 7, 12)
(24, 8, 12)
(24, 9, 12)
(24, 10, 12)
(24, 11, 12)
(24, 12, 12)
(24, 13, 12)
(24, 14, 12)
(24, 15, 12)
(24, 16, 12)
(24, 17, 12)
(24, 18, 12)
(24, 19, 12)
(24, 20, 12)
(24, 21, 12)
(24, 22, 12)
(24, 23, 12)
(24, 24, 12)
(24, 25, 12)
(24, 26, 12)
(24, 27, 12)
(24, 28, 12)
(24, 29, 12)
(24, 30, 12)
(24, 31, 12)
(24, 32, 12)
(24, 33, 12)
(24, 34, 12)
(24, 35, 12)
(24, 36, 12)
(24, 37, 12)
(24, 38, 12)
(24, 39, 12)

(25, 0, 32)
(25, 1, 28)
(25, 2, 25)
(25, 3, 21)
(25, 4, 19)
(25, 5, 12)
(25, 6, 12)
(25, 7, 12)
(25, 8, 12)
(25, 9, 12)
(25, 10, 12)
(25, 11, 12)
(25, 12, 12)
(25, 13, 12)
(25, 14, 12)
(25, 15, 12)
(25, 16, 12)
(25, 17, 12)
(25, 18, 12)
(25, 19, 12)
(25, 20, 12)
(25, 21, 12)
(25, 22, 12)
(25, 23, 12)
(25, 24, 12)
(25, 25, 12)
(25, 26, 12)
(25, 27, 12)
(25, 28, 12)
(25, 29, 12)
(25, 30, 12)
(25, 31, 12)
(25, 32, 12)
(25, 33, 12)
(25, 34, 12)
(25, 35, 12)
(25, 36, 12)
(25, 37, 12)
(25, 38, 12)
(25, 39, 12)

(26, 0, 32)
(26, 1, 28)
(26, 2, 25)
(26, 3, 21)
(26, 4, 19)
(26, 5, 12)
(26, 6, 12)
(26, 7, 12)
(26, 8, 12)
(26, 9, 12)
(26, 10, 12)
(26, 11, 12)
(26, 12, 12)
(26, 13, 12)
(26, 14, 12)
(26, 15, 12)
(26, 16, 12)
(26, 17, 12)
(26, 18, 12)
(26, 19, 12)
(26, 20, 12)
(26, 21, 12)
(26, 22, 12)
(26, 23, 12)
(26, 24, 12)
(26, 25, 12)
(26, 26, 12)
(26, 27, 12)
(26, 28, 12)
(26, 29, 12)
(26, 30, 12)
(26, 31, 12)
(26, 32, 12)
(26, 33, 12)
(26, 34, 12)
(26, 35, 12)
(26, 36, 12)
(26, 37, 12)
(26, 38, 12)
(26, 39, 12)

(27, 0, 32)
(27, 1, 28)
(27, 2, 25)
(27, 3, 21)
(27, 4, 19)
(27, 5, 12)
(27, 6, 12)
(27, 7, 12)
(27, 8, 12)
(27, 9, 12)
(27, 10, 12)
(27, 11, 12)
(27, 12, 12)
(27, 13, 12)
(27, 14, 12)
(27, 15, 12)
(27, 16, 12)
(27, 17, 12)
(27, 18, 12)
(27, 19, 12)
(27, 20, 12)
(27, 21, 12)
(27, 22, 12)
(27, 23, 12)
(27, 24, 12)
(27, 25, 12)
(27, 26, 12)
(27, 27, 12)
(27, 28, 12)
(27, 29, 12)
(27, 30, 12)
(27, 31, 12)
(27, 32, 12)
(27, 33, 12)
(27, 34, 12)
(27, 35, 12)
(27, 36, 12)
(27, 37, 12)
(27, 38, 12)
(27, 39, 12)

(28, 0, 32)
(28, 1, 28)
(28, 2, 25)
(28, 3, 21)
(28, 4, 19)
(28, 5, 12)
(28, 6, 12)
(28, 7, 12)
(28, 8, 12)
(28, 9, 12)
(28, 10, 12)
(28, 11, 12)
(28, 12, 12)
(28, 13, 12)
(28, 14, 12)
(28, 15, 12)
(28, 16, 12)
(28, 17, 12)
(28, 18, 12)
(28, 19, 12)
(28, 20, 12)
(28, 21, 12)
(28, 22, 12)
(28, 23, 12)
(28, 24, 12)
(28, 25, 12)
(28, 26, 12)
(28, 27, 12)
(28, 28, 12)
(28, 29, 12)
(28, 30, 12)
(28, 31, 12)
(28, 32, 12)
(28, 33, 12)
(28, 34, 12)
(28, 35, 12)
(28, 36, 12)
(28, 37, 12)
(28, 38, 12)
(28, 39, 12)

(29, 0, 36)
(29, 1, 31)
(29, 2, 27)
(29, 3, 23)
(29, 4, 21)
(29, 5, 14)
(29, 6, 14)
(29, 7, 14)
(29, 8, 14)
(29, 9, 14)
(29, 10, 14)
(29, 11, 14)
(29, 12, 14)
(29, 13, 14)
(29, 14, 14)
(29, 15, 14)
(29, 16, 14)
(29, 17, 14)
(29, 18, 14)
(29, 19, 14)
(29, 20, 14)
(29, 21, 14)
(29, 22, 14)
(29, 23, 14)
(29, 24, 14)
(29, 25, 14)
(29, 26, 13)
(29, 27, 13)
(29, 28, 13)
(29, 29, 13)
(29, 30, 13)
(29, 31, 13)
(29, 32, 13)
(29, 33, 13)
(29, 34, 13)
(29, 35, 13)
(29, 36, 13)
(29, 37, 13)
(29, 38, 13)
(29, 39, 13)

(30, 0, 40)
(30, 1, 33)
(30, 2, 29)
(30, 3, 25)
(30, 4, 23)
(30, 5, 15)
(30, 6, 15)
(30, 7, 15)
(30, 8, 15)
(30, 9, 15)
(30, 10, 15)
(30, 11, 15)
(30, 12, 15)
(30, 13, 15)
(30, 14, 15)
(30, 15, 15)
(30, 16, 15)
(30, 17, 15)
(30, 18, 15)
(30, 19, 15)
(30, 20, 15)
(30, 21, 15)
(30, 22, 15)
(30, 23, 15)
(30, 24, 15)
(30, 25, 15)
(30, 26, 13)
(30, 27, 13)
(30, 28, 13)
(30, 29, 13)
(30, 30, 13)
(30, 31, 13)
(30, 32, 13)
(30, 33, 13)
(30, 34, 13)
(30, 35, 13)
(30, 36, 13)
(30, 37, 13)
(30, 38, 13)
(30, 39, 13)

(31, 0, 42)
(31, 1, 34)
(31, 2, 30)
(31, 3, 26)
(31, 4, 24)
(31, 5, 15)
(31, 6, 15)
(31, 7, 15)
(31, 8, 15)
(31, 9, 15)
(31, 10, 15)
(31, 11, 15)
(31, 12, 15)
(31, 13, 15)
(31, 14, 15)
(31, 15, 15)
(31, 16, 15)
(31, 17, 15)
(31, 18, 15)
(31, 19, 15)
(31, 20, 15)
(31, 21, 15)
(31, 22, 15)
(31, 23, 15)
(31, 24, 15)
(31, 25, 15)
(31, 26, 13)
(31, 27, 13)
(31, 28, 13)
(31, 29, 13)
(31, 30, 13)
(31, 31, 13)
(31, 32, 13)
(31, 33, 13)
(31, 34, 13)
(31, 35, 13)
(31, 36, 13)
(31, 37, 13)
(31, 38, 13)
(31, 39, 13)

(32, 0, 42)
(32, 1, 34)
(32, 2, 30)
(32, 3, 26)
(32, 4, 24)
(32, 5, 15)
(32, 6, 15)
(32, 7, 15)
(32, 8, 15)
(32, 9, 15)
(32, 10, 15)
(32, 11, 15)
(32, 12, 15)
(32, 13, 15)
(32, 14, 15)
(32, 15, 15)
(32, 16, 15)
(32, 17, 15)
(32, 18, 15)
(32, 19, 15)
(32, 20, 15)
(32, 21, 15)
(32, 22, 15)
(32, 23, 15)
(32, 24, 15)
(32, 25, 15)
(32, 26, 13)
(32, 27, 13)
(32, 28, 13)
(32, 29, 13)
(32, 30, 13)
(32, 31, 13)
(32, 32, 13)
(32, 33, 13)
(32, 34, 13)
(32, 35, 13)
(32, 36, 13)
(32, 37, 13)
(32, 38, 13)
(32, 39, 13)

(33, 0, 47)
(33, 1, 38)
(33, 2, 34)
(33, 3, 30)
(33, 4, 28)
(33, 5, 18)
(33, 6, 18)
(33, 7, 18)
(33, 8, 18)
(33, 9, 18)
(33, 10, 18)
(33, 11, 18)
(33, 12, 18)
(33, 13, 18)
(33, 14, 18)
(33, 15, 18)
(33, 16, 18)
(33, 17, 18)
(33, 18, 18)
(33, 19, 18)
(33, 20, 18)
(33, 21, 18)
(33, 22, 17)
(33, 23, 17)
(33, 24, 17)
(33, 25, 17)
(33, 26, 15)
(33, 27, 15)
(33, 28, 15)
(33, 29, 15)
(33, 30, 15)
(33, 31, 14)
(33, 32, 14)
(33, 33, 14)
(33, 34, 14)
(33, 35, 14)
(33, 36, 14)
(33, 37, 14)
(33, 38, 14)
(33, 39, 14)

(34, 0, 60)
(34, 1, 46)
(34, 2, 40)
(34, 3, 34)
(34, 4, 30)
(34, 5, 20)
(34, 6, 20)
(34, 7, 20)
(34, 8, 20)
(34, 9, 20)
(34, 10, 20)
(34, 11, 20)
(34, 12, 20)
(34, 13, 20)
(34, 14, 20)
(34, 15, 20)
(34, 16, 20)
(34, 17, 20)
(34, 18, 20)
(34, 19, 20)
(34, 20, 20)
(34, 21, 20)
(34, 22, 17)
(34, 23, 17)
(34, 24, 15)
(34, 25, 15)
(34, 26, 13)
(34, 27, 13)
(34, 28, 13)
(34, 29, 13)
(34, 30, 13)
(34, 31, 13)
(34, 32, 13)
(34, 33, 13)
(34, 34, 13)
(34, 35, 13)
(34, 36, 13)
(34, 37, 13)
(34, 38, 13)
(34, 39, 13)

(35, 0, 60)
(35, 1, 46)
(35, 2, 40)
(35, 3, 34)
(35, 4, 30)
(35, 5, 20)
(35, 6, 20)
(35, 7, 20)
(35, 8, 20)
(35, 9, 20)
(35, 10, 20)
(35, 11, 20)
(35, 12, 20)
(35, 13, 20)
(35, 14, 20)
(35, 15, 20)
(35, 16, 20)
(35, 17, 20)
(35, 18, 20)
(35, 19, 20)
(35, 20, 20)
(35, 21, 20)
(35, 22, 17)
(35, 23, 17)
(35, 24, 15)
(35, 25, 15)
(35, 26, 13)
(35, 27, 13)
(35, 28, 13)
(35, 29, 13)
(35, 30, 13)
(35, 31, 13)
(35, 32, 13)
(35, 33, 13)
(35, 34, 13)
(35, 35, 13)
(35, 36, 13)
(35, 37, 13)
(35, 38, 13)
(35, 39, 13)

(36, 0, 60)
(36, 1, 46)
(36, 2, 40)
(36, 3, 34)
(36, 4, 30)
(36, 5, 20)
(36, 6, 20)
(36, 7, 20)
(36, 8, 20)
(36, 9, 20)
(36, 10, 20)
(36, 11, 20)
(36, 12, 20)
(36, 13, 20)
(36, 14, 20)
(36, 15, 20)
(36, 16, 20)
(36, 17, 20)
(36, 18, 20)
(36, 19, 20)
(36, 20, 20)
(36, 21, 20)
(36, 22, 17)
(36, 23, 17)
(36, 24, 15)
(36, 25, 15)
(36, 26, 13)
(36, 27, 13)
(36, 28, 13)
(36, 29, 13)
(36, 30, 13)
(36, 31, 13)
(36, 32, 13)
(36, 33, 13)
(36, 34, 13)
(36, 35, 13)
(36, 36, 13)
(36, 37, 13)
(36, 38, 13)
(36, 39, 13)

(37, 0, 60)
(37, 1, 46)
(37, 2, 40)
(37, 3, 34)
(37, 4, 30)
(37, 5, 20)
(37, 6, 20)
(37, 7, 20)
(37, 8, 20)
(37, 9, 20)
(37, 10, 20)
(37, 11, 20)
(37, 12, 20)
(37, 13, 20)
(37, 14, 20)
(37, 15, 20)
(37, 16, 20)
(37, 17, 20)
(37, 18, 20)
(37, 19, 20)
(37, 20, 20)
(37, 21, 20)
(37, 22, 17)
(37, 23, 17)
(37, 24, 15)
(37, 25, 15)
(37, 26, 13)
(37, 27, 13)
(37, 28, 13)
(37, 29, 13)
(37, 30, 13)
(37, 31, 13)
(37, 32, 13)
(37, 33, 13)
(37, 34, 13)
(37, 35, 13)
(37, 36, 13)
(37, 37, 13)
(37, 38, 13)
(37, 39, 13)

(38, 0, 60)
(38, 1, 46)
(38, 2, 40)
(38, 3, 34)
(38, 4, 30)
(38, 5, 20)
(38, 6, 20)
(38, 7, 20)
(38, 8, 20)
(38, 9, 20)
(38, 10, 20)
(38, 11, 20)
(38, 12, 20)
(38, 13, 20)
(38, 14, 20)
(38, 15, 20)
(38, 16, 20)
(38, 17, 20)
(38, 18, 20)
(38, 19, 20)
(38, 20, 20)
(38, 21, 20)
(38, 22, 17)
(38, 23, 17)
(38, 24, 15)
(38, 25, 15)
(38, 26, 13)
(38, 27, 13)
(38, 28, 13)
(38, 29, 13)
(38, 30, 13)
(38, 31, 13)
(38, 32, 13)
(38, 33, 13)
(38, 34, 13)
(38, 35, 13)
(38, 36, 13)
(38, 37, 13)
(38, 38, 13)
(38, 39, 13)

(39, 0, 62)
(39, 1, 48)
(39, 2, 41)
(39, 3, 35)
(39, 4, 31)
(39, 5, 21)
(39, 6, 21)
(39, 7, 21)
(39, 8, 21)
(39, 9, 21)
(39, 10, 21)
(39, 11, 21)
(39, 12, 21)
(39, 13, 21)
(39, 14, 21)
(39, 15, 21)
(39, 16, 21)
(39, 17, 21)
(39, 18, 21)
(39, 19, 21)
(39, 20, 21)
(39, 21, 21)
(39, 22, 18)
(39, 23, 18)
(39, 24, 15)
(39, 25, 15)
(39, 26, 13)
(39, 27, 13)
(39, 28, 13)
(39, 29, 13)
(39, 30, 13)
(39, 31, 13)
(39, 32, 13)
(39, 33, 13)
(39, 34, 13)
(39, 35, 13)
(39, 36, 13)
(39, 37, 13)
(39, 38, 13)
(39, 39, 13)


Betti numbers:
xi_0:
(0, 0, 2)
(3, 0, 1)
(4, 0, 4)
(5, 0, 4)
(6, 0, 1)
(8, 0, 3)
(9, 0, 1)
(14, 0, 2)
(19, 0, 2)
(20, 0, 4)
(22, 0, 3)
(23, 0, 5)
(29, 0, 4)
(30, 0, 4)
(31, 0, 2)
(33, 0, 5)
(34, 0, 13)
(39, 0, 2)
xi_1:
(0, 5, 1)
(4, 2, 1)
(4, 5, 2)
(5, 1, 1)
(5, 3, 1)
(5, 5, 1)
(6, 3, 1)
(8, 2, 1)
(8, 5, 1)
(9, 5, 1)
(20, 1, 2)
(20, 4, 2)
(22, 3, 1)
(23, 1, 1)
(23, 2, 1)
(23, 3, 1)
(23, 5, 1)
(29, 1, 1)
(29, 2, 1)
(29, 26, 1)
(30, 1, 2)
(30, 5, 1)
(30, 26, 1)
(31, 1, 1)
(31, 5, 1)
(33, 1, 1)
(33, 5, 1)
(33, 22, 1)
(33, 31, 1)
(34, 1, 5)
(34, 2, 2)
(34, 3, 2)
(34, 4, 2)
(34, 22, 2)
(34, 24, 2)
(39, 2, 1)
(39, 24, 1)
xi_2:
(34, 31, 1)
