x-grades
-640190136541676717/400000000000000000
-315068404287194337/200000000000000000
-620083480607100631/400000000000000000
-152507538159953147/100000000000000000
-119995364934504909/80000000000000000
-294961748352618251/200000000000000000
-579870168737948459/400000000000000000
-8903388137041569/6250000000000000
-559763512803372373/400000000000000000
-54971018483608433/40000000000000000
-539656856868796287/400000000000000000
-132400882225377061/100000000000000000
-519550200934220201/400000000000000000
-254748436483466079/200000000000000000
-99888708999928823/80000000000000000
-61173777129044509/50000000000000000
-479336889065068029/400000000000000000
-234641780548889993/200000000000000000
-459230233130491943/400000000000000000
-4491769051632039/4000000000000000
-439123577195915857/400000000000000000
-214535124614313907/200000000000000000
-419016921261339771/400000000000000000
-25560224580878233/25000000000000000
-79782053065352737/80000000000000000
-194428468679737821/200000000000000000
-378803609392187599/400000000000000000
-92187570356224889/100000000000000000
-358696953457611513/400000000000000000
-34864362549032347/40000000000000000
-338590297523035427/400000000000000000
-41067121194468423/50000000000000000
-318483641588459341/400000000000000000
-154215156810585649/200000000000000000
-59675397130776651/80000000000000000
-72080914421648803/100000000000000000
-278270329719307169/400000000000000000
-134108500876009563/200000000000000000
-258163673784731083/400000000000000000
-1550689661359019/2500000000000000

y-grades
9891381/40000000
9891381/20000000
29674143/40000000
9891381/10000000
9891381/8000000
29674143/20000000
69239667/40000000
9891381/5000000
89022429/40000000
9891381/4000000
108805191/40000000
29674143/10000000
128587953/40000000
69239667/20000000
29674143/8000000
9891381/2500000
168153477/40000000
89022429/20000000
187936239/40000000
9891381/2000000
207719001/40000000
108805191/20000000
227501763/40000000
29674143/5000000
9891381/1600000
128587953/20000000
267067287/40000000
69239667/10000000
286850049/40000000
29674143/4000000
306632811/40000000
9891381/1250000
326415573/40000000
168153477/20000000
69239667/8000000
89022429/10000000
365981097/40000000
187936239/20000000
385763859/40000000
9891381/1000000

Dimensions > 0:
(0, 0, 2)
(0, 1, 2)
(0, 2, 2)
(0, 3, 2)
(0, 4, 1)
(0, 5, 1)
(0, 6, 1)
(0, 7, 1)
(0, 8, 1)
(0, 9, 1)
(0, 10, 1)
(0, 11, 1)
(0, 12, 1)
(0, 13, 1)
(0, 14, 1)
(0, 15, 1)
(0, 16, 1)
(0, 17, 1)
(0, 18, 1)
(0, 19, 1)
(0, 20, 1)
(0, 21, 1)
(0, 22, 1)
(0, 23, 1)
(0, 24, 1)
(0, 25, 1)
(0, 26, 1)
(0, 27, 1)
(0, 28, 1)
(0, 29, 1)
(0, 30, 1)
(0, 31, 1)
(0, 32, 1)
(0, 33, 1)
(0, 34, 1)
(0, 35, 1)
(0, 36, 1)
(0, 37, 1)
(0, 38, 1)
(0, 39, 1)

(1, 0, 5)
(1, 1, 3)
(1, 2, 3)
(1, 3, 3)
(1, 4, 2)
(1, 5, 1)
(1, 6, 1)
(1, 7, 1)
(1, 8, 1)
(1, 9, 1)
(1, 10, 1)
(1, 11, 1)
(1, 12, 1)
(1, 13, 1)
(1, 14, 1)
(1, 15, 1)
(1, 16, 1)
(1, 17, 1)
(1, 18, 1)
(1, 19, 1)
(1, 20, 1)
(1, 21, 1)
(1, 22, 1)
(1, 23, 1)
(1, 24, 1)
(1, 25, 1)
(1, 26, 1)
(1, 27, 1)
(1, 28, 1)
(1, 29, 1)
(1, 30, 1)
(1, 31, 1)
(1, 32, 1)
(1, 33, 1)
(1, 34, 1)
(1, 35, 1)
(1, 36, 1)
(1, 37, 1)
(1, 38, 1)
(1, 39, 1)

(2, 0, 5)
(2, 1, 3)
(2, 2, 3)
(2, 3, 3)
(2, 4, 2)
(2, 5, 1)
(2, 6, 1)
(2, 7, 1)
(2, 8, 1)
(2, 9, 1)
(2, 10, 1)
(2, 11, 1)
(2, 12, 1)
(2, 13, 1)
(2, 14, 1)
(2, 15, 1)
(2, 16, 1)
(2, 17, 1)
(2, 18, 1)
(2, 19, 1)
(2, 20, 1)
(2, 21, 1)
(2, 22, 1)
(2, 23, 1)
(2, 24, 1)
(2, 25, 1)
(2, 26, 1)
(2, 27, 1)
(2, 28, 1)
(2, 29, 1)
(2, 30, 1)
(2, 31, 1)
(2, 32, 1)
(2, 33, 1)
(2, 34, 1)
(2, 35, 1)
(2, 36, 1)
(2, 37, 1)
(2, 38, 1)
(2, 39, 1)

(3, 0, 6)
(3, 1, 4)
(3, 2, 4)
(3, 3, 4)
(3, 4, 3)
(3, 5, 2)
(3, 6, 2)
(3, 7, 2)
(3, 8, 2)
(3, 9, 2)
(3, 10, 2)
(3, 11, 1)
(3, 12, 1)
(3, 13, 1)
(3, 14, 1)
(3, 15, 1)
(3, 16, 1)
(3, 17, 1)
(3, 18, 1)
(3, 19, 1)
(3, 20, 1)
(3, 21, 1)
(3, 22, 1)
(3, 23, 1)
(3, 24, 1)
(3, 25, 1)
(3, 26, 1)
(3, 27, 1)
(3, 28, 1)
(3, 29, 1)
(3, 30, 1)
(3, 31, 1)
(3, 32, 1)
(3, 33, 1)
(3, 34, 1)
(3, 35, 1)
(3, 36, 1)
(3, 37, 1)
(3, 38, 1)
(3, 39, 1)

(4, 0, 6)
(4, 1, 4)
(4, 2, 4)
(4, 3, 4)
(4, 4, 3)
(4, 5, 2)
(4, 6, 2)
(4, 7, 2)
(4, 8, 2)
(4, 9, 2)
(4, 10, 2)
(4, 11, 1)
(4, 12, 1)
(4, 13, 1)
(4, 14, 1)
(4, 15, 1)
(4, 16, 1)
(4, 17, 1)
(4, 18, 1)
(4, 19, 1)
(4, 20, 1)
(4, 21, 1)
(4, 22, 1)
(4, 23, 1)
(4, 24, 1)
(4, 25, 1)
(4, 26, 1)
(4, 27, 1)
(4, 28, 1)
(4, 29, 1)
(4, 30, 1)
(4, 31, 1)
(4, 32, 1)
(4, 33, 1)
(4, 34, 1)
(4, 35, 1)
(4, 36, 1)
(4, 37, 1)
(4, 38, 1)
(4, 39, 1)

(5, 0, 7)
(5, 1, 5)
(5, 2, 5)
(5, 3, 5)
(5, 4, 4)
(5, 5, 3)
(5, 6, 3)
(5, 7, 3)
(5, 8, 3)
(5, 9, 3)
(5, 10, 3)
(5, 11, 2)
(5, 12, 2)
(5, 13, 2)
(5, 14, 2)
(5, 15, 2)
(5, 16, 2)
(5, 17, 2)
(5, 18, 2)
(5, 19, 2)
(5, 20, 2)
(5, 21, 2)
(5, 22, 2)
(5, 23, 2)
(5, 24, 2)
(5, 25, 2)
(5, 26, 2)
(5, 27, 2)
(5, 28, 2)
(5, 29, 2)
(5, 30, 2)
(5, 31, 2)
(5, 32, 2)
(5, 33, 2)
(5, 34, 2)
(5, 35, 2)
(5, 36, 2)
(5, 37, 2)
(5, 38, 2)
(5, 39, 2)

(6, 0, 7)
(6, 1, 5)
(6, 2, 5)
(6, 3, 5)
(6, 4, 4)
(6, 5, 3)
(6, 6, 3)
(6, 7, 3)
(6, 8, 3)
(6, 9, 3)
(6, 10, 3)
(6, 11, 2)
(6, 12, 2)
(6, 13, 2)
(6, 14, 2)
(6, 15, 2)
(6, 16, 2)
(6, 17, 2)
(6, 18, 2)
(6, 19, 2)
(6, 20, 2)
(6, 21, 2)
(6, 22, 2)
(6, 23, 2)
(6, 24, 2)
(6, 25, 2)
(6, 26, 2)
(6, 27, 2)
(6, 28, 2)
(6, 29, 2)
(6, 30, 2)
(6, 31, 2)
(6, 32, 2)
(6, 33, 2)
(6, 34, 2)
(6, 35, 2)
(6, 36, 2)
(6, 37, 2)
(6, 38, 2)
(6, 39, 2)

(7, 0, 7)
(7, 1, 5)
(7, 2, 5)
(7, 3, 5)
(7, 4, 4)
(7, 5, 3)
(7, 6, 3)
(7, 7, 3)
(7, 8, 3)
(7, 9, 3)
(7, 10, 3)
(7, 11, 2)
(7, 12, 2)
(7, 13, 2)
(7, 14, 2)
(7, 15, 2)
(7, 16, 2)
(7, 17, 2)
(7, 18, 2)
(7, 19, 2)
(7, 20, 2)
(7, 21, 2)
(7, 22, 2)
(7, 23, 2)
(7, 24, 2)
(7, 25, 2)
(7, 26, 2)
(7, 27, 2)
(7, 28, 2)
(7, 29, 2)
(7, 30, 2)
(7, 31, 2)
(7, 32, 2)
(7, 33, 2)
(7, 34, 2)
(7, 35, 2)
(7, 36, 2)
(7, 37, 2)
(7, 38, 2)
(7, 39, 2)

(8, 0, 7)
(8, 1, 5)
(8, 2, 5)
(8, 3, 5)
(8, 4, 4)
(8, 5, 3)
(8, 6, 3)
(8, 7, 3)
(8, 8, 3)
(8, 9, 3)
(8, 10, 3)
(8, 11, 2)
(8, 12, 2)
(8, 13, 2)
(8, 14, 2)
(8, 15, 2)
(8, 16, 2)
(8, 17, 2)
(8, 18, 2)
(8, 19, 2)
(8, 20, 2)
(8, 21, 2)
(8, 22, 2)
(8, 23, 2)
(8, 24, 2)
(8, 25, 2)
(8, 26, 2)
(8, 27, 2)
(8, 28, 2)
(8, 29, 2)
(8, 30, 2)
(8, 31, 2)
(8, 32, 2)
(8, 33, 2)
(8, 34, 2)
(8, 35, 2)
(8, 36, 2)
(8, 37, 2)
(8, 38, 2)
(8, 39, 2)

(9, 0, 7)
(9, 1, 5)
(9, 2, 5)
(9, 3, 5)
(9, 4, 4)
(9, 5, 3)
(9, 6, 3)
(9, 7, 3)
(9, 8, 3)
(9, 9, 3)
(9, 10, 3)
(9, 11, 2)
(9, 12, 2)
(9, 13, 2)
(9, 14, 2)
(9, 15, 2)
(9, 16, 2)
(9, 17, 2)
(9, 18, 2)
(9, 19, 2)
(9, 20, 2)
(9, 21, 2)
(9, 22, 2)
(9, 23, 2)
(9, 24, 2)
(9, 25, 2)
(9, 26, 2)
(9, 27, 2)
(9, 28, 2)
(9, 29, 2)
(9, 30, 2)
(9, 31, 2)
(9, 32, 2)
(9, 33, 2)
(9, 34, 2)
(9, 35, 2)
(9, 36, 2)
(9, 37, 2)
(9, 38, 2)
(9, 39, 2)

(10, 0, 7)
(10, 1, 5)
(10, 2, 5)
(10, 3, 5)
(10, 4, 4)
(10, 5, 3)
(10, 6, 3)
(10, 7, 3)
(10, 8, 3)
(10, 9, 3)
(10, 10, 3)
(10, 11, 2)
(10, 12, 2)
(10, 13, 2)
(10, 14, 2)
(10, 15, 2)
(10, 16, 2)
(10, 17, 2)
(10, 18, 2)
(10, 19, 2)
(10, 20, 2)
(10, 21, 2)
(10, 22, 2)
(10, 23, 2)
(10, 24, 2)
(10, 25, 2)
(10, 26, 2)
(10, 27, 2)
(10, 28, 2)
(10, 29, 2)
(10, 30, 2)
(10, 31, 2)
(10, 32, 2)
(10, 33, 2)
(10, 34, 2)
(10, 35, 2)
(10, 36, 2)
(10, 37, 2)
(10, 38, 2)
(10, 39, 2)

(11, 0, 7)
(11, 1, 5)
(11, 2, 5)
(11, 3, 5)
(11, 4, 4)
(11, 5, 3)
(11, 6, 3)
(11, 7, 3)
(11, 8, 3)
(11, 9, 3)
(11, 10, 3)
(11, 11, 2)
(11, 12, 2)
(11, 13, 2)
(11, 14, 2)
(11, 15, 2)
(11, 16, 2)
(11, 17, 2)
(11, 18, 2)
(11, 19, 2)
(11, 20, 2)
(11, 21, 2)
(11, 22, 2)
(11, 23, 2)
(11, 24, 2)
(11, 25, 2)
(11, 26, 2)
(11, 27, 2)
(11, 28, 2)
(11, 29, 2)
(11, 30, 2)
(11, 31, 2)
(11, 32, 2)
(11, 33, 2)
(11, 34, 2)
(11, 35, 2)
(11, 36, 2)
(11, 37, 2)
(11, 38, 2)
(11, 39, 2)

(12, 0, 8)
(12, 1, 6)
(12, 2, 6)
(12, 3, 6)
(12, 4, 5)
(12, 5, 4)
(12, 6, 4)
(12, 7, 4)
(12, 8, 4)
(12, 9, 4)
(12, 10, 4)
(12, 11, 3)
(12, 12, 3)
(12, 13, 3)
(12, 14, 3)
(12, 15, 3)
(12, 16, 3)
(12, 17, 3)
(12, 18, 3)
(12, 19, 3)
(12, 20, 3)
(12, 21, 3)
(12, 22, 3)
(12, 23, 3)
(12, 24, 3)
(12, 25, 3)
(12, 26, 3)
(12, 27, 3)
(12, 28, 3)
(12, 29, 3)
(12, 30, 3)
(12, 31, 3)
(12, 32, 3)
(12, 33, 3)
(12, 34, 3)
(12, 35, 3)
(12, 36, 3)
(12, 37, 3)
(12, 38, 3)
(12, 39, 3)

(13, 0, 10)
(13, 1, 8)
(13, 2, 8)
(13, 3, 8)
(13, 4, 7)
(13, 5, 6)
(13, 6, 6)
(13, 7, 6)
(13, 8, 6)
(13, 9, 6)
(13, 10, 6)
(13, 11, 5)
(13, 12, 5)
(13, 13, 5)
(13, 14, 5)
(13, 15, 5)
(13, 16, 5)
(13, 17, 5)
(13, 18, 4)
(13, 19, 4)
(13, 20, 4)
(13, 21, 4)
(13, 22, 4)
(13, 23, 4)
(13, 24, 4)
(13, 25, 4)
(13, 26, 4)
(13, 27, 4)
(13, 28, 4)
(13, 29, 4)
(13, 30, 4)
(13, 31, 4)
(13, 32, 4)
(13, 33, 4)
(13, 34, 4)
(13, 35, 4)
(13, 36, 4)
(13, 37, 4)
(13, 38, 4)
(13, 39, 4)

(14, 0, 13)
(14, 1, 10)
(14, 2, 9)
(14, 3, 9)
(14, 4, 8)
(14, 5, 7)
(14, 6, 7)
(14, 7, 7)
(14, 8, 7)
(14, 9, 7)
(14, 10, 7)
(14, 11, 6)
(14, 12, 6)
(14, 13, 6)
(14, 14, 6)
(14, 15, 6)
(14, 16, 6)
(14, 17, 6)
(14, 18, 5)
(14, 19, 5)
(14, 20, 5)
(14, 21, 5)
(14, 22, 5)
(14, 23, 5)
(14, 24, 5)
(14, 25, 5)
(14, 26, 5)
(14, 27, 5)
(14, 28, 5)
(14, 29, 5)
(14, 30, 5)
(14, 31, 5)
(14, 32, 5)
(14, 33, 5)
(14, 34, 5)
(14, 35, 5)
(14, 36, 5)
(14, 37, 5)
(14, 38, 5)
(14, 39, 5)

(15, 0, 16)
(15, 1, 13)
(15, 2, 12)
(15, 3, 11)
(15, 4, 9)
(15, 5, 8)
(15, 6, 7)
(15, 7, 7)
(15, 8, 7)
(15, 9, 7)
(15, 10, 7)
(15, 11, 6)
(15, 12, 6)
(15, 13, 6)
(15, 14, 6)
(15, 15, 6)
(15, 16, 6)
(15, 17, 6)
(15, 18, 5)
(15, 19, 5)
(15, 20, 5)
(15, 21, 5)
(15, 22, 5)
(15, 23, 5)
(15, 24, 5)
(15, 25, 5)
(15, 26, 5)
(15, 27, 5)
(15, 28, 5)
(15, 29, 5)
(15, 30, 5)
(15, 31, 5)
(15, 32, 5)
(15, 33, 5)
(15, 34, 5)
(15, 35, 5)
(15, 36, 5)
(15, 37, 5)
(15, 38, 5)
(15, 39, 5)

(16, 0, 18)
(16, 1, 15)
(16, 2, 14)
(16, 3, 13)
(16, 4, 11)
(16, 5, 9)
(16, 6, 8)
(16, 7, 8)
(16, 8, 8)
(16, 9, 8)
(16, 10, 8)
(16, 11, 7)
(16, 12, 7)
(16, 13, 7)
(16, 14, 7)
(16, 15, 7)
(16, 16, 7)
(16, 17, 7)
(16, 18, 6)
(16, 19, 6)
(16, 20, 6)
(16, 21, 6)
(16, 22, 6)
(16, 23, 6)
(16, 24, 6)
(16, 25, 5)
(16, 26, 5)
(16, 27, 5)
(16, 28, 5)
(16, 29, 5)
(16, 30, 5)
(16, 31, 5)
(16, 32, 5)
(16, 33, 5)
(16, 34, 5)
(16, 35, 5)
(16, 36, 5)
(16, 37, 5)
(16, 38, 5)
(16, 39, 5)

(17, 0, 20)
(17, 1, 16)
(17, 2, 15)
(17, 3, 14)
(17, 4, 12)
(17, 5, 10)
(17, 6, 9)
(17, 7, 9)
(17, 8, 9)
(17, 9, 9)
(17, 10, 9)
(17, 11, 8)
(17, 12, 8)
(17, 13, 8)
(17, 14, 8)
(17, 15, 8)
(17, 16, 8)
(17, 17, 8)
(17, 18, 7)
(17, 19, 7)
(17, 20, 7)
(17, 21, 7)
(17, 22, 7)
(17, 23, 7)
(17, 24, 7)
(17, 25, 6)
(17, 26, 6)
(17, 27, 6)
(17, 28, 6)
(17, 29, 6)
(17, 30, 6)
(17, 31, 6)
(17, 32, 6)
(17, 33, 6)
(17, 34, 6)
(17, 35, 6)
(17, 36, 6)
(17, 37, 6)
(17, 38, 6)
(17, 39, 6)

(18, 0, 21)
(18, 1, 17)
(18, 2, 16)
(18, 3, 15)
(18, 4, 13)
(18, 5, 11)
(18, 6, 10)
(18, 7, 10)
(18, 8, 10)
(18, 9, 10)
(18, 10, 10)
(18, 11, 8)
(18, 12, 8)
(18, 13, 8)
(18, 14, 8)
(18, 15, 8)
(18, 16, 8)
(18, 17, 8)
(18, 18, 7)
(18, 19, 7)
(18, 20, 7)
(18, 21, 7)
(18, 22, 7)
(18, 23, 7)
(18, 24, 7)
(18, 25, 6)
(18, 26, 6)
(18, 27, 6)
(18, 28, 6)
(18, 29, 6)
(18, 30, 6)
(18, 31, 6)
(18, 32, 6)
(18, 33, 6)
(18, 34, 6)
(18, 35, 6)
(18, 36, 6)
(18, 37, 6)
(18, 38, 6)
(18, 39, 6)

(19, 0, 28)
(19, 1, 20)
(19, 2, 17)
(19, 3, 16)
(19, 4, 14)
(19, 5, 12)
(19, 6, 11)
(19, 7, 11)
(19, 8, 11)
(19, 9, 11)
(19, 10, 11)
(19, 11, 9)
(19, 12, 9)
(19, 13, 9)
(19, 14, 9)
(19, 15, 9)
(19, 16, 9)
(19, 17, 9)
(19, 18, 8)
(19, 19, 8)
(19, 20, 8)
(19, 21, 8)
(19, 22, 8)
(19, 23, 8)
(19, 24, 8)
(19, 25, 7)
(19, 26, 7)
(19, 27, 7)
(19, 28, 7)
(19, 29, 7)
(19, 30, 7)
(19, 31, 7)
(19, 32, 7)
(19, 33, 7)
(19, 34, 7)
(19, 35, 7)
(19, 36, 7)
(19, 37, 7)
(19, 38, 7)
(19, 39, 7)

(20, 0, 34)
(20, 1, 21)
(20, 2, 17)
(20, 3, 16)
(20, 4, 14)
(20, 5, 12)
(20, 6, 11)
(20, 7, 11)
(20, 8, 11)
(20, 9, 11)
(20, 10, 11)
(20, 11, 9)
(20, 12, 9)
(20, 13, 9)
(20, 14, 9)
(20, 15, 9)
(20, 16, 9)
(20, 17, 9)
(20, 18, 8)
(20, 19, 8)
(20, 20, 8)
(20, 21, 8)
(20, 22, 8)
(20, 23, 8)
(20, 24, 8)
(20, 25, 7)
(20, 26, 7)
(20, 27, 7)
(20, 28, 7)
(20, 29, 7)
(20, 30, 7)
(20, 31, 7)
(20, 32, 7)
(20, 33, 7)
(20, 34, 7)
(20, 35, 7)
(20, 36, 7)
(20, 37, 7)
(20, 38, 7)
(20, 39, 7)

(21, 0, 34)
(21, 1, 21)
(21, 2, 17)
(21, 3, 16)
(21, 4, 14)
(21, 5, 12)
(21, 6, 11)
(21, 7, 11)
(21, 8, 11)
(21, 9, 11)
(21, 10, 11)
(21, 11, 9)
(21, 12, 9)
(21, 13, 9)
(21, 14, 9)
(21, 15, 9)
(21, 16, 9)
(21, 17, 9)
(21, 18, 8)
(21, 19, 8)
(21, 20, 8)
(21, 21, 8)
(21, 22, 8)
(21, 23, 8)
(21, 24, 8)
(21, 25, 7)
(21, 26, 7)
(21, 27, 7)
(21, 28, 7)
(21, 29, 7)
(21, 30, 7)
(21, 31, 7)
(21, 32, 7)
(21, 33, 7)
(21, 34, 7)
(21, 35, 7)
(21, 36, 7)
(21, 37, 7)
(21, 38, 7)
(21, 39, 7)

(22, 0, 34)
(22, 1, 21)
(22, 2, 17)
(22, 3, 16)
(22, 4, 14)
(22, 5, 12)
(22, 6, 11)
(22, 7, 11)
(22, 8, 11)
(22, 9, 11)
(22, 10, 11)
(22, 11, 9)
(22, 12, 9)
(22, 13, 9)
(22, 14, 9)
(22, 15, 9)
(22, 16, 9)
(22, 17, 9)
(22, 18, 8)
(22, 19, 8)
(22, 20, 8)
(22, 21, 8)
(22, 22, 8)
(22, 23, 8)
(22, 24, 8)
(22, 25, 7)
(22, 26, 7)
(22, 27, 7)
(22, 28, 7)
(22, 29, 7)
(22, 30, 7)
(22, 31, 7)
(22, 32, 7)
(22, 33, 7)
(22, 34, 7)
(22, 35, 7)
(22, 36, 7)
(22, 37, 7)
(22, 38, 7)
(22, 39, 7)

(23, 0, 35)
(23, 1, 22)
(23, 2, 18)
(23, 3, 17)
(23, 4, 15)
(23, 5, 13)
(23, 6, 12)
(23, 7, 12)
(23, 8, 12)
(23, 9, 12)
(23, 10, 12)
(23, 11, 10)
(23, 12, 10)
(23, 13, 10)
(23, 14, 10)
(23, 15, 10)
(23, 16, 10)
(23, 17, 10)
(23, 18, 9)
(23, 19, 9)
(23, 20, 9)
(23, 21, 9)
(23, 22, 9)
(23, 23, 9)
(23, 24, 9)
(23, 25, 8)
(23, 26, 8)
(23, 27, 8)
(23, 28, 8)
(23, 29, 8)
(23, 30, 8)
(23, 31, 8)
(23, 32, 8)
(23, 33, 8)
(23, 34, 8)
(23, 35, 7)
(23, 36, 7)
(23, 37, 7)
(23, 38, 7)
(23, 39, 7)

(24, 0, 35)
(24, 1, 22)
(24, 2, 18)
(24, 3, 17)
(24, 4, 15)
(24, 5, 13)
(24, 6, 12)
(24, 7, 12)
(24, 8, 12)
(24, 9, 12)
(24, 10, 12)
(24, 11, 10)
(24, 12, 10)
(24, 13, 10)
(24, 14, 10)
(24, 15, 10)
(24, 16, 10)
(24, 17, 10)
(24, 18, 9)
(24, 19, 9)
(24, 20, 9)
(24, 21, 9)
(24, 22, 9)
(24, 23, 9)
(24, 24, 9)
(24, 25, 8)
(24, 26, 8)
(24, 27, 8)
(24, 28, 8)
(24, 29, 8)
(24, 30, 8)
(24, 31, 8)
(24, 32, 8)
(24, 33, 8)
(24, 34, 8)
(24, 35, 7)
(24, 36, 7)
(24, 37, 7)
(24, 38, 7)
(24, 39, 7)

(25, 0, 36)
(25, 1, 23)
(25, 2, 19)
(25, 3, 18)
(25, 4, 16)
(25, 5, 14)
(25, 6, 13)
(25, 7, 13)
(25, 8, 13)
(25, 9, 13)
(25, 10, 13)
(25, 11, 11)
(25, 12, 11)
(25, 13, 11)
(25, 14, 11)
(25, 15, 11)
(25, 16, 11)
(25, 17, 11)
(25, 18, 10)
(25, 19, 10)
(25, 20, 10)
(25, 21, 10)
(25, 22, 10)
(25, 23, 10)
(25, 24, 10)
(25, 25, 9)
(25, 26, 9)
(25, 27, 9)
(25, 28, 9)
(25, 29, 9)
(25, 30, 9)
(25, 31, 9)
(25, 32, 9)
(25, 33, 9)
(25, 34, 9)
(25, 35, 8)
(25, 36, 8)
(25, 37, 8)
(25, 38, 8)
(25, 39, 8)

(26, 0, 40)
(26, 1, 24)
(26, 2, 20)
(26, 3, 18)
(26, 4, 16)
(26, 5, 14)
(26, 6, 13)
(26, 7, 13)
(26, 8, 13)
(26, 9, 13)
(26, 10, 13)
(26, 11, 11)
(26, 12, 11)
(26, 13, 11)
(26, 14, 11)
(26, 15, 11)
(26, 16, 11)
(26, 17, 11)
(26, 18, 10)
(26, 19, 10)
(26, 20, 10)
(26, 21, 10)
(26, 22, 10)
(26, 23, 10)
(26, 24, 10)
(26, 25, 9)
(26, 26, 9)
(26, 27, 9)
(26, 28, 9)
(26, 29, 9)
(26, 30, 9)
(26, 31, 9)
(26, 32, 9)
(26, 33, 9)
(26, 34, 9)
(26, 35, 8)
(26, 36, 8)
(26, 37, 8)
(26, 38, 8)
(26, 39, 8)

(27, 0, 40)
(27, 1, 24)
(27, 2, 20)
(27, 3, 18)
(27, 4, 16)
(27, 5, 14)
(27, 6, 13)
(27, 7, 13)
(27, 8, 13)
(27, 9, 13)
(27, 10, 13)
(27, 11, 11)
(27, 12, 11)
(27, 13, 11)
(27, 14, 11)
(27, 15, 11)
(27, 16, 11)
(27, 17, 11)
(27, 18, 10)
(27, 19, 10)
(27, 20, 10)
(27, 21, 10)
(27, 22, 10)
(27, 23, 10)
(27, 24, 10)
(27, 25, 9)
(27, 26, 9)
(27, 27, 9)
(27, 28, 9)
(27, 29, 9)
(27, 30, 9)
(27, 31, 9)
(27, 32, 9)
(27, 33, 9)
(27, 34, 9)
(27, 35, 8)
(27, 36, 8)
(27, 37, 8)
(27, 38, 8)
(27, 39, 8)

(28, 0, 44)
(28, 1, 28)
(28, 2, 23)
(28, 3, 21)
(28, 4, 18)
(28, 5, 16)
(28, 6, 15)
(28, 7, 15)
(28, 8, 15)
(28, 9, 15)
(28, 10, 15)
(28, 11, 13)
(28, 12, 13)
(28, 13, 13)
(28, 14, 13)
(28, 15, 13)
(28, 16, 13)
(28, 17, 13)
(28, 18, 12)
(28, 19, 12)
(28, 20, 12)
(28, 21, 12)
(28, 22, 12)
(28, 23, 12)
(28, 24, 12)
(28, 25, 10)
(28, 26, 10)
(28, 27, 10)
(28, 28, 10)
(28, 29, 10)
(28, 30, 10)
(28, 31, 10)
(28, 32, 10)
(28, 33, 10)
(28, 34, 10)
(28, 35, 9)
(28, 36, 9)
(28, 37, 9)
(28, 38, 9)
(28, 39, 9)

(29, 0, 45)
(29, 1, 29)
(29, 2, 24)
(29, 3, 22)
(29, 4, 19)
(29, 5, 17)
(29, 6, 16)
(29, 7, 16)
(29, 8, 16)
(29, 9, 16)
(29, 10, 16)
(29, 11, 14)
(29, 12, 14)
(29, 13, 14)
(29, 14, 14)
(29, 15, 14)
(29, 16, 13)
(29, 17, 13)
(29, 18, 12)
(29, 19, 12)
(29, 20, 12)
(29, 21, 12)
(29, 22, 12)
(29, 23, 12)
(29, 24, 12)
(29, 25, 10)
(29, 26, 10)
(29, 27, 10)
(29, 28, 10)
(29, 29, 10)
(29, 30, 10)
(29, 31, 10)
(29, 32, 10)
(29, 33, 10)
(29, 34, 10)
(29, 35, 9)
(29, 36, 9)
(29, 37, 9)
(29, 38, 9)
(29, 39, 9)

(30, 0, 50)
(30, 1, 33)
(30, 2, 26)
(30, 3, 24)
(30, 4, 21)
(30, 5, 19)
(30, 6, 18)
(30, 7, 18)
(30, 8, 17)
(30, 9, 17)
(30, 10, 17)
(30, 11, 15)
(30, 12, 15)
(30, 13, 15)
(30, 14, 15)
(30, 15, 15)
(30, 16, 14)
(30, 17, 14)
(30, 18, 12)
(30, 19, 12)
(30, 20, 12)
(30, 21, 12)
(30, 22, 12)
(30, 23, 12)
(30, 24, 12)
(30, 25, 10)
(30, 26, 10)
(30, 27, 10)
(30, 28, 10)
(30, 29, 10)
(30, 30, 10)
(30, 31, 10)
(30, 32, 10)
(30, 33, 10)
(30, 34, 10)
(30, 35, 9)
(30, 36, 9)
(30, 37, 9)
(30, 38, 9)
(30, 39, 9)

(31, 0, 55)
(31, 1, 38)
(31, 2, 31)
(31, 3, 27)
(31, 4, 24)
(31, 5, 20)
(31, 6, 19)
(31, 7, 19)
(31, 8, 17)
(31, 9, 17)
(31, 10, 17)
(31, 11, 15)
(31, 12, 15)
(31, 13, 15)
(31, 14, 15)
(31, 15, 15)
(31, 16, 14)
(31, 17, 14)
(31, 18, 12)
(31, 19, 12)
(31, 20, 12)
(31, 21, 12)
(31, 22, 12)
(31, 23, 12)
(31, 24, 12)
(31, 25, 10)
(31, 26, 10)
(31, 27, 10)
(31, 28, 10)
(31, 29, 10)
(31, 30, 10)
(31, 31, 10)
(31, 32, 10)
(31, 33, 10)
(31, 34, 10)
(31, 35, 9)
(31, 36, 9)
(31, 37, 9)
(31, 38, 9)
(31, 39, 9)

(32, 0, 55)
(32, 1, 38)
(32, 2, 31)
(32, 3, 27)
(32, 4, 24)
(32, 5, 20)
(32, 6, 19)
(32, 7, 19)
(32, 8, 17)
(32, 9, 17)
(32, 10, 17)
(32, 11, 15)
(32, 12, 15)
(32, 13, 15)
(32, 14, 15)
(32, 15, 15)
(32, 16, 14)
(32, 17, 14)
(32, 18, 12)
(32, 19, 12)
(32, 20, 12)
(32, 21, 12)
(32, 22, 12)
(32, 23, 12)
(32, 24, 12)
(32, 25, 10)
(32, 26, 10)
(32, 27, 10)
(32, 28, 10)
(32, 29, 10)
(32, 30, 10)
(32, 31, 10)
(32, 32, 10)
(32, 33, 10)
(32, 34, 10)
(32, 35, 9)
(32, 36, 9)
(32, 37, 9)
(32, 38, 9)
(32, 39, 9)

(33, 0, 55)
(33, 1, 38)
(33, 2, 31)
(33, 3, 27)
(33, 4, 24)
(33, 5, 20)
(33, 6, 19)
(33, 7, 19)
(33, 8, 17)
(33, 9, 17)
(33, 10, 17)
(33, 11, 15)
(33, 12, 15)
(33, 13, 15)
(33, 14, 15)
(33, 15, 15)
(33, 16, 14)
(33, 17, 14)
(33, 18, 12)
(33, 19, 12)
(33, 20, 12)
(33, 21, 12)
(33, 22, 12)
(33, 23, 12)
(33, 24, 12)
(33, 25, 10)
(33, 26, 10)
(33, 27, 10)
(33, 28, 10)
(33, 29, 10)
(33, 30, 10)
(33, 31, 10)
(33, 32, 10)
(33, 33, 10)
(33, 34, 10)
(33, 35, 9)
(33, 36, 9)
(33, 37, 9)
(33, 38, 9)
(33, 39, 9)

(34, 0, 55)
(34, 1, 38)
(34, 2, 31)
(34, 3, 27)
(34, 4, 24)
(34, 5, 20)
(34, 6, 19)
(34, 7, 19)
(34, 8, 17)
(34, 9, 17)
(34, 10, 17)
(34, 11, 15)
(34, 12, 15)
(34, 13, 15)
(34, 14, 15)
(34, 15, 15)
(34, 16, 14)
(34, 17, 14)
(34, 18, 12)
(34, 19, 12)
(34, 20, 12)
(34, 21, 12)
(34, 22, 12)
(34, 23, 12)
(34, 24, 12)
(34, 25, 10)
(34, 26, 10)
(34, 27, 10)
(34, 28, 10)
(34, 29, 10)
(34, 30, 10)
(34, 31, 10)
(34, 32, 10)
(34, 33, 10)
(34, 34, 10)
(34, 35, 9)
(34, 36, 9)
(34, 37, 9)
(34, 38, 9)
(34, 39, 9)

(35, 0, 56)
(35, 1, 39)
(35, 2, 32)
(35, 3, 28)
(35, 4, 25)
(35, 5, 21)
(35, 6, 20)
(35, 7, 20)
(35, 8, 18)
(35, 9, 18)
(35, 10, 18)
(35, 11, 16)
(35, 12, 16)
(35, 13, 16)
(35, 14, 16)
(35, 15, 16)
(35, 16, 15)
(35, 17, 15)
(35, 18, 13)
(35, 19, 13)
(35, 20, 13)
(35, 21, 13)
(35, 22, 13)
(35, 23, 13)
(35, 24, 12)
(35, 25, 10)
(35, 26, 10)
(35, 27, 10)
(35, 28, 10)
(35, 29, 10)
(35, 30, 10)
(35, 31, 10)
(35, 32, 10)
(35, 33, 10)
(35, 34, 10)
(35, 35, 9)
(35, 36, 9)
(35, 37, 9)
(35, 38, 9)
(35, 39, 9)

(36, 0, 58)
(36, 1, 41)
(36, 2, 34)
(36, 3, 30)
(36, 4, 27)
(36, 5, 23)
(36, 6, 22)
(36, 7, 22)
(36, 8, 20)
(36, 9, 20)
(36, 10, 20)
(36, 11, 17)
(36, 12, 17)
(36, 13, 17)
(36, 14, 17)
(36, 15, 17)
(36, 16, 16)
(36, 17, 16)
(36, 18, 13)
(36, 19, 13)
(36, 20, 13)
(36, 21, 13)
(36, 22, 13)
(36, 23, 13)
(36, 24, 12)
(36, 25, 10)
(36, 26, 10)
(36, 27, 10)
(36, 28, 10)
(36, 29, 10)
(36, 30, 10)
(36, 31, 10)
(36, 32, 10)
(36, 33, 10)
(36, 34, 10)
(36, 35, 9)
(36, 36, 9)
(36, 37, 9)
(36, 38, 9)
(36, 39, 9)

(37, 0, 59)
(37, 1, 42)
(37, 2, 35)
(37, 3, 30)
(37, 4, 27)
(37, 5, 23)
(37, 6, 22)
(37, 7, 22)
(37, 8, 19)
(37, 9, 19)
(37, 10, 19)
(37, 11, 17)
(37, 12, 17)
(37, 13, 17)
(37, 14, 17)
(37, 15, 17)
(37, 16, 16)
(37, 17, 16)
(37, 18, 13)
(37, 19, 13)
(37, 20, 13)
(37, 21, 13)
(37, 22, 13)
(37, 23, 13)
(37, 24, 12)
(37, 25, 10)
(37, 26, 10)
(37, 27, 10)
(37, 28, 10)
(37, 29, 10)
(37, 30, 10)
(37, 31, 10)
(37, 32, 10)
(37, 33, 10)
(37, 34, 10)
(37, 35, 9)
(37, 36, 9)
(37, 37, 9)
(37, 38, 9)
(37, 39, 9)

(38, 0, 59)
(38, 1, 42)
(38, 2, 35)
(38, 3, 30)
(38, 4, 27)
(38, 5, 23)
(38, 6, 22)
(38, 7, 22)
(38, 8, 19)
(38, 9, 19)
(38, 10, 19)
(38, 11, 17)
(38, 12, 17)
(38, 13, 17)
(38, 14, 17)
(38, 15, 17)
(38, 16, 16)
(38, 17, 16)
(38, 18, 13)
(38, 19, 13)
(38, 20, 13)
(38, 21, 13)
(38, 22, 13)
(38, 23, 13)
(38, 24, 12)
(38, 25, 10)
(38, 26, 10)
(38, 27, 10)
(38, 28, 10)
(38, 29, 10)
(38, 30, 10)
(38, 31, 10)
(38, 32, 10)
(38, 33, 10)
(38, 34, 10)
(38, 35, 9)
(38, 36, 9)
(38, 37, 9)
(38, 38, 9)
(38, 39, 9)

(39, 0, 60)
(39, 1, 43)
(39, 2, 36)
(39, 3, 31)
(39, 4, 28)
(39, 5, 24)
(39, 6, 23)
(39, 7, 23)
(39, 8, 20)
(39, 9, 20)
(39, 10, 20)
(39, 11, 18)
(39, 12, 18)
(39, 13, 18)
(39, 14, 18)
(39, 15, 18)
(39, 16, 17)
(39, 17, 17)
(39, 18, 13)
(39, 19, 13)
(39, 20, 13)
(39, 21, 13)
(39, 22, 13)
(39, 23, 13)
(39, 24, 12)
(39, 25, 10)
(39, 26, 10)
(39, 27, 10)
(39, 28, 10)
(39, 29, 10)
(39, 30, 10)
(39, 31, 10)
(39, 32, 10)
(39, 33, 10)
(39, 34, 10)
(39, 35, 9)
(39, 36, 9)
(39, 37, 9)
(39, 38, 9)
(39, 39, 9)


Betti numbers:
xi_0:
(0, 0, 2)
(1, 0, 3)
(3, 0, 1)
(5, 0, 1)
(12, 0, 1)
(13, 0, 2)
(14, 0, 3)
(15, 0, 3)
(16, 0, 2)
(17, 0, 2)
(18, 0, 1)
(19, 0, 7)
(20, 0, 6)
(23, 0, 1)
(25, 0, 1)
(26, 0, 4)
(28, 0, 4)
(29, 0, 1)
(30, 0, 5)
(31, 0, 5)
(35, 0, 1)
(36, 0, 2)
(37, 0, 1)
(39, 0, 1)
xi_1:
(0, 4, 1)
(1, 1, 2)
(1, 5, 1)
(3, 11, 1)
(13, 18, 1)
(14, 1, 1)
(14, 2, 1)
(15, 3, 1)
(15, 4, 1)
(15, 6, 1)
(16, 5, 1)
(16, 25, 1)
(17, 1, 1)
(18, 11, 1)
(19, 1, 4)
(19, 2, 2)
(20, 1, 5)
(20, 2, 1)
(23, 35, 1)
(26, 1, 3)
(26, 3, 1)
(28, 2, 1)
(28, 4, 1)
(28, 25, 1)
(29, 16, 1)
(30, 1, 1)
(30, 2, 2)
(30, 8, 1)
(30, 18, 1)
(31, 3, 2)
(31, 5, 2)
(31, 8, 1)
(35, 24, 1)
(36, 11, 1)
(36, 18, 1)
(37, 3, 1)
(37, 8, 1)
(39, 18, 1)
xi_2:
(37, 11, 1)
