x-grades
-71297336649498569/20000000000000000
-34913184456082931/10000000000000000
-13671080234966631/4000000000000000
-2090138544921889/625000000000000
-65413465700167741/20000000000000000
-31971248981417517/10000000000000000
-62471530225502327/20000000000000000
-3050028124408481/1000000000000000
-59529594750836913/20000000000000000
-29029313506752103/10000000000000000
-56587659276171499/20000000000000000
-6889586442354849/2500000000000000
-10729144760301217/4000000000000000
-26087378032086689/10000000000000000
-50703788326840671/20000000000000000
-12308205147376991/5000000000000000
-47761852852175257/20000000000000000
-925817702296851/400000000000000
-44819917377509843/20000000000000000
-2709309352511071/1250000000000000
-41877981902844429/20000000000000000
-20203507082755861/10000000000000000
-7787209285635803/4000000000000000
-9366269672711577/5000000000000000
-35994110953513601/20000000000000000
-17261571608090447/10000000000000000
-33052175478848187/20000000000000000
-789530193537887/500000000000000
-30110240004182773/20000000000000000
-14319636133425033/10000000000000000
-27168304529517359/20000000000000000
-6424334198046163/5000000000000000
-4845273810970389/4000000000000000
-11377700658759619/10000000000000000
-21284433580186531/20000000000000000
-309585403794591/312500000000000
-18342498105521117/20000000000000000
-1687153036818841/2000000000000000
-15400562630855703/20000000000000000
-3482398723380749/5000000000000000

y-grades
4999753/20000000
4999753/10000000
14999259/20000000
4999753/5000000
4999753/4000000
14999259/10000000
34998271/20000000
4999753/2500000
44997777/20000000
4999753/2000000
54997283/20000000
14999259/5000000
64996789/20000000
34998271/10000000
14999259/4000000
4999753/1250000
84995801/20000000
44997777/10000000
94995307/20000000
4999753/1000000
104994813/20000000
54997283/10000000
114994319/20000000
14999259/2500000
4999753/800000
64996789/10000000
134993331/20000000
34998271/5000000
144992837/20000000
14999259/2000000
154992343/20000000
4999753/625000
164991849/20000000
84995801/10000000
34998271/4000000
44997777/5000000
184990861/20000000
94995307/10000000
194990367/20000000
4999753/500000

Dimensions > 0:
(0, 0, 8)
(0, 1, 8)
(0, 2, 8)
(0, 3, 5)
(0, 4, 4)
(0, 5, 4)
(0, 6, 4)
(0, 7, 4)
(0, 8, 4)
(0, 9, 4)
(0, 10, 4)
(0, 11, 4)
(0, 12, 4)
(0, 13, 4)
(0, 14, 4)
(0, 15, 4)
(0, 16, 4)
(0, 17, 4)
(0, 18, 4)
(0, 19, 4)
(0, 20, 4)
(0, 21, 4)
(0, 22, 4)
(0, 23, 4)
(0, 24, 4)
(0, 25, 4)
(0, 26, 4)
(0, 27, 4)
(0, 28, 3)
(0, 29, 3)
(0, 30, 3)
(0, 31, 3)
(0, 32, 3)
(0, 33, 3)
(0, 34, 3)
(0, 35, 3)
(0, 36, 3)
(0, 37, 3)
(0, 38, 3)
(0, 39, 3)

(1, 0, 17)
(1, 1, 16)
(1, 2, 16)
(1, 3, 11)
(1, 4, 8)
(1, 5, 8)
(1, 6, 8)
(1, 7, 8)
(1, 8, 8)
(1, 9, 8)
(1, 10, 8)
(1, 11, 8)
(1, 12, 8)
(1, 13, 8)
(1, 14, 8)
(1, 15, 8)
(1, 16, 8)
(1, 17, 8)
(1, 18, 8)
(1, 19, 8)
(1, 20, 6)
(1, 21, 6)
(1, 22, 6)
(1, 23, 6)
(1, 24, 6)
(1, 25, 6)
(1, 26, 6)
(1, 27, 6)
(1, 28, 4)
(1, 29, 4)
(1, 30, 4)
(1, 31, 4)
(1, 32, 4)
(1, 33, 4)
(1, 34, 4)
(1, 35, 4)
(1, 36, 4)
(1, 37, 4)
(1, 38, 4)
(1, 39, 4)

(2, 0, 36)
(2, 1, 34)
(2, 2, 29)
(2, 3, 18)
(2, 4, 12)
(2, 5, 11)
(2, 6, 10)
(2, 7, 10)
(2, 8, 10)
(2, 9, 10)
(2, 10, 10)
(2, 11, 10)
(2, 12, 10)
(2, 13, 10)
(2, 14, 10)
(2, 15, 10)
(2, 16, 10)
(2, 17, 10)
(2, 18, 10)
(2, 19, 10)
(2, 20, 8)
(2, 21, 8)
(2, 22, 8)
(2, 23, 6)
(2, 24, 6)
(2, 25, 6)
(2, 26, 6)
(2, 27, 6)
(2, 28, 4)
(2, 29, 4)
(2, 30, 4)
(2, 31, 4)
(2, 32, 4)
(2, 33, 4)
(2, 34, 4)
(2, 35, 4)
(2, 36, 4)
(2, 37, 4)
(2, 38, 4)
(2, 39, 4)

(3, 0, 47)
(3, 1, 43)
(3, 2, 37)
(3, 3, 24)
(3, 4, 17)
(3, 5, 16)
(3, 6, 14)
(3, 7, 13)
(3, 8, 13)
(3, 9, 13)
(3, 10, 13)
(3, 11, 13)
(3, 12, 13)
(3, 13, 13)
(3, 14, 13)
(3, 15, 13)
(3, 16, 13)
(3, 17, 13)
(3, 18, 13)
(3, 19, 13)
(3, 20, 10)
(3, 21, 10)
(3, 22, 10)
(3, 23, 8)
(3, 24, 8)
(3, 25, 8)
(3, 26, 8)
(3, 27, 8)
(3, 28, 6)
(3, 29, 6)
(3, 30, 6)
(3, 31, 6)
(3, 32, 5)
(3, 33, 5)
(3, 34, 5)
(3, 35, 5)
(3, 36, 5)
(3, 37, 5)
(3, 38, 5)
(3, 39, 4)

(4, 0, 78)
(4, 1, 60)
(4, 2, 49)
(4, 3, 31)
(4, 4, 23)
(4, 5, 22)
(4, 6, 19)
(4, 7, 17)
(4, 8, 17)
(4, 9, 16)
(4, 10, 15)
(4, 11, 15)
(4, 12, 15)
(4, 13, 15)
(4, 14, 15)
(4, 15, 15)
(4, 16, 15)
(4, 17, 15)
(4, 18, 15)
(4, 19, 15)
(4, 20, 11)
(4, 21, 11)
(4, 22, 10)
(4, 23, 8)
(4, 24, 8)
(4, 25, 8)
(4, 26, 8)
(4, 27, 8)
(4, 28, 6)
(4, 29, 6)
(4, 30, 6)
(4, 31, 6)
(4, 32, 5)
(4, 33, 5)
(4, 34, 5)
(4, 35, 5)
(4, 36, 5)
(4, 37, 5)
(4, 38, 5)
(4, 39, 4)

(5, 0, 101)
(5, 1, 65)
(5, 2, 53)
(5, 3, 34)
(5, 4, 26)
(5, 5, 25)
(5, 6, 22)
(5, 7, 20)
(5, 8, 18)
(5, 9, 18)
(5, 10, 17)
(5, 11, 17)
(5, 12, 17)
(5, 13, 17)
(5, 14, 17)
(5, 15, 17)
(5, 16, 17)
(5, 17, 17)
(5, 18, 17)
(5, 19, 17)
(5, 20, 12)
(5, 21, 12)
(5, 22, 11)
(5, 23, 9)
(5, 24, 9)
(5, 25, 9)
(5, 26, 9)
(5, 27, 9)
(5, 28, 7)
(5, 29, 7)
(5, 30, 7)
(5, 31, 7)
(5, 32, 6)
(5, 33, 6)
(5, 34, 6)
(5, 35, 6)
(5, 36, 6)
(5, 37, 6)
(5, 38, 6)
(5, 39, 5)

(6, 0, 108)
(6, 1, 68)
(6, 2, 56)
(6, 3, 37)
(6, 4, 28)
(6, 5, 27)
(6, 6, 24)
(6, 7, 20)
(6, 8, 18)
(6, 9, 18)
(6, 10, 17)
(6, 11, 17)
(6, 12, 17)
(6, 13, 16)
(6, 14, 16)
(6, 15, 16)
(6, 16, 16)
(6, 17, 16)
(6, 18, 16)
(6, 19, 16)
(6, 20, 12)
(6, 21, 12)
(6, 22, 11)
(6, 23, 9)
(6, 24, 9)
(6, 25, 9)
(6, 26, 9)
(6, 27, 9)
(6, 28, 7)
(6, 29, 7)
(6, 30, 7)
(6, 31, 7)
(6, 32, 6)
(6, 33, 6)
(6, 34, 6)
(6, 35, 6)
(6, 36, 6)
(6, 37, 6)
(6, 38, 6)
(6, 39, 5)

(7, 0, 114)
(7, 1, 72)
(7, 2, 58)
(7, 3, 39)
(7, 4, 29)
(7, 5, 28)
(7, 6, 25)
(7, 7, 21)
(7, 8, 19)
(7, 9, 19)
(7, 10, 18)
(7, 11, 18)
(7, 12, 18)
(7, 13, 16)
(7, 14, 16)
(7, 15, 16)
(7, 16, 16)
(7, 17, 16)
(7, 18, 16)
(7, 19, 16)
(7, 20, 12)
(7, 21, 12)
(7, 22, 11)
(7, 23, 9)
(7, 24, 9)
(7, 25, 9)
(7, 26, 9)
(7, 27, 9)
(7, 28, 7)
(7, 29, 7)
(7, 30, 7)
(7, 31, 7)
(7, 32, 6)
(7, 33, 6)
(7, 34, 6)
(7, 35, 6)
(7, 36, 6)
(7, 37, 6)
(7, 38, 6)
(7, 39, 5)

(8, 0, 120)
(8, 1, 74)
(8, 2, 59)
(8, 3, 39)
(8, 4, 29)
(8, 5, 28)
(8, 6, 25)
(8, 7, 21)
(8, 8, 19)
(8, 9, 19)
(8, 10, 18)
(8, 11, 18)
(8, 12, 18)
(8, 13, 16)
(8, 14, 16)
(8, 15, 16)
(8, 16, 16)
(8, 17, 16)
(8, 18, 16)
(8, 19, 16)
(8, 20, 12)
(8, 21, 12)
(8, 22, 11)
(8, 23, 9)
(8, 24, 9)
(8, 25, 9)
(8, 26, 9)
(8, 27, 9)
(8, 28, 7)
(8, 29, 7)
(8, 30, 7)
(8, 31, 7)
(8, 32, 6)
(8, 33, 6)
(8, 34, 6)
(8, 35, 6)
(8, 36, 6)
(8, 37, 6)
(8, 38, 6)
(8, 39, 5)

(9, 0, 120)
(9, 1, 74)
(9, 2, 59)
(9, 3, 39)
(9, 4, 29)
(9, 5, 28)
(9, 6, 25)
(9, 7, 21)
(9, 8, 19)
(9, 9, 19)
(9, 10, 18)
(9, 11, 18)
(9, 12, 18)
(9, 13, 16)
(9, 14, 16)
(9, 15, 16)
(9, 16, 16)
(9, 17, 16)
(9, 18, 16)
(9, 19, 16)
(9, 20, 12)
(9, 21, 12)
(9, 22, 11)
(9, 23, 9)
(9, 24, 9)
(9, 25, 9)
(9, 26, 9)
(9, 27, 9)
(9, 28, 7)
(9, 29, 7)
(9, 30, 7)
(9, 31, 7)
(9, 32, 6)
(9, 33, 6)
(9, 34, 6)
(9, 35, 6)
(9, 36, 6)
(9, 37, 6)
(9, 38, 6)
(9, 39, 5)

(10, 0, 143)
(10, 1, 88)
(10, 2, 70)
(10, 3, 44)
(10, 4, 33)
(10, 5, 30)
(10, 6, 27)
(10, 7, 23)
(10, 8, 21)
(10, 9, 20)
(10, 10, 19)
(10, 11, 19)
(10, 12, 19)
(10, 13, 17)
(10, 14, 17)
(10, 15, 17)
(10, 16, 17)
(10, 17, 17)
(10, 18, 17)
(10, 19, 17)
(10, 20, 13)
(10, 21, 13)
(10, 22, 12)
(10, 23, 10)
(10, 24, 10)
(10, 25, 10)
(10, 26, 10)
(10, 27, 10)
(10, 28, 8)
(10, 29, 8)
(10, 30, 8)
(10, 31, 8)
(10, 32, 7)
(10, 33, 7)
(10, 34, 7)
(10, 35, 7)
(10, 36, 7)
(10, 37, 7)
(10, 38, 7)
(10, 39, 6)

(11, 0, 153)
(11, 1, 96)
(11, 2, 76)
(11, 3, 47)
(11, 4, 36)
(11, 5, 32)
(11, 6, 29)
(11, 7, 25)
(11, 8, 23)
(11, 9, 21)
(11, 10, 20)
(11, 11, 20)
(11, 12, 20)
(11, 13, 18)
(11, 14, 18)
(11, 15, 18)
(11, 16, 18)
(11, 17, 18)
(11, 18, 18)
(11, 19, 18)
(11, 20, 14)
(11, 21, 14)
(11, 22, 13)
(11, 23, 11)
(11, 24, 11)
(11, 25, 11)
(11, 26, 11)
(11, 27, 11)
(11, 28, 9)
(11, 29, 9)
(11, 30, 9)
(11, 31, 9)
(11, 32, 8)
(11, 33, 8)
(11, 34, 7)
(11, 35, 7)
(11, 36, 7)
(11, 37, 7)
(11, 38, 7)
(11, 39, 6)

(12, 0, 158)
(12, 1, 98)
(12, 2, 78)
(12, 3, 49)
(12, 4, 38)
(12, 5, 34)
(12, 6, 30)
(12, 7, 26)
(12, 8, 24)
(12, 9, 21)
(12, 10, 20)
(12, 11, 20)
(12, 12, 20)
(12, 13, 18)
(12, 14, 18)
(12, 15, 18)
(12, 16, 18)
(12, 17, 18)
(12, 18, 18)
(12, 19, 18)
(12, 20, 14)
(12, 21, 14)
(12, 22, 13)
(12, 23, 11)
(12, 24, 11)
(12, 25, 11)
(12, 26, 11)
(12, 27, 11)
(12, 28, 9)
(12, 29, 9)
(12, 30, 9)
(12, 31, 9)
(12, 32, 8)
(12, 33, 8)
(12, 34, 7)
(12, 35, 7)
(12, 36, 7)
(12, 37, 7)
(12, 38, 7)
(12, 39, 6)

(13, 0, 158)
(13, 1, 98)
(13, 2, 78)
(13, 3, 49)
(13, 4, 38)
(13, 5, 34)
(13, 6, 30)
(13, 7, 26)
(13, 8, 24)
(13, 9, 21)
(13, 10, 20)
(13, 11, 20)
(13, 12, 20)
(13, 13, 18)
(13, 14, 18)
(13, 15, 18)
(13, 16, 18)
(13, 17, 18)
(13, 18, 18)
(13, 19, 18)
(13, 20, 14)
(13, 21, 14)
(13, 22, 13)
(13, 23, 11)
(13, 24, 11)
(13, 25, 11)
(13, 26, 11)
(13, 27, 11)
(13, 28, 9)
(13, 29, 9)
(13, 30, 9)
(13, 31, 9)
(13, 32, 8)
(13, 33, 8)
(13, 34, 7)
(13, 35, 7)
(13, 36, 7)
(13, 37, 7)
(13, 38, 7)
(13, 39, 6)

(14, 0, 158)
(14, 1, 98)
(14, 2, 78)
(14, 3, 49)
(14, 4, 38)
(14, 5, 34)
(14, 6, 30)
(14, 7, 26)
(14, 8, 24)
(14, 9, 21)
(14, 10, 20)
(14, 11, 20)
(14, 12, 20)
(14, 13, 18)
(14, 14, 18)
(14, 15, 18)
(14, 16, 18)
(14, 17, 18)
(14, 18, 18)
(14, 19, 18)
(14, 20, 14)
(14, 21, 14)
(14, 22, 13)
(14, 23, 11)
(14, 24, 11)
(14, 25, 11)
(14, 26, 11)
(14, 27, 11)
(14, 28, 9)
(14, 29, 9)
(14, 30, 9)
(14, 31, 9)
(14, 32, 8)
(14, 33, 8)
(14, 34, 7)
(14, 35, 7)
(14, 36, 7)
(14, 37, 7)
(14, 38, 7)
(14, 39, 6)

(15, 0, 158)
(15, 1, 98)
(15, 2, 78)
(15, 3, 49)
(15, 4, 38)
(15, 5, 34)
(15, 6, 30)
(15, 7, 26)
(15, 8, 24)
(15, 9, 21)
(15, 10, 20)
(15, 11, 20)
(15, 12, 20)
(15, 13, 18)
(15, 14, 18)
(15, 15, 18)
(15, 16, 18)
(15, 17, 18)
(15, 18, 18)
(15, 19, 18)
(15, 20, 14)
(15, 21, 14)
(15, 22, 13)
(15, 23, 11)
(15, 24, 11)
(15, 25, 11)
(15, 26, 11)
(15, 27, 11)
(15, 28, 9)
(15, 29, 9)
(15, 30, 9)
(15, 31, 9)
(15, 32, 8)
(15, 33, 8)
(15, 34, 7)
(15, 35, 7)
(15, 36, 7)
(15, 37, 7)
(15, 38, 7)
(15, 39, 6)

(16, 0, 158)
(16, 1, 98)
(16, 2, 78)
(16, 3, 49)
(16, 4, 38)
(16, 5, 34)
(16, 6, 30)
(16, 7, 26)
(16, 8, 24)
(16, 9, 21)
(16, 10, 20)
(16, 11, 20)
(16, 12, 20)
(16, 13, 18)
(16, 14, 18)
(16, 15, 18)
(16, 16, 18)
(16, 17, 18)
(16, 18, 18)
(16, 19, 18)
(16, 20, 14)
(16, 21, 14)
(16, 22, 13)
(16, 23, 11)
(16, 24, 11)
(16, 25, 11)
(16, 26, 11)
(16, 27, 11)
(16, 28, 9)
(16, 29, 9)
(16, 30, 9)
(16, 31, 9)
(16, 32, 8)
(16, 33, 8)
(16, 34, 7)
(16, 35, 7)
(16, 36, 7)
(16, 37, 7)
(16, 38, 7)
(16, 39, 6)

(17, 0, 158)
(17, 1, 98)
(17, 2, 78)
(17, 3, 49)
(17, 4, 38)
(17, 5, 34)
(17, 6, 30)
(17, 7, 26)
(17, 8, 24)
(17, 9, 21)
(17, 10, 20)
(17, 11, 20)
(17, 12, 20)
(17, 13, 18)
(17, 14, 18)
(17, 15, 18)
(17, 16, 18)
(17, 17, 18)
(17, 18, 18)
(17, 19, 18)
(17, 20, 14)
(17, 21, 14)
(17, 22, 13)
(17, 23, 11)
(17, 24, 11)
(17, 25, 11)
(17, 26, 11)
(17, 27, 11)
(17, 28, 9)
(17, 29, 9)
(17, 30, 9)
(17, 31, 9)
(17, 32, 8)
(17, 33, 8)
(17, 34, 7)
(17, 35, 7)
(17, 36, 7)
(17, 37, 7)
(17, 38, 7)
(17, 39, 6)

(18, 0, 158)
(18, 1, 98)
(18, 2, 78)
(18, 3, 49)
(18, 4, 38)
(18, 5, 34)
(18, 6, 30)
(18, 7, 26)
(18, 8, 24)
(18, 9, 21)
(18, 10, 20)
(18, 11, 20)
(18, 12, 20)
(18, 13, 18)
(18, 14, 18)
(18, 15, 18)
(18, 16, 18)
(18, 17, 18)
(18, 18, 18)
(18, 19, 18)
(18, 20, 14)
(18, 21, 14)
(18, 22, 13)
(18, 23, 11)
(18, 24, 11)
(18, 25, 11)
(18, 26, 11)
(18, 27, 11)
(18, 28, 9)
(18, 29, 9)
(18, 30, 9)
(18, 31, 9)
(18, 32, 8)
(18, 33, 8)
(18, 34, 7)
(18, 35, 7)
(18, 36, 7)
(18, 37, 7)
(18, 38, 7)
(18, 39, 6)

(19, 0, 158)
(19, 1, 98)
(19, 2, 78)
(19, 3, 49)
(19, 4, 38)
(19, 5, 34)
(19, 6, 30)
(19, 7, 26)
(19, 8, 24)
(19, 9, 21)
(19, 10, 20)
(19, 11, 20)
(19, 12, 20)
(19, 13, 18)
(19, 14, 18)
(19, 15, 18)
(19, 16, 18)
(19, 17, 18)
(19, 18, 18)
(19, 19, 18)
(19, 20, 14)
(19, 21, 14)
(19, 22, 13)
(19, 23, 11)
(19, 24, 11)
(19, 25, 11)
(19, 26, 11)
(19, 27, 11)
(19, 28, 9)
(19, 29, 9)
(19, 30, 9)
(19, 31, 9)
(19, 32, 8)
(19, 33, 8)
(19, 34, 7)
(19, 35, 7)
(19, 36, 7)
(19, 37, 7)
(19, 38, 7)
(19, 39, 6)

(20, 0, 160)
(20, 1, 99)
(20, 2, 79)
(20, 3, 50)
(20, 4, 39)
(20, 5, 35)
(20, 6, 31)
(20, 7, 27)
(20, 8, 25)
(20, 9, 22)
(20, 10, 21)
(20, 11, 21)
(20, 12, 21)
(20, 13, 19)
(20, 14, 19)
(20, 15, 19)
(20, 16, 19)
(20, 17, 19)
(20, 18, 19)
(20, 19, 19)
(20, 20, 15)
(20, 21, 15)
(20, 22, 14)
(20, 23, 12)
(20, 24, 12)
(20, 25, 12)
(20, 26, 12)
(20, 27, 12)
(20, 28, 10)
(20, 29, 10)
(20, 30, 10)
(20, 31, 10)
(20, 32, 9)
(20, 33, 9)
(20, 34, 8)
(20, 35, 8)
(20, 36, 8)
(20, 37, 8)
(20, 38, 8)
(20, 39, 7)

(21, 0, 172)
(21, 1, 105)
(21, 2, 83)
(21, 3, 53)
(21, 4, 41)
(21, 5, 37)
(21, 6, 33)
(21, 7, 29)
(21, 8, 27)
(21, 9, 23)
(21, 10, 21)
(21, 11, 21)
(21, 12, 21)
(21, 13, 19)
(21, 14, 19)
(21, 15, 19)
(21, 16, 19)
(21, 17, 19)
(21, 18, 19)
(21, 19, 19)
(21, 20, 15)
(21, 21, 15)
(21, 22, 14)
(21, 23, 12)
(21, 24, 12)
(21, 25, 12)
(21, 26, 12)
(21, 27, 12)
(21, 28, 10)
(21, 29, 10)
(21, 30, 10)
(21, 31, 10)
(21, 32, 9)
(21, 33, 9)
(21, 34, 8)
(21, 35, 8)
(21, 36, 8)
(21, 37, 8)
(21, 38, 8)
(21, 39, 7)

(22, 0, 179)
(22, 1, 109)
(22, 2, 87)
(22, 3, 57)
(22, 4, 45)
(22, 5, 40)
(22, 6, 36)
(22, 7, 32)
(22, 8, 30)
(22, 9, 26)
(22, 10, 24)
(22, 11, 24)
(22, 12, 24)
(22, 13, 22)
(22, 14, 22)
(22, 15, 22)
(22, 16, 22)
(22, 17, 22)
(22, 18, 22)
(22, 19, 22)
(22, 20, 17)
(22, 21, 17)
(22, 22, 16)
(22, 23, 14)
(22, 24, 14)
(22, 25, 14)
(22, 26, 14)
(22, 27, 14)
(22, 28, 11)
(22, 29, 11)
(22, 30, 11)
(22, 31, 11)
(22, 32, 10)
(22, 33, 10)
(22, 34, 9)
(22, 35, 9)
(22, 36, 9)
(22, 37, 9)
(22, 38, 9)
(22, 39, 8)

(23, 0, 202)
(23, 1, 123)
(23, 2, 98)
(23, 3, 64)
(23, 4, 49)
(23, 5, 42)
(23, 6, 38)
(23, 7, 33)
(23, 8, 31)
(23, 9, 27)
(23, 10, 25)
(23, 11, 25)
(23, 12, 24)
(23, 13, 22)
(23, 14, 22)
(23, 15, 22)
(23, 16, 21)
(23, 17, 21)
(23, 18, 21)
(23, 19, 20)
(23, 20, 16)
(23, 21, 16)
(23, 22, 15)
(23, 23, 13)
(23, 24, 13)
(23, 25, 13)
(23, 26, 13)
(23, 27, 13)
(23, 28, 11)
(23, 29, 11)
(23, 30, 11)
(23, 31, 11)
(23, 32, 10)
(23, 33, 10)
(23, 34, 9)
(23, 35, 9)
(23, 36, 9)
(23, 37, 9)
(23, 38, 9)
(23, 39, 8)

(24, 0, 204)
(24, 1, 125)
(24, 2, 100)
(24, 3, 66)
(24, 4, 51)
(24, 5, 43)
(24, 6, 38)
(24, 7, 34)
(24, 8, 32)
(24, 9, 28)
(24, 10, 26)
(24, 11, 26)
(24, 12, 25)
(24, 13, 23)
(24, 14, 23)
(24, 15, 23)
(24, 16, 22)
(24, 17, 22)
(24, 18, 22)
(24, 19, 21)
(24, 20, 17)
(24, 21, 17)
(24, 22, 16)
(24, 23, 14)
(24, 24, 14)
(24, 25, 14)
(24, 26, 14)
(24, 27, 14)
(24, 28, 12)
(24, 29, 12)
(24, 30, 12)
(24, 31, 12)
(24, 32, 11)
(24, 33, 11)
(24, 34, 10)
(24, 35, 10)
(24, 36, 10)
(24, 37, 10)
(24, 38, 10)
(24, 39, 9)

(25, 0, 232)
(25, 1, 145)
(25, 2, 118)
(25, 3, 75)
(25, 4, 58)
(25, 5, 50)
(25, 6, 44)
(25, 7, 40)
(25, 8, 37)
(25, 9, 31)
(25, 10, 29)
(25, 11, 29)
(25, 12, 28)
(25, 13, 26)
(25, 14, 26)
(25, 15, 25)
(25, 16, 24)
(25, 17, 24)
(25, 18, 24)
(25, 19, 22)
(25, 20, 18)
(25, 21, 18)
(25, 22, 17)
(25, 23, 15)
(25, 24, 15)
(25, 25, 15)
(25, 26, 15)
(25, 27, 15)
(25, 28, 12)
(25, 29, 12)
(25, 30, 12)
(25, 31, 12)
(25, 32, 11)
(25, 33, 11)
(25, 34, 10)
(25, 35, 10)
(25, 36, 10)
(25, 37, 10)
(25, 38, 10)
(25, 39, 9)

(26, 0, 234)
(26, 1, 147)
(26, 2, 120)
(26, 3, 76)
(26, 4, 59)
(26, 5, 51)
(26, 6, 45)
(26, 7, 41)
(26, 8, 38)
(26, 9, 32)
(26, 10, 30)
(26, 11, 30)
(26, 12, 29)
(26, 13, 27)
(26, 14, 27)
(26, 15, 26)
(26, 16, 25)
(26, 17, 25)
(26, 18, 25)
(26, 19, 23)
(26, 20, 18)
(26, 21, 18)
(26, 22, 17)
(26, 23, 15)
(26, 24, 15)
(26, 25, 15)
(26, 26, 15)
(26, 27, 15)
(26, 28, 12)
(26, 29, 12)
(26, 30, 12)
(26, 31, 12)
(26, 32, 11)
(26, 33, 11)
(26, 34, 10)
(26, 35, 10)
(26, 36, 10)
(26, 37, 10)
(26, 38, 10)
(26, 39, 9)

(27, 0, 253)
(27, 1, 165)
(27, 2, 138)
(27, 3, 85)
(27, 4, 66)
(27, 5, 58)
(27, 6, 51)
(27, 7, 47)
(27, 8, 44)
(27, 9, 38)
(27, 10, 36)
(27, 11, 36)
(27, 12, 35)
(27, 13, 33)
(27, 14, 33)
(27, 15, 31)
(27, 16, 29)
(27, 17, 29)
(27, 18, 29)
(27, 19, 27)
(27, 20, 20)
(27, 21, 20)
(27, 22, 19)
(27, 23, 17)
(27, 24, 17)
(27, 25, 17)
(27, 26, 17)
(27, 27, 17)
(27, 28, 13)
(27, 29, 13)
(27, 30, 13)
(27, 31, 13)
(27, 32, 12)
(27, 33, 12)
(27, 34, 11)
(27, 35, 11)
(27, 36, 11)
(27, 37, 11)
(27, 38, 11)
(27, 39, 10)

(28, 0, 256)
(28, 1, 167)
(28, 2, 139)
(28, 3, 86)
(28, 4, 66)
(28, 5, 58)
(28, 6, 51)
(28, 7, 47)
(28, 8, 44)
(28, 9, 38)
(28, 10, 36)
(28, 11, 36)
(28, 12, 35)
(28, 13, 33)
(28, 14, 33)
(28, 15, 31)
(28, 16, 29)
(28, 17, 29)
(28, 18, 29)
(28, 19, 27)
(28, 20, 20)
(28, 21, 20)
(28, 22, 19)
(28, 23, 17)
(28, 24, 17)
(28, 25, 17)
(28, 26, 17)
(28, 27, 17)
(28, 28, 13)
(28, 29, 13)
(28, 30, 13)
(28, 31, 13)
(28, 32, 12)
(28, 33, 12)
(28, 34, 11)
(28, 35, 11)
(28, 36, 11)
(28, 37, 11)
(28, 38, 11)
(28, 39, 10)

(29, 0, 257)
(29, 1, 168)
(29, 2, 140)
(29, 3, 87)
(29, 4, 67)
(29, 5, 59)
(29, 6, 52)
(29, 7, 48)
(29, 8, 45)
(29, 9, 39)
(29, 10, 37)
(29, 11, 37)
(29, 12, 36)
(29, 13, 34)
(29, 14, 34)
(29, 15, 32)
(29, 16, 30)
(29, 17, 30)
(29, 18, 30)
(29, 19, 28)
(29, 20, 20)
(29, 21, 20)
(29, 22, 19)
(29, 23, 17)
(29, 24, 17)
(29, 25, 17)
(29, 26, 17)
(29, 27, 17)
(29, 28, 13)
(29, 29, 13)
(29, 30, 13)
(29, 31, 13)
(29, 32, 12)
(29, 33, 12)
(29, 34, 11)
(29, 35, 11)
(29, 36, 11)
(29, 37, 11)
(29, 38, 11)
(29, 39, 10)

(30, 0, 257)
(30, 1, 168)
(30, 2, 140)
(30, 3, 87)
(30, 4, 67)
(30, 5, 59)
(30, 6, 52)
(30, 7, 48)
(30, 8, 45)
(30, 9, 39)
(30, 10, 37)
(30, 11, 37)
(30, 12, 36)
(30, 13, 34)
(30, 14, 34)
(30, 15, 32)
(30, 16, 30)
(30, 17, 30)
(30, 18, 30)
(30, 19, 28)
(30, 20, 20)
(30, 21, 20)
(30, 22, 19)
(30, 23, 17)
(30, 24, 17)
(30, 25, 17)
(30, 26, 17)
(30, 27, 17)
(30, 28, 13)
(30, 29, 13)
(30, 30, 13)
(30, 31, 13)
(30, 32, 12)
(30, 33, 12)
(30, 34, 11)
(30, 35, 11)
(30, 36, 11)
(30, 37, 11)
(30, 38, 11)
(30, 39, 10)

(31, 0, 266)
(31, 1, 177)
(31, 2, 147)
(31, 3, 91)
(31, 4, 70)
(31, 5, 62)
(31, 6, 55)
(31, 7, 51)
(31, 8, 48)
(31, 9, 42)
(31, 10, 40)
(31, 11, 40)
(31, 12, 39)
(31, 13, 37)
(31, 14, 37)
(31, 15, 35)
(31, 16, 33)
(31, 17, 33)
(31, 18, 33)
(31, 19, 31)
(31, 20, 23)
(31, 21, 23)
(31, 22, 22)
(31, 23, 20)
(31, 24, 20)
(31, 25, 20)
(31, 26, 20)
(31, 27, 20)
(31, 28, 16)
(31, 29, 16)
(31, 30, 16)
(31, 31, 16)
(31, 32, 15)
(31, 33, 15)
(31, 34, 13)
(31, 35, 13)
(31, 36, 13)
(31, 37, 13)
(31, 38, 13)
(31, 39, 12)

(32, 0, 290)
(32, 1, 193)
(32, 2, 162)
(32, 3, 101)
(32, 4, 79)
(32, 5, 69)
(32, 6, 61)
(32, 7, 57)
(32, 8, 54)
(32, 9, 47)
(32, 10, 45)
(32, 11, 45)
(32, 12, 44)
(32, 13, 41)
(32, 14, 41)
(32, 15, 38)
(32, 16, 36)
(32, 17, 36)
(32, 18, 36)
(32, 19, 34)
(32, 20, 25)
(32, 21, 25)
(32, 22, 23)
(32, 23, 21)
(32, 24, 21)
(32, 25, 21)
(32, 26, 21)
(32, 27, 21)
(32, 28, 16)
(32, 29, 16)
(32, 30, 16)
(32, 31, 16)
(32, 32, 15)
(32, 33, 15)
(32, 34, 14)
(32, 35, 14)
(32, 36, 14)
(32, 37, 14)
(32, 38, 14)
(32, 39, 13)

(33, 0, 330)
(33, 1, 223)
(33, 2, 186)
(33, 3, 115)
(33, 4, 89)
(33, 5, 75)
(33, 6, 66)
(33, 7, 61)
(33, 8, 58)
(33, 9, 51)
(33, 10, 48)
(33, 11, 48)
(33, 12, 47)
(33, 13, 44)
(33, 14, 44)
(33, 15, 41)
(33, 16, 39)
(33, 17, 39)
(33, 18, 38)
(33, 19, 36)
(33, 20, 26)
(33, 21, 26)
(33, 22, 24)
(33, 23, 21)
(33, 24, 21)
(33, 25, 21)
(33, 26, 21)
(33, 27, 21)
(33, 28, 16)
(33, 29, 16)
(33, 30, 16)
(33, 31, 16)
(33, 32, 15)
(33, 33, 15)
(33, 34, 14)
(33, 35, 14)
(33, 36, 14)
(33, 37, 14)
(33, 38, 14)
(33, 39, 13)

(34, 0, 341)
(34, 1, 233)
(34, 2, 195)
(34, 3, 122)
(34, 4, 94)
(34, 5, 80)
(34, 6, 71)
(34, 7, 66)
(34, 8, 63)
(34, 9, 56)
(34, 10, 53)
(34, 11, 53)
(34, 12, 52)
(34, 13, 49)
(34, 14, 49)
(34, 15, 46)
(34, 16, 44)
(34, 17, 44)
(34, 18, 43)
(34, 19, 41)
(34, 20, 31)
(34, 21, 31)
(34, 22, 28)
(34, 23, 26)
(34, 24, 26)
(34, 25, 26)
(34, 26, 26)
(34, 27, 26)
(34, 28, 21)
(34, 29, 21)
(34, 30, 21)
(34, 31, 20)
(34, 32, 19)
(34, 33, 19)
(34, 34, 18)
(34, 35, 17)
(34, 36, 17)
(34, 37, 17)
(34, 38, 17)
(34, 39, 16)

(35, 0, 372)
(35, 1, 255)
(35, 2, 213)
(35, 3, 132)
(35, 4, 102)
(35, 5, 86)
(35, 6, 77)
(35, 7, 71)
(35, 8, 67)
(35, 9, 59)
(35, 10, 55)
(35, 11, 55)
(35, 12, 53)
(35, 13, 50)
(35, 14, 50)
(35, 15, 47)
(35, 16, 45)
(35, 17, 45)
(35, 18, 44)
(35, 19, 42)
(35, 20, 32)
(35, 21, 32)
(35, 22, 29)
(35, 23, 27)
(35, 24, 27)
(35, 25, 27)
(35, 26, 27)
(35, 27, 27)
(35, 28, 22)
(35, 29, 22)
(35, 30, 22)
(35, 31, 22)
(35, 32, 21)
(35, 33, 21)
(35, 34, 19)
(35, 35, 19)
(35, 36, 19)
(35, 37, 19)
(35, 38, 19)
(35, 39, 18)

(36, 0, 421)
(36, 1, 288)
(36, 2, 235)
(36, 3, 146)
(36, 4, 113)
(36, 5, 97)
(36, 6, 87)
(36, 7, 76)
(36, 8, 72)
(36, 9, 64)
(36, 10, 60)
(36, 11, 60)
(36, 12, 58)
(36, 13, 53)
(36, 14, 53)
(36, 15, 50)
(36, 16, 48)
(36, 17, 48)
(36, 18, 47)
(36, 19, 45)
(36, 20, 35)
(36, 21, 35)
(36, 22, 32)
(36, 23, 30)
(36, 24, 30)
(36, 25, 30)
(36, 26, 30)
(36, 27, 30)
(36, 28, 25)
(36, 29, 25)
(36, 30, 25)
(36, 31, 25)
(36, 32, 23)
(36, 33, 23)
(36, 34, 19)
(36, 35, 19)
(36, 36, 19)
(36, 37, 19)
(36, 38, 19)
(36, 39, 18)

(37, 0, 441)
(37, 1, 305)
(37, 2, 251)
(37, 3, 152)
(37, 4, 118)
(37, 5, 101)
(37, 6, 90)
(37, 7, 80)
(37, 8, 76)
(37, 9, 68)
(37, 10, 64)
(37, 11, 64)
(37, 12, 62)
(37, 13, 57)
(37, 14, 57)
(37, 15, 54)
(37, 16, 52)
(37, 17, 52)
(37, 18, 51)
(37, 19, 49)
(37, 20, 36)
(37, 21, 36)
(37, 22, 33)
(37, 23, 30)
(37, 24, 30)
(37, 25, 30)
(37, 26, 30)
(37, 27, 30)
(37, 28, 24)
(37, 29, 24)
(37, 30, 24)
(37, 31, 24)
(37, 32, 22)
(37, 33, 22)
(37, 34, 19)
(37, 35, 19)
(37, 36, 19)
(37, 37, 19)
(37, 38, 19)
(37, 39, 18)

(38, 0, 458)
(38, 1, 319)
(38, 2, 264)
(38, 3, 159)
(38, 4, 124)
(38, 5, 107)
(38, 6, 96)
(38, 7, 86)
(38, 8, 81)
(38, 9, 72)
(38, 10, 68)
(38, 11, 68)
(38, 12, 66)
(38, 13, 61)
(38, 14, 61)
(38, 15, 58)
(38, 16, 56)
(38, 17, 56)
(38, 18, 55)
(38, 19, 53)
(38, 20, 38)
(38, 21, 38)
(38, 22, 35)
(38, 23, 32)
(38, 24, 32)
(38, 25, 32)
(38, 26, 32)
(38, 27, 32)
(38, 28, 25)
(38, 29, 25)
(38, 30, 25)
(38, 31, 25)
(38, 32, 23)
(38, 33, 23)
(38, 34, 20)
(38, 35, 20)
(38, 36, 20)
(38, 37, 20)
(38, 38, 20)
(38, 39, 19)

(39, 0, 491)
(39, 1, 338)
(39, 2, 277)
(39, 3, 166)
(39, 4, 131)
(39, 5, 113)
(39, 6, 101)
(39, 7, 88)
(39, 8, 83)
(39, 9, 74)
(39, 10, 70)
(39, 11, 70)
(39, 12, 68)
(39, 13, 63)
(39, 14, 63)
(39, 15, 60)
(39, 16, 58)
(39, 17, 58)
(39, 18, 57)
(39, 19, 54)
(39, 20, 38)
(39, 21, 38)
(39, 22, 35)
(39, 23, 32)
(39, 24, 32)
(39, 25, 32)
(39, 26, 32)
(39, 27, 32)
(39, 28, 25)
(39, 29, 25)
(39, 30, 25)
(39, 31, 25)
(39, 32, 23)
(39, 33, 23)
(39, 34, 20)
(39, 35, 20)
(39, 36, 20)
(39, 37, 20)
(39, 38, 20)
(39, 39, 19)


Betti numbers:
xi_0:
(0, 0, 8)
(1, 0, 9)
(2, 0, 19)
(3, 0, 11)
(4, 0, 31)
(5, 0, 23)
(6, 0, 7)
(7, 0, 6)
(8, 0, 6)
(10, 0, 23)
(11, 0, 10)
(12, 0, 5)
(20, 0, 2)
(21, 0, 12)
(22, 0, 7)
(23, 0, 23)
(24, 0, 2)
(25, 0, 28)
(26, 0, 2)
(27, 0, 19)
(28, 0, 3)
(29, 0, 1)
(31, 0, 9)
(32, 0, 24)
(33, 0, 40)
(34, 0, 11)
(35, 0, 31)
(36, 0, 49)
(37, 0, 20)
(38, 0, 17)
(39, 0, 33)
xi_1:
(0, 3, 3)
(0, 4, 1)
(0, 28, 1)
(1, 1, 1)
(1, 3, 2)
(1, 4, 2)
(1, 20, 2)
(1, 28, 1)
(2, 1, 1)
(2, 2, 5)
(2, 3, 6)
(2, 4, 3)
(2, 5, 1)
(2, 6, 1)
(2, 23, 2)
(3, 1, 2)
(3, 2, 1)
(3, 3, 2)
(3, 4, 1)
(3, 6, 1)
(3, 7, 1)
(3, 20, 1)
(3, 32, 1)
(3, 39, 1)
(4, 1, 14)
(4, 2, 5)
(4, 3, 5)
(4, 4, 1)
(4, 6, 1)
(4, 7, 1)
(4, 9, 1)
(4, 10, 1)
(4, 20, 1)
(4, 22, 1)
(5, 1, 18)
(5, 2, 1)
(5, 3, 1)
(5, 4, 1)
(5, 8, 2)
(5, 20, 1)
(6, 1, 4)
(6, 4, 1)
(6, 7, 2)
(6, 13, 1)
(7, 1, 2)
(7, 2, 2)
(7, 4, 1)
(7, 13, 1)
(8, 1, 4)
(8, 2, 1)
(8, 3, 1)
(10, 1, 9)
(10, 2, 3)
(10, 3, 6)
(10, 4, 1)
(10, 5, 2)
(10, 9, 1)
(11, 1, 2)
(11, 2, 2)
(11, 3, 3)
(11, 5, 1)
(11, 9, 1)
(11, 34, 1)
(12, 1, 3)
(12, 6, 1)
(12, 9, 1)
(20, 1, 1)
(21, 1, 6)
(21, 2, 2)
(21, 3, 1)
(21, 4, 1)
(21, 9, 1)
(21, 10, 1)
(22, 1, 3)
(22, 5, 1)
(22, 20, 1)
(22, 28, 1)
(23, 1, 9)
(23, 2, 3)
(23, 3, 4)
(23, 4, 3)
(23, 5, 2)
(23, 7, 1)
(23, 12, 1)
(23, 16, 1)
(23, 19, 1)
(24, 5, 1)
(24, 6, 1)
(25, 1, 8)
(25, 2, 2)
(25, 3, 9)
(25, 4, 2)
(25, 6, 1)
(25, 8, 1)
(25, 9, 2)
(25, 15, 1)
(25, 19, 1)
(25, 28, 1)
(26, 3, 1)
(26, 20, 1)
(27, 1, 1)
(27, 3, 9)
(27, 4, 2)
(27, 6, 1)
(27, 15, 1)
(27, 16, 1)
(27, 20, 2)
(27, 28, 1)
(28, 1, 1)
(28, 2, 1)
(28, 4, 1)
(29, 20, 1)
(31, 2, 2)
(31, 3, 3)
(31, 4, 1)
(31, 34, 1)
(32, 1, 8)
(32, 2, 1)
(32, 3, 5)
(32, 4, 1)
(32, 5, 2)
(32, 6, 1)
(32, 9, 1)
(32, 13, 1)
(32, 15, 1)
(32, 20, 1)
(32, 22, 1)
(32, 28, 1)
(33, 1, 10)
(33, 2, 6)
(33, 3, 10)
(33, 4, 4)
(33, 5, 4)
(33, 6, 1)
(33, 7, 1)
(33, 10, 1)
(33, 18, 1)
(33, 20, 1)
(33, 23, 1)
(34, 1, 1)
(34, 2, 1)
(34, 3, 2)
(34, 4, 2)
(34, 22, 1)
(34, 31, 1)
(34, 35, 1)
(35, 1, 9)
(35, 2, 4)
(35, 3, 8)
(35, 4, 2)
(35, 5, 2)
(35, 7, 1)
(35, 8, 1)
(35, 9, 1)
(35, 10, 1)
(35, 12, 1)
(35, 34, 1)
(36, 1, 16)
(36, 2, 11)
(36, 3, 8)
(36, 4, 3)
(36, 6, 1)
(36, 7, 5)
(36, 13, 2)
(36, 32, 1)
(36, 34, 2)
(37, 1, 3)
(37, 2, 1)
(37, 3, 10)
(37, 4, 1)
(37, 5, 1)
(37, 6, 1)
(37, 20, 3)
(37, 23, 1)
(37, 28, 1)
(38, 1, 3)
(38, 2, 1)
(38, 3, 6)
(38, 4, 1)
(38, 8, 1)
(38, 9, 1)
(38, 20, 2)
(38, 28, 1)
(39, 1, 14)
(39, 2, 6)
(39, 3, 6)
(39, 5, 1)
(39, 6, 1)
(39, 7, 3)
(39, 19, 1)
(39, 20, 1)
xi_2:
(5, 4, 1)
(5, 9, 1)
(6, 20, 1)
(23, 20, 1)
(23, 28, 1)
(24, 7, 1)
(32, 34, 1)
(34, 23, 1)
(35, 31, 1)
(35, 35, 1)
(37, 7, 1)
(37, 34, 1)
