x-grades
-150868822776956003/80000000000000000
-74226061039534179/40000000000000000
-146035421381180713/80000000000000000
-35904680170823267/20000000000000000
-141202019985405423/80000000000000000
-69392659643758889/40000000000000000
-136368618589630133/80000000000000000
-16743989736467811/10000000000000000
-131535217193854843/80000000000000000
-64559258247983599/40000000000000000
-126701815798079553/80000000000000000
-31071278775047977/20000000000000000
-121868414402304263/80000000000000000
-59725856852208309/40000000000000000
-117035013006528973/80000000000000000
-7163644519290083/5000000000000000
-112201611610753683/80000000000000000
-54892455456433019/40000000000000000
-107368210214978393/80000000000000000
-26237877379272687/20000000000000000
-102534808819203103/80000000000000000
-50059054060657729/40000000000000000
-97701407423427813/80000000000000000
-11910588340692521/10000000000000000
-92868006027652523/80000000000000000
-45225652664882439/40000000000000000
-88034604631877233/80000000000000000
-21404475983497397/20000000000000000
-83201203236101943/80000000000000000
-40392251269107149/40000000000000000
-78367801840326653/80000000000000000
-2373471910701219/2500000000000000
-73534400444551363/80000000000000000
-35558849873331859/40000000000000000
-68700999048776073/80000000000000000
-16571074587722107/20000000000000000
-63867597653000783/80000000000000000
-30725448477556569/40000000000000000
-59034196257225493/80000000000000000
-7077186944917231/10000000000000000

y-grades
9999873/40000000
9999873/20000000
29999619/40000000
9999873/10000000
9999873/8000000
29999619/20000000
69999111/40000000
9999873/5000000
89998857/40000000
9999873/4000000
109998603/40000000
29999619/10000000
129998349/40000000
69999111/20000000
29999619/8000000
9999873/2500000
169997841/40000000
89998857/20000000
189997587/40000000
9999873/2000000
209997333/40000000
109998603/20000000
229997079/40000000
29999619/5000000
9999873/1600000
129998349/20000000
269996571/40000000
69999111/10000000
289996317/40000000
29999619/4000000
309996063/40000000
9999873/1250000
329995809/40000000
169997841/20000000
69999111/8000000
89998857/10000000
369995301/40000000
189997587/20000000
389995047/40000000
9999873/1000000

Dimensions > 0:
(0, 0, 14)
(0, 1, 12)
(0, 2, 10)
(0, 3, 7)
(0, 4, 5)
(0, 5, 3)
(0, 6, 2)
(0, 7, 1)
(0, 8, 1)
(0, 9, 1)
(0, 10, 1)
(0, 11, 1)
(0, 12, 1)
(0, 13, 1)
(0, 14, 1)
(0, 15, 1)
(0, 16, 1)
(0, 17, 1)
(0, 18, 1)
(0, 19, 1)
(0, 20, 1)
(0, 21, 1)
(0, 22, 1)
(0, 23, 1)
(0, 24, 1)
(0, 25, 1)
(0, 26, 1)
(0, 27, 1)
(0, 28, 1)
(0, 29, 1)
(0, 30, 1)
(0, 31, 1)
(0, 32, 1)
(0, 33, 1)
(0, 34, 1)
(0, 35, 1)
(0, 36, 1)
(0, 37, 1)
(0, 38, 1)
(0, 39, 1)

(1, 0, 18)
(1, 1, 16)
(1, 2, 12)
(1, 3, 9)
(1, 4, 5)
(1, 5, 4)
(1, 6, 3)
(1, 7, 2)
(1, 8, 2)
(1, 9, 2)
(1, 10, 2)
(1, 11, 2)
(1, 12, 2)
(1, 13, 2)
(1, 14, 2)
(1, 15, 2)
(1, 16, 1)
(1, 17, 1)
(1, 18, 1)
(1, 19, 1)
(1, 20, 1)
(1, 21, 1)
(1, 22, 1)
(1, 23, 1)
(1, 24, 1)
(1, 25, 1)
(1, 26, 1)
(1, 27, 1)
(1, 28, 1)
(1, 29, 1)
(1, 30, 1)
(1, 31, 1)
(1, 32, 1)
(1, 33, 1)
(1, 34, 1)
(1, 35, 1)
(1, 36, 1)
(1, 37, 1)
(1, 38, 1)
(1, 39, 1)

(2, 0, 19)
(2, 1, 17)
(2, 2, 13)
(2, 3, 10)
(2, 4, 6)
(2, 5, 5)
(2, 6, 4)
(2, 7, 3)
(2, 8, 3)
(2, 9, 3)
(2, 10, 2)
(2, 11, 2)
(2, 12, 2)
(2, 13, 2)
(2, 14, 2)
(2, 15, 2)
(2, 16, 1)
(2, 17, 1)
(2, 18, 1)
(2, 19, 1)
(2, 20, 1)
(2, 21, 1)
(2, 22, 1)
(2, 23, 1)
(2, 24, 1)
(2, 25, 1)
(2, 26, 1)
(2, 27, 1)
(2, 28, 1)
(2, 29, 1)
(2, 30, 1)
(2, 31, 1)
(2, 32, 1)
(2, 33, 1)
(2, 34, 1)
(2, 35, 1)
(2, 36, 1)
(2, 37, 1)
(2, 38, 1)
(2, 39, 1)

(3, 0, 19)
(3, 1, 17)
(3, 2, 13)
(3, 3, 10)
(3, 4, 6)
(3, 5, 5)
(3, 6, 4)
(3, 7, 3)
(3, 8, 3)
(3, 9, 3)
(3, 10, 2)
(3, 11, 2)
(3, 12, 2)
(3, 13, 2)
(3, 14, 2)
(3, 15, 2)
(3, 16, 1)
(3, 17, 1)
(3, 18, 1)
(3, 19, 1)
(3, 20, 1)
(3, 21, 1)
(3, 22, 1)
(3, 23, 1)
(3, 24, 1)
(3, 25, 1)
(3, 26, 1)
(3, 27, 1)
(3, 28, 1)
(3, 29, 1)
(3, 30, 1)
(3, 31, 1)
(3, 32, 1)
(3, 33, 1)
(3, 34, 1)
(3, 35, 1)
(3, 36, 1)
(3, 37, 1)
(3, 38, 1)
(3, 39, 1)

(4, 0, 19)
(4, 1, 17)
(4, 2, 13)
(4, 3, 10)
(4, 4, 6)
(4, 5, 5)
(4, 6, 4)
(4, 7, 3)
(4, 8, 3)
(4, 9, 3)
(4, 10, 2)
(4, 11, 2)
(4, 12, 2)
(4, 13, 2)
(4, 14, 2)
(4, 15, 2)
(4, 16, 1)
(4, 17, 1)
(4, 18, 1)
(4, 19, 1)
(4, 20, 1)
(4, 21, 1)
(4, 22, 1)
(4, 23, 1)
(4, 24, 1)
(4, 25, 1)
(4, 26, 1)
(4, 27, 1)
(4, 28, 1)
(4, 29, 1)
(4, 30, 1)
(4, 31, 1)
(4, 32, 1)
(4, 33, 1)
(4, 34, 1)
(4, 35, 1)
(4, 36, 1)
(4, 37, 1)
(4, 38, 1)
(4, 39, 1)

(5, 0, 29)
(5, 1, 25)
(5, 2, 20)
(5, 3, 16)
(5, 4, 10)
(5, 5, 8)
(5, 6, 6)
(5, 7, 5)
(5, 8, 5)
(5, 9, 5)
(5, 10, 4)
(5, 11, 4)
(5, 12, 4)
(5, 13, 4)
(5, 14, 4)
(5, 15, 4)
(5, 16, 3)
(5, 17, 2)
(5, 18, 2)
(5, 19, 2)
(5, 20, 2)
(5, 21, 2)
(5, 22, 1)
(5, 23, 1)
(5, 24, 1)
(5, 25, 1)
(5, 26, 1)
(5, 27, 1)
(5, 28, 1)
(5, 29, 1)
(5, 30, 1)
(5, 31, 1)
(5, 32, 1)
(5, 33, 1)
(5, 34, 1)
(5, 35, 1)
(5, 36, 1)
(5, 37, 1)
(5, 38, 1)
(5, 39, 1)

(6, 0, 37)
(6, 1, 31)
(6, 2, 25)
(6, 3, 20)
(6, 4, 13)
(6, 5, 10)
(6, 6, 6)
(6, 7, 5)
(6, 8, 4)
(6, 9, 4)
(6, 10, 3)
(6, 11, 3)
(6, 12, 3)
(6, 13, 3)
(6, 14, 3)
(6, 15, 3)
(6, 16, 2)
(6, 17, 2)
(6, 18, 2)
(6, 19, 2)
(6, 20, 2)
(6, 21, 2)
(6, 22, 1)
(6, 23, 1)
(6, 24, 1)
(6, 25, 1)
(6, 26, 1)
(6, 27, 1)
(6, 28, 1)
(6, 29, 1)
(6, 30, 1)
(6, 31, 1)
(6, 32, 1)
(6, 33, 1)
(6, 34, 1)
(6, 35, 1)
(6, 36, 1)
(6, 37, 1)
(6, 38, 1)
(6, 39, 1)

(7, 0, 39)
(7, 1, 33)
(7, 2, 27)
(7, 3, 22)
(7, 4, 15)
(7, 5, 12)
(7, 6, 6)
(7, 7, 5)
(7, 8, 4)
(7, 9, 4)
(7, 10, 3)
(7, 11, 3)
(7, 12, 3)
(7, 13, 3)
(7, 14, 3)
(7, 15, 3)
(7, 16, 2)
(7, 17, 2)
(7, 18, 2)
(7, 19, 2)
(7, 20, 2)
(7, 21, 2)
(7, 22, 1)
(7, 23, 1)
(7, 24, 1)
(7, 25, 1)
(7, 26, 1)
(7, 27, 1)
(7, 28, 1)
(7, 29, 1)
(7, 30, 1)
(7, 31, 1)
(7, 32, 1)
(7, 33, 1)
(7, 34, 1)
(7, 35, 1)
(7, 36, 1)
(7, 37, 1)
(7, 38, 1)
(7, 39, 1)

(8, 0, 39)
(8, 1, 33)
(8, 2, 27)
(8, 3, 22)
(8, 4, 15)
(8, 5, 12)
(8, 6, 6)
(8, 7, 5)
(8, 8, 4)
(8, 9, 4)
(8, 10, 3)
(8, 11, 3)
(8, 12, 3)
(8, 13, 3)
(8, 14, 3)
(8, 15, 3)
(8, 16, 2)
(8, 17, 2)
(8, 18, 2)
(8, 19, 2)
(8, 20, 2)
(8, 21, 2)
(8, 22, 1)
(8, 23, 1)
(8, 24, 1)
(8, 25, 1)
(8, 26, 1)
(8, 27, 1)
(8, 28, 1)
(8, 29, 1)
(8, 30, 1)
(8, 31, 1)
(8, 32, 1)
(8, 33, 1)
(8, 34, 1)
(8, 35, 1)
(8, 36, 1)
(8, 37, 1)
(8, 38, 1)
(8, 39, 1)

(9, 0, 39)
(9, 1, 33)
(9, 2, 27)
(9, 3, 22)
(9, 4, 15)
(9, 5, 12)
(9, 6, 6)
(9, 7, 5)
(9, 8, 4)
(9, 9, 4)
(9, 10, 3)
(9, 11, 3)
(9, 12, 3)
(9, 13, 3)
(9, 14, 3)
(9, 15, 3)
(9, 16, 2)
(9, 17, 2)
(9, 18, 2)
(9, 19, 2)
(9, 20, 2)
(9, 21, 2)
(9, 22, 1)
(9, 23, 1)
(9, 24, 1)
(9, 25, 1)
(9, 26, 1)
(9, 27, 1)
(9, 28, 1)
(9, 29, 1)
(9, 30, 1)
(9, 31, 1)
(9, 32, 1)
(9, 33, 1)
(9, 34, 1)
(9, 35, 1)
(9, 36, 1)
(9, 37, 1)
(9, 38, 1)
(9, 39, 1)

(10, 0, 39)
(10, 1, 33)
(10, 2, 27)
(10, 3, 22)
(10, 4, 15)
(10, 5, 12)
(10, 6, 6)
(10, 7, 5)
(10, 8, 4)
(10, 9, 4)
(10, 10, 3)
(10, 11, 3)
(10, 12, 3)
(10, 13, 3)
(10, 14, 3)
(10, 15, 3)
(10, 16, 2)
(10, 17, 2)
(10, 18, 2)
(10, 19, 2)
(10, 20, 2)
(10, 21, 2)
(10, 22, 1)
(10, 23, 1)
(10, 24, 1)
(10, 25, 1)
(10, 26, 1)
(10, 27, 1)
(10, 28, 1)
(10, 29, 1)
(10, 30, 1)
(10, 31, 1)
(10, 32, 1)
(10, 33, 1)
(10, 34, 1)
(10, 35, 1)
(10, 36, 1)
(10, 37, 1)
(10, 38, 1)
(10, 39, 1)

(11, 0, 39)
(11, 1, 33)
(11, 2, 27)
(11, 3, 22)
(11, 4, 15)
(11, 5, 12)
(11, 6, 6)
(11, 7, 5)
(11, 8, 4)
(11, 9, 4)
(11, 10, 3)
(11, 11, 3)
(11, 12, 3)
(11, 13, 3)
(11, 14, 3)
(11, 15, 3)
(11, 16, 2)
(11, 17, 2)
(11, 18, 2)
(11, 19, 2)
(11, 20, 2)
(11, 21, 2)
(11, 22, 1)
(11, 23, 1)
(11, 24, 1)
(11, 25, 1)
(11, 26, 1)
(11, 27, 1)
(11, 28, 1)
(11, 29, 1)
(11, 30, 1)
(11, 31, 1)
(11, 32, 1)
(11, 33, 1)
(11, 34, 1)
(11, 35, 1)
(11, 36, 1)
(11, 37, 1)
(11, 38, 1)
(11, 39, 1)

(12, 0, 39)
(12, 1, 33)
(12, 2, 27)
(12, 3, 22)
(12, 4, 15)
(12, 5, 12)
(12, 6, 6)
(12, 7, 5)
(12, 8, 4)
(12, 9, 4)
(12, 10, 3)
(12, 11, 3)
(12, 12, 3)
(12, 13, 3)
(12, 14, 3)
(12, 15, 3)
(12, 16, 2)
(12, 17, 2)
(12, 18, 2)
(12, 19, 2)
(12, 20, 2)
(12, 21, 2)
(12, 22, 1)
(12, 23, 1)
(12, 24, 1)
(12, 25, 1)
(12, 26, 1)
(12, 27, 1)
(12, 28, 1)
(12, 29, 1)
(12, 30, 1)
(12, 31, 1)
(12, 32, 1)
(12, 33, 1)
(12, 34, 1)
(12, 35, 1)
(12, 36, 1)
(12, 37, 1)
(12, 38, 1)
(12, 39, 1)

(13, 0, 39)
(13, 1, 33)
(13, 2, 27)
(13, 3, 22)
(13, 4, 15)
(13, 5, 12)
(13, 6, 6)
(13, 7, 5)
(13, 8, 4)
(13, 9, 4)
(13, 10, 3)
(13, 11, 3)
(13, 12, 3)
(13, 13, 3)
(13, 14, 3)
(13, 15, 3)
(13, 16, 2)
(13, 17, 2)
(13, 18, 2)
(13, 19, 2)
(13, 20, 2)
(13, 21, 2)
(13, 22, 1)
(13, 23, 1)
(13, 24, 1)
(13, 25, 1)
(13, 26, 1)
(13, 27, 1)
(13, 28, 1)
(13, 29, 1)
(13, 30, 1)
(13, 31, 1)
(13, 32, 1)
(13, 33, 1)
(13, 34, 1)
(13, 35, 1)
(13, 36, 1)
(13, 37, 1)
(13, 38, 1)
(13, 39, 1)

(14, 0, 62)
(14, 1, 49)
(14, 2, 38)
(14, 3, 29)
(14, 4, 17)
(14, 5, 14)
(14, 6, 7)
(14, 7, 6)
(14, 8, 5)
(14, 9, 5)
(14, 10, 4)
(14, 11, 4)
(14, 12, 4)
(14, 13, 4)
(14, 14, 4)
(14, 15, 4)
(14, 16, 3)
(14, 17, 3)
(14, 18, 3)
(14, 19, 3)
(14, 20, 3)
(14, 21, 3)
(14, 22, 2)
(14, 23, 2)
(14, 24, 2)
(14, 25, 2)
(14, 26, 2)
(14, 27, 2)
(14, 28, 2)
(14, 29, 2)
(14, 30, 2)
(14, 31, 2)
(14, 32, 2)
(14, 33, 2)
(14, 34, 2)
(14, 35, 2)
(14, 36, 2)
(14, 37, 2)
(14, 38, 2)
(14, 39, 2)

(15, 0, 75)
(15, 1, 57)
(15, 2, 43)
(15, 3, 30)
(15, 4, 19)
(15, 5, 15)
(15, 6, 8)
(15, 7, 7)
(15, 8, 6)
(15, 9, 5)
(15, 10, 4)
(15, 11, 4)
(15, 12, 4)
(15, 13, 4)
(15, 14, 4)
(15, 15, 4)
(15, 16, 3)
(15, 17, 3)
(15, 18, 3)
(15, 19, 3)
(15, 20, 3)
(15, 21, 3)
(15, 22, 2)
(15, 23, 2)
(15, 24, 2)
(15, 25, 2)
(15, 26, 2)
(15, 27, 2)
(15, 28, 2)
(15, 29, 2)
(15, 30, 2)
(15, 31, 2)
(15, 32, 2)
(15, 33, 2)
(15, 34, 2)
(15, 35, 2)
(15, 36, 2)
(15, 37, 2)
(15, 38, 2)
(15, 39, 2)

(16, 0, 87)
(16, 1, 66)
(16, 2, 48)
(16, 3, 34)
(16, 4, 20)
(16, 5, 16)
(16, 6, 9)
(16, 7, 8)
(16, 8, 7)
(16, 9, 5)
(16, 10, 4)
(16, 11, 4)
(16, 12, 4)
(16, 13, 4)
(16, 14, 4)
(16, 15, 4)
(16, 16, 3)
(16, 17, 3)
(16, 18, 3)
(16, 19, 3)
(16, 20, 3)
(16, 21, 3)
(16, 22, 2)
(16, 23, 2)
(16, 24, 2)
(16, 25, 2)
(16, 26, 2)
(16, 27, 2)
(16, 28, 2)
(16, 29, 2)
(16, 30, 2)
(16, 31, 2)
(16, 32, 2)
(16, 33, 2)
(16, 34, 2)
(16, 35, 2)
(16, 36, 2)
(16, 37, 2)
(16, 38, 2)
(16, 39, 2)

(17, 0, 97)
(17, 1, 73)
(17, 2, 55)
(17, 3, 36)
(17, 4, 21)
(17, 5, 16)
(17, 6, 9)
(17, 7, 8)
(17, 8, 6)
(17, 9, 5)
(17, 10, 4)
(17, 11, 4)
(17, 12, 4)
(17, 13, 4)
(17, 14, 4)
(17, 15, 4)
(17, 16, 3)
(17, 17, 3)
(17, 18, 3)
(17, 19, 3)
(17, 20, 3)
(17, 21, 3)
(17, 22, 2)
(17, 23, 2)
(17, 24, 2)
(17, 25, 2)
(17, 26, 2)
(17, 27, 2)
(17, 28, 2)
(17, 29, 2)
(17, 30, 2)
(17, 31, 2)
(17, 32, 2)
(17, 33, 2)
(17, 34, 2)
(17, 35, 2)
(17, 36, 2)
(17, 37, 2)
(17, 38, 2)
(17, 39, 2)

(18, 0, 102)
(18, 1, 75)
(18, 2, 57)
(18, 3, 37)
(18, 4, 22)
(18, 5, 17)
(18, 6, 10)
(18, 7, 7)
(18, 8, 6)
(18, 9, 5)
(18, 10, 4)
(18, 11, 4)
(18, 12, 4)
(18, 13, 4)
(18, 14, 4)
(18, 15, 4)
(18, 16, 3)
(18, 17, 3)
(18, 18, 3)
(18, 19, 3)
(18, 20, 3)
(18, 21, 3)
(18, 22, 2)
(18, 23, 2)
(18, 24, 2)
(18, 25, 2)
(18, 26, 2)
(18, 27, 2)
(18, 28, 2)
(18, 29, 2)
(18, 30, 2)
(18, 31, 2)
(18, 32, 2)
(18, 33, 2)
(18, 34, 2)
(18, 35, 2)
(18, 36, 2)
(18, 37, 2)
(18, 38, 2)
(18, 39, 2)

(19, 0, 109)
(19, 1, 82)
(19, 2, 64)
(19, 3, 43)
(19, 4, 26)
(19, 5, 20)
(19, 6, 13)
(19, 7, 9)
(19, 8, 7)
(19, 9, 6)
(19, 10, 5)
(19, 11, 5)
(19, 12, 5)
(19, 13, 5)
(19, 14, 5)
(19, 15, 5)
(19, 16, 4)
(19, 17, 4)
(19, 18, 4)
(19, 19, 4)
(19, 20, 4)
(19, 21, 4)
(19, 22, 3)
(19, 23, 3)
(19, 24, 3)
(19, 25, 3)
(19, 26, 3)
(19, 27, 3)
(19, 28, 3)
(19, 29, 3)
(19, 30, 3)
(19, 31, 3)
(19, 32, 3)
(19, 33, 3)
(19, 34, 3)
(19, 35, 3)
(19, 36, 3)
(19, 37, 3)
(19, 38, 3)
(19, 39, 3)

(20, 0, 111)
(20, 1, 84)
(20, 2, 66)
(20, 3, 45)
(20, 4, 28)
(20, 5, 22)
(20, 6, 14)
(20, 7, 10)
(20, 8, 8)
(20, 9, 6)
(20, 10, 5)
(20, 11, 5)
(20, 12, 5)
(20, 13, 5)
(20, 14, 5)
(20, 15, 5)
(20, 16, 4)
(20, 17, 4)
(20, 18, 4)
(20, 19, 4)
(20, 20, 4)
(20, 21, 4)
(20, 22, 3)
(20, 23, 3)
(20, 24, 3)
(20, 25, 3)
(20, 26, 3)
(20, 27, 3)
(20, 28, 3)
(20, 29, 3)
(20, 30, 3)
(20, 31, 3)
(20, 32, 3)
(20, 33, 3)
(20, 34, 3)
(20, 35, 3)
(20, 36, 3)
(20, 37, 3)
(20, 38, 3)
(20, 39, 3)

(21, 0, 119)
(21, 1, 92)
(21, 2, 73)
(21, 3, 51)
(21, 4, 32)
(21, 5, 25)
(21, 6, 15)
(21, 7, 11)
(21, 8, 9)
(21, 9, 7)
(21, 10, 6)
(21, 11, 6)
(21, 12, 6)
(21, 13, 6)
(21, 14, 6)
(21, 15, 6)
(21, 16, 5)
(21, 17, 5)
(21, 18, 5)
(21, 19, 4)
(21, 20, 4)
(21, 21, 4)
(21, 22, 3)
(21, 23, 3)
(21, 24, 3)
(21, 25, 3)
(21, 26, 3)
(21, 27, 3)
(21, 28, 3)
(21, 29, 3)
(21, 30, 3)
(21, 31, 3)
(21, 32, 3)
(21, 33, 3)
(21, 34, 3)
(21, 35, 3)
(21, 36, 3)
(21, 37, 3)
(21, 38, 3)
(21, 39, 3)

(22, 0, 146)
(22, 1, 108)
(22, 2, 82)
(22, 3, 56)
(22, 4, 35)
(22, 5, 27)
(22, 6, 16)
(22, 7, 12)
(22, 8, 9)
(22, 9, 8)
(22, 10, 7)
(22, 11, 7)
(22, 12, 7)
(22, 13, 7)
(22, 14, 7)
(22, 15, 7)
(22, 16, 6)
(22, 17, 5)
(22, 18, 5)
(22, 19, 5)
(22, 20, 5)
(22, 21, 5)
(22, 22, 4)
(22, 23, 4)
(22, 24, 4)
(22, 25, 4)
(22, 26, 4)
(22, 27, 4)
(22, 28, 4)
(22, 29, 4)
(22, 30, 4)
(22, 31, 4)
(22, 32, 4)
(22, 33, 4)
(22, 34, 4)
(22, 35, 4)
(22, 36, 4)
(22, 37, 4)
(22, 38, 4)
(22, 39, 4)

(23, 0, 174)
(23, 1, 121)
(23, 2, 89)
(23, 3, 62)
(23, 4, 40)
(23, 5, 31)
(23, 6, 19)
(23, 7, 13)
(23, 8, 10)
(23, 9, 8)
(23, 10, 7)
(23, 11, 6)
(23, 12, 6)
(23, 13, 6)
(23, 14, 6)
(23, 15, 6)
(23, 16, 5)
(23, 17, 5)
(23, 18, 5)
(23, 19, 5)
(23, 20, 5)
(23, 21, 5)
(23, 22, 4)
(23, 23, 4)
(23, 24, 4)
(23, 25, 4)
(23, 26, 4)
(23, 27, 4)
(23, 28, 4)
(23, 29, 4)
(23, 30, 4)
(23, 31, 4)
(23, 32, 4)
(23, 33, 4)
(23, 34, 4)
(23, 35, 4)
(23, 36, 4)
(23, 37, 4)
(23, 38, 4)
(23, 39, 4)

(24, 0, 192)
(24, 1, 137)
(24, 2, 103)
(24, 3, 76)
(24, 4, 53)
(24, 5, 44)
(24, 6, 31)
(24, 7, 25)
(24, 8, 21)
(24, 9, 16)
(24, 10, 14)
(24, 11, 9)
(24, 12, 8)
(24, 13, 8)
(24, 14, 8)
(24, 15, 8)
(24, 16, 7)
(24, 17, 7)
(24, 18, 7)
(24, 19, 7)
(24, 20, 7)
(24, 21, 7)
(24, 22, 6)
(24, 23, 6)
(24, 24, 6)
(24, 25, 6)
(24, 26, 5)
(24, 27, 5)
(24, 28, 5)
(24, 29, 5)
(24, 30, 5)
(24, 31, 5)
(24, 32, 5)
(24, 33, 5)
(24, 34, 5)
(24, 35, 5)
(24, 36, 5)
(24, 37, 5)
(24, 38, 5)
(24, 39, 5)

(25, 0, 224)
(25, 1, 167)
(25, 2, 124)
(25, 3, 95)
(25, 4, 70)
(25, 5, 60)
(25, 6, 45)
(25, 7, 35)
(25, 8, 29)
(25, 9, 22)
(25, 10, 19)
(25, 11, 14)
(25, 12, 13)
(25, 13, 13)
(25, 14, 12)
(25, 15, 12)
(25, 16, 11)
(25, 17, 10)
(25, 18, 9)
(25, 19, 8)
(25, 20, 8)
(25, 21, 7)
(25, 22, 5)
(25, 23, 5)
(25, 24, 5)
(25, 25, 5)
(25, 26, 5)
(25, 27, 5)
(25, 28, 5)
(25, 29, 5)
(25, 30, 5)
(25, 31, 5)
(25, 32, 5)
(25, 33, 5)
(25, 34, 5)
(25, 35, 5)
(25, 36, 5)
(25, 37, 5)
(25, 38, 5)
(25, 39, 5)

(26, 0, 262)
(26, 1, 197)
(26, 2, 147)
(26, 3, 114)
(26, 4, 87)
(26, 5, 74)
(26, 6, 58)
(26, 7, 46)
(26, 8, 37)
(26, 9, 29)
(26, 10, 24)
(26, 11, 18)
(26, 12, 15)
(26, 13, 13)
(26, 14, 12)
(26, 15, 12)
(26, 16, 8)
(26, 17, 8)
(26, 18, 8)
(26, 19, 8)
(26, 20, 7)
(26, 21, 7)
(26, 22, 5)
(26, 23, 5)
(26, 24, 5)
(26, 25, 5)
(26, 26, 5)
(26, 27, 5)
(26, 28, 5)
(26, 29, 5)
(26, 30, 5)
(26, 31, 5)
(26, 32, 5)
(26, 33, 5)
(26, 34, 5)
(26, 35, 5)
(26, 36, 4)
(26, 37, 4)
(26, 38, 4)
(26, 39, 4)

(27, 0, 310)
(27, 1, 224)
(27, 2, 165)
(27, 3, 130)
(27, 4, 101)
(27, 5, 87)
(27, 6, 69)
(27, 7, 54)
(27, 8, 39)
(27, 9, 32)
(27, 10, 26)
(27, 11, 20)
(27, 12, 16)
(27, 13, 12)
(27, 14, 11)
(27, 15, 11)
(27, 16, 9)
(27, 17, 8)
(27, 18, 8)
(27, 19, 8)
(27, 20, 7)
(27, 21, 7)
(27, 22, 5)
(27, 23, 4)
(27, 24, 4)
(27, 25, 4)
(27, 26, 4)
(27, 27, 4)
(27, 28, 4)
(27, 29, 4)
(27, 30, 4)
(27, 31, 4)
(27, 32, 4)
(27, 33, 4)
(27, 34, 4)
(27, 35, 4)
(27, 36, 4)
(27, 37, 4)
(27, 38, 4)
(27, 39, 4)

(28, 0, 353)
(28, 1, 261)
(28, 2, 198)
(28, 3, 158)
(28, 4, 126)
(28, 5, 110)
(28, 6, 89)
(28, 7, 68)
(28, 8, 53)
(28, 9, 44)
(28, 10, 36)
(28, 11, 26)
(28, 12, 20)
(28, 13, 15)
(28, 14, 13)
(28, 15, 11)
(28, 16, 9)
(28, 17, 9)
(28, 18, 8)
(28, 19, 8)
(28, 20, 7)
(28, 21, 7)
(28, 22, 5)
(28, 23, 5)
(28, 24, 5)
(28, 25, 5)
(28, 26, 5)
(28, 27, 5)
(28, 28, 5)
(28, 29, 5)
(28, 30, 5)
(28, 31, 5)
(28, 32, 5)
(28, 33, 5)
(28, 34, 5)
(28, 35, 5)
(28, 36, 4)
(28, 37, 4)
(28, 38, 4)
(28, 39, 4)

(29, 0, 406)
(29, 1, 307)
(29, 2, 235)
(29, 3, 187)
(29, 4, 149)
(29, 5, 131)
(29, 6, 105)
(29, 7, 79)
(29, 8, 61)
(29, 9, 49)
(29, 10, 38)
(29, 11, 27)
(29, 12, 19)
(29, 13, 15)
(29, 14, 12)
(29, 15, 10)
(29, 16, 9)
(29, 17, 9)
(29, 18, 8)
(29, 19, 8)
(29, 20, 7)
(29, 21, 7)
(29, 22, 5)
(29, 23, 4)
(29, 24, 4)
(29, 25, 4)
(29, 26, 4)
(29, 27, 4)
(29, 28, 4)
(29, 29, 4)
(29, 30, 4)
(29, 31, 4)
(29, 32, 4)
(29, 33, 4)
(29, 34, 4)
(29, 35, 4)
(29, 36, 4)
(29, 37, 4)
(29, 38, 4)
(29, 39, 4)

(30, 0, 462)
(30, 1, 356)
(30, 2, 274)
(30, 3, 217)
(30, 4, 175)
(30, 5, 150)
(30, 6, 116)
(30, 7, 85)
(30, 8, 60)
(30, 9, 46)
(30, 10, 35)
(30, 11, 21)
(30, 12, 18)
(30, 13, 12)
(30, 14, 11)
(30, 15, 9)
(30, 16, 8)
(30, 17, 8)
(30, 18, 8)
(30, 19, 8)
(30, 20, 7)
(30, 21, 7)
(30, 22, 5)
(30, 23, 4)
(30, 24, 4)
(30, 25, 4)
(30, 26, 4)
(30, 27, 4)
(30, 28, 4)
(30, 29, 4)
(30, 30, 4)
(30, 31, 4)
(30, 32, 4)
(30, 33, 4)
(30, 34, 4)
(30, 35, 4)
(30, 36, 4)
(30, 37, 4)
(30, 38, 4)
(30, 39, 4)

(31, 0, 498)
(31, 1, 387)
(31, 2, 295)
(31, 3, 233)
(31, 4, 191)
(31, 5, 162)
(31, 6, 122)
(31, 7, 87)
(31, 8, 60)
(31, 9, 45)
(31, 10, 35)
(31, 11, 22)
(31, 12, 19)
(31, 13, 13)
(31, 14, 11)
(31, 15, 9)
(31, 16, 8)
(31, 17, 8)
(31, 18, 8)
(31, 19, 8)
(31, 20, 7)
(31, 21, 7)
(31, 22, 5)
(31, 23, 4)
(31, 24, 4)
(31, 25, 4)
(31, 26, 4)
(31, 27, 4)
(31, 28, 4)
(31, 29, 4)
(31, 30, 4)
(31, 31, 4)
(31, 32, 4)
(31, 33, 4)
(31, 34, 4)
(31, 35, 4)
(31, 36, 4)
(31, 37, 4)
(31, 38, 4)
(31, 39, 4)

(32, 0, 507)
(32, 1, 396)
(32, 2, 304)
(32, 3, 242)
(32, 4, 199)
(32, 5, 169)
(32, 6, 128)
(32, 7, 92)
(32, 8, 64)
(32, 9, 49)
(32, 10, 39)
(32, 11, 25)
(32, 12, 19)
(32, 13, 13)
(32, 14, 11)
(32, 15, 9)
(32, 16, 8)
(32, 17, 8)
(32, 18, 8)
(32, 19, 8)
(32, 20, 7)
(32, 21, 7)
(32, 22, 5)
(32, 23, 4)
(32, 24, 4)
(32, 25, 4)
(32, 26, 4)
(32, 27, 4)
(32, 28, 4)
(32, 29, 4)
(32, 30, 4)
(32, 31, 4)
(32, 32, 4)
(32, 33, 4)
(32, 34, 4)
(32, 35, 4)
(32, 36, 4)
(32, 37, 4)
(32, 38, 4)
(32, 39, 4)

(33, 0, 519)
(33, 1, 408)
(33, 2, 316)
(33, 3, 254)
(33, 4, 211)
(33, 5, 180)
(33, 6, 137)
(33, 7, 98)
(33, 8, 67)
(33, 9, 49)
(33, 10, 39)
(33, 11, 25)
(33, 12, 20)
(33, 13, 14)
(33, 14, 12)
(33, 15, 10)
(33, 16, 9)
(33, 17, 9)
(33, 18, 9)
(33, 19, 8)
(33, 20, 7)
(33, 21, 7)
(33, 22, 5)
(33, 23, 5)
(33, 24, 5)
(33, 25, 5)
(33, 26, 5)
(33, 27, 5)
(33, 28, 5)
(33, 29, 5)
(33, 30, 5)
(33, 31, 5)
(33, 32, 5)
(33, 33, 5)
(33, 34, 5)
(33, 35, 5)
(33, 36, 5)
(33, 37, 5)
(33, 38, 5)
(33, 39, 5)

(34, 0, 575)
(34, 1, 439)
(34, 2, 334)
(34, 3, 268)
(34, 4, 222)
(34, 5, 188)
(34, 6, 144)
(34, 7, 103)
(34, 8, 71)
(34, 9, 52)
(34, 10, 41)
(34, 11, 28)
(34, 12, 22)
(34, 13, 16)
(34, 14, 14)
(34, 15, 12)
(34, 16, 11)
(34, 17, 11)
(34, 18, 11)
(34, 19, 10)
(34, 20, 9)
(34, 21, 9)
(34, 22, 7)
(34, 23, 7)
(34, 24, 7)
(34, 25, 7)
(34, 26, 6)
(34, 27, 6)
(34, 28, 6)
(34, 29, 5)
(34, 30, 5)
(34, 31, 5)
(34, 32, 5)
(34, 33, 5)
(34, 34, 5)
(34, 35, 5)
(34, 36, 5)
(34, 37, 5)
(34, 38, 5)
(34, 39, 5)

(35, 0, 685)
(35, 1, 496)
(35, 2, 356)
(35, 3, 274)
(35, 4, 222)
(35, 5, 187)
(35, 6, 144)
(35, 7, 102)
(35, 8, 70)
(35, 9, 51)
(35, 10, 40)
(35, 11, 27)
(35, 12, 21)
(35, 13, 15)
(35, 14, 13)
(35, 15, 11)
(35, 16, 10)
(35, 17, 10)
(35, 18, 9)
(35, 19, 8)
(35, 20, 7)
(35, 21, 7)
(35, 22, 5)
(35, 23, 5)
(35, 24, 5)
(35, 25, 5)
(35, 26, 5)
(35, 27, 5)
(35, 28, 5)
(35, 29, 5)
(35, 30, 5)
(35, 31, 5)
(35, 32, 5)
(35, 33, 5)
(35, 34, 5)
(35, 35, 5)
(35, 36, 5)
(35, 37, 5)
(35, 38, 5)
(35, 39, 5)

(36, 0, 717)
(36, 1, 511)
(36, 2, 359)
(36, 3, 274)
(36, 4, 223)
(36, 5, 188)
(36, 6, 144)
(36, 7, 102)
(36, 8, 70)
(36, 9, 51)
(36, 10, 40)
(36, 11, 27)
(36, 12, 21)
(36, 13, 15)
(36, 14, 13)
(36, 15, 11)
(36, 16, 10)
(36, 17, 10)
(36, 18, 9)
(36, 19, 8)
(36, 20, 7)
(36, 21, 7)
(36, 22, 5)
(36, 23, 5)
(36, 24, 5)
(36, 25, 5)
(36, 26, 5)
(36, 27, 5)
(36, 28, 5)
(36, 29, 5)
(36, 30, 5)
(36, 31, 5)
(36, 32, 5)
(36, 33, 5)
(36, 34, 5)
(36, 35, 5)
(36, 36, 5)
(36, 37, 5)
(36, 38, 5)
(36, 39, 5)

(37, 0, 750)
(37, 1, 525)
(37, 2, 364)
(37, 3, 276)
(37, 4, 225)
(37, 5, 190)
(37, 6, 146)
(37, 7, 104)
(37, 8, 71)
(37, 9, 52)
(37, 10, 41)
(37, 11, 28)
(37, 12, 22)
(37, 13, 16)
(37, 14, 14)
(37, 15, 12)
(37, 16, 11)
(37, 17, 11)
(37, 18, 10)
(37, 19, 9)
(37, 20, 8)
(37, 21, 8)
(37, 22, 6)
(37, 23, 6)
(37, 24, 6)
(37, 25, 6)
(37, 26, 6)
(37, 27, 6)
(37, 28, 6)
(37, 29, 6)
(37, 30, 6)
(37, 31, 6)
(37, 32, 6)
(37, 33, 6)
(37, 34, 6)
(37, 35, 6)
(37, 36, 6)
(37, 37, 5)
(37, 38, 5)
(37, 39, 5)

(38, 0, 782)
(38, 1, 544)
(38, 2, 367)
(38, 3, 278)
(38, 4, 226)
(38, 5, 191)
(38, 6, 146)
(38, 7, 104)
(38, 8, 71)
(38, 9, 52)
(38, 10, 41)
(38, 11, 28)
(38, 12, 22)
(38, 13, 16)
(38, 14, 14)
(38, 15, 12)
(38, 16, 11)
(38, 17, 11)
(38, 18, 10)
(38, 19, 9)
(38, 20, 8)
(38, 21, 8)
(38, 22, 6)
(38, 23, 6)
(38, 24, 6)
(38, 25, 6)
(38, 26, 6)
(38, 27, 6)
(38, 28, 6)
(38, 29, 6)
(38, 30, 6)
(38, 31, 6)
(38, 32, 6)
(38, 33, 6)
(38, 34, 6)
(38, 35, 6)
(38, 36, 6)
(38, 37, 5)
(38, 38, 5)
(38, 39, 5)

(39, 0, 803)
(39, 1, 555)
(39, 2, 372)
(39, 3, 278)
(39, 4, 227)
(39, 5, 192)
(39, 6, 147)
(39, 7, 105)
(39, 8, 72)
(39, 9, 52)
(39, 10, 41)
(39, 11, 28)
(39, 12, 22)
(39, 13, 16)
(39, 14, 14)
(39, 15, 12)
(39, 16, 11)
(39, 17, 11)
(39, 18, 10)
(39, 19, 9)
(39, 20, 8)
(39, 21, 8)
(39, 22, 6)
(39, 23, 6)
(39, 24, 6)
(39, 25, 6)
(39, 26, 6)
(39, 27, 6)
(39, 28, 6)
(39, 29, 6)
(39, 30, 6)
(39, 31, 6)
(39, 32, 6)
(39, 33, 6)
(39, 34, 6)
(39, 35, 6)
(39, 36, 6)
(39, 37, 5)
(39, 38, 5)
(39, 39, 5)


Betti numbers:
xi_0:
(0, 0, 14)
(1, 0, 4)
(2, 0, 1)
(5, 0, 10)
(6, 0, 8)
(7, 0, 2)
(14, 0, 23)
(15, 0, 13)
(16, 0, 12)
(17, 0, 10)
(18, 0, 5)
(19, 0, 7)
(20, 0, 2)
(21, 0, 8)
(22, 0, 27)
(23, 0, 28)
(24, 0, 18)
(25, 0, 32)
(26, 0, 38)
(27, 0, 48)
(28, 0, 43)
(29, 0, 53)
(30, 0, 56)
(31, 0, 36)
(32, 0, 9)
(33, 0, 12)
(34, 0, 56)
(35, 0, 110)
(36, 0, 32)
(37, 0, 33)
(38, 0, 32)
(39, 0, 21)
xi_1:
(0, 1, 2)
(0, 2, 2)
(0, 3, 3)
(0, 4, 2)
(0, 5, 2)
(0, 6, 1)
(0, 7, 1)
(1, 2, 2)
(1, 4, 2)
(1, 16, 1)
(2, 10, 1)
(5, 1, 2)
(5, 2, 1)
(5, 3, 1)
(5, 4, 2)
(5, 5, 1)
(5, 6, 1)
(5, 17, 1)
(5, 22, 1)
(6, 1, 2)
(6, 2, 1)
(6, 3, 1)
(6, 4, 1)
(6, 5, 1)
(6, 6, 2)
(6, 8, 1)
(7, 6, 2)
(14, 1, 7)
(14, 2, 5)
(14, 3, 4)
(14, 4, 5)
(14, 6, 1)
(15, 1, 5)
(15, 2, 3)
(15, 3, 4)
(15, 5, 1)
(15, 9, 1)
(16, 1, 3)
(16, 2, 4)
(16, 3, 1)
(16, 4, 3)
(16, 9, 1)
(17, 1, 3)
(17, 3, 5)
(17, 4, 1)
(17, 5, 1)
(17, 8, 1)
(18, 1, 3)
(18, 3, 1)
(18, 7, 2)
(19, 3, 1)
(19, 4, 2)
(19, 5, 1)
(19, 7, 1)
(19, 8, 1)
(20, 6, 1)
(20, 9, 1)
(21, 2, 1)
(21, 3, 1)
(21, 4, 2)
(21, 5, 1)
(21, 6, 2)
(21, 19, 1)
(22, 1, 11)
(22, 2, 7)
(22, 3, 4)
(22, 4, 2)
(22, 5, 1)
(22, 6, 1)
(22, 8, 1)
(22, 17, 1)
(23, 1, 15)
(23, 2, 6)
(23, 3, 3)
(23, 4, 1)
(23, 5, 1)
(23, 6, 1)
(23, 7, 2)
(23, 9, 1)
(23, 11, 1)
(24, 1, 2)
(24, 2, 2)
(24, 4, 1)
(24, 6, 1)
(24, 8, 1)
(24, 9, 3)
(24, 10, 1)
(24, 11, 4)
(24, 12, 1)
(24, 26, 1)
(25, 1, 2)
(25, 2, 9)
(25, 3, 2)
(25, 4, 2)
(25, 5, 1)
(25, 6, 2)
(25, 7, 4)
(25, 8, 2)
(25, 9, 3)
(25, 10, 2)
(25, 11, 2)
(25, 14, 1)
(25, 17, 1)
(25, 18, 1)
(25, 19, 1)
(25, 21, 1)
(25, 22, 1)
(26, 1, 8)
(26, 2, 7)
(26, 3, 4)
(26, 4, 2)
(26, 5, 3)
(26, 6, 1)
(26, 7, 2)
(26, 8, 3)
(26, 9, 1)
(26, 10, 3)
(26, 11, 1)
(26, 12, 2)
(26, 13, 2)
(26, 14, 1)
(26, 16, 3)
(26, 20, 1)
(26, 36, 1)
(27, 1, 21)
(27, 2, 9)
(27, 3, 2)
(27, 4, 2)
(27, 5, 1)
(27, 6, 2)
(27, 7, 3)
(27, 8, 6)
(27, 9, 1)
(27, 10, 1)
(27, 12, 1)
(27, 13, 3)
(27, 17, 1)
(27, 23, 1)
(28, 1, 6)
(28, 2, 4)
(28, 3, 5)
(28, 4, 3)
(28, 5, 2)
(28, 6, 3)
(28, 7, 7)
(28, 8, 1)
(28, 9, 2)
(28, 10, 2)
(28, 11, 4)
(28, 12, 2)
(28, 13, 1)
(28, 14, 1)
(28, 15, 2)
(28, 16, 1)
(28, 18, 1)
(28, 36, 1)
(29, 1, 7)
(29, 2, 9)
(29, 3, 8)
(29, 4, 6)
(29, 5, 2)
(29, 6, 5)
(29, 7, 5)
(29, 8, 4)
(29, 9, 3)
(29, 10, 5)
(29, 11, 2)
(29, 12, 3)
(29, 14, 2)
(29, 18, 1)
(29, 23, 1)
(30, 1, 7)
(30, 2, 10)
(30, 3, 9)
(30, 4, 4)
(30, 5, 7)
(30, 6, 8)
(30, 7, 5)
(30, 8, 7)
(30, 9, 3)
(30, 10, 1)
(30, 11, 4)
(30, 13, 3)
(31, 1, 5)
(31, 2, 10)
(31, 3, 5)
(31, 5, 4)
(31, 6, 6)
(31, 7, 4)
(31, 8, 3)
(31, 9, 1)
(31, 11, 1)
(31, 14, 1)
(32, 4, 1)
(32, 5, 1)
(32, 6, 1)
(32, 7, 1)
(32, 8, 1)
(32, 11, 1)
(32, 12, 3)
(33, 5, 1)
(33, 6, 2)
(33, 7, 3)
(33, 8, 3)
(33, 9, 3)
(33, 19, 1)
(34, 1, 25)
(34, 2, 13)
(34, 3, 4)
(34, 4, 3)
(34, 5, 3)
(34, 6, 1)
(34, 7, 2)
(34, 8, 1)
(34, 9, 1)
(34, 10, 1)
(34, 12, 1)
(34, 26, 1)
(34, 29, 1)
(35, 1, 53)
(35, 2, 36)
(35, 3, 16)
(35, 4, 6)
(35, 5, 1)
(35, 7, 1)
(35, 18, 1)
(36, 1, 17)
(36, 2, 12)
(36, 3, 3)
(36, 6, 1)
(37, 1, 19)
(37, 2, 9)
(37, 3, 3)
(37, 8, 1)
(37, 37, 1)
(38, 1, 13)
(38, 2, 16)
(38, 3, 2)
(38, 4, 1)
(38, 6, 1)
(39, 1, 10)
(39, 2, 6)
(39, 3, 6)
(39, 9, 1)
xi_2:
(1, 5, 1)
(6, 17, 1)
(15, 4, 1)
(17, 9, 1)
(18, 8, 1)
(22, 9, 1)
(22, 19, 1)
(23, 3, 2)
(23, 17, 1)
(25, 9, 1)
(25, 10, 1)
(25, 11, 2)
(25, 26, 1)
(26, 10, 1)
(26, 14, 1)
(26, 17, 1)
(26, 18, 1)
(26, 19, 1)
(26, 21, 1)
(27, 9, 2)
(27, 13, 1)
(27, 16, 2)
(27, 36, 1)
(28, 7, 1)
(28, 8, 1)
(28, 16, 1)
(28, 17, 1)
(28, 23, 1)
(29, 8, 1)
(29, 10, 2)
(29, 11, 1)
(29, 12, 1)
(29, 13, 1)
(29, 14, 1)
(29, 16, 1)
(29, 18, 1)
(29, 36, 1)
(30, 9, 1)
(30, 10, 1)
(30, 11, 1)
(30, 12, 5)
(30, 13, 1)
(30, 14, 2)
(30, 18, 1)
(31, 8, 1)
(31, 10, 1)
(31, 11, 2)
(33, 12, 1)
(33, 23, 1)
(34, 11, 1)
(35, 2, 1)
(35, 6, 1)
(35, 26, 1)
(35, 29, 1)
(36, 4, 1)
(38, 3, 1)
(39, 3, 1)
(39, 4, 1)
