x-grades
-617566913569507809/400000000000000000
-304558239944119189/200000000000000000
-600666046206968947/400000000000000000
-148053903131424879/100000000000000000
-116753035768886017/80000000000000000
-287657372581580327/200000000000000000
-566864311481891223/400000000000000000
-17450433681269431/12500000000000000
-549963444119352361/400000000000000000
-54151301043808293/40000000000000000
-533062576756813499/400000000000000000
-131153035768886017/100000000000000000
-516161709394274637/400000000000000000
-253855637856502603/200000000000000000
-19970433681269431/16000000000000000
-61351301043808293/50000000000000000
-482359974669196913/400000000000000000
-236954770493963741/200000000000000000
-465459107306658051/400000000000000000
-22850433681269431/20000000000000000
-448558239944119189/400000000000000000
-220053903131424879/200000000000000000
-431657372581580327/400000000000000000
-26450433681269431/25000000000000000
-82951301043808293/80000000000000000
-203153035768886017/200000000000000000
-397855637856502603/400000000000000000
-97351301043808293/100000000000000000
-380954770493963741/400000000000000000
-37250433681269431/40000000000000000
-364053903131424879/400000000000000000
-44450433681269431/50000000000000000
-347153035768886017/400000000000000000
-169351301043808293/200000000000000000
-66050433681269431/80000000000000000
-80450433681269431/100000000000000000
-313351301043808293/400000000000000000
-152450433681269431/200000000000000000
-296450433681269431/400000000000000000
-18/25

y-grades
312209/1250000
312209/625000
936627/1250000
312209/312500
312209/250000
936627/625000
2185463/1250000
312209/156250
2809881/1250000
312209/125000
3434299/1250000
936627/312500
4058717/1250000
2185463/625000
936627/250000
312209/78125
5307553/1250000
2809881/625000
5931971/1250000
312209/62500
6556389/1250000
3434299/625000
7180807/1250000
936627/156250
312209/50000
4058717/625000
8429643/1250000
2185463/312500
9054061/1250000
936627/125000
9678479/1250000
624418/78125
10302897/1250000
5307553/625000
2185463/250000
2809881/312500
11551733/1250000
5931971/625000
12176151/1250000
312209/31250

Dimensions > 0:
(0, 0, 2)
(0, 1, 2)
(0, 2, 2)
(0, 3, 2)
(0, 4, 1)
(0, 5, 1)
(0, 6, 1)
(0, 7, 1)
(0, 8, 1)
(0, 9, 1)
(0, 10, 1)
(0, 11, 1)
(0, 12, 1)
(0, 13, 1)
(0, 14, 1)
(0, 15, 1)
(0, 16, 1)
(0, 17, 1)
(0, 18, 1)
(0, 19, 1)
(0, 20, 1)
(0, 21, 1)
(0, 22, 1)
(0, 23, 1)
(0, 24, 1)
(0, 25, 1)
(0, 26, 1)
(0, 27, 1)
(0, 28, 1)
(0, 29, 1)
(0, 30, 1)
(0, 31, 1)
(0, 32, 1)
(0, 33, 1)
(0, 34, 1)
(0, 35, 1)
(0, 36, 1)
(0, 37, 1)
(0, 38, 1)
(0, 39, 1)

(1, 0, 2)
(1, 1, 2)
(1, 2, 2)
(1, 3, 2)
(1, 4, 1)
(1, 5, 1)
(1, 6, 1)
(1, 7, 1)
(1, 8, 1)
(1, 9, 1)
(1, 10, 1)
(1, 11, 1)
(1, 12, 1)
(1, 13, 1)
(1, 14, 1)
(1, 15, 1)
(1, 16, 1)
(1, 17, 1)
(1, 18, 1)
(1, 19, 1)
(1, 20, 1)
(1, 21, 1)
(1, 22, 1)
(1, 23, 1)
(1, 24, 1)
(1, 25, 1)
(1, 26, 1)
(1, 27, 1)
(1, 28, 1)
(1, 29, 1)
(1, 30, 1)
(1, 31, 1)
(1, 32, 1)
(1, 33, 1)
(1, 34, 1)
(1, 35, 1)
(1, 36, 1)
(1, 37, 1)
(1, 38, 1)
(1, 39, 1)

(2, 0, 2)
(2, 1, 2)
(2, 2, 2)
(2, 3, 2)
(2, 4, 1)
(2, 5, 1)
(2, 6, 1)
(2, 7, 1)
(2, 8, 1)
(2, 9, 1)
(2, 10, 1)
(2, 11, 1)
(2, 12, 1)
(2, 13, 1)
(2, 14, 1)
(2, 15, 1)
(2, 16, 1)
(2, 17, 1)
(2, 18, 1)
(2, 19, 1)
(2, 20, 1)
(2, 21, 1)
(2, 22, 1)
(2, 23, 1)
(2, 24, 1)
(2, 25, 1)
(2, 26, 1)
(2, 27, 1)
(2, 28, 1)
(2, 29, 1)
(2, 30, 1)
(2, 31, 1)
(2, 32, 1)
(2, 33, 1)
(2, 34, 1)
(2, 35, 1)
(2, 36, 1)
(2, 37, 1)
(2, 38, 1)
(2, 39, 1)

(3, 0, 3)
(3, 1, 3)
(3, 2, 3)
(3, 3, 3)
(3, 4, 2)
(3, 5, 2)
(3, 6, 2)
(3, 7, 2)
(3, 8, 2)
(3, 9, 2)
(3, 10, 2)
(3, 11, 2)
(3, 12, 2)
(3, 13, 2)
(3, 14, 2)
(3, 15, 2)
(3, 16, 2)
(3, 17, 2)
(3, 18, 2)
(3, 19, 2)
(3, 20, 2)
(3, 21, 2)
(3, 22, 2)
(3, 23, 2)
(3, 24, 2)
(3, 25, 2)
(3, 26, 2)
(3, 27, 2)
(3, 28, 2)
(3, 29, 2)
(3, 30, 2)
(3, 31, 2)
(3, 32, 2)
(3, 33, 2)
(3, 34, 2)
(3, 35, 2)
(3, 36, 2)
(3, 37, 2)
(3, 38, 2)
(3, 39, 2)

(4, 0, 4)
(4, 1, 4)
(4, 2, 4)
(4, 3, 4)
(4, 4, 2)
(4, 5, 2)
(4, 6, 2)
(4, 7, 2)
(4, 8, 2)
(4, 9, 2)
(4, 10, 2)
(4, 11, 2)
(4, 12, 2)
(4, 13, 2)
(4, 14, 2)
(4, 15, 2)
(4, 16, 2)
(4, 17, 2)
(4, 18, 2)
(4, 19, 2)
(4, 20, 2)
(4, 21, 2)
(4, 22, 2)
(4, 23, 2)
(4, 24, 2)
(4, 25, 2)
(4, 26, 2)
(4, 27, 2)
(4, 28, 2)
(4, 29, 2)
(4, 30, 2)
(4, 31, 2)
(4, 32, 2)
(4, 33, 2)
(4, 34, 2)
(4, 35, 2)
(4, 36, 2)
(4, 37, 2)
(4, 38, 2)
(4, 39, 2)

(5, 0, 4)
(5, 1, 4)
(5, 2, 4)
(5, 3, 4)
(5, 4, 2)
(5, 5, 2)
(5, 6, 2)
(5, 7, 2)
(5, 8, 2)
(5, 9, 2)
(5, 10, 2)
(5, 11, 2)
(5, 12, 2)
(5, 13, 2)
(5, 14, 2)
(5, 15, 2)
(5, 16, 2)
(5, 17, 2)
(5, 18, 2)
(5, 19, 2)
(5, 20, 2)
(5, 21, 2)
(5, 22, 2)
(5, 23, 2)
(5, 24, 2)
(5, 25, 2)
(5, 26, 2)
(5, 27, 2)
(5, 28, 2)
(5, 29, 2)
(5, 30, 2)
(5, 31, 2)
(5, 32, 2)
(5, 33, 2)
(5, 34, 2)
(5, 35, 2)
(5, 36, 2)
(5, 37, 2)
(5, 38, 2)
(5, 39, 2)

(6, 0, 4)
(6, 1, 4)
(6, 2, 4)
(6, 3, 4)
(6, 4, 2)
(6, 5, 2)
(6, 6, 2)
(6, 7, 2)
(6, 8, 2)
(6, 9, 2)
(6, 10, 2)
(6, 11, 2)
(6, 12, 2)
(6, 13, 2)
(6, 14, 2)
(6, 15, 2)
(6, 16, 2)
(6, 17, 2)
(6, 18, 2)
(6, 19, 2)
(6, 20, 2)
(6, 21, 2)
(6, 22, 2)
(6, 23, 2)
(6, 24, 2)
(6, 25, 2)
(6, 26, 2)
(6, 27, 2)
(6, 28, 2)
(6, 29, 2)
(6, 30, 2)
(6, 31, 2)
(6, 32, 2)
(6, 33, 2)
(6, 34, 2)
(6, 35, 2)
(6, 36, 2)
(6, 37, 2)
(6, 38, 2)
(6, 39, 2)

(7, 0, 4)
(7, 1, 4)
(7, 2, 4)
(7, 3, 4)
(7, 4, 2)
(7, 5, 2)
(7, 6, 2)
(7, 7, 2)
(7, 8, 2)
(7, 9, 2)
(7, 10, 2)
(7, 11, 2)
(7, 12, 2)
(7, 13, 2)
(7, 14, 2)
(7, 15, 2)
(7, 16, 2)
(7, 17, 2)
(7, 18, 2)
(7, 19, 2)
(7, 20, 2)
(7, 21, 2)
(7, 22, 2)
(7, 23, 2)
(7, 24, 2)
(7, 25, 2)
(7, 26, 2)
(7, 27, 2)
(7, 28, 2)
(7, 29, 2)
(7, 30, 2)
(7, 31, 2)
(7, 32, 2)
(7, 33, 2)
(7, 34, 2)
(7, 35, 2)
(7, 36, 2)
(7, 37, 2)
(7, 38, 2)
(7, 39, 2)

(8, 0, 4)
(8, 1, 4)
(8, 2, 4)
(8, 3, 4)
(8, 4, 2)
(8, 5, 2)
(8, 6, 2)
(8, 7, 2)
(8, 8, 2)
(8, 9, 2)
(8, 10, 2)
(8, 11, 2)
(8, 12, 2)
(8, 13, 2)
(8, 14, 2)
(8, 15, 2)
(8, 16, 2)
(8, 17, 2)
(8, 18, 2)
(8, 19, 2)
(8, 20, 2)
(8, 21, 2)
(8, 22, 2)
(8, 23, 2)
(8, 24, 2)
(8, 25, 2)
(8, 26, 2)
(8, 27, 2)
(8, 28, 2)
(8, 29, 2)
(8, 30, 2)
(8, 31, 2)
(8, 32, 2)
(8, 33, 2)
(8, 34, 2)
(8, 35, 2)
(8, 36, 2)
(8, 37, 2)
(8, 38, 2)
(8, 39, 2)

(9, 0, 6)
(9, 1, 6)
(9, 2, 6)
(9, 3, 6)
(9, 4, 3)
(9, 5, 3)
(9, 6, 3)
(9, 7, 3)
(9, 8, 3)
(9, 9, 3)
(9, 10, 3)
(9, 11, 3)
(9, 12, 3)
(9, 13, 3)
(9, 14, 3)
(9, 15, 3)
(9, 16, 3)
(9, 17, 3)
(9, 18, 3)
(9, 19, 3)
(9, 20, 3)
(9, 21, 3)
(9, 22, 3)
(9, 23, 3)
(9, 24, 3)
(9, 25, 3)
(9, 26, 3)
(9, 27, 3)
(9, 28, 3)
(9, 29, 3)
(9, 30, 3)
(9, 31, 3)
(9, 32, 3)
(9, 33, 3)
(9, 34, 3)
(9, 35, 3)
(9, 36, 3)
(9, 37, 3)
(9, 38, 3)
(9, 39, 3)

(10, 0, 6)
(10, 1, 6)
(10, 2, 6)
(10, 3, 6)
(10, 4, 3)
(10, 5, 3)
(10, 6, 3)
(10, 7, 3)
(10, 8, 3)
(10, 9, 3)
(10, 10, 3)
(10, 11, 3)
(10, 12, 3)
(10, 13, 3)
(10, 14, 3)
(10, 15, 3)
(10, 16, 3)
(10, 17, 3)
(10, 18, 3)
(10, 19, 3)
(10, 20, 3)
(10, 21, 3)
(10, 22, 3)
(10, 23, 3)
(10, 24, 3)
(10, 25, 3)
(10, 26, 3)
(10, 27, 3)
(10, 28, 3)
(10, 29, 3)
(10, 30, 3)
(10, 31, 3)
(10, 32, 3)
(10, 33, 3)
(10, 34, 3)
(10, 35, 3)
(10, 36, 3)
(10, 37, 3)
(10, 38, 3)
(10, 39, 3)

(11, 0, 6)
(11, 1, 6)
(11, 2, 6)
(11, 3, 6)
(11, 4, 3)
(11, 5, 3)
(11, 6, 3)
(11, 7, 3)
(11, 8, 3)
(11, 9, 3)
(11, 10, 3)
(11, 11, 3)
(11, 12, 3)
(11, 13, 3)
(11, 14, 3)
(11, 15, 3)
(11, 16, 3)
(11, 17, 3)
(11, 18, 3)
(11, 19, 3)
(11, 20, 3)
(11, 21, 3)
(11, 22, 3)
(11, 23, 3)
(11, 24, 3)
(11, 25, 3)
(11, 26, 3)
(11, 27, 3)
(11, 28, 3)
(11, 29, 3)
(11, 30, 3)
(11, 31, 3)
(11, 32, 3)
(11, 33, 3)
(11, 34, 3)
(11, 35, 3)
(11, 36, 3)
(11, 37, 3)
(11, 38, 3)
(11, 39, 3)

(12, 0, 8)
(12, 1, 8)
(12, 2, 8)
(12, 3, 8)
(12, 4, 4)
(12, 5, 4)
(12, 6, 4)
(12, 7, 4)
(12, 8, 4)
(12, 9, 4)
(12, 10, 4)
(12, 11, 4)
(12, 12, 4)
(12, 13, 4)
(12, 14, 4)
(12, 15, 4)
(12, 16, 4)
(12, 17, 4)
(12, 18, 4)
(12, 19, 4)
(12, 20, 4)
(12, 21, 4)
(12, 22, 4)
(12, 23, 4)
(12, 24, 4)
(12, 25, 4)
(12, 26, 4)
(12, 27, 4)
(12, 28, 4)
(12, 29, 4)
(12, 30, 4)
(12, 31, 4)
(12, 32, 4)
(12, 33, 4)
(12, 34, 4)
(12, 35, 4)
(12, 36, 4)
(12, 37, 4)
(12, 38, 4)
(12, 39, 4)

(13, 0, 8)
(13, 1, 8)
(13, 2, 8)
(13, 3, 8)
(13, 4, 4)
(13, 5, 4)
(13, 6, 4)
(13, 7, 4)
(13, 8, 4)
(13, 9, 4)
(13, 10, 4)
(13, 11, 4)
(13, 12, 4)
(13, 13, 4)
(13, 14, 4)
(13, 15, 4)
(13, 16, 4)
(13, 17, 4)
(13, 18, 4)
(13, 19, 4)
(13, 20, 4)
(13, 21, 4)
(13, 22, 4)
(13, 23, 4)
(13, 24, 4)
(13, 25, 4)
(13, 26, 4)
(13, 27, 4)
(13, 28, 4)
(13, 29, 4)
(13, 30, 4)
(13, 31, 4)
(13, 32, 4)
(13, 33, 4)
(13, 34, 4)
(13, 35, 4)
(13, 36, 4)
(13, 37, 4)
(13, 38, 4)
(13, 39, 4)

(14, 0, 12)
(14, 1, 12)
(14, 2, 12)
(14, 3, 12)
(14, 4, 7)
(14, 5, 7)
(14, 6, 7)
(14, 7, 7)
(14, 8, 7)
(14, 9, 7)
(14, 10, 7)
(14, 11, 7)
(14, 12, 7)
(14, 13, 7)
(14, 14, 7)
(14, 15, 7)
(14, 16, 7)
(14, 17, 7)
(14, 18, 7)
(14, 19, 7)
(14, 20, 7)
(14, 21, 7)
(14, 22, 7)
(14, 23, 7)
(14, 24, 7)
(14, 25, 7)
(14, 26, 7)
(14, 27, 7)
(14, 28, 7)
(14, 29, 7)
(14, 30, 7)
(14, 31, 7)
(14, 32, 7)
(14, 33, 7)
(14, 34, 7)
(14, 35, 7)
(14, 36, 7)
(14, 37, 7)
(14, 38, 7)
(14, 39, 7)

(15, 0, 14)
(15, 1, 14)
(15, 2, 14)
(15, 3, 14)
(15, 4, 7)
(15, 5, 7)
(15, 6, 7)
(15, 7, 7)
(15, 8, 7)
(15, 9, 7)
(15, 10, 7)
(15, 11, 7)
(15, 12, 7)
(15, 13, 7)
(15, 14, 7)
(15, 15, 7)
(15, 16, 7)
(15, 17, 7)
(15, 18, 7)
(15, 19, 7)
(15, 20, 7)
(15, 21, 7)
(15, 22, 7)
(15, 23, 7)
(15, 24, 7)
(15, 25, 7)
(15, 26, 7)
(15, 27, 7)
(15, 28, 7)
(15, 29, 7)
(15, 30, 7)
(15, 31, 7)
(15, 32, 7)
(15, 33, 7)
(15, 34, 7)
(15, 35, 7)
(15, 36, 7)
(15, 37, 7)
(15, 38, 7)
(15, 39, 7)

(16, 0, 15)
(16, 1, 15)
(16, 2, 15)
(16, 3, 15)
(16, 4, 7)
(16, 5, 7)
(16, 6, 7)
(16, 7, 7)
(16, 8, 7)
(16, 9, 7)
(16, 10, 7)
(16, 11, 7)
(16, 12, 7)
(16, 13, 7)
(16, 14, 7)
(16, 15, 7)
(16, 16, 7)
(16, 17, 7)
(16, 18, 7)
(16, 19, 7)
(16, 20, 7)
(16, 21, 7)
(16, 22, 7)
(16, 23, 7)
(16, 24, 7)
(16, 25, 7)
(16, 26, 7)
(16, 27, 7)
(16, 28, 7)
(16, 29, 7)
(16, 30, 7)
(16, 31, 7)
(16, 32, 7)
(16, 33, 7)
(16, 34, 7)
(16, 35, 7)
(16, 36, 7)
(16, 37, 7)
(16, 38, 7)
(16, 39, 7)

(17, 0, 15)
(17, 1, 15)
(17, 2, 15)
(17, 3, 15)
(17, 4, 7)
(17, 5, 7)
(17, 6, 7)
(17, 7, 7)
(17, 8, 7)
(17, 9, 7)
(17, 10, 7)
(17, 11, 7)
(17, 12, 7)
(17, 13, 7)
(17, 14, 7)
(17, 15, 7)
(17, 16, 7)
(17, 17, 7)
(17, 18, 7)
(17, 19, 7)
(17, 20, 7)
(17, 21, 7)
(17, 22, 7)
(17, 23, 7)
(17, 24, 7)
(17, 25, 7)
(17, 26, 7)
(17, 27, 7)
(17, 28, 7)
(17, 29, 7)
(17, 30, 7)
(17, 31, 7)
(17, 32, 7)
(17, 33, 7)
(17, 34, 7)
(17, 35, 7)
(17, 36, 7)
(17, 37, 7)
(17, 38, 7)
(17, 39, 7)

(18, 0, 15)
(18, 1, 15)
(18, 2, 15)
(18, 3, 15)
(18, 4, 7)
(18, 5, 7)
(18, 6, 7)
(18, 7, 7)
(18, 8, 7)
(18, 9, 7)
(18, 10, 7)
(18, 11, 7)
(18, 12, 7)
(18, 13, 7)
(18, 14, 7)
(18, 15, 7)
(18, 16, 7)
(18, 17, 7)
(18, 18, 7)
(18, 19, 7)
(18, 20, 7)
(18, 21, 7)
(18, 22, 7)
(18, 23, 7)
(18, 24, 7)
(18, 25, 7)
(18, 26, 7)
(18, 27, 7)
(18, 28, 7)
(18, 29, 7)
(18, 30, 7)
(18, 31, 7)
(18, 32, 7)
(18, 33, 7)
(18, 34, 7)
(18, 35, 7)
(18, 36, 7)
(18, 37, 7)
(18, 38, 7)
(18, 39, 7)

(19, 0, 18)
(19, 1, 18)
(19, 2, 18)
(19, 3, 18)
(19, 4, 9)
(19, 5, 9)
(19, 6, 9)
(19, 7, 9)
(19, 8, 9)
(19, 9, 9)
(19, 10, 9)
(19, 11, 9)
(19, 12, 9)
(19, 13, 9)
(19, 14, 9)
(19, 15, 9)
(19, 16, 9)
(19, 17, 9)
(19, 18, 9)
(19, 19, 9)
(19, 20, 9)
(19, 21, 9)
(19, 22, 9)
(19, 23, 9)
(19, 24, 8)
(19, 25, 8)
(19, 26, 8)
(19, 27, 8)
(19, 28, 8)
(19, 29, 8)
(19, 30, 8)
(19, 31, 8)
(19, 32, 8)
(19, 33, 8)
(19, 34, 8)
(19, 35, 8)
(19, 36, 8)
(19, 37, 8)
(19, 38, 8)
(19, 39, 8)

(20, 0, 18)
(20, 1, 18)
(20, 2, 18)
(20, 3, 18)
(20, 4, 9)
(20, 5, 9)
(20, 6, 9)
(20, 7, 9)
(20, 8, 9)
(20, 9, 9)
(20, 10, 9)
(20, 11, 9)
(20, 12, 9)
(20, 13, 9)
(20, 14, 9)
(20, 15, 9)
(20, 16, 9)
(20, 17, 9)
(20, 18, 9)
(20, 19, 9)
(20, 20, 9)
(20, 21, 9)
(20, 22, 9)
(20, 23, 9)
(20, 24, 8)
(20, 25, 8)
(20, 26, 8)
(20, 27, 8)
(20, 28, 8)
(20, 29, 8)
(20, 30, 8)
(20, 31, 8)
(20, 32, 8)
(20, 33, 8)
(20, 34, 8)
(20, 35, 8)
(20, 36, 8)
(20, 37, 8)
(20, 38, 8)
(20, 39, 8)

(21, 0, 18)
(21, 1, 18)
(21, 2, 18)
(21, 3, 18)
(21, 4, 9)
(21, 5, 9)
(21, 6, 9)
(21, 7, 9)
(21, 8, 9)
(21, 9, 9)
(21, 10, 9)
(21, 11, 9)
(21, 12, 9)
(21, 13, 9)
(21, 14, 9)
(21, 15, 9)
(21, 16, 9)
(21, 17, 9)
(21, 18, 9)
(21, 19, 9)
(21, 20, 9)
(21, 21, 9)
(21, 22, 9)
(21, 23, 9)
(21, 24, 8)
(21, 25, 8)
(21, 26, 8)
(21, 27, 8)
(21, 28, 8)
(21, 29, 8)
(21, 30, 8)
(21, 31, 8)
(21, 32, 8)
(21, 33, 8)
(21, 34, 8)
(21, 35, 8)
(21, 36, 8)
(21, 37, 8)
(21, 38, 8)
(21, 39, 8)

(22, 0, 19)
(22, 1, 19)
(22, 2, 19)
(22, 3, 19)
(22, 4, 10)
(22, 5, 10)
(22, 6, 10)
(22, 7, 10)
(22, 8, 10)
(22, 9, 10)
(22, 10, 10)
(22, 11, 10)
(22, 12, 10)
(22, 13, 10)
(22, 14, 10)
(22, 15, 10)
(22, 16, 10)
(22, 17, 10)
(22, 18, 10)
(22, 19, 10)
(22, 20, 10)
(22, 21, 10)
(22, 22, 10)
(22, 23, 10)
(22, 24, 9)
(22, 25, 9)
(22, 26, 9)
(22, 27, 8)
(22, 28, 8)
(22, 29, 8)
(22, 30, 8)
(22, 31, 8)
(22, 32, 8)
(22, 33, 8)
(22, 34, 8)
(22, 35, 8)
(22, 36, 8)
(22, 37, 8)
(22, 38, 8)
(22, 39, 8)

(23, 0, 33)
(23, 1, 22)
(23, 2, 22)
(23, 3, 22)
(23, 4, 12)
(23, 5, 12)
(23, 6, 12)
(23, 7, 12)
(23, 8, 12)
(23, 9, 12)
(23, 10, 12)
(23, 11, 12)
(23, 12, 12)
(23, 13, 12)
(23, 14, 12)
(23, 15, 12)
(23, 16, 12)
(23, 17, 12)
(23, 18, 12)
(23, 19, 12)
(23, 20, 12)
(23, 21, 12)
(23, 22, 12)
(23, 23, 12)
(23, 24, 10)
(23, 25, 10)
(23, 26, 9)
(23, 27, 9)
(23, 28, 9)
(23, 29, 9)
(23, 30, 9)
(23, 31, 9)
(23, 32, 9)
(23, 33, 8)
(23, 34, 8)
(23, 35, 8)
(23, 36, 8)
(23, 37, 8)
(23, 38, 8)
(23, 39, 8)

(24, 0, 35)
(24, 1, 24)
(24, 2, 24)
(24, 3, 24)
(24, 4, 13)
(24, 5, 13)
(24, 6, 13)
(24, 7, 13)
(24, 8, 13)
(24, 9, 13)
(24, 10, 13)
(24, 11, 13)
(24, 12, 13)
(24, 13, 13)
(24, 14, 13)
(24, 15, 13)
(24, 16, 13)
(24, 17, 13)
(24, 18, 13)
(24, 19, 13)
(24, 20, 13)
(24, 21, 13)
(24, 22, 13)
(24, 23, 13)
(24, 24, 11)
(24, 25, 11)
(24, 26, 10)
(24, 27, 10)
(24, 28, 10)
(24, 29, 10)
(24, 30, 10)
(24, 31, 10)
(24, 32, 10)
(24, 33, 9)
(24, 34, 9)
(24, 35, 9)
(24, 36, 9)
(24, 37, 9)
(24, 38, 9)
(24, 39, 9)

(25, 0, 37)
(25, 1, 26)
(25, 2, 26)
(25, 3, 26)
(25, 4, 14)
(25, 5, 14)
(25, 6, 14)
(25, 7, 14)
(25, 8, 14)
(25, 9, 14)
(25, 10, 14)
(25, 11, 14)
(25, 12, 14)
(25, 13, 14)
(25, 14, 14)
(25, 15, 14)
(25, 16, 14)
(25, 17, 14)
(25, 18, 14)
(25, 19, 14)
(25, 20, 14)
(25, 21, 14)
(25, 22, 14)
(25, 23, 14)
(25, 24, 11)
(25, 25, 11)
(25, 26, 10)
(25, 27, 10)
(25, 28, 10)
(25, 29, 10)
(25, 30, 10)
(25, 31, 10)
(25, 32, 10)
(25, 33, 9)
(25, 34, 9)
(25, 35, 9)
(25, 36, 9)
(25, 37, 9)
(25, 38, 9)
(25, 39, 9)

(26, 0, 46)
(26, 1, 30)
(26, 2, 30)
(26, 3, 30)
(26, 4, 16)
(26, 5, 16)
(26, 6, 16)
(26, 7, 16)
(26, 8, 16)
(26, 9, 16)
(26, 10, 16)
(26, 11, 16)
(26, 12, 16)
(26, 13, 16)
(26, 14, 16)
(26, 15, 16)
(26, 16, 16)
(26, 17, 16)
(26, 18, 16)
(26, 19, 16)
(26, 20, 16)
(26, 21, 15)
(26, 22, 15)
(26, 23, 15)
(26, 24, 12)
(26, 25, 12)
(26, 26, 11)
(26, 27, 11)
(26, 28, 11)
(26, 29, 11)
(26, 30, 11)
(26, 31, 11)
(26, 32, 11)
(26, 33, 10)
(26, 34, 10)
(26, 35, 10)
(26, 36, 10)
(26, 37, 10)
(26, 38, 10)
(26, 39, 10)

(27, 0, 53)
(27, 1, 31)
(27, 2, 31)
(27, 3, 31)
(27, 4, 17)
(27, 5, 17)
(27, 6, 17)
(27, 7, 17)
(27, 8, 17)
(27, 9, 17)
(27, 10, 17)
(27, 11, 17)
(27, 12, 17)
(27, 13, 17)
(27, 14, 17)
(27, 15, 17)
(27, 16, 17)
(27, 17, 17)
(27, 18, 17)
(27, 19, 17)
(27, 20, 17)
(27, 21, 16)
(27, 22, 16)
(27, 23, 16)
(27, 24, 12)
(27, 25, 12)
(27, 26, 10)
(27, 27, 10)
(27, 28, 10)
(27, 29, 10)
(27, 30, 10)
(27, 31, 10)
(27, 32, 10)
(27, 33, 10)
(27, 34, 10)
(27, 35, 10)
(27, 36, 10)
(27, 37, 10)
(27, 38, 10)
(27, 39, 10)

(28, 0, 57)
(28, 1, 32)
(28, 2, 32)
(28, 3, 32)
(28, 4, 18)
(28, 5, 18)
(28, 6, 18)
(28, 7, 18)
(28, 8, 18)
(28, 9, 18)
(28, 10, 18)
(28, 11, 18)
(28, 12, 18)
(28, 13, 18)
(28, 14, 18)
(28, 15, 18)
(28, 16, 18)
(28, 17, 18)
(28, 18, 18)
(28, 19, 18)
(28, 20, 18)
(28, 21, 16)
(28, 22, 16)
(28, 23, 16)
(28, 24, 12)
(28, 25, 12)
(28, 26, 10)
(28, 27, 10)
(28, 28, 10)
(28, 29, 10)
(28, 30, 10)
(28, 31, 10)
(28, 32, 10)
(28, 33, 10)
(28, 34, 10)
(28, 35, 10)
(28, 36, 10)
(28, 37, 10)
(28, 38, 10)
(28, 39, 10)

(29, 0, 65)
(29, 1, 32)
(29, 2, 32)
(29, 3, 32)
(29, 4, 18)
(29, 5, 18)
(29, 6, 18)
(29, 7, 18)
(29, 8, 18)
(29, 9, 18)
(29, 10, 18)
(29, 11, 18)
(29, 12, 18)
(29, 13, 18)
(29, 14, 18)
(29, 15, 18)
(29, 16, 18)
(29, 17, 18)
(29, 18, 18)
(29, 19, 18)
(29, 20, 18)
(29, 21, 16)
(29, 22, 16)
(29, 23, 16)
(29, 24, 12)
(29, 25, 12)
(29, 26, 10)
(29, 27, 10)
(29, 28, 10)
(29, 29, 10)
(29, 30, 10)
(29, 31, 10)
(29, 32, 10)
(29, 33, 10)
(29, 34, 10)
(29, 35, 10)
(29, 36, 10)
(29, 37, 10)
(29, 38, 10)
(29, 39, 10)

(30, 0, 66)
(30, 1, 33)
(30, 2, 33)
(30, 3, 33)
(30, 4, 19)
(30, 5, 19)
(30, 6, 19)
(30, 7, 19)
(30, 8, 19)
(30, 9, 19)
(30, 10, 19)
(30, 11, 19)
(30, 12, 19)
(30, 13, 19)
(30, 14, 19)
(30, 15, 19)
(30, 16, 19)
(30, 17, 19)
(30, 18, 19)
(30, 19, 19)
(30, 20, 19)
(30, 21, 17)
(30, 22, 17)
(30, 23, 17)
(30, 24, 12)
(30, 25, 12)
(30, 26, 10)
(30, 27, 10)
(30, 28, 10)
(30, 29, 10)
(30, 30, 10)
(30, 31, 10)
(30, 32, 10)
(30, 33, 10)
(30, 34, 10)
(30, 35, 10)
(30, 36, 10)
(30, 37, 10)
(30, 38, 10)
(30, 39, 10)

(31, 0, 66)
(31, 1, 33)
(31, 2, 33)
(31, 3, 33)
(31, 4, 19)
(31, 5, 19)
(31, 6, 19)
(31, 7, 19)
(31, 8, 19)
(31, 9, 19)
(31, 10, 19)
(31, 11, 19)
(31, 12, 19)
(31, 13, 19)
(31, 14, 19)
(31, 15, 19)
(31, 16, 19)
(31, 17, 19)
(31, 18, 19)
(31, 19, 19)
(31, 20, 19)
(31, 21, 17)
(31, 22, 17)
(31, 23, 17)
(31, 24, 12)
(31, 25, 12)
(31, 26, 10)
(31, 27, 10)
(31, 28, 10)
(31, 29, 10)
(31, 30, 10)
(31, 31, 10)
(31, 32, 10)
(31, 33, 10)
(31, 34, 10)
(31, 35, 10)
(31, 36, 10)
(31, 37, 10)
(31, 38, 10)
(31, 39, 10)

(32, 0, 68)
(32, 1, 35)
(32, 2, 35)
(32, 3, 35)
(32, 4, 20)
(32, 5, 20)
(32, 6, 20)
(32, 7, 20)
(32, 8, 20)
(32, 9, 20)
(32, 10, 20)
(32, 11, 20)
(32, 12, 20)
(32, 13, 20)
(32, 14, 20)
(32, 15, 20)
(32, 16, 20)
(32, 17, 20)
(32, 18, 20)
(32, 19, 20)
(32, 20, 20)
(32, 21, 18)
(32, 22, 18)
(32, 23, 18)
(32, 24, 12)
(32, 25, 12)
(32, 26, 10)
(32, 27, 10)
(32, 28, 10)
(32, 29, 10)
(32, 30, 10)
(32, 31, 10)
(32, 32, 10)
(32, 33, 10)
(32, 34, 10)
(32, 35, 10)
(32, 36, 10)
(32, 37, 10)
(32, 38, 10)
(32, 39, 10)

(33, 0, 68)
(33, 1, 35)
(33, 2, 35)
(33, 3, 35)
(33, 4, 20)
(33, 5, 20)
(33, 6, 20)
(33, 7, 20)
(33, 8, 20)
(33, 9, 20)
(33, 10, 20)
(33, 11, 20)
(33, 12, 20)
(33, 13, 20)
(33, 14, 20)
(33, 15, 20)
(33, 16, 20)
(33, 17, 20)
(33, 18, 20)
(33, 19, 20)
(33, 20, 20)
(33, 21, 18)
(33, 22, 18)
(33, 23, 18)
(33, 24, 12)
(33, 25, 12)
(33, 26, 10)
(33, 27, 10)
(33, 28, 10)
(33, 29, 10)
(33, 30, 10)
(33, 31, 10)
(33, 32, 10)
(33, 33, 10)
(33, 34, 10)
(33, 35, 10)
(33, 36, 10)
(33, 37, 10)
(33, 38, 10)
(33, 39, 10)

(34, 0, 68)
(34, 1, 35)
(34, 2, 35)
(34, 3, 35)
(34, 4, 20)
(34, 5, 20)
(34, 6, 20)
(34, 7, 20)
(34, 8, 20)
(34, 9, 20)
(34, 10, 20)
(34, 11, 20)
(34, 12, 20)
(34, 13, 20)
(34, 14, 20)
(34, 15, 20)
(34, 16, 20)
(34, 17, 20)
(34, 18, 20)
(34, 19, 20)
(34, 20, 20)
(34, 21, 18)
(34, 22, 18)
(34, 23, 18)
(34, 24, 12)
(34, 25, 12)
(34, 26, 10)
(34, 27, 10)
(34, 28, 10)
(34, 29, 10)
(34, 30, 10)
(34, 31, 10)
(34, 32, 10)
(34, 33, 10)
(34, 34, 10)
(34, 35, 10)
(34, 36, 10)
(34, 37, 10)
(34, 38, 10)
(34, 39, 10)

(35, 0, 68)
(35, 1, 35)
(35, 2, 35)
(35, 3, 35)
(35, 4, 20)
(35, 5, 20)
(35, 6, 20)
(35, 7, 20)
(35, 8, 20)
(35, 9, 20)
(35, 10, 20)
(35, 11, 20)
(35, 12, 20)
(35, 13, 20)
(35, 14, 20)
(35, 15, 20)
(35, 16, 20)
(35, 17, 20)
(35, 18, 20)
(35, 19, 20)
(35, 20, 20)
(35, 21, 18)
(35, 22, 18)
(35, 23, 18)
(35, 24, 12)
(35, 25, 12)
(35, 26, 10)
(35, 27, 10)
(35, 28, 10)
(35, 29, 10)
(35, 30, 10)
(35, 31, 10)
(35, 32, 10)
(35, 33, 10)
(35, 34, 10)
(35, 35, 10)
(35, 36, 10)
(35, 37, 10)
(35, 38, 10)
(35, 39, 10)

(36, 0, 69)
(36, 1, 36)
(36, 2, 36)
(36, 3, 36)
(36, 4, 21)
(36, 5, 21)
(36, 6, 21)
(36, 7, 21)
(36, 8, 21)
(36, 9, 21)
(36, 10, 21)
(36, 11, 21)
(36, 12, 21)
(36, 13, 21)
(36, 14, 21)
(36, 15, 21)
(36, 16, 21)
(36, 17, 21)
(36, 18, 21)
(36, 19, 21)
(36, 20, 21)
(36, 21, 19)
(36, 22, 19)
(36, 23, 19)
(36, 24, 13)
(36, 25, 13)
(36, 26, 11)
(36, 27, 11)
(36, 28, 11)
(36, 29, 11)
(36, 30, 11)
(36, 31, 11)
(36, 32, 11)
(36, 33, 11)
(36, 34, 11)
(36, 35, 11)
(36, 36, 11)
(36, 37, 11)
(36, 38, 11)
(36, 39, 11)

(37, 0, 72)
(37, 1, 39)
(37, 2, 39)
(37, 3, 39)
(37, 4, 21)
(37, 5, 21)
(37, 6, 21)
(37, 7, 21)
(37, 8, 21)
(37, 9, 21)
(37, 10, 21)
(37, 11, 21)
(37, 12, 21)
(37, 13, 21)
(37, 14, 21)
(37, 15, 21)
(37, 16, 21)
(37, 17, 21)
(37, 18, 21)
(37, 19, 21)
(37, 20, 21)
(37, 21, 19)
(37, 22, 19)
(37, 23, 19)
(37, 24, 13)
(37, 25, 13)
(37, 26, 11)
(37, 27, 11)
(37, 28, 11)
(37, 29, 11)
(37, 30, 11)
(37, 31, 11)
(37, 32, 11)
(37, 33, 11)
(37, 34, 11)
(37, 35, 11)
(37, 36, 11)
(37, 37, 11)
(37, 38, 11)
(37, 39, 11)

(38, 0, 72)
(38, 1, 39)
(38, 2, 39)
(38, 3, 39)
(38, 4, 21)
(38, 5, 21)
(38, 6, 21)
(38, 7, 21)
(38, 8, 21)
(38, 9, 21)
(38, 10, 21)
(38, 11, 21)
(38, 12, 21)
(38, 13, 21)
(38, 14, 21)
(38, 15, 21)
(38, 16, 21)
(38, 17, 21)
(38, 18, 21)
(38, 19, 21)
(38, 20, 21)
(38, 21, 19)
(38, 22, 19)
(38, 23, 19)
(38, 24, 13)
(38, 25, 13)
(38, 26, 11)
(38, 27, 11)
(38, 28, 11)
(38, 29, 11)
(38, 30, 11)
(38, 31, 11)
(38, 32, 11)
(38, 33, 11)
(38, 34, 11)
(38, 35, 11)
(38, 36, 11)
(38, 37, 11)
(38, 38, 11)
(38, 39, 11)

(39, 0, 75)
(39, 1, 42)
(39, 2, 42)
(39, 3, 42)
(39, 4, 22)
(39, 5, 22)
(39, 6, 22)
(39, 7, 22)
(39, 8, 22)
(39, 9, 22)
(39, 10, 22)
(39, 11, 22)
(39, 12, 22)
(39, 13, 22)
(39, 14, 22)
(39, 15, 22)
(39, 16, 22)
(39, 17, 22)
(39, 18, 22)
(39, 19, 22)
(39, 20, 22)
(39, 21, 20)
(39, 22, 20)
(39, 23, 20)
(39, 24, 14)
(39, 25, 14)
(39, 26, 12)
(39, 27, 12)
(39, 28, 12)
(39, 29, 12)
(39, 30, 12)
(39, 31, 12)
(39, 32, 12)
(39, 33, 12)
(39, 34, 12)
(39, 35, 12)
(39, 36, 12)
(39, 37, 12)
(39, 38, 12)
(39, 39, 12)


Betti numbers:
xi_0:
(0, 0, 2)
(3, 0, 1)
(4, 0, 1)
(9, 0, 2)
(12, 0, 2)
(14, 0, 4)
(15, 0, 2)
(16, 0, 1)
(19, 0, 3)
(22, 0, 1)
(23, 0, 14)
(24, 0, 2)
(25, 0, 2)
(26, 0, 9)
(27, 0, 7)
(28, 0, 4)
(29, 0, 8)
(30, 0, 1)
(32, 0, 2)
(36, 0, 1)
(37, 0, 3)
(39, 0, 3)
xi_1:
(0, 4, 1)
(4, 4, 1)
(9, 4, 1)
(12, 4, 1)
(14, 4, 1)
(15, 4, 2)
(16, 4, 1)
(19, 4, 1)
(19, 24, 1)
(22, 27, 1)
(23, 1, 11)
(23, 4, 1)
(23, 24, 1)
(23, 26, 1)
(23, 33, 1)
(24, 4, 1)
(25, 4, 1)
(25, 24, 1)
(26, 1, 5)
(26, 4, 2)
(26, 21, 1)
(27, 1, 6)
(27, 24, 1)
(27, 26, 1)
(28, 1, 3)
(28, 21, 1)
(29, 1, 8)
(30, 24, 1)
(32, 4, 1)
(32, 24, 1)
(37, 4, 3)
(39, 4, 2)
xi_2:
(23, 27, 1)
(27, 33, 1)
