x-grades
-547415607468111297/200000000000000000
-268155060085860997/100000000000000000
-525204632875332691/200000000000000000
-128524786394735847/50000000000000000
-100598731656510817/40000000000000000
-245944085493082391/100000000000000000
-480782683689775479/200000000000000000
-7338706193646659/3125000000000000
-458571709096996873/200000000000000000
-44746622180060757/20000000000000000
-436360734504218267/200000000000000000
-106313811801957241/50000000000000000
-414149759911439661/200000000000000000
-201522136307525179/100000000000000000
-78387757063732211/40000000000000000
-47604162252783969/25000000000000000
-369727810725882449/200000000000000000
-179311161714746573/100000000000000000
-347516836133103843/200000000000000000
-16820567441835727/10000000000000000
-325305861540325237/200000000000000000
-157100187121967967/100000000000000000
-303094886947546631/200000000000000000
-18249337478197333/12500000000000000
-11235356494190721/8000000000000000
-134889212529189361/100000000000000000
-258672937761989419/200000000000000000
-61891862616400029/50000000000000000
-236461963169210813/200000000000000000
-22535647587282151/20000000000000000
-214250988576432207/200000000000000000
-25393187660005363/25000000000000000
-192040013983653601/200000000000000000
-90467263343632149/100000000000000000
-33965807878174999/40000000000000000
-39680888023621423/50000000000000000
-147618064798096389/200000000000000000
-68256288750853543/100000000000000000
-125407090205317783/200000000000000000
-714385018180803/1250000000000000

y-grades
1999723/8000000
1999723/4000000
5999169/8000000
1999723/2000000
1999723/1600000
5999169/4000000
13998061/8000000
1999723/1000000
17997507/8000000
1999723/800000
21996953/8000000
5999169/2000000
25996399/8000000
13998061/4000000
5999169/1600000
1999723/500000
33995291/8000000
17997507/4000000
37994737/8000000
1999723/400000
41994183/8000000
21996953/4000000
45993629/8000000
5999169/1000000
1999723/320000
25996399/4000000
53992521/8000000
13998061/2000000
57991967/8000000
5999169/800000
61991413/8000000
1999723/250000
65990859/8000000
33995291/4000000
13998061/1600000
17997507/2000000
73989751/8000000
37994737/4000000
77989197/8000000
1999723/200000

Dimensions > 0:
(0, 0, 24)
(0, 1, 18)
(0, 2, 16)
(0, 3, 6)
(0, 4, 3)
(0, 5, 2)
(0, 6, 2)
(0, 7, 1)
(0, 8, 1)
(0, 9, 1)
(0, 10, 1)
(0, 11, 1)
(0, 12, 1)
(0, 13, 1)
(0, 14, 1)
(0, 15, 1)
(0, 16, 1)
(0, 17, 1)
(0, 18, 1)
(0, 19, 1)
(0, 20, 1)
(0, 21, 1)
(0, 22, 1)
(0, 23, 1)
(0, 24, 1)
(0, 25, 1)
(0, 26, 1)
(0, 27, 1)
(0, 28, 1)
(0, 29, 1)
(0, 30, 1)
(0, 31, 1)
(0, 32, 1)
(0, 33, 1)
(0, 34, 1)
(0, 35, 1)
(0, 36, 1)
(0, 37, 1)
(0, 38, 1)
(0, 39, 1)

(1, 0, 53)
(1, 1, 40)
(1, 2, 31)
(1, 3, 11)
(1, 4, 6)
(1, 5, 5)
(1, 6, 5)
(1, 7, 3)
(1, 8, 3)
(1, 9, 3)
(1, 10, 3)
(1, 11, 3)
(1, 12, 3)
(1, 13, 2)
(1, 14, 2)
(1, 15, 2)
(1, 16, 2)
(1, 17, 2)
(1, 18, 2)
(1, 19, 2)
(1, 20, 2)
(1, 21, 2)
(1, 22, 2)
(1, 23, 2)
(1, 24, 2)
(1, 25, 2)
(1, 26, 2)
(1, 27, 2)
(1, 28, 2)
(1, 29, 2)
(1, 30, 2)
(1, 31, 2)
(1, 32, 2)
(1, 33, 2)
(1, 34, 2)
(1, 35, 2)
(1, 36, 2)
(1, 37, 2)
(1, 38, 2)
(1, 39, 2)

(2, 0, 77)
(2, 1, 59)
(2, 2, 38)
(2, 3, 16)
(2, 4, 7)
(2, 5, 4)
(2, 6, 4)
(2, 7, 2)
(2, 8, 2)
(2, 9, 2)
(2, 10, 2)
(2, 11, 2)
(2, 12, 2)
(2, 13, 2)
(2, 14, 2)
(2, 15, 2)
(2, 16, 2)
(2, 17, 2)
(2, 18, 2)
(2, 19, 2)
(2, 20, 2)
(2, 21, 2)
(2, 22, 2)
(2, 23, 2)
(2, 24, 2)
(2, 25, 2)
(2, 26, 2)
(2, 27, 2)
(2, 28, 2)
(2, 29, 1)
(2, 30, 1)
(2, 31, 1)
(2, 32, 1)
(2, 33, 1)
(2, 34, 1)
(2, 35, 1)
(2, 36, 1)
(2, 37, 1)
(2, 38, 1)
(2, 39, 1)

(3, 0, 79)
(3, 1, 61)
(3, 2, 39)
(3, 3, 17)
(3, 4, 8)
(3, 5, 5)
(3, 6, 5)
(3, 7, 3)
(3, 8, 3)
(3, 9, 2)
(3, 10, 2)
(3, 11, 2)
(3, 12, 2)
(3, 13, 2)
(3, 14, 2)
(3, 15, 2)
(3, 16, 2)
(3, 17, 2)
(3, 18, 2)
(3, 19, 2)
(3, 20, 2)
(3, 21, 2)
(3, 22, 2)
(3, 23, 2)
(3, 24, 2)
(3, 25, 2)
(3, 26, 2)
(3, 27, 2)
(3, 28, 2)
(3, 29, 1)
(3, 30, 1)
(3, 31, 1)
(3, 32, 1)
(3, 33, 1)
(3, 34, 1)
(3, 35, 1)
(3, 36, 1)
(3, 37, 1)
(3, 38, 1)
(3, 39, 1)

(4, 0, 80)
(4, 1, 62)
(4, 2, 40)
(4, 3, 18)
(4, 4, 9)
(4, 5, 6)
(4, 6, 6)
(4, 7, 4)
(4, 8, 4)
(4, 9, 3)
(4, 10, 3)
(4, 11, 3)
(4, 12, 3)
(4, 13, 3)
(4, 14, 3)
(4, 15, 3)
(4, 16, 3)
(4, 17, 2)
(4, 18, 2)
(4, 19, 2)
(4, 20, 2)
(4, 21, 2)
(4, 22, 2)
(4, 23, 2)
(4, 24, 2)
(4, 25, 2)
(4, 26, 2)
(4, 27, 2)
(4, 28, 2)
(4, 29, 1)
(4, 30, 1)
(4, 31, 1)
(4, 32, 1)
(4, 33, 1)
(4, 34, 1)
(4, 35, 1)
(4, 36, 1)
(4, 37, 1)
(4, 38, 1)
(4, 39, 1)

(5, 0, 81)
(5, 1, 63)
(5, 2, 41)
(5, 3, 19)
(5, 4, 10)
(5, 5, 7)
(5, 6, 7)
(5, 7, 5)
(5, 8, 5)
(5, 9, 4)
(5, 10, 4)
(5, 11, 4)
(5, 12, 4)
(5, 13, 4)
(5, 14, 4)
(5, 15, 4)
(5, 16, 4)
(5, 17, 3)
(5, 18, 3)
(5, 19, 3)
(5, 20, 3)
(5, 21, 3)
(5, 22, 3)
(5, 23, 3)
(5, 24, 3)
(5, 25, 3)
(5, 26, 3)
(5, 27, 3)
(5, 28, 3)
(5, 29, 2)
(5, 30, 2)
(5, 31, 2)
(5, 32, 2)
(5, 33, 2)
(5, 34, 2)
(5, 35, 2)
(5, 36, 2)
(5, 37, 2)
(5, 38, 2)
(5, 39, 2)

(6, 0, 94)
(6, 1, 73)
(6, 2, 50)
(6, 3, 25)
(6, 4, 15)
(6, 5, 12)
(6, 6, 10)
(6, 7, 6)
(6, 8, 6)
(6, 9, 5)
(6, 10, 5)
(6, 11, 5)
(6, 12, 5)
(6, 13, 5)
(6, 14, 5)
(6, 15, 5)
(6, 16, 5)
(6, 17, 4)
(6, 18, 4)
(6, 19, 4)
(6, 20, 4)
(6, 21, 4)
(6, 22, 4)
(6, 23, 4)
(6, 24, 4)
(6, 25, 4)
(6, 26, 4)
(6, 27, 4)
(6, 28, 4)
(6, 29, 3)
(6, 30, 3)
(6, 31, 3)
(6, 32, 3)
(6, 33, 3)
(6, 34, 3)
(6, 35, 3)
(6, 36, 3)
(6, 37, 3)
(6, 38, 3)
(6, 39, 3)

(7, 0, 119)
(7, 1, 88)
(7, 2, 64)
(7, 3, 26)
(7, 4, 17)
(7, 5, 14)
(7, 6, 10)
(7, 7, 7)
(7, 8, 7)
(7, 9, 6)
(7, 10, 6)
(7, 11, 6)
(7, 12, 6)
(7, 13, 6)
(7, 14, 6)
(7, 15, 6)
(7, 16, 6)
(7, 17, 5)
(7, 18, 5)
(7, 19, 5)
(7, 20, 5)
(7, 21, 5)
(7, 22, 5)
(7, 23, 5)
(7, 24, 5)
(7, 25, 5)
(7, 26, 5)
(7, 27, 5)
(7, 28, 5)
(7, 29, 4)
(7, 30, 4)
(7, 31, 4)
(7, 32, 4)
(7, 33, 4)
(7, 34, 4)
(7, 35, 4)
(7, 36, 4)
(7, 37, 4)
(7, 38, 4)
(7, 39, 4)

(8, 0, 145)
(8, 1, 105)
(8, 2, 77)
(8, 3, 31)
(8, 4, 22)
(8, 5, 18)
(8, 6, 14)
(8, 7, 10)
(8, 8, 10)
(8, 9, 9)
(8, 10, 9)
(8, 11, 8)
(8, 12, 8)
(8, 13, 7)
(8, 14, 6)
(8, 15, 6)
(8, 16, 6)
(8, 17, 5)
(8, 18, 5)
(8, 19, 5)
(8, 20, 5)
(8, 21, 5)
(8, 22, 5)
(8, 23, 5)
(8, 24, 5)
(8, 25, 5)
(8, 26, 5)
(8, 27, 5)
(8, 28, 5)
(8, 29, 4)
(8, 30, 4)
(8, 31, 4)
(8, 32, 4)
(8, 33, 4)
(8, 34, 4)
(8, 35, 4)
(8, 36, 4)
(8, 37, 4)
(8, 38, 4)
(8, 39, 4)

(9, 0, 164)
(9, 1, 124)
(9, 2, 86)
(9, 3, 35)
(9, 4, 25)
(9, 5, 21)
(9, 6, 17)
(9, 7, 13)
(9, 8, 13)
(9, 9, 12)
(9, 10, 12)
(9, 11, 8)
(9, 12, 7)
(9, 13, 7)
(9, 14, 6)
(9, 15, 6)
(9, 16, 6)
(9, 17, 5)
(9, 18, 5)
(9, 19, 5)
(9, 20, 5)
(9, 21, 5)
(9, 22, 5)
(9, 23, 5)
(9, 24, 5)
(9, 25, 5)
(9, 26, 5)
(9, 27, 5)
(9, 28, 5)
(9, 29, 4)
(9, 30, 3)
(9, 31, 3)
(9, 32, 3)
(9, 33, 3)
(9, 34, 3)
(9, 35, 3)
(9, 36, 3)
(9, 37, 3)
(9, 38, 3)
(9, 39, 3)

(10, 0, 165)
(10, 1, 125)
(10, 2, 87)
(10, 3, 36)
(10, 4, 26)
(10, 5, 21)
(10, 6, 17)
(10, 7, 13)
(10, 8, 13)
(10, 9, 12)
(10, 10, 12)
(10, 11, 8)
(10, 12, 7)
(10, 13, 7)
(10, 14, 6)
(10, 15, 6)
(10, 16, 6)
(10, 17, 5)
(10, 18, 5)
(10, 19, 5)
(10, 20, 5)
(10, 21, 5)
(10, 22, 5)
(10, 23, 5)
(10, 24, 5)
(10, 25, 5)
(10, 26, 5)
(10, 27, 5)
(10, 28, 5)
(10, 29, 4)
(10, 30, 3)
(10, 31, 3)
(10, 32, 3)
(10, 33, 3)
(10, 34, 3)
(10, 35, 3)
(10, 36, 3)
(10, 37, 3)
(10, 38, 3)
(10, 39, 3)

(11, 0, 166)
(11, 1, 126)
(11, 2, 88)
(11, 3, 37)
(11, 4, 27)
(11, 5, 22)
(11, 6, 18)
(11, 7, 14)
(11, 8, 14)
(11, 9, 13)
(11, 10, 13)
(11, 11, 9)
(11, 12, 8)
(11, 13, 8)
(11, 14, 7)
(11, 15, 7)
(11, 16, 7)
(11, 17, 5)
(11, 18, 5)
(11, 19, 5)
(11, 20, 5)
(11, 21, 5)
(11, 22, 5)
(11, 23, 5)
(11, 24, 5)
(11, 25, 5)
(11, 26, 5)
(11, 27, 5)
(11, 28, 5)
(11, 29, 4)
(11, 30, 3)
(11, 31, 3)
(11, 32, 3)
(11, 33, 3)
(11, 34, 3)
(11, 35, 3)
(11, 36, 3)
(11, 37, 3)
(11, 38, 3)
(11, 39, 3)

(12, 0, 166)
(12, 1, 126)
(12, 2, 88)
(12, 3, 37)
(12, 4, 27)
(12, 5, 22)
(12, 6, 18)
(12, 7, 14)
(12, 8, 14)
(12, 9, 13)
(12, 10, 13)
(12, 11, 9)
(12, 12, 8)
(12, 13, 8)
(12, 14, 7)
(12, 15, 7)
(12, 16, 7)
(12, 17, 5)
(12, 18, 5)
(12, 19, 5)
(12, 20, 5)
(12, 21, 5)
(12, 22, 5)
(12, 23, 5)
(12, 24, 5)
(12, 25, 5)
(12, 26, 5)
(12, 27, 5)
(12, 28, 5)
(12, 29, 4)
(12, 30, 3)
(12, 31, 3)
(12, 32, 3)
(12, 33, 3)
(12, 34, 3)
(12, 35, 3)
(12, 36, 3)
(12, 37, 3)
(12, 38, 3)
(12, 39, 3)

(13, 0, 169)
(13, 1, 129)
(13, 2, 91)
(13, 3, 40)
(13, 4, 30)
(13, 5, 25)
(13, 6, 20)
(13, 7, 16)
(13, 8, 16)
(13, 9, 15)
(13, 10, 15)
(13, 11, 11)
(13, 12, 10)
(13, 13, 10)
(13, 14, 9)
(13, 15, 9)
(13, 16, 9)
(13, 17, 7)
(13, 18, 7)
(13, 19, 7)
(13, 20, 7)
(13, 21, 7)
(13, 22, 7)
(13, 23, 7)
(13, 24, 7)
(13, 25, 6)
(13, 26, 6)
(13, 27, 6)
(13, 28, 6)
(13, 29, 5)
(13, 30, 4)
(13, 31, 4)
(13, 32, 4)
(13, 33, 4)
(13, 34, 4)
(13, 35, 4)
(13, 36, 4)
(13, 37, 4)
(13, 38, 4)
(13, 39, 4)

(14, 0, 169)
(14, 1, 129)
(14, 2, 91)
(14, 3, 40)
(14, 4, 30)
(14, 5, 25)
(14, 6, 20)
(14, 7, 16)
(14, 8, 16)
(14, 9, 15)
(14, 10, 15)
(14, 11, 11)
(14, 12, 10)
(14, 13, 10)
(14, 14, 9)
(14, 15, 9)
(14, 16, 9)
(14, 17, 7)
(14, 18, 7)
(14, 19, 7)
(14, 20, 7)
(14, 21, 7)
(14, 22, 7)
(14, 23, 7)
(14, 24, 7)
(14, 25, 6)
(14, 26, 6)
(14, 27, 6)
(14, 28, 6)
(14, 29, 5)
(14, 30, 4)
(14, 31, 4)
(14, 32, 4)
(14, 33, 4)
(14, 34, 4)
(14, 35, 4)
(14, 36, 4)
(14, 37, 4)
(14, 38, 4)
(14, 39, 4)

(15, 0, 170)
(15, 1, 130)
(15, 2, 92)
(15, 3, 41)
(15, 4, 31)
(15, 5, 26)
(15, 6, 21)
(15, 7, 17)
(15, 8, 17)
(15, 9, 16)
(15, 10, 16)
(15, 11, 12)
(15, 12, 11)
(15, 13, 11)
(15, 14, 10)
(15, 15, 9)
(15, 16, 9)
(15, 17, 7)
(15, 18, 7)
(15, 19, 7)
(15, 20, 7)
(15, 21, 7)
(15, 22, 7)
(15, 23, 7)
(15, 24, 7)
(15, 25, 6)
(15, 26, 6)
(15, 27, 6)
(15, 28, 6)
(15, 29, 5)
(15, 30, 4)
(15, 31, 4)
(15, 32, 4)
(15, 33, 4)
(15, 34, 4)
(15, 35, 4)
(15, 36, 4)
(15, 37, 4)
(15, 38, 4)
(15, 39, 4)

(16, 0, 173)
(16, 1, 133)
(16, 2, 95)
(16, 3, 44)
(16, 4, 34)
(16, 5, 28)
(16, 6, 23)
(16, 7, 19)
(16, 8, 19)
(16, 9, 18)
(16, 10, 18)
(16, 11, 14)
(16, 12, 13)
(16, 13, 13)
(16, 14, 12)
(16, 15, 10)
(16, 16, 10)
(16, 17, 7)
(16, 18, 7)
(16, 19, 7)
(16, 20, 7)
(16, 21, 7)
(16, 22, 7)
(16, 23, 7)
(16, 24, 7)
(16, 25, 6)
(16, 26, 6)
(16, 27, 6)
(16, 28, 6)
(16, 29, 5)
(16, 30, 4)
(16, 31, 4)
(16, 32, 4)
(16, 33, 4)
(16, 34, 4)
(16, 35, 4)
(16, 36, 4)
(16, 37, 4)
(16, 38, 4)
(16, 39, 4)

(17, 0, 175)
(17, 1, 135)
(17, 2, 97)
(17, 3, 46)
(17, 4, 36)
(17, 5, 29)
(17, 6, 24)
(17, 7, 20)
(17, 8, 20)
(17, 9, 19)
(17, 10, 19)
(17, 11, 15)
(17, 12, 14)
(17, 13, 14)
(17, 14, 13)
(17, 15, 11)
(17, 16, 10)
(17, 17, 7)
(17, 18, 7)
(17, 19, 7)
(17, 20, 7)
(17, 21, 7)
(17, 22, 7)
(17, 23, 7)
(17, 24, 7)
(17, 25, 6)
(17, 26, 6)
(17, 27, 6)
(17, 28, 6)
(17, 29, 5)
(17, 30, 4)
(17, 31, 4)
(17, 32, 4)
(17, 33, 4)
(17, 34, 4)
(17, 35, 4)
(17, 36, 4)
(17, 37, 4)
(17, 38, 4)
(17, 39, 4)

(18, 0, 176)
(18, 1, 136)
(18, 2, 98)
(18, 3, 47)
(18, 4, 37)
(18, 5, 29)
(18, 6, 24)
(18, 7, 20)
(18, 8, 20)
(18, 9, 19)
(18, 10, 19)
(18, 11, 15)
(18, 12, 14)
(18, 13, 14)
(18, 14, 13)
(18, 15, 11)
(18, 16, 10)
(18, 17, 7)
(18, 18, 7)
(18, 19, 7)
(18, 20, 7)
(18, 21, 7)
(18, 22, 7)
(18, 23, 7)
(18, 24, 7)
(18, 25, 6)
(18, 26, 6)
(18, 27, 6)
(18, 28, 6)
(18, 29, 5)
(18, 30, 4)
(18, 31, 4)
(18, 32, 4)
(18, 33, 4)
(18, 34, 4)
(18, 35, 4)
(18, 36, 4)
(18, 37, 4)
(18, 38, 4)
(18, 39, 4)

(19, 0, 176)
(19, 1, 136)
(19, 2, 98)
(19, 3, 47)
(19, 4, 37)
(19, 5, 29)
(19, 6, 24)
(19, 7, 20)
(19, 8, 20)
(19, 9, 19)
(19, 10, 19)
(19, 11, 15)
(19, 12, 14)
(19, 13, 14)
(19, 14, 13)
(19, 15, 11)
(19, 16, 10)
(19, 17, 7)
(19, 18, 7)
(19, 19, 7)
(19, 20, 7)
(19, 21, 7)
(19, 22, 7)
(19, 23, 7)
(19, 24, 7)
(19, 25, 6)
(19, 26, 6)
(19, 27, 6)
(19, 28, 6)
(19, 29, 5)
(19, 30, 4)
(19, 31, 4)
(19, 32, 4)
(19, 33, 4)
(19, 34, 4)
(19, 35, 4)
(19, 36, 4)
(19, 37, 4)
(19, 38, 4)
(19, 39, 4)

(20, 0, 209)
(20, 1, 159)
(20, 2, 116)
(20, 3, 57)
(20, 4, 46)
(20, 5, 34)
(20, 6, 29)
(20, 7, 25)
(20, 8, 25)
(20, 9, 24)
(20, 10, 24)
(20, 11, 20)
(20, 12, 19)
(20, 13, 19)
(20, 14, 16)
(20, 15, 14)
(20, 16, 13)
(20, 17, 10)
(20, 18, 10)
(20, 19, 10)
(20, 20, 10)
(20, 21, 10)
(20, 22, 10)
(20, 23, 10)
(20, 24, 10)
(20, 25, 9)
(20, 26, 9)
(20, 27, 9)
(20, 28, 9)
(20, 29, 8)
(20, 30, 7)
(20, 31, 7)
(20, 32, 7)
(20, 33, 7)
(20, 34, 7)
(20, 35, 7)
(20, 36, 7)
(20, 37, 7)
(20, 38, 7)
(20, 39, 7)

(21, 0, 245)
(21, 1, 183)
(21, 2, 137)
(21, 3, 68)
(21, 4, 56)
(21, 5, 40)
(21, 6, 35)
(21, 7, 31)
(21, 8, 29)
(21, 9, 28)
(21, 10, 28)
(21, 11, 23)
(21, 12, 21)
(21, 13, 21)
(21, 14, 18)
(21, 15, 16)
(21, 16, 15)
(21, 17, 11)
(21, 18, 11)
(21, 19, 11)
(21, 20, 11)
(21, 21, 11)
(21, 22, 11)
(21, 23, 11)
(21, 24, 11)
(21, 25, 10)
(21, 26, 10)
(21, 27, 10)
(21, 28, 10)
(21, 29, 9)
(21, 30, 8)
(21, 31, 8)
(21, 32, 8)
(21, 33, 8)
(21, 34, 8)
(21, 35, 8)
(21, 36, 8)
(21, 37, 8)
(21, 38, 8)
(21, 39, 8)

(22, 0, 264)
(22, 1, 202)
(22, 2, 146)
(22, 3, 74)
(22, 4, 60)
(22, 5, 44)
(22, 6, 39)
(22, 7, 35)
(22, 8, 33)
(22, 9, 32)
(22, 10, 32)
(22, 11, 26)
(22, 12, 24)
(22, 13, 24)
(22, 14, 20)
(22, 15, 18)
(22, 16, 16)
(22, 17, 12)
(22, 18, 12)
(22, 19, 11)
(22, 20, 11)
(22, 21, 11)
(22, 22, 11)
(22, 23, 11)
(22, 24, 11)
(22, 25, 10)
(22, 26, 10)
(22, 27, 10)
(22, 28, 10)
(22, 29, 8)
(22, 30, 7)
(22, 31, 7)
(22, 32, 7)
(22, 33, 7)
(22, 34, 7)
(22, 35, 7)
(22, 36, 7)
(22, 37, 7)
(22, 38, 7)
(22, 39, 7)

(23, 0, 274)
(23, 1, 212)
(23, 2, 151)
(23, 3, 79)
(23, 4, 65)
(23, 5, 49)
(23, 6, 44)
(23, 7, 40)
(23, 8, 38)
(23, 9, 37)
(23, 10, 37)
(23, 11, 31)
(23, 12, 29)
(23, 13, 28)
(23, 14, 24)
(23, 15, 22)
(23, 16, 20)
(23, 17, 16)
(23, 18, 16)
(23, 19, 14)
(23, 20, 14)
(23, 21, 14)
(23, 22, 14)
(23, 23, 14)
(23, 24, 14)
(23, 25, 13)
(23, 26, 13)
(23, 27, 13)
(23, 28, 12)
(23, 29, 10)
(23, 30, 9)
(23, 31, 9)
(23, 32, 9)
(23, 33, 9)
(23, 34, 9)
(23, 35, 9)
(23, 36, 9)
(23, 37, 9)
(23, 38, 9)
(23, 39, 9)

(24, 0, 327)
(24, 1, 254)
(24, 2, 170)
(24, 3, 86)
(24, 4, 71)
(24, 5, 51)
(24, 6, 45)
(24, 7, 40)
(24, 8, 38)
(24, 9, 37)
(24, 10, 37)
(24, 11, 31)
(24, 12, 29)
(24, 13, 28)
(24, 14, 24)
(24, 15, 22)
(24, 16, 20)
(24, 17, 16)
(24, 18, 16)
(24, 19, 14)
(24, 20, 14)
(24, 21, 13)
(24, 22, 13)
(24, 23, 13)
(24, 24, 13)
(24, 25, 12)
(24, 26, 12)
(24, 27, 12)
(24, 28, 12)
(24, 29, 9)
(24, 30, 8)
(24, 31, 8)
(24, 32, 8)
(24, 33, 8)
(24, 34, 8)
(24, 35, 8)
(24, 36, 8)
(24, 37, 8)
(24, 38, 8)
(24, 39, 8)

(25, 0, 361)
(25, 1, 288)
(25, 2, 198)
(25, 3, 113)
(25, 4, 83)
(25, 5, 57)
(25, 6, 49)
(25, 7, 42)
(25, 8, 38)
(25, 9, 37)
(25, 10, 37)
(25, 11, 31)
(25, 12, 29)
(25, 13, 28)
(25, 14, 24)
(25, 15, 22)
(25, 16, 20)
(25, 17, 16)
(25, 18, 16)
(25, 19, 13)
(25, 20, 13)
(25, 21, 13)
(25, 22, 12)
(25, 23, 12)
(25, 24, 12)
(25, 25, 11)
(25, 26, 11)
(25, 27, 11)
(25, 28, 11)
(25, 29, 9)
(25, 30, 8)
(25, 31, 8)
(25, 32, 8)
(25, 33, 8)
(25, 34, 8)
(25, 35, 8)
(25, 36, 8)
(25, 37, 8)
(25, 38, 8)
(25, 39, 8)

(26, 0, 376)
(26, 1, 303)
(26, 2, 207)
(26, 3, 122)
(26, 4, 87)
(26, 5, 56)
(26, 6, 49)
(26, 7, 42)
(26, 8, 38)
(26, 9, 37)
(26, 10, 37)
(26, 11, 31)
(26, 12, 29)
(26, 13, 28)
(26, 14, 24)
(26, 15, 22)
(26, 16, 20)
(26, 17, 16)
(26, 18, 16)
(26, 19, 13)
(26, 20, 12)
(26, 21, 12)
(26, 22, 12)
(26, 23, 12)
(26, 24, 12)
(26, 25, 11)
(26, 26, 11)
(26, 27, 11)
(26, 28, 11)
(26, 29, 9)
(26, 30, 8)
(26, 31, 8)
(26, 32, 8)
(26, 33, 8)
(26, 34, 8)
(26, 35, 8)
(26, 36, 8)
(26, 37, 8)
(26, 38, 8)
(26, 39, 8)

(27, 0, 376)
(27, 1, 303)
(27, 2, 207)
(27, 3, 122)
(27, 4, 87)
(27, 5, 56)
(27, 6, 49)
(27, 7, 42)
(27, 8, 38)
(27, 9, 37)
(27, 10, 37)
(27, 11, 31)
(27, 12, 29)
(27, 13, 28)
(27, 14, 24)
(27, 15, 22)
(27, 16, 20)
(27, 17, 16)
(27, 18, 16)
(27, 19, 13)
(27, 20, 12)
(27, 21, 12)
(27, 22, 12)
(27, 23, 12)
(27, 24, 12)
(27, 25, 11)
(27, 26, 11)
(27, 27, 11)
(27, 28, 11)
(27, 29, 9)
(27, 30, 8)
(27, 31, 8)
(27, 32, 8)
(27, 33, 8)
(27, 34, 8)
(27, 35, 8)
(27, 36, 8)
(27, 37, 8)
(27, 38, 8)
(27, 39, 8)

(28, 0, 376)
(28, 1, 303)
(28, 2, 207)
(28, 3, 122)
(28, 4, 87)
(28, 5, 56)
(28, 6, 49)
(28, 7, 42)
(28, 8, 38)
(28, 9, 37)
(28, 10, 37)
(28, 11, 31)
(28, 12, 29)
(28, 13, 28)
(28, 14, 24)
(28, 15, 22)
(28, 16, 20)
(28, 17, 16)
(28, 18, 16)
(28, 19, 13)
(28, 20, 12)
(28, 21, 12)
(28, 22, 12)
(28, 23, 12)
(28, 24, 12)
(28, 25, 11)
(28, 26, 11)
(28, 27, 11)
(28, 28, 11)
(28, 29, 9)
(28, 30, 8)
(28, 31, 8)
(28, 32, 8)
(28, 33, 8)
(28, 34, 8)
(28, 35, 8)
(28, 36, 8)
(28, 37, 8)
(28, 38, 8)
(28, 39, 8)

(29, 0, 377)
(29, 1, 304)
(29, 2, 208)
(29, 3, 123)
(29, 4, 88)
(29, 5, 57)
(29, 6, 50)
(29, 7, 43)
(29, 8, 39)
(29, 9, 38)
(29, 10, 38)
(29, 11, 32)
(29, 12, 30)
(29, 13, 29)
(29, 14, 25)
(29, 15, 23)
(29, 16, 21)
(29, 17, 17)
(29, 18, 17)
(29, 19, 14)
(29, 20, 13)
(29, 21, 13)
(29, 22, 13)
(29, 23, 13)
(29, 24, 13)
(29, 25, 12)
(29, 26, 12)
(29, 27, 12)
(29, 28, 12)
(29, 29, 10)
(29, 30, 9)
(29, 31, 9)
(29, 32, 9)
(29, 33, 9)
(29, 34, 9)
(29, 35, 9)
(29, 36, 9)
(29, 37, 9)
(29, 38, 9)
(29, 39, 9)

(30, 0, 378)
(30, 1, 305)
(30, 2, 209)
(30, 3, 124)
(30, 4, 89)
(30, 5, 58)
(30, 6, 51)
(30, 7, 44)
(30, 8, 40)
(30, 9, 39)
(30, 10, 39)
(30, 11, 33)
(30, 12, 31)
(30, 13, 30)
(30, 14, 26)
(30, 15, 24)
(30, 16, 21)
(30, 17, 17)
(30, 18, 17)
(30, 19, 14)
(30, 20, 13)
(30, 21, 13)
(30, 22, 13)
(30, 23, 13)
(30, 24, 13)
(30, 25, 12)
(30, 26, 12)
(30, 27, 12)
(30, 28, 12)
(30, 29, 10)
(30, 30, 9)
(30, 31, 9)
(30, 32, 9)
(30, 33, 9)
(30, 34, 9)
(30, 35, 9)
(30, 36, 9)
(30, 37, 9)
(30, 38, 9)
(30, 39, 9)

(31, 0, 379)
(31, 1, 306)
(31, 2, 210)
(31, 3, 125)
(31, 4, 90)
(31, 5, 59)
(31, 6, 52)
(31, 7, 45)
(31, 8, 41)
(31, 9, 40)
(31, 10, 40)
(31, 11, 34)
(31, 12, 32)
(31, 13, 31)
(31, 14, 27)
(31, 15, 25)
(31, 16, 22)
(31, 17, 18)
(31, 18, 18)
(31, 19, 15)
(31, 20, 14)
(31, 21, 14)
(31, 22, 14)
(31, 23, 14)
(31, 24, 14)
(31, 25, 13)
(31, 26, 13)
(31, 27, 13)
(31, 28, 13)
(31, 29, 11)
(31, 30, 10)
(31, 31, 10)
(31, 32, 10)
(31, 33, 10)
(31, 34, 10)
(31, 35, 10)
(31, 36, 10)
(31, 37, 10)
(31, 38, 10)
(31, 39, 10)

(32, 0, 399)
(32, 1, 318)
(32, 2, 219)
(32, 3, 126)
(32, 4, 91)
(32, 5, 60)
(32, 6, 53)
(32, 7, 46)
(32, 8, 42)
(32, 9, 41)
(32, 10, 41)
(32, 11, 35)
(32, 12, 33)
(32, 13, 32)
(32, 14, 28)
(32, 15, 26)
(32, 16, 23)
(32, 17, 19)
(32, 18, 19)
(32, 19, 16)
(32, 20, 15)
(32, 21, 15)
(32, 22, 15)
(32, 23, 15)
(32, 24, 15)
(32, 25, 14)
(32, 26, 14)
(32, 27, 14)
(32, 28, 14)
(32, 29, 12)
(32, 30, 11)
(32, 31, 11)
(32, 32, 11)
(32, 33, 11)
(32, 34, 11)
(32, 35, 11)
(32, 36, 11)
(32, 37, 11)
(32, 38, 11)
(32, 39, 11)

(33, 0, 425)
(33, 1, 336)
(33, 2, 225)
(33, 3, 129)
(33, 4, 94)
(33, 5, 62)
(33, 6, 55)
(33, 7, 47)
(33, 8, 43)
(33, 9, 42)
(33, 10, 42)
(33, 11, 36)
(33, 12, 34)
(33, 13, 33)
(33, 14, 29)
(33, 15, 26)
(33, 16, 23)
(33, 17, 19)
(33, 18, 19)
(33, 19, 16)
(33, 20, 15)
(33, 21, 15)
(33, 22, 15)
(33, 23, 15)
(33, 24, 15)
(33, 25, 14)
(33, 26, 14)
(33, 27, 14)
(33, 28, 14)
(33, 29, 12)
(33, 30, 11)
(33, 31, 11)
(33, 32, 11)
(33, 33, 11)
(33, 34, 11)
(33, 35, 11)
(33, 36, 11)
(33, 37, 11)
(33, 38, 11)
(33, 39, 11)

(34, 0, 434)
(34, 1, 345)
(34, 2, 230)
(34, 3, 132)
(34, 4, 95)
(34, 5, 64)
(34, 6, 56)
(34, 7, 48)
(34, 8, 44)
(34, 9, 43)
(34, 10, 43)
(34, 11, 37)
(34, 12, 35)
(34, 13, 34)
(34, 14, 30)
(34, 15, 27)
(34, 16, 24)
(34, 17, 20)
(34, 18, 20)
(34, 19, 17)
(34, 20, 16)
(34, 21, 16)
(34, 22, 16)
(34, 23, 16)
(34, 24, 16)
(34, 25, 15)
(34, 26, 15)
(34, 27, 15)
(34, 28, 15)
(34, 29, 13)
(34, 30, 12)
(34, 31, 12)
(34, 32, 12)
(34, 33, 12)
(34, 34, 12)
(34, 35, 12)
(34, 36, 12)
(34, 37, 12)
(34, 38, 12)
(34, 39, 12)

(35, 0, 453)
(35, 1, 364)
(35, 2, 242)
(35, 3, 142)
(35, 4, 104)
(35, 5, 73)
(35, 6, 63)
(35, 7, 55)
(35, 8, 51)
(35, 9, 50)
(35, 10, 49)
(35, 11, 42)
(35, 12, 40)
(35, 13, 39)
(35, 14, 35)
(35, 15, 32)
(35, 16, 28)
(35, 17, 24)
(35, 18, 23)
(35, 19, 20)
(35, 20, 19)
(35, 21, 19)
(35, 22, 19)
(35, 23, 19)
(35, 24, 19)
(35, 25, 18)
(35, 26, 18)
(35, 27, 18)
(35, 28, 18)
(35, 29, 15)
(35, 30, 14)
(35, 31, 14)
(35, 32, 14)
(35, 33, 14)
(35, 34, 13)
(35, 35, 13)
(35, 36, 13)
(35, 37, 13)
(35, 38, 13)
(35, 39, 13)

(36, 0, 480)
(36, 1, 391)
(36, 2, 259)
(36, 3, 156)
(36, 4, 115)
(36, 5, 80)
(36, 6, 69)
(36, 7, 61)
(36, 8, 57)
(36, 9, 56)
(36, 10, 54)
(36, 11, 45)
(36, 12, 43)
(36, 13, 41)
(36, 14, 36)
(36, 15, 33)
(36, 16, 29)
(36, 17, 25)
(36, 18, 23)
(36, 19, 20)
(36, 20, 19)
(36, 21, 19)
(36, 22, 19)
(36, 23, 19)
(36, 24, 18)
(36, 25, 17)
(36, 26, 17)
(36, 27, 17)
(36, 28, 17)
(36, 29, 14)
(36, 30, 13)
(36, 31, 13)
(36, 32, 13)
(36, 33, 13)
(36, 34, 13)
(36, 35, 13)
(36, 36, 13)
(36, 37, 13)
(36, 38, 13)
(36, 39, 13)

(37, 0, 490)
(37, 1, 401)
(37, 2, 267)
(37, 3, 161)
(37, 4, 120)
(37, 5, 82)
(37, 6, 71)
(37, 7, 63)
(37, 8, 59)
(37, 9, 58)
(37, 10, 56)
(37, 11, 47)
(37, 12, 45)
(37, 13, 43)
(37, 14, 38)
(37, 15, 35)
(37, 16, 31)
(37, 17, 27)
(37, 18, 25)
(37, 19, 22)
(37, 20, 21)
(37, 21, 21)
(37, 22, 21)
(37, 23, 21)
(37, 24, 19)
(37, 25, 18)
(37, 26, 18)
(37, 27, 18)
(37, 28, 18)
(37, 29, 15)
(37, 30, 14)
(37, 31, 14)
(37, 32, 14)
(37, 33, 14)
(37, 34, 14)
(37, 35, 14)
(37, 36, 14)
(37, 37, 14)
(37, 38, 14)
(37, 39, 14)

(38, 0, 502)
(38, 1, 413)
(38, 2, 277)
(38, 3, 171)
(38, 4, 129)
(38, 5, 90)
(38, 6, 77)
(38, 7, 69)
(38, 8, 62)
(38, 9, 61)
(38, 10, 58)
(38, 11, 49)
(38, 12, 47)
(38, 13, 45)
(38, 14, 40)
(38, 15, 37)
(38, 16, 33)
(38, 17, 29)
(38, 18, 27)
(38, 19, 23)
(38, 20, 22)
(38, 21, 22)
(38, 22, 22)
(38, 23, 22)
(38, 24, 19)
(38, 25, 18)
(38, 26, 18)
(38, 27, 18)
(38, 28, 18)
(38, 29, 15)
(38, 30, 14)
(38, 31, 14)
(38, 32, 14)
(38, 33, 14)
(38, 34, 14)
(38, 35, 14)
(38, 36, 14)
(38, 37, 14)
(38, 38, 14)
(38, 39, 14)

(39, 0, 588)
(39, 1, 480)
(39, 2, 320)
(39, 3, 200)
(39, 4, 143)
(39, 5, 94)
(39, 6, 79)
(39, 7, 68)
(39, 8, 61)
(39, 9, 60)
(39, 10, 58)
(39, 11, 49)
(39, 12, 47)
(39, 13, 45)
(39, 14, 40)
(39, 15, 37)
(39, 16, 33)
(39, 17, 29)
(39, 18, 27)
(39, 19, 23)
(39, 20, 21)
(39, 21, 21)
(39, 22, 21)
(39, 23, 21)
(39, 24, 19)
(39, 25, 17)
(39, 26, 17)
(39, 27, 17)
(39, 28, 17)
(39, 29, 14)
(39, 30, 13)
(39, 31, 13)
(39, 32, 13)
(39, 33, 13)
(39, 34, 13)
(39, 35, 13)
(39, 36, 13)
(39, 37, 13)
(39, 38, 13)
(39, 39, 13)


Betti numbers:
xi_0:
(0, 0, 24)
(1, 0, 29)
(2, 0, 24)
(3, 0, 2)
(4, 0, 1)
(5, 0, 1)
(6, 0, 13)
(7, 0, 25)
(8, 0, 26)
(9, 0, 19)
(10, 0, 1)
(11, 0, 1)
(13, 0, 3)
(15, 0, 1)
(16, 0, 3)
(17, 0, 2)
(18, 0, 1)
(20, 0, 33)
(21, 0, 36)
(22, 0, 19)
(23, 0, 10)
(24, 0, 53)
(25, 0, 34)
(26, 0, 15)
(29, 0, 1)
(30, 0, 1)
(31, 0, 1)
(32, 0, 20)
(33, 0, 26)
(34, 0, 9)
(35, 0, 19)
(36, 0, 27)
(37, 0, 10)
(38, 0, 12)
(39, 0, 86)
xi_1:
(0, 1, 6)
(0, 2, 2)
(0, 3, 10)
(0, 4, 3)
(0, 5, 1)
(0, 7, 1)
(1, 1, 7)
(1, 2, 7)
(1, 3, 10)
(1, 4, 2)
(1, 5, 1)
(1, 7, 1)
(1, 13, 1)
(2, 1, 5)
(2, 2, 12)
(2, 3, 2)
(2, 4, 5)
(2, 5, 2)
(2, 29, 1)
(3, 2, 1)
(3, 9, 1)
(4, 17, 1)
(6, 1, 3)
(6, 2, 1)
(6, 3, 3)
(6, 4, 1)
(6, 6, 2)
(6, 7, 2)
(7, 1, 10)
(7, 2, 1)
(7, 3, 13)
(7, 6, 2)
(8, 1, 9)
(8, 2, 4)
(8, 3, 8)
(8, 5, 1)
(8, 7, 1)
(8, 11, 1)
(8, 13, 1)
(8, 14, 1)
(9, 2, 10)
(9, 3, 5)
(9, 4, 1)
(9, 11, 3)
(9, 12, 1)
(9, 30, 1)
(10, 5, 1)
(11, 17, 1)
(13, 6, 1)
(13, 25, 1)
(15, 15, 1)
(16, 5, 1)
(16, 15, 1)
(16, 17, 1)
(17, 5, 1)
(17, 16, 1)
(18, 5, 1)
(20, 1, 10)
(20, 2, 5)
(20, 3, 8)
(20, 4, 1)
(20, 5, 4)
(20, 14, 2)
(21, 1, 12)
(21, 2, 3)
(21, 3, 10)
(21, 4, 2)
(21, 5, 4)
(21, 8, 2)
(21, 11, 1)
(21, 12, 1)
(21, 17, 1)
(22, 2, 10)
(22, 3, 3)
(22, 4, 2)
(22, 11, 1)
(22, 14, 1)
(22, 16, 1)
(22, 19, 1)
(22, 29, 1)
(23, 2, 5)
(23, 13, 1)
(23, 16, 1)
(23, 19, 1)
(23, 28, 1)
(24, 1, 11)
(24, 2, 23)
(24, 3, 12)
(24, 4, 1)
(24, 5, 4)
(24, 6, 1)
(24, 7, 1)
(24, 21, 1)
(24, 29, 1)
(25, 2, 6)
(25, 3, 1)
(25, 4, 15)
(25, 5, 6)
(25, 6, 2)
(25, 7, 2)
(25, 8, 2)
(25, 19, 1)
(25, 22, 1)
(26, 2, 6)
(26, 4, 5)
(26, 5, 6)
(26, 20, 1)
(30, 16, 1)
(32, 1, 8)
(32, 2, 3)
(32, 3, 8)
(33, 1, 8)
(33, 2, 12)
(33, 3, 3)
(33, 5, 1)
(33, 7, 1)
(33, 15, 1)
(34, 2, 4)
(34, 3, 2)
(34, 4, 2)
(34, 6, 1)
(35, 2, 7)
(35, 3, 2)
(35, 4, 1)
(35, 6, 2)
(35, 10, 1)
(35, 11, 1)
(35, 16, 1)
(35, 18, 1)
(35, 29, 1)
(35, 34, 1)
(36, 2, 10)
(36, 3, 3)
(36, 4, 3)
(36, 5, 4)
(36, 6, 1)
(36, 10, 1)
(36, 11, 2)
(36, 13, 1)
(36, 14, 1)
(36, 18, 1)
(36, 24, 1)
(37, 2, 2)
(37, 3, 3)
(37, 5, 3)
(37, 24, 1)
(38, 2, 2)
(38, 4, 1)
(38, 5, 1)
(38, 6, 2)
(38, 8, 3)
(38, 10, 1)
(38, 19, 1)
(38, 24, 1)
(39, 1, 19)
(39, 2, 24)
(39, 3, 14)
(39, 4, 15)
(39, 5, 10)
(39, 6, 2)
(39, 7, 3)
(39, 20, 1)
(39, 25, 1)
xi_2:
(1, 5, 1)
(2, 4, 1)
(2, 13, 1)
(7, 4, 1)
(7, 7, 1)
(9, 13, 1)
(21, 4, 1)
(23, 16, 1)
(24, 28, 1)
(25, 21, 1)
(25, 29, 1)
(26, 5, 1)
(26, 6, 1)
(26, 22, 1)
(34, 5, 1)
(36, 34, 1)
(39, 10, 1)
(39, 24, 1)
