x-grades
-8639319779771595057/4000000000000000000
-4210423978645481057/2000000000000000000
-8202376134810329171/4000000000000000000
-1995976078082424057/1000000000000000000
-1553086497969812657/800000000000000000
-3773480333684215171/2000000000000000000
-7328488844887797399/4000000000000000000
-888752127800895557/500000000000000000
-6891545199926531513/4000000000000000000
-667307337744589857/400000000000000000
-6454601554965265627/4000000000000000000
-1559032433121158171/1000000000000000000
-6017657910003999741/4000000000000000000
-2899593043761683399/2000000000000000000
-1116142853008546771/800000000000000000
-335140152660131307/250000000000000000
-5143770620081467969/4000000000000000000
-2462649398800417513/2000000000000000000
-4706826975120202083/4000000000000000000
-224417757631978457/200000000000000000
-4269883330158936197/4000000000000000000
-2025705753839151627/2000000000000000000
-3832939685197670311/4000000000000000000
-451808482839629671/500000000000000000
-135839841609456177/160000000000000000
-1588762108877885741/2000000000000000000
-2959052395275138539/4000000000000000000
-685145143198626399/1000000000000000000
-2522108750313872653/4000000000000000000
-230363692783323971/400000000000000000
-2085165105352606767/4000000000000000000
-29167082544874591/62500000000000000
-1648221460391340881/4000000000000000000
-714874818955353969/2000000000000000000
-242255563086014999/800000000000000000
-248201498237360513/1000000000000000000
-774334170468809109/4000000000000000000
-277931173994088083/2000000000000000000
-337390525507543223/4000000000000000000
-2972967575672757/100000000000000000

y-grades
9893179/40000000
9893179/20000000
29679537/40000000
9893179/10000000
9893179/8000000
29679537/20000000
69252253/40000000
9893179/5000000
89038611/40000000
9893179/4000000
108824969/40000000
29679537/10000000
128611327/40000000
69252253/20000000
29679537/8000000
9893179/2500000
168184043/40000000
89038611/20000000
187970401/40000000
9893179/2000000
207756759/40000000
108824969/20000000
227543117/40000000
29679537/5000000
9893179/1600000
128611327/20000000
267115833/40000000
69252253/10000000
286902191/40000000
29679537/4000000
306688549/40000000
9893179/1250000
326474907/40000000
168184043/20000000
69252253/8000000
89038611/10000000
366047623/40000000
187970401/20000000
385833981/40000000
9893179/1000000

Dimensions > 0:
(0, 0, 2)
(0, 1, 2)
(0, 2, 2)
(0, 3, 2)
(0, 4, 2)
(0, 5, 2)
(0, 6, 2)
(0, 7, 2)
(0, 8, 2)
(0, 9, 2)
(0, 10, 2)
(0, 11, 2)
(0, 12, 2)
(0, 13, 2)
(0, 14, 1)
(0, 15, 1)
(0, 16, 1)
(0, 17, 1)
(0, 18, 1)
(0, 19, 1)
(0, 20, 1)
(0, 21, 1)
(0, 22, 1)
(0, 23, 1)
(0, 24, 1)
(0, 25, 1)
(0, 26, 1)
(0, 27, 1)
(0, 28, 1)
(0, 29, 1)
(0, 30, 1)
(0, 31, 1)
(0, 32, 1)
(0, 33, 1)
(0, 34, 1)
(0, 35, 1)
(0, 36, 1)
(0, 37, 1)
(0, 38, 1)
(0, 39, 1)

(1, 0, 11)
(1, 1, 7)
(1, 2, 7)
(1, 3, 4)
(1, 4, 3)
(1, 5, 3)
(1, 6, 3)
(1, 7, 3)
(1, 8, 3)
(1, 9, 3)
(1, 10, 3)
(1, 11, 3)
(1, 12, 3)
(1, 13, 2)
(1, 14, 1)
(1, 15, 1)
(1, 16, 1)
(1, 17, 1)
(1, 18, 1)
(1, 19, 1)
(1, 20, 1)
(1, 21, 1)
(1, 22, 1)
(1, 23, 1)
(1, 24, 1)
(1, 25, 1)
(1, 26, 1)
(1, 27, 1)
(1, 28, 1)
(1, 29, 1)
(1, 30, 1)
(1, 31, 1)
(1, 32, 1)
(1, 33, 1)
(1, 34, 1)
(1, 35, 1)
(1, 36, 1)
(1, 37, 1)
(1, 38, 1)
(1, 39, 1)

(2, 0, 24)
(2, 1, 11)
(2, 2, 10)
(2, 3, 5)
(2, 4, 4)
(2, 5, 4)
(2, 6, 4)
(2, 7, 4)
(2, 8, 4)
(2, 9, 4)
(2, 10, 4)
(2, 11, 4)
(2, 12, 3)
(2, 13, 2)
(2, 14, 1)
(2, 15, 1)
(2, 16, 1)
(2, 17, 1)
(2, 18, 1)
(2, 19, 1)
(2, 20, 1)
(2, 21, 1)
(2, 22, 1)
(2, 23, 1)
(2, 24, 1)
(2, 25, 1)
(2, 26, 1)
(2, 27, 1)
(2, 28, 1)
(2, 29, 1)
(2, 30, 1)
(2, 31, 1)
(2, 32, 1)
(2, 33, 1)
(2, 34, 1)
(2, 35, 1)
(2, 36, 1)
(2, 37, 1)
(2, 38, 1)
(2, 39, 1)

(3, 0, 33)
(3, 1, 18)
(3, 2, 17)
(3, 3, 8)
(3, 4, 7)
(3, 5, 6)
(3, 6, 6)
(3, 7, 6)
(3, 8, 6)
(3, 9, 6)
(3, 10, 6)
(3, 11, 6)
(3, 12, 5)
(3, 13, 4)
(3, 14, 3)
(3, 15, 3)
(3, 16, 3)
(3, 17, 3)
(3, 18, 3)
(3, 19, 3)
(3, 20, 3)
(3, 21, 3)
(3, 22, 3)
(3, 23, 3)
(3, 24, 3)
(3, 25, 3)
(3, 26, 3)
(3, 27, 2)
(3, 28, 2)
(3, 29, 2)
(3, 30, 2)
(3, 31, 2)
(3, 32, 2)
(3, 33, 2)
(3, 34, 2)
(3, 35, 2)
(3, 36, 2)
(3, 37, 2)
(3, 38, 2)
(3, 39, 2)

(4, 0, 49)
(4, 1, 29)
(4, 2, 26)
(4, 3, 11)
(4, 4, 10)
(4, 5, 9)
(4, 6, 9)
(4, 7, 9)
(4, 8, 9)
(4, 9, 9)
(4, 10, 9)
(4, 11, 9)
(4, 12, 7)
(4, 13, 5)
(4, 14, 4)
(4, 15, 4)
(4, 16, 4)
(4, 17, 4)
(4, 18, 4)
(4, 19, 4)
(4, 20, 4)
(4, 21, 3)
(4, 22, 3)
(4, 23, 3)
(4, 24, 3)
(4, 25, 3)
(4, 26, 3)
(4, 27, 3)
(4, 28, 3)
(4, 29, 3)
(4, 30, 3)
(4, 31, 3)
(4, 32, 3)
(4, 33, 3)
(4, 34, 3)
(4, 35, 3)
(4, 36, 3)
(4, 37, 3)
(4, 38, 3)
(4, 39, 3)

(5, 0, 76)
(5, 1, 46)
(5, 2, 41)
(5, 3, 14)
(5, 4, 13)
(5, 5, 13)
(5, 6, 13)
(5, 7, 13)
(5, 8, 13)
(5, 9, 13)
(5, 10, 13)
(5, 11, 13)
(5, 12, 10)
(5, 13, 6)
(5, 14, 4)
(5, 15, 4)
(5, 16, 4)
(5, 17, 4)
(5, 18, 4)
(5, 19, 4)
(5, 20, 3)
(5, 21, 3)
(5, 22, 3)
(5, 23, 3)
(5, 24, 3)
(5, 25, 3)
(5, 26, 3)
(5, 27, 3)
(5, 28, 3)
(5, 29, 3)
(5, 30, 3)
(5, 31, 3)
(5, 32, 3)
(5, 33, 3)
(5, 34, 3)
(5, 35, 3)
(5, 36, 3)
(5, 37, 3)
(5, 38, 3)
(5, 39, 3)

(6, 0, 83)
(6, 1, 52)
(6, 2, 47)
(6, 3, 17)
(6, 4, 14)
(6, 5, 14)
(6, 6, 14)
(6, 7, 14)
(6, 8, 14)
(6, 9, 13)
(6, 10, 13)
(6, 11, 13)
(6, 12, 10)
(6, 13, 6)
(6, 14, 4)
(6, 15, 4)
(6, 16, 4)
(6, 17, 4)
(6, 18, 4)
(6, 19, 4)
(6, 20, 3)
(6, 21, 3)
(6, 22, 3)
(6, 23, 3)
(6, 24, 3)
(6, 25, 3)
(6, 26, 3)
(6, 27, 3)
(6, 28, 3)
(6, 29, 3)
(6, 30, 3)
(6, 31, 3)
(6, 32, 3)
(6, 33, 3)
(6, 34, 3)
(6, 35, 3)
(6, 36, 3)
(6, 37, 3)
(6, 38, 3)
(6, 39, 3)

(7, 0, 88)
(7, 1, 57)
(7, 2, 51)
(7, 3, 20)
(7, 4, 17)
(7, 5, 17)
(7, 6, 17)
(7, 7, 17)
(7, 8, 17)
(7, 9, 16)
(7, 10, 16)
(7, 11, 16)
(7, 12, 12)
(7, 13, 8)
(7, 14, 6)
(7, 15, 6)
(7, 16, 6)
(7, 17, 6)
(7, 18, 6)
(7, 19, 6)
(7, 20, 5)
(7, 21, 5)
(7, 22, 5)
(7, 23, 5)
(7, 24, 5)
(7, 25, 5)
(7, 26, 5)
(7, 27, 4)
(7, 28, 4)
(7, 29, 4)
(7, 30, 4)
(7, 31, 4)
(7, 32, 4)
(7, 33, 4)
(7, 34, 4)
(7, 35, 4)
(7, 36, 4)
(7, 37, 4)
(7, 38, 4)
(7, 39, 4)

(8, 0, 103)
(8, 1, 67)
(8, 2, 60)
(8, 3, 21)
(8, 4, 18)
(8, 5, 17)
(8, 6, 17)
(8, 7, 17)
(8, 8, 17)
(8, 9, 16)
(8, 10, 16)
(8, 11, 16)
(8, 12, 12)
(8, 13, 8)
(8, 14, 6)
(8, 15, 6)
(8, 16, 6)
(8, 17, 6)
(8, 18, 6)
(8, 19, 6)
(8, 20, 5)
(8, 21, 4)
(8, 22, 4)
(8, 23, 4)
(8, 24, 4)
(8, 25, 4)
(8, 26, 4)
(8, 27, 4)
(8, 28, 4)
(8, 29, 4)
(8, 30, 4)
(8, 31, 4)
(8, 32, 4)
(8, 33, 4)
(8, 34, 4)
(8, 35, 4)
(8, 36, 4)
(8, 37, 4)
(8, 38, 4)
(8, 39, 4)

(9, 0, 116)
(9, 1, 75)
(9, 2, 66)
(9, 3, 21)
(9, 4, 18)
(9, 5, 18)
(9, 6, 18)
(9, 7, 18)
(9, 8, 18)
(9, 9, 16)
(9, 10, 16)
(9, 11, 16)
(9, 12, 12)
(9, 13, 8)
(9, 14, 6)
(9, 15, 6)
(9, 16, 6)
(9, 17, 6)
(9, 18, 6)
(9, 19, 6)
(9, 20, 5)
(9, 21, 4)
(9, 22, 4)
(9, 23, 4)
(9, 24, 4)
(9, 25, 4)
(9, 26, 4)
(9, 27, 4)
(9, 28, 4)
(9, 29, 4)
(9, 30, 4)
(9, 31, 4)
(9, 32, 4)
(9, 33, 4)
(9, 34, 4)
(9, 35, 4)
(9, 36, 4)
(9, 37, 4)
(9, 38, 4)
(9, 39, 4)

(10, 0, 121)
(10, 1, 80)
(10, 2, 71)
(10, 3, 22)
(10, 4, 19)
(10, 5, 19)
(10, 6, 19)
(10, 7, 19)
(10, 8, 19)
(10, 9, 16)
(10, 10, 16)
(10, 11, 16)
(10, 12, 12)
(10, 13, 8)
(10, 14, 6)
(10, 15, 6)
(10, 16, 6)
(10, 17, 6)
(10, 18, 6)
(10, 19, 6)
(10, 20, 5)
(10, 21, 4)
(10, 22, 4)
(10, 23, 4)
(10, 24, 4)
(10, 25, 4)
(10, 26, 4)
(10, 27, 4)
(10, 28, 4)
(10, 29, 4)
(10, 30, 4)
(10, 31, 4)
(10, 32, 4)
(10, 33, 4)
(10, 34, 4)
(10, 35, 4)
(10, 36, 4)
(10, 37, 4)
(10, 38, 4)
(10, 39, 4)

(11, 0, 121)
(11, 1, 80)
(11, 2, 71)
(11, 3, 22)
(11, 4, 19)
(11, 5, 19)
(11, 6, 19)
(11, 7, 19)
(11, 8, 19)
(11, 9, 16)
(11, 10, 16)
(11, 11, 16)
(11, 12, 12)
(11, 13, 8)
(11, 14, 6)
(11, 15, 6)
(11, 16, 6)
(11, 17, 6)
(11, 18, 6)
(11, 19, 6)
(11, 20, 5)
(11, 21, 4)
(11, 22, 4)
(11, 23, 4)
(11, 24, 4)
(11, 25, 4)
(11, 26, 4)
(11, 27, 4)
(11, 28, 4)
(11, 29, 4)
(11, 30, 4)
(11, 31, 4)
(11, 32, 4)
(11, 33, 4)
(11, 34, 4)
(11, 35, 4)
(11, 36, 4)
(11, 37, 4)
(11, 38, 4)
(11, 39, 4)

(12, 0, 123)
(12, 1, 81)
(12, 2, 72)
(12, 3, 23)
(12, 4, 20)
(12, 5, 20)
(12, 6, 20)
(12, 7, 20)
(12, 8, 20)
(12, 9, 17)
(12, 10, 17)
(12, 11, 17)
(12, 12, 13)
(12, 13, 9)
(12, 14, 7)
(12, 15, 7)
(12, 16, 7)
(12, 17, 7)
(12, 18, 7)
(12, 19, 7)
(12, 20, 6)
(12, 21, 5)
(12, 22, 5)
(12, 23, 5)
(12, 24, 5)
(12, 25, 5)
(12, 26, 5)
(12, 27, 5)
(12, 28, 5)
(12, 29, 5)
(12, 30, 5)
(12, 31, 5)
(12, 32, 5)
(12, 33, 5)
(12, 34, 5)
(12, 35, 5)
(12, 36, 5)
(12, 37, 5)
(12, 38, 5)
(12, 39, 5)

(13, 0, 137)
(13, 1, 92)
(13, 2, 83)
(13, 3, 28)
(13, 4, 24)
(13, 5, 24)
(13, 6, 24)
(13, 7, 24)
(13, 8, 24)
(13, 9, 20)
(13, 10, 20)
(13, 11, 20)
(13, 12, 16)
(13, 13, 12)
(13, 14, 10)
(13, 15, 10)
(13, 16, 9)
(13, 17, 9)
(13, 18, 9)
(13, 19, 9)
(13, 20, 7)
(13, 21, 6)
(13, 22, 6)
(13, 23, 6)
(13, 24, 6)
(13, 25, 6)
(13, 26, 6)
(13, 27, 6)
(13, 28, 6)
(13, 29, 6)
(13, 30, 6)
(13, 31, 6)
(13, 32, 6)
(13, 33, 6)
(13, 34, 6)
(13, 35, 6)
(13, 36, 6)
(13, 37, 6)
(13, 38, 6)
(13, 39, 6)

(14, 0, 141)
(14, 1, 93)
(14, 2, 84)
(14, 3, 28)
(14, 4, 24)
(14, 5, 24)
(14, 6, 24)
(14, 7, 24)
(14, 8, 24)
(14, 9, 20)
(14, 10, 20)
(14, 11, 20)
(14, 12, 16)
(14, 13, 12)
(14, 14, 10)
(14, 15, 9)
(14, 16, 9)
(14, 17, 9)
(14, 18, 9)
(14, 19, 9)
(14, 20, 7)
(14, 21, 6)
(14, 22, 6)
(14, 23, 6)
(14, 24, 6)
(14, 25, 6)
(14, 26, 6)
(14, 27, 6)
(14, 28, 6)
(14, 29, 6)
(14, 30, 6)
(14, 31, 6)
(14, 32, 6)
(14, 33, 6)
(14, 34, 6)
(14, 35, 6)
(14, 36, 6)
(14, 37, 6)
(14, 38, 6)
(14, 39, 6)

(15, 0, 149)
(15, 1, 99)
(15, 2, 90)
(15, 3, 31)
(15, 4, 26)
(15, 5, 26)
(15, 6, 26)
(15, 7, 26)
(15, 8, 26)
(15, 9, 22)
(15, 10, 22)
(15, 11, 22)
(15, 12, 18)
(15, 13, 14)
(15, 14, 12)
(15, 15, 10)
(15, 16, 10)
(15, 17, 10)
(15, 18, 10)
(15, 19, 10)
(15, 20, 8)
(15, 21, 7)
(15, 22, 7)
(15, 23, 7)
(15, 24, 7)
(15, 25, 7)
(15, 26, 7)
(15, 27, 7)
(15, 28, 7)
(15, 29, 7)
(15, 30, 7)
(15, 31, 7)
(15, 32, 7)
(15, 33, 7)
(15, 34, 7)
(15, 35, 7)
(15, 36, 7)
(15, 37, 7)
(15, 38, 7)
(15, 39, 7)

(16, 0, 163)
(16, 1, 108)
(16, 2, 98)
(16, 3, 33)
(16, 4, 27)
(16, 5, 27)
(16, 6, 26)
(16, 7, 26)
(16, 8, 26)
(16, 9, 22)
(16, 10, 22)
(16, 11, 22)
(16, 12, 18)
(16, 13, 14)
(16, 14, 12)
(16, 15, 10)
(16, 16, 10)
(16, 17, 10)
(16, 18, 10)
(16, 19, 10)
(16, 20, 8)
(16, 21, 7)
(16, 22, 7)
(16, 23, 7)
(16, 24, 7)
(16, 25, 7)
(16, 26, 7)
(16, 27, 7)
(16, 28, 7)
(16, 29, 7)
(16, 30, 7)
(16, 31, 7)
(16, 32, 7)
(16, 33, 7)
(16, 34, 7)
(16, 35, 7)
(16, 36, 7)
(16, 37, 7)
(16, 38, 7)
(16, 39, 7)

(17, 0, 165)
(17, 1, 110)
(17, 2, 100)
(17, 3, 34)
(17, 4, 27)
(17, 5, 27)
(17, 6, 26)
(17, 7, 26)
(17, 8, 26)
(17, 9, 22)
(17, 10, 22)
(17, 11, 22)
(17, 12, 18)
(17, 13, 14)
(17, 14, 12)
(17, 15, 10)
(17, 16, 10)
(17, 17, 10)
(17, 18, 10)
(17, 19, 10)
(17, 20, 8)
(17, 21, 7)
(17, 22, 7)
(17, 23, 7)
(17, 24, 7)
(17, 25, 7)
(17, 26, 7)
(17, 27, 7)
(17, 28, 7)
(17, 29, 7)
(17, 30, 7)
(17, 31, 7)
(17, 32, 7)
(17, 33, 7)
(17, 34, 7)
(17, 35, 7)
(17, 36, 7)
(17, 37, 7)
(17, 38, 7)
(17, 39, 7)

(18, 0, 176)
(18, 1, 118)
(18, 2, 107)
(18, 3, 36)
(18, 4, 29)
(18, 5, 29)
(18, 6, 28)
(18, 7, 28)
(18, 8, 28)
(18, 9, 24)
(18, 10, 24)
(18, 11, 24)
(18, 12, 20)
(18, 13, 16)
(18, 14, 14)
(18, 15, 12)
(18, 16, 12)
(18, 17, 12)
(18, 18, 12)
(18, 19, 12)
(18, 20, 10)
(18, 21, 9)
(18, 22, 9)
(18, 23, 9)
(18, 24, 9)
(18, 25, 8)
(18, 26, 8)
(18, 27, 8)
(18, 28, 8)
(18, 29, 8)
(18, 30, 8)
(18, 31, 8)
(18, 32, 8)
(18, 33, 8)
(18, 34, 8)
(18, 35, 8)
(18, 36, 8)
(18, 37, 8)
(18, 38, 8)
(18, 39, 8)

(19, 0, 182)
(19, 1, 123)
(19, 2, 112)
(19, 3, 39)
(19, 4, 32)
(19, 5, 32)
(19, 6, 31)
(19, 7, 31)
(19, 8, 31)
(19, 9, 27)
(19, 10, 27)
(19, 11, 27)
(19, 12, 23)
(19, 13, 19)
(19, 14, 17)
(19, 15, 15)
(19, 16, 15)
(19, 17, 15)
(19, 18, 15)
(19, 19, 15)
(19, 20, 13)
(19, 21, 12)
(19, 22, 12)
(19, 23, 12)
(19, 24, 12)
(19, 25, 11)
(19, 26, 11)
(19, 27, 11)
(19, 28, 11)
(19, 29, 11)
(19, 30, 11)
(19, 31, 11)
(19, 32, 11)
(19, 33, 11)
(19, 34, 11)
(19, 35, 11)
(19, 36, 11)
(19, 37, 11)
(19, 38, 11)
(19, 39, 11)

(20, 0, 192)
(20, 1, 132)
(20, 2, 121)
(20, 3, 43)
(20, 4, 36)
(20, 5, 36)
(20, 6, 35)
(20, 7, 35)
(20, 8, 35)
(20, 9, 30)
(20, 10, 30)
(20, 11, 30)
(20, 12, 26)
(20, 13, 22)
(20, 14, 20)
(20, 15, 18)
(20, 16, 18)
(20, 17, 18)
(20, 18, 18)
(20, 19, 18)
(20, 20, 16)
(20, 21, 13)
(20, 22, 13)
(20, 23, 13)
(20, 24, 13)
(20, 25, 12)
(20, 26, 12)
(20, 27, 12)
(20, 28, 12)
(20, 29, 12)
(20, 30, 12)
(20, 31, 12)
(20, 32, 12)
(20, 33, 12)
(20, 34, 12)
(20, 35, 12)
(20, 36, 12)
(20, 37, 12)
(20, 38, 12)
(20, 39, 12)

(21, 0, 209)
(21, 1, 145)
(21, 2, 132)
(21, 3, 48)
(21, 4, 40)
(21, 5, 40)
(21, 6, 39)
(21, 7, 39)
(21, 8, 38)
(21, 9, 33)
(21, 10, 33)
(21, 11, 33)
(21, 12, 29)
(21, 13, 25)
(21, 14, 23)
(21, 15, 20)
(21, 16, 20)
(21, 17, 20)
(21, 18, 20)
(21, 19, 20)
(21, 20, 18)
(21, 21, 15)
(21, 22, 15)
(21, 23, 15)
(21, 24, 14)
(21, 25, 13)
(21, 26, 13)
(21, 27, 13)
(21, 28, 13)
(21, 29, 13)
(21, 30, 12)
(21, 31, 12)
(21, 32, 12)
(21, 33, 12)
(21, 34, 12)
(21, 35, 12)
(21, 36, 12)
(21, 37, 12)
(21, 38, 12)
(21, 39, 12)

(22, 0, 227)
(22, 1, 160)
(22, 2, 142)
(22, 3, 49)
(22, 4, 41)
(22, 5, 41)
(22, 6, 40)
(22, 7, 40)
(22, 8, 38)
(22, 9, 33)
(22, 10, 33)
(22, 11, 33)
(22, 12, 29)
(22, 13, 25)
(22, 14, 23)
(22, 15, 20)
(22, 16, 20)
(22, 17, 20)
(22, 18, 20)
(22, 19, 20)
(22, 20, 18)
(22, 21, 14)
(22, 22, 14)
(22, 23, 14)
(22, 24, 13)
(22, 25, 12)
(22, 26, 12)
(22, 27, 12)
(22, 28, 12)
(22, 29, 12)
(22, 30, 12)
(22, 31, 12)
(22, 32, 12)
(22, 33, 12)
(22, 34, 12)
(22, 35, 12)
(22, 36, 12)
(22, 37, 12)
(22, 38, 12)
(22, 39, 12)

(23, 0, 234)
(23, 1, 167)
(23, 2, 148)
(23, 3, 52)
(23, 4, 44)
(23, 5, 44)
(23, 6, 42)
(23, 7, 42)
(23, 8, 40)
(23, 9, 35)
(23, 10, 35)
(23, 11, 35)
(23, 12, 31)
(23, 13, 27)
(23, 14, 25)
(23, 15, 21)
(23, 16, 21)
(23, 17, 21)
(23, 18, 21)
(23, 19, 21)
(23, 20, 19)
(23, 21, 15)
(23, 22, 15)
(23, 23, 15)
(23, 24, 14)
(23, 25, 13)
(23, 26, 13)
(23, 27, 13)
(23, 28, 13)
(23, 29, 13)
(23, 30, 13)
(23, 31, 13)
(23, 32, 13)
(23, 33, 13)
(23, 34, 13)
(23, 35, 13)
(23, 36, 13)
(23, 37, 13)
(23, 38, 13)
(23, 39, 13)

(24, 0, 242)
(24, 1, 170)
(24, 2, 151)
(24, 3, 54)
(24, 4, 45)
(24, 5, 45)
(24, 6, 43)
(24, 7, 42)
(24, 8, 40)
(24, 9, 35)
(24, 10, 35)
(24, 11, 35)
(24, 12, 31)
(24, 13, 27)
(24, 14, 25)
(24, 15, 21)
(24, 16, 21)
(24, 17, 21)
(24, 18, 21)
(24, 19, 21)
(24, 20, 19)
(24, 21, 15)
(24, 22, 15)
(24, 23, 15)
(24, 24, 14)
(24, 25, 13)
(24, 26, 13)
(24, 27, 13)
(24, 28, 13)
(24, 29, 13)
(24, 30, 13)
(24, 31, 13)
(24, 32, 13)
(24, 33, 13)
(24, 34, 13)
(24, 35, 13)
(24, 36, 13)
(24, 37, 13)
(24, 38, 13)
(24, 39, 13)

(25, 0, 248)
(25, 1, 174)
(25, 2, 155)
(25, 3, 55)
(25, 4, 45)
(25, 5, 45)
(25, 6, 43)
(25, 7, 42)
(25, 8, 40)
(25, 9, 35)
(25, 10, 35)
(25, 11, 35)
(25, 12, 31)
(25, 13, 27)
(25, 14, 25)
(25, 15, 21)
(25, 16, 21)
(25, 17, 21)
(25, 18, 21)
(25, 19, 21)
(25, 20, 19)
(25, 21, 15)
(25, 22, 15)
(25, 23, 15)
(25, 24, 14)
(25, 25, 13)
(25, 26, 13)
(25, 27, 13)
(25, 28, 13)
(25, 29, 13)
(25, 30, 13)
(25, 31, 13)
(25, 32, 13)
(25, 33, 13)
(25, 34, 13)
(25, 35, 13)
(25, 36, 13)
(25, 37, 13)
(25, 38, 13)
(25, 39, 13)

(26, 0, 250)
(26, 1, 176)
(26, 2, 157)
(26, 3, 56)
(26, 4, 46)
(26, 5, 46)
(26, 6, 44)
(26, 7, 43)
(26, 8, 41)
(26, 9, 36)
(26, 10, 36)
(26, 11, 36)
(26, 12, 32)
(26, 13, 28)
(26, 14, 26)
(26, 15, 22)
(26, 16, 22)
(26, 17, 22)
(26, 18, 22)
(26, 19, 22)
(26, 20, 20)
(26, 21, 16)
(26, 22, 16)
(26, 23, 16)
(26, 24, 15)
(26, 25, 14)
(26, 26, 14)
(26, 27, 14)
(26, 28, 14)
(26, 29, 14)
(26, 30, 14)
(26, 31, 14)
(26, 32, 14)
(26, 33, 14)
(26, 34, 14)
(26, 35, 14)
(26, 36, 14)
(26, 37, 14)
(26, 38, 14)
(26, 39, 14)

(27, 0, 250)
(27, 1, 176)
(27, 2, 157)
(27, 3, 56)
(27, 4, 46)
(27, 5, 46)
(27, 6, 44)
(27, 7, 43)
(27, 8, 41)
(27, 9, 36)
(27, 10, 36)
(27, 11, 36)
(27, 12, 32)
(27, 13, 28)
(27, 14, 26)
(27, 15, 22)
(27, 16, 22)
(27, 17, 22)
(27, 18, 22)
(27, 19, 22)
(27, 20, 20)
(27, 21, 16)
(27, 22, 16)
(27, 23, 16)
(27, 24, 15)
(27, 25, 14)
(27, 26, 14)
(27, 27, 14)
(27, 28, 14)
(27, 29, 14)
(27, 30, 14)
(27, 31, 14)
(27, 32, 14)
(27, 33, 14)
(27, 34, 14)
(27, 35, 14)
(27, 36, 14)
(27, 37, 14)
(27, 38, 14)
(27, 39, 14)

(28, 0, 263)
(28, 1, 186)
(28, 2, 166)
(28, 3, 58)
(28, 4, 48)
(28, 5, 48)
(28, 6, 46)
(28, 7, 45)
(28, 8, 43)
(28, 9, 38)
(28, 10, 38)
(28, 11, 38)
(28, 12, 34)
(28, 13, 30)
(28, 14, 28)
(28, 15, 24)
(28, 16, 24)
(28, 17, 24)
(28, 18, 24)
(28, 19, 24)
(28, 20, 22)
(28, 21, 18)
(28, 22, 17)
(28, 23, 17)
(28, 24, 16)
(28, 25, 14)
(28, 26, 14)
(28, 27, 14)
(28, 28, 14)
(28, 29, 14)
(28, 30, 14)
(28, 31, 14)
(28, 32, 14)
(28, 33, 14)
(28, 34, 14)
(28, 35, 14)
(28, 36, 14)
(28, 37, 14)
(28, 38, 14)
(28, 39, 14)

(29, 0, 264)
(29, 1, 187)
(29, 2, 167)
(29, 3, 59)
(29, 4, 49)
(29, 5, 49)
(29, 6, 47)
(29, 7, 46)
(29, 8, 44)
(29, 9, 39)
(29, 10, 39)
(29, 11, 39)
(29, 12, 35)
(29, 13, 31)
(29, 14, 29)
(29, 15, 25)
(29, 16, 25)
(29, 17, 25)
(29, 18, 25)
(29, 19, 25)
(29, 20, 23)
(29, 21, 19)
(29, 22, 18)
(29, 23, 18)
(29, 24, 17)
(29, 25, 15)
(29, 26, 15)
(29, 27, 15)
(29, 28, 15)
(29, 29, 15)
(29, 30, 15)
(29, 31, 15)
(29, 32, 15)
(29, 33, 15)
(29, 34, 15)
(29, 35, 15)
(29, 36, 15)
(29, 37, 15)
(29, 38, 15)
(29, 39, 15)

(30, 0, 267)
(30, 1, 190)
(30, 2, 170)
(30, 3, 60)
(30, 4, 50)
(30, 5, 50)
(30, 6, 48)
(30, 7, 47)
(30, 8, 45)
(30, 9, 40)
(30, 10, 40)
(30, 11, 40)
(30, 12, 36)
(30, 13, 32)
(30, 14, 30)
(30, 15, 26)
(30, 16, 26)
(30, 17, 26)
(30, 18, 26)
(30, 19, 26)
(30, 20, 24)
(30, 21, 19)
(30, 22, 18)
(30, 23, 18)
(30, 24, 17)
(30, 25, 15)
(30, 26, 15)
(30, 27, 15)
(30, 28, 15)
(30, 29, 15)
(30, 30, 15)
(30, 31, 15)
(30, 32, 15)
(30, 33, 15)
(30, 34, 15)
(30, 35, 15)
(30, 36, 15)
(30, 37, 15)
(30, 38, 15)
(30, 39, 15)

(31, 0, 267)
(31, 1, 190)
(31, 2, 170)
(31, 3, 60)
(31, 4, 50)
(31, 5, 50)
(31, 6, 48)
(31, 7, 47)
(31, 8, 45)
(31, 9, 40)
(31, 10, 40)
(31, 11, 40)
(31, 12, 36)
(31, 13, 32)
(31, 14, 30)
(31, 15, 26)
(31, 16, 26)
(31, 17, 26)
(31, 18, 26)
(31, 19, 26)
(31, 20, 24)
(31, 21, 19)
(31, 22, 18)
(31, 23, 18)
(31, 24, 17)
(31, 25, 15)
(31, 26, 15)
(31, 27, 15)
(31, 28, 15)
(31, 29, 15)
(31, 30, 15)
(31, 31, 15)
(31, 32, 15)
(31, 33, 15)
(31, 34, 15)
(31, 35, 15)
(31, 36, 15)
(31, 37, 15)
(31, 38, 15)
(31, 39, 15)

(32, 0, 267)
(32, 1, 190)
(32, 2, 170)
(32, 3, 60)
(32, 4, 50)
(32, 5, 50)
(32, 6, 48)
(32, 7, 47)
(32, 8, 45)
(32, 9, 40)
(32, 10, 40)
(32, 11, 40)
(32, 12, 36)
(32, 13, 32)
(32, 14, 30)
(32, 15, 26)
(32, 16, 26)
(32, 17, 26)
(32, 18, 26)
(32, 19, 26)
(32, 20, 24)
(32, 21, 19)
(32, 22, 18)
(32, 23, 18)
(32, 24, 17)
(32, 25, 15)
(32, 26, 15)
(32, 27, 15)
(32, 28, 15)
(32, 29, 15)
(32, 30, 15)
(32, 31, 15)
(32, 32, 15)
(32, 33, 15)
(32, 34, 15)
(32, 35, 15)
(32, 36, 15)
(32, 37, 15)
(32, 38, 15)
(32, 39, 15)

(33, 0, 267)
(33, 1, 190)
(33, 2, 170)
(33, 3, 60)
(33, 4, 50)
(33, 5, 50)
(33, 6, 48)
(33, 7, 47)
(33, 8, 45)
(33, 9, 40)
(33, 10, 40)
(33, 11, 40)
(33, 12, 36)
(33, 13, 32)
(33, 14, 30)
(33, 15, 26)
(33, 16, 26)
(33, 17, 26)
(33, 18, 26)
(33, 19, 26)
(33, 20, 24)
(33, 21, 19)
(33, 22, 18)
(33, 23, 18)
(33, 24, 17)
(33, 25, 15)
(33, 26, 15)
(33, 27, 15)
(33, 28, 15)
(33, 29, 15)
(33, 30, 15)
(33, 31, 15)
(33, 32, 15)
(33, 33, 15)
(33, 34, 15)
(33, 35, 15)
(33, 36, 15)
(33, 37, 15)
(33, 38, 15)
(33, 39, 15)

(34, 0, 267)
(34, 1, 190)
(34, 2, 170)
(34, 3, 60)
(34, 4, 50)
(34, 5, 50)
(34, 6, 48)
(34, 7, 47)
(34, 8, 45)
(34, 9, 40)
(34, 10, 40)
(34, 11, 40)
(34, 12, 36)
(34, 13, 32)
(34, 14, 30)
(34, 15, 26)
(34, 16, 26)
(34, 17, 26)
(34, 18, 26)
(34, 19, 26)
(34, 20, 24)
(34, 21, 19)
(34, 22, 18)
(34, 23, 18)
(34, 24, 17)
(34, 25, 15)
(34, 26, 15)
(34, 27, 15)
(34, 28, 15)
(34, 29, 15)
(34, 30, 15)
(34, 31, 15)
(34, 32, 15)
(34, 33, 15)
(34, 34, 15)
(34, 35, 15)
(34, 36, 15)
(34, 37, 15)
(34, 38, 15)
(34, 39, 15)

(35, 0, 270)
(35, 1, 193)
(35, 2, 173)
(35, 3, 62)
(35, 4, 52)
(35, 5, 52)
(35, 6, 50)
(35, 7, 49)
(35, 8, 46)
(35, 9, 41)
(35, 10, 41)
(35, 11, 41)
(35, 12, 37)
(35, 13, 33)
(35, 14, 31)
(35, 15, 27)
(35, 16, 27)
(35, 17, 27)
(35, 18, 27)
(35, 19, 27)
(35, 20, 25)
(35, 21, 20)
(35, 22, 19)
(35, 23, 19)
(35, 24, 18)
(35, 25, 16)
(35, 26, 16)
(35, 27, 16)
(35, 28, 16)
(35, 29, 16)
(35, 30, 16)
(35, 31, 16)
(35, 32, 16)
(35, 33, 16)
(35, 34, 16)
(35, 35, 16)
(35, 36, 16)
(35, 37, 16)
(35, 38, 16)
(35, 39, 16)

(36, 0, 275)
(36, 1, 198)
(36, 2, 178)
(36, 3, 63)
(36, 4, 52)
(36, 5, 52)
(36, 6, 50)
(36, 7, 49)
(36, 8, 46)
(36, 9, 41)
(36, 10, 41)
(36, 11, 41)
(36, 12, 37)
(36, 13, 33)
(36, 14, 31)
(36, 15, 27)
(36, 16, 27)
(36, 17, 27)
(36, 18, 27)
(36, 19, 27)
(36, 20, 25)
(36, 21, 20)
(36, 22, 19)
(36, 23, 19)
(36, 24, 18)
(36, 25, 16)
(36, 26, 16)
(36, 27, 16)
(36, 28, 16)
(36, 29, 16)
(36, 30, 16)
(36, 31, 16)
(36, 32, 16)
(36, 33, 16)
(36, 34, 16)
(36, 35, 16)
(36, 36, 16)
(36, 37, 16)
(36, 38, 16)
(36, 39, 16)

(37, 0, 275)
(37, 1, 198)
(37, 2, 178)
(37, 3, 63)
(37, 4, 52)
(37, 5, 52)
(37, 6, 50)
(37, 7, 49)
(37, 8, 46)
(37, 9, 41)
(37, 10, 41)
(37, 11, 41)
(37, 12, 37)
(37, 13, 33)
(37, 14, 31)
(37, 15, 27)
(37, 16, 27)
(37, 17, 27)
(37, 18, 27)
(37, 19, 27)
(37, 20, 25)
(37, 21, 20)
(37, 22, 19)
(37, 23, 19)
(37, 24, 18)
(37, 25, 16)
(37, 26, 16)
(37, 27, 16)
(37, 28, 16)
(37, 29, 16)
(37, 30, 16)
(37, 31, 16)
(37, 32, 16)
(37, 33, 16)
(37, 34, 16)
(37, 35, 16)
(37, 36, 16)
(37, 37, 16)
(37, 38, 16)
(37, 39, 16)

(38, 0, 279)
(38, 1, 202)
(38, 2, 182)
(38, 3, 64)
(38, 4, 53)
(38, 5, 53)
(38, 6, 51)
(38, 7, 50)
(38, 8, 47)
(38, 9, 42)
(38, 10, 42)
(38, 11, 42)
(38, 12, 38)
(38, 13, 34)
(38, 14, 32)
(38, 15, 28)
(38, 16, 28)
(38, 17, 28)
(38, 18, 28)
(38, 19, 28)
(38, 20, 26)
(38, 21, 20)
(38, 22, 19)
(38, 23, 19)
(38, 24, 18)
(38, 25, 16)
(38, 26, 16)
(38, 27, 16)
(38, 28, 16)
(38, 29, 16)
(38, 30, 16)
(38, 31, 16)
(38, 32, 16)
(38, 33, 16)
(38, 34, 16)
(38, 35, 16)
(38, 36, 16)
(38, 37, 16)
(38, 38, 16)
(38, 39, 16)

(39, 0, 293)
(39, 1, 214)
(39, 2, 188)
(39, 3, 65)
(39, 4, 54)
(39, 5, 54)
(39, 6, 52)
(39, 7, 51)
(39, 8, 47)
(39, 9, 42)
(39, 10, 42)
(39, 11, 42)
(39, 12, 38)
(39, 13, 34)
(39, 14, 32)
(39, 15, 28)
(39, 16, 28)
(39, 17, 28)
(39, 18, 28)
(39, 19, 28)
(39, 20, 26)
(39, 21, 20)
(39, 22, 19)
(39, 23, 19)
(39, 24, 18)
(39, 25, 16)
(39, 26, 16)
(39, 27, 16)
(39, 28, 16)
(39, 29, 16)
(39, 30, 16)
(39, 31, 16)
(39, 32, 16)
(39, 33, 16)
(39, 34, 16)
(39, 35, 16)
(39, 36, 16)
(39, 37, 16)
(39, 38, 16)
(39, 39, 16)


Betti numbers:
xi_0:
(0, 0, 2)
(1, 0, 9)
(2, 0, 13)
(3, 0, 9)
(4, 0, 16)
(5, 0, 27)
(6, 0, 7)
(7, 0, 5)
(8, 0, 15)
(9, 0, 13)
(10, 0, 5)
(12, 0, 2)
(13, 0, 14)
(14, 0, 4)
(15, 0, 8)
(16, 0, 14)
(17, 0, 2)
(18, 0, 11)
(19, 0, 6)
(20, 0, 10)
(21, 0, 17)
(22, 0, 18)
(23, 0, 7)
(24, 0, 8)
(25, 0, 6)
(26, 0, 2)
(28, 0, 13)
(29, 0, 1)
(30, 0, 3)
(35, 0, 3)
(36, 0, 5)
(38, 0, 4)
(39, 0, 14)
xi_1:
(0, 14, 1)
(1, 1, 4)
(1, 3, 3)
(1, 4, 1)
(1, 13, 1)
(2, 1, 9)
(2, 2, 1)
(2, 3, 2)
(2, 12, 1)
(3, 1, 2)
(3, 3, 4)
(3, 5, 1)
(3, 27, 1)
(4, 1, 5)
(4, 2, 2)
(4, 3, 6)
(4, 12, 1)
(4, 13, 1)
(4, 21, 1)
(5, 1, 10)
(5, 2, 2)
(5, 3, 12)
(5, 12, 1)
(5, 13, 2)
(5, 14, 1)
(5, 20, 1)
(6, 1, 1)
(6, 3, 3)
(6, 4, 2)
(6, 9, 1)
(7, 2, 1)
(7, 3, 1)
(7, 12, 1)
(7, 27, 1)
(8, 1, 5)
(8, 2, 1)
(8, 3, 8)
(8, 5, 1)
(8, 12, 1)
(8, 21, 1)
(9, 1, 5)
(9, 2, 2)
(9, 3, 6)
(9, 9, 1)
(10, 3, 4)
(10, 9, 1)
(12, 1, 1)
(13, 1, 3)
(13, 3, 6)
(13, 4, 1)
(13, 9, 1)
(13, 16, 1)
(13, 20, 1)
(14, 1, 3)
(14, 3, 1)
(14, 15, 1)
(15, 1, 2)
(15, 3, 3)
(15, 4, 1)
(15, 15, 1)
(16, 1, 5)
(16, 2, 1)
(16, 3, 6)
(16, 4, 1)
(16, 6, 1)
(17, 3, 1)
(17, 4, 1)
(18, 1, 3)
(18, 2, 1)
(18, 3, 5)
(18, 25, 1)
(19, 1, 1)
(19, 3, 2)
(20, 1, 1)
(20, 3, 5)
(20, 9, 1)
(20, 21, 2)
(21, 1, 4)
(21, 2, 2)
(21, 3, 6)
(21, 4, 1)
(21, 8, 1)
(21, 15, 1)
(21, 24, 1)
(21, 30, 1)
(22, 1, 3)
(22, 2, 5)
(22, 3, 9)
(22, 8, 1)
(22, 21, 1)
(23, 2, 1)
(23, 3, 3)
(23, 6, 1)
(23, 15, 1)
(24, 1, 5)
(24, 3, 1)
(24, 4, 1)
(24, 7, 1)
(25, 1, 2)
(25, 3, 3)
(25, 4, 1)
(26, 3, 1)
(28, 1, 3)
(28, 2, 1)
(28, 3, 7)
(28, 22, 1)
(28, 25, 1)
(30, 3, 2)
(30, 21, 1)
(35, 3, 1)
(35, 8, 1)
(36, 3, 4)
(36, 4, 1)
(38, 3, 3)
(38, 21, 1)
(39, 1, 2)
(39, 2, 6)
(39, 3, 5)
(39, 8, 1)
xi_2:
(4, 27, 1)
(5, 5, 1)
(5, 21, 1)
(8, 12, 1)
(8, 27, 1)
(9, 5, 1)
(14, 16, 1)
(22, 30, 1)
