x-grades
-168694779042706319/200000000000000000
-83575210927481479/100000000000000000
-165606064667219597/200000000000000000
-41015426869869059/50000000000000000
-1300138802333863/1600000000000000
-80486496551994757/100000000000000000
-159428635916246153/200000000000000000
-19735534841062849/25000000000000000
-156339921540759431/200000000000000000
-15479556435301607/20000000000000000
-153251207165272709/200000000000000000
-37926712494382337/50000000000000000
-150162492789785987/200000000000000000
-74309067801021313/100000000000000000
-29414755682859853/40000000000000000
-284237150833117/390625000000000
-143985064038812543/200000000000000000
-71220353425534591/100000000000000000
-140896349663325821/200000000000000000
-6967599623779123/10000000000000000
-137807635287839099/200000000000000000
-68131639050047869/100000000000000000
-134718920912352377/200000000000000000
-16646820465576127/25000000000000000
-26326041307373131/40000000000000000
-65042924674561147/100000000000000000
-128541492161378933/200000000000000000
-31749283743408893/50000000000000000
-125452777785892211/200000000000000000
-2478168411962977/4000000000000000
-122364063410405489/200000000000000000
-7551231638916383/12500000000000000
-119275349034918767/200000000000000000
-58865495923587703/100000000000000000
-23237326931886409/40000000000000000
-28660569367922171/50000000000000000
-113097920283945323/200000000000000000
-55776781548100981/100000000000000000
-110009205908458601/200000000000000000
-2711621218017881/5000000000000000

y-grades
1999981/8000000
1999981/4000000
5999943/8000000
1999981/2000000
1999981/1600000
5999943/4000000
13999867/8000000
1999981/1000000
17999829/8000000
1999981/800000
21999791/8000000
5999943/2000000
25999753/8000000
13999867/4000000
5999943/1600000
1999981/500000
33999677/8000000
17999829/4000000
37999639/8000000
1999981/400000
41999601/8000000
21999791/4000000
45999563/8000000
5999943/1000000
1999981/320000
25999753/4000000
53999487/8000000
13999867/2000000
57999449/8000000
5999943/800000
61999411/8000000
1999981/250000
65999373/8000000
33999677/4000000
13999867/1600000
17999829/2000000
73999297/8000000
37999639/4000000
77999259/8000000
1999981/200000

Dimensions > 0:
(0, 0, 5)
(0, 1, 2)
(0, 2, 1)
(0, 3, 1)
(0, 4, 1)
(0, 5, 1)
(0, 6, 1)
(0, 7, 1)
(0, 8, 1)
(0, 9, 1)
(0, 10, 1)
(0, 11, 1)
(0, 12, 1)
(0, 13, 1)
(0, 14, 1)
(0, 15, 1)
(0, 16, 1)
(0, 17, 1)
(0, 18, 1)
(0, 19, 1)
(0, 20, 1)
(0, 21, 1)
(0, 22, 1)
(0, 23, 1)
(0, 24, 1)
(0, 25, 1)
(0, 26, 1)
(0, 27, 1)
(0, 28, 1)
(0, 29, 1)
(0, 30, 1)
(0, 31, 1)
(0, 32, 1)
(0, 33, 1)
(0, 34, 1)
(0, 35, 1)
(0, 36, 1)
(0, 37, 1)
(0, 38, 1)
(0, 39, 1)

(1, 0, 9)
(1, 1, 3)
(1, 2, 1)
(1, 3, 1)
(1, 4, 1)
(1, 5, 1)
(1, 6, 1)
(1, 7, 1)
(1, 8, 1)
(1, 9, 1)
(1, 10, 1)
(1, 11, 1)
(1, 12, 1)
(1, 13, 1)
(1, 14, 1)
(1, 15, 1)
(1, 16, 1)
(1, 17, 1)
(1, 18, 1)
(1, 19, 1)
(1, 20, 1)
(1, 21, 1)
(1, 22, 1)
(1, 23, 1)
(1, 24, 1)
(1, 25, 1)
(1, 26, 1)
(1, 27, 1)
(1, 28, 1)
(1, 29, 1)
(1, 30, 1)
(1, 31, 1)
(1, 32, 1)
(1, 33, 1)
(1, 34, 1)
(1, 35, 1)
(1, 36, 1)
(1, 37, 1)
(1, 38, 1)
(1, 39, 1)

(2, 0, 16)
(2, 1, 5)
(2, 2, 2)
(2, 3, 1)
(2, 4, 1)
(2, 5, 1)
(2, 6, 1)
(2, 7, 1)
(2, 8, 1)
(2, 9, 1)
(2, 10, 1)
(2, 11, 1)
(2, 12, 1)
(2, 13, 1)
(2, 14, 1)
(2, 15, 1)
(2, 16, 1)
(2, 17, 1)
(2, 18, 1)
(2, 19, 1)
(2, 20, 1)
(2, 21, 1)
(2, 22, 1)
(2, 23, 1)
(2, 24, 1)
(2, 25, 1)
(2, 26, 1)
(2, 27, 1)
(2, 28, 1)
(2, 29, 1)
(2, 30, 1)
(2, 31, 1)
(2, 32, 1)
(2, 33, 1)
(2, 34, 1)
(2, 35, 1)
(2, 36, 1)
(2, 37, 1)
(2, 38, 1)
(2, 39, 1)

(3, 0, 22)
(3, 1, 5)
(3, 2, 1)
(3, 3, 1)
(3, 4, 1)
(3, 5, 1)
(3, 6, 1)
(3, 7, 1)
(3, 8, 1)
(3, 9, 1)
(3, 10, 1)
(3, 11, 1)
(3, 12, 1)
(3, 13, 1)
(3, 14, 1)
(3, 15, 1)
(3, 16, 1)
(3, 17, 1)
(3, 18, 1)
(3, 19, 1)
(3, 20, 1)
(3, 21, 1)
(3, 22, 1)
(3, 23, 1)
(3, 24, 1)
(3, 25, 1)
(3, 26, 1)
(3, 27, 1)
(3, 28, 1)
(3, 29, 1)
(3, 30, 1)
(3, 31, 1)
(3, 32, 1)
(3, 33, 1)
(3, 34, 1)
(3, 35, 1)
(3, 36, 1)
(3, 37, 1)
(3, 38, 1)
(3, 39, 1)

(4, 0, 24)
(4, 1, 4)
(4, 2, 1)
(4, 3, 1)
(4, 4, 1)
(4, 5, 1)
(4, 6, 1)
(4, 7, 1)
(4, 8, 1)
(4, 9, 1)
(4, 10, 1)
(4, 11, 1)
(4, 12, 1)
(4, 13, 1)
(4, 14, 1)
(4, 15, 1)
(4, 16, 1)
(4, 17, 1)
(4, 18, 1)
(4, 19, 1)
(4, 20, 1)
(4, 21, 1)
(4, 22, 1)
(4, 23, 1)
(4, 24, 1)
(4, 25, 1)
(4, 26, 1)
(4, 27, 1)
(4, 28, 1)
(4, 29, 1)
(4, 30, 1)
(4, 31, 1)
(4, 32, 1)
(4, 33, 1)
(4, 34, 1)
(4, 35, 1)
(4, 36, 1)
(4, 37, 1)
(4, 38, 1)
(4, 39, 1)

(5, 0, 32)
(5, 1, 9)
(5, 2, 2)
(5, 3, 2)
(5, 4, 2)
(5, 5, 2)
(5, 6, 2)
(5, 7, 2)
(5, 8, 2)
(5, 9, 2)
(5, 10, 2)
(5, 11, 2)
(5, 12, 2)
(5, 13, 2)
(5, 14, 2)
(5, 15, 2)
(5, 16, 2)
(5, 17, 2)
(5, 18, 2)
(5, 19, 2)
(5, 20, 2)
(5, 21, 2)
(5, 22, 2)
(5, 23, 2)
(5, 24, 2)
(5, 25, 2)
(5, 26, 2)
(5, 27, 2)
(5, 28, 2)
(5, 29, 2)
(5, 30, 2)
(5, 31, 2)
(5, 32, 2)
(5, 33, 2)
(5, 34, 2)
(5, 35, 2)
(5, 36, 2)
(5, 37, 2)
(5, 38, 2)
(5, 39, 2)

(6, 0, 37)
(6, 1, 10)
(6, 2, 2)
(6, 3, 2)
(6, 4, 2)
(6, 5, 2)
(6, 6, 2)
(6, 7, 2)
(6, 8, 2)
(6, 9, 2)
(6, 10, 2)
(6, 11, 2)
(6, 12, 2)
(6, 13, 2)
(6, 14, 2)
(6, 15, 2)
(6, 16, 2)
(6, 17, 2)
(6, 18, 2)
(6, 19, 2)
(6, 20, 2)
(6, 21, 2)
(6, 22, 2)
(6, 23, 2)
(6, 24, 2)
(6, 25, 2)
(6, 26, 2)
(6, 27, 2)
(6, 28, 2)
(6, 29, 2)
(6, 30, 2)
(6, 31, 2)
(6, 32, 2)
(6, 33, 2)
(6, 34, 2)
(6, 35, 2)
(6, 36, 2)
(6, 37, 2)
(6, 38, 2)
(6, 39, 2)

(7, 0, 52)
(7, 1, 19)
(7, 2, 6)
(7, 3, 6)
(7, 4, 5)
(7, 5, 5)
(7, 6, 5)
(7, 7, 5)
(7, 8, 5)
(7, 9, 5)
(7, 10, 4)
(7, 11, 4)
(7, 12, 4)
(7, 13, 4)
(7, 14, 4)
(7, 15, 4)
(7, 16, 4)
(7, 17, 4)
(7, 18, 4)
(7, 19, 4)
(7, 20, 4)
(7, 21, 4)
(7, 22, 4)
(7, 23, 4)
(7, 24, 4)
(7, 25, 4)
(7, 26, 4)
(7, 27, 4)
(7, 28, 4)
(7, 29, 4)
(7, 30, 4)
(7, 31, 4)
(7, 32, 4)
(7, 33, 4)
(7, 34, 4)
(7, 35, 4)
(7, 36, 4)
(7, 37, 4)
(7, 38, 4)
(7, 39, 4)

(8, 0, 65)
(8, 1, 21)
(8, 2, 7)
(8, 3, 6)
(8, 4, 5)
(8, 5, 5)
(8, 6, 5)
(8, 7, 5)
(8, 8, 5)
(8, 9, 5)
(8, 10, 4)
(8, 11, 4)
(8, 12, 4)
(8, 13, 4)
(8, 14, 4)
(8, 15, 4)
(8, 16, 4)
(8, 17, 4)
(8, 18, 4)
(8, 19, 4)
(8, 20, 4)
(8, 21, 4)
(8, 22, 4)
(8, 23, 4)
(8, 24, 4)
(8, 25, 4)
(8, 26, 4)
(8, 27, 4)
(8, 28, 4)
(8, 29, 4)
(8, 30, 4)
(8, 31, 4)
(8, 32, 4)
(8, 33, 4)
(8, 34, 4)
(8, 35, 4)
(8, 36, 4)
(8, 37, 4)
(8, 38, 4)
(8, 39, 4)

(9, 0, 75)
(9, 1, 25)
(9, 2, 10)
(9, 3, 6)
(9, 4, 5)
(9, 5, 5)
(9, 6, 5)
(9, 7, 5)
(9, 8, 5)
(9, 9, 5)
(9, 10, 4)
(9, 11, 4)
(9, 12, 4)
(9, 13, 4)
(9, 14, 4)
(9, 15, 4)
(9, 16, 4)
(9, 17, 4)
(9, 18, 4)
(9, 19, 4)
(9, 20, 4)
(9, 21, 4)
(9, 22, 4)
(9, 23, 4)
(9, 24, 4)
(9, 25, 4)
(9, 26, 4)
(9, 27, 4)
(9, 28, 4)
(9, 29, 4)
(9, 30, 4)
(9, 31, 4)
(9, 32, 4)
(9, 33, 4)
(9, 34, 4)
(9, 35, 4)
(9, 36, 4)
(9, 37, 4)
(9, 38, 4)
(9, 39, 4)

(10, 0, 93)
(10, 1, 35)
(10, 2, 12)
(10, 3, 7)
(10, 4, 5)
(10, 5, 5)
(10, 6, 5)
(10, 7, 5)
(10, 8, 5)
(10, 9, 5)
(10, 10, 4)
(10, 11, 4)
(10, 12, 4)
(10, 13, 4)
(10, 14, 4)
(10, 15, 4)
(10, 16, 4)
(10, 17, 4)
(10, 18, 4)
(10, 19, 4)
(10, 20, 4)
(10, 21, 4)
(10, 22, 4)
(10, 23, 4)
(10, 24, 4)
(10, 25, 4)
(10, 26, 4)
(10, 27, 4)
(10, 28, 4)
(10, 29, 4)
(10, 30, 4)
(10, 31, 4)
(10, 32, 4)
(10, 33, 4)
(10, 34, 4)
(10, 35, 4)
(10, 36, 4)
(10, 37, 4)
(10, 38, 4)
(10, 39, 4)

(11, 0, 114)
(11, 1, 41)
(11, 2, 10)
(11, 3, 6)
(11, 4, 5)
(11, 5, 5)
(11, 6, 5)
(11, 7, 5)
(11, 8, 5)
(11, 9, 5)
(11, 10, 4)
(11, 11, 4)
(11, 12, 4)
(11, 13, 4)
(11, 14, 4)
(11, 15, 4)
(11, 16, 4)
(11, 17, 4)
(11, 18, 4)
(11, 19, 4)
(11, 20, 4)
(11, 21, 4)
(11, 22, 4)
(11, 23, 4)
(11, 24, 4)
(11, 25, 4)
(11, 26, 4)
(11, 27, 4)
(11, 28, 4)
(11, 29, 4)
(11, 30, 4)
(11, 31, 4)
(11, 32, 4)
(11, 33, 4)
(11, 34, 4)
(11, 35, 4)
(11, 36, 4)
(11, 37, 4)
(11, 38, 4)
(11, 39, 4)

(12, 0, 136)
(12, 1, 47)
(12, 2, 14)
(12, 3, 8)
(12, 4, 6)
(12, 5, 6)
(12, 6, 6)
(12, 7, 6)
(12, 8, 6)
(12, 9, 6)
(12, 10, 5)
(12, 11, 5)
(12, 12, 5)
(12, 13, 5)
(12, 14, 5)
(12, 15, 5)
(12, 16, 5)
(12, 17, 5)
(12, 18, 5)
(12, 19, 5)
(12, 20, 5)
(12, 21, 5)
(12, 22, 5)
(12, 23, 5)
(12, 24, 5)
(12, 25, 5)
(12, 26, 5)
(12, 27, 5)
(12, 28, 4)
(12, 29, 4)
(12, 30, 4)
(12, 31, 4)
(12, 32, 4)
(12, 33, 4)
(12, 34, 4)
(12, 35, 4)
(12, 36, 4)
(12, 37, 4)
(12, 38, 4)
(12, 39, 4)

(13, 0, 155)
(13, 1, 50)
(13, 2, 15)
(13, 3, 9)
(13, 4, 8)
(13, 5, 7)
(13, 6, 7)
(13, 7, 6)
(13, 8, 6)
(13, 9, 6)
(13, 10, 5)
(13, 11, 5)
(13, 12, 5)
(13, 13, 5)
(13, 14, 5)
(13, 15, 5)
(13, 16, 5)
(13, 17, 5)
(13, 18, 5)
(13, 19, 5)
(13, 20, 5)
(13, 21, 5)
(13, 22, 5)
(13, 23, 5)
(13, 24, 5)
(13, 25, 5)
(13, 26, 5)
(13, 27, 5)
(13, 28, 4)
(13, 29, 4)
(13, 30, 4)
(13, 31, 4)
(13, 32, 4)
(13, 33, 4)
(13, 34, 4)
(13, 35, 4)
(13, 36, 4)
(13, 37, 4)
(13, 38, 4)
(13, 39, 4)

(14, 0, 172)
(14, 1, 50)
(14, 2, 14)
(14, 3, 9)
(14, 4, 8)
(14, 5, 7)
(14, 6, 7)
(14, 7, 6)
(14, 8, 6)
(14, 9, 6)
(14, 10, 5)
(14, 11, 5)
(14, 12, 5)
(14, 13, 5)
(14, 14, 5)
(14, 15, 5)
(14, 16, 5)
(14, 17, 5)
(14, 18, 5)
(14, 19, 5)
(14, 20, 5)
(14, 21, 5)
(14, 22, 5)
(14, 23, 5)
(14, 24, 5)
(14, 25, 5)
(14, 26, 5)
(14, 27, 5)
(14, 28, 4)
(14, 29, 4)
(14, 30, 4)
(14, 31, 4)
(14, 32, 4)
(14, 33, 4)
(14, 34, 4)
(14, 35, 4)
(14, 36, 4)
(14, 37, 4)
(14, 38, 4)
(14, 39, 4)

(15, 0, 177)
(15, 1, 52)
(15, 2, 14)
(15, 3, 9)
(15, 4, 8)
(15, 5, 7)
(15, 6, 7)
(15, 7, 6)
(15, 8, 6)
(15, 9, 6)
(15, 10, 5)
(15, 11, 5)
(15, 12, 5)
(15, 13, 5)
(15, 14, 5)
(15, 15, 5)
(15, 16, 5)
(15, 17, 5)
(15, 18, 5)
(15, 19, 5)
(15, 20, 5)
(15, 21, 5)
(15, 22, 5)
(15, 23, 5)
(15, 24, 5)
(15, 25, 5)
(15, 26, 5)
(15, 27, 5)
(15, 28, 4)
(15, 29, 4)
(15, 30, 4)
(15, 31, 4)
(15, 32, 4)
(15, 33, 4)
(15, 34, 4)
(15, 35, 4)
(15, 36, 4)
(15, 37, 4)
(15, 38, 4)
(15, 39, 4)

(16, 0, 182)
(16, 1, 54)
(16, 2, 16)
(16, 3, 11)
(16, 4, 10)
(16, 5, 9)
(16, 6, 9)
(16, 7, 8)
(16, 8, 8)
(16, 9, 8)
(16, 10, 7)
(16, 11, 6)
(16, 12, 6)
(16, 13, 6)
(16, 14, 6)
(16, 15, 6)
(16, 16, 6)
(16, 17, 6)
(16, 18, 6)
(16, 19, 6)
(16, 20, 6)
(16, 21, 6)
(16, 22, 6)
(16, 23, 6)
(16, 24, 6)
(16, 25, 6)
(16, 26, 6)
(16, 27, 6)
(16, 28, 5)
(16, 29, 5)
(16, 30, 5)
(16, 31, 4)
(16, 32, 4)
(16, 33, 4)
(16, 34, 4)
(16, 35, 4)
(16, 36, 4)
(16, 37, 4)
(16, 38, 4)
(16, 39, 4)

(17, 0, 194)
(17, 1, 59)
(17, 2, 20)
(17, 3, 14)
(17, 4, 13)
(17, 5, 12)
(17, 6, 12)
(17, 7, 10)
(17, 8, 10)
(17, 9, 10)
(17, 10, 9)
(17, 11, 8)
(17, 12, 8)
(17, 13, 8)
(17, 14, 7)
(17, 15, 7)
(17, 16, 7)
(17, 17, 7)
(17, 18, 7)
(17, 19, 7)
(17, 20, 7)
(17, 21, 7)
(17, 22, 7)
(17, 23, 7)
(17, 24, 7)
(17, 25, 7)
(17, 26, 7)
(17, 27, 7)
(17, 28, 5)
(17, 29, 5)
(17, 30, 5)
(17, 31, 5)
(17, 32, 5)
(17, 33, 5)
(17, 34, 4)
(17, 35, 4)
(17, 36, 4)
(17, 37, 4)
(17, 38, 4)
(17, 39, 4)

(18, 0, 211)
(18, 1, 63)
(18, 2, 21)
(18, 3, 16)
(18, 4, 15)
(18, 5, 14)
(18, 6, 14)
(18, 7, 11)
(18, 8, 11)
(18, 9, 11)
(18, 10, 10)
(18, 11, 9)
(18, 12, 9)
(18, 13, 9)
(18, 14, 8)
(18, 15, 8)
(18, 16, 8)
(18, 17, 8)
(18, 18, 8)
(18, 19, 7)
(18, 20, 7)
(18, 21, 7)
(18, 22, 7)
(18, 23, 7)
(18, 24, 7)
(18, 25, 7)
(18, 26, 7)
(18, 27, 7)
(18, 28, 5)
(18, 29, 5)
(18, 30, 5)
(18, 31, 4)
(18, 32, 4)
(18, 33, 3)
(18, 34, 3)
(18, 35, 3)
(18, 36, 3)
(18, 37, 3)
(18, 38, 3)
(18, 39, 3)

(19, 0, 226)
(19, 1, 66)
(19, 2, 22)
(19, 3, 17)
(19, 4, 16)
(19, 5, 14)
(19, 6, 14)
(19, 7, 12)
(19, 8, 12)
(19, 9, 12)
(19, 10, 10)
(19, 11, 10)
(19, 12, 10)
(19, 13, 10)
(19, 14, 9)
(19, 15, 9)
(19, 16, 9)
(19, 17, 9)
(19, 18, 9)
(19, 19, 8)
(19, 20, 7)
(19, 21, 7)
(19, 22, 7)
(19, 23, 7)
(19, 24, 7)
(19, 25, 7)
(19, 26, 7)
(19, 27, 7)
(19, 28, 5)
(19, 29, 5)
(19, 30, 5)
(19, 31, 4)
(19, 32, 4)
(19, 33, 3)
(19, 34, 3)
(19, 35, 3)
(19, 36, 3)
(19, 37, 3)
(19, 38, 3)
(19, 39, 3)

(20, 0, 235)
(20, 1, 73)
(20, 2, 24)
(20, 3, 18)
(20, 4, 16)
(20, 5, 14)
(20, 6, 14)
(20, 7, 12)
(20, 8, 12)
(20, 9, 12)
(20, 10, 10)
(20, 11, 10)
(20, 12, 10)
(20, 13, 10)
(20, 14, 8)
(20, 15, 8)
(20, 16, 8)
(20, 17, 8)
(20, 18, 7)
(20, 19, 7)
(20, 20, 7)
(20, 21, 7)
(20, 22, 7)
(20, 23, 7)
(20, 24, 7)
(20, 25, 7)
(20, 26, 7)
(20, 27, 7)
(20, 28, 5)
(20, 29, 5)
(20, 30, 5)
(20, 31, 4)
(20, 32, 4)
(20, 33, 3)
(20, 34, 3)
(20, 35, 3)
(20, 36, 3)
(20, 37, 3)
(20, 38, 3)
(20, 39, 3)

(21, 0, 242)
(21, 1, 73)
(21, 2, 25)
(21, 3, 19)
(21, 4, 16)
(21, 5, 14)
(21, 6, 14)
(21, 7, 12)
(21, 8, 12)
(21, 9, 12)
(21, 10, 10)
(21, 11, 10)
(21, 12, 10)
(21, 13, 10)
(21, 14, 8)
(21, 15, 8)
(21, 16, 8)
(21, 17, 8)
(21, 18, 7)
(21, 19, 7)
(21, 20, 7)
(21, 21, 7)
(21, 22, 7)
(21, 23, 7)
(21, 24, 7)
(21, 25, 7)
(21, 26, 7)
(21, 27, 7)
(21, 28, 5)
(21, 29, 5)
(21, 30, 5)
(21, 31, 3)
(21, 32, 3)
(21, 33, 3)
(21, 34, 3)
(21, 35, 3)
(21, 36, 3)
(21, 37, 3)
(21, 38, 3)
(21, 39, 3)

(22, 0, 254)
(22, 1, 77)
(22, 2, 25)
(22, 3, 19)
(22, 4, 16)
(22, 5, 14)
(22, 6, 14)
(22, 7, 12)
(22, 8, 12)
(22, 9, 12)
(22, 10, 10)
(22, 11, 10)
(22, 12, 10)
(22, 13, 10)
(22, 14, 8)
(22, 15, 8)
(22, 16, 8)
(22, 17, 8)
(22, 18, 7)
(22, 19, 7)
(22, 20, 7)
(22, 21, 7)
(22, 22, 7)
(22, 23, 7)
(22, 24, 7)
(22, 25, 7)
(22, 26, 7)
(22, 27, 7)
(22, 28, 5)
(22, 29, 4)
(22, 30, 4)
(22, 31, 3)
(22, 32, 3)
(22, 33, 3)
(22, 34, 3)
(22, 35, 3)
(22, 36, 3)
(22, 37, 3)
(22, 38, 3)
(22, 39, 3)

(23, 0, 267)
(23, 1, 77)
(23, 2, 24)
(23, 3, 18)
(23, 4, 16)
(23, 5, 14)
(23, 6, 14)
(23, 7, 12)
(23, 8, 12)
(23, 9, 12)
(23, 10, 10)
(23, 11, 10)
(23, 12, 10)
(23, 13, 10)
(23, 14, 8)
(23, 15, 8)
(23, 16, 8)
(23, 17, 8)
(23, 18, 7)
(23, 19, 7)
(23, 20, 7)
(23, 21, 7)
(23, 22, 7)
(23, 23, 7)
(23, 24, 7)
(23, 25, 6)
(23, 26, 6)
(23, 27, 6)
(23, 28, 4)
(23, 29, 4)
(23, 30, 4)
(23, 31, 3)
(23, 32, 3)
(23, 33, 3)
(23, 34, 3)
(23, 35, 3)
(23, 36, 3)
(23, 37, 3)
(23, 38, 3)
(23, 39, 3)

(24, 0, 272)
(24, 1, 77)
(24, 2, 24)
(24, 3, 18)
(24, 4, 16)
(24, 5, 14)
(24, 6, 14)
(24, 7, 12)
(24, 8, 12)
(24, 9, 12)
(24, 10, 10)
(24, 11, 10)
(24, 12, 10)
(24, 13, 10)
(24, 14, 8)
(24, 15, 8)
(24, 16, 8)
(24, 17, 8)
(24, 18, 7)
(24, 19, 7)
(24, 20, 7)
(24, 21, 7)
(24, 22, 7)
(24, 23, 7)
(24, 24, 7)
(24, 25, 6)
(24, 26, 6)
(24, 27, 6)
(24, 28, 4)
(24, 29, 4)
(24, 30, 4)
(24, 31, 3)
(24, 32, 3)
(24, 33, 3)
(24, 34, 3)
(24, 35, 3)
(24, 36, 3)
(24, 37, 3)
(24, 38, 3)
(24, 39, 3)

(25, 0, 281)
(25, 1, 82)
(25, 2, 26)
(25, 3, 19)
(25, 4, 16)
(25, 5, 14)
(25, 6, 14)
(25, 7, 12)
(25, 8, 12)
(25, 9, 12)
(25, 10, 10)
(25, 11, 10)
(25, 12, 10)
(25, 13, 10)
(25, 14, 8)
(25, 15, 8)
(25, 16, 8)
(25, 17, 8)
(25, 18, 7)
(25, 19, 7)
(25, 20, 7)
(25, 21, 7)
(25, 22, 7)
(25, 23, 7)
(25, 24, 7)
(25, 25, 6)
(25, 26, 6)
(25, 27, 6)
(25, 28, 4)
(25, 29, 4)
(25, 30, 4)
(25, 31, 3)
(25, 32, 3)
(25, 33, 3)
(25, 34, 3)
(25, 35, 3)
(25, 36, 3)
(25, 37, 3)
(25, 38, 3)
(25, 39, 3)

(26, 0, 288)
(26, 1, 86)
(26, 2, 27)
(26, 3, 21)
(26, 4, 18)
(26, 5, 16)
(26, 6, 16)
(26, 7, 14)
(26, 8, 14)
(26, 9, 14)
(26, 10, 11)
(26, 11, 10)
(26, 12, 10)
(26, 13, 10)
(26, 14, 8)
(26, 15, 8)
(26, 16, 8)
(26, 17, 8)
(26, 18, 7)
(26, 19, 7)
(26, 20, 7)
(26, 21, 7)
(26, 22, 7)
(26, 23, 7)
(26, 24, 7)
(26, 25, 6)
(26, 26, 6)
(26, 27, 5)
(26, 28, 3)
(26, 29, 3)
(26, 30, 3)
(26, 31, 3)
(26, 32, 3)
(26, 33, 3)
(26, 34, 3)
(26, 35, 3)
(26, 36, 3)
(26, 37, 3)
(26, 38, 3)
(26, 39, 3)

(27, 0, 294)
(27, 1, 91)
(27, 2, 30)
(27, 3, 22)
(27, 4, 19)
(27, 5, 17)
(27, 6, 17)
(27, 7, 15)
(27, 8, 15)
(27, 9, 15)
(27, 10, 12)
(27, 11, 11)
(27, 12, 11)
(27, 13, 11)
(27, 14, 9)
(27, 15, 9)
(27, 16, 9)
(27, 17, 9)
(27, 18, 8)
(27, 19, 8)
(27, 20, 8)
(27, 21, 8)
(27, 22, 8)
(27, 23, 8)
(27, 24, 8)
(27, 25, 7)
(27, 26, 7)
(27, 27, 6)
(27, 28, 4)
(27, 29, 4)
(27, 30, 4)
(27, 31, 4)
(27, 32, 4)
(27, 33, 4)
(27, 34, 4)
(27, 35, 4)
(27, 36, 4)
(27, 37, 4)
(27, 38, 4)
(27, 39, 4)

(28, 0, 302)
(28, 1, 97)
(28, 2, 34)
(28, 3, 23)
(28, 4, 20)
(28, 5, 18)
(28, 6, 18)
(28, 7, 15)
(28, 8, 15)
(28, 9, 15)
(28, 10, 12)
(28, 11, 11)
(28, 12, 11)
(28, 13, 11)
(28, 14, 9)
(28, 15, 9)
(28, 16, 9)
(28, 17, 9)
(28, 18, 8)
(28, 19, 8)
(28, 20, 8)
(28, 21, 8)
(28, 22, 8)
(28, 23, 8)
(28, 24, 8)
(28, 25, 7)
(28, 26, 7)
(28, 27, 6)
(28, 28, 4)
(28, 29, 4)
(28, 30, 4)
(28, 31, 4)
(28, 32, 4)
(28, 33, 4)
(28, 34, 4)
(28, 35, 4)
(28, 36, 4)
(28, 37, 4)
(28, 38, 4)
(28, 39, 4)

(29, 0, 313)
(29, 1, 102)
(29, 2, 35)
(29, 3, 25)
(29, 4, 22)
(29, 5, 20)
(29, 6, 20)
(29, 7, 17)
(29, 8, 17)
(29, 9, 16)
(29, 10, 13)
(29, 11, 12)
(29, 12, 12)
(29, 13, 12)
(29, 14, 10)
(29, 15, 10)
(29, 16, 10)
(29, 17, 10)
(29, 18, 9)
(29, 19, 9)
(29, 20, 9)
(29, 21, 9)
(29, 22, 9)
(29, 23, 9)
(29, 24, 9)
(29, 25, 8)
(29, 26, 8)
(29, 27, 7)
(29, 28, 5)
(29, 29, 5)
(29, 30, 5)
(29, 31, 5)
(29, 32, 5)
(29, 33, 5)
(29, 34, 5)
(29, 35, 5)
(29, 36, 5)
(29, 37, 5)
(29, 38, 5)
(29, 39, 5)

(30, 0, 332)
(30, 1, 112)
(30, 2, 41)
(30, 3, 26)
(30, 4, 22)
(30, 5, 20)
(30, 6, 20)
(30, 7, 17)
(30, 8, 17)
(30, 9, 16)
(30, 10, 13)
(30, 11, 12)
(30, 12, 12)
(30, 13, 12)
(30, 14, 10)
(30, 15, 10)
(30, 16, 10)
(30, 17, 10)
(30, 18, 9)
(30, 19, 9)
(30, 20, 9)
(30, 21, 9)
(30, 22, 9)
(30, 23, 9)
(30, 24, 9)
(30, 25, 8)
(30, 26, 8)
(30, 27, 7)
(30, 28, 5)
(30, 29, 5)
(30, 30, 5)
(30, 31, 5)
(30, 32, 5)
(30, 33, 5)
(30, 34, 5)
(30, 35, 5)
(30, 36, 5)
(30, 37, 5)
(30, 38, 5)
(30, 39, 5)

(31, 0, 355)
(31, 1, 124)
(31, 2, 43)
(31, 3, 29)
(31, 4, 26)
(31, 5, 23)
(31, 6, 23)
(31, 7, 20)
(31, 8, 20)
(31, 9, 19)
(31, 10, 16)
(31, 11, 14)
(31, 12, 14)
(31, 13, 14)
(31, 14, 12)
(31, 15, 12)
(31, 16, 11)
(31, 17, 11)
(31, 18, 10)
(31, 19, 10)
(31, 20, 10)
(31, 21, 10)
(31, 22, 10)
(31, 23, 10)
(31, 24, 10)
(31, 25, 9)
(31, 26, 9)
(31, 27, 8)
(31, 28, 6)
(31, 29, 6)
(31, 30, 6)
(31, 31, 6)
(31, 32, 6)
(31, 33, 6)
(31, 34, 6)
(31, 35, 6)
(31, 36, 6)
(31, 37, 6)
(31, 38, 6)
(31, 39, 6)

(32, 0, 395)
(32, 1, 142)
(32, 2, 51)
(32, 3, 33)
(32, 4, 27)
(32, 5, 25)
(32, 6, 25)
(32, 7, 22)
(32, 8, 22)
(32, 9, 20)
(32, 10, 16)
(32, 11, 15)
(32, 12, 15)
(32, 13, 15)
(32, 14, 12)
(32, 15, 12)
(32, 16, 12)
(32, 17, 12)
(32, 18, 11)
(32, 19, 11)
(32, 20, 11)
(32, 21, 11)
(32, 22, 11)
(32, 23, 11)
(32, 24, 11)
(32, 25, 10)
(32, 26, 9)
(32, 27, 8)
(32, 28, 6)
(32, 29, 6)
(32, 30, 6)
(32, 31, 6)
(32, 32, 6)
(32, 33, 6)
(32, 34, 6)
(32, 35, 6)
(32, 36, 6)
(32, 37, 6)
(32, 38, 6)
(32, 39, 6)

(33, 0, 445)
(33, 1, 160)
(33, 2, 50)
(33, 3, 32)
(33, 4, 28)
(33, 5, 25)
(33, 6, 25)
(33, 7, 22)
(33, 8, 22)
(33, 9, 20)
(33, 10, 16)
(33, 11, 15)
(33, 12, 15)
(33, 13, 15)
(33, 14, 12)
(33, 15, 12)
(33, 16, 12)
(33, 17, 12)
(33, 18, 11)
(33, 19, 11)
(33, 20, 11)
(33, 21, 11)
(33, 22, 11)
(33, 23, 11)
(33, 24, 11)
(33, 25, 10)
(33, 26, 8)
(33, 27, 7)
(33, 28, 6)
(33, 29, 6)
(33, 30, 6)
(33, 31, 6)
(33, 32, 6)
(33, 33, 6)
(33, 34, 6)
(33, 35, 6)
(33, 36, 6)
(33, 37, 6)
(33, 38, 6)
(33, 39, 6)

(34, 0, 484)
(34, 1, 177)
(34, 2, 56)
(34, 3, 32)
(34, 4, 29)
(34, 5, 25)
(34, 6, 25)
(34, 7, 22)
(34, 8, 22)
(34, 9, 20)
(34, 10, 16)
(34, 11, 15)
(34, 12, 15)
(34, 13, 15)
(34, 14, 12)
(34, 15, 12)
(34, 16, 12)
(34, 17, 12)
(34, 18, 11)
(34, 19, 11)
(34, 20, 11)
(34, 21, 11)
(34, 22, 11)
(34, 23, 11)
(34, 24, 11)
(34, 25, 10)
(34, 26, 8)
(34, 27, 7)
(34, 28, 6)
(34, 29, 6)
(34, 30, 6)
(34, 31, 6)
(34, 32, 6)
(34, 33, 6)
(34, 34, 6)
(34, 35, 6)
(34, 36, 6)
(34, 37, 6)
(34, 38, 6)
(34, 39, 6)

(35, 0, 534)
(35, 1, 201)
(35, 2, 57)
(35, 3, 33)
(35, 4, 30)
(35, 5, 27)
(35, 6, 27)
(35, 7, 24)
(35, 8, 24)
(35, 9, 21)
(35, 10, 17)
(35, 11, 16)
(35, 12, 16)
(35, 13, 16)
(35, 14, 13)
(35, 15, 13)
(35, 16, 13)
(35, 17, 13)
(35, 18, 12)
(35, 19, 12)
(35, 20, 12)
(35, 21, 12)
(35, 22, 12)
(35, 23, 12)
(35, 24, 12)
(35, 25, 10)
(35, 26, 8)
(35, 27, 7)
(35, 28, 7)
(35, 29, 7)
(35, 30, 7)
(35, 31, 7)
(35, 32, 7)
(35, 33, 7)
(35, 34, 7)
(35, 35, 7)
(35, 36, 7)
(35, 37, 7)
(35, 38, 7)
(35, 39, 7)

(36, 0, 562)
(36, 1, 215)
(36, 2, 58)
(36, 3, 35)
(36, 4, 32)
(36, 5, 29)
(36, 6, 29)
(36, 7, 26)
(36, 8, 26)
(36, 9, 20)
(36, 10, 16)
(36, 11, 15)
(36, 12, 15)
(36, 13, 15)
(36, 14, 12)
(36, 15, 12)
(36, 16, 12)
(36, 17, 12)
(36, 18, 11)
(36, 19, 11)
(36, 20, 11)
(36, 21, 11)
(36, 22, 11)
(36, 23, 11)
(36, 24, 11)
(36, 25, 9)
(36, 26, 8)
(36, 27, 7)
(36, 28, 7)
(36, 29, 7)
(36, 30, 7)
(36, 31, 7)
(36, 32, 7)
(36, 33, 7)
(36, 34, 7)
(36, 35, 7)
(36, 36, 7)
(36, 37, 7)
(36, 38, 7)
(36, 39, 7)

(37, 0, 582)
(37, 1, 228)
(37, 2, 67)
(37, 3, 40)
(37, 4, 34)
(37, 5, 31)
(37, 6, 31)
(37, 7, 28)
(37, 8, 28)
(37, 9, 22)
(37, 10, 17)
(37, 11, 16)
(37, 12, 16)
(37, 13, 16)
(37, 14, 13)
(37, 15, 12)
(37, 16, 12)
(37, 17, 12)
(37, 18, 11)
(37, 19, 11)
(37, 20, 11)
(37, 21, 11)
(37, 22, 11)
(37, 23, 10)
(37, 24, 10)
(37, 25, 8)
(37, 26, 7)
(37, 27, 6)
(37, 28, 6)
(37, 29, 6)
(37, 30, 6)
(37, 31, 6)
(37, 32, 6)
(37, 33, 6)
(37, 34, 6)
(37, 35, 6)
(37, 36, 6)
(37, 37, 6)
(37, 38, 6)
(37, 39, 6)

(38, 0, 595)
(38, 1, 235)
(38, 2, 70)
(38, 3, 39)
(38, 4, 34)
(38, 5, 31)
(38, 6, 31)
(38, 7, 28)
(38, 8, 27)
(38, 9, 21)
(38, 10, 17)
(38, 11, 16)
(38, 12, 16)
(38, 13, 16)
(38, 14, 13)
(38, 15, 12)
(38, 16, 12)
(38, 17, 12)
(38, 18, 11)
(38, 19, 11)
(38, 20, 11)
(38, 21, 11)
(38, 22, 11)
(38, 23, 10)
(38, 24, 10)
(38, 25, 8)
(38, 26, 7)
(38, 27, 6)
(38, 28, 6)
(38, 29, 6)
(38, 30, 6)
(38, 31, 6)
(38, 32, 6)
(38, 33, 6)
(38, 34, 6)
(38, 35, 6)
(38, 36, 6)
(38, 37, 6)
(38, 38, 6)
(38, 39, 6)

(39, 0, 606)
(39, 1, 237)
(39, 2, 70)
(39, 3, 39)
(39, 4, 34)
(39, 5, 31)
(39, 6, 31)
(39, 7, 28)
(39, 8, 27)
(39, 9, 21)
(39, 10, 17)
(39, 11, 16)
(39, 12, 16)
(39, 13, 16)
(39, 14, 13)
(39, 15, 12)
(39, 16, 12)
(39, 17, 12)
(39, 18, 11)
(39, 19, 11)
(39, 20, 11)
(39, 21, 11)
(39, 22, 11)
(39, 23, 10)
(39, 24, 10)
(39, 25, 8)
(39, 26, 7)
(39, 27, 6)
(39, 28, 6)
(39, 29, 6)
(39, 30, 6)
(39, 31, 6)
(39, 32, 6)
(39, 33, 6)
(39, 34, 6)
(39, 35, 6)
(39, 36, 6)
(39, 37, 6)
(39, 38, 6)
(39, 39, 6)


Betti numbers:
xi_0:
(0, 0, 5)
(1, 0, 4)
(2, 0, 7)
(3, 0, 6)
(4, 0, 2)
(5, 0, 8)
(6, 0, 5)
(7, 0, 15)
(8, 0, 13)
(9, 0, 10)
(10, 0, 18)
(11, 0, 21)
(12, 0, 22)
(13, 0, 19)
(14, 0, 17)
(15, 0, 5)
(16, 0, 5)
(17, 0, 12)
(18, 0, 17)
(19, 0, 15)
(20, 0, 9)
(21, 0, 7)
(22, 0, 12)
(23, 0, 13)
(24, 0, 5)
(25, 0, 9)
(26, 0, 7)
(27, 0, 6)
(28, 0, 8)
(29, 0, 11)
(30, 0, 19)
(31, 0, 23)
(32, 0, 40)
(33, 0, 50)
(34, 0, 39)
(35, 0, 50)
(36, 0, 28)
(37, 0, 20)
(38, 0, 13)
(39, 0, 11)
xi_1:
(0, 1, 3)
(0, 2, 1)
(1, 1, 3)
(1, 2, 2)
(2, 1, 5)
(2, 2, 2)
(2, 3, 1)
(3, 1, 6)
(3, 2, 2)
(4, 1, 3)
(5, 1, 3)
(5, 2, 4)
(6, 1, 4)
(6, 2, 2)
(7, 1, 6)
(7, 2, 5)
(7, 4, 1)
(7, 10, 1)
(8, 1, 11)
(8, 2, 2)
(8, 3, 1)
(9, 1, 6)
(9, 2, 2)
(9, 3, 3)
(10, 1, 8)
(10, 2, 8)
(10, 3, 3)
(10, 4, 1)
(11, 1, 15)
(11, 2, 8)
(11, 3, 1)
(12, 1, 16)
(12, 2, 3)
(12, 3, 2)
(12, 4, 1)
(12, 28, 1)
(13, 1, 16)
(13, 2, 3)
(13, 3, 1)
(13, 5, 1)
(13, 7, 1)
(14, 1, 17)
(14, 2, 3)
(15, 1, 3)
(15, 2, 2)
(16, 1, 3)
(16, 11, 1)
(16, 31, 1)
(17, 1, 7)
(17, 2, 1)
(17, 3, 1)
(17, 7, 1)
(17, 14, 1)
(17, 28, 1)
(17, 34, 1)
(18, 1, 13)
(18, 2, 4)
(18, 7, 1)
(18, 19, 1)
(18, 31, 1)
(18, 33, 1)
(19, 1, 12)
(19, 2, 2)
(19, 5, 1)
(19, 10, 1)
(19, 20, 1)
(20, 1, 2)
(20, 2, 5)
(20, 3, 1)
(20, 4, 1)
(20, 14, 1)
(20, 18, 1)
(21, 1, 7)
(21, 2, 1)
(21, 4, 1)
(21, 31, 1)
(22, 1, 8)
(22, 2, 4)
(22, 4, 1)
(22, 29, 1)
(23, 1, 13)
(23, 2, 4)
(23, 25, 1)
(24, 1, 5)
(24, 2, 1)
(25, 1, 4)
(25, 2, 3)
(25, 3, 1)
(25, 4, 1)
(26, 1, 3)
(26, 2, 3)
(26, 10, 1)
(26, 11, 1)
(26, 27, 1)
(27, 1, 1)
(27, 2, 2)
(27, 3, 2)
(28, 1, 2)
(28, 2, 2)
(28, 3, 3)
(28, 7, 1)
(29, 1, 6)
(29, 2, 4)
(29, 9, 1)
(30, 1, 9)
(30, 2, 4)
(30, 3, 5)
(30, 4, 1)
(31, 1, 11)
(31, 2, 11)
(31, 3, 1)
(31, 5, 1)
(31, 11, 1)
(31, 16, 1)
(32, 1, 22)
(32, 2, 11)
(32, 3, 4)
(32, 4, 3)
(32, 9, 1)
(32, 10, 1)
(32, 14, 1)
(32, 26, 1)
(33, 1, 32)
(33, 2, 19)
(33, 3, 2)
(33, 4, 1)
(33, 5, 1)
(33, 26, 1)
(34, 1, 22)
(34, 2, 11)
(34, 3, 6)
(34, 5, 1)
(35, 1, 26)
(35, 2, 24)
(35, 3, 4)
(35, 9, 1)
(35, 25, 1)
(36, 1, 14)
(36, 2, 13)
(36, 3, 2)
(36, 9, 3)
(37, 1, 7)
(37, 2, 4)
(37, 3, 4)
(37, 4, 3)
(37, 10, 1)
(37, 15, 1)
(37, 23, 1)
(38, 1, 6)
(38, 2, 4)
(38, 3, 4)
(38, 8, 1)
(39, 1, 9)
(39, 2, 2)
xi_2:
(1, 2, 1)
(2, 2, 1)
(3, 2, 1)
(3, 3, 1)
(4, 2, 1)
(6, 2, 1)
(8, 2, 1)
(9, 2, 1)
(10, 3, 2)
(11, 3, 2)
(11, 4, 1)
(12, 2, 1)
(13, 2, 1)
(13, 3, 1)
(13, 4, 1)
(14, 2, 2)
(14, 3, 1)
(17, 31, 1)
(18, 2, 1)
(18, 3, 1)
(18, 34, 1)
(19, 7, 1)
(19, 11, 1)
(20, 19, 1)
(20, 20, 1)
(21, 2, 2)
(21, 33, 1)
(22, 4, 1)
(22, 31, 1)
(23, 2, 3)
(23, 4, 1)
(23, 29, 1)
(24, 2, 1)
(26, 3, 1)
(26, 31, 1)
(29, 3, 1)
(31, 2, 1)
(31, 3, 2)
(31, 4, 1)
(32, 2, 1)
(32, 5, 1)
(32, 11, 1)
(32, 16, 1)
(33, 3, 2)
(33, 4, 3)
(33, 28, 1)
(34, 4, 1)
(35, 2, 1)
(35, 3, 4)
(35, 5, 1)
(35, 28, 1)
(36, 3, 3)
(36, 26, 1)
(38, 4, 1)
(38, 10, 1)
