x-grades
-614758281797125167/400000000000000000
-303028996279170907/200000000000000000
-597357703319558461/400000000000000000
-147164353520193777/100000000000000000
-115991424968398351/80000000000000000
-285628417801604201/200000000000000000
-562556546364425049/400000000000000000
-17308008035176303/12500000000000000
-545155967886858343/400000000000000000
-53645567864807499/40000000000000000
-527755389409291637/400000000000000000
-129763775042627071/100000000000000000
-510354810931724931/400000000000000000
-250827260846470789/200000000000000000
-19718169298166329/16000000000000000
-60531742901921859/50000000000000000
-475553653976591519/400000000000000000
-233426682368904083/200000000000000000
-458153075499024813/400000000000000000
-22472639313012073/20000000000000000
-440752497021458107/400000000000000000
-216026103891337377/200000000000000000
-423351918543891401/400000000000000000
-25915726831569253/25000000000000000
-81190268013264939/80000000000000000
-198625525413770671/200000000000000000
-388550761588757989/400000000000000000
-94962618087493659/100000000000000000
-371150183111191283/400000000000000000
-36244989387240793/40000000000000000
-353749604633624577/400000000000000000
-43131164424355153/50000000000000000
-336349026156057871/400000000000000000
-163824368458637259/200000000000000000
-63789689535698233/80000000000000000
-77562039609926953/100000000000000000
-301547869200924459/400000000000000000
-146423789981070553/200000000000000000
-284147290723357753/400000000000000000
-172154375927859/250000000000000

y-grades
9999913/40000000
9999913/20000000
29999739/40000000
9999913/10000000
9999913/8000000
29999739/20000000
69999391/40000000
9999913/5000000
89999217/40000000
9999913/4000000
109999043/40000000
29999739/10000000
129998869/40000000
69999391/20000000
29999739/8000000
9999913/2500000
169998521/40000000
89999217/20000000
189998347/40000000
9999913/2000000
209998173/40000000
109999043/20000000
229997999/40000000
29999739/5000000
9999913/1600000
129998869/20000000
269997651/40000000
69999391/10000000
289997477/40000000
29999739/4000000
309997303/40000000
9999913/1250000
329997129/40000000
169998521/20000000
69999391/8000000
89999217/10000000
369996781/40000000
189998347/20000000
389996607/40000000
9999913/1000000

Dimensions > 0:
(0, 0, 5)
(0, 1, 5)
(0, 2, 5)
(0, 3, 5)
(0, 4, 5)
(0, 5, 4)
(0, 6, 3)
(0, 7, 3)
(0, 8, 3)
(0, 9, 3)
(0, 10, 1)
(0, 11, 1)
(0, 12, 1)
(0, 13, 1)
(0, 14, 1)
(0, 15, 1)
(0, 16, 1)
(0, 17, 1)
(0, 18, 1)
(0, 19, 1)
(0, 20, 1)
(0, 21, 1)
(0, 22, 1)
(0, 23, 1)
(0, 24, 1)
(0, 25, 1)
(0, 26, 1)
(0, 27, 1)
(0, 28, 1)
(0, 29, 1)
(0, 30, 1)
(0, 31, 1)
(0, 32, 1)
(0, 33, 1)
(0, 34, 1)
(0, 35, 1)
(0, 36, 1)
(0, 37, 1)
(0, 38, 1)
(0, 39, 1)

(1, 0, 5)
(1, 1, 5)
(1, 2, 5)
(1, 3, 5)
(1, 4, 5)
(1, 5, 4)
(1, 6, 3)
(1, 7, 3)
(1, 8, 3)
(1, 9, 3)
(1, 10, 1)
(1, 11, 1)
(1, 12, 1)
(1, 13, 1)
(1, 14, 1)
(1, 15, 1)
(1, 16, 1)
(1, 17, 1)
(1, 18, 1)
(1, 19, 1)
(1, 20, 1)
(1, 21, 1)
(1, 22, 1)
(1, 23, 1)
(1, 24, 1)
(1, 25, 1)
(1, 26, 1)
(1, 27, 1)
(1, 28, 1)
(1, 29, 1)
(1, 30, 1)
(1, 31, 1)
(1, 32, 1)
(1, 33, 1)
(1, 34, 1)
(1, 35, 1)
(1, 36, 1)
(1, 37, 1)
(1, 38, 1)
(1, 39, 1)

(2, 0, 15)
(2, 1, 15)
(2, 2, 11)
(2, 3, 10)
(2, 4, 9)
(2, 5, 8)
(2, 6, 7)
(2, 7, 7)
(2, 8, 7)
(2, 9, 5)
(2, 10, 3)
(2, 11, 3)
(2, 12, 3)
(2, 13, 3)
(2, 14, 3)
(2, 15, 3)
(2, 16, 3)
(2, 17, 3)
(2, 18, 3)
(2, 19, 3)
(2, 20, 3)
(2, 21, 2)
(2, 22, 2)
(2, 23, 2)
(2, 24, 2)
(2, 25, 1)
(2, 26, 1)
(2, 27, 1)
(2, 28, 1)
(2, 29, 1)
(2, 30, 1)
(2, 31, 1)
(2, 32, 1)
(2, 33, 1)
(2, 34, 1)
(2, 35, 1)
(2, 36, 1)
(2, 37, 1)
(2, 38, 1)
(2, 39, 1)

(3, 0, 23)
(3, 1, 23)
(3, 2, 17)
(3, 3, 16)
(3, 4, 13)
(3, 5, 10)
(3, 6, 8)
(3, 7, 8)
(3, 8, 8)
(3, 9, 5)
(3, 10, 2)
(3, 11, 2)
(3, 12, 2)
(3, 13, 2)
(3, 14, 1)
(3, 15, 1)
(3, 16, 1)
(3, 17, 1)
(3, 18, 1)
(3, 19, 1)
(3, 20, 1)
(3, 21, 1)
(3, 22, 1)
(3, 23, 1)
(3, 24, 1)
(3, 25, 1)
(3, 26, 1)
(3, 27, 1)
(3, 28, 1)
(3, 29, 1)
(3, 30, 1)
(3, 31, 1)
(3, 32, 1)
(3, 33, 1)
(3, 34, 1)
(3, 35, 1)
(3, 36, 1)
(3, 37, 1)
(3, 38, 1)
(3, 39, 1)

(4, 0, 25)
(4, 1, 25)
(4, 2, 18)
(4, 3, 17)
(4, 4, 14)
(4, 5, 11)
(4, 6, 9)
(4, 7, 8)
(4, 8, 8)
(4, 9, 5)
(4, 10, 2)
(4, 11, 2)
(4, 12, 2)
(4, 13, 2)
(4, 14, 1)
(4, 15, 1)
(4, 16, 1)
(4, 17, 1)
(4, 18, 1)
(4, 19, 1)
(4, 20, 1)
(4, 21, 1)
(4, 22, 1)
(4, 23, 1)
(4, 24, 1)
(4, 25, 1)
(4, 26, 1)
(4, 27, 1)
(4, 28, 1)
(4, 29, 1)
(4, 30, 1)
(4, 31, 1)
(4, 32, 1)
(4, 33, 1)
(4, 34, 1)
(4, 35, 1)
(4, 36, 1)
(4, 37, 1)
(4, 38, 1)
(4, 39, 1)

(5, 0, 29)
(5, 1, 29)
(5, 2, 22)
(5, 3, 21)
(5, 4, 17)
(5, 5, 14)
(5, 6, 12)
(5, 7, 11)
(5, 8, 11)
(5, 9, 7)
(5, 10, 4)
(5, 11, 4)
(5, 12, 4)
(5, 13, 4)
(5, 14, 3)
(5, 15, 2)
(5, 16, 2)
(5, 17, 1)
(5, 18, 1)
(5, 19, 1)
(5, 20, 1)
(5, 21, 1)
(5, 22, 1)
(5, 23, 1)
(5, 24, 1)
(5, 25, 1)
(5, 26, 1)
(5, 27, 1)
(5, 28, 1)
(5, 29, 1)
(5, 30, 1)
(5, 31, 1)
(5, 32, 1)
(5, 33, 1)
(5, 34, 1)
(5, 35, 1)
(5, 36, 1)
(5, 37, 1)
(5, 38, 1)
(5, 39, 1)

(6, 0, 32)
(6, 1, 32)
(6, 2, 25)
(6, 3, 24)
(6, 4, 20)
(6, 5, 17)
(6, 6, 15)
(6, 7, 13)
(6, 8, 13)
(6, 9, 7)
(6, 10, 4)
(6, 11, 4)
(6, 12, 3)
(6, 13, 3)
(6, 14, 2)
(6, 15, 2)
(6, 16, 2)
(6, 17, 1)
(6, 18, 1)
(6, 19, 1)
(6, 20, 1)
(6, 21, 1)
(6, 22, 1)
(6, 23, 1)
(6, 24, 1)
(6, 25, 1)
(6, 26, 1)
(6, 27, 1)
(6, 28, 1)
(6, 29, 1)
(6, 30, 1)
(6, 31, 1)
(6, 32, 1)
(6, 33, 1)
(6, 34, 1)
(6, 35, 1)
(6, 36, 1)
(6, 37, 1)
(6, 38, 1)
(6, 39, 1)

(7, 0, 33)
(7, 1, 32)
(7, 2, 25)
(7, 3, 24)
(7, 4, 20)
(7, 5, 17)
(7, 6, 15)
(7, 7, 13)
(7, 8, 13)
(7, 9, 7)
(7, 10, 4)
(7, 11, 4)
(7, 12, 3)
(7, 13, 3)
(7, 14, 2)
(7, 15, 2)
(7, 16, 2)
(7, 17, 1)
(7, 18, 1)
(7, 19, 1)
(7, 20, 1)
(7, 21, 1)
(7, 22, 1)
(7, 23, 1)
(7, 24, 1)
(7, 25, 1)
(7, 26, 1)
(7, 27, 1)
(7, 28, 1)
(7, 29, 1)
(7, 30, 1)
(7, 31, 1)
(7, 32, 1)
(7, 33, 1)
(7, 34, 1)
(7, 35, 1)
(7, 36, 1)
(7, 37, 1)
(7, 38, 1)
(7, 39, 1)

(8, 0, 38)
(8, 1, 36)
(8, 2, 29)
(8, 3, 28)
(8, 4, 24)
(8, 5, 20)
(8, 6, 18)
(8, 7, 16)
(8, 8, 16)
(8, 9, 8)
(8, 10, 5)
(8, 11, 5)
(8, 12, 4)
(8, 13, 3)
(8, 14, 2)
(8, 15, 2)
(8, 16, 2)
(8, 17, 1)
(8, 18, 1)
(8, 19, 1)
(8, 20, 1)
(8, 21, 1)
(8, 22, 1)
(8, 23, 1)
(8, 24, 1)
(8, 25, 1)
(8, 26, 1)
(8, 27, 1)
(8, 28, 1)
(8, 29, 1)
(8, 30, 1)
(8, 31, 1)
(8, 32, 1)
(8, 33, 1)
(8, 34, 1)
(8, 35, 1)
(8, 36, 1)
(8, 37, 1)
(8, 38, 1)
(8, 39, 1)

(9, 0, 40)
(9, 1, 38)
(9, 2, 31)
(9, 3, 30)
(9, 4, 26)
(9, 5, 21)
(9, 6, 18)
(9, 7, 16)
(9, 8, 15)
(9, 9, 7)
(9, 10, 4)
(9, 11, 4)
(9, 12, 3)
(9, 13, 3)
(9, 14, 2)
(9, 15, 2)
(9, 16, 2)
(9, 17, 1)
(9, 18, 1)
(9, 19, 1)
(9, 20, 1)
(9, 21, 1)
(9, 22, 1)
(9, 23, 1)
(9, 24, 1)
(9, 25, 1)
(9, 26, 1)
(9, 27, 1)
(9, 28, 1)
(9, 29, 1)
(9, 30, 1)
(9, 31, 1)
(9, 32, 1)
(9, 33, 1)
(9, 34, 1)
(9, 35, 1)
(9, 36, 1)
(9, 37, 1)
(9, 38, 1)
(9, 39, 1)

(10, 0, 42)
(10, 1, 40)
(10, 2, 33)
(10, 3, 32)
(10, 4, 28)
(10, 5, 23)
(10, 6, 20)
(10, 7, 18)
(10, 8, 17)
(10, 9, 7)
(10, 10, 4)
(10, 11, 4)
(10, 12, 3)
(10, 13, 3)
(10, 14, 2)
(10, 15, 2)
(10, 16, 2)
(10, 17, 1)
(10, 18, 1)
(10, 19, 1)
(10, 20, 1)
(10, 21, 1)
(10, 22, 1)
(10, 23, 1)
(10, 24, 1)
(10, 25, 1)
(10, 26, 1)
(10, 27, 1)
(10, 28, 1)
(10, 29, 1)
(10, 30, 1)
(10, 31, 1)
(10, 32, 1)
(10, 33, 1)
(10, 34, 1)
(10, 35, 1)
(10, 36, 1)
(10, 37, 1)
(10, 38, 1)
(10, 39, 1)

(11, 0, 42)
(11, 1, 40)
(11, 2, 33)
(11, 3, 32)
(11, 4, 28)
(11, 5, 23)
(11, 6, 20)
(11, 7, 18)
(11, 8, 17)
(11, 9, 7)
(11, 10, 4)
(11, 11, 4)
(11, 12, 3)
(11, 13, 3)
(11, 14, 2)
(11, 15, 2)
(11, 16, 2)
(11, 17, 1)
(11, 18, 1)
(11, 19, 1)
(11, 20, 1)
(11, 21, 1)
(11, 22, 1)
(11, 23, 1)
(11, 24, 1)
(11, 25, 1)
(11, 26, 1)
(11, 27, 1)
(11, 28, 1)
(11, 29, 1)
(11, 30, 1)
(11, 31, 1)
(11, 32, 1)
(11, 33, 1)
(11, 34, 1)
(11, 35, 1)
(11, 36, 1)
(11, 37, 1)
(11, 38, 1)
(11, 39, 1)

(12, 0, 44)
(12, 1, 42)
(12, 2, 35)
(12, 3, 34)
(12, 4, 30)
(12, 5, 25)
(12, 6, 22)
(12, 7, 20)
(12, 8, 18)
(12, 9, 8)
(12, 10, 5)
(12, 11, 5)
(12, 12, 4)
(12, 13, 4)
(12, 14, 3)
(12, 15, 2)
(12, 16, 2)
(12, 17, 1)
(12, 18, 1)
(12, 19, 1)
(12, 20, 1)
(12, 21, 1)
(12, 22, 1)
(12, 23, 1)
(12, 24, 1)
(12, 25, 1)
(12, 26, 1)
(12, 27, 1)
(12, 28, 1)
(12, 29, 1)
(12, 30, 1)
(12, 31, 1)
(12, 32, 1)
(12, 33, 1)
(12, 34, 1)
(12, 35, 1)
(12, 36, 1)
(12, 37, 1)
(12, 38, 1)
(12, 39, 1)

(13, 0, 50)
(13, 1, 44)
(13, 2, 37)
(13, 3, 35)
(13, 4, 31)
(13, 5, 26)
(13, 6, 23)
(13, 7, 21)
(13, 8, 19)
(13, 9, 9)
(13, 10, 6)
(13, 11, 6)
(13, 12, 5)
(13, 13, 5)
(13, 14, 4)
(13, 15, 3)
(13, 16, 3)
(13, 17, 2)
(13, 18, 2)
(13, 19, 2)
(13, 20, 2)
(13, 21, 2)
(13, 22, 2)
(13, 23, 2)
(13, 24, 2)
(13, 25, 2)
(13, 26, 2)
(13, 27, 2)
(13, 28, 2)
(13, 29, 2)
(13, 30, 2)
(13, 31, 2)
(13, 32, 2)
(13, 33, 2)
(13, 34, 2)
(13, 35, 2)
(13, 36, 2)
(13, 37, 2)
(13, 38, 2)
(13, 39, 2)

(14, 0, 87)
(14, 1, 53)
(14, 2, 41)
(14, 3, 38)
(14, 4, 34)
(14, 5, 27)
(14, 6, 24)
(14, 7, 22)
(14, 8, 20)
(14, 9, 10)
(14, 10, 7)
(14, 11, 7)
(14, 12, 6)
(14, 13, 6)
(14, 14, 5)
(14, 15, 4)
(14, 16, 4)
(14, 17, 3)
(14, 18, 3)
(14, 19, 3)
(14, 20, 3)
(14, 21, 3)
(14, 22, 3)
(14, 23, 3)
(14, 24, 3)
(14, 25, 2)
(14, 26, 2)
(14, 27, 2)
(14, 28, 2)
(14, 29, 2)
(14, 30, 2)
(14, 31, 2)
(14, 32, 2)
(14, 33, 2)
(14, 34, 2)
(14, 35, 2)
(14, 36, 2)
(14, 37, 2)
(14, 38, 2)
(14, 39, 2)

(15, 0, 118)
(15, 1, 65)
(15, 2, 47)
(15, 3, 41)
(15, 4, 35)
(15, 5, 28)
(15, 6, 25)
(15, 7, 22)
(15, 8, 20)
(15, 9, 10)
(15, 10, 7)
(15, 11, 7)
(15, 12, 6)
(15, 13, 6)
(15, 14, 5)
(15, 15, 4)
(15, 16, 4)
(15, 17, 3)
(15, 18, 3)
(15, 19, 3)
(15, 20, 3)
(15, 21, 3)
(15, 22, 3)
(15, 23, 3)
(15, 24, 2)
(15, 25, 2)
(15, 26, 2)
(15, 27, 2)
(15, 28, 2)
(15, 29, 2)
(15, 30, 2)
(15, 31, 2)
(15, 32, 2)
(15, 33, 2)
(15, 34, 2)
(15, 35, 2)
(15, 36, 2)
(15, 37, 2)
(15, 38, 2)
(15, 39, 2)

(16, 0, 143)
(16, 1, 75)
(16, 2, 50)
(16, 3, 41)
(16, 4, 35)
(16, 5, 28)
(16, 6, 24)
(16, 7, 22)
(16, 8, 20)
(16, 9, 10)
(16, 10, 7)
(16, 11, 7)
(16, 12, 6)
(16, 13, 6)
(16, 14, 5)
(16, 15, 4)
(16, 16, 4)
(16, 17, 3)
(16, 18, 3)
(16, 19, 3)
(16, 20, 3)
(16, 21, 3)
(16, 22, 3)
(16, 23, 3)
(16, 24, 2)
(16, 25, 2)
(16, 26, 2)
(16, 27, 2)
(16, 28, 2)
(16, 29, 2)
(16, 30, 2)
(16, 31, 2)
(16, 32, 2)
(16, 33, 2)
(16, 34, 2)
(16, 35, 2)
(16, 36, 2)
(16, 37, 2)
(16, 38, 2)
(16, 39, 2)

(17, 0, 154)
(17, 1, 81)
(17, 2, 55)
(17, 3, 44)
(17, 4, 38)
(17, 5, 30)
(17, 6, 26)
(17, 7, 24)
(17, 8, 22)
(17, 9, 11)
(17, 10, 8)
(17, 11, 8)
(17, 12, 7)
(17, 13, 7)
(17, 14, 6)
(17, 15, 5)
(17, 16, 5)
(17, 17, 2)
(17, 18, 2)
(17, 19, 2)
(17, 20, 2)
(17, 21, 2)
(17, 22, 2)
(17, 23, 2)
(17, 24, 2)
(17, 25, 2)
(17, 26, 2)
(17, 27, 2)
(17, 28, 2)
(17, 29, 2)
(17, 30, 2)
(17, 31, 2)
(17, 32, 2)
(17, 33, 2)
(17, 34, 2)
(17, 35, 2)
(17, 36, 2)
(17, 37, 2)
(17, 38, 2)
(17, 39, 2)

(18, 0, 176)
(18, 1, 91)
(18, 2, 60)
(18, 3, 49)
(18, 4, 41)
(18, 5, 32)
(18, 6, 28)
(18, 7, 25)
(18, 8, 23)
(18, 9, 12)
(18, 10, 9)
(18, 11, 8)
(18, 12, 7)
(18, 13, 7)
(18, 14, 6)
(18, 15, 5)
(18, 16, 5)
(18, 17, 2)
(18, 18, 2)
(18, 19, 2)
(18, 20, 2)
(18, 21, 2)
(18, 22, 2)
(18, 23, 2)
(18, 24, 2)
(18, 25, 2)
(18, 26, 2)
(18, 27, 2)
(18, 28, 2)
(18, 29, 2)
(18, 30, 2)
(18, 31, 2)
(18, 32, 2)
(18, 33, 2)
(18, 34, 2)
(18, 35, 2)
(18, 36, 2)
(18, 37, 2)
(18, 38, 2)
(18, 39, 2)

(19, 0, 191)
(19, 1, 102)
(19, 2, 67)
(19, 3, 52)
(19, 4, 44)
(19, 5, 34)
(19, 6, 30)
(19, 7, 27)
(19, 8, 25)
(19, 9, 13)
(19, 10, 10)
(19, 11, 9)
(19, 12, 8)
(19, 13, 8)
(19, 14, 7)
(19, 15, 6)
(19, 16, 5)
(19, 17, 2)
(19, 18, 2)
(19, 19, 2)
(19, 20, 2)
(19, 21, 2)
(19, 22, 2)
(19, 23, 2)
(19, 24, 2)
(19, 25, 2)
(19, 26, 2)
(19, 27, 2)
(19, 28, 2)
(19, 29, 2)
(19, 30, 2)
(19, 31, 2)
(19, 32, 2)
(19, 33, 2)
(19, 34, 2)
(19, 35, 2)
(19, 36, 2)
(19, 37, 2)
(19, 38, 2)
(19, 39, 2)

(20, 0, 233)
(20, 1, 113)
(20, 2, 73)
(20, 3, 56)
(20, 4, 46)
(20, 5, 37)
(20, 6, 32)
(20, 7, 28)
(20, 8, 25)
(20, 9, 12)
(20, 10, 9)
(20, 11, 8)
(20, 12, 7)
(20, 13, 7)
(20, 14, 6)
(20, 15, 5)
(20, 16, 4)
(20, 17, 2)
(20, 18, 2)
(20, 19, 2)
(20, 20, 2)
(20, 21, 2)
(20, 22, 2)
(20, 23, 2)
(20, 24, 2)
(20, 25, 2)
(20, 26, 2)
(20, 27, 2)
(20, 28, 2)
(20, 29, 2)
(20, 30, 2)
(20, 31, 2)
(20, 32, 2)
(20, 33, 2)
(20, 34, 2)
(20, 35, 2)
(20, 36, 2)
(20, 37, 2)
(20, 38, 2)
(20, 39, 2)

(21, 0, 277)
(21, 1, 137)
(21, 2, 85)
(21, 3, 61)
(21, 4, 49)
(21, 5, 40)
(21, 6, 34)
(21, 7, 30)
(21, 8, 25)
(21, 9, 12)
(21, 10, 9)
(21, 11, 9)
(21, 12, 8)
(21, 13, 8)
(21, 14, 7)
(21, 15, 6)
(21, 16, 5)
(21, 17, 3)
(21, 18, 3)
(21, 19, 3)
(21, 20, 3)
(21, 21, 3)
(21, 22, 3)
(21, 23, 3)
(21, 24, 3)
(21, 25, 3)
(21, 26, 3)
(21, 27, 3)
(21, 28, 3)
(21, 29, 3)
(21, 30, 3)
(21, 31, 3)
(21, 32, 3)
(21, 33, 3)
(21, 34, 3)
(21, 35, 3)
(21, 36, 3)
(21, 37, 3)
(21, 38, 3)
(21, 39, 3)

(22, 0, 298)
(22, 1, 148)
(22, 2, 89)
(22, 3, 63)
(22, 4, 50)
(22, 5, 40)
(22, 6, 33)
(22, 7, 30)
(22, 8, 25)
(22, 9, 12)
(22, 10, 9)
(22, 11, 9)
(22, 12, 8)
(22, 13, 8)
(22, 14, 7)
(22, 15, 6)
(22, 16, 5)
(22, 17, 3)
(22, 18, 3)
(22, 19, 3)
(22, 20, 3)
(22, 21, 3)
(22, 22, 3)
(22, 23, 3)
(22, 24, 3)
(22, 25, 3)
(22, 26, 3)
(22, 27, 3)
(22, 28, 3)
(22, 29, 3)
(22, 30, 3)
(22, 31, 3)
(22, 32, 3)
(22, 33, 3)
(22, 34, 3)
(22, 35, 3)
(22, 36, 3)
(22, 37, 3)
(22, 38, 3)
(22, 39, 3)

(23, 0, 302)
(23, 1, 151)
(23, 2, 92)
(23, 3, 65)
(23, 4, 51)
(23, 5, 41)
(23, 6, 35)
(23, 7, 32)
(23, 8, 27)
(23, 9, 14)
(23, 10, 10)
(23, 11, 10)
(23, 12, 8)
(23, 13, 8)
(23, 14, 7)
(23, 15, 6)
(23, 16, 5)
(23, 17, 3)
(23, 18, 3)
(23, 19, 3)
(23, 20, 3)
(23, 21, 3)
(23, 22, 3)
(23, 23, 3)
(23, 24, 3)
(23, 25, 3)
(23, 26, 3)
(23, 27, 3)
(23, 28, 3)
(23, 29, 3)
(23, 30, 3)
(23, 31, 3)
(23, 32, 3)
(23, 33, 3)
(23, 34, 3)
(23, 35, 3)
(23, 36, 3)
(23, 37, 3)
(23, 38, 3)
(23, 39, 3)

(24, 0, 302)
(24, 1, 151)
(24, 2, 92)
(24, 3, 65)
(24, 4, 51)
(24, 5, 41)
(24, 6, 35)
(24, 7, 32)
(24, 8, 27)
(24, 9, 14)
(24, 10, 10)
(24, 11, 10)
(24, 12, 8)
(24, 13, 8)
(24, 14, 7)
(24, 15, 6)
(24, 16, 5)
(24, 17, 3)
(24, 18, 3)
(24, 19, 3)
(24, 20, 3)
(24, 21, 3)
(24, 22, 3)
(24, 23, 3)
(24, 24, 3)
(24, 25, 3)
(24, 26, 3)
(24, 27, 3)
(24, 28, 3)
(24, 29, 3)
(24, 30, 3)
(24, 31, 3)
(24, 32, 3)
(24, 33, 3)
(24, 34, 3)
(24, 35, 3)
(24, 36, 3)
(24, 37, 3)
(24, 38, 3)
(24, 39, 3)

(25, 0, 307)
(25, 1, 154)
(25, 2, 95)
(25, 3, 68)
(25, 4, 54)
(25, 5, 44)
(25, 6, 38)
(25, 7, 35)
(25, 8, 30)
(25, 9, 17)
(25, 10, 13)
(25, 11, 13)
(25, 12, 11)
(25, 13, 10)
(25, 14, 9)
(25, 15, 7)
(25, 16, 6)
(25, 17, 4)
(25, 18, 4)
(25, 19, 4)
(25, 20, 4)
(25, 21, 4)
(25, 22, 4)
(25, 23, 4)
(25, 24, 4)
(25, 25, 4)
(25, 26, 4)
(25, 27, 4)
(25, 28, 4)
(25, 29, 4)
(25, 30, 4)
(25, 31, 4)
(25, 32, 4)
(25, 33, 4)
(25, 34, 4)
(25, 35, 4)
(25, 36, 3)
(25, 37, 3)
(25, 38, 3)
(25, 39, 3)

(26, 0, 317)
(26, 1, 162)
(26, 2, 101)
(26, 3, 72)
(26, 4, 58)
(26, 5, 48)
(26, 6, 41)
(26, 7, 38)
(26, 8, 32)
(26, 9, 19)
(26, 10, 15)
(26, 11, 15)
(26, 12, 12)
(26, 13, 11)
(26, 14, 9)
(26, 15, 8)
(26, 16, 7)
(26, 17, 5)
(26, 18, 5)
(26, 19, 5)
(26, 20, 5)
(26, 21, 5)
(26, 22, 5)
(26, 23, 5)
(26, 24, 5)
(26, 25, 5)
(26, 26, 5)
(26, 27, 5)
(26, 28, 5)
(26, 29, 5)
(26, 30, 5)
(26, 31, 5)
(26, 32, 5)
(26, 33, 5)
(26, 34, 5)
(26, 35, 4)
(26, 36, 4)
(26, 37, 4)
(26, 38, 4)
(26, 39, 4)

(27, 0, 331)
(27, 1, 170)
(27, 2, 107)
(27, 3, 77)
(27, 4, 63)
(27, 5, 53)
(27, 6, 44)
(27, 7, 41)
(27, 8, 35)
(27, 9, 22)
(27, 10, 18)
(27, 11, 17)
(27, 12, 14)
(27, 13, 13)
(27, 14, 11)
(27, 15, 10)
(27, 16, 9)
(27, 17, 7)
(27, 18, 7)
(27, 19, 7)
(27, 20, 7)
(27, 21, 7)
(27, 22, 7)
(27, 23, 7)
(27, 24, 7)
(27, 25, 7)
(27, 26, 7)
(27, 27, 7)
(27, 28, 7)
(27, 29, 7)
(27, 30, 7)
(27, 31, 6)
(27, 32, 6)
(27, 33, 6)
(27, 34, 6)
(27, 35, 5)
(27, 36, 5)
(27, 37, 5)
(27, 38, 5)
(27, 39, 5)

(28, 0, 360)
(28, 1, 182)
(28, 2, 113)
(28, 3, 83)
(28, 4, 69)
(28, 5, 57)
(28, 6, 48)
(28, 7, 43)
(28, 8, 37)
(28, 9, 24)
(28, 10, 20)
(28, 11, 19)
(28, 12, 15)
(28, 13, 14)
(28, 14, 12)
(28, 15, 11)
(28, 16, 9)
(28, 17, 7)
(28, 18, 7)
(28, 19, 7)
(28, 20, 7)
(28, 21, 7)
(28, 22, 7)
(28, 23, 7)
(28, 24, 7)
(28, 25, 7)
(28, 26, 7)
(28, 27, 7)
(28, 28, 7)
(28, 29, 7)
(28, 30, 7)
(28, 31, 7)
(28, 32, 7)
(28, 33, 6)
(28, 34, 6)
(28, 35, 5)
(28, 36, 5)
(28, 37, 5)
(28, 38, 5)
(28, 39, 5)

(29, 0, 380)
(29, 1, 195)
(29, 2, 122)
(29, 3, 89)
(29, 4, 75)
(29, 5, 61)
(29, 6, 52)
(29, 7, 46)
(29, 8, 40)
(29, 9, 27)
(29, 10, 21)
(29, 11, 20)
(29, 12, 16)
(29, 13, 14)
(29, 14, 12)
(29, 15, 11)
(29, 16, 9)
(29, 17, 7)
(29, 18, 7)
(29, 19, 7)
(29, 20, 7)
(29, 21, 7)
(29, 22, 7)
(29, 23, 7)
(29, 24, 7)
(29, 25, 7)
(29, 26, 7)
(29, 27, 7)
(29, 28, 7)
(29, 29, 7)
(29, 30, 7)
(29, 31, 6)
(29, 32, 6)
(29, 33, 6)
(29, 34, 6)
(29, 35, 5)
(29, 36, 5)
(29, 37, 5)
(29, 38, 5)
(29, 39, 5)

(30, 0, 413)
(30, 1, 218)
(30, 2, 136)
(30, 3, 100)
(30, 4, 85)
(30, 5, 69)
(30, 6, 58)
(30, 7, 51)
(30, 8, 43)
(30, 9, 30)
(30, 10, 25)
(30, 11, 24)
(30, 12, 20)
(30, 13, 18)
(30, 14, 16)
(30, 15, 14)
(30, 16, 12)
(30, 17, 10)
(30, 18, 10)
(30, 19, 10)
(30, 20, 10)
(30, 21, 10)
(30, 22, 10)
(30, 23, 9)
(30, 24, 9)
(30, 25, 9)
(30, 26, 9)
(30, 27, 9)
(30, 28, 9)
(30, 29, 8)
(30, 30, 7)
(30, 31, 6)
(30, 32, 6)
(30, 33, 6)
(30, 34, 6)
(30, 35, 6)
(30, 36, 6)
(30, 37, 6)
(30, 38, 6)
(30, 39, 6)

(31, 0, 442)
(31, 1, 238)
(31, 2, 151)
(31, 3, 113)
(31, 4, 94)
(31, 5, 74)
(31, 6, 62)
(31, 7, 55)
(31, 8, 45)
(31, 9, 31)
(31, 10, 26)
(31, 11, 25)
(31, 12, 21)
(31, 13, 19)
(31, 14, 17)
(31, 15, 15)
(31, 16, 13)
(31, 17, 11)
(31, 18, 11)
(31, 19, 11)
(31, 20, 11)
(31, 21, 10)
(31, 22, 10)
(31, 23, 10)
(31, 24, 9)
(31, 25, 9)
(31, 26, 9)
(31, 27, 9)
(31, 28, 9)
(31, 29, 8)
(31, 30, 8)
(31, 31, 7)
(31, 32, 7)
(31, 33, 6)
(31, 34, 6)
(31, 35, 6)
(31, 36, 6)
(31, 37, 6)
(31, 38, 6)
(31, 39, 6)

(32, 0, 515)
(32, 1, 268)
(32, 2, 170)
(32, 3, 126)
(32, 4, 105)
(32, 5, 80)
(32, 6, 66)
(32, 7, 58)
(32, 8, 50)
(32, 9, 36)
(32, 10, 29)
(32, 11, 28)
(32, 12, 24)
(32, 13, 21)
(32, 14, 19)
(32, 15, 15)
(32, 16, 13)
(32, 17, 11)
(32, 18, 11)
(32, 19, 11)
(32, 20, 11)
(32, 21, 10)
(32, 22, 10)
(32, 23, 10)
(32, 24, 9)
(32, 25, 9)
(32, 26, 9)
(32, 27, 9)
(32, 28, 9)
(32, 29, 8)
(32, 30, 7)
(32, 31, 6)
(32, 32, 6)
(32, 33, 5)
(32, 34, 5)
(32, 35, 5)
(32, 36, 5)
(32, 37, 5)
(32, 38, 5)
(32, 39, 5)

(33, 0, 543)
(33, 1, 285)
(33, 2, 182)
(33, 3, 135)
(33, 4, 114)
(33, 5, 85)
(33, 6, 70)
(33, 7, 58)
(33, 8, 50)
(33, 9, 36)
(33, 10, 29)
(33, 11, 28)
(33, 12, 24)
(33, 13, 21)
(33, 14, 19)
(33, 15, 15)
(33, 16, 13)
(33, 17, 11)
(33, 18, 11)
(33, 19, 11)
(33, 20, 11)
(33, 21, 10)
(33, 22, 10)
(33, 23, 10)
(33, 24, 8)
(33, 25, 8)
(33, 26, 8)
(33, 27, 8)
(33, 28, 8)
(33, 29, 7)
(33, 30, 6)
(33, 31, 5)
(33, 32, 5)
(33, 33, 4)
(33, 34, 4)
(33, 35, 4)
(33, 36, 4)
(33, 37, 4)
(33, 38, 4)
(33, 39, 4)

(34, 0, 563)
(34, 1, 296)
(34, 2, 189)
(34, 3, 141)
(34, 4, 119)
(34, 5, 89)
(34, 6, 73)
(34, 7, 61)
(34, 8, 53)
(34, 9, 38)
(34, 10, 31)
(34, 11, 29)
(34, 12, 24)
(34, 13, 21)
(34, 14, 19)
(34, 15, 15)
(34, 16, 12)
(34, 17, 10)
(34, 18, 10)
(34, 19, 10)
(34, 20, 10)
(34, 21, 9)
(34, 22, 9)
(34, 23, 9)
(34, 24, 8)
(34, 25, 8)
(34, 26, 8)
(34, 27, 8)
(34, 28, 8)
(34, 29, 7)
(34, 30, 6)
(34, 31, 5)
(34, 32, 5)
(34, 33, 4)
(34, 34, 4)
(34, 35, 4)
(34, 36, 4)
(34, 37, 4)
(34, 38, 4)
(34, 39, 4)

(35, 0, 568)
(35, 1, 300)
(35, 2, 192)
(35, 3, 144)
(35, 4, 121)
(35, 5, 90)
(35, 6, 74)
(35, 7, 62)
(35, 8, 54)
(35, 9, 39)
(35, 10, 31)
(35, 11, 29)
(35, 12, 24)
(35, 13, 21)
(35, 14, 19)
(35, 15, 15)
(35, 16, 12)
(35, 17, 10)
(35, 18, 10)
(35, 19, 10)
(35, 20, 10)
(35, 21, 9)
(35, 22, 9)
(35, 23, 9)
(35, 24, 8)
(35, 25, 8)
(35, 26, 8)
(35, 27, 8)
(35, 28, 8)
(35, 29, 7)
(35, 30, 6)
(35, 31, 5)
(35, 32, 5)
(35, 33, 4)
(35, 34, 4)
(35, 35, 4)
(35, 36, 4)
(35, 37, 4)
(35, 38, 4)
(35, 39, 3)

(36, 0, 582)
(36, 1, 307)
(36, 2, 198)
(36, 3, 148)
(36, 4, 124)
(36, 5, 93)
(36, 6, 77)
(36, 7, 65)
(36, 8, 56)
(36, 9, 41)
(36, 10, 32)
(36, 11, 30)
(36, 12, 25)
(36, 13, 22)
(36, 14, 20)
(36, 15, 15)
(36, 16, 12)
(36, 17, 10)
(36, 18, 10)
(36, 19, 10)
(36, 20, 10)
(36, 21, 8)
(36, 22, 8)
(36, 23, 8)
(36, 24, 7)
(36, 25, 7)
(36, 26, 7)
(36, 27, 7)
(36, 28, 7)
(36, 29, 6)
(36, 30, 5)
(36, 31, 3)
(36, 32, 3)
(36, 33, 3)
(36, 34, 3)
(36, 35, 3)
(36, 36, 3)
(36, 37, 3)
(36, 38, 3)
(36, 39, 3)

(37, 0, 595)
(37, 1, 318)
(37, 2, 207)
(37, 3, 154)
(37, 4, 128)
(37, 5, 97)
(37, 6, 81)
(37, 7, 67)
(37, 8, 58)
(37, 9, 40)
(37, 10, 32)
(37, 11, 29)
(37, 12, 24)
(37, 13, 21)
(37, 14, 19)
(37, 15, 14)
(37, 16, 11)
(37, 17, 9)
(37, 18, 9)
(37, 19, 9)
(37, 20, 9)
(37, 21, 8)
(37, 22, 8)
(37, 23, 8)
(37, 24, 7)
(37, 25, 7)
(37, 26, 7)
(37, 27, 7)
(37, 28, 7)
(37, 29, 6)
(37, 30, 4)
(37, 31, 3)
(37, 32, 3)
(37, 33, 3)
(37, 34, 3)
(37, 35, 3)
(37, 36, 3)
(37, 37, 3)
(37, 38, 3)
(37, 39, 3)

(38, 0, 605)
(38, 1, 323)
(38, 2, 209)
(38, 3, 156)
(38, 4, 129)
(38, 5, 98)
(38, 6, 82)
(38, 7, 68)
(38, 8, 59)
(38, 9, 41)
(38, 10, 33)
(38, 11, 29)
(38, 12, 24)
(38, 13, 21)
(38, 14, 19)
(38, 15, 14)
(38, 16, 11)
(38, 17, 9)
(38, 18, 9)
(38, 19, 9)
(38, 20, 9)
(38, 21, 8)
(38, 22, 8)
(38, 23, 8)
(38, 24, 7)
(38, 25, 7)
(38, 26, 7)
(38, 27, 7)
(38, 28, 7)
(38, 29, 6)
(38, 30, 4)
(38, 31, 3)
(38, 32, 3)
(38, 33, 3)
(38, 34, 3)
(38, 35, 3)
(38, 36, 3)
(38, 37, 3)
(38, 38, 3)
(38, 39, 3)

(39, 0, 617)
(39, 1, 324)
(39, 2, 209)
(39, 3, 156)
(39, 4, 128)
(39, 5, 97)
(39, 6, 81)
(39, 7, 67)
(39, 8, 58)
(39, 9, 40)
(39, 10, 32)
(39, 11, 29)
(39, 12, 24)
(39, 13, 21)
(39, 14, 19)
(39, 15, 14)
(39, 16, 11)
(39, 17, 9)
(39, 18, 9)
(39, 19, 9)
(39, 20, 9)
(39, 21, 8)
(39, 22, 8)
(39, 23, 8)
(39, 24, 7)
(39, 25, 7)
(39, 26, 7)
(39, 27, 7)
(39, 28, 7)
(39, 29, 6)
(39, 30, 4)
(39, 31, 3)
(39, 32, 3)
(39, 33, 3)
(39, 34, 3)
(39, 35, 3)
(39, 36, 3)
(39, 37, 3)
(39, 38, 3)
(39, 39, 3)


Betti numbers:
xi_0:
(0, 0, 5)
(2, 0, 10)
(3, 0, 8)
(4, 0, 2)
(5, 0, 4)
(6, 0, 3)
(7, 0, 1)
(8, 0, 5)
(9, 0, 2)
(10, 0, 2)
(12, 0, 2)
(13, 0, 6)
(14, 0, 37)
(15, 0, 31)
(16, 0, 25)
(17, 0, 11)
(18, 0, 22)
(19, 0, 15)
(20, 0, 42)
(21, 0, 44)
(22, 0, 21)
(23, 0, 4)
(25, 0, 5)
(26, 0, 10)
(27, 0, 14)
(28, 0, 29)
(29, 0, 20)
(30, 0, 33)
(31, 0, 29)
(32, 0, 73)
(33, 0, 28)
(34, 0, 20)
(35, 0, 5)
(36, 0, 14)
(37, 0, 13)
(38, 0, 10)
(39, 0, 12)
xi_1:
(0, 5, 1)
(0, 6, 1)
(0, 10, 2)
(2, 2, 4)
(2, 3, 1)
(2, 4, 1)
(2, 9, 2)
(2, 21, 1)
(2, 25, 1)
(3, 2, 2)
(3, 4, 2)
(3, 5, 2)
(3, 6, 1)
(3, 9, 2)
(3, 10, 2)
(3, 14, 1)
(4, 2, 1)
(4, 7, 1)
(5, 4, 1)
(5, 9, 1)
(5, 15, 1)
(5, 17, 1)
(6, 7, 1)
(6, 9, 2)
(6, 12, 1)
(7, 1, 1)
(8, 1, 1)
(8, 5, 1)
(8, 9, 2)
(8, 13, 1)
(9, 5, 1)
(9, 6, 1)
(9, 8, 1)
(10, 9, 2)
(12, 8, 1)
(12, 15, 1)
(13, 1, 4)
(13, 3, 1)
(14, 1, 28)
(14, 2, 5)
(14, 3, 1)
(14, 5, 2)
(14, 25, 1)
(15, 1, 19)
(15, 2, 6)
(15, 3, 3)
(15, 4, 2)
(15, 5, 1)
(15, 7, 1)
(15, 24, 1)
(16, 1, 15)
(16, 2, 7)
(16, 3, 3)
(16, 4, 1)
(16, 6, 1)
(17, 1, 5)
(17, 2, 1)
(17, 3, 2)
(17, 5, 1)
(17, 9, 1)
(17, 17, 2)
(18, 1, 12)
(18, 2, 5)
(18, 3, 1)
(18, 4, 2)
(18, 5, 1)
(18, 7, 1)
(18, 11, 1)
(19, 1, 4)
(19, 2, 4)
(19, 3, 4)
(19, 5, 2)
(19, 9, 1)
(19, 16, 1)
(19, 17, 1)
(20, 1, 31)
(20, 2, 6)
(20, 3, 2)
(20, 4, 2)
(20, 6, 1)
(20, 7, 1)
(20, 8, 1)
(20, 9, 1)
(20, 11, 1)
(21, 1, 20)
(21, 2, 13)
(21, 3, 7)
(21, 4, 4)
(21, 6, 1)
(21, 8, 2)
(22, 1, 10)
(22, 2, 8)
(22, 3, 4)
(22, 4, 2)
(22, 5, 1)
(22, 6, 2)
(23, 1, 1)
(23, 3, 1)
(23, 4, 1)
(23, 10, 1)
(23, 12, 1)
(25, 1, 2)
(25, 13, 1)
(25, 15, 1)
(25, 36, 1)
(26, 1, 2)
(26, 2, 2)
(26, 3, 2)
(26, 6, 1)
(26, 8, 1)
(26, 12, 1)
(26, 14, 1)
(26, 35, 1)
(27, 1, 6)
(27, 2, 2)
(27, 3, 1)
(27, 6, 2)
(27, 11, 1)
(27, 31, 1)
(28, 1, 17)
(28, 2, 8)
(28, 5, 2)
(28, 7, 2)
(28, 12, 1)
(28, 16, 1)
(28, 33, 1)
(29, 1, 7)
(29, 2, 4)
(29, 3, 3)
(29, 5, 3)
(29, 7, 1)
(29, 10, 2)
(29, 13, 1)
(29, 16, 1)
(29, 31, 1)
(30, 1, 10)
(30, 2, 9)
(30, 3, 3)
(30, 4, 1)
(30, 5, 2)
(30, 6, 2)
(30, 7, 2)
(30, 8, 2)
(30, 15, 1)
(30, 23, 1)
(30, 29, 1)
(30, 30, 1)
(31, 1, 9)
(31, 2, 5)
(31, 3, 2)
(31, 4, 4)
(31, 5, 4)
(31, 6, 1)
(31, 8, 3)
(31, 9, 1)
(31, 21, 1)
(31, 24, 1)
(31, 33, 1)
(32, 1, 43)
(32, 2, 11)
(32, 3, 6)
(32, 4, 3)
(32, 5, 5)
(32, 6, 2)
(32, 7, 1)
(32, 10, 2)
(32, 13, 1)
(32, 15, 2)
(32, 30, 1)
(33, 1, 11)
(33, 2, 6)
(33, 3, 3)
(33, 5, 4)
(33, 6, 1)
(33, 7, 4)
(33, 24, 1)
(34, 1, 9)
(34, 2, 4)
(34, 3, 1)
(34, 4, 1)
(34, 5, 1)
(34, 6, 2)
(34, 9, 1)
(34, 11, 1)
(34, 12, 1)
(34, 16, 1)
(35, 1, 1)
(35, 2, 1)
(35, 4, 1)
(35, 5, 1)
(35, 10, 1)
(35, 39, 1)
(36, 1, 7)
(36, 2, 1)
(36, 3, 2)
(36, 4, 1)
(36, 8, 1)
(36, 10, 1)
(36, 15, 1)
(36, 21, 1)
(36, 31, 1)
(37, 1, 2)
(37, 2, 2)
(37, 3, 3)
(37, 4, 2)
(37, 7, 2)
(37, 9, 3)
(37, 11, 1)
(37, 30, 1)
(38, 1, 5)
(38, 2, 3)
(38, 4, 1)
(38, 11, 1)
(39, 1, 11)
(39, 2, 1)
(39, 4, 1)
xi_2:
(3, 9, 1)
(3, 10, 1)
(3, 21, 1)
(3, 25, 1)
(6, 15, 1)
(9, 13, 1)
(15, 5, 1)
(15, 25, 1)
(16, 4, 1)
(16, 7, 1)
(17, 24, 1)
(18, 3, 1)
(19, 5, 1)
(19, 17, 1)
(20, 2, 1)
(20, 5, 1)
(20, 11, 1)
(20, 17, 1)
(21, 2, 1)
(21, 4, 2)
(21, 11, 1)
(22, 2, 1)
(22, 3, 2)
(22, 4, 1)
(22, 6, 1)
(22, 7, 1)
(23, 6, 1)
(26, 15, 1)
(26, 36, 1)
(28, 2, 2)
(28, 31, 1)
(29, 5, 1)
(29, 16, 1)
(29, 33, 1)
(30, 7, 1)
(30, 10, 1)
(30, 35, 1)
(31, 8, 1)
(31, 23, 1)
(31, 30, 1)
(32, 4, 1)
(32, 8, 2)
(33, 2, 1)
(34, 6, 1)
(34, 24, 1)
(36, 33, 1)
(36, 39, 1)
(37, 10, 1)
(37, 21, 1)
(37, 31, 1)
(39, 11, 1)
