x-grades
-76111708219232437/80000000000000000
-7505767390274633/8000000000000000
-74003639586260223/80000000000000000
-18237401317443529/20000000000000000
-71895570953288009/80000000000000000
-35420768318400951/40000000000000000
-13957500464063159/16000000000000000
-8591683500478711/10000000000000000
-67679433687343581/80000000000000000
-33312699685428737/40000000000000000
-65571365054371367/80000000000000000
-3225866536894263/4000000000000000
-63463296421399153/80000000000000000
-31204631052456523/40000000000000000
-61355227788426939/80000000000000000
-1884412295998151/2500000000000000
-2369886366218189/3200000000000000
-29096562419484309/40000000000000000
-57139090522482511/80000000000000000
-14021264051499101/20000000000000000
-55031021889510297/80000000000000000
-5397698757302419/8000000000000000
-52922953256538083/80000000000000000
-6483614867506497/10000000000000000
-50814884623565869/80000000000000000
-24880425153539881/40000000000000000
-9741363198118731/16000000000000000
-11913195418526887/20000000000000000
-46598747357621441/80000000000000000
-22772356520567667/40000000000000000
-44490678724649227/80000000000000000
-542958055102039/1000000000000000
-42382610091677013/80000000000000000
-20664287887595453/40000000000000000
-40274541458704799/80000000000000000
-9805126785554673/20000000000000000
-7633294565146517/16000000000000000
-18556219254623239/40000000000000000
-36058404192760371/80000000000000000
-4375546234534283/10000000000000000

y-grades
24999/100000
24999/50000
74997/100000
24999/25000
24999/20000
74997/50000
174993/100000
24999/12500
224991/100000
24999/10000
274989/100000
74997/25000
324987/100000
174993/50000
74997/20000
24999/6250
424983/100000
224991/50000
474981/100000
24999/5000
524979/100000
274989/50000
574977/100000
74997/12500
24999/4000
324987/50000
674973/100000
174993/25000
724971/100000
74997/10000
774969/100000
24999/3125
824967/100000
424983/50000
174993/20000
224991/25000
924963/100000
474981/50000
974961/100000
24999/2500

Dimensions > 0:
(0, 0, 2)
(0, 1, 2)
(0, 2, 2)
(0, 3, 2)
(0, 4, 2)
(0, 5, 2)
(0, 6, 2)
(0, 7, 2)
(0, 8, 2)
(0, 9, 2)
(0, 10, 2)
(0, 11, 2)
(0, 12, 2)
(0, 13, 2)
(0, 14, 2)
(0, 15, 2)
(0, 16, 2)
(0, 17, 2)
(0, 18, 2)
(0, 19, 2)
(0, 20, 2)
(0, 21, 2)
(0, 22, 2)
(0, 23, 2)
(0, 24, 2)
(0, 25, 2)
(0, 26, 2)
(0, 27, 2)
(0, 28, 2)
(0, 29, 2)
(0, 30, 2)
(0, 31, 2)
(0, 32, 2)
(0, 33, 2)
(0, 34, 2)
(0, 35, 2)
(0, 36, 2)
(0, 37, 2)
(0, 38, 2)
(0, 39, 2)

(1, 0, 3)
(1, 1, 3)
(1, 2, 3)
(1, 3, 3)
(1, 4, 3)
(1, 5, 3)
(1, 6, 3)
(1, 7, 3)
(1, 8, 2)
(1, 9, 2)
(1, 10, 2)
(1, 11, 2)
(1, 12, 2)
(1, 13, 2)
(1, 14, 2)
(1, 15, 2)
(1, 16, 2)
(1, 17, 2)
(1, 18, 2)
(1, 19, 2)
(1, 20, 2)
(1, 21, 2)
(1, 22, 2)
(1, 23, 2)
(1, 24, 2)
(1, 25, 2)
(1, 26, 2)
(1, 27, 2)
(1, 28, 2)
(1, 29, 2)
(1, 30, 2)
(1, 31, 2)
(1, 32, 2)
(1, 33, 2)
(1, 34, 2)
(1, 35, 2)
(1, 36, 2)
(1, 37, 2)
(1, 38, 2)
(1, 39, 2)

(2, 0, 3)
(2, 1, 3)
(2, 2, 3)
(2, 3, 3)
(2, 4, 3)
(2, 5, 3)
(2, 6, 3)
(2, 7, 3)
(2, 8, 2)
(2, 9, 2)
(2, 10, 2)
(2, 11, 2)
(2, 12, 2)
(2, 13, 2)
(2, 14, 2)
(2, 15, 2)
(2, 16, 2)
(2, 17, 2)
(2, 18, 2)
(2, 19, 2)
(2, 20, 2)
(2, 21, 2)
(2, 22, 2)
(2, 23, 2)
(2, 24, 2)
(2, 25, 2)
(2, 26, 2)
(2, 27, 2)
(2, 28, 2)
(2, 29, 2)
(2, 30, 2)
(2, 31, 2)
(2, 32, 2)
(2, 33, 2)
(2, 34, 2)
(2, 35, 2)
(2, 36, 2)
(2, 37, 2)
(2, 38, 2)
(2, 39, 2)

(3, 0, 4)
(3, 1, 4)
(3, 2, 4)
(3, 3, 4)
(3, 4, 4)
(3, 5, 4)
(3, 6, 4)
(3, 7, 3)
(3, 8, 2)
(3, 9, 2)
(3, 10, 2)
(3, 11, 2)
(3, 12, 2)
(3, 13, 2)
(3, 14, 2)
(3, 15, 2)
(3, 16, 2)
(3, 17, 2)
(3, 18, 2)
(3, 19, 2)
(3, 20, 2)
(3, 21, 2)
(3, 22, 2)
(3, 23, 2)
(3, 24, 2)
(3, 25, 2)
(3, 26, 2)
(3, 27, 2)
(3, 28, 2)
(3, 29, 2)
(3, 30, 2)
(3, 31, 2)
(3, 32, 2)
(3, 33, 2)
(3, 34, 2)
(3, 35, 2)
(3, 36, 2)
(3, 37, 2)
(3, 38, 2)
(3, 39, 2)

(4, 0, 5)
(4, 1, 5)
(4, 2, 5)
(4, 3, 5)
(4, 4, 5)
(4, 5, 5)
(4, 6, 5)
(4, 7, 4)
(4, 8, 3)
(4, 9, 3)
(4, 10, 3)
(4, 11, 3)
(4, 12, 3)
(4, 13, 3)
(4, 14, 3)
(4, 15, 3)
(4, 16, 3)
(4, 17, 3)
(4, 18, 3)
(4, 19, 3)
(4, 20, 3)
(4, 21, 3)
(4, 22, 3)
(4, 23, 3)
(4, 24, 3)
(4, 25, 3)
(4, 26, 3)
(4, 27, 3)
(4, 28, 3)
(4, 29, 3)
(4, 30, 3)
(4, 31, 3)
(4, 32, 3)
(4, 33, 3)
(4, 34, 3)
(4, 35, 3)
(4, 36, 3)
(4, 37, 3)
(4, 38, 3)
(4, 39, 3)

(5, 0, 5)
(5, 1, 5)
(5, 2, 5)
(5, 3, 5)
(5, 4, 5)
(5, 5, 5)
(5, 6, 5)
(5, 7, 4)
(5, 8, 3)
(5, 9, 3)
(5, 10, 3)
(5, 11, 3)
(5, 12, 3)
(5, 13, 3)
(5, 14, 3)
(5, 15, 3)
(5, 16, 3)
(5, 17, 3)
(5, 18, 3)
(5, 19, 3)
(5, 20, 3)
(5, 21, 3)
(5, 22, 3)
(5, 23, 3)
(5, 24, 3)
(5, 25, 3)
(5, 26, 3)
(5, 27, 3)
(5, 28, 3)
(5, 29, 3)
(5, 30, 3)
(5, 31, 3)
(5, 32, 3)
(5, 33, 3)
(5, 34, 3)
(5, 35, 3)
(5, 36, 3)
(5, 37, 3)
(5, 38, 3)
(5, 39, 3)

(6, 0, 5)
(6, 1, 5)
(6, 2, 5)
(6, 3, 5)
(6, 4, 5)
(6, 5, 5)
(6, 6, 5)
(6, 7, 4)
(6, 8, 3)
(6, 9, 3)
(6, 10, 3)
(6, 11, 3)
(6, 12, 3)
(6, 13, 3)
(6, 14, 3)
(6, 15, 3)
(6, 16, 3)
(6, 17, 3)
(6, 18, 3)
(6, 19, 3)
(6, 20, 3)
(6, 21, 3)
(6, 22, 3)
(6, 23, 3)
(6, 24, 3)
(6, 25, 3)
(6, 26, 3)
(6, 27, 3)
(6, 28, 3)
(6, 29, 3)
(6, 30, 3)
(6, 31, 3)
(6, 32, 3)
(6, 33, 3)
(6, 34, 3)
(6, 35, 3)
(6, 36, 3)
(6, 37, 3)
(6, 38, 3)
(6, 39, 3)

(7, 0, 7)
(7, 1, 7)
(7, 2, 7)
(7, 3, 7)
(7, 4, 7)
(7, 5, 7)
(7, 6, 5)
(7, 7, 4)
(7, 8, 3)
(7, 9, 3)
(7, 10, 3)
(7, 11, 3)
(7, 12, 3)
(7, 13, 3)
(7, 14, 3)
(7, 15, 3)
(7, 16, 3)
(7, 17, 3)
(7, 18, 3)
(7, 19, 3)
(7, 20, 3)
(7, 21, 3)
(7, 22, 3)
(7, 23, 3)
(7, 24, 3)
(7, 25, 3)
(7, 26, 3)
(7, 27, 3)
(7, 28, 3)
(7, 29, 3)
(7, 30, 3)
(7, 31, 3)
(7, 32, 3)
(7, 33, 3)
(7, 34, 3)
(7, 35, 3)
(7, 36, 3)
(7, 37, 3)
(7, 38, 3)
(7, 39, 3)

(8, 0, 8)
(8, 1, 8)
(8, 2, 8)
(8, 3, 8)
(8, 4, 8)
(8, 5, 8)
(8, 6, 6)
(8, 7, 5)
(8, 8, 4)
(8, 9, 4)
(8, 10, 4)
(8, 11, 3)
(8, 12, 3)
(8, 13, 3)
(8, 14, 3)
(8, 15, 3)
(8, 16, 3)
(8, 17, 3)
(8, 18, 3)
(8, 19, 3)
(8, 20, 3)
(8, 21, 3)
(8, 22, 3)
(8, 23, 3)
(8, 24, 3)
(8, 25, 3)
(8, 26, 3)
(8, 27, 3)
(8, 28, 3)
(8, 29, 3)
(8, 30, 3)
(8, 31, 3)
(8, 32, 3)
(8, 33, 3)
(8, 34, 3)
(8, 35, 3)
(8, 36, 3)
(8, 37, 3)
(8, 38, 3)
(8, 39, 3)

(9, 0, 8)
(9, 1, 8)
(9, 2, 8)
(9, 3, 8)
(9, 4, 8)
(9, 5, 8)
(9, 6, 6)
(9, 7, 5)
(9, 8, 4)
(9, 9, 4)
(9, 10, 4)
(9, 11, 3)
(9, 12, 3)
(9, 13, 3)
(9, 14, 3)
(9, 15, 3)
(9, 16, 3)
(9, 17, 3)
(9, 18, 3)
(9, 19, 3)
(9, 20, 3)
(9, 21, 3)
(9, 22, 3)
(9, 23, 3)
(9, 24, 3)
(9, 25, 3)
(9, 26, 3)
(9, 27, 3)
(9, 28, 3)
(9, 29, 3)
(9, 30, 3)
(9, 31, 3)
(9, 32, 3)
(9, 33, 3)
(9, 34, 3)
(9, 35, 3)
(9, 36, 3)
(9, 37, 3)
(9, 38, 3)
(9, 39, 3)

(10, 0, 16)
(10, 1, 14)
(10, 2, 11)
(10, 3, 11)
(10, 4, 10)
(10, 5, 10)
(10, 6, 8)
(10, 7, 7)
(10, 8, 6)
(10, 9, 6)
(10, 10, 6)
(10, 11, 5)
(10, 12, 5)
(10, 13, 5)
(10, 14, 5)
(10, 15, 5)
(10, 16, 5)
(10, 17, 5)
(10, 18, 5)
(10, 19, 5)
(10, 20, 5)
(10, 21, 5)
(10, 22, 5)
(10, 23, 5)
(10, 24, 5)
(10, 25, 5)
(10, 26, 5)
(10, 27, 5)
(10, 28, 5)
(10, 29, 5)
(10, 30, 5)
(10, 31, 5)
(10, 32, 5)
(10, 33, 5)
(10, 34, 5)
(10, 35, 5)
(10, 36, 5)
(10, 37, 5)
(10, 38, 5)
(10, 39, 5)

(11, 0, 28)
(11, 1, 21)
(11, 2, 15)
(11, 3, 14)
(11, 4, 12)
(11, 5, 12)
(11, 6, 10)
(11, 7, 8)
(11, 8, 7)
(11, 9, 6)
(11, 10, 6)
(11, 11, 5)
(11, 12, 5)
(11, 13, 5)
(11, 14, 5)
(11, 15, 5)
(11, 16, 5)
(11, 17, 5)
(11, 18, 5)
(11, 19, 5)
(11, 20, 5)
(11, 21, 5)
(11, 22, 5)
(11, 23, 5)
(11, 24, 5)
(11, 25, 5)
(11, 26, 5)
(11, 27, 5)
(11, 28, 5)
(11, 29, 5)
(11, 30, 5)
(11, 31, 5)
(11, 32, 5)
(11, 33, 5)
(11, 34, 5)
(11, 35, 5)
(11, 36, 5)
(11, 37, 5)
(11, 38, 5)
(11, 39, 5)

(12, 0, 41)
(12, 1, 24)
(12, 2, 15)
(12, 3, 14)
(12, 4, 13)
(12, 5, 13)
(12, 6, 11)
(12, 7, 9)
(12, 8, 8)
(12, 9, 7)
(12, 10, 7)
(12, 11, 6)
(12, 12, 6)
(12, 13, 6)
(12, 14, 6)
(12, 15, 6)
(12, 16, 6)
(12, 17, 6)
(12, 18, 6)
(12, 19, 6)
(12, 20, 6)
(12, 21, 6)
(12, 22, 6)
(12, 23, 6)
(12, 24, 6)
(12, 25, 5)
(12, 26, 5)
(12, 27, 5)
(12, 28, 5)
(12, 29, 5)
(12, 30, 5)
(12, 31, 5)
(12, 32, 5)
(12, 33, 5)
(12, 34, 5)
(12, 35, 5)
(12, 36, 5)
(12, 37, 5)
(12, 38, 5)
(12, 39, 5)

(13, 0, 51)
(13, 1, 29)
(13, 2, 15)
(13, 3, 14)
(13, 4, 13)
(13, 5, 13)
(13, 6, 11)
(13, 7, 9)
(13, 8, 8)
(13, 9, 7)
(13, 10, 7)
(13, 11, 6)
(13, 12, 6)
(13, 13, 6)
(13, 14, 6)
(13, 15, 6)
(13, 16, 6)
(13, 17, 6)
(13, 18, 6)
(13, 19, 6)
(13, 20, 6)
(13, 21, 6)
(13, 22, 6)
(13, 23, 6)
(13, 24, 6)
(13, 25, 5)
(13, 26, 5)
(13, 27, 5)
(13, 28, 5)
(13, 29, 5)
(13, 30, 5)
(13, 31, 5)
(13, 32, 5)
(13, 33, 5)
(13, 34, 5)
(13, 35, 5)
(13, 36, 5)
(13, 37, 5)
(13, 38, 5)
(13, 39, 5)

(14, 0, 57)
(14, 1, 34)
(14, 2, 19)
(14, 3, 15)
(14, 4, 13)
(14, 5, 13)
(14, 6, 11)
(14, 7, 9)
(14, 8, 8)
(14, 9, 7)
(14, 10, 7)
(14, 11, 6)
(14, 12, 6)
(14, 13, 6)
(14, 14, 6)
(14, 15, 6)
(14, 16, 6)
(14, 17, 6)
(14, 18, 6)
(14, 19, 6)
(14, 20, 6)
(14, 21, 6)
(14, 22, 6)
(14, 23, 6)
(14, 24, 6)
(14, 25, 5)
(14, 26, 5)
(14, 27, 5)
(14, 28, 5)
(14, 29, 5)
(14, 30, 5)
(14, 31, 5)
(14, 32, 5)
(14, 33, 5)
(14, 34, 5)
(14, 35, 5)
(14, 36, 5)
(14, 37, 5)
(14, 38, 5)
(14, 39, 5)

(15, 0, 68)
(15, 1, 41)
(15, 2, 24)
(15, 3, 13)
(15, 4, 13)
(15, 5, 13)
(15, 6, 11)
(15, 7, 9)
(15, 8, 8)
(15, 9, 7)
(15, 10, 7)
(15, 11, 6)
(15, 12, 6)
(15, 13, 6)
(15, 14, 6)
(15, 15, 6)
(15, 16, 6)
(15, 17, 6)
(15, 18, 6)
(15, 19, 6)
(15, 20, 6)
(15, 21, 6)
(15, 22, 6)
(15, 23, 6)
(15, 24, 6)
(15, 25, 5)
(15, 26, 5)
(15, 27, 5)
(15, 28, 5)
(15, 29, 5)
(15, 30, 5)
(15, 31, 5)
(15, 32, 5)
(15, 33, 5)
(15, 34, 5)
(15, 35, 5)
(15, 36, 5)
(15, 37, 5)
(15, 38, 5)
(15, 39, 5)

(16, 0, 74)
(16, 1, 46)
(16, 2, 28)
(16, 3, 14)
(16, 4, 13)
(16, 5, 13)
(16, 6, 11)
(16, 7, 9)
(16, 8, 8)
(16, 9, 7)
(16, 10, 7)
(16, 11, 6)
(16, 12, 6)
(16, 13, 6)
(16, 14, 6)
(16, 15, 6)
(16, 16, 6)
(16, 17, 6)
(16, 18, 6)
(16, 19, 6)
(16, 20, 6)
(16, 21, 6)
(16, 22, 6)
(16, 23, 6)
(16, 24, 6)
(16, 25, 5)
(16, 26, 5)
(16, 27, 5)
(16, 28, 5)
(16, 29, 5)
(16, 30, 5)
(16, 31, 5)
(16, 32, 5)
(16, 33, 5)
(16, 34, 5)
(16, 35, 5)
(16, 36, 5)
(16, 37, 5)
(16, 38, 5)
(16, 39, 5)

(17, 0, 91)
(17, 1, 55)
(17, 2, 37)
(17, 3, 20)
(17, 4, 17)
(17, 5, 17)
(17, 6, 14)
(17, 7, 11)
(17, 8, 10)
(17, 9, 9)
(17, 10, 9)
(17, 11, 8)
(17, 12, 8)
(17, 13, 8)
(17, 14, 8)
(17, 15, 8)
(17, 16, 8)
(17, 17, 8)
(17, 18, 8)
(17, 19, 8)
(17, 20, 8)
(17, 21, 8)
(17, 22, 8)
(17, 23, 8)
(17, 24, 8)
(17, 25, 7)
(17, 26, 7)
(17, 27, 7)
(17, 28, 7)
(17, 29, 6)
(17, 30, 6)
(17, 31, 6)
(17, 32, 6)
(17, 33, 6)
(17, 34, 5)
(17, 35, 5)
(17, 36, 5)
(17, 37, 5)
(17, 38, 5)
(17, 39, 5)

(18, 0, 128)
(18, 1, 75)
(18, 2, 41)
(18, 3, 23)
(18, 4, 18)
(18, 5, 18)
(18, 6, 14)
(18, 7, 12)
(18, 8, 11)
(18, 9, 10)
(18, 10, 10)
(18, 11, 8)
(18, 12, 8)
(18, 13, 8)
(18, 14, 7)
(18, 15, 7)
(18, 16, 7)
(18, 17, 7)
(18, 18, 7)
(18, 19, 7)
(18, 20, 7)
(18, 21, 7)
(18, 22, 7)
(18, 23, 7)
(18, 24, 7)
(18, 25, 6)
(18, 26, 6)
(18, 27, 6)
(18, 28, 5)
(18, 29, 5)
(18, 30, 5)
(18, 31, 5)
(18, 32, 5)
(18, 33, 5)
(18, 34, 5)
(18, 35, 5)
(18, 36, 5)
(18, 37, 5)
(18, 38, 5)
(18, 39, 5)

(19, 0, 186)
(19, 1, 92)
(19, 2, 45)
(19, 3, 26)
(19, 4, 19)
(19, 5, 18)
(19, 6, 16)
(19, 7, 14)
(19, 8, 13)
(19, 9, 12)
(19, 10, 12)
(19, 11, 10)
(19, 12, 10)
(19, 13, 10)
(19, 14, 9)
(19, 15, 9)
(19, 16, 9)
(19, 17, 9)
(19, 18, 9)
(19, 19, 9)
(19, 20, 9)
(19, 21, 9)
(19, 22, 9)
(19, 23, 9)
(19, 24, 9)
(19, 25, 8)
(19, 26, 8)
(19, 27, 7)
(19, 28, 7)
(19, 29, 6)
(19, 30, 6)
(19, 31, 6)
(19, 32, 6)
(19, 33, 6)
(19, 34, 6)
(19, 35, 6)
(19, 36, 6)
(19, 37, 6)
(19, 38, 6)
(19, 39, 6)

(20, 0, 218)
(20, 1, 100)
(20, 2, 47)
(20, 3, 26)
(20, 4, 20)
(20, 5, 19)
(20, 6, 17)
(20, 7, 15)
(20, 8, 14)
(20, 9, 13)
(20, 10, 13)
(20, 11, 11)
(20, 12, 11)
(20, 13, 11)
(20, 14, 10)
(20, 15, 10)
(20, 16, 10)
(20, 17, 10)
(20, 18, 10)
(20, 19, 10)
(20, 20, 10)
(20, 21, 10)
(20, 22, 10)
(20, 23, 10)
(20, 24, 10)
(20, 25, 9)
(20, 26, 9)
(20, 27, 8)
(20, 28, 8)
(20, 29, 7)
(20, 30, 7)
(20, 31, 7)
(20, 32, 7)
(20, 33, 7)
(20, 34, 7)
(20, 35, 7)
(20, 36, 7)
(20, 37, 7)
(20, 38, 7)
(20, 39, 7)

(21, 0, 252)
(21, 1, 118)
(21, 2, 51)
(21, 3, 27)
(21, 4, 21)
(21, 5, 20)
(21, 6, 18)
(21, 7, 15)
(21, 8, 13)
(21, 9, 12)
(21, 10, 12)
(21, 11, 11)
(21, 12, 11)
(21, 13, 11)
(21, 14, 10)
(21, 15, 10)
(21, 16, 10)
(21, 17, 10)
(21, 18, 10)
(21, 19, 10)
(21, 20, 10)
(21, 21, 10)
(21, 22, 10)
(21, 23, 10)
(21, 24, 10)
(21, 25, 9)
(21, 26, 9)
(21, 27, 8)
(21, 28, 8)
(21, 29, 7)
(21, 30, 7)
(21, 31, 7)
(21, 32, 7)
(21, 33, 7)
(21, 34, 7)
(21, 35, 7)
(21, 36, 7)
(21, 37, 7)
(21, 38, 7)
(21, 39, 7)

(22, 0, 270)
(22, 1, 133)
(22, 2, 55)
(22, 3, 29)
(22, 4, 20)
(22, 5, 19)
(22, 6, 17)
(22, 7, 15)
(22, 8, 13)
(22, 9, 12)
(22, 10, 12)
(22, 11, 11)
(22, 12, 11)
(22, 13, 11)
(22, 14, 10)
(22, 15, 10)
(22, 16, 10)
(22, 17, 10)
(22, 18, 10)
(22, 19, 10)
(22, 20, 10)
(22, 21, 10)
(22, 22, 10)
(22, 23, 10)
(22, 24, 10)
(22, 25, 9)
(22, 26, 9)
(22, 27, 8)
(22, 28, 8)
(22, 29, 7)
(22, 30, 7)
(22, 31, 7)
(22, 32, 7)
(22, 33, 7)
(22, 34, 7)
(22, 35, 7)
(22, 36, 7)
(22, 37, 7)
(22, 38, 7)
(22, 39, 7)

(23, 0, 284)
(23, 1, 144)
(23, 2, 59)
(23, 3, 30)
(23, 4, 21)
(23, 5, 20)
(23, 6, 18)
(23, 7, 16)
(23, 8, 14)
(23, 9, 13)
(23, 10, 13)
(23, 11, 12)
(23, 12, 12)
(23, 13, 12)
(23, 14, 10)
(23, 15, 10)
(23, 16, 10)
(23, 17, 10)
(23, 18, 10)
(23, 19, 10)
(23, 20, 10)
(23, 21, 10)
(23, 22, 10)
(23, 23, 10)
(23, 24, 10)
(23, 25, 9)
(23, 26, 9)
(23, 27, 8)
(23, 28, 8)
(23, 29, 7)
(23, 30, 7)
(23, 31, 7)
(23, 32, 7)
(23, 33, 7)
(23, 34, 7)
(23, 35, 7)
(23, 36, 7)
(23, 37, 7)
(23, 38, 6)
(23, 39, 6)

(24, 0, 295)
(24, 1, 153)
(24, 2, 60)
(24, 3, 30)
(24, 4, 21)
(24, 5, 20)
(24, 6, 18)
(24, 7, 16)
(24, 8, 14)
(24, 9, 13)
(24, 10, 13)
(24, 11, 12)
(24, 12, 12)
(24, 13, 12)
(24, 14, 10)
(24, 15, 10)
(24, 16, 10)
(24, 17, 10)
(24, 18, 10)
(24, 19, 10)
(24, 20, 10)
(24, 21, 10)
(24, 22, 10)
(24, 23, 10)
(24, 24, 10)
(24, 25, 9)
(24, 26, 9)
(24, 27, 8)
(24, 28, 8)
(24, 29, 7)
(24, 30, 7)
(24, 31, 7)
(24, 32, 7)
(24, 33, 7)
(24, 34, 7)
(24, 35, 7)
(24, 36, 7)
(24, 37, 7)
(24, 38, 6)
(24, 39, 6)

(25, 0, 302)
(25, 1, 159)
(25, 2, 62)
(25, 3, 31)
(25, 4, 22)
(25, 5, 21)
(25, 6, 18)
(25, 7, 16)
(25, 8, 14)
(25, 9, 13)
(25, 10, 13)
(25, 11, 12)
(25, 12, 12)
(25, 13, 12)
(25, 14, 10)
(25, 15, 10)
(25, 16, 10)
(25, 17, 10)
(25, 18, 10)
(25, 19, 10)
(25, 20, 10)
(25, 21, 10)
(25, 22, 10)
(25, 23, 10)
(25, 24, 10)
(25, 25, 9)
(25, 26, 9)
(25, 27, 8)
(25, 28, 8)
(25, 29, 7)
(25, 30, 7)
(25, 31, 7)
(25, 32, 7)
(25, 33, 7)
(25, 34, 7)
(25, 35, 7)
(25, 36, 7)
(25, 37, 7)
(25, 38, 6)
(25, 39, 6)

(26, 0, 315)
(26, 1, 167)
(26, 2, 63)
(26, 3, 32)
(26, 4, 22)
(26, 5, 21)
(26, 6, 18)
(26, 7, 16)
(26, 8, 14)
(26, 9, 13)
(26, 10, 13)
(26, 11, 12)
(26, 12, 12)
(26, 13, 12)
(26, 14, 10)
(26, 15, 10)
(26, 16, 10)
(26, 17, 10)
(26, 18, 10)
(26, 19, 10)
(26, 20, 10)
(26, 21, 10)
(26, 22, 10)
(26, 23, 10)
(26, 24, 10)
(26, 25, 9)
(26, 26, 9)
(26, 27, 8)
(26, 28, 8)
(26, 29, 7)
(26, 30, 7)
(26, 31, 7)
(26, 32, 7)
(26, 33, 7)
(26, 34, 7)
(26, 35, 7)
(26, 36, 7)
(26, 37, 7)
(26, 38, 6)
(26, 39, 6)

(27, 0, 329)
(27, 1, 178)
(27, 2, 68)
(27, 3, 36)
(27, 4, 25)
(27, 5, 23)
(27, 6, 20)
(27, 7, 18)
(27, 8, 16)
(27, 9, 15)
(27, 10, 15)
(27, 11, 14)
(27, 12, 13)
(27, 13, 13)
(27, 14, 11)
(27, 15, 11)
(27, 16, 11)
(27, 17, 11)
(27, 18, 11)
(27, 19, 11)
(27, 20, 11)
(27, 21, 11)
(27, 22, 11)
(27, 23, 11)
(27, 24, 11)
(27, 25, 10)
(27, 26, 10)
(27, 27, 9)
(27, 28, 9)
(27, 29, 8)
(27, 30, 8)
(27, 31, 8)
(27, 32, 8)
(27, 33, 8)
(27, 34, 8)
(27, 35, 8)
(27, 36, 8)
(27, 37, 8)
(27, 38, 7)
(27, 39, 7)

(28, 0, 353)
(28, 1, 190)
(28, 2, 73)
(28, 3, 38)
(28, 4, 27)
(28, 5, 24)
(28, 6, 21)
(28, 7, 18)
(28, 8, 16)
(28, 9, 15)
(28, 10, 15)
(28, 11, 14)
(28, 12, 13)
(28, 13, 13)
(28, 14, 11)
(28, 15, 11)
(28, 16, 11)
(28, 17, 11)
(28, 18, 11)
(28, 19, 11)
(28, 20, 11)
(28, 21, 11)
(28, 22, 11)
(28, 23, 11)
(28, 24, 11)
(28, 25, 10)
(28, 26, 10)
(28, 27, 9)
(28, 28, 9)
(28, 29, 8)
(28, 30, 8)
(28, 31, 8)
(28, 32, 8)
(28, 33, 8)
(28, 34, 8)
(28, 35, 8)
(28, 36, 8)
(28, 37, 8)
(28, 38, 7)
(28, 39, 7)

(29, 0, 365)
(29, 1, 195)
(29, 2, 76)
(29, 3, 41)
(29, 4, 28)
(29, 5, 26)
(29, 6, 23)
(29, 7, 20)
(29, 8, 17)
(29, 9, 16)
(29, 10, 16)
(29, 11, 15)
(29, 12, 14)
(29, 13, 14)
(29, 14, 12)
(29, 15, 12)
(29, 16, 11)
(29, 17, 11)
(29, 18, 11)
(29, 19, 11)
(29, 20, 11)
(29, 21, 11)
(29, 22, 11)
(29, 23, 11)
(29, 24, 11)
(29, 25, 10)
(29, 26, 10)
(29, 27, 9)
(29, 28, 9)
(29, 29, 8)
(29, 30, 8)
(29, 31, 8)
(29, 32, 8)
(29, 33, 8)
(29, 34, 8)
(29, 35, 8)
(29, 36, 7)
(29, 37, 7)
(29, 38, 6)
(29, 39, 6)

(30, 0, 388)
(30, 1, 210)
(30, 2, 86)
(30, 3, 50)
(30, 4, 32)
(30, 5, 28)
(30, 6, 23)
(30, 7, 21)
(30, 8, 18)
(30, 9, 17)
(30, 10, 17)
(30, 11, 16)
(30, 12, 15)
(30, 13, 14)
(30, 14, 12)
(30, 15, 12)
(30, 16, 12)
(30, 17, 12)
(30, 18, 12)
(30, 19, 12)
(30, 20, 12)
(30, 21, 12)
(30, 22, 12)
(30, 23, 12)
(30, 24, 12)
(30, 25, 11)
(30, 26, 11)
(30, 27, 10)
(30, 28, 10)
(30, 29, 9)
(30, 30, 9)
(30, 31, 8)
(30, 32, 8)
(30, 33, 8)
(30, 34, 8)
(30, 35, 8)
(30, 36, 8)
(30, 37, 8)
(30, 38, 6)
(30, 39, 6)

(31, 0, 437)
(31, 1, 228)
(31, 2, 93)
(31, 3, 53)
(31, 4, 33)
(31, 5, 28)
(31, 6, 23)
(31, 7, 21)
(31, 8, 18)
(31, 9, 16)
(31, 10, 16)
(31, 11, 15)
(31, 12, 14)
(31, 13, 13)
(31, 14, 11)
(31, 15, 11)
(31, 16, 11)
(31, 17, 11)
(31, 18, 11)
(31, 19, 11)
(31, 20, 11)
(31, 21, 11)
(31, 22, 11)
(31, 23, 11)
(31, 24, 11)
(31, 25, 10)
(31, 26, 10)
(31, 27, 9)
(31, 28, 9)
(31, 29, 8)
(31, 30, 8)
(31, 31, 7)
(31, 32, 7)
(31, 33, 7)
(31, 34, 7)
(31, 35, 7)
(31, 36, 7)
(31, 37, 7)
(31, 38, 6)
(31, 39, 6)

(32, 0, 486)
(32, 1, 245)
(32, 2, 98)
(32, 3, 54)
(32, 4, 34)
(32, 5, 29)
(32, 6, 23)
(32, 7, 20)
(32, 8, 18)
(32, 9, 17)
(32, 10, 17)
(32, 11, 16)
(32, 12, 15)
(32, 13, 14)
(32, 14, 12)
(32, 15, 12)
(32, 16, 12)
(32, 17, 12)
(32, 18, 12)
(32, 19, 11)
(32, 20, 11)
(32, 21, 11)
(32, 22, 11)
(32, 23, 11)
(32, 24, 11)
(32, 25, 10)
(32, 26, 10)
(32, 27, 9)
(32, 28, 9)
(32, 29, 8)
(32, 30, 8)
(32, 31, 8)
(32, 32, 8)
(32, 33, 8)
(32, 34, 8)
(32, 35, 8)
(32, 36, 8)
(32, 37, 8)
(32, 38, 7)
(32, 39, 7)

(33, 0, 540)
(33, 1, 264)
(33, 2, 102)
(33, 3, 56)
(33, 4, 34)
(33, 5, 28)
(33, 6, 22)
(33, 7, 19)
(33, 8, 17)
(33, 9, 16)
(33, 10, 16)
(33, 11, 15)
(33, 12, 14)
(33, 13, 13)
(33, 14, 11)
(33, 15, 11)
(33, 16, 11)
(33, 17, 11)
(33, 18, 11)
(33, 19, 11)
(33, 20, 11)
(33, 21, 11)
(33, 22, 11)
(33, 23, 11)
(33, 24, 11)
(33, 25, 10)
(33, 26, 10)
(33, 27, 9)
(33, 28, 9)
(33, 29, 8)
(33, 30, 8)
(33, 31, 8)
(33, 32, 8)
(33, 33, 8)
(33, 34, 8)
(33, 35, 8)
(33, 36, 8)
(33, 37, 8)
(33, 38, 7)
(33, 39, 7)

(34, 0, 606)
(34, 1, 273)
(34, 2, 106)
(34, 3, 58)
(34, 4, 37)
(34, 5, 29)
(34, 6, 22)
(34, 7, 19)
(34, 8, 17)
(34, 9, 16)
(34, 10, 16)
(34, 11, 15)
(34, 12, 14)
(34, 13, 13)
(34, 14, 11)
(34, 15, 11)
(34, 16, 11)
(34, 17, 11)
(34, 18, 11)
(34, 19, 11)
(34, 20, 11)
(34, 21, 11)
(34, 22, 11)
(34, 23, 11)
(34, 24, 11)
(34, 25, 10)
(34, 26, 10)
(34, 27, 9)
(34, 28, 9)
(34, 29, 8)
(34, 30, 8)
(34, 31, 8)
(34, 32, 8)
(34, 33, 8)
(34, 34, 8)
(34, 35, 8)
(34, 36, 8)
(34, 37, 8)
(34, 38, 7)
(34, 39, 7)

(35, 0, 652)
(35, 1, 289)
(35, 2, 110)
(35, 3, 61)
(35, 4, 35)
(35, 5, 28)
(35, 6, 22)
(35, 7, 19)
(35, 8, 17)
(35, 9, 16)
(35, 10, 16)
(35, 11, 15)
(35, 12, 14)
(35, 13, 13)
(35, 14, 11)
(35, 15, 11)
(35, 16, 11)
(35, 17, 11)
(35, 18, 11)
(35, 19, 11)
(35, 20, 11)
(35, 21, 11)
(35, 22, 11)
(35, 23, 11)
(35, 24, 11)
(35, 25, 10)
(35, 26, 10)
(35, 27, 9)
(35, 28, 9)
(35, 29, 8)
(35, 30, 8)
(35, 31, 8)
(35, 32, 8)
(35, 33, 8)
(35, 34, 8)
(35, 35, 8)
(35, 36, 8)
(35, 37, 7)
(35, 38, 6)
(35, 39, 6)

(36, 0, 678)
(36, 1, 299)
(36, 2, 113)
(36, 3, 58)
(36, 4, 35)
(36, 5, 28)
(36, 6, 22)
(36, 7, 19)
(36, 8, 17)
(36, 9, 16)
(36, 10, 16)
(36, 11, 15)
(36, 12, 14)
(36, 13, 13)
(36, 14, 11)
(36, 15, 11)
(36, 16, 11)
(36, 17, 11)
(36, 18, 11)
(36, 19, 11)
(36, 20, 11)
(36, 21, 11)
(36, 22, 11)
(36, 23, 11)
(36, 24, 11)
(36, 25, 10)
(36, 26, 10)
(36, 27, 9)
(36, 28, 9)
(36, 29, 8)
(36, 30, 8)
(36, 31, 8)
(36, 32, 8)
(36, 33, 8)
(36, 34, 7)
(36, 35, 7)
(36, 36, 7)
(36, 37, 7)
(36, 38, 6)
(36, 39, 6)

(37, 0, 705)
(37, 1, 306)
(37, 2, 115)
(37, 3, 59)
(37, 4, 35)
(37, 5, 28)
(37, 6, 22)
(37, 7, 19)
(37, 8, 17)
(37, 9, 16)
(37, 10, 16)
(37, 11, 15)
(37, 12, 14)
(37, 13, 13)
(37, 14, 11)
(37, 15, 11)
(37, 16, 11)
(37, 17, 11)
(37, 18, 11)
(37, 19, 11)
(37, 20, 11)
(37, 21, 11)
(37, 22, 10)
(37, 23, 10)
(37, 24, 10)
(37, 25, 9)
(37, 26, 9)
(37, 27, 8)
(37, 28, 8)
(37, 29, 7)
(37, 30, 7)
(37, 31, 7)
(37, 32, 7)
(37, 33, 7)
(37, 34, 7)
(37, 35, 7)
(37, 36, 7)
(37, 37, 7)
(37, 38, 6)
(37, 39, 6)

(38, 0, 724)
(38, 1, 315)
(38, 2, 121)
(38, 3, 63)
(38, 4, 36)
(38, 5, 29)
(38, 6, 23)
(38, 7, 19)
(38, 8, 16)
(38, 9, 15)
(38, 10, 15)
(38, 11, 14)
(38, 12, 13)
(38, 13, 12)
(38, 14, 10)
(38, 15, 10)
(38, 16, 10)
(38, 17, 10)
(38, 18, 10)
(38, 19, 10)
(38, 20, 10)
(38, 21, 10)
(38, 22, 10)
(38, 23, 10)
(38, 24, 10)
(38, 25, 9)
(38, 26, 9)
(38, 27, 8)
(38, 28, 8)
(38, 29, 7)
(38, 30, 7)
(38, 31, 7)
(38, 32, 7)
(38, 33, 7)
(38, 34, 7)
(38, 35, 7)
(38, 36, 7)
(38, 37, 7)
(38, 38, 6)
(38, 39, 6)

(39, 0, 734)
(39, 1, 323)
(39, 2, 127)
(39, 3, 63)
(39, 4, 36)
(39, 5, 27)
(39, 6, 21)
(39, 7, 18)
(39, 8, 16)
(39, 9, 15)
(39, 10, 15)
(39, 11, 14)
(39, 12, 13)
(39, 13, 12)
(39, 14, 10)
(39, 15, 10)
(39, 16, 10)
(39, 17, 10)
(39, 18, 10)
(39, 19, 10)
(39, 20, 10)
(39, 21, 10)
(39, 22, 10)
(39, 23, 10)
(39, 24, 10)
(39, 25, 9)
(39, 26, 9)
(39, 27, 8)
(39, 28, 8)
(39, 29, 7)
(39, 30, 7)
(39, 31, 7)
(39, 32, 7)
(39, 33, 7)
(39, 34, 7)
(39, 35, 7)
(39, 36, 7)
(39, 37, 7)
(39, 38, 6)
(39, 39, 6)


Betti numbers:
xi_0:
(0, 0, 2)
(1, 0, 1)
(3, 0, 1)
(4, 0, 1)
(7, 0, 2)
(8, 0, 1)
(10, 0, 8)
(11, 0, 12)
(12, 0, 13)
(13, 0, 10)
(14, 0, 6)
(15, 0, 11)
(16, 0, 6)
(17, 0, 17)
(18, 0, 37)
(19, 0, 58)
(20, 0, 32)
(21, 0, 34)
(22, 0, 18)
(23, 0, 14)
(24, 0, 11)
(25, 0, 7)
(26, 0, 13)
(27, 0, 14)
(28, 0, 24)
(29, 0, 12)
(30, 0, 23)
(31, 0, 49)
(32, 0, 49)
(33, 0, 54)
(34, 0, 66)
(35, 0, 46)
(36, 0, 26)
(37, 0, 27)
(38, 0, 19)
(39, 0, 10)
xi_1:
(1, 8, 1)
(3, 7, 1)
(7, 6, 2)
(8, 11, 1)
(10, 1, 2)
(10, 2, 3)
(10, 4, 1)
(11, 1, 5)
(11, 2, 3)
(11, 3, 1)
(11, 4, 2)
(11, 7, 1)
(11, 9, 1)
(12, 1, 10)
(12, 2, 4)
(12, 25, 1)
(13, 1, 5)
(13, 2, 5)
(14, 1, 1)
(14, 2, 1)
(14, 3, 3)
(14, 4, 1)
(15, 1, 4)
(15, 2, 2)
(15, 3, 7)
(16, 1, 1)
(16, 2, 1)
(16, 3, 3)
(16, 4, 1)
(17, 1, 8)
(17, 3, 3)
(17, 4, 2)
(17, 6, 1)
(17, 7, 1)
(17, 29, 1)
(17, 34, 1)
(18, 1, 17)
(18, 2, 16)
(18, 3, 2)
(18, 4, 3)
(18, 6, 1)
(18, 11, 1)
(18, 14, 1)
(18, 28, 1)
(19, 1, 41)
(19, 2, 13)
(19, 3, 3)
(19, 4, 2)
(19, 5, 1)
(19, 27, 1)
(19, 29, 1)
(20, 1, 24)
(20, 2, 9)
(20, 3, 2)
(21, 1, 16)
(21, 2, 14)
(21, 3, 4)
(21, 5, 1)
(21, 7, 1)
(21, 8, 1)
(22, 1, 3)
(22, 2, 11)
(22, 3, 3)
(22, 4, 3)
(23, 1, 3)
(23, 2, 7)
(23, 3, 4)
(23, 14, 1)
(23, 38, 1)
(24, 1, 2)
(24, 2, 8)
(24, 3, 1)
(25, 1, 1)
(25, 2, 4)
(25, 3, 1)
(25, 6, 1)
(26, 1, 5)
(26, 2, 7)
(26, 4, 1)
(26, 6, 1)
(27, 1, 3)
(27, 2, 6)
(27, 3, 1)
(27, 4, 1)
(27, 5, 1)
(27, 12, 1)
(28, 1, 12)
(28, 2, 7)
(28, 3, 3)
(28, 4, 1)
(28, 5, 1)
(28, 7, 1)
(29, 1, 7)
(29, 2, 3)
(29, 4, 2)
(29, 8, 1)
(29, 16, 1)
(29, 36, 1)
(30, 1, 8)
(30, 2, 5)
(30, 3, 1)
(30, 4, 5)
(30, 5, 2)
(30, 6, 2)
(30, 13, 1)
(30, 31, 1)
(30, 38, 1)
(31, 1, 31)
(31, 2, 13)
(31, 3, 4)
(31, 4, 3)
(31, 5, 2)
(31, 9, 1)
(31, 31, 1)
(32, 1, 32)
(32, 2, 13)
(32, 3, 6)
(32, 4, 1)
(32, 5, 1)
(32, 6, 1)
(32, 7, 1)
(32, 19, 1)
(33, 1, 35)
(33, 2, 17)
(33, 3, 2)
(33, 4, 2)
(33, 5, 1)
(34, 1, 57)
(34, 2, 8)
(34, 3, 3)
(34, 5, 2)
(34, 6, 1)
(35, 1, 30)
(35, 2, 13)
(35, 3, 1)
(35, 4, 5)
(35, 37, 1)
(36, 1, 16)
(36, 2, 7)
(36, 3, 6)
(36, 34, 1)
(37, 1, 20)
(37, 2, 6)
(37, 3, 2)
(37, 4, 1)
(37, 22, 1)
(38, 1, 10)
(38, 2, 4)
(38, 3, 3)
(38, 4, 3)
(38, 7, 1)
(38, 8, 1)
(39, 1, 2)
(39, 2, 2)
(39, 3, 6)
(39, 5, 2)
xi_2:
(11, 4, 1)
(12, 2, 1)
(12, 4, 1)
(15, 4, 2)
(18, 3, 1)
(18, 4, 1)
(18, 7, 1)
(18, 29, 1)
(18, 34, 1)
(19, 3, 2)
(19, 6, 2)
(19, 28, 1)
(20, 2, 3)
(20, 4, 1)
(21, 3, 1)
(21, 5, 1)
(21, 11, 1)
(22, 3, 1)
(22, 7, 1)
(23, 3, 1)
(26, 6, 1)
(28, 4, 1)
(29, 2, 1)
(29, 5, 1)
(30, 7, 1)
(30, 16, 1)
(30, 36, 1)
(31, 2, 2)
(31, 4, 1)
(31, 5, 1)
(31, 31, 1)
(31, 38, 1)
(32, 2, 1)
(32, 3, 2)
(32, 4, 1)
(32, 5, 1)
(32, 8, 1)
(32, 9, 1)
(32, 31, 1)
(33, 2, 2)
(33, 19, 1)
(34, 2, 3)
(34, 3, 1)
(34, 4, 1)
(35, 2, 1)
(35, 5, 1)
(35, 6, 1)
(36, 4, 3)
(36, 37, 1)
(37, 2, 1)
(37, 3, 1)
(37, 34, 1)
(38, 2, 1)
(38, 3, 1)
(38, 22, 1)
(39, 7, 1)
(39, 8, 1)
