x-grades
-100590921576084203/20000000000000000
-49429551537066663/10000000000000000
-97127284572182449/20000000000000000
-23848866517557893/5000000000000000
-18732729513656139/4000000000000000
-45965914533164909/10000000000000000
-90200010564378941/20000000000000000
-2764631001950877/625000000000000
-86736373560477187/20000000000000000
-8500455505852631/2000000000000000
-83272736556575433/20000000000000000
-20385229513656139/5000000000000000
-79809099552673679/20000000000000000
-39038640525361401/10000000000000000
-3053818501950877/800000000000000
-9326705505852631/2500000000000000
-72881825544870171/20000000000000000
-35575003521459647/10000000000000000
-69418188540968417/20000000000000000
-3384318501950877/1000000000000000
-65954551537066663/20000000000000000
-32111366517557893/10000000000000000
-62490914533164909/20000000000000000
-3797443501950877/1250000000000000
-11805455505852631/4000000000000000
-28647729513656139/10000000000000000
-55563640525361401/20000000000000000
-13457955505852631/5000000000000000
-52100003521459647/20000000000000000
-5036818501950877/2000000000000000
-48636366517557893/20000000000000000
-5863068501950877/2500000000000000
-45172729513656139/20000000000000000
-21720455505852631/10000000000000000
-8341818501950877/4000000000000000
-9994318501950877/5000000000000000
-38245455505852631/20000000000000000
-18256818501950877/10000000000000000
-34781818501950877/20000000000000000
-661/400

y-grades
399991/1600000
399991/800000
1199973/1600000
399991/400000
399991/320000
1199973/800000
2799937/1600000
399991/200000
3599919/1600000
399991/160000
4399901/1600000
1199973/400000
5199883/1600000
2799937/800000
1199973/320000
399991/100000
6799847/1600000
3599919/800000
7599829/1600000
399991/80000
8399811/1600000
4399901/800000
9199793/1600000
1199973/200000
399991/64000
5199883/800000
10799757/1600000
2799937/400000
11599739/1600000
1199973/160000
12399721/1600000
399991/50000
13199703/1600000
6799847/800000
2799937/320000
3599919/400000
14799667/1600000
7599829/800000
15599649/1600000
399991/40000

Dimensions > 0:
(0, 0, 2)
(0, 1, 2)
(0, 2, 2)
(0, 3, 2)
(0, 4, 2)
(0, 5, 2)
(0, 6, 2)
(0, 7, 2)
(0, 8, 2)
(0, 9, 2)
(0, 10, 2)
(0, 11, 2)
(0, 12, 2)
(0, 13, 2)
(0, 14, 2)
(0, 15, 2)
(0, 16, 2)
(0, 17, 2)
(0, 18, 2)
(0, 19, 2)
(0, 20, 2)
(0, 21, 2)
(0, 22, 2)
(0, 23, 2)
(0, 24, 2)
(0, 25, 2)
(0, 26, 2)
(0, 27, 1)
(0, 28, 1)
(0, 29, 1)
(0, 30, 1)
(0, 31, 1)
(0, 32, 1)
(0, 33, 1)
(0, 34, 1)
(0, 35, 1)
(0, 36, 1)
(0, 37, 1)
(0, 38, 1)
(0, 39, 1)

(1, 0, 2)
(1, 1, 2)
(1, 2, 2)
(1, 3, 2)
(1, 4, 2)
(1, 5, 2)
(1, 6, 2)
(1, 7, 2)
(1, 8, 2)
(1, 9, 2)
(1, 10, 2)
(1, 11, 2)
(1, 12, 2)
(1, 13, 2)
(1, 14, 2)
(1, 15, 2)
(1, 16, 2)
(1, 17, 2)
(1, 18, 2)
(1, 19, 2)
(1, 20, 2)
(1, 21, 2)
(1, 22, 2)
(1, 23, 2)
(1, 24, 2)
(1, 25, 2)
(1, 26, 2)
(1, 27, 1)
(1, 28, 1)
(1, 29, 1)
(1, 30, 1)
(1, 31, 1)
(1, 32, 1)
(1, 33, 1)
(1, 34, 1)
(1, 35, 1)
(1, 36, 1)
(1, 37, 1)
(1, 38, 1)
(1, 39, 1)

(2, 0, 4)
(2, 1, 4)
(2, 2, 4)
(2, 3, 4)
(2, 4, 4)
(2, 5, 4)
(2, 6, 4)
(2, 7, 4)
(2, 8, 4)
(2, 9, 4)
(2, 10, 4)
(2, 11, 4)
(2, 12, 4)
(2, 13, 4)
(2, 14, 4)
(2, 15, 4)
(2, 16, 4)
(2, 17, 4)
(2, 18, 4)
(2, 19, 4)
(2, 20, 4)
(2, 21, 4)
(2, 22, 4)
(2, 23, 4)
(2, 24, 4)
(2, 25, 4)
(2, 26, 4)
(2, 27, 2)
(2, 28, 2)
(2, 29, 2)
(2, 30, 2)
(2, 31, 2)
(2, 32, 2)
(2, 33, 2)
(2, 34, 2)
(2, 35, 2)
(2, 36, 2)
(2, 37, 2)
(2, 38, 2)
(2, 39, 2)

(3, 0, 8)
(3, 1, 8)
(3, 2, 6)
(3, 3, 6)
(3, 4, 6)
(3, 5, 6)
(3, 6, 6)
(3, 7, 6)
(3, 8, 6)
(3, 9, 6)
(3, 10, 6)
(3, 11, 6)
(3, 12, 6)
(3, 13, 6)
(3, 14, 6)
(3, 15, 6)
(3, 16, 6)
(3, 17, 6)
(3, 18, 6)
(3, 19, 6)
(3, 20, 6)
(3, 21, 6)
(3, 22, 6)
(3, 23, 6)
(3, 24, 6)
(3, 25, 6)
(3, 26, 6)
(3, 27, 3)
(3, 28, 3)
(3, 29, 3)
(3, 30, 3)
(3, 31, 3)
(3, 32, 3)
(3, 33, 3)
(3, 34, 3)
(3, 35, 3)
(3, 36, 3)
(3, 37, 3)
(3, 38, 3)
(3, 39, 3)

(4, 0, 9)
(4, 1, 9)
(4, 2, 7)
(4, 3, 7)
(4, 4, 7)
(4, 5, 7)
(4, 6, 7)
(4, 7, 7)
(4, 8, 7)
(4, 9, 7)
(4, 10, 7)
(4, 11, 7)
(4, 12, 7)
(4, 13, 7)
(4, 14, 7)
(4, 15, 7)
(4, 16, 7)
(4, 17, 7)
(4, 18, 7)
(4, 19, 7)
(4, 20, 7)
(4, 21, 7)
(4, 22, 7)
(4, 23, 7)
(4, 24, 7)
(4, 25, 7)
(4, 26, 7)
(4, 27, 4)
(4, 28, 4)
(4, 29, 4)
(4, 30, 4)
(4, 31, 4)
(4, 32, 4)
(4, 33, 4)
(4, 34, 4)
(4, 35, 4)
(4, 36, 4)
(4, 37, 4)
(4, 38, 4)
(4, 39, 4)

(5, 0, 13)
(5, 1, 13)
(5, 2, 11)
(5, 3, 11)
(5, 4, 11)
(5, 5, 11)
(5, 6, 11)
(5, 7, 11)
(5, 8, 11)
(5, 9, 11)
(5, 10, 11)
(5, 11, 11)
(5, 12, 11)
(5, 13, 11)
(5, 14, 11)
(5, 15, 11)
(5, 16, 10)
(5, 17, 10)
(5, 18, 10)
(5, 19, 10)
(5, 20, 10)
(5, 21, 10)
(5, 22, 10)
(5, 23, 10)
(5, 24, 10)
(5, 25, 10)
(5, 26, 9)
(5, 27, 5)
(5, 28, 5)
(5, 29, 5)
(5, 30, 5)
(5, 31, 5)
(5, 32, 5)
(5, 33, 5)
(5, 34, 5)
(5, 35, 5)
(5, 36, 5)
(5, 37, 5)
(5, 38, 4)
(5, 39, 4)

(6, 0, 16)
(6, 1, 16)
(6, 2, 14)
(6, 3, 14)
(6, 4, 14)
(6, 5, 14)
(6, 6, 14)
(6, 7, 14)
(6, 8, 14)
(6, 9, 14)
(6, 10, 14)
(6, 11, 14)
(6, 12, 14)
(6, 13, 14)
(6, 14, 14)
(6, 15, 14)
(6, 16, 13)
(6, 17, 13)
(6, 18, 13)
(6, 19, 12)
(6, 20, 12)
(6, 21, 12)
(6, 22, 12)
(6, 23, 11)
(6, 24, 11)
(6, 25, 11)
(6, 26, 10)
(6, 27, 6)
(6, 28, 6)
(6, 29, 6)
(6, 30, 6)
(6, 31, 6)
(6, 32, 6)
(6, 33, 6)
(6, 34, 6)
(6, 35, 6)
(6, 36, 6)
(6, 37, 6)
(6, 38, 5)
(6, 39, 5)

(7, 0, 16)
(7, 1, 16)
(7, 2, 14)
(7, 3, 14)
(7, 4, 14)
(7, 5, 14)
(7, 6, 14)
(7, 7, 14)
(7, 8, 14)
(7, 9, 14)
(7, 10, 14)
(7, 11, 14)
(7, 12, 14)
(7, 13, 14)
(7, 14, 14)
(7, 15, 14)
(7, 16, 13)
(7, 17, 13)
(7, 18, 13)
(7, 19, 12)
(7, 20, 12)
(7, 21, 12)
(7, 22, 12)
(7, 23, 11)
(7, 24, 11)
(7, 25, 11)
(7, 26, 10)
(7, 27, 6)
(7, 28, 6)
(7, 29, 6)
(7, 30, 6)
(7, 31, 6)
(7, 32, 6)
(7, 33, 6)
(7, 34, 6)
(7, 35, 6)
(7, 36, 6)
(7, 37, 6)
(7, 38, 5)
(7, 39, 5)

(8, 0, 17)
(8, 1, 17)
(8, 2, 15)
(8, 3, 15)
(8, 4, 15)
(8, 5, 15)
(8, 6, 15)
(8, 7, 15)
(8, 8, 15)
(8, 9, 15)
(8, 10, 15)
(8, 11, 15)
(8, 12, 15)
(8, 13, 15)
(8, 14, 15)
(8, 15, 15)
(8, 16, 14)
(8, 17, 14)
(8, 18, 14)
(8, 19, 13)
(8, 20, 13)
(8, 21, 13)
(8, 22, 13)
(8, 23, 12)
(8, 24, 12)
(8, 25, 12)
(8, 26, 11)
(8, 27, 7)
(8, 28, 7)
(8, 29, 7)
(8, 30, 7)
(8, 31, 7)
(8, 32, 7)
(8, 33, 7)
(8, 34, 7)
(8, 35, 7)
(8, 36, 7)
(8, 37, 7)
(8, 38, 6)
(8, 39, 6)

(9, 0, 27)
(9, 1, 25)
(9, 2, 23)
(9, 3, 23)
(9, 4, 23)
(9, 5, 23)
(9, 6, 23)
(9, 7, 23)
(9, 8, 23)
(9, 9, 23)
(9, 10, 23)
(9, 11, 23)
(9, 12, 23)
(9, 13, 23)
(9, 14, 23)
(9, 15, 23)
(9, 16, 22)
(9, 17, 22)
(9, 18, 22)
(9, 19, 20)
(9, 20, 20)
(9, 21, 20)
(9, 22, 20)
(9, 23, 19)
(9, 24, 19)
(9, 25, 19)
(9, 26, 17)
(9, 27, 12)
(9, 28, 12)
(9, 29, 12)
(9, 30, 12)
(9, 31, 12)
(9, 32, 12)
(9, 33, 12)
(9, 34, 12)
(9, 35, 12)
(9, 36, 12)
(9, 37, 12)
(9, 38, 11)
(9, 39, 11)

(10, 0, 94)
(10, 1, 30)
(10, 2, 28)
(10, 3, 28)
(10, 4, 28)
(10, 5, 28)
(10, 6, 28)
(10, 7, 28)
(10, 8, 28)
(10, 9, 28)
(10, 10, 28)
(10, 11, 26)
(10, 12, 25)
(10, 13, 25)
(10, 14, 25)
(10, 15, 25)
(10, 16, 24)
(10, 17, 24)
(10, 18, 24)
(10, 19, 22)
(10, 20, 22)
(10, 21, 22)
(10, 22, 22)
(10, 23, 21)
(10, 24, 21)
(10, 25, 21)
(10, 26, 19)
(10, 27, 13)
(10, 28, 13)
(10, 29, 13)
(10, 30, 13)
(10, 31, 13)
(10, 32, 13)
(10, 33, 13)
(10, 34, 13)
(10, 35, 13)
(10, 36, 13)
(10, 37, 13)
(10, 38, 12)
(10, 39, 12)

(11, 0, 149)
(11, 1, 32)
(11, 2, 30)
(11, 3, 30)
(11, 4, 30)
(11, 5, 30)
(11, 6, 30)
(11, 7, 30)
(11, 8, 30)
(11, 9, 30)
(11, 10, 30)
(11, 11, 27)
(11, 12, 26)
(11, 13, 26)
(11, 14, 26)
(11, 15, 25)
(11, 16, 24)
(11, 17, 24)
(11, 18, 24)
(11, 19, 22)
(11, 20, 22)
(11, 21, 22)
(11, 22, 22)
(11, 23, 21)
(11, 24, 21)
(11, 25, 21)
(11, 26, 19)
(11, 27, 13)
(11, 28, 13)
(11, 29, 13)
(11, 30, 13)
(11, 31, 13)
(11, 32, 13)
(11, 33, 13)
(11, 34, 13)
(11, 35, 13)
(11, 36, 13)
(11, 37, 13)
(11, 38, 12)
(11, 39, 12)

(12, 0, 173)
(12, 1, 35)
(12, 2, 33)
(12, 3, 33)
(12, 4, 33)
(12, 5, 33)
(12, 6, 33)
(12, 7, 33)
(12, 8, 33)
(12, 9, 33)
(12, 10, 33)
(12, 11, 30)
(12, 12, 29)
(12, 13, 29)
(12, 14, 29)
(12, 15, 28)
(12, 16, 27)
(12, 17, 26)
(12, 18, 26)
(12, 19, 24)
(12, 20, 24)
(12, 21, 24)
(12, 22, 24)
(12, 23, 23)
(12, 24, 23)
(12, 25, 23)
(12, 26, 21)
(12, 27, 15)
(12, 28, 15)
(12, 29, 15)
(12, 30, 15)
(12, 31, 15)
(12, 32, 15)
(12, 33, 15)
(12, 34, 15)
(12, 35, 15)
(12, 36, 15)
(12, 37, 15)
(12, 38, 14)
(12, 39, 14)

(13, 0, 180)
(13, 1, 42)
(13, 2, 38)
(13, 3, 38)
(13, 4, 38)
(13, 5, 38)
(13, 6, 38)
(13, 7, 38)
(13, 8, 38)
(13, 9, 38)
(13, 10, 38)
(13, 11, 35)
(13, 12, 34)
(13, 13, 34)
(13, 14, 34)
(13, 15, 33)
(13, 16, 32)
(13, 17, 31)
(13, 18, 31)
(13, 19, 28)
(13, 20, 28)
(13, 21, 28)
(13, 22, 28)
(13, 23, 27)
(13, 24, 27)
(13, 25, 27)
(13, 26, 25)
(13, 27, 17)
(13, 28, 17)
(13, 29, 17)
(13, 30, 17)
(13, 31, 17)
(13, 32, 17)
(13, 33, 17)
(13, 34, 17)
(13, 35, 17)
(13, 36, 17)
(13, 37, 17)
(13, 38, 16)
(13, 39, 16)

(14, 0, 235)
(14, 1, 97)
(14, 2, 46)
(14, 3, 46)
(14, 4, 44)
(14, 5, 44)
(14, 6, 44)
(14, 7, 44)
(14, 8, 44)
(14, 9, 44)
(14, 10, 43)
(14, 11, 40)
(14, 12, 39)
(14, 13, 39)
(14, 14, 39)
(14, 15, 38)
(14, 16, 37)
(14, 17, 36)
(14, 18, 36)
(14, 19, 31)
(14, 20, 31)
(14, 21, 31)
(14, 22, 30)
(14, 23, 29)
(14, 24, 29)
(14, 25, 29)
(14, 26, 27)
(14, 27, 19)
(14, 28, 18)
(14, 29, 18)
(14, 30, 18)
(14, 31, 18)
(14, 32, 18)
(14, 33, 18)
(14, 34, 18)
(14, 35, 18)
(14, 36, 18)
(14, 37, 18)
(14, 38, 17)
(14, 39, 17)

(15, 0, 280)
(15, 1, 142)
(15, 2, 46)
(15, 3, 46)
(15, 4, 44)
(15, 5, 44)
(15, 6, 44)
(15, 7, 44)
(15, 8, 44)
(15, 9, 44)
(15, 10, 43)
(15, 11, 40)
(15, 12, 39)
(15, 13, 39)
(15, 14, 39)
(15, 15, 38)
(15, 16, 37)
(15, 17, 36)
(15, 18, 36)
(15, 19, 31)
(15, 20, 31)
(15, 21, 31)
(15, 22, 30)
(15, 23, 29)
(15, 24, 29)
(15, 25, 29)
(15, 26, 27)
(15, 27, 19)
(15, 28, 18)
(15, 29, 18)
(15, 30, 18)
(15, 31, 18)
(15, 32, 18)
(15, 33, 18)
(15, 34, 18)
(15, 35, 18)
(15, 36, 18)
(15, 37, 18)
(15, 38, 17)
(15, 39, 17)

(16, 0, 281)
(16, 1, 143)
(16, 2, 47)
(16, 3, 47)
(16, 4, 45)
(16, 5, 45)
(16, 6, 45)
(16, 7, 45)
(16, 8, 45)
(16, 9, 45)
(16, 10, 44)
(16, 11, 41)
(16, 12, 40)
(16, 13, 40)
(16, 14, 40)
(16, 15, 39)
(16, 16, 38)
(16, 17, 37)
(16, 18, 37)
(16, 19, 32)
(16, 20, 32)
(16, 21, 32)
(16, 22, 31)
(16, 23, 29)
(16, 24, 29)
(16, 25, 29)
(16, 26, 27)
(16, 27, 19)
(16, 28, 18)
(16, 29, 18)
(16, 30, 18)
(16, 31, 18)
(16, 32, 18)
(16, 33, 18)
(16, 34, 18)
(16, 35, 18)
(16, 36, 18)
(16, 37, 18)
(16, 38, 17)
(16, 39, 17)

(17, 0, 283)
(17, 1, 145)
(17, 2, 49)
(17, 3, 49)
(17, 4, 47)
(17, 5, 47)
(17, 6, 47)
(17, 7, 47)
(17, 8, 47)
(17, 9, 47)
(17, 10, 46)
(17, 11, 43)
(17, 12, 42)
(17, 13, 42)
(17, 14, 42)
(17, 15, 41)
(17, 16, 40)
(17, 17, 38)
(17, 18, 38)
(17, 19, 33)
(17, 20, 33)
(17, 21, 33)
(17, 22, 32)
(17, 23, 30)
(17, 24, 30)
(17, 25, 30)
(17, 26, 28)
(17, 27, 20)
(17, 28, 19)
(17, 29, 19)
(17, 30, 19)
(17, 31, 19)
(17, 32, 19)
(17, 33, 19)
(17, 34, 19)
(17, 35, 19)
(17, 36, 19)
(17, 37, 19)
(17, 38, 18)
(17, 39, 18)

(18, 0, 285)
(18, 1, 147)
(18, 2, 51)
(18, 3, 51)
(18, 4, 49)
(18, 5, 49)
(18, 6, 49)
(18, 7, 49)
(18, 8, 49)
(18, 9, 49)
(18, 10, 48)
(18, 11, 45)
(18, 12, 44)
(18, 13, 44)
(18, 14, 44)
(18, 15, 43)
(18, 16, 42)
(18, 17, 40)
(18, 18, 40)
(18, 19, 35)
(18, 20, 35)
(18, 21, 35)
(18, 22, 34)
(18, 23, 32)
(18, 24, 32)
(18, 25, 32)
(18, 26, 30)
(18, 27, 22)
(18, 28, 21)
(18, 29, 21)
(18, 30, 21)
(18, 31, 21)
(18, 32, 21)
(18, 33, 21)
(18, 34, 21)
(18, 35, 21)
(18, 36, 21)
(18, 37, 21)
(18, 38, 20)
(18, 39, 19)

(19, 0, 286)
(19, 1, 148)
(19, 2, 52)
(19, 3, 52)
(19, 4, 50)
(19, 5, 50)
(19, 6, 50)
(19, 7, 50)
(19, 8, 50)
(19, 9, 50)
(19, 10, 49)
(19, 11, 46)
(19, 12, 45)
(19, 13, 45)
(19, 14, 45)
(19, 15, 44)
(19, 16, 43)
(19, 17, 41)
(19, 18, 41)
(19, 19, 36)
(19, 20, 36)
(19, 21, 36)
(19, 22, 35)
(19, 23, 33)
(19, 24, 33)
(19, 25, 33)
(19, 26, 31)
(19, 27, 23)
(19, 28, 21)
(19, 29, 21)
(19, 30, 21)
(19, 31, 21)
(19, 32, 21)
(19, 33, 21)
(19, 34, 21)
(19, 35, 21)
(19, 36, 21)
(19, 37, 21)
(19, 38, 20)
(19, 39, 19)

(20, 0, 286)
(20, 1, 148)
(20, 2, 52)
(20, 3, 52)
(20, 4, 50)
(20, 5, 50)
(20, 6, 50)
(20, 7, 50)
(20, 8, 50)
(20, 9, 50)
(20, 10, 49)
(20, 11, 46)
(20, 12, 45)
(20, 13, 45)
(20, 14, 45)
(20, 15, 44)
(20, 16, 43)
(20, 17, 41)
(20, 18, 41)
(20, 19, 36)
(20, 20, 36)
(20, 21, 36)
(20, 22, 35)
(20, 23, 33)
(20, 24, 33)
(20, 25, 33)
(20, 26, 31)
(20, 27, 23)
(20, 28, 21)
(20, 29, 21)
(20, 30, 21)
(20, 31, 21)
(20, 32, 21)
(20, 33, 21)
(20, 34, 21)
(20, 35, 21)
(20, 36, 21)
(20, 37, 21)
(20, 38, 20)
(20, 39, 19)

(21, 0, 287)
(21, 1, 149)
(21, 2, 53)
(21, 3, 53)
(21, 4, 51)
(21, 5, 51)
(21, 6, 51)
(21, 7, 51)
(21, 8, 51)
(21, 9, 51)
(21, 10, 50)
(21, 11, 47)
(21, 12, 46)
(21, 13, 46)
(21, 14, 46)
(21, 15, 45)
(21, 16, 44)
(21, 17, 42)
(21, 18, 42)
(21, 19, 37)
(21, 20, 37)
(21, 21, 37)
(21, 22, 36)
(21, 23, 34)
(21, 24, 34)
(21, 25, 34)
(21, 26, 32)
(21, 27, 24)
(21, 28, 22)
(21, 29, 22)
(21, 30, 22)
(21, 31, 22)
(21, 32, 22)
(21, 33, 22)
(21, 34, 22)
(21, 35, 22)
(21, 36, 22)
(21, 37, 22)
(21, 38, 21)
(21, 39, 20)

(22, 0, 291)
(22, 1, 153)
(22, 2, 57)
(22, 3, 57)
(22, 4, 55)
(22, 5, 55)
(22, 6, 55)
(22, 7, 55)
(22, 8, 55)
(22, 9, 55)
(22, 10, 54)
(22, 11, 51)
(22, 12, 50)
(22, 13, 50)
(22, 14, 50)
(22, 15, 49)
(22, 16, 48)
(22, 17, 46)
(22, 18, 45)
(22, 19, 40)
(22, 20, 40)
(22, 21, 40)
(22, 22, 39)
(22, 23, 36)
(22, 24, 36)
(22, 25, 36)
(22, 26, 34)
(22, 27, 25)
(22, 28, 23)
(22, 29, 23)
(22, 30, 23)
(22, 31, 23)
(22, 32, 23)
(22, 33, 23)
(22, 34, 23)
(22, 35, 23)
(22, 36, 23)
(22, 37, 23)
(22, 38, 22)
(22, 39, 21)

(23, 0, 292)
(23, 1, 154)
(23, 2, 58)
(23, 3, 58)
(23, 4, 56)
(23, 5, 56)
(23, 6, 56)
(23, 7, 56)
(23, 8, 56)
(23, 9, 56)
(23, 10, 55)
(23, 11, 52)
(23, 12, 51)
(23, 13, 51)
(23, 14, 51)
(23, 15, 50)
(23, 16, 49)
(23, 17, 47)
(23, 18, 46)
(23, 19, 41)
(23, 20, 41)
(23, 21, 41)
(23, 22, 40)
(23, 23, 37)
(23, 24, 37)
(23, 25, 37)
(23, 26, 35)
(23, 27, 26)
(23, 28, 24)
(23, 29, 24)
(23, 30, 24)
(23, 31, 24)
(23, 32, 24)
(23, 33, 24)
(23, 34, 24)
(23, 35, 24)
(23, 36, 24)
(23, 37, 24)
(23, 38, 23)
(23, 39, 22)

(24, 0, 292)
(24, 1, 154)
(24, 2, 58)
(24, 3, 58)
(24, 4, 56)
(24, 5, 56)
(24, 6, 56)
(24, 7, 56)
(24, 8, 56)
(24, 9, 56)
(24, 10, 55)
(24, 11, 52)
(24, 12, 51)
(24, 13, 51)
(24, 14, 51)
(24, 15, 50)
(24, 16, 49)
(24, 17, 47)
(24, 18, 46)
(24, 19, 41)
(24, 20, 41)
(24, 21, 41)
(24, 22, 40)
(24, 23, 37)
(24, 24, 37)
(24, 25, 37)
(24, 26, 35)
(24, 27, 26)
(24, 28, 24)
(24, 29, 24)
(24, 30, 24)
(24, 31, 24)
(24, 32, 24)
(24, 33, 24)
(24, 34, 24)
(24, 35, 24)
(24, 36, 24)
(24, 37, 24)
(24, 38, 23)
(24, 39, 22)

(25, 0, 292)
(25, 1, 154)
(25, 2, 58)
(25, 3, 58)
(25, 4, 56)
(25, 5, 56)
(25, 6, 56)
(25, 7, 56)
(25, 8, 56)
(25, 9, 56)
(25, 10, 55)
(25, 11, 52)
(25, 12, 51)
(25, 13, 51)
(25, 14, 51)
(25, 15, 50)
(25, 16, 49)
(25, 17, 47)
(25, 18, 46)
(25, 19, 41)
(25, 20, 41)
(25, 21, 41)
(25, 22, 40)
(25, 23, 37)
(25, 24, 37)
(25, 25, 37)
(25, 26, 35)
(25, 27, 26)
(25, 28, 24)
(25, 29, 24)
(25, 30, 24)
(25, 31, 24)
(25, 32, 24)
(25, 33, 24)
(25, 34, 24)
(25, 35, 24)
(25, 36, 24)
(25, 37, 24)
(25, 38, 23)
(25, 39, 22)

(26, 0, 292)
(26, 1, 154)
(26, 2, 58)
(26, 3, 58)
(26, 4, 56)
(26, 5, 56)
(26, 6, 56)
(26, 7, 56)
(26, 8, 56)
(26, 9, 56)
(26, 10, 55)
(26, 11, 52)
(26, 12, 51)
(26, 13, 51)
(26, 14, 51)
(26, 15, 50)
(26, 16, 49)
(26, 17, 47)
(26, 18, 46)
(26, 19, 41)
(26, 20, 41)
(26, 21, 41)
(26, 22, 40)
(26, 23, 37)
(26, 24, 37)
(26, 25, 37)
(26, 26, 35)
(26, 27, 26)
(26, 28, 24)
(26, 29, 24)
(26, 30, 24)
(26, 31, 24)
(26, 32, 24)
(26, 33, 24)
(26, 34, 24)
(26, 35, 24)
(26, 36, 24)
(26, 37, 24)
(26, 38, 23)
(26, 39, 22)

(27, 0, 292)
(27, 1, 154)
(27, 2, 58)
(27, 3, 58)
(27, 4, 56)
(27, 5, 56)
(27, 6, 56)
(27, 7, 56)
(27, 8, 56)
(27, 9, 56)
(27, 10, 55)
(27, 11, 52)
(27, 12, 51)
(27, 13, 51)
(27, 14, 51)
(27, 15, 50)
(27, 16, 49)
(27, 17, 47)
(27, 18, 46)
(27, 19, 41)
(27, 20, 41)
(27, 21, 41)
(27, 22, 40)
(27, 23, 37)
(27, 24, 37)
(27, 25, 37)
(27, 26, 35)
(27, 27, 26)
(27, 28, 24)
(27, 29, 24)
(27, 30, 24)
(27, 31, 24)
(27, 32, 24)
(27, 33, 24)
(27, 34, 24)
(27, 35, 24)
(27, 36, 24)
(27, 37, 24)
(27, 38, 23)
(27, 39, 22)

(28, 0, 292)
(28, 1, 154)
(28, 2, 58)
(28, 3, 58)
(28, 4, 56)
(28, 5, 56)
(28, 6, 56)
(28, 7, 56)
(28, 8, 56)
(28, 9, 56)
(28, 10, 55)
(28, 11, 52)
(28, 12, 51)
(28, 13, 51)
(28, 14, 51)
(28, 15, 50)
(28, 16, 49)
(28, 17, 47)
(28, 18, 46)
(28, 19, 41)
(28, 20, 41)
(28, 21, 41)
(28, 22, 40)
(28, 23, 37)
(28, 24, 37)
(28, 25, 37)
(28, 26, 35)
(28, 27, 26)
(28, 28, 24)
(28, 29, 24)
(28, 30, 24)
(28, 31, 24)
(28, 32, 24)
(28, 33, 24)
(28, 34, 24)
(28, 35, 24)
(28, 36, 24)
(28, 37, 24)
(28, 38, 23)
(28, 39, 22)

(29, 0, 292)
(29, 1, 154)
(29, 2, 58)
(29, 3, 58)
(29, 4, 56)
(29, 5, 56)
(29, 6, 56)
(29, 7, 56)
(29, 8, 56)
(29, 9, 56)
(29, 10, 55)
(29, 11, 52)
(29, 12, 51)
(29, 13, 51)
(29, 14, 51)
(29, 15, 50)
(29, 16, 49)
(29, 17, 47)
(29, 18, 46)
(29, 19, 41)
(29, 20, 41)
(29, 21, 41)
(29, 22, 40)
(29, 23, 37)
(29, 24, 37)
(29, 25, 37)
(29, 26, 35)
(29, 27, 26)
(29, 28, 24)
(29, 29, 24)
(29, 30, 24)
(29, 31, 24)
(29, 32, 24)
(29, 33, 24)
(29, 34, 24)
(29, 35, 24)
(29, 36, 24)
(29, 37, 24)
(29, 38, 23)
(29, 39, 22)

(30, 0, 292)
(30, 1, 154)
(30, 2, 58)
(30, 3, 58)
(30, 4, 56)
(30, 5, 56)
(30, 6, 56)
(30, 7, 56)
(30, 8, 56)
(30, 9, 56)
(30, 10, 55)
(30, 11, 52)
(30, 12, 51)
(30, 13, 51)
(30, 14, 51)
(30, 15, 50)
(30, 16, 49)
(30, 17, 47)
(30, 18, 46)
(30, 19, 41)
(30, 20, 41)
(30, 21, 41)
(30, 22, 40)
(30, 23, 37)
(30, 24, 37)
(30, 25, 37)
(30, 26, 35)
(30, 27, 26)
(30, 28, 24)
(30, 29, 24)
(30, 30, 24)
(30, 31, 24)
(30, 32, 24)
(30, 33, 24)
(30, 34, 24)
(30, 35, 24)
(30, 36, 24)
(30, 37, 24)
(30, 38, 23)
(30, 39, 22)

(31, 0, 292)
(31, 1, 154)
(31, 2, 58)
(31, 3, 58)
(31, 4, 56)
(31, 5, 56)
(31, 6, 56)
(31, 7, 56)
(31, 8, 56)
(31, 9, 56)
(31, 10, 55)
(31, 11, 52)
(31, 12, 51)
(31, 13, 51)
(31, 14, 51)
(31, 15, 50)
(31, 16, 49)
(31, 17, 47)
(31, 18, 46)
(31, 19, 41)
(31, 20, 41)
(31, 21, 41)
(31, 22, 40)
(31, 23, 37)
(31, 24, 37)
(31, 25, 37)
(31, 26, 35)
(31, 27, 26)
(31, 28, 24)
(31, 29, 24)
(31, 30, 24)
(31, 31, 24)
(31, 32, 24)
(31, 33, 24)
(31, 34, 24)
(31, 35, 24)
(31, 36, 24)
(31, 37, 24)
(31, 38, 23)
(31, 39, 22)

(32, 0, 292)
(32, 1, 154)
(32, 2, 58)
(32, 3, 58)
(32, 4, 56)
(32, 5, 56)
(32, 6, 56)
(32, 7, 56)
(32, 8, 56)
(32, 9, 56)
(32, 10, 55)
(32, 11, 52)
(32, 12, 51)
(32, 13, 51)
(32, 14, 51)
(32, 15, 50)
(32, 16, 49)
(32, 17, 47)
(32, 18, 46)
(32, 19, 41)
(32, 20, 41)
(32, 21, 41)
(32, 22, 40)
(32, 23, 37)
(32, 24, 37)
(32, 25, 37)
(32, 26, 35)
(32, 27, 26)
(32, 28, 24)
(32, 29, 24)
(32, 30, 24)
(32, 31, 24)
(32, 32, 24)
(32, 33, 24)
(32, 34, 24)
(32, 35, 24)
(32, 36, 24)
(32, 37, 24)
(32, 38, 23)
(32, 39, 22)

(33, 0, 292)
(33, 1, 154)
(33, 2, 58)
(33, 3, 58)
(33, 4, 56)
(33, 5, 56)
(33, 6, 56)
(33, 7, 56)
(33, 8, 56)
(33, 9, 56)
(33, 10, 55)
(33, 11, 52)
(33, 12, 51)
(33, 13, 51)
(33, 14, 51)
(33, 15, 50)
(33, 16, 49)
(33, 17, 47)
(33, 18, 46)
(33, 19, 41)
(33, 20, 41)
(33, 21, 41)
(33, 22, 40)
(33, 23, 37)
(33, 24, 37)
(33, 25, 37)
(33, 26, 35)
(33, 27, 26)
(33, 28, 24)
(33, 29, 24)
(33, 30, 24)
(33, 31, 24)
(33, 32, 24)
(33, 33, 24)
(33, 34, 24)
(33, 35, 24)
(33, 36, 24)
(33, 37, 24)
(33, 38, 23)
(33, 39, 22)

(34, 0, 292)
(34, 1, 154)
(34, 2, 58)
(34, 3, 58)
(34, 4, 56)
(34, 5, 56)
(34, 6, 56)
(34, 7, 56)
(34, 8, 56)
(34, 9, 56)
(34, 10, 55)
(34, 11, 52)
(34, 12, 51)
(34, 13, 51)
(34, 14, 51)
(34, 15, 50)
(34, 16, 49)
(34, 17, 47)
(34, 18, 46)
(34, 19, 41)
(34, 20, 41)
(34, 21, 41)
(34, 22, 40)
(34, 23, 37)
(34, 24, 37)
(34, 25, 37)
(34, 26, 35)
(34, 27, 26)
(34, 28, 24)
(34, 29, 24)
(34, 30, 24)
(34, 31, 24)
(34, 32, 24)
(34, 33, 24)
(34, 34, 24)
(34, 35, 24)
(34, 36, 24)
(34, 37, 24)
(34, 38, 23)
(34, 39, 22)

(35, 0, 292)
(35, 1, 154)
(35, 2, 58)
(35, 3, 58)
(35, 4, 56)
(35, 5, 56)
(35, 6, 56)
(35, 7, 56)
(35, 8, 56)
(35, 9, 56)
(35, 10, 55)
(35, 11, 52)
(35, 12, 51)
(35, 13, 51)
(35, 14, 51)
(35, 15, 50)
(35, 16, 49)
(35, 17, 47)
(35, 18, 46)
(35, 19, 41)
(35, 20, 41)
(35, 21, 41)
(35, 22, 40)
(35, 23, 37)
(35, 24, 37)
(35, 25, 37)
(35, 26, 35)
(35, 27, 26)
(35, 28, 24)
(35, 29, 24)
(35, 30, 24)
(35, 31, 24)
(35, 32, 24)
(35, 33, 24)
(35, 34, 24)
(35, 35, 24)
(35, 36, 24)
(35, 37, 24)
(35, 38, 23)
(35, 39, 22)

(36, 0, 293)
(36, 1, 155)
(36, 2, 59)
(36, 3, 59)
(36, 4, 57)
(36, 5, 57)
(36, 6, 57)
(36, 7, 57)
(36, 8, 57)
(36, 9, 57)
(36, 10, 56)
(36, 11, 53)
(36, 12, 52)
(36, 13, 52)
(36, 14, 52)
(36, 15, 51)
(36, 16, 50)
(36, 17, 48)
(36, 18, 47)
(36, 19, 42)
(36, 20, 42)
(36, 21, 42)
(36, 22, 41)
(36, 23, 38)
(36, 24, 38)
(36, 25, 38)
(36, 26, 36)
(36, 27, 27)
(36, 28, 25)
(36, 29, 25)
(36, 30, 25)
(36, 31, 25)
(36, 32, 25)
(36, 33, 25)
(36, 34, 25)
(36, 35, 25)
(36, 36, 25)
(36, 37, 25)
(36, 38, 24)
(36, 39, 23)

(37, 0, 294)
(37, 1, 156)
(37, 2, 60)
(37, 3, 60)
(37, 4, 58)
(37, 5, 58)
(37, 6, 58)
(37, 7, 58)
(37, 8, 58)
(37, 9, 58)
(37, 10, 57)
(37, 11, 54)
(37, 12, 53)
(37, 13, 53)
(37, 14, 53)
(37, 15, 52)
(37, 16, 51)
(37, 17, 49)
(37, 18, 48)
(37, 19, 43)
(37, 20, 43)
(37, 21, 43)
(37, 22, 42)
(37, 23, 39)
(37, 24, 39)
(37, 25, 39)
(37, 26, 37)
(37, 27, 28)
(37, 28, 26)
(37, 29, 26)
(37, 30, 26)
(37, 31, 26)
(37, 32, 26)
(37, 33, 26)
(37, 34, 26)
(37, 35, 26)
(37, 36, 26)
(37, 37, 26)
(37, 38, 25)
(37, 39, 24)

(38, 0, 295)
(38, 1, 157)
(38, 2, 61)
(38, 3, 61)
(38, 4, 59)
(38, 5, 59)
(38, 6, 59)
(38, 7, 59)
(38, 8, 59)
(38, 9, 59)
(38, 10, 58)
(38, 11, 55)
(38, 12, 54)
(38, 13, 54)
(38, 14, 54)
(38, 15, 53)
(38, 16, 52)
(38, 17, 50)
(38, 18, 49)
(38, 19, 44)
(38, 20, 44)
(38, 21, 44)
(38, 22, 43)
(38, 23, 40)
(38, 24, 40)
(38, 25, 40)
(38, 26, 38)
(38, 27, 29)
(38, 28, 27)
(38, 29, 27)
(38, 30, 27)
(38, 31, 27)
(38, 32, 27)
(38, 33, 27)
(38, 34, 27)
(38, 35, 27)
(38, 36, 27)
(38, 37, 27)
(38, 38, 26)
(38, 39, 24)

(39, 0, 298)
(39, 1, 160)
(39, 2, 64)
(39, 3, 64)
(39, 4, 62)
(39, 5, 62)
(39, 6, 62)
(39, 7, 62)
(39, 8, 62)
(39, 9, 62)
(39, 10, 61)
(39, 11, 58)
(39, 12, 57)
(39, 13, 57)
(39, 14, 57)
(39, 15, 56)
(39, 16, 55)
(39, 17, 53)
(39, 18, 52)
(39, 19, 46)
(39, 20, 46)
(39, 21, 46)
(39, 22, 45)
(39, 23, 41)
(39, 24, 41)
(39, 25, 41)
(39, 26, 39)
(39, 27, 29)
(39, 28, 27)
(39, 29, 27)
(39, 30, 27)
(39, 31, 27)
(39, 32, 27)
(39, 33, 27)
(39, 34, 27)
(39, 35, 27)
(39, 36, 27)
(39, 37, 27)
(39, 38, 26)
(39, 39, 24)


Betti numbers:
xi_0:
(0, 0, 2)
(2, 0, 2)
(3, 0, 4)
(4, 0, 1)
(5, 0, 4)
(6, 0, 3)
(8, 0, 1)
(9, 0, 10)
(10, 0, 67)
(11, 0, 55)
(12, 0, 24)
(13, 0, 7)
(14, 0, 55)
(15, 0, 45)
(16, 0, 1)
(17, 0, 2)
(18, 0, 2)
(19, 0, 1)
(21, 0, 1)
(22, 0, 4)
(23, 0, 1)
(36, 0, 1)
(37, 0, 1)
(38, 0, 1)
(39, 0, 3)
xi_1:
(0, 27, 1)
(2, 27, 1)
(3, 2, 2)
(3, 27, 1)
(5, 16, 1)
(5, 26, 1)
(5, 27, 1)
(5, 38, 1)
(6, 19, 1)
(6, 23, 1)
(9, 1, 2)
(9, 19, 1)
(9, 26, 1)
(9, 27, 1)
(10, 1, 62)
(10, 11, 2)
(10, 12, 1)
(10, 27, 1)
(11, 1, 53)
(11, 11, 1)
(11, 15, 1)
(12, 1, 21)
(12, 17, 1)
(13, 2, 2)
(13, 19, 1)
(13, 27, 2)
(14, 2, 47)
(14, 4, 2)
(14, 10, 1)
(14, 19, 2)
(14, 22, 1)
(14, 28, 1)
(15, 2, 45)
(16, 23, 1)
(17, 17, 1)
(18, 39, 1)
(19, 28, 1)
(22, 18, 1)
(22, 23, 1)
(22, 27, 1)
(38, 39, 1)
(39, 19, 1)
(39, 23, 1)
(39, 27, 1)
xi_2:
