x-grades
-854173108529492183/1000000000000000000
-418404720530951433/500000000000000000
-819445773594313549/1000000000000000000
-100260263265840529/125000000000000000
-156943687731826983/200000000000000000
-383677385595772799/500000000000000000
-749991103723956281/1000000000000000000
-183156859064091741/250000000000000000
-715263768788777647/1000000000000000000
-69790010132118833/100000000000000000
-680536433853599013/1000000000000000000
-20724148949562803/31250000000000000
-645809098918420379/1000000000000000000
-314222715725415531/500000000000000000
-122216352796648349/200000000000000000
-148429524128913107/250000000000000000
-576354429048063111/1000000000000000000
-279495380790236897/500000000000000000
-541627094112884477/1000000000000000000
-13106585666132379/25000000000000000
-506899759177705843/1000000000000000000
-244768045855058263/500000000000000000
-472172424242527209/1000000000000000000
-113702189193734473/250000000000000000
-17497803572293943/40000000000000000
-210040710919879629/500000000000000000
-402717754372169941/1000000000000000000
-24084630431536289/62500000000000000
-367990419436991307/1000000000000000000
-35062675196940199/100000000000000000
-333263084501812673/1000000000000000000
-78974854258555839/250000000000000000
-298535749566634039/1000000000000000000
-140586041049522361/500000000000000000
-52761682926291081/200000000000000000
-30805593395483261/125000000000000000
-229081079696276771/1000000000000000000
-105858706114343727/500000000000000000
-194353744761098137/1000000000000000000
-8849503864675441/50000000000000000

y-grades
624999/2500000
624999/1250000
1874997/2500000
624999/625000
624999/500000
1874997/1250000
4374993/2500000
624999/312500
5624991/2500000
624999/250000
6874989/2500000
1874997/625000
8124987/2500000
4374993/1250000
1874997/500000
624999/156250
10624983/2500000
5624991/1250000
11874981/2500000
624999/125000
13124979/2500000
6874989/1250000
14374977/2500000
1874997/312500
624999/100000
8124987/1250000
16874973/2500000
4374993/625000
18124971/2500000
1874997/250000
19374969/2500000
624999/78125
20624967/2500000
10624983/1250000
4374993/500000
5624991/625000
23124963/2500000
11874981/1250000
24374961/2500000
624999/62500

Dimensions > 0:
(0, 0, 1)
(0, 1, 1)
(0, 2, 1)
(0, 3, 1)
(0, 4, 1)
(0, 5, 1)
(0, 6, 1)
(0, 7, 1)
(0, 8, 1)
(0, 9, 1)
(0, 10, 1)
(0, 11, 1)
(0, 12, 1)
(0, 13, 1)
(0, 14, 1)
(0, 15, 1)
(0, 16, 1)
(0, 17, 1)
(0, 18, 1)
(0, 19, 1)
(0, 20, 1)
(0, 21, 1)
(0, 22, 1)
(0, 23, 1)
(0, 24, 1)
(0, 25, 1)
(0, 26, 1)
(0, 27, 1)
(0, 28, 1)
(0, 29, 1)
(0, 30, 1)
(0, 31, 1)
(0, 32, 1)
(0, 33, 1)
(0, 34, 1)
(0, 35, 1)
(0, 36, 1)
(0, 37, 1)
(0, 38, 1)
(0, 39, 1)

(1, 0, 1)
(1, 1, 1)
(1, 2, 1)
(1, 3, 1)
(1, 4, 1)
(1, 5, 1)
(1, 6, 1)
(1, 7, 1)
(1, 8, 1)
(1, 9, 1)
(1, 10, 1)
(1, 11, 1)
(1, 12, 1)
(1, 13, 1)
(1, 14, 1)
(1, 15, 1)
(1, 16, 1)
(1, 17, 1)
(1, 18, 1)
(1, 19, 1)
(1, 20, 1)
(1, 21, 1)
(1, 22, 1)
(1, 23, 1)
(1, 24, 1)
(1, 25, 1)
(1, 26, 1)
(1, 27, 1)
(1, 28, 1)
(1, 29, 1)
(1, 30, 1)
(1, 31, 1)
(1, 32, 1)
(1, 33, 1)
(1, 34, 1)
(1, 35, 1)
(1, 36, 1)
(1, 37, 1)
(1, 38, 1)
(1, 39, 1)

(2, 0, 4)
(2, 1, 4)
(2, 2, 4)
(2, 3, 3)
(2, 4, 3)
(2, 5, 3)
(2, 6, 3)
(2, 7, 3)
(2, 8, 3)
(2, 9, 3)
(2, 10, 3)
(2, 11, 3)
(2, 12, 3)
(2, 13, 3)
(2, 14, 3)
(2, 15, 3)
(2, 16, 3)
(2, 17, 3)
(2, 18, 3)
(2, 19, 2)
(2, 20, 2)
(2, 21, 2)
(2, 22, 2)
(2, 23, 2)
(2, 24, 2)
(2, 25, 2)
(2, 26, 2)
(2, 27, 2)
(2, 28, 1)
(2, 29, 1)
(2, 30, 1)
(2, 31, 1)
(2, 32, 1)
(2, 33, 1)
(2, 34, 1)
(2, 35, 1)
(2, 36, 1)
(2, 37, 1)
(2, 38, 1)
(2, 39, 1)

(3, 0, 4)
(3, 1, 4)
(3, 2, 4)
(3, 3, 3)
(3, 4, 3)
(3, 5, 3)
(3, 6, 3)
(3, 7, 3)
(3, 8, 3)
(3, 9, 3)
(3, 10, 3)
(3, 11, 3)
(3, 12, 3)
(3, 13, 3)
(3, 14, 3)
(3, 15, 3)
(3, 16, 3)
(3, 17, 3)
(3, 18, 3)
(3, 19, 2)
(3, 20, 2)
(3, 21, 2)
(3, 22, 2)
(3, 23, 2)
(3, 24, 2)
(3, 25, 2)
(3, 26, 2)
(3, 27, 2)
(3, 28, 1)
(3, 29, 1)
(3, 30, 1)
(3, 31, 1)
(3, 32, 1)
(3, 33, 1)
(3, 34, 1)
(3, 35, 1)
(3, 36, 1)
(3, 37, 1)
(3, 38, 1)
(3, 39, 1)

(4, 0, 4)
(4, 1, 4)
(4, 2, 4)
(4, 3, 3)
(4, 4, 3)
(4, 5, 3)
(4, 6, 3)
(4, 7, 3)
(4, 8, 3)
(4, 9, 3)
(4, 10, 3)
(4, 11, 3)
(4, 12, 3)
(4, 13, 3)
(4, 14, 3)
(4, 15, 3)
(4, 16, 3)
(4, 17, 3)
(4, 18, 3)
(4, 19, 2)
(4, 20, 2)
(4, 21, 2)
(4, 22, 2)
(4, 23, 2)
(4, 24, 2)
(4, 25, 2)
(4, 26, 2)
(4, 27, 2)
(4, 28, 1)
(4, 29, 1)
(4, 30, 1)
(4, 31, 1)
(4, 32, 1)
(4, 33, 1)
(4, 34, 1)
(4, 35, 1)
(4, 36, 1)
(4, 37, 1)
(4, 38, 1)
(4, 39, 1)

(5, 0, 6)
(5, 1, 6)
(5, 2, 6)
(5, 3, 5)
(5, 4, 5)
(5, 5, 5)
(5, 6, 5)
(5, 7, 5)
(5, 8, 5)
(5, 9, 5)
(5, 10, 5)
(5, 11, 5)
(5, 12, 5)
(5, 13, 5)
(5, 14, 5)
(5, 15, 5)
(5, 16, 5)
(5, 17, 5)
(5, 18, 4)
(5, 19, 3)
(5, 20, 3)
(5, 21, 3)
(5, 22, 3)
(5, 23, 3)
(5, 24, 3)
(5, 25, 3)
(5, 26, 3)
(5, 27, 2)
(5, 28, 1)
(5, 29, 1)
(5, 30, 1)
(5, 31, 1)
(5, 32, 1)
(5, 33, 1)
(5, 34, 1)
(5, 35, 1)
(5, 36, 1)
(5, 37, 1)
(5, 38, 1)
(5, 39, 1)

(6, 0, 6)
(6, 1, 6)
(6, 2, 6)
(6, 3, 5)
(6, 4, 5)
(6, 5, 5)
(6, 6, 5)
(6, 7, 5)
(6, 8, 5)
(6, 9, 5)
(6, 10, 5)
(6, 11, 5)
(6, 12, 5)
(6, 13, 5)
(6, 14, 5)
(6, 15, 5)
(6, 16, 5)
(6, 17, 5)
(6, 18, 4)
(6, 19, 3)
(6, 20, 3)
(6, 21, 3)
(6, 22, 3)
(6, 23, 3)
(6, 24, 3)
(6, 25, 3)
(6, 26, 3)
(6, 27, 2)
(6, 28, 1)
(6, 29, 1)
(6, 30, 1)
(6, 31, 1)
(6, 32, 1)
(6, 33, 1)
(6, 34, 1)
(6, 35, 1)
(6, 36, 1)
(6, 37, 1)
(6, 38, 1)
(6, 39, 1)

(7, 0, 6)
(7, 1, 6)
(7, 2, 6)
(7, 3, 5)
(7, 4, 5)
(7, 5, 5)
(7, 6, 5)
(7, 7, 5)
(7, 8, 5)
(7, 9, 5)
(7, 10, 5)
(7, 11, 5)
(7, 12, 5)
(7, 13, 5)
(7, 14, 5)
(7, 15, 5)
(7, 16, 5)
(7, 17, 5)
(7, 18, 4)
(7, 19, 3)
(7, 20, 3)
(7, 21, 3)
(7, 22, 3)
(7, 23, 3)
(7, 24, 3)
(7, 25, 3)
(7, 26, 3)
(7, 27, 2)
(7, 28, 1)
(7, 29, 1)
(7, 30, 1)
(7, 31, 1)
(7, 32, 1)
(7, 33, 1)
(7, 34, 1)
(7, 35, 1)
(7, 36, 1)
(7, 37, 1)
(7, 38, 1)
(7, 39, 1)

(8, 0, 6)
(8, 1, 6)
(8, 2, 6)
(8, 3, 5)
(8, 4, 5)
(8, 5, 5)
(8, 6, 5)
(8, 7, 5)
(8, 8, 5)
(8, 9, 5)
(8, 10, 5)
(8, 11, 5)
(8, 12, 5)
(8, 13, 5)
(8, 14, 5)
(8, 15, 5)
(8, 16, 5)
(8, 17, 5)
(8, 18, 4)
(8, 19, 3)
(8, 20, 3)
(8, 21, 3)
(8, 22, 3)
(8, 23, 3)
(8, 24, 3)
(8, 25, 3)
(8, 26, 3)
(8, 27, 2)
(8, 28, 1)
(8, 29, 1)
(8, 30, 1)
(8, 31, 1)
(8, 32, 1)
(8, 33, 1)
(8, 34, 1)
(8, 35, 1)
(8, 36, 1)
(8, 37, 1)
(8, 38, 1)
(8, 39, 1)

(9, 0, 6)
(9, 1, 6)
(9, 2, 6)
(9, 3, 5)
(9, 4, 5)
(9, 5, 5)
(9, 6, 5)
(9, 7, 5)
(9, 8, 5)
(9, 9, 5)
(9, 10, 5)
(9, 11, 5)
(9, 12, 5)
(9, 13, 5)
(9, 14, 5)
(9, 15, 5)
(9, 16, 5)
(9, 17, 5)
(9, 18, 4)
(9, 19, 3)
(9, 20, 3)
(9, 21, 3)
(9, 22, 3)
(9, 23, 3)
(9, 24, 3)
(9, 25, 3)
(9, 26, 3)
(9, 27, 2)
(9, 28, 1)
(9, 29, 1)
(9, 30, 1)
(9, 31, 1)
(9, 32, 1)
(9, 33, 1)
(9, 34, 1)
(9, 35, 1)
(9, 36, 1)
(9, 37, 1)
(9, 38, 1)
(9, 39, 1)

(10, 0, 7)
(10, 1, 7)
(10, 2, 7)
(10, 3, 6)
(10, 4, 6)
(10, 5, 6)
(10, 6, 6)
(10, 7, 6)
(10, 8, 6)
(10, 9, 6)
(10, 10, 6)
(10, 11, 6)
(10, 12, 6)
(10, 13, 6)
(10, 14, 6)
(10, 15, 6)
(10, 16, 6)
(10, 17, 6)
(10, 18, 5)
(10, 19, 4)
(10, 20, 4)
(10, 21, 4)
(10, 22, 4)
(10, 23, 4)
(10, 24, 4)
(10, 25, 4)
(10, 26, 4)
(10, 27, 3)
(10, 28, 2)
(10, 29, 2)
(10, 30, 2)
(10, 31, 1)
(10, 32, 1)
(10, 33, 1)
(10, 34, 1)
(10, 35, 1)
(10, 36, 1)
(10, 37, 1)
(10, 38, 1)
(10, 39, 1)

(11, 0, 10)
(11, 1, 10)
(11, 2, 10)
(11, 3, 9)
(11, 4, 9)
(11, 5, 9)
(11, 6, 9)
(11, 7, 8)
(11, 8, 8)
(11, 9, 8)
(11, 10, 8)
(11, 11, 8)
(11, 12, 8)
(11, 13, 8)
(11, 14, 7)
(11, 15, 7)
(11, 16, 7)
(11, 17, 7)
(11, 18, 6)
(11, 19, 5)
(11, 20, 5)
(11, 21, 4)
(11, 22, 4)
(11, 23, 4)
(11, 24, 4)
(11, 25, 4)
(11, 26, 4)
(11, 27, 3)
(11, 28, 2)
(11, 29, 2)
(11, 30, 2)
(11, 31, 1)
(11, 32, 1)
(11, 33, 1)
(11, 34, 1)
(11, 35, 1)
(11, 36, 1)
(11, 37, 1)
(11, 38, 1)
(11, 39, 1)

(12, 0, 13)
(12, 1, 13)
(12, 2, 13)
(12, 3, 11)
(12, 4, 11)
(12, 5, 11)
(12, 6, 11)
(12, 7, 10)
(12, 8, 9)
(12, 9, 9)
(12, 10, 9)
(12, 11, 9)
(12, 12, 9)
(12, 13, 7)
(12, 14, 7)
(12, 15, 7)
(12, 16, 7)
(12, 17, 7)
(12, 18, 5)
(12, 19, 4)
(12, 20, 4)
(12, 21, 4)
(12, 22, 4)
(12, 23, 4)
(12, 24, 4)
(12, 25, 4)
(12, 26, 4)
(12, 27, 3)
(12, 28, 2)
(12, 29, 2)
(12, 30, 2)
(12, 31, 1)
(12, 32, 1)
(12, 33, 1)
(12, 34, 1)
(12, 35, 1)
(12, 36, 1)
(12, 37, 1)
(12, 38, 1)
(12, 39, 1)

(13, 0, 21)
(13, 1, 21)
(13, 2, 21)
(13, 3, 18)
(13, 4, 18)
(13, 5, 15)
(13, 6, 13)
(13, 7, 12)
(13, 8, 11)
(13, 9, 10)
(13, 10, 10)
(13, 11, 10)
(13, 12, 9)
(13, 13, 9)
(13, 14, 9)
(13, 15, 9)
(13, 16, 8)
(13, 17, 7)
(13, 18, 5)
(13, 19, 4)
(13, 20, 4)
(13, 21, 4)
(13, 22, 4)
(13, 23, 4)
(13, 24, 4)
(13, 25, 4)
(13, 26, 4)
(13, 27, 3)
(13, 28, 2)
(13, 29, 2)
(13, 30, 1)
(13, 31, 1)
(13, 32, 1)
(13, 33, 1)
(13, 34, 1)
(13, 35, 1)
(13, 36, 1)
(13, 37, 1)
(13, 38, 1)
(13, 39, 1)

(14, 0, 29)
(14, 1, 26)
(14, 2, 26)
(14, 3, 22)
(14, 4, 22)
(14, 5, 16)
(14, 6, 13)
(14, 7, 12)
(14, 8, 11)
(14, 9, 10)
(14, 10, 9)
(14, 11, 9)
(14, 12, 9)
(14, 13, 9)
(14, 14, 9)
(14, 15, 9)
(14, 16, 8)
(14, 17, 7)
(14, 18, 5)
(14, 19, 4)
(14, 20, 4)
(14, 21, 4)
(14, 22, 4)
(14, 23, 4)
(14, 24, 4)
(14, 25, 4)
(14, 26, 4)
(14, 27, 3)
(14, 28, 2)
(14, 29, 2)
(14, 30, 1)
(14, 31, 1)
(14, 32, 1)
(14, 33, 1)
(14, 34, 1)
(14, 35, 1)
(14, 36, 1)
(14, 37, 1)
(14, 38, 1)
(14, 39, 1)

(15, 0, 40)
(15, 1, 35)
(15, 2, 31)
(15, 3, 26)
(15, 4, 23)
(15, 5, 20)
(15, 6, 15)
(15, 7, 13)
(15, 8, 11)
(15, 9, 10)
(15, 10, 9)
(15, 11, 9)
(15, 12, 9)
(15, 13, 9)
(15, 14, 9)
(15, 15, 8)
(15, 16, 7)
(15, 17, 7)
(15, 18, 5)
(15, 19, 4)
(15, 20, 4)
(15, 21, 4)
(15, 22, 4)
(15, 23, 4)
(15, 24, 4)
(15, 25, 4)
(15, 26, 4)
(15, 27, 3)
(15, 28, 2)
(15, 29, 2)
(15, 30, 1)
(15, 31, 1)
(15, 32, 1)
(15, 33, 1)
(15, 34, 1)
(15, 35, 1)
(15, 36, 1)
(15, 37, 1)
(15, 38, 1)
(15, 39, 1)

(16, 0, 52)
(16, 1, 43)
(16, 2, 37)
(16, 3, 30)
(16, 4, 25)
(16, 5, 21)
(16, 6, 16)
(16, 7, 14)
(16, 8, 12)
(16, 9, 11)
(16, 10, 10)
(16, 11, 9)
(16, 12, 9)
(16, 13, 9)
(16, 14, 9)
(16, 15, 8)
(16, 16, 7)
(16, 17, 6)
(16, 18, 5)
(16, 19, 4)
(16, 20, 4)
(16, 21, 4)
(16, 22, 4)
(16, 23, 4)
(16, 24, 4)
(16, 25, 4)
(16, 26, 4)
(16, 27, 3)
(16, 28, 2)
(16, 29, 2)
(16, 30, 1)
(16, 31, 1)
(16, 32, 1)
(16, 33, 1)
(16, 34, 1)
(16, 35, 1)
(16, 36, 1)
(16, 37, 1)
(16, 38, 1)
(16, 39, 1)

(17, 0, 62)
(17, 1, 51)
(17, 2, 44)
(17, 3, 33)
(17, 4, 27)
(17, 5, 23)
(17, 6, 18)
(17, 7, 16)
(17, 8, 14)
(17, 9, 13)
(17, 10, 12)
(17, 11, 11)
(17, 12, 11)
(17, 13, 11)
(17, 14, 9)
(17, 15, 8)
(17, 16, 7)
(17, 17, 7)
(17, 18, 5)
(17, 19, 4)
(17, 20, 4)
(17, 21, 4)
(17, 22, 4)
(17, 23, 4)
(17, 24, 4)
(17, 25, 4)
(17, 26, 4)
(17, 27, 3)
(17, 28, 2)
(17, 29, 2)
(17, 30, 1)
(17, 31, 1)
(17, 32, 1)
(17, 33, 1)
(17, 34, 1)
(17, 35, 1)
(17, 36, 1)
(17, 37, 1)
(17, 38, 1)
(17, 39, 1)

(18, 0, 73)
(18, 1, 60)
(18, 2, 53)
(18, 3, 40)
(18, 4, 33)
(18, 5, 26)
(18, 6, 21)
(18, 7, 19)
(18, 8, 17)
(18, 9, 15)
(18, 10, 14)
(18, 11, 13)
(18, 12, 13)
(18, 13, 12)
(18, 14, 8)
(18, 15, 7)
(18, 16, 6)
(18, 17, 6)
(18, 18, 5)
(18, 19, 4)
(18, 20, 4)
(18, 21, 4)
(18, 22, 4)
(18, 23, 4)
(18, 24, 4)
(18, 25, 4)
(18, 26, 4)
(18, 27, 3)
(18, 28, 2)
(18, 29, 2)
(18, 30, 1)
(18, 31, 1)
(18, 32, 1)
(18, 33, 1)
(18, 34, 1)
(18, 35, 1)
(18, 36, 1)
(18, 37, 1)
(18, 38, 1)
(18, 39, 1)

(19, 0, 83)
(19, 1, 68)
(19, 2, 58)
(19, 3, 43)
(19, 4, 36)
(19, 5, 26)
(19, 6, 23)
(19, 7, 20)
(19, 8, 18)
(19, 9, 16)
(19, 10, 15)
(19, 11, 14)
(19, 12, 14)
(19, 13, 13)
(19, 14, 9)
(19, 15, 8)
(19, 16, 6)
(19, 17, 6)
(19, 18, 5)
(19, 19, 4)
(19, 20, 4)
(19, 21, 4)
(19, 22, 4)
(19, 23, 4)
(19, 24, 4)
(19, 25, 4)
(19, 26, 4)
(19, 27, 3)
(19, 28, 2)
(19, 29, 2)
(19, 30, 1)
(19, 31, 1)
(19, 32, 1)
(19, 33, 1)
(19, 34, 1)
(19, 35, 1)
(19, 36, 1)
(19, 37, 1)
(19, 38, 1)
(19, 39, 1)

(20, 0, 89)
(20, 1, 73)
(20, 2, 60)
(20, 3, 45)
(20, 4, 36)
(20, 5, 25)
(20, 6, 22)
(20, 7, 20)
(20, 8, 18)
(20, 9, 16)
(20, 10, 14)
(20, 11, 14)
(20, 12, 14)
(20, 13, 13)
(20, 14, 9)
(20, 15, 8)
(20, 16, 6)
(20, 17, 6)
(20, 18, 5)
(20, 19, 4)
(20, 20, 4)
(20, 21, 4)
(20, 22, 4)
(20, 23, 4)
(20, 24, 4)
(20, 25, 4)
(20, 26, 4)
(20, 27, 3)
(20, 28, 2)
(20, 29, 2)
(20, 30, 1)
(20, 31, 1)
(20, 32, 1)
(20, 33, 1)
(20, 34, 1)
(20, 35, 1)
(20, 36, 1)
(20, 37, 1)
(20, 38, 1)
(20, 39, 1)

(21, 0, 105)
(21, 1, 85)
(21, 2, 70)
(21, 3, 52)
(21, 4, 42)
(21, 5, 29)
(21, 6, 25)
(21, 7, 23)
(21, 8, 21)
(21, 9, 18)
(21, 10, 15)
(21, 11, 13)
(21, 12, 13)
(21, 13, 11)
(21, 14, 8)
(21, 15, 7)
(21, 16, 6)
(21, 17, 6)
(21, 18, 5)
(21, 19, 4)
(21, 20, 4)
(21, 21, 4)
(21, 22, 4)
(21, 23, 4)
(21, 24, 4)
(21, 25, 4)
(21, 26, 4)
(21, 27, 3)
(21, 28, 2)
(21, 29, 2)
(21, 30, 1)
(21, 31, 1)
(21, 32, 1)
(21, 33, 1)
(21, 34, 1)
(21, 35, 1)
(21, 36, 1)
(21, 37, 1)
(21, 38, 1)
(21, 39, 1)

(22, 0, 110)
(22, 1, 89)
(22, 2, 73)
(22, 3, 55)
(22, 4, 44)
(22, 5, 30)
(22, 6, 25)
(22, 7, 23)
(22, 8, 21)
(22, 9, 17)
(22, 10, 14)
(22, 11, 13)
(22, 12, 13)
(22, 13, 11)
(22, 14, 8)
(22, 15, 7)
(22, 16, 6)
(22, 17, 6)
(22, 18, 5)
(22, 19, 4)
(22, 20, 4)
(22, 21, 4)
(22, 22, 4)
(22, 23, 4)
(22, 24, 4)
(22, 25, 4)
(22, 26, 4)
(22, 27, 3)
(22, 28, 2)
(22, 29, 2)
(22, 30, 1)
(22, 31, 1)
(22, 32, 1)
(22, 33, 1)
(22, 34, 1)
(22, 35, 1)
(22, 36, 1)
(22, 37, 1)
(22, 38, 1)
(22, 39, 1)

(23, 0, 119)
(23, 1, 97)
(23, 2, 81)
(23, 3, 62)
(23, 4, 49)
(23, 5, 35)
(23, 6, 29)
(23, 7, 27)
(23, 8, 25)
(23, 9, 21)
(23, 10, 18)
(23, 11, 17)
(23, 12, 15)
(23, 13, 13)
(23, 14, 9)
(23, 15, 8)
(23, 16, 8)
(23, 17, 8)
(23, 18, 7)
(23, 19, 6)
(23, 20, 6)
(23, 21, 6)
(23, 22, 6)
(23, 23, 6)
(23, 24, 6)
(23, 25, 6)
(23, 26, 6)
(23, 27, 4)
(23, 28, 3)
(23, 29, 3)
(23, 30, 2)
(23, 31, 2)
(23, 32, 2)
(23, 33, 2)
(23, 34, 2)
(23, 35, 2)
(23, 36, 2)
(23, 37, 2)
(23, 38, 1)
(23, 39, 1)

(24, 0, 131)
(24, 1, 106)
(24, 2, 88)
(24, 3, 68)
(24, 4, 55)
(24, 5, 40)
(24, 6, 33)
(24, 7, 30)
(24, 8, 26)
(24, 9, 19)
(24, 10, 16)
(24, 11, 15)
(24, 12, 14)
(24, 13, 12)
(24, 14, 10)
(24, 15, 9)
(24, 16, 9)
(24, 17, 8)
(24, 18, 7)
(24, 19, 6)
(24, 20, 6)
(24, 21, 6)
(24, 22, 6)
(24, 23, 6)
(24, 24, 6)
(24, 25, 6)
(24, 26, 6)
(24, 27, 4)
(24, 28, 3)
(24, 29, 3)
(24, 30, 2)
(24, 31, 2)
(24, 32, 2)
(24, 33, 2)
(24, 34, 2)
(24, 35, 2)
(24, 36, 2)
(24, 37, 2)
(24, 38, 1)
(24, 39, 1)

(25, 0, 141)
(25, 1, 112)
(25, 2, 94)
(25, 3, 72)
(25, 4, 57)
(25, 5, 40)
(25, 6, 33)
(25, 7, 30)
(25, 8, 25)
(25, 9, 18)
(25, 10, 15)
(25, 11, 14)
(25, 12, 14)
(25, 13, 12)
(25, 14, 10)
(25, 15, 9)
(25, 16, 9)
(25, 17, 8)
(25, 18, 7)
(25, 19, 6)
(25, 20, 6)
(25, 21, 6)
(25, 22, 6)
(25, 23, 5)
(25, 24, 5)
(25, 25, 5)
(25, 26, 5)
(25, 27, 4)
(25, 28, 3)
(25, 29, 3)
(25, 30, 2)
(25, 31, 2)
(25, 32, 2)
(25, 33, 2)
(25, 34, 2)
(25, 35, 2)
(25, 36, 1)
(25, 37, 1)
(25, 38, 1)
(25, 39, 1)

(26, 0, 152)
(26, 1, 121)
(26, 2, 98)
(26, 3, 74)
(26, 4, 59)
(26, 5, 39)
(26, 6, 31)
(26, 7, 28)
(26, 8, 24)
(26, 9, 18)
(26, 10, 15)
(26, 11, 14)
(26, 12, 14)
(26, 13, 12)
(26, 14, 10)
(26, 15, 9)
(26, 16, 9)
(26, 17, 8)
(26, 18, 7)
(26, 19, 6)
(26, 20, 6)
(26, 21, 6)
(26, 22, 6)
(26, 23, 5)
(26, 24, 5)
(26, 25, 5)
(26, 26, 5)
(26, 27, 4)
(26, 28, 3)
(26, 29, 3)
(26, 30, 2)
(26, 31, 2)
(26, 32, 2)
(26, 33, 2)
(26, 34, 2)
(26, 35, 2)
(26, 36, 1)
(26, 37, 1)
(26, 38, 1)
(26, 39, 1)

(27, 0, 166)
(27, 1, 131)
(27, 2, 103)
(27, 3, 78)
(27, 4, 63)
(27, 5, 42)
(27, 6, 35)
(27, 7, 31)
(27, 8, 27)
(27, 9, 20)
(27, 10, 17)
(27, 11, 16)
(27, 12, 16)
(27, 13, 14)
(27, 14, 12)
(27, 15, 10)
(27, 16, 10)
(27, 17, 9)
(27, 18, 8)
(27, 19, 7)
(27, 20, 7)
(27, 21, 7)
(27, 22, 7)
(27, 23, 4)
(27, 24, 4)
(27, 25, 4)
(27, 26, 4)
(27, 27, 3)
(27, 28, 2)
(27, 29, 2)
(27, 30, 1)
(27, 31, 1)
(27, 32, 1)
(27, 33, 1)
(27, 34, 1)
(27, 35, 1)
(27, 36, 1)
(27, 37, 1)
(27, 38, 1)
(27, 39, 1)

(28, 0, 172)
(28, 1, 136)
(28, 2, 106)
(28, 3, 79)
(28, 4, 64)
(28, 5, 43)
(28, 6, 35)
(28, 7, 31)
(28, 8, 27)
(28, 9, 20)
(28, 10, 17)
(28, 11, 16)
(28, 12, 16)
(28, 13, 14)
(28, 14, 12)
(28, 15, 10)
(28, 16, 10)
(28, 17, 9)
(28, 18, 8)
(28, 19, 7)
(28, 20, 7)
(28, 21, 7)
(28, 22, 7)
(28, 23, 4)
(28, 24, 4)
(28, 25, 4)
(28, 26, 4)
(28, 27, 3)
(28, 28, 2)
(28, 29, 2)
(28, 30, 1)
(28, 31, 1)
(28, 32, 1)
(28, 33, 1)
(28, 34, 1)
(28, 35, 1)
(28, 36, 1)
(28, 37, 1)
(28, 38, 1)
(28, 39, 1)

(29, 0, 177)
(29, 1, 140)
(29, 2, 109)
(29, 3, 80)
(29, 4, 64)
(29, 5, 42)
(29, 6, 34)
(29, 7, 31)
(29, 8, 26)
(29, 9, 20)
(29, 10, 17)
(29, 11, 16)
(29, 12, 16)
(29, 13, 14)
(29, 14, 12)
(29, 15, 10)
(29, 16, 10)
(29, 17, 9)
(29, 18, 8)
(29, 19, 7)
(29, 20, 7)
(29, 21, 7)
(29, 22, 7)
(29, 23, 4)
(29, 24, 4)
(29, 25, 4)
(29, 26, 4)
(29, 27, 3)
(29, 28, 2)
(29, 29, 2)
(29, 30, 1)
(29, 31, 1)
(29, 32, 1)
(29, 33, 1)
(29, 34, 1)
(29, 35, 1)
(29, 36, 1)
(29, 37, 1)
(29, 38, 1)
(29, 39, 1)

(30, 0, 187)
(30, 1, 146)
(30, 2, 115)
(30, 3, 85)
(30, 4, 67)
(30, 5, 44)
(30, 6, 36)
(30, 7, 31)
(30, 8, 26)
(30, 9, 20)
(30, 10, 17)
(30, 11, 16)
(30, 12, 16)
(30, 13, 14)
(30, 14, 12)
(30, 15, 10)
(30, 16, 10)
(30, 17, 9)
(30, 18, 8)
(30, 19, 7)
(30, 20, 7)
(30, 21, 7)
(30, 22, 7)
(30, 23, 4)
(30, 24, 4)
(30, 25, 4)
(30, 26, 4)
(30, 27, 3)
(30, 28, 2)
(30, 29, 2)
(30, 30, 1)
(30, 31, 1)
(30, 32, 1)
(30, 33, 1)
(30, 34, 1)
(30, 35, 1)
(30, 36, 1)
(30, 37, 1)
(30, 38, 1)
(30, 39, 1)

(31, 0, 201)
(31, 1, 157)
(31, 2, 120)
(31, 3, 88)
(31, 4, 71)
(31, 5, 47)
(31, 6, 38)
(31, 7, 34)
(31, 8, 29)
(31, 9, 23)
(31, 10, 20)
(31, 11, 19)
(31, 12, 19)
(31, 13, 17)
(31, 14, 15)
(31, 15, 13)
(31, 16, 13)
(31, 17, 12)
(31, 18, 11)
(31, 19, 10)
(31, 20, 10)
(31, 21, 10)
(31, 22, 10)
(31, 23, 6)
(31, 24, 6)
(31, 25, 6)
(31, 26, 6)
(31, 27, 5)
(31, 28, 4)
(31, 29, 4)
(31, 30, 3)
(31, 31, 3)
(31, 32, 3)
(31, 33, 3)
(31, 34, 3)
(31, 35, 3)
(31, 36, 3)
(31, 37, 2)
(31, 38, 2)
(31, 39, 2)

(32, 0, 205)
(32, 1, 161)
(32, 2, 124)
(32, 3, 92)
(32, 4, 75)
(32, 5, 51)
(32, 6, 39)
(32, 7, 35)
(32, 8, 30)
(32, 9, 24)
(32, 10, 21)
(32, 11, 20)
(32, 12, 20)
(32, 13, 18)
(32, 14, 16)
(32, 15, 14)
(32, 16, 14)
(32, 17, 13)
(32, 18, 12)
(32, 19, 11)
(32, 20, 11)
(32, 21, 11)
(32, 22, 11)
(32, 23, 6)
(32, 24, 6)
(32, 25, 6)
(32, 26, 6)
(32, 27, 5)
(32, 28, 4)
(32, 29, 4)
(32, 30, 3)
(32, 31, 3)
(32, 32, 3)
(32, 33, 3)
(32, 34, 3)
(32, 35, 3)
(32, 36, 3)
(32, 37, 2)
(32, 38, 2)
(32, 39, 2)

(33, 0, 206)
(33, 1, 162)
(33, 2, 125)
(33, 3, 93)
(33, 4, 76)
(33, 5, 52)
(33, 6, 40)
(33, 7, 36)
(33, 8, 31)
(33, 9, 25)
(33, 10, 22)
(33, 11, 21)
(33, 12, 21)
(33, 13, 18)
(33, 14, 16)
(33, 15, 14)
(33, 16, 14)
(33, 17, 13)
(33, 18, 12)
(33, 19, 11)
(33, 20, 11)
(33, 21, 11)
(33, 22, 11)
(33, 23, 6)
(33, 24, 6)
(33, 25, 6)
(33, 26, 6)
(33, 27, 5)
(33, 28, 4)
(33, 29, 4)
(33, 30, 3)
(33, 31, 3)
(33, 32, 3)
(33, 33, 3)
(33, 34, 3)
(33, 35, 3)
(33, 36, 2)
(33, 37, 1)
(33, 38, 1)
(33, 39, 1)

(34, 0, 206)
(34, 1, 162)
(34, 2, 125)
(34, 3, 93)
(34, 4, 76)
(34, 5, 52)
(34, 6, 40)
(34, 7, 36)
(34, 8, 31)
(34, 9, 25)
(34, 10, 22)
(34, 11, 21)
(34, 12, 21)
(34, 13, 18)
(34, 14, 16)
(34, 15, 14)
(34, 16, 14)
(34, 17, 13)
(34, 18, 12)
(34, 19, 11)
(34, 20, 11)
(34, 21, 11)
(34, 22, 11)
(34, 23, 6)
(34, 24, 6)
(34, 25, 6)
(34, 26, 6)
(34, 27, 5)
(34, 28, 4)
(34, 29, 4)
(34, 30, 3)
(34, 31, 3)
(34, 32, 3)
(34, 33, 3)
(34, 34, 3)
(34, 35, 3)
(34, 36, 2)
(34, 37, 1)
(34, 38, 1)
(34, 39, 1)

(35, 0, 206)
(35, 1, 162)
(35, 2, 125)
(35, 3, 93)
(35, 4, 76)
(35, 5, 52)
(35, 6, 40)
(35, 7, 36)
(35, 8, 31)
(35, 9, 25)
(35, 10, 22)
(35, 11, 21)
(35, 12, 21)
(35, 13, 18)
(35, 14, 16)
(35, 15, 14)
(35, 16, 14)
(35, 17, 13)
(35, 18, 12)
(35, 19, 11)
(35, 20, 11)
(35, 21, 11)
(35, 22, 11)
(35, 23, 6)
(35, 24, 6)
(35, 25, 6)
(35, 26, 6)
(35, 27, 5)
(35, 28, 4)
(35, 29, 4)
(35, 30, 3)
(35, 31, 3)
(35, 32, 3)
(35, 33, 3)
(35, 34, 3)
(35, 35, 3)
(35, 36, 2)
(35, 37, 1)
(35, 38, 1)
(35, 39, 1)

(36, 0, 206)
(36, 1, 162)
(36, 2, 125)
(36, 3, 93)
(36, 4, 76)
(36, 5, 52)
(36, 6, 40)
(36, 7, 36)
(36, 8, 31)
(36, 9, 25)
(36, 10, 22)
(36, 11, 21)
(36, 12, 21)
(36, 13, 18)
(36, 14, 16)
(36, 15, 14)
(36, 16, 14)
(36, 17, 13)
(36, 18, 12)
(36, 19, 11)
(36, 20, 11)
(36, 21, 11)
(36, 22, 11)
(36, 23, 6)
(36, 24, 6)
(36, 25, 6)
(36, 26, 6)
(36, 27, 5)
(36, 28, 4)
(36, 29, 4)
(36, 30, 3)
(36, 31, 3)
(36, 32, 3)
(36, 33, 3)
(36, 34, 3)
(36, 35, 3)
(36, 36, 2)
(36, 37, 1)
(36, 38, 1)
(36, 39, 1)

(37, 0, 206)
(37, 1, 162)
(37, 2, 125)
(37, 3, 93)
(37, 4, 76)
(37, 5, 52)
(37, 6, 40)
(37, 7, 36)
(37, 8, 31)
(37, 9, 25)
(37, 10, 22)
(37, 11, 21)
(37, 12, 21)
(37, 13, 18)
(37, 14, 16)
(37, 15, 14)
(37, 16, 14)
(37, 17, 13)
(37, 18, 12)
(37, 19, 11)
(37, 20, 11)
(37, 21, 11)
(37, 22, 11)
(37, 23, 6)
(37, 24, 6)
(37, 25, 6)
(37, 26, 6)
(37, 27, 5)
(37, 28, 4)
(37, 29, 4)
(37, 30, 3)
(37, 31, 3)
(37, 32, 3)
(37, 33, 3)
(37, 34, 3)
(37, 35, 3)
(37, 36, 2)
(37, 37, 1)
(37, 38, 1)
(37, 39, 1)

(38, 0, 206)
(38, 1, 162)
(38, 2, 125)
(38, 3, 93)
(38, 4, 76)
(38, 5, 52)
(38, 6, 40)
(38, 7, 36)
(38, 8, 31)
(38, 9, 25)
(38, 10, 22)
(38, 11, 21)
(38, 12, 21)
(38, 13, 18)
(38, 14, 16)
(38, 15, 14)
(38, 16, 14)
(38, 17, 13)
(38, 18, 12)
(38, 19, 11)
(38, 20, 11)
(38, 21, 11)
(38, 22, 11)
(38, 23, 6)
(38, 24, 6)
(38, 25, 6)
(38, 26, 6)
(38, 27, 5)
(38, 28, 4)
(38, 29, 4)
(38, 30, 3)
(38, 31, 3)
(38, 32, 3)
(38, 33, 3)
(38, 34, 3)
(38, 35, 3)
(38, 36, 2)
(38, 37, 1)
(38, 38, 1)
(38, 39, 1)

(39, 0, 210)
(39, 1, 163)
(39, 2, 126)
(39, 3, 94)
(39, 4, 77)
(39, 5, 53)
(39, 6, 41)
(39, 7, 37)
(39, 8, 32)
(39, 9, 26)
(39, 10, 23)
(39, 11, 22)
(39, 12, 22)
(39, 13, 19)
(39, 14, 17)
(39, 15, 15)
(39, 16, 15)
(39, 17, 14)
(39, 18, 13)
(39, 19, 12)
(39, 20, 12)
(39, 21, 12)
(39, 22, 11)
(39, 23, 5)
(39, 24, 5)
(39, 25, 5)
(39, 26, 5)
(39, 27, 4)
(39, 28, 3)
(39, 29, 3)
(39, 30, 2)
(39, 31, 2)
(39, 32, 2)
(39, 33, 2)
(39, 34, 2)
(39, 35, 2)
(39, 36, 1)
(39, 37, 1)
(39, 38, 1)
(39, 39, 1)


Betti numbers:
xi_0:
(0, 0, 1)
(2, 0, 3)
(5, 0, 2)
(10, 0, 1)
(11, 0, 3)
(12, 0, 3)
(13, 0, 8)
(14, 0, 8)
(15, 0, 11)
(16, 0, 12)
(17, 0, 10)
(18, 0, 11)
(19, 0, 10)
(20, 0, 6)
(21, 0, 16)
(22, 0, 5)
(23, 0, 9)
(24, 0, 12)
(25, 0, 10)
(26, 0, 11)
(27, 0, 14)
(28, 0, 6)
(29, 0, 5)
(30, 0, 10)
(31, 0, 14)
(32, 0, 4)
(33, 0, 1)
(39, 0, 4)
xi_1:
(2, 3, 1)
(2, 19, 1)
(2, 28, 1)
(5, 18, 1)
(5, 27, 1)
(10, 31, 1)
(11, 7, 1)
(11, 14, 1)
(11, 21, 1)
(12, 3, 1)
(12, 8, 1)
(12, 13, 2)
(12, 18, 1)
(13, 3, 1)
(13, 5, 3)
(13, 6, 2)
(13, 9, 1)
(13, 12, 1)
(13, 16, 1)
(13, 17, 1)
(13, 30, 1)
(14, 1, 3)
(14, 3, 1)
(14, 5, 3)
(14, 6, 1)
(14, 10, 1)
(15, 1, 2)
(15, 2, 4)
(15, 3, 1)
(15, 4, 3)
(15, 6, 2)
(15, 7, 1)
(15, 8, 1)
(15, 15, 1)
(16, 1, 4)
(16, 2, 2)
(16, 3, 2)
(16, 4, 2)
(16, 5, 2)
(16, 6, 1)
(16, 11, 1)
(16, 17, 1)
(17, 1, 2)
(17, 2, 1)
(17, 3, 4)
(17, 4, 1)
(17, 5, 1)
(17, 14, 2)
(17, 18, 1)
(18, 1, 2)
(18, 3, 2)
(18, 4, 1)
(18, 5, 3)
(18, 6, 2)
(18, 9, 1)
(18, 11, 1)
(18, 13, 1)
(18, 14, 2)
(19, 1, 2)
(19, 2, 3)
(19, 3, 2)
(19, 5, 3)
(19, 7, 1)
(19, 16, 1)
(20, 1, 1)
(20, 2, 3)
(20, 4, 2)
(20, 5, 1)
(20, 10, 1)
(21, 1, 4)
(21, 2, 2)
(21, 3, 3)
(21, 4, 1)
(21, 5, 2)
(21, 6, 1)
(21, 9, 1)
(21, 10, 2)
(21, 11, 2)
(21, 13, 1)
(22, 1, 1)
(22, 2, 1)
(22, 4, 1)
(22, 5, 1)
(22, 6, 1)
(22, 9, 1)
(23, 1, 1)
(23, 3, 1)
(23, 4, 2)
(23, 5, 1)
(23, 6, 1)
(23, 12, 2)
(23, 14, 1)
(23, 27, 1)
(23, 38, 1)
(24, 1, 3)
(24, 2, 2)
(24, 3, 1)
(24, 4, 1)
(24, 5, 1)
(24, 6, 1)
(24, 7, 1)
(24, 8, 2)
(24, 9, 3)
(24, 12, 1)
(24, 17, 1)
(25, 1, 4)
(25, 3, 2)
(25, 4, 2)
(25, 5, 3)
(25, 6, 2)
(25, 8, 1)
(25, 23, 1)
(25, 36, 1)
(26, 1, 2)
(26, 2, 5)
(26, 3, 2)
(26, 5, 3)
(26, 6, 2)
(27, 1, 4)
(27, 2, 5)
(27, 3, 1)
(27, 5, 1)
(27, 7, 1)
(27, 9, 1)
(27, 15, 1)
(27, 23, 2)
(28, 1, 1)
(28, 2, 2)
(28, 3, 2)
(28, 6, 1)
(29, 1, 1)
(29, 2, 1)
(29, 3, 2)
(29, 4, 1)
(29, 5, 1)
(29, 6, 1)
(29, 8, 1)
(30, 1, 4)
(30, 3, 1)
(30, 4, 2)
(30, 5, 1)
(30, 7, 2)
(31, 1, 3)
(31, 2, 6)
(31, 3, 2)
(31, 5, 1)
(31, 6, 1)
(31, 23, 1)
(31, 37, 1)
(32, 6, 3)
(32, 23, 1)
(33, 13, 1)
(33, 36, 1)
(39, 1, 3)
(39, 22, 1)
(39, 23, 1)
xi_2:
(12, 14, 1)
(12, 21, 1)
(13, 13, 2)
(13, 31, 1)
(14, 12, 1)
(15, 5, 3)
(15, 17, 1)
(16, 5, 1)
(16, 6, 1)
(16, 18, 1)
(17, 5, 1)
(17, 17, 1)
(18, 6, 2)
(18, 11, 1)
(18, 18, 1)
(19, 6, 2)
(20, 7, 1)
(20, 11, 1)
(21, 10, 1)
(21, 14, 1)
(21, 16, 1)
(22, 11, 1)
(23, 5, 1)
(23, 16, 1)
(24, 4, 1)
(24, 12, 2)
(24, 14, 2)
(25, 5, 1)
(25, 6, 2)
(25, 12, 1)
(25, 27, 1)
(25, 38, 1)
(26, 6, 1)
(26, 8, 1)
(26, 9, 1)
(27, 6, 1)
(27, 36, 1)
(29, 6, 1)
(29, 7, 1)
(29, 9, 1)
(31, 4, 1)
(31, 7, 1)
(39, 37, 1)
