x-grades
-108435821455716441/80000000000000000
-53427674519845497/40000000000000000
-105274876623665547/80000000000000000
-1036944042076401/800000000000000
-102113931791614653/80000000000000000
-50266729687794603/40000000000000000
-98952986959563759/80000000000000000
-12171564317942289/10000000000000000
-19158408425502573/16000000000000000
-47105784855743709/40000000000000000
-92631097295461971/80000000000000000
-22762656219859131/20000000000000000
-89470152463411077/80000000000000000
-8788968004738563/8000000000000000
-86309207631360183/80000000000000000
-5295545950958421/5000000000000000
-83148262799309289/80000000000000000
-40783895191641921/40000000000000000
-15997463593451679/16000000000000000
-19601711387808237/20000000000000000
-76826373135207501/80000000000000000
-37622950359591027/40000000000000000
-73665428303156607/80000000000000000
-1802123897178279/2000000000000000
-70504483471105713/80000000000000000
-34462005527540133/40000000000000000
-67343538639054819/80000000000000000
-16440766555757343/20000000000000000
-2567303752280157/3200000000000000
-31301060695489239/40000000000000000
-61021648974953031/80000000000000000
-1857536767466487/2500000000000000
-57860704142902137/80000000000000000
-5628023172687669/8000000000000000
-54699759310851243/80000000000000000
-13279821723706449/20000000000000000
-51538814478800349/80000000000000000
-24979171031387451/40000000000000000
-9675573929349891/16000000000000000
-5849674653840501/10000000000000000

y-grades
9477163/40000000
9477163/20000000
28431489/40000000
9477163/10000000
9477163/8000000
28431489/20000000
66340141/40000000
9477163/5000000
85294467/40000000
9477163/4000000
104248793/40000000
28431489/10000000
123203119/40000000
66340141/20000000
28431489/8000000
9477163/2500000
161111771/40000000
85294467/20000000
180066097/40000000
9477163/2000000
199020423/40000000
104248793/20000000
217974749/40000000
28431489/5000000
9477163/1600000
123203119/20000000
255883401/40000000
66340141/10000000
274837727/40000000
28431489/4000000
293792053/40000000
9477163/1250000
312746379/40000000
161111771/20000000
66340141/8000000
85294467/10000000
350655031/40000000
180066097/20000000
369609357/40000000
9477163/1000000

Dimensions > 0:
(0, 0, 3)
(0, 1, 3)
(0, 2, 3)
(0, 3, 3)
(0, 4, 1)
(0, 5, 1)
(0, 6, 1)
(0, 7, 1)
(0, 8, 1)
(0, 9, 1)
(0, 10, 1)
(0, 11, 1)
(0, 12, 1)
(0, 13, 1)
(0, 14, 1)
(0, 15, 1)
(0, 16, 1)
(0, 17, 1)
(0, 18, 1)
(0, 19, 1)
(0, 20, 1)
(0, 21, 1)
(0, 22, 1)
(0, 23, 1)
(0, 24, 1)
(0, 25, 1)
(0, 26, 1)
(0, 27, 1)
(0, 28, 1)
(0, 29, 1)
(0, 30, 1)
(0, 31, 1)
(0, 32, 1)
(0, 33, 1)
(0, 34, 1)
(0, 35, 1)
(0, 36, 1)
(0, 37, 1)
(0, 38, 1)
(0, 39, 1)

(1, 0, 4)
(1, 1, 4)
(1, 2, 4)
(1, 3, 4)
(1, 4, 1)
(1, 5, 1)
(1, 6, 1)
(1, 7, 1)
(1, 8, 1)
(1, 9, 1)
(1, 10, 1)
(1, 11, 1)
(1, 12, 1)
(1, 13, 1)
(1, 14, 1)
(1, 15, 1)
(1, 16, 1)
(1, 17, 1)
(1, 18, 1)
(1, 19, 1)
(1, 20, 1)
(1, 21, 1)
(1, 22, 1)
(1, 23, 1)
(1, 24, 1)
(1, 25, 1)
(1, 26, 1)
(1, 27, 1)
(1, 28, 1)
(1, 29, 1)
(1, 30, 1)
(1, 31, 1)
(1, 32, 1)
(1, 33, 1)
(1, 34, 1)
(1, 35, 1)
(1, 36, 1)
(1, 37, 1)
(1, 38, 1)
(1, 39, 1)

(2, 0, 6)
(2, 1, 6)
(2, 2, 6)
(2, 3, 6)
(2, 4, 3)
(2, 5, 3)
(2, 6, 2)
(2, 7, 2)
(2, 8, 1)
(2, 9, 1)
(2, 10, 1)
(2, 11, 1)
(2, 12, 1)
(2, 13, 1)
(2, 14, 1)
(2, 15, 1)
(2, 16, 1)
(2, 17, 1)
(2, 18, 1)
(2, 19, 1)
(2, 20, 1)
(2, 21, 1)
(2, 22, 1)
(2, 23, 1)
(2, 24, 1)
(2, 25, 1)
(2, 26, 1)
(2, 27, 1)
(2, 28, 1)
(2, 29, 1)
(2, 30, 1)
(2, 31, 1)
(2, 32, 1)
(2, 33, 1)
(2, 34, 1)
(2, 35, 1)
(2, 36, 1)
(2, 37, 1)
(2, 38, 1)
(2, 39, 1)

(3, 0, 9)
(3, 1, 9)
(3, 2, 9)
(3, 3, 9)
(3, 4, 4)
(3, 5, 3)
(3, 6, 3)
(3, 7, 3)
(3, 8, 2)
(3, 9, 2)
(3, 10, 2)
(3, 11, 2)
(3, 12, 2)
(3, 13, 2)
(3, 14, 2)
(3, 15, 2)
(3, 16, 2)
(3, 17, 2)
(3, 18, 2)
(3, 19, 2)
(3, 20, 2)
(3, 21, 2)
(3, 22, 2)
(3, 23, 2)
(3, 24, 2)
(3, 25, 2)
(3, 26, 2)
(3, 27, 2)
(3, 28, 2)
(3, 29, 2)
(3, 30, 2)
(3, 31, 2)
(3, 32, 2)
(3, 33, 2)
(3, 34, 2)
(3, 35, 2)
(3, 36, 2)
(3, 37, 2)
(3, 38, 2)
(3, 39, 2)

(4, 0, 11)
(4, 1, 11)
(4, 2, 11)
(4, 3, 11)
(4, 4, 4)
(4, 5, 3)
(4, 6, 3)
(4, 7, 3)
(4, 8, 2)
(4, 9, 2)
(4, 10, 2)
(4, 11, 2)
(4, 12, 2)
(4, 13, 2)
(4, 14, 2)
(4, 15, 2)
(4, 16, 2)
(4, 17, 2)
(4, 18, 2)
(4, 19, 2)
(4, 20, 2)
(4, 21, 2)
(4, 22, 2)
(4, 23, 2)
(4, 24, 2)
(4, 25, 2)
(4, 26, 2)
(4, 27, 2)
(4, 28, 2)
(4, 29, 2)
(4, 30, 2)
(4, 31, 2)
(4, 32, 2)
(4, 33, 2)
(4, 34, 2)
(4, 35, 2)
(4, 36, 2)
(4, 37, 2)
(4, 38, 2)
(4, 39, 2)

(5, 0, 12)
(5, 1, 12)
(5, 2, 12)
(5, 3, 12)
(5, 4, 5)
(5, 5, 4)
(5, 6, 4)
(5, 7, 4)
(5, 8, 2)
(5, 9, 2)
(5, 10, 2)
(5, 11, 2)
(5, 12, 2)
(5, 13, 2)
(5, 14, 2)
(5, 15, 2)
(5, 16, 2)
(5, 17, 2)
(5, 18, 2)
(5, 19, 2)
(5, 20, 2)
(5, 21, 2)
(5, 22, 2)
(5, 23, 2)
(5, 24, 2)
(5, 25, 2)
(5, 26, 2)
(5, 27, 2)
(5, 28, 2)
(5, 29, 2)
(5, 30, 2)
(5, 31, 2)
(5, 32, 2)
(5, 33, 2)
(5, 34, 2)
(5, 35, 2)
(5, 36, 2)
(5, 37, 2)
(5, 38, 2)
(5, 39, 2)

(6, 0, 14)
(6, 1, 14)
(6, 2, 14)
(6, 3, 14)
(6, 4, 6)
(6, 5, 4)
(6, 6, 4)
(6, 7, 4)
(6, 8, 2)
(6, 9, 2)
(6, 10, 2)
(6, 11, 2)
(6, 12, 2)
(6, 13, 2)
(6, 14, 2)
(6, 15, 2)
(6, 16, 2)
(6, 17, 2)
(6, 18, 2)
(6, 19, 2)
(6, 20, 2)
(6, 21, 2)
(6, 22, 2)
(6, 23, 2)
(6, 24, 2)
(6, 25, 2)
(6, 26, 2)
(6, 27, 2)
(6, 28, 2)
(6, 29, 2)
(6, 30, 2)
(6, 31, 2)
(6, 32, 2)
(6, 33, 2)
(6, 34, 2)
(6, 35, 2)
(6, 36, 2)
(6, 37, 2)
(6, 38, 2)
(6, 39, 2)

(7, 0, 14)
(7, 1, 14)
(7, 2, 14)
(7, 3, 14)
(7, 4, 6)
(7, 5, 4)
(7, 6, 4)
(7, 7, 4)
(7, 8, 2)
(7, 9, 2)
(7, 10, 2)
(7, 11, 2)
(7, 12, 2)
(7, 13, 2)
(7, 14, 2)
(7, 15, 2)
(7, 16, 2)
(7, 17, 2)
(7, 18, 2)
(7, 19, 2)
(7, 20, 2)
(7, 21, 2)
(7, 22, 2)
(7, 23, 2)
(7, 24, 2)
(7, 25, 2)
(7, 26, 2)
(7, 27, 2)
(7, 28, 2)
(7, 29, 2)
(7, 30, 2)
(7, 31, 2)
(7, 32, 2)
(7, 33, 2)
(7, 34, 2)
(7, 35, 2)
(7, 36, 2)
(7, 37, 2)
(7, 38, 2)
(7, 39, 2)

(8, 0, 16)
(8, 1, 16)
(8, 2, 16)
(8, 3, 16)
(8, 4, 8)
(8, 5, 6)
(8, 6, 6)
(8, 7, 6)
(8, 8, 3)
(8, 9, 3)
(8, 10, 3)
(8, 11, 3)
(8, 12, 3)
(8, 13, 3)
(8, 14, 3)
(8, 15, 3)
(8, 16, 3)
(8, 17, 3)
(8, 18, 3)
(8, 19, 3)
(8, 20, 3)
(8, 21, 3)
(8, 22, 3)
(8, 23, 3)
(8, 24, 3)
(8, 25, 3)
(8, 26, 3)
(8, 27, 3)
(8, 28, 3)
(8, 29, 3)
(8, 30, 3)
(8, 31, 3)
(8, 32, 3)
(8, 33, 3)
(8, 34, 3)
(8, 35, 3)
(8, 36, 3)
(8, 37, 3)
(8, 38, 3)
(8, 39, 3)

(9, 0, 19)
(9, 1, 19)
(9, 2, 19)
(9, 3, 19)
(9, 4, 8)
(9, 5, 6)
(9, 6, 6)
(9, 7, 6)
(9, 8, 3)
(9, 9, 3)
(9, 10, 3)
(9, 11, 3)
(9, 12, 3)
(9, 13, 3)
(9, 14, 3)
(9, 15, 3)
(9, 16, 3)
(9, 17, 3)
(9, 18, 3)
(9, 19, 3)
(9, 20, 3)
(9, 21, 3)
(9, 22, 3)
(9, 23, 3)
(9, 24, 3)
(9, 25, 3)
(9, 26, 3)
(9, 27, 3)
(9, 28, 3)
(9, 29, 3)
(9, 30, 3)
(9, 31, 3)
(9, 32, 3)
(9, 33, 3)
(9, 34, 3)
(9, 35, 3)
(9, 36, 3)
(9, 37, 3)
(9, 38, 3)
(9, 39, 3)

(10, 0, 19)
(10, 1, 19)
(10, 2, 19)
(10, 3, 19)
(10, 4, 8)
(10, 5, 6)
(10, 6, 6)
(10, 7, 6)
(10, 8, 3)
(10, 9, 3)
(10, 10, 3)
(10, 11, 3)
(10, 12, 3)
(10, 13, 3)
(10, 14, 3)
(10, 15, 3)
(10, 16, 3)
(10, 17, 3)
(10, 18, 3)
(10, 19, 3)
(10, 20, 3)
(10, 21, 3)
(10, 22, 3)
(10, 23, 3)
(10, 24, 3)
(10, 25, 3)
(10, 26, 3)
(10, 27, 3)
(10, 28, 3)
(10, 29, 3)
(10, 30, 3)
(10, 31, 3)
(10, 32, 3)
(10, 33, 3)
(10, 34, 3)
(10, 35, 3)
(10, 36, 3)
(10, 37, 3)
(10, 38, 3)
(10, 39, 3)

(11, 0, 25)
(11, 1, 25)
(11, 2, 25)
(11, 3, 25)
(11, 4, 11)
(11, 5, 9)
(11, 6, 8)
(11, 7, 8)
(11, 8, 4)
(11, 9, 4)
(11, 10, 4)
(11, 11, 4)
(11, 12, 4)
(11, 13, 4)
(11, 14, 4)
(11, 15, 4)
(11, 16, 4)
(11, 17, 4)
(11, 18, 4)
(11, 19, 4)
(11, 20, 4)
(11, 21, 4)
(11, 22, 4)
(11, 23, 4)
(11, 24, 4)
(11, 25, 4)
(11, 26, 4)
(11, 27, 4)
(11, 28, 4)
(11, 29, 4)
(11, 30, 4)
(11, 31, 4)
(11, 32, 4)
(11, 33, 4)
(11, 34, 4)
(11, 35, 4)
(11, 36, 4)
(11, 37, 4)
(11, 38, 4)
(11, 39, 4)

(12, 0, 26)
(12, 1, 26)
(12, 2, 26)
(12, 3, 26)
(12, 4, 11)
(12, 5, 8)
(12, 6, 8)
(12, 7, 8)
(12, 8, 4)
(12, 9, 4)
(12, 10, 4)
(12, 11, 4)
(12, 12, 4)
(12, 13, 4)
(12, 14, 4)
(12, 15, 4)
(12, 16, 4)
(12, 17, 4)
(12, 18, 4)
(12, 19, 4)
(12, 20, 4)
(12, 21, 4)
(12, 22, 4)
(12, 23, 4)
(12, 24, 4)
(12, 25, 4)
(12, 26, 4)
(12, 27, 4)
(12, 28, 4)
(12, 29, 4)
(12, 30, 4)
(12, 31, 4)
(12, 32, 4)
(12, 33, 4)
(12, 34, 4)
(12, 35, 4)
(12, 36, 4)
(12, 37, 4)
(12, 38, 4)
(12, 39, 4)

(13, 0, 26)
(13, 1, 26)
(13, 2, 26)
(13, 3, 26)
(13, 4, 11)
(13, 5, 8)
(13, 6, 8)
(13, 7, 8)
(13, 8, 4)
(13, 9, 4)
(13, 10, 4)
(13, 11, 4)
(13, 12, 4)
(13, 13, 4)
(13, 14, 4)
(13, 15, 4)
(13, 16, 4)
(13, 17, 4)
(13, 18, 4)
(13, 19, 4)
(13, 20, 4)
(13, 21, 4)
(13, 22, 4)
(13, 23, 4)
(13, 24, 4)
(13, 25, 4)
(13, 26, 4)
(13, 27, 4)
(13, 28, 4)
(13, 29, 4)
(13, 30, 4)
(13, 31, 4)
(13, 32, 4)
(13, 33, 4)
(13, 34, 4)
(13, 35, 4)
(13, 36, 4)
(13, 37, 4)
(13, 38, 4)
(13, 39, 4)

(14, 0, 29)
(14, 1, 29)
(14, 2, 29)
(14, 3, 29)
(14, 4, 13)
(14, 5, 9)
(14, 6, 9)
(14, 7, 9)
(14, 8, 4)
(14, 9, 4)
(14, 10, 4)
(14, 11, 4)
(14, 12, 4)
(14, 13, 4)
(14, 14, 4)
(14, 15, 4)
(14, 16, 4)
(14, 17, 4)
(14, 18, 4)
(14, 19, 4)
(14, 20, 4)
(14, 21, 4)
(14, 22, 4)
(14, 23, 4)
(14, 24, 4)
(14, 25, 4)
(14, 26, 4)
(14, 27, 4)
(14, 28, 4)
(14, 29, 4)
(14, 30, 4)
(14, 31, 4)
(14, 32, 4)
(14, 33, 4)
(14, 34, 4)
(14, 35, 4)
(14, 36, 4)
(14, 37, 4)
(14, 38, 4)
(14, 39, 4)

(15, 0, 29)
(15, 1, 29)
(15, 2, 29)
(15, 3, 29)
(15, 4, 13)
(15, 5, 9)
(15, 6, 9)
(15, 7, 9)
(15, 8, 4)
(15, 9, 4)
(15, 10, 4)
(15, 11, 4)
(15, 12, 4)
(15, 13, 4)
(15, 14, 4)
(15, 15, 4)
(15, 16, 4)
(15, 17, 4)
(15, 18, 4)
(15, 19, 4)
(15, 20, 4)
(15, 21, 4)
(15, 22, 4)
(15, 23, 4)
(15, 24, 4)
(15, 25, 4)
(15, 26, 4)
(15, 27, 4)
(15, 28, 4)
(15, 29, 4)
(15, 30, 4)
(15, 31, 4)
(15, 32, 4)
(15, 33, 4)
(15, 34, 4)
(15, 35, 4)
(15, 36, 4)
(15, 37, 4)
(15, 38, 4)
(15, 39, 4)

(16, 0, 30)
(16, 1, 30)
(16, 2, 30)
(16, 3, 30)
(16, 4, 14)
(16, 5, 10)
(16, 6, 10)
(16, 7, 10)
(16, 8, 4)
(16, 9, 4)
(16, 10, 4)
(16, 11, 4)
(16, 12, 4)
(16, 13, 4)
(16, 14, 4)
(16, 15, 4)
(16, 16, 4)
(16, 17, 4)
(16, 18, 4)
(16, 19, 4)
(16, 20, 4)
(16, 21, 4)
(16, 22, 4)
(16, 23, 4)
(16, 24, 4)
(16, 25, 4)
(16, 26, 4)
(16, 27, 4)
(16, 28, 4)
(16, 29, 4)
(16, 30, 4)
(16, 31, 4)
(16, 32, 4)
(16, 33, 4)
(16, 34, 4)
(16, 35, 4)
(16, 36, 4)
(16, 37, 4)
(16, 38, 4)
(16, 39, 4)

(17, 0, 33)
(17, 1, 33)
(17, 2, 33)
(17, 3, 33)
(17, 4, 16)
(17, 5, 12)
(17, 6, 12)
(17, 7, 12)
(17, 8, 6)
(17, 9, 6)
(17, 10, 6)
(17, 11, 6)
(17, 12, 6)
(17, 13, 6)
(17, 14, 6)
(17, 15, 6)
(17, 16, 6)
(17, 17, 6)
(17, 18, 6)
(17, 19, 6)
(17, 20, 6)
(17, 21, 6)
(17, 22, 6)
(17, 23, 6)
(17, 24, 6)
(17, 25, 6)
(17, 26, 6)
(17, 27, 6)
(17, 28, 6)
(17, 29, 6)
(17, 30, 6)
(17, 31, 6)
(17, 32, 6)
(17, 33, 6)
(17, 34, 5)
(17, 35, 5)
(17, 36, 5)
(17, 37, 5)
(17, 38, 5)
(17, 39, 5)

(18, 0, 34)
(18, 1, 34)
(18, 2, 34)
(18, 3, 33)
(18, 4, 16)
(18, 5, 12)
(18, 6, 12)
(18, 7, 12)
(18, 8, 6)
(18, 9, 6)
(18, 10, 6)
(18, 11, 6)
(18, 12, 6)
(18, 13, 6)
(18, 14, 6)
(18, 15, 6)
(18, 16, 6)
(18, 17, 6)
(18, 18, 6)
(18, 19, 6)
(18, 20, 6)
(18, 21, 6)
(18, 22, 6)
(18, 23, 6)
(18, 24, 6)
(18, 25, 6)
(18, 26, 6)
(18, 27, 6)
(18, 28, 6)
(18, 29, 6)
(18, 30, 6)
(18, 31, 6)
(18, 32, 6)
(18, 33, 6)
(18, 34, 5)
(18, 35, 5)
(18, 36, 5)
(18, 37, 5)
(18, 38, 5)
(18, 39, 5)

(19, 0, 34)
(19, 1, 34)
(19, 2, 34)
(19, 3, 33)
(19, 4, 16)
(19, 5, 12)
(19, 6, 12)
(19, 7, 12)
(19, 8, 6)
(19, 9, 6)
(19, 10, 6)
(19, 11, 6)
(19, 12, 6)
(19, 13, 6)
(19, 14, 6)
(19, 15, 6)
(19, 16, 6)
(19, 17, 6)
(19, 18, 6)
(19, 19, 6)
(19, 20, 6)
(19, 21, 6)
(19, 22, 6)
(19, 23, 6)
(19, 24, 6)
(19, 25, 6)
(19, 26, 6)
(19, 27, 6)
(19, 28, 6)
(19, 29, 6)
(19, 30, 6)
(19, 31, 6)
(19, 32, 6)
(19, 33, 6)
(19, 34, 5)
(19, 35, 5)
(19, 36, 5)
(19, 37, 5)
(19, 38, 5)
(19, 39, 5)

(20, 0, 34)
(20, 1, 34)
(20, 2, 34)
(20, 3, 33)
(20, 4, 16)
(20, 5, 12)
(20, 6, 12)
(20, 7, 12)
(20, 8, 6)
(20, 9, 6)
(20, 10, 6)
(20, 11, 6)
(20, 12, 6)
(20, 13, 6)
(20, 14, 6)
(20, 15, 6)
(20, 16, 6)
(20, 17, 6)
(20, 18, 6)
(20, 19, 6)
(20, 20, 6)
(20, 21, 6)
(20, 22, 6)
(20, 23, 6)
(20, 24, 6)
(20, 25, 6)
(20, 26, 6)
(20, 27, 6)
(20, 28, 6)
(20, 29, 6)
(20, 30, 6)
(20, 31, 6)
(20, 32, 6)
(20, 33, 6)
(20, 34, 5)
(20, 35, 5)
(20, 36, 5)
(20, 37, 5)
(20, 38, 5)
(20, 39, 5)

(21, 0, 38)
(21, 1, 36)
(21, 2, 35)
(21, 3, 34)
(21, 4, 17)
(21, 5, 13)
(21, 6, 13)
(21, 7, 13)
(21, 8, 7)
(21, 9, 7)
(21, 10, 7)
(21, 11, 7)
(21, 12, 7)
(21, 13, 7)
(21, 14, 7)
(21, 15, 7)
(21, 16, 7)
(21, 17, 7)
(21, 18, 7)
(21, 19, 7)
(21, 20, 7)
(21, 21, 7)
(21, 22, 7)
(21, 23, 7)
(21, 24, 7)
(21, 25, 7)
(21, 26, 7)
(21, 27, 7)
(21, 28, 7)
(21, 29, 7)
(21, 30, 7)
(21, 31, 7)
(21, 32, 7)
(21, 33, 7)
(21, 34, 6)
(21, 35, 6)
(21, 36, 6)
(21, 37, 6)
(21, 38, 6)
(21, 39, 6)

(22, 0, 38)
(22, 1, 36)
(22, 2, 35)
(22, 3, 34)
(22, 4, 17)
(22, 5, 13)
(22, 6, 13)
(22, 7, 13)
(22, 8, 7)
(22, 9, 7)
(22, 10, 7)
(22, 11, 7)
(22, 12, 7)
(22, 13, 7)
(22, 14, 7)
(22, 15, 7)
(22, 16, 7)
(22, 17, 7)
(22, 18, 7)
(22, 19, 7)
(22, 20, 7)
(22, 21, 7)
(22, 22, 7)
(22, 23, 7)
(22, 24, 7)
(22, 25, 7)
(22, 26, 7)
(22, 27, 7)
(22, 28, 7)
(22, 29, 7)
(22, 30, 7)
(22, 31, 7)
(22, 32, 7)
(22, 33, 7)
(22, 34, 6)
(22, 35, 6)
(22, 36, 6)
(22, 37, 6)
(22, 38, 6)
(22, 39, 6)

(23, 0, 38)
(23, 1, 36)
(23, 2, 35)
(23, 3, 34)
(23, 4, 17)
(23, 5, 13)
(23, 6, 13)
(23, 7, 13)
(23, 8, 7)
(23, 9, 7)
(23, 10, 7)
(23, 11, 7)
(23, 12, 7)
(23, 13, 7)
(23, 14, 7)
(23, 15, 7)
(23, 16, 7)
(23, 17, 7)
(23, 18, 7)
(23, 19, 7)
(23, 20, 7)
(23, 21, 7)
(23, 22, 7)
(23, 23, 7)
(23, 24, 7)
(23, 25, 7)
(23, 26, 7)
(23, 27, 7)
(23, 28, 7)
(23, 29, 7)
(23, 30, 7)
(23, 31, 7)
(23, 32, 7)
(23, 33, 7)
(23, 34, 6)
(23, 35, 6)
(23, 36, 6)
(23, 37, 6)
(23, 38, 6)
(23, 39, 6)

(24, 0, 39)
(24, 1, 37)
(24, 2, 36)
(24, 3, 35)
(24, 4, 18)
(24, 5, 14)
(24, 6, 14)
(24, 7, 14)
(24, 8, 8)
(24, 9, 8)
(24, 10, 8)
(24, 11, 8)
(24, 12, 8)
(24, 13, 8)
(24, 14, 8)
(24, 15, 8)
(24, 16, 8)
(24, 17, 8)
(24, 18, 8)
(24, 19, 8)
(24, 20, 8)
(24, 21, 8)
(24, 22, 8)
(24, 23, 8)
(24, 24, 8)
(24, 25, 8)
(24, 26, 8)
(24, 27, 8)
(24, 28, 8)
(24, 29, 8)
(24, 30, 8)
(24, 31, 8)
(24, 32, 8)
(24, 33, 8)
(24, 34, 6)
(24, 35, 6)
(24, 36, 6)
(24, 37, 6)
(24, 38, 6)
(24, 39, 6)

(25, 0, 39)
(25, 1, 37)
(25, 2, 36)
(25, 3, 35)
(25, 4, 18)
(25, 5, 14)
(25, 6, 14)
(25, 7, 14)
(25, 8, 8)
(25, 9, 8)
(25, 10, 8)
(25, 11, 8)
(25, 12, 8)
(25, 13, 8)
(25, 14, 8)
(25, 15, 8)
(25, 16, 8)
(25, 17, 8)
(25, 18, 8)
(25, 19, 8)
(25, 20, 8)
(25, 21, 8)
(25, 22, 8)
(25, 23, 8)
(25, 24, 8)
(25, 25, 8)
(25, 26, 8)
(25, 27, 8)
(25, 28, 8)
(25, 29, 8)
(25, 30, 8)
(25, 31, 8)
(25, 32, 8)
(25, 33, 8)
(25, 34, 6)
(25, 35, 6)
(25, 36, 6)
(25, 37, 6)
(25, 38, 6)
(25, 39, 6)

(26, 0, 40)
(26, 1, 38)
(26, 2, 37)
(26, 3, 36)
(26, 4, 19)
(26, 5, 15)
(26, 6, 15)
(26, 7, 15)
(26, 8, 9)
(26, 9, 9)
(26, 10, 9)
(26, 11, 9)
(26, 12, 9)
(26, 13, 9)
(26, 14, 9)
(26, 15, 9)
(26, 16, 9)
(26, 17, 9)
(26, 18, 9)
(26, 19, 9)
(26, 20, 9)
(26, 21, 9)
(26, 22, 9)
(26, 23, 9)
(26, 24, 9)
(26, 25, 9)
(26, 26, 9)
(26, 27, 9)
(26, 28, 9)
(26, 29, 9)
(26, 30, 9)
(26, 31, 9)
(26, 32, 9)
(26, 33, 9)
(26, 34, 6)
(26, 35, 6)
(26, 36, 6)
(26, 37, 6)
(26, 38, 6)
(26, 39, 6)

(27, 0, 41)
(27, 1, 39)
(27, 2, 38)
(27, 3, 37)
(27, 4, 20)
(27, 5, 16)
(27, 6, 16)
(27, 7, 16)
(27, 8, 10)
(27, 9, 10)
(27, 10, 10)
(27, 11, 10)
(27, 12, 10)
(27, 13, 10)
(27, 14, 10)
(27, 15, 10)
(27, 16, 10)
(27, 17, 10)
(27, 18, 10)
(27, 19, 10)
(27, 20, 10)
(27, 21, 10)
(27, 22, 10)
(27, 23, 10)
(27, 24, 10)
(27, 25, 10)
(27, 26, 10)
(27, 27, 10)
(27, 28, 10)
(27, 29, 10)
(27, 30, 10)
(27, 31, 10)
(27, 32, 10)
(27, 33, 10)
(27, 34, 7)
(27, 35, 7)
(27, 36, 7)
(27, 37, 7)
(27, 38, 7)
(27, 39, 6)

(28, 0, 43)
(28, 1, 41)
(28, 2, 40)
(28, 3, 39)
(28, 4, 20)
(28, 5, 16)
(28, 6, 16)
(28, 7, 16)
(28, 8, 10)
(28, 9, 10)
(28, 10, 10)
(28, 11, 10)
(28, 12, 10)
(28, 13, 10)
(28, 14, 10)
(28, 15, 10)
(28, 16, 10)
(28, 17, 10)
(28, 18, 10)
(28, 19, 10)
(28, 20, 10)
(28, 21, 10)
(28, 22, 10)
(28, 23, 10)
(28, 24, 10)
(28, 25, 10)
(28, 26, 10)
(28, 27, 10)
(28, 28, 10)
(28, 29, 10)
(28, 30, 10)
(28, 31, 10)
(28, 32, 10)
(28, 33, 10)
(28, 34, 7)
(28, 35, 7)
(28, 36, 7)
(28, 37, 7)
(28, 38, 7)
(28, 39, 6)

(29, 0, 49)
(29, 1, 45)
(29, 2, 43)
(29, 3, 42)
(29, 4, 22)
(29, 5, 18)
(29, 6, 17)
(29, 7, 17)
(29, 8, 11)
(29, 9, 11)
(29, 10, 11)
(29, 11, 11)
(29, 12, 11)
(29, 13, 11)
(29, 14, 11)
(29, 15, 11)
(29, 16, 11)
(29, 17, 11)
(29, 18, 11)
(29, 19, 11)
(29, 20, 11)
(29, 21, 11)
(29, 22, 11)
(29, 23, 11)
(29, 24, 11)
(29, 25, 11)
(29, 26, 11)
(29, 27, 11)
(29, 28, 11)
(29, 29, 10)
(29, 30, 10)
(29, 31, 10)
(29, 32, 10)
(29, 33, 10)
(29, 34, 6)
(29, 35, 6)
(29, 36, 6)
(29, 37, 6)
(29, 38, 6)
(29, 39, 6)

(30, 0, 49)
(30, 1, 45)
(30, 2, 43)
(30, 3, 42)
(30, 4, 22)
(30, 5, 18)
(30, 6, 17)
(30, 7, 17)
(30, 8, 11)
(30, 9, 11)
(30, 10, 11)
(30, 11, 11)
(30, 12, 11)
(30, 13, 11)
(30, 14, 11)
(30, 15, 11)
(30, 16, 11)
(30, 17, 11)
(30, 18, 11)
(30, 19, 11)
(30, 20, 11)
(30, 21, 11)
(30, 22, 11)
(30, 23, 11)
(30, 24, 11)
(30, 25, 11)
(30, 26, 11)
(30, 27, 11)
(30, 28, 11)
(30, 29, 10)
(30, 30, 10)
(30, 31, 10)
(30, 32, 10)
(30, 33, 10)
(30, 34, 6)
(30, 35, 6)
(30, 36, 6)
(30, 37, 6)
(30, 38, 6)
(30, 39, 6)

(31, 0, 49)
(31, 1, 45)
(31, 2, 43)
(31, 3, 42)
(31, 4, 22)
(31, 5, 18)
(31, 6, 17)
(31, 7, 17)
(31, 8, 11)
(31, 9, 11)
(31, 10, 11)
(31, 11, 11)
(31, 12, 11)
(31, 13, 11)
(31, 14, 11)
(31, 15, 11)
(31, 16, 11)
(31, 17, 11)
(31, 18, 11)
(31, 19, 11)
(31, 20, 11)
(31, 21, 11)
(31, 22, 11)
(31, 23, 11)
(31, 24, 11)
(31, 25, 11)
(31, 26, 11)
(31, 27, 11)
(31, 28, 11)
(31, 29, 10)
(31, 30, 10)
(31, 31, 10)
(31, 32, 10)
(31, 33, 10)
(31, 34, 6)
(31, 35, 6)
(31, 36, 6)
(31, 37, 6)
(31, 38, 6)
(31, 39, 6)

(32, 0, 49)
(32, 1, 45)
(32, 2, 43)
(32, 3, 42)
(32, 4, 22)
(32, 5, 18)
(32, 6, 17)
(32, 7, 17)
(32, 8, 11)
(32, 9, 11)
(32, 10, 11)
(32, 11, 11)
(32, 12, 11)
(32, 13, 11)
(32, 14, 11)
(32, 15, 11)
(32, 16, 11)
(32, 17, 11)
(32, 18, 11)
(32, 19, 11)
(32, 20, 11)
(32, 21, 11)
(32, 22, 11)
(32, 23, 11)
(32, 24, 11)
(32, 25, 11)
(32, 26, 11)
(32, 27, 11)
(32, 28, 11)
(32, 29, 10)
(32, 30, 10)
(32, 31, 10)
(32, 32, 10)
(32, 33, 10)
(32, 34, 6)
(32, 35, 6)
(32, 36, 6)
(32, 37, 6)
(32, 38, 6)
(32, 39, 6)

(33, 0, 49)
(33, 1, 45)
(33, 2, 43)
(33, 3, 42)
(33, 4, 22)
(33, 5, 18)
(33, 6, 17)
(33, 7, 17)
(33, 8, 11)
(33, 9, 11)
(33, 10, 11)
(33, 11, 11)
(33, 12, 11)
(33, 13, 11)
(33, 14, 11)
(33, 15, 11)
(33, 16, 11)
(33, 17, 11)
(33, 18, 11)
(33, 19, 11)
(33, 20, 11)
(33, 21, 11)
(33, 22, 11)
(33, 23, 11)
(33, 24, 11)
(33, 25, 11)
(33, 26, 11)
(33, 27, 11)
(33, 28, 11)
(33, 29, 10)
(33, 30, 10)
(33, 31, 10)
(33, 32, 10)
(33, 33, 10)
(33, 34, 6)
(33, 35, 6)
(33, 36, 6)
(33, 37, 6)
(33, 38, 6)
(33, 39, 6)

(34, 0, 53)
(34, 1, 47)
(34, 2, 45)
(34, 3, 44)
(34, 4, 24)
(34, 5, 20)
(34, 6, 19)
(34, 7, 19)
(34, 8, 13)
(34, 9, 13)
(34, 10, 13)
(34, 11, 13)
(34, 12, 13)
(34, 13, 13)
(34, 14, 13)
(34, 15, 13)
(34, 16, 13)
(34, 17, 13)
(34, 18, 13)
(34, 19, 13)
(34, 20, 13)
(34, 21, 13)
(34, 22, 13)
(34, 23, 13)
(34, 24, 13)
(34, 25, 13)
(34, 26, 13)
(34, 27, 13)
(34, 28, 13)
(34, 29, 11)
(34, 30, 11)
(34, 31, 11)
(34, 32, 11)
(34, 33, 11)
(34, 34, 6)
(34, 35, 6)
(34, 36, 6)
(34, 37, 6)
(34, 38, 6)
(34, 39, 6)

(35, 0, 54)
(35, 1, 48)
(35, 2, 45)
(35, 3, 44)
(35, 4, 24)
(35, 5, 20)
(35, 6, 19)
(35, 7, 19)
(35, 8, 13)
(35, 9, 13)
(35, 10, 13)
(35, 11, 13)
(35, 12, 13)
(35, 13, 13)
(35, 14, 13)
(35, 15, 13)
(35, 16, 13)
(35, 17, 13)
(35, 18, 13)
(35, 19, 13)
(35, 20, 13)
(35, 21, 13)
(35, 22, 13)
(35, 23, 13)
(35, 24, 13)
(35, 25, 13)
(35, 26, 13)
(35, 27, 13)
(35, 28, 13)
(35, 29, 11)
(35, 30, 11)
(35, 31, 11)
(35, 32, 11)
(35, 33, 11)
(35, 34, 6)
(35, 35, 6)
(35, 36, 6)
(35, 37, 6)
(35, 38, 6)
(35, 39, 6)

(36, 0, 56)
(36, 1, 50)
(36, 2, 47)
(36, 3, 45)
(36, 4, 25)
(36, 5, 21)
(36, 6, 20)
(36, 7, 20)
(36, 8, 14)
(36, 9, 14)
(36, 10, 14)
(36, 11, 14)
(36, 12, 14)
(36, 13, 14)
(36, 14, 14)
(36, 15, 14)
(36, 16, 14)
(36, 17, 14)
(36, 18, 14)
(36, 19, 14)
(36, 20, 14)
(36, 21, 14)
(36, 22, 14)
(36, 23, 14)
(36, 24, 14)
(36, 25, 14)
(36, 26, 14)
(36, 27, 14)
(36, 28, 14)
(36, 29, 12)
(36, 30, 12)
(36, 31, 12)
(36, 32, 12)
(36, 33, 12)
(36, 34, 7)
(36, 35, 7)
(36, 36, 7)
(36, 37, 7)
(36, 38, 7)
(36, 39, 7)

(37, 0, 57)
(37, 1, 51)
(37, 2, 48)
(37, 3, 46)
(37, 4, 25)
(37, 5, 21)
(37, 6, 20)
(37, 7, 20)
(37, 8, 14)
(37, 9, 14)
(37, 10, 14)
(37, 11, 14)
(37, 12, 14)
(37, 13, 14)
(37, 14, 14)
(37, 15, 14)
(37, 16, 14)
(37, 17, 14)
(37, 18, 14)
(37, 19, 14)
(37, 20, 14)
(37, 21, 14)
(37, 22, 14)
(37, 23, 14)
(37, 24, 14)
(37, 25, 14)
(37, 26, 14)
(37, 27, 14)
(37, 28, 14)
(37, 29, 12)
(37, 30, 12)
(37, 31, 12)
(37, 32, 12)
(37, 33, 12)
(37, 34, 7)
(37, 35, 7)
(37, 36, 7)
(37, 37, 7)
(37, 38, 7)
(37, 39, 7)

(38, 0, 57)
(38, 1, 51)
(38, 2, 48)
(38, 3, 46)
(38, 4, 25)
(38, 5, 21)
(38, 6, 20)
(38, 7, 20)
(38, 8, 14)
(38, 9, 14)
(38, 10, 14)
(38, 11, 14)
(38, 12, 14)
(38, 13, 14)
(38, 14, 14)
(38, 15, 14)
(38, 16, 14)
(38, 17, 14)
(38, 18, 14)
(38, 19, 14)
(38, 20, 14)
(38, 21, 14)
(38, 22, 14)
(38, 23, 14)
(38, 24, 14)
(38, 25, 14)
(38, 26, 14)
(38, 27, 14)
(38, 28, 14)
(38, 29, 12)
(38, 30, 12)
(38, 31, 12)
(38, 32, 12)
(38, 33, 12)
(38, 34, 7)
(38, 35, 7)
(38, 36, 7)
(38, 37, 7)
(38, 38, 7)
(38, 39, 7)

(39, 0, 62)
(39, 1, 56)
(39, 2, 53)
(39, 3, 51)
(39, 4, 27)
(39, 5, 23)
(39, 6, 21)
(39, 7, 21)
(39, 8, 15)
(39, 9, 15)
(39, 10, 15)
(39, 11, 15)
(39, 12, 15)
(39, 13, 15)
(39, 14, 15)
(39, 15, 15)
(39, 16, 15)
(39, 17, 15)
(39, 18, 15)
(39, 19, 15)
(39, 20, 15)
(39, 21, 15)
(39, 22, 15)
(39, 23, 15)
(39, 24, 15)
(39, 25, 15)
(39, 26, 15)
(39, 27, 15)
(39, 28, 15)
(39, 29, 13)
(39, 30, 13)
(39, 31, 13)
(39, 32, 13)
(39, 33, 13)
(39, 34, 7)
(39, 35, 7)
(39, 36, 7)
(39, 37, 7)
(39, 38, 7)
(39, 39, 7)


Betti numbers:
xi_0:
(0, 0, 3)
(1, 0, 1)
(2, 0, 2)
(3, 0, 3)
(4, 0, 2)
(5, 0, 1)
(6, 0, 2)
(8, 0, 2)
(9, 0, 3)
(11, 0, 6)
(12, 0, 1)
(14, 0, 3)
(16, 0, 1)
(17, 0, 3)
(18, 0, 1)
(21, 0, 4)
(24, 0, 1)
(26, 0, 1)
(27, 0, 1)
(28, 0, 2)
(29, 0, 6)
(34, 0, 4)
(35, 0, 1)
(36, 0, 2)
(37, 0, 1)
(39, 0, 5)
xi_1:
(0, 4, 2)
(1, 4, 1)
(2, 6, 1)
(2, 8, 1)
(3, 4, 2)
(3, 5, 1)
(4, 4, 2)
(5, 8, 1)
(6, 4, 1)
(6, 5, 1)
(8, 8, 1)
(9, 4, 3)
(11, 4, 3)
(11, 6, 1)
(11, 8, 1)
(12, 4, 1)
(12, 5, 1)
(14, 4, 1)
(14, 5, 1)
(14, 8, 1)
(16, 8, 1)
(17, 4, 1)
(17, 34, 1)
(18, 3, 1)
(21, 1, 2)
(21, 2, 1)
(24, 34, 1)
(26, 34, 1)
(27, 39, 1)
(28, 4, 2)
(29, 1, 2)
(29, 2, 1)
(29, 4, 1)
(29, 6, 1)
(29, 29, 1)
(29, 34, 1)
(34, 1, 2)
(34, 29, 1)
(34, 34, 1)
(35, 2, 1)
(36, 3, 1)
(37, 4, 1)
(39, 4, 3)
(39, 6, 1)
(39, 34, 1)
xi_2:
(3, 6, 1)
(12, 6, 1)
(29, 39, 1)
