x-grades
-633224047688401019/1000000000000000000
-312060493674139719/500000000000000000
-615017927008157857/1000000000000000000
-151478716667009069/250000000000000000
-119362361265582939/200000000000000000
-293854372993896557/500000000000000000
-578605685647671533/1000000000000000000
-2224619630107617/3906250000000000
-560399564967428371/1000000000000000000
-55129650462730679/100000000000000000
-542193444287185209/1000000000000000000
-133272595986765907/250000000000000000
-523987323606942047/1000000000000000000
-257442131633410233/500000000000000000
-101156240585339777/200000000000000000
-62084767823322163/125000000000000000
-487575082246455723/1000000000000000000
-239236010953167071/500000000000000000
-469368961566212561/1000000000000000000
-23013295061304549/50000000000000000
-451162840885969399/1000000000000000000
-221029890272923909/500000000000000000
-432956720205726237/1000000000000000000
-26490853741600291/62500000000000000
-16590023981019323/40000000000000000
-202823769592680747/500000000000000000
-396544478845239913/1000000000000000000
-96860354626279583/250000000000000000
-378338358164996751/1000000000000000000
-36923529782487517/100000000000000000
-360132237484753589/1000000000000000000
-43878647143079001/125000000000000000
-341926116804510427/1000000000000000000
-166411528232194423/500000000000000000
-64743999224853453/200000000000000000
-78654233946036421/250000000000000000
-305513875444024103/1000000000000000000
-148205407551951261/500000000000000000
-287307754763780941/1000000000000000000
-1738779340147871/6250000000000000

y-grades
4999943/20000000
4999943/10000000
14999829/20000000
4999943/5000000
4999943/4000000
14999829/10000000
34999601/20000000
4999943/2500000
44999487/20000000
4999943/2000000
54999373/20000000
14999829/5000000
64999259/20000000
34999601/10000000
14999829/4000000
4999943/1250000
84999031/20000000
44999487/10000000
94998917/20000000
4999943/1000000
104998803/20000000
54999373/10000000
114998689/20000000
14999829/2500000
4999943/800000
64999259/10000000
134998461/20000000
34999601/5000000
144998347/20000000
14999829/2000000
154998233/20000000
4999943/625000
164998119/20000000
84999031/10000000
34999601/4000000
44999487/5000000
184997891/20000000
94998917/10000000
194997777/20000000
4999943/500000

Dimensions > 0:
(0, 0, 2)
(0, 1, 2)
(0, 2, 2)
(0, 3, 1)
(0, 4, 1)
(0, 5, 1)
(0, 6, 1)
(0, 7, 1)
(0, 8, 1)
(0, 9, 1)
(0, 10, 1)
(0, 11, 1)
(0, 12, 1)
(0, 13, 1)
(0, 14, 1)
(0, 15, 1)
(0, 16, 1)
(0, 17, 1)
(0, 18, 1)
(0, 19, 1)
(0, 20, 1)
(0, 21, 1)
(0, 22, 1)
(0, 23, 1)
(0, 24, 1)
(0, 25, 1)
(0, 26, 1)
(0, 27, 1)
(0, 28, 1)
(0, 29, 1)
(0, 30, 1)
(0, 31, 1)
(0, 32, 1)
(0, 33, 1)
(0, 34, 1)
(0, 35, 1)
(0, 36, 1)
(0, 37, 1)
(0, 38, 1)
(0, 39, 1)

(1, 0, 2)
(1, 1, 2)
(1, 2, 2)
(1, 3, 1)
(1, 4, 1)
(1, 5, 1)
(1, 6, 1)
(1, 7, 1)
(1, 8, 1)
(1, 9, 1)
(1, 10, 1)
(1, 11, 1)
(1, 12, 1)
(1, 13, 1)
(1, 14, 1)
(1, 15, 1)
(1, 16, 1)
(1, 17, 1)
(1, 18, 1)
(1, 19, 1)
(1, 20, 1)
(1, 21, 1)
(1, 22, 1)
(1, 23, 1)
(1, 24, 1)
(1, 25, 1)
(1, 26, 1)
(1, 27, 1)
(1, 28, 1)
(1, 29, 1)
(1, 30, 1)
(1, 31, 1)
(1, 32, 1)
(1, 33, 1)
(1, 34, 1)
(1, 35, 1)
(1, 36, 1)
(1, 37, 1)
(1, 38, 1)
(1, 39, 1)

(2, 0, 3)
(2, 1, 3)
(2, 2, 3)
(2, 3, 2)
(2, 4, 2)
(2, 5, 2)
(2, 6, 2)
(2, 7, 2)
(2, 8, 2)
(2, 9, 2)
(2, 10, 2)
(2, 11, 2)
(2, 12, 2)
(2, 13, 2)
(2, 14, 2)
(2, 15, 2)
(2, 16, 2)
(2, 17, 2)
(2, 18, 2)
(2, 19, 1)
(2, 20, 1)
(2, 21, 1)
(2, 22, 1)
(2, 23, 1)
(2, 24, 1)
(2, 25, 1)
(2, 26, 1)
(2, 27, 1)
(2, 28, 1)
(2, 29, 1)
(2, 30, 1)
(2, 31, 1)
(2, 32, 1)
(2, 33, 1)
(2, 34, 1)
(2, 35, 1)
(2, 36, 1)
(2, 37, 1)
(2, 38, 1)
(2, 39, 1)

(3, 0, 4)
(3, 1, 4)
(3, 2, 4)
(3, 3, 2)
(3, 4, 2)
(3, 5, 2)
(3, 6, 2)
(3, 7, 2)
(3, 8, 2)
(3, 9, 2)
(3, 10, 2)
(3, 11, 2)
(3, 12, 2)
(3, 13, 2)
(3, 14, 2)
(3, 15, 2)
(3, 16, 2)
(3, 17, 2)
(3, 18, 2)
(3, 19, 1)
(3, 20, 1)
(3, 21, 1)
(3, 22, 1)
(3, 23, 1)
(3, 24, 1)
(3, 25, 1)
(3, 26, 1)
(3, 27, 1)
(3, 28, 1)
(3, 29, 1)
(3, 30, 1)
(3, 31, 1)
(3, 32, 1)
(3, 33, 1)
(3, 34, 1)
(3, 35, 1)
(3, 36, 1)
(3, 37, 1)
(3, 38, 1)
(3, 39, 1)

(4, 0, 5)
(4, 1, 5)
(4, 2, 5)
(4, 3, 3)
(4, 4, 3)
(4, 5, 3)
(4, 6, 3)
(4, 7, 3)
(4, 8, 3)
(4, 9, 3)
(4, 10, 3)
(4, 11, 3)
(4, 12, 3)
(4, 13, 3)
(4, 14, 3)
(4, 15, 3)
(4, 16, 2)
(4, 17, 2)
(4, 18, 2)
(4, 19, 1)
(4, 20, 1)
(4, 21, 1)
(4, 22, 1)
(4, 23, 1)
(4, 24, 1)
(4, 25, 1)
(4, 26, 1)
(4, 27, 1)
(4, 28, 1)
(4, 29, 1)
(4, 30, 1)
(4, 31, 1)
(4, 32, 1)
(4, 33, 1)
(4, 34, 1)
(4, 35, 1)
(4, 36, 1)
(4, 37, 1)
(4, 38, 1)
(4, 39, 1)

(5, 0, 5)
(5, 1, 5)
(5, 2, 5)
(5, 3, 3)
(5, 4, 3)
(5, 5, 3)
(5, 6, 3)
(5, 7, 3)
(5, 8, 3)
(5, 9, 3)
(5, 10, 3)
(5, 11, 3)
(5, 12, 3)
(5, 13, 3)
(5, 14, 3)
(5, 15, 3)
(5, 16, 2)
(5, 17, 2)
(5, 18, 2)
(5, 19, 1)
(5, 20, 1)
(5, 21, 1)
(5, 22, 1)
(5, 23, 1)
(5, 24, 1)
(5, 25, 1)
(5, 26, 1)
(5, 27, 1)
(5, 28, 1)
(5, 29, 1)
(5, 30, 1)
(5, 31, 1)
(5, 32, 1)
(5, 33, 1)
(5, 34, 1)
(5, 35, 1)
(5, 36, 1)
(5, 37, 1)
(5, 38, 1)
(5, 39, 1)

(6, 0, 5)
(6, 1, 5)
(6, 2, 5)
(6, 3, 3)
(6, 4, 3)
(6, 5, 3)
(6, 6, 3)
(6, 7, 3)
(6, 8, 3)
(6, 9, 3)
(6, 10, 3)
(6, 11, 3)
(6, 12, 3)
(6, 13, 3)
(6, 14, 3)
(6, 15, 3)
(6, 16, 2)
(6, 17, 2)
(6, 18, 2)
(6, 19, 1)
(6, 20, 1)
(6, 21, 1)
(6, 22, 1)
(6, 23, 1)
(6, 24, 1)
(6, 25, 1)
(6, 26, 1)
(6, 27, 1)
(6, 28, 1)
(6, 29, 1)
(6, 30, 1)
(6, 31, 1)
(6, 32, 1)
(6, 33, 1)
(6, 34, 1)
(6, 35, 1)
(6, 36, 1)
(6, 37, 1)
(6, 38, 1)
(6, 39, 1)

(7, 0, 6)
(7, 1, 6)
(7, 2, 6)
(7, 3, 4)
(7, 4, 4)
(7, 5, 4)
(7, 6, 4)
(7, 7, 4)
(7, 8, 4)
(7, 9, 4)
(7, 10, 4)
(7, 11, 4)
(7, 12, 4)
(7, 13, 4)
(7, 14, 4)
(7, 15, 4)
(7, 16, 3)
(7, 17, 3)
(7, 18, 3)
(7, 19, 2)
(7, 20, 2)
(7, 21, 2)
(7, 22, 2)
(7, 23, 2)
(7, 24, 2)
(7, 25, 2)
(7, 26, 2)
(7, 27, 2)
(7, 28, 2)
(7, 29, 2)
(7, 30, 2)
(7, 31, 2)
(7, 32, 2)
(7, 33, 2)
(7, 34, 2)
(7, 35, 2)
(7, 36, 2)
(7, 37, 2)
(7, 38, 2)
(7, 39, 2)

(8, 0, 7)
(8, 1, 7)
(8, 2, 7)
(8, 3, 4)
(8, 4, 4)
(8, 5, 4)
(8, 6, 4)
(8, 7, 4)
(8, 8, 4)
(8, 9, 4)
(8, 10, 4)
(8, 11, 4)
(8, 12, 4)
(8, 13, 4)
(8, 14, 4)
(8, 15, 4)
(8, 16, 3)
(8, 17, 3)
(8, 18, 3)
(8, 19, 2)
(8, 20, 2)
(8, 21, 2)
(8, 22, 2)
(8, 23, 2)
(8, 24, 2)
(8, 25, 2)
(8, 26, 2)
(8, 27, 2)
(8, 28, 2)
(8, 29, 2)
(8, 30, 2)
(8, 31, 2)
(8, 32, 2)
(8, 33, 2)
(8, 34, 2)
(8, 35, 2)
(8, 36, 2)
(8, 37, 2)
(8, 38, 2)
(8, 39, 2)

(9, 0, 7)
(9, 1, 7)
(9, 2, 7)
(9, 3, 4)
(9, 4, 4)
(9, 5, 4)
(9, 6, 4)
(9, 7, 4)
(9, 8, 4)
(9, 9, 4)
(9, 10, 4)
(9, 11, 4)
(9, 12, 4)
(9, 13, 4)
(9, 14, 4)
(9, 15, 4)
(9, 16, 3)
(9, 17, 3)
(9, 18, 3)
(9, 19, 2)
(9, 20, 2)
(9, 21, 2)
(9, 22, 2)
(9, 23, 2)
(9, 24, 2)
(9, 25, 2)
(9, 26, 2)
(9, 27, 2)
(9, 28, 2)
(9, 29, 2)
(9, 30, 2)
(9, 31, 2)
(9, 32, 2)
(9, 33, 2)
(9, 34, 2)
(9, 35, 2)
(9, 36, 2)
(9, 37, 2)
(9, 38, 2)
(9, 39, 2)

(10, 0, 8)
(10, 1, 8)
(10, 2, 8)
(10, 3, 5)
(10, 4, 5)
(10, 5, 5)
(10, 6, 5)
(10, 7, 5)
(10, 8, 5)
(10, 9, 5)
(10, 10, 5)
(10, 11, 5)
(10, 12, 5)
(10, 13, 5)
(10, 14, 5)
(10, 15, 5)
(10, 16, 4)
(10, 17, 4)
(10, 18, 4)
(10, 19, 3)
(10, 20, 3)
(10, 21, 3)
(10, 22, 3)
(10, 23, 3)
(10, 24, 2)
(10, 25, 2)
(10, 26, 2)
(10, 27, 2)
(10, 28, 2)
(10, 29, 2)
(10, 30, 2)
(10, 31, 2)
(10, 32, 2)
(10, 33, 2)
(10, 34, 2)
(10, 35, 2)
(10, 36, 2)
(10, 37, 2)
(10, 38, 2)
(10, 39, 2)

(11, 0, 9)
(11, 1, 9)
(11, 2, 9)
(11, 3, 6)
(11, 4, 6)
(11, 5, 6)
(11, 6, 6)
(11, 7, 6)
(11, 8, 6)
(11, 9, 6)
(11, 10, 6)
(11, 11, 6)
(11, 12, 6)
(11, 13, 6)
(11, 14, 6)
(11, 15, 6)
(11, 16, 5)
(11, 17, 5)
(11, 18, 5)
(11, 19, 3)
(11, 20, 3)
(11, 21, 3)
(11, 22, 3)
(11, 23, 3)
(11, 24, 2)
(11, 25, 2)
(11, 26, 2)
(11, 27, 2)
(11, 28, 2)
(11, 29, 2)
(11, 30, 2)
(11, 31, 2)
(11, 32, 2)
(11, 33, 2)
(11, 34, 2)
(11, 35, 2)
(11, 36, 2)
(11, 37, 2)
(11, 38, 2)
(11, 39, 2)

(12, 0, 9)
(12, 1, 9)
(12, 2, 9)
(12, 3, 6)
(12, 4, 6)
(12, 5, 6)
(12, 6, 6)
(12, 7, 6)
(12, 8, 6)
(12, 9, 6)
(12, 10, 6)
(12, 11, 6)
(12, 12, 6)
(12, 13, 6)
(12, 14, 6)
(12, 15, 6)
(12, 16, 5)
(12, 17, 5)
(12, 18, 5)
(12, 19, 3)
(12, 20, 3)
(12, 21, 3)
(12, 22, 3)
(12, 23, 3)
(12, 24, 2)
(12, 25, 2)
(12, 26, 2)
(12, 27, 2)
(12, 28, 2)
(12, 29, 2)
(12, 30, 2)
(12, 31, 2)
(12, 32, 2)
(12, 33, 2)
(12, 34, 2)
(12, 35, 2)
(12, 36, 2)
(12, 37, 2)
(12, 38, 2)
(12, 39, 2)

(13, 0, 11)
(13, 1, 11)
(13, 2, 11)
(13, 3, 8)
(13, 4, 8)
(13, 5, 8)
(13, 6, 7)
(13, 7, 7)
(13, 8, 7)
(13, 9, 7)
(13, 10, 7)
(13, 11, 7)
(13, 12, 7)
(13, 13, 7)
(13, 14, 7)
(13, 15, 7)
(13, 16, 5)
(13, 17, 5)
(13, 18, 5)
(13, 19, 3)
(13, 20, 3)
(13, 21, 3)
(13, 22, 3)
(13, 23, 3)
(13, 24, 2)
(13, 25, 2)
(13, 26, 2)
(13, 27, 2)
(13, 28, 2)
(13, 29, 2)
(13, 30, 2)
(13, 31, 2)
(13, 32, 2)
(13, 33, 2)
(13, 34, 2)
(13, 35, 2)
(13, 36, 2)
(13, 37, 2)
(13, 38, 2)
(13, 39, 2)

(14, 0, 12)
(14, 1, 12)
(14, 2, 12)
(14, 3, 9)
(14, 4, 9)
(14, 5, 9)
(14, 6, 8)
(14, 7, 8)
(14, 8, 8)
(14, 9, 8)
(14, 10, 8)
(14, 11, 8)
(14, 12, 8)
(14, 13, 8)
(14, 14, 8)
(14, 15, 8)
(14, 16, 6)
(14, 17, 6)
(14, 18, 6)
(14, 19, 4)
(14, 20, 4)
(14, 21, 4)
(14, 22, 4)
(14, 23, 4)
(14, 24, 3)
(14, 25, 3)
(14, 26, 3)
(14, 27, 3)
(14, 28, 3)
(14, 29, 3)
(14, 30, 3)
(14, 31, 3)
(14, 32, 3)
(14, 33, 3)
(14, 34, 3)
(14, 35, 3)
(14, 36, 3)
(14, 37, 3)
(14, 38, 3)
(14, 39, 3)

(15, 0, 12)
(15, 1, 12)
(15, 2, 12)
(15, 3, 9)
(15, 4, 9)
(15, 5, 9)
(15, 6, 8)
(15, 7, 8)
(15, 8, 8)
(15, 9, 8)
(15, 10, 8)
(15, 11, 8)
(15, 12, 8)
(15, 13, 8)
(15, 14, 8)
(15, 15, 8)
(15, 16, 6)
(15, 17, 6)
(15, 18, 6)
(15, 19, 4)
(15, 20, 4)
(15, 21, 4)
(15, 22, 4)
(15, 23, 4)
(15, 24, 3)
(15, 25, 3)
(15, 26, 3)
(15, 27, 3)
(15, 28, 3)
(15, 29, 3)
(15, 30, 3)
(15, 31, 3)
(15, 32, 3)
(15, 33, 3)
(15, 34, 3)
(15, 35, 3)
(15, 36, 3)
(15, 37, 3)
(15, 38, 3)
(15, 39, 3)

(16, 0, 14)
(16, 1, 14)
(16, 2, 14)
(16, 3, 11)
(16, 4, 11)
(16, 5, 10)
(16, 6, 9)
(16, 7, 9)
(16, 8, 9)
(16, 9, 9)
(16, 10, 9)
(16, 11, 9)
(16, 12, 9)
(16, 13, 9)
(16, 14, 9)
(16, 15, 9)
(16, 16, 7)
(16, 17, 7)
(16, 18, 7)
(16, 19, 4)
(16, 20, 4)
(16, 21, 4)
(16, 22, 4)
(16, 23, 4)
(16, 24, 3)
(16, 25, 3)
(16, 26, 3)
(16, 27, 3)
(16, 28, 3)
(16, 29, 3)
(16, 30, 3)
(16, 31, 3)
(16, 32, 3)
(16, 33, 3)
(16, 34, 3)
(16, 35, 3)
(16, 36, 3)
(16, 37, 3)
(16, 38, 3)
(16, 39, 3)

(17, 0, 17)
(17, 1, 17)
(17, 2, 17)
(17, 3, 14)
(17, 4, 14)
(17, 5, 13)
(17, 6, 11)
(17, 7, 11)
(17, 8, 10)
(17, 9, 10)
(17, 10, 10)
(17, 11, 10)
(17, 12, 10)
(17, 13, 10)
(17, 14, 10)
(17, 15, 9)
(17, 16, 7)
(17, 17, 7)
(17, 18, 7)
(17, 19, 5)
(17, 20, 5)
(17, 21, 5)
(17, 22, 5)
(17, 23, 5)
(17, 24, 4)
(17, 25, 4)
(17, 26, 4)
(17, 27, 4)
(17, 28, 4)
(17, 29, 4)
(17, 30, 4)
(17, 31, 4)
(17, 32, 4)
(17, 33, 4)
(17, 34, 4)
(17, 35, 4)
(17, 36, 4)
(17, 37, 4)
(17, 38, 4)
(17, 39, 4)

(18, 0, 23)
(18, 1, 22)
(18, 2, 21)
(18, 3, 18)
(18, 4, 18)
(18, 5, 16)
(18, 6, 13)
(18, 7, 12)
(18, 8, 11)
(18, 9, 10)
(18, 10, 9)
(18, 11, 9)
(18, 12, 9)
(18, 13, 9)
(18, 14, 9)
(18, 15, 9)
(18, 16, 7)
(18, 17, 7)
(18, 18, 7)
(18, 19, 5)
(18, 20, 5)
(18, 21, 5)
(18, 22, 5)
(18, 23, 5)
(18, 24, 4)
(18, 25, 4)
(18, 26, 4)
(18, 27, 4)
(18, 28, 4)
(18, 29, 4)
(18, 30, 4)
(18, 31, 4)
(18, 32, 4)
(18, 33, 4)
(18, 34, 4)
(18, 35, 4)
(18, 36, 4)
(18, 37, 4)
(18, 38, 4)
(18, 39, 4)

(19, 0, 27)
(19, 1, 26)
(19, 2, 25)
(19, 3, 22)
(19, 4, 21)
(19, 5, 19)
(19, 6, 16)
(19, 7, 14)
(19, 8, 13)
(19, 9, 12)
(19, 10, 11)
(19, 11, 11)
(19, 12, 11)
(19, 13, 11)
(19, 14, 11)
(19, 15, 11)
(19, 16, 9)
(19, 17, 9)
(19, 18, 9)
(19, 19, 7)
(19, 20, 7)
(19, 21, 7)
(19, 22, 7)
(19, 23, 7)
(19, 24, 6)
(19, 25, 6)
(19, 26, 6)
(19, 27, 5)
(19, 28, 5)
(19, 29, 5)
(19, 30, 5)
(19, 31, 5)
(19, 32, 5)
(19, 33, 5)
(19, 34, 5)
(19, 35, 5)
(19, 36, 5)
(19, 37, 5)
(19, 38, 5)
(19, 39, 5)

(20, 0, 31)
(20, 1, 30)
(20, 2, 28)
(20, 3, 25)
(20, 4, 24)
(20, 5, 22)
(20, 6, 19)
(20, 7, 16)
(20, 8, 15)
(20, 9, 13)
(20, 10, 11)
(20, 11, 11)
(20, 12, 11)
(20, 13, 11)
(20, 14, 11)
(20, 15, 11)
(20, 16, 9)
(20, 17, 9)
(20, 18, 9)
(20, 19, 7)
(20, 20, 7)
(20, 21, 7)
(20, 22, 6)
(20, 23, 6)
(20, 24, 5)
(20, 25, 5)
(20, 26, 4)
(20, 27, 4)
(20, 28, 4)
(20, 29, 4)
(20, 30, 4)
(20, 31, 4)
(20, 32, 4)
(20, 33, 4)
(20, 34, 4)
(20, 35, 4)
(20, 36, 4)
(20, 37, 4)
(20, 38, 4)
(20, 39, 4)

(21, 0, 37)
(21, 1, 36)
(21, 2, 34)
(21, 3, 31)
(21, 4, 30)
(21, 5, 28)
(21, 6, 24)
(21, 7, 20)
(21, 8, 18)
(21, 9, 16)
(21, 10, 14)
(21, 11, 14)
(21, 12, 14)
(21, 13, 14)
(21, 14, 13)
(21, 15, 13)
(21, 16, 11)
(21, 17, 11)
(21, 18, 11)
(21, 19, 9)
(21, 20, 7)
(21, 21, 7)
(21, 22, 7)
(21, 23, 7)
(21, 24, 5)
(21, 25, 5)
(21, 26, 4)
(21, 27, 4)
(21, 28, 4)
(21, 29, 3)
(21, 30, 3)
(21, 31, 3)
(21, 32, 3)
(21, 33, 3)
(21, 34, 3)
(21, 35, 3)
(21, 36, 3)
(21, 37, 3)
(21, 38, 3)
(21, 39, 3)

(22, 0, 41)
(22, 1, 39)
(22, 2, 37)
(22, 3, 33)
(22, 4, 31)
(22, 5, 29)
(22, 6, 24)
(22, 7, 20)
(22, 8, 18)
(22, 9, 16)
(22, 10, 14)
(22, 11, 14)
(22, 12, 14)
(22, 13, 14)
(22, 14, 13)
(22, 15, 13)
(22, 16, 11)
(22, 17, 11)
(22, 18, 11)
(22, 19, 9)
(22, 20, 7)
(22, 21, 7)
(22, 22, 7)
(22, 23, 7)
(22, 24, 5)
(22, 25, 5)
(22, 26, 4)
(22, 27, 4)
(22, 28, 4)
(22, 29, 3)
(22, 30, 3)
(22, 31, 3)
(22, 32, 3)
(22, 33, 3)
(22, 34, 3)
(22, 35, 3)
(22, 36, 3)
(22, 37, 3)
(22, 38, 3)
(22, 39, 3)

(23, 0, 45)
(23, 1, 43)
(23, 2, 40)
(23, 3, 36)
(23, 4, 34)
(23, 5, 31)
(23, 6, 26)
(23, 7, 20)
(23, 8, 18)
(23, 9, 16)
(23, 10, 14)
(23, 11, 14)
(23, 12, 14)
(23, 13, 14)
(23, 14, 13)
(23, 15, 12)
(23, 16, 10)
(23, 17, 10)
(23, 18, 10)
(23, 19, 8)
(23, 20, 7)
(23, 21, 7)
(23, 22, 7)
(23, 23, 7)
(23, 24, 5)
(23, 25, 5)
(23, 26, 3)
(23, 27, 3)
(23, 28, 3)
(23, 29, 3)
(23, 30, 3)
(23, 31, 3)
(23, 32, 3)
(23, 33, 3)
(23, 34, 3)
(23, 35, 3)
(23, 36, 3)
(23, 37, 3)
(23, 38, 3)
(23, 39, 3)

(24, 0, 56)
(24, 1, 54)
(24, 2, 50)
(24, 3, 45)
(24, 4, 42)
(24, 5, 38)
(24, 6, 33)
(24, 7, 26)
(24, 8, 22)
(24, 9, 19)
(24, 10, 17)
(24, 11, 17)
(24, 12, 16)
(24, 13, 15)
(24, 14, 14)
(24, 15, 13)
(24, 16, 10)
(24, 17, 10)
(24, 18, 10)
(24, 19, 7)
(24, 20, 6)
(24, 21, 6)
(24, 22, 6)
(24, 23, 6)
(24, 24, 4)
(24, 25, 4)
(24, 26, 3)
(24, 27, 3)
(24, 28, 3)
(24, 29, 3)
(24, 30, 3)
(24, 31, 3)
(24, 32, 3)
(24, 33, 3)
(24, 34, 3)
(24, 35, 3)
(24, 36, 3)
(24, 37, 3)
(24, 38, 3)
(24, 39, 3)

(25, 0, 60)
(25, 1, 57)
(25, 2, 52)
(25, 3, 47)
(25, 4, 43)
(25, 5, 39)
(25, 6, 33)
(25, 7, 26)
(25, 8, 22)
(25, 9, 19)
(25, 10, 17)
(25, 11, 17)
(25, 12, 16)
(25, 13, 15)
(25, 14, 14)
(25, 15, 13)
(25, 16, 9)
(25, 17, 9)
(25, 18, 9)
(25, 19, 7)
(25, 20, 6)
(25, 21, 6)
(25, 22, 6)
(25, 23, 6)
(25, 24, 4)
(25, 25, 4)
(25, 26, 3)
(25, 27, 3)
(25, 28, 3)
(25, 29, 3)
(25, 30, 3)
(25, 31, 3)
(25, 32, 3)
(25, 33, 3)
(25, 34, 3)
(25, 35, 3)
(25, 36, 3)
(25, 37, 3)
(25, 38, 3)
(25, 39, 3)

(26, 0, 66)
(26, 1, 63)
(26, 2, 58)
(26, 3, 52)
(26, 4, 47)
(26, 5, 42)
(26, 6, 36)
(26, 7, 29)
(26, 8, 25)
(26, 9, 21)
(26, 10, 18)
(26, 11, 17)
(26, 12, 16)
(26, 13, 15)
(26, 14, 14)
(26, 15, 13)
(26, 16, 10)
(26, 17, 9)
(26, 18, 8)
(26, 19, 6)
(26, 20, 6)
(26, 21, 6)
(26, 22, 6)
(26, 23, 6)
(26, 24, 4)
(26, 25, 4)
(26, 26, 3)
(26, 27, 3)
(26, 28, 3)
(26, 29, 3)
(26, 30, 2)
(26, 31, 2)
(26, 32, 2)
(26, 33, 2)
(26, 34, 2)
(26, 35, 2)
(26, 36, 2)
(26, 37, 2)
(26, 38, 2)
(26, 39, 2)

(27, 0, 73)
(27, 1, 70)
(27, 2, 65)
(27, 3, 59)
(27, 4, 52)
(27, 5, 47)
(27, 6, 41)
(27, 7, 34)
(27, 8, 29)
(27, 9, 24)
(27, 10, 20)
(27, 11, 19)
(27, 12, 18)
(27, 13, 17)
(27, 14, 16)
(27, 15, 15)
(27, 16, 10)
(27, 17, 9)
(27, 18, 9)
(27, 19, 6)
(27, 20, 6)
(27, 21, 6)
(27, 22, 6)
(27, 23, 6)
(27, 24, 4)
(27, 25, 4)
(27, 26, 3)
(27, 27, 3)
(27, 28, 3)
(27, 29, 3)
(27, 30, 2)
(27, 31, 2)
(27, 32, 2)
(27, 33, 2)
(27, 34, 2)
(27, 35, 2)
(27, 36, 1)
(27, 37, 1)
(27, 38, 1)
(27, 39, 1)

(28, 0, 77)
(28, 1, 74)
(28, 2, 69)
(28, 3, 62)
(28, 4, 54)
(28, 5, 49)
(28, 6, 43)
(28, 7, 36)
(28, 8, 30)
(28, 9, 25)
(28, 10, 21)
(28, 11, 20)
(28, 12, 18)
(28, 13, 17)
(28, 14, 16)
(28, 15, 15)
(28, 16, 11)
(28, 17, 10)
(28, 18, 10)
(28, 19, 7)
(28, 20, 6)
(28, 21, 6)
(28, 22, 6)
(28, 23, 6)
(28, 24, 4)
(28, 25, 4)
(28, 26, 3)
(28, 27, 3)
(28, 28, 2)
(28, 29, 2)
(28, 30, 2)
(28, 31, 2)
(28, 32, 2)
(28, 33, 2)
(28, 34, 2)
(28, 35, 2)
(28, 36, 1)
(28, 37, 1)
(28, 38, 1)
(28, 39, 1)

(29, 0, 82)
(29, 1, 79)
(29, 2, 73)
(29, 3, 66)
(29, 4, 56)
(29, 5, 50)
(29, 6, 44)
(29, 7, 36)
(29, 8, 30)
(29, 9, 25)
(29, 10, 21)
(29, 11, 20)
(29, 12, 18)
(29, 13, 17)
(29, 14, 16)
(29, 15, 15)
(29, 16, 10)
(29, 17, 9)
(29, 18, 9)
(29, 19, 6)
(29, 20, 6)
(29, 21, 6)
(29, 22, 6)
(29, 23, 6)
(29, 24, 4)
(29, 25, 4)
(29, 26, 2)
(29, 27, 2)
(29, 28, 2)
(29, 29, 2)
(29, 30, 2)
(29, 31, 2)
(29, 32, 2)
(29, 33, 2)
(29, 34, 2)
(29, 35, 2)
(29, 36, 1)
(29, 37, 1)
(29, 38, 1)
(29, 39, 1)

(30, 0, 86)
(30, 1, 82)
(30, 2, 76)
(30, 3, 69)
(30, 4, 59)
(30, 5, 53)
(30, 6, 47)
(30, 7, 38)
(30, 8, 32)
(30, 9, 27)
(30, 10, 23)
(30, 11, 21)
(30, 12, 20)
(30, 13, 18)
(30, 14, 17)
(30, 15, 16)
(30, 16, 11)
(30, 17, 9)
(30, 18, 9)
(30, 19, 6)
(30, 20, 6)
(30, 21, 6)
(30, 22, 6)
(30, 23, 6)
(30, 24, 4)
(30, 25, 4)
(30, 26, 1)
(30, 27, 1)
(30, 28, 1)
(30, 29, 1)
(30, 30, 1)
(30, 31, 1)
(30, 32, 1)
(30, 33, 1)
(30, 34, 1)
(30, 35, 1)
(30, 36, 1)
(30, 37, 1)
(30, 38, 1)
(30, 39, 1)

(31, 0, 91)
(31, 1, 87)
(31, 2, 81)
(31, 3, 71)
(31, 4, 60)
(31, 5, 54)
(31, 6, 48)
(31, 7, 38)
(31, 8, 31)
(31, 9, 26)
(31, 10, 22)
(31, 11, 20)
(31, 12, 19)
(31, 13, 18)
(31, 14, 17)
(31, 15, 16)
(31, 16, 11)
(31, 17, 9)
(31, 18, 9)
(31, 19, 6)
(31, 20, 6)
(31, 21, 6)
(31, 22, 6)
(31, 23, 6)
(31, 24, 4)
(31, 25, 4)
(31, 26, 1)
(31, 27, 1)
(31, 28, 1)
(31, 29, 1)
(31, 30, 1)
(31, 31, 1)
(31, 32, 1)
(31, 33, 1)
(31, 34, 1)
(31, 35, 1)
(31, 36, 1)
(31, 37, 1)
(31, 38, 1)
(31, 39, 1)

(32, 0, 96)
(32, 1, 91)
(32, 2, 85)
(32, 3, 74)
(32, 4, 63)
(32, 5, 56)
(32, 6, 50)
(32, 7, 40)
(32, 8, 33)
(32, 9, 28)
(32, 10, 24)
(32, 11, 22)
(32, 12, 20)
(32, 13, 19)
(32, 14, 18)
(32, 15, 17)
(32, 16, 11)
(32, 17, 9)
(32, 18, 9)
(32, 19, 6)
(32, 20, 6)
(32, 21, 6)
(32, 22, 6)
(32, 23, 5)
(32, 24, 3)
(32, 25, 3)
(32, 26, 1)
(32, 27, 1)
(32, 28, 1)
(32, 29, 1)
(32, 30, 1)
(32, 31, 1)
(32, 32, 1)
(32, 33, 1)
(32, 34, 1)
(32, 35, 1)
(32, 36, 1)
(32, 37, 1)
(32, 38, 1)
(32, 39, 1)

(33, 0, 100)
(33, 1, 95)
(33, 2, 89)
(33, 3, 78)
(33, 4, 65)
(33, 5, 58)
(33, 6, 52)
(33, 7, 42)
(33, 8, 35)
(33, 9, 29)
(33, 10, 25)
(33, 11, 23)
(33, 12, 20)
(33, 13, 19)
(33, 14, 18)
(33, 15, 17)
(33, 16, 11)
(33, 17, 9)
(33, 18, 9)
(33, 19, 6)
(33, 20, 6)
(33, 21, 6)
(33, 22, 6)
(33, 23, 5)
(33, 24, 3)
(33, 25, 3)
(33, 26, 1)
(33, 27, 1)
(33, 28, 1)
(33, 29, 1)
(33, 30, 1)
(33, 31, 1)
(33, 32, 1)
(33, 33, 1)
(33, 34, 1)
(33, 35, 1)
(33, 36, 1)
(33, 37, 1)
(33, 38, 1)
(33, 39, 1)

(34, 0, 102)
(34, 1, 97)
(34, 2, 91)
(34, 3, 79)
(34, 4, 65)
(34, 5, 58)
(34, 6, 51)
(34, 7, 42)
(34, 8, 35)
(34, 9, 29)
(34, 10, 25)
(34, 11, 23)
(34, 12, 20)
(34, 13, 19)
(34, 14, 18)
(34, 15, 17)
(34, 16, 11)
(34, 17, 9)
(34, 18, 9)
(34, 19, 6)
(34, 20, 6)
(34, 21, 6)
(34, 22, 6)
(34, 23, 5)
(34, 24, 3)
(34, 25, 3)
(34, 26, 1)
(34, 27, 1)
(34, 28, 1)
(34, 29, 1)
(34, 30, 1)
(34, 31, 1)
(34, 32, 1)
(34, 33, 1)
(34, 34, 1)
(34, 35, 1)
(34, 36, 1)
(34, 37, 1)
(34, 38, 1)
(34, 39, 1)

(35, 0, 110)
(35, 1, 101)
(35, 2, 94)
(35, 3, 81)
(35, 4, 66)
(35, 5, 59)
(35, 6, 52)
(35, 7, 43)
(35, 8, 36)
(35, 9, 30)
(35, 10, 25)
(35, 11, 23)
(35, 12, 21)
(35, 13, 19)
(35, 14, 18)
(35, 15, 17)
(35, 16, 11)
(35, 17, 9)
(35, 18, 9)
(35, 19, 6)
(35, 20, 5)
(35, 21, 5)
(35, 22, 5)
(35, 23, 4)
(35, 24, 2)
(35, 25, 2)
(35, 26, 1)
(35, 27, 1)
(35, 28, 1)
(35, 29, 1)
(35, 30, 1)
(35, 31, 1)
(35, 32, 1)
(35, 33, 1)
(35, 34, 1)
(35, 35, 1)
(35, 36, 1)
(35, 37, 1)
(35, 38, 1)
(35, 39, 1)

(36, 0, 109)
(36, 1, 104)
(36, 2, 97)
(36, 3, 84)
(36, 4, 69)
(36, 5, 62)
(36, 6, 54)
(36, 7, 45)
(36, 8, 38)
(36, 9, 32)
(36, 10, 26)
(36, 11, 24)
(36, 12, 21)
(36, 13, 20)
(36, 14, 19)
(36, 15, 18)
(36, 16, 12)
(36, 17, 9)
(36, 18, 8)
(36, 19, 5)
(36, 20, 5)
(36, 21, 5)
(36, 22, 5)
(36, 23, 4)
(36, 24, 2)
(36, 25, 2)
(36, 26, 1)
(36, 27, 1)
(36, 28, 1)
(36, 29, 1)
(36, 30, 1)
(36, 31, 1)
(36, 32, 1)
(36, 33, 1)
(36, 34, 1)
(36, 35, 1)
(36, 36, 1)
(36, 37, 1)
(36, 38, 1)
(36, 39, 1)

(37, 0, 111)
(37, 1, 106)
(37, 2, 99)
(37, 3, 86)
(37, 4, 70)
(37, 5, 63)
(37, 6, 55)
(37, 7, 46)
(37, 8, 39)
(37, 9, 33)
(37, 10, 26)
(37, 11, 23)
(37, 12, 20)
(37, 13, 19)
(37, 14, 18)
(37, 15, 17)
(37, 16, 11)
(37, 17, 8)
(37, 18, 8)
(37, 19, 5)
(37, 20, 5)
(37, 21, 5)
(37, 22, 5)
(37, 23, 4)
(37, 24, 2)
(37, 25, 2)
(37, 26, 1)
(37, 27, 1)
(37, 28, 1)
(37, 29, 1)
(37, 30, 1)
(37, 31, 1)
(37, 32, 1)
(37, 33, 1)
(37, 34, 1)
(37, 35, 1)
(37, 36, 1)
(37, 37, 1)
(37, 38, 1)
(37, 39, 1)

(38, 0, 114)
(38, 1, 109)
(38, 2, 101)
(38, 3, 88)
(38, 4, 72)
(38, 5, 65)
(38, 6, 57)
(38, 7, 48)
(38, 8, 41)
(38, 9, 34)
(38, 10, 27)
(38, 11, 22)
(38, 12, 20)
(38, 13, 19)
(38, 14, 18)
(38, 15, 17)
(38, 16, 11)
(38, 17, 8)
(38, 18, 8)
(38, 19, 5)
(38, 20, 5)
(38, 21, 5)
(38, 22, 5)
(38, 23, 4)
(38, 24, 2)
(38, 25, 2)
(38, 26, 1)
(38, 27, 1)
(38, 28, 1)
(38, 29, 1)
(38, 30, 1)
(38, 31, 1)
(38, 32, 1)
(38, 33, 1)
(38, 34, 1)
(38, 35, 1)
(38, 36, 1)
(38, 37, 1)
(38, 38, 1)
(38, 39, 1)

(39, 0, 117)
(39, 1, 112)
(39, 2, 103)
(39, 3, 90)
(39, 4, 74)
(39, 5, 67)
(39, 6, 59)
(39, 7, 49)
(39, 8, 42)
(39, 9, 35)
(39, 10, 26)
(39, 11, 22)
(39, 12, 20)
(39, 13, 19)
(39, 14, 18)
(39, 15, 17)
(39, 16, 11)
(39, 17, 8)
(39, 18, 8)
(39, 19, 5)
(39, 20, 5)
(39, 21, 5)
(39, 22, 5)
(39, 23, 4)
(39, 24, 2)
(39, 25, 2)
(39, 26, 1)
(39, 27, 1)
(39, 28, 1)
(39, 29, 1)
(39, 30, 1)
(39, 31, 1)
(39, 32, 1)
(39, 33, 1)
(39, 34, 1)
(39, 35, 1)
(39, 36, 1)
(39, 37, 1)
(39, 38, 1)
(39, 39, 1)


Betti numbers:
xi_0:
(0, 0, 2)
(2, 0, 1)
(3, 0, 1)
(4, 0, 1)
(7, 0, 1)
(8, 0, 1)
(10, 0, 1)
(11, 0, 1)
(13, 0, 2)
(14, 0, 1)
(16, 0, 2)
(17, 0, 3)
(18, 0, 6)
(19, 0, 4)
(20, 0, 4)
(21, 0, 6)
(22, 0, 4)
(23, 0, 4)
(24, 0, 11)
(25, 0, 4)
(26, 0, 6)
(27, 0, 7)
(28, 0, 4)
(29, 0, 5)
(30, 0, 4)
(31, 0, 5)
(32, 0, 5)
(33, 0, 4)
(34, 0, 2)
(35, 0, 8)
(36, 0, 3)
(37, 0, 2)
(38, 0, 3)
(39, 0, 3)
xi_1:
(0, 3, 1)
(2, 19, 1)
(3, 3, 1)
(4, 16, 1)
(8, 3, 1)
(10, 24, 1)
(11, 19, 1)
(13, 6, 1)
(13, 16, 1)
(16, 5, 1)
(16, 19, 1)
(17, 6, 1)
(17, 8, 1)
(17, 15, 1)
(18, 1, 1)
(18, 2, 1)
(18, 5, 1)
(18, 6, 1)
(18, 7, 1)
(18, 8, 1)
(18, 9, 1)
(18, 10, 1)
(19, 4, 1)
(19, 7, 1)
(19, 27, 1)
(20, 2, 1)
(20, 7, 1)
(20, 9, 1)
(20, 10, 1)
(20, 22, 1)
(20, 26, 1)
(21, 6, 1)
(21, 7, 1)
(21, 8, 1)
(21, 14, 1)
(21, 20, 2)
(21, 24, 1)
(21, 29, 1)
(22, 1, 1)
(22, 3, 1)
(22, 4, 1)
(22, 6, 1)
(23, 2, 1)
(23, 5, 1)
(23, 7, 2)
(23, 15, 1)
(23, 26, 1)
(24, 2, 1)
(24, 3, 1)
(24, 4, 1)
(24, 5, 1)
(24, 7, 1)
(24, 8, 2)
(24, 9, 1)
(24, 10, 1)
(24, 12, 1)
(24, 13, 1)
(24, 15, 1)
(24, 16, 1)
(24, 19, 1)
(25, 1, 1)
(25, 2, 1)
(25, 4, 1)
(25, 6, 1)
(25, 16, 1)
(26, 3, 1)
(26, 4, 1)
(26, 5, 1)
(26, 9, 1)
(26, 10, 1)
(26, 11, 1)
(26, 17, 1)
(26, 18, 1)
(26, 30, 1)
(27, 4, 2)
(27, 8, 1)
(27, 9, 1)
(27, 10, 1)
(27, 16, 2)
(27, 19, 1)
(27, 36, 1)
(28, 3, 1)
(28, 4, 1)
(28, 8, 1)
(28, 12, 1)
(28, 15, 1)
(28, 20, 1)
(28, 28, 1)
(29, 2, 1)
(29, 4, 2)
(29, 5, 1)
(29, 7, 1)
(29, 16, 1)
(29, 26, 1)
(30, 1, 1)
(30, 7, 1)
(30, 11, 1)
(30, 13, 1)
(30, 17, 1)
(30, 26, 1)
(31, 3, 3)
(31, 4, 1)
(31, 7, 1)
(31, 8, 1)
(32, 1, 1)
(32, 3, 1)
(32, 5, 1)
(32, 12, 1)
(32, 16, 1)
(32, 23, 1)
(33, 4, 2)
(33, 9, 1)
(33, 12, 1)
(34, 3, 1)
(34, 4, 1)
(34, 6, 1)
(35, 1, 4)
(35, 2, 1)
(35, 3, 1)
(35, 4, 1)
(35, 10, 1)
(35, 13, 1)
(35, 20, 1)
(36, 0, 4)
(36, 6, 1)
(36, 10, 1)
(36, 12, 1)
(36, 17, 1)
(36, 18, 1)
(37, 4, 1)
(37, 10, 1)
(37, 11, 1)
(38, 2, 1)
(38, 9, 1)
(38, 10, 1)
(38, 11, 2)
(39, 2, 1)
(39, 7, 1)
(39, 10, 2)
xi_2:
(17, 19, 1)
(18, 8, 1)
(18, 15, 1)
(20, 27, 1)
(21, 22, 1)
(23, 20, 1)
(23, 29, 1)
(24, 10, 1)
(24, 15, 1)
(24, 26, 1)
(25, 19, 1)
(26, 16, 1)
(26, 20, 1)
(27, 18, 1)
(28, 15, 1)
(28, 16, 1)
(28, 30, 1)
(29, 20, 1)
(29, 28, 1)
(30, 12, 1)
(30, 36, 1)
(31, 13, 1)
(32, 26, 1)
(34, 7, 1)
(35, 12, 1)
(35, 26, 1)
(36, 1, 4)
(36, 13, 1)
(36, 20, 1)
(37, 18, 1)
(38, 10, 1)
(38, 12, 1)
(39, 11, 1)
