x-grades
-91624483977913499/62500000000000000
-89968680708366523/62500000000000000
-88312877438819547/62500000000000000
-86657074169272571/62500000000000000
-17000254179945119/12500000000000000
-83345467630178619/62500000000000000
-81689664360631643/62500000000000000
-80033861091084667/62500000000000000
-78378057821537691/62500000000000000
-15344450910398143/12500000000000000
-75066451282443739/62500000000000000
-73410648012896763/62500000000000000
-71754844743349787/62500000000000000
-70099041473802811/62500000000000000
-13688647640851167/12500000000000000
-66787434934708859/62500000000000000
-65131631665161883/62500000000000000
-63475828395614907/62500000000000000
-61820025126067931/62500000000000000
-12032844371304191/12500000000000000
-58508418586973979/62500000000000000
-56852615317427003/62500000000000000
-55196812047880027/62500000000000000
-53541008778333051/62500000000000000
-2075408220351443/2500000000000000
-50229402239239099/62500000000000000
-48573598969692123/62500000000000000
-46917795700145147/62500000000000000
-45261992430598171/62500000000000000
-8721237832210239/12500000000000000
-41950385891504219/62500000000000000
-40294582621957243/62500000000000000
-38638779352410267/62500000000000000
-36982976082863291/62500000000000000
-7065434562663263/12500000000000000
-33671369543769339/62500000000000000
-32015566274222363/62500000000000000
-30359763004675387/62500000000000000
-28703959735128411/62500000000000000
-5409631293116287/12500000000000000

y-grades
9999051/40000000
9999051/20000000
29997153/40000000
9999051/10000000
9999051/8000000
29997153/20000000
69993357/40000000
9999051/5000000
89991459/40000000
9999051/4000000
109989561/40000000
29997153/10000000
129987663/40000000
69993357/20000000
29997153/8000000
9999051/2500000
169983867/40000000
89991459/20000000
189981969/40000000
9999051/2000000
209980071/40000000
109989561/20000000
229978173/40000000
29997153/5000000
9999051/1600000
129987663/20000000
269974377/40000000
69993357/10000000
289972479/40000000
29997153/4000000
309970581/40000000
9999051/1250000
329968683/40000000
169983867/20000000
69993357/8000000
89991459/10000000
369964887/40000000
189981969/20000000
389962989/40000000
9999051/1000000

Dimensions > 0:
(0, 0, 3)
(0, 1, 3)
(0, 2, 3)
(0, 3, 3)
(0, 4, 1)
(0, 5, 1)
(0, 6, 1)
(0, 7, 1)
(0, 8, 1)
(0, 9, 1)
(0, 10, 1)
(0, 11, 1)
(0, 12, 1)
(0, 13, 1)
(0, 14, 1)
(0, 15, 1)
(0, 16, 1)
(0, 17, 1)
(0, 18, 1)
(0, 19, 1)
(0, 20, 1)
(0, 21, 1)
(0, 22, 1)
(0, 23, 1)
(0, 24, 1)
(0, 25, 1)
(0, 26, 1)
(0, 27, 1)
(0, 28, 1)
(0, 29, 1)
(0, 30, 1)
(0, 31, 1)
(0, 32, 1)
(0, 33, 1)
(0, 34, 1)
(0, 35, 1)
(0, 36, 1)
(0, 37, 1)
(0, 38, 1)
(0, 39, 1)

(1, 0, 3)
(1, 1, 3)
(1, 2, 3)
(1, 3, 3)
(1, 4, 1)
(1, 5, 1)
(1, 6, 1)
(1, 7, 1)
(1, 8, 1)
(1, 9, 1)
(1, 10, 1)
(1, 11, 1)
(1, 12, 1)
(1, 13, 1)
(1, 14, 1)
(1, 15, 1)
(1, 16, 1)
(1, 17, 1)
(1, 18, 1)
(1, 19, 1)
(1, 20, 1)
(1, 21, 1)
(1, 22, 1)
(1, 23, 1)
(1, 24, 1)
(1, 25, 1)
(1, 26, 1)
(1, 27, 1)
(1, 28, 1)
(1, 29, 1)
(1, 30, 1)
(1, 31, 1)
(1, 32, 1)
(1, 33, 1)
(1, 34, 1)
(1, 35, 1)
(1, 36, 1)
(1, 37, 1)
(1, 38, 1)
(1, 39, 1)

(2, 0, 3)
(2, 1, 3)
(2, 2, 3)
(2, 3, 3)
(2, 4, 1)
(2, 5, 1)
(2, 6, 1)
(2, 7, 1)
(2, 8, 1)
(2, 9, 1)
(2, 10, 1)
(2, 11, 1)
(2, 12, 1)
(2, 13, 1)
(2, 14, 1)
(2, 15, 1)
(2, 16, 1)
(2, 17, 1)
(2, 18, 1)
(2, 19, 1)
(2, 20, 1)
(2, 21, 1)
(2, 22, 1)
(2, 23, 1)
(2, 24, 1)
(2, 25, 1)
(2, 26, 1)
(2, 27, 1)
(2, 28, 1)
(2, 29, 1)
(2, 30, 1)
(2, 31, 1)
(2, 32, 1)
(2, 33, 1)
(2, 34, 1)
(2, 35, 1)
(2, 36, 1)
(2, 37, 1)
(2, 38, 1)
(2, 39, 1)

(3, 0, 5)
(3, 1, 5)
(3, 2, 5)
(3, 3, 5)
(3, 4, 2)
(3, 5, 2)
(3, 6, 2)
(3, 7, 2)
(3, 8, 2)
(3, 9, 2)
(3, 10, 2)
(3, 11, 2)
(3, 12, 2)
(3, 13, 2)
(3, 14, 2)
(3, 15, 2)
(3, 16, 2)
(3, 17, 2)
(3, 18, 2)
(3, 19, 2)
(3, 20, 2)
(3, 21, 2)
(3, 22, 2)
(3, 23, 2)
(3, 24, 2)
(3, 25, 2)
(3, 26, 2)
(3, 27, 2)
(3, 28, 2)
(3, 29, 2)
(3, 30, 2)
(3, 31, 2)
(3, 32, 2)
(3, 33, 2)
(3, 34, 2)
(3, 35, 2)
(3, 36, 2)
(3, 37, 2)
(3, 38, 2)
(3, 39, 2)

(4, 0, 6)
(4, 1, 6)
(4, 2, 6)
(4, 3, 6)
(4, 4, 2)
(4, 5, 2)
(4, 6, 2)
(4, 7, 2)
(4, 8, 2)
(4, 9, 2)
(4, 10, 2)
(4, 11, 2)
(4, 12, 2)
(4, 13, 2)
(4, 14, 2)
(4, 15, 2)
(4, 16, 2)
(4, 17, 2)
(4, 18, 2)
(4, 19, 2)
(4, 20, 2)
(4, 21, 2)
(4, 22, 2)
(4, 23, 2)
(4, 24, 2)
(4, 25, 2)
(4, 26, 2)
(4, 27, 2)
(4, 28, 2)
(4, 29, 2)
(4, 30, 2)
(4, 31, 2)
(4, 32, 2)
(4, 33, 2)
(4, 34, 2)
(4, 35, 2)
(4, 36, 2)
(4, 37, 2)
(4, 38, 2)
(4, 39, 2)

(5, 0, 7)
(5, 1, 7)
(5, 2, 7)
(5, 3, 7)
(5, 4, 3)
(5, 5, 3)
(5, 6, 3)
(5, 7, 3)
(5, 8, 3)
(5, 9, 3)
(5, 10, 3)
(5, 11, 3)
(5, 12, 3)
(5, 13, 3)
(5, 14, 3)
(5, 15, 3)
(5, 16, 3)
(5, 17, 3)
(5, 18, 3)
(5, 19, 3)
(5, 20, 3)
(5, 21, 3)
(5, 22, 3)
(5, 23, 3)
(5, 24, 2)
(5, 25, 2)
(5, 26, 2)
(5, 27, 2)
(5, 28, 2)
(5, 29, 2)
(5, 30, 2)
(5, 31, 2)
(5, 32, 2)
(5, 33, 2)
(5, 34, 2)
(5, 35, 2)
(5, 36, 2)
(5, 37, 2)
(5, 38, 2)
(5, 39, 2)

(6, 0, 9)
(6, 1, 8)
(6, 2, 8)
(6, 3, 8)
(6, 4, 4)
(6, 5, 4)
(6, 6, 4)
(6, 7, 4)
(6, 8, 4)
(6, 9, 4)
(6, 10, 4)
(6, 11, 4)
(6, 12, 4)
(6, 13, 3)
(6, 14, 3)
(6, 15, 3)
(6, 16, 3)
(6, 17, 3)
(6, 18, 3)
(6, 19, 3)
(6, 20, 3)
(6, 21, 3)
(6, 22, 3)
(6, 23, 3)
(6, 24, 2)
(6, 25, 2)
(6, 26, 2)
(6, 27, 2)
(6, 28, 2)
(6, 29, 2)
(6, 30, 2)
(6, 31, 2)
(6, 32, 2)
(6, 33, 2)
(6, 34, 2)
(6, 35, 2)
(6, 36, 2)
(6, 37, 2)
(6, 38, 2)
(6, 39, 2)

(7, 0, 14)
(7, 1, 11)
(7, 2, 11)
(7, 3, 10)
(7, 4, 5)
(7, 5, 5)
(7, 6, 5)
(7, 7, 5)
(7, 8, 5)
(7, 9, 5)
(7, 10, 5)
(7, 11, 5)
(7, 12, 5)
(7, 13, 4)
(7, 14, 4)
(7, 15, 4)
(7, 16, 4)
(7, 17, 4)
(7, 18, 4)
(7, 19, 4)
(7, 20, 4)
(7, 21, 4)
(7, 22, 4)
(7, 23, 4)
(7, 24, 3)
(7, 25, 3)
(7, 26, 3)
(7, 27, 3)
(7, 28, 3)
(7, 29, 3)
(7, 30, 3)
(7, 31, 3)
(7, 32, 3)
(7, 33, 3)
(7, 34, 3)
(7, 35, 3)
(7, 36, 3)
(7, 37, 3)
(7, 38, 3)
(7, 39, 3)

(8, 0, 22)
(8, 1, 16)
(8, 2, 15)
(8, 3, 14)
(8, 4, 7)
(8, 5, 7)
(8, 6, 7)
(8, 7, 7)
(8, 8, 7)
(8, 9, 7)
(8, 10, 7)
(8, 11, 7)
(8, 12, 7)
(8, 13, 6)
(8, 14, 6)
(8, 15, 6)
(8, 16, 6)
(8, 17, 6)
(8, 18, 6)
(8, 19, 5)
(8, 20, 5)
(8, 21, 5)
(8, 22, 5)
(8, 23, 5)
(8, 24, 4)
(8, 25, 4)
(8, 26, 4)
(8, 27, 4)
(8, 28, 4)
(8, 29, 4)
(8, 30, 4)
(8, 31, 4)
(8, 32, 4)
(8, 33, 4)
(8, 34, 4)
(8, 35, 4)
(8, 36, 4)
(8, 37, 4)
(8, 38, 4)
(8, 39, 4)

(9, 0, 26)
(9, 1, 19)
(9, 2, 18)
(9, 3, 16)
(9, 4, 7)
(9, 5, 7)
(9, 6, 7)
(9, 7, 7)
(9, 8, 7)
(9, 9, 7)
(9, 10, 7)
(9, 11, 7)
(9, 12, 7)
(9, 13, 6)
(9, 14, 6)
(9, 15, 6)
(9, 16, 6)
(9, 17, 6)
(9, 18, 6)
(9, 19, 5)
(9, 20, 5)
(9, 21, 5)
(9, 22, 5)
(9, 23, 5)
(9, 24, 4)
(9, 25, 4)
(9, 26, 4)
(9, 27, 4)
(9, 28, 4)
(9, 29, 4)
(9, 30, 4)
(9, 31, 4)
(9, 32, 4)
(9, 33, 4)
(9, 34, 4)
(9, 35, 4)
(9, 36, 4)
(9, 37, 4)
(9, 38, 4)
(9, 39, 4)

(10, 0, 31)
(10, 1, 22)
(10, 2, 21)
(10, 3, 19)
(10, 4, 9)
(10, 5, 9)
(10, 6, 8)
(10, 7, 8)
(10, 8, 8)
(10, 9, 8)
(10, 10, 8)
(10, 11, 8)
(10, 12, 8)
(10, 13, 7)
(10, 14, 7)
(10, 15, 7)
(10, 16, 7)
(10, 17, 7)
(10, 18, 7)
(10, 19, 6)
(10, 20, 6)
(10, 21, 6)
(10, 22, 6)
(10, 23, 6)
(10, 24, 5)
(10, 25, 5)
(10, 26, 5)
(10, 27, 5)
(10, 28, 5)
(10, 29, 5)
(10, 30, 5)
(10, 31, 5)
(10, 32, 5)
(10, 33, 5)
(10, 34, 5)
(10, 35, 5)
(10, 36, 5)
(10, 37, 5)
(10, 38, 5)
(10, 39, 5)

(11, 0, 35)
(11, 1, 26)
(11, 2, 25)
(11, 3, 23)
(11, 4, 11)
(11, 5, 11)
(11, 6, 9)
(11, 7, 9)
(11, 8, 9)
(11, 9, 9)
(11, 10, 9)
(11, 11, 9)
(11, 12, 9)
(11, 13, 7)
(11, 14, 7)
(11, 15, 7)
(11, 16, 7)
(11, 17, 7)
(11, 18, 7)
(11, 19, 6)
(11, 20, 6)
(11, 21, 6)
(11, 22, 6)
(11, 23, 6)
(11, 24, 5)
(11, 25, 5)
(11, 26, 5)
(11, 27, 5)
(11, 28, 5)
(11, 29, 5)
(11, 30, 5)
(11, 31, 5)
(11, 32, 5)
(11, 33, 5)
(11, 34, 5)
(11, 35, 5)
(11, 36, 5)
(11, 37, 5)
(11, 38, 5)
(11, 39, 5)

(12, 0, 36)
(12, 1, 27)
(12, 2, 26)
(12, 3, 24)
(12, 4, 12)
(12, 5, 12)
(12, 6, 10)
(12, 7, 10)
(12, 8, 10)
(12, 9, 10)
(12, 10, 10)
(12, 11, 10)
(12, 12, 10)
(12, 13, 8)
(12, 14, 8)
(12, 15, 8)
(12, 16, 8)
(12, 17, 8)
(12, 18, 8)
(12, 19, 6)
(12, 20, 6)
(12, 21, 6)
(12, 22, 6)
(12, 23, 6)
(12, 24, 5)
(12, 25, 5)
(12, 26, 5)
(12, 27, 5)
(12, 28, 5)
(12, 29, 5)
(12, 30, 5)
(12, 31, 5)
(12, 32, 5)
(12, 33, 5)
(12, 34, 5)
(12, 35, 5)
(12, 36, 5)
(12, 37, 5)
(12, 38, 5)
(12, 39, 5)

(13, 0, 51)
(13, 1, 34)
(13, 2, 31)
(13, 3, 29)
(13, 4, 15)
(13, 5, 15)
(13, 6, 13)
(13, 7, 13)
(13, 8, 12)
(13, 9, 12)
(13, 10, 12)
(13, 11, 11)
(13, 12, 11)
(13, 13, 9)
(13, 14, 9)
(13, 15, 9)
(13, 16, 9)
(13, 17, 8)
(13, 18, 8)
(13, 19, 6)
(13, 20, 6)
(13, 21, 6)
(13, 22, 6)
(13, 23, 6)
(13, 24, 5)
(13, 25, 5)
(13, 26, 5)
(13, 27, 5)
(13, 28, 5)
(13, 29, 5)
(13, 30, 5)
(13, 31, 5)
(13, 32, 5)
(13, 33, 5)
(13, 34, 5)
(13, 35, 5)
(13, 36, 5)
(13, 37, 5)
(13, 38, 5)
(13, 39, 5)

(14, 0, 64)
(14, 1, 35)
(14, 2, 32)
(14, 3, 30)
(14, 4, 16)
(14, 5, 16)
(14, 6, 14)
(14, 7, 14)
(14, 8, 13)
(14, 9, 13)
(14, 10, 13)
(14, 11, 12)
(14, 12, 12)
(14, 13, 9)
(14, 14, 9)
(14, 15, 9)
(14, 16, 9)
(14, 17, 9)
(14, 18, 9)
(14, 19, 7)
(14, 20, 7)
(14, 21, 7)
(14, 22, 7)
(14, 23, 7)
(14, 24, 6)
(14, 25, 6)
(14, 26, 6)
(14, 27, 6)
(14, 28, 6)
(14, 29, 6)
(14, 30, 6)
(14, 31, 6)
(14, 32, 6)
(14, 33, 6)
(14, 34, 6)
(14, 35, 6)
(14, 36, 6)
(14, 37, 6)
(14, 38, 6)
(14, 39, 6)

(15, 0, 76)
(15, 1, 37)
(15, 2, 34)
(15, 3, 31)
(15, 4, 17)
(15, 5, 17)
(15, 6, 15)
(15, 7, 15)
(15, 8, 14)
(15, 9, 14)
(15, 10, 14)
(15, 11, 13)
(15, 12, 12)
(15, 13, 9)
(15, 14, 9)
(15, 15, 9)
(15, 16, 9)
(15, 17, 9)
(15, 18, 9)
(15, 19, 7)
(15, 20, 7)
(15, 21, 7)
(15, 22, 7)
(15, 23, 7)
(15, 24, 6)
(15, 25, 6)
(15, 26, 6)
(15, 27, 6)
(15, 28, 6)
(15, 29, 6)
(15, 30, 6)
(15, 31, 6)
(15, 32, 6)
(15, 33, 6)
(15, 34, 6)
(15, 35, 6)
(15, 36, 6)
(15, 37, 6)
(15, 38, 6)
(15, 39, 6)

(16, 0, 91)
(16, 1, 40)
(16, 2, 36)
(16, 3, 32)
(16, 4, 18)
(16, 5, 18)
(16, 6, 16)
(16, 7, 16)
(16, 8, 14)
(16, 9, 14)
(16, 10, 14)
(16, 11, 13)
(16, 12, 12)
(16, 13, 9)
(16, 14, 9)
(16, 15, 9)
(16, 16, 9)
(16, 17, 9)
(16, 18, 9)
(16, 19, 7)
(16, 20, 7)
(16, 21, 7)
(16, 22, 7)
(16, 23, 7)
(16, 24, 6)
(16, 25, 6)
(16, 26, 6)
(16, 27, 6)
(16, 28, 6)
(16, 29, 6)
(16, 30, 6)
(16, 31, 6)
(16, 32, 6)
(16, 33, 6)
(16, 34, 6)
(16, 35, 6)
(16, 36, 6)
(16, 37, 6)
(16, 38, 6)
(16, 39, 6)

(17, 0, 96)
(17, 1, 45)
(17, 2, 41)
(17, 3, 37)
(17, 4, 22)
(17, 5, 22)
(17, 6, 20)
(17, 7, 20)
(17, 8, 16)
(17, 9, 16)
(17, 10, 16)
(17, 11, 15)
(17, 12, 14)
(17, 13, 11)
(17, 14, 11)
(17, 15, 11)
(17, 16, 11)
(17, 17, 11)
(17, 18, 11)
(17, 19, 9)
(17, 20, 9)
(17, 21, 9)
(17, 22, 9)
(17, 23, 9)
(17, 24, 7)
(17, 25, 7)
(17, 26, 7)
(17, 27, 7)
(17, 28, 7)
(17, 29, 7)
(17, 30, 7)
(17, 31, 7)
(17, 32, 7)
(17, 33, 7)
(17, 34, 7)
(17, 35, 7)
(17, 36, 7)
(17, 37, 7)
(17, 38, 7)
(17, 39, 7)

(18, 0, 100)
(18, 1, 49)
(18, 2, 44)
(18, 3, 40)
(18, 4, 25)
(18, 5, 25)
(18, 6, 23)
(18, 7, 23)
(18, 8, 19)
(18, 9, 18)
(18, 10, 17)
(18, 11, 16)
(18, 12, 15)
(18, 13, 12)
(18, 14, 12)
(18, 15, 12)
(18, 16, 12)
(18, 17, 12)
(18, 18, 12)
(18, 19, 10)
(18, 20, 10)
(18, 21, 10)
(18, 22, 10)
(18, 23, 10)
(18, 24, 8)
(18, 25, 8)
(18, 26, 8)
(18, 27, 8)
(18, 28, 8)
(18, 29, 8)
(18, 30, 8)
(18, 31, 8)
(18, 32, 8)
(18, 33, 8)
(18, 34, 8)
(18, 35, 8)
(18, 36, 8)
(18, 37, 8)
(18, 38, 8)
(18, 39, 8)

(19, 0, 110)
(19, 1, 55)
(19, 2, 48)
(19, 3, 43)
(19, 4, 27)
(19, 5, 25)
(19, 6, 23)
(19, 7, 23)
(19, 8, 19)
(19, 9, 18)
(19, 10, 17)
(19, 11, 16)
(19, 12, 15)
(19, 13, 12)
(19, 14, 12)
(19, 15, 12)
(19, 16, 12)
(19, 17, 12)
(19, 18, 12)
(19, 19, 10)
(19, 20, 10)
(19, 21, 10)
(19, 22, 10)
(19, 23, 10)
(19, 24, 8)
(19, 25, 8)
(19, 26, 8)
(19, 27, 8)
(19, 28, 8)
(19, 29, 8)
(19, 30, 8)
(19, 31, 8)
(19, 32, 8)
(19, 33, 8)
(19, 34, 8)
(19, 35, 8)
(19, 36, 8)
(19, 37, 8)
(19, 38, 8)
(19, 39, 8)

(20, 0, 124)
(20, 1, 64)
(20, 2, 56)
(20, 3, 50)
(20, 4, 30)
(20, 5, 28)
(20, 6, 26)
(20, 7, 25)
(20, 8, 21)
(20, 9, 20)
(20, 10, 19)
(20, 11, 18)
(20, 12, 17)
(20, 13, 13)
(20, 14, 13)
(20, 15, 13)
(20, 16, 13)
(20, 17, 13)
(20, 18, 13)
(20, 19, 11)
(20, 20, 11)
(20, 21, 11)
(20, 22, 11)
(20, 23, 11)
(20, 24, 9)
(20, 25, 9)
(20, 26, 9)
(20, 27, 9)
(20, 28, 9)
(20, 29, 9)
(20, 30, 9)
(20, 31, 9)
(20, 32, 9)
(20, 33, 9)
(20, 34, 9)
(20, 35, 9)
(20, 36, 9)
(20, 37, 9)
(20, 38, 8)
(20, 39, 8)

(21, 0, 141)
(21, 1, 77)
(21, 2, 64)
(21, 3, 56)
(21, 4, 32)
(21, 5, 29)
(21, 6, 27)
(21, 7, 26)
(21, 8, 22)
(21, 9, 21)
(21, 10, 20)
(21, 11, 19)
(21, 12, 18)
(21, 13, 14)
(21, 14, 14)
(21, 15, 14)
(21, 16, 14)
(21, 17, 14)
(21, 18, 14)
(21, 19, 12)
(21, 20, 12)
(21, 21, 12)
(21, 22, 12)
(21, 23, 12)
(21, 24, 10)
(21, 25, 10)
(21, 26, 10)
(21, 27, 10)
(21, 28, 10)
(21, 29, 10)
(21, 30, 10)
(21, 31, 10)
(21, 32, 10)
(21, 33, 10)
(21, 34, 10)
(21, 35, 10)
(21, 36, 10)
(21, 37, 10)
(21, 38, 8)
(21, 39, 8)

(22, 0, 162)
(22, 1, 89)
(22, 2, 74)
(22, 3, 60)
(22, 4, 30)
(22, 5, 29)
(22, 6, 27)
(22, 7, 26)
(22, 8, 22)
(22, 9, 21)
(22, 10, 20)
(22, 11, 19)
(22, 12, 18)
(22, 13, 14)
(22, 14, 14)
(22, 15, 14)
(22, 16, 14)
(22, 17, 14)
(22, 18, 14)
(22, 19, 12)
(22, 20, 12)
(22, 21, 12)
(22, 22, 12)
(22, 23, 12)
(22, 24, 10)
(22, 25, 10)
(22, 26, 10)
(22, 27, 10)
(22, 28, 10)
(22, 29, 10)
(22, 30, 10)
(22, 31, 10)
(22, 32, 10)
(22, 33, 10)
(22, 34, 10)
(22, 35, 10)
(22, 36, 9)
(22, 37, 9)
(22, 38, 8)
(22, 39, 8)

(23, 0, 186)
(23, 1, 100)
(23, 2, 81)
(23, 3, 66)
(23, 4, 33)
(23, 5, 32)
(23, 6, 30)
(23, 7, 29)
(23, 8, 25)
(23, 9, 24)
(23, 10, 23)
(23, 11, 22)
(23, 12, 21)
(23, 13, 17)
(23, 14, 17)
(23, 15, 17)
(23, 16, 17)
(23, 17, 17)
(23, 18, 17)
(23, 19, 15)
(23, 20, 14)
(23, 21, 14)
(23, 22, 14)
(23, 23, 14)
(23, 24, 12)
(23, 25, 12)
(23, 26, 12)
(23, 27, 11)
(23, 28, 11)
(23, 29, 11)
(23, 30, 11)
(23, 31, 11)
(23, 32, 11)
(23, 33, 11)
(23, 34, 11)
(23, 35, 11)
(23, 36, 10)
(23, 37, 10)
(23, 38, 9)
(23, 39, 9)

(24, 0, 240)
(24, 1, 114)
(24, 2, 88)
(24, 3, 71)
(24, 4, 37)
(24, 5, 36)
(24, 6, 33)
(24, 7, 29)
(24, 8, 25)
(24, 9, 24)
(24, 10, 23)
(24, 11, 22)
(24, 12, 20)
(24, 13, 16)
(24, 14, 16)
(24, 15, 16)
(24, 16, 16)
(24, 17, 16)
(24, 18, 16)
(24, 19, 14)
(24, 20, 14)
(24, 21, 14)
(24, 22, 14)
(24, 23, 14)
(24, 24, 12)
(24, 25, 11)
(24, 26, 11)
(24, 27, 11)
(24, 28, 11)
(24, 29, 11)
(24, 30, 11)
(24, 31, 11)
(24, 32, 11)
(24, 33, 11)
(24, 34, 11)
(24, 35, 10)
(24, 36, 10)
(24, 37, 10)
(24, 38, 9)
(24, 39, 9)

(25, 0, 298)
(25, 1, 139)
(25, 2, 99)
(25, 3, 80)
(25, 4, 44)
(25, 5, 43)
(25, 6, 40)
(25, 7, 31)
(25, 8, 27)
(25, 9, 26)
(25, 10, 25)
(25, 11, 24)
(25, 12, 22)
(25, 13, 18)
(25, 14, 16)
(25, 15, 16)
(25, 16, 16)
(25, 17, 15)
(25, 18, 15)
(25, 19, 13)
(25, 20, 13)
(25, 21, 13)
(25, 22, 12)
(25, 23, 12)
(25, 24, 10)
(25, 25, 10)
(25, 26, 10)
(25, 27, 10)
(25, 28, 10)
(25, 29, 10)
(25, 30, 10)
(25, 31, 10)
(25, 32, 10)
(25, 33, 10)
(25, 34, 10)
(25, 35, 9)
(25, 36, 9)
(25, 37, 9)
(25, 38, 8)
(25, 39, 8)

(26, 0, 360)
(26, 1, 168)
(26, 2, 110)
(26, 3, 90)
(26, 4, 49)
(26, 5, 46)
(26, 6, 40)
(26, 7, 28)
(26, 8, 23)
(26, 9, 22)
(26, 10, 21)
(26, 11, 20)
(26, 12, 18)
(26, 13, 14)
(26, 14, 14)
(26, 15, 14)
(26, 16, 14)
(26, 17, 14)
(26, 18, 14)
(26, 19, 12)
(26, 20, 12)
(26, 21, 12)
(26, 22, 12)
(26, 23, 12)
(26, 24, 10)
(26, 25, 10)
(26, 26, 10)
(26, 27, 10)
(26, 28, 10)
(26, 29, 10)
(26, 30, 10)
(26, 31, 10)
(26, 32, 10)
(26, 33, 10)
(26, 34, 10)
(26, 35, 9)
(26, 36, 9)
(26, 37, 9)
(26, 38, 8)
(26, 39, 8)

(27, 0, 424)
(27, 1, 186)
(27, 2, 117)
(27, 3, 93)
(27, 4, 51)
(27, 5, 47)
(27, 6, 41)
(27, 7, 27)
(27, 8, 23)
(27, 9, 22)
(27, 10, 21)
(27, 11, 20)
(27, 12, 18)
(27, 13, 14)
(27, 14, 14)
(27, 15, 14)
(27, 16, 14)
(27, 17, 14)
(27, 18, 14)
(27, 19, 12)
(27, 20, 12)
(27, 21, 12)
(27, 22, 12)
(27, 23, 12)
(27, 24, 10)
(27, 25, 10)
(27, 26, 10)
(27, 27, 10)
(27, 28, 10)
(27, 29, 10)
(27, 30, 10)
(27, 31, 10)
(27, 32, 10)
(27, 33, 10)
(27, 34, 10)
(27, 35, 9)
(27, 36, 9)
(27, 37, 9)
(27, 38, 8)
(27, 39, 8)

(28, 0, 447)
(28, 1, 196)
(28, 2, 122)
(28, 3, 98)
(28, 4, 56)
(28, 5, 51)
(28, 6, 43)
(28, 7, 27)
(28, 8, 23)
(28, 9, 22)
(28, 10, 21)
(28, 11, 20)
(28, 12, 18)
(28, 13, 14)
(28, 14, 14)
(28, 15, 14)
(28, 16, 14)
(28, 17, 14)
(28, 18, 14)
(28, 19, 12)
(28, 20, 12)
(28, 21, 12)
(28, 22, 12)
(28, 23, 12)
(28, 24, 10)
(28, 25, 10)
(28, 26, 10)
(28, 27, 10)
(28, 28, 10)
(28, 29, 10)
(28, 30, 10)
(28, 31, 10)
(28, 32, 10)
(28, 33, 10)
(28, 34, 10)
(28, 35, 9)
(28, 36, 9)
(28, 37, 9)
(28, 38, 8)
(28, 39, 8)

(29, 0, 450)
(29, 1, 198)
(29, 2, 123)
(29, 3, 99)
(29, 4, 57)
(29, 5, 52)
(29, 6, 43)
(29, 7, 27)
(29, 8, 23)
(29, 9, 22)
(29, 10, 21)
(29, 11, 20)
(29, 12, 18)
(29, 13, 14)
(29, 14, 14)
(29, 15, 14)
(29, 16, 14)
(29, 17, 14)
(29, 18, 14)
(29, 19, 12)
(29, 20, 12)
(29, 21, 12)
(29, 22, 12)
(29, 23, 12)
(29, 24, 10)
(29, 25, 10)
(29, 26, 10)
(29, 27, 10)
(29, 28, 10)
(29, 29, 10)
(29, 30, 10)
(29, 31, 10)
(29, 32, 10)
(29, 33, 10)
(29, 34, 10)
(29, 35, 9)
(29, 36, 9)
(29, 37, 9)
(29, 38, 8)
(29, 39, 8)

(30, 0, 457)
(30, 1, 203)
(30, 2, 127)
(30, 3, 102)
(30, 4, 60)
(30, 5, 55)
(30, 6, 46)
(30, 7, 29)
(30, 8, 25)
(30, 9, 24)
(30, 10, 22)
(30, 11, 21)
(30, 12, 19)
(30, 13, 15)
(30, 14, 15)
(30, 15, 15)
(30, 16, 15)
(30, 17, 15)
(30, 18, 15)
(30, 19, 13)
(30, 20, 13)
(30, 21, 13)
(30, 22, 13)
(30, 23, 13)
(30, 24, 11)
(30, 25, 11)
(30, 26, 11)
(30, 27, 11)
(30, 28, 11)
(30, 29, 11)
(30, 30, 11)
(30, 31, 11)
(30, 32, 11)
(30, 33, 11)
(30, 34, 11)
(30, 35, 10)
(30, 36, 10)
(30, 37, 10)
(30, 38, 9)
(30, 39, 9)

(31, 0, 462)
(31, 1, 206)
(31, 2, 127)
(31, 3, 102)
(31, 4, 60)
(31, 5, 55)
(31, 6, 46)
(31, 7, 28)
(31, 8, 24)
(31, 9, 23)
(31, 10, 22)
(31, 11, 21)
(31, 12, 19)
(31, 13, 15)
(31, 14, 15)
(31, 15, 15)
(31, 16, 15)
(31, 17, 15)
(31, 18, 15)
(31, 19, 13)
(31, 20, 13)
(31, 21, 13)
(31, 22, 13)
(31, 23, 13)
(31, 24, 11)
(31, 25, 11)
(31, 26, 11)
(31, 27, 11)
(31, 28, 11)
(31, 29, 11)
(31, 30, 11)
(31, 31, 11)
(31, 32, 11)
(31, 33, 11)
(31, 34, 11)
(31, 35, 10)
(31, 36, 10)
(31, 37, 10)
(31, 38, 9)
(31, 39, 9)

(32, 0, 464)
(32, 1, 208)
(32, 2, 129)
(32, 3, 104)
(32, 4, 62)
(32, 5, 57)
(32, 6, 47)
(32, 7, 28)
(32, 8, 24)
(32, 9, 23)
(32, 10, 22)
(32, 11, 21)
(32, 12, 19)
(32, 13, 15)
(32, 14, 15)
(32, 15, 15)
(32, 16, 15)
(32, 17, 15)
(32, 18, 15)
(32, 19, 13)
(32, 20, 13)
(32, 21, 13)
(32, 22, 13)
(32, 23, 13)
(32, 24, 11)
(32, 25, 11)
(32, 26, 11)
(32, 27, 11)
(32, 28, 11)
(32, 29, 11)
(32, 30, 11)
(32, 31, 11)
(32, 32, 11)
(32, 33, 11)
(32, 34, 11)
(32, 35, 10)
(32, 36, 10)
(32, 37, 10)
(32, 38, 9)
(32, 39, 9)

(33, 0, 479)
(33, 1, 217)
(33, 2, 135)
(33, 3, 108)
(33, 4, 65)
(33, 5, 59)
(33, 6, 49)
(33, 7, 29)
(33, 8, 25)
(33, 9, 24)
(33, 10, 23)
(33, 11, 22)
(33, 12, 20)
(33, 13, 16)
(33, 14, 16)
(33, 15, 16)
(33, 16, 16)
(33, 17, 16)
(33, 18, 16)
(33, 19, 14)
(33, 20, 14)
(33, 21, 14)
(33, 22, 14)
(33, 23, 14)
(33, 24, 12)
(33, 25, 12)
(33, 26, 12)
(33, 27, 12)
(33, 28, 12)
(33, 29, 12)
(33, 30, 12)
(33, 31, 12)
(33, 32, 12)
(33, 33, 12)
(33, 34, 12)
(33, 35, 11)
(33, 36, 11)
(33, 37, 11)
(33, 38, 10)
(33, 39, 10)

(34, 0, 489)
(34, 1, 224)
(34, 2, 141)
(34, 3, 112)
(34, 4, 67)
(34, 5, 61)
(34, 6, 51)
(34, 7, 29)
(34, 8, 25)
(34, 9, 24)
(34, 10, 23)
(34, 11, 22)
(34, 12, 20)
(34, 13, 16)
(34, 14, 16)
(34, 15, 16)
(34, 16, 16)
(34, 17, 16)
(34, 18, 16)
(34, 19, 14)
(34, 20, 14)
(34, 21, 14)
(34, 22, 14)
(34, 23, 14)
(34, 24, 12)
(34, 25, 12)
(34, 26, 12)
(34, 27, 12)
(34, 28, 12)
(34, 29, 12)
(34, 30, 12)
(34, 31, 12)
(34, 32, 12)
(34, 33, 12)
(34, 34, 12)
(34, 35, 11)
(34, 36, 11)
(34, 37, 11)
(34, 38, 10)
(34, 39, 10)

(35, 0, 502)
(35, 1, 232)
(35, 2, 147)
(35, 3, 116)
(35, 4, 70)
(35, 5, 62)
(35, 6, 52)
(35, 7, 29)
(35, 8, 25)
(35, 9, 24)
(35, 10, 23)
(35, 11, 22)
(35, 12, 20)
(35, 13, 16)
(35, 14, 16)
(35, 15, 16)
(35, 16, 16)
(35, 17, 16)
(35, 18, 16)
(35, 19, 14)
(35, 20, 14)
(35, 21, 14)
(35, 22, 14)
(35, 23, 14)
(35, 24, 12)
(35, 25, 12)
(35, 26, 12)
(35, 27, 12)
(35, 28, 12)
(35, 29, 12)
(35, 30, 12)
(35, 31, 12)
(35, 32, 12)
(35, 33, 12)
(35, 34, 12)
(35, 35, 11)
(35, 36, 11)
(35, 37, 11)
(35, 38, 10)
(35, 39, 10)

(36, 0, 517)
(36, 1, 244)
(36, 2, 158)
(36, 3, 123)
(36, 4, 71)
(36, 5, 64)
(36, 6, 53)
(36, 7, 29)
(36, 8, 25)
(36, 9, 24)
(36, 10, 23)
(36, 11, 22)
(36, 12, 20)
(36, 13, 16)
(36, 14, 16)
(36, 15, 16)
(36, 16, 16)
(36, 17, 16)
(36, 18, 16)
(36, 19, 14)
(36, 20, 14)
(36, 21, 14)
(36, 22, 14)
(36, 23, 14)
(36, 24, 12)
(36, 25, 12)
(36, 26, 12)
(36, 27, 12)
(36, 28, 12)
(36, 29, 12)
(36, 30, 12)
(36, 31, 12)
(36, 32, 12)
(36, 33, 12)
(36, 34, 12)
(36, 35, 11)
(36, 36, 11)
(36, 37, 10)
(36, 38, 9)
(36, 39, 9)

(37, 0, 541)
(37, 1, 263)
(37, 2, 170)
(37, 3, 132)
(37, 4, 74)
(37, 5, 67)
(37, 6, 56)
(37, 7, 29)
(37, 8, 25)
(37, 9, 24)
(37, 10, 23)
(37, 11, 22)
(37, 12, 20)
(37, 13, 16)
(37, 14, 16)
(37, 15, 16)
(37, 16, 16)
(37, 17, 16)
(37, 18, 16)
(37, 19, 14)
(37, 20, 14)
(37, 21, 14)
(37, 22, 14)
(37, 23, 13)
(37, 24, 11)
(37, 25, 11)
(37, 26, 11)
(37, 27, 11)
(37, 28, 11)
(37, 29, 11)
(37, 30, 11)
(37, 31, 11)
(37, 32, 11)
(37, 33, 11)
(37, 34, 11)
(37, 35, 9)
(37, 36, 9)
(37, 37, 9)
(37, 38, 8)
(37, 39, 8)

(38, 0, 563)
(38, 1, 278)
(38, 2, 181)
(38, 3, 139)
(38, 4, 75)
(38, 5, 68)
(38, 6, 57)
(38, 7, 28)
(38, 8, 24)
(38, 9, 23)
(38, 10, 22)
(38, 11, 21)
(38, 12, 19)
(38, 13, 15)
(38, 14, 15)
(38, 15, 15)
(38, 16, 15)
(38, 17, 15)
(38, 18, 15)
(38, 19, 13)
(38, 20, 13)
(38, 21, 13)
(38, 22, 13)
(38, 23, 13)
(38, 24, 11)
(38, 25, 11)
(38, 26, 11)
(38, 27, 11)
(38, 28, 11)
(38, 29, 11)
(38, 30, 11)
(38, 31, 11)
(38, 32, 11)
(38, 33, 11)
(38, 34, 11)
(38, 35, 9)
(38, 36, 9)
(38, 37, 9)
(38, 38, 8)
(38, 39, 8)

(39, 0, 572)
(39, 1, 283)
(39, 2, 185)
(39, 3, 142)
(39, 4, 78)
(39, 5, 70)
(39, 6, 58)
(39, 7, 28)
(39, 8, 24)
(39, 9, 23)
(39, 10, 22)
(39, 11, 21)
(39, 12, 19)
(39, 13, 15)
(39, 14, 15)
(39, 15, 15)
(39, 16, 15)
(39, 17, 15)
(39, 18, 15)
(39, 19, 13)
(39, 20, 13)
(39, 21, 13)
(39, 22, 13)
(39, 23, 13)
(39, 24, 11)
(39, 25, 11)
(39, 26, 11)
(39, 27, 11)
(39, 28, 11)
(39, 29, 11)
(39, 30, 11)
(39, 31, 11)
(39, 32, 11)
(39, 33, 11)
(39, 34, 11)
(39, 35, 9)
(39, 36, 9)
(39, 37, 9)
(39, 38, 8)
(39, 39, 8)


Betti numbers:
xi_0:
(0, 0, 3)
(3, 0, 2)
(4, 0, 1)
(5, 0, 1)
(6, 0, 2)
(7, 0, 5)
(8, 0, 8)
(9, 0, 4)
(10, 0, 5)
(11, 0, 4)
(12, 0, 1)
(13, 0, 15)
(14, 0, 13)
(15, 0, 12)
(16, 0, 15)
(17, 0, 5)
(18, 0, 4)
(19, 0, 10)
(20, 0, 14)
(21, 0, 17)
(22, 0, 21)
(23, 0, 24)
(24, 0, 54)
(25, 0, 58)
(26, 0, 62)
(27, 0, 64)
(28, 0, 23)
(29, 0, 3)
(30, 0, 7)
(31, 0, 5)
(32, 0, 2)
(33, 0, 15)
(34, 0, 10)
(35, 0, 13)
(36, 0, 15)
(37, 0, 24)
(38, 0, 22)
(39, 0, 9)
xi_1:
(0, 4, 2)
(3, 4, 1)
(4, 4, 1)
(5, 24, 1)
(6, 1, 1)
(6, 13, 1)
(7, 1, 2)
(7, 3, 1)
(7, 4, 1)
(8, 1, 3)
(8, 2, 1)
(8, 4, 2)
(8, 19, 1)
(9, 1, 1)
(9, 3, 1)
(9, 4, 2)
(10, 1, 2)
(10, 4, 1)
(10, 6, 1)
(11, 4, 2)
(11, 6, 1)
(11, 13, 1)
(12, 19, 1)
(13, 1, 8)
(13, 2, 2)
(13, 4, 2)
(13, 8, 1)
(13, 11, 1)
(13, 17, 1)
(14, 1, 12)
(14, 13, 1)
(15, 1, 10)
(15, 3, 1)
(15, 12, 1)
(15, 13, 1)
(16, 1, 12)
(16, 2, 1)
(16, 3, 1)
(16, 8, 1)
(17, 4, 1)
(17, 8, 2)
(17, 24, 1)
(18, 2, 1)
(18, 9, 1)
(18, 10, 1)
(19, 1, 4)
(19, 2, 2)
(19, 3, 1)
(19, 4, 1)
(19, 5, 2)
(20, 1, 5)
(20, 2, 1)
(20, 3, 1)
(20, 4, 4)
(20, 7, 1)
(20, 13, 1)
(20, 38, 1)
(21, 1, 4)
(21, 2, 5)
(21, 3, 2)
(21, 4, 4)
(21, 5, 1)
(21, 38, 1)
(22, 1, 9)
(22, 2, 2)
(22, 3, 6)
(22, 4, 6)
(22, 36, 1)
(23, 1, 13)
(23, 2, 4)
(23, 3, 1)
(23, 4, 3)
(23, 20, 1)
(23, 27, 1)
(24, 1, 40)
(24, 2, 7)
(24, 3, 2)
(24, 4, 1)
(24, 6, 1)
(24, 7, 3)
(24, 12, 1)
(24, 25, 1)
(24, 35, 1)
(25, 1, 33)
(25, 2, 14)
(25, 3, 2)
(25, 4, 2)
(25, 7, 5)
(25, 14, 2)
(25, 17, 1)
(25, 22, 1)
(26, 1, 33)
(26, 2, 18)
(26, 3, 1)
(26, 4, 5)
(26, 5, 2)
(26, 6, 3)
(26, 7, 3)
(26, 8, 1)
(27, 1, 46)
(27, 2, 12)
(27, 3, 4)
(27, 4, 1)
(27, 5, 1)
(27, 6, 2)
(27, 7, 2)
(28, 1, 13)
(28, 2, 5)
(28, 5, 1)
(28, 6, 2)
(28, 7, 2)
(29, 1, 1)
(29, 2, 1)
(29, 6, 1)
(30, 1, 2)
(30, 2, 1)
(30, 3, 1)
(30, 7, 1)
(30, 10, 1)
(31, 1, 2)
(31, 2, 3)
(31, 7, 1)
(32, 6, 1)
(32, 7, 1)
(33, 1, 6)
(33, 2, 3)
(33, 3, 2)
(33, 4, 1)
(33, 5, 1)
(33, 7, 1)
(34, 1, 3)
(34, 2, 1)
(34, 3, 2)
(34, 4, 2)
(34, 7, 2)
(35, 1, 5)
(35, 2, 2)
(35, 3, 2)
(35, 4, 1)
(35, 5, 2)
(35, 7, 1)
(36, 1, 3)
(36, 2, 1)
(36, 3, 4)
(36, 4, 6)
(36, 6, 1)
(36, 7, 1)
(36, 37, 1)
(37, 1, 5)
(37, 2, 7)
(37, 3, 3)
(37, 4, 6)
(37, 7, 3)
(37, 23, 1)
(37, 35, 1)
(38, 1, 7)
(38, 2, 4)
(38, 3, 4)
(38, 4, 6)
(38, 7, 2)
(39, 1, 4)
(39, 2, 1)
(39, 3, 1)
(39, 5, 1)
(39, 6, 1)
(39, 7, 1)
xi_2:
(14, 17, 1)
(15, 13, 1)
(22, 5, 2)
(22, 38, 1)
(24, 20, 1)
(24, 27, 1)
(24, 36, 1)
(25, 25, 1)
(26, 14, 2)
(26, 17, 1)
(26, 22, 1)
(27, 2, 1)
(27, 6, 2)
(27, 8, 1)
(31, 10, 1)
(36, 5, 1)
(37, 37, 1)
(38, 23, 1)
