x-grades
-9469075789431500617/4000000000000000000
-4636533299973218617/2000000000000000000
-9077057410461373851/4000000000000000000
-2220262055244077617/1000000000000000000
-1737007806298249417/800000000000000000
-4244514921003091851/2000000000000000000
-8293020652521120319/4000000000000000000
-1012126432879507117/500000000000000000
-7901002273550993553/4000000000000000000
-770499308406593017/400000000000000000
-7508983894580866787/4000000000000000000
-1828243676273950851/1000000000000000000
-7116965515610740021/4000000000000000000
-3460478163062838319/2000000000000000000
-1344989427328122651/800000000000000000
-408058621697221867/250000000000000000
-6332928757670486489/4000000000000000000
-3068459784092711553/2000000000000000000
-5940910378700359723/4000000000000000000
-287245059460764817/200000000000000000
-5548891999730232957/4000000000000000000
-2676441405122584787/2000000000000000000
-5156873620760106191/4000000000000000000
-620108053909380351/500000000000000000
-190594209671599177/160000000000000000
-2284423026152458021/2000000000000000000
-4372836862819852659/4000000000000000000
-1044206918333697319/1000000000000000000
-3980818483849725893/4000000000000000000
-378480929436466251/400000000000000000
-3588800104879599127/4000000000000000000
-53012358053039621/62500000000000000
-3196781725909472361/4000000000000000000
-1500386268212204489/2000000000000000000
-560952669387869119/800000000000000000
-652188539363570553/1000000000000000000
-2412744967969218829/4000000000000000000
-1108367889242077723/2000000000000000000
-2020726588999092063/4000000000000000000
-45617934987850717/100000000000000000

y-grades
9997409/40000000
9997409/20000000
29992227/40000000
9997409/10000000
9997409/8000000
29992227/20000000
69981863/40000000
9997409/5000000
89976681/40000000
9997409/4000000
109971499/40000000
29992227/10000000
129966317/40000000
69981863/20000000
29992227/8000000
9997409/2500000
169955953/40000000
89976681/20000000
189950771/40000000
9997409/2000000
209945589/40000000
109971499/20000000
229940407/40000000
29992227/5000000
9997409/1600000
129966317/20000000
269930043/40000000
69981863/10000000
289924861/40000000
29992227/4000000
309919679/40000000
9997409/1250000
329914497/40000000
169955953/20000000
69981863/8000000
89976681/10000000
369904133/40000000
189950771/20000000
389898951/40000000
9997409/1000000

Dimensions > 0:
(0, 0, 8)
(0, 1, 6)
(0, 2, 5)
(0, 3, 5)
(0, 4, 5)
(0, 5, 4)
(0, 6, 4)
(0, 7, 4)
(0, 8, 3)
(0, 9, 3)
(0, 10, 3)
(0, 11, 3)
(0, 12, 3)
(0, 13, 3)
(0, 14, 3)
(0, 15, 3)
(0, 16, 3)
(0, 17, 3)
(0, 18, 3)
(0, 19, 3)
(0, 20, 3)
(0, 21, 3)
(0, 22, 3)
(0, 23, 3)
(0, 24, 3)
(0, 25, 3)
(0, 26, 3)
(0, 27, 3)
(0, 28, 2)
(0, 29, 2)
(0, 30, 2)
(0, 31, 2)
(0, 32, 2)
(0, 33, 2)
(0, 34, 2)
(0, 35, 2)
(0, 36, 2)
(0, 37, 2)
(0, 38, 2)
(0, 39, 2)

(1, 0, 21)
(1, 1, 15)
(1, 2, 11)
(1, 3, 10)
(1, 4, 7)
(1, 5, 6)
(1, 6, 4)
(1, 7, 4)
(1, 8, 3)
(1, 9, 3)
(1, 10, 3)
(1, 11, 3)
(1, 12, 3)
(1, 13, 3)
(1, 14, 3)
(1, 15, 3)
(1, 16, 3)
(1, 17, 3)
(1, 18, 3)
(1, 19, 3)
(1, 20, 3)
(1, 21, 3)
(1, 22, 3)
(1, 23, 3)
(1, 24, 3)
(1, 25, 3)
(1, 26, 2)
(1, 27, 2)
(1, 28, 2)
(1, 29, 2)
(1, 30, 2)
(1, 31, 2)
(1, 32, 2)
(1, 33, 2)
(1, 34, 2)
(1, 35, 2)
(1, 36, 2)
(1, 37, 2)
(1, 38, 2)
(1, 39, 2)

(2, 0, 34)
(2, 1, 24)
(2, 2, 17)
(2, 3, 16)
(2, 4, 10)
(2, 5, 8)
(2, 6, 6)
(2, 7, 5)
(2, 8, 4)
(2, 9, 4)
(2, 10, 4)
(2, 11, 4)
(2, 12, 3)
(2, 13, 3)
(2, 14, 3)
(2, 15, 3)
(2, 16, 3)
(2, 17, 3)
(2, 18, 2)
(2, 19, 2)
(2, 20, 2)
(2, 21, 2)
(2, 22, 2)
(2, 23, 2)
(2, 24, 2)
(2, 25, 2)
(2, 26, 2)
(2, 27, 2)
(2, 28, 2)
(2, 29, 2)
(2, 30, 2)
(2, 31, 2)
(2, 32, 2)
(2, 33, 2)
(2, 34, 2)
(2, 35, 2)
(2, 36, 2)
(2, 37, 2)
(2, 38, 2)
(2, 39, 2)

(3, 0, 53)
(3, 1, 36)
(3, 2, 26)
(3, 3, 23)
(3, 4, 17)
(3, 5, 14)
(3, 6, 12)
(3, 7, 11)
(3, 8, 10)
(3, 9, 10)
(3, 10, 10)
(3, 11, 9)
(3, 12, 8)
(3, 13, 8)
(3, 14, 8)
(3, 15, 6)
(3, 16, 6)
(3, 17, 6)
(3, 18, 5)
(3, 19, 5)
(3, 20, 5)
(3, 21, 5)
(3, 22, 5)
(3, 23, 5)
(3, 24, 5)
(3, 25, 5)
(3, 26, 5)
(3, 27, 5)
(3, 28, 4)
(3, 29, 4)
(3, 30, 4)
(3, 31, 4)
(3, 32, 4)
(3, 33, 4)
(3, 34, 3)
(3, 35, 3)
(3, 36, 3)
(3, 37, 3)
(3, 38, 3)
(3, 39, 3)

(4, 0, 74)
(4, 1, 47)
(4, 2, 30)
(4, 3, 27)
(4, 4, 21)
(4, 5, 16)
(4, 6, 13)
(4, 7, 12)
(4, 8, 9)
(4, 9, 9)
(4, 10, 9)
(4, 11, 9)
(4, 12, 8)
(4, 13, 8)
(4, 14, 7)
(4, 15, 6)
(4, 16, 6)
(4, 17, 6)
(4, 18, 5)
(4, 19, 5)
(4, 20, 5)
(4, 21, 5)
(4, 22, 5)
(4, 23, 5)
(4, 24, 5)
(4, 25, 5)
(4, 26, 4)
(4, 27, 4)
(4, 28, 4)
(4, 29, 4)
(4, 30, 4)
(4, 31, 4)
(4, 32, 4)
(4, 33, 4)
(4, 34, 3)
(4, 35, 3)
(4, 36, 3)
(4, 37, 3)
(4, 38, 3)
(4, 39, 3)

(5, 0, 86)
(5, 1, 58)
(5, 2, 37)
(5, 3, 34)
(5, 4, 27)
(5, 5, 21)
(5, 6, 17)
(5, 7, 16)
(5, 8, 13)
(5, 9, 11)
(5, 10, 11)
(5, 11, 11)
(5, 12, 10)
(5, 13, 10)
(5, 14, 9)
(5, 15, 8)
(5, 16, 8)
(5, 17, 8)
(5, 18, 6)
(5, 19, 6)
(5, 20, 6)
(5, 21, 6)
(5, 22, 6)
(5, 23, 6)
(5, 24, 5)
(5, 25, 5)
(5, 26, 5)
(5, 27, 4)
(5, 28, 4)
(5, 29, 4)
(5, 30, 4)
(5, 31, 4)
(5, 32, 4)
(5, 33, 3)
(5, 34, 3)
(5, 35, 3)
(5, 36, 3)
(5, 37, 3)
(5, 38, 3)
(5, 39, 3)

(6, 0, 95)
(6, 1, 65)
(6, 2, 41)
(6, 3, 37)
(6, 4, 30)
(6, 5, 23)
(6, 6, 19)
(6, 7, 17)
(6, 8, 14)
(6, 9, 13)
(6, 10, 13)
(6, 11, 13)
(6, 12, 11)
(6, 13, 11)
(6, 14, 10)
(6, 15, 9)
(6, 16, 9)
(6, 17, 7)
(6, 18, 6)
(6, 19, 6)
(6, 20, 6)
(6, 21, 6)
(6, 22, 6)
(6, 23, 6)
(6, 24, 5)
(6, 25, 5)
(6, 26, 5)
(6, 27, 4)
(6, 28, 4)
(6, 29, 4)
(6, 30, 4)
(6, 31, 4)
(6, 32, 4)
(6, 33, 3)
(6, 34, 3)
(6, 35, 3)
(6, 36, 3)
(6, 37, 3)
(6, 38, 3)
(6, 39, 3)

(7, 0, 115)
(7, 1, 82)
(7, 2, 57)
(7, 3, 44)
(7, 4, 37)
(7, 5, 30)
(7, 6, 24)
(7, 7, 22)
(7, 8, 19)
(7, 9, 18)
(7, 10, 18)
(7, 11, 18)
(7, 12, 14)
(7, 13, 13)
(7, 14, 12)
(7, 15, 9)
(7, 16, 9)
(7, 17, 7)
(7, 18, 6)
(7, 19, 6)
(7, 20, 6)
(7, 21, 5)
(7, 22, 5)
(7, 23, 5)
(7, 24, 4)
(7, 25, 4)
(7, 26, 4)
(7, 27, 3)
(7, 28, 3)
(7, 29, 3)
(7, 30, 3)
(7, 31, 3)
(7, 32, 3)
(7, 33, 2)
(7, 34, 2)
(7, 35, 2)
(7, 36, 2)
(7, 37, 2)
(7, 38, 2)
(7, 39, 2)

(8, 0, 125)
(8, 1, 89)
(8, 2, 63)
(8, 3, 50)
(8, 4, 42)
(8, 5, 33)
(8, 6, 27)
(8, 7, 25)
(8, 8, 21)
(8, 9, 20)
(8, 10, 19)
(8, 11, 19)
(8, 12, 15)
(8, 13, 14)
(8, 14, 13)
(8, 15, 10)
(8, 16, 10)
(8, 17, 8)
(8, 18, 7)
(8, 19, 7)
(8, 20, 7)
(8, 21, 6)
(8, 22, 6)
(8, 23, 6)
(8, 24, 5)
(8, 25, 5)
(8, 26, 5)
(8, 27, 4)
(8, 28, 4)
(8, 29, 4)
(8, 30, 4)
(8, 31, 3)
(8, 32, 3)
(8, 33, 2)
(8, 34, 2)
(8, 35, 2)
(8, 36, 2)
(8, 37, 2)
(8, 38, 2)
(8, 39, 2)

(9, 0, 127)
(9, 1, 91)
(9, 2, 65)
(9, 3, 52)
(9, 4, 44)
(9, 5, 35)
(9, 6, 29)
(9, 7, 27)
(9, 8, 23)
(9, 9, 22)
(9, 10, 21)
(9, 11, 21)
(9, 12, 17)
(9, 13, 16)
(9, 14, 15)
(9, 15, 12)
(9, 16, 12)
(9, 17, 10)
(9, 18, 9)
(9, 19, 9)
(9, 20, 8)
(9, 21, 6)
(9, 22, 6)
(9, 23, 6)
(9, 24, 5)
(9, 25, 5)
(9, 26, 5)
(9, 27, 4)
(9, 28, 4)
(9, 29, 4)
(9, 30, 4)
(9, 31, 3)
(9, 32, 3)
(9, 33, 2)
(9, 34, 2)
(9, 35, 2)
(9, 36, 2)
(9, 37, 2)
(9, 38, 2)
(9, 39, 2)

(10, 0, 130)
(10, 1, 94)
(10, 2, 68)
(10, 3, 55)
(10, 4, 47)
(10, 5, 38)
(10, 6, 32)
(10, 7, 30)
(10, 8, 26)
(10, 9, 25)
(10, 10, 24)
(10, 11, 22)
(10, 12, 18)
(10, 13, 16)
(10, 14, 15)
(10, 15, 12)
(10, 16, 12)
(10, 17, 9)
(10, 18, 8)
(10, 19, 8)
(10, 20, 7)
(10, 21, 6)
(10, 22, 6)
(10, 23, 6)
(10, 24, 5)
(10, 25, 5)
(10, 26, 5)
(10, 27, 4)
(10, 28, 4)
(10, 29, 4)
(10, 30, 4)
(10, 31, 3)
(10, 32, 3)
(10, 33, 2)
(10, 34, 2)
(10, 35, 2)
(10, 36, 2)
(10, 37, 2)
(10, 38, 2)
(10, 39, 2)

(11, 0, 131)
(11, 1, 95)
(11, 2, 69)
(11, 3, 56)
(11, 4, 48)
(11, 5, 39)
(11, 6, 33)
(11, 7, 31)
(11, 8, 27)
(11, 9, 26)
(11, 10, 25)
(11, 11, 23)
(11, 12, 19)
(11, 13, 17)
(11, 14, 16)
(11, 15, 13)
(11, 16, 13)
(11, 17, 10)
(11, 18, 9)
(11, 19, 9)
(11, 20, 8)
(11, 21, 7)
(11, 22, 7)
(11, 23, 6)
(11, 24, 5)
(11, 25, 4)
(11, 26, 4)
(11, 27, 3)
(11, 28, 3)
(11, 29, 3)
(11, 30, 3)
(11, 31, 3)
(11, 32, 3)
(11, 33, 2)
(11, 34, 2)
(11, 35, 2)
(11, 36, 2)
(11, 37, 2)
(11, 38, 2)
(11, 39, 2)

(12, 0, 134)
(12, 1, 98)
(12, 2, 72)
(12, 3, 59)
(12, 4, 51)
(12, 5, 42)
(12, 6, 36)
(12, 7, 34)
(12, 8, 29)
(12, 9, 28)
(12, 10, 27)
(12, 11, 24)
(12, 12, 20)
(12, 13, 17)
(12, 14, 16)
(12, 15, 12)
(12, 16, 12)
(12, 17, 10)
(12, 18, 9)
(12, 19, 9)
(12, 20, 8)
(12, 21, 7)
(12, 22, 7)
(12, 23, 6)
(12, 24, 5)
(12, 25, 4)
(12, 26, 4)
(12, 27, 3)
(12, 28, 3)
(12, 29, 3)
(12, 30, 3)
(12, 31, 3)
(12, 32, 3)
(12, 33, 2)
(12, 34, 2)
(12, 35, 2)
(12, 36, 2)
(12, 37, 2)
(12, 38, 2)
(12, 39, 2)

(13, 0, 135)
(13, 1, 99)
(13, 2, 73)
(13, 3, 60)
(13, 4, 52)
(13, 5, 43)
(13, 6, 37)
(13, 7, 35)
(13, 8, 30)
(13, 9, 29)
(13, 10, 28)
(13, 11, 25)
(13, 12, 20)
(13, 13, 17)
(13, 14, 16)
(13, 15, 12)
(13, 16, 12)
(13, 17, 10)
(13, 18, 9)
(13, 19, 9)
(13, 20, 8)
(13, 21, 7)
(13, 22, 7)
(13, 23, 6)
(13, 24, 5)
(13, 25, 4)
(13, 26, 4)
(13, 27, 3)
(13, 28, 3)
(13, 29, 3)
(13, 30, 3)
(13, 31, 3)
(13, 32, 3)
(13, 33, 2)
(13, 34, 2)
(13, 35, 2)
(13, 36, 2)
(13, 37, 2)
(13, 38, 2)
(13, 39, 2)

(14, 0, 135)
(14, 1, 99)
(14, 2, 73)
(14, 3, 60)
(14, 4, 52)
(14, 5, 43)
(14, 6, 37)
(14, 7, 35)
(14, 8, 30)
(14, 9, 29)
(14, 10, 28)
(14, 11, 25)
(14, 12, 20)
(14, 13, 17)
(14, 14, 16)
(14, 15, 12)
(14, 16, 12)
(14, 17, 10)
(14, 18, 9)
(14, 19, 9)
(14, 20, 8)
(14, 21, 7)
(14, 22, 7)
(14, 23, 6)
(14, 24, 5)
(14, 25, 4)
(14, 26, 4)
(14, 27, 3)
(14, 28, 3)
(14, 29, 3)
(14, 30, 3)
(14, 31, 3)
(14, 32, 3)
(14, 33, 2)
(14, 34, 2)
(14, 35, 2)
(14, 36, 2)
(14, 37, 2)
(14, 38, 2)
(14, 39, 2)

(15, 0, 135)
(15, 1, 99)
(15, 2, 73)
(15, 3, 60)
(15, 4, 52)
(15, 5, 43)
(15, 6, 37)
(15, 7, 35)
(15, 8, 30)
(15, 9, 29)
(15, 10, 28)
(15, 11, 25)
(15, 12, 20)
(15, 13, 17)
(15, 14, 16)
(15, 15, 12)
(15, 16, 12)
(15, 17, 10)
(15, 18, 9)
(15, 19, 9)
(15, 20, 8)
(15, 21, 7)
(15, 22, 7)
(15, 23, 6)
(15, 24, 5)
(15, 25, 4)
(15, 26, 4)
(15, 27, 3)
(15, 28, 3)
(15, 29, 3)
(15, 30, 3)
(15, 31, 3)
(15, 32, 3)
(15, 33, 2)
(15, 34, 2)
(15, 35, 2)
(15, 36, 2)
(15, 37, 2)
(15, 38, 2)
(15, 39, 2)

(16, 0, 139)
(16, 1, 103)
(16, 2, 76)
(16, 3, 62)
(16, 4, 54)
(16, 5, 45)
(16, 6, 39)
(16, 7, 37)
(16, 8, 32)
(16, 9, 31)
(16, 10, 30)
(16, 11, 27)
(16, 12, 22)
(16, 13, 19)
(16, 14, 18)
(16, 15, 14)
(16, 16, 14)
(16, 17, 11)
(16, 18, 10)
(16, 19, 10)
(16, 20, 9)
(16, 21, 8)
(16, 22, 8)
(16, 23, 7)
(16, 24, 6)
(16, 25, 5)
(16, 26, 5)
(16, 27, 4)
(16, 28, 4)
(16, 29, 4)
(16, 30, 4)
(16, 31, 4)
(16, 32, 4)
(16, 33, 3)
(16, 34, 3)
(16, 35, 3)
(16, 36, 3)
(16, 37, 3)
(16, 38, 3)
(16, 39, 3)

(17, 0, 145)
(17, 1, 108)
(17, 2, 80)
(17, 3, 65)
(17, 4, 57)
(17, 5, 47)
(17, 6, 41)
(17, 7, 38)
(17, 8, 33)
(17, 9, 32)
(17, 10, 31)
(17, 11, 28)
(17, 12, 23)
(17, 13, 20)
(17, 14, 19)
(17, 15, 15)
(17, 16, 15)
(17, 17, 12)
(17, 18, 11)
(17, 19, 11)
(17, 20, 10)
(17, 21, 9)
(17, 22, 8)
(17, 23, 7)
(17, 24, 6)
(17, 25, 5)
(17, 26, 5)
(17, 27, 4)
(17, 28, 4)
(17, 29, 4)
(17, 30, 4)
(17, 31, 4)
(17, 32, 4)
(17, 33, 3)
(17, 34, 3)
(17, 35, 3)
(17, 36, 3)
(17, 37, 3)
(17, 38, 3)
(17, 39, 3)

(18, 0, 157)
(18, 1, 115)
(18, 2, 87)
(18, 3, 71)
(18, 4, 62)
(18, 5, 49)
(18, 6, 43)
(18, 7, 40)
(18, 8, 35)
(18, 9, 34)
(18, 10, 33)
(18, 11, 30)
(18, 12, 24)
(18, 13, 21)
(18, 14, 20)
(18, 15, 16)
(18, 16, 15)
(18, 17, 13)
(18, 18, 12)
(18, 19, 12)
(18, 20, 11)
(18, 21, 10)
(18, 22, 9)
(18, 23, 8)
(18, 24, 7)
(18, 25, 6)
(18, 26, 5)
(18, 27, 4)
(18, 28, 4)
(18, 29, 4)
(18, 30, 4)
(18, 31, 4)
(18, 32, 4)
(18, 33, 3)
(18, 34, 3)
(18, 35, 3)
(18, 36, 3)
(18, 37, 3)
(18, 38, 3)
(18, 39, 3)

(19, 0, 157)
(19, 1, 115)
(19, 2, 87)
(19, 3, 71)
(19, 4, 62)
(19, 5, 49)
(19, 6, 43)
(19, 7, 40)
(19, 8, 35)
(19, 9, 34)
(19, 10, 33)
(19, 11, 30)
(19, 12, 24)
(19, 13, 21)
(19, 14, 20)
(19, 15, 16)
(19, 16, 15)
(19, 17, 13)
(19, 18, 12)
(19, 19, 12)
(19, 20, 11)
(19, 21, 10)
(19, 22, 9)
(19, 23, 8)
(19, 24, 7)
(19, 25, 6)
(19, 26, 5)
(19, 27, 4)
(19, 28, 4)
(19, 29, 4)
(19, 30, 4)
(19, 31, 4)
(19, 32, 4)
(19, 33, 3)
(19, 34, 3)
(19, 35, 3)
(19, 36, 3)
(19, 37, 3)
(19, 38, 3)
(19, 39, 3)

(20, 0, 160)
(20, 1, 118)
(20, 2, 90)
(20, 3, 74)
(20, 4, 65)
(20, 5, 52)
(20, 6, 45)
(20, 7, 42)
(20, 8, 37)
(20, 9, 36)
(20, 10, 35)
(20, 11, 32)
(20, 12, 25)
(20, 13, 22)
(20, 14, 21)
(20, 15, 17)
(20, 16, 16)
(20, 17, 14)
(20, 18, 13)
(20, 19, 13)
(20, 20, 12)
(20, 21, 11)
(20, 22, 10)
(20, 23, 9)
(20, 24, 8)
(20, 25, 6)
(20, 26, 5)
(20, 27, 4)
(20, 28, 4)
(20, 29, 4)
(20, 30, 4)
(20, 31, 4)
(20, 32, 4)
(20, 33, 3)
(20, 34, 3)
(20, 35, 3)
(20, 36, 3)
(20, 37, 3)
(20, 38, 3)
(20, 39, 3)

(21, 0, 164)
(21, 1, 122)
(21, 2, 93)
(21, 3, 77)
(21, 4, 68)
(21, 5, 55)
(21, 6, 48)
(21, 7, 45)
(21, 8, 40)
(21, 9, 39)
(21, 10, 38)
(21, 11, 35)
(21, 12, 28)
(21, 13, 25)
(21, 14, 23)
(21, 15, 19)
(21, 16, 18)
(21, 17, 16)
(21, 18, 15)
(21, 19, 15)
(21, 20, 14)
(21, 21, 12)
(21, 22, 11)
(21, 23, 10)
(21, 24, 9)
(21, 25, 7)
(21, 26, 6)
(21, 27, 5)
(21, 28, 5)
(21, 29, 5)
(21, 30, 5)
(21, 31, 5)
(21, 32, 5)
(21, 33, 4)
(21, 34, 4)
(21, 35, 4)
(21, 36, 4)
(21, 37, 4)
(21, 38, 4)
(21, 39, 4)

(22, 0, 174)
(22, 1, 131)
(22, 2, 102)
(22, 3, 86)
(22, 4, 76)
(22, 5, 62)
(22, 6, 55)
(22, 7, 51)
(22, 8, 45)
(22, 9, 44)
(22, 10, 43)
(22, 11, 40)
(22, 12, 33)
(22, 13, 30)
(22, 14, 27)
(22, 15, 23)
(22, 16, 22)
(22, 17, 19)
(22, 18, 17)
(22, 19, 17)
(22, 20, 16)
(22, 21, 14)
(22, 22, 13)
(22, 23, 12)
(22, 24, 11)
(22, 25, 8)
(22, 26, 6)
(22, 27, 5)
(22, 28, 5)
(22, 29, 5)
(22, 30, 5)
(22, 31, 5)
(22, 32, 4)
(22, 33, 3)
(22, 34, 3)
(22, 35, 3)
(22, 36, 3)
(22, 37, 3)
(22, 38, 3)
(22, 39, 3)

(23, 0, 196)
(23, 1, 152)
(23, 2, 115)
(23, 3, 98)
(23, 4, 86)
(23, 5, 68)
(23, 6, 60)
(23, 7, 55)
(23, 8, 48)
(23, 9, 47)
(23, 10, 46)
(23, 11, 43)
(23, 12, 33)
(23, 13, 30)
(23, 14, 27)
(23, 15, 23)
(23, 16, 22)
(23, 17, 19)
(23, 18, 17)
(23, 19, 17)
(23, 20, 16)
(23, 21, 14)
(23, 22, 13)
(23, 23, 12)
(23, 24, 11)
(23, 25, 8)
(23, 26, 6)
(23, 27, 5)
(23, 28, 5)
(23, 29, 5)
(23, 30, 5)
(23, 31, 5)
(23, 32, 4)
(23, 33, 3)
(23, 34, 3)
(23, 35, 3)
(23, 36, 3)
(23, 37, 3)
(23, 38, 3)
(23, 39, 3)

(24, 0, 217)
(24, 1, 171)
(24, 2, 128)
(24, 3, 111)
(24, 4, 94)
(24, 5, 74)
(24, 6, 66)
(24, 7, 61)
(24, 8, 54)
(24, 9, 53)
(24, 10, 52)
(24, 11, 49)
(24, 12, 38)
(24, 13, 35)
(24, 14, 32)
(24, 15, 27)
(24, 16, 26)
(24, 17, 22)
(24, 18, 19)
(24, 19, 19)
(24, 20, 18)
(24, 21, 14)
(24, 22, 13)
(24, 23, 12)
(24, 24, 11)
(24, 25, 9)
(24, 26, 7)
(24, 27, 6)
(24, 28, 6)
(24, 29, 6)
(24, 30, 6)
(24, 31, 5)
(24, 32, 5)
(24, 33, 4)
(24, 34, 4)
(24, 35, 4)
(24, 36, 4)
(24, 37, 4)
(24, 38, 4)
(24, 39, 4)

(25, 0, 229)
(25, 1, 181)
(25, 2, 135)
(25, 3, 118)
(25, 4, 101)
(25, 5, 80)
(25, 6, 71)
(25, 7, 63)
(25, 8, 55)
(25, 9, 54)
(25, 10, 53)
(25, 11, 50)
(25, 12, 37)
(25, 13, 34)
(25, 14, 31)
(25, 15, 26)
(25, 16, 25)
(25, 17, 21)
(25, 18, 19)
(25, 19, 19)
(25, 20, 18)
(25, 21, 14)
(25, 22, 13)
(25, 23, 12)
(25, 24, 11)
(25, 25, 9)
(25, 26, 7)
(25, 27, 6)
(25, 28, 6)
(25, 29, 6)
(25, 30, 6)
(25, 31, 5)
(25, 32, 5)
(25, 33, 4)
(25, 34, 4)
(25, 35, 4)
(25, 36, 4)
(25, 37, 4)
(25, 38, 4)
(25, 39, 4)

(26, 0, 247)
(26, 1, 188)
(26, 2, 142)
(26, 3, 124)
(26, 4, 107)
(26, 5, 86)
(26, 6, 77)
(26, 7, 69)
(26, 8, 61)
(26, 9, 59)
(26, 10, 58)
(26, 11, 55)
(26, 12, 42)
(26, 13, 39)
(26, 14, 36)
(26, 15, 30)
(26, 16, 29)
(26, 17, 24)
(26, 18, 22)
(26, 19, 21)
(26, 20, 20)
(26, 21, 16)
(26, 22, 15)
(26, 23, 14)
(26, 24, 13)
(26, 25, 11)
(26, 26, 9)
(26, 27, 8)
(26, 28, 8)
(26, 29, 8)
(26, 30, 8)
(26, 31, 7)
(26, 32, 7)
(26, 33, 6)
(26, 34, 6)
(26, 35, 6)
(26, 36, 6)
(26, 37, 5)
(26, 38, 5)
(26, 39, 5)

(27, 0, 265)
(27, 1, 200)
(27, 2, 151)
(27, 3, 133)
(27, 4, 116)
(27, 5, 93)
(27, 6, 81)
(27, 7, 71)
(27, 8, 64)
(27, 9, 60)
(27, 10, 59)
(27, 11, 56)
(27, 12, 42)
(27, 13, 38)
(27, 14, 35)
(27, 15, 29)
(27, 16, 28)
(27, 17, 24)
(27, 18, 22)
(27, 19, 21)
(27, 20, 20)
(27, 21, 16)
(27, 22, 15)
(27, 23, 14)
(27, 24, 13)
(27, 25, 11)
(27, 26, 9)
(27, 27, 8)
(27, 28, 8)
(27, 29, 8)
(27, 30, 8)
(27, 31, 7)
(27, 32, 7)
(27, 33, 6)
(27, 34, 6)
(27, 35, 5)
(27, 36, 5)
(27, 37, 5)
(27, 38, 5)
(27, 39, 5)

(28, 0, 276)
(28, 1, 209)
(28, 2, 159)
(28, 3, 140)
(28, 4, 123)
(28, 5, 98)
(28, 6, 86)
(28, 7, 75)
(28, 8, 66)
(28, 9, 62)
(28, 10, 61)
(28, 11, 57)
(28, 12, 42)
(28, 13, 39)
(28, 14, 36)
(28, 15, 29)
(28, 16, 28)
(28, 17, 24)
(28, 18, 22)
(28, 19, 22)
(28, 20, 20)
(28, 21, 16)
(28, 22, 15)
(28, 23, 14)
(28, 24, 13)
(28, 25, 11)
(28, 26, 9)
(28, 27, 8)
(28, 28, 8)
(28, 29, 8)
(28, 30, 8)
(28, 31, 7)
(28, 32, 7)
(28, 33, 6)
(28, 34, 6)
(28, 35, 5)
(28, 36, 5)
(28, 37, 5)
(28, 38, 5)
(28, 39, 5)

(29, 0, 280)
(29, 1, 213)
(29, 2, 163)
(29, 3, 144)
(29, 4, 127)
(29, 5, 102)
(29, 6, 90)
(29, 7, 79)
(29, 8, 70)
(29, 9, 66)
(29, 10, 64)
(29, 11, 59)
(29, 12, 43)
(29, 13, 40)
(29, 14, 37)
(29, 15, 30)
(29, 16, 29)
(29, 17, 25)
(29, 18, 22)
(29, 19, 22)
(29, 20, 21)
(29, 21, 17)
(29, 22, 16)
(29, 23, 15)
(29, 24, 14)
(29, 25, 12)
(29, 26, 10)
(29, 27, 9)
(29, 28, 9)
(29, 29, 9)
(29, 30, 9)
(29, 31, 8)
(29, 32, 8)
(29, 33, 7)
(29, 34, 6)
(29, 35, 5)
(29, 36, 5)
(29, 37, 5)
(29, 38, 5)
(29, 39, 5)

(30, 0, 280)
(30, 1, 213)
(30, 2, 163)
(30, 3, 144)
(30, 4, 127)
(30, 5, 102)
(30, 6, 90)
(30, 7, 79)
(30, 8, 70)
(30, 9, 66)
(30, 10, 64)
(30, 11, 59)
(30, 12, 43)
(30, 13, 40)
(30, 14, 37)
(30, 15, 30)
(30, 16, 29)
(30, 17, 25)
(30, 18, 22)
(30, 19, 22)
(30, 20, 21)
(30, 21, 17)
(30, 22, 16)
(30, 23, 15)
(30, 24, 14)
(30, 25, 12)
(30, 26, 10)
(30, 27, 9)
(30, 28, 9)
(30, 29, 9)
(30, 30, 9)
(30, 31, 8)
(30, 32, 8)
(30, 33, 7)
(30, 34, 6)
(30, 35, 5)
(30, 36, 5)
(30, 37, 5)
(30, 38, 5)
(30, 39, 5)

(31, 0, 285)
(31, 1, 216)
(31, 2, 165)
(31, 3, 146)
(31, 4, 128)
(31, 5, 103)
(31, 6, 91)
(31, 7, 80)
(31, 8, 71)
(31, 9, 67)
(31, 10, 65)
(31, 11, 60)
(31, 12, 44)
(31, 13, 41)
(31, 14, 38)
(31, 15, 31)
(31, 16, 30)
(31, 17, 26)
(31, 18, 23)
(31, 19, 23)
(31, 20, 22)
(31, 21, 18)
(31, 22, 17)
(31, 23, 16)
(31, 24, 15)
(31, 25, 13)
(31, 26, 11)
(31, 27, 10)
(31, 28, 10)
(31, 29, 10)
(31, 30, 10)
(31, 31, 9)
(31, 32, 9)
(31, 33, 8)
(31, 34, 7)
(31, 35, 6)
(31, 36, 6)
(31, 37, 6)
(31, 38, 6)
(31, 39, 6)

(32, 0, 301)
(32, 1, 220)
(32, 2, 167)
(32, 3, 148)
(32, 4, 130)
(32, 5, 105)
(32, 6, 93)
(32, 7, 82)
(32, 8, 73)
(32, 9, 69)
(32, 10, 67)
(32, 11, 62)
(32, 12, 46)
(32, 13, 43)
(32, 14, 40)
(32, 15, 33)
(32, 16, 32)
(32, 17, 28)
(32, 18, 25)
(32, 19, 25)
(32, 20, 24)
(32, 21, 20)
(32, 22, 18)
(32, 23, 17)
(32, 24, 16)
(32, 25, 14)
(32, 26, 12)
(32, 27, 11)
(32, 28, 11)
(32, 29, 11)
(32, 30, 11)
(32, 31, 10)
(32, 32, 10)
(32, 33, 9)
(32, 34, 8)
(32, 35, 7)
(32, 36, 7)
(32, 37, 7)
(32, 38, 7)
(32, 39, 7)

(33, 0, 313)
(33, 1, 231)
(33, 2, 177)
(33, 3, 157)
(33, 4, 139)
(33, 5, 114)
(33, 6, 101)
(33, 7, 90)
(33, 8, 81)
(33, 9, 76)
(33, 10, 74)
(33, 11, 69)
(33, 12, 53)
(33, 13, 49)
(33, 14, 46)
(33, 15, 39)
(33, 16, 38)
(33, 17, 34)
(33, 18, 31)
(33, 19, 31)
(33, 20, 30)
(33, 21, 26)
(33, 22, 24)
(33, 23, 23)
(33, 24, 22)
(33, 25, 19)
(33, 26, 17)
(33, 27, 16)
(33, 28, 15)
(33, 29, 15)
(33, 30, 15)
(33, 31, 13)
(33, 32, 13)
(33, 33, 12)
(33, 34, 11)
(33, 35, 9)
(33, 36, 9)
(33, 37, 8)
(33, 38, 8)
(33, 39, 8)

(34, 0, 335)
(34, 1, 250)
(34, 2, 194)
(34, 3, 172)
(34, 4, 150)
(34, 5, 122)
(34, 6, 109)
(34, 7, 97)
(34, 8, 87)
(34, 9, 82)
(34, 10, 79)
(34, 11, 73)
(34, 12, 56)
(34, 13, 52)
(34, 14, 49)
(34, 15, 40)
(34, 16, 39)
(34, 17, 33)
(34, 18, 30)
(34, 19, 30)
(34, 20, 29)
(34, 21, 25)
(34, 22, 22)
(34, 23, 21)
(34, 24, 20)
(34, 25, 18)
(34, 26, 15)
(34, 27, 14)
(34, 28, 13)
(34, 29, 13)
(34, 30, 13)
(34, 31, 11)
(34, 32, 11)
(34, 33, 10)
(34, 34, 9)
(34, 35, 8)
(34, 36, 8)
(34, 37, 8)
(34, 38, 8)
(34, 39, 8)

(35, 0, 350)
(35, 1, 261)
(35, 2, 203)
(35, 3, 180)
(35, 4, 157)
(35, 5, 128)
(35, 6, 115)
(35, 7, 101)
(35, 8, 91)
(35, 9, 86)
(35, 10, 83)
(35, 11, 76)
(35, 12, 59)
(35, 13, 55)
(35, 14, 52)
(35, 15, 44)
(35, 16, 42)
(35, 17, 36)
(35, 18, 32)
(35, 19, 32)
(35, 20, 31)
(35, 21, 26)
(35, 22, 23)
(35, 23, 22)
(35, 24, 21)
(35, 25, 19)
(35, 26, 16)
(35, 27, 15)
(35, 28, 15)
(35, 29, 15)
(35, 30, 15)
(35, 31, 13)
(35, 32, 13)
(35, 33, 12)
(35, 34, 11)
(35, 35, 10)
(35, 36, 9)
(35, 37, 9)
(35, 38, 9)
(35, 39, 9)

(36, 0, 373)
(36, 1, 282)
(36, 2, 220)
(36, 3, 194)
(36, 4, 169)
(36, 5, 138)
(36, 6, 122)
(36, 7, 108)
(36, 8, 98)
(36, 9, 92)
(36, 10, 89)
(36, 11, 82)
(36, 12, 64)
(36, 13, 59)
(36, 14, 55)
(36, 15, 47)
(36, 16, 43)
(36, 17, 36)
(36, 18, 32)
(36, 19, 32)
(36, 20, 31)
(36, 21, 26)
(36, 22, 23)
(36, 23, 22)
(36, 24, 21)
(36, 25, 19)
(36, 26, 16)
(36, 27, 14)
(36, 28, 14)
(36, 29, 14)
(36, 30, 14)
(36, 31, 11)
(36, 32, 11)
(36, 33, 10)
(36, 34, 9)
(36, 35, 7)
(36, 36, 7)
(36, 37, 7)
(36, 38, 7)
(36, 39, 7)

(37, 0, 390)
(37, 1, 295)
(37, 2, 233)
(37, 3, 206)
(37, 4, 180)
(37, 5, 146)
(37, 6, 128)
(37, 7, 114)
(37, 8, 102)
(37, 9, 96)
(37, 10, 93)
(37, 11, 85)
(37, 12, 66)
(37, 13, 61)
(37, 14, 56)
(37, 15, 47)
(37, 16, 43)
(37, 17, 37)
(37, 18, 33)
(37, 19, 32)
(37, 20, 31)
(37, 21, 26)
(37, 22, 23)
(37, 23, 22)
(37, 24, 21)
(37, 25, 19)
(37, 26, 16)
(37, 27, 15)
(37, 28, 15)
(37, 29, 15)
(37, 30, 15)
(37, 31, 12)
(37, 32, 12)
(37, 33, 11)
(37, 34, 9)
(37, 35, 7)
(37, 36, 7)
(37, 37, 7)
(37, 38, 7)
(37, 39, 7)

(38, 0, 403)
(38, 1, 304)
(38, 2, 240)
(38, 3, 213)
(38, 4, 186)
(38, 5, 150)
(38, 6, 131)
(38, 7, 117)
(38, 8, 105)
(38, 9, 99)
(38, 10, 96)
(38, 11, 88)
(38, 12, 68)
(38, 13, 62)
(38, 14, 58)
(38, 15, 49)
(38, 16, 45)
(38, 17, 39)
(38, 18, 35)
(38, 19, 35)
(38, 20, 33)
(38, 21, 28)
(38, 22, 23)
(38, 23, 22)
(38, 24, 20)
(38, 25, 18)
(38, 26, 15)
(38, 27, 14)
(38, 28, 14)
(38, 29, 14)
(38, 30, 14)
(38, 31, 11)
(38, 32, 10)
(38, 33, 9)
(38, 34, 8)
(38, 35, 6)
(38, 36, 6)
(38, 37, 6)
(38, 38, 6)
(38, 39, 6)

(39, 0, 407)
(39, 1, 308)
(39, 2, 244)
(39, 3, 217)
(39, 4, 190)
(39, 5, 154)
(39, 6, 135)
(39, 7, 121)
(39, 8, 109)
(39, 9, 103)
(39, 10, 100)
(39, 11, 90)
(39, 12, 70)
(39, 13, 63)
(39, 14, 59)
(39, 15, 49)
(39, 16, 45)
(39, 17, 39)
(39, 18, 34)
(39, 19, 34)
(39, 20, 32)
(39, 21, 27)
(39, 22, 22)
(39, 23, 21)
(39, 24, 19)
(39, 25, 17)
(39, 26, 14)
(39, 27, 13)
(39, 28, 13)
(39, 29, 13)
(39, 30, 13)
(39, 31, 10)
(39, 32, 10)
(39, 33, 9)
(39, 34, 8)
(39, 35, 6)
(39, 36, 6)
(39, 37, 6)
(39, 38, 6)
(39, 39, 6)


Betti numbers:
xi_0:
(0, 0, 8)
(1, 0, 13)
(2, 0, 13)
(3, 0, 19)
(4, 0, 21)
(5, 0, 12)
(6, 0, 9)
(7, 0, 20)
(8, 0, 10)
(9, 0, 2)
(10, 0, 3)
(11, 0, 1)
(12, 0, 3)
(13, 0, 1)
(16, 0, 4)
(17, 0, 6)
(18, 0, 12)
(20, 0, 3)
(21, 0, 4)
(22, 0, 10)
(23, 0, 22)
(24, 0, 21)
(25, 0, 12)
(26, 0, 18)
(27, 0, 18)
(28, 0, 11)
(29, 0, 4)
(31, 0, 5)
(32, 0, 16)
(33, 0, 12)
(34, 0, 22)
(35, 0, 15)
(36, 0, 23)
(37, 0, 17)
(38, 0, 13)
(39, 0, 4)
xi_1:
(0, 1, 2)
(0, 2, 1)
(0, 5, 1)
(0, 8, 1)
(0, 28, 1)
(1, 1, 4)
(1, 2, 3)
(1, 3, 1)
(1, 4, 3)
(1, 6, 2)
(1, 26, 1)
(2, 1, 4)
(2, 2, 3)
(2, 4, 3)
(2, 5, 1)
(2, 7, 1)
(2, 12, 1)
(2, 18, 1)
(3, 1, 7)
(3, 2, 3)
(3, 3, 2)
(3, 5, 1)
(3, 11, 1)
(3, 15, 2)
(3, 28, 1)
(3, 34, 1)
(4, 1, 10)
(4, 2, 7)
(4, 5, 2)
(4, 6, 1)
(4, 8, 2)
(4, 14, 1)
(4, 26, 1)
(5, 1, 1)
(5, 2, 4)
(5, 4, 1)
(5, 5, 1)
(5, 6, 1)
(5, 9, 2)
(5, 18, 1)
(5, 24, 1)
(5, 27, 1)
(5, 33, 1)
(6, 1, 2)
(6, 2, 3)
(6, 3, 1)
(6, 5, 1)
(6, 7, 1)
(6, 12, 1)
(6, 17, 2)
(7, 1, 3)
(7, 2, 1)
(7, 3, 9)
(7, 6, 2)
(7, 12, 2)
(7, 13, 1)
(7, 15, 2)
(7, 21, 1)
(8, 1, 3)
(8, 2, 1)
(8, 4, 1)
(8, 5, 2)
(8, 8, 1)
(8, 10, 1)
(8, 31, 1)
(9, 20, 1)
(9, 21, 1)
(10, 11, 2)
(10, 13, 1)
(10, 17, 1)
(11, 23, 1)
(11, 25, 1)
(12, 8, 1)
(12, 11, 1)
(12, 13, 1)
(12, 15, 1)
(13, 12, 1)
(16, 2, 1)
(16, 3, 1)
(16, 17, 1)
(17, 1, 1)
(17, 2, 1)
(17, 3, 1)
(17, 5, 1)
(17, 7, 1)
(17, 22, 1)
(18, 1, 5)
(18, 3, 1)
(18, 4, 1)
(18, 5, 3)
(18, 7, 1)
(18, 12, 1)
(18, 16, 1)
(18, 26, 1)
(20, 6, 1)
(20, 12, 1)
(20, 25, 1)
(21, 2, 1)
(21, 14, 1)
(21, 21, 1)
(22, 1, 1)
(22, 4, 1)
(22, 5, 1)
(22, 7, 1)
(22, 8, 1)
(22, 14, 1)
(22, 17, 1)
(22, 18, 1)
(22, 25, 1)
(22, 26, 1)
(22, 32, 1)
(23, 1, 1)
(23, 2, 8)
(23, 3, 1)
(23, 4, 2)
(23, 5, 4)
(23, 6, 1)
(23, 7, 1)
(23, 8, 1)
(23, 12, 3)
(23, 14, 1)
(23, 17, 1)
(23, 18, 1)
(24, 1, 2)
(24, 2, 6)
(24, 4, 5)
(24, 5, 3)
(24, 12, 1)
(24, 15, 1)
(24, 17, 1)
(24, 18, 1)
(24, 21, 2)
(24, 31, 1)
(25, 1, 2)
(25, 2, 3)
(25, 5, 1)
(25, 6, 1)
(25, 7, 3)
(25, 8, 1)
(25, 12, 2)
(25, 17, 1)
(26, 1, 11)
(26, 3, 1)
(26, 9, 1)
(26, 15, 1)
(26, 17, 1)
(26, 19, 1)
(26, 37, 1)
(27, 1, 6)
(27, 2, 3)
(27, 5, 2)
(27, 6, 3)
(27, 7, 2)
(27, 9, 3)
(27, 12, 1)
(27, 13, 1)
(27, 35, 1)
(28, 1, 2)
(28, 2, 1)
(28, 3, 1)
(28, 5, 2)
(28, 7, 1)
(28, 8, 2)
(28, 11, 1)
(28, 12, 1)
(28, 15, 1)
(28, 20, 1)
(29, 10, 1)
(29, 11, 1)
(29, 12, 1)
(29, 18, 1)
(29, 34, 1)
(31, 1, 2)
(31, 2, 1)
(31, 4, 1)
(32, 1, 12)
(32, 2, 2)
(32, 22, 1)
(33, 1, 1)
(33, 2, 1)
(33, 3, 1)
(33, 6, 1)
(33, 9, 1)
(33, 13, 1)
(33, 25, 1)
(33, 28, 1)
(33, 31, 1)
(33, 35, 1)
(33, 37, 1)
(34, 1, 3)
(34, 2, 2)
(34, 3, 2)
(34, 4, 4)
(34, 5, 3)
(34, 7, 1)
(34, 8, 1)
(34, 10, 1)
(34, 11, 1)
(34, 12, 1)
(34, 15, 2)
(34, 17, 2)
(34, 22, 1)
(34, 26, 1)
(34, 28, 1)
(35, 1, 4)
(35, 2, 2)
(35, 3, 1)
(35, 4, 1)
(35, 5, 1)
(35, 7, 2)
(35, 11, 1)
(35, 16, 1)
(35, 18, 1)
(35, 21, 1)
(35, 36, 1)
(36, 1, 2)
(36, 2, 4)
(36, 3, 3)
(36, 4, 2)
(36, 5, 2)
(36, 6, 3)
(36, 9, 1)
(36, 12, 1)
(36, 13, 1)
(36, 14, 1)
(36, 16, 2)
(36, 17, 1)
(36, 27, 1)
(36, 31, 1)
(36, 35, 1)
(37, 1, 4)
(37, 3, 1)
(37, 4, 1)
(37, 5, 3)
(37, 6, 2)
(37, 8, 2)
(37, 11, 1)
(37, 12, 1)
(37, 14, 1)
(37, 15, 1)
(37, 19, 1)
(37, 34, 1)
(38, 1, 4)
(38, 2, 2)
(38, 4, 1)
(38, 5, 2)
(38, 6, 1)
(38, 12, 1)
(38, 13, 1)
(38, 20, 1)
(38, 22, 2)
(38, 24, 1)
(38, 32, 1)
(39, 11, 2)
(39, 13, 1)
(39, 15, 1)
(39, 18, 1)
xi_2:
(1, 28, 1)
(2, 26, 1)
(4, 11, 1)
(4, 15, 1)
(4, 28, 1)
(5, 26, 1)
(5, 34, 1)
(6, 9, 1)
(6, 18, 1)
(10, 21, 1)
(11, 31, 1)
(12, 17, 1)
(18, 7, 1)
(18, 17, 1)
(23, 14, 1)
(23, 17, 1)
(23, 18, 1)
(24, 5, 1)
(24, 25, 1)
(24, 32, 1)
(25, 17, 1)
(25, 18, 1)
(27, 8, 1)
(27, 9, 1)
(27, 17, 1)
(27, 37, 1)
(28, 13, 1)
(28, 19, 1)
(29, 20, 1)
(34, 25, 1)
(34, 28, 1)
(34, 35, 1)
(34, 37, 1)
(35, 15, 1)
(35, 28, 1)
(36, 36, 1)
(37, 17, 1)
(37, 27, 1)
(38, 14, 1)
(38, 19, 1)
(38, 34, 1)
(39, 32, 1)
