x-grades
-3497286848282827923/80000000000000000
-1704410748127254723/40000000000000000
-3320356144226190969/80000000000000000
-807972698049468123/20000000000000000
-628685088033910803/16000000000000000
-1527480044070617769/40000000000000000
-2966494736112917061/80000000000000000
-359753673010574823/10000000000000000
-2789564032056280107/80000000000000000
-270109868002796163/8000000000000000
-2612633327999643153/80000000000000000
-631041993992831169/20000000000000000
-2435702623943006199/80000000000000000
-1173618635957343861/40000000000000000
-451754383977273849/16000000000000000
-135644160491128173/5000000000000000
-2081841215829732291/80000000000000000
-996687931900706907/40000000000000000
-1904910511773095337/80000000000000000
-90822257987238843/4000000000000000
-1727979807716458383/80000000000000000
-819757227844069953/40000000000000000
-1551049103659821429/80000000000000000
-182822968953937869/10000000000000000
-54964735984127379/3200000000000000
-642826523787432999/40000000000000000
-1197187695546547521/80000000000000000
-277180585879557261/20000000000000000
-1020256991489910567/80000000000000000
-93179163946159209/8000000000000000
-843326287433273613/80000000000000000
-1474337764462803/156250000000000
-666395583376636659/80000000000000000
-288965115674159091/40000000000000000
-97892975863999941/16000000000000000
-100249881822920307/20000000000000000
-312534175263362751/80000000000000000
-112034411617522137/40000000000000000
-135603471206725797/80000000000000000
-1178452979460183/2000000000000000

y-grades
1249893/5000000
1249893/2500000
3749679/5000000
1249893/1250000
1249893/1000000
3749679/2500000
8749251/5000000
1249893/625000
11249037/5000000
1249893/500000
13748823/5000000
3749679/1250000
16248609/5000000
8749251/2500000
3749679/1000000
1249893/312500
21248181/5000000
11249037/2500000
23747967/5000000
1249893/250000
26247753/5000000
13748823/2500000
28747539/5000000
3749679/625000
1249893/200000
16248609/2500000
33747111/5000000
8749251/1250000
36246897/5000000
3749679/500000
38746683/5000000
1249893/156250
41246469/5000000
21248181/2500000
8749251/1000000
11249037/1250000
46246041/5000000
23747967/2500000
48745827/5000000
1249893/125000

Dimensions > 0:
(0, 0, 1)
(0, 1, 1)
(0, 2, 1)
(0, 3, 1)
(0, 4, 1)
(0, 5, 1)
(0, 6, 1)
(0, 7, 1)
(0, 8, 1)
(0, 9, 1)
(0, 10, 1)
(0, 11, 1)
(0, 12, 1)
(0, 13, 1)
(0, 14, 1)
(0, 15, 1)
(0, 16, 1)
(0, 17, 1)
(0, 18, 1)
(0, 19, 1)
(0, 20, 1)
(0, 21, 1)
(0, 22, 1)
(0, 23, 1)
(0, 24, 1)
(0, 25, 1)
(0, 26, 1)
(0, 27, 1)
(0, 28, 1)
(0, 29, 1)
(0, 30, 1)
(0, 31, 1)
(0, 32, 1)
(0, 33, 1)
(0, 34, 1)
(0, 35, 1)
(0, 36, 1)
(0, 37, 1)
(0, 38, 1)
(0, 39, 1)

(1, 0, 2)
(1, 1, 2)
(1, 2, 2)
(1, 3, 2)
(1, 4, 2)
(1, 5, 2)
(1, 6, 2)
(1, 7, 2)
(1, 8, 2)
(1, 9, 2)
(1, 10, 2)
(1, 11, 2)
(1, 12, 2)
(1, 13, 2)
(1, 14, 2)
(1, 15, 2)
(1, 16, 2)
(1, 17, 2)
(1, 18, 2)
(1, 19, 2)
(1, 20, 2)
(1, 21, 2)
(1, 22, 2)
(1, 23, 2)
(1, 24, 2)
(1, 25, 2)
(1, 26, 2)
(1, 27, 2)
(1, 28, 2)
(1, 29, 2)
(1, 30, 2)
(1, 31, 2)
(1, 32, 2)
(1, 33, 2)
(1, 34, 2)
(1, 35, 2)
(1, 36, 2)
(1, 37, 2)
(1, 38, 2)
(1, 39, 2)

(2, 0, 3)
(2, 1, 3)
(2, 2, 3)
(2, 3, 3)
(2, 4, 3)
(2, 5, 3)
(2, 6, 3)
(2, 7, 3)
(2, 8, 3)
(2, 9, 3)
(2, 10, 3)
(2, 11, 3)
(2, 12, 3)
(2, 13, 3)
(2, 14, 3)
(2, 15, 3)
(2, 16, 3)
(2, 17, 3)
(2, 18, 3)
(2, 19, 3)
(2, 20, 3)
(2, 21, 3)
(2, 22, 3)
(2, 23, 3)
(2, 24, 3)
(2, 25, 3)
(2, 26, 3)
(2, 27, 3)
(2, 28, 3)
(2, 29, 3)
(2, 30, 3)
(2, 31, 3)
(2, 32, 3)
(2, 33, 3)
(2, 34, 3)
(2, 35, 3)
(2, 36, 3)
(2, 37, 3)
(2, 38, 3)
(2, 39, 3)

(3, 0, 7)
(3, 1, 7)
(3, 2, 7)
(3, 3, 7)
(3, 4, 7)
(3, 5, 7)
(3, 6, 7)
(3, 7, 7)
(3, 8, 7)
(3, 9, 7)
(3, 10, 7)
(3, 11, 7)
(3, 12, 7)
(3, 13, 7)
(3, 14, 7)
(3, 15, 7)
(3, 16, 7)
(3, 17, 7)
(3, 18, 7)
(3, 19, 7)
(3, 20, 7)
(3, 21, 7)
(3, 22, 7)
(3, 23, 7)
(3, 24, 7)
(3, 25, 7)
(3, 26, 7)
(3, 27, 7)
(3, 28, 7)
(3, 29, 7)
(3, 30, 7)
(3, 31, 7)
(3, 32, 7)
(3, 33, 7)
(3, 34, 7)
(3, 35, 7)
(3, 36, 7)
(3, 37, 7)
(3, 38, 7)
(3, 39, 7)

(4, 0, 9)
(4, 1, 9)
(4, 2, 9)
(4, 3, 9)
(4, 4, 9)
(4, 5, 9)
(4, 6, 9)
(4, 7, 9)
(4, 8, 9)
(4, 9, 9)
(4, 10, 9)
(4, 11, 9)
(4, 12, 9)
(4, 13, 9)
(4, 14, 9)
(4, 15, 9)
(4, 16, 9)
(4, 17, 9)
(4, 18, 9)
(4, 19, 9)
(4, 20, 9)
(4, 21, 9)
(4, 22, 9)
(4, 23, 9)
(4, 24, 9)
(4, 25, 9)
(4, 26, 9)
(4, 27, 9)
(4, 28, 9)
(4, 29, 9)
(4, 30, 9)
(4, 31, 9)
(4, 32, 9)
(4, 33, 9)
(4, 34, 9)
(4, 35, 9)
(4, 36, 9)
(4, 37, 9)
(4, 38, 9)
(4, 39, 9)

(5, 0, 12)
(5, 1, 12)
(5, 2, 12)
(5, 3, 12)
(5, 4, 12)
(5, 5, 12)
(5, 6, 12)
(5, 7, 12)
(5, 8, 12)
(5, 9, 12)
(5, 10, 12)
(5, 11, 12)
(5, 12, 12)
(5, 13, 12)
(5, 14, 12)
(5, 15, 12)
(5, 16, 12)
(5, 17, 12)
(5, 18, 12)
(5, 19, 12)
(5, 20, 12)
(5, 21, 12)
(5, 22, 12)
(5, 23, 12)
(5, 24, 12)
(5, 25, 12)
(5, 26, 12)
(5, 27, 12)
(5, 28, 12)
(5, 29, 12)
(5, 30, 12)
(5, 31, 12)
(5, 32, 12)
(5, 33, 12)
(5, 34, 12)
(5, 35, 12)
(5, 36, 12)
(5, 37, 12)
(5, 38, 12)
(5, 39, 12)

(6, 0, 16)
(6, 1, 16)
(6, 2, 16)
(6, 3, 16)
(6, 4, 16)
(6, 5, 16)
(6, 6, 16)
(6, 7, 16)
(6, 8, 16)
(6, 9, 16)
(6, 10, 16)
(6, 11, 16)
(6, 12, 16)
(6, 13, 16)
(6, 14, 16)
(6, 15, 16)
(6, 16, 16)
(6, 17, 16)
(6, 18, 16)
(6, 19, 16)
(6, 20, 16)
(6, 21, 16)
(6, 22, 16)
(6, 23, 16)
(6, 24, 16)
(6, 25, 16)
(6, 26, 16)
(6, 27, 16)
(6, 28, 16)
(6, 29, 16)
(6, 30, 16)
(6, 31, 16)
(6, 32, 16)
(6, 33, 16)
(6, 34, 16)
(6, 35, 16)
(6, 36, 16)
(6, 37, 16)
(6, 38, 16)
(6, 39, 16)

(7, 0, 20)
(7, 1, 20)
(7, 2, 20)
(7, 3, 20)
(7, 4, 20)
(7, 5, 20)
(7, 6, 20)
(7, 7, 20)
(7, 8, 20)
(7, 9, 20)
(7, 10, 20)
(7, 11, 20)
(7, 12, 20)
(7, 13, 20)
(7, 14, 20)
(7, 15, 20)
(7, 16, 20)
(7, 17, 20)
(7, 18, 20)
(7, 19, 20)
(7, 20, 20)
(7, 21, 20)
(7, 22, 20)
(7, 23, 20)
(7, 24, 20)
(7, 25, 20)
(7, 26, 20)
(7, 27, 20)
(7, 28, 20)
(7, 29, 20)
(7, 30, 20)
(7, 31, 20)
(7, 32, 20)
(7, 33, 20)
(7, 34, 20)
(7, 35, 20)
(7, 36, 20)
(7, 37, 20)
(7, 38, 20)
(7, 39, 20)

(8, 0, 20)
(8, 1, 20)
(8, 2, 20)
(8, 3, 20)
(8, 4, 20)
(8, 5, 20)
(8, 6, 20)
(8, 7, 20)
(8, 8, 20)
(8, 9, 20)
(8, 10, 20)
(8, 11, 20)
(8, 12, 20)
(8, 13, 20)
(8, 14, 20)
(8, 15, 20)
(8, 16, 20)
(8, 17, 20)
(8, 18, 20)
(8, 19, 20)
(8, 20, 20)
(8, 21, 20)
(8, 22, 20)
(8, 23, 20)
(8, 24, 20)
(8, 25, 20)
(8, 26, 20)
(8, 27, 20)
(8, 28, 20)
(8, 29, 20)
(8, 30, 20)
(8, 31, 20)
(8, 32, 20)
(8, 33, 20)
(8, 34, 20)
(8, 35, 20)
(8, 36, 20)
(8, 37, 20)
(8, 38, 20)
(8, 39, 20)

(9, 0, 30)
(9, 1, 30)
(9, 2, 30)
(9, 3, 30)
(9, 4, 30)
(9, 5, 30)
(9, 6, 30)
(9, 7, 30)
(9, 8, 30)
(9, 9, 30)
(9, 10, 30)
(9, 11, 30)
(9, 12, 30)
(9, 13, 30)
(9, 14, 30)
(9, 15, 30)
(9, 16, 30)
(9, 17, 30)
(9, 18, 30)
(9, 19, 30)
(9, 20, 30)
(9, 21, 30)
(9, 22, 30)
(9, 23, 30)
(9, 24, 30)
(9, 25, 30)
(9, 26, 30)
(9, 27, 30)
(9, 28, 30)
(9, 29, 30)
(9, 30, 30)
(9, 31, 30)
(9, 32, 30)
(9, 33, 30)
(9, 34, 30)
(9, 35, 30)
(9, 36, 30)
(9, 37, 30)
(9, 38, 30)
(9, 39, 30)

(10, 0, 36)
(10, 1, 36)
(10, 2, 36)
(10, 3, 36)
(10, 4, 36)
(10, 5, 36)
(10, 6, 36)
(10, 7, 36)
(10, 8, 36)
(10, 9, 36)
(10, 10, 36)
(10, 11, 36)
(10, 12, 36)
(10, 13, 36)
(10, 14, 36)
(10, 15, 35)
(10, 16, 35)
(10, 17, 35)
(10, 18, 35)
(10, 19, 35)
(10, 20, 35)
(10, 21, 35)
(10, 22, 35)
(10, 23, 35)
(10, 24, 35)
(10, 25, 35)
(10, 26, 35)
(10, 27, 35)
(10, 28, 35)
(10, 29, 35)
(10, 30, 35)
(10, 31, 35)
(10, 32, 35)
(10, 33, 35)
(10, 34, 35)
(10, 35, 35)
(10, 36, 35)
(10, 37, 35)
(10, 38, 35)
(10, 39, 35)

(11, 0, 45)
(11, 1, 45)
(11, 2, 45)
(11, 3, 45)
(11, 4, 45)
(11, 5, 45)
(11, 6, 45)
(11, 7, 45)
(11, 8, 45)
(11, 9, 45)
(11, 10, 45)
(11, 11, 45)
(11, 12, 45)
(11, 13, 45)
(11, 14, 45)
(11, 15, 44)
(11, 16, 44)
(11, 17, 44)
(11, 18, 44)
(11, 19, 44)
(11, 20, 44)
(11, 21, 44)
(11, 22, 44)
(11, 23, 44)
(11, 24, 44)
(11, 25, 44)
(11, 26, 44)
(11, 27, 44)
(11, 28, 44)
(11, 29, 44)
(11, 30, 44)
(11, 31, 44)
(11, 32, 44)
(11, 33, 44)
(11, 34, 44)
(11, 35, 44)
(11, 36, 44)
(11, 37, 44)
(11, 38, 44)
(11, 39, 44)

(12, 0, 51)
(12, 1, 51)
(12, 2, 51)
(12, 3, 51)
(12, 4, 51)
(12, 5, 51)
(12, 6, 51)
(12, 7, 51)
(12, 8, 51)
(12, 9, 51)
(12, 10, 51)
(12, 11, 51)
(12, 12, 51)
(12, 13, 51)
(12, 14, 51)
(12, 15, 50)
(12, 16, 50)
(12, 17, 50)
(12, 18, 50)
(12, 19, 50)
(12, 20, 50)
(12, 21, 50)
(12, 22, 50)
(12, 23, 50)
(12, 24, 50)
(12, 25, 50)
(12, 26, 50)
(12, 27, 50)
(12, 28, 50)
(12, 29, 50)
(12, 30, 50)
(12, 31, 50)
(12, 32, 50)
(12, 33, 50)
(12, 34, 50)
(12, 35, 50)
(12, 36, 50)
(12, 37, 50)
(12, 38, 50)
(12, 39, 50)

(13, 0, 54)
(13, 1, 54)
(13, 2, 54)
(13, 3, 54)
(13, 4, 54)
(13, 5, 54)
(13, 6, 54)
(13, 7, 54)
(13, 8, 54)
(13, 9, 54)
(13, 10, 54)
(13, 11, 54)
(13, 12, 54)
(13, 13, 54)
(13, 14, 54)
(13, 15, 53)
(13, 16, 53)
(13, 17, 53)
(13, 18, 53)
(13, 19, 53)
(13, 20, 53)
(13, 21, 53)
(13, 22, 53)
(13, 23, 53)
(13, 24, 53)
(13, 25, 53)
(13, 26, 53)
(13, 27, 53)
(13, 28, 53)
(13, 29, 53)
(13, 30, 53)
(13, 31, 53)
(13, 32, 53)
(13, 33, 53)
(13, 34, 53)
(13, 35, 53)
(13, 36, 53)
(13, 37, 53)
(13, 38, 53)
(13, 39, 53)

(14, 0, 59)
(14, 1, 59)
(14, 2, 59)
(14, 3, 59)
(14, 4, 59)
(14, 5, 59)
(14, 6, 59)
(14, 7, 59)
(14, 8, 59)
(14, 9, 59)
(14, 10, 59)
(14, 11, 59)
(14, 12, 59)
(14, 13, 59)
(14, 14, 59)
(14, 15, 58)
(14, 16, 58)
(14, 17, 58)
(14, 18, 58)
(14, 19, 58)
(14, 20, 58)
(14, 21, 58)
(14, 22, 58)
(14, 23, 58)
(14, 24, 58)
(14, 25, 58)
(14, 26, 58)
(14, 27, 58)
(14, 28, 58)
(14, 29, 58)
(14, 30, 58)
(14, 31, 58)
(14, 32, 58)
(14, 33, 58)
(14, 34, 58)
(14, 35, 58)
(14, 36, 58)
(14, 37, 58)
(14, 38, 58)
(14, 39, 58)

(15, 0, 62)
(15, 1, 62)
(15, 2, 62)
(15, 3, 62)
(15, 4, 62)
(15, 5, 62)
(15, 6, 62)
(15, 7, 62)
(15, 8, 62)
(15, 9, 62)
(15, 10, 62)
(15, 11, 62)
(15, 12, 62)
(15, 13, 62)
(15, 14, 62)
(15, 15, 61)
(15, 16, 61)
(15, 17, 61)
(15, 18, 61)
(15, 19, 61)
(15, 20, 61)
(15, 21, 61)
(15, 22, 61)
(15, 23, 61)
(15, 24, 61)
(15, 25, 61)
(15, 26, 61)
(15, 27, 61)
(15, 28, 61)
(15, 29, 61)
(15, 30, 61)
(15, 31, 61)
(15, 32, 61)
(15, 33, 61)
(15, 34, 61)
(15, 35, 61)
(15, 36, 61)
(15, 37, 61)
(15, 38, 61)
(15, 39, 61)

(16, 0, 63)
(16, 1, 63)
(16, 2, 63)
(16, 3, 63)
(16, 4, 63)
(16, 5, 63)
(16, 6, 63)
(16, 7, 63)
(16, 8, 63)
(16, 9, 63)
(16, 10, 63)
(16, 11, 63)
(16, 12, 63)
(16, 13, 63)
(16, 14, 63)
(16, 15, 62)
(16, 16, 62)
(16, 17, 62)
(16, 18, 62)
(16, 19, 62)
(16, 20, 62)
(16, 21, 62)
(16, 22, 62)
(16, 23, 62)
(16, 24, 62)
(16, 25, 62)
(16, 26, 62)
(16, 27, 62)
(16, 28, 62)
(16, 29, 62)
(16, 30, 62)
(16, 31, 62)
(16, 32, 62)
(16, 33, 62)
(16, 34, 62)
(16, 35, 62)
(16, 36, 62)
(16, 37, 62)
(16, 38, 62)
(16, 39, 62)

(17, 0, 72)
(17, 1, 72)
(17, 2, 72)
(17, 3, 72)
(17, 4, 72)
(17, 5, 72)
(17, 6, 72)
(17, 7, 72)
(17, 8, 72)
(17, 9, 72)
(17, 10, 72)
(17, 11, 72)
(17, 12, 72)
(17, 13, 72)
(17, 14, 72)
(17, 15, 71)
(17, 16, 71)
(17, 17, 71)
(17, 18, 71)
(17, 19, 71)
(17, 20, 71)
(17, 21, 71)
(17, 22, 71)
(17, 23, 71)
(17, 24, 71)
(17, 25, 71)
(17, 26, 71)
(17, 27, 70)
(17, 28, 70)
(17, 29, 70)
(17, 30, 70)
(17, 31, 70)
(17, 32, 70)
(17, 33, 70)
(17, 34, 70)
(17, 35, 70)
(17, 36, 70)
(17, 37, 70)
(17, 38, 70)
(17, 39, 70)

(18, 0, 79)
(18, 1, 79)
(18, 2, 79)
(18, 3, 79)
(18, 4, 79)
(18, 5, 79)
(18, 6, 79)
(18, 7, 79)
(18, 8, 79)
(18, 9, 79)
(18, 10, 79)
(18, 11, 79)
(18, 12, 79)
(18, 13, 79)
(18, 14, 79)
(18, 15, 78)
(18, 16, 78)
(18, 17, 78)
(18, 18, 78)
(18, 19, 78)
(18, 20, 78)
(18, 21, 78)
(18, 22, 78)
(18, 23, 78)
(18, 24, 78)
(18, 25, 78)
(18, 26, 78)
(18, 27, 77)
(18, 28, 77)
(18, 29, 77)
(18, 30, 77)
(18, 31, 77)
(18, 32, 77)
(18, 33, 77)
(18, 34, 77)
(18, 35, 77)
(18, 36, 77)
(18, 37, 77)
(18, 38, 77)
(18, 39, 77)

(19, 0, 83)
(19, 1, 83)
(19, 2, 83)
(19, 3, 83)
(19, 4, 83)
(19, 5, 83)
(19, 6, 83)
(19, 7, 83)
(19, 8, 83)
(19, 9, 83)
(19, 10, 83)
(19, 11, 83)
(19, 12, 83)
(19, 13, 83)
(19, 14, 83)
(19, 15, 82)
(19, 16, 82)
(19, 17, 82)
(19, 18, 82)
(19, 19, 82)
(19, 20, 82)
(19, 21, 82)
(19, 22, 82)
(19, 23, 82)
(19, 24, 82)
(19, 25, 82)
(19, 26, 82)
(19, 27, 81)
(19, 28, 81)
(19, 29, 81)
(19, 30, 81)
(19, 31, 81)
(19, 32, 81)
(19, 33, 81)
(19, 34, 81)
(19, 35, 81)
(19, 36, 81)
(19, 37, 81)
(19, 38, 81)
(19, 39, 81)

(20, 0, 87)
(20, 1, 87)
(20, 2, 87)
(20, 3, 87)
(20, 4, 87)
(20, 5, 87)
(20, 6, 87)
(20, 7, 87)
(20, 8, 87)
(20, 9, 87)
(20, 10, 87)
(20, 11, 87)
(20, 12, 87)
(20, 13, 87)
(20, 14, 87)
(20, 15, 86)
(20, 16, 86)
(20, 17, 86)
(20, 18, 86)
(20, 19, 86)
(20, 20, 86)
(20, 21, 86)
(20, 22, 86)
(20, 23, 86)
(20, 24, 86)
(20, 25, 86)
(20, 26, 86)
(20, 27, 85)
(20, 28, 85)
(20, 29, 85)
(20, 30, 85)
(20, 31, 85)
(20, 32, 85)
(20, 33, 85)
(20, 34, 85)
(20, 35, 85)
(20, 36, 85)
(20, 37, 85)
(20, 38, 85)
(20, 39, 85)

(21, 0, 89)
(21, 1, 89)
(21, 2, 89)
(21, 3, 89)
(21, 4, 89)
(21, 5, 89)
(21, 6, 89)
(21, 7, 89)
(21, 8, 89)
(21, 9, 89)
(21, 10, 89)
(21, 11, 89)
(21, 12, 89)
(21, 13, 89)
(21, 14, 89)
(21, 15, 88)
(21, 16, 88)
(21, 17, 88)
(21, 18, 88)
(21, 19, 88)
(21, 20, 88)
(21, 21, 88)
(21, 22, 88)
(21, 23, 88)
(21, 24, 88)
(21, 25, 88)
(21, 26, 88)
(21, 27, 87)
(21, 28, 87)
(21, 29, 87)
(21, 30, 87)
(21, 31, 87)
(21, 32, 87)
(21, 33, 87)
(21, 34, 87)
(21, 35, 87)
(21, 36, 87)
(21, 37, 87)
(21, 38, 87)
(21, 39, 87)

(22, 0, 93)
(22, 1, 93)
(22, 2, 93)
(22, 3, 93)
(22, 4, 93)
(22, 5, 93)
(22, 6, 93)
(22, 7, 93)
(22, 8, 93)
(22, 9, 93)
(22, 10, 93)
(22, 11, 93)
(22, 12, 93)
(22, 13, 93)
(22, 14, 93)
(22, 15, 92)
(22, 16, 92)
(22, 17, 92)
(22, 18, 92)
(22, 19, 92)
(22, 20, 92)
(22, 21, 92)
(22, 22, 92)
(22, 23, 92)
(22, 24, 92)
(22, 25, 92)
(22, 26, 92)
(22, 27, 91)
(22, 28, 91)
(22, 29, 91)
(22, 30, 91)
(22, 31, 91)
(22, 32, 91)
(22, 33, 91)
(22, 34, 91)
(22, 35, 91)
(22, 36, 91)
(22, 37, 91)
(22, 38, 91)
(22, 39, 91)

(23, 0, 94)
(23, 1, 94)
(23, 2, 94)
(23, 3, 94)
(23, 4, 94)
(23, 5, 94)
(23, 6, 94)
(23, 7, 94)
(23, 8, 94)
(23, 9, 94)
(23, 10, 94)
(23, 11, 94)
(23, 12, 94)
(23, 13, 94)
(23, 14, 94)
(23, 15, 93)
(23, 16, 93)
(23, 17, 93)
(23, 18, 93)
(23, 19, 93)
(23, 20, 93)
(23, 21, 93)
(23, 22, 93)
(23, 23, 93)
(23, 24, 93)
(23, 25, 93)
(23, 26, 93)
(23, 27, 92)
(23, 28, 92)
(23, 29, 92)
(23, 30, 92)
(23, 31, 92)
(23, 32, 92)
(23, 33, 92)
(23, 34, 92)
(23, 35, 92)
(23, 36, 92)
(23, 37, 92)
(23, 38, 92)
(23, 39, 92)

(24, 0, 98)
(24, 1, 98)
(24, 2, 98)
(24, 3, 98)
(24, 4, 98)
(24, 5, 98)
(24, 6, 98)
(24, 7, 98)
(24, 8, 98)
(24, 9, 98)
(24, 10, 98)
(24, 11, 98)
(24, 12, 98)
(24, 13, 98)
(24, 14, 98)
(24, 15, 97)
(24, 16, 97)
(24, 17, 97)
(24, 18, 97)
(24, 19, 97)
(24, 20, 97)
(24, 21, 97)
(24, 22, 97)
(24, 23, 97)
(24, 24, 97)
(24, 25, 97)
(24, 26, 97)
(24, 27, 96)
(24, 28, 96)
(24, 29, 96)
(24, 30, 96)
(24, 31, 96)
(24, 32, 96)
(24, 33, 96)
(24, 34, 96)
(24, 35, 96)
(24, 36, 96)
(24, 37, 96)
(24, 38, 96)
(24, 39, 96)

(25, 0, 100)
(25, 1, 100)
(25, 2, 100)
(25, 3, 100)
(25, 4, 100)
(25, 5, 100)
(25, 6, 100)
(25, 7, 100)
(25, 8, 100)
(25, 9, 100)
(25, 10, 100)
(25, 11, 100)
(25, 12, 100)
(25, 13, 100)
(25, 14, 100)
(25, 15, 99)
(25, 16, 99)
(25, 17, 99)
(25, 18, 99)
(25, 19, 99)
(25, 20, 99)
(25, 21, 99)
(25, 22, 99)
(25, 23, 99)
(25, 24, 99)
(25, 25, 99)
(25, 26, 99)
(25, 27, 98)
(25, 28, 98)
(25, 29, 98)
(25, 30, 98)
(25, 31, 98)
(25, 32, 98)
(25, 33, 98)
(25, 34, 98)
(25, 35, 98)
(25, 36, 98)
(25, 37, 98)
(25, 38, 98)
(25, 39, 98)

(26, 0, 101)
(26, 1, 101)
(26, 2, 101)
(26, 3, 101)
(26, 4, 101)
(26, 5, 101)
(26, 6, 101)
(26, 7, 101)
(26, 8, 101)
(26, 9, 101)
(26, 10, 101)
(26, 11, 101)
(26, 12, 101)
(26, 13, 101)
(26, 14, 101)
(26, 15, 100)
(26, 16, 100)
(26, 17, 100)
(26, 18, 100)
(26, 19, 100)
(26, 20, 100)
(26, 21, 100)
(26, 22, 100)
(26, 23, 100)
(26, 24, 100)
(26, 25, 100)
(26, 26, 100)
(26, 27, 99)
(26, 28, 99)
(26, 29, 99)
(26, 30, 99)
(26, 31, 99)
(26, 32, 99)
(26, 33, 99)
(26, 34, 99)
(26, 35, 99)
(26, 36, 99)
(26, 37, 99)
(26, 38, 99)
(26, 39, 99)

(27, 0, 103)
(27, 1, 103)
(27, 2, 103)
(27, 3, 103)
(27, 4, 103)
(27, 5, 103)
(27, 6, 103)
(27, 7, 103)
(27, 8, 103)
(27, 9, 103)
(27, 10, 103)
(27, 11, 103)
(27, 12, 103)
(27, 13, 103)
(27, 14, 103)
(27, 15, 102)
(27, 16, 102)
(27, 17, 102)
(27, 18, 102)
(27, 19, 102)
(27, 20, 102)
(27, 21, 102)
(27, 22, 102)
(27, 23, 102)
(27, 24, 102)
(27, 25, 102)
(27, 26, 102)
(27, 27, 101)
(27, 28, 101)
(27, 29, 101)
(27, 30, 101)
(27, 31, 101)
(27, 32, 101)
(27, 33, 101)
(27, 34, 101)
(27, 35, 101)
(27, 36, 101)
(27, 37, 101)
(27, 38, 101)
(27, 39, 101)

(28, 0, 105)
(28, 1, 105)
(28, 2, 105)
(28, 3, 105)
(28, 4, 105)
(28, 5, 105)
(28, 6, 105)
(28, 7, 105)
(28, 8, 105)
(28, 9, 105)
(28, 10, 105)
(28, 11, 105)
(28, 12, 105)
(28, 13, 105)
(28, 14, 105)
(28, 15, 104)
(28, 16, 104)
(28, 17, 104)
(28, 18, 104)
(28, 19, 104)
(28, 20, 104)
(28, 21, 104)
(28, 22, 104)
(28, 23, 104)
(28, 24, 104)
(28, 25, 104)
(28, 26, 104)
(28, 27, 103)
(28, 28, 103)
(28, 29, 103)
(28, 30, 103)
(28, 31, 103)
(28, 32, 103)
(28, 33, 103)
(28, 34, 103)
(28, 35, 103)
(28, 36, 103)
(28, 37, 103)
(28, 38, 103)
(28, 39, 103)

(29, 0, 106)
(29, 1, 106)
(29, 2, 106)
(29, 3, 106)
(29, 4, 106)
(29, 5, 106)
(29, 6, 106)
(29, 7, 106)
(29, 8, 106)
(29, 9, 106)
(29, 10, 106)
(29, 11, 106)
(29, 12, 106)
(29, 13, 106)
(29, 14, 106)
(29, 15, 105)
(29, 16, 105)
(29, 17, 105)
(29, 18, 105)
(29, 19, 105)
(29, 20, 105)
(29, 21, 105)
(29, 22, 105)
(29, 23, 105)
(29, 24, 105)
(29, 25, 105)
(29, 26, 105)
(29, 27, 104)
(29, 28, 104)
(29, 29, 104)
(29, 30, 104)
(29, 31, 104)
(29, 32, 104)
(29, 33, 104)
(29, 34, 104)
(29, 35, 104)
(29, 36, 104)
(29, 37, 104)
(29, 38, 104)
(29, 39, 104)

(30, 0, 107)
(30, 1, 107)
(30, 2, 107)
(30, 3, 107)
(30, 4, 107)
(30, 5, 107)
(30, 6, 107)
(30, 7, 107)
(30, 8, 107)
(30, 9, 107)
(30, 10, 107)
(30, 11, 107)
(30, 12, 107)
(30, 13, 107)
(30, 14, 107)
(30, 15, 106)
(30, 16, 106)
(30, 17, 106)
(30, 18, 106)
(30, 19, 106)
(30, 20, 106)
(30, 21, 106)
(30, 22, 106)
(30, 23, 106)
(30, 24, 106)
(30, 25, 106)
(30, 26, 106)
(30, 27, 105)
(30, 28, 105)
(30, 29, 105)
(30, 30, 105)
(30, 31, 105)
(30, 32, 105)
(30, 33, 105)
(30, 34, 105)
(30, 35, 105)
(30, 36, 105)
(30, 37, 105)
(30, 38, 105)
(30, 39, 105)

(31, 0, 110)
(31, 1, 110)
(31, 2, 110)
(31, 3, 110)
(31, 4, 110)
(31, 5, 110)
(31, 6, 110)
(31, 7, 110)
(31, 8, 110)
(31, 9, 110)
(31, 10, 110)
(31, 11, 110)
(31, 12, 110)
(31, 13, 110)
(31, 14, 110)
(31, 15, 109)
(31, 16, 109)
(31, 17, 109)
(31, 18, 109)
(31, 19, 109)
(31, 20, 109)
(31, 21, 109)
(31, 22, 109)
(31, 23, 109)
(31, 24, 109)
(31, 25, 109)
(31, 26, 109)
(31, 27, 108)
(31, 28, 108)
(31, 29, 108)
(31, 30, 108)
(31, 31, 108)
(31, 32, 108)
(31, 33, 108)
(31, 34, 108)
(31, 35, 108)
(31, 36, 108)
(31, 37, 108)
(31, 38, 108)
(31, 39, 108)

(32, 0, 110)
(32, 1, 110)
(32, 2, 110)
(32, 3, 110)
(32, 4, 110)
(32, 5, 110)
(32, 6, 110)
(32, 7, 110)
(32, 8, 110)
(32, 9, 110)
(32, 10, 110)
(32, 11, 110)
(32, 12, 110)
(32, 13, 110)
(32, 14, 110)
(32, 15, 109)
(32, 16, 109)
(32, 17, 109)
(32, 18, 109)
(32, 19, 109)
(32, 20, 109)
(32, 21, 109)
(32, 22, 109)
(32, 23, 109)
(32, 24, 109)
(32, 25, 109)
(32, 26, 109)
(32, 27, 108)
(32, 28, 108)
(32, 29, 108)
(32, 30, 108)
(32, 31, 108)
(32, 32, 108)
(32, 33, 108)
(32, 34, 108)
(32, 35, 108)
(32, 36, 108)
(32, 37, 108)
(32, 38, 108)
(32, 39, 108)

(33, 0, 113)
(33, 1, 113)
(33, 2, 113)
(33, 3, 113)
(33, 4, 113)
(33, 5, 113)
(33, 6, 113)
(33, 7, 113)
(33, 8, 113)
(33, 9, 113)
(33, 10, 113)
(33, 11, 113)
(33, 12, 113)
(33, 13, 113)
(33, 14, 113)
(33, 15, 112)
(33, 16, 112)
(33, 17, 112)
(33, 18, 112)
(33, 19, 112)
(33, 20, 112)
(33, 21, 112)
(33, 22, 112)
(33, 23, 112)
(33, 24, 112)
(33, 25, 112)
(33, 26, 112)
(33, 27, 111)
(33, 28, 111)
(33, 29, 111)
(33, 30, 111)
(33, 31, 111)
(33, 32, 111)
(33, 33, 111)
(33, 34, 111)
(33, 35, 111)
(33, 36, 111)
(33, 37, 111)
(33, 38, 111)
(33, 39, 111)

(34, 0, 118)
(34, 1, 118)
(34, 2, 118)
(34, 3, 118)
(34, 4, 118)
(34, 5, 118)
(34, 6, 118)
(34, 7, 118)
(34, 8, 118)
(34, 9, 118)
(34, 10, 118)
(34, 11, 118)
(34, 12, 118)
(34, 13, 118)
(34, 14, 118)
(34, 15, 117)
(34, 16, 117)
(34, 17, 117)
(34, 18, 117)
(34, 19, 117)
(34, 20, 117)
(34, 21, 117)
(34, 22, 117)
(34, 23, 117)
(34, 24, 117)
(34, 25, 117)
(34, 26, 117)
(34, 27, 116)
(34, 28, 116)
(34, 29, 116)
(34, 30, 116)
(34, 31, 116)
(34, 32, 116)
(34, 33, 116)
(34, 34, 116)
(34, 35, 116)
(34, 36, 116)
(34, 37, 115)
(34, 38, 115)
(34, 39, 114)

(35, 0, 118)
(35, 1, 118)
(35, 2, 118)
(35, 3, 118)
(35, 4, 118)
(35, 5, 118)
(35, 6, 118)
(35, 7, 118)
(35, 8, 118)
(35, 9, 118)
(35, 10, 118)
(35, 11, 118)
(35, 12, 118)
(35, 13, 118)
(35, 14, 118)
(35, 15, 117)
(35, 16, 117)
(35, 17, 117)
(35, 18, 117)
(35, 19, 117)
(35, 20, 117)
(35, 21, 117)
(35, 22, 117)
(35, 23, 117)
(35, 24, 117)
(35, 25, 117)
(35, 26, 117)
(35, 27, 116)
(35, 28, 116)
(35, 29, 116)
(35, 30, 116)
(35, 31, 116)
(35, 32, 116)
(35, 33, 116)
(35, 34, 116)
(35, 35, 116)
(35, 36, 116)
(35, 37, 115)
(35, 38, 115)
(35, 39, 114)

(36, 0, 119)
(36, 1, 119)
(36, 2, 119)
(36, 3, 119)
(36, 4, 119)
(36, 5, 119)
(36, 6, 119)
(36, 7, 119)
(36, 8, 119)
(36, 9, 119)
(36, 10, 119)
(36, 11, 119)
(36, 12, 119)
(36, 13, 119)
(36, 14, 119)
(36, 15, 118)
(36, 16, 118)
(36, 17, 118)
(36, 18, 118)
(36, 19, 118)
(36, 20, 118)
(36, 21, 118)
(36, 22, 118)
(36, 23, 118)
(36, 24, 118)
(36, 25, 118)
(36, 26, 118)
(36, 27, 117)
(36, 28, 117)
(36, 29, 117)
(36, 30, 117)
(36, 31, 117)
(36, 32, 117)
(36, 33, 117)
(36, 34, 117)
(36, 35, 117)
(36, 36, 117)
(36, 37, 116)
(36, 38, 116)
(36, 39, 115)

(37, 0, 140)
(37, 1, 140)
(37, 2, 138)
(37, 3, 131)
(37, 4, 129)
(37, 5, 126)
(37, 6, 124)
(37, 7, 124)
(37, 8, 123)
(37, 9, 123)
(37, 10, 123)
(37, 11, 121)
(37, 12, 120)
(37, 13, 120)
(37, 14, 120)
(37, 15, 119)
(37, 16, 119)
(37, 17, 119)
(37, 18, 119)
(37, 19, 119)
(37, 20, 119)
(37, 21, 119)
(37, 22, 119)
(37, 23, 119)
(37, 24, 119)
(37, 25, 119)
(37, 26, 119)
(37, 27, 118)
(37, 28, 118)
(37, 29, 118)
(37, 30, 118)
(37, 31, 118)
(37, 32, 118)
(37, 33, 118)
(37, 34, 118)
(37, 35, 118)
(37, 36, 118)
(37, 37, 117)
(37, 38, 117)
(37, 39, 116)

(38, 0, 373)
(38, 1, 351)
(38, 2, 302)
(38, 3, 229)
(38, 4, 197)
(38, 5, 169)
(38, 6, 150)
(38, 7, 144)
(38, 8, 141)
(38, 9, 134)
(38, 10, 129)
(38, 11, 125)
(38, 12, 124)
(38, 13, 124)
(38, 14, 122)
(38, 15, 121)
(38, 16, 121)
(38, 17, 120)
(38, 18, 120)
(38, 19, 120)
(38, 20, 120)
(38, 21, 120)
(38, 22, 120)
(38, 23, 120)
(38, 24, 120)
(38, 25, 120)
(38, 26, 120)
(38, 27, 118)
(38, 28, 118)
(38, 29, 118)
(38, 30, 118)
(38, 31, 118)
(38, 32, 118)
(38, 33, 118)
(38, 34, 118)
(38, 35, 118)
(38, 36, 118)
(38, 37, 117)
(38, 38, 117)
(38, 39, 116)

(39, 0, 837)
(39, 1, 785)
(39, 2, 657)
(39, 3, 435)
(39, 4, 330)
(39, 5, 263)
(39, 6, 227)
(39, 7, 211)
(39, 8, 197)
(39, 9, 180)
(39, 10, 172)
(39, 11, 163)
(39, 12, 154)
(39, 13, 148)
(39, 14, 142)
(39, 15, 135)
(39, 16, 134)
(39, 17, 132)
(39, 18, 132)
(39, 19, 130)
(39, 20, 130)
(39, 21, 130)
(39, 22, 129)
(39, 23, 129)
(39, 24, 127)
(39, 25, 127)
(39, 26, 126)
(39, 27, 124)
(39, 28, 124)
(39, 29, 123)
(39, 30, 123)
(39, 31, 122)
(39, 32, 121)
(39, 33, 120)
(39, 34, 120)
(39, 35, 120)
(39, 36, 120)
(39, 37, 119)
(39, 38, 119)
(39, 39, 117)


Betti numbers:
xi_0:
(0, 0, 1)
(1, 0, 1)
(2, 0, 1)
(3, 0, 4)
(4, 0, 2)
(5, 0, 3)
(6, 0, 4)
(7, 0, 4)
(9, 0, 10)
(10, 0, 6)
(11, 0, 9)
(12, 0, 6)
(13, 0, 3)
(14, 0, 5)
(15, 0, 3)
(16, 0, 1)
(17, 0, 9)
(18, 0, 7)
(19, 0, 4)
(20, 0, 4)
(21, 0, 2)
(22, 0, 4)
(23, 0, 1)
(24, 0, 4)
(25, 0, 2)
(26, 0, 1)
(27, 0, 2)
(28, 0, 2)
(29, 0, 1)
(30, 0, 1)
(31, 0, 3)
(33, 0, 3)
(34, 0, 5)
(36, 0, 1)
(37, 0, 21)
(38, 0, 233)
(39, 0, 464)
xi_1:
(10, 15, 1)
(17, 27, 1)
(34, 37, 1)
(34, 39, 1)
(37, 2, 2)
(37, 3, 7)
(37, 4, 2)
(37, 5, 3)
(37, 6, 2)
(37, 8, 1)
(37, 11, 2)
(37, 12, 1)
(38, 1, 22)
(38, 2, 47)
(38, 3, 66)
(38, 4, 30)
(38, 5, 25)
(38, 6, 17)
(38, 7, 6)
(38, 8, 2)
(38, 9, 7)
(38, 10, 5)
(38, 11, 3)
(38, 12, 1)
(38, 14, 2)
(38, 17, 1)
(38, 27, 1)
(39, 1, 30)
(39, 2, 79)
(39, 3, 149)
(39, 4, 73)
(39, 5, 39)
(39, 6, 17)
(39, 7, 10)
(39, 8, 11)
(39, 9, 10)
(39, 10, 3)
(39, 11, 5)
(39, 12, 8)
(39, 13, 6)
(39, 14, 4)
(39, 15, 6)
(39, 16, 1)
(39, 17, 1)
(39, 19, 2)
(39, 22, 1)
(39, 24, 2)
(39, 26, 1)
(39, 29, 1)
(39, 31, 1)
(39, 32, 1)
(39, 33, 1)
(39, 39, 1)
xi_2:
(38, 11, 1)
(38, 12, 1)
