x-grades
-148603384910646133/200000000000000000
-73230907526932753/100000000000000000
-144320245197084879/200000000000000000
-35544668835076063/50000000000000000
-1120296843868189/1600000000000000
-68947767813371499/100000000000000000
-135753965769962371/200000000000000000
-8350774744573859/12500000000000000
-131470826056401117/200000000000000000
-12932925619962049/20000000000000000
-127187686342839863/200000000000000000
-31261529121514809/50000000000000000
-122904546629278609/200000000000000000
-60381488386248991/100000000000000000
-23724281383143471/40000000000000000
-14559979632367091/25000000000000000
-114338267202156101/200000000000000000
-56098348672687737/100000000000000000
-110055127488594847/200000000000000000
-5395677881590711/10000000000000000
-105771987775033593/200000000000000000
-51815208959126483/100000000000000000
-101488848061472339/200000000000000000
-388075305487077/781250000000000
-19441141669582217/40000000000000000
-47532069245565229/100000000000000000
-92922568634349831/200000000000000000
-22695249694392301/50000000000000000
-88639428920788577/200000000000000000
-1729957181280159/4000000000000000
-84356289207227323/200000000000000000
-10276839918805837/25000000000000000
-80073149493666069/200000000000000000
-38965789818442721/100000000000000000
-15158001956020963/40000000000000000
-18412109980831047/50000000000000000
-71506870066543561/200000000000000000
-34682650104881467/100000000000000000
-67223730352982307/200000000000000000
-813527006202521/2500000000000000

y-grades
9999929/40000000
9999929/20000000
29999787/40000000
9999929/10000000
9999929/8000000
29999787/20000000
69999503/40000000
9999929/5000000
89999361/40000000
9999929/4000000
109999219/40000000
29999787/10000000
129999077/40000000
69999503/20000000
29999787/8000000
9999929/2500000
169998793/40000000
89999361/20000000
189998651/40000000
9999929/2000000
209998509/40000000
109999219/20000000
229998367/40000000
29999787/5000000
9999929/1600000
129999077/20000000
269998083/40000000
69999503/10000000
289997941/40000000
29999787/4000000
309997799/40000000
9999929/1250000
329997657/40000000
169998793/20000000
69999503/8000000
89999361/10000000
369997373/40000000
189998651/20000000
389997231/40000000
9999929/1000000

Dimensions > 0:
(0, 0, 2)
(0, 1, 2)
(0, 2, 2)
(0, 3, 1)
(0, 4, 1)
(0, 5, 1)
(0, 6, 1)
(0, 7, 1)
(0, 8, 1)
(0, 9, 1)
(0, 10, 1)
(0, 11, 1)
(0, 12, 1)
(0, 13, 1)
(0, 14, 1)
(0, 15, 1)
(0, 16, 1)
(0, 17, 1)
(0, 18, 1)
(0, 19, 1)
(0, 20, 1)
(0, 21, 1)
(0, 22, 1)
(0, 23, 1)
(0, 24, 1)
(0, 25, 1)
(0, 26, 1)
(0, 27, 1)
(0, 28, 1)
(0, 29, 1)
(0, 30, 1)
(0, 31, 1)
(0, 32, 1)
(0, 33, 1)
(0, 34, 1)
(0, 35, 1)
(0, 36, 1)
(0, 37, 1)
(0, 38, 1)
(0, 39, 1)

(1, 0, 3)
(1, 1, 3)
(1, 2, 2)
(1, 3, 1)
(1, 4, 1)
(1, 5, 1)
(1, 6, 1)
(1, 7, 1)
(1, 8, 1)
(1, 9, 1)
(1, 10, 1)
(1, 11, 1)
(1, 12, 1)
(1, 13, 1)
(1, 14, 1)
(1, 15, 1)
(1, 16, 1)
(1, 17, 1)
(1, 18, 1)
(1, 19, 1)
(1, 20, 1)
(1, 21, 1)
(1, 22, 1)
(1, 23, 1)
(1, 24, 1)
(1, 25, 1)
(1, 26, 1)
(1, 27, 1)
(1, 28, 1)
(1, 29, 1)
(1, 30, 1)
(1, 31, 1)
(1, 32, 1)
(1, 33, 1)
(1, 34, 1)
(1, 35, 1)
(1, 36, 1)
(1, 37, 1)
(1, 38, 1)
(1, 39, 1)

(2, 0, 4)
(2, 1, 4)
(2, 2, 3)
(2, 3, 1)
(2, 4, 1)
(2, 5, 1)
(2, 6, 1)
(2, 7, 1)
(2, 8, 1)
(2, 9, 1)
(2, 10, 1)
(2, 11, 1)
(2, 12, 1)
(2, 13, 1)
(2, 14, 1)
(2, 15, 1)
(2, 16, 1)
(2, 17, 1)
(2, 18, 1)
(2, 19, 1)
(2, 20, 1)
(2, 21, 1)
(2, 22, 1)
(2, 23, 1)
(2, 24, 1)
(2, 25, 1)
(2, 26, 1)
(2, 27, 1)
(2, 28, 1)
(2, 29, 1)
(2, 30, 1)
(2, 31, 1)
(2, 32, 1)
(2, 33, 1)
(2, 34, 1)
(2, 35, 1)
(2, 36, 1)
(2, 37, 1)
(2, 38, 1)
(2, 39, 1)

(3, 0, 4)
(3, 1, 4)
(3, 2, 3)
(3, 3, 1)
(3, 4, 1)
(3, 5, 1)
(3, 6, 1)
(3, 7, 1)
(3, 8, 1)
(3, 9, 1)
(3, 10, 1)
(3, 11, 1)
(3, 12, 1)
(3, 13, 1)
(3, 14, 1)
(3, 15, 1)
(3, 16, 1)
(3, 17, 1)
(3, 18, 1)
(3, 19, 1)
(3, 20, 1)
(3, 21, 1)
(3, 22, 1)
(3, 23, 1)
(3, 24, 1)
(3, 25, 1)
(3, 26, 1)
(3, 27, 1)
(3, 28, 1)
(3, 29, 1)
(3, 30, 1)
(3, 31, 1)
(3, 32, 1)
(3, 33, 1)
(3, 34, 1)
(3, 35, 1)
(3, 36, 1)
(3, 37, 1)
(3, 38, 1)
(3, 39, 1)

(4, 0, 4)
(4, 1, 4)
(4, 2, 3)
(4, 3, 1)
(4, 4, 1)
(4, 5, 1)
(4, 6, 1)
(4, 7, 1)
(4, 8, 1)
(4, 9, 1)
(4, 10, 1)
(4, 11, 1)
(4, 12, 1)
(4, 13, 1)
(4, 14, 1)
(4, 15, 1)
(4, 16, 1)
(4, 17, 1)
(4, 18, 1)
(4, 19, 1)
(4, 20, 1)
(4, 21, 1)
(4, 22, 1)
(4, 23, 1)
(4, 24, 1)
(4, 25, 1)
(4, 26, 1)
(4, 27, 1)
(4, 28, 1)
(4, 29, 1)
(4, 30, 1)
(4, 31, 1)
(4, 32, 1)
(4, 33, 1)
(4, 34, 1)
(4, 35, 1)
(4, 36, 1)
(4, 37, 1)
(4, 38, 1)
(4, 39, 1)

(5, 0, 4)
(5, 1, 4)
(5, 2, 3)
(5, 3, 1)
(5, 4, 1)
(5, 5, 1)
(5, 6, 1)
(5, 7, 1)
(5, 8, 1)
(5, 9, 1)
(5, 10, 1)
(5, 11, 1)
(5, 12, 1)
(5, 13, 1)
(5, 14, 1)
(5, 15, 1)
(5, 16, 1)
(5, 17, 1)
(5, 18, 1)
(5, 19, 1)
(5, 20, 1)
(5, 21, 1)
(5, 22, 1)
(5, 23, 1)
(5, 24, 1)
(5, 25, 1)
(5, 26, 1)
(5, 27, 1)
(5, 28, 1)
(5, 29, 1)
(5, 30, 1)
(5, 31, 1)
(5, 32, 1)
(5, 33, 1)
(5, 34, 1)
(5, 35, 1)
(5, 36, 1)
(5, 37, 1)
(5, 38, 1)
(5, 39, 1)

(6, 0, 4)
(6, 1, 4)
(6, 2, 3)
(6, 3, 1)
(6, 4, 1)
(6, 5, 1)
(6, 6, 1)
(6, 7, 1)
(6, 8, 1)
(6, 9, 1)
(6, 10, 1)
(6, 11, 1)
(6, 12, 1)
(6, 13, 1)
(6, 14, 1)
(6, 15, 1)
(6, 16, 1)
(6, 17, 1)
(6, 18, 1)
(6, 19, 1)
(6, 20, 1)
(6, 21, 1)
(6, 22, 1)
(6, 23, 1)
(6, 24, 1)
(6, 25, 1)
(6, 26, 1)
(6, 27, 1)
(6, 28, 1)
(6, 29, 1)
(6, 30, 1)
(6, 31, 1)
(6, 32, 1)
(6, 33, 1)
(6, 34, 1)
(6, 35, 1)
(6, 36, 1)
(6, 37, 1)
(6, 38, 1)
(6, 39, 1)

(7, 0, 4)
(7, 1, 4)
(7, 2, 3)
(7, 3, 1)
(7, 4, 1)
(7, 5, 1)
(7, 6, 1)
(7, 7, 1)
(7, 8, 1)
(7, 9, 1)
(7, 10, 1)
(7, 11, 1)
(7, 12, 1)
(7, 13, 1)
(7, 14, 1)
(7, 15, 1)
(7, 16, 1)
(7, 17, 1)
(7, 18, 1)
(7, 19, 1)
(7, 20, 1)
(7, 21, 1)
(7, 22, 1)
(7, 23, 1)
(7, 24, 1)
(7, 25, 1)
(7, 26, 1)
(7, 27, 1)
(7, 28, 1)
(7, 29, 1)
(7, 30, 1)
(7, 31, 1)
(7, 32, 1)
(7, 33, 1)
(7, 34, 1)
(7, 35, 1)
(7, 36, 1)
(7, 37, 1)
(7, 38, 1)
(7, 39, 1)

(8, 0, 4)
(8, 1, 4)
(8, 2, 3)
(8, 3, 1)
(8, 4, 1)
(8, 5, 1)
(8, 6, 1)
(8, 7, 1)
(8, 8, 1)
(8, 9, 1)
(8, 10, 1)
(8, 11, 1)
(8, 12, 1)
(8, 13, 1)
(8, 14, 1)
(8, 15, 1)
(8, 16, 1)
(8, 17, 1)
(8, 18, 1)
(8, 19, 1)
(8, 20, 1)
(8, 21, 1)
(8, 22, 1)
(8, 23, 1)
(8, 24, 1)
(8, 25, 1)
(8, 26, 1)
(8, 27, 1)
(8, 28, 1)
(8, 29, 1)
(8, 30, 1)
(8, 31, 1)
(8, 32, 1)
(8, 33, 1)
(8, 34, 1)
(8, 35, 1)
(8, 36, 1)
(8, 37, 1)
(8, 38, 1)
(8, 39, 1)

(9, 0, 5)
(9, 1, 5)
(9, 2, 4)
(9, 3, 2)
(9, 4, 2)
(9, 5, 2)
(9, 6, 2)
(9, 7, 2)
(9, 8, 2)
(9, 9, 2)
(9, 10, 2)
(9, 11, 2)
(9, 12, 2)
(9, 13, 1)
(9, 14, 1)
(9, 15, 1)
(9, 16, 1)
(9, 17, 1)
(9, 18, 1)
(9, 19, 1)
(9, 20, 1)
(9, 21, 1)
(9, 22, 1)
(9, 23, 1)
(9, 24, 1)
(9, 25, 1)
(9, 26, 1)
(9, 27, 1)
(9, 28, 1)
(9, 29, 1)
(9, 30, 1)
(9, 31, 1)
(9, 32, 1)
(9, 33, 1)
(9, 34, 1)
(9, 35, 1)
(9, 36, 1)
(9, 37, 1)
(9, 38, 1)
(9, 39, 1)

(10, 0, 7)
(10, 1, 7)
(10, 2, 6)
(10, 3, 3)
(10, 4, 3)
(10, 5, 3)
(10, 6, 3)
(10, 7, 3)
(10, 8, 3)
(10, 9, 3)
(10, 10, 3)
(10, 11, 3)
(10, 12, 3)
(10, 13, 2)
(10, 14, 2)
(10, 15, 2)
(10, 16, 2)
(10, 17, 2)
(10, 18, 2)
(10, 19, 2)
(10, 20, 2)
(10, 21, 2)
(10, 22, 2)
(10, 23, 2)
(10, 24, 2)
(10, 25, 2)
(10, 26, 2)
(10, 27, 2)
(10, 28, 2)
(10, 29, 2)
(10, 30, 2)
(10, 31, 2)
(10, 32, 2)
(10, 33, 2)
(10, 34, 2)
(10, 35, 2)
(10, 36, 2)
(10, 37, 2)
(10, 38, 2)
(10, 39, 2)

(11, 0, 8)
(11, 1, 8)
(11, 2, 6)
(11, 3, 3)
(11, 4, 3)
(11, 5, 3)
(11, 6, 3)
(11, 7, 3)
(11, 8, 3)
(11, 9, 3)
(11, 10, 3)
(11, 11, 3)
(11, 12, 3)
(11, 13, 2)
(11, 14, 2)
(11, 15, 2)
(11, 16, 2)
(11, 17, 2)
(11, 18, 2)
(11, 19, 2)
(11, 20, 2)
(11, 21, 2)
(11, 22, 2)
(11, 23, 2)
(11, 24, 2)
(11, 25, 2)
(11, 26, 2)
(11, 27, 2)
(11, 28, 2)
(11, 29, 2)
(11, 30, 2)
(11, 31, 2)
(11, 32, 2)
(11, 33, 2)
(11, 34, 2)
(11, 35, 2)
(11, 36, 2)
(11, 37, 2)
(11, 38, 2)
(11, 39, 2)

(12, 0, 9)
(12, 1, 9)
(12, 2, 7)
(12, 3, 3)
(12, 4, 3)
(12, 5, 3)
(12, 6, 3)
(12, 7, 3)
(12, 8, 3)
(12, 9, 3)
(12, 10, 3)
(12, 11, 3)
(12, 12, 3)
(12, 13, 2)
(12, 14, 2)
(12, 15, 2)
(12, 16, 2)
(12, 17, 2)
(12, 18, 2)
(12, 19, 2)
(12, 20, 2)
(12, 21, 2)
(12, 22, 2)
(12, 23, 2)
(12, 24, 2)
(12, 25, 2)
(12, 26, 2)
(12, 27, 2)
(12, 28, 2)
(12, 29, 2)
(12, 30, 2)
(12, 31, 2)
(12, 32, 2)
(12, 33, 2)
(12, 34, 2)
(12, 35, 2)
(12, 36, 2)
(12, 37, 2)
(12, 38, 2)
(12, 39, 2)

(13, 0, 9)
(13, 1, 9)
(13, 2, 7)
(13, 3, 3)
(13, 4, 3)
(13, 5, 3)
(13, 6, 3)
(13, 7, 3)
(13, 8, 3)
(13, 9, 3)
(13, 10, 3)
(13, 11, 3)
(13, 12, 3)
(13, 13, 2)
(13, 14, 2)
(13, 15, 2)
(13, 16, 2)
(13, 17, 2)
(13, 18, 2)
(13, 19, 2)
(13, 20, 2)
(13, 21, 2)
(13, 22, 2)
(13, 23, 2)
(13, 24, 2)
(13, 25, 2)
(13, 26, 2)
(13, 27, 2)
(13, 28, 2)
(13, 29, 2)
(13, 30, 2)
(13, 31, 2)
(13, 32, 2)
(13, 33, 2)
(13, 34, 2)
(13, 35, 2)
(13, 36, 2)
(13, 37, 2)
(13, 38, 2)
(13, 39, 2)

(14, 0, 11)
(14, 1, 11)
(14, 2, 9)
(14, 3, 5)
(14, 4, 5)
(14, 5, 4)
(14, 6, 4)
(14, 7, 4)
(14, 8, 3)
(14, 9, 3)
(14, 10, 3)
(14, 11, 3)
(14, 12, 3)
(14, 13, 2)
(14, 14, 2)
(14, 15, 2)
(14, 16, 2)
(14, 17, 2)
(14, 18, 2)
(14, 19, 2)
(14, 20, 2)
(14, 21, 2)
(14, 22, 2)
(14, 23, 2)
(14, 24, 2)
(14, 25, 2)
(14, 26, 2)
(14, 27, 2)
(14, 28, 2)
(14, 29, 2)
(14, 30, 2)
(14, 31, 2)
(14, 32, 2)
(14, 33, 2)
(14, 34, 2)
(14, 35, 2)
(14, 36, 2)
(14, 37, 2)
(14, 38, 2)
(14, 39, 2)

(15, 0, 11)
(15, 1, 11)
(15, 2, 9)
(15, 3, 5)
(15, 4, 5)
(15, 5, 4)
(15, 6, 4)
(15, 7, 4)
(15, 8, 3)
(15, 9, 3)
(15, 10, 3)
(15, 11, 3)
(15, 12, 3)
(15, 13, 2)
(15, 14, 2)
(15, 15, 2)
(15, 16, 2)
(15, 17, 2)
(15, 18, 2)
(15, 19, 2)
(15, 20, 2)
(15, 21, 2)
(15, 22, 2)
(15, 23, 2)
(15, 24, 2)
(15, 25, 2)
(15, 26, 2)
(15, 27, 2)
(15, 28, 2)
(15, 29, 2)
(15, 30, 2)
(15, 31, 2)
(15, 32, 2)
(15, 33, 2)
(15, 34, 2)
(15, 35, 2)
(15, 36, 2)
(15, 37, 2)
(15, 38, 2)
(15, 39, 2)

(16, 0, 11)
(16, 1, 11)
(16, 2, 9)
(16, 3, 5)
(16, 4, 5)
(16, 5, 4)
(16, 6, 4)
(16, 7, 4)
(16, 8, 3)
(16, 9, 3)
(16, 10, 3)
(16, 11, 3)
(16, 12, 3)
(16, 13, 2)
(16, 14, 2)
(16, 15, 2)
(16, 16, 2)
(16, 17, 2)
(16, 18, 2)
(16, 19, 2)
(16, 20, 2)
(16, 21, 2)
(16, 22, 2)
(16, 23, 2)
(16, 24, 2)
(16, 25, 2)
(16, 26, 2)
(16, 27, 2)
(16, 28, 2)
(16, 29, 2)
(16, 30, 2)
(16, 31, 2)
(16, 32, 2)
(16, 33, 2)
(16, 34, 2)
(16, 35, 2)
(16, 36, 2)
(16, 37, 2)
(16, 38, 2)
(16, 39, 2)

(17, 0, 11)
(17, 1, 11)
(17, 2, 9)
(17, 3, 5)
(17, 4, 5)
(17, 5, 4)
(17, 6, 4)
(17, 7, 4)
(17, 8, 3)
(17, 9, 3)
(17, 10, 3)
(17, 11, 3)
(17, 12, 3)
(17, 13, 2)
(17, 14, 2)
(17, 15, 2)
(17, 16, 2)
(17, 17, 2)
(17, 18, 2)
(17, 19, 2)
(17, 20, 2)
(17, 21, 2)
(17, 22, 2)
(17, 23, 2)
(17, 24, 2)
(17, 25, 2)
(17, 26, 2)
(17, 27, 2)
(17, 28, 2)
(17, 29, 2)
(17, 30, 2)
(17, 31, 2)
(17, 32, 2)
(17, 33, 2)
(17, 34, 2)
(17, 35, 2)
(17, 36, 2)
(17, 37, 2)
(17, 38, 2)
(17, 39, 2)

(18, 0, 12)
(18, 1, 12)
(18, 2, 10)
(18, 3, 6)
(18, 4, 6)
(18, 5, 5)
(18, 6, 5)
(18, 7, 5)
(18, 8, 3)
(18, 9, 3)
(18, 10, 3)
(18, 11, 3)
(18, 12, 3)
(18, 13, 2)
(18, 14, 2)
(18, 15, 2)
(18, 16, 2)
(18, 17, 2)
(18, 18, 2)
(18, 19, 2)
(18, 20, 2)
(18, 21, 2)
(18, 22, 2)
(18, 23, 2)
(18, 24, 2)
(18, 25, 2)
(18, 26, 2)
(18, 27, 2)
(18, 28, 2)
(18, 29, 2)
(18, 30, 2)
(18, 31, 2)
(18, 32, 2)
(18, 33, 2)
(18, 34, 2)
(18, 35, 2)
(18, 36, 2)
(18, 37, 1)
(18, 38, 1)
(18, 39, 1)

(19, 0, 12)
(19, 1, 12)
(19, 2, 10)
(19, 3, 6)
(19, 4, 6)
(19, 5, 5)
(19, 6, 5)
(19, 7, 5)
(19, 8, 3)
(19, 9, 3)
(19, 10, 3)
(19, 11, 3)
(19, 12, 3)
(19, 13, 2)
(19, 14, 2)
(19, 15, 2)
(19, 16, 2)
(19, 17, 2)
(19, 18, 2)
(19, 19, 2)
(19, 20, 2)
(19, 21, 2)
(19, 22, 2)
(19, 23, 2)
(19, 24, 2)
(19, 25, 2)
(19, 26, 2)
(19, 27, 2)
(19, 28, 2)
(19, 29, 2)
(19, 30, 2)
(19, 31, 2)
(19, 32, 2)
(19, 33, 2)
(19, 34, 2)
(19, 35, 2)
(19, 36, 2)
(19, 37, 1)
(19, 38, 1)
(19, 39, 1)

(20, 0, 13)
(20, 1, 13)
(20, 2, 11)
(20, 3, 7)
(20, 4, 7)
(20, 5, 6)
(20, 6, 6)
(20, 7, 6)
(20, 8, 4)
(20, 9, 4)
(20, 10, 4)
(20, 11, 4)
(20, 12, 4)
(20, 13, 3)
(20, 14, 3)
(20, 15, 3)
(20, 16, 3)
(20, 17, 3)
(20, 18, 3)
(20, 19, 3)
(20, 20, 3)
(20, 21, 3)
(20, 22, 3)
(20, 23, 3)
(20, 24, 3)
(20, 25, 3)
(20, 26, 3)
(20, 27, 3)
(20, 28, 2)
(20, 29, 2)
(20, 30, 2)
(20, 31, 2)
(20, 32, 2)
(20, 33, 2)
(20, 34, 2)
(20, 35, 2)
(20, 36, 2)
(20, 37, 1)
(20, 38, 1)
(20, 39, 1)

(21, 0, 15)
(21, 1, 15)
(21, 2, 12)
(21, 3, 8)
(21, 4, 8)
(21, 5, 7)
(21, 6, 7)
(21, 7, 7)
(21, 8, 4)
(21, 9, 4)
(21, 10, 4)
(21, 11, 4)
(21, 12, 4)
(21, 13, 3)
(21, 14, 3)
(21, 15, 3)
(21, 16, 3)
(21, 17, 3)
(21, 18, 3)
(21, 19, 3)
(21, 20, 3)
(21, 21, 3)
(21, 22, 3)
(21, 23, 3)
(21, 24, 3)
(21, 25, 3)
(21, 26, 3)
(21, 27, 3)
(21, 28, 2)
(21, 29, 2)
(21, 30, 2)
(21, 31, 1)
(21, 32, 1)
(21, 33, 1)
(21, 34, 1)
(21, 35, 1)
(21, 36, 1)
(21, 37, 1)
(21, 38, 1)
(21, 39, 1)

(22, 0, 15)
(22, 1, 15)
(22, 2, 12)
(22, 3, 8)
(22, 4, 8)
(22, 5, 7)
(22, 6, 7)
(22, 7, 7)
(22, 8, 4)
(22, 9, 4)
(22, 10, 4)
(22, 11, 4)
(22, 12, 4)
(22, 13, 3)
(22, 14, 3)
(22, 15, 3)
(22, 16, 3)
(22, 17, 3)
(22, 18, 3)
(22, 19, 3)
(22, 20, 3)
(22, 21, 3)
(22, 22, 3)
(22, 23, 3)
(22, 24, 3)
(22, 25, 3)
(22, 26, 3)
(22, 27, 3)
(22, 28, 2)
(22, 29, 2)
(22, 30, 2)
(22, 31, 1)
(22, 32, 1)
(22, 33, 1)
(22, 34, 1)
(22, 35, 1)
(22, 36, 1)
(22, 37, 1)
(22, 38, 1)
(22, 39, 1)

(23, 0, 15)
(23, 1, 15)
(23, 2, 12)
(23, 3, 8)
(23, 4, 8)
(23, 5, 7)
(23, 6, 7)
(23, 7, 7)
(23, 8, 4)
(23, 9, 4)
(23, 10, 4)
(23, 11, 4)
(23, 12, 4)
(23, 13, 3)
(23, 14, 3)
(23, 15, 3)
(23, 16, 3)
(23, 17, 3)
(23, 18, 3)
(23, 19, 3)
(23, 20, 3)
(23, 21, 3)
(23, 22, 3)
(23, 23, 3)
(23, 24, 3)
(23, 25, 3)
(23, 26, 3)
(23, 27, 3)
(23, 28, 2)
(23, 29, 2)
(23, 30, 2)
(23, 31, 1)
(23, 32, 1)
(23, 33, 1)
(23, 34, 1)
(23, 35, 1)
(23, 36, 1)
(23, 37, 1)
(23, 38, 1)
(23, 39, 1)

(24, 0, 18)
(24, 1, 18)
(24, 2, 15)
(24, 3, 11)
(24, 4, 11)
(24, 5, 10)
(24, 6, 10)
(24, 7, 10)
(24, 8, 6)
(24, 9, 6)
(24, 10, 6)
(24, 11, 6)
(24, 12, 5)
(24, 13, 4)
(24, 14, 4)
(24, 15, 3)
(24, 16, 3)
(24, 17, 1)
(24, 18, 1)
(24, 19, 1)
(24, 20, 1)
(24, 21, 1)
(24, 22, 1)
(24, 23, 1)
(24, 24, 1)
(24, 25, 1)
(24, 26, 1)
(24, 27, 1)
(24, 28, 1)
(24, 29, 1)
(24, 30, 1)
(24, 31, 1)
(24, 32, 1)
(24, 33, 1)
(24, 34, 1)
(24, 35, 1)
(24, 36, 1)
(24, 37, 1)
(24, 38, 1)
(24, 39, 1)

(25, 0, 24)
(25, 1, 21)
(25, 2, 16)
(25, 3, 12)
(25, 4, 12)
(25, 5, 11)
(25, 6, 11)
(25, 7, 11)
(25, 8, 7)
(25, 9, 6)
(25, 10, 6)
(25, 11, 5)
(25, 12, 5)
(25, 13, 4)
(25, 14, 4)
(25, 15, 4)
(25, 16, 4)
(25, 17, 2)
(25, 18, 2)
(25, 19, 2)
(25, 20, 2)
(25, 21, 2)
(25, 22, 2)
(25, 23, 2)
(25, 24, 2)
(25, 25, 2)
(25, 26, 2)
(25, 27, 2)
(25, 28, 2)
(25, 29, 2)
(25, 30, 2)
(25, 31, 2)
(25, 32, 2)
(25, 33, 1)
(25, 34, 1)
(25, 35, 1)
(25, 36, 1)
(25, 37, 1)
(25, 38, 1)
(25, 39, 1)

(26, 0, 29)
(26, 1, 21)
(26, 2, 17)
(26, 3, 13)
(26, 4, 13)
(26, 5, 12)
(26, 6, 12)
(26, 7, 12)
(26, 8, 7)
(26, 9, 6)
(26, 10, 5)
(26, 11, 4)
(26, 12, 4)
(26, 13, 3)
(26, 14, 3)
(26, 15, 3)
(26, 16, 3)
(26, 17, 2)
(26, 18, 2)
(26, 19, 2)
(26, 20, 2)
(26, 21, 2)
(26, 22, 2)
(26, 23, 2)
(26, 24, 2)
(26, 25, 2)
(26, 26, 2)
(26, 27, 2)
(26, 28, 2)
(26, 29, 2)
(26, 30, 2)
(26, 31, 2)
(26, 32, 1)
(26, 33, 1)
(26, 34, 1)
(26, 35, 1)
(26, 36, 1)
(26, 37, 1)
(26, 38, 1)
(26, 39, 1)

(27, 0, 34)
(27, 1, 23)
(27, 2, 18)
(27, 3, 14)
(27, 4, 14)
(27, 5, 13)
(27, 6, 13)
(27, 7, 12)
(27, 8, 5)
(27, 9, 4)
(27, 10, 4)
(27, 11, 4)
(27, 12, 4)
(27, 13, 3)
(27, 14, 3)
(27, 15, 3)
(27, 16, 3)
(27, 17, 2)
(27, 18, 2)
(27, 19, 2)
(27, 20, 2)
(27, 21, 2)
(27, 22, 2)
(27, 23, 2)
(27, 24, 2)
(27, 25, 2)
(27, 26, 2)
(27, 27, 2)
(27, 28, 2)
(27, 29, 2)
(27, 30, 2)
(27, 31, 2)
(27, 32, 1)
(27, 33, 1)
(27, 34, 1)
(27, 35, 1)
(27, 36, 1)
(27, 37, 1)
(27, 38, 1)
(27, 39, 1)

(28, 0, 39)
(28, 1, 23)
(28, 2, 18)
(28, 3, 14)
(28, 4, 14)
(28, 5, 13)
(28, 6, 13)
(28, 7, 11)
(28, 8, 5)
(28, 9, 4)
(28, 10, 4)
(28, 11, 4)
(28, 12, 4)
(28, 13, 3)
(28, 14, 3)
(28, 15, 3)
(28, 16, 3)
(28, 17, 2)
(28, 18, 2)
(28, 19, 2)
(28, 20, 2)
(28, 21, 2)
(28, 22, 2)
(28, 23, 2)
(28, 24, 2)
(28, 25, 2)
(28, 26, 2)
(28, 27, 2)
(28, 28, 2)
(28, 29, 2)
(28, 30, 2)
(28, 31, 2)
(28, 32, 1)
(28, 33, 1)
(28, 34, 1)
(28, 35, 1)
(28, 36, 1)
(28, 37, 1)
(28, 38, 1)
(28, 39, 1)

(29, 0, 41)
(29, 1, 23)
(29, 2, 18)
(29, 3, 14)
(29, 4, 14)
(29, 5, 13)
(29, 6, 13)
(29, 7, 11)
(29, 8, 5)
(29, 9, 4)
(29, 10, 4)
(29, 11, 4)
(29, 12, 4)
(29, 13, 3)
(29, 14, 3)
(29, 15, 3)
(29, 16, 3)
(29, 17, 2)
(29, 18, 2)
(29, 19, 2)
(29, 20, 2)
(29, 21, 2)
(29, 22, 2)
(29, 23, 2)
(29, 24, 2)
(29, 25, 2)
(29, 26, 2)
(29, 27, 2)
(29, 28, 2)
(29, 29, 2)
(29, 30, 2)
(29, 31, 2)
(29, 32, 1)
(29, 33, 1)
(29, 34, 1)
(29, 35, 1)
(29, 36, 1)
(29, 37, 1)
(29, 38, 1)
(29, 39, 1)

(30, 0, 46)
(30, 1, 24)
(30, 2, 20)
(30, 3, 15)
(30, 4, 15)
(30, 5, 14)
(30, 6, 14)
(30, 7, 12)
(30, 8, 6)
(30, 9, 5)
(30, 10, 5)
(30, 11, 5)
(30, 12, 5)
(30, 13, 4)
(30, 14, 4)
(30, 15, 4)
(30, 16, 4)
(30, 17, 3)
(30, 18, 2)
(30, 19, 2)
(30, 20, 2)
(30, 21, 2)
(30, 22, 2)
(30, 23, 2)
(30, 24, 2)
(30, 25, 2)
(30, 26, 2)
(30, 27, 2)
(30, 28, 2)
(30, 29, 2)
(30, 30, 2)
(30, 31, 2)
(30, 32, 1)
(30, 33, 1)
(30, 34, 1)
(30, 35, 1)
(30, 36, 1)
(30, 37, 1)
(30, 38, 1)
(30, 39, 1)

(31, 0, 49)
(31, 1, 26)
(31, 2, 22)
(31, 3, 17)
(31, 4, 17)
(31, 5, 16)
(31, 6, 16)
(31, 7, 14)
(31, 8, 8)
(31, 9, 7)
(31, 10, 7)
(31, 11, 7)
(31, 12, 7)
(31, 13, 6)
(31, 14, 6)
(31, 15, 6)
(31, 16, 6)
(31, 17, 5)
(31, 18, 4)
(31, 19, 4)
(31, 20, 4)
(31, 21, 4)
(31, 22, 4)
(31, 23, 4)
(31, 24, 4)
(31, 25, 4)
(31, 26, 4)
(31, 27, 3)
(31, 28, 3)
(31, 29, 3)
(31, 30, 3)
(31, 31, 3)
(31, 32, 2)
(31, 33, 2)
(31, 34, 2)
(31, 35, 2)
(31, 36, 2)
(31, 37, 2)
(31, 38, 2)
(31, 39, 2)

(32, 0, 51)
(32, 1, 28)
(32, 2, 23)
(32, 3, 17)
(32, 4, 17)
(32, 5, 16)
(32, 6, 16)
(32, 7, 14)
(32, 8, 8)
(32, 9, 7)
(32, 10, 7)
(32, 11, 7)
(32, 12, 7)
(32, 13, 6)
(32, 14, 6)
(32, 15, 6)
(32, 16, 6)
(32, 17, 5)
(32, 18, 4)
(32, 19, 4)
(32, 20, 4)
(32, 21, 4)
(32, 22, 4)
(32, 23, 4)
(32, 24, 4)
(32, 25, 4)
(32, 26, 4)
(32, 27, 3)
(32, 28, 3)
(32, 29, 3)
(32, 30, 3)
(32, 31, 3)
(32, 32, 2)
(32, 33, 2)
(32, 34, 2)
(32, 35, 2)
(32, 36, 2)
(32, 37, 2)
(32, 38, 2)
(32, 39, 2)

(33, 0, 56)
(33, 1, 32)
(33, 2, 26)
(33, 3, 20)
(33, 4, 20)
(33, 5, 18)
(33, 6, 18)
(33, 7, 16)
(33, 8, 9)
(33, 9, 8)
(33, 10, 8)
(33, 11, 8)
(33, 12, 8)
(33, 13, 7)
(33, 14, 7)
(33, 15, 7)
(33, 16, 7)
(33, 17, 6)
(33, 18, 5)
(33, 19, 5)
(33, 20, 3)
(33, 21, 3)
(33, 22, 3)
(33, 23, 3)
(33, 24, 3)
(33, 25, 3)
(33, 26, 3)
(33, 27, 3)
(33, 28, 3)
(33, 29, 3)
(33, 30, 3)
(33, 31, 3)
(33, 32, 2)
(33, 33, 2)
(33, 34, 2)
(33, 35, 2)
(33, 36, 2)
(33, 37, 2)
(33, 38, 2)
(33, 39, 1)

(34, 0, 62)
(34, 1, 37)
(34, 2, 30)
(34, 3, 24)
(34, 4, 24)
(34, 5, 22)
(34, 6, 22)
(34, 7, 19)
(34, 8, 8)
(34, 9, 7)
(34, 10, 7)
(34, 11, 7)
(34, 12, 7)
(34, 13, 6)
(34, 14, 6)
(34, 15, 6)
(34, 16, 6)
(34, 17, 5)
(34, 18, 3)
(34, 19, 3)
(34, 20, 2)
(34, 21, 2)
(34, 22, 2)
(34, 23, 2)
(34, 24, 2)
(34, 25, 2)
(34, 26, 2)
(34, 27, 2)
(34, 28, 2)
(34, 29, 2)
(34, 30, 2)
(34, 31, 2)
(34, 32, 1)
(34, 33, 1)
(34, 34, 1)
(34, 35, 1)
(34, 36, 1)
(34, 37, 1)
(34, 38, 1)
(34, 39, 1)

(35, 0, 62)
(35, 1, 37)
(35, 2, 30)
(35, 3, 24)
(35, 4, 24)
(35, 5, 22)
(35, 6, 22)
(35, 7, 19)
(35, 8, 8)
(35, 9, 7)
(35, 10, 7)
(35, 11, 7)
(35, 12, 7)
(35, 13, 6)
(35, 14, 6)
(35, 15, 6)
(35, 16, 6)
(35, 17, 5)
(35, 18, 3)
(35, 19, 3)
(35, 20, 2)
(35, 21, 2)
(35, 22, 2)
(35, 23, 2)
(35, 24, 2)
(35, 25, 2)
(35, 26, 2)
(35, 27, 2)
(35, 28, 2)
(35, 29, 2)
(35, 30, 2)
(35, 31, 2)
(35, 32, 1)
(35, 33, 1)
(35, 34, 1)
(35, 35, 1)
(35, 36, 1)
(35, 37, 1)
(35, 38, 1)
(35, 39, 1)

(36, 0, 63)
(36, 1, 38)
(36, 2, 31)
(36, 3, 25)
(36, 4, 25)
(36, 5, 23)
(36, 6, 23)
(36, 7, 19)
(36, 8, 8)
(36, 9, 7)
(36, 10, 7)
(36, 11, 7)
(36, 12, 7)
(36, 13, 6)
(36, 14, 6)
(36, 15, 6)
(36, 16, 6)
(36, 17, 5)
(36, 18, 3)
(36, 19, 3)
(36, 20, 2)
(36, 21, 2)
(36, 22, 2)
(36, 23, 2)
(36, 24, 2)
(36, 25, 2)
(36, 26, 2)
(36, 27, 2)
(36, 28, 2)
(36, 29, 2)
(36, 30, 2)
(36, 31, 2)
(36, 32, 1)
(36, 33, 1)
(36, 34, 1)
(36, 35, 1)
(36, 36, 1)
(36, 37, 1)
(36, 38, 1)
(36, 39, 1)

(37, 0, 63)
(37, 1, 38)
(37, 2, 31)
(37, 3, 25)
(37, 4, 25)
(37, 5, 23)
(37, 6, 23)
(37, 7, 19)
(37, 8, 8)
(37, 9, 7)
(37, 10, 7)
(37, 11, 7)
(37, 12, 7)
(37, 13, 6)
(37, 14, 6)
(37, 15, 6)
(37, 16, 6)
(37, 17, 5)
(37, 18, 3)
(37, 19, 3)
(37, 20, 2)
(37, 21, 2)
(37, 22, 2)
(37, 23, 2)
(37, 24, 2)
(37, 25, 2)
(37, 26, 2)
(37, 27, 2)
(37, 28, 2)
(37, 29, 2)
(37, 30, 2)
(37, 31, 2)
(37, 32, 1)
(37, 33, 1)
(37, 34, 1)
(37, 35, 1)
(37, 36, 1)
(37, 37, 1)
(37, 38, 1)
(37, 39, 1)

(38, 0, 65)
(38, 1, 40)
(38, 2, 33)
(38, 3, 27)
(38, 4, 27)
(38, 5, 25)
(38, 6, 25)
(38, 7, 21)
(38, 8, 9)
(38, 9, 8)
(38, 10, 8)
(38, 11, 8)
(38, 12, 8)
(38, 13, 7)
(38, 14, 7)
(38, 15, 7)
(38, 16, 7)
(38, 17, 6)
(38, 18, 4)
(38, 19, 4)
(38, 20, 3)
(38, 21, 3)
(38, 22, 3)
(38, 23, 3)
(38, 24, 3)
(38, 25, 3)
(38, 26, 3)
(38, 27, 3)
(38, 28, 3)
(38, 29, 3)
(38, 30, 3)
(38, 31, 3)
(38, 32, 2)
(38, 33, 1)
(38, 34, 1)
(38, 35, 1)
(38, 36, 1)
(38, 37, 1)
(38, 38, 1)
(38, 39, 1)

(39, 0, 71)
(39, 1, 46)
(39, 2, 38)
(39, 3, 31)
(39, 4, 30)
(39, 5, 26)
(39, 6, 26)
(39, 7, 22)
(39, 8, 8)
(39, 9, 7)
(39, 10, 7)
(39, 11, 7)
(39, 12, 7)
(39, 13, 6)
(39, 14, 6)
(39, 15, 6)
(39, 16, 6)
(39, 17, 5)
(39, 18, 3)
(39, 19, 3)
(39, 20, 2)
(39, 21, 2)
(39, 22, 2)
(39, 23, 2)
(39, 24, 2)
(39, 25, 2)
(39, 26, 2)
(39, 27, 2)
(39, 28, 2)
(39, 29, 2)
(39, 30, 2)
(39, 31, 1)
(39, 32, 1)
(39, 33, 1)
(39, 34, 1)
(39, 35, 1)
(39, 36, 1)
(39, 37, 1)
(39, 38, 1)
(39, 39, 1)


Betti numbers:
xi_0:
(0, 0, 2)
(1, 0, 1)
(2, 0, 1)
(9, 0, 1)
(10, 0, 2)
(11, 0, 1)
(12, 0, 1)
(14, 0, 2)
(18, 0, 1)
(20, 0, 1)
(21, 0, 2)
(24, 0, 3)
(25, 0, 6)
(26, 0, 5)
(27, 0, 5)
(28, 0, 5)
(29, 0, 2)
(30, 0, 5)
(31, 0, 3)
(32, 0, 2)
(33, 0, 5)
(34, 0, 6)
(36, 0, 1)
(38, 0, 2)
(39, 0, 6)
xi_1:
(0, 3, 1)
(1, 2, 1)
(2, 3, 1)
(9, 13, 1)
(10, 3, 1)
(11, 2, 1)
(12, 3, 1)
(14, 5, 1)
(14, 8, 1)
(18, 8, 1)
(18, 37, 1)
(20, 28, 1)
(21, 2, 1)
(21, 8, 1)
(21, 31, 1)
(24, 8, 1)
(24, 12, 1)
(24, 15, 1)
(24, 17, 2)
(25, 1, 3)
(25, 2, 2)
(25, 9, 1)
(25, 11, 1)
(25, 33, 1)
(26, 1, 5)
(26, 8, 1)
(26, 10, 1)
(26, 32, 1)
(27, 1, 3)
(27, 2, 1)
(27, 7, 1)
(27, 8, 2)
(28, 1, 5)
(28, 7, 1)
(29, 1, 2)
(30, 1, 4)
(30, 3, 1)
(30, 18, 1)
(31, 1, 1)
(31, 27, 1)
(32, 2, 1)
(32, 3, 1)
(33, 1, 1)
(33, 2, 1)
(33, 5, 1)
(33, 8, 1)
(33, 20, 2)
(33, 39, 1)
(34, 1, 1)
(34, 2, 1)
(34, 7, 1)
(34, 8, 4)
(34, 18, 1)
(36, 7, 1)
(38, 8, 1)
(38, 33, 1)
(39, 2, 1)
(39, 3, 1)
(39, 4, 1)
(39, 5, 2)
(39, 8, 2)
(39, 31, 1)
xi_2:
(21, 37, 1)
(24, 28, 1)
(24, 31, 1)
(25, 12, 1)
(25, 15, 1)
(26, 2, 1)
(26, 17, 1)
(26, 33, 1)
(27, 10, 1)
(27, 11, 1)
(28, 8, 1)
(30, 2, 1)
(33, 27, 1)
(34, 20, 1)
(34, 39, 1)
(39, 32, 1)
(39, 33, 1)
