x-grades
-2677317002068443337/4000000000000000000
-1313490883512648137/2000000000000000000
-2576646531982149211/4000000000000000000
-631577824234750537/1000000000000000000
-495195212379171017/800000000000000000
-1212820413426354011/2000000000000000000
-2375305591809560959/4000000000000000000
-290621294595801737/500000000000000000
-2274635121723266833/4000000000000000000
-222429988668011977/400000000000000000
-2173964651636972707/4000000000000000000
-530907354148456411/1000000000000000000
-2073294181550678581/4000000000000000000
-1011479473253765759/2000000000000000000
-394524742292876891/800000000000000000
-120143029776327337/250000000000000000
-1871953241378090329/4000000000000000000
-910809003167471633/2000000000000000000
-1771282771291796203/4000000000000000000
-86047376812432457/200000000000000000
-1670612301205502077/4000000000000000000
-810138533081177507/2000000000000000000
-1569941831119207951/4000000000000000000
-189950824509507611/500000000000000000
-58770854441316553/160000000000000000
-709468062994883381/2000000000000000000
-1368600890946619699/4000000000000000000
-329566413975868159/1000000000000000000
-1267930420860325573/4000000000000000000
-121759518581717851/400000000000000000
-1167259950774031447/4000000000000000000
-34903897366590137/125000000000000000
-1066589480687737321/4000000000000000000
-508127122822295129/2000000000000000000
-193183802120288639/800000000000000000
-228895943889574033/1000000000000000000
-865248540515149069/4000000000000000000
-407456652736001003/2000000000000000000
-764578070428854943/4000000000000000000
-17856070884642697/100000000000000000

y-grades
9999999/40000000
9999999/20000000
29999997/40000000
9999999/10000000
9999999/8000000
29999997/20000000
69999993/40000000
9999999/5000000
89999991/40000000
9999999/4000000
109999989/40000000
29999997/10000000
129999987/40000000
69999993/20000000
29999997/8000000
9999999/2500000
169999983/40000000
89999991/20000000
189999981/40000000
9999999/2000000
209999979/40000000
109999989/20000000
229999977/40000000
29999997/5000000
9999999/1600000
129999987/20000000
269999973/40000000
69999993/10000000
289999971/40000000
29999997/4000000
309999969/40000000
9999999/1250000
329999967/40000000
169999983/20000000
69999993/8000000
89999991/10000000
369999963/40000000
189999981/20000000
389999961/40000000
9999999/1000000

Dimensions > 0:
(0, 0, 1)
(0, 1, 1)
(0, 2, 1)
(0, 3, 1)
(0, 4, 1)
(0, 5, 1)
(0, 6, 1)
(0, 7, 1)
(0, 8, 1)
(0, 9, 1)
(0, 10, 1)
(0, 11, 1)
(0, 12, 1)
(0, 13, 1)
(0, 14, 1)
(0, 15, 1)
(0, 16, 1)
(0, 17, 1)
(0, 18, 1)
(0, 19, 1)
(0, 20, 1)
(0, 21, 1)
(0, 22, 1)
(0, 23, 1)
(0, 24, 1)
(0, 25, 1)
(0, 26, 1)
(0, 27, 1)
(0, 28, 1)
(0, 29, 1)
(0, 30, 1)
(0, 31, 1)
(0, 32, 1)
(0, 33, 1)
(0, 34, 1)
(0, 35, 1)
(0, 36, 1)
(0, 37, 1)
(0, 38, 1)
(0, 39, 1)

(1, 0, 4)
(1, 1, 3)
(1, 2, 3)
(1, 3, 3)
(1, 4, 3)
(1, 5, 3)
(1, 6, 3)
(1, 7, 3)
(1, 8, 3)
(1, 9, 3)
(1, 10, 3)
(1, 11, 3)
(1, 12, 3)
(1, 13, 2)
(1, 14, 2)
(1, 15, 2)
(1, 16, 2)
(1, 17, 2)
(1, 18, 2)
(1, 19, 2)
(1, 20, 2)
(1, 21, 2)
(1, 22, 2)
(1, 23, 2)
(1, 24, 2)
(1, 25, 2)
(1, 26, 2)
(1, 27, 2)
(1, 28, 2)
(1, 29, 2)
(1, 30, 2)
(1, 31, 2)
(1, 32, 2)
(1, 33, 2)
(1, 34, 2)
(1, 35, 2)
(1, 36, 2)
(1, 37, 2)
(1, 38, 2)
(1, 39, 2)

(2, 0, 6)
(2, 1, 5)
(2, 2, 5)
(2, 3, 5)
(2, 4, 5)
(2, 5, 5)
(2, 6, 5)
(2, 7, 5)
(2, 8, 5)
(2, 9, 5)
(2, 10, 5)
(2, 11, 5)
(2, 12, 5)
(2, 13, 3)
(2, 14, 3)
(2, 15, 3)
(2, 16, 3)
(2, 17, 3)
(2, 18, 3)
(2, 19, 3)
(2, 20, 3)
(2, 21, 3)
(2, 22, 3)
(2, 23, 3)
(2, 24, 3)
(2, 25, 3)
(2, 26, 3)
(2, 27, 3)
(2, 28, 3)
(2, 29, 3)
(2, 30, 3)
(2, 31, 3)
(2, 32, 3)
(2, 33, 3)
(2, 34, 3)
(2, 35, 3)
(2, 36, 3)
(2, 37, 3)
(2, 38, 3)
(2, 39, 3)

(3, 0, 9)
(3, 1, 8)
(3, 2, 8)
(3, 3, 7)
(3, 4, 5)
(3, 5, 4)
(3, 6, 4)
(3, 7, 4)
(3, 8, 4)
(3, 9, 4)
(3, 10, 4)
(3, 11, 4)
(3, 12, 4)
(3, 13, 3)
(3, 14, 3)
(3, 15, 3)
(3, 16, 3)
(3, 17, 3)
(3, 18, 3)
(3, 19, 3)
(3, 20, 3)
(3, 21, 3)
(3, 22, 3)
(3, 23, 3)
(3, 24, 3)
(3, 25, 3)
(3, 26, 3)
(3, 27, 3)
(3, 28, 3)
(3, 29, 3)
(3, 30, 3)
(3, 31, 3)
(3, 32, 3)
(3, 33, 3)
(3, 34, 3)
(3, 35, 3)
(3, 36, 3)
(3, 37, 3)
(3, 38, 3)
(3, 39, 3)

(4, 0, 20)
(4, 1, 14)
(4, 2, 13)
(4, 3, 12)
(4, 4, 8)
(4, 5, 7)
(4, 6, 6)
(4, 7, 6)
(4, 8, 5)
(4, 9, 5)
(4, 10, 5)
(4, 11, 5)
(4, 12, 5)
(4, 13, 4)
(4, 14, 4)
(4, 15, 4)
(4, 16, 4)
(4, 17, 3)
(4, 18, 3)
(4, 19, 3)
(4, 20, 3)
(4, 21, 3)
(4, 22, 3)
(4, 23, 3)
(4, 24, 3)
(4, 25, 3)
(4, 26, 3)
(4, 27, 3)
(4, 28, 3)
(4, 29, 3)
(4, 30, 3)
(4, 31, 3)
(4, 32, 3)
(4, 33, 3)
(4, 34, 3)
(4, 35, 3)
(4, 36, 3)
(4, 37, 3)
(4, 38, 3)
(4, 39, 3)

(5, 0, 33)
(5, 1, 21)
(5, 2, 19)
(5, 3, 15)
(5, 4, 11)
(5, 5, 11)
(5, 6, 10)
(5, 7, 10)
(5, 8, 8)
(5, 9, 7)
(5, 10, 7)
(5, 11, 7)
(5, 12, 7)
(5, 13, 6)
(5, 14, 6)
(5, 15, 6)
(5, 16, 6)
(5, 17, 4)
(5, 18, 4)
(5, 19, 4)
(5, 20, 4)
(5, 21, 4)
(5, 22, 4)
(5, 23, 4)
(5, 24, 4)
(5, 25, 4)
(5, 26, 4)
(5, 27, 4)
(5, 28, 4)
(5, 29, 4)
(5, 30, 4)
(5, 31, 4)
(5, 32, 4)
(5, 33, 4)
(5, 34, 4)
(5, 35, 4)
(5, 36, 4)
(5, 37, 4)
(5, 38, 4)
(5, 39, 4)

(6, 0, 45)
(6, 1, 29)
(6, 2, 25)
(6, 3, 19)
(6, 4, 15)
(6, 5, 15)
(6, 6, 14)
(6, 7, 14)
(6, 8, 12)
(6, 9, 10)
(6, 10, 10)
(6, 11, 10)
(6, 12, 9)
(6, 13, 7)
(6, 14, 7)
(6, 15, 7)
(6, 16, 6)
(6, 17, 5)
(6, 18, 5)
(6, 19, 4)
(6, 20, 4)
(6, 21, 4)
(6, 22, 4)
(6, 23, 4)
(6, 24, 4)
(6, 25, 4)
(6, 26, 4)
(6, 27, 4)
(6, 28, 4)
(6, 29, 4)
(6, 30, 4)
(6, 31, 4)
(6, 32, 4)
(6, 33, 4)
(6, 34, 4)
(6, 35, 4)
(6, 36, 4)
(6, 37, 4)
(6, 38, 4)
(6, 39, 4)

(7, 0, 62)
(7, 1, 41)
(7, 2, 35)
(7, 3, 27)
(7, 4, 20)
(7, 5, 19)
(7, 6, 16)
(7, 7, 16)
(7, 8, 12)
(7, 9, 11)
(7, 10, 10)
(7, 11, 10)
(7, 12, 9)
(7, 13, 7)
(7, 14, 7)
(7, 15, 7)
(7, 16, 6)
(7, 17, 4)
(7, 18, 4)
(7, 19, 3)
(7, 20, 3)
(7, 21, 3)
(7, 22, 3)
(7, 23, 3)
(7, 24, 3)
(7, 25, 3)
(7, 26, 3)
(7, 27, 3)
(7, 28, 3)
(7, 29, 3)
(7, 30, 3)
(7, 31, 3)
(7, 32, 3)
(7, 33, 3)
(7, 34, 3)
(7, 35, 3)
(7, 36, 3)
(7, 37, 3)
(7, 38, 3)
(7, 39, 3)

(8, 0, 78)
(8, 1, 54)
(8, 2, 43)
(8, 3, 31)
(8, 4, 21)
(8, 5, 21)
(8, 6, 17)
(8, 7, 16)
(8, 8, 11)
(8, 9, 11)
(8, 10, 11)
(8, 11, 11)
(8, 12, 10)
(8, 13, 8)
(8, 14, 8)
(8, 15, 8)
(8, 16, 7)
(8, 17, 5)
(8, 18, 5)
(8, 19, 4)
(8, 20, 4)
(8, 21, 4)
(8, 22, 4)
(8, 23, 4)
(8, 24, 4)
(8, 25, 3)
(8, 26, 2)
(8, 27, 2)
(8, 28, 2)
(8, 29, 2)
(8, 30, 2)
(8, 31, 2)
(8, 32, 2)
(8, 33, 2)
(8, 34, 2)
(8, 35, 2)
(8, 36, 2)
(8, 37, 2)
(8, 38, 2)
(8, 39, 2)

(9, 0, 93)
(9, 1, 69)
(9, 2, 55)
(9, 3, 39)
(9, 4, 28)
(9, 5, 26)
(9, 6, 22)
(9, 7, 21)
(9, 8, 14)
(9, 9, 13)
(9, 10, 13)
(9, 11, 12)
(9, 12, 11)
(9, 13, 9)
(9, 14, 9)
(9, 15, 8)
(9, 16, 7)
(9, 17, 6)
(9, 18, 6)
(9, 19, 5)
(9, 20, 4)
(9, 21, 4)
(9, 22, 4)
(9, 23, 3)
(9, 24, 3)
(9, 25, 2)
(9, 26, 2)
(9, 27, 2)
(9, 28, 2)
(9, 29, 2)
(9, 30, 2)
(9, 31, 2)
(9, 32, 2)
(9, 33, 2)
(9, 34, 2)
(9, 35, 2)
(9, 36, 2)
(9, 37, 2)
(9, 38, 2)
(9, 39, 2)

(10, 0, 118)
(10, 1, 89)
(10, 2, 72)
(10, 3, 50)
(10, 4, 37)
(10, 5, 33)
(10, 6, 26)
(10, 7, 23)
(10, 8, 14)
(10, 9, 11)
(10, 10, 11)
(10, 11, 10)
(10, 12, 9)
(10, 13, 7)
(10, 14, 6)
(10, 15, 6)
(10, 16, 4)
(10, 17, 4)
(10, 18, 3)
(10, 19, 3)
(10, 20, 3)
(10, 21, 3)
(10, 22, 2)
(10, 23, 2)
(10, 24, 2)
(10, 25, 2)
(10, 26, 2)
(10, 27, 2)
(10, 28, 2)
(10, 29, 2)
(10, 30, 2)
(10, 31, 2)
(10, 32, 2)
(10, 33, 2)
(10, 34, 2)
(10, 35, 2)
(10, 36, 2)
(10, 37, 2)
(10, 38, 2)
(10, 39, 2)

(11, 0, 131)
(11, 1, 102)
(11, 2, 85)
(11, 3, 62)
(11, 4, 44)
(11, 5, 36)
(11, 6, 28)
(11, 7, 25)
(11, 8, 13)
(11, 9, 11)
(11, 10, 11)
(11, 11, 10)
(11, 12, 9)
(11, 13, 7)
(11, 14, 6)
(11, 15, 5)
(11, 16, 4)
(11, 17, 4)
(11, 18, 3)
(11, 19, 3)
(11, 20, 3)
(11, 21, 3)
(11, 22, 2)
(11, 23, 2)
(11, 24, 2)
(11, 25, 2)
(11, 26, 2)
(11, 27, 2)
(11, 28, 2)
(11, 29, 2)
(11, 30, 2)
(11, 31, 2)
(11, 32, 2)
(11, 33, 2)
(11, 34, 2)
(11, 35, 2)
(11, 36, 2)
(11, 37, 2)
(11, 38, 2)
(11, 39, 2)

(12, 0, 156)
(12, 1, 123)
(12, 2, 99)
(12, 3, 74)
(12, 4, 52)
(12, 5, 41)
(12, 6, 32)
(12, 7, 29)
(12, 8, 16)
(12, 9, 11)
(12, 10, 10)
(12, 11, 9)
(12, 12, 9)
(12, 13, 7)
(12, 14, 6)
(12, 15, 5)
(12, 16, 4)
(12, 17, 4)
(12, 18, 2)
(12, 19, 2)
(12, 20, 2)
(12, 21, 2)
(12, 22, 2)
(12, 23, 2)
(12, 24, 2)
(12, 25, 2)
(12, 26, 2)
(12, 27, 2)
(12, 28, 2)
(12, 29, 2)
(12, 30, 2)
(12, 31, 2)
(12, 32, 2)
(12, 33, 2)
(12, 34, 2)
(12, 35, 2)
(12, 36, 2)
(12, 37, 2)
(12, 38, 2)
(12, 39, 2)

(13, 0, 167)
(13, 1, 132)
(13, 2, 106)
(13, 3, 79)
(13, 4, 56)
(13, 5, 45)
(13, 6, 35)
(13, 7, 30)
(13, 8, 17)
(13, 9, 12)
(13, 10, 11)
(13, 11, 10)
(13, 12, 10)
(13, 13, 8)
(13, 14, 7)
(13, 15, 6)
(13, 16, 5)
(13, 17, 4)
(13, 18, 2)
(13, 19, 2)
(13, 20, 2)
(13, 21, 2)
(13, 22, 2)
(13, 23, 2)
(13, 24, 2)
(13, 25, 2)
(13, 26, 2)
(13, 27, 2)
(13, 28, 2)
(13, 29, 2)
(13, 30, 2)
(13, 31, 2)
(13, 32, 2)
(13, 33, 2)
(13, 34, 2)
(13, 35, 2)
(13, 36, 2)
(13, 37, 2)
(13, 38, 2)
(13, 39, 2)

(14, 0, 191)
(14, 1, 151)
(14, 2, 122)
(14, 3, 93)
(14, 4, 64)
(14, 5, 50)
(14, 6, 37)
(14, 7, 31)
(14, 8, 16)
(14, 9, 14)
(14, 10, 13)
(14, 11, 12)
(14, 12, 12)
(14, 13, 9)
(14, 14, 7)
(14, 15, 5)
(14, 16, 5)
(14, 17, 4)
(14, 18, 3)
(14, 19, 3)
(14, 20, 3)
(14, 21, 3)
(14, 22, 3)
(14, 23, 3)
(14, 24, 3)
(14, 25, 3)
(14, 26, 3)
(14, 27, 3)
(14, 28, 2)
(14, 29, 2)
(14, 30, 2)
(14, 31, 2)
(14, 32, 2)
(14, 33, 2)
(14, 34, 2)
(14, 35, 2)
(14, 36, 2)
(14, 37, 2)
(14, 38, 2)
(14, 39, 2)

(15, 0, 210)
(15, 1, 170)
(15, 2, 137)
(15, 3, 105)
(15, 4, 74)
(15, 5, 58)
(15, 6, 44)
(15, 7, 35)
(15, 8, 17)
(15, 9, 14)
(15, 10, 12)
(15, 11, 10)
(15, 12, 10)
(15, 13, 7)
(15, 14, 7)
(15, 15, 5)
(15, 16, 5)
(15, 17, 4)
(15, 18, 3)
(15, 19, 3)
(15, 20, 2)
(15, 21, 2)
(15, 22, 2)
(15, 23, 2)
(15, 24, 2)
(15, 25, 2)
(15, 26, 2)
(15, 27, 2)
(15, 28, 2)
(15, 29, 2)
(15, 30, 2)
(15, 31, 2)
(15, 32, 2)
(15, 33, 2)
(15, 34, 2)
(15, 35, 2)
(15, 36, 2)
(15, 37, 2)
(15, 38, 2)
(15, 39, 2)

(16, 0, 227)
(16, 1, 185)
(16, 2, 152)
(16, 3, 118)
(16, 4, 81)
(16, 5, 62)
(16, 6, 47)
(16, 7, 38)
(16, 8, 18)
(16, 9, 14)
(16, 10, 13)
(16, 11, 11)
(16, 12, 11)
(16, 13, 8)
(16, 14, 7)
(16, 15, 4)
(16, 16, 4)
(16, 17, 3)
(16, 18, 3)
(16, 19, 3)
(16, 20, 2)
(16, 21, 2)
(16, 22, 2)
(16, 23, 2)
(16, 24, 2)
(16, 25, 2)
(16, 26, 2)
(16, 27, 2)
(16, 28, 2)
(16, 29, 2)
(16, 30, 2)
(16, 31, 2)
(16, 32, 2)
(16, 33, 2)
(16, 34, 2)
(16, 35, 2)
(16, 36, 2)
(16, 37, 2)
(16, 38, 2)
(16, 39, 2)

(17, 0, 245)
(17, 1, 201)
(17, 2, 165)
(17, 3, 126)
(17, 4, 85)
(17, 5, 66)
(17, 6, 50)
(17, 7, 40)
(17, 8, 18)
(17, 9, 14)
(17, 10, 13)
(17, 11, 11)
(17, 12, 11)
(17, 13, 8)
(17, 14, 6)
(17, 15, 3)
(17, 16, 3)
(17, 17, 2)
(17, 18, 2)
(17, 19, 2)
(17, 20, 2)
(17, 21, 2)
(17, 22, 2)
(17, 23, 2)
(17, 24, 2)
(17, 25, 2)
(17, 26, 2)
(17, 27, 2)
(17, 28, 2)
(17, 29, 2)
(17, 30, 2)
(17, 31, 2)
(17, 32, 2)
(17, 33, 2)
(17, 34, 2)
(17, 35, 2)
(17, 36, 2)
(17, 37, 2)
(17, 38, 2)
(17, 39, 2)

(18, 0, 268)
(18, 1, 220)
(18, 2, 178)
(18, 3, 135)
(18, 4, 91)
(18, 5, 71)
(18, 6, 53)
(18, 7, 42)
(18, 8, 19)
(18, 9, 15)
(18, 10, 14)
(18, 11, 10)
(18, 12, 10)
(18, 13, 7)
(18, 14, 5)
(18, 15, 2)
(18, 16, 2)
(18, 17, 2)
(18, 18, 2)
(18, 19, 2)
(18, 20, 2)
(18, 21, 2)
(18, 22, 2)
(18, 23, 2)
(18, 24, 2)
(18, 25, 2)
(18, 26, 2)
(18, 27, 2)
(18, 28, 2)
(18, 29, 2)
(18, 30, 2)
(18, 31, 2)
(18, 32, 2)
(18, 33, 2)
(18, 34, 2)
(18, 35, 2)
(18, 36, 2)
(18, 37, 2)
(18, 38, 2)
(18, 39, 2)

(19, 0, 306)
(19, 1, 248)
(19, 2, 200)
(19, 3, 153)
(19, 4, 106)
(19, 5, 85)
(19, 6, 65)
(19, 7, 50)
(19, 8, 24)
(19, 9, 18)
(19, 10, 16)
(19, 11, 12)
(19, 12, 11)
(19, 13, 6)
(19, 14, 5)
(19, 15, 2)
(19, 16, 2)
(19, 17, 2)
(19, 18, 2)
(19, 19, 2)
(19, 20, 2)
(19, 21, 2)
(19, 22, 2)
(19, 23, 2)
(19, 24, 2)
(19, 25, 2)
(19, 26, 2)
(19, 27, 2)
(19, 28, 2)
(19, 29, 2)
(19, 30, 1)
(19, 31, 1)
(19, 32, 1)
(19, 33, 1)
(19, 34, 1)
(19, 35, 1)
(19, 36, 1)
(19, 37, 1)
(19, 38, 1)
(19, 39, 1)

(20, 0, 334)
(20, 1, 271)
(20, 2, 216)
(20, 3, 163)
(20, 4, 113)
(20, 5, 91)
(20, 6, 71)
(20, 7, 54)
(20, 8, 23)
(20, 9, 14)
(20, 10, 12)
(20, 11, 9)
(20, 12, 8)
(20, 13, 4)
(20, 14, 4)
(20, 15, 1)
(20, 16, 1)
(20, 17, 1)
(20, 18, 1)
(20, 19, 1)
(20, 20, 1)
(20, 21, 1)
(20, 22, 1)
(20, 23, 1)
(20, 24, 1)
(20, 25, 1)
(20, 26, 1)
(20, 27, 1)
(20, 28, 1)
(20, 29, 1)
(20, 30, 1)
(20, 31, 1)
(20, 32, 1)
(20, 33, 1)
(20, 34, 1)
(20, 35, 1)
(20, 36, 1)
(20, 37, 1)
(20, 38, 1)
(20, 39, 1)

(21, 0, 377)
(21, 1, 302)
(21, 2, 234)
(21, 3, 177)
(21, 4, 122)
(21, 5, 96)
(21, 6, 71)
(21, 7, 53)
(21, 8, 21)
(21, 9, 14)
(21, 10, 11)
(21, 11, 9)
(21, 12, 8)
(21, 13, 4)
(21, 14, 4)
(21, 15, 1)
(21, 16, 1)
(21, 17, 1)
(21, 18, 1)
(21, 19, 1)
(21, 20, 1)
(21, 21, 1)
(21, 22, 1)
(21, 23, 1)
(21, 24, 1)
(21, 25, 1)
(21, 26, 1)
(21, 27, 1)
(21, 28, 1)
(21, 29, 1)
(21, 30, 1)
(21, 31, 1)
(21, 32, 1)
(21, 33, 1)
(21, 34, 1)
(21, 35, 1)
(21, 36, 1)
(21, 37, 1)
(21, 38, 1)
(21, 39, 1)

(22, 0, 410)
(22, 1, 325)
(22, 2, 249)
(22, 3, 185)
(22, 4, 129)
(22, 5, 100)
(22, 6, 74)
(22, 7, 54)
(22, 8, 23)
(22, 9, 15)
(22, 10, 11)
(22, 11, 8)
(22, 12, 7)
(22, 13, 4)
(22, 14, 4)
(22, 15, 1)
(22, 16, 1)
(22, 17, 1)
(22, 18, 1)
(22, 19, 1)
(22, 20, 1)
(22, 21, 1)
(22, 22, 1)
(22, 23, 1)
(22, 24, 1)
(22, 25, 1)
(22, 26, 1)
(22, 27, 1)
(22, 28, 1)
(22, 29, 1)
(22, 30, 1)
(22, 31, 1)
(22, 32, 1)
(22, 33, 1)
(22, 34, 1)
(22, 35, 1)
(22, 36, 1)
(22, 37, 1)
(22, 38, 1)
(22, 39, 1)

(23, 0, 435)
(23, 1, 344)
(23, 2, 264)
(23, 3, 197)
(23, 4, 136)
(23, 5, 104)
(23, 6, 78)
(23, 7, 56)
(23, 8, 23)
(23, 9, 15)
(23, 10, 11)
(23, 11, 8)
(23, 12, 6)
(23, 13, 3)
(23, 14, 3)
(23, 15, 1)
(23, 16, 1)
(23, 17, 1)
(23, 18, 1)
(23, 19, 1)
(23, 20, 1)
(23, 21, 1)
(23, 22, 1)
(23, 23, 1)
(23, 24, 1)
(23, 25, 1)
(23, 26, 1)
(23, 27, 1)
(23, 28, 1)
(23, 29, 1)
(23, 30, 1)
(23, 31, 1)
(23, 32, 1)
(23, 33, 1)
(23, 34, 1)
(23, 35, 1)
(23, 36, 1)
(23, 37, 1)
(23, 38, 1)
(23, 39, 1)

(24, 0, 465)
(24, 1, 367)
(24, 2, 280)
(24, 3, 205)
(24, 4, 140)
(24, 5, 104)
(24, 6, 78)
(24, 7, 56)
(24, 8, 25)
(24, 9, 17)
(24, 10, 12)
(24, 11, 7)
(24, 12, 6)
(24, 13, 3)
(24, 14, 3)
(24, 15, 1)
(24, 16, 1)
(24, 17, 1)
(24, 18, 1)
(24, 19, 1)
(24, 20, 1)
(24, 21, 1)
(24, 22, 1)
(24, 23, 1)
(24, 24, 1)
(24, 25, 1)
(24, 26, 1)
(24, 27, 1)
(24, 28, 1)
(24, 29, 1)
(24, 30, 1)
(24, 31, 1)
(24, 32, 1)
(24, 33, 1)
(24, 34, 1)
(24, 35, 1)
(24, 36, 1)
(24, 37, 1)
(24, 38, 1)
(24, 39, 1)

(25, 0, 491)
(25, 1, 385)
(25, 2, 296)
(25, 3, 211)
(25, 4, 144)
(25, 5, 108)
(25, 6, 77)
(25, 7, 56)
(25, 8, 25)
(25, 9, 16)
(25, 10, 12)
(25, 11, 7)
(25, 12, 6)
(25, 13, 3)
(25, 14, 3)
(25, 15, 1)
(25, 16, 1)
(25, 17, 1)
(25, 18, 1)
(25, 19, 1)
(25, 20, 1)
(25, 21, 1)
(25, 22, 1)
(25, 23, 1)
(25, 24, 1)
(25, 25, 1)
(25, 26, 1)
(25, 27, 1)
(25, 28, 1)
(25, 29, 1)
(25, 30, 1)
(25, 31, 1)
(25, 32, 1)
(25, 33, 1)
(25, 34, 1)
(25, 35, 1)
(25, 36, 1)
(25, 37, 1)
(25, 38, 1)
(25, 39, 1)

(26, 0, 518)
(26, 1, 408)
(26, 2, 315)
(26, 3, 225)
(26, 4, 153)
(26, 5, 110)
(26, 6, 81)
(26, 7, 60)
(26, 8, 27)
(26, 9, 17)
(26, 10, 12)
(26, 11, 7)
(26, 12, 6)
(26, 13, 3)
(26, 14, 3)
(26, 15, 1)
(26, 16, 1)
(26, 17, 1)
(26, 18, 1)
(26, 19, 1)
(26, 20, 1)
(26, 21, 1)
(26, 22, 1)
(26, 23, 1)
(26, 24, 1)
(26, 25, 1)
(26, 26, 1)
(26, 27, 1)
(26, 28, 1)
(26, 29, 1)
(26, 30, 1)
(26, 31, 1)
(26, 32, 1)
(26, 33, 1)
(26, 34, 1)
(26, 35, 1)
(26, 36, 1)
(26, 37, 1)
(26, 38, 1)
(26, 39, 1)

(27, 0, 548)
(27, 1, 434)
(27, 2, 331)
(27, 3, 238)
(27, 4, 157)
(27, 5, 114)
(27, 6, 82)
(27, 7, 61)
(27, 8, 28)
(27, 9, 17)
(27, 10, 12)
(27, 11, 7)
(27, 12, 6)
(27, 13, 3)
(27, 14, 3)
(27, 15, 1)
(27, 16, 1)
(27, 17, 1)
(27, 18, 1)
(27, 19, 1)
(27, 20, 1)
(27, 21, 1)
(27, 22, 1)
(27, 23, 1)
(27, 24, 1)
(27, 25, 1)
(27, 26, 1)
(27, 27, 1)
(27, 28, 1)
(27, 29, 1)
(27, 30, 1)
(27, 31, 1)
(27, 32, 1)
(27, 33, 1)
(27, 34, 1)
(27, 35, 1)
(27, 36, 1)
(27, 37, 1)
(27, 38, 1)
(27, 39, 1)

(28, 0, 574)
(28, 1, 456)
(28, 2, 346)
(28, 3, 249)
(28, 4, 159)
(28, 5, 116)
(28, 6, 82)
(28, 7, 60)
(28, 8, 27)
(28, 9, 17)
(28, 10, 11)
(28, 11, 7)
(28, 12, 6)
(28, 13, 3)
(28, 14, 3)
(28, 15, 1)
(28, 16, 1)
(28, 17, 1)
(28, 18, 1)
(28, 19, 1)
(28, 20, 1)
(28, 21, 1)
(28, 22, 1)
(28, 23, 1)
(28, 24, 1)
(28, 25, 1)
(28, 26, 1)
(28, 27, 1)
(28, 28, 1)
(28, 29, 1)
(28, 30, 1)
(28, 31, 1)
(28, 32, 1)
(28, 33, 1)
(28, 34, 1)
(28, 35, 1)
(28, 36, 1)
(28, 37, 1)
(28, 38, 1)
(28, 39, 1)

(29, 0, 598)
(29, 1, 472)
(29, 2, 358)
(29, 3, 256)
(29, 4, 165)
(29, 5, 119)
(29, 6, 83)
(29, 7, 60)
(29, 8, 26)
(29, 9, 16)
(29, 10, 11)
(29, 11, 7)
(29, 12, 6)
(29, 13, 3)
(29, 14, 3)
(29, 15, 1)
(29, 16, 1)
(29, 17, 1)
(29, 18, 1)
(29, 19, 1)
(29, 20, 1)
(29, 21, 1)
(29, 22, 1)
(29, 23, 1)
(29, 24, 1)
(29, 25, 1)
(29, 26, 1)
(29, 27, 1)
(29, 28, 1)
(29, 29, 1)
(29, 30, 1)
(29, 31, 1)
(29, 32, 1)
(29, 33, 1)
(29, 34, 1)
(29, 35, 1)
(29, 36, 1)
(29, 37, 1)
(29, 38, 1)
(29, 39, 1)

(30, 0, 619)
(30, 1, 490)
(30, 2, 374)
(30, 3, 267)
(30, 4, 175)
(30, 5, 120)
(30, 6, 83)
(30, 7, 57)
(30, 8, 25)
(30, 9, 16)
(30, 10, 11)
(30, 11, 7)
(30, 12, 6)
(30, 13, 3)
(30, 14, 3)
(30, 15, 1)
(30, 16, 1)
(30, 17, 1)
(30, 18, 1)
(30, 19, 1)
(30, 20, 1)
(30, 21, 1)
(30, 22, 1)
(30, 23, 1)
(30, 24, 1)
(30, 25, 1)
(30, 26, 1)
(30, 27, 1)
(30, 28, 1)
(30, 29, 1)
(30, 30, 1)
(30, 31, 1)
(30, 32, 1)
(30, 33, 1)
(30, 34, 1)
(30, 35, 1)
(30, 36, 1)
(30, 37, 1)
(30, 38, 1)
(30, 39, 1)

(31, 0, 645)
(31, 1, 511)
(31, 2, 392)
(31, 3, 279)
(31, 4, 179)
(31, 5, 121)
(31, 6, 81)
(31, 7, 57)
(31, 8, 25)
(31, 9, 16)
(31, 10, 11)
(31, 11, 7)
(31, 12, 6)
(31, 13, 3)
(31, 14, 3)
(31, 15, 1)
(31, 16, 1)
(31, 17, 1)
(31, 18, 1)
(31, 19, 1)
(31, 20, 1)
(31, 21, 1)
(31, 22, 1)
(31, 23, 1)
(31, 24, 1)
(31, 25, 1)
(31, 26, 1)
(31, 27, 1)
(31, 28, 1)
(31, 29, 1)
(31, 30, 1)
(31, 31, 1)
(31, 32, 1)
(31, 33, 1)
(31, 34, 1)
(31, 35, 1)
(31, 36, 1)
(31, 37, 1)
(31, 38, 1)
(31, 39, 1)

(32, 0, 665)
(32, 1, 526)
(32, 2, 402)
(32, 3, 289)
(32, 4, 185)
(32, 5, 127)
(32, 6, 87)
(32, 7, 60)
(32, 8, 26)
(32, 9, 17)
(32, 10, 12)
(32, 11, 8)
(32, 12, 7)
(32, 13, 4)
(32, 14, 4)
(32, 15, 2)
(32, 16, 2)
(32, 17, 1)
(32, 18, 1)
(32, 19, 1)
(32, 20, 1)
(32, 21, 1)
(32, 22, 1)
(32, 23, 1)
(32, 24, 1)
(32, 25, 1)
(32, 26, 1)
(32, 27, 1)
(32, 28, 1)
(32, 29, 1)
(32, 30, 1)
(32, 31, 1)
(32, 32, 1)
(32, 33, 1)
(32, 34, 1)
(32, 35, 1)
(32, 36, 1)
(32, 37, 1)
(32, 38, 1)
(32, 39, 1)

(33, 0, 681)
(33, 1, 537)
(33, 2, 410)
(33, 3, 294)
(33, 4, 190)
(33, 5, 131)
(33, 6, 89)
(33, 7, 60)
(33, 8, 27)
(33, 9, 18)
(33, 10, 13)
(33, 11, 9)
(33, 12, 8)
(33, 13, 5)
(33, 14, 5)
(33, 15, 3)
(33, 16, 3)
(33, 17, 1)
(33, 18, 1)
(33, 19, 1)
(33, 20, 1)
(33, 21, 1)
(33, 22, 1)
(33, 23, 1)
(33, 24, 1)
(33, 25, 1)
(33, 26, 1)
(33, 27, 1)
(33, 28, 1)
(33, 29, 1)
(33, 30, 1)
(33, 31, 1)
(33, 32, 1)
(33, 33, 1)
(33, 34, 1)
(33, 35, 1)
(33, 36, 1)
(33, 37, 1)
(33, 38, 1)
(33, 39, 1)

(34, 0, 700)
(34, 1, 554)
(34, 2, 424)
(34, 3, 306)
(34, 4, 199)
(34, 5, 136)
(34, 6, 91)
(34, 7, 60)
(34, 8, 27)
(34, 9, 17)
(34, 10, 12)
(34, 11, 8)
(34, 12, 7)
(34, 13, 4)
(34, 14, 4)
(34, 15, 2)
(34, 16, 2)
(34, 17, 1)
(34, 18, 1)
(34, 19, 1)
(34, 20, 1)
(34, 21, 1)
(34, 22, 1)
(34, 23, 1)
(34, 24, 1)
(34, 25, 1)
(34, 26, 1)
(34, 27, 1)
(34, 28, 1)
(34, 29, 1)
(34, 30, 1)
(34, 31, 1)
(34, 32, 1)
(34, 33, 1)
(34, 34, 1)
(34, 35, 1)
(34, 36, 1)
(34, 37, 1)
(34, 38, 1)
(34, 39, 1)

(35, 0, 718)
(35, 1, 571)
(35, 2, 437)
(35, 3, 313)
(35, 4, 201)
(35, 5, 138)
(35, 6, 89)
(35, 7, 60)
(35, 8, 27)
(35, 9, 18)
(35, 10, 12)
(35, 11, 8)
(35, 12, 7)
(35, 13, 4)
(35, 14, 4)
(35, 15, 2)
(35, 16, 2)
(35, 17, 1)
(35, 18, 1)
(35, 19, 1)
(35, 20, 1)
(35, 21, 1)
(35, 22, 1)
(35, 23, 1)
(35, 24, 1)
(35, 25, 1)
(35, 26, 1)
(35, 27, 1)
(35, 28, 1)
(35, 29, 1)
(35, 30, 1)
(35, 31, 1)
(35, 32, 1)
(35, 33, 1)
(35, 34, 1)
(35, 35, 1)
(35, 36, 1)
(35, 37, 1)
(35, 38, 1)
(35, 39, 1)

(36, 0, 737)
(36, 1, 583)
(36, 2, 447)
(36, 3, 317)
(36, 4, 205)
(36, 5, 138)
(36, 6, 89)
(36, 7, 60)
(36, 8, 26)
(36, 9, 17)
(36, 10, 12)
(36, 11, 8)
(36, 12, 7)
(36, 13, 4)
(36, 14, 4)
(36, 15, 2)
(36, 16, 2)
(36, 17, 1)
(36, 18, 1)
(36, 19, 1)
(36, 20, 1)
(36, 21, 1)
(36, 22, 1)
(36, 23, 1)
(36, 24, 1)
(36, 25, 1)
(36, 26, 1)
(36, 27, 1)
(36, 28, 1)
(36, 29, 1)
(36, 30, 1)
(36, 31, 1)
(36, 32, 1)
(36, 33, 1)
(36, 34, 1)
(36, 35, 1)
(36, 36, 1)
(36, 37, 1)
(36, 38, 1)
(36, 39, 1)

(37, 0, 750)
(37, 1, 592)
(37, 2, 456)
(37, 3, 324)
(37, 4, 209)
(37, 5, 142)
(37, 6, 93)
(37, 7, 61)
(37, 8, 27)
(37, 9, 17)
(37, 10, 12)
(37, 11, 8)
(37, 12, 7)
(37, 13, 4)
(37, 14, 4)
(37, 15, 2)
(37, 16, 2)
(37, 17, 1)
(37, 18, 1)
(37, 19, 1)
(37, 20, 1)
(37, 21, 1)
(37, 22, 1)
(37, 23, 1)
(37, 24, 1)
(37, 25, 1)
(37, 26, 1)
(37, 27, 1)
(37, 28, 1)
(37, 29, 1)
(37, 30, 1)
(37, 31, 1)
(37, 32, 1)
(37, 33, 1)
(37, 34, 1)
(37, 35, 1)
(37, 36, 1)
(37, 37, 1)
(37, 38, 1)
(37, 39, 1)

(38, 0, 764)
(38, 1, 602)
(38, 2, 464)
(38, 3, 328)
(38, 4, 211)
(38, 5, 145)
(38, 6, 95)
(38, 7, 63)
(38, 8, 27)
(38, 9, 17)
(38, 10, 12)
(38, 11, 8)
(38, 12, 7)
(38, 13, 4)
(38, 14, 4)
(38, 15, 2)
(38, 16, 2)
(38, 17, 1)
(38, 18, 1)
(38, 19, 1)
(38, 20, 1)
(38, 21, 1)
(38, 22, 1)
(38, 23, 1)
(38, 24, 1)
(38, 25, 1)
(38, 26, 1)
(38, 27, 1)
(38, 28, 1)
(38, 29, 1)
(38, 30, 1)
(38, 31, 1)
(38, 32, 1)
(38, 33, 1)
(38, 34, 1)
(38, 35, 1)
(38, 36, 1)
(38, 37, 1)
(38, 38, 1)
(38, 39, 1)

(39, 0, 774)
(39, 1, 608)
(39, 2, 467)
(39, 3, 330)
(39, 4, 212)
(39, 5, 146)
(39, 6, 95)
(39, 7, 63)
(39, 8, 27)
(39, 9, 17)
(39, 10, 12)
(39, 11, 8)
(39, 12, 7)
(39, 13, 4)
(39, 14, 4)
(39, 15, 2)
(39, 16, 2)
(39, 17, 1)
(39, 18, 1)
(39, 19, 1)
(39, 20, 1)
(39, 21, 1)
(39, 22, 1)
(39, 23, 1)
(39, 24, 1)
(39, 25, 1)
(39, 26, 1)
(39, 27, 1)
(39, 28, 1)
(39, 29, 1)
(39, 30, 1)
(39, 31, 1)
(39, 32, 1)
(39, 33, 1)
(39, 34, 1)
(39, 35, 1)
(39, 36, 1)
(39, 37, 1)
(39, 38, 1)
(39, 39, 1)


Betti numbers:
xi_0:
(0, 0, 1)
(1, 0, 3)
(2, 0, 2)
(3, 0, 3)
(4, 0, 11)
(5, 0, 13)
(6, 0, 12)
(7, 0, 17)
(8, 0, 16)
(9, 0, 15)
(10, 0, 25)
(11, 0, 13)
(12, 0, 25)
(13, 0, 11)
(14, 0, 24)
(15, 0, 19)
(16, 0, 17)
(17, 0, 18)
(18, 0, 23)
(19, 0, 38)
(20, 0, 28)
(21, 0, 43)
(22, 0, 33)
(23, 0, 25)
(24, 0, 30)
(25, 0, 26)
(26, 0, 28)
(27, 0, 30)
(28, 0, 26)
(29, 0, 24)
(30, 0, 21)
(31, 0, 26)
(32, 0, 20)
(33, 0, 16)
(34, 0, 19)
(35, 0, 18)
(36, 0, 19)
(37, 0, 13)
(38, 0, 14)
(39, 0, 10)
xi_1:
(1, 1, 1)
(1, 13, 1)
(2, 13, 1)
(3, 3, 1)
(3, 4, 2)
(3, 5, 1)
(4, 1, 5)
(4, 2, 1)
(4, 4, 2)
(4, 6, 1)
(4, 8, 1)
(4, 17, 1)
(5, 1, 6)
(5, 2, 1)
(5, 3, 3)
(5, 4, 1)
(5, 8, 1)
(5, 9, 1)
(5, 17, 1)
(6, 1, 4)
(6, 2, 2)
(6, 3, 2)
(6, 4, 1)
(6, 9, 1)
(6, 12, 1)
(6, 13, 1)
(6, 16, 1)
(6, 19, 1)
(7, 1, 5)
(7, 2, 2)
(7, 3, 2)
(7, 4, 3)
(7, 5, 1)
(7, 6, 2)
(7, 8, 2)
(7, 10, 1)
(7, 12, 1)
(7, 17, 1)
(8, 1, 3)
(8, 2, 5)
(8, 3, 4)
(8, 4, 3)
(8, 6, 1)
(8, 7, 1)
(8, 8, 1)
(8, 25, 1)
(8, 26, 1)
(9, 2, 3)
(9, 3, 4)
(9, 4, 1)
(9, 5, 2)
(9, 8, 2)
(9, 9, 1)
(9, 11, 1)
(9, 15, 1)
(9, 20, 1)
(9, 23, 1)
(10, 1, 5)
(10, 2, 3)
(10, 3, 6)
(10, 4, 2)
(10, 5, 2)
(10, 6, 3)
(10, 7, 2)
(10, 8, 2)
(10, 9, 2)
(10, 12, 1)
(10, 14, 1)
(10, 16, 1)
(10, 18, 1)
(10, 22, 1)
(11, 3, 1)
(11, 4, 5)
(11, 5, 4)
(11, 6, 1)
(11, 8, 3)
(11, 14, 1)
(11, 15, 1)
(12, 1, 4)
(12, 2, 7)
(12, 3, 2)
(12, 4, 4)
(12, 5, 3)
(12, 6, 1)
(12, 8, 2)
(12, 9, 3)
(12, 10, 1)
(12, 18, 1)
(13, 1, 2)
(13, 2, 2)
(13, 3, 2)
(13, 4, 1)
(13, 6, 1)
(13, 7, 2)
(13, 17, 1)
(14, 1, 5)
(14, 2, 3)
(14, 3, 2)
(14, 4, 6)
(14, 5, 3)
(14, 6, 3)
(14, 7, 2)
(14, 8, 3)
(14, 13, 1)
(14, 14, 1)
(14, 15, 1)
(14, 28, 1)
(15, 2, 4)
(15, 3, 3)
(15, 4, 2)
(15, 5, 2)
(15, 6, 1)
(15, 7, 3)
(15, 8, 3)
(15, 9, 1)
(15, 10, 1)
(15, 11, 1)
(15, 20, 1)
(16, 1, 2)
(16, 3, 2)
(16, 4, 6)
(16, 5, 4)
(16, 6, 2)
(16, 8, 2)
(16, 9, 1)
(16, 14, 1)
(16, 15, 1)
(16, 17, 1)
(17, 1, 2)
(17, 2, 3)
(17, 3, 5)
(17, 4, 4)
(17, 5, 1)
(17, 6, 1)
(17, 7, 1)
(17, 8, 2)
(17, 14, 1)
(18, 1, 4)
(18, 2, 6)
(18, 3, 4)
(18, 4, 5)
(18, 5, 1)
(18, 6, 2)
(18, 7, 1)
(18, 8, 3)
(18, 11, 2)
(19, 1, 10)
(19, 2, 6)
(19, 3, 4)
(19, 4, 3)
(19, 5, 1)
(19, 6, 3)
(19, 7, 4)
(19, 8, 3)
(19, 9, 2)
(19, 10, 1)
(19, 11, 1)
(19, 12, 1)
(19, 13, 2)
(19, 30, 1)
(20, 1, 5)
(20, 2, 7)
(20, 3, 6)
(20, 4, 3)
(20, 5, 1)
(20, 7, 2)
(20, 8, 6)
(20, 9, 3)
(21, 1, 12)
(21, 2, 13)
(21, 3, 4)
(21, 4, 7)
(21, 5, 4)
(21, 6, 5)
(21, 7, 1)
(21, 8, 2)
(21, 9, 1)
(21, 10, 1)
(22, 1, 10)
(22, 2, 8)
(22, 3, 8)
(22, 4, 3)
(22, 5, 3)
(22, 6, 3)
(22, 7, 2)
(22, 8, 1)
(22, 9, 2)
(22, 10, 2)
(22, 11, 1)
(23, 1, 6)
(23, 2, 4)
(23, 3, 4)
(23, 4, 5)
(23, 5, 3)
(23, 6, 1)
(23, 7, 2)
(23, 8, 2)
(23, 9, 1)
(23, 10, 1)
(23, 12, 1)
(24, 1, 7)
(24, 2, 7)
(24, 3, 8)
(24, 4, 5)
(24, 5, 4)
(24, 6, 1)
(24, 7, 1)
(24, 10, 1)
(24, 11, 2)
(25, 1, 8)
(25, 2, 2)
(25, 3, 10)
(25, 4, 2)
(25, 5, 3)
(25, 6, 5)
(25, 7, 1)
(25, 9, 1)
(26, 0, 1)
(26, 1, 4)
(26, 2, 4)
(26, 3, 6)
(26, 4, 5)
(26, 5, 7)
(26, 6, 1)
(26, 8, 2)
(26, 9, 1)
(26, 10, 1)
(27, 1, 4)
(27, 2, 10)
(27, 3, 3)
(27, 4, 9)
(27, 5, 2)
(27, 6, 3)
(27, 7, 1)
(27, 8, 1)
(27, 9, 3)
(28, 1, 4)
(28, 2, 7)
(28, 3, 5)
(28, 4, 9)
(28, 5, 2)
(28, 6, 3)
(28, 7, 2)
(28, 8, 1)
(28, 9, 1)
(28, 10, 1)
(29, 1, 8)
(29, 2, 4)
(29, 3, 5)
(29, 4, 3)
(29, 5, 3)
(29, 6, 2)
(29, 7, 1)
(29, 8, 1)
(30, 1, 3)
(30, 2, 2)
(30, 3, 5)
(30, 4, 2)
(30, 5, 9)
(30, 6, 2)
(30, 7, 4)
(31, 1, 5)
(31, 2, 3)
(31, 3, 6)
(31, 4, 8)
(31, 5, 3)
(31, 6, 3)
(32, 1, 5)
(32, 2, 5)
(32, 3, 1)
(32, 4, 4)
(32, 5, 1)
(32, 7, 3)
(32, 8, 2)
(32, 17, 1)
(33, 1, 5)
(33, 2, 3)
(33, 3, 3)
(33, 4, 1)
(33, 5, 1)
(33, 6, 2)
(33, 7, 2)
(33, 17, 1)
(34, 1, 2)
(34, 2, 3)
(34, 3, 2)
(34, 4, 3)
(34, 5, 4)
(34, 6, 3)
(34, 7, 3)
(34, 8, 2)
(34, 9, 1)
(35, 1, 1)
(35, 2, 4)
(35, 3, 6)
(35, 4, 5)
(35, 5, 1)
(35, 6, 4)
(35, 7, 1)
(35, 10, 1)
(36, 1, 7)
(36, 2, 2)
(36, 3, 6)
(36, 4, 2)
(36, 5, 4)
(36, 6, 1)
(36, 7, 1)
(36, 8, 1)
(37, 1, 4)
(37, 3, 2)
(37, 4, 3)
(37, 5, 1)
(37, 7, 3)
(37, 9, 1)
(38, 1, 4)
(38, 2, 2)
(38, 3, 4)
(38, 4, 2)
(38, 6, 1)
(38, 8, 2)
(39, 1, 4)
(39, 2, 3)
(39, 3, 1)
(39, 4, 2)
(39, 6, 1)
(39, 7, 1)
xi_2:
(3, 13, 1)
(5, 4, 1)
(5, 5, 1)
(6, 4, 1)
(6, 17, 1)
(7, 9, 1)
(7, 12, 1)
(8, 5, 1)
(8, 9, 1)
(8, 10, 1)
(9, 17, 1)
(9, 26, 1)
(10, 12, 1)
(10, 15, 1)
(10, 17, 1)
(10, 19, 1)
(10, 20, 1)
(10, 23, 1)
(10, 25, 1)
(11, 9, 1)
(11, 14, 1)
(11, 16, 1)
(12, 8, 1)
(12, 12, 1)
(12, 22, 1)
(14, 7, 1)
(14, 8, 1)
(14, 9, 3)
(14, 16, 1)
(14, 18, 1)
(15, 14, 2)
(15, 28, 1)
(16, 5, 1)
(16, 6, 1)
(16, 10, 1)
(16, 17, 1)
(16, 18, 1)
(17, 5, 1)
(17, 20, 1)
(18, 4, 2)
(18, 8, 2)
(18, 17, 1)
(19, 6, 1)
(19, 11, 1)
(19, 14, 1)
(20, 8, 1)
(20, 11, 1)
(20, 13, 1)
(20, 14, 1)
(20, 30, 1)
(21, 4, 2)
(21, 8, 1)
(21, 9, 3)
(21, 11, 1)
(22, 3, 1)
(22, 4, 2)
(22, 6, 2)
(22, 8, 2)
(22, 9, 1)
(22, 10, 1)
(22, 13, 1)
(23, 3, 1)
(23, 6, 1)
(23, 9, 1)
(23, 10, 1)
(23, 15, 1)
(24, 4, 1)
(24, 6, 1)
(24, 7, 1)
(24, 8, 2)
(24, 12, 1)
(25, 5, 3)
(25, 7, 2)
(25, 10, 1)
(26, 3, 1)
(26, 6, 3)
(27, 5, 2)
(27, 7, 1)
(27, 8, 1)
(27, 9, 2)
(28, 3, 1)
(28, 5, 2)
(28, 6, 1)
(28, 7, 1)
(28, 8, 1)
(28, 9, 2)
(28, 11, 1)
(29, 4, 2)
(29, 10, 1)
(30, 4, 1)
(30, 6, 1)
(30, 7, 1)
(30, 8, 2)
(30, 9, 1)
(31, 7, 2)
(32, 3, 1)
(32, 5, 1)
(33, 4, 1)
(33, 8, 1)
(34, 7, 1)
(34, 8, 2)
(34, 17, 1)
(35, 5, 1)
(35, 7, 3)
(35, 9, 1)
(36, 4, 2)
(36, 6, 1)
(36, 7, 1)
(36, 10, 1)
(37, 5, 1)
(38, 5, 1)
(39, 4, 1)
(39, 7, 1)
