x-grades
-76168860480108377/80000000000000000
-37298058581908457/40000000000000000
-73023373847525451/80000000000000000
-17862657632808497/20000000000000000
-2795115488597701/3200000000000000
-34152571949325531/40000000000000000
-66732400582359599/80000000000000000
-8144957158258517/10000000000000000
-63586913949776673/80000000000000000
-6201417063348521/8000000000000000
-60441427317193747/80000000000000000
-14717171000225571/20000000000000000
-57295940684610821/80000000000000000
-27861598684159679/40000000000000000
-10830090810405579/16000000000000000
-3286106920983527/5000000000000000
-51004967419444969/80000000000000000
-24716112051576753/40000000000000000
-47859480786862043/80000000000000000
-2314336873528529/4000000000000000
-44713994154279117/80000000000000000
-21570625418993827/40000000000000000
-41568507521696191/80000000000000000
-4999470525675591/10000000000000000
-7684604177822653/16000000000000000
-18425138786410901/40000000000000000
-35277534256530339/80000000000000000
-8426197735059719/20000000000000000
-32132047623947413/80000000000000000
-611186086153119/1600000000000000
-28986560991364487/80000000000000000
-53542612646627/156250000000000
-25841074358781561/80000000000000000
-12134165521245049/40000000000000000
-4539117545239727/16000000000000000
-5280711102476793/20000000000000000
-19550101093615709/80000000000000000
-8988678888662123/40000000000000000
-16404614461032783/80000000000000000
-370796778618533/2000000000000000

y-grades
9999947/40000000
9999947/20000000
29999841/40000000
9999947/10000000
9999947/8000000
29999841/20000000
69999629/40000000
9999947/5000000
89999523/40000000
9999947/4000000
109999417/40000000
29999841/10000000
129999311/40000000
69999629/20000000
29999841/8000000
9999947/2500000
169999099/40000000
89999523/20000000
189998993/40000000
9999947/2000000
209998887/40000000
109999417/20000000
229998781/40000000
29999841/5000000
9999947/1600000
129999311/20000000
269998569/40000000
69999629/10000000
289998463/40000000
29999841/4000000
309998357/40000000
9999947/1250000
329998251/40000000
169999099/20000000
69999629/8000000
89999523/10000000
369998039/40000000
189998993/20000000
389997933/40000000
9999947/1000000

Dimensions > 0:
(0, 0, 1)
(0, 1, 1)
(0, 2, 1)
(0, 3, 1)
(0, 4, 1)
(0, 5, 1)
(0, 6, 1)
(0, 7, 1)
(0, 8, 1)
(0, 9, 1)
(0, 10, 1)
(0, 11, 1)
(0, 12, 1)
(0, 13, 1)
(0, 14, 1)
(0, 15, 1)
(0, 16, 1)
(0, 17, 1)
(0, 18, 1)
(0, 19, 1)
(0, 20, 1)
(0, 21, 1)
(0, 22, 1)
(0, 23, 1)
(0, 24, 1)
(0, 25, 1)
(0, 26, 1)
(0, 27, 1)
(0, 28, 1)
(0, 29, 1)
(0, 30, 1)
(0, 31, 1)
(0, 32, 1)
(0, 33, 1)
(0, 34, 1)
(0, 35, 1)
(0, 36, 1)
(0, 37, 1)
(0, 38, 1)
(0, 39, 1)

(1, 0, 3)
(1, 1, 3)
(1, 2, 3)
(1, 3, 3)
(1, 4, 3)
(1, 5, 3)
(1, 6, 2)
(1, 7, 2)
(1, 8, 2)
(1, 9, 2)
(1, 10, 2)
(1, 11, 2)
(1, 12, 2)
(1, 13, 2)
(1, 14, 2)
(1, 15, 2)
(1, 16, 2)
(1, 17, 2)
(1, 18, 2)
(1, 19, 2)
(1, 20, 2)
(1, 21, 2)
(1, 22, 2)
(1, 23, 2)
(1, 24, 2)
(1, 25, 2)
(1, 26, 2)
(1, 27, 2)
(1, 28, 2)
(1, 29, 2)
(1, 30, 2)
(1, 31, 2)
(1, 32, 2)
(1, 33, 2)
(1, 34, 2)
(1, 35, 2)
(1, 36, 2)
(1, 37, 2)
(1, 38, 2)
(1, 39, 2)

(2, 0, 5)
(2, 1, 5)
(2, 2, 5)
(2, 3, 5)
(2, 4, 5)
(2, 5, 5)
(2, 6, 4)
(2, 7, 3)
(2, 8, 3)
(2, 9, 2)
(2, 10, 2)
(2, 11, 2)
(2, 12, 2)
(2, 13, 2)
(2, 14, 2)
(2, 15, 2)
(2, 16, 2)
(2, 17, 2)
(2, 18, 2)
(2, 19, 2)
(2, 20, 2)
(2, 21, 2)
(2, 22, 2)
(2, 23, 2)
(2, 24, 2)
(2, 25, 2)
(2, 26, 2)
(2, 27, 2)
(2, 28, 2)
(2, 29, 2)
(2, 30, 2)
(2, 31, 2)
(2, 32, 2)
(2, 33, 2)
(2, 34, 2)
(2, 35, 2)
(2, 36, 2)
(2, 37, 2)
(2, 38, 2)
(2, 39, 2)

(3, 0, 6)
(3, 1, 6)
(3, 2, 6)
(3, 3, 6)
(3, 4, 6)
(3, 5, 6)
(3, 6, 4)
(3, 7, 3)
(3, 8, 3)
(3, 9, 2)
(3, 10, 2)
(3, 11, 2)
(3, 12, 2)
(3, 13, 2)
(3, 14, 2)
(3, 15, 2)
(3, 16, 2)
(3, 17, 2)
(3, 18, 2)
(3, 19, 2)
(3, 20, 2)
(3, 21, 2)
(3, 22, 2)
(3, 23, 2)
(3, 24, 2)
(3, 25, 2)
(3, 26, 2)
(3, 27, 2)
(3, 28, 2)
(3, 29, 2)
(3, 30, 2)
(3, 31, 2)
(3, 32, 2)
(3, 33, 2)
(3, 34, 2)
(3, 35, 2)
(3, 36, 2)
(3, 37, 2)
(3, 38, 2)
(3, 39, 2)

(4, 0, 6)
(4, 1, 6)
(4, 2, 6)
(4, 3, 6)
(4, 4, 6)
(4, 5, 6)
(4, 6, 4)
(4, 7, 3)
(4, 8, 3)
(4, 9, 2)
(4, 10, 2)
(4, 11, 2)
(4, 12, 2)
(4, 13, 2)
(4, 14, 2)
(4, 15, 2)
(4, 16, 2)
(4, 17, 2)
(4, 18, 2)
(4, 19, 2)
(4, 20, 2)
(4, 21, 2)
(4, 22, 2)
(4, 23, 2)
(4, 24, 2)
(4, 25, 2)
(4, 26, 2)
(4, 27, 2)
(4, 28, 2)
(4, 29, 2)
(4, 30, 2)
(4, 31, 2)
(4, 32, 2)
(4, 33, 2)
(4, 34, 2)
(4, 35, 2)
(4, 36, 2)
(4, 37, 2)
(4, 38, 2)
(4, 39, 2)

(5, 0, 6)
(5, 1, 6)
(5, 2, 6)
(5, 3, 6)
(5, 4, 6)
(5, 5, 6)
(5, 6, 4)
(5, 7, 3)
(5, 8, 3)
(5, 9, 2)
(5, 10, 2)
(5, 11, 2)
(5, 12, 2)
(5, 13, 2)
(5, 14, 2)
(5, 15, 2)
(5, 16, 2)
(5, 17, 2)
(5, 18, 2)
(5, 19, 2)
(5, 20, 2)
(5, 21, 2)
(5, 22, 2)
(5, 23, 2)
(5, 24, 2)
(5, 25, 2)
(5, 26, 2)
(5, 27, 2)
(5, 28, 2)
(5, 29, 2)
(5, 30, 2)
(5, 31, 2)
(5, 32, 2)
(5, 33, 2)
(5, 34, 2)
(5, 35, 2)
(5, 36, 2)
(5, 37, 2)
(5, 38, 2)
(5, 39, 2)

(6, 0, 6)
(6, 1, 6)
(6, 2, 6)
(6, 3, 6)
(6, 4, 6)
(6, 5, 6)
(6, 6, 4)
(6, 7, 3)
(6, 8, 3)
(6, 9, 2)
(6, 10, 2)
(6, 11, 2)
(6, 12, 2)
(6, 13, 2)
(6, 14, 2)
(6, 15, 2)
(6, 16, 2)
(6, 17, 2)
(6, 18, 2)
(6, 19, 2)
(6, 20, 2)
(6, 21, 2)
(6, 22, 2)
(6, 23, 2)
(6, 24, 2)
(6, 25, 2)
(6, 26, 2)
(6, 27, 2)
(6, 28, 2)
(6, 29, 2)
(6, 30, 2)
(6, 31, 2)
(6, 32, 2)
(6, 33, 2)
(6, 34, 2)
(6, 35, 2)
(6, 36, 2)
(6, 37, 2)
(6, 38, 2)
(6, 39, 2)

(7, 0, 6)
(7, 1, 6)
(7, 2, 6)
(7, 3, 6)
(7, 4, 6)
(7, 5, 6)
(7, 6, 4)
(7, 7, 3)
(7, 8, 3)
(7, 9, 2)
(7, 10, 2)
(7, 11, 2)
(7, 12, 2)
(7, 13, 2)
(7, 14, 2)
(7, 15, 2)
(7, 16, 2)
(7, 17, 2)
(7, 18, 2)
(7, 19, 2)
(7, 20, 2)
(7, 21, 2)
(7, 22, 2)
(7, 23, 2)
(7, 24, 2)
(7, 25, 2)
(7, 26, 2)
(7, 27, 2)
(7, 28, 2)
(7, 29, 2)
(7, 30, 2)
(7, 31, 2)
(7, 32, 2)
(7, 33, 2)
(7, 34, 2)
(7, 35, 2)
(7, 36, 2)
(7, 37, 2)
(7, 38, 2)
(7, 39, 2)

(8, 0, 7)
(8, 1, 7)
(8, 2, 7)
(8, 3, 7)
(8, 4, 7)
(8, 5, 7)
(8, 6, 5)
(8, 7, 4)
(8, 8, 4)
(8, 9, 3)
(8, 10, 3)
(8, 11, 3)
(8, 12, 3)
(8, 13, 3)
(8, 14, 3)
(8, 15, 3)
(8, 16, 3)
(8, 17, 3)
(8, 18, 3)
(8, 19, 3)
(8, 20, 3)
(8, 21, 3)
(8, 22, 3)
(8, 23, 3)
(8, 24, 3)
(8, 25, 3)
(8, 26, 3)
(8, 27, 3)
(8, 28, 3)
(8, 29, 3)
(8, 30, 3)
(8, 31, 3)
(8, 32, 3)
(8, 33, 3)
(8, 34, 3)
(8, 35, 3)
(8, 36, 3)
(8, 37, 3)
(8, 38, 3)
(8, 39, 3)

(9, 0, 9)
(9, 1, 9)
(9, 2, 9)
(9, 3, 9)
(9, 4, 9)
(9, 5, 8)
(9, 6, 6)
(9, 7, 4)
(9, 8, 4)
(9, 9, 3)
(9, 10, 3)
(9, 11, 3)
(9, 12, 3)
(9, 13, 3)
(9, 14, 3)
(9, 15, 3)
(9, 16, 3)
(9, 17, 3)
(9, 18, 3)
(9, 19, 3)
(9, 20, 3)
(9, 21, 3)
(9, 22, 3)
(9, 23, 3)
(9, 24, 3)
(9, 25, 3)
(9, 26, 3)
(9, 27, 3)
(9, 28, 3)
(9, 29, 3)
(9, 30, 3)
(9, 31, 3)
(9, 32, 3)
(9, 33, 3)
(9, 34, 3)
(9, 35, 3)
(9, 36, 3)
(9, 37, 3)
(9, 38, 3)
(9, 39, 3)

(10, 0, 11)
(10, 1, 11)
(10, 2, 11)
(10, 3, 11)
(10, 4, 11)
(10, 5, 10)
(10, 6, 7)
(10, 7, 5)
(10, 8, 5)
(10, 9, 4)
(10, 10, 4)
(10, 11, 4)
(10, 12, 4)
(10, 13, 4)
(10, 14, 4)
(10, 15, 4)
(10, 16, 4)
(10, 17, 4)
(10, 18, 4)
(10, 19, 4)
(10, 20, 4)
(10, 21, 4)
(10, 22, 4)
(10, 23, 4)
(10, 24, 4)
(10, 25, 4)
(10, 26, 4)
(10, 27, 4)
(10, 28, 4)
(10, 29, 4)
(10, 30, 4)
(10, 31, 4)
(10, 32, 4)
(10, 33, 4)
(10, 34, 4)
(10, 35, 4)
(10, 36, 4)
(10, 37, 4)
(10, 38, 4)
(10, 39, 4)

(11, 0, 11)
(11, 1, 11)
(11, 2, 11)
(11, 3, 11)
(11, 4, 11)
(11, 5, 10)
(11, 6, 7)
(11, 7, 5)
(11, 8, 5)
(11, 9, 4)
(11, 10, 4)
(11, 11, 4)
(11, 12, 4)
(11, 13, 4)
(11, 14, 4)
(11, 15, 4)
(11, 16, 4)
(11, 17, 4)
(11, 18, 4)
(11, 19, 4)
(11, 20, 4)
(11, 21, 4)
(11, 22, 4)
(11, 23, 4)
(11, 24, 4)
(11, 25, 4)
(11, 26, 4)
(11, 27, 4)
(11, 28, 4)
(11, 29, 4)
(11, 30, 4)
(11, 31, 4)
(11, 32, 4)
(11, 33, 4)
(11, 34, 4)
(11, 35, 4)
(11, 36, 4)
(11, 37, 4)
(11, 38, 4)
(11, 39, 4)

(12, 0, 11)
(12, 1, 11)
(12, 2, 11)
(12, 3, 11)
(12, 4, 11)
(12, 5, 10)
(12, 6, 7)
(12, 7, 5)
(12, 8, 5)
(12, 9, 4)
(12, 10, 4)
(12, 11, 4)
(12, 12, 4)
(12, 13, 4)
(12, 14, 4)
(12, 15, 4)
(12, 16, 4)
(12, 17, 4)
(12, 18, 4)
(12, 19, 4)
(12, 20, 4)
(12, 21, 4)
(12, 22, 4)
(12, 23, 4)
(12, 24, 4)
(12, 25, 4)
(12, 26, 4)
(12, 27, 4)
(12, 28, 4)
(12, 29, 4)
(12, 30, 4)
(12, 31, 4)
(12, 32, 4)
(12, 33, 4)
(12, 34, 4)
(12, 35, 4)
(12, 36, 4)
(12, 37, 4)
(12, 38, 4)
(12, 39, 4)

(13, 0, 12)
(13, 1, 12)
(13, 2, 12)
(13, 3, 12)
(13, 4, 12)
(13, 5, 11)
(13, 6, 8)
(13, 7, 6)
(13, 8, 6)
(13, 9, 5)
(13, 10, 5)
(13, 11, 5)
(13, 12, 5)
(13, 13, 5)
(13, 14, 5)
(13, 15, 5)
(13, 16, 5)
(13, 17, 5)
(13, 18, 5)
(13, 19, 5)
(13, 20, 5)
(13, 21, 5)
(13, 22, 5)
(13, 23, 5)
(13, 24, 5)
(13, 25, 5)
(13, 26, 5)
(13, 27, 5)
(13, 28, 5)
(13, 29, 5)
(13, 30, 5)
(13, 31, 5)
(13, 32, 5)
(13, 33, 5)
(13, 34, 5)
(13, 35, 5)
(13, 36, 5)
(13, 37, 5)
(13, 38, 5)
(13, 39, 5)

(14, 0, 13)
(14, 1, 13)
(14, 2, 13)
(14, 3, 13)
(14, 4, 13)
(14, 5, 12)
(14, 6, 9)
(14, 7, 7)
(14, 8, 7)
(14, 9, 5)
(14, 10, 5)
(14, 11, 5)
(14, 12, 5)
(14, 13, 5)
(14, 14, 5)
(14, 15, 5)
(14, 16, 5)
(14, 17, 5)
(14, 18, 5)
(14, 19, 5)
(14, 20, 5)
(14, 21, 5)
(14, 22, 5)
(14, 23, 5)
(14, 24, 5)
(14, 25, 5)
(14, 26, 5)
(14, 27, 5)
(14, 28, 5)
(14, 29, 5)
(14, 30, 5)
(14, 31, 5)
(14, 32, 5)
(14, 33, 5)
(14, 34, 5)
(14, 35, 5)
(14, 36, 5)
(14, 37, 5)
(14, 38, 5)
(14, 39, 5)

(15, 0, 15)
(15, 1, 15)
(15, 2, 15)
(15, 3, 15)
(15, 4, 14)
(15, 5, 13)
(15, 6, 10)
(15, 7, 8)
(15, 8, 8)
(15, 9, 6)
(15, 10, 6)
(15, 11, 6)
(15, 12, 6)
(15, 13, 6)
(15, 14, 6)
(15, 15, 6)
(15, 16, 6)
(15, 17, 6)
(15, 18, 6)
(15, 19, 6)
(15, 20, 6)
(15, 21, 6)
(15, 22, 6)
(15, 23, 6)
(15, 24, 6)
(15, 25, 6)
(15, 26, 6)
(15, 27, 6)
(15, 28, 6)
(15, 29, 6)
(15, 30, 6)
(15, 31, 6)
(15, 32, 6)
(15, 33, 6)
(15, 34, 6)
(15, 35, 6)
(15, 36, 6)
(15, 37, 6)
(15, 38, 6)
(15, 39, 6)

(16, 0, 21)
(16, 1, 18)
(16, 2, 18)
(16, 3, 17)
(16, 4, 15)
(16, 5, 14)
(16, 6, 10)
(16, 7, 8)
(16, 8, 8)
(16, 9, 6)
(16, 10, 6)
(16, 11, 6)
(16, 12, 6)
(16, 13, 6)
(16, 14, 6)
(16, 15, 6)
(16, 16, 6)
(16, 17, 6)
(16, 18, 6)
(16, 19, 6)
(16, 20, 6)
(16, 21, 6)
(16, 22, 6)
(16, 23, 6)
(16, 24, 6)
(16, 25, 6)
(16, 26, 6)
(16, 27, 6)
(16, 28, 6)
(16, 29, 6)
(16, 30, 6)
(16, 31, 6)
(16, 32, 6)
(16, 33, 6)
(16, 34, 6)
(16, 35, 6)
(16, 36, 6)
(16, 37, 6)
(16, 38, 6)
(16, 39, 6)

(17, 0, 20)
(17, 1, 18)
(17, 2, 18)
(17, 3, 17)
(17, 4, 15)
(17, 5, 14)
(17, 6, 10)
(17, 7, 8)
(17, 8, 8)
(17, 9, 6)
(17, 10, 6)
(17, 11, 6)
(17, 12, 6)
(17, 13, 6)
(17, 14, 6)
(17, 15, 6)
(17, 16, 6)
(17, 17, 6)
(17, 18, 6)
(17, 19, 6)
(17, 20, 6)
(17, 21, 6)
(17, 22, 6)
(17, 23, 6)
(17, 24, 6)
(17, 25, 6)
(17, 26, 6)
(17, 27, 6)
(17, 28, 6)
(17, 29, 6)
(17, 30, 6)
(17, 31, 6)
(17, 32, 6)
(17, 33, 6)
(17, 34, 6)
(17, 35, 6)
(17, 36, 6)
(17, 37, 6)
(17, 38, 6)
(17, 39, 6)

(18, 0, 26)
(18, 1, 23)
(18, 2, 23)
(18, 3, 22)
(18, 4, 20)
(18, 5, 18)
(18, 6, 13)
(18, 7, 10)
(18, 8, 10)
(18, 9, 8)
(18, 10, 8)
(18, 11, 8)
(18, 12, 8)
(18, 13, 8)
(18, 14, 8)
(18, 15, 8)
(18, 16, 8)
(18, 17, 8)
(18, 18, 8)
(18, 19, 8)
(18, 20, 8)
(18, 21, 8)
(18, 22, 8)
(18, 23, 8)
(18, 24, 8)
(18, 25, 7)
(18, 26, 7)
(18, 27, 7)
(18, 28, 7)
(18, 29, 7)
(18, 30, 7)
(18, 31, 7)
(18, 32, 7)
(18, 33, 7)
(18, 34, 7)
(18, 35, 6)
(18, 36, 6)
(18, 37, 6)
(18, 38, 6)
(18, 39, 6)

(19, 0, 30)
(19, 1, 25)
(19, 2, 25)
(19, 3, 24)
(19, 4, 21)
(19, 5, 19)
(19, 6, 14)
(19, 7, 11)
(19, 8, 11)
(19, 9, 8)
(19, 10, 8)
(19, 11, 8)
(19, 12, 8)
(19, 13, 8)
(19, 14, 8)
(19, 15, 8)
(19, 16, 8)
(19, 17, 8)
(19, 18, 8)
(19, 19, 8)
(19, 20, 8)
(19, 21, 8)
(19, 22, 8)
(19, 23, 8)
(19, 24, 8)
(19, 25, 6)
(19, 26, 6)
(19, 27, 6)
(19, 28, 6)
(19, 29, 6)
(19, 30, 6)
(19, 31, 6)
(19, 32, 6)
(19, 33, 6)
(19, 34, 6)
(19, 35, 6)
(19, 36, 6)
(19, 37, 6)
(19, 38, 6)
(19, 39, 6)

(20, 0, 35)
(20, 1, 28)
(20, 2, 28)
(20, 3, 27)
(20, 4, 23)
(20, 5, 20)
(20, 6, 15)
(20, 7, 12)
(20, 8, 11)
(20, 9, 8)
(20, 10, 8)
(20, 11, 8)
(20, 12, 8)
(20, 13, 8)
(20, 14, 8)
(20, 15, 8)
(20, 16, 8)
(20, 17, 8)
(20, 18, 7)
(20, 19, 7)
(20, 20, 7)
(20, 21, 7)
(20, 22, 7)
(20, 23, 7)
(20, 24, 7)
(20, 25, 6)
(20, 26, 6)
(20, 27, 6)
(20, 28, 6)
(20, 29, 6)
(20, 30, 6)
(20, 31, 6)
(20, 32, 6)
(20, 33, 6)
(20, 34, 6)
(20, 35, 6)
(20, 36, 6)
(20, 37, 6)
(20, 38, 6)
(20, 39, 6)

(21, 0, 52)
(21, 1, 34)
(21, 2, 33)
(21, 3, 32)
(21, 4, 25)
(21, 5, 20)
(21, 6, 15)
(21, 7, 11)
(21, 8, 11)
(21, 9, 8)
(21, 10, 8)
(21, 11, 8)
(21, 12, 8)
(21, 13, 8)
(21, 14, 8)
(21, 15, 8)
(21, 16, 8)
(21, 17, 7)
(21, 18, 7)
(21, 19, 7)
(21, 20, 7)
(21, 21, 7)
(21, 22, 6)
(21, 23, 6)
(21, 24, 6)
(21, 25, 6)
(21, 26, 6)
(21, 27, 6)
(21, 28, 6)
(21, 29, 6)
(21, 30, 6)
(21, 31, 6)
(21, 32, 6)
(21, 33, 6)
(21, 34, 6)
(21, 35, 6)
(21, 36, 6)
(21, 37, 6)
(21, 38, 6)
(21, 39, 6)

(22, 0, 63)
(22, 1, 36)
(22, 2, 34)
(22, 3, 32)
(22, 4, 26)
(22, 5, 20)
(22, 6, 15)
(22, 7, 11)
(22, 8, 11)
(22, 9, 8)
(22, 10, 8)
(22, 11, 8)
(22, 12, 8)
(22, 13, 8)
(22, 14, 8)
(22, 15, 8)
(22, 16, 8)
(22, 17, 7)
(22, 18, 7)
(22, 19, 7)
(22, 20, 7)
(22, 21, 7)
(22, 22, 6)
(22, 23, 6)
(22, 24, 6)
(22, 25, 6)
(22, 26, 6)
(22, 27, 6)
(22, 28, 6)
(22, 29, 6)
(22, 30, 6)
(22, 31, 6)
(22, 32, 6)
(22, 33, 6)
(22, 34, 6)
(22, 35, 6)
(22, 36, 6)
(22, 37, 6)
(22, 38, 6)
(22, 39, 6)

(23, 0, 68)
(23, 1, 42)
(23, 2, 37)
(23, 3, 34)
(23, 4, 27)
(23, 5, 20)
(23, 6, 15)
(23, 7, 11)
(23, 8, 11)
(23, 9, 8)
(23, 10, 8)
(23, 11, 8)
(23, 12, 8)
(23, 13, 8)
(23, 14, 8)
(23, 15, 8)
(23, 16, 8)
(23, 17, 7)
(23, 18, 7)
(23, 19, 7)
(23, 20, 7)
(23, 21, 7)
(23, 22, 6)
(23, 23, 6)
(23, 24, 6)
(23, 25, 6)
(23, 26, 6)
(23, 27, 6)
(23, 28, 6)
(23, 29, 6)
(23, 30, 6)
(23, 31, 6)
(23, 32, 6)
(23, 33, 6)
(23, 34, 6)
(23, 35, 6)
(23, 36, 6)
(23, 37, 6)
(23, 38, 6)
(23, 39, 6)

(24, 0, 76)
(24, 1, 49)
(24, 2, 40)
(24, 3, 33)
(24, 4, 27)
(24, 5, 20)
(24, 6, 15)
(24, 7, 11)
(24, 8, 11)
(24, 9, 8)
(24, 10, 8)
(24, 11, 8)
(24, 12, 8)
(24, 13, 8)
(24, 14, 8)
(24, 15, 8)
(24, 16, 8)
(24, 17, 7)
(24, 18, 7)
(24, 19, 7)
(24, 20, 7)
(24, 21, 7)
(24, 22, 6)
(24, 23, 6)
(24, 24, 6)
(24, 25, 6)
(24, 26, 6)
(24, 27, 6)
(24, 28, 6)
(24, 29, 6)
(24, 30, 6)
(24, 31, 6)
(24, 32, 6)
(24, 33, 6)
(24, 34, 6)
(24, 35, 6)
(24, 36, 6)
(24, 37, 6)
(24, 38, 6)
(24, 39, 6)

(25, 0, 82)
(25, 1, 55)
(25, 2, 43)
(25, 3, 35)
(25, 4, 27)
(25, 5, 20)
(25, 6, 15)
(25, 7, 11)
(25, 8, 11)
(25, 9, 8)
(25, 10, 8)
(25, 11, 8)
(25, 12, 8)
(25, 13, 8)
(25, 14, 8)
(25, 15, 8)
(25, 16, 8)
(25, 17, 7)
(25, 18, 7)
(25, 19, 7)
(25, 20, 7)
(25, 21, 7)
(25, 22, 6)
(25, 23, 6)
(25, 24, 6)
(25, 25, 6)
(25, 26, 6)
(25, 27, 6)
(25, 28, 6)
(25, 29, 6)
(25, 30, 6)
(25, 31, 6)
(25, 32, 6)
(25, 33, 6)
(25, 34, 6)
(25, 35, 6)
(25, 36, 6)
(25, 37, 6)
(25, 38, 6)
(25, 39, 6)

(26, 0, 91)
(26, 1, 63)
(26, 2, 50)
(26, 3, 37)
(26, 4, 29)
(26, 5, 21)
(26, 6, 15)
(26, 7, 11)
(26, 8, 11)
(26, 9, 8)
(26, 10, 8)
(26, 11, 8)
(26, 12, 8)
(26, 13, 8)
(26, 14, 8)
(26, 15, 8)
(26, 16, 8)
(26, 17, 7)
(26, 18, 7)
(26, 19, 7)
(26, 20, 7)
(26, 21, 7)
(26, 22, 6)
(26, 23, 6)
(26, 24, 6)
(26, 25, 6)
(26, 26, 6)
(26, 27, 6)
(26, 28, 6)
(26, 29, 6)
(26, 30, 6)
(26, 31, 6)
(26, 32, 6)
(26, 33, 6)
(26, 34, 6)
(26, 35, 6)
(26, 36, 6)
(26, 37, 6)
(26, 38, 6)
(26, 39, 6)

(27, 0, 99)
(27, 1, 70)
(27, 2, 56)
(27, 3, 39)
(27, 4, 31)
(27, 5, 23)
(27, 6, 16)
(27, 7, 12)
(27, 8, 12)
(27, 9, 9)
(27, 10, 9)
(27, 11, 9)
(27, 12, 9)
(27, 13, 9)
(27, 14, 9)
(27, 15, 9)
(27, 16, 9)
(27, 17, 8)
(27, 18, 8)
(27, 19, 8)
(27, 20, 8)
(27, 21, 8)
(27, 22, 7)
(27, 23, 7)
(27, 24, 7)
(27, 25, 7)
(27, 26, 7)
(27, 27, 7)
(27, 28, 7)
(27, 29, 7)
(27, 30, 7)
(27, 31, 7)
(27, 32, 7)
(27, 33, 7)
(27, 34, 7)
(27, 35, 7)
(27, 36, 7)
(27, 37, 7)
(27, 38, 7)
(27, 39, 7)

(28, 0, 109)
(28, 1, 78)
(28, 2, 62)
(28, 3, 42)
(28, 4, 33)
(28, 5, 24)
(28, 6, 17)
(28, 7, 13)
(28, 8, 13)
(28, 9, 10)
(28, 10, 10)
(28, 11, 10)
(28, 12, 10)
(28, 13, 9)
(28, 14, 9)
(28, 15, 9)
(28, 16, 9)
(28, 17, 8)
(28, 18, 8)
(28, 19, 8)
(28, 20, 8)
(28, 21, 8)
(28, 22, 7)
(28, 23, 7)
(28, 24, 7)
(28, 25, 7)
(28, 26, 7)
(28, 27, 7)
(28, 28, 7)
(28, 29, 7)
(28, 30, 7)
(28, 31, 7)
(28, 32, 7)
(28, 33, 7)
(28, 34, 7)
(28, 35, 7)
(28, 36, 7)
(28, 37, 7)
(28, 38, 7)
(28, 39, 7)

(29, 0, 117)
(29, 1, 84)
(29, 2, 68)
(29, 3, 47)
(29, 4, 36)
(29, 5, 26)
(29, 6, 18)
(29, 7, 14)
(29, 8, 14)
(29, 9, 11)
(29, 10, 11)
(29, 11, 9)
(29, 12, 9)
(29, 13, 9)
(29, 14, 9)
(29, 15, 9)
(29, 16, 9)
(29, 17, 8)
(29, 18, 8)
(29, 19, 8)
(29, 20, 8)
(29, 21, 8)
(29, 22, 7)
(29, 23, 7)
(29, 24, 7)
(29, 25, 7)
(29, 26, 7)
(29, 27, 7)
(29, 28, 7)
(29, 29, 7)
(29, 30, 7)
(29, 31, 7)
(29, 32, 7)
(29, 33, 7)
(29, 34, 7)
(29, 35, 7)
(29, 36, 7)
(29, 37, 7)
(29, 38, 7)
(29, 39, 7)

(30, 0, 129)
(30, 1, 93)
(30, 2, 75)
(30, 3, 49)
(30, 4, 36)
(30, 5, 26)
(30, 6, 18)
(30, 7, 14)
(30, 8, 14)
(30, 9, 10)
(30, 10, 10)
(30, 11, 9)
(30, 12, 9)
(30, 13, 9)
(30, 14, 9)
(30, 15, 9)
(30, 16, 9)
(30, 17, 8)
(30, 18, 8)
(30, 19, 8)
(30, 20, 8)
(30, 21, 8)
(30, 22, 7)
(30, 23, 7)
(30, 24, 7)
(30, 25, 7)
(30, 26, 7)
(30, 27, 7)
(30, 28, 7)
(30, 29, 7)
(30, 30, 7)
(30, 31, 7)
(30, 32, 7)
(30, 33, 7)
(30, 34, 7)
(30, 35, 7)
(30, 36, 7)
(30, 37, 7)
(30, 38, 7)
(30, 39, 7)

(31, 0, 144)
(31, 1, 102)
(31, 2, 78)
(31, 3, 52)
(31, 4, 36)
(31, 5, 25)
(31, 6, 18)
(31, 7, 14)
(31, 8, 14)
(31, 9, 10)
(31, 10, 10)
(31, 11, 9)
(31, 12, 9)
(31, 13, 9)
(31, 14, 9)
(31, 15, 9)
(31, 16, 9)
(31, 17, 8)
(31, 18, 8)
(31, 19, 8)
(31, 20, 8)
(31, 21, 8)
(31, 22, 7)
(31, 23, 7)
(31, 24, 7)
(31, 25, 7)
(31, 26, 7)
(31, 27, 7)
(31, 28, 7)
(31, 29, 7)
(31, 30, 7)
(31, 31, 7)
(31, 32, 7)
(31, 33, 7)
(31, 34, 7)
(31, 35, 7)
(31, 36, 7)
(31, 37, 7)
(31, 38, 7)
(31, 39, 7)

(32, 0, 162)
(32, 1, 118)
(32, 2, 86)
(32, 3, 56)
(32, 4, 38)
(32, 5, 27)
(32, 6, 20)
(32, 7, 14)
(32, 8, 14)
(32, 9, 10)
(32, 10, 10)
(32, 11, 9)
(32, 12, 9)
(32, 13, 9)
(32, 14, 9)
(32, 15, 9)
(32, 16, 9)
(32, 17, 8)
(32, 18, 8)
(32, 19, 8)
(32, 20, 8)
(32, 21, 8)
(32, 22, 7)
(32, 23, 7)
(32, 24, 7)
(32, 25, 7)
(32, 26, 7)
(32, 27, 7)
(32, 28, 7)
(32, 29, 7)
(32, 30, 7)
(32, 31, 7)
(32, 32, 7)
(32, 33, 7)
(32, 34, 7)
(32, 35, 7)
(32, 36, 7)
(32, 37, 7)
(32, 38, 7)
(32, 39, 7)

(33, 0, 170)
(33, 1, 124)
(33, 2, 86)
(33, 3, 56)
(33, 4, 37)
(33, 5, 26)
(33, 6, 19)
(33, 7, 14)
(33, 8, 14)
(33, 9, 10)
(33, 10, 10)
(33, 11, 9)
(33, 12, 9)
(33, 13, 9)
(33, 14, 9)
(33, 15, 9)
(33, 16, 9)
(33, 17, 8)
(33, 18, 8)
(33, 19, 8)
(33, 20, 8)
(33, 21, 8)
(33, 22, 7)
(33, 23, 7)
(33, 24, 7)
(33, 25, 7)
(33, 26, 7)
(33, 27, 7)
(33, 28, 7)
(33, 29, 7)
(33, 30, 7)
(33, 31, 7)
(33, 32, 7)
(33, 33, 7)
(33, 34, 7)
(33, 35, 7)
(33, 36, 7)
(33, 37, 7)
(33, 38, 7)
(33, 39, 7)

(34, 0, 182)
(34, 1, 126)
(34, 2, 88)
(34, 3, 57)
(34, 4, 37)
(34, 5, 26)
(34, 6, 19)
(34, 7, 14)
(34, 8, 14)
(34, 9, 10)
(34, 10, 10)
(34, 11, 9)
(34, 12, 9)
(34, 13, 9)
(34, 14, 9)
(34, 15, 9)
(34, 16, 9)
(34, 17, 8)
(34, 18, 8)
(34, 19, 8)
(34, 20, 8)
(34, 21, 8)
(34, 22, 7)
(34, 23, 7)
(34, 24, 7)
(34, 25, 7)
(34, 26, 7)
(34, 27, 7)
(34, 28, 7)
(34, 29, 7)
(34, 30, 7)
(34, 31, 7)
(34, 32, 7)
(34, 33, 7)
(34, 34, 7)
(34, 35, 7)
(34, 36, 7)
(34, 37, 7)
(34, 38, 7)
(34, 39, 7)

(35, 0, 194)
(35, 1, 128)
(35, 2, 90)
(35, 3, 57)
(35, 4, 37)
(35, 5, 26)
(35, 6, 19)
(35, 7, 14)
(35, 8, 14)
(35, 9, 10)
(35, 10, 10)
(35, 11, 9)
(35, 12, 9)
(35, 13, 9)
(35, 14, 9)
(35, 15, 9)
(35, 16, 9)
(35, 17, 8)
(35, 18, 8)
(35, 19, 8)
(35, 20, 8)
(35, 21, 8)
(35, 22, 7)
(35, 23, 7)
(35, 24, 7)
(35, 25, 7)
(35, 26, 7)
(35, 27, 7)
(35, 28, 7)
(35, 29, 7)
(35, 30, 7)
(35, 31, 7)
(35, 32, 7)
(35, 33, 7)
(35, 34, 7)
(35, 35, 7)
(35, 36, 7)
(35, 37, 7)
(35, 38, 7)
(35, 39, 7)

(36, 0, 196)
(36, 1, 130)
(36, 2, 92)
(36, 3, 58)
(36, 4, 37)
(36, 5, 26)
(36, 6, 19)
(36, 7, 14)
(36, 8, 14)
(36, 9, 10)
(36, 10, 10)
(36, 11, 9)
(36, 12, 9)
(36, 13, 9)
(36, 14, 9)
(36, 15, 9)
(36, 16, 9)
(36, 17, 8)
(36, 18, 8)
(36, 19, 8)
(36, 20, 8)
(36, 21, 8)
(36, 22, 7)
(36, 23, 7)
(36, 24, 7)
(36, 25, 7)
(36, 26, 7)
(36, 27, 7)
(36, 28, 7)
(36, 29, 7)
(36, 30, 7)
(36, 31, 7)
(36, 32, 7)
(36, 33, 7)
(36, 34, 7)
(36, 35, 7)
(36, 36, 7)
(36, 37, 7)
(36, 38, 7)
(36, 39, 7)

(37, 0, 198)
(37, 1, 132)
(37, 2, 93)
(37, 3, 58)
(37, 4, 37)
(37, 5, 26)
(37, 6, 19)
(37, 7, 14)
(37, 8, 14)
(37, 9, 10)
(37, 10, 10)
(37, 11, 9)
(37, 12, 9)
(37, 13, 9)
(37, 14, 9)
(37, 15, 9)
(37, 16, 9)
(37, 17, 8)
(37, 18, 8)
(37, 19, 8)
(37, 20, 8)
(37, 21, 8)
(37, 22, 7)
(37, 23, 7)
(37, 24, 7)
(37, 25, 7)
(37, 26, 7)
(37, 27, 7)
(37, 28, 7)
(37, 29, 7)
(37, 30, 7)
(37, 31, 7)
(37, 32, 7)
(37, 33, 7)
(37, 34, 7)
(37, 35, 7)
(37, 36, 7)
(37, 37, 7)
(37, 38, 7)
(37, 39, 7)

(38, 0, 198)
(38, 1, 132)
(38, 2, 93)
(38, 3, 58)
(38, 4, 37)
(38, 5, 26)
(38, 6, 19)
(38, 7, 14)
(38, 8, 14)
(38, 9, 10)
(38, 10, 10)
(38, 11, 9)
(38, 12, 9)
(38, 13, 9)
(38, 14, 9)
(38, 15, 9)
(38, 16, 9)
(38, 17, 8)
(38, 18, 8)
(38, 19, 8)
(38, 20, 8)
(38, 21, 8)
(38, 22, 7)
(38, 23, 7)
(38, 24, 7)
(38, 25, 7)
(38, 26, 7)
(38, 27, 7)
(38, 28, 7)
(38, 29, 7)
(38, 30, 7)
(38, 31, 7)
(38, 32, 7)
(38, 33, 7)
(38, 34, 7)
(38, 35, 7)
(38, 36, 7)
(38, 37, 7)
(38, 38, 7)
(38, 39, 7)

(39, 0, 202)
(39, 1, 136)
(39, 2, 97)
(39, 3, 62)
(39, 4, 39)
(39, 5, 28)
(39, 6, 20)
(39, 7, 14)
(39, 8, 14)
(39, 9, 10)
(39, 10, 10)
(39, 11, 9)
(39, 12, 9)
(39, 13, 9)
(39, 14, 9)
(39, 15, 9)
(39, 16, 9)
(39, 17, 8)
(39, 18, 8)
(39, 19, 8)
(39, 20, 8)
(39, 21, 8)
(39, 22, 7)
(39, 23, 7)
(39, 24, 7)
(39, 25, 7)
(39, 26, 7)
(39, 27, 7)
(39, 28, 7)
(39, 29, 7)
(39, 30, 7)
(39, 31, 7)
(39, 32, 7)
(39, 33, 7)
(39, 34, 7)
(39, 35, 7)
(39, 36, 7)
(39, 37, 7)
(39, 38, 7)
(39, 39, 7)


Betti numbers:
xi_0:
(0, 0, 1)
(1, 0, 2)
(2, 0, 2)
(3, 0, 1)
(8, 0, 1)
(9, 0, 2)
(10, 0, 2)
(13, 0, 1)
(14, 0, 1)
(15, 0, 2)
(16, 0, 6)
(18, 0, 6)
(19, 0, 4)
(20, 0, 5)
(21, 0, 17)
(22, 0, 11)
(23, 0, 6)
(24, 0, 8)
(25, 0, 6)
(26, 0, 9)
(27, 0, 8)
(28, 0, 10)
(29, 0, 8)
(30, 0, 12)
(31, 0, 15)
(32, 0, 18)
(33, 0, 8)
(34, 0, 12)
(35, 0, 12)
(36, 0, 2)
(37, 0, 2)
(39, 0, 4)
xi_1:
(1, 6, 1)
(2, 7, 1)
(2, 9, 1)
(3, 6, 1)
(9, 5, 1)
(9, 7, 1)
(10, 6, 1)
(14, 9, 1)
(15, 4, 1)
(16, 1, 3)
(16, 3, 1)
(16, 4, 1)
(16, 6, 1)
(17, 0, 1)
(18, 1, 1)
(18, 5, 1)
(18, 6, 1)
(18, 7, 1)
(18, 25, 1)
(18, 35, 1)
(19, 1, 2)
(19, 4, 1)
(19, 9, 1)
(19, 25, 1)
(20, 1, 2)
(20, 4, 1)
(20, 5, 1)
(20, 8, 1)
(20, 18, 1)
(21, 1, 11)
(21, 2, 1)
(21, 4, 3)
(21, 5, 2)
(21, 7, 1)
(21, 17, 1)
(21, 22, 1)
(22, 1, 9)
(22, 2, 1)
(22, 3, 1)
(22, 5, 1)
(23, 0, 1)
(23, 2, 3)
(23, 3, 1)
(23, 4, 1)
(23, 5, 1)
(24, 1, 1)
(24, 2, 4)
(24, 3, 4)
(25, 2, 3)
(25, 3, 1)
(25, 4, 2)
(26, 1, 1)
(26, 2, 1)
(26, 3, 5)
(26, 5, 1)
(26, 6, 1)
(27, 1, 1)
(27, 2, 1)
(27, 3, 4)
(27, 4, 1)
(27, 6, 1)
(28, 1, 2)
(28, 2, 2)
(28, 3, 3)
(28, 4, 1)
(28, 5, 1)
(28, 6, 1)
(28, 13, 1)
(29, 1, 2)
(29, 3, 1)
(29, 4, 2)
(29, 5, 1)
(29, 6, 1)
(29, 11, 2)
(30, 1, 3)
(30, 2, 2)
(30, 3, 5)
(30, 4, 2)
(30, 6, 1)
(30, 9, 1)
(31, 1, 6)
(31, 2, 6)
(31, 3, 1)
(31, 4, 3)
(31, 5, 1)
(32, 1, 2)
(32, 2, 8)
(32, 3, 4)
(32, 4, 2)
(32, 7, 2)
(33, 1, 2)
(33, 2, 6)
(33, 3, 1)
(33, 4, 1)
(34, 1, 10)
(34, 3, 1)
(34, 4, 1)
(35, 1, 10)
(35, 3, 2)
(36, 3, 1)
(36, 4, 1)
(37, 2, 1)
(37, 3, 1)
(39, 4, 2)
(39, 6, 1)
(39, 7, 1)
xi_2:
(17, 1, 1)
(19, 35, 1)
(20, 25, 1)
(21, 8, 1)
(21, 18, 1)
(21, 25, 1)
(22, 4, 1)
(23, 1, 1)
(24, 4, 1)
(27, 4, 1)
(28, 6, 1)
(29, 13, 1)
(30, 6, 1)
(30, 11, 1)
(31, 3, 1)
(31, 6, 1)
(33, 3, 1)
(33, 7, 1)
