x-grades
-167917198336552611/80000000000000000
-82243316068111371/40000000000000000
-161056065935892873/80000000000000000
-39406374933890751/20000000000000000
-30838986707046627/16000000000000000
-75382183667451633/40000000000000000
-147333801134573397/80000000000000000
-17987904366780441/10000000000000000
-140472668733913659/80000000000000000
-13704210253358379/8000000000000000
-133611536333253921/80000000000000000
-32545242533231013/20000000000000000
-126750403932594183/80000000000000000
-61659918866132157/40000000000000000
-23977854306386889/16000000000000000
-3639334541612643/2500000000000000
-113028139131274707/80000000000000000
-54798786465472419/40000000000000000
-106167006730614969/80000000000000000
-1027364405302851/800000000000000
-99305874329955231/80000000000000000
-47937654064812681/40000000000000000
-92444741929295493/80000000000000000
-11126771966120703/10000000000000000
-17116721905727151/16000000000000000
-41076521664152943/40000000000000000
-78722477127976017/80000000000000000
-18822977731911537/20000000000000000
-71861344727316279/80000000000000000
-6843077852698641/8000000000000000
-65000212326656541/80000000000000000
-3848102882895417/5000000000000000
-58139079925996803/80000000000000000
-27354256862833467/40000000000000000
-10255589505067413/16000000000000000
-11961845331251799/20000000000000000
-44416815124677327/80000000000000000
-20493124462173729/40000000000000000
-37555682724017589/80000000000000000
-853127913092193/2000000000000000

y-grades
1249957/5000000
1249957/2500000
3749871/5000000
1249957/1250000
1249957/1000000
3749871/2500000
8749699/5000000
1249957/625000
11249613/5000000
1249957/500000
13749527/5000000
3749871/1250000
16249441/5000000
8749699/2500000
3749871/1000000
1249957/312500
21249269/5000000
11249613/2500000
23749183/5000000
1249957/250000
26249097/5000000
13749527/2500000
28749011/5000000
3749871/625000
1249957/200000
16249441/2500000
33748839/5000000
8749699/1250000
36248753/5000000
3749871/500000
38748667/5000000
1249957/156250
41248581/5000000
21249269/2500000
8749699/1000000
11249613/1250000
46248409/5000000
23749183/2500000
48748323/5000000
1249957/125000

Dimensions > 0:
(0, 0, 1)
(0, 1, 1)
(0, 2, 1)
(0, 3, 1)
(0, 4, 1)
(0, 5, 1)
(0, 6, 1)
(0, 7, 1)
(0, 8, 1)
(0, 9, 1)
(0, 10, 1)
(0, 11, 1)
(0, 12, 1)
(0, 13, 1)
(0, 14, 1)
(0, 15, 1)
(0, 16, 1)
(0, 17, 1)
(0, 18, 1)
(0, 19, 1)
(0, 20, 1)
(0, 21, 1)
(0, 22, 1)
(0, 23, 1)
(0, 24, 1)
(0, 25, 1)
(0, 26, 1)
(0, 27, 1)
(0, 28, 1)
(0, 29, 1)
(0, 30, 1)
(0, 31, 1)
(0, 32, 1)
(0, 33, 1)
(0, 34, 1)
(0, 35, 1)
(0, 36, 1)
(0, 37, 1)
(0, 38, 1)
(0, 39, 1)

(1, 0, 2)
(1, 1, 2)
(1, 2, 2)
(1, 3, 2)
(1, 4, 2)
(1, 5, 2)
(1, 6, 2)
(1, 7, 2)
(1, 8, 2)
(1, 9, 2)
(1, 10, 2)
(1, 11, 2)
(1, 12, 2)
(1, 13, 2)
(1, 14, 2)
(1, 15, 2)
(1, 16, 2)
(1, 17, 2)
(1, 18, 2)
(1, 19, 2)
(1, 20, 2)
(1, 21, 2)
(1, 22, 2)
(1, 23, 2)
(1, 24, 2)
(1, 25, 2)
(1, 26, 2)
(1, 27, 2)
(1, 28, 2)
(1, 29, 2)
(1, 30, 2)
(1, 31, 2)
(1, 32, 2)
(1, 33, 2)
(1, 34, 2)
(1, 35, 2)
(1, 36, 1)
(1, 37, 1)
(1, 38, 1)
(1, 39, 1)

(2, 0, 2)
(2, 1, 2)
(2, 2, 2)
(2, 3, 2)
(2, 4, 2)
(2, 5, 2)
(2, 6, 2)
(2, 7, 2)
(2, 8, 2)
(2, 9, 2)
(2, 10, 2)
(2, 11, 2)
(2, 12, 2)
(2, 13, 2)
(2, 14, 2)
(2, 15, 2)
(2, 16, 2)
(2, 17, 2)
(2, 18, 2)
(2, 19, 2)
(2, 20, 2)
(2, 21, 2)
(2, 22, 2)
(2, 23, 2)
(2, 24, 2)
(2, 25, 2)
(2, 26, 2)
(2, 27, 2)
(2, 28, 2)
(2, 29, 2)
(2, 30, 2)
(2, 31, 2)
(2, 32, 2)
(2, 33, 2)
(2, 34, 2)
(2, 35, 2)
(2, 36, 1)
(2, 37, 1)
(2, 38, 1)
(2, 39, 1)

(3, 0, 2)
(3, 1, 2)
(3, 2, 2)
(3, 3, 2)
(3, 4, 2)
(3, 5, 2)
(3, 6, 2)
(3, 7, 2)
(3, 8, 2)
(3, 9, 2)
(3, 10, 2)
(3, 11, 2)
(3, 12, 2)
(3, 13, 2)
(3, 14, 2)
(3, 15, 2)
(3, 16, 2)
(3, 17, 2)
(3, 18, 2)
(3, 19, 2)
(3, 20, 2)
(3, 21, 2)
(3, 22, 2)
(3, 23, 2)
(3, 24, 2)
(3, 25, 2)
(3, 26, 2)
(3, 27, 2)
(3, 28, 2)
(3, 29, 2)
(3, 30, 2)
(3, 31, 2)
(3, 32, 2)
(3, 33, 2)
(3, 34, 2)
(3, 35, 2)
(3, 36, 1)
(3, 37, 1)
(3, 38, 1)
(3, 39, 1)

(4, 0, 2)
(4, 1, 2)
(4, 2, 2)
(4, 3, 2)
(4, 4, 2)
(4, 5, 2)
(4, 6, 2)
(4, 7, 2)
(4, 8, 2)
(4, 9, 2)
(4, 10, 2)
(4, 11, 2)
(4, 12, 2)
(4, 13, 2)
(4, 14, 2)
(4, 15, 2)
(4, 16, 2)
(4, 17, 2)
(4, 18, 2)
(4, 19, 2)
(4, 20, 2)
(4, 21, 2)
(4, 22, 2)
(4, 23, 2)
(4, 24, 2)
(4, 25, 2)
(4, 26, 2)
(4, 27, 2)
(4, 28, 2)
(4, 29, 2)
(4, 30, 2)
(4, 31, 2)
(4, 32, 2)
(4, 33, 2)
(4, 34, 2)
(4, 35, 2)
(4, 36, 1)
(4, 37, 1)
(4, 38, 1)
(4, 39, 1)

(5, 0, 3)
(5, 1, 3)
(5, 2, 3)
(5, 3, 3)
(5, 4, 3)
(5, 5, 3)
(5, 6, 3)
(5, 7, 3)
(5, 8, 3)
(5, 9, 3)
(5, 10, 3)
(5, 11, 3)
(5, 12, 3)
(5, 13, 3)
(5, 14, 3)
(5, 15, 3)
(5, 16, 3)
(5, 17, 3)
(5, 18, 3)
(5, 19, 3)
(5, 20, 3)
(5, 21, 3)
(5, 22, 3)
(5, 23, 3)
(5, 24, 3)
(5, 25, 3)
(5, 26, 3)
(5, 27, 3)
(5, 28, 3)
(5, 29, 3)
(5, 30, 3)
(5, 31, 3)
(5, 32, 3)
(5, 33, 3)
(5, 34, 3)
(5, 35, 3)
(5, 36, 1)
(5, 37, 1)
(5, 38, 1)
(5, 39, 1)

(6, 0, 4)
(6, 1, 4)
(6, 2, 4)
(6, 3, 4)
(6, 4, 4)
(6, 5, 4)
(6, 6, 4)
(6, 7, 4)
(6, 8, 4)
(6, 9, 4)
(6, 10, 4)
(6, 11, 4)
(6, 12, 4)
(6, 13, 4)
(6, 14, 4)
(6, 15, 4)
(6, 16, 4)
(6, 17, 4)
(6, 18, 4)
(6, 19, 4)
(6, 20, 4)
(6, 21, 4)
(6, 22, 4)
(6, 23, 4)
(6, 24, 4)
(6, 25, 4)
(6, 26, 4)
(6, 27, 4)
(6, 28, 4)
(6, 29, 4)
(6, 30, 4)
(6, 31, 4)
(6, 32, 4)
(6, 33, 4)
(6, 34, 4)
(6, 35, 4)
(6, 36, 2)
(6, 37, 2)
(6, 38, 2)
(6, 39, 2)

(7, 0, 5)
(7, 1, 5)
(7, 2, 5)
(7, 3, 5)
(7, 4, 5)
(7, 5, 5)
(7, 6, 5)
(7, 7, 5)
(7, 8, 5)
(7, 9, 5)
(7, 10, 5)
(7, 11, 5)
(7, 12, 5)
(7, 13, 5)
(7, 14, 5)
(7, 15, 5)
(7, 16, 5)
(7, 17, 5)
(7, 18, 5)
(7, 19, 5)
(7, 20, 5)
(7, 21, 5)
(7, 22, 5)
(7, 23, 5)
(7, 24, 5)
(7, 25, 5)
(7, 26, 5)
(7, 27, 5)
(7, 28, 5)
(7, 29, 5)
(7, 30, 5)
(7, 31, 5)
(7, 32, 5)
(7, 33, 5)
(7, 34, 5)
(7, 35, 5)
(7, 36, 2)
(7, 37, 2)
(7, 38, 2)
(7, 39, 2)

(8, 0, 5)
(8, 1, 5)
(8, 2, 5)
(8, 3, 5)
(8, 4, 5)
(8, 5, 5)
(8, 6, 5)
(8, 7, 5)
(8, 8, 5)
(8, 9, 5)
(8, 10, 5)
(8, 11, 5)
(8, 12, 5)
(8, 13, 5)
(8, 14, 5)
(8, 15, 5)
(8, 16, 5)
(8, 17, 5)
(8, 18, 5)
(8, 19, 5)
(8, 20, 5)
(8, 21, 5)
(8, 22, 5)
(8, 23, 5)
(8, 24, 5)
(8, 25, 5)
(8, 26, 5)
(8, 27, 5)
(8, 28, 5)
(8, 29, 5)
(8, 30, 5)
(8, 31, 5)
(8, 32, 5)
(8, 33, 5)
(8, 34, 5)
(8, 35, 5)
(8, 36, 2)
(8, 37, 2)
(8, 38, 2)
(8, 39, 2)

(9, 0, 6)
(9, 1, 6)
(9, 2, 6)
(9, 3, 6)
(9, 4, 6)
(9, 5, 6)
(9, 6, 6)
(9, 7, 6)
(9, 8, 6)
(9, 9, 6)
(9, 10, 6)
(9, 11, 6)
(9, 12, 6)
(9, 13, 6)
(9, 14, 6)
(9, 15, 6)
(9, 16, 6)
(9, 17, 6)
(9, 18, 6)
(9, 19, 6)
(9, 20, 6)
(9, 21, 6)
(9, 22, 6)
(9, 23, 6)
(9, 24, 6)
(9, 25, 6)
(9, 26, 6)
(9, 27, 6)
(9, 28, 6)
(9, 29, 6)
(9, 30, 6)
(9, 31, 6)
(9, 32, 6)
(9, 33, 6)
(9, 34, 6)
(9, 35, 6)
(9, 36, 3)
(9, 37, 3)
(9, 38, 3)
(9, 39, 3)

(10, 0, 9)
(10, 1, 9)
(10, 2, 9)
(10, 3, 9)
(10, 4, 9)
(10, 5, 9)
(10, 6, 9)
(10, 7, 9)
(10, 8, 9)
(10, 9, 9)
(10, 10, 9)
(10, 11, 9)
(10, 12, 9)
(10, 13, 9)
(10, 14, 9)
(10, 15, 9)
(10, 16, 9)
(10, 17, 9)
(10, 18, 9)
(10, 19, 9)
(10, 20, 9)
(10, 21, 9)
(10, 22, 9)
(10, 23, 9)
(10, 24, 9)
(10, 25, 9)
(10, 26, 9)
(10, 27, 9)
(10, 28, 9)
(10, 29, 9)
(10, 30, 9)
(10, 31, 9)
(10, 32, 9)
(10, 33, 9)
(10, 34, 9)
(10, 35, 9)
(10, 36, 4)
(10, 37, 4)
(10, 38, 4)
(10, 39, 4)

(11, 0, 10)
(11, 1, 10)
(11, 2, 10)
(11, 3, 10)
(11, 4, 10)
(11, 5, 10)
(11, 6, 10)
(11, 7, 10)
(11, 8, 10)
(11, 9, 10)
(11, 10, 10)
(11, 11, 10)
(11, 12, 10)
(11, 13, 10)
(11, 14, 10)
(11, 15, 10)
(11, 16, 10)
(11, 17, 10)
(11, 18, 10)
(11, 19, 10)
(11, 20, 10)
(11, 21, 10)
(11, 22, 10)
(11, 23, 10)
(11, 24, 10)
(11, 25, 10)
(11, 26, 10)
(11, 27, 10)
(11, 28, 10)
(11, 29, 10)
(11, 30, 10)
(11, 31, 10)
(11, 32, 10)
(11, 33, 10)
(11, 34, 10)
(11, 35, 10)
(11, 36, 5)
(11, 37, 5)
(11, 38, 5)
(11, 39, 5)

(12, 0, 10)
(12, 1, 10)
(12, 2, 10)
(12, 3, 10)
(12, 4, 10)
(12, 5, 10)
(12, 6, 10)
(12, 7, 10)
(12, 8, 10)
(12, 9, 10)
(12, 10, 10)
(12, 11, 10)
(12, 12, 10)
(12, 13, 10)
(12, 14, 10)
(12, 15, 10)
(12, 16, 10)
(12, 17, 10)
(12, 18, 10)
(12, 19, 10)
(12, 20, 10)
(12, 21, 10)
(12, 22, 10)
(12, 23, 10)
(12, 24, 10)
(12, 25, 10)
(12, 26, 10)
(12, 27, 10)
(12, 28, 10)
(12, 29, 10)
(12, 30, 10)
(12, 31, 10)
(12, 32, 10)
(12, 33, 10)
(12, 34, 10)
(12, 35, 10)
(12, 36, 5)
(12, 37, 5)
(12, 38, 5)
(12, 39, 5)

(13, 0, 10)
(13, 1, 10)
(13, 2, 10)
(13, 3, 10)
(13, 4, 10)
(13, 5, 10)
(13, 6, 10)
(13, 7, 10)
(13, 8, 10)
(13, 9, 10)
(13, 10, 10)
(13, 11, 10)
(13, 12, 10)
(13, 13, 10)
(13, 14, 10)
(13, 15, 10)
(13, 16, 10)
(13, 17, 10)
(13, 18, 10)
(13, 19, 10)
(13, 20, 10)
(13, 21, 10)
(13, 22, 10)
(13, 23, 10)
(13, 24, 10)
(13, 25, 10)
(13, 26, 10)
(13, 27, 10)
(13, 28, 10)
(13, 29, 10)
(13, 30, 10)
(13, 31, 10)
(13, 32, 10)
(13, 33, 10)
(13, 34, 10)
(13, 35, 10)
(13, 36, 5)
(13, 37, 5)
(13, 38, 5)
(13, 39, 5)

(14, 0, 13)
(14, 1, 13)
(14, 2, 13)
(14, 3, 13)
(14, 4, 13)
(14, 5, 13)
(14, 6, 13)
(14, 7, 13)
(14, 8, 13)
(14, 9, 13)
(14, 10, 13)
(14, 11, 13)
(14, 12, 13)
(14, 13, 13)
(14, 14, 13)
(14, 15, 13)
(14, 16, 13)
(14, 17, 13)
(14, 18, 12)
(14, 19, 12)
(14, 20, 12)
(14, 21, 12)
(14, 22, 12)
(14, 23, 12)
(14, 24, 12)
(14, 25, 12)
(14, 26, 12)
(14, 27, 12)
(14, 28, 12)
(14, 29, 12)
(14, 30, 12)
(14, 31, 12)
(14, 32, 12)
(14, 33, 12)
(14, 34, 12)
(14, 35, 12)
(14, 36, 6)
(14, 37, 6)
(14, 38, 6)
(14, 39, 6)

(15, 0, 15)
(15, 1, 15)
(15, 2, 15)
(15, 3, 15)
(15, 4, 15)
(15, 5, 15)
(15, 6, 15)
(15, 7, 15)
(15, 8, 15)
(15, 9, 15)
(15, 10, 15)
(15, 11, 15)
(15, 12, 15)
(15, 13, 15)
(15, 14, 15)
(15, 15, 15)
(15, 16, 15)
(15, 17, 15)
(15, 18, 14)
(15, 19, 14)
(15, 20, 14)
(15, 21, 14)
(15, 22, 14)
(15, 23, 14)
(15, 24, 14)
(15, 25, 14)
(15, 26, 14)
(15, 27, 14)
(15, 28, 14)
(15, 29, 14)
(15, 30, 14)
(15, 31, 14)
(15, 32, 14)
(15, 33, 14)
(15, 34, 14)
(15, 35, 14)
(15, 36, 7)
(15, 37, 7)
(15, 38, 7)
(15, 39, 7)

(16, 0, 15)
(16, 1, 15)
(16, 2, 15)
(16, 3, 15)
(16, 4, 15)
(16, 5, 15)
(16, 6, 15)
(16, 7, 15)
(16, 8, 15)
(16, 9, 15)
(16, 10, 15)
(16, 11, 15)
(16, 12, 15)
(16, 13, 15)
(16, 14, 15)
(16, 15, 15)
(16, 16, 15)
(16, 17, 15)
(16, 18, 14)
(16, 19, 14)
(16, 20, 14)
(16, 21, 14)
(16, 22, 14)
(16, 23, 14)
(16, 24, 14)
(16, 25, 14)
(16, 26, 14)
(16, 27, 14)
(16, 28, 14)
(16, 29, 14)
(16, 30, 14)
(16, 31, 14)
(16, 32, 14)
(16, 33, 14)
(16, 34, 14)
(16, 35, 14)
(16, 36, 7)
(16, 37, 7)
(16, 38, 7)
(16, 39, 7)

(17, 0, 15)
(17, 1, 15)
(17, 2, 15)
(17, 3, 15)
(17, 4, 15)
(17, 5, 15)
(17, 6, 15)
(17, 7, 15)
(17, 8, 15)
(17, 9, 15)
(17, 10, 15)
(17, 11, 15)
(17, 12, 15)
(17, 13, 15)
(17, 14, 15)
(17, 15, 15)
(17, 16, 15)
(17, 17, 15)
(17, 18, 14)
(17, 19, 14)
(17, 20, 14)
(17, 21, 14)
(17, 22, 14)
(17, 23, 14)
(17, 24, 14)
(17, 25, 14)
(17, 26, 14)
(17, 27, 14)
(17, 28, 14)
(17, 29, 14)
(17, 30, 14)
(17, 31, 14)
(17, 32, 14)
(17, 33, 14)
(17, 34, 14)
(17, 35, 14)
(17, 36, 7)
(17, 37, 7)
(17, 38, 7)
(17, 39, 7)

(18, 0, 21)
(18, 1, 21)
(18, 2, 21)
(18, 3, 21)
(18, 4, 19)
(18, 5, 19)
(18, 6, 19)
(18, 7, 19)
(18, 8, 19)
(18, 9, 19)
(18, 10, 17)
(18, 11, 16)
(18, 12, 16)
(18, 13, 16)
(18, 14, 16)
(18, 15, 16)
(18, 16, 16)
(18, 17, 16)
(18, 18, 15)
(18, 19, 15)
(18, 20, 15)
(18, 21, 15)
(18, 22, 15)
(18, 23, 15)
(18, 24, 15)
(18, 25, 15)
(18, 26, 15)
(18, 27, 15)
(18, 28, 15)
(18, 29, 15)
(18, 30, 15)
(18, 31, 15)
(18, 32, 15)
(18, 33, 15)
(18, 34, 15)
(18, 35, 15)
(18, 36, 8)
(18, 37, 8)
(18, 38, 8)
(18, 39, 8)

(19, 0, 38)
(19, 1, 38)
(19, 2, 37)
(19, 3, 37)
(19, 4, 31)
(19, 5, 31)
(19, 6, 30)
(19, 7, 28)
(19, 8, 27)
(19, 9, 27)
(19, 10, 23)
(19, 11, 23)
(19, 12, 23)
(19, 13, 23)
(19, 14, 23)
(19, 15, 23)
(19, 16, 19)
(19, 17, 19)
(19, 18, 18)
(19, 19, 18)
(19, 20, 18)
(19, 21, 18)
(19, 22, 18)
(19, 23, 18)
(19, 24, 17)
(19, 25, 17)
(19, 26, 17)
(19, 27, 17)
(19, 28, 17)
(19, 29, 17)
(19, 30, 17)
(19, 31, 17)
(19, 32, 17)
(19, 33, 16)
(19, 34, 16)
(19, 35, 16)
(19, 36, 8)
(19, 37, 8)
(19, 38, 8)
(19, 39, 8)

(20, 0, 61)
(20, 1, 61)
(20, 2, 59)
(20, 3, 59)
(20, 4, 46)
(20, 5, 45)
(20, 6, 44)
(20, 7, 38)
(20, 8, 35)
(20, 9, 33)
(20, 10, 32)
(20, 11, 32)
(20, 12, 31)
(20, 13, 31)
(20, 14, 31)
(20, 15, 31)
(20, 16, 23)
(20, 17, 20)
(20, 18, 18)
(20, 19, 17)
(20, 20, 16)
(20, 21, 16)
(20, 22, 16)
(20, 23, 16)
(20, 24, 16)
(20, 25, 16)
(20, 26, 16)
(20, 27, 16)
(20, 28, 16)
(20, 29, 16)
(20, 30, 16)
(20, 31, 16)
(20, 32, 16)
(20, 33, 16)
(20, 34, 16)
(20, 35, 16)
(20, 36, 8)
(20, 37, 8)
(20, 38, 8)
(20, 39, 8)

(21, 0, 70)
(21, 1, 70)
(21, 2, 68)
(21, 3, 68)
(21, 4, 52)
(21, 5, 51)
(21, 6, 50)
(21, 7, 44)
(21, 8, 41)
(21, 9, 39)
(21, 10, 38)
(21, 11, 38)
(21, 12, 37)
(21, 13, 37)
(21, 14, 36)
(21, 15, 36)
(21, 16, 22)
(21, 17, 20)
(21, 18, 18)
(21, 19, 18)
(21, 20, 18)
(21, 21, 18)
(21, 22, 18)
(21, 23, 18)
(21, 24, 18)
(21, 25, 18)
(21, 26, 17)
(21, 27, 17)
(21, 28, 17)
(21, 29, 17)
(21, 30, 17)
(21, 31, 17)
(21, 32, 17)
(21, 33, 17)
(21, 34, 17)
(21, 35, 17)
(21, 36, 9)
(21, 37, 9)
(21, 38, 9)
(21, 39, 9)

(22, 0, 84)
(22, 1, 84)
(22, 2, 82)
(22, 3, 81)
(22, 4, 64)
(22, 5, 63)
(22, 6, 60)
(22, 7, 52)
(22, 8, 49)
(22, 9, 47)
(22, 10, 46)
(22, 11, 46)
(22, 12, 45)
(22, 13, 45)
(22, 14, 44)
(22, 15, 44)
(22, 16, 28)
(22, 17, 26)
(22, 18, 22)
(22, 19, 22)
(22, 20, 22)
(22, 21, 21)
(22, 22, 21)
(22, 23, 20)
(22, 24, 19)
(22, 25, 19)
(22, 26, 18)
(22, 27, 18)
(22, 28, 18)
(22, 29, 18)
(22, 30, 18)
(22, 31, 18)
(22, 32, 18)
(22, 33, 18)
(22, 34, 18)
(22, 35, 18)
(22, 36, 10)
(22, 37, 10)
(22, 38, 10)
(22, 39, 10)

(23, 0, 105)
(23, 1, 105)
(23, 2, 103)
(23, 3, 100)
(23, 4, 79)
(23, 5, 78)
(23, 6, 73)
(23, 7, 63)
(23, 8, 60)
(23, 9, 57)
(23, 10, 55)
(23, 11, 55)
(23, 12, 54)
(23, 13, 54)
(23, 14, 53)
(23, 15, 53)
(23, 16, 31)
(23, 17, 28)
(23, 18, 24)
(23, 19, 24)
(23, 20, 24)
(23, 21, 24)
(23, 22, 24)
(23, 23, 23)
(23, 24, 22)
(23, 25, 22)
(23, 26, 21)
(23, 27, 21)
(23, 28, 21)
(23, 29, 21)
(23, 30, 20)
(23, 31, 19)
(23, 32, 19)
(23, 33, 19)
(23, 34, 19)
(23, 35, 19)
(23, 36, 11)
(23, 37, 11)
(23, 38, 11)
(23, 39, 11)

(24, 0, 133)
(24, 1, 133)
(24, 2, 131)
(24, 3, 128)
(24, 4, 101)
(24, 5, 100)
(24, 6, 94)
(24, 7, 80)
(24, 8, 74)
(24, 9, 70)
(24, 10, 68)
(24, 11, 67)
(24, 12, 65)
(24, 13, 65)
(24, 14, 64)
(24, 15, 64)
(24, 16, 36)
(24, 17, 32)
(24, 18, 28)
(24, 19, 26)
(24, 20, 25)
(24, 21, 25)
(24, 22, 25)
(24, 23, 24)
(24, 24, 23)
(24, 25, 23)
(24, 26, 21)
(24, 27, 19)
(24, 28, 19)
(24, 29, 18)
(24, 30, 18)
(24, 31, 18)
(24, 32, 18)
(24, 33, 18)
(24, 34, 18)
(24, 35, 18)
(24, 36, 10)
(24, 37, 10)
(24, 38, 9)
(24, 39, 9)

(25, 0, 155)
(25, 1, 154)
(25, 2, 152)
(25, 3, 149)
(25, 4, 116)
(25, 5, 114)
(25, 6, 107)
(25, 7, 93)
(25, 8, 86)
(25, 9, 79)
(25, 10, 78)
(25, 11, 78)
(25, 12, 76)
(25, 13, 76)
(25, 14, 75)
(25, 15, 75)
(25, 16, 42)
(25, 17, 38)
(25, 18, 34)
(25, 19, 31)
(25, 20, 30)
(25, 21, 30)
(25, 22, 30)
(25, 23, 27)
(25, 24, 26)
(25, 25, 23)
(25, 26, 20)
(25, 27, 20)
(25, 28, 19)
(25, 29, 18)
(25, 30, 18)
(25, 31, 18)
(25, 32, 18)
(25, 33, 18)
(25, 34, 18)
(25, 35, 18)
(25, 36, 10)
(25, 37, 10)
(25, 38, 9)
(25, 39, 9)

(26, 0, 176)
(26, 1, 174)
(26, 2, 172)
(26, 3, 168)
(26, 4, 126)
(26, 5, 124)
(26, 6, 117)
(26, 7, 101)
(26, 8, 94)
(26, 9, 88)
(26, 10, 86)
(26, 11, 86)
(26, 12, 84)
(26, 13, 84)
(26, 14, 83)
(26, 15, 83)
(26, 16, 47)
(26, 17, 42)
(26, 18, 38)
(26, 19, 34)
(26, 20, 33)
(26, 21, 33)
(26, 22, 33)
(26, 23, 30)
(26, 24, 28)
(26, 25, 25)
(26, 26, 23)
(26, 27, 23)
(26, 28, 22)
(26, 29, 20)
(26, 30, 19)
(26, 31, 19)
(26, 32, 19)
(26, 33, 18)
(26, 34, 18)
(26, 35, 18)
(26, 36, 10)
(26, 37, 10)
(26, 38, 9)
(26, 39, 9)

(27, 0, 194)
(27, 1, 191)
(27, 2, 189)
(27, 3, 184)
(27, 4, 137)
(27, 5, 135)
(27, 6, 128)
(27, 7, 112)
(27, 8, 105)
(27, 9, 99)
(27, 10, 97)
(27, 11, 97)
(27, 12, 95)
(27, 13, 95)
(27, 14, 94)
(27, 15, 94)
(27, 16, 53)
(27, 17, 48)
(27, 18, 44)
(27, 19, 39)
(27, 20, 38)
(27, 21, 38)
(27, 22, 38)
(27, 23, 35)
(27, 24, 32)
(27, 25, 29)
(27, 26, 27)
(27, 27, 26)
(27, 28, 25)
(27, 29, 22)
(27, 30, 20)
(27, 31, 18)
(27, 32, 17)
(27, 33, 17)
(27, 34, 17)
(27, 35, 17)
(27, 36, 9)
(27, 37, 9)
(27, 38, 8)
(27, 39, 8)

(28, 0, 211)
(28, 1, 208)
(28, 2, 205)
(28, 3, 200)
(28, 4, 148)
(28, 5, 145)
(28, 6, 138)
(28, 7, 122)
(28, 8, 115)
(28, 9, 109)
(28, 10, 106)
(28, 11, 106)
(28, 12, 104)
(28, 13, 104)
(28, 14, 103)
(28, 15, 103)
(28, 16, 58)
(28, 17, 53)
(28, 18, 49)
(28, 19, 43)
(28, 20, 41)
(28, 21, 41)
(28, 22, 40)
(28, 23, 37)
(28, 24, 35)
(28, 25, 31)
(28, 26, 29)
(28, 27, 28)
(28, 28, 27)
(28, 29, 24)
(28, 30, 22)
(28, 31, 20)
(28, 32, 18)
(28, 33, 18)
(28, 34, 18)
(28, 35, 18)
(28, 36, 10)
(28, 37, 10)
(28, 38, 9)
(28, 39, 9)

(29, 0, 226)
(29, 1, 221)
(29, 2, 218)
(29, 3, 213)
(29, 4, 159)
(29, 5, 156)
(29, 6, 149)
(29, 7, 133)
(29, 8, 126)
(29, 9, 120)
(29, 10, 117)
(29, 11, 117)
(29, 12, 115)
(29, 13, 115)
(29, 14, 114)
(29, 15, 114)
(29, 16, 60)
(29, 17, 55)
(29, 18, 51)
(29, 19, 45)
(29, 20, 43)
(29, 21, 43)
(29, 22, 42)
(29, 23, 39)
(29, 24, 37)
(29, 25, 33)
(29, 26, 31)
(29, 27, 30)
(29, 28, 29)
(29, 29, 25)
(29, 30, 19)
(29, 31, 19)
(29, 32, 18)
(29, 33, 18)
(29, 34, 18)
(29, 35, 18)
(29, 36, 10)
(29, 37, 10)
(29, 38, 9)
(29, 39, 9)

(30, 0, 232)
(30, 1, 227)
(30, 2, 223)
(30, 3, 218)
(30, 4, 164)
(30, 5, 161)
(30, 6, 154)
(30, 7, 137)
(30, 8, 130)
(30, 9, 124)
(30, 10, 121)
(30, 11, 121)
(30, 12, 119)
(30, 13, 119)
(30, 14, 118)
(30, 15, 118)
(30, 16, 60)
(30, 17, 55)
(30, 18, 51)
(30, 19, 44)
(30, 20, 42)
(30, 21, 42)
(30, 22, 41)
(30, 23, 38)
(30, 24, 36)
(30, 25, 32)
(30, 26, 30)
(30, 27, 29)
(30, 28, 28)
(30, 29, 24)
(30, 30, 19)
(30, 31, 19)
(30, 32, 18)
(30, 33, 18)
(30, 34, 18)
(30, 35, 18)
(30, 36, 10)
(30, 37, 10)
(30, 38, 9)
(30, 39, 9)

(31, 0, 240)
(31, 1, 234)
(31, 2, 230)
(31, 3, 225)
(31, 4, 169)
(31, 5, 166)
(31, 6, 159)
(31, 7, 141)
(31, 8, 134)
(31, 9, 128)
(31, 10, 125)
(31, 11, 125)
(31, 12, 123)
(31, 13, 123)
(31, 14, 122)
(31, 15, 122)
(31, 16, 61)
(31, 17, 56)
(31, 18, 52)
(31, 19, 45)
(31, 20, 43)
(31, 21, 43)
(31, 22, 42)
(31, 23, 39)
(31, 24, 36)
(31, 25, 32)
(31, 26, 30)
(31, 27, 29)
(31, 28, 28)
(31, 29, 24)
(31, 30, 18)
(31, 31, 18)
(31, 32, 18)
(31, 33, 18)
(31, 34, 18)
(31, 35, 18)
(31, 36, 10)
(31, 37, 10)
(31, 38, 9)
(31, 39, 9)

(32, 0, 245)
(32, 1, 239)
(32, 2, 233)
(32, 3, 228)
(32, 4, 172)
(32, 5, 169)
(32, 6, 162)
(32, 7, 144)
(32, 8, 137)
(32, 9, 131)
(32, 10, 128)
(32, 11, 128)
(32, 12, 126)
(32, 13, 126)
(32, 14, 125)
(32, 15, 125)
(32, 16, 61)
(32, 17, 56)
(32, 18, 52)
(32, 19, 45)
(32, 20, 43)
(32, 21, 43)
(32, 22, 42)
(32, 23, 39)
(32, 24, 36)
(32, 25, 32)
(32, 26, 30)
(32, 27, 29)
(32, 28, 28)
(32, 29, 24)
(32, 30, 18)
(32, 31, 18)
(32, 32, 18)
(32, 33, 18)
(32, 34, 18)
(32, 35, 18)
(32, 36, 10)
(32, 37, 10)
(32, 38, 9)
(32, 39, 9)

(33, 0, 248)
(33, 1, 242)
(33, 2, 236)
(33, 3, 231)
(33, 4, 175)
(33, 5, 172)
(33, 6, 165)
(33, 7, 147)
(33, 8, 140)
(33, 9, 134)
(33, 10, 131)
(33, 11, 131)
(33, 12, 129)
(33, 13, 129)
(33, 14, 128)
(33, 15, 128)
(33, 16, 62)
(33, 17, 57)
(33, 18, 53)
(33, 19, 46)
(33, 20, 44)
(33, 21, 44)
(33, 22, 43)
(33, 23, 40)
(33, 24, 37)
(33, 25, 33)
(33, 26, 31)
(33, 27, 30)
(33, 28, 29)
(33, 29, 25)
(33, 30, 19)
(33, 31, 19)
(33, 32, 19)
(33, 33, 18)
(33, 34, 18)
(33, 35, 18)
(33, 36, 10)
(33, 37, 10)
(33, 38, 9)
(33, 39, 9)

(34, 0, 260)
(34, 1, 254)
(34, 2, 248)
(34, 3, 241)
(34, 4, 180)
(34, 5, 177)
(34, 6, 170)
(34, 7, 152)
(34, 8, 144)
(34, 9, 138)
(34, 10, 135)
(34, 11, 135)
(34, 12, 133)
(34, 13, 133)
(34, 14, 132)
(34, 15, 132)
(34, 16, 63)
(34, 17, 58)
(34, 18, 53)
(34, 19, 46)
(34, 20, 44)
(34, 21, 44)
(34, 22, 43)
(34, 23, 40)
(34, 24, 37)
(34, 25, 33)
(34, 26, 31)
(34, 27, 30)
(34, 28, 29)
(34, 29, 25)
(34, 30, 19)
(34, 31, 19)
(34, 32, 19)
(34, 33, 18)
(34, 34, 18)
(34, 35, 18)
(34, 36, 10)
(34, 37, 10)
(34, 38, 9)
(34, 39, 9)

(35, 0, 276)
(35, 1, 262)
(35, 2, 256)
(35, 3, 247)
(35, 4, 185)
(35, 5, 182)
(35, 6, 174)
(35, 7, 155)
(35, 8, 147)
(35, 9, 141)
(35, 10, 138)
(35, 11, 138)
(35, 12, 136)
(35, 13, 136)
(35, 14, 135)
(35, 15, 135)
(35, 16, 66)
(35, 17, 61)
(35, 18, 56)
(35, 19, 48)
(35, 20, 46)
(35, 21, 46)
(35, 22, 45)
(35, 23, 42)
(35, 24, 39)
(35, 25, 34)
(35, 26, 32)
(35, 27, 31)
(35, 28, 30)
(35, 29, 25)
(35, 30, 19)
(35, 31, 19)
(35, 32, 19)
(35, 33, 18)
(35, 34, 18)
(35, 35, 18)
(35, 36, 10)
(35, 37, 10)
(35, 38, 9)
(35, 39, 9)

(36, 0, 302)
(36, 1, 269)
(36, 2, 262)
(36, 3, 249)
(36, 4, 187)
(36, 5, 184)
(36, 6, 176)
(36, 7, 157)
(36, 8, 149)
(36, 9, 143)
(36, 10, 140)
(36, 11, 140)
(36, 12, 138)
(36, 13, 138)
(36, 14, 137)
(36, 15, 137)
(36, 16, 67)
(36, 17, 61)
(36, 18, 56)
(36, 19, 48)
(36, 20, 46)
(36, 21, 46)
(36, 22, 45)
(36, 23, 42)
(36, 24, 38)
(36, 25, 34)
(36, 26, 32)
(36, 27, 31)
(36, 28, 30)
(36, 29, 25)
(36, 30, 18)
(36, 31, 18)
(36, 32, 18)
(36, 33, 18)
(36, 34, 18)
(36, 35, 18)
(36, 36, 10)
(36, 37, 10)
(36, 38, 9)
(36, 39, 9)

(37, 0, 323)
(37, 1, 279)
(37, 2, 271)
(37, 3, 255)
(37, 4, 191)
(37, 5, 188)
(37, 6, 180)
(37, 7, 160)
(37, 8, 152)
(37, 9, 146)
(37, 10, 143)
(37, 11, 143)
(37, 12, 141)
(37, 13, 141)
(37, 14, 140)
(37, 15, 140)
(37, 16, 66)
(37, 17, 60)
(37, 18, 55)
(37, 19, 47)
(37, 20, 45)
(37, 21, 45)
(37, 22, 44)
(37, 23, 41)
(37, 24, 37)
(37, 25, 33)
(37, 26, 31)
(37, 27, 30)
(37, 28, 29)
(37, 29, 24)
(37, 30, 18)
(37, 31, 18)
(37, 32, 18)
(37, 33, 18)
(37, 34, 18)
(37, 35, 18)
(37, 36, 10)
(37, 37, 10)
(37, 38, 9)
(37, 39, 9)

(38, 0, 344)
(38, 1, 287)
(38, 2, 278)
(38, 3, 260)
(38, 4, 193)
(38, 5, 190)
(38, 6, 182)
(38, 7, 162)
(38, 8, 154)
(38, 9, 148)
(38, 10, 145)
(38, 11, 145)
(38, 12, 143)
(38, 13, 143)
(38, 14, 142)
(38, 15, 142)
(38, 16, 67)
(38, 17, 60)
(38, 18, 55)
(38, 19, 46)
(38, 20, 44)
(38, 21, 43)
(38, 22, 42)
(38, 23, 39)
(38, 24, 35)
(38, 25, 31)
(38, 26, 29)
(38, 27, 28)
(38, 28, 27)
(38, 29, 23)
(38, 30, 18)
(38, 31, 18)
(38, 32, 18)
(38, 33, 18)
(38, 34, 18)
(38, 35, 18)
(38, 36, 10)
(38, 37, 10)
(38, 38, 9)
(38, 39, 9)

(39, 0, 377)
(39, 1, 294)
(39, 2, 284)
(39, 3, 263)
(39, 4, 196)
(39, 5, 193)
(39, 6, 183)
(39, 7, 163)
(39, 8, 154)
(39, 9, 148)
(39, 10, 145)
(39, 11, 145)
(39, 12, 143)
(39, 13, 143)
(39, 14, 141)
(39, 15, 141)
(39, 16, 66)
(39, 17, 60)
(39, 18, 55)
(39, 19, 46)
(39, 20, 44)
(39, 21, 43)
(39, 22, 42)
(39, 23, 39)
(39, 24, 35)
(39, 25, 31)
(39, 26, 29)
(39, 27, 28)
(39, 28, 27)
(39, 29, 23)
(39, 30, 18)
(39, 31, 18)
(39, 32, 18)
(39, 33, 18)
(39, 34, 18)
(39, 35, 18)
(39, 36, 10)
(39, 37, 10)
(39, 38, 9)
(39, 39, 9)


Betti numbers:
xi_0:
(0, 0, 1)
(1, 0, 1)
(5, 0, 1)
(6, 0, 1)
(7, 0, 1)
(9, 0, 1)
(10, 0, 3)
(11, 0, 1)
(14, 0, 3)
(15, 0, 2)
(18, 0, 6)
(19, 0, 17)
(20, 0, 23)
(21, 0, 9)
(22, 0, 14)
(23, 0, 21)
(24, 0, 28)
(25, 0, 22)
(26, 0, 21)
(27, 0, 18)
(28, 0, 17)
(29, 0, 15)
(30, 0, 6)
(31, 0, 8)
(32, 0, 5)
(33, 0, 3)
(34, 0, 12)
(35, 0, 16)
(36, 0, 26)
(37, 0, 21)
(38, 0, 21)
(39, 0, 33)
xi_1:
(1, 36, 1)
(5, 36, 1)
(7, 36, 1)
(10, 36, 2)
(14, 18, 1)
(14, 36, 1)
(15, 36, 1)
(18, 4, 2)
(18, 10, 2)
(18, 11, 1)
(19, 2, 1)
(19, 4, 4)
(19, 6, 1)
(19, 7, 2)
(19, 8, 1)
(19, 10, 2)
(19, 16, 4)
(19, 24, 1)
(19, 33, 1)
(19, 36, 1)
(20, 2, 1)
(20, 4, 7)
(20, 5, 1)
(20, 7, 4)
(20, 8, 3)
(20, 9, 2)
(20, 12, 1)
(20, 16, 4)
(20, 17, 3)
(20, 18, 1)
(20, 19, 1)
(20, 20, 1)
(21, 4, 3)
(21, 14, 1)
(21, 16, 6)
(21, 26, 1)
(22, 3, 1)
(22, 4, 1)
(22, 6, 2)
(22, 7, 2)
(22, 16, 2)
(22, 18, 2)
(22, 21, 1)
(22, 23, 1)
(22, 24, 1)
(22, 26, 1)
(23, 3, 2)
(23, 4, 4)
(23, 6, 2)
(23, 7, 2)
(23, 9, 1)
(23, 10, 1)
(23, 16, 6)
(23, 17, 1)
(23, 30, 1)
(23, 31, 1)
(24, 4, 6)
(24, 6, 1)
(24, 7, 4)
(24, 8, 3)
(24, 9, 2)
(24, 10, 1)
(24, 11, 1)
(24, 12, 1)
(24, 16, 6)
(24, 17, 1)
(24, 19, 2)
(24, 20, 1)
(24, 26, 1)
(24, 27, 2)
(24, 29, 1)
(24, 38, 1)
(25, 1, 1)
(25, 4, 6)
(25, 5, 1)
(25, 6, 1)
(25, 8, 1)
(25, 9, 3)
(25, 16, 5)
(25, 19, 1)
(25, 23, 2)
(25, 25, 3)
(25, 26, 1)
(25, 28, 1)
(25, 29, 1)
(26, 1, 1)
(26, 3, 1)
(26, 4, 9)
(26, 7, 2)
(26, 10, 1)
(26, 16, 3)
(26, 17, 1)
(26, 19, 1)
(26, 24, 1)
(26, 29, 1)
(26, 30, 1)
(26, 33, 1)
(27, 1, 1)
(27, 3, 1)
(27, 4, 5)
(27, 16, 5)
(27, 19, 1)
(27, 24, 1)
(27, 27, 1)
(27, 29, 1)
(27, 30, 2)
(27, 31, 2)
(27, 32, 1)
(28, 2, 1)
(28, 4, 5)
(28, 5, 1)
(28, 10, 1)
(28, 16, 4)
(28, 19, 1)
(28, 20, 1)
(28, 22, 1)
(28, 25, 1)
(28, 32, 1)
(29, 1, 2)
(29, 4, 2)
(29, 16, 9)
(29, 29, 1)
(29, 30, 4)
(30, 2, 1)
(30, 7, 1)
(30, 16, 4)
(30, 19, 1)
(31, 1, 1)
(31, 4, 2)
(31, 7, 1)
(31, 16, 3)
(31, 24, 1)
(31, 30, 1)
(32, 2, 2)
(32, 16, 3)
(33, 16, 2)
(33, 33, 1)
(34, 3, 2)
(34, 4, 5)
(34, 8, 1)
(34, 16, 3)
(34, 18, 1)
(35, 1, 8)
(35, 3, 2)
(35, 4, 1)
(35, 6, 1)
(35, 7, 1)
(35, 8, 1)
(35, 19, 1)
(35, 25, 1)
(35, 29, 1)
(35, 33, 1)
(36, 1, 19)
(36, 2, 1)
(36, 3, 4)
(36, 16, 1)
(36, 17, 1)
(36, 24, 1)
(36, 30, 1)
(37, 1, 11)
(37, 2, 1)
(37, 3, 3)
(37, 4, 2)
(37, 7, 1)
(37, 16, 4)
(38, 1, 13)
(38, 2, 1)
(38, 3, 2)
(38, 4, 3)
(38, 7, 1)
(38, 16, 1)
(38, 17, 1)
(38, 19, 1)
(38, 21, 1)
(39, 1, 26)
(39, 2, 1)
(39, 3, 3)
(39, 6, 2)
(39, 8, 1)
(39, 14, 1)
xi_2:
(19, 11, 1)
(20, 8, 1)
(20, 10, 3)
(20, 24, 1)
(20, 33, 1)
(21, 17, 1)
(21, 19, 1)
(21, 20, 1)
(22, 26, 1)
(23, 21, 1)
(24, 9, 1)
(24, 10, 1)
(24, 30, 1)
(24, 31, 1)
(25, 10, 1)
(25, 11, 1)
(25, 27, 2)
(25, 29, 1)
(26, 9, 1)
(26, 26, 1)
(27, 30, 1)
(27, 33, 1)
(28, 24, 1)
(29, 31, 2)
(29, 32, 1)
(30, 30, 1)
(31, 32, 1)
(35, 8, 1)
(35, 33, 1)
(36, 25, 1)
(36, 33, 1)
(37, 30, 1)
(38, 7, 1)
(38, 29, 1)
(38, 30, 1)
(39, 17, 1)
