x-grades
-6309787623086228733/4000000000000000000
-3079354517375982733/2000000000000000000
-6007630446417702199/4000000000000000000
-1464137964520859733/1000000000000000000
-1141094653949835133/800000000000000000
-2777197340707456199/2000000000000000000
-5403316093080649131/4000000000000000000
-656529688093298233/500000000000000000
-5101158916412122597/4000000000000000000
-495008032807785933/400000000000000000
-4799001739743596063/4000000000000000000
-1161980787852333199/1000000000000000000
-4496844563075069529/4000000000000000000
-2172882987370403131/2000000000000000000
-838937477281308599/800000000000000000
-252725549879517483/250000000000000000
-3892530209738016461/4000000000000000000
-1870725810701876597/2000000000000000000
-3590373033069489927/4000000000000000000
-171964722236761333/200000000000000000
-3288215856400963393/4000000000000000000
-1568568634033350063/2000000000000000000
-2986058679732436859/4000000000000000000
-354372511424771699/500000000000000000
-107356060122556413/160000000000000000
-1266411457364823529/2000000000000000000
-2381744326395383791/4000000000000000000
-557666434515280131/1000000000000000000
-2079587149726857257/4000000000000000000
-192850856139259399/400000000000000000
-1777429973058330723/4000000000000000000
-12705870193156777/31250000000000000
-1475272796389804189/4000000000000000000
-662097104027770461/2000000000000000000
-234623123944255531/800000000000000000
-255509257846753597/1000000000000000000
-870958443052751121/4000000000000000000
-359939927359243927/2000000000000000000
-568801266384224587/4000000000000000000
-10443066951249033/100000000000000000

y-grades
4999519/20000000
4999519/10000000
14998557/20000000
4999519/5000000
4999519/4000000
14998557/10000000
34996633/20000000
4999519/2500000
44995671/20000000
4999519/2000000
54994709/20000000
14998557/5000000
64993747/20000000
34996633/10000000
14998557/4000000
4999519/1250000
84991823/20000000
44995671/10000000
94990861/20000000
4999519/1000000
104989899/20000000
54994709/10000000
114988937/20000000
14998557/2500000
4999519/800000
64993747/10000000
134987013/20000000
34996633/5000000
144986051/20000000
14998557/2000000
154985089/20000000
4999519/625000
164984127/20000000
84991823/10000000
34996633/4000000
44995671/5000000
184982203/20000000
94990861/10000000
194981241/20000000
4999519/500000

Dimensions > 0:
(0, 0, 1)
(0, 1, 1)
(0, 2, 1)
(0, 3, 1)
(0, 4, 1)
(0, 5, 1)
(0, 6, 1)
(0, 7, 1)
(0, 8, 1)
(0, 9, 1)
(0, 10, 1)
(0, 11, 1)
(0, 12, 1)
(0, 13, 1)
(0, 14, 1)
(0, 15, 1)
(0, 16, 1)
(0, 17, 1)
(0, 18, 1)
(0, 19, 1)
(0, 20, 1)
(0, 21, 1)
(0, 22, 1)
(0, 23, 1)
(0, 24, 1)
(0, 25, 1)
(0, 26, 1)
(0, 27, 1)
(0, 28, 1)
(0, 29, 1)
(0, 30, 1)
(0, 31, 1)
(0, 32, 1)
(0, 33, 1)
(0, 34, 1)
(0, 35, 1)
(0, 36, 1)
(0, 37, 1)
(0, 38, 1)
(0, 39, 1)

(1, 0, 1)
(1, 1, 1)
(1, 2, 1)
(1, 3, 1)
(1, 4, 1)
(1, 5, 1)
(1, 6, 1)
(1, 7, 1)
(1, 8, 1)
(1, 9, 1)
(1, 10, 1)
(1, 11, 1)
(1, 12, 1)
(1, 13, 1)
(1, 14, 1)
(1, 15, 1)
(1, 16, 1)
(1, 17, 1)
(1, 18, 1)
(1, 19, 1)
(1, 20, 1)
(1, 21, 1)
(1, 22, 1)
(1, 23, 1)
(1, 24, 1)
(1, 25, 1)
(1, 26, 1)
(1, 27, 1)
(1, 28, 1)
(1, 29, 1)
(1, 30, 1)
(1, 31, 1)
(1, 32, 1)
(1, 33, 1)
(1, 34, 1)
(1, 35, 1)
(1, 36, 1)
(1, 37, 1)
(1, 38, 1)
(1, 39, 1)

(2, 0, 1)
(2, 1, 1)
(2, 2, 1)
(2, 3, 1)
(2, 4, 1)
(2, 5, 1)
(2, 6, 1)
(2, 7, 1)
(2, 8, 1)
(2, 9, 1)
(2, 10, 1)
(2, 11, 1)
(2, 12, 1)
(2, 13, 1)
(2, 14, 1)
(2, 15, 1)
(2, 16, 1)
(2, 17, 1)
(2, 18, 1)
(2, 19, 1)
(2, 20, 1)
(2, 21, 1)
(2, 22, 1)
(2, 23, 1)
(2, 24, 1)
(2, 25, 1)
(2, 26, 1)
(2, 27, 1)
(2, 28, 1)
(2, 29, 1)
(2, 30, 1)
(2, 31, 1)
(2, 32, 1)
(2, 33, 1)
(2, 34, 1)
(2, 35, 1)
(2, 36, 1)
(2, 37, 1)
(2, 38, 1)
(2, 39, 1)

(3, 0, 1)
(3, 1, 1)
(3, 2, 1)
(3, 3, 1)
(3, 4, 1)
(3, 5, 1)
(3, 6, 1)
(3, 7, 1)
(3, 8, 1)
(3, 9, 1)
(3, 10, 1)
(3, 11, 1)
(3, 12, 1)
(3, 13, 1)
(3, 14, 1)
(3, 15, 1)
(3, 16, 1)
(3, 17, 1)
(3, 18, 1)
(3, 19, 1)
(3, 20, 1)
(3, 21, 1)
(3, 22, 1)
(3, 23, 1)
(3, 24, 1)
(3, 25, 1)
(3, 26, 1)
(3, 27, 1)
(3, 28, 1)
(3, 29, 1)
(3, 30, 1)
(3, 31, 1)
(3, 32, 1)
(3, 33, 1)
(3, 34, 1)
(3, 35, 1)
(3, 36, 1)
(3, 37, 1)
(3, 38, 1)
(3, 39, 1)

(4, 0, 1)
(4, 1, 1)
(4, 2, 1)
(4, 3, 1)
(4, 4, 1)
(4, 5, 1)
(4, 6, 1)
(4, 7, 1)
(4, 8, 1)
(4, 9, 1)
(4, 10, 1)
(4, 11, 1)
(4, 12, 1)
(4, 13, 1)
(4, 14, 1)
(4, 15, 1)
(4, 16, 1)
(4, 17, 1)
(4, 18, 1)
(4, 19, 1)
(4, 20, 1)
(4, 21, 1)
(4, 22, 1)
(4, 23, 1)
(4, 24, 1)
(4, 25, 1)
(4, 26, 1)
(4, 27, 1)
(4, 28, 1)
(4, 29, 1)
(4, 30, 1)
(4, 31, 1)
(4, 32, 1)
(4, 33, 1)
(4, 34, 1)
(4, 35, 1)
(4, 36, 1)
(4, 37, 1)
(4, 38, 1)
(4, 39, 1)

(5, 0, 3)
(5, 1, 3)
(5, 2, 3)
(5, 3, 3)
(5, 4, 3)
(5, 5, 3)
(5, 6, 3)
(5, 7, 3)
(5, 8, 3)
(5, 9, 3)
(5, 10, 3)
(5, 11, 3)
(5, 12, 3)
(5, 13, 3)
(5, 14, 3)
(5, 15, 3)
(5, 16, 3)
(5, 17, 3)
(5, 18, 3)
(5, 19, 3)
(5, 20, 3)
(5, 21, 3)
(5, 22, 3)
(5, 23, 3)
(5, 24, 3)
(5, 25, 3)
(5, 26, 3)
(5, 27, 3)
(5, 28, 3)
(5, 29, 3)
(5, 30, 3)
(5, 31, 3)
(5, 32, 3)
(5, 33, 3)
(5, 34, 3)
(5, 35, 3)
(5, 36, 3)
(5, 37, 3)
(5, 38, 3)
(5, 39, 3)

(6, 0, 3)
(6, 1, 3)
(6, 2, 3)
(6, 3, 3)
(6, 4, 3)
(6, 5, 3)
(6, 6, 3)
(6, 7, 3)
(6, 8, 3)
(6, 9, 3)
(6, 10, 3)
(6, 11, 3)
(6, 12, 3)
(6, 13, 3)
(6, 14, 3)
(6, 15, 3)
(6, 16, 3)
(6, 17, 3)
(6, 18, 3)
(6, 19, 3)
(6, 20, 3)
(6, 21, 3)
(6, 22, 3)
(6, 23, 3)
(6, 24, 3)
(6, 25, 3)
(6, 26, 3)
(6, 27, 3)
(6, 28, 3)
(6, 29, 3)
(6, 30, 3)
(6, 31, 3)
(6, 32, 3)
(6, 33, 3)
(6, 34, 3)
(6, 35, 3)
(6, 36, 3)
(6, 37, 3)
(6, 38, 3)
(6, 39, 3)

(7, 0, 3)
(7, 1, 3)
(7, 2, 3)
(7, 3, 3)
(7, 4, 3)
(7, 5, 3)
(7, 6, 3)
(7, 7, 3)
(7, 8, 3)
(7, 9, 3)
(7, 10, 3)
(7, 11, 3)
(7, 12, 3)
(7, 13, 3)
(7, 14, 3)
(7, 15, 3)
(7, 16, 3)
(7, 17, 3)
(7, 18, 3)
(7, 19, 3)
(7, 20, 3)
(7, 21, 3)
(7, 22, 3)
(7, 23, 3)
(7, 24, 3)
(7, 25, 3)
(7, 26, 3)
(7, 27, 3)
(7, 28, 3)
(7, 29, 3)
(7, 30, 3)
(7, 31, 3)
(7, 32, 3)
(7, 33, 3)
(7, 34, 3)
(7, 35, 3)
(7, 36, 3)
(7, 37, 3)
(7, 38, 3)
(7, 39, 3)

(8, 0, 4)
(8, 1, 4)
(8, 2, 4)
(8, 3, 4)
(8, 4, 4)
(8, 5, 4)
(8, 6, 4)
(8, 7, 4)
(8, 8, 4)
(8, 9, 4)
(8, 10, 4)
(8, 11, 4)
(8, 12, 4)
(8, 13, 4)
(8, 14, 4)
(8, 15, 4)
(8, 16, 4)
(8, 17, 4)
(8, 18, 4)
(8, 19, 4)
(8, 20, 4)
(8, 21, 4)
(8, 22, 4)
(8, 23, 4)
(8, 24, 4)
(8, 25, 4)
(8, 26, 4)
(8, 27, 4)
(8, 28, 4)
(8, 29, 4)
(8, 30, 4)
(8, 31, 4)
(8, 32, 4)
(8, 33, 4)
(8, 34, 4)
(8, 35, 4)
(8, 36, 4)
(8, 37, 4)
(8, 38, 4)
(8, 39, 4)

(9, 0, 4)
(9, 1, 4)
(9, 2, 4)
(9, 3, 4)
(9, 4, 4)
(9, 5, 4)
(9, 6, 4)
(9, 7, 4)
(9, 8, 4)
(9, 9, 4)
(9, 10, 4)
(9, 11, 4)
(9, 12, 4)
(9, 13, 4)
(9, 14, 4)
(9, 15, 4)
(9, 16, 4)
(9, 17, 4)
(9, 18, 4)
(9, 19, 4)
(9, 20, 4)
(9, 21, 4)
(9, 22, 4)
(9, 23, 4)
(9, 24, 4)
(9, 25, 4)
(9, 26, 4)
(9, 27, 4)
(9, 28, 4)
(9, 29, 4)
(9, 30, 4)
(9, 31, 4)
(9, 32, 4)
(9, 33, 4)
(9, 34, 4)
(9, 35, 4)
(9, 36, 4)
(9, 37, 4)
(9, 38, 4)
(9, 39, 4)

(10, 0, 5)
(10, 1, 5)
(10, 2, 5)
(10, 3, 5)
(10, 4, 5)
(10, 5, 5)
(10, 6, 5)
(10, 7, 5)
(10, 8, 5)
(10, 9, 5)
(10, 10, 5)
(10, 11, 5)
(10, 12, 5)
(10, 13, 5)
(10, 14, 5)
(10, 15, 5)
(10, 16, 5)
(10, 17, 5)
(10, 18, 5)
(10, 19, 5)
(10, 20, 5)
(10, 21, 5)
(10, 22, 5)
(10, 23, 5)
(10, 24, 5)
(10, 25, 5)
(10, 26, 5)
(10, 27, 5)
(10, 28, 5)
(10, 29, 5)
(10, 30, 5)
(10, 31, 5)
(10, 32, 5)
(10, 33, 5)
(10, 34, 5)
(10, 35, 5)
(10, 36, 5)
(10, 37, 5)
(10, 38, 5)
(10, 39, 5)

(11, 0, 9)
(11, 1, 9)
(11, 2, 9)
(11, 3, 8)
(11, 4, 8)
(11, 5, 8)
(11, 6, 8)
(11, 7, 8)
(11, 8, 8)
(11, 9, 8)
(11, 10, 8)
(11, 11, 8)
(11, 12, 8)
(11, 13, 8)
(11, 14, 8)
(11, 15, 7)
(11, 16, 7)
(11, 17, 7)
(11, 18, 7)
(11, 19, 7)
(11, 20, 7)
(11, 21, 7)
(11, 22, 7)
(11, 23, 7)
(11, 24, 7)
(11, 25, 7)
(11, 26, 7)
(11, 27, 7)
(11, 28, 7)
(11, 29, 7)
(11, 30, 7)
(11, 31, 7)
(11, 32, 7)
(11, 33, 7)
(11, 34, 7)
(11, 35, 7)
(11, 36, 7)
(11, 37, 7)
(11, 38, 7)
(11, 39, 7)

(12, 0, 12)
(12, 1, 12)
(12, 2, 12)
(12, 3, 10)
(12, 4, 10)
(12, 5, 10)
(12, 6, 9)
(12, 7, 9)
(12, 8, 9)
(12, 9, 9)
(12, 10, 9)
(12, 11, 9)
(12, 12, 9)
(12, 13, 9)
(12, 14, 9)
(12, 15, 8)
(12, 16, 8)
(12, 17, 8)
(12, 18, 8)
(12, 19, 8)
(12, 20, 8)
(12, 21, 8)
(12, 22, 8)
(12, 23, 8)
(12, 24, 8)
(12, 25, 8)
(12, 26, 8)
(12, 27, 8)
(12, 28, 8)
(12, 29, 8)
(12, 30, 8)
(12, 31, 8)
(12, 32, 8)
(12, 33, 8)
(12, 34, 8)
(12, 35, 8)
(12, 36, 8)
(12, 37, 8)
(12, 38, 8)
(12, 39, 7)

(13, 0, 15)
(13, 1, 15)
(13, 2, 15)
(13, 3, 12)
(13, 4, 12)
(13, 5, 12)
(13, 6, 11)
(13, 7, 11)
(13, 8, 11)
(13, 9, 11)
(13, 10, 11)
(13, 11, 11)
(13, 12, 11)
(13, 13, 11)
(13, 14, 11)
(13, 15, 10)
(13, 16, 10)
(13, 17, 10)
(13, 18, 9)
(13, 19, 9)
(13, 20, 9)
(13, 21, 9)
(13, 22, 9)
(13, 23, 9)
(13, 24, 9)
(13, 25, 9)
(13, 26, 9)
(13, 27, 9)
(13, 28, 9)
(13, 29, 9)
(13, 30, 9)
(13, 31, 9)
(13, 32, 9)
(13, 33, 9)
(13, 34, 9)
(13, 35, 9)
(13, 36, 9)
(13, 37, 9)
(13, 38, 9)
(13, 39, 7)

(14, 0, 17)
(14, 1, 17)
(14, 2, 17)
(14, 3, 13)
(14, 4, 13)
(14, 5, 13)
(14, 6, 11)
(14, 7, 11)
(14, 8, 11)
(14, 9, 11)
(14, 10, 11)
(14, 11, 11)
(14, 12, 11)
(14, 13, 11)
(14, 14, 11)
(14, 15, 10)
(14, 16, 10)
(14, 17, 10)
(14, 18, 9)
(14, 19, 9)
(14, 20, 9)
(14, 21, 9)
(14, 22, 9)
(14, 23, 9)
(14, 24, 9)
(14, 25, 9)
(14, 26, 9)
(14, 27, 9)
(14, 28, 9)
(14, 29, 9)
(14, 30, 9)
(14, 31, 9)
(14, 32, 9)
(14, 33, 9)
(14, 34, 9)
(14, 35, 9)
(14, 36, 9)
(14, 37, 9)
(14, 38, 9)
(14, 39, 7)

(15, 0, 18)
(15, 1, 18)
(15, 2, 18)
(15, 3, 14)
(15, 4, 14)
(15, 5, 14)
(15, 6, 12)
(15, 7, 12)
(15, 8, 12)
(15, 9, 12)
(15, 10, 12)
(15, 11, 12)
(15, 12, 12)
(15, 13, 12)
(15, 14, 12)
(15, 15, 11)
(15, 16, 11)
(15, 17, 11)
(15, 18, 10)
(15, 19, 10)
(15, 20, 10)
(15, 21, 10)
(15, 22, 10)
(15, 23, 10)
(15, 24, 10)
(15, 25, 10)
(15, 26, 10)
(15, 27, 10)
(15, 28, 10)
(15, 29, 10)
(15, 30, 10)
(15, 31, 10)
(15, 32, 10)
(15, 33, 10)
(15, 34, 10)
(15, 35, 10)
(15, 36, 10)
(15, 37, 10)
(15, 38, 10)
(15, 39, 8)

(16, 0, 19)
(16, 1, 19)
(16, 2, 19)
(16, 3, 15)
(16, 4, 15)
(16, 5, 15)
(16, 6, 13)
(16, 7, 13)
(16, 8, 13)
(16, 9, 13)
(16, 10, 13)
(16, 11, 13)
(16, 12, 13)
(16, 13, 13)
(16, 14, 13)
(16, 15, 12)
(16, 16, 12)
(16, 17, 12)
(16, 18, 11)
(16, 19, 11)
(16, 20, 11)
(16, 21, 11)
(16, 22, 11)
(16, 23, 11)
(16, 24, 11)
(16, 25, 11)
(16, 26, 11)
(16, 27, 11)
(16, 28, 11)
(16, 29, 11)
(16, 30, 11)
(16, 31, 11)
(16, 32, 11)
(16, 33, 11)
(16, 34, 11)
(16, 35, 11)
(16, 36, 11)
(16, 37, 11)
(16, 38, 11)
(16, 39, 9)

(17, 0, 19)
(17, 1, 19)
(17, 2, 19)
(17, 3, 15)
(17, 4, 15)
(17, 5, 15)
(17, 6, 13)
(17, 7, 13)
(17, 8, 13)
(17, 9, 13)
(17, 10, 13)
(17, 11, 13)
(17, 12, 13)
(17, 13, 13)
(17, 14, 13)
(17, 15, 12)
(17, 16, 12)
(17, 17, 12)
(17, 18, 11)
(17, 19, 11)
(17, 20, 11)
(17, 21, 11)
(17, 22, 11)
(17, 23, 11)
(17, 24, 11)
(17, 25, 11)
(17, 26, 11)
(17, 27, 11)
(17, 28, 11)
(17, 29, 11)
(17, 30, 11)
(17, 31, 11)
(17, 32, 11)
(17, 33, 11)
(17, 34, 11)
(17, 35, 11)
(17, 36, 11)
(17, 37, 11)
(17, 38, 11)
(17, 39, 9)

(18, 0, 24)
(18, 1, 24)
(18, 2, 24)
(18, 3, 20)
(18, 4, 20)
(18, 5, 20)
(18, 6, 18)
(18, 7, 18)
(18, 8, 18)
(18, 9, 18)
(18, 10, 18)
(18, 11, 18)
(18, 12, 18)
(18, 13, 18)
(18, 14, 17)
(18, 15, 16)
(18, 16, 13)
(18, 17, 13)
(18, 18, 12)
(18, 19, 12)
(18, 20, 12)
(18, 21, 12)
(18, 22, 12)
(18, 23, 12)
(18, 24, 12)
(18, 25, 12)
(18, 26, 12)
(18, 27, 12)
(18, 28, 12)
(18, 29, 12)
(18, 30, 12)
(18, 31, 12)
(18, 32, 12)
(18, 33, 12)
(18, 34, 12)
(18, 35, 12)
(18, 36, 12)
(18, 37, 12)
(18, 38, 12)
(18, 39, 10)

(19, 0, 34)
(19, 1, 34)
(19, 2, 34)
(19, 3, 30)
(19, 4, 30)
(19, 5, 30)
(19, 6, 28)
(19, 7, 28)
(19, 8, 28)
(19, 9, 28)
(19, 10, 28)
(19, 11, 28)
(19, 12, 23)
(19, 13, 23)
(19, 14, 21)
(19, 15, 20)
(19, 16, 14)
(19, 17, 14)
(19, 18, 13)
(19, 19, 13)
(19, 20, 13)
(19, 21, 13)
(19, 22, 13)
(19, 23, 13)
(19, 24, 13)
(19, 25, 13)
(19, 26, 13)
(19, 27, 13)
(19, 28, 13)
(19, 29, 13)
(19, 30, 12)
(19, 31, 12)
(19, 32, 12)
(19, 33, 12)
(19, 34, 11)
(19, 35, 11)
(19, 36, 11)
(19, 37, 11)
(19, 38, 11)
(19, 39, 9)

(20, 0, 40)
(20, 1, 40)
(20, 2, 40)
(20, 3, 36)
(20, 4, 36)
(20, 5, 36)
(20, 6, 34)
(20, 7, 34)
(20, 8, 34)
(20, 9, 34)
(20, 10, 34)
(20, 11, 34)
(20, 12, 25)
(20, 13, 25)
(20, 14, 23)
(20, 15, 22)
(20, 16, 14)
(20, 17, 14)
(20, 18, 13)
(20, 19, 13)
(20, 20, 13)
(20, 21, 13)
(20, 22, 13)
(20, 23, 13)
(20, 24, 13)
(20, 25, 13)
(20, 26, 13)
(20, 27, 13)
(20, 28, 13)
(20, 29, 13)
(20, 30, 12)
(20, 31, 12)
(20, 32, 12)
(20, 33, 12)
(20, 34, 11)
(20, 35, 11)
(20, 36, 11)
(20, 37, 11)
(20, 38, 11)
(20, 39, 9)

(21, 0, 48)
(21, 1, 48)
(21, 2, 48)
(21, 3, 44)
(21, 4, 43)
(21, 5, 43)
(21, 6, 41)
(21, 7, 41)
(21, 8, 41)
(21, 9, 41)
(21, 10, 39)
(21, 11, 38)
(21, 12, 27)
(21, 13, 27)
(21, 14, 25)
(21, 15, 24)
(21, 16, 15)
(21, 17, 15)
(21, 18, 14)
(21, 19, 14)
(21, 20, 14)
(21, 21, 14)
(21, 22, 13)
(21, 23, 13)
(21, 24, 13)
(21, 25, 13)
(21, 26, 13)
(21, 27, 12)
(21, 28, 12)
(21, 29, 12)
(21, 30, 12)
(21, 31, 12)
(21, 32, 12)
(21, 33, 12)
(21, 34, 11)
(21, 35, 11)
(21, 36, 11)
(21, 37, 11)
(21, 38, 11)
(21, 39, 9)

(22, 0, 57)
(22, 1, 57)
(22, 2, 57)
(22, 3, 53)
(22, 4, 52)
(22, 5, 52)
(22, 6, 50)
(22, 7, 50)
(22, 8, 50)
(22, 9, 50)
(22, 10, 43)
(22, 11, 41)
(22, 12, 29)
(22, 13, 29)
(22, 14, 27)
(22, 15, 26)
(22, 16, 16)
(22, 17, 16)
(22, 18, 15)
(22, 19, 15)
(22, 20, 15)
(22, 21, 13)
(22, 22, 13)
(22, 23, 13)
(22, 24, 13)
(22, 25, 13)
(22, 26, 13)
(22, 27, 12)
(22, 28, 12)
(22, 29, 12)
(22, 30, 12)
(22, 31, 11)
(22, 32, 11)
(22, 33, 11)
(22, 34, 11)
(22, 35, 11)
(22, 36, 11)
(22, 37, 11)
(22, 38, 11)
(22, 39, 9)

(23, 0, 68)
(23, 1, 68)
(23, 2, 68)
(23, 3, 64)
(23, 4, 62)
(23, 5, 62)
(23, 6, 60)
(23, 7, 60)
(23, 8, 60)
(23, 9, 60)
(23, 10, 46)
(23, 11, 44)
(23, 12, 30)
(23, 13, 30)
(23, 14, 28)
(23, 15, 27)
(23, 16, 16)
(23, 17, 16)
(23, 18, 15)
(23, 19, 15)
(23, 20, 15)
(23, 21, 13)
(23, 22, 13)
(23, 23, 13)
(23, 24, 13)
(23, 25, 13)
(23, 26, 13)
(23, 27, 12)
(23, 28, 12)
(23, 29, 12)
(23, 30, 12)
(23, 31, 11)
(23, 32, 11)
(23, 33, 11)
(23, 34, 11)
(23, 35, 11)
(23, 36, 11)
(23, 37, 11)
(23, 38, 11)
(23, 39, 9)

(24, 0, 80)
(24, 1, 80)
(24, 2, 80)
(24, 3, 76)
(24, 4, 73)
(24, 5, 73)
(24, 6, 71)
(24, 7, 71)
(24, 8, 71)
(24, 9, 71)
(24, 10, 51)
(24, 11, 49)
(24, 12, 32)
(24, 13, 32)
(24, 14, 30)
(24, 15, 29)
(24, 16, 16)
(24, 17, 16)
(24, 18, 15)
(24, 19, 15)
(24, 20, 15)
(24, 21, 13)
(24, 22, 13)
(24, 23, 13)
(24, 24, 13)
(24, 25, 13)
(24, 26, 13)
(24, 27, 12)
(24, 28, 12)
(24, 29, 12)
(24, 30, 12)
(24, 31, 11)
(24, 32, 11)
(24, 33, 11)
(24, 34, 11)
(24, 35, 11)
(24, 36, 11)
(24, 37, 11)
(24, 38, 11)
(24, 39, 9)

(25, 0, 90)
(25, 1, 90)
(25, 2, 90)
(25, 3, 86)
(25, 4, 83)
(25, 5, 83)
(25, 6, 81)
(25, 7, 81)
(25, 8, 81)
(25, 9, 81)
(25, 10, 55)
(25, 11, 52)
(25, 12, 34)
(25, 13, 34)
(25, 14, 32)
(25, 15, 31)
(25, 16, 18)
(25, 17, 18)
(25, 18, 17)
(25, 19, 17)
(25, 20, 17)
(25, 21, 15)
(25, 22, 15)
(25, 23, 15)
(25, 24, 15)
(25, 25, 15)
(25, 26, 15)
(25, 27, 14)
(25, 28, 14)
(25, 29, 14)
(25, 30, 14)
(25, 31, 13)
(25, 32, 13)
(25, 33, 13)
(25, 34, 13)
(25, 35, 13)
(25, 36, 13)
(25, 37, 13)
(25, 38, 12)
(25, 39, 10)

(26, 0, 104)
(26, 1, 104)
(26, 2, 104)
(26, 3, 100)
(26, 4, 96)
(26, 5, 96)
(26, 6, 94)
(26, 7, 94)
(26, 8, 94)
(26, 9, 94)
(26, 10, 59)
(26, 11, 56)
(26, 12, 37)
(26, 13, 37)
(26, 14, 35)
(26, 15, 34)
(26, 16, 19)
(26, 17, 19)
(26, 18, 18)
(26, 19, 18)
(26, 20, 18)
(26, 21, 16)
(26, 22, 16)
(26, 23, 16)
(26, 24, 16)
(26, 25, 16)
(26, 26, 16)
(26, 27, 15)
(26, 28, 15)
(26, 29, 15)
(26, 30, 14)
(26, 31, 12)
(26, 32, 12)
(26, 33, 12)
(26, 34, 12)
(26, 35, 12)
(26, 36, 12)
(26, 37, 12)
(26, 38, 12)
(26, 39, 10)

(27, 0, 113)
(27, 1, 113)
(27, 2, 113)
(27, 3, 109)
(27, 4, 105)
(27, 5, 105)
(27, 6, 103)
(27, 7, 103)
(27, 8, 103)
(27, 9, 103)
(27, 10, 62)
(27, 11, 58)
(27, 12, 38)
(27, 13, 38)
(27, 14, 36)
(27, 15, 35)
(27, 16, 19)
(27, 17, 19)
(27, 18, 18)
(27, 19, 18)
(27, 20, 18)
(27, 21, 16)
(27, 22, 16)
(27, 23, 16)
(27, 24, 16)
(27, 25, 16)
(27, 26, 16)
(27, 27, 15)
(27, 28, 15)
(27, 29, 15)
(27, 30, 14)
(27, 31, 12)
(27, 32, 12)
(27, 33, 12)
(27, 34, 12)
(27, 35, 12)
(27, 36, 12)
(27, 37, 12)
(27, 38, 12)
(27, 39, 10)

(28, 0, 121)
(28, 1, 121)
(28, 2, 121)
(28, 3, 117)
(28, 4, 113)
(28, 5, 113)
(28, 6, 111)
(28, 7, 111)
(28, 8, 111)
(28, 9, 111)
(28, 10, 65)
(28, 11, 61)
(28, 12, 40)
(28, 13, 40)
(28, 14, 37)
(28, 15, 36)
(28, 16, 19)
(28, 17, 19)
(28, 18, 18)
(28, 19, 18)
(28, 20, 18)
(28, 21, 16)
(28, 22, 16)
(28, 23, 16)
(28, 24, 16)
(28, 25, 16)
(28, 26, 16)
(28, 27, 14)
(28, 28, 14)
(28, 29, 14)
(28, 30, 14)
(28, 31, 12)
(28, 32, 12)
(28, 33, 12)
(28, 34, 12)
(28, 35, 12)
(28, 36, 12)
(28, 37, 12)
(28, 38, 12)
(28, 39, 10)

(29, 0, 131)
(29, 1, 131)
(29, 2, 131)
(29, 3, 127)
(29, 4, 123)
(29, 5, 123)
(29, 6, 121)
(29, 7, 121)
(29, 8, 121)
(29, 9, 121)
(29, 10, 68)
(29, 11, 64)
(29, 12, 42)
(29, 13, 42)
(29, 14, 38)
(29, 15, 37)
(29, 16, 19)
(29, 17, 19)
(29, 18, 18)
(29, 19, 18)
(29, 20, 18)
(29, 21, 16)
(29, 22, 16)
(29, 23, 16)
(29, 24, 16)
(29, 25, 16)
(29, 26, 16)
(29, 27, 14)
(29, 28, 14)
(29, 29, 14)
(29, 30, 14)
(29, 31, 12)
(29, 32, 12)
(29, 33, 12)
(29, 34, 12)
(29, 35, 12)
(29, 36, 12)
(29, 37, 12)
(29, 38, 12)
(29, 39, 10)

(30, 0, 142)
(30, 1, 142)
(30, 2, 139)
(30, 3, 135)
(30, 4, 131)
(30, 5, 131)
(30, 6, 129)
(30, 7, 129)
(30, 8, 129)
(30, 9, 129)
(30, 10, 71)
(30, 11, 67)
(30, 12, 43)
(30, 13, 43)
(30, 14, 39)
(30, 15, 38)
(30, 16, 20)
(30, 17, 20)
(30, 18, 19)
(30, 19, 19)
(30, 20, 19)
(30, 21, 17)
(30, 22, 17)
(30, 23, 17)
(30, 24, 17)
(30, 25, 17)
(30, 26, 17)
(30, 27, 15)
(30, 28, 15)
(30, 29, 15)
(30, 30, 15)
(30, 31, 13)
(30, 32, 13)
(30, 33, 13)
(30, 34, 13)
(30, 35, 13)
(30, 36, 13)
(30, 37, 12)
(30, 38, 12)
(30, 39, 10)

(31, 0, 158)
(31, 1, 157)
(31, 2, 148)
(31, 3, 144)
(31, 4, 138)
(31, 5, 138)
(31, 6, 136)
(31, 7, 136)
(31, 8, 136)
(31, 9, 136)
(31, 10, 74)
(31, 11, 70)
(31, 12, 44)
(31, 13, 44)
(31, 14, 40)
(31, 15, 39)
(31, 16, 21)
(31, 17, 20)
(31, 18, 19)
(31, 19, 19)
(31, 20, 19)
(31, 21, 17)
(31, 22, 17)
(31, 23, 17)
(31, 24, 17)
(31, 25, 17)
(31, 26, 17)
(31, 27, 15)
(31, 28, 15)
(31, 29, 15)
(31, 30, 15)
(31, 31, 13)
(31, 32, 13)
(31, 33, 13)
(31, 34, 13)
(31, 35, 13)
(31, 36, 13)
(31, 37, 12)
(31, 38, 12)
(31, 39, 10)

(32, 0, 188)
(32, 1, 185)
(32, 2, 155)
(32, 3, 150)
(32, 4, 143)
(32, 5, 143)
(32, 6, 141)
(32, 7, 139)
(32, 8, 138)
(32, 9, 138)
(32, 10, 73)
(32, 11, 69)
(32, 12, 43)
(32, 13, 43)
(32, 14, 39)
(32, 15, 38)
(32, 16, 20)
(32, 17, 20)
(32, 18, 19)
(32, 19, 19)
(32, 20, 19)
(32, 21, 17)
(32, 22, 17)
(32, 23, 17)
(32, 24, 17)
(32, 25, 17)
(32, 26, 17)
(32, 27, 15)
(32, 28, 15)
(32, 29, 15)
(32, 30, 15)
(32, 31, 13)
(32, 32, 12)
(32, 33, 11)
(32, 34, 11)
(32, 35, 11)
(32, 36, 11)
(32, 37, 11)
(32, 38, 11)
(32, 39, 9)

(33, 0, 209)
(33, 1, 204)
(33, 2, 160)
(33, 3, 154)
(33, 4, 144)
(33, 5, 144)
(33, 6, 140)
(33, 7, 140)
(33, 8, 140)
(33, 9, 140)
(33, 10, 73)
(33, 11, 69)
(33, 12, 43)
(33, 13, 43)
(33, 14, 39)
(33, 15, 38)
(33, 16, 20)
(33, 17, 20)
(33, 18, 19)
(33, 19, 19)
(33, 20, 19)
(33, 21, 17)
(33, 22, 17)
(33, 23, 17)
(33, 24, 17)
(33, 25, 17)
(33, 26, 17)
(33, 27, 15)
(33, 28, 15)
(33, 29, 15)
(33, 30, 15)
(33, 31, 12)
(33, 32, 12)
(33, 33, 11)
(33, 34, 11)
(33, 35, 11)
(33, 36, 11)
(33, 37, 11)
(33, 38, 11)
(33, 39, 9)

(34, 0, 223)
(34, 1, 217)
(34, 2, 158)
(34, 3, 152)
(34, 4, 144)
(34, 5, 143)
(34, 6, 140)
(34, 7, 140)
(34, 8, 140)
(34, 9, 140)
(34, 10, 73)
(34, 11, 69)
(34, 12, 43)
(34, 13, 43)
(34, 14, 39)
(34, 15, 38)
(34, 16, 20)
(34, 17, 20)
(34, 18, 19)
(34, 19, 19)
(34, 20, 19)
(34, 21, 17)
(34, 22, 17)
(34, 23, 17)
(34, 24, 17)
(34, 25, 17)
(34, 26, 17)
(34, 27, 15)
(34, 28, 15)
(34, 29, 15)
(34, 30, 15)
(34, 31, 12)
(34, 32, 12)
(34, 33, 11)
(34, 34, 11)
(34, 35, 11)
(34, 36, 11)
(34, 37, 11)
(34, 38, 11)
(34, 39, 9)

(35, 0, 229)
(35, 1, 223)
(35, 2, 160)
(35, 3, 154)
(35, 4, 146)
(35, 5, 145)
(35, 6, 142)
(35, 7, 142)
(35, 8, 142)
(35, 9, 142)
(35, 10, 73)
(35, 11, 69)
(35, 12, 43)
(35, 13, 43)
(35, 14, 39)
(35, 15, 38)
(35, 16, 20)
(35, 17, 20)
(35, 18, 19)
(35, 19, 19)
(35, 20, 19)
(35, 21, 17)
(35, 22, 17)
(35, 23, 17)
(35, 24, 17)
(35, 25, 17)
(35, 26, 17)
(35, 27, 15)
(35, 28, 15)
(35, 29, 15)
(35, 30, 15)
(35, 31, 12)
(35, 32, 12)
(35, 33, 11)
(35, 34, 11)
(35, 35, 11)
(35, 36, 11)
(35, 37, 11)
(35, 38, 11)
(35, 39, 9)

(36, 0, 229)
(36, 1, 223)
(36, 2, 160)
(36, 3, 154)
(36, 4, 146)
(36, 5, 145)
(36, 6, 142)
(36, 7, 142)
(36, 8, 142)
(36, 9, 142)
(36, 10, 73)
(36, 11, 69)
(36, 12, 43)
(36, 13, 43)
(36, 14, 39)
(36, 15, 38)
(36, 16, 20)
(36, 17, 20)
(36, 18, 19)
(36, 19, 19)
(36, 20, 19)
(36, 21, 17)
(36, 22, 17)
(36, 23, 17)
(36, 24, 17)
(36, 25, 17)
(36, 26, 17)
(36, 27, 15)
(36, 28, 15)
(36, 29, 15)
(36, 30, 15)
(36, 31, 12)
(36, 32, 12)
(36, 33, 11)
(36, 34, 11)
(36, 35, 11)
(36, 36, 11)
(36, 37, 11)
(36, 38, 11)
(36, 39, 9)

(37, 0, 231)
(37, 1, 225)
(37, 2, 162)
(37, 3, 156)
(37, 4, 148)
(37, 5, 147)
(37, 6, 144)
(37, 7, 144)
(37, 8, 144)
(37, 9, 144)
(37, 10, 73)
(37, 11, 69)
(37, 12, 43)
(37, 13, 43)
(37, 14, 39)
(37, 15, 38)
(37, 16, 20)
(37, 17, 20)
(37, 18, 19)
(37, 19, 19)
(37, 20, 19)
(37, 21, 17)
(37, 22, 17)
(37, 23, 17)
(37, 24, 17)
(37, 25, 17)
(37, 26, 17)
(37, 27, 15)
(37, 28, 15)
(37, 29, 15)
(37, 30, 15)
(37, 31, 12)
(37, 32, 12)
(37, 33, 11)
(37, 34, 11)
(37, 35, 11)
(37, 36, 11)
(37, 37, 11)
(37, 38, 11)
(37, 39, 9)

(38, 0, 231)
(38, 1, 225)
(38, 2, 162)
(38, 3, 156)
(38, 4, 148)
(38, 5, 147)
(38, 6, 144)
(38, 7, 144)
(38, 8, 144)
(38, 9, 144)
(38, 10, 73)
(38, 11, 69)
(38, 12, 43)
(38, 13, 43)
(38, 14, 39)
(38, 15, 38)
(38, 16, 20)
(38, 17, 20)
(38, 18, 19)
(38, 19, 19)
(38, 20, 19)
(38, 21, 17)
(38, 22, 17)
(38, 23, 17)
(38, 24, 17)
(38, 25, 17)
(38, 26, 17)
(38, 27, 15)
(38, 28, 15)
(38, 29, 15)
(38, 30, 15)
(38, 31, 12)
(38, 32, 12)
(38, 33, 11)
(38, 34, 11)
(38, 35, 11)
(38, 36, 11)
(38, 37, 11)
(38, 38, 11)
(38, 39, 9)

(39, 0, 233)
(39, 1, 227)
(39, 2, 164)
(39, 3, 158)
(39, 4, 150)
(39, 5, 149)
(39, 6, 146)
(39, 7, 146)
(39, 8, 146)
(39, 9, 146)
(39, 10, 73)
(39, 11, 69)
(39, 12, 43)
(39, 13, 43)
(39, 14, 39)
(39, 15, 38)
(39, 16, 20)
(39, 17, 20)
(39, 18, 19)
(39, 19, 19)
(39, 20, 19)
(39, 21, 17)
(39, 22, 17)
(39, 23, 17)
(39, 24, 17)
(39, 25, 17)
(39, 26, 17)
(39, 27, 15)
(39, 28, 15)
(39, 29, 15)
(39, 30, 15)
(39, 31, 12)
(39, 32, 12)
(39, 33, 11)
(39, 34, 11)
(39, 35, 11)
(39, 36, 11)
(39, 37, 11)
(39, 38, 11)
(39, 39, 9)


Betti numbers:
xi_0:
(0, 0, 1)
(5, 0, 2)
(8, 0, 1)
(10, 0, 1)
(11, 0, 4)
(12, 0, 3)
(13, 0, 3)
(14, 0, 2)
(15, 0, 1)
(16, 0, 1)
(18, 0, 5)
(19, 0, 10)
(20, 0, 6)
(21, 0, 8)
(22, 0, 9)
(23, 0, 11)
(24, 0, 12)
(25, 0, 10)
(26, 0, 14)
(27, 0, 9)
(28, 0, 8)
(29, 0, 10)
(30, 0, 11)
(31, 0, 16)
(32, 0, 30)
(33, 0, 21)
(34, 0, 14)
(35, 0, 6)
(37, 0, 2)
(39, 0, 2)
xi_1:
(11, 3, 1)
(11, 15, 1)
(12, 3, 1)
(12, 6, 1)
(12, 39, 1)
(13, 3, 1)
(13, 18, 1)
(13, 39, 1)
(14, 3, 1)
(14, 6, 1)
(18, 14, 1)
(18, 16, 3)
(19, 12, 5)
(19, 14, 1)
(19, 16, 3)
(19, 30, 1)
(19, 34, 1)
(20, 12, 4)
(20, 16, 2)
(21, 4, 1)
(21, 10, 2)
(21, 11, 1)
(21, 12, 2)
(21, 16, 1)
(21, 22, 1)
(21, 27, 1)
(22, 10, 5)
(22, 11, 1)
(22, 12, 1)
(22, 16, 1)
(22, 21, 2)
(22, 31, 1)
(23, 4, 1)
(23, 10, 7)
(23, 12, 2)
(23, 16, 1)
(24, 4, 1)
(24, 10, 6)
(24, 12, 3)
(24, 16, 2)
(25, 10, 6)
(25, 11, 1)
(25, 12, 1)
(25, 38, 1)
(26, 4, 1)
(26, 10, 9)
(26, 12, 1)
(26, 16, 2)
(26, 30, 1)
(26, 31, 1)
(27, 10, 6)
(27, 11, 1)
(27, 12, 1)
(27, 16, 1)
(28, 10, 5)
(28, 12, 1)
(28, 14, 1)
(28, 16, 1)
(28, 27, 1)
(29, 10, 7)
(29, 12, 1)
(29, 14, 1)
(29, 16, 1)
(30, 2, 3)
(30, 10, 5)
(30, 12, 2)
(30, 37, 1)
(31, 1, 1)
(31, 2, 6)
(31, 4, 2)
(31, 10, 4)
(31, 12, 2)
(31, 17, 1)
(32, 1, 2)
(32, 2, 21)
(32, 3, 1)
(32, 4, 1)
(32, 7, 2)
(32, 8, 1)
(32, 10, 3)
(32, 32, 1)
(32, 33, 1)
(33, 1, 2)
(33, 2, 14)
(33, 3, 1)
(33, 4, 3)
(33, 6, 2)
(33, 10, 2)
(33, 31, 1)
(34, 1, 1)
(34, 2, 15)
(34, 3, 1)
(34, 5, 1)
(35, 2, 4)
(35, 10, 2)
(37, 10, 2)
(39, 10, 2)
xi_2:
(21, 30, 1)
(22, 22, 1)
(22, 34, 1)
(26, 38, 1)
(28, 30, 1)
(32, 17, 1)
(32, 37, 1)
(33, 7, 2)
(33, 8, 1)
(33, 32, 1)
(34, 3, 1)
(34, 4, 2)
(34, 6, 1)
