x-grades
-86308915178994717/40000000000000000
-42575317980094807/20000000000000000
-83992356741384511/40000000000000000
-5177129845161213/2500000000000000
-16335159660754861/8000000000000000
-40258759542484601/20000000000000000
-79359239866164099/40000000000000000
-19550240161839749/10000000000000000
-77042681428553893/40000000000000000
-7588440220974879/4000000000000000
-74726122990943687/40000000000000000
-9195980471517323/5000000000000000
-72409564553333481/40000000000000000
-35625642667264189/20000000000000000
-2803720244628931/1600000000000000
-17233681724229543/10000000000000000
-67776447678113069/40000000000000000
-33309084229653983/20000000000000000
-65459889240502863/40000000000000000
-401885062635611/250000000000000
-63143330802892657/40000000000000000
-30992525792043777/20000000000000000
-60826772365282451/40000000000000000
-14917123286619337/10000000000000000
-11702042785534449/8000000000000000
-28675967354433571/20000000000000000
-56193655490062039/40000000000000000
-6879422033907117/5000000000000000
-53877097052451833/40000000000000000
-5271881783364673/4000000000000000
-51560538614841627/40000000000000000
-12600564849009131/10000000000000000
-49243980177231421/40000000000000000
-24042850479213159/20000000000000000
-9385484347924243/8000000000000000
-2860571407551007/2500000000000000
-44610863302011009/40000000000000000
-21726292041602953/20000000000000000
-42294304864400803/40000000000000000
-411360256455957/400000000000000

y-grades
4999533/20000000
4999533/10000000
14998599/20000000
4999533/5000000
4999533/4000000
14998599/10000000
34996731/20000000
4999533/2500000
44995797/20000000
4999533/2000000
54994863/20000000
14998599/5000000
64993929/20000000
34996731/10000000
14998599/4000000
4999533/1250000
84992061/20000000
44995797/10000000
94991127/20000000
4999533/1000000
104990193/20000000
54994863/10000000
114989259/20000000
14998599/2500000
4999533/800000
64993929/10000000
134987391/20000000
34996731/5000000
144986457/20000000
14998599/2000000
154985523/20000000
4999533/625000
164984589/20000000
84992061/10000000
34996731/4000000
44995797/5000000
184982721/20000000
94991127/10000000
194981787/20000000
4999533/500000

Dimensions > 0:
(0, 0, 4)
(0, 1, 4)
(0, 2, 3)
(0, 3, 2)
(0, 4, 2)
(0, 5, 2)
(0, 6, 2)
(0, 7, 2)
(0, 8, 1)
(0, 9, 1)
(0, 10, 1)
(0, 11, 1)
(0, 12, 1)
(0, 13, 1)
(0, 14, 1)
(0, 15, 1)
(0, 16, 1)
(0, 17, 1)
(0, 18, 1)
(0, 19, 1)
(0, 20, 1)
(0, 21, 1)
(0, 22, 1)
(0, 23, 1)
(0, 24, 1)
(0, 25, 1)
(0, 26, 1)
(0, 27, 1)
(0, 28, 1)
(0, 29, 1)
(0, 30, 1)
(0, 31, 1)
(0, 32, 1)
(0, 33, 1)
(0, 34, 1)
(0, 35, 1)
(0, 36, 1)
(0, 37, 1)
(0, 38, 1)
(0, 39, 1)

(1, 0, 9)
(1, 1, 7)
(1, 2, 6)
(1, 3, 5)
(1, 4, 4)
(1, 5, 4)
(1, 6, 4)
(1, 7, 4)
(1, 8, 2)
(1, 9, 2)
(1, 10, 2)
(1, 11, 2)
(1, 12, 2)
(1, 13, 2)
(1, 14, 2)
(1, 15, 2)
(1, 16, 2)
(1, 17, 2)
(1, 18, 2)
(1, 19, 2)
(1, 20, 2)
(1, 21, 2)
(1, 22, 2)
(1, 23, 2)
(1, 24, 2)
(1, 25, 2)
(1, 26, 2)
(1, 27, 2)
(1, 28, 2)
(1, 29, 2)
(1, 30, 2)
(1, 31, 2)
(1, 32, 2)
(1, 33, 2)
(1, 34, 2)
(1, 35, 2)
(1, 36, 2)
(1, 37, 2)
(1, 38, 2)
(1, 39, 2)

(2, 0, 18)
(2, 1, 13)
(2, 2, 11)
(2, 3, 7)
(2, 4, 4)
(2, 5, 4)
(2, 6, 3)
(2, 7, 3)
(2, 8, 2)
(2, 9, 2)
(2, 10, 2)
(2, 11, 2)
(2, 12, 2)
(2, 13, 2)
(2, 14, 2)
(2, 15, 2)
(2, 16, 2)
(2, 17, 2)
(2, 18, 2)
(2, 19, 2)
(2, 20, 2)
(2, 21, 2)
(2, 22, 2)
(2, 23, 2)
(2, 24, 2)
(2, 25, 2)
(2, 26, 2)
(2, 27, 2)
(2, 28, 2)
(2, 29, 2)
(2, 30, 2)
(2, 31, 2)
(2, 32, 2)
(2, 33, 2)
(2, 34, 2)
(2, 35, 2)
(2, 36, 2)
(2, 37, 2)
(2, 38, 2)
(2, 39, 2)

(3, 0, 22)
(3, 1, 17)
(3, 2, 12)
(3, 3, 8)
(3, 4, 5)
(3, 5, 5)
(3, 6, 3)
(3, 7, 3)
(3, 8, 2)
(3, 9, 2)
(3, 10, 2)
(3, 11, 2)
(3, 12, 2)
(3, 13, 2)
(3, 14, 2)
(3, 15, 2)
(3, 16, 2)
(3, 17, 2)
(3, 18, 2)
(3, 19, 2)
(3, 20, 2)
(3, 21, 2)
(3, 22, 2)
(3, 23, 2)
(3, 24, 2)
(3, 25, 2)
(3, 26, 2)
(3, 27, 2)
(3, 28, 2)
(3, 29, 2)
(3, 30, 2)
(3, 31, 2)
(3, 32, 2)
(3, 33, 2)
(3, 34, 2)
(3, 35, 2)
(3, 36, 2)
(3, 37, 2)
(3, 38, 2)
(3, 39, 2)

(4, 0, 27)
(4, 1, 19)
(4, 2, 13)
(4, 3, 9)
(4, 4, 5)
(4, 5, 4)
(4, 6, 3)
(4, 7, 3)
(4, 8, 2)
(4, 9, 2)
(4, 10, 2)
(4, 11, 2)
(4, 12, 2)
(4, 13, 2)
(4, 14, 2)
(4, 15, 2)
(4, 16, 2)
(4, 17, 2)
(4, 18, 2)
(4, 19, 2)
(4, 20, 2)
(4, 21, 2)
(4, 22, 2)
(4, 23, 2)
(4, 24, 2)
(4, 25, 2)
(4, 26, 2)
(4, 27, 2)
(4, 28, 2)
(4, 29, 2)
(4, 30, 2)
(4, 31, 2)
(4, 32, 2)
(4, 33, 2)
(4, 34, 2)
(4, 35, 2)
(4, 36, 2)
(4, 37, 2)
(4, 38, 2)
(4, 39, 2)

(5, 0, 33)
(5, 1, 24)
(5, 2, 16)
(5, 3, 10)
(5, 4, 6)
(5, 5, 5)
(5, 6, 4)
(5, 7, 4)
(5, 8, 3)
(5, 9, 3)
(5, 10, 3)
(5, 11, 3)
(5, 12, 3)
(5, 13, 3)
(5, 14, 3)
(5, 15, 3)
(5, 16, 3)
(5, 17, 3)
(5, 18, 3)
(5, 19, 3)
(5, 20, 3)
(5, 21, 3)
(5, 22, 3)
(5, 23, 3)
(5, 24, 3)
(5, 25, 3)
(5, 26, 3)
(5, 27, 3)
(5, 28, 3)
(5, 29, 3)
(5, 30, 3)
(5, 31, 3)
(5, 32, 3)
(5, 33, 3)
(5, 34, 3)
(5, 35, 3)
(5, 36, 3)
(5, 37, 3)
(5, 38, 3)
(5, 39, 3)

(6, 0, 42)
(6, 1, 28)
(6, 2, 18)
(6, 3, 14)
(6, 4, 10)
(6, 5, 8)
(6, 6, 6)
(6, 7, 5)
(6, 8, 4)
(6, 9, 4)
(6, 10, 4)
(6, 11, 4)
(6, 12, 4)
(6, 13, 4)
(6, 14, 4)
(6, 15, 4)
(6, 16, 4)
(6, 17, 4)
(6, 18, 4)
(6, 19, 4)
(6, 20, 4)
(6, 21, 4)
(6, 22, 4)
(6, 23, 4)
(6, 24, 4)
(6, 25, 4)
(6, 26, 4)
(6, 27, 4)
(6, 28, 4)
(6, 29, 4)
(6, 30, 4)
(6, 31, 4)
(6, 32, 4)
(6, 33, 4)
(6, 34, 4)
(6, 35, 4)
(6, 36, 4)
(6, 37, 4)
(6, 38, 4)
(6, 39, 4)

(7, 0, 56)
(7, 1, 33)
(7, 2, 21)
(7, 3, 17)
(7, 4, 11)
(7, 5, 9)
(7, 6, 7)
(7, 7, 6)
(7, 8, 5)
(7, 9, 5)
(7, 10, 5)
(7, 11, 5)
(7, 12, 5)
(7, 13, 5)
(7, 14, 5)
(7, 15, 5)
(7, 16, 5)
(7, 17, 5)
(7, 18, 5)
(7, 19, 5)
(7, 20, 5)
(7, 21, 5)
(7, 22, 4)
(7, 23, 4)
(7, 24, 4)
(7, 25, 4)
(7, 26, 4)
(7, 27, 4)
(7, 28, 4)
(7, 29, 4)
(7, 30, 4)
(7, 31, 4)
(7, 32, 4)
(7, 33, 4)
(7, 34, 4)
(7, 35, 4)
(7, 36, 4)
(7, 37, 4)
(7, 38, 4)
(7, 39, 4)

(8, 0, 78)
(8, 1, 40)
(8, 2, 23)
(8, 3, 19)
(8, 4, 13)
(8, 5, 11)
(8, 6, 9)
(8, 7, 8)
(8, 8, 7)
(8, 9, 7)
(8, 10, 7)
(8, 11, 7)
(8, 12, 7)
(8, 13, 7)
(8, 14, 7)
(8, 15, 7)
(8, 16, 7)
(8, 17, 7)
(8, 18, 6)
(8, 19, 6)
(8, 20, 6)
(8, 21, 6)
(8, 22, 4)
(8, 23, 4)
(8, 24, 4)
(8, 25, 4)
(8, 26, 4)
(8, 27, 4)
(8, 28, 4)
(8, 29, 4)
(8, 30, 4)
(8, 31, 4)
(8, 32, 4)
(8, 33, 4)
(8, 34, 4)
(8, 35, 3)
(8, 36, 3)
(8, 37, 3)
(8, 38, 3)
(8, 39, 3)

(9, 0, 98)
(9, 1, 47)
(9, 2, 28)
(9, 3, 23)
(9, 4, 17)
(9, 5, 14)
(9, 6, 12)
(9, 7, 11)
(9, 8, 10)
(9, 9, 10)
(9, 10, 10)
(9, 11, 10)
(9, 12, 10)
(9, 13, 9)
(9, 14, 9)
(9, 15, 9)
(9, 16, 9)
(9, 17, 9)
(9, 18, 8)
(9, 19, 8)
(9, 20, 8)
(9, 21, 8)
(9, 22, 6)
(9, 23, 6)
(9, 24, 6)
(9, 25, 6)
(9, 26, 6)
(9, 27, 6)
(9, 28, 6)
(9, 29, 6)
(9, 30, 6)
(9, 31, 6)
(9, 32, 6)
(9, 33, 6)
(9, 34, 6)
(9, 35, 5)
(9, 36, 5)
(9, 37, 5)
(9, 38, 5)
(9, 39, 5)

(10, 0, 107)
(10, 1, 54)
(10, 2, 35)
(10, 3, 30)
(10, 4, 23)
(10, 5, 18)
(10, 6, 16)
(10, 7, 15)
(10, 8, 13)
(10, 9, 13)
(10, 10, 13)
(10, 11, 13)
(10, 12, 13)
(10, 13, 12)
(10, 14, 12)
(10, 15, 12)
(10, 16, 12)
(10, 17, 12)
(10, 18, 11)
(10, 19, 11)
(10, 20, 10)
(10, 21, 10)
(10, 22, 6)
(10, 23, 6)
(10, 24, 6)
(10, 25, 6)
(10, 26, 6)
(10, 27, 6)
(10, 28, 6)
(10, 29, 6)
(10, 30, 6)
(10, 31, 6)
(10, 32, 6)
(10, 33, 6)
(10, 34, 6)
(10, 35, 5)
(10, 36, 5)
(10, 37, 5)
(10, 38, 5)
(10, 39, 5)

(11, 0, 112)
(11, 1, 59)
(11, 2, 39)
(11, 3, 34)
(11, 4, 27)
(11, 5, 22)
(11, 6, 19)
(11, 7, 18)
(11, 8, 16)
(11, 9, 16)
(11, 10, 16)
(11, 11, 16)
(11, 12, 16)
(11, 13, 15)
(11, 14, 15)
(11, 15, 15)
(11, 16, 15)
(11, 17, 15)
(11, 18, 14)
(11, 19, 14)
(11, 20, 13)
(11, 21, 13)
(11, 22, 9)
(11, 23, 8)
(11, 24, 7)
(11, 25, 7)
(11, 26, 6)
(11, 27, 6)
(11, 28, 5)
(11, 29, 5)
(11, 30, 5)
(11, 31, 5)
(11, 32, 5)
(11, 33, 5)
(11, 34, 5)
(11, 35, 4)
(11, 36, 4)
(11, 37, 4)
(11, 38, 4)
(11, 39, 4)

(12, 0, 116)
(12, 1, 62)
(12, 2, 42)
(12, 3, 36)
(12, 4, 29)
(12, 5, 24)
(12, 6, 21)
(12, 7, 20)
(12, 8, 18)
(12, 9, 18)
(12, 10, 18)
(12, 11, 18)
(12, 12, 18)
(12, 13, 17)
(12, 14, 17)
(12, 15, 17)
(12, 16, 17)
(12, 17, 17)
(12, 18, 16)
(12, 19, 16)
(12, 20, 15)
(12, 21, 14)
(12, 22, 10)
(12, 23, 9)
(12, 24, 8)
(12, 25, 8)
(12, 26, 7)
(12, 27, 6)
(12, 28, 6)
(12, 29, 6)
(12, 30, 6)
(12, 31, 6)
(12, 32, 6)
(12, 33, 6)
(12, 34, 6)
(12, 35, 5)
(12, 36, 5)
(12, 37, 5)
(12, 38, 5)
(12, 39, 5)

(13, 0, 119)
(13, 1, 65)
(13, 2, 45)
(13, 3, 39)
(13, 4, 32)
(13, 5, 27)
(13, 6, 23)
(13, 7, 22)
(13, 8, 20)
(13, 9, 20)
(13, 10, 20)
(13, 11, 20)
(13, 12, 20)
(13, 13, 19)
(13, 14, 19)
(13, 15, 19)
(13, 16, 19)
(13, 17, 19)
(13, 18, 18)
(13, 19, 18)
(13, 20, 17)
(13, 21, 16)
(13, 22, 11)
(13, 23, 10)
(13, 24, 9)
(13, 25, 9)
(13, 26, 7)
(13, 27, 6)
(13, 28, 6)
(13, 29, 6)
(13, 30, 6)
(13, 31, 6)
(13, 32, 6)
(13, 33, 6)
(13, 34, 6)
(13, 35, 5)
(13, 36, 5)
(13, 37, 5)
(13, 38, 5)
(13, 39, 5)

(14, 0, 122)
(14, 1, 68)
(14, 2, 47)
(14, 3, 41)
(14, 4, 33)
(14, 5, 28)
(14, 6, 24)
(14, 7, 23)
(14, 8, 20)
(14, 9, 20)
(14, 10, 20)
(14, 11, 20)
(14, 12, 20)
(14, 13, 19)
(14, 14, 19)
(14, 15, 19)
(14, 16, 19)
(14, 17, 19)
(14, 18, 18)
(14, 19, 18)
(14, 20, 17)
(14, 21, 16)
(14, 22, 11)
(14, 23, 10)
(14, 24, 9)
(14, 25, 9)
(14, 26, 7)
(14, 27, 6)
(14, 28, 6)
(14, 29, 6)
(14, 30, 6)
(14, 31, 6)
(14, 32, 6)
(14, 33, 6)
(14, 34, 6)
(14, 35, 5)
(14, 36, 5)
(14, 37, 5)
(14, 38, 5)
(14, 39, 5)

(15, 0, 138)
(15, 1, 81)
(15, 2, 57)
(15, 3, 49)
(15, 4, 40)
(15, 5, 35)
(15, 6, 30)
(15, 7, 28)
(15, 8, 26)
(15, 9, 25)
(15, 10, 25)
(15, 11, 25)
(15, 12, 25)
(15, 13, 24)
(15, 14, 24)
(15, 15, 24)
(15, 16, 24)
(15, 17, 24)
(15, 18, 23)
(15, 19, 23)
(15, 20, 22)
(15, 21, 21)
(15, 22, 16)
(15, 23, 14)
(15, 24, 12)
(15, 25, 12)
(15, 26, 10)
(15, 27, 9)
(15, 28, 8)
(15, 29, 8)
(15, 30, 8)
(15, 31, 8)
(15, 32, 8)
(15, 33, 8)
(15, 34, 8)
(15, 35, 7)
(15, 36, 7)
(15, 37, 7)
(15, 38, 7)
(15, 39, 7)

(16, 0, 160)
(16, 1, 97)
(16, 2, 69)
(16, 3, 57)
(16, 4, 45)
(16, 5, 40)
(16, 6, 33)
(16, 7, 29)
(16, 8, 27)
(16, 9, 27)
(16, 10, 27)
(16, 11, 26)
(16, 12, 26)
(16, 13, 25)
(16, 14, 25)
(16, 15, 25)
(16, 16, 25)
(16, 17, 25)
(16, 18, 24)
(16, 19, 24)
(16, 20, 23)
(16, 21, 22)
(16, 22, 16)
(16, 23, 14)
(16, 24, 13)
(16, 25, 13)
(16, 26, 10)
(16, 27, 8)
(16, 28, 7)
(16, 29, 7)
(16, 30, 7)
(16, 31, 7)
(16, 32, 7)
(16, 33, 7)
(16, 34, 7)
(16, 35, 6)
(16, 36, 6)
(16, 37, 6)
(16, 38, 6)
(16, 39, 6)

(17, 0, 177)
(17, 1, 110)
(17, 2, 72)
(17, 3, 58)
(17, 4, 46)
(17, 5, 40)
(17, 6, 33)
(17, 7, 30)
(17, 8, 28)
(17, 9, 28)
(17, 10, 27)
(17, 11, 26)
(17, 12, 26)
(17, 13, 25)
(17, 14, 25)
(17, 15, 25)
(17, 16, 25)
(17, 17, 25)
(17, 18, 24)
(17, 19, 24)
(17, 20, 23)
(17, 21, 22)
(17, 22, 16)
(17, 23, 14)
(17, 24, 13)
(17, 25, 13)
(17, 26, 10)
(17, 27, 8)
(17, 28, 7)
(17, 29, 7)
(17, 30, 7)
(17, 31, 7)
(17, 32, 7)
(17, 33, 7)
(17, 34, 7)
(17, 35, 6)
(17, 36, 6)
(17, 37, 6)
(17, 38, 6)
(17, 39, 6)

(18, 0, 189)
(18, 1, 118)
(18, 2, 76)
(18, 3, 62)
(18, 4, 50)
(18, 5, 44)
(18, 6, 37)
(18, 7, 34)
(18, 8, 32)
(18, 9, 32)
(18, 10, 31)
(18, 11, 30)
(18, 12, 30)
(18, 13, 29)
(18, 14, 29)
(18, 15, 29)
(18, 16, 29)
(18, 17, 29)
(18, 18, 28)
(18, 19, 28)
(18, 20, 27)
(18, 21, 24)
(18, 22, 18)
(18, 23, 16)
(18, 24, 15)
(18, 25, 15)
(18, 26, 12)
(18, 27, 10)
(18, 28, 9)
(18, 29, 9)
(18, 30, 8)
(18, 31, 8)
(18, 32, 8)
(18, 33, 8)
(18, 34, 8)
(18, 35, 7)
(18, 36, 7)
(18, 37, 7)
(18, 38, 7)
(18, 39, 7)

(19, 0, 198)
(19, 1, 126)
(19, 2, 80)
(19, 3, 66)
(19, 4, 52)
(19, 5, 46)
(19, 6, 38)
(19, 7, 34)
(19, 8, 32)
(19, 9, 32)
(19, 10, 31)
(19, 11, 30)
(19, 12, 30)
(19, 13, 29)
(19, 14, 29)
(19, 15, 29)
(19, 16, 29)
(19, 17, 29)
(19, 18, 28)
(19, 19, 28)
(19, 20, 27)
(19, 21, 24)
(19, 22, 18)
(19, 23, 16)
(19, 24, 15)
(19, 25, 15)
(19, 26, 12)
(19, 27, 10)
(19, 28, 9)
(19, 29, 9)
(19, 30, 8)
(19, 31, 8)
(19, 32, 8)
(19, 33, 8)
(19, 34, 8)
(19, 35, 7)
(19, 36, 7)
(19, 37, 7)
(19, 38, 7)
(19, 39, 7)

(20, 0, 205)
(20, 1, 130)
(20, 2, 83)
(20, 3, 68)
(20, 4, 54)
(20, 5, 48)
(20, 6, 39)
(20, 7, 36)
(20, 8, 34)
(20, 9, 34)
(20, 10, 33)
(20, 11, 32)
(20, 12, 32)
(20, 13, 31)
(20, 14, 31)
(20, 15, 30)
(20, 16, 30)
(20, 17, 30)
(20, 18, 29)
(20, 19, 29)
(20, 20, 28)
(20, 21, 25)
(20, 22, 19)
(20, 23, 17)
(20, 24, 16)
(20, 25, 16)
(20, 26, 13)
(20, 27, 10)
(20, 28, 9)
(20, 29, 9)
(20, 30, 8)
(20, 31, 8)
(20, 32, 8)
(20, 33, 8)
(20, 34, 8)
(20, 35, 7)
(20, 36, 7)
(20, 37, 7)
(20, 38, 7)
(20, 39, 7)

(21, 0, 207)
(21, 1, 132)
(21, 2, 85)
(21, 3, 70)
(21, 4, 56)
(21, 5, 50)
(21, 6, 41)
(21, 7, 38)
(21, 8, 36)
(21, 9, 36)
(21, 10, 35)
(21, 11, 34)
(21, 12, 33)
(21, 13, 32)
(21, 14, 32)
(21, 15, 31)
(21, 16, 31)
(21, 17, 31)
(21, 18, 30)
(21, 19, 30)
(21, 20, 29)
(21, 21, 26)
(21, 22, 20)
(21, 23, 18)
(21, 24, 17)
(21, 25, 17)
(21, 26, 14)
(21, 27, 11)
(21, 28, 10)
(21, 29, 10)
(21, 30, 8)
(21, 31, 8)
(21, 32, 8)
(21, 33, 8)
(21, 34, 8)
(21, 35, 7)
(21, 36, 7)
(21, 37, 7)
(21, 38, 7)
(21, 39, 7)

(22, 0, 207)
(22, 1, 132)
(22, 2, 85)
(22, 3, 70)
(22, 4, 56)
(22, 5, 50)
(22, 6, 41)
(22, 7, 38)
(22, 8, 36)
(22, 9, 36)
(22, 10, 35)
(22, 11, 34)
(22, 12, 33)
(22, 13, 32)
(22, 14, 32)
(22, 15, 31)
(22, 16, 31)
(22, 17, 31)
(22, 18, 30)
(22, 19, 30)
(22, 20, 29)
(22, 21, 26)
(22, 22, 20)
(22, 23, 18)
(22, 24, 17)
(22, 25, 17)
(22, 26, 14)
(22, 27, 11)
(22, 28, 10)
(22, 29, 10)
(22, 30, 8)
(22, 31, 8)
(22, 32, 8)
(22, 33, 8)
(22, 34, 8)
(22, 35, 7)
(22, 36, 7)
(22, 37, 7)
(22, 38, 7)
(22, 39, 7)

(23, 0, 208)
(23, 1, 133)
(23, 2, 86)
(23, 3, 71)
(23, 4, 57)
(23, 5, 51)
(23, 6, 42)
(23, 7, 39)
(23, 8, 37)
(23, 9, 37)
(23, 10, 36)
(23, 11, 35)
(23, 12, 34)
(23, 13, 33)
(23, 14, 33)
(23, 15, 32)
(23, 16, 32)
(23, 17, 32)
(23, 18, 31)
(23, 19, 30)
(23, 20, 29)
(23, 21, 26)
(23, 22, 20)
(23, 23, 17)
(23, 24, 16)
(23, 25, 16)
(23, 26, 13)
(23, 27, 11)
(23, 28, 10)
(23, 29, 10)
(23, 30, 8)
(23, 31, 8)
(23, 32, 8)
(23, 33, 8)
(23, 34, 8)
(23, 35, 7)
(23, 36, 7)
(23, 37, 7)
(23, 38, 7)
(23, 39, 7)

(24, 0, 210)
(24, 1, 135)
(24, 2, 88)
(24, 3, 73)
(24, 4, 59)
(24, 5, 53)
(24, 6, 44)
(24, 7, 41)
(24, 8, 39)
(24, 9, 39)
(24, 10, 38)
(24, 11, 37)
(24, 12, 36)
(24, 13, 35)
(24, 14, 35)
(24, 15, 34)
(24, 16, 34)
(24, 17, 34)
(24, 18, 33)
(24, 19, 32)
(24, 20, 31)
(24, 21, 27)
(24, 22, 21)
(24, 23, 18)
(24, 24, 17)
(24, 25, 17)
(24, 26, 14)
(24, 27, 12)
(24, 28, 11)
(24, 29, 11)
(24, 30, 9)
(24, 31, 9)
(24, 32, 8)
(24, 33, 8)
(24, 34, 8)
(24, 35, 7)
(24, 36, 7)
(24, 37, 7)
(24, 38, 7)
(24, 39, 7)

(25, 0, 210)
(25, 1, 135)
(25, 2, 88)
(25, 3, 73)
(25, 4, 59)
(25, 5, 53)
(25, 6, 44)
(25, 7, 41)
(25, 8, 39)
(25, 9, 39)
(25, 10, 38)
(25, 11, 37)
(25, 12, 36)
(25, 13, 35)
(25, 14, 35)
(25, 15, 34)
(25, 16, 34)
(25, 17, 34)
(25, 18, 33)
(25, 19, 32)
(25, 20, 31)
(25, 21, 27)
(25, 22, 21)
(25, 23, 18)
(25, 24, 17)
(25, 25, 17)
(25, 26, 14)
(25, 27, 12)
(25, 28, 11)
(25, 29, 11)
(25, 30, 9)
(25, 31, 9)
(25, 32, 8)
(25, 33, 8)
(25, 34, 8)
(25, 35, 7)
(25, 36, 7)
(25, 37, 7)
(25, 38, 7)
(25, 39, 7)

(26, 0, 219)
(26, 1, 141)
(26, 2, 94)
(26, 3, 78)
(26, 4, 63)
(26, 5, 57)
(26, 6, 48)
(26, 7, 45)
(26, 8, 43)
(26, 9, 43)
(26, 10, 42)
(26, 11, 41)
(26, 12, 40)
(26, 13, 39)
(26, 14, 39)
(26, 15, 38)
(26, 16, 37)
(26, 17, 37)
(26, 18, 36)
(26, 19, 35)
(26, 20, 34)
(26, 21, 30)
(26, 22, 24)
(26, 23, 21)
(26, 24, 19)
(26, 25, 19)
(26, 26, 16)
(26, 27, 14)
(26, 28, 13)
(26, 29, 13)
(26, 30, 11)
(26, 31, 11)
(26, 32, 10)
(26, 33, 9)
(26, 34, 9)
(26, 35, 8)
(26, 36, 8)
(26, 37, 8)
(26, 38, 8)
(26, 39, 8)

(27, 0, 224)
(27, 1, 146)
(27, 2, 97)
(27, 3, 81)
(27, 4, 65)
(27, 5, 59)
(27, 6, 50)
(27, 7, 47)
(27, 8, 45)
(27, 9, 45)
(27, 10, 44)
(27, 11, 43)
(27, 12, 42)
(27, 13, 41)
(27, 14, 41)
(27, 15, 40)
(27, 16, 39)
(27, 17, 39)
(27, 18, 38)
(27, 19, 36)
(27, 20, 35)
(27, 21, 30)
(27, 22, 24)
(27, 23, 21)
(27, 24, 19)
(27, 25, 19)
(27, 26, 16)
(27, 27, 14)
(27, 28, 13)
(27, 29, 13)
(27, 30, 11)
(27, 31, 11)
(27, 32, 10)
(27, 33, 9)
(27, 34, 9)
(27, 35, 8)
(27, 36, 8)
(27, 37, 8)
(27, 38, 8)
(27, 39, 8)

(28, 0, 236)
(28, 1, 154)
(28, 2, 105)
(28, 3, 88)
(28, 4, 71)
(28, 5, 64)
(28, 6, 55)
(28, 7, 51)
(28, 8, 49)
(28, 9, 48)
(28, 10, 47)
(28, 11, 46)
(28, 12, 45)
(28, 13, 44)
(28, 14, 44)
(28, 15, 43)
(28, 16, 41)
(28, 17, 41)
(28, 18, 40)
(28, 19, 38)
(28, 20, 37)
(28, 21, 32)
(28, 22, 26)
(28, 23, 23)
(28, 24, 21)
(28, 25, 21)
(28, 26, 18)
(28, 27, 16)
(28, 28, 15)
(28, 29, 15)
(28, 30, 13)
(28, 31, 13)
(28, 32, 12)
(28, 33, 11)
(28, 34, 11)
(28, 35, 10)
(28, 36, 10)
(28, 37, 10)
(28, 38, 10)
(28, 39, 10)

(29, 0, 245)
(29, 1, 159)
(29, 2, 109)
(29, 3, 90)
(29, 4, 73)
(29, 5, 65)
(29, 6, 55)
(29, 7, 51)
(29, 8, 49)
(29, 9, 49)
(29, 10, 48)
(29, 11, 47)
(29, 12, 46)
(29, 13, 45)
(29, 14, 45)
(29, 15, 44)
(29, 16, 42)
(29, 17, 42)
(29, 18, 40)
(29, 19, 38)
(29, 20, 37)
(29, 21, 32)
(29, 22, 26)
(29, 23, 23)
(29, 24, 21)
(29, 25, 21)
(29, 26, 18)
(29, 27, 16)
(29, 28, 15)
(29, 29, 15)
(29, 30, 13)
(29, 31, 13)
(29, 32, 12)
(29, 33, 11)
(29, 34, 11)
(29, 35, 10)
(29, 36, 10)
(29, 37, 10)
(29, 38, 10)
(29, 39, 10)

(30, 0, 251)
(30, 1, 164)
(30, 2, 114)
(30, 3, 95)
(30, 4, 77)
(30, 5, 69)
(30, 6, 59)
(30, 7, 55)
(30, 8, 53)
(30, 9, 53)
(30, 10, 52)
(30, 11, 51)
(30, 12, 50)
(30, 13, 49)
(30, 14, 49)
(30, 15, 48)
(30, 16, 45)
(30, 17, 45)
(30, 18, 42)
(30, 19, 40)
(30, 20, 39)
(30, 21, 34)
(30, 22, 25)
(30, 23, 22)
(30, 24, 20)
(30, 25, 20)
(30, 26, 17)
(30, 27, 15)
(30, 28, 14)
(30, 29, 14)
(30, 30, 12)
(30, 31, 12)
(30, 32, 11)
(30, 33, 10)
(30, 34, 10)
(30, 35, 9)
(30, 36, 9)
(30, 37, 9)
(30, 38, 9)
(30, 39, 9)

(31, 0, 253)
(31, 1, 166)
(31, 2, 116)
(31, 3, 97)
(31, 4, 79)
(31, 5, 71)
(31, 6, 61)
(31, 7, 56)
(31, 8, 54)
(31, 9, 54)
(31, 10, 53)
(31, 11, 52)
(31, 12, 51)
(31, 13, 50)
(31, 14, 50)
(31, 15, 49)
(31, 16, 46)
(31, 17, 46)
(31, 18, 43)
(31, 19, 41)
(31, 20, 40)
(31, 21, 35)
(31, 22, 26)
(31, 23, 23)
(31, 24, 21)
(31, 25, 20)
(31, 26, 17)
(31, 27, 15)
(31, 28, 14)
(31, 29, 14)
(31, 30, 11)
(31, 31, 11)
(31, 32, 10)
(31, 33, 9)
(31, 34, 9)
(31, 35, 8)
(31, 36, 8)
(31, 37, 8)
(31, 38, 8)
(31, 39, 8)

(32, 0, 264)
(32, 1, 177)
(32, 2, 125)
(32, 3, 106)
(32, 4, 86)
(32, 5, 78)
(32, 6, 68)
(32, 7, 63)
(32, 8, 61)
(32, 9, 61)
(32, 10, 60)
(32, 11, 59)
(32, 12, 58)
(32, 13, 57)
(32, 14, 57)
(32, 15, 55)
(32, 16, 51)
(32, 17, 51)
(32, 18, 48)
(32, 19, 45)
(32, 20, 43)
(32, 21, 38)
(32, 22, 28)
(32, 23, 23)
(32, 24, 21)
(32, 25, 21)
(32, 26, 17)
(32, 27, 15)
(32, 28, 14)
(32, 29, 13)
(32, 30, 11)
(32, 31, 11)
(32, 32, 10)
(32, 33, 9)
(32, 34, 9)
(32, 35, 8)
(32, 36, 8)
(32, 37, 8)
(32, 38, 8)
(32, 39, 8)

(33, 0, 269)
(33, 1, 181)
(33, 2, 128)
(33, 3, 109)
(33, 4, 89)
(33, 5, 81)
(33, 6, 70)
(33, 7, 65)
(33, 8, 63)
(33, 9, 63)
(33, 10, 62)
(33, 11, 61)
(33, 12, 60)
(33, 13, 59)
(33, 14, 59)
(33, 15, 57)
(33, 16, 53)
(33, 17, 53)
(33, 18, 50)
(33, 19, 47)
(33, 20, 45)
(33, 21, 40)
(33, 22, 29)
(33, 23, 25)
(33, 24, 23)
(33, 25, 23)
(33, 26, 19)
(33, 27, 17)
(33, 28, 16)
(33, 29, 15)
(33, 30, 12)
(33, 31, 12)
(33, 32, 11)
(33, 33, 10)
(33, 34, 10)
(33, 35, 9)
(33, 36, 9)
(33, 37, 9)
(33, 38, 9)
(33, 39, 9)

(34, 0, 276)
(34, 1, 186)
(34, 2, 132)
(34, 3, 113)
(34, 4, 93)
(34, 5, 85)
(34, 6, 74)
(34, 7, 69)
(34, 8, 67)
(34, 9, 67)
(34, 10, 66)
(34, 11, 65)
(34, 12, 64)
(34, 13, 63)
(34, 14, 63)
(34, 15, 60)
(34, 16, 56)
(34, 17, 56)
(34, 18, 53)
(34, 19, 50)
(34, 20, 48)
(34, 21, 42)
(34, 22, 30)
(34, 23, 25)
(34, 24, 22)
(34, 25, 21)
(34, 26, 17)
(34, 27, 15)
(34, 28, 14)
(34, 29, 13)
(34, 30, 11)
(34, 31, 11)
(34, 32, 10)
(34, 33, 9)
(34, 34, 9)
(34, 35, 8)
(34, 36, 8)
(34, 37, 8)
(34, 38, 8)
(34, 39, 8)

(35, 0, 282)
(35, 1, 191)
(35, 2, 137)
(35, 3, 118)
(35, 4, 98)
(35, 5, 90)
(35, 6, 79)
(35, 7, 74)
(35, 8, 72)
(35, 9, 72)
(35, 10, 70)
(35, 11, 69)
(35, 12, 68)
(35, 13, 67)
(35, 14, 67)
(35, 15, 64)
(35, 16, 59)
(35, 17, 58)
(35, 18, 54)
(35, 19, 48)
(35, 20, 46)
(35, 21, 40)
(35, 22, 29)
(35, 23, 24)
(35, 24, 21)
(35, 25, 21)
(35, 26, 17)
(35, 27, 15)
(35, 28, 14)
(35, 29, 13)
(35, 30, 11)
(35, 31, 11)
(35, 32, 10)
(35, 33, 9)
(35, 34, 9)
(35, 35, 8)
(35, 36, 8)
(35, 37, 8)
(35, 38, 8)
(35, 39, 8)

(36, 0, 284)
(36, 1, 193)
(36, 2, 139)
(36, 3, 120)
(36, 4, 100)
(36, 5, 92)
(36, 6, 81)
(36, 7, 76)
(36, 8, 74)
(36, 9, 74)
(36, 10, 71)
(36, 11, 70)
(36, 12, 68)
(36, 13, 67)
(36, 14, 66)
(36, 15, 63)
(36, 16, 58)
(36, 17, 57)
(36, 18, 53)
(36, 19, 48)
(36, 20, 46)
(36, 21, 40)
(36, 22, 29)
(36, 23, 24)
(36, 24, 21)
(36, 25, 21)
(36, 26, 17)
(36, 27, 15)
(36, 28, 14)
(36, 29, 13)
(36, 30, 11)
(36, 31, 11)
(36, 32, 10)
(36, 33, 9)
(36, 34, 9)
(36, 35, 8)
(36, 36, 8)
(36, 37, 8)
(36, 38, 8)
(36, 39, 8)

(37, 0, 289)
(37, 1, 198)
(37, 2, 142)
(37, 3, 123)
(37, 4, 103)
(37, 5, 95)
(37, 6, 84)
(37, 7, 79)
(37, 8, 77)
(37, 9, 77)
(37, 10, 74)
(37, 11, 73)
(37, 12, 71)
(37, 13, 70)
(37, 14, 69)
(37, 15, 66)
(37, 16, 61)
(37, 17, 60)
(37, 18, 56)
(37, 19, 51)
(37, 20, 49)
(37, 21, 40)
(37, 22, 28)
(37, 23, 23)
(37, 24, 20)
(37, 25, 20)
(37, 26, 16)
(37, 27, 14)
(37, 28, 13)
(37, 29, 12)
(37, 30, 10)
(37, 31, 10)
(37, 32, 9)
(37, 33, 8)
(37, 34, 8)
(37, 35, 7)
(37, 36, 7)
(37, 37, 7)
(37, 38, 7)
(37, 39, 7)

(38, 0, 294)
(38, 1, 203)
(38, 2, 147)
(38, 3, 128)
(38, 4, 108)
(38, 5, 100)
(38, 6, 89)
(38, 7, 84)
(38, 8, 82)
(38, 9, 82)
(38, 10, 79)
(38, 11, 77)
(38, 12, 75)
(38, 13, 74)
(38, 14, 73)
(38, 15, 70)
(38, 16, 65)
(38, 17, 64)
(38, 18, 60)
(38, 19, 52)
(38, 20, 50)
(38, 21, 41)
(38, 22, 28)
(38, 23, 23)
(38, 24, 20)
(38, 25, 20)
(38, 26, 16)
(38, 27, 14)
(38, 28, 13)
(38, 29, 11)
(38, 30, 9)
(38, 31, 8)
(38, 32, 7)
(38, 33, 7)
(38, 34, 7)
(38, 35, 6)
(38, 36, 6)
(38, 37, 6)
(38, 38, 6)
(38, 39, 6)

(39, 0, 306)
(39, 1, 214)
(39, 2, 157)
(39, 3, 135)
(39, 4, 115)
(39, 5, 107)
(39, 6, 96)
(39, 7, 91)
(39, 8, 89)
(39, 9, 89)
(39, 10, 85)
(39, 11, 83)
(39, 12, 81)
(39, 13, 78)
(39, 14, 77)
(39, 15, 72)
(39, 16, 67)
(39, 17, 66)
(39, 18, 62)
(39, 19, 52)
(39, 20, 49)
(39, 21, 40)
(39, 22, 28)
(39, 23, 23)
(39, 24, 20)
(39, 25, 20)
(39, 26, 16)
(39, 27, 14)
(39, 28, 13)
(39, 29, 11)
(39, 30, 9)
(39, 31, 8)
(39, 32, 7)
(39, 33, 7)
(39, 34, 7)
(39, 35, 6)
(39, 36, 6)
(39, 37, 6)
(39, 38, 6)
(39, 39, 6)


Betti numbers:
xi_0:
(0, 0, 4)
(1, 0, 5)
(2, 0, 9)
(3, 0, 4)
(4, 0, 5)
(5, 0, 6)
(6, 0, 9)
(7, 0, 14)
(8, 0, 22)
(9, 0, 20)
(10, 0, 9)
(11, 0, 5)
(12, 0, 4)
(13, 0, 3)
(14, 0, 3)
(15, 0, 16)
(16, 0, 22)
(17, 0, 17)
(18, 0, 12)
(19, 0, 9)
(20, 0, 7)
(21, 0, 2)
(23, 0, 1)
(24, 0, 2)
(26, 0, 9)
(27, 0, 5)
(28, 0, 12)
(29, 0, 9)
(30, 0, 6)
(31, 0, 2)
(32, 0, 11)
(33, 0, 5)
(34, 0, 7)
(35, 0, 6)
(36, 0, 2)
(37, 0, 5)
(38, 0, 5)
(39, 0, 12)
xi_1:
(0, 2, 1)
(0, 3, 1)
(0, 8, 1)
(1, 1, 2)
(1, 4, 1)
(1, 8, 1)
(2, 1, 3)
(2, 2, 1)
(2, 3, 3)
(2, 4, 2)
(2, 6, 1)
(3, 2, 3)
(3, 6, 1)
(4, 1, 3)
(4, 2, 1)
(4, 4, 1)
(4, 5, 1)
(5, 1, 1)
(5, 2, 2)
(5, 3, 2)
(6, 1, 5)
(6, 2, 2)
(6, 5, 1)
(6, 6, 1)
(6, 7, 1)
(7, 1, 9)
(7, 2, 2)
(7, 4, 2)
(7, 22, 1)
(8, 1, 15)
(8, 2, 5)
(8, 18, 1)
(8, 22, 1)
(8, 35, 1)
(9, 1, 13)
(9, 2, 3)
(9, 3, 1)
(9, 5, 1)
(9, 6, 1)
(9, 13, 1)
(10, 1, 2)
(10, 4, 1)
(10, 5, 2)
(10, 8, 1)
(10, 20, 1)
(10, 22, 2)
(11, 2, 1)
(11, 6, 1)
(11, 23, 1)
(11, 24, 1)
(11, 26, 1)
(11, 28, 1)
(12, 1, 1)
(12, 3, 1)
(12, 21, 1)
(12, 27, 1)
(13, 6, 1)
(13, 22, 1)
(13, 26, 1)
(14, 2, 1)
(14, 4, 1)
(14, 8, 1)
(15, 1, 3)
(15, 2, 3)
(15, 3, 2)
(15, 4, 1)
(15, 6, 1)
(15, 7, 1)
(15, 9, 1)
(15, 23, 1)
(15, 24, 1)
(15, 28, 1)
(16, 1, 6)
(16, 2, 4)
(16, 3, 4)
(16, 4, 3)
(16, 6, 2)
(16, 7, 2)
(16, 11, 1)
(16, 22, 1)
(16, 26, 1)
(16, 27, 1)
(16, 28, 1)
(17, 1, 4)
(17, 2, 10)
(17, 3, 2)
(17, 5, 1)
(17, 10, 1)
(18, 1, 4)
(18, 2, 4)
(18, 21, 2)
(18, 30, 1)
(19, 1, 1)
(19, 2, 4)
(19, 4, 2)
(19, 6, 1)
(19, 7, 1)
(20, 1, 3)
(20, 2, 1)
(20, 3, 1)
(20, 6, 1)
(20, 15, 1)
(20, 27, 1)
(21, 12, 1)
(21, 30, 1)
(23, 19, 1)
(23, 23, 1)
(24, 21, 1)
(24, 32, 1)
(26, 1, 3)
(26, 3, 1)
(26, 4, 1)
(26, 16, 1)
(26, 24, 1)
(26, 33, 1)
(27, 2, 2)
(27, 4, 1)
(27, 19, 1)
(27, 21, 1)
(28, 1, 4)
(28, 3, 1)
(28, 4, 1)
(28, 5, 1)
(28, 7, 1)
(28, 9, 1)
(28, 16, 1)
(29, 1, 4)
(29, 2, 1)
(29, 3, 2)
(29, 4, 1)
(29, 5, 2)
(29, 6, 1)
(29, 7, 1)
(29, 18, 1)
(30, 1, 1)
(30, 4, 1)
(30, 16, 1)
(30, 18, 1)
(30, 22, 3)
(31, 7, 1)
(31, 25, 1)
(31, 30, 1)
(32, 2, 2)
(32, 4, 2)
(32, 15, 1)
(32, 16, 1)
(32, 19, 1)
(32, 20, 1)
(32, 22, 1)
(32, 23, 2)
(32, 26, 1)
(32, 29, 1)
(33, 1, 1)
(33, 2, 1)
(33, 6, 1)
(33, 22, 1)
(33, 30, 1)
(34, 1, 2)
(34, 2, 1)
(34, 15, 1)
(34, 21, 1)
(34, 22, 1)
(34, 23, 1)
(34, 24, 1)
(34, 25, 1)
(35, 1, 1)
(35, 10, 1)
(35, 16, 1)
(35, 17, 1)
(35, 18, 1)
(35, 19, 3)
(35, 24, 1)
(36, 10, 1)
(36, 12, 1)
(36, 14, 1)
(37, 2, 2)
(37, 21, 3)
(37, 22, 1)
(38, 11, 1)
(38, 19, 3)
(38, 21, 1)
(38, 22, 1)
(38, 29, 1)
(38, 31, 1)
(39, 1, 1)
(39, 2, 1)
(39, 3, 3)
(39, 10, 1)
(39, 13, 2)
(39, 15, 2)
(39, 19, 2)
(39, 20, 1)
xi_2:
(2, 8, 1)
(4, 6, 1)
(6, 3, 2)
(9, 2, 1)
(9, 6, 1)
(12, 28, 1)
(15, 8, 1)
(16, 9, 1)
(16, 24, 1)
(16, 28, 1)
(17, 7, 1)
(20, 7, 1)
(23, 27, 1)
(29, 4, 1)
(29, 5, 1)
(29, 7, 1)
(29, 9, 1)
(32, 25, 1)
(32, 30, 1)
(33, 23, 1)
(34, 30, 1)
(35, 22, 1)
(35, 24, 1)
(35, 25, 1)
(36, 19, 1)
(38, 21, 1)
(38, 33, 1)
(39, 22, 1)
