x-grades
-1252642523694247961/1000000000000000000
-615751011998886361/500000000000000000
-1210361524301297483/1000000000000000000
-297305256151205561/250000000000000000
-233616104981669401/200000000000000000
-573470012605935883/500000000000000000
-1125799525515396527/1000000000000000000
-138082378227365161/125000000000000000
-1083518526122446049/1000000000000000000
-106237802642597081/100000000000000000
-1041237526729495571/1000000000000000000
-255024256758255083/250000000000000000
-998956527336545093/1000000000000000000
-488908013820034927/500000000000000000
-191335105588718923/200000000000000000
-58470939265444961/62500000000000000
-914394528550644137/1000000000000000000
-446627014427084449/500000000000000000
-872113529157693659/1000000000000000000
-42548651473060921/50000000000000000
-829832529764743181/1000000000000000000
-404346015034133971/500000000000000000
-787551530371792703/1000000000000000000
-95801378834414683/125000000000000000
-29810821239153689/40000000000000000
-362065015641183493/500000000000000000
-702989531585891747/1000000000000000000
-170462257972354127/250000000000000000
-660708532192941269/1000000000000000000
-63956803249646603/100000000000000000
-618427532799990791/1000000000000000000
-18665219784484861/31250000000000000
-576146533407040313/1000000000000000000
-277503016855282537/500000000000000000
-106773106802817967/200000000000000000
-128181258579403649/250000000000000000
-491584534621139357/1000000000000000000
-235222017462332059/500000000000000000
-449303535228188879/1000000000000000000
-10704075888292841/25000000000000000

y-grades
39057/156250
39057/78125
117171/156250
78114/78125
39057/31250
117171/78125
273399/156250
156228/78125
351513/156250
39057/15625
429627/156250
234342/78125
507741/156250
273399/78125
117171/31250
312456/78125
663969/156250
351513/78125
742083/156250
78114/15625
820197/156250
429627/78125
898311/156250
468684/78125
39057/6250
507741/78125
1054539/156250
546798/78125
1132653/156250
117171/15625
1210767/156250
624912/78125
1288881/156250
663969/78125
273399/31250
703026/78125
1445109/156250
742083/78125
1523223/156250
156228/15625

Dimensions > 0:
(0, 0, 2)
(0, 1, 2)
(0, 2, 1)
(0, 3, 1)
(0, 4, 1)
(0, 5, 1)
(0, 6, 1)
(0, 7, 1)
(0, 8, 1)
(0, 9, 1)
(0, 10, 1)
(0, 11, 1)
(0, 12, 1)
(0, 13, 1)
(0, 14, 1)
(0, 15, 1)
(0, 16, 1)
(0, 17, 1)
(0, 18, 1)
(0, 19, 1)
(0, 20, 1)
(0, 21, 1)
(0, 22, 1)
(0, 23, 1)
(0, 24, 1)
(0, 25, 1)
(0, 26, 1)
(0, 27, 1)
(0, 28, 1)
(0, 29, 1)
(0, 30, 1)
(0, 31, 1)
(0, 32, 1)
(0, 33, 1)
(0, 34, 1)
(0, 35, 1)
(0, 36, 1)
(0, 37, 1)
(0, 38, 1)
(0, 39, 1)

(1, 0, 2)
(1, 1, 2)
(1, 2, 1)
(1, 3, 1)
(1, 4, 1)
(1, 5, 1)
(1, 6, 1)
(1, 7, 1)
(1, 8, 1)
(1, 9, 1)
(1, 10, 1)
(1, 11, 1)
(1, 12, 1)
(1, 13, 1)
(1, 14, 1)
(1, 15, 1)
(1, 16, 1)
(1, 17, 1)
(1, 18, 1)
(1, 19, 1)
(1, 20, 1)
(1, 21, 1)
(1, 22, 1)
(1, 23, 1)
(1, 24, 1)
(1, 25, 1)
(1, 26, 1)
(1, 27, 1)
(1, 28, 1)
(1, 29, 1)
(1, 30, 1)
(1, 31, 1)
(1, 32, 1)
(1, 33, 1)
(1, 34, 1)
(1, 35, 1)
(1, 36, 1)
(1, 37, 1)
(1, 38, 1)
(1, 39, 1)

(2, 0, 4)
(2, 1, 4)
(2, 2, 2)
(2, 3, 2)
(2, 4, 2)
(2, 5, 2)
(2, 6, 2)
(2, 7, 2)
(2, 8, 2)
(2, 9, 2)
(2, 10, 2)
(2, 11, 2)
(2, 12, 2)
(2, 13, 2)
(2, 14, 2)
(2, 15, 2)
(2, 16, 2)
(2, 17, 2)
(2, 18, 2)
(2, 19, 2)
(2, 20, 2)
(2, 21, 2)
(2, 22, 2)
(2, 23, 2)
(2, 24, 2)
(2, 25, 2)
(2, 26, 2)
(2, 27, 2)
(2, 28, 2)
(2, 29, 2)
(2, 30, 2)
(2, 31, 2)
(2, 32, 2)
(2, 33, 2)
(2, 34, 2)
(2, 35, 2)
(2, 36, 2)
(2, 37, 2)
(2, 38, 2)
(2, 39, 2)

(3, 0, 8)
(3, 1, 6)
(3, 2, 3)
(3, 3, 3)
(3, 4, 3)
(3, 5, 3)
(3, 6, 3)
(3, 7, 3)
(3, 8, 3)
(3, 9, 2)
(3, 10, 2)
(3, 11, 2)
(3, 12, 2)
(3, 13, 2)
(3, 14, 2)
(3, 15, 2)
(3, 16, 2)
(3, 17, 2)
(3, 18, 2)
(3, 19, 2)
(3, 20, 2)
(3, 21, 2)
(3, 22, 2)
(3, 23, 2)
(3, 24, 2)
(3, 25, 2)
(3, 26, 2)
(3, 27, 2)
(3, 28, 2)
(3, 29, 2)
(3, 30, 2)
(3, 31, 2)
(3, 32, 2)
(3, 33, 2)
(3, 34, 2)
(3, 35, 2)
(3, 36, 2)
(3, 37, 2)
(3, 38, 2)
(3, 39, 2)

(4, 0, 10)
(4, 1, 5)
(4, 2, 3)
(4, 3, 3)
(4, 4, 3)
(4, 5, 3)
(4, 6, 3)
(4, 7, 3)
(4, 8, 3)
(4, 9, 2)
(4, 10, 2)
(4, 11, 2)
(4, 12, 2)
(4, 13, 2)
(4, 14, 2)
(4, 15, 2)
(4, 16, 2)
(4, 17, 2)
(4, 18, 2)
(4, 19, 2)
(4, 20, 2)
(4, 21, 2)
(4, 22, 2)
(4, 23, 2)
(4, 24, 2)
(4, 25, 2)
(4, 26, 2)
(4, 27, 2)
(4, 28, 2)
(4, 29, 2)
(4, 30, 2)
(4, 31, 2)
(4, 32, 2)
(4, 33, 2)
(4, 34, 2)
(4, 35, 2)
(4, 36, 2)
(4, 37, 2)
(4, 38, 2)
(4, 39, 2)

(5, 0, 11)
(5, 1, 6)
(5, 2, 4)
(5, 3, 4)
(5, 4, 4)
(5, 5, 4)
(5, 6, 4)
(5, 7, 4)
(5, 8, 4)
(5, 9, 2)
(5, 10, 2)
(5, 11, 2)
(5, 12, 2)
(5, 13, 2)
(5, 14, 2)
(5, 15, 2)
(5, 16, 2)
(5, 17, 2)
(5, 18, 2)
(5, 19, 2)
(5, 20, 2)
(5, 21, 2)
(5, 22, 2)
(5, 23, 2)
(5, 24, 2)
(5, 25, 2)
(5, 26, 2)
(5, 27, 2)
(5, 28, 2)
(5, 29, 2)
(5, 30, 2)
(5, 31, 2)
(5, 32, 2)
(5, 33, 2)
(5, 34, 2)
(5, 35, 2)
(5, 36, 2)
(5, 37, 2)
(5, 38, 2)
(5, 39, 2)

(6, 0, 17)
(6, 1, 7)
(6, 2, 5)
(6, 3, 5)
(6, 4, 5)
(6, 5, 5)
(6, 6, 4)
(6, 7, 4)
(6, 8, 4)
(6, 9, 2)
(6, 10, 2)
(6, 11, 2)
(6, 12, 2)
(6, 13, 2)
(6, 14, 2)
(6, 15, 2)
(6, 16, 2)
(6, 17, 2)
(6, 18, 2)
(6, 19, 2)
(6, 20, 2)
(6, 21, 2)
(6, 22, 2)
(6, 23, 2)
(6, 24, 2)
(6, 25, 2)
(6, 26, 2)
(6, 27, 2)
(6, 28, 2)
(6, 29, 2)
(6, 30, 2)
(6, 31, 2)
(6, 32, 2)
(6, 33, 2)
(6, 34, 2)
(6, 35, 2)
(6, 36, 2)
(6, 37, 2)
(6, 38, 2)
(6, 39, 2)

(7, 0, 18)
(7, 1, 8)
(7, 2, 6)
(7, 3, 6)
(7, 4, 6)
(7, 5, 5)
(7, 6, 4)
(7, 7, 4)
(7, 8, 4)
(7, 9, 2)
(7, 10, 2)
(7, 11, 2)
(7, 12, 2)
(7, 13, 2)
(7, 14, 2)
(7, 15, 2)
(7, 16, 2)
(7, 17, 2)
(7, 18, 2)
(7, 19, 2)
(7, 20, 2)
(7, 21, 2)
(7, 22, 2)
(7, 23, 2)
(7, 24, 2)
(7, 25, 2)
(7, 26, 2)
(7, 27, 2)
(7, 28, 2)
(7, 29, 2)
(7, 30, 2)
(7, 31, 2)
(7, 32, 2)
(7, 33, 2)
(7, 34, 2)
(7, 35, 2)
(7, 36, 2)
(7, 37, 2)
(7, 38, 2)
(7, 39, 2)

(8, 0, 23)
(8, 1, 12)
(8, 2, 9)
(8, 3, 9)
(8, 4, 8)
(8, 5, 7)
(8, 6, 5)
(8, 7, 5)
(8, 8, 5)
(8, 9, 3)
(8, 10, 3)
(8, 11, 3)
(8, 12, 3)
(8, 13, 3)
(8, 14, 3)
(8, 15, 3)
(8, 16, 3)
(8, 17, 3)
(8, 18, 3)
(8, 19, 3)
(8, 20, 3)
(8, 21, 3)
(8, 22, 3)
(8, 23, 3)
(8, 24, 3)
(8, 25, 3)
(8, 26, 3)
(8, 27, 3)
(8, 28, 3)
(8, 29, 3)
(8, 30, 3)
(8, 31, 3)
(8, 32, 3)
(8, 33, 3)
(8, 34, 3)
(8, 35, 3)
(8, 36, 3)
(8, 37, 3)
(8, 38, 3)
(8, 39, 3)

(9, 0, 26)
(9, 1, 13)
(9, 2, 10)
(9, 3, 9)
(9, 4, 8)
(9, 5, 7)
(9, 6, 5)
(9, 7, 5)
(9, 8, 5)
(9, 9, 3)
(9, 10, 3)
(9, 11, 3)
(9, 12, 3)
(9, 13, 3)
(9, 14, 3)
(9, 15, 3)
(9, 16, 3)
(9, 17, 3)
(9, 18, 3)
(9, 19, 3)
(9, 20, 3)
(9, 21, 3)
(9, 22, 3)
(9, 23, 3)
(9, 24, 3)
(9, 25, 3)
(9, 26, 3)
(9, 27, 3)
(9, 28, 3)
(9, 29, 3)
(9, 30, 3)
(9, 31, 3)
(9, 32, 3)
(9, 33, 3)
(9, 34, 3)
(9, 35, 3)
(9, 36, 3)
(9, 37, 3)
(9, 38, 3)
(9, 39, 3)

(10, 0, 30)
(10, 1, 17)
(10, 2, 13)
(10, 3, 12)
(10, 4, 11)
(10, 5, 8)
(10, 6, 6)
(10, 7, 6)
(10, 8, 5)
(10, 9, 3)
(10, 10, 3)
(10, 11, 3)
(10, 12, 3)
(10, 13, 3)
(10, 14, 3)
(10, 15, 3)
(10, 16, 3)
(10, 17, 3)
(10, 18, 3)
(10, 19, 3)
(10, 20, 3)
(10, 21, 3)
(10, 22, 3)
(10, 23, 3)
(10, 24, 3)
(10, 25, 3)
(10, 26, 3)
(10, 27, 3)
(10, 28, 3)
(10, 29, 3)
(10, 30, 3)
(10, 31, 3)
(10, 32, 3)
(10, 33, 3)
(10, 34, 3)
(10, 35, 3)
(10, 36, 3)
(10, 37, 3)
(10, 38, 3)
(10, 39, 3)

(11, 0, 33)
(11, 1, 19)
(11, 2, 15)
(11, 3, 13)
(11, 4, 12)
(11, 5, 9)
(11, 6, 7)
(11, 7, 7)
(11, 8, 6)
(11, 9, 3)
(11, 10, 3)
(11, 11, 3)
(11, 12, 3)
(11, 13, 3)
(11, 14, 3)
(11, 15, 3)
(11, 16, 3)
(11, 17, 3)
(11, 18, 3)
(11, 19, 3)
(11, 20, 3)
(11, 21, 3)
(11, 22, 3)
(11, 23, 3)
(11, 24, 3)
(11, 25, 3)
(11, 26, 3)
(11, 27, 3)
(11, 28, 3)
(11, 29, 3)
(11, 30, 3)
(11, 31, 3)
(11, 32, 3)
(11, 33, 3)
(11, 34, 3)
(11, 35, 3)
(11, 36, 3)
(11, 37, 3)
(11, 38, 3)
(11, 39, 3)

(12, 0, 36)
(12, 1, 22)
(12, 2, 17)
(12, 3, 15)
(12, 4, 14)
(12, 5, 10)
(12, 6, 8)
(12, 7, 8)
(12, 8, 6)
(12, 9, 3)
(12, 10, 3)
(12, 11, 3)
(12, 12, 3)
(12, 13, 3)
(12, 14, 3)
(12, 15, 3)
(12, 16, 3)
(12, 17, 3)
(12, 18, 3)
(12, 19, 3)
(12, 20, 3)
(12, 21, 3)
(12, 22, 3)
(12, 23, 3)
(12, 24, 3)
(12, 25, 3)
(12, 26, 3)
(12, 27, 3)
(12, 28, 3)
(12, 29, 3)
(12, 30, 3)
(12, 31, 3)
(12, 32, 3)
(12, 33, 3)
(12, 34, 3)
(12, 35, 3)
(12, 36, 3)
(12, 37, 3)
(12, 38, 3)
(12, 39, 3)

(13, 0, 37)
(13, 1, 23)
(13, 2, 18)
(13, 3, 16)
(13, 4, 15)
(13, 5, 10)
(13, 6, 8)
(13, 7, 8)
(13, 8, 6)
(13, 9, 3)
(13, 10, 3)
(13, 11, 3)
(13, 12, 3)
(13, 13, 3)
(13, 14, 3)
(13, 15, 3)
(13, 16, 3)
(13, 17, 3)
(13, 18, 3)
(13, 19, 3)
(13, 20, 3)
(13, 21, 3)
(13, 22, 3)
(13, 23, 3)
(13, 24, 3)
(13, 25, 3)
(13, 26, 3)
(13, 27, 3)
(13, 28, 3)
(13, 29, 3)
(13, 30, 3)
(13, 31, 3)
(13, 32, 3)
(13, 33, 3)
(13, 34, 3)
(13, 35, 3)
(13, 36, 3)
(13, 37, 3)
(13, 38, 3)
(13, 39, 3)

(14, 0, 45)
(14, 1, 29)
(14, 2, 20)
(14, 3, 18)
(14, 4, 17)
(14, 5, 12)
(14, 6, 10)
(14, 7, 10)
(14, 8, 7)
(14, 9, 3)
(14, 10, 3)
(14, 11, 3)
(14, 12, 3)
(14, 13, 3)
(14, 14, 3)
(14, 15, 3)
(14, 16, 3)
(14, 17, 3)
(14, 18, 3)
(14, 19, 3)
(14, 20, 3)
(14, 21, 3)
(14, 22, 3)
(14, 23, 3)
(14, 24, 3)
(14, 25, 3)
(14, 26, 3)
(14, 27, 3)
(14, 28, 3)
(14, 29, 3)
(14, 30, 3)
(14, 31, 3)
(14, 32, 3)
(14, 33, 3)
(14, 34, 3)
(14, 35, 3)
(14, 36, 3)
(14, 37, 3)
(14, 38, 3)
(14, 39, 3)

(15, 0, 45)
(15, 1, 29)
(15, 2, 20)
(15, 3, 18)
(15, 4, 17)
(15, 5, 12)
(15, 6, 10)
(15, 7, 10)
(15, 8, 7)
(15, 9, 3)
(15, 10, 3)
(15, 11, 3)
(15, 12, 3)
(15, 13, 3)
(15, 14, 3)
(15, 15, 3)
(15, 16, 3)
(15, 17, 3)
(15, 18, 3)
(15, 19, 3)
(15, 20, 3)
(15, 21, 3)
(15, 22, 3)
(15, 23, 3)
(15, 24, 3)
(15, 25, 3)
(15, 26, 3)
(15, 27, 3)
(15, 28, 3)
(15, 29, 3)
(15, 30, 3)
(15, 31, 3)
(15, 32, 3)
(15, 33, 3)
(15, 34, 3)
(15, 35, 3)
(15, 36, 3)
(15, 37, 3)
(15, 38, 3)
(15, 39, 3)

(16, 0, 49)
(16, 1, 33)
(16, 2, 24)
(16, 3, 22)
(16, 4, 20)
(16, 5, 15)
(16, 6, 13)
(16, 7, 13)
(16, 8, 8)
(16, 9, 4)
(16, 10, 4)
(16, 11, 4)
(16, 12, 4)
(16, 13, 4)
(16, 14, 4)
(16, 15, 4)
(16, 16, 4)
(16, 17, 4)
(16, 18, 4)
(16, 19, 4)
(16, 20, 4)
(16, 21, 4)
(16, 22, 4)
(16, 23, 4)
(16, 24, 4)
(16, 25, 4)
(16, 26, 4)
(16, 27, 4)
(16, 28, 4)
(16, 29, 4)
(16, 30, 4)
(16, 31, 4)
(16, 32, 4)
(16, 33, 4)
(16, 34, 4)
(16, 35, 4)
(16, 36, 4)
(16, 37, 4)
(16, 38, 4)
(16, 39, 4)

(17, 0, 57)
(17, 1, 39)
(17, 2, 27)
(17, 3, 25)
(17, 4, 22)
(17, 5, 17)
(17, 6, 15)
(17, 7, 15)
(17, 8, 10)
(17, 9, 5)
(17, 10, 5)
(17, 11, 5)
(17, 12, 5)
(17, 13, 5)
(17, 14, 5)
(17, 15, 5)
(17, 16, 5)
(17, 17, 5)
(17, 18, 5)
(17, 19, 5)
(17, 20, 5)
(17, 21, 5)
(17, 22, 5)
(17, 23, 5)
(17, 24, 5)
(17, 25, 5)
(17, 26, 5)
(17, 27, 5)
(17, 28, 5)
(17, 29, 5)
(17, 30, 5)
(17, 31, 5)
(17, 32, 5)
(17, 33, 5)
(17, 34, 5)
(17, 35, 5)
(17, 36, 5)
(17, 37, 5)
(17, 38, 5)
(17, 39, 5)

(18, 0, 61)
(18, 1, 43)
(18, 2, 31)
(18, 3, 29)
(18, 4, 24)
(18, 5, 19)
(18, 6, 17)
(18, 7, 17)
(18, 8, 11)
(18, 9, 6)
(18, 10, 6)
(18, 11, 6)
(18, 12, 6)
(18, 13, 6)
(18, 14, 6)
(18, 15, 6)
(18, 16, 6)
(18, 17, 6)
(18, 18, 6)
(18, 19, 6)
(18, 20, 6)
(18, 21, 6)
(18, 22, 6)
(18, 23, 6)
(18, 24, 6)
(18, 25, 6)
(18, 26, 6)
(18, 27, 6)
(18, 28, 6)
(18, 29, 6)
(18, 30, 6)
(18, 31, 6)
(18, 32, 6)
(18, 33, 6)
(18, 34, 6)
(18, 35, 6)
(18, 36, 6)
(18, 37, 6)
(18, 38, 6)
(18, 39, 6)

(19, 0, 63)
(19, 1, 45)
(19, 2, 33)
(19, 3, 31)
(19, 4, 26)
(19, 5, 21)
(19, 6, 19)
(19, 7, 19)
(19, 8, 12)
(19, 9, 6)
(19, 10, 6)
(19, 11, 6)
(19, 12, 6)
(19, 13, 6)
(19, 14, 6)
(19, 15, 6)
(19, 16, 6)
(19, 17, 6)
(19, 18, 6)
(19, 19, 6)
(19, 20, 6)
(19, 21, 6)
(19, 22, 6)
(19, 23, 6)
(19, 24, 6)
(19, 25, 6)
(19, 26, 6)
(19, 27, 6)
(19, 28, 6)
(19, 29, 6)
(19, 30, 6)
(19, 31, 6)
(19, 32, 6)
(19, 33, 6)
(19, 34, 6)
(19, 35, 6)
(19, 36, 6)
(19, 37, 6)
(19, 38, 6)
(19, 39, 6)

(20, 0, 72)
(20, 1, 54)
(20, 2, 39)
(20, 3, 37)
(20, 4, 30)
(20, 5, 24)
(20, 6, 22)
(20, 7, 22)
(20, 8, 15)
(20, 9, 7)
(20, 10, 7)
(20, 11, 7)
(20, 12, 7)
(20, 13, 7)
(20, 14, 7)
(20, 15, 7)
(20, 16, 7)
(20, 17, 6)
(20, 18, 6)
(20, 19, 6)
(20, 20, 6)
(20, 21, 6)
(20, 22, 6)
(20, 23, 6)
(20, 24, 6)
(20, 25, 6)
(20, 26, 6)
(20, 27, 6)
(20, 28, 6)
(20, 29, 6)
(20, 30, 6)
(20, 31, 6)
(20, 32, 6)
(20, 33, 6)
(20, 34, 6)
(20, 35, 6)
(20, 36, 6)
(20, 37, 6)
(20, 38, 6)
(20, 39, 6)

(21, 0, 74)
(21, 1, 56)
(21, 2, 41)
(21, 3, 39)
(21, 4, 32)
(21, 5, 25)
(21, 6, 23)
(21, 7, 23)
(21, 8, 15)
(21, 9, 7)
(21, 10, 7)
(21, 11, 7)
(21, 12, 7)
(21, 13, 7)
(21, 14, 7)
(21, 15, 7)
(21, 16, 7)
(21, 17, 6)
(21, 18, 6)
(21, 19, 6)
(21, 20, 6)
(21, 21, 6)
(21, 22, 6)
(21, 23, 6)
(21, 24, 6)
(21, 25, 6)
(21, 26, 6)
(21, 27, 6)
(21, 28, 6)
(21, 29, 6)
(21, 30, 6)
(21, 31, 6)
(21, 32, 6)
(21, 33, 6)
(21, 34, 6)
(21, 35, 6)
(21, 36, 6)
(21, 37, 6)
(21, 38, 6)
(21, 39, 6)

(22, 0, 83)
(22, 1, 64)
(22, 2, 49)
(22, 3, 47)
(22, 4, 40)
(22, 5, 32)
(22, 6, 30)
(22, 7, 30)
(22, 8, 19)
(22, 9, 9)
(22, 10, 9)
(22, 11, 9)
(22, 12, 9)
(22, 13, 9)
(22, 14, 9)
(22, 15, 9)
(22, 16, 9)
(22, 17, 7)
(22, 18, 7)
(22, 19, 7)
(22, 20, 7)
(22, 21, 7)
(22, 22, 6)
(22, 23, 6)
(22, 24, 6)
(22, 25, 6)
(22, 26, 6)
(22, 27, 6)
(22, 28, 6)
(22, 29, 6)
(22, 30, 6)
(22, 31, 6)
(22, 32, 6)
(22, 33, 6)
(22, 34, 6)
(22, 35, 6)
(22, 36, 6)
(22, 37, 6)
(22, 38, 6)
(22, 39, 6)

(23, 0, 94)
(23, 1, 75)
(23, 2, 56)
(23, 3, 54)
(23, 4, 46)
(23, 5, 37)
(23, 6, 35)
(23, 7, 33)
(23, 8, 22)
(23, 9, 12)
(23, 10, 11)
(23, 11, 11)
(23, 12, 10)
(23, 13, 10)
(23, 14, 10)
(23, 15, 10)
(23, 16, 10)
(23, 17, 7)
(23, 18, 7)
(23, 19, 7)
(23, 20, 7)
(23, 21, 7)
(23, 22, 6)
(23, 23, 6)
(23, 24, 6)
(23, 25, 6)
(23, 26, 6)
(23, 27, 6)
(23, 28, 6)
(23, 29, 6)
(23, 30, 6)
(23, 31, 5)
(23, 32, 5)
(23, 33, 4)
(23, 34, 4)
(23, 35, 4)
(23, 36, 4)
(23, 37, 4)
(23, 38, 4)
(23, 39, 4)

(24, 0, 101)
(24, 1, 82)
(24, 2, 63)
(24, 3, 61)
(24, 4, 53)
(24, 5, 43)
(24, 6, 41)
(24, 7, 39)
(24, 8, 27)
(24, 9, 16)
(24, 10, 14)
(24, 11, 14)
(24, 12, 13)
(24, 13, 13)
(24, 14, 13)
(24, 15, 12)
(24, 16, 12)
(24, 17, 9)
(24, 18, 9)
(24, 19, 9)
(24, 20, 9)
(24, 21, 9)
(24, 22, 9)
(24, 23, 8)
(24, 24, 8)
(24, 25, 8)
(24, 26, 8)
(24, 27, 7)
(24, 28, 6)
(24, 29, 6)
(24, 30, 6)
(24, 31, 5)
(24, 32, 5)
(24, 33, 4)
(24, 34, 4)
(24, 35, 4)
(24, 36, 4)
(24, 37, 4)
(24, 38, 3)
(24, 39, 3)

(25, 0, 118)
(25, 1, 98)
(25, 2, 77)
(25, 3, 75)
(25, 4, 65)
(25, 5, 54)
(25, 6, 52)
(25, 7, 47)
(25, 8, 29)
(25, 9, 16)
(25, 10, 14)
(25, 11, 14)
(25, 12, 13)
(25, 13, 12)
(25, 14, 12)
(25, 15, 11)
(25, 16, 10)
(25, 17, 8)
(25, 18, 8)
(25, 19, 7)
(25, 20, 7)
(25, 21, 6)
(25, 22, 6)
(25, 23, 6)
(25, 24, 5)
(25, 25, 5)
(25, 26, 4)
(25, 27, 4)
(25, 28, 4)
(25, 29, 4)
(25, 30, 4)
(25, 31, 4)
(25, 32, 4)
(25, 33, 4)
(25, 34, 3)
(25, 35, 3)
(25, 36, 3)
(25, 37, 3)
(25, 38, 3)
(25, 39, 3)

(26, 0, 129)
(26, 1, 109)
(26, 2, 86)
(26, 3, 83)
(26, 4, 73)
(26, 5, 62)
(26, 6, 60)
(26, 7, 52)
(26, 8, 31)
(26, 9, 18)
(26, 10, 15)
(26, 11, 15)
(26, 12, 13)
(26, 13, 13)
(26, 14, 13)
(26, 15, 11)
(26, 16, 10)
(26, 17, 8)
(26, 18, 8)
(26, 19, 6)
(26, 20, 6)
(26, 21, 5)
(26, 22, 5)
(26, 23, 5)
(26, 24, 4)
(26, 25, 4)
(26, 26, 3)
(26, 27, 3)
(26, 28, 3)
(26, 29, 3)
(26, 30, 3)
(26, 31, 3)
(26, 32, 3)
(26, 33, 3)
(26, 34, 3)
(26, 35, 3)
(26, 36, 3)
(26, 37, 3)
(26, 38, 3)
(26, 39, 3)

(27, 0, 142)
(27, 1, 122)
(27, 2, 96)
(27, 3, 93)
(27, 4, 81)
(27, 5, 69)
(27, 6, 67)
(27, 7, 57)
(27, 8, 34)
(27, 9, 19)
(27, 10, 13)
(27, 11, 13)
(27, 12, 11)
(27, 13, 11)
(27, 14, 11)
(27, 15, 9)
(27, 16, 9)
(27, 17, 7)
(27, 18, 7)
(27, 19, 5)
(27, 20, 5)
(27, 21, 5)
(27, 22, 4)
(27, 23, 4)
(27, 24, 3)
(27, 25, 3)
(27, 26, 3)
(27, 27, 3)
(27, 28, 3)
(27, 29, 3)
(27, 30, 3)
(27, 31, 3)
(27, 32, 3)
(27, 33, 3)
(27, 34, 3)
(27, 35, 3)
(27, 36, 3)
(27, 37, 3)
(27, 38, 3)
(27, 39, 3)

(28, 0, 162)
(28, 1, 141)
(28, 2, 115)
(28, 3, 110)
(28, 4, 92)
(28, 5, 77)
(28, 6, 72)
(28, 7, 61)
(28, 8, 35)
(28, 9, 18)
(28, 10, 12)
(28, 11, 12)
(28, 12, 10)
(28, 13, 10)
(28, 14, 9)
(28, 15, 8)
(28, 16, 8)
(28, 17, 5)
(28, 18, 5)
(28, 19, 4)
(28, 20, 4)
(28, 21, 4)
(28, 22, 4)
(28, 23, 4)
(28, 24, 3)
(28, 25, 3)
(28, 26, 3)
(28, 27, 3)
(28, 28, 3)
(28, 29, 3)
(28, 30, 3)
(28, 31, 3)
(28, 32, 3)
(28, 33, 3)
(28, 34, 3)
(28, 35, 3)
(28, 36, 3)
(28, 37, 3)
(28, 38, 3)
(28, 39, 3)

(29, 0, 170)
(29, 1, 148)
(29, 2, 120)
(29, 3, 114)
(29, 4, 94)
(29, 5, 79)
(29, 6, 74)
(29, 7, 63)
(29, 8, 35)
(29, 9, 18)
(29, 10, 11)
(29, 11, 11)
(29, 12, 9)
(29, 13, 9)
(29, 14, 9)
(29, 15, 8)
(29, 16, 8)
(29, 17, 5)
(29, 18, 5)
(29, 19, 4)
(29, 20, 4)
(29, 21, 4)
(29, 22, 3)
(29, 23, 3)
(29, 24, 3)
(29, 25, 3)
(29, 26, 3)
(29, 27, 3)
(29, 28, 3)
(29, 29, 3)
(29, 30, 3)
(29, 31, 3)
(29, 32, 3)
(29, 33, 3)
(29, 34, 3)
(29, 35, 3)
(29, 36, 3)
(29, 37, 3)
(29, 38, 3)
(29, 39, 3)

(30, 0, 174)
(30, 1, 152)
(30, 2, 123)
(30, 3, 116)
(30, 4, 96)
(30, 5, 81)
(30, 6, 76)
(30, 7, 65)
(30, 8, 36)
(30, 9, 18)
(30, 10, 11)
(30, 11, 11)
(30, 12, 9)
(30, 13, 9)
(30, 14, 9)
(30, 15, 8)
(30, 16, 8)
(30, 17, 5)
(30, 18, 5)
(30, 19, 4)
(30, 20, 4)
(30, 21, 3)
(30, 22, 3)
(30, 23, 3)
(30, 24, 3)
(30, 25, 3)
(30, 26, 3)
(30, 27, 3)
(30, 28, 3)
(30, 29, 3)
(30, 30, 3)
(30, 31, 3)
(30, 32, 3)
(30, 33, 3)
(30, 34, 3)
(30, 35, 3)
(30, 36, 3)
(30, 37, 3)
(30, 38, 3)
(30, 39, 3)

(31, 0, 179)
(31, 1, 156)
(31, 2, 126)
(31, 3, 119)
(31, 4, 97)
(31, 5, 81)
(31, 6, 76)
(31, 7, 65)
(31, 8, 36)
(31, 9, 18)
(31, 10, 11)
(31, 11, 11)
(31, 12, 9)
(31, 13, 9)
(31, 14, 9)
(31, 15, 8)
(31, 16, 8)
(31, 17, 5)
(31, 18, 5)
(31, 19, 4)
(31, 20, 4)
(31, 21, 3)
(31, 22, 3)
(31, 23, 3)
(31, 24, 3)
(31, 25, 3)
(31, 26, 3)
(31, 27, 3)
(31, 28, 3)
(31, 29, 3)
(31, 30, 3)
(31, 31, 3)
(31, 32, 3)
(31, 33, 3)
(31, 34, 3)
(31, 35, 3)
(31, 36, 3)
(31, 37, 3)
(31, 38, 3)
(31, 39, 3)

(32, 0, 180)
(32, 1, 156)
(32, 2, 126)
(32, 3, 119)
(32, 4, 97)
(32, 5, 81)
(32, 6, 76)
(32, 7, 65)
(32, 8, 36)
(32, 9, 18)
(32, 10, 11)
(32, 11, 11)
(32, 12, 9)
(32, 13, 9)
(32, 14, 9)
(32, 15, 8)
(32, 16, 8)
(32, 17, 5)
(32, 18, 5)
(32, 19, 4)
(32, 20, 4)
(32, 21, 3)
(32, 22, 3)
(32, 23, 3)
(32, 24, 3)
(32, 25, 3)
(32, 26, 3)
(32, 27, 3)
(32, 28, 3)
(32, 29, 3)
(32, 30, 3)
(32, 31, 3)
(32, 32, 3)
(32, 33, 3)
(32, 34, 3)
(32, 35, 3)
(32, 36, 3)
(32, 37, 3)
(32, 38, 3)
(32, 39, 3)

(33, 0, 186)
(33, 1, 162)
(33, 2, 132)
(33, 3, 125)
(33, 4, 101)
(33, 5, 85)
(33, 6, 79)
(33, 7, 67)
(33, 8, 38)
(33, 9, 19)
(33, 10, 12)
(33, 11, 12)
(33, 12, 10)
(33, 13, 9)
(33, 14, 9)
(33, 15, 8)
(33, 16, 8)
(33, 17, 5)
(33, 18, 5)
(33, 19, 4)
(33, 20, 4)
(33, 21, 3)
(33, 22, 3)
(33, 23, 3)
(33, 24, 3)
(33, 25, 3)
(33, 26, 3)
(33, 27, 3)
(33, 28, 3)
(33, 29, 3)
(33, 30, 3)
(33, 31, 3)
(33, 32, 3)
(33, 33, 3)
(33, 34, 3)
(33, 35, 3)
(33, 36, 3)
(33, 37, 3)
(33, 38, 3)
(33, 39, 3)

(34, 0, 190)
(34, 1, 166)
(34, 2, 136)
(34, 3, 129)
(34, 4, 105)
(34, 5, 89)
(34, 6, 83)
(34, 7, 71)
(34, 8, 42)
(34, 9, 23)
(34, 10, 15)
(34, 11, 15)
(34, 12, 13)
(34, 13, 12)
(34, 14, 12)
(34, 15, 11)
(34, 16, 11)
(34, 17, 8)
(34, 18, 8)
(34, 19, 7)
(34, 20, 6)
(34, 21, 5)
(34, 22, 5)
(34, 23, 5)
(34, 24, 5)
(34, 25, 5)
(34, 26, 5)
(34, 27, 5)
(34, 28, 4)
(34, 29, 4)
(34, 30, 4)
(34, 31, 4)
(34, 32, 4)
(34, 33, 4)
(34, 34, 4)
(34, 35, 4)
(34, 36, 4)
(34, 37, 4)
(34, 38, 4)
(34, 39, 4)

(35, 0, 198)
(35, 1, 174)
(35, 2, 143)
(35, 3, 136)
(35, 4, 111)
(35, 5, 95)
(35, 6, 89)
(35, 7, 77)
(35, 8, 47)
(35, 9, 26)
(35, 10, 15)
(35, 11, 15)
(35, 12, 12)
(35, 13, 11)
(35, 14, 11)
(35, 15, 10)
(35, 16, 10)
(35, 17, 7)
(35, 18, 7)
(35, 19, 6)
(35, 20, 6)
(35, 21, 5)
(35, 22, 5)
(35, 23, 5)
(35, 24, 5)
(35, 25, 5)
(35, 26, 5)
(35, 27, 5)
(35, 28, 4)
(35, 29, 4)
(35, 30, 4)
(35, 31, 3)
(35, 32, 3)
(35, 33, 2)
(35, 34, 2)
(35, 35, 2)
(35, 36, 2)
(35, 37, 2)
(35, 38, 2)
(35, 39, 2)

(36, 0, 207)
(36, 1, 183)
(36, 2, 152)
(36, 3, 145)
(36, 4, 119)
(36, 5, 101)
(36, 6, 95)
(36, 7, 83)
(36, 8, 53)
(36, 9, 29)
(36, 10, 15)
(36, 11, 15)
(36, 12, 12)
(36, 13, 12)
(36, 14, 12)
(36, 15, 10)
(36, 16, 10)
(36, 17, 7)
(36, 18, 7)
(36, 19, 6)
(36, 20, 6)
(36, 21, 5)
(36, 22, 4)
(36, 23, 4)
(36, 24, 4)
(36, 25, 4)
(36, 26, 4)
(36, 27, 4)
(36, 28, 3)
(36, 29, 3)
(36, 30, 3)
(36, 31, 2)
(36, 32, 2)
(36, 33, 2)
(36, 34, 2)
(36, 35, 2)
(36, 36, 2)
(36, 37, 2)
(36, 38, 2)
(36, 39, 2)

(37, 0, 218)
(37, 1, 194)
(37, 2, 163)
(37, 3, 156)
(37, 4, 129)
(37, 5, 109)
(37, 6, 103)
(37, 7, 90)
(37, 8, 58)
(37, 9, 29)
(37, 10, 15)
(37, 11, 14)
(37, 12, 10)
(37, 13, 10)
(37, 14, 10)
(37, 15, 9)
(37, 16, 8)
(37, 17, 5)
(37, 18, 5)
(37, 19, 4)
(37, 20, 4)
(37, 21, 3)
(37, 22, 2)
(37, 23, 2)
(37, 24, 2)
(37, 25, 2)
(37, 26, 2)
(37, 27, 2)
(37, 28, 2)
(37, 29, 2)
(37, 30, 2)
(37, 31, 2)
(37, 32, 2)
(37, 33, 2)
(37, 34, 2)
(37, 35, 2)
(37, 36, 2)
(37, 37, 2)
(37, 38, 2)
(37, 39, 2)

(38, 0, 225)
(38, 1, 201)
(38, 2, 170)
(38, 3, 163)
(38, 4, 134)
(38, 5, 114)
(38, 6, 105)
(38, 7, 91)
(38, 8, 59)
(38, 9, 28)
(38, 10, 12)
(38, 11, 12)
(38, 12, 10)
(38, 13, 10)
(38, 14, 10)
(38, 15, 9)
(38, 16, 8)
(38, 17, 5)
(38, 18, 5)
(38, 19, 4)
(38, 20, 4)
(38, 21, 3)
(38, 22, 2)
(38, 23, 2)
(38, 24, 2)
(38, 25, 2)
(38, 26, 2)
(38, 27, 2)
(38, 28, 2)
(38, 29, 2)
(38, 30, 2)
(38, 31, 2)
(38, 32, 2)
(38, 33, 2)
(38, 34, 2)
(38, 35, 2)
(38, 36, 2)
(38, 37, 2)
(38, 38, 2)
(38, 39, 2)

(39, 0, 233)
(39, 1, 209)
(39, 2, 178)
(39, 3, 169)
(39, 4, 135)
(39, 5, 114)
(39, 6, 105)
(39, 7, 90)
(39, 8, 57)
(39, 9, 26)
(39, 10, 11)
(39, 11, 11)
(39, 12, 9)
(39, 13, 9)
(39, 14, 9)
(39, 15, 8)
(39, 16, 8)
(39, 17, 5)
(39, 18, 5)
(39, 19, 4)
(39, 20, 4)
(39, 21, 3)
(39, 22, 2)
(39, 23, 2)
(39, 24, 2)
(39, 25, 2)
(39, 26, 2)
(39, 27, 2)
(39, 28, 2)
(39, 29, 2)
(39, 30, 2)
(39, 31, 2)
(39, 32, 2)
(39, 33, 2)
(39, 34, 2)
(39, 35, 2)
(39, 36, 2)
(39, 37, 2)
(39, 38, 2)
(39, 39, 2)


Betti numbers:
xi_0:
(0, 0, 2)
(2, 0, 2)
(3, 0, 4)
(4, 0, 2)
(5, 0, 1)
(6, 0, 6)
(7, 0, 1)
(8, 0, 5)
(9, 0, 3)
(10, 0, 4)
(11, 0, 3)
(12, 0, 3)
(13, 0, 1)
(14, 0, 8)
(16, 0, 4)
(17, 0, 8)
(18, 0, 4)
(19, 0, 2)
(20, 0, 9)
(21, 0, 2)
(22, 0, 9)
(23, 0, 11)
(24, 0, 7)
(25, 0, 17)
(26, 0, 11)
(27, 0, 13)
(28, 0, 20)
(29, 0, 8)
(30, 0, 4)
(31, 0, 5)
(32, 0, 1)
(33, 0, 6)
(34, 0, 4)
(35, 0, 8)
(36, 0, 9)
(37, 0, 11)
(38, 0, 7)
(39, 0, 8)
xi_1:
(0, 2, 1)
(2, 2, 1)
(3, 1, 2)
(3, 2, 1)
(3, 9, 1)
(4, 1, 3)
(5, 9, 1)
(6, 1, 5)
(6, 6, 1)
(7, 5, 1)
(8, 1, 1)
(8, 2, 1)
(8, 4, 1)
(8, 6, 1)
(9, 1, 2)
(9, 3, 1)
(10, 2, 1)
(10, 5, 2)
(10, 8, 1)
(11, 1, 1)
(11, 3, 1)
(11, 9, 1)
(12, 2, 1)
(12, 5, 1)
(12, 8, 1)
(13, 5, 1)
(14, 1, 2)
(14, 2, 4)
(14, 8, 1)
(14, 9, 1)
(16, 4, 1)
(16, 8, 2)
(17, 1, 2)
(17, 2, 3)
(17, 4, 1)
(17, 9, 1)
(18, 4, 2)
(18, 8, 1)
(19, 8, 1)
(19, 9, 1)
(20, 2, 3)
(20, 4, 2)
(20, 5, 1)
(20, 9, 2)
(20, 17, 1)
(21, 5, 1)
(21, 8, 1)
(22, 1, 1)
(22, 5, 1)
(22, 8, 3)
(22, 9, 2)
(22, 17, 1)
(22, 22, 1)
(23, 2, 4)
(23, 4, 1)
(23, 5, 1)
(23, 7, 2)
(23, 10, 1)
(23, 12, 1)
(23, 17, 1)
(23, 31, 1)
(23, 33, 1)
(24, 5, 1)
(24, 8, 1)
(24, 9, 1)
(24, 10, 1)
(24, 15, 1)
(24, 23, 1)
(24, 27, 1)
(24, 28, 1)
(24, 38, 1)
(25, 1, 1)
(25, 2, 2)
(25, 4, 2)
(25, 5, 1)
(25, 7, 3)
(25, 8, 6)
(25, 9, 2)
(25, 13, 1)
(25, 15, 1)
(25, 16, 1)
(25, 19, 1)
(25, 21, 1)
(25, 24, 1)
(25, 26, 1)
(25, 34, 1)
(26, 2, 2)
(26, 3, 1)
(26, 7, 3)
(26, 8, 3)
(26, 10, 1)
(26, 12, 1)
(26, 15, 1)
(26, 19, 1)
(27, 2, 3)
(27, 4, 2)
(27, 5, 1)
(27, 7, 2)
(27, 8, 2)
(27, 9, 2)
(27, 10, 3)
(27, 22, 1)
(28, 1, 1)
(28, 3, 2)
(28, 4, 6)
(28, 5, 3)
(28, 6, 3)
(28, 7, 1)
(28, 8, 3)
(28, 9, 2)
(28, 10, 1)
(28, 14, 1)
(28, 17, 1)
(29, 1, 1)
(29, 2, 2)
(29, 3, 1)
(29, 4, 2)
(29, 8, 2)
(29, 9, 1)
(29, 10, 1)
(29, 22, 1)
(30, 2, 1)
(30, 3, 1)
(30, 8, 1)
(30, 9, 1)
(30, 21, 1)
(31, 1, 1)
(31, 2, 1)
(31, 4, 2)
(31, 5, 1)
(32, 1, 1)
(33, 4, 2)
(33, 6, 1)
(33, 7, 1)
(33, 9, 1)
(33, 13, 1)
(34, 10, 1)
(34, 20, 1)
(34, 28, 1)
(35, 2, 1)
(35, 4, 1)
(35, 8, 1)
(35, 9, 2)
(35, 10, 3)
(35, 12, 1)
(35, 13, 1)
(35, 31, 1)
(35, 33, 1)
(36, 4, 1)
(36, 5, 2)
(36, 9, 3)
(36, 10, 3)
(36, 15, 1)
(36, 22, 1)
(36, 28, 1)
(37, 4, 1)
(37, 5, 2)
(37, 7, 1)
(37, 8, 2)
(37, 9, 5)
(37, 10, 1)
(37, 11, 1)
(37, 12, 1)
(37, 16, 1)
(38, 4, 2)
(38, 6, 3)
(38, 7, 1)
(38, 9, 2)
(38, 10, 2)
(39, 3, 2)
(39, 4, 5)
(39, 5, 1)
(39, 6, 1)
(39, 7, 1)
(39, 8, 1)
xi_2:
(4, 2, 1)
(24, 22, 1)
(25, 15, 1)
(25, 17, 1)
(25, 23, 1)
(25, 27, 1)
(25, 28, 1)
(25, 31, 1)
(25, 33, 1)
(25, 38, 1)
(26, 13, 1)
(26, 34, 1)
(27, 16, 1)
(27, 21, 1)
(27, 26, 1)
(28, 10, 1)
(28, 15, 1)
(28, 19, 1)
(28, 22, 1)
(29, 9, 1)
(29, 14, 1)
(29, 24, 1)
(30, 22, 1)
(35, 13, 1)
(35, 20, 1)
(36, 13, 1)
(36, 28, 1)
(36, 33, 1)
(37, 10, 1)
(37, 15, 1)
(37, 28, 1)
(37, 31, 1)
(38, 11, 1)
(38, 12, 2)
(39, 6, 1)
(39, 10, 1)
(39, 16, 1)
