x-grades
-305240807291183697/100000000000000000
-149432662444519397/50000000000000000
-292489842486893891/100000000000000000
-71528590021187247/25000000000000000
-55947775536520817/20000000000000000
-136681697640229591/50000000000000000
-266987912878314279/100000000000000000
-8144138452380293/3125000000000000
-254236948074024473/100000000000000000
-24786146567187957/10000000000000000
-241485983269734667/100000000000000000
-58777625216897441/25000000000000000
-228735018465444861/100000000000000000
-111179768031649979/50000000000000000
-43196810732231011/20000000000000000
-26201071407376269/12500000000000000
-203233088856865249/100000000000000000
-98428803227360173/50000000000000000
-190482124052575443/100000000000000000
-9205332082521527/5000000000000000
-177731159248285637/100000000000000000
-85677838423070367/50000000000000000
-164980194443995831/100000000000000000
-9912794502615683/6250000000000000
-6089169185588241/4000000000000000
-72926873618780561/50000000000000000
-139478264835416219/100000000000000000
-33275695608317829/25000000000000000
-126727300031126413/100000000000000000
-12035181762898151/10000000000000000
-113976335226836607/100000000000000000
-13450106603086463/12500000000000000
-101225370422546801/100000000000000000
-47424944010200949/50000000000000000
-17694881123651399/20000000000000000
-20524730804028023/25000000000000000
-75723440813967189/100000000000000000
-34673979205911143/50000000000000000
-62972476009677383/100000000000000000
-176865605023539/312500000000000

y-grades
9928381/40000000
9928381/20000000
29785143/40000000
9928381/10000000
9928381/8000000
29785143/20000000
69498667/40000000
9928381/5000000
89355429/40000000
9928381/4000000
109212191/40000000
29785143/10000000
129068953/40000000
69498667/20000000
29785143/8000000
9928381/2500000
168782477/40000000
89355429/20000000
188639239/40000000
9928381/2000000
208496001/40000000
109212191/20000000
228352763/40000000
29785143/5000000
9928381/1600000
129068953/20000000
268066287/40000000
69498667/10000000
287923049/40000000
29785143/4000000
307779811/40000000
9928381/1250000
327636573/40000000
168782477/20000000
69498667/8000000
89355429/10000000
367350097/40000000
188639239/20000000
387206859/40000000
9928381/1000000

Dimensions > 0:
(0, 0, 1)
(0, 1, 1)
(0, 2, 1)
(0, 3, 1)
(0, 4, 1)
(0, 5, 1)
(0, 6, 1)
(0, 7, 1)
(0, 8, 1)
(0, 9, 1)
(0, 10, 1)
(0, 11, 1)
(0, 12, 1)
(0, 13, 1)
(0, 14, 1)
(0, 15, 1)
(0, 16, 1)
(0, 17, 1)
(0, 18, 1)
(0, 19, 1)
(0, 20, 1)
(0, 21, 1)
(0, 22, 1)
(0, 23, 1)
(0, 24, 1)
(0, 25, 1)
(0, 26, 1)
(0, 27, 1)
(0, 28, 1)
(0, 29, 1)
(0, 30, 1)
(0, 31, 1)
(0, 32, 1)
(0, 33, 1)
(0, 34, 1)
(0, 35, 1)
(0, 36, 1)
(0, 37, 1)
(0, 38, 1)
(0, 39, 1)

(1, 0, 1)
(1, 1, 1)
(1, 2, 1)
(1, 3, 1)
(1, 4, 1)
(1, 5, 1)
(1, 6, 1)
(1, 7, 1)
(1, 8, 1)
(1, 9, 1)
(1, 10, 1)
(1, 11, 1)
(1, 12, 1)
(1, 13, 1)
(1, 14, 1)
(1, 15, 1)
(1, 16, 1)
(1, 17, 1)
(1, 18, 1)
(1, 19, 1)
(1, 20, 1)
(1, 21, 1)
(1, 22, 1)
(1, 23, 1)
(1, 24, 1)
(1, 25, 1)
(1, 26, 1)
(1, 27, 1)
(1, 28, 1)
(1, 29, 1)
(1, 30, 1)
(1, 31, 1)
(1, 32, 1)
(1, 33, 1)
(1, 34, 1)
(1, 35, 1)
(1, 36, 1)
(1, 37, 1)
(1, 38, 1)
(1, 39, 1)

(2, 0, 1)
(2, 1, 1)
(2, 2, 1)
(2, 3, 1)
(2, 4, 1)
(2, 5, 1)
(2, 6, 1)
(2, 7, 1)
(2, 8, 1)
(2, 9, 1)
(2, 10, 1)
(2, 11, 1)
(2, 12, 1)
(2, 13, 1)
(2, 14, 1)
(2, 15, 1)
(2, 16, 1)
(2, 17, 1)
(2, 18, 1)
(2, 19, 1)
(2, 20, 1)
(2, 21, 1)
(2, 22, 1)
(2, 23, 1)
(2, 24, 1)
(2, 25, 1)
(2, 26, 1)
(2, 27, 1)
(2, 28, 1)
(2, 29, 1)
(2, 30, 1)
(2, 31, 1)
(2, 32, 1)
(2, 33, 1)
(2, 34, 1)
(2, 35, 1)
(2, 36, 1)
(2, 37, 1)
(2, 38, 1)
(2, 39, 1)

(3, 0, 1)
(3, 1, 1)
(3, 2, 1)
(3, 3, 1)
(3, 4, 1)
(3, 5, 1)
(3, 6, 1)
(3, 7, 1)
(3, 8, 1)
(3, 9, 1)
(3, 10, 1)
(3, 11, 1)
(3, 12, 1)
(3, 13, 1)
(3, 14, 1)
(3, 15, 1)
(3, 16, 1)
(3, 17, 1)
(3, 18, 1)
(3, 19, 1)
(3, 20, 1)
(3, 21, 1)
(3, 22, 1)
(3, 23, 1)
(3, 24, 1)
(3, 25, 1)
(3, 26, 1)
(3, 27, 1)
(3, 28, 1)
(3, 29, 1)
(3, 30, 1)
(3, 31, 1)
(3, 32, 1)
(3, 33, 1)
(3, 34, 1)
(3, 35, 1)
(3, 36, 1)
(3, 37, 1)
(3, 38, 1)
(3, 39, 1)

(4, 0, 4)
(4, 1, 4)
(4, 2, 4)
(4, 3, 4)
(4, 4, 4)
(4, 5, 4)
(4, 6, 4)
(4, 7, 4)
(4, 8, 3)
(4, 9, 2)
(4, 10, 2)
(4, 11, 2)
(4, 12, 2)
(4, 13, 2)
(4, 14, 2)
(4, 15, 2)
(4, 16, 2)
(4, 17, 2)
(4, 18, 2)
(4, 19, 2)
(4, 20, 2)
(4, 21, 2)
(4, 22, 2)
(4, 23, 2)
(4, 24, 2)
(4, 25, 2)
(4, 26, 2)
(4, 27, 2)
(4, 28, 2)
(4, 29, 2)
(4, 30, 2)
(4, 31, 2)
(4, 32, 2)
(4, 33, 2)
(4, 34, 2)
(4, 35, 2)
(4, 36, 2)
(4, 37, 2)
(4, 38, 2)
(4, 39, 2)

(5, 0, 5)
(5, 1, 5)
(5, 2, 5)
(5, 3, 5)
(5, 4, 5)
(5, 5, 5)
(5, 6, 5)
(5, 7, 5)
(5, 8, 3)
(5, 9, 2)
(5, 10, 2)
(5, 11, 2)
(5, 12, 2)
(5, 13, 2)
(5, 14, 2)
(5, 15, 2)
(5, 16, 2)
(5, 17, 2)
(5, 18, 2)
(5, 19, 2)
(5, 20, 2)
(5, 21, 2)
(5, 22, 2)
(5, 23, 2)
(5, 24, 2)
(5, 25, 2)
(5, 26, 2)
(5, 27, 2)
(5, 28, 2)
(5, 29, 2)
(5, 30, 2)
(5, 31, 2)
(5, 32, 2)
(5, 33, 2)
(5, 34, 2)
(5, 35, 2)
(5, 36, 2)
(5, 37, 2)
(5, 38, 2)
(5, 39, 2)

(6, 0, 8)
(6, 1, 8)
(6, 2, 8)
(6, 3, 8)
(6, 4, 8)
(6, 5, 8)
(6, 6, 8)
(6, 7, 8)
(6, 8, 6)
(6, 9, 5)
(6, 10, 4)
(6, 11, 4)
(6, 12, 4)
(6, 13, 4)
(6, 14, 4)
(6, 15, 4)
(6, 16, 4)
(6, 17, 4)
(6, 18, 4)
(6, 19, 4)
(6, 20, 4)
(6, 21, 4)
(6, 22, 4)
(6, 23, 4)
(6, 24, 4)
(6, 25, 4)
(6, 26, 4)
(6, 27, 4)
(6, 28, 4)
(6, 29, 4)
(6, 30, 4)
(6, 31, 4)
(6, 32, 4)
(6, 33, 4)
(6, 34, 4)
(6, 35, 4)
(6, 36, 4)
(6, 37, 4)
(6, 38, 4)
(6, 39, 4)

(7, 0, 10)
(7, 1, 10)
(7, 2, 10)
(7, 3, 10)
(7, 4, 10)
(7, 5, 10)
(7, 6, 10)
(7, 7, 10)
(7, 8, 8)
(7, 9, 5)
(7, 10, 4)
(7, 11, 4)
(7, 12, 4)
(7, 13, 4)
(7, 14, 4)
(7, 15, 4)
(7, 16, 4)
(7, 17, 4)
(7, 18, 4)
(7, 19, 4)
(7, 20, 4)
(7, 21, 4)
(7, 22, 4)
(7, 23, 4)
(7, 24, 4)
(7, 25, 4)
(7, 26, 4)
(7, 27, 4)
(7, 28, 4)
(7, 29, 4)
(7, 30, 4)
(7, 31, 4)
(7, 32, 4)
(7, 33, 4)
(7, 34, 4)
(7, 35, 4)
(7, 36, 4)
(7, 37, 4)
(7, 38, 4)
(7, 39, 4)

(8, 0, 10)
(8, 1, 10)
(8, 2, 10)
(8, 3, 10)
(8, 4, 10)
(8, 5, 10)
(8, 6, 10)
(8, 7, 10)
(8, 8, 8)
(8, 9, 5)
(8, 10, 4)
(8, 11, 4)
(8, 12, 4)
(8, 13, 4)
(8, 14, 4)
(8, 15, 4)
(8, 16, 4)
(8, 17, 4)
(8, 18, 4)
(8, 19, 4)
(8, 20, 4)
(8, 21, 4)
(8, 22, 4)
(8, 23, 4)
(8, 24, 4)
(8, 25, 4)
(8, 26, 4)
(8, 27, 4)
(8, 28, 4)
(8, 29, 4)
(8, 30, 4)
(8, 31, 4)
(8, 32, 4)
(8, 33, 4)
(8, 34, 4)
(8, 35, 4)
(8, 36, 4)
(8, 37, 4)
(8, 38, 4)
(8, 39, 4)

(9, 0, 10)
(9, 1, 10)
(9, 2, 10)
(9, 3, 10)
(9, 4, 10)
(9, 5, 10)
(9, 6, 10)
(9, 7, 10)
(9, 8, 8)
(9, 9, 5)
(9, 10, 4)
(9, 11, 4)
(9, 12, 4)
(9, 13, 4)
(9, 14, 4)
(9, 15, 4)
(9, 16, 4)
(9, 17, 4)
(9, 18, 4)
(9, 19, 4)
(9, 20, 4)
(9, 21, 4)
(9, 22, 4)
(9, 23, 4)
(9, 24, 4)
(9, 25, 4)
(9, 26, 4)
(9, 27, 4)
(9, 28, 4)
(9, 29, 4)
(9, 30, 4)
(9, 31, 4)
(9, 32, 4)
(9, 33, 4)
(9, 34, 4)
(9, 35, 4)
(9, 36, 4)
(9, 37, 4)
(9, 38, 4)
(9, 39, 4)

(10, 0, 12)
(10, 1, 12)
(10, 2, 12)
(10, 3, 12)
(10, 4, 12)
(10, 5, 12)
(10, 6, 12)
(10, 7, 12)
(10, 8, 10)
(10, 9, 7)
(10, 10, 6)
(10, 11, 6)
(10, 12, 6)
(10, 13, 6)
(10, 14, 6)
(10, 15, 6)
(10, 16, 6)
(10, 17, 6)
(10, 18, 6)
(10, 19, 6)
(10, 20, 6)
(10, 21, 6)
(10, 22, 6)
(10, 23, 6)
(10, 24, 6)
(10, 25, 6)
(10, 26, 6)
(10, 27, 6)
(10, 28, 6)
(10, 29, 6)
(10, 30, 6)
(10, 31, 6)
(10, 32, 6)
(10, 33, 6)
(10, 34, 6)
(10, 35, 6)
(10, 36, 6)
(10, 37, 6)
(10, 38, 6)
(10, 39, 6)

(11, 0, 15)
(11, 1, 15)
(11, 2, 15)
(11, 3, 15)
(11, 4, 15)
(11, 5, 15)
(11, 6, 15)
(11, 7, 15)
(11, 8, 12)
(11, 9, 9)
(11, 10, 8)
(11, 11, 8)
(11, 12, 8)
(11, 13, 8)
(11, 14, 8)
(11, 15, 8)
(11, 16, 8)
(11, 17, 8)
(11, 18, 8)
(11, 19, 8)
(11, 20, 8)
(11, 21, 8)
(11, 22, 8)
(11, 23, 8)
(11, 24, 8)
(11, 25, 8)
(11, 26, 8)
(11, 27, 8)
(11, 28, 8)
(11, 29, 8)
(11, 30, 8)
(11, 31, 8)
(11, 32, 8)
(11, 33, 8)
(11, 34, 8)
(11, 35, 8)
(11, 36, 8)
(11, 37, 8)
(11, 38, 8)
(11, 39, 8)

(12, 0, 19)
(12, 1, 19)
(12, 2, 19)
(12, 3, 19)
(12, 4, 19)
(12, 5, 19)
(12, 6, 19)
(12, 7, 19)
(12, 8, 15)
(12, 9, 11)
(12, 10, 10)
(12, 11, 9)
(12, 12, 9)
(12, 13, 9)
(12, 14, 9)
(12, 15, 9)
(12, 16, 9)
(12, 17, 9)
(12, 18, 9)
(12, 19, 9)
(12, 20, 9)
(12, 21, 9)
(12, 22, 9)
(12, 23, 9)
(12, 24, 9)
(12, 25, 9)
(12, 26, 9)
(12, 27, 9)
(12, 28, 9)
(12, 29, 9)
(12, 30, 9)
(12, 31, 9)
(12, 32, 9)
(12, 33, 9)
(12, 34, 9)
(12, 35, 9)
(12, 36, 9)
(12, 37, 9)
(12, 38, 9)
(12, 39, 9)

(13, 0, 21)
(13, 1, 21)
(13, 2, 21)
(13, 3, 21)
(13, 4, 21)
(13, 5, 21)
(13, 6, 21)
(13, 7, 21)
(13, 8, 16)
(13, 9, 12)
(13, 10, 10)
(13, 11, 9)
(13, 12, 9)
(13, 13, 9)
(13, 14, 9)
(13, 15, 9)
(13, 16, 9)
(13, 17, 9)
(13, 18, 9)
(13, 19, 9)
(13, 20, 9)
(13, 21, 9)
(13, 22, 9)
(13, 23, 9)
(13, 24, 9)
(13, 25, 9)
(13, 26, 9)
(13, 27, 9)
(13, 28, 9)
(13, 29, 9)
(13, 30, 9)
(13, 31, 9)
(13, 32, 9)
(13, 33, 9)
(13, 34, 9)
(13, 35, 9)
(13, 36, 9)
(13, 37, 9)
(13, 38, 9)
(13, 39, 9)

(14, 0, 25)
(14, 1, 25)
(14, 2, 25)
(14, 3, 25)
(14, 4, 25)
(14, 5, 25)
(14, 6, 25)
(14, 7, 25)
(14, 8, 19)
(14, 9, 15)
(14, 10, 12)
(14, 11, 11)
(14, 12, 11)
(14, 13, 11)
(14, 14, 11)
(14, 15, 11)
(14, 16, 11)
(14, 17, 11)
(14, 18, 11)
(14, 19, 11)
(14, 20, 11)
(14, 21, 11)
(14, 22, 11)
(14, 23, 11)
(14, 24, 11)
(14, 25, 11)
(14, 26, 11)
(14, 27, 11)
(14, 28, 11)
(14, 29, 11)
(14, 30, 11)
(14, 31, 11)
(14, 32, 11)
(14, 33, 11)
(14, 34, 11)
(14, 35, 11)
(14, 36, 11)
(14, 37, 11)
(14, 38, 11)
(14, 39, 11)

(15, 0, 31)
(15, 1, 31)
(15, 2, 31)
(15, 3, 31)
(15, 4, 31)
(15, 5, 31)
(15, 6, 31)
(15, 7, 31)
(15, 8, 25)
(15, 9, 19)
(15, 10, 15)
(15, 11, 13)
(15, 12, 13)
(15, 13, 13)
(15, 14, 13)
(15, 15, 13)
(15, 16, 13)
(15, 17, 13)
(15, 18, 13)
(15, 19, 13)
(15, 20, 13)
(15, 21, 13)
(15, 22, 13)
(15, 23, 13)
(15, 24, 13)
(15, 25, 13)
(15, 26, 13)
(15, 27, 13)
(15, 28, 13)
(15, 29, 13)
(15, 30, 13)
(15, 31, 13)
(15, 32, 13)
(15, 33, 13)
(15, 34, 13)
(15, 35, 13)
(15, 36, 13)
(15, 37, 13)
(15, 38, 13)
(15, 39, 13)

(16, 0, 34)
(16, 1, 34)
(16, 2, 34)
(16, 3, 33)
(16, 4, 33)
(16, 5, 33)
(16, 6, 33)
(16, 7, 33)
(16, 8, 26)
(16, 9, 20)
(16, 10, 16)
(16, 11, 14)
(16, 12, 14)
(16, 13, 14)
(16, 14, 14)
(16, 15, 14)
(16, 16, 14)
(16, 17, 14)
(16, 18, 14)
(16, 19, 14)
(16, 20, 14)
(16, 21, 14)
(16, 22, 14)
(16, 23, 14)
(16, 24, 14)
(16, 25, 14)
(16, 26, 14)
(16, 27, 14)
(16, 28, 14)
(16, 29, 14)
(16, 30, 14)
(16, 31, 14)
(16, 32, 14)
(16, 33, 14)
(16, 34, 14)
(16, 35, 14)
(16, 36, 14)
(16, 37, 14)
(16, 38, 14)
(16, 39, 14)

(17, 0, 36)
(17, 1, 36)
(17, 2, 36)
(17, 3, 35)
(17, 4, 35)
(17, 5, 35)
(17, 6, 35)
(17, 7, 35)
(17, 8, 28)
(17, 9, 22)
(17, 10, 17)
(17, 11, 15)
(17, 12, 15)
(17, 13, 15)
(17, 14, 15)
(17, 15, 15)
(17, 16, 15)
(17, 17, 15)
(17, 18, 15)
(17, 19, 15)
(17, 20, 15)
(17, 21, 15)
(17, 22, 15)
(17, 23, 15)
(17, 24, 15)
(17, 25, 15)
(17, 26, 15)
(17, 27, 15)
(17, 28, 15)
(17, 29, 15)
(17, 30, 15)
(17, 31, 15)
(17, 32, 15)
(17, 33, 15)
(17, 34, 15)
(17, 35, 15)
(17, 36, 15)
(17, 37, 15)
(17, 38, 15)
(17, 39, 15)

(18, 0, 43)
(18, 1, 43)
(18, 2, 43)
(18, 3, 40)
(18, 4, 40)
(18, 5, 40)
(18, 6, 40)
(18, 7, 40)
(18, 8, 33)
(18, 9, 27)
(18, 10, 22)
(18, 11, 19)
(18, 12, 19)
(18, 13, 19)
(18, 14, 18)
(18, 15, 18)
(18, 16, 18)
(18, 17, 18)
(18, 18, 18)
(18, 19, 18)
(18, 20, 18)
(18, 21, 18)
(18, 22, 18)
(18, 23, 18)
(18, 24, 18)
(18, 25, 18)
(18, 26, 18)
(18, 27, 18)
(18, 28, 18)
(18, 29, 18)
(18, 30, 18)
(18, 31, 18)
(18, 32, 17)
(18, 33, 17)
(18, 34, 17)
(18, 35, 17)
(18, 36, 17)
(18, 37, 17)
(18, 38, 17)
(18, 39, 17)

(19, 0, 55)
(19, 1, 55)
(19, 2, 54)
(19, 3, 48)
(19, 4, 47)
(19, 5, 47)
(19, 6, 47)
(19, 7, 47)
(19, 8, 40)
(19, 9, 34)
(19, 10, 28)
(19, 11, 23)
(19, 12, 21)
(19, 13, 21)
(19, 14, 20)
(19, 15, 20)
(19, 16, 20)
(19, 17, 20)
(19, 18, 20)
(19, 19, 20)
(19, 20, 20)
(19, 21, 20)
(19, 22, 20)
(19, 23, 20)
(19, 24, 20)
(19, 25, 20)
(19, 26, 20)
(19, 27, 20)
(19, 28, 20)
(19, 29, 20)
(19, 30, 20)
(19, 31, 20)
(19, 32, 19)
(19, 33, 19)
(19, 34, 19)
(19, 35, 19)
(19, 36, 19)
(19, 37, 19)
(19, 38, 19)
(19, 39, 19)

(20, 0, 59)
(20, 1, 59)
(20, 2, 58)
(20, 3, 51)
(20, 4, 49)
(20, 5, 49)
(20, 6, 49)
(20, 7, 49)
(20, 8, 42)
(20, 9, 36)
(20, 10, 30)
(20, 11, 24)
(20, 12, 21)
(20, 13, 21)
(20, 14, 20)
(20, 15, 20)
(20, 16, 20)
(20, 17, 20)
(20, 18, 20)
(20, 19, 20)
(20, 20, 20)
(20, 21, 20)
(20, 22, 20)
(20, 23, 20)
(20, 24, 20)
(20, 25, 20)
(20, 26, 20)
(20, 27, 20)
(20, 28, 20)
(20, 29, 20)
(20, 30, 20)
(20, 31, 20)
(20, 32, 19)
(20, 33, 19)
(20, 34, 19)
(20, 35, 19)
(20, 36, 19)
(20, 37, 19)
(20, 38, 19)
(20, 39, 19)

(21, 0, 62)
(21, 1, 62)
(21, 2, 61)
(21, 3, 53)
(21, 4, 51)
(21, 5, 51)
(21, 6, 51)
(21, 7, 51)
(21, 8, 44)
(21, 9, 38)
(21, 10, 32)
(21, 11, 26)
(21, 12, 23)
(21, 13, 23)
(21, 14, 22)
(21, 15, 21)
(21, 16, 21)
(21, 17, 21)
(21, 18, 21)
(21, 19, 21)
(21, 20, 21)
(21, 21, 21)
(21, 22, 21)
(21, 23, 21)
(21, 24, 21)
(21, 25, 21)
(21, 26, 21)
(21, 27, 21)
(21, 28, 21)
(21, 29, 21)
(21, 30, 21)
(21, 31, 21)
(21, 32, 20)
(21, 33, 20)
(21, 34, 20)
(21, 35, 20)
(21, 36, 20)
(21, 37, 20)
(21, 38, 20)
(21, 39, 20)

(22, 0, 64)
(22, 1, 64)
(22, 2, 63)
(22, 3, 55)
(22, 4, 53)
(22, 5, 53)
(22, 6, 53)
(22, 7, 53)
(22, 8, 46)
(22, 9, 40)
(22, 10, 34)
(22, 11, 28)
(22, 12, 25)
(22, 13, 25)
(22, 14, 24)
(22, 15, 23)
(22, 16, 23)
(22, 17, 23)
(22, 18, 23)
(22, 19, 23)
(22, 20, 23)
(22, 21, 23)
(22, 22, 23)
(22, 23, 23)
(22, 24, 23)
(22, 25, 23)
(22, 26, 23)
(22, 27, 23)
(22, 28, 23)
(22, 29, 23)
(22, 30, 23)
(22, 31, 23)
(22, 32, 21)
(22, 33, 21)
(22, 34, 21)
(22, 35, 21)
(22, 36, 21)
(22, 37, 21)
(22, 38, 21)
(22, 39, 21)

(23, 0, 67)
(23, 1, 67)
(23, 2, 66)
(23, 3, 58)
(23, 4, 56)
(23, 5, 56)
(23, 6, 56)
(23, 7, 56)
(23, 8, 49)
(23, 9, 43)
(23, 10, 37)
(23, 11, 31)
(23, 12, 26)
(23, 13, 26)
(23, 14, 25)
(23, 15, 24)
(23, 16, 24)
(23, 17, 24)
(23, 18, 24)
(23, 19, 24)
(23, 20, 24)
(23, 21, 24)
(23, 22, 24)
(23, 23, 24)
(23, 24, 24)
(23, 25, 24)
(23, 26, 24)
(23, 27, 24)
(23, 28, 24)
(23, 29, 24)
(23, 30, 24)
(23, 31, 24)
(23, 32, 22)
(23, 33, 22)
(23, 34, 22)
(23, 35, 22)
(23, 36, 22)
(23, 37, 22)
(23, 38, 22)
(23, 39, 22)

(24, 0, 71)
(24, 1, 71)
(24, 2, 70)
(24, 3, 62)
(24, 4, 60)
(24, 5, 60)
(24, 6, 60)
(24, 7, 60)
(24, 8, 53)
(24, 9, 47)
(24, 10, 41)
(24, 11, 34)
(24, 12, 28)
(24, 13, 28)
(24, 14, 27)
(24, 15, 26)
(24, 16, 26)
(24, 17, 26)
(24, 18, 26)
(24, 19, 26)
(24, 20, 26)
(24, 21, 26)
(24, 22, 26)
(24, 23, 26)
(24, 24, 26)
(24, 25, 26)
(24, 26, 26)
(24, 27, 26)
(24, 28, 26)
(24, 29, 26)
(24, 30, 26)
(24, 31, 26)
(24, 32, 24)
(24, 33, 24)
(24, 34, 24)
(24, 35, 24)
(24, 36, 24)
(24, 37, 24)
(24, 38, 24)
(24, 39, 24)

(25, 0, 80)
(25, 1, 80)
(25, 2, 79)
(25, 3, 71)
(25, 4, 66)
(25, 5, 66)
(25, 6, 66)
(25, 7, 66)
(25, 8, 58)
(25, 9, 52)
(25, 10, 46)
(25, 11, 38)
(25, 12, 32)
(25, 13, 32)
(25, 14, 30)
(25, 15, 29)
(25, 16, 29)
(25, 17, 29)
(25, 18, 29)
(25, 19, 29)
(25, 20, 29)
(25, 21, 29)
(25, 22, 29)
(25, 23, 28)
(25, 24, 28)
(25, 25, 27)
(25, 26, 27)
(25, 27, 27)
(25, 28, 27)
(25, 29, 27)
(25, 30, 27)
(25, 31, 27)
(25, 32, 25)
(25, 33, 25)
(25, 34, 25)
(25, 35, 25)
(25, 36, 25)
(25, 37, 25)
(25, 38, 25)
(25, 39, 25)

(26, 0, 90)
(26, 1, 90)
(26, 2, 89)
(26, 3, 81)
(26, 4, 73)
(26, 5, 72)
(26, 6, 72)
(26, 7, 72)
(26, 8, 64)
(26, 9, 58)
(26, 10, 52)
(26, 11, 44)
(26, 12, 35)
(26, 13, 35)
(26, 14, 33)
(26, 15, 32)
(26, 16, 32)
(26, 17, 32)
(26, 18, 32)
(26, 19, 32)
(26, 20, 32)
(26, 21, 32)
(26, 22, 32)
(26, 23, 31)
(26, 24, 31)
(26, 25, 30)
(26, 26, 30)
(26, 27, 30)
(26, 28, 30)
(26, 29, 30)
(26, 30, 30)
(26, 31, 30)
(26, 32, 28)
(26, 33, 28)
(26, 34, 28)
(26, 35, 28)
(26, 36, 28)
(26, 37, 28)
(26, 38, 28)
(26, 39, 28)

(27, 0, 99)
(27, 1, 99)
(27, 2, 98)
(27, 3, 90)
(27, 4, 80)
(27, 5, 78)
(27, 6, 78)
(27, 7, 78)
(27, 8, 70)
(27, 9, 64)
(27, 10, 58)
(27, 11, 49)
(27, 12, 39)
(27, 13, 39)
(27, 14, 36)
(27, 15, 35)
(27, 16, 35)
(27, 17, 35)
(27, 18, 35)
(27, 19, 35)
(27, 20, 35)
(27, 21, 35)
(27, 22, 35)
(27, 23, 34)
(27, 24, 34)
(27, 25, 33)
(27, 26, 33)
(27, 27, 33)
(27, 28, 33)
(27, 29, 33)
(27, 30, 33)
(27, 31, 33)
(27, 32, 31)
(27, 33, 31)
(27, 34, 30)
(27, 35, 30)
(27, 36, 30)
(27, 37, 30)
(27, 38, 30)
(27, 39, 30)

(28, 0, 106)
(28, 1, 106)
(28, 2, 105)
(28, 3, 97)
(28, 4, 86)
(28, 5, 84)
(28, 6, 83)
(28, 7, 83)
(28, 8, 75)
(28, 9, 69)
(28, 10, 63)
(28, 11, 53)
(28, 12, 42)
(28, 13, 42)
(28, 14, 39)
(28, 15, 38)
(28, 16, 38)
(28, 17, 38)
(28, 18, 38)
(28, 19, 38)
(28, 20, 38)
(28, 21, 38)
(28, 22, 38)
(28, 23, 36)
(28, 24, 36)
(28, 25, 35)
(28, 26, 35)
(28, 27, 35)
(28, 28, 35)
(28, 29, 35)
(28, 30, 35)
(28, 31, 35)
(28, 32, 33)
(28, 33, 33)
(28, 34, 32)
(28, 35, 32)
(28, 36, 32)
(28, 37, 32)
(28, 38, 32)
(28, 39, 31)

(29, 0, 110)
(29, 1, 110)
(29, 2, 109)
(29, 3, 101)
(29, 4, 89)
(29, 5, 87)
(29, 6, 86)
(29, 7, 86)
(29, 8, 78)
(29, 9, 72)
(29, 10, 66)
(29, 11, 55)
(29, 12, 44)
(29, 13, 44)
(29, 14, 41)
(29, 15, 40)
(29, 16, 40)
(29, 17, 40)
(29, 18, 40)
(29, 19, 40)
(29, 20, 40)
(29, 21, 40)
(29, 22, 40)
(29, 23, 38)
(29, 24, 38)
(29, 25, 36)
(29, 26, 36)
(29, 27, 36)
(29, 28, 36)
(29, 29, 36)
(29, 30, 36)
(29, 31, 36)
(29, 32, 34)
(29, 33, 34)
(29, 34, 33)
(29, 35, 33)
(29, 36, 33)
(29, 37, 33)
(29, 38, 33)
(29, 39, 32)

(30, 0, 150)
(30, 1, 119)
(30, 2, 115)
(30, 3, 106)
(30, 4, 94)
(30, 5, 92)
(30, 6, 91)
(30, 7, 91)
(30, 8, 82)
(30, 9, 76)
(30, 10, 70)
(30, 11, 58)
(30, 12, 47)
(30, 13, 47)
(30, 14, 44)
(30, 15, 43)
(30, 16, 43)
(30, 17, 43)
(30, 18, 43)
(30, 19, 43)
(30, 20, 43)
(30, 21, 43)
(30, 22, 43)
(30, 23, 41)
(30, 24, 41)
(30, 25, 39)
(30, 26, 39)
(30, 27, 39)
(30, 28, 39)
(30, 29, 39)
(30, 30, 39)
(30, 31, 39)
(30, 32, 37)
(30, 33, 37)
(30, 34, 35)
(30, 35, 35)
(30, 36, 35)
(30, 37, 35)
(30, 38, 35)
(30, 39, 34)

(31, 0, 156)
(31, 1, 122)
(31, 2, 118)
(31, 3, 109)
(31, 4, 97)
(31, 5, 94)
(31, 6, 93)
(31, 7, 93)
(31, 8, 83)
(31, 9, 77)
(31, 10, 71)
(31, 11, 59)
(31, 12, 48)
(31, 13, 48)
(31, 14, 45)
(31, 15, 44)
(31, 16, 44)
(31, 17, 44)
(31, 18, 44)
(31, 19, 44)
(31, 20, 44)
(31, 21, 44)
(31, 22, 44)
(31, 23, 41)
(31, 24, 41)
(31, 25, 39)
(31, 26, 39)
(31, 27, 39)
(31, 28, 39)
(31, 29, 39)
(31, 30, 39)
(31, 31, 39)
(31, 32, 37)
(31, 33, 37)
(31, 34, 35)
(31, 35, 35)
(31, 36, 35)
(31, 37, 35)
(31, 38, 35)
(31, 39, 34)

(32, 0, 159)
(32, 1, 125)
(32, 2, 121)
(32, 3, 112)
(32, 4, 100)
(32, 5, 97)
(32, 6, 96)
(32, 7, 96)
(32, 8, 85)
(32, 9, 79)
(32, 10, 73)
(32, 11, 61)
(32, 12, 50)
(32, 13, 50)
(32, 14, 47)
(32, 15, 46)
(32, 16, 46)
(32, 17, 46)
(32, 18, 46)
(32, 19, 46)
(32, 20, 46)
(32, 21, 46)
(32, 22, 46)
(32, 23, 43)
(32, 24, 43)
(32, 25, 40)
(32, 26, 40)
(32, 27, 40)
(32, 28, 40)
(32, 29, 40)
(32, 30, 40)
(32, 31, 40)
(32, 32, 38)
(32, 33, 38)
(32, 34, 36)
(32, 35, 36)
(32, 36, 36)
(32, 37, 36)
(32, 38, 36)
(32, 39, 35)

(33, 0, 160)
(33, 1, 126)
(33, 2, 122)
(33, 3, 113)
(33, 4, 101)
(33, 5, 98)
(33, 6, 97)
(33, 7, 97)
(33, 8, 86)
(33, 9, 80)
(33, 10, 74)
(33, 11, 61)
(33, 12, 50)
(33, 13, 50)
(33, 14, 47)
(33, 15, 46)
(33, 16, 46)
(33, 17, 46)
(33, 18, 46)
(33, 19, 46)
(33, 20, 46)
(33, 21, 46)
(33, 22, 46)
(33, 23, 43)
(33, 24, 43)
(33, 25, 40)
(33, 26, 40)
(33, 27, 40)
(33, 28, 40)
(33, 29, 40)
(33, 30, 40)
(33, 31, 40)
(33, 32, 38)
(33, 33, 38)
(33, 34, 36)
(33, 35, 36)
(33, 36, 36)
(33, 37, 36)
(33, 38, 36)
(33, 39, 35)

(34, 0, 162)
(34, 1, 128)
(34, 2, 124)
(34, 3, 115)
(34, 4, 103)
(34, 5, 100)
(34, 6, 99)
(34, 7, 99)
(34, 8, 88)
(34, 9, 82)
(34, 10, 76)
(34, 11, 62)
(34, 12, 51)
(34, 13, 51)
(34, 14, 48)
(34, 15, 47)
(34, 16, 47)
(34, 17, 47)
(34, 18, 47)
(34, 19, 47)
(34, 20, 47)
(34, 21, 47)
(34, 22, 47)
(34, 23, 44)
(34, 24, 44)
(34, 25, 41)
(34, 26, 41)
(34, 27, 41)
(34, 28, 41)
(34, 29, 41)
(34, 30, 41)
(34, 31, 41)
(34, 32, 39)
(34, 33, 39)
(34, 34, 37)
(34, 35, 37)
(34, 36, 37)
(34, 37, 37)
(34, 38, 37)
(34, 39, 36)

(35, 0, 162)
(35, 1, 128)
(35, 2, 124)
(35, 3, 115)
(35, 4, 103)
(35, 5, 100)
(35, 6, 99)
(35, 7, 99)
(35, 8, 88)
(35, 9, 82)
(35, 10, 76)
(35, 11, 62)
(35, 12, 51)
(35, 13, 51)
(35, 14, 48)
(35, 15, 47)
(35, 16, 47)
(35, 17, 47)
(35, 18, 47)
(35, 19, 47)
(35, 20, 47)
(35, 21, 47)
(35, 22, 47)
(35, 23, 44)
(35, 24, 44)
(35, 25, 41)
(35, 26, 41)
(35, 27, 41)
(35, 28, 41)
(35, 29, 41)
(35, 30, 41)
(35, 31, 41)
(35, 32, 39)
(35, 33, 39)
(35, 34, 37)
(35, 35, 37)
(35, 36, 37)
(35, 37, 37)
(35, 38, 37)
(35, 39, 36)

(36, 0, 162)
(36, 1, 128)
(36, 2, 124)
(36, 3, 115)
(36, 4, 103)
(36, 5, 100)
(36, 6, 99)
(36, 7, 99)
(36, 8, 88)
(36, 9, 82)
(36, 10, 76)
(36, 11, 62)
(36, 12, 51)
(36, 13, 51)
(36, 14, 48)
(36, 15, 47)
(36, 16, 47)
(36, 17, 47)
(36, 18, 47)
(36, 19, 47)
(36, 20, 47)
(36, 21, 47)
(36, 22, 47)
(36, 23, 44)
(36, 24, 44)
(36, 25, 41)
(36, 26, 41)
(36, 27, 41)
(36, 28, 41)
(36, 29, 41)
(36, 30, 41)
(36, 31, 41)
(36, 32, 39)
(36, 33, 39)
(36, 34, 37)
(36, 35, 37)
(36, 36, 37)
(36, 37, 37)
(36, 38, 37)
(36, 39, 36)

(37, 0, 162)
(37, 1, 128)
(37, 2, 124)
(37, 3, 115)
(37, 4, 103)
(37, 5, 100)
(37, 6, 99)
(37, 7, 99)
(37, 8, 88)
(37, 9, 82)
(37, 10, 76)
(37, 11, 62)
(37, 12, 51)
(37, 13, 51)
(37, 14, 48)
(37, 15, 47)
(37, 16, 47)
(37, 17, 47)
(37, 18, 47)
(37, 19, 47)
(37, 20, 47)
(37, 21, 47)
(37, 22, 47)
(37, 23, 44)
(37, 24, 44)
(37, 25, 41)
(37, 26, 41)
(37, 27, 41)
(37, 28, 41)
(37, 29, 41)
(37, 30, 41)
(37, 31, 41)
(37, 32, 39)
(37, 33, 39)
(37, 34, 37)
(37, 35, 37)
(37, 36, 37)
(37, 37, 37)
(37, 38, 37)
(37, 39, 36)

(38, 0, 162)
(38, 1, 128)
(38, 2, 124)
(38, 3, 115)
(38, 4, 103)
(38, 5, 100)
(38, 6, 99)
(38, 7, 99)
(38, 8, 88)
(38, 9, 82)
(38, 10, 76)
(38, 11, 62)
(38, 12, 51)
(38, 13, 51)
(38, 14, 48)
(38, 15, 47)
(38, 16, 47)
(38, 17, 47)
(38, 18, 47)
(38, 19, 47)
(38, 20, 47)
(38, 21, 47)
(38, 22, 47)
(38, 23, 44)
(38, 24, 44)
(38, 25, 41)
(38, 26, 41)
(38, 27, 41)
(38, 28, 41)
(38, 29, 41)
(38, 30, 41)
(38, 31, 41)
(38, 32, 39)
(38, 33, 39)
(38, 34, 37)
(38, 35, 37)
(38, 36, 37)
(38, 37, 37)
(38, 38, 37)
(38, 39, 36)

(39, 0, 165)
(39, 1, 130)
(39, 2, 126)
(39, 3, 117)
(39, 4, 104)
(39, 5, 101)
(39, 6, 100)
(39, 7, 100)
(39, 8, 89)
(39, 9, 83)
(39, 10, 77)
(39, 11, 63)
(39, 12, 52)
(39, 13, 52)
(39, 14, 49)
(39, 15, 48)
(39, 16, 48)
(39, 17, 48)
(39, 18, 48)
(39, 19, 48)
(39, 20, 48)
(39, 21, 48)
(39, 22, 48)
(39, 23, 45)
(39, 24, 45)
(39, 25, 42)
(39, 26, 42)
(39, 27, 42)
(39, 28, 42)
(39, 29, 42)
(39, 30, 42)
(39, 31, 42)
(39, 32, 40)
(39, 33, 40)
(39, 34, 38)
(39, 35, 38)
(39, 36, 38)
(39, 37, 38)
(39, 38, 38)
(39, 39, 37)


Betti numbers:
xi_0:
(0, 0, 1)
(4, 0, 3)
(5, 0, 1)
(6, 0, 3)
(7, 0, 2)
(10, 0, 2)
(11, 0, 3)
(12, 0, 4)
(13, 0, 2)
(14, 0, 4)
(15, 0, 6)
(16, 0, 3)
(17, 0, 2)
(18, 0, 7)
(19, 0, 12)
(20, 0, 4)
(21, 0, 3)
(22, 0, 2)
(23, 0, 3)
(24, 0, 4)
(25, 0, 9)
(26, 0, 10)
(27, 0, 9)
(28, 0, 7)
(29, 0, 4)
(30, 0, 40)
(31, 0, 6)
(32, 0, 3)
(33, 0, 1)
(34, 0, 2)
(39, 0, 3)
xi_1:
(4, 8, 1)
(4, 9, 1)
(5, 8, 1)
(6, 10, 1)
(7, 9, 2)
(11, 8, 1)
(12, 8, 1)
(12, 9, 1)
(12, 11, 1)
(13, 8, 1)
(13, 10, 1)
(14, 8, 1)
(14, 10, 1)
(15, 9, 2)
(15, 10, 1)
(15, 11, 1)
(16, 3, 1)
(16, 8, 1)
(17, 10, 1)
(18, 3, 2)
(18, 11, 1)
(18, 14, 1)
(18, 32, 1)
(19, 2, 1)
(19, 3, 3)
(19, 4, 1)
(19, 10, 1)
(19, 11, 2)
(19, 12, 2)
(20, 3, 1)
(20, 4, 1)
(20, 11, 1)
(20, 12, 1)
(21, 3, 1)
(21, 15, 1)
(22, 32, 1)
(23, 12, 2)
(24, 11, 1)
(24, 12, 1)
(25, 4, 3)
(25, 8, 1)
(25, 11, 1)
(25, 14, 1)
(25, 23, 1)
(25, 25, 1)
(26, 4, 3)
(26, 5, 1)
(26, 12, 3)
(27, 4, 2)
(27, 5, 1)
(27, 11, 1)
(27, 12, 1)
(27, 14, 1)
(27, 34, 1)
(28, 4, 1)
(28, 6, 1)
(28, 11, 1)
(28, 12, 1)
(28, 23, 1)
(28, 39, 1)
(29, 4, 1)
(29, 11, 1)
(29, 25, 1)
(30, 1, 31)
(30, 2, 3)
(30, 3, 1)
(30, 8, 1)
(30, 11, 1)
(30, 34, 1)
(31, 1, 3)
(31, 5, 1)
(31, 8, 1)
(31, 23, 1)
(32, 8, 1)
(32, 25, 1)
(33, 11, 1)
(34, 11, 1)
(39, 1, 1)
(39, 4, 1)
xi_2:
