x-grades
-383025728132745437/500000000000000000
-187813588137877687/250000000000000000
-368228624418765311/500000000000000000
-22551879535110953/31250000000000000
-70686304140957037/100000000000000000
-173016484423897561/250000000000000000
-338634416990805059/500000000000000000
-82808966283453749/125000000000000000
-323837313276824933/500000000000000000
-31643876141983487/50000000000000000
-309040209562844807/500000000000000000
-37705207213231843/62500000000000000
-294243105848864681/500000000000000000
-143422276995937309/250000000000000000
-55889200426976911/100000000000000000
-68011862569473623/125000000000000000
-264648898420904429/500000000000000000
-128625173281957183/250000000000000000
-249851794706924303/500000000000000000
-1515332767812089/3125000000000000
-235054690992944177/500000000000000000
-113828069567977057/250000000000000000
-220257587278964051/500000000000000000
-53214758855493497/125000000000000000
-8218419342599357/20000000000000000
-99030965853996931/250000000000000000
-190663379851003799/500000000000000000
-22908103499251717/62500000000000000
-175866276137023673/500000000000000000
-16846772428003361/50000000000000000
-161069172423043547/500000000000000000
-38417655141513371/125000000000000000
-146272068709063421/500000000000000000
-69436758426036679/250000000000000000
-26294992999016659/100000000000000000
-7754775821130827/31250000000000000
-116677861281103169/500000000000000000
-54639654712056553/250000000000000000
-101880757567123043/500000000000000000
-4724110285506649/25000000000000000

y-grades
4999993/20000000
4999993/10000000
14999979/20000000
4999993/5000000
4999993/4000000
14999979/10000000
34999951/20000000
4999993/2500000
44999937/20000000
4999993/2000000
54999923/20000000
14999979/5000000
64999909/20000000
34999951/10000000
14999979/4000000
4999993/1250000
84999881/20000000
44999937/10000000
94999867/20000000
4999993/1000000
104999853/20000000
54999923/10000000
114999839/20000000
14999979/2500000
4999993/800000
64999909/10000000
134999811/20000000
34999951/5000000
144999797/20000000
14999979/2000000
154999783/20000000
4999993/625000
164999769/20000000
84999881/10000000
34999951/4000000
44999937/5000000
184999741/20000000
94999867/10000000
194999727/20000000
4999993/500000

Dimensions > 0:
(0, 0, 7)
(0, 1, 1)
(0, 2, 1)
(0, 3, 1)
(0, 4, 1)
(0, 5, 1)
(0, 6, 1)
(0, 7, 1)
(0, 8, 1)
(0, 9, 1)
(0, 10, 1)
(0, 11, 1)
(0, 12, 1)
(0, 13, 1)
(0, 14, 1)
(0, 15, 1)
(0, 16, 1)
(0, 17, 1)
(0, 18, 1)
(0, 19, 1)
(0, 20, 1)
(0, 21, 1)
(0, 22, 1)
(0, 23, 1)
(0, 24, 1)
(0, 25, 1)
(0, 26, 1)
(0, 27, 1)
(0, 28, 1)
(0, 29, 1)
(0, 30, 1)
(0, 31, 1)
(0, 32, 1)
(0, 33, 1)
(0, 34, 1)
(0, 35, 1)
(0, 36, 1)
(0, 37, 1)
(0, 38, 1)
(0, 39, 1)

(1, 0, 8)
(1, 1, 2)
(1, 2, 2)
(1, 3, 2)
(1, 4, 2)
(1, 5, 2)
(1, 6, 2)
(1, 7, 2)
(1, 8, 2)
(1, 9, 2)
(1, 10, 2)
(1, 11, 2)
(1, 12, 2)
(1, 13, 2)
(1, 14, 2)
(1, 15, 2)
(1, 16, 2)
(1, 17, 2)
(1, 18, 2)
(1, 19, 2)
(1, 20, 2)
(1, 21, 2)
(1, 22, 2)
(1, 23, 2)
(1, 24, 2)
(1, 25, 2)
(1, 26, 2)
(1, 27, 2)
(1, 28, 2)
(1, 29, 2)
(1, 30, 2)
(1, 31, 2)
(1, 32, 2)
(1, 33, 2)
(1, 34, 2)
(1, 35, 2)
(1, 36, 2)
(1, 37, 2)
(1, 38, 2)
(1, 39, 2)

(2, 0, 14)
(2, 1, 2)
(2, 2, 2)
(2, 3, 2)
(2, 4, 2)
(2, 5, 2)
(2, 6, 2)
(2, 7, 2)
(2, 8, 2)
(2, 9, 2)
(2, 10, 2)
(2, 11, 2)
(2, 12, 2)
(2, 13, 2)
(2, 14, 2)
(2, 15, 2)
(2, 16, 2)
(2, 17, 2)
(2, 18, 2)
(2, 19, 2)
(2, 20, 2)
(2, 21, 2)
(2, 22, 2)
(2, 23, 2)
(2, 24, 2)
(2, 25, 2)
(2, 26, 2)
(2, 27, 2)
(2, 28, 2)
(2, 29, 2)
(2, 30, 2)
(2, 31, 2)
(2, 32, 2)
(2, 33, 2)
(2, 34, 2)
(2, 35, 2)
(2, 36, 2)
(2, 37, 2)
(2, 38, 2)
(2, 39, 2)

(3, 0, 14)
(3, 1, 2)
(3, 2, 2)
(3, 3, 2)
(3, 4, 2)
(3, 5, 2)
(3, 6, 2)
(3, 7, 2)
(3, 8, 2)
(3, 9, 2)
(3, 10, 2)
(3, 11, 2)
(3, 12, 2)
(3, 13, 2)
(3, 14, 2)
(3, 15, 2)
(3, 16, 2)
(3, 17, 2)
(3, 18, 2)
(3, 19, 2)
(3, 20, 2)
(3, 21, 2)
(3, 22, 2)
(3, 23, 2)
(3, 24, 2)
(3, 25, 2)
(3, 26, 2)
(3, 27, 2)
(3, 28, 2)
(3, 29, 2)
(3, 30, 2)
(3, 31, 2)
(3, 32, 2)
(3, 33, 2)
(3, 34, 2)
(3, 35, 2)
(3, 36, 2)
(3, 37, 2)
(3, 38, 2)
(3, 39, 2)

(4, 0, 15)
(4, 1, 3)
(4, 2, 3)
(4, 3, 3)
(4, 4, 3)
(4, 5, 3)
(4, 6, 3)
(4, 7, 3)
(4, 8, 3)
(4, 9, 3)
(4, 10, 3)
(4, 11, 3)
(4, 12, 3)
(4, 13, 3)
(4, 14, 3)
(4, 15, 3)
(4, 16, 3)
(4, 17, 3)
(4, 18, 3)
(4, 19, 3)
(4, 20, 3)
(4, 21, 3)
(4, 22, 3)
(4, 23, 3)
(4, 24, 3)
(4, 25, 3)
(4, 26, 3)
(4, 27, 3)
(4, 28, 3)
(4, 29, 3)
(4, 30, 3)
(4, 31, 3)
(4, 32, 3)
(4, 33, 3)
(4, 34, 3)
(4, 35, 3)
(4, 36, 3)
(4, 37, 3)
(4, 38, 3)
(4, 39, 3)

(5, 0, 19)
(5, 1, 5)
(5, 2, 4)
(5, 3, 4)
(5, 4, 4)
(5, 5, 4)
(5, 6, 4)
(5, 7, 4)
(5, 8, 4)
(5, 9, 4)
(5, 10, 4)
(5, 11, 4)
(5, 12, 4)
(5, 13, 4)
(5, 14, 4)
(5, 15, 4)
(5, 16, 4)
(5, 17, 4)
(5, 18, 4)
(5, 19, 4)
(5, 20, 4)
(5, 21, 4)
(5, 22, 4)
(5, 23, 4)
(5, 24, 4)
(5, 25, 4)
(5, 26, 4)
(5, 27, 4)
(5, 28, 4)
(5, 29, 4)
(5, 30, 4)
(5, 31, 4)
(5, 32, 4)
(5, 33, 4)
(5, 34, 4)
(5, 35, 4)
(5, 36, 4)
(5, 37, 4)
(5, 38, 4)
(5, 39, 4)

(6, 0, 24)
(6, 1, 6)
(6, 2, 4)
(6, 3, 4)
(6, 4, 4)
(6, 5, 4)
(6, 6, 4)
(6, 7, 4)
(6, 8, 4)
(6, 9, 4)
(6, 10, 4)
(6, 11, 4)
(6, 12, 4)
(6, 13, 4)
(6, 14, 4)
(6, 15, 4)
(6, 16, 4)
(6, 17, 4)
(6, 18, 4)
(6, 19, 4)
(6, 20, 4)
(6, 21, 4)
(6, 22, 4)
(6, 23, 4)
(6, 24, 4)
(6, 25, 4)
(6, 26, 4)
(6, 27, 4)
(6, 28, 4)
(6, 29, 4)
(6, 30, 4)
(6, 31, 4)
(6, 32, 4)
(6, 33, 4)
(6, 34, 4)
(6, 35, 4)
(6, 36, 4)
(6, 37, 4)
(6, 38, 4)
(6, 39, 4)

(7, 0, 24)
(7, 1, 6)
(7, 2, 4)
(7, 3, 4)
(7, 4, 4)
(7, 5, 4)
(7, 6, 4)
(7, 7, 4)
(7, 8, 4)
(7, 9, 4)
(7, 10, 4)
(7, 11, 4)
(7, 12, 4)
(7, 13, 4)
(7, 14, 4)
(7, 15, 4)
(7, 16, 4)
(7, 17, 4)
(7, 18, 4)
(7, 19, 4)
(7, 20, 4)
(7, 21, 4)
(7, 22, 4)
(7, 23, 4)
(7, 24, 4)
(7, 25, 4)
(7, 26, 4)
(7, 27, 4)
(7, 28, 4)
(7, 29, 4)
(7, 30, 4)
(7, 31, 4)
(7, 32, 4)
(7, 33, 4)
(7, 34, 4)
(7, 35, 4)
(7, 36, 4)
(7, 37, 4)
(7, 38, 4)
(7, 39, 4)

(8, 0, 24)
(8, 1, 6)
(8, 2, 4)
(8, 3, 4)
(8, 4, 4)
(8, 5, 4)
(8, 6, 4)
(8, 7, 4)
(8, 8, 4)
(8, 9, 4)
(8, 10, 4)
(8, 11, 4)
(8, 12, 4)
(8, 13, 4)
(8, 14, 4)
(8, 15, 4)
(8, 16, 4)
(8, 17, 4)
(8, 18, 4)
(8, 19, 4)
(8, 20, 4)
(8, 21, 4)
(8, 22, 4)
(8, 23, 4)
(8, 24, 4)
(8, 25, 4)
(8, 26, 4)
(8, 27, 4)
(8, 28, 4)
(8, 29, 4)
(8, 30, 4)
(8, 31, 4)
(8, 32, 4)
(8, 33, 4)
(8, 34, 4)
(8, 35, 4)
(8, 36, 4)
(8, 37, 4)
(8, 38, 4)
(8, 39, 4)

(9, 0, 24)
(9, 1, 6)
(9, 2, 4)
(9, 3, 4)
(9, 4, 4)
(9, 5, 4)
(9, 6, 4)
(9, 7, 4)
(9, 8, 4)
(9, 9, 4)
(9, 10, 4)
(9, 11, 4)
(9, 12, 4)
(9, 13, 4)
(9, 14, 4)
(9, 15, 4)
(9, 16, 4)
(9, 17, 4)
(9, 18, 4)
(9, 19, 4)
(9, 20, 4)
(9, 21, 4)
(9, 22, 4)
(9, 23, 4)
(9, 24, 4)
(9, 25, 4)
(9, 26, 4)
(9, 27, 4)
(9, 28, 4)
(9, 29, 4)
(9, 30, 4)
(9, 31, 4)
(9, 32, 4)
(9, 33, 4)
(9, 34, 4)
(9, 35, 4)
(9, 36, 4)
(9, 37, 4)
(9, 38, 4)
(9, 39, 4)

(10, 0, 24)
(10, 1, 6)
(10, 2, 4)
(10, 3, 4)
(10, 4, 4)
(10, 5, 4)
(10, 6, 4)
(10, 7, 4)
(10, 8, 4)
(10, 9, 4)
(10, 10, 4)
(10, 11, 4)
(10, 12, 4)
(10, 13, 4)
(10, 14, 4)
(10, 15, 4)
(10, 16, 4)
(10, 17, 4)
(10, 18, 4)
(10, 19, 4)
(10, 20, 4)
(10, 21, 4)
(10, 22, 4)
(10, 23, 4)
(10, 24, 4)
(10, 25, 4)
(10, 26, 4)
(10, 27, 4)
(10, 28, 4)
(10, 29, 4)
(10, 30, 4)
(10, 31, 4)
(10, 32, 4)
(10, 33, 4)
(10, 34, 4)
(10, 35, 4)
(10, 36, 4)
(10, 37, 4)
(10, 38, 4)
(10, 39, 4)

(11, 0, 26)
(11, 1, 8)
(11, 2, 5)
(11, 3, 5)
(11, 4, 5)
(11, 5, 5)
(11, 6, 5)
(11, 7, 5)
(11, 8, 5)
(11, 9, 5)
(11, 10, 5)
(11, 11, 5)
(11, 12, 5)
(11, 13, 5)
(11, 14, 5)
(11, 15, 5)
(11, 16, 5)
(11, 17, 5)
(11, 18, 5)
(11, 19, 5)
(11, 20, 5)
(11, 21, 5)
(11, 22, 5)
(11, 23, 5)
(11, 24, 5)
(11, 25, 5)
(11, 26, 5)
(11, 27, 5)
(11, 28, 5)
(11, 29, 5)
(11, 30, 5)
(11, 31, 5)
(11, 32, 5)
(11, 33, 5)
(11, 34, 5)
(11, 35, 5)
(11, 36, 5)
(11, 37, 5)
(11, 38, 5)
(11, 39, 5)

(12, 0, 29)
(12, 1, 9)
(12, 2, 5)
(12, 3, 5)
(12, 4, 5)
(12, 5, 5)
(12, 6, 5)
(12, 7, 5)
(12, 8, 5)
(12, 9, 5)
(12, 10, 5)
(12, 11, 5)
(12, 12, 5)
(12, 13, 5)
(12, 14, 5)
(12, 15, 5)
(12, 16, 5)
(12, 17, 5)
(12, 18, 5)
(12, 19, 5)
(12, 20, 5)
(12, 21, 5)
(12, 22, 5)
(12, 23, 5)
(12, 24, 5)
(12, 25, 5)
(12, 26, 5)
(12, 27, 5)
(12, 28, 5)
(12, 29, 5)
(12, 30, 5)
(12, 31, 5)
(12, 32, 5)
(12, 33, 5)
(12, 34, 5)
(12, 35, 5)
(12, 36, 5)
(12, 37, 5)
(12, 38, 5)
(12, 39, 5)

(13, 0, 31)
(13, 1, 9)
(13, 2, 5)
(13, 3, 5)
(13, 4, 5)
(13, 5, 5)
(13, 6, 5)
(13, 7, 5)
(13, 8, 5)
(13, 9, 5)
(13, 10, 5)
(13, 11, 5)
(13, 12, 5)
(13, 13, 5)
(13, 14, 5)
(13, 15, 5)
(13, 16, 5)
(13, 17, 5)
(13, 18, 5)
(13, 19, 5)
(13, 20, 5)
(13, 21, 5)
(13, 22, 5)
(13, 23, 5)
(13, 24, 5)
(13, 25, 5)
(13, 26, 5)
(13, 27, 5)
(13, 28, 5)
(13, 29, 5)
(13, 30, 5)
(13, 31, 5)
(13, 32, 5)
(13, 33, 5)
(13, 34, 5)
(13, 35, 5)
(13, 36, 5)
(13, 37, 5)
(13, 38, 5)
(13, 39, 5)

(14, 0, 31)
(14, 1, 9)
(14, 2, 5)
(14, 3, 5)
(14, 4, 5)
(14, 5, 5)
(14, 6, 5)
(14, 7, 5)
(14, 8, 5)
(14, 9, 5)
(14, 10, 5)
(14, 11, 5)
(14, 12, 5)
(14, 13, 5)
(14, 14, 5)
(14, 15, 5)
(14, 16, 5)
(14, 17, 5)
(14, 18, 5)
(14, 19, 5)
(14, 20, 5)
(14, 21, 5)
(14, 22, 5)
(14, 23, 5)
(14, 24, 5)
(14, 25, 5)
(14, 26, 5)
(14, 27, 5)
(14, 28, 5)
(14, 29, 5)
(14, 30, 5)
(14, 31, 5)
(14, 32, 5)
(14, 33, 5)
(14, 34, 5)
(14, 35, 5)
(14, 36, 5)
(14, 37, 5)
(14, 38, 5)
(14, 39, 5)

(15, 0, 33)
(15, 1, 11)
(15, 2, 7)
(15, 3, 7)
(15, 4, 6)
(15, 5, 6)
(15, 6, 6)
(15, 7, 5)
(15, 8, 5)
(15, 9, 5)
(15, 10, 5)
(15, 11, 5)
(15, 12, 5)
(15, 13, 5)
(15, 14, 5)
(15, 15, 5)
(15, 16, 5)
(15, 17, 5)
(15, 18, 5)
(15, 19, 5)
(15, 20, 5)
(15, 21, 5)
(15, 22, 5)
(15, 23, 5)
(15, 24, 5)
(15, 25, 5)
(15, 26, 5)
(15, 27, 5)
(15, 28, 5)
(15, 29, 5)
(15, 30, 5)
(15, 31, 5)
(15, 32, 5)
(15, 33, 5)
(15, 34, 5)
(15, 35, 5)
(15, 36, 5)
(15, 37, 5)
(15, 38, 5)
(15, 39, 5)

(16, 0, 34)
(16, 1, 11)
(16, 2, 7)
(16, 3, 7)
(16, 4, 6)
(16, 5, 6)
(16, 6, 5)
(16, 7, 5)
(16, 8, 5)
(16, 9, 5)
(16, 10, 5)
(16, 11, 5)
(16, 12, 5)
(16, 13, 5)
(16, 14, 5)
(16, 15, 5)
(16, 16, 5)
(16, 17, 5)
(16, 18, 5)
(16, 19, 5)
(16, 20, 5)
(16, 21, 5)
(16, 22, 5)
(16, 23, 5)
(16, 24, 5)
(16, 25, 5)
(16, 26, 5)
(16, 27, 5)
(16, 28, 5)
(16, 29, 5)
(16, 30, 5)
(16, 31, 5)
(16, 32, 5)
(16, 33, 5)
(16, 34, 5)
(16, 35, 5)
(16, 36, 5)
(16, 37, 5)
(16, 38, 5)
(16, 39, 5)

(17, 0, 47)
(17, 1, 20)
(17, 2, 14)
(17, 3, 14)
(17, 4, 12)
(17, 5, 11)
(17, 6, 10)
(17, 7, 10)
(17, 8, 10)
(17, 9, 9)
(17, 10, 9)
(17, 11, 9)
(17, 12, 9)
(17, 13, 9)
(17, 14, 9)
(17, 15, 9)
(17, 16, 9)
(17, 17, 9)
(17, 18, 9)
(17, 19, 9)
(17, 20, 9)
(17, 21, 9)
(17, 22, 9)
(17, 23, 9)
(17, 24, 8)
(17, 25, 8)
(17, 26, 8)
(17, 27, 8)
(17, 28, 8)
(17, 29, 8)
(17, 30, 8)
(17, 31, 7)
(17, 32, 7)
(17, 33, 7)
(17, 34, 6)
(17, 35, 6)
(17, 36, 6)
(17, 37, 6)
(17, 38, 6)
(17, 39, 6)

(18, 0, 79)
(18, 1, 32)
(18, 2, 14)
(18, 3, 14)
(18, 4, 13)
(18, 5, 13)
(18, 6, 12)
(18, 7, 11)
(18, 8, 11)
(18, 9, 10)
(18, 10, 9)
(18, 11, 9)
(18, 12, 9)
(18, 13, 9)
(18, 14, 9)
(18, 15, 9)
(18, 16, 9)
(18, 17, 9)
(18, 18, 9)
(18, 19, 9)
(18, 20, 8)
(18, 21, 8)
(18, 22, 8)
(18, 23, 8)
(18, 24, 8)
(18, 25, 8)
(18, 26, 7)
(18, 27, 7)
(18, 28, 7)
(18, 29, 7)
(18, 30, 6)
(18, 31, 5)
(18, 32, 5)
(18, 33, 5)
(18, 34, 5)
(18, 35, 5)
(18, 36, 5)
(18, 37, 5)
(18, 38, 5)
(18, 39, 5)

(19, 0, 107)
(19, 1, 42)
(19, 2, 20)
(19, 3, 19)
(19, 4, 16)
(19, 5, 15)
(19, 6, 13)
(19, 7, 13)
(19, 8, 13)
(19, 9, 10)
(19, 10, 8)
(19, 11, 8)
(19, 12, 8)
(19, 13, 8)
(19, 14, 8)
(19, 15, 7)
(19, 16, 7)
(19, 17, 7)
(19, 18, 6)
(19, 19, 6)
(19, 20, 6)
(19, 21, 6)
(19, 22, 6)
(19, 23, 6)
(19, 24, 6)
(19, 25, 6)
(19, 26, 5)
(19, 27, 5)
(19, 28, 5)
(19, 29, 5)
(19, 30, 5)
(19, 31, 5)
(19, 32, 5)
(19, 33, 5)
(19, 34, 5)
(19, 35, 5)
(19, 36, 5)
(19, 37, 5)
(19, 38, 5)
(19, 39, 5)

(20, 0, 133)
(20, 1, 44)
(20, 2, 20)
(20, 3, 20)
(20, 4, 16)
(20, 5, 14)
(20, 6, 12)
(20, 7, 12)
(20, 8, 12)
(20, 9, 8)
(20, 10, 8)
(20, 11, 8)
(20, 12, 8)
(20, 13, 8)
(20, 14, 7)
(20, 15, 7)
(20, 16, 7)
(20, 17, 7)
(20, 18, 6)
(20, 19, 6)
(20, 20, 6)
(20, 21, 6)
(20, 22, 6)
(20, 23, 6)
(20, 24, 6)
(20, 25, 6)
(20, 26, 5)
(20, 27, 5)
(20, 28, 5)
(20, 29, 5)
(20, 30, 5)
(20, 31, 5)
(20, 32, 5)
(20, 33, 5)
(20, 34, 5)
(20, 35, 5)
(20, 36, 5)
(20, 37, 5)
(20, 38, 5)
(20, 39, 5)

(21, 0, 146)
(21, 1, 48)
(21, 2, 24)
(21, 3, 23)
(21, 4, 18)
(21, 5, 15)
(21, 6, 11)
(21, 7, 11)
(21, 8, 11)
(21, 9, 8)
(21, 10, 8)
(21, 11, 7)
(21, 12, 7)
(21, 13, 7)
(21, 14, 7)
(21, 15, 7)
(21, 16, 7)
(21, 17, 7)
(21, 18, 6)
(21, 19, 6)
(21, 20, 6)
(21, 21, 6)
(21, 22, 6)
(21, 23, 6)
(21, 24, 6)
(21, 25, 6)
(21, 26, 5)
(21, 27, 5)
(21, 28, 5)
(21, 29, 5)
(21, 30, 5)
(21, 31, 5)
(21, 32, 5)
(21, 33, 5)
(21, 34, 5)
(21, 35, 5)
(21, 36, 5)
(21, 37, 5)
(21, 38, 5)
(21, 39, 5)

(22, 0, 155)
(22, 1, 52)
(22, 2, 28)
(22, 3, 26)
(22, 4, 21)
(22, 5, 18)
(22, 6, 13)
(22, 7, 12)
(22, 8, 12)
(22, 9, 9)
(22, 10, 9)
(22, 11, 8)
(22, 12, 8)
(22, 13, 8)
(22, 14, 8)
(22, 15, 8)
(22, 16, 8)
(22, 17, 8)
(22, 18, 7)
(22, 19, 7)
(22, 20, 7)
(22, 21, 7)
(22, 22, 7)
(22, 23, 7)
(22, 24, 7)
(22, 25, 7)
(22, 26, 6)
(22, 27, 6)
(22, 28, 6)
(22, 29, 6)
(22, 30, 6)
(22, 31, 6)
(22, 32, 6)
(22, 33, 6)
(22, 34, 6)
(22, 35, 6)
(22, 36, 6)
(22, 37, 6)
(22, 38, 6)
(22, 39, 6)

(23, 0, 182)
(23, 1, 68)
(23, 2, 35)
(23, 3, 32)
(23, 4, 26)
(23, 5, 23)
(23, 6, 12)
(23, 7, 9)
(23, 8, 9)
(23, 9, 8)
(23, 10, 8)
(23, 11, 8)
(23, 12, 8)
(23, 13, 8)
(23, 14, 8)
(23, 15, 8)
(23, 16, 8)
(23, 17, 8)
(23, 18, 7)
(23, 19, 7)
(23, 20, 7)
(23, 21, 7)
(23, 22, 7)
(23, 23, 7)
(23, 24, 7)
(23, 25, 7)
(23, 26, 6)
(23, 27, 6)
(23, 28, 6)
(23, 29, 6)
(23, 30, 6)
(23, 31, 6)
(23, 32, 6)
(23, 33, 6)
(23, 34, 6)
(23, 35, 6)
(23, 36, 6)
(23, 37, 6)
(23, 38, 6)
(23, 39, 6)

(24, 0, 202)
(24, 1, 78)
(24, 2, 39)
(24, 3, 34)
(24, 4, 27)
(24, 5, 24)
(24, 6, 12)
(24, 7, 10)
(24, 8, 10)
(24, 9, 9)
(24, 10, 9)
(24, 11, 9)
(24, 12, 9)
(24, 13, 9)
(24, 14, 9)
(24, 15, 9)
(24, 16, 9)
(24, 17, 9)
(24, 18, 8)
(24, 19, 8)
(24, 20, 8)
(24, 21, 8)
(24, 22, 8)
(24, 23, 8)
(24, 24, 8)
(24, 25, 8)
(24, 26, 7)
(24, 27, 7)
(24, 28, 7)
(24, 29, 6)
(24, 30, 6)
(24, 31, 6)
(24, 32, 6)
(24, 33, 6)
(24, 34, 6)
(24, 35, 6)
(24, 36, 6)
(24, 37, 6)
(24, 38, 6)
(24, 39, 6)

(25, 0, 236)
(25, 1, 94)
(25, 2, 44)
(25, 3, 36)
(25, 4, 29)
(25, 5, 26)
(25, 6, 13)
(25, 7, 11)
(25, 8, 11)
(25, 9, 9)
(25, 10, 9)
(25, 11, 9)
(25, 12, 9)
(25, 13, 9)
(25, 14, 9)
(25, 15, 9)
(25, 16, 9)
(25, 17, 9)
(25, 18, 7)
(25, 19, 7)
(25, 20, 7)
(25, 21, 7)
(25, 22, 7)
(25, 23, 7)
(25, 24, 7)
(25, 25, 7)
(25, 26, 6)
(25, 27, 6)
(25, 28, 6)
(25, 29, 6)
(25, 30, 6)
(25, 31, 6)
(25, 32, 6)
(25, 33, 6)
(25, 34, 6)
(25, 35, 6)
(25, 36, 6)
(25, 37, 6)
(25, 38, 6)
(25, 39, 6)

(26, 0, 268)
(26, 1, 106)
(26, 2, 51)
(26, 3, 44)
(26, 4, 36)
(26, 5, 31)
(26, 6, 14)
(26, 7, 11)
(26, 8, 11)
(26, 9, 10)
(26, 10, 10)
(26, 11, 10)
(26, 12, 10)
(26, 13, 10)
(26, 14, 10)
(26, 15, 10)
(26, 16, 10)
(26, 17, 9)
(26, 18, 7)
(26, 19, 7)
(26, 20, 7)
(26, 21, 7)
(26, 22, 7)
(26, 23, 7)
(26, 24, 7)
(26, 25, 7)
(26, 26, 6)
(26, 27, 5)
(26, 28, 5)
(26, 29, 5)
(26, 30, 5)
(26, 31, 5)
(26, 32, 5)
(26, 33, 5)
(26, 34, 5)
(26, 35, 5)
(26, 36, 5)
(26, 37, 5)
(26, 38, 5)
(26, 39, 5)

(27, 0, 287)
(27, 1, 114)
(27, 2, 52)
(27, 3, 44)
(27, 4, 34)
(27, 5, 29)
(27, 6, 14)
(27, 7, 11)
(27, 8, 11)
(27, 9, 10)
(27, 10, 10)
(27, 11, 10)
(27, 12, 9)
(27, 13, 9)
(27, 14, 9)
(27, 15, 9)
(27, 16, 9)
(27, 17, 9)
(27, 18, 7)
(27, 19, 7)
(27, 20, 7)
(27, 21, 7)
(27, 22, 7)
(27, 23, 7)
(27, 24, 7)
(27, 25, 7)
(27, 26, 6)
(27, 27, 5)
(27, 28, 5)
(27, 29, 5)
(27, 30, 5)
(27, 31, 5)
(27, 32, 5)
(27, 33, 5)
(27, 34, 5)
(27, 35, 5)
(27, 36, 5)
(27, 37, 5)
(27, 38, 5)
(27, 39, 5)

(28, 0, 305)
(28, 1, 122)
(28, 2, 59)
(28, 3, 50)
(28, 4, 40)
(28, 5, 35)
(28, 6, 17)
(28, 7, 13)
(28, 8, 13)
(28, 9, 10)
(28, 10, 9)
(28, 11, 9)
(28, 12, 9)
(28, 13, 9)
(28, 14, 9)
(28, 15, 9)
(28, 16, 9)
(28, 17, 9)
(28, 18, 6)
(28, 19, 6)
(28, 20, 6)
(28, 21, 6)
(28, 22, 6)
(28, 23, 6)
(28, 24, 6)
(28, 25, 6)
(28, 26, 5)
(28, 27, 5)
(28, 28, 5)
(28, 29, 5)
(28, 30, 5)
(28, 31, 5)
(28, 32, 5)
(28, 33, 5)
(28, 34, 5)
(28, 35, 5)
(28, 36, 5)
(28, 37, 5)
(28, 38, 5)
(28, 39, 5)

(29, 0, 319)
(29, 1, 129)
(29, 2, 64)
(29, 3, 54)
(29, 4, 42)
(29, 5, 36)
(29, 6, 18)
(29, 7, 13)
(29, 8, 13)
(29, 9, 9)
(29, 10, 8)
(29, 11, 8)
(29, 12, 8)
(29, 13, 8)
(29, 14, 8)
(29, 15, 8)
(29, 16, 8)
(29, 17, 8)
(29, 18, 6)
(29, 19, 6)
(29, 20, 6)
(29, 21, 6)
(29, 22, 6)
(29, 23, 6)
(29, 24, 6)
(29, 25, 6)
(29, 26, 5)
(29, 27, 5)
(29, 28, 5)
(29, 29, 5)
(29, 30, 5)
(29, 31, 5)
(29, 32, 5)
(29, 33, 5)
(29, 34, 5)
(29, 35, 5)
(29, 36, 5)
(29, 37, 5)
(29, 38, 5)
(29, 39, 5)

(30, 0, 336)
(30, 1, 136)
(30, 2, 70)
(30, 3, 58)
(30, 4, 45)
(30, 5, 39)
(30, 6, 21)
(30, 7, 12)
(30, 8, 12)
(30, 9, 9)
(30, 10, 8)
(30, 11, 8)
(30, 12, 8)
(30, 13, 8)
(30, 14, 8)
(30, 15, 8)
(30, 16, 8)
(30, 17, 8)
(30, 18, 6)
(30, 19, 6)
(30, 20, 6)
(30, 21, 5)
(30, 22, 5)
(30, 23, 5)
(30, 24, 5)
(30, 25, 5)
(30, 26, 5)
(30, 27, 5)
(30, 28, 5)
(30, 29, 5)
(30, 30, 5)
(30, 31, 5)
(30, 32, 5)
(30, 33, 5)
(30, 34, 5)
(30, 35, 5)
(30, 36, 5)
(30, 37, 5)
(30, 38, 5)
(30, 39, 5)

(31, 0, 346)
(31, 1, 143)
(31, 2, 75)
(31, 3, 63)
(31, 4, 47)
(31, 5, 41)
(31, 6, 19)
(31, 7, 11)
(31, 8, 11)
(31, 9, 8)
(31, 10, 7)
(31, 11, 7)
(31, 12, 7)
(31, 13, 7)
(31, 14, 7)
(31, 15, 7)
(31, 16, 7)
(31, 17, 7)
(31, 18, 5)
(31, 19, 5)
(31, 20, 5)
(31, 21, 5)
(31, 22, 5)
(31, 23, 5)
(31, 24, 5)
(31, 25, 5)
(31, 26, 5)
(31, 27, 5)
(31, 28, 5)
(31, 29, 5)
(31, 30, 5)
(31, 31, 5)
(31, 32, 5)
(31, 33, 5)
(31, 34, 5)
(31, 35, 5)
(31, 36, 5)
(31, 37, 5)
(31, 38, 5)
(31, 39, 5)

(32, 0, 351)
(32, 1, 146)
(32, 2, 77)
(32, 3, 65)
(32, 4, 49)
(32, 5, 43)
(32, 6, 19)
(32, 7, 11)
(32, 8, 11)
(32, 9, 8)
(32, 10, 7)
(32, 11, 7)
(32, 12, 7)
(32, 13, 7)
(32, 14, 7)
(32, 15, 7)
(32, 16, 7)
(32, 17, 7)
(32, 18, 5)
(32, 19, 5)
(32, 20, 5)
(32, 21, 5)
(32, 22, 5)
(32, 23, 5)
(32, 24, 5)
(32, 25, 5)
(32, 26, 5)
(32, 27, 5)
(32, 28, 5)
(32, 29, 5)
(32, 30, 5)
(32, 31, 5)
(32, 32, 5)
(32, 33, 5)
(32, 34, 5)
(32, 35, 5)
(32, 36, 5)
(32, 37, 5)
(32, 38, 5)
(32, 39, 5)

(33, 0, 358)
(33, 1, 152)
(33, 2, 81)
(33, 3, 69)
(33, 4, 53)
(33, 5, 46)
(33, 6, 20)
(33, 7, 12)
(33, 8, 11)
(33, 9, 8)
(33, 10, 7)
(33, 11, 7)
(33, 12, 7)
(33, 13, 7)
(33, 14, 7)
(33, 15, 7)
(33, 16, 7)
(33, 17, 7)
(33, 18, 5)
(33, 19, 5)
(33, 20, 5)
(33, 21, 5)
(33, 22, 5)
(33, 23, 5)
(33, 24, 5)
(33, 25, 5)
(33, 26, 5)
(33, 27, 5)
(33, 28, 5)
(33, 29, 5)
(33, 30, 5)
(33, 31, 5)
(33, 32, 5)
(33, 33, 5)
(33, 34, 5)
(33, 35, 5)
(33, 36, 5)
(33, 37, 5)
(33, 38, 5)
(33, 39, 5)

(34, 0, 377)
(34, 1, 165)
(34, 2, 87)
(34, 3, 74)
(34, 4, 58)
(34, 5, 51)
(34, 6, 20)
(34, 7, 13)
(34, 8, 11)
(34, 9, 8)
(34, 10, 7)
(34, 11, 7)
(34, 12, 7)
(34, 13, 7)
(34, 14, 7)
(34, 15, 7)
(34, 16, 7)
(34, 17, 7)
(34, 18, 5)
(34, 19, 5)
(34, 20, 5)
(34, 21, 5)
(34, 22, 5)
(34, 23, 5)
(34, 24, 5)
(34, 25, 5)
(34, 26, 5)
(34, 27, 5)
(34, 28, 5)
(34, 29, 5)
(34, 30, 5)
(34, 31, 5)
(34, 32, 5)
(34, 33, 5)
(34, 34, 5)
(34, 35, 5)
(34, 36, 5)
(34, 37, 5)
(34, 38, 5)
(34, 39, 5)

(35, 0, 387)
(35, 1, 172)
(35, 2, 93)
(35, 3, 77)
(35, 4, 61)
(35, 5, 53)
(35, 6, 21)
(35, 7, 13)
(35, 8, 12)
(35, 9, 8)
(35, 10, 7)
(35, 11, 7)
(35, 12, 7)
(35, 13, 7)
(35, 14, 7)
(35, 15, 7)
(35, 16, 7)
(35, 17, 7)
(35, 18, 5)
(35, 19, 5)
(35, 20, 5)
(35, 21, 5)
(35, 22, 5)
(35, 23, 5)
(35, 24, 5)
(35, 25, 5)
(35, 26, 5)
(35, 27, 5)
(35, 28, 5)
(35, 29, 5)
(35, 30, 5)
(35, 31, 5)
(35, 32, 5)
(35, 33, 5)
(35, 34, 5)
(35, 35, 5)
(35, 36, 5)
(35, 37, 5)
(35, 38, 5)
(35, 39, 5)

(36, 0, 413)
(36, 1, 188)
(36, 2, 99)
(36, 3, 82)
(36, 4, 65)
(36, 5, 57)
(36, 6, 20)
(36, 7, 13)
(36, 8, 12)
(36, 9, 8)
(36, 10, 7)
(36, 11, 7)
(36, 12, 7)
(36, 13, 7)
(36, 14, 7)
(36, 15, 7)
(36, 16, 7)
(36, 17, 7)
(36, 18, 5)
(36, 19, 5)
(36, 20, 5)
(36, 21, 5)
(36, 22, 5)
(36, 23, 5)
(36, 24, 5)
(36, 25, 5)
(36, 26, 5)
(36, 27, 5)
(36, 28, 5)
(36, 29, 5)
(36, 30, 5)
(36, 31, 5)
(36, 32, 5)
(36, 33, 5)
(36, 34, 5)
(36, 35, 5)
(36, 36, 5)
(36, 37, 5)
(36, 38, 5)
(36, 39, 5)

(37, 0, 434)
(37, 1, 203)
(37, 2, 109)
(37, 3, 87)
(37, 4, 69)
(37, 5, 60)
(37, 6, 20)
(37, 7, 11)
(37, 8, 9)
(37, 9, 7)
(37, 10, 7)
(37, 11, 7)
(37, 12, 7)
(37, 13, 7)
(37, 14, 7)
(37, 15, 7)
(37, 16, 7)
(37, 17, 7)
(37, 18, 5)
(37, 19, 5)
(37, 20, 5)
(37, 21, 5)
(37, 22, 5)
(37, 23, 5)
(37, 24, 5)
(37, 25, 5)
(37, 26, 5)
(37, 27, 5)
(37, 28, 5)
(37, 29, 5)
(37, 30, 5)
(37, 31, 5)
(37, 32, 5)
(37, 33, 5)
(37, 34, 5)
(37, 35, 5)
(37, 36, 5)
(37, 37, 5)
(37, 38, 5)
(37, 39, 5)

(38, 0, 447)
(38, 1, 211)
(38, 2, 115)
(38, 3, 93)
(38, 4, 74)
(38, 5, 65)
(38, 6, 20)
(38, 7, 9)
(38, 8, 8)
(38, 9, 7)
(38, 10, 7)
(38, 11, 7)
(38, 12, 7)
(38, 13, 7)
(38, 14, 7)
(38, 15, 7)
(38, 16, 7)
(38, 17, 7)
(38, 18, 5)
(38, 19, 5)
(38, 20, 5)
(38, 21, 5)
(38, 22, 5)
(38, 23, 5)
(38, 24, 5)
(38, 25, 5)
(38, 26, 5)
(38, 27, 5)
(38, 28, 5)
(38, 29, 5)
(38, 30, 5)
(38, 31, 5)
(38, 32, 5)
(38, 33, 5)
(38, 34, 5)
(38, 35, 5)
(38, 36, 5)
(38, 37, 5)
(38, 38, 5)
(38, 39, 5)

(39, 0, 460)
(39, 1, 218)
(39, 2, 122)
(39, 3, 99)
(39, 4, 79)
(39, 5, 68)
(39, 6, 17)
(39, 7, 8)
(39, 8, 8)
(39, 9, 7)
(39, 10, 7)
(39, 11, 7)
(39, 12, 7)
(39, 13, 7)
(39, 14, 7)
(39, 15, 7)
(39, 16, 7)
(39, 17, 7)
(39, 18, 5)
(39, 19, 5)
(39, 20, 5)
(39, 21, 5)
(39, 22, 5)
(39, 23, 5)
(39, 24, 5)
(39, 25, 5)
(39, 26, 5)
(39, 27, 5)
(39, 28, 5)
(39, 29, 5)
(39, 30, 5)
(39, 31, 5)
(39, 32, 5)
(39, 33, 5)
(39, 34, 5)
(39, 35, 5)
(39, 36, 5)
(39, 37, 5)
(39, 38, 5)
(39, 39, 5)


Betti numbers:
xi_0:
(0, 0, 7)
(1, 0, 1)
(2, 0, 6)
(4, 0, 1)
(5, 0, 4)
(6, 0, 5)
(11, 0, 2)
(12, 0, 3)
(13, 0, 2)
(15, 0, 2)
(16, 0, 1)
(17, 0, 13)
(18, 0, 32)
(19, 0, 29)
(20, 0, 26)
(21, 0, 13)
(22, 0, 9)
(23, 0, 28)
(24, 0, 20)
(25, 0, 34)
(26, 0, 32)
(27, 0, 20)
(28, 0, 18)
(29, 0, 14)
(30, 0, 17)
(31, 0, 10)
(32, 0, 5)
(33, 0, 7)
(34, 0, 19)
(35, 0, 10)
(36, 0, 26)
(37, 0, 21)
(38, 0, 13)
(39, 0, 13)
xi_1:
(0, 1, 6)
(2, 1, 6)
(5, 1, 2)
(5, 2, 1)
(6, 1, 4)
(6, 2, 1)
(11, 2, 1)
(12, 1, 2)
(12, 2, 1)
(13, 1, 2)
(15, 4, 1)
(15, 7, 1)
(16, 1, 1)
(16, 6, 1)
(17, 1, 4)
(17, 2, 2)
(17, 4, 1)
(17, 5, 1)
(17, 9, 1)
(17, 24, 1)
(17, 31, 1)
(17, 34, 1)
(18, 1, 20)
(18, 2, 12)
(18, 7, 1)
(18, 10, 1)
(18, 20, 1)
(18, 26, 1)
(18, 30, 1)
(18, 31, 1)
(19, 0, 1)
(19, 1, 19)
(19, 2, 4)
(19, 3, 1)
(19, 4, 2)
(19, 5, 1)
(19, 6, 1)
(19, 9, 2)
(19, 10, 2)
(19, 15, 1)
(19, 18, 1)
(20, 1, 24)
(20, 2, 5)
(20, 4, 2)
(20, 5, 1)
(20, 9, 1)
(20, 14, 1)
(21, 1, 9)
(21, 3, 1)
(21, 4, 1)
(21, 5, 1)
(21, 6, 2)
(21, 11, 1)
(22, 1, 5)
(22, 3, 1)
(22, 6, 1)
(22, 7, 1)
(22, 9, 1)
(23, 0, 1)
(23, 1, 12)
(23, 2, 9)
(23, 3, 1)
(23, 4, 1)
(23, 6, 6)
(23, 7, 2)
(24, 1, 10)
(24, 2, 6)
(24, 3, 2)
(24, 4, 1)
(24, 6, 1)
(24, 29, 1)
(25, 1, 18)
(25, 2, 12)
(25, 3, 4)
(25, 6, 1)
(25, 9, 1)
(25, 18, 1)
(26, 1, 20)
(26, 2, 6)
(26, 3, 1)
(26, 4, 1)
(26, 5, 2)
(26, 6, 4)
(26, 7, 1)
(26, 17, 1)
(26, 27, 1)
(27, 0, 1)
(27, 1, 12)
(27, 2, 8)
(27, 3, 1)
(27, 4, 2)
(27, 12, 1)
(28, 1, 10)
(28, 2, 1)
(28, 3, 1)
(28, 6, 3)
(28, 7, 1)
(28, 9, 2)
(28, 10, 1)
(28, 18, 1)
(29, 1, 7)
(29, 2, 2)
(29, 3, 1)
(29, 4, 2)
(29, 5, 1)
(29, 7, 1)
(29, 9, 2)
(30, 1, 10)
(30, 2, 1)
(30, 3, 2)
(30, 4, 2)
(30, 7, 4)
(30, 21, 1)
(31, 1, 3)
(31, 2, 2)
(31, 4, 3)
(31, 6, 4)
(32, 1, 2)
(32, 2, 1)
(32, 6, 2)
(33, 1, 1)
(33, 2, 2)
(33, 5, 1)
(33, 6, 2)
(33, 8, 1)
(34, 1, 6)
(34, 2, 7)
(34, 3, 1)
(34, 6, 5)
(34, 8, 1)
(35, 1, 3)
(35, 2, 1)
(35, 3, 3)
(35, 5, 1)
(35, 6, 1)
(35, 7, 1)
(35, 9, 1)
(36, 1, 10)
(36, 2, 10)
(36, 3, 1)
(36, 4, 1)
(36, 6, 5)
(36, 9, 1)
(37, 1, 6)
(37, 2, 5)
(37, 3, 5)
(37, 4, 1)
(37, 5, 1)
(37, 6, 3)
(37, 7, 2)
(37, 8, 2)
(38, 1, 5)
(38, 2, 2)
(38, 4, 1)
(38, 6, 5)
(38, 7, 3)
(39, 1, 6)
(39, 3, 1)
(39, 4, 1)
(39, 5, 2)
(39, 6, 6)
(39, 7, 1)
xi_2:
(16, 7, 1)
(18, 4, 1)
(18, 5, 1)
(18, 24, 1)
(18, 31, 1)
(18, 34, 1)
(19, 1, 1)
(19, 7, 1)
(19, 10, 1)
(19, 20, 1)
(19, 30, 1)
(19, 31, 1)
(20, 2, 3)
(20, 3, 1)
(20, 4, 1)
(20, 10, 2)
(20, 15, 1)
(21, 9, 1)
(21, 14, 1)
(22, 9, 1)
(23, 1, 1)
(23, 9, 2)
(23, 11, 1)
(24, 7, 1)
(25, 2, 1)
(25, 3, 1)
(25, 29, 1)
(26, 2, 1)
(26, 3, 2)
(26, 9, 1)
(27, 1, 1)
(27, 2, 1)
(27, 6, 2)
(27, 17, 1)
(28, 12, 1)
(28, 27, 1)
(29, 9, 1)
(29, 18, 1)
(30, 4, 1)
(30, 9, 1)
(30, 26, 1)
(31, 7, 1)
(31, 21, 1)
(34, 7, 1)
(35, 8, 1)
(36, 7, 1)
(36, 9, 1)
(37, 8, 1)
(37, 9, 2)
(37, 10, 1)
(38, 7, 1)
(38, 8, 1)
(38, 9, 1)
(39, 7, 3)
(39, 8, 1)
