x-grades
-58811906681062359067/40000000000000000000
-28682196387206979067/20000000000000000000
-55916878867765557201/40000000000000000000
-13617341240279289067/10000000000000000000
-10604370210893751067/8000000000000000000
-25787168573910177201/20000000000000000000
-50126823241171953469/40000000000000000000
-6084913666815444067/5000000000000000000
-47231795427875151603/40000000000000000000
-4578428152122675067/4000000000000000000
-44336767614578349737/40000000000000000000
-10722313426982487201/10000000000000000000
-41441739801281547871/40000000000000000000
-19997112947316573469/20000000000000000000
-7709342397596949201/8000000000000000000
-2318699880083521567/2500000000000000000
-35651684174687944139/40000000000000000000
-17102085134019771603/20000000000000000000
-32756656361391142273/40000000000000000000
-1565457122737137067/2000000000000000000
-29861628548094340407/40000000000000000000
-14207057320722969737/20000000000000000000
-26966600734797538541/40000000000000000000
-3189885853518642201/5000000000000000000
-962862916860029467/1600000000000000000
-11312029507426167871/20000000000000000000
-21176545108203934809/40000000000000000000
-4932257800388883469/10000000000000000000
-18281517294907132943/40000000000000000000
-1683400338825873201/4000000000000000000
-15386489481610331077/40000000000000000000
-435592986717560317/1250000000000000000
-12491461668313529211/40000000000000000000
-5521973880832564139/20000000000000000000
-1919286771003345469/8000000000000000000
-2037229987092081603/10000000000000000000
-6701406041719925479/40000000000000000000
-2626946067535762273/20000000000000000000
-3806378228423123613/40000000000000000000
-58971608044368067/1000000000000000000

y-grades
399957/1600000
399957/800000
1199871/1600000
399957/400000
399957/320000
1199871/800000
2799699/1600000
399957/200000
3599613/1600000
399957/160000
4399527/1600000
1199871/400000
5199441/1600000
2799699/800000
1199871/320000
399957/100000
6799269/1600000
3599613/800000
7599183/1600000
399957/80000
8399097/1600000
4399527/800000
9199011/1600000
1199871/200000
399957/64000
5199441/800000
10798839/1600000
2799699/400000
11598753/1600000
1199871/160000
12398667/1600000
399957/50000
13198581/1600000
6799269/800000
2799699/320000
3599613/400000
14798409/1600000
7599183/800000
15598323/1600000
399957/40000

Dimensions > 0:
(0, 0, 1)
(0, 1, 1)
(0, 2, 1)
(0, 3, 1)
(0, 4, 1)
(0, 5, 1)
(0, 6, 1)
(0, 7, 1)
(0, 8, 1)
(0, 9, 1)
(0, 10, 1)
(0, 11, 1)
(0, 12, 1)
(0, 13, 1)
(0, 14, 1)
(0, 15, 1)
(0, 16, 1)
(0, 17, 1)
(0, 18, 1)
(0, 19, 1)
(0, 20, 1)
(0, 21, 1)
(0, 22, 1)
(0, 23, 1)
(0, 24, 1)
(0, 25, 1)
(0, 26, 1)
(0, 27, 1)
(0, 28, 1)
(0, 29, 1)
(0, 30, 1)
(0, 31, 1)
(0, 32, 1)
(0, 33, 1)
(0, 34, 1)
(0, 35, 1)
(0, 36, 1)
(0, 37, 1)
(0, 38, 1)
(0, 39, 1)

(1, 0, 4)
(1, 1, 4)
(1, 2, 3)
(1, 3, 3)
(1, 4, 3)
(1, 5, 3)
(1, 6, 3)
(1, 7, 3)
(1, 8, 2)
(1, 9, 2)
(1, 10, 2)
(1, 11, 2)
(1, 12, 1)
(1, 13, 1)
(1, 14, 1)
(1, 15, 1)
(1, 16, 1)
(1, 17, 1)
(1, 18, 1)
(1, 19, 1)
(1, 20, 1)
(1, 21, 1)
(1, 22, 1)
(1, 23, 1)
(1, 24, 1)
(1, 25, 1)
(1, 26, 1)
(1, 27, 1)
(1, 28, 1)
(1, 29, 1)
(1, 30, 1)
(1, 31, 1)
(1, 32, 1)
(1, 33, 1)
(1, 34, 1)
(1, 35, 1)
(1, 36, 1)
(1, 37, 1)
(1, 38, 1)
(1, 39, 1)

(2, 0, 4)
(2, 1, 4)
(2, 2, 3)
(2, 3, 3)
(2, 4, 3)
(2, 5, 3)
(2, 6, 3)
(2, 7, 3)
(2, 8, 2)
(2, 9, 2)
(2, 10, 2)
(2, 11, 2)
(2, 12, 1)
(2, 13, 1)
(2, 14, 1)
(2, 15, 1)
(2, 16, 1)
(2, 17, 1)
(2, 18, 1)
(2, 19, 1)
(2, 20, 1)
(2, 21, 1)
(2, 22, 1)
(2, 23, 1)
(2, 24, 1)
(2, 25, 1)
(2, 26, 1)
(2, 27, 1)
(2, 28, 1)
(2, 29, 1)
(2, 30, 1)
(2, 31, 1)
(2, 32, 1)
(2, 33, 1)
(2, 34, 1)
(2, 35, 1)
(2, 36, 1)
(2, 37, 1)
(2, 38, 1)
(2, 39, 1)

(3, 0, 4)
(3, 1, 4)
(3, 2, 3)
(3, 3, 3)
(3, 4, 3)
(3, 5, 3)
(3, 6, 3)
(3, 7, 3)
(3, 8, 2)
(3, 9, 2)
(3, 10, 2)
(3, 11, 2)
(3, 12, 1)
(3, 13, 1)
(3, 14, 1)
(3, 15, 1)
(3, 16, 1)
(3, 17, 1)
(3, 18, 1)
(3, 19, 1)
(3, 20, 1)
(3, 21, 1)
(3, 22, 1)
(3, 23, 1)
(3, 24, 1)
(3, 25, 1)
(3, 26, 1)
(3, 27, 1)
(3, 28, 1)
(3, 29, 1)
(3, 30, 1)
(3, 31, 1)
(3, 32, 1)
(3, 33, 1)
(3, 34, 1)
(3, 35, 1)
(3, 36, 1)
(3, 37, 1)
(3, 38, 1)
(3, 39, 1)

(4, 0, 5)
(4, 1, 5)
(4, 2, 4)
(4, 3, 4)
(4, 4, 4)
(4, 5, 4)
(4, 6, 4)
(4, 7, 4)
(4, 8, 3)
(4, 9, 3)
(4, 10, 3)
(4, 11, 3)
(4, 12, 2)
(4, 13, 2)
(4, 14, 2)
(4, 15, 2)
(4, 16, 2)
(4, 17, 2)
(4, 18, 2)
(4, 19, 2)
(4, 20, 2)
(4, 21, 2)
(4, 22, 2)
(4, 23, 2)
(4, 24, 2)
(4, 25, 2)
(4, 26, 2)
(4, 27, 2)
(4, 28, 2)
(4, 29, 2)
(4, 30, 2)
(4, 31, 2)
(4, 32, 2)
(4, 33, 2)
(4, 34, 2)
(4, 35, 2)
(4, 36, 2)
(4, 37, 2)
(4, 38, 2)
(4, 39, 2)

(5, 0, 6)
(5, 1, 6)
(5, 2, 5)
(5, 3, 5)
(5, 4, 5)
(5, 5, 5)
(5, 6, 5)
(5, 7, 5)
(5, 8, 4)
(5, 9, 4)
(5, 10, 4)
(5, 11, 4)
(5, 12, 3)
(5, 13, 3)
(5, 14, 3)
(5, 15, 3)
(5, 16, 2)
(5, 17, 2)
(5, 18, 2)
(5, 19, 2)
(5, 20, 2)
(5, 21, 2)
(5, 22, 2)
(5, 23, 2)
(5, 24, 2)
(5, 25, 2)
(5, 26, 2)
(5, 27, 2)
(5, 28, 2)
(5, 29, 2)
(5, 30, 2)
(5, 31, 2)
(5, 32, 2)
(5, 33, 2)
(5, 34, 2)
(5, 35, 2)
(5, 36, 2)
(5, 37, 2)
(5, 38, 2)
(5, 39, 2)

(6, 0, 8)
(6, 1, 8)
(6, 2, 6)
(6, 3, 6)
(6, 4, 6)
(6, 5, 6)
(6, 6, 6)
(6, 7, 6)
(6, 8, 4)
(6, 9, 4)
(6, 10, 4)
(6, 11, 4)
(6, 12, 2)
(6, 13, 2)
(6, 14, 2)
(6, 15, 2)
(6, 16, 2)
(6, 17, 2)
(6, 18, 2)
(6, 19, 2)
(6, 20, 2)
(6, 21, 2)
(6, 22, 2)
(6, 23, 2)
(6, 24, 2)
(6, 25, 2)
(6, 26, 2)
(6, 27, 2)
(6, 28, 2)
(6, 29, 2)
(6, 30, 2)
(6, 31, 2)
(6, 32, 2)
(6, 33, 2)
(6, 34, 2)
(6, 35, 2)
(6, 36, 2)
(6, 37, 2)
(6, 38, 2)
(6, 39, 2)

(7, 0, 8)
(7, 1, 8)
(7, 2, 6)
(7, 3, 6)
(7, 4, 6)
(7, 5, 6)
(7, 6, 6)
(7, 7, 6)
(7, 8, 4)
(7, 9, 4)
(7, 10, 4)
(7, 11, 4)
(7, 12, 2)
(7, 13, 2)
(7, 14, 2)
(7, 15, 2)
(7, 16, 2)
(7, 17, 2)
(7, 18, 2)
(7, 19, 2)
(7, 20, 2)
(7, 21, 2)
(7, 22, 2)
(7, 23, 2)
(7, 24, 2)
(7, 25, 2)
(7, 26, 2)
(7, 27, 2)
(7, 28, 2)
(7, 29, 2)
(7, 30, 2)
(7, 31, 2)
(7, 32, 2)
(7, 33, 2)
(7, 34, 2)
(7, 35, 2)
(7, 36, 2)
(7, 37, 2)
(7, 38, 2)
(7, 39, 2)

(8, 0, 8)
(8, 1, 8)
(8, 2, 6)
(8, 3, 6)
(8, 4, 6)
(8, 5, 6)
(8, 6, 6)
(8, 7, 6)
(8, 8, 4)
(8, 9, 4)
(8, 10, 4)
(8, 11, 4)
(8, 12, 2)
(8, 13, 2)
(8, 14, 2)
(8, 15, 2)
(8, 16, 2)
(8, 17, 2)
(8, 18, 2)
(8, 19, 2)
(8, 20, 2)
(8, 21, 2)
(8, 22, 2)
(8, 23, 2)
(8, 24, 2)
(8, 25, 2)
(8, 26, 2)
(8, 27, 2)
(8, 28, 2)
(8, 29, 2)
(8, 30, 2)
(8, 31, 2)
(8, 32, 2)
(8, 33, 2)
(8, 34, 2)
(8, 35, 2)
(8, 36, 2)
(8, 37, 2)
(8, 38, 2)
(8, 39, 2)

(9, 0, 8)
(9, 1, 8)
(9, 2, 6)
(9, 3, 6)
(9, 4, 6)
(9, 5, 6)
(9, 6, 6)
(9, 7, 6)
(9, 8, 4)
(9, 9, 4)
(9, 10, 4)
(9, 11, 4)
(9, 12, 2)
(9, 13, 2)
(9, 14, 2)
(9, 15, 2)
(9, 16, 2)
(9, 17, 2)
(9, 18, 2)
(9, 19, 2)
(9, 20, 2)
(9, 21, 2)
(9, 22, 2)
(9, 23, 2)
(9, 24, 2)
(9, 25, 2)
(9, 26, 2)
(9, 27, 2)
(9, 28, 2)
(9, 29, 2)
(9, 30, 2)
(9, 31, 2)
(9, 32, 2)
(9, 33, 2)
(9, 34, 2)
(9, 35, 2)
(9, 36, 2)
(9, 37, 2)
(9, 38, 2)
(9, 39, 2)

(10, 0, 8)
(10, 1, 8)
(10, 2, 6)
(10, 3, 6)
(10, 4, 6)
(10, 5, 6)
(10, 6, 6)
(10, 7, 6)
(10, 8, 4)
(10, 9, 4)
(10, 10, 4)
(10, 11, 4)
(10, 12, 2)
(10, 13, 2)
(10, 14, 2)
(10, 15, 2)
(10, 16, 2)
(10, 17, 2)
(10, 18, 2)
(10, 19, 2)
(10, 20, 2)
(10, 21, 2)
(10, 22, 2)
(10, 23, 2)
(10, 24, 2)
(10, 25, 2)
(10, 26, 2)
(10, 27, 2)
(10, 28, 2)
(10, 29, 2)
(10, 30, 2)
(10, 31, 2)
(10, 32, 2)
(10, 33, 2)
(10, 34, 2)
(10, 35, 2)
(10, 36, 2)
(10, 37, 2)
(10, 38, 2)
(10, 39, 2)

(11, 0, 12)
(11, 1, 12)
(11, 2, 9)
(11, 3, 9)
(11, 4, 9)
(11, 5, 9)
(11, 6, 9)
(11, 7, 9)
(11, 8, 7)
(11, 9, 7)
(11, 10, 7)
(11, 11, 5)
(11, 12, 3)
(11, 13, 3)
(11, 14, 3)
(11, 15, 3)
(11, 16, 3)
(11, 17, 3)
(11, 18, 3)
(11, 19, 3)
(11, 20, 3)
(11, 21, 3)
(11, 22, 3)
(11, 23, 3)
(11, 24, 3)
(11, 25, 3)
(11, 26, 3)
(11, 27, 3)
(11, 28, 3)
(11, 29, 3)
(11, 30, 3)
(11, 31, 3)
(11, 32, 3)
(11, 33, 3)
(11, 34, 3)
(11, 35, 3)
(11, 36, 3)
(11, 37, 3)
(11, 38, 3)
(11, 39, 3)

(12, 0, 13)
(12, 1, 13)
(12, 2, 10)
(12, 3, 10)
(12, 4, 10)
(12, 5, 10)
(12, 6, 10)
(12, 7, 10)
(12, 8, 8)
(12, 9, 8)
(12, 10, 8)
(12, 11, 6)
(12, 12, 4)
(12, 13, 4)
(12, 14, 4)
(12, 15, 4)
(12, 16, 4)
(12, 17, 4)
(12, 18, 4)
(12, 19, 4)
(12, 20, 4)
(12, 21, 4)
(12, 22, 4)
(12, 23, 4)
(12, 24, 4)
(12, 25, 4)
(12, 26, 4)
(12, 27, 4)
(12, 28, 4)
(12, 29, 4)
(12, 30, 4)
(12, 31, 4)
(12, 32, 4)
(12, 33, 4)
(12, 34, 4)
(12, 35, 4)
(12, 36, 4)
(12, 37, 4)
(12, 38, 4)
(12, 39, 4)

(13, 0, 15)
(13, 1, 15)
(13, 2, 11)
(13, 3, 11)
(13, 4, 11)
(13, 5, 11)
(13, 6, 11)
(13, 7, 11)
(13, 8, 8)
(13, 9, 8)
(13, 10, 8)
(13, 11, 6)
(13, 12, 4)
(13, 13, 4)
(13, 14, 4)
(13, 15, 4)
(13, 16, 4)
(13, 17, 4)
(13, 18, 4)
(13, 19, 4)
(13, 20, 4)
(13, 21, 4)
(13, 22, 4)
(13, 23, 4)
(13, 24, 4)
(13, 25, 4)
(13, 26, 4)
(13, 27, 4)
(13, 28, 4)
(13, 29, 4)
(13, 30, 4)
(13, 31, 4)
(13, 32, 4)
(13, 33, 4)
(13, 34, 4)
(13, 35, 4)
(13, 36, 4)
(13, 37, 4)
(13, 38, 4)
(13, 39, 4)

(14, 0, 15)
(14, 1, 15)
(14, 2, 11)
(14, 3, 11)
(14, 4, 11)
(14, 5, 11)
(14, 6, 11)
(14, 7, 11)
(14, 8, 8)
(14, 9, 8)
(14, 10, 8)
(14, 11, 6)
(14, 12, 4)
(14, 13, 4)
(14, 14, 4)
(14, 15, 4)
(14, 16, 4)
(14, 17, 4)
(14, 18, 4)
(14, 19, 4)
(14, 20, 4)
(14, 21, 4)
(14, 22, 4)
(14, 23, 4)
(14, 24, 4)
(14, 25, 4)
(14, 26, 4)
(14, 27, 4)
(14, 28, 4)
(14, 29, 4)
(14, 30, 4)
(14, 31, 4)
(14, 32, 4)
(14, 33, 4)
(14, 34, 4)
(14, 35, 4)
(14, 36, 4)
(14, 37, 4)
(14, 38, 4)
(14, 39, 4)

(15, 0, 16)
(15, 1, 16)
(15, 2, 12)
(15, 3, 12)
(15, 4, 12)
(15, 5, 12)
(15, 6, 12)
(15, 7, 12)
(15, 8, 9)
(15, 9, 9)
(15, 10, 9)
(15, 11, 7)
(15, 12, 4)
(15, 13, 4)
(15, 14, 4)
(15, 15, 4)
(15, 16, 4)
(15, 17, 4)
(15, 18, 4)
(15, 19, 4)
(15, 20, 4)
(15, 21, 4)
(15, 22, 4)
(15, 23, 4)
(15, 24, 4)
(15, 25, 4)
(15, 26, 4)
(15, 27, 4)
(15, 28, 4)
(15, 29, 4)
(15, 30, 4)
(15, 31, 4)
(15, 32, 4)
(15, 33, 4)
(15, 34, 4)
(15, 35, 4)
(15, 36, 4)
(15, 37, 4)
(15, 38, 4)
(15, 39, 4)

(16, 0, 16)
(16, 1, 16)
(16, 2, 12)
(16, 3, 12)
(16, 4, 12)
(16, 5, 12)
(16, 6, 12)
(16, 7, 12)
(16, 8, 9)
(16, 9, 9)
(16, 10, 9)
(16, 11, 7)
(16, 12, 4)
(16, 13, 4)
(16, 14, 4)
(16, 15, 4)
(16, 16, 4)
(16, 17, 4)
(16, 18, 4)
(16, 19, 4)
(16, 20, 4)
(16, 21, 4)
(16, 22, 4)
(16, 23, 4)
(16, 24, 4)
(16, 25, 4)
(16, 26, 4)
(16, 27, 4)
(16, 28, 4)
(16, 29, 4)
(16, 30, 4)
(16, 31, 4)
(16, 32, 4)
(16, 33, 4)
(16, 34, 4)
(16, 35, 4)
(16, 36, 4)
(16, 37, 4)
(16, 38, 4)
(16, 39, 4)

(17, 0, 16)
(17, 1, 16)
(17, 2, 12)
(17, 3, 12)
(17, 4, 12)
(17, 5, 12)
(17, 6, 12)
(17, 7, 12)
(17, 8, 9)
(17, 9, 9)
(17, 10, 9)
(17, 11, 7)
(17, 12, 4)
(17, 13, 4)
(17, 14, 4)
(17, 15, 4)
(17, 16, 4)
(17, 17, 4)
(17, 18, 4)
(17, 19, 4)
(17, 20, 4)
(17, 21, 4)
(17, 22, 4)
(17, 23, 4)
(17, 24, 4)
(17, 25, 4)
(17, 26, 4)
(17, 27, 4)
(17, 28, 4)
(17, 29, 4)
(17, 30, 4)
(17, 31, 4)
(17, 32, 4)
(17, 33, 4)
(17, 34, 4)
(17, 35, 4)
(17, 36, 4)
(17, 37, 4)
(17, 38, 4)
(17, 39, 4)

(18, 0, 16)
(18, 1, 16)
(18, 2, 12)
(18, 3, 12)
(18, 4, 12)
(18, 5, 12)
(18, 6, 12)
(18, 7, 12)
(18, 8, 9)
(18, 9, 9)
(18, 10, 9)
(18, 11, 7)
(18, 12, 4)
(18, 13, 4)
(18, 14, 4)
(18, 15, 4)
(18, 16, 4)
(18, 17, 4)
(18, 18, 4)
(18, 19, 4)
(18, 20, 4)
(18, 21, 4)
(18, 22, 4)
(18, 23, 4)
(18, 24, 4)
(18, 25, 4)
(18, 26, 4)
(18, 27, 4)
(18, 28, 4)
(18, 29, 4)
(18, 30, 4)
(18, 31, 4)
(18, 32, 4)
(18, 33, 4)
(18, 34, 4)
(18, 35, 4)
(18, 36, 4)
(18, 37, 4)
(18, 38, 4)
(18, 39, 4)

(19, 0, 16)
(19, 1, 16)
(19, 2, 12)
(19, 3, 12)
(19, 4, 12)
(19, 5, 12)
(19, 6, 12)
(19, 7, 12)
(19, 8, 9)
(19, 9, 9)
(19, 10, 9)
(19, 11, 7)
(19, 12, 4)
(19, 13, 4)
(19, 14, 4)
(19, 15, 4)
(19, 16, 4)
(19, 17, 4)
(19, 18, 4)
(19, 19, 4)
(19, 20, 4)
(19, 21, 4)
(19, 22, 4)
(19, 23, 4)
(19, 24, 4)
(19, 25, 4)
(19, 26, 4)
(19, 27, 4)
(19, 28, 4)
(19, 29, 4)
(19, 30, 4)
(19, 31, 4)
(19, 32, 4)
(19, 33, 4)
(19, 34, 4)
(19, 35, 4)
(19, 36, 4)
(19, 37, 4)
(19, 38, 4)
(19, 39, 4)

(20, 0, 19)
(20, 1, 19)
(20, 2, 14)
(20, 3, 14)
(20, 4, 14)
(20, 5, 14)
(20, 6, 14)
(20, 7, 14)
(20, 8, 10)
(20, 9, 10)
(20, 10, 10)
(20, 11, 8)
(20, 12, 5)
(20, 13, 5)
(20, 14, 5)
(20, 15, 5)
(20, 16, 5)
(20, 17, 5)
(20, 18, 5)
(20, 19, 5)
(20, 20, 5)
(20, 21, 5)
(20, 22, 5)
(20, 23, 5)
(20, 24, 5)
(20, 25, 5)
(20, 26, 5)
(20, 27, 5)
(20, 28, 5)
(20, 29, 5)
(20, 30, 5)
(20, 31, 5)
(20, 32, 5)
(20, 33, 5)
(20, 34, 5)
(20, 35, 5)
(20, 36, 5)
(20, 37, 5)
(20, 38, 5)
(20, 39, 5)

(21, 0, 19)
(21, 1, 19)
(21, 2, 14)
(21, 3, 14)
(21, 4, 14)
(21, 5, 14)
(21, 6, 14)
(21, 7, 14)
(21, 8, 10)
(21, 9, 10)
(21, 10, 10)
(21, 11, 8)
(21, 12, 5)
(21, 13, 5)
(21, 14, 5)
(21, 15, 5)
(21, 16, 5)
(21, 17, 5)
(21, 18, 5)
(21, 19, 5)
(21, 20, 5)
(21, 21, 5)
(21, 22, 5)
(21, 23, 5)
(21, 24, 5)
(21, 25, 5)
(21, 26, 5)
(21, 27, 5)
(21, 28, 5)
(21, 29, 5)
(21, 30, 5)
(21, 31, 5)
(21, 32, 5)
(21, 33, 5)
(21, 34, 5)
(21, 35, 5)
(21, 36, 5)
(21, 37, 5)
(21, 38, 5)
(21, 39, 5)

(22, 0, 20)
(22, 1, 20)
(22, 2, 15)
(22, 3, 15)
(22, 4, 15)
(22, 5, 15)
(22, 6, 15)
(22, 7, 15)
(22, 8, 11)
(22, 9, 11)
(22, 10, 11)
(22, 11, 9)
(22, 12, 5)
(22, 13, 5)
(22, 14, 5)
(22, 15, 5)
(22, 16, 5)
(22, 17, 5)
(22, 18, 5)
(22, 19, 5)
(22, 20, 5)
(22, 21, 5)
(22, 22, 5)
(22, 23, 5)
(22, 24, 5)
(22, 25, 5)
(22, 26, 5)
(22, 27, 5)
(22, 28, 5)
(22, 29, 5)
(22, 30, 5)
(22, 31, 5)
(22, 32, 5)
(22, 33, 5)
(22, 34, 5)
(22, 35, 5)
(22, 36, 5)
(22, 37, 5)
(22, 38, 5)
(22, 39, 5)

(23, 0, 20)
(23, 1, 20)
(23, 2, 15)
(23, 3, 15)
(23, 4, 15)
(23, 5, 15)
(23, 6, 15)
(23, 7, 15)
(23, 8, 11)
(23, 9, 11)
(23, 10, 11)
(23, 11, 9)
(23, 12, 5)
(23, 13, 5)
(23, 14, 5)
(23, 15, 5)
(23, 16, 5)
(23, 17, 5)
(23, 18, 5)
(23, 19, 5)
(23, 20, 5)
(23, 21, 5)
(23, 22, 5)
(23, 23, 5)
(23, 24, 5)
(23, 25, 5)
(23, 26, 5)
(23, 27, 5)
(23, 28, 5)
(23, 29, 5)
(23, 30, 5)
(23, 31, 5)
(23, 32, 5)
(23, 33, 5)
(23, 34, 5)
(23, 35, 5)
(23, 36, 5)
(23, 37, 5)
(23, 38, 5)
(23, 39, 5)

(24, 0, 20)
(24, 1, 20)
(24, 2, 15)
(24, 3, 15)
(24, 4, 15)
(24, 5, 15)
(24, 6, 15)
(24, 7, 15)
(24, 8, 11)
(24, 9, 11)
(24, 10, 11)
(24, 11, 9)
(24, 12, 5)
(24, 13, 5)
(24, 14, 5)
(24, 15, 5)
(24, 16, 5)
(24, 17, 5)
(24, 18, 5)
(24, 19, 5)
(24, 20, 5)
(24, 21, 5)
(24, 22, 5)
(24, 23, 5)
(24, 24, 5)
(24, 25, 5)
(24, 26, 5)
(24, 27, 5)
(24, 28, 5)
(24, 29, 5)
(24, 30, 5)
(24, 31, 5)
(24, 32, 5)
(24, 33, 5)
(24, 34, 5)
(24, 35, 5)
(24, 36, 5)
(24, 37, 5)
(24, 38, 5)
(24, 39, 5)

(25, 0, 20)
(25, 1, 20)
(25, 2, 15)
(25, 3, 15)
(25, 4, 15)
(25, 5, 15)
(25, 6, 15)
(25, 7, 15)
(25, 8, 11)
(25, 9, 11)
(25, 10, 11)
(25, 11, 9)
(25, 12, 5)
(25, 13, 5)
(25, 14, 5)
(25, 15, 5)
(25, 16, 5)
(25, 17, 5)
(25, 18, 5)
(25, 19, 5)
(25, 20, 5)
(25, 21, 5)
(25, 22, 5)
(25, 23, 5)
(25, 24, 5)
(25, 25, 5)
(25, 26, 5)
(25, 27, 5)
(25, 28, 5)
(25, 29, 5)
(25, 30, 5)
(25, 31, 5)
(25, 32, 5)
(25, 33, 5)
(25, 34, 5)
(25, 35, 5)
(25, 36, 5)
(25, 37, 5)
(25, 38, 5)
(25, 39, 5)

(26, 0, 20)
(26, 1, 20)
(26, 2, 15)
(26, 3, 15)
(26, 4, 15)
(26, 5, 15)
(26, 6, 15)
(26, 7, 15)
(26, 8, 11)
(26, 9, 11)
(26, 10, 11)
(26, 11, 9)
(26, 12, 5)
(26, 13, 5)
(26, 14, 5)
(26, 15, 5)
(26, 16, 5)
(26, 17, 5)
(26, 18, 5)
(26, 19, 5)
(26, 20, 5)
(26, 21, 5)
(26, 22, 5)
(26, 23, 5)
(26, 24, 5)
(26, 25, 5)
(26, 26, 5)
(26, 27, 5)
(26, 28, 5)
(26, 29, 5)
(26, 30, 5)
(26, 31, 5)
(26, 32, 5)
(26, 33, 5)
(26, 34, 5)
(26, 35, 5)
(26, 36, 5)
(26, 37, 5)
(26, 38, 5)
(26, 39, 5)

(27, 0, 20)
(27, 1, 20)
(27, 2, 15)
(27, 3, 15)
(27, 4, 15)
(27, 5, 15)
(27, 6, 15)
(27, 7, 15)
(27, 8, 11)
(27, 9, 11)
(27, 10, 11)
(27, 11, 9)
(27, 12, 5)
(27, 13, 5)
(27, 14, 5)
(27, 15, 5)
(27, 16, 5)
(27, 17, 5)
(27, 18, 5)
(27, 19, 5)
(27, 20, 5)
(27, 21, 5)
(27, 22, 5)
(27, 23, 5)
(27, 24, 5)
(27, 25, 5)
(27, 26, 5)
(27, 27, 5)
(27, 28, 5)
(27, 29, 5)
(27, 30, 5)
(27, 31, 5)
(27, 32, 5)
(27, 33, 5)
(27, 34, 5)
(27, 35, 5)
(27, 36, 5)
(27, 37, 5)
(27, 38, 5)
(27, 39, 5)

(28, 0, 20)
(28, 1, 20)
(28, 2, 15)
(28, 3, 15)
(28, 4, 15)
(28, 5, 15)
(28, 6, 15)
(28, 7, 15)
(28, 8, 11)
(28, 9, 11)
(28, 10, 11)
(28, 11, 9)
(28, 12, 5)
(28, 13, 5)
(28, 14, 5)
(28, 15, 5)
(28, 16, 5)
(28, 17, 5)
(28, 18, 5)
(28, 19, 5)
(28, 20, 5)
(28, 21, 5)
(28, 22, 5)
(28, 23, 5)
(28, 24, 5)
(28, 25, 5)
(28, 26, 5)
(28, 27, 5)
(28, 28, 5)
(28, 29, 5)
(28, 30, 5)
(28, 31, 5)
(28, 32, 5)
(28, 33, 5)
(28, 34, 5)
(28, 35, 5)
(28, 36, 5)
(28, 37, 5)
(28, 38, 5)
(28, 39, 5)

(29, 0, 20)
(29, 1, 20)
(29, 2, 15)
(29, 3, 15)
(29, 4, 15)
(29, 5, 15)
(29, 6, 15)
(29, 7, 15)
(29, 8, 11)
(29, 9, 11)
(29, 10, 11)
(29, 11, 9)
(29, 12, 5)
(29, 13, 5)
(29, 14, 5)
(29, 15, 5)
(29, 16, 5)
(29, 17, 5)
(29, 18, 5)
(29, 19, 5)
(29, 20, 5)
(29, 21, 5)
(29, 22, 5)
(29, 23, 5)
(29, 24, 5)
(29, 25, 5)
(29, 26, 5)
(29, 27, 5)
(29, 28, 5)
(29, 29, 5)
(29, 30, 5)
(29, 31, 5)
(29, 32, 5)
(29, 33, 5)
(29, 34, 5)
(29, 35, 5)
(29, 36, 5)
(29, 37, 5)
(29, 38, 5)
(29, 39, 5)

(30, 0, 20)
(30, 1, 20)
(30, 2, 15)
(30, 3, 15)
(30, 4, 15)
(30, 5, 15)
(30, 6, 15)
(30, 7, 15)
(30, 8, 11)
(30, 9, 11)
(30, 10, 11)
(30, 11, 9)
(30, 12, 5)
(30, 13, 5)
(30, 14, 5)
(30, 15, 5)
(30, 16, 5)
(30, 17, 5)
(30, 18, 5)
(30, 19, 5)
(30, 20, 5)
(30, 21, 5)
(30, 22, 5)
(30, 23, 5)
(30, 24, 5)
(30, 25, 5)
(30, 26, 5)
(30, 27, 5)
(30, 28, 5)
(30, 29, 5)
(30, 30, 5)
(30, 31, 5)
(30, 32, 5)
(30, 33, 5)
(30, 34, 5)
(30, 35, 5)
(30, 36, 5)
(30, 37, 5)
(30, 38, 5)
(30, 39, 5)

(31, 0, 22)
(31, 1, 22)
(31, 2, 17)
(31, 3, 17)
(31, 4, 17)
(31, 5, 17)
(31, 6, 17)
(31, 7, 17)
(31, 8, 13)
(31, 9, 13)
(31, 10, 13)
(31, 11, 11)
(31, 12, 7)
(31, 13, 7)
(31, 14, 7)
(31, 15, 7)
(31, 16, 7)
(31, 17, 7)
(31, 18, 7)
(31, 19, 7)
(31, 20, 7)
(31, 21, 7)
(31, 22, 7)
(31, 23, 7)
(31, 24, 7)
(31, 25, 7)
(31, 26, 7)
(31, 27, 7)
(31, 28, 7)
(31, 29, 7)
(31, 30, 7)
(31, 31, 7)
(31, 32, 7)
(31, 33, 7)
(31, 34, 7)
(31, 35, 7)
(31, 36, 7)
(31, 37, 7)
(31, 38, 7)
(31, 39, 7)

(32, 0, 23)
(32, 1, 23)
(32, 2, 18)
(32, 3, 18)
(32, 4, 18)
(32, 5, 18)
(32, 6, 18)
(32, 7, 18)
(32, 8, 14)
(32, 9, 14)
(32, 10, 14)
(32, 11, 12)
(32, 12, 7)
(32, 13, 7)
(32, 14, 7)
(32, 15, 7)
(32, 16, 7)
(32, 17, 7)
(32, 18, 7)
(32, 19, 7)
(32, 20, 7)
(32, 21, 7)
(32, 22, 7)
(32, 23, 7)
(32, 24, 7)
(32, 25, 7)
(32, 26, 7)
(32, 27, 7)
(32, 28, 7)
(32, 29, 7)
(32, 30, 7)
(32, 31, 7)
(32, 32, 7)
(32, 33, 7)
(32, 34, 7)
(32, 35, 7)
(32, 36, 7)
(32, 37, 7)
(32, 38, 7)
(32, 39, 7)

(33, 0, 25)
(33, 1, 25)
(33, 2, 20)
(33, 3, 20)
(33, 4, 20)
(33, 5, 20)
(33, 6, 20)
(33, 7, 20)
(33, 8, 16)
(33, 9, 16)
(33, 10, 16)
(33, 11, 14)
(33, 12, 9)
(33, 13, 8)
(33, 14, 8)
(33, 15, 8)
(33, 16, 8)
(33, 17, 8)
(33, 18, 8)
(33, 19, 8)
(33, 20, 8)
(33, 21, 8)
(33, 22, 7)
(33, 23, 7)
(33, 24, 7)
(33, 25, 7)
(33, 26, 7)
(33, 27, 7)
(33, 28, 7)
(33, 29, 7)
(33, 30, 7)
(33, 31, 7)
(33, 32, 7)
(33, 33, 7)
(33, 34, 7)
(33, 35, 7)
(33, 36, 6)
(33, 37, 6)
(33, 38, 6)
(33, 39, 6)

(34, 0, 29)
(34, 1, 29)
(34, 2, 24)
(34, 3, 24)
(34, 4, 24)
(34, 5, 24)
(34, 6, 24)
(34, 7, 22)
(34, 8, 18)
(34, 9, 18)
(34, 10, 18)
(34, 11, 14)
(34, 12, 8)
(34, 13, 8)
(34, 14, 8)
(34, 15, 8)
(34, 16, 8)
(34, 17, 8)
(34, 18, 8)
(34, 19, 8)
(34, 20, 8)
(34, 21, 8)
(34, 22, 6)
(34, 23, 6)
(34, 24, 6)
(34, 25, 6)
(34, 26, 6)
(34, 27, 6)
(34, 28, 6)
(34, 29, 6)
(34, 30, 6)
(34, 31, 6)
(34, 32, 6)
(34, 33, 6)
(34, 34, 6)
(34, 35, 6)
(34, 36, 6)
(34, 37, 6)
(34, 38, 6)
(34, 39, 6)

(35, 0, 31)
(35, 1, 31)
(35, 2, 26)
(35, 3, 25)
(35, 4, 25)
(35, 5, 25)
(35, 6, 24)
(35, 7, 23)
(35, 8, 19)
(35, 9, 18)
(35, 10, 18)
(35, 11, 14)
(35, 12, 8)
(35, 13, 8)
(35, 14, 8)
(35, 15, 8)
(35, 16, 8)
(35, 17, 8)
(35, 18, 8)
(35, 19, 8)
(35, 20, 8)
(35, 21, 8)
(35, 22, 6)
(35, 23, 6)
(35, 24, 6)
(35, 25, 6)
(35, 26, 6)
(35, 27, 6)
(35, 28, 6)
(35, 29, 6)
(35, 30, 6)
(35, 31, 6)
(35, 32, 6)
(35, 33, 6)
(35, 34, 6)
(35, 35, 6)
(35, 36, 6)
(35, 37, 6)
(35, 38, 6)
(35, 39, 6)

(36, 0, 33)
(36, 1, 33)
(36, 2, 28)
(36, 3, 27)
(36, 4, 27)
(36, 5, 27)
(36, 6, 26)
(36, 7, 25)
(36, 8, 21)
(36, 9, 19)
(36, 10, 19)
(36, 11, 14)
(36, 12, 8)
(36, 13, 8)
(36, 14, 8)
(36, 15, 8)
(36, 16, 8)
(36, 17, 8)
(36, 18, 8)
(36, 19, 8)
(36, 20, 8)
(36, 21, 8)
(36, 22, 6)
(36, 23, 6)
(36, 24, 6)
(36, 25, 6)
(36, 26, 6)
(36, 27, 6)
(36, 28, 6)
(36, 29, 6)
(36, 30, 6)
(36, 31, 6)
(36, 32, 6)
(36, 33, 6)
(36, 34, 6)
(36, 35, 6)
(36, 36, 6)
(36, 37, 6)
(36, 38, 6)
(36, 39, 6)

(37, 0, 37)
(37, 1, 37)
(37, 2, 30)
(37, 3, 29)
(37, 4, 29)
(37, 5, 29)
(37, 6, 28)
(37, 7, 27)
(37, 8, 23)
(37, 9, 21)
(37, 10, 21)
(37, 11, 16)
(37, 12, 10)
(37, 13, 10)
(37, 14, 10)
(37, 15, 10)
(37, 16, 9)
(37, 17, 9)
(37, 18, 9)
(37, 19, 9)
(37, 20, 9)
(37, 21, 9)
(37, 22, 6)
(37, 23, 6)
(37, 24, 6)
(37, 25, 6)
(37, 26, 6)
(37, 27, 6)
(37, 28, 6)
(37, 29, 6)
(37, 30, 6)
(37, 31, 6)
(37, 32, 6)
(37, 33, 6)
(37, 34, 6)
(37, 35, 6)
(37, 36, 6)
(37, 37, 6)
(37, 38, 6)
(37, 39, 6)

(38, 0, 41)
(38, 1, 41)
(38, 2, 34)
(38, 3, 32)
(38, 4, 32)
(38, 5, 32)
(38, 6, 31)
(38, 7, 29)
(38, 8, 25)
(38, 9, 22)
(38, 10, 21)
(38, 11, 16)
(38, 12, 9)
(38, 13, 8)
(38, 14, 8)
(38, 15, 8)
(38, 16, 8)
(38, 17, 8)
(38, 18, 8)
(38, 19, 8)
(38, 20, 8)
(38, 21, 8)
(38, 22, 6)
(38, 23, 6)
(38, 24, 6)
(38, 25, 6)
(38, 26, 6)
(38, 27, 6)
(38, 28, 6)
(38, 29, 6)
(38, 30, 6)
(38, 31, 6)
(38, 32, 6)
(38, 33, 6)
(38, 34, 6)
(38, 35, 6)
(38, 36, 6)
(38, 37, 6)
(38, 38, 6)
(38, 39, 6)

(39, 0, 45)
(39, 1, 45)
(39, 2, 38)
(39, 3, 35)
(39, 4, 35)
(39, 5, 35)
(39, 6, 33)
(39, 7, 31)
(39, 8, 27)
(39, 9, 23)
(39, 10, 22)
(39, 11, 16)
(39, 12, 8)
(39, 13, 8)
(39, 14, 8)
(39, 15, 8)
(39, 16, 8)
(39, 17, 8)
(39, 18, 8)
(39, 19, 8)
(39, 20, 8)
(39, 21, 8)
(39, 22, 6)
(39, 23, 6)
(39, 24, 6)
(39, 25, 6)
(39, 26, 6)
(39, 27, 6)
(39, 28, 6)
(39, 29, 6)
(39, 30, 6)
(39, 31, 6)
(39, 32, 6)
(39, 33, 6)
(39, 34, 6)
(39, 35, 6)
(39, 36, 6)
(39, 37, 6)
(39, 38, 6)
(39, 39, 6)


Betti numbers:
xi_0:
(0, 0, 1)
(1, 0, 3)
(4, 0, 1)
(5, 0, 1)
(6, 0, 2)
(11, 0, 4)
(12, 0, 1)
(13, 0, 2)
(15, 0, 1)
(20, 0, 3)
(22, 0, 1)
(31, 0, 2)
(32, 0, 1)
(33, 0, 2)
(34, 0, 4)
(35, 0, 2)
(36, 0, 2)
(37, 0, 4)
(38, 0, 4)
(39, 0, 4)
xi_1:
(1, 2, 1)
(1, 8, 1)
(1, 12, 1)
(5, 16, 1)
(6, 2, 1)
(6, 8, 1)
(6, 12, 1)
(11, 2, 1)
(11, 11, 2)
(13, 2, 1)
(13, 8, 1)
(15, 12, 1)
(20, 2, 1)
(20, 8, 1)
(22, 12, 1)
(32, 12, 1)
(33, 13, 1)
(33, 22, 1)
(33, 36, 1)
(34, 7, 2)
(34, 11, 2)
(34, 12, 1)
(34, 22, 1)
(35, 3, 1)
(35, 6, 1)
(35, 9, 1)
(36, 9, 1)
(36, 11, 1)
(37, 2, 2)
(37, 16, 1)
(37, 22, 1)
(38, 3, 1)
(38, 7, 1)
(38, 9, 1)
(38, 10, 1)
(38, 12, 1)
(38, 13, 1)
(39, 3, 1)
(39, 6, 1)
(39, 9, 1)
(39, 11, 2)
(39, 12, 2)
xi_2:
(6, 16, 1)
(34, 13, 1)
(34, 36, 1)
(35, 7, 1)
(38, 16, 1)
(38, 22, 1)
(39, 11, 1)
(39, 12, 1)
(39, 13, 1)
