x-grades
-1914333848337995271/2000000000000000000
-937126254168771671/1000000000000000000
-1834171168337091413/2000000000000000000
-448522457084159871/500000000000000000
-350801697667237511/400000000000000000
-856963574167867813/1000000000000000000
-1673845808335283697/2000000000000000000
-204220558541853971/250000000000000000
-1593683128334379839/2000000000000000000
-155360178833392791/200000000000000000
-1513520448333475981/2000000000000000000
-368359777083256013/500000000000000000
-1433357768332572123/2000000000000000000
-696638214166060097/1000000000000000000
-270639017666333653/400000000000000000
-82069609270701021/125000000000000000
-1273032408330764407/2000000000000000000
-616475534165156239/1000000000000000000
-1192869728329860549/2000000000000000000
-57639419416470431/100000000000000000
-1112707048328956691/2000000000000000000
-536312854164252381/1000000000000000000
-1032544368328052833/2000000000000000000
-124057878540950113/250000000000000000
-38095267533085959/80000000000000000
-456150174163348523/1000000000000000000
-872219008326245117/2000000000000000000
-208034417081448297/500000000000000000
-792056328325341259/2000000000000000000
-75197498832488933/200000000000000000
-711893648324437401/2000000000000000000
-10497067317562273/31250000000000000
-631730968323533543/2000000000000000000
-295824814161540807/1000000000000000000
-110313657664525937/400000000000000000
-127871737080544439/500000000000000000
-471405608321725827/2000000000000000000
-215662134160636949/1000000000000000000
-391242928320821969/2000000000000000000
-8779039708009251/50000000000000000

y-grades
499997/2000000
499997/1000000
1499991/2000000
499997/500000
499997/400000
1499991/1000000
3499979/2000000
499997/250000
4499973/2000000
499997/200000
5499967/2000000
1499991/500000
6499961/2000000
3499979/1000000
1499991/400000
499997/125000
8499949/2000000
4499973/1000000
9499943/2000000
499997/100000
10499937/2000000
5499967/1000000
11499931/2000000
1499991/250000
499997/80000
6499961/1000000
13499919/2000000
3499979/500000
14499913/2000000
1499991/200000
15499907/2000000
499997/62500
16499901/2000000
8499949/1000000
3499979/400000
4499973/500000
18499889/2000000
9499943/1000000
19499883/2000000
499997/50000

Dimensions > 0:
(0, 0, 1)
(0, 1, 1)
(0, 2, 1)
(0, 3, 1)
(0, 4, 1)
(0, 5, 1)
(0, 6, 1)
(0, 7, 1)
(0, 8, 1)
(0, 9, 1)
(0, 10, 1)
(0, 11, 1)
(0, 12, 1)
(0, 13, 1)
(0, 14, 1)
(0, 15, 1)
(0, 16, 1)
(0, 17, 1)
(0, 18, 1)
(0, 19, 1)
(0, 20, 1)
(0, 21, 1)
(0, 22, 1)
(0, 23, 1)
(0, 24, 1)
(0, 25, 1)
(0, 26, 1)
(0, 27, 1)
(0, 28, 1)
(0, 29, 1)
(0, 30, 1)
(0, 31, 1)
(0, 32, 1)
(0, 33, 1)
(0, 34, 1)
(0, 35, 1)
(0, 36, 1)
(0, 37, 1)
(0, 38, 1)
(0, 39, 1)

(1, 0, 2)
(1, 1, 2)
(1, 2, 2)
(1, 3, 2)
(1, 4, 2)
(1, 5, 2)
(1, 6, 2)
(1, 7, 2)
(1, 8, 2)
(1, 9, 2)
(1, 10, 1)
(1, 11, 1)
(1, 12, 1)
(1, 13, 1)
(1, 14, 1)
(1, 15, 1)
(1, 16, 1)
(1, 17, 1)
(1, 18, 1)
(1, 19, 1)
(1, 20, 1)
(1, 21, 1)
(1, 22, 1)
(1, 23, 1)
(1, 24, 1)
(1, 25, 1)
(1, 26, 1)
(1, 27, 1)
(1, 28, 1)
(1, 29, 1)
(1, 30, 1)
(1, 31, 1)
(1, 32, 1)
(1, 33, 1)
(1, 34, 1)
(1, 35, 1)
(1, 36, 1)
(1, 37, 1)
(1, 38, 1)
(1, 39, 1)

(2, 0, 3)
(2, 1, 3)
(2, 2, 3)
(2, 3, 3)
(2, 4, 3)
(2, 5, 3)
(2, 6, 3)
(2, 7, 3)
(2, 8, 3)
(2, 9, 3)
(2, 10, 1)
(2, 11, 1)
(2, 12, 1)
(2, 13, 1)
(2, 14, 1)
(2, 15, 1)
(2, 16, 1)
(2, 17, 1)
(2, 18, 1)
(2, 19, 1)
(2, 20, 1)
(2, 21, 1)
(2, 22, 1)
(2, 23, 1)
(2, 24, 1)
(2, 25, 1)
(2, 26, 1)
(2, 27, 1)
(2, 28, 1)
(2, 29, 1)
(2, 30, 1)
(2, 31, 1)
(2, 32, 1)
(2, 33, 1)
(2, 34, 1)
(2, 35, 1)
(2, 36, 1)
(2, 37, 1)
(2, 38, 1)
(2, 39, 1)

(3, 0, 5)
(3, 1, 5)
(3, 2, 5)
(3, 3, 5)
(3, 4, 5)
(3, 5, 5)
(3, 6, 5)
(3, 7, 5)
(3, 8, 5)
(3, 9, 5)
(3, 10, 2)
(3, 11, 2)
(3, 12, 2)
(3, 13, 2)
(3, 14, 2)
(3, 15, 2)
(3, 16, 2)
(3, 17, 2)
(3, 18, 2)
(3, 19, 2)
(3, 20, 2)
(3, 21, 2)
(3, 22, 2)
(3, 23, 2)
(3, 24, 2)
(3, 25, 2)
(3, 26, 2)
(3, 27, 2)
(3, 28, 2)
(3, 29, 2)
(3, 30, 2)
(3, 31, 2)
(3, 32, 2)
(3, 33, 2)
(3, 34, 2)
(3, 35, 2)
(3, 36, 2)
(3, 37, 2)
(3, 38, 2)
(3, 39, 2)

(4, 0, 5)
(4, 1, 5)
(4, 2, 5)
(4, 3, 5)
(4, 4, 5)
(4, 5, 5)
(4, 6, 5)
(4, 7, 5)
(4, 8, 5)
(4, 9, 5)
(4, 10, 2)
(4, 11, 2)
(4, 12, 2)
(4, 13, 2)
(4, 14, 2)
(4, 15, 2)
(4, 16, 2)
(4, 17, 2)
(4, 18, 2)
(4, 19, 2)
(4, 20, 2)
(4, 21, 2)
(4, 22, 2)
(4, 23, 2)
(4, 24, 2)
(4, 25, 2)
(4, 26, 2)
(4, 27, 2)
(4, 28, 2)
(4, 29, 2)
(4, 30, 2)
(4, 31, 2)
(4, 32, 2)
(4, 33, 2)
(4, 34, 2)
(4, 35, 2)
(4, 36, 2)
(4, 37, 2)
(4, 38, 2)
(4, 39, 2)

(5, 0, 6)
(5, 1, 6)
(5, 2, 6)
(5, 3, 6)
(5, 4, 6)
(5, 5, 6)
(5, 6, 6)
(5, 7, 6)
(5, 8, 6)
(5, 9, 6)
(5, 10, 2)
(5, 11, 2)
(5, 12, 2)
(5, 13, 2)
(5, 14, 2)
(5, 15, 2)
(5, 16, 2)
(5, 17, 2)
(5, 18, 2)
(5, 19, 2)
(5, 20, 2)
(5, 21, 2)
(5, 22, 2)
(5, 23, 2)
(5, 24, 2)
(5, 25, 2)
(5, 26, 2)
(5, 27, 2)
(5, 28, 2)
(5, 29, 2)
(5, 30, 2)
(5, 31, 2)
(5, 32, 2)
(5, 33, 2)
(5, 34, 2)
(5, 35, 2)
(5, 36, 2)
(5, 37, 2)
(5, 38, 2)
(5, 39, 2)

(6, 0, 7)
(6, 1, 7)
(6, 2, 7)
(6, 3, 7)
(6, 4, 7)
(6, 5, 7)
(6, 6, 7)
(6, 7, 7)
(6, 8, 7)
(6, 9, 7)
(6, 10, 3)
(6, 11, 3)
(6, 12, 3)
(6, 13, 3)
(6, 14, 3)
(6, 15, 3)
(6, 16, 3)
(6, 17, 3)
(6, 18, 3)
(6, 19, 3)
(6, 20, 3)
(6, 21, 3)
(6, 22, 2)
(6, 23, 2)
(6, 24, 2)
(6, 25, 2)
(6, 26, 2)
(6, 27, 2)
(6, 28, 2)
(6, 29, 2)
(6, 30, 2)
(6, 31, 2)
(6, 32, 2)
(6, 33, 2)
(6, 34, 2)
(6, 35, 2)
(6, 36, 2)
(6, 37, 2)
(6, 38, 2)
(6, 39, 2)

(7, 0, 12)
(7, 1, 10)
(7, 2, 9)
(7, 3, 9)
(7, 4, 9)
(7, 5, 9)
(7, 6, 9)
(7, 7, 9)
(7, 8, 8)
(7, 9, 8)
(7, 10, 4)
(7, 11, 4)
(7, 12, 4)
(7, 13, 4)
(7, 14, 3)
(7, 15, 3)
(7, 16, 3)
(7, 17, 3)
(7, 18, 3)
(7, 19, 3)
(7, 20, 2)
(7, 21, 2)
(7, 22, 2)
(7, 23, 2)
(7, 24, 2)
(7, 25, 2)
(7, 26, 2)
(7, 27, 2)
(7, 28, 2)
(7, 29, 2)
(7, 30, 2)
(7, 31, 2)
(7, 32, 2)
(7, 33, 2)
(7, 34, 2)
(7, 35, 2)
(7, 36, 2)
(7, 37, 2)
(7, 38, 2)
(7, 39, 2)

(8, 0, 17)
(8, 1, 14)
(8, 2, 12)
(8, 3, 11)
(8, 4, 11)
(8, 5, 10)
(8, 6, 9)
(8, 7, 9)
(8, 8, 7)
(8, 9, 7)
(8, 10, 3)
(8, 11, 3)
(8, 12, 3)
(8, 13, 3)
(8, 14, 3)
(8, 15, 3)
(8, 16, 3)
(8, 17, 3)
(8, 18, 3)
(8, 19, 3)
(8, 20, 2)
(8, 21, 2)
(8, 22, 2)
(8, 23, 2)
(8, 24, 2)
(8, 25, 2)
(8, 26, 2)
(8, 27, 2)
(8, 28, 2)
(8, 29, 2)
(8, 30, 2)
(8, 31, 2)
(8, 32, 2)
(8, 33, 2)
(8, 34, 2)
(8, 35, 2)
(8, 36, 2)
(8, 37, 2)
(8, 38, 2)
(8, 39, 2)

(9, 0, 25)
(9, 1, 19)
(9, 2, 16)
(9, 3, 14)
(9, 4, 14)
(9, 5, 13)
(9, 6, 12)
(9, 7, 12)
(9, 8, 10)
(9, 9, 10)
(9, 10, 6)
(9, 11, 6)
(9, 12, 6)
(9, 13, 6)
(9, 14, 6)
(9, 15, 6)
(9, 16, 6)
(9, 17, 6)
(9, 18, 6)
(9, 19, 6)
(9, 20, 5)
(9, 21, 5)
(9, 22, 4)
(9, 23, 4)
(9, 24, 4)
(9, 25, 4)
(9, 26, 4)
(9, 27, 4)
(9, 28, 4)
(9, 29, 4)
(9, 30, 4)
(9, 31, 4)
(9, 32, 4)
(9, 33, 4)
(9, 34, 4)
(9, 35, 4)
(9, 36, 4)
(9, 37, 4)
(9, 38, 4)
(9, 39, 4)

(10, 0, 30)
(10, 1, 22)
(10, 2, 18)
(10, 3, 16)
(10, 4, 15)
(10, 5, 14)
(10, 6, 12)
(10, 7, 12)
(10, 8, 11)
(10, 9, 11)
(10, 10, 7)
(10, 11, 7)
(10, 12, 7)
(10, 13, 7)
(10, 14, 6)
(10, 15, 6)
(10, 16, 6)
(10, 17, 6)
(10, 18, 6)
(10, 19, 6)
(10, 20, 5)
(10, 21, 5)
(10, 22, 4)
(10, 23, 4)
(10, 24, 4)
(10, 25, 4)
(10, 26, 4)
(10, 27, 4)
(10, 28, 4)
(10, 29, 4)
(10, 30, 4)
(10, 31, 4)
(10, 32, 4)
(10, 33, 4)
(10, 34, 4)
(10, 35, 4)
(10, 36, 4)
(10, 37, 4)
(10, 38, 4)
(10, 39, 4)

(11, 0, 38)
(11, 1, 29)
(11, 2, 24)
(11, 3, 22)
(11, 4, 20)
(11, 5, 19)
(11, 6, 17)
(11, 7, 15)
(11, 8, 14)
(11, 9, 14)
(11, 10, 6)
(11, 11, 6)
(11, 12, 6)
(11, 13, 6)
(11, 14, 6)
(11, 15, 6)
(11, 16, 6)
(11, 17, 6)
(11, 18, 6)
(11, 19, 6)
(11, 20, 4)
(11, 21, 4)
(11, 22, 4)
(11, 23, 4)
(11, 24, 4)
(11, 25, 4)
(11, 26, 4)
(11, 27, 4)
(11, 28, 4)
(11, 29, 4)
(11, 30, 4)
(11, 31, 4)
(11, 32, 4)
(11, 33, 4)
(11, 34, 4)
(11, 35, 4)
(11, 36, 4)
(11, 37, 4)
(11, 38, 4)
(11, 39, 4)

(12, 0, 45)
(12, 1, 34)
(12, 2, 27)
(12, 3, 23)
(12, 4, 20)
(12, 5, 19)
(12, 6, 17)
(12, 7, 15)
(12, 8, 13)
(12, 9, 13)
(12, 10, 6)
(12, 11, 6)
(12, 12, 6)
(12, 13, 6)
(12, 14, 6)
(12, 15, 6)
(12, 16, 6)
(12, 17, 6)
(12, 18, 6)
(12, 19, 6)
(12, 20, 4)
(12, 21, 4)
(12, 22, 4)
(12, 23, 4)
(12, 24, 4)
(12, 25, 4)
(12, 26, 4)
(12, 27, 4)
(12, 28, 4)
(12, 29, 4)
(12, 30, 4)
(12, 31, 4)
(12, 32, 4)
(12, 33, 4)
(12, 34, 4)
(12, 35, 4)
(12, 36, 4)
(12, 37, 4)
(12, 38, 4)
(12, 39, 4)

(13, 0, 51)
(13, 1, 38)
(13, 2, 30)
(13, 3, 24)
(13, 4, 21)
(13, 5, 20)
(13, 6, 18)
(13, 7, 15)
(13, 8, 14)
(13, 9, 13)
(13, 10, 6)
(13, 11, 6)
(13, 12, 6)
(13, 13, 6)
(13, 14, 6)
(13, 15, 6)
(13, 16, 6)
(13, 17, 6)
(13, 18, 6)
(13, 19, 6)
(13, 20, 4)
(13, 21, 4)
(13, 22, 4)
(13, 23, 4)
(13, 24, 4)
(13, 25, 4)
(13, 26, 4)
(13, 27, 4)
(13, 28, 4)
(13, 29, 4)
(13, 30, 4)
(13, 31, 4)
(13, 32, 4)
(13, 33, 4)
(13, 34, 4)
(13, 35, 4)
(13, 36, 4)
(13, 37, 4)
(13, 38, 4)
(13, 39, 4)

(14, 0, 60)
(14, 1, 44)
(14, 2, 36)
(14, 3, 29)
(14, 4, 25)
(14, 5, 24)
(14, 6, 21)
(14, 7, 18)
(14, 8, 17)
(14, 9, 16)
(14, 10, 8)
(14, 11, 8)
(14, 12, 8)
(14, 13, 8)
(14, 14, 8)
(14, 15, 8)
(14, 16, 8)
(14, 17, 8)
(14, 18, 8)
(14, 19, 8)
(14, 20, 6)
(14, 21, 6)
(14, 22, 6)
(14, 23, 6)
(14, 24, 6)
(14, 25, 6)
(14, 26, 6)
(14, 27, 6)
(14, 28, 6)
(14, 29, 6)
(14, 30, 6)
(14, 31, 6)
(14, 32, 6)
(14, 33, 6)
(14, 34, 6)
(14, 35, 6)
(14, 36, 6)
(14, 37, 6)
(14, 38, 6)
(14, 39, 6)

(15, 0, 64)
(15, 1, 47)
(15, 2, 38)
(15, 3, 30)
(15, 4, 26)
(15, 5, 25)
(15, 6, 22)
(15, 7, 19)
(15, 8, 18)
(15, 9, 17)
(15, 10, 9)
(15, 11, 9)
(15, 12, 9)
(15, 13, 9)
(15, 14, 9)
(15, 15, 9)
(15, 16, 9)
(15, 17, 9)
(15, 18, 9)
(15, 19, 9)
(15, 20, 7)
(15, 21, 7)
(15, 22, 6)
(15, 23, 6)
(15, 24, 6)
(15, 25, 6)
(15, 26, 6)
(15, 27, 6)
(15, 28, 6)
(15, 29, 6)
(15, 30, 6)
(15, 31, 6)
(15, 32, 6)
(15, 33, 6)
(15, 34, 6)
(15, 35, 6)
(15, 36, 6)
(15, 37, 6)
(15, 38, 6)
(15, 39, 6)

(16, 0, 68)
(16, 1, 49)
(16, 2, 40)
(16, 3, 31)
(16, 4, 27)
(16, 5, 26)
(16, 6, 23)
(16, 7, 20)
(16, 8, 19)
(16, 9, 18)
(16, 10, 9)
(16, 11, 9)
(16, 12, 9)
(16, 13, 9)
(16, 14, 9)
(16, 15, 9)
(16, 16, 9)
(16, 17, 9)
(16, 18, 9)
(16, 19, 9)
(16, 20, 7)
(16, 21, 7)
(16, 22, 6)
(16, 23, 6)
(16, 24, 6)
(16, 25, 6)
(16, 26, 6)
(16, 27, 6)
(16, 28, 6)
(16, 29, 6)
(16, 30, 6)
(16, 31, 6)
(16, 32, 6)
(16, 33, 6)
(16, 34, 6)
(16, 35, 6)
(16, 36, 6)
(16, 37, 6)
(16, 38, 6)
(16, 39, 6)

(17, 0, 75)
(17, 1, 54)
(17, 2, 45)
(17, 3, 36)
(17, 4, 32)
(17, 5, 31)
(17, 6, 27)
(17, 7, 23)
(17, 8, 22)
(17, 9, 20)
(17, 10, 9)
(17, 11, 9)
(17, 12, 9)
(17, 13, 9)
(17, 14, 9)
(17, 15, 9)
(17, 16, 9)
(17, 17, 9)
(17, 18, 9)
(17, 19, 9)
(17, 20, 6)
(17, 21, 6)
(17, 22, 6)
(17, 23, 6)
(17, 24, 6)
(17, 25, 6)
(17, 26, 6)
(17, 27, 6)
(17, 28, 6)
(17, 29, 6)
(17, 30, 6)
(17, 31, 6)
(17, 32, 6)
(17, 33, 6)
(17, 34, 6)
(17, 35, 6)
(17, 36, 6)
(17, 37, 6)
(17, 38, 6)
(17, 39, 6)

(18, 0, 83)
(18, 1, 59)
(18, 2, 48)
(18, 3, 38)
(18, 4, 32)
(18, 5, 31)
(18, 6, 27)
(18, 7, 22)
(18, 8, 21)
(18, 9, 19)
(18, 10, 9)
(18, 11, 9)
(18, 12, 9)
(18, 13, 9)
(18, 14, 9)
(18, 15, 9)
(18, 16, 9)
(18, 17, 9)
(18, 18, 9)
(18, 19, 9)
(18, 20, 6)
(18, 21, 6)
(18, 22, 6)
(18, 23, 6)
(18, 24, 6)
(18, 25, 6)
(18, 26, 6)
(18, 27, 6)
(18, 28, 6)
(18, 29, 6)
(18, 30, 6)
(18, 31, 6)
(18, 32, 6)
(18, 33, 6)
(18, 34, 6)
(18, 35, 6)
(18, 36, 6)
(18, 37, 6)
(18, 38, 6)
(18, 39, 6)

(19, 0, 86)
(19, 1, 62)
(19, 2, 49)
(19, 3, 39)
(19, 4, 32)
(19, 5, 31)
(19, 6, 26)
(19, 7, 21)
(19, 8, 20)
(19, 9, 19)
(19, 10, 9)
(19, 11, 9)
(19, 12, 9)
(19, 13, 9)
(19, 14, 9)
(19, 15, 9)
(19, 16, 9)
(19, 17, 9)
(19, 18, 9)
(19, 19, 9)
(19, 20, 6)
(19, 21, 6)
(19, 22, 6)
(19, 23, 6)
(19, 24, 6)
(19, 25, 6)
(19, 26, 6)
(19, 27, 6)
(19, 28, 6)
(19, 29, 6)
(19, 30, 6)
(19, 31, 6)
(19, 32, 6)
(19, 33, 6)
(19, 34, 6)
(19, 35, 6)
(19, 36, 6)
(19, 37, 6)
(19, 38, 6)
(19, 39, 6)

(20, 0, 87)
(20, 1, 63)
(20, 2, 50)
(20, 3, 40)
(20, 4, 33)
(20, 5, 32)
(20, 6, 27)
(20, 7, 22)
(20, 8, 21)
(20, 9, 20)
(20, 10, 10)
(20, 11, 10)
(20, 12, 10)
(20, 13, 10)
(20, 14, 10)
(20, 15, 10)
(20, 16, 10)
(20, 17, 10)
(20, 18, 10)
(20, 19, 10)
(20, 20, 7)
(20, 21, 7)
(20, 22, 6)
(20, 23, 6)
(20, 24, 6)
(20, 25, 6)
(20, 26, 6)
(20, 27, 6)
(20, 28, 6)
(20, 29, 6)
(20, 30, 6)
(20, 31, 6)
(20, 32, 6)
(20, 33, 6)
(20, 34, 6)
(20, 35, 6)
(20, 36, 6)
(20, 37, 6)
(20, 38, 6)
(20, 39, 6)

(21, 0, 89)
(21, 1, 65)
(21, 2, 51)
(21, 3, 41)
(21, 4, 34)
(21, 5, 33)
(21, 6, 28)
(21, 7, 23)
(21, 8, 22)
(21, 9, 21)
(21, 10, 10)
(21, 11, 10)
(21, 12, 10)
(21, 13, 10)
(21, 14, 10)
(21, 15, 10)
(21, 16, 10)
(21, 17, 10)
(21, 18, 10)
(21, 19, 10)
(21, 20, 7)
(21, 21, 7)
(21, 22, 6)
(21, 23, 6)
(21, 24, 6)
(21, 25, 6)
(21, 26, 6)
(21, 27, 6)
(21, 28, 6)
(21, 29, 6)
(21, 30, 6)
(21, 31, 6)
(21, 32, 6)
(21, 33, 6)
(21, 34, 6)
(21, 35, 6)
(21, 36, 6)
(21, 37, 6)
(21, 38, 6)
(21, 39, 6)

(22, 0, 94)
(22, 1, 67)
(22, 2, 52)
(22, 3, 42)
(22, 4, 35)
(22, 5, 34)
(22, 6, 29)
(22, 7, 24)
(22, 8, 23)
(22, 9, 22)
(22, 10, 10)
(22, 11, 10)
(22, 12, 10)
(22, 13, 10)
(22, 14, 10)
(22, 15, 10)
(22, 16, 10)
(22, 17, 10)
(22, 18, 10)
(22, 19, 10)
(22, 20, 6)
(22, 21, 6)
(22, 22, 6)
(22, 23, 6)
(22, 24, 6)
(22, 25, 6)
(22, 26, 6)
(22, 27, 6)
(22, 28, 6)
(22, 29, 6)
(22, 30, 6)
(22, 31, 6)
(22, 32, 6)
(22, 33, 6)
(22, 34, 6)
(22, 35, 6)
(22, 36, 6)
(22, 37, 6)
(22, 38, 6)
(22, 39, 6)

(23, 0, 100)
(23, 1, 70)
(23, 2, 54)
(23, 3, 44)
(23, 4, 37)
(23, 5, 36)
(23, 6, 31)
(23, 7, 26)
(23, 8, 25)
(23, 9, 23)
(23, 10, 11)
(23, 11, 11)
(23, 12, 11)
(23, 13, 11)
(23, 14, 11)
(23, 15, 11)
(23, 16, 11)
(23, 17, 11)
(23, 18, 11)
(23, 19, 11)
(23, 20, 7)
(23, 21, 7)
(23, 22, 6)
(23, 23, 6)
(23, 24, 6)
(23, 25, 6)
(23, 26, 6)
(23, 27, 6)
(23, 28, 6)
(23, 29, 6)
(23, 30, 6)
(23, 31, 6)
(23, 32, 6)
(23, 33, 6)
(23, 34, 6)
(23, 35, 6)
(23, 36, 6)
(23, 37, 6)
(23, 38, 6)
(23, 39, 6)

(24, 0, 112)
(24, 1, 79)
(24, 2, 60)
(24, 3, 48)
(24, 4, 40)
(24, 5, 39)
(24, 6, 32)
(24, 7, 25)
(24, 8, 24)
(24, 9, 23)
(24, 10, 12)
(24, 11, 12)
(24, 12, 12)
(24, 13, 12)
(24, 14, 12)
(24, 15, 12)
(24, 16, 12)
(24, 17, 12)
(24, 18, 12)
(24, 19, 12)
(24, 20, 8)
(24, 21, 8)
(24, 22, 7)
(24, 23, 7)
(24, 24, 7)
(24, 25, 7)
(24, 26, 7)
(24, 27, 7)
(24, 28, 7)
(24, 29, 7)
(24, 30, 7)
(24, 31, 7)
(24, 32, 7)
(24, 33, 7)
(24, 34, 7)
(24, 35, 7)
(24, 36, 7)
(24, 37, 7)
(24, 38, 7)
(24, 39, 7)

(25, 0, 122)
(25, 1, 86)
(25, 2, 64)
(25, 3, 52)
(25, 4, 43)
(25, 5, 40)
(25, 6, 33)
(25, 7, 26)
(25, 8, 25)
(25, 9, 24)
(25, 10, 13)
(25, 11, 13)
(25, 12, 13)
(25, 13, 13)
(25, 14, 13)
(25, 15, 13)
(25, 16, 13)
(25, 17, 13)
(25, 18, 12)
(25, 19, 12)
(25, 20, 8)
(25, 21, 8)
(25, 22, 7)
(25, 23, 7)
(25, 24, 7)
(25, 25, 7)
(25, 26, 7)
(25, 27, 7)
(25, 28, 7)
(25, 29, 7)
(25, 30, 7)
(25, 31, 7)
(25, 32, 7)
(25, 33, 6)
(25, 34, 6)
(25, 35, 6)
(25, 36, 6)
(25, 37, 6)
(25, 38, 6)
(25, 39, 6)

(26, 0, 128)
(26, 1, 89)
(26, 2, 66)
(26, 3, 53)
(26, 4, 43)
(26, 5, 41)
(26, 6, 34)
(26, 7, 27)
(26, 8, 26)
(26, 9, 24)
(26, 10, 13)
(26, 11, 13)
(26, 12, 13)
(26, 13, 13)
(26, 14, 13)
(26, 15, 13)
(26, 16, 13)
(26, 17, 13)
(26, 18, 12)
(26, 19, 12)
(26, 20, 8)
(26, 21, 8)
(26, 22, 7)
(26, 23, 7)
(26, 24, 7)
(26, 25, 7)
(26, 26, 7)
(26, 27, 7)
(26, 28, 7)
(26, 29, 7)
(26, 30, 7)
(26, 31, 7)
(26, 32, 7)
(26, 33, 6)
(26, 34, 6)
(26, 35, 6)
(26, 36, 6)
(26, 37, 6)
(26, 38, 6)
(26, 39, 6)

(27, 0, 145)
(27, 1, 95)
(27, 2, 70)
(27, 3, 56)
(27, 4, 46)
(27, 5, 43)
(27, 6, 35)
(27, 7, 27)
(27, 8, 26)
(27, 9, 25)
(27, 10, 14)
(27, 11, 14)
(27, 12, 14)
(27, 13, 14)
(27, 14, 14)
(27, 15, 14)
(27, 16, 14)
(27, 17, 14)
(27, 18, 13)
(27, 19, 13)
(27, 20, 8)
(27, 21, 8)
(27, 22, 6)
(27, 23, 6)
(27, 24, 6)
(27, 25, 6)
(27, 26, 6)
(27, 27, 6)
(27, 28, 6)
(27, 29, 5)
(27, 30, 5)
(27, 31, 5)
(27, 32, 5)
(27, 33, 5)
(27, 34, 5)
(27, 35, 5)
(27, 36, 5)
(27, 37, 5)
(27, 38, 5)
(27, 39, 5)

(28, 0, 152)
(28, 1, 96)
(28, 2, 71)
(28, 3, 57)
(28, 4, 46)
(28, 5, 44)
(28, 6, 35)
(28, 7, 27)
(28, 8, 26)
(28, 9, 25)
(28, 10, 14)
(28, 11, 14)
(28, 12, 14)
(28, 13, 14)
(28, 14, 14)
(28, 15, 14)
(28, 16, 14)
(28, 17, 14)
(28, 18, 12)
(28, 19, 12)
(28, 20, 8)
(28, 21, 8)
(28, 22, 6)
(28, 23, 6)
(28, 24, 6)
(28, 25, 6)
(28, 26, 6)
(28, 27, 6)
(28, 28, 5)
(28, 29, 5)
(28, 30, 5)
(28, 31, 5)
(28, 32, 5)
(28, 33, 5)
(28, 34, 5)
(28, 35, 5)
(28, 36, 5)
(28, 37, 5)
(28, 38, 5)
(28, 39, 5)

(29, 0, 156)
(29, 1, 100)
(29, 2, 73)
(29, 3, 57)
(29, 4, 46)
(29, 5, 44)
(29, 6, 35)
(29, 7, 27)
(29, 8, 26)
(29, 9, 25)
(29, 10, 14)
(29, 11, 14)
(29, 12, 14)
(29, 13, 14)
(29, 14, 14)
(29, 15, 14)
(29, 16, 14)
(29, 17, 14)
(29, 18, 12)
(29, 19, 12)
(29, 20, 8)
(29, 21, 8)
(29, 22, 6)
(29, 23, 5)
(29, 24, 5)
(29, 25, 5)
(29, 26, 5)
(29, 27, 5)
(29, 28, 5)
(29, 29, 5)
(29, 30, 5)
(29, 31, 5)
(29, 32, 5)
(29, 33, 5)
(29, 34, 5)
(29, 35, 5)
(29, 36, 5)
(29, 37, 5)
(29, 38, 5)
(29, 39, 5)

(30, 0, 158)
(30, 1, 102)
(30, 2, 75)
(30, 3, 59)
(30, 4, 47)
(30, 5, 45)
(30, 6, 36)
(30, 7, 28)
(30, 8, 27)
(30, 9, 26)
(30, 10, 15)
(30, 11, 15)
(30, 12, 15)
(30, 13, 15)
(30, 14, 15)
(30, 15, 15)
(30, 16, 15)
(30, 17, 15)
(30, 18, 13)
(30, 19, 13)
(30, 20, 9)
(30, 21, 9)
(30, 22, 7)
(30, 23, 6)
(30, 24, 6)
(30, 25, 6)
(30, 26, 6)
(30, 27, 6)
(30, 28, 6)
(30, 29, 6)
(30, 30, 6)
(30, 31, 6)
(30, 32, 6)
(30, 33, 6)
(30, 34, 6)
(30, 35, 6)
(30, 36, 6)
(30, 37, 6)
(30, 38, 6)
(30, 39, 6)

(31, 0, 162)
(31, 1, 106)
(31, 2, 76)
(31, 3, 60)
(31, 4, 48)
(31, 5, 46)
(31, 6, 36)
(31, 7, 28)
(31, 8, 27)
(31, 9, 26)
(31, 10, 15)
(31, 11, 15)
(31, 12, 15)
(31, 13, 15)
(31, 14, 15)
(31, 15, 15)
(31, 16, 15)
(31, 17, 15)
(31, 18, 13)
(31, 19, 13)
(31, 20, 9)
(31, 21, 9)
(31, 22, 7)
(31, 23, 6)
(31, 24, 6)
(31, 25, 6)
(31, 26, 6)
(31, 27, 6)
(31, 28, 6)
(31, 29, 6)
(31, 30, 6)
(31, 31, 6)
(31, 32, 6)
(31, 33, 6)
(31, 34, 6)
(31, 35, 6)
(31, 36, 6)
(31, 37, 6)
(31, 38, 6)
(31, 39, 6)

(32, 0, 170)
(32, 1, 112)
(32, 2, 81)
(32, 3, 64)
(32, 4, 51)
(32, 5, 49)
(32, 6, 39)
(32, 7, 30)
(32, 8, 29)
(32, 9, 28)
(32, 10, 16)
(32, 11, 16)
(32, 12, 16)
(32, 13, 16)
(32, 14, 16)
(32, 15, 16)
(32, 16, 16)
(32, 17, 16)
(32, 18, 14)
(32, 19, 14)
(32, 20, 10)
(32, 21, 10)
(32, 22, 7)
(32, 23, 6)
(32, 24, 6)
(32, 25, 6)
(32, 26, 6)
(32, 27, 6)
(32, 28, 6)
(32, 29, 6)
(32, 30, 6)
(32, 31, 6)
(32, 32, 6)
(32, 33, 6)
(32, 34, 6)
(32, 35, 6)
(32, 36, 6)
(32, 37, 6)
(32, 38, 6)
(32, 39, 6)

(33, 0, 176)
(33, 1, 116)
(33, 2, 83)
(33, 3, 65)
(33, 4, 52)
(33, 5, 50)
(33, 6, 39)
(33, 7, 30)
(33, 8, 29)
(33, 9, 28)
(33, 10, 17)
(33, 11, 17)
(33, 12, 17)
(33, 13, 17)
(33, 14, 17)
(33, 15, 17)
(33, 16, 17)
(33, 17, 17)
(33, 18, 15)
(33, 19, 15)
(33, 20, 10)
(33, 21, 8)
(33, 22, 6)
(33, 23, 6)
(33, 24, 6)
(33, 25, 6)
(33, 26, 6)
(33, 27, 6)
(33, 28, 6)
(33, 29, 6)
(33, 30, 6)
(33, 31, 6)
(33, 32, 6)
(33, 33, 6)
(33, 34, 6)
(33, 35, 6)
(33, 36, 6)
(33, 37, 6)
(33, 38, 6)
(33, 39, 6)

(34, 0, 181)
(34, 1, 119)
(34, 2, 86)
(34, 3, 67)
(34, 4, 53)
(34, 5, 51)
(34, 6, 40)
(34, 7, 31)
(34, 8, 30)
(34, 9, 29)
(34, 10, 18)
(34, 11, 18)
(34, 12, 18)
(34, 13, 18)
(34, 14, 18)
(34, 15, 18)
(34, 16, 18)
(34, 17, 18)
(34, 18, 16)
(34, 19, 16)
(34, 20, 11)
(34, 21, 9)
(34, 22, 6)
(34, 23, 6)
(34, 24, 6)
(34, 25, 6)
(34, 26, 6)
(34, 27, 6)
(34, 28, 6)
(34, 29, 6)
(34, 30, 5)
(34, 31, 5)
(34, 32, 5)
(34, 33, 5)
(34, 34, 5)
(34, 35, 5)
(34, 36, 5)
(34, 37, 5)
(34, 38, 5)
(34, 39, 5)

(35, 0, 195)
(35, 1, 124)
(35, 2, 88)
(35, 3, 69)
(35, 4, 55)
(35, 5, 53)
(35, 6, 40)
(35, 7, 31)
(35, 8, 30)
(35, 9, 29)
(35, 10, 18)
(35, 11, 18)
(35, 12, 18)
(35, 13, 18)
(35, 14, 18)
(35, 15, 18)
(35, 16, 18)
(35, 17, 18)
(35, 18, 16)
(35, 19, 16)
(35, 20, 11)
(35, 21, 9)
(35, 22, 6)
(35, 23, 6)
(35, 24, 6)
(35, 25, 6)
(35, 26, 6)
(35, 27, 6)
(35, 28, 5)
(35, 29, 5)
(35, 30, 5)
(35, 31, 5)
(35, 32, 5)
(35, 33, 5)
(35, 34, 5)
(35, 35, 5)
(35, 36, 5)
(35, 37, 5)
(35, 38, 5)
(35, 39, 5)

(36, 0, 212)
(36, 1, 130)
(36, 2, 92)
(36, 3, 70)
(36, 4, 56)
(36, 5, 54)
(36, 6, 41)
(36, 7, 32)
(36, 8, 31)
(36, 9, 30)
(36, 10, 19)
(36, 11, 19)
(36, 12, 19)
(36, 13, 19)
(36, 14, 19)
(36, 15, 19)
(36, 16, 19)
(36, 17, 19)
(36, 18, 16)
(36, 19, 16)
(36, 20, 11)
(36, 21, 7)
(36, 22, 6)
(36, 23, 5)
(36, 24, 5)
(36, 25, 5)
(36, 26, 5)
(36, 27, 5)
(36, 28, 5)
(36, 29, 5)
(36, 30, 5)
(36, 31, 5)
(36, 32, 5)
(36, 33, 5)
(36, 34, 5)
(36, 35, 5)
(36, 36, 5)
(36, 37, 5)
(36, 38, 5)
(36, 39, 5)

(37, 0, 217)
(37, 1, 134)
(37, 2, 95)
(37, 3, 73)
(37, 4, 57)
(37, 5, 55)
(37, 6, 41)
(37, 7, 32)
(37, 8, 31)
(37, 9, 30)
(37, 10, 19)
(37, 11, 19)
(37, 12, 19)
(37, 13, 19)
(37, 14, 19)
(37, 15, 19)
(37, 16, 19)
(37, 17, 19)
(37, 18, 16)
(37, 19, 15)
(37, 20, 10)
(37, 21, 6)
(37, 22, 5)
(37, 23, 5)
(37, 24, 5)
(37, 25, 5)
(37, 26, 5)
(37, 27, 5)
(37, 28, 5)
(37, 29, 5)
(37, 30, 5)
(37, 31, 5)
(37, 32, 5)
(37, 33, 5)
(37, 34, 5)
(37, 35, 5)
(37, 36, 5)
(37, 37, 5)
(37, 38, 5)
(37, 39, 5)

(38, 0, 225)
(38, 1, 134)
(38, 2, 95)
(38, 3, 73)
(38, 4, 57)
(38, 5, 55)
(38, 6, 41)
(38, 7, 32)
(38, 8, 31)
(38, 9, 30)
(38, 10, 19)
(38, 11, 19)
(38, 12, 19)
(38, 13, 19)
(38, 14, 19)
(38, 15, 19)
(38, 16, 19)
(38, 17, 19)
(38, 18, 16)
(38, 19, 15)
(38, 20, 10)
(38, 21, 6)
(38, 22, 5)
(38, 23, 5)
(38, 24, 5)
(38, 25, 5)
(38, 26, 5)
(38, 27, 5)
(38, 28, 5)
(38, 29, 5)
(38, 30, 5)
(38, 31, 5)
(38, 32, 5)
(38, 33, 5)
(38, 34, 5)
(38, 35, 5)
(38, 36, 5)
(38, 37, 5)
(38, 38, 5)
(38, 39, 5)

(39, 0, 234)
(39, 1, 135)
(39, 2, 96)
(39, 3, 74)
(39, 4, 57)
(39, 5, 55)
(39, 6, 41)
(39, 7, 32)
(39, 8, 31)
(39, 9, 30)
(39, 10, 19)
(39, 11, 19)
(39, 12, 19)
(39, 13, 19)
(39, 14, 19)
(39, 15, 19)
(39, 16, 19)
(39, 17, 19)
(39, 18, 16)
(39, 19, 14)
(39, 20, 9)
(39, 21, 6)
(39, 22, 5)
(39, 23, 5)
(39, 24, 5)
(39, 25, 5)
(39, 26, 5)
(39, 27, 5)
(39, 28, 5)
(39, 29, 5)
(39, 30, 5)
(39, 31, 5)
(39, 32, 5)
(39, 33, 5)
(39, 34, 5)
(39, 35, 5)
(39, 36, 5)
(39, 37, 5)
(39, 38, 5)
(39, 39, 5)


Betti numbers:
xi_0:
(0, 0, 1)
(1, 0, 1)
(2, 0, 1)
(3, 0, 2)
(5, 0, 1)
(6, 0, 1)
(7, 0, 5)
(8, 0, 5)
(9, 0, 8)
(10, 0, 5)
(11, 0, 8)
(12, 0, 7)
(13, 0, 6)
(14, 0, 9)
(15, 0, 4)
(16, 0, 4)
(17, 0, 7)
(18, 0, 8)
(19, 0, 3)
(20, 0, 1)
(21, 0, 2)
(22, 0, 5)
(23, 0, 6)
(24, 0, 12)
(25, 0, 10)
(26, 0, 6)
(27, 0, 17)
(28, 0, 7)
(29, 0, 4)
(30, 0, 2)
(31, 0, 4)
(32, 0, 8)
(33, 0, 6)
(34, 0, 5)
(35, 0, 14)
(36, 0, 17)
(37, 0, 6)
(38, 0, 8)
(39, 0, 9)
xi_1:
(1, 10, 1)
(2, 10, 1)
(3, 10, 1)
(5, 10, 1)
(6, 22, 1)
(7, 1, 2)
(7, 2, 1)
(7, 8, 1)
(7, 14, 1)
(7, 20, 1)
(8, 1, 1)
(8, 2, 1)
(8, 3, 1)
(8, 5, 1)
(8, 6, 1)
(8, 8, 2)
(9, 1, 3)
(9, 2, 1)
(9, 3, 1)
(9, 22, 1)
(10, 1, 2)
(10, 2, 1)
(10, 4, 1)
(10, 6, 1)
(10, 14, 1)
(11, 1, 1)
(11, 2, 1)
(11, 4, 1)
(11, 7, 2)
(11, 10, 4)
(11, 20, 1)
(12, 1, 2)
(12, 2, 2)
(12, 3, 2)
(12, 4, 1)
(12, 7, 1)
(12, 8, 1)
(13, 1, 2)
(13, 2, 1)
(13, 3, 2)
(13, 7, 1)
(13, 9, 1)
(14, 1, 3)
(14, 3, 1)
(14, 4, 1)
(14, 6, 1)
(14, 7, 1)
(14, 10, 1)
(15, 1, 1)
(15, 2, 1)
(15, 3, 1)
(15, 22, 1)
(16, 1, 2)
(16, 3, 1)
(16, 10, 1)
(17, 1, 2)
(17, 6, 1)
(17, 7, 1)
(17, 9, 1)
(17, 10, 2)
(17, 20, 1)
(18, 1, 3)
(18, 2, 2)
(18, 3, 1)
(18, 4, 2)
(18, 7, 1)
(19, 2, 2)
(19, 4, 1)
(19, 6, 1)
(20, 22, 1)
(21, 2, 1)
(21, 10, 1)
(22, 1, 3)
(22, 2, 1)
(22, 10, 1)
(22, 20, 1)
(23, 1, 3)
(23, 2, 1)
(23, 9, 1)
(23, 22, 1)
(24, 1, 3)
(24, 2, 3)
(24, 3, 2)
(24, 4, 1)
(24, 6, 2)
(24, 7, 2)
(25, 1, 3)
(25, 2, 3)
(25, 4, 1)
(25, 5, 2)
(25, 18, 1)
(25, 33, 1)
(26, 1, 3)
(26, 2, 1)
(26, 3, 1)
(26, 4, 1)
(26, 9, 1)
(27, 1, 11)
(27, 2, 2)
(27, 3, 1)
(27, 5, 1)
(27, 6, 1)
(27, 7, 1)
(27, 20, 1)
(27, 22, 1)
(27, 29, 1)
(28, 1, 6)
(28, 4, 1)
(28, 6, 1)
(28, 18, 1)
(28, 28, 1)
(29, 2, 2)
(29, 3, 2)
(29, 23, 1)
(30, 4, 1)
(31, 2, 3)
(31, 6, 1)
(32, 1, 2)
(32, 2, 1)
(32, 3, 1)
(32, 4, 1)
(32, 7, 1)
(32, 10, 1)
(32, 22, 1)
(33, 1, 2)
(33, 2, 2)
(33, 3, 1)
(33, 6, 1)
(33, 20, 1)
(33, 21, 2)
(34, 1, 2)
(34, 3, 1)
(34, 4, 1)
(34, 22, 1)
(34, 30, 1)
(35, 1, 9)
(35, 2, 3)
(35, 6, 2)
(35, 28, 1)
(36, 1, 11)
(36, 2, 2)
(36, 3, 3)
(36, 18, 1)
(36, 21, 2)
(36, 23, 1)
(37, 0, 1)
(37, 1, 2)
(37, 2, 1)
(37, 4, 2)
(37, 6, 1)
(37, 19, 1)
(37, 21, 1)
(38, 1, 8)
(39, 1, 8)
(39, 4, 1)
(39, 19, 1)
xi_2:
(7, 22, 1)
(8, 8, 1)
(8, 14, 1)
(10, 8, 1)
(11, 14, 1)
(11, 22, 1)
(12, 7, 1)
(12, 10, 1)
(13, 8, 1)
(14, 7, 1)
(17, 22, 1)
(18, 10, 1)
(19, 9, 1)
(22, 22, 1)
(24, 9, 1)
(24, 10, 1)
(26, 5, 1)
(27, 9, 1)
(27, 33, 1)
(28, 5, 1)
(28, 20, 1)
(28, 29, 1)
(29, 28, 1)
(33, 10, 1)
(33, 22, 1)
(33, 23, 1)
(35, 30, 1)
(36, 22, 2)
(36, 28, 1)
(37, 1, 1)
(37, 21, 1)
(37, 23, 1)
(39, 21, 1)
