x-grades
-908507363969452729/800000000000000000
-447682622813624249/400000000000000000
-882223127285044267/800000000000000000
-217270252235710009/200000000000000000
-171187778120127161/160000000000000000
-421398386129215787/400000000000000000
-829654653916227343/800000000000000000
-102064066946752889/100000000000000000
-803370417231818881/800000000000000000
-15804565977792293/16000000000000000
-777086180547410419/800000000000000000
-190986015551301547/200000000000000000
-750801943863001957/800000000000000000
-368829912760398863/400000000000000000
-144903541435718699/160000000000000000
-44460974302274329/50000000000000000
-698233470494185033/800000000000000000
-342545676075990401/400000000000000000
-671949233809776571/800000000000000000
-32940355773378617/40000000000000000
-645664997125368109/800000000000000000
-316261439391581939/400000000000000000
-619380760440959647/800000000000000000
-75779830262344427/100000000000000000
-118619304751310237/160000000000000000
-289977202707173477/400000000000000000
-566812287072142723/800000000000000000
-138417542182484623/200000000000000000
-540528050387734261/800000000000000000
-52738593204553003/80000000000000000
-514243813703325799/800000000000000000
-15659427980035049/25000000000000000
-487959577018917337/800000000000000000
-237408729338356553/400000000000000000
-3693402722676071/6400000000000000
-112133305498076161/200000000000000000
-435391103650100413/800000000000000000
-211124492653948091/400000000000000000
-409106866965691951/800000000000000000
-9899118715587193/20000000000000000

y-grades
4999751/20000000
4999751/10000000
14999253/20000000
4999751/5000000
4999751/4000000
14999253/10000000
34998257/20000000
4999751/2500000
44997759/20000000
4999751/2000000
54997261/20000000
14999253/5000000
64996763/20000000
34998257/10000000
14999253/4000000
4999751/1250000
84995767/20000000
44997759/10000000
94995269/20000000
4999751/1000000
104994771/20000000
54997261/10000000
114994273/20000000
14999253/2500000
4999751/800000
64996763/10000000
134993277/20000000
34998257/5000000
144992779/20000000
14999253/2000000
154992281/20000000
4999751/625000
164991783/20000000
84995767/10000000
34998257/4000000
44997759/5000000
184990787/20000000
94995269/10000000
194990289/20000000
4999751/500000

Dimensions > 0:
(0, 0, 1)
(0, 1, 1)
(0, 2, 1)
(0, 3, 1)
(0, 4, 1)
(0, 5, 1)
(0, 6, 1)
(0, 7, 1)
(0, 8, 1)
(0, 9, 1)
(0, 10, 1)
(0, 11, 1)
(0, 12, 1)
(0, 13, 1)
(0, 14, 1)
(0, 15, 1)
(0, 16, 1)
(0, 17, 1)
(0, 18, 1)
(0, 19, 1)
(0, 20, 1)
(0, 21, 1)
(0, 22, 1)
(0, 23, 1)
(0, 24, 1)
(0, 25, 1)
(0, 26, 1)
(0, 27, 1)
(0, 28, 1)
(0, 29, 1)
(0, 30, 1)
(0, 31, 1)
(0, 32, 1)
(0, 33, 1)
(0, 34, 1)
(0, 35, 1)
(0, 36, 1)
(0, 37, 1)
(0, 38, 1)
(0, 39, 1)

(1, 0, 1)
(1, 1, 1)
(1, 2, 1)
(1, 3, 1)
(1, 4, 1)
(1, 5, 1)
(1, 6, 1)
(1, 7, 1)
(1, 8, 1)
(1, 9, 1)
(1, 10, 1)
(1, 11, 1)
(1, 12, 1)
(1, 13, 1)
(1, 14, 1)
(1, 15, 1)
(1, 16, 1)
(1, 17, 1)
(1, 18, 1)
(1, 19, 1)
(1, 20, 1)
(1, 21, 1)
(1, 22, 1)
(1, 23, 1)
(1, 24, 1)
(1, 25, 1)
(1, 26, 1)
(1, 27, 1)
(1, 28, 1)
(1, 29, 1)
(1, 30, 1)
(1, 31, 1)
(1, 32, 1)
(1, 33, 1)
(1, 34, 1)
(1, 35, 1)
(1, 36, 1)
(1, 37, 1)
(1, 38, 1)
(1, 39, 1)

(2, 0, 3)
(2, 1, 3)
(2, 2, 3)
(2, 3, 3)
(2, 4, 3)
(2, 5, 3)
(2, 6, 3)
(2, 7, 2)
(2, 8, 2)
(2, 9, 2)
(2, 10, 2)
(2, 11, 2)
(2, 12, 2)
(2, 13, 2)
(2, 14, 2)
(2, 15, 2)
(2, 16, 2)
(2, 17, 2)
(2, 18, 2)
(2, 19, 2)
(2, 20, 2)
(2, 21, 2)
(2, 22, 2)
(2, 23, 2)
(2, 24, 2)
(2, 25, 2)
(2, 26, 2)
(2, 27, 2)
(2, 28, 2)
(2, 29, 2)
(2, 30, 2)
(2, 31, 2)
(2, 32, 2)
(2, 33, 2)
(2, 34, 2)
(2, 35, 2)
(2, 36, 2)
(2, 37, 2)
(2, 38, 2)
(2, 39, 2)

(3, 0, 3)
(3, 1, 3)
(3, 2, 3)
(3, 3, 3)
(3, 4, 3)
(3, 5, 3)
(3, 6, 3)
(3, 7, 2)
(3, 8, 2)
(3, 9, 2)
(3, 10, 2)
(3, 11, 2)
(3, 12, 2)
(3, 13, 2)
(3, 14, 2)
(3, 15, 2)
(3, 16, 2)
(3, 17, 2)
(3, 18, 2)
(3, 19, 2)
(3, 20, 2)
(3, 21, 2)
(3, 22, 2)
(3, 23, 2)
(3, 24, 2)
(3, 25, 2)
(3, 26, 2)
(3, 27, 2)
(3, 28, 2)
(3, 29, 2)
(3, 30, 2)
(3, 31, 2)
(3, 32, 2)
(3, 33, 2)
(3, 34, 2)
(3, 35, 2)
(3, 36, 2)
(3, 37, 2)
(3, 38, 2)
(3, 39, 2)

(4, 0, 4)
(4, 1, 4)
(4, 2, 4)
(4, 3, 4)
(4, 4, 4)
(4, 5, 4)
(4, 6, 4)
(4, 7, 2)
(4, 8, 2)
(4, 9, 2)
(4, 10, 2)
(4, 11, 2)
(4, 12, 2)
(4, 13, 2)
(4, 14, 2)
(4, 15, 2)
(4, 16, 2)
(4, 17, 2)
(4, 18, 2)
(4, 19, 2)
(4, 20, 2)
(4, 21, 2)
(4, 22, 2)
(4, 23, 2)
(4, 24, 2)
(4, 25, 2)
(4, 26, 2)
(4, 27, 2)
(4, 28, 2)
(4, 29, 2)
(4, 30, 2)
(4, 31, 2)
(4, 32, 2)
(4, 33, 2)
(4, 34, 2)
(4, 35, 2)
(4, 36, 2)
(4, 37, 2)
(4, 38, 2)
(4, 39, 2)

(5, 0, 6)
(5, 1, 5)
(5, 2, 5)
(5, 3, 5)
(5, 4, 5)
(5, 5, 5)
(5, 6, 5)
(5, 7, 3)
(5, 8, 3)
(5, 9, 3)
(5, 10, 3)
(5, 11, 3)
(5, 12, 2)
(5, 13, 2)
(5, 14, 2)
(5, 15, 2)
(5, 16, 2)
(5, 17, 2)
(5, 18, 2)
(5, 19, 2)
(5, 20, 2)
(5, 21, 2)
(5, 22, 2)
(5, 23, 2)
(5, 24, 2)
(5, 25, 2)
(5, 26, 2)
(5, 27, 2)
(5, 28, 2)
(5, 29, 2)
(5, 30, 2)
(5, 31, 2)
(5, 32, 2)
(5, 33, 1)
(5, 34, 1)
(5, 35, 1)
(5, 36, 1)
(5, 37, 1)
(5, 38, 1)
(5, 39, 1)

(6, 0, 11)
(6, 1, 8)
(6, 2, 7)
(6, 3, 7)
(6, 4, 6)
(6, 5, 6)
(6, 6, 6)
(6, 7, 4)
(6, 8, 4)
(6, 9, 4)
(6, 10, 3)
(6, 11, 3)
(6, 12, 2)
(6, 13, 2)
(6, 14, 2)
(6, 15, 2)
(6, 16, 2)
(6, 17, 2)
(6, 18, 1)
(6, 19, 1)
(6, 20, 1)
(6, 21, 1)
(6, 22, 1)
(6, 23, 1)
(6, 24, 1)
(6, 25, 1)
(6, 26, 1)
(6, 27, 1)
(6, 28, 1)
(6, 29, 1)
(6, 30, 1)
(6, 31, 1)
(6, 32, 1)
(6, 33, 1)
(6, 34, 1)
(6, 35, 1)
(6, 36, 1)
(6, 37, 1)
(6, 38, 1)
(6, 39, 1)

(7, 0, 25)
(7, 1, 10)
(7, 2, 8)
(7, 3, 6)
(7, 4, 6)
(7, 5, 6)
(7, 6, 6)
(7, 7, 4)
(7, 8, 4)
(7, 9, 4)
(7, 10, 3)
(7, 11, 3)
(7, 12, 2)
(7, 13, 2)
(7, 14, 2)
(7, 15, 2)
(7, 16, 1)
(7, 17, 1)
(7, 18, 1)
(7, 19, 1)
(7, 20, 1)
(7, 21, 1)
(7, 22, 1)
(7, 23, 1)
(7, 24, 1)
(7, 25, 1)
(7, 26, 1)
(7, 27, 1)
(7, 28, 1)
(7, 29, 1)
(7, 30, 1)
(7, 31, 1)
(7, 32, 1)
(7, 33, 1)
(7, 34, 1)
(7, 35, 1)
(7, 36, 1)
(7, 37, 1)
(7, 38, 1)
(7, 39, 1)

(8, 0, 40)
(8, 1, 15)
(8, 2, 9)
(8, 3, 7)
(8, 4, 7)
(8, 5, 7)
(8, 6, 7)
(8, 7, 5)
(8, 8, 5)
(8, 9, 5)
(8, 10, 4)
(8, 11, 4)
(8, 12, 2)
(8, 13, 2)
(8, 14, 2)
(8, 15, 2)
(8, 16, 1)
(8, 17, 1)
(8, 18, 1)
(8, 19, 1)
(8, 20, 1)
(8, 21, 1)
(8, 22, 1)
(8, 23, 1)
(8, 24, 1)
(8, 25, 1)
(8, 26, 1)
(8, 27, 1)
(8, 28, 1)
(8, 29, 1)
(8, 30, 1)
(8, 31, 1)
(8, 32, 1)
(8, 33, 1)
(8, 34, 1)
(8, 35, 1)
(8, 36, 1)
(8, 37, 1)
(8, 38, 1)
(8, 39, 1)

(9, 0, 48)
(9, 1, 15)
(9, 2, 9)
(9, 3, 7)
(9, 4, 7)
(9, 5, 7)
(9, 6, 7)
(9, 7, 5)
(9, 8, 5)
(9, 9, 5)
(9, 10, 4)
(9, 11, 4)
(9, 12, 2)
(9, 13, 2)
(9, 14, 2)
(9, 15, 2)
(9, 16, 1)
(9, 17, 1)
(9, 18, 1)
(9, 19, 1)
(9, 20, 1)
(9, 21, 1)
(9, 22, 1)
(9, 23, 1)
(9, 24, 1)
(9, 25, 1)
(9, 26, 1)
(9, 27, 1)
(9, 28, 1)
(9, 29, 1)
(9, 30, 1)
(9, 31, 1)
(9, 32, 1)
(9, 33, 1)
(9, 34, 1)
(9, 35, 1)
(9, 36, 1)
(9, 37, 1)
(9, 38, 1)
(9, 39, 1)

(10, 0, 48)
(10, 1, 15)
(10, 2, 9)
(10, 3, 7)
(10, 4, 7)
(10, 5, 7)
(10, 6, 7)
(10, 7, 5)
(10, 8, 5)
(10, 9, 5)
(10, 10, 4)
(10, 11, 4)
(10, 12, 2)
(10, 13, 2)
(10, 14, 2)
(10, 15, 2)
(10, 16, 1)
(10, 17, 1)
(10, 18, 1)
(10, 19, 1)
(10, 20, 1)
(10, 21, 1)
(10, 22, 1)
(10, 23, 1)
(10, 24, 1)
(10, 25, 1)
(10, 26, 1)
(10, 27, 1)
(10, 28, 1)
(10, 29, 1)
(10, 30, 1)
(10, 31, 1)
(10, 32, 1)
(10, 33, 1)
(10, 34, 1)
(10, 35, 1)
(10, 36, 1)
(10, 37, 1)
(10, 38, 1)
(10, 39, 1)

(11, 0, 48)
(11, 1, 15)
(11, 2, 9)
(11, 3, 7)
(11, 4, 7)
(11, 5, 7)
(11, 6, 7)
(11, 7, 5)
(11, 8, 5)
(11, 9, 5)
(11, 10, 4)
(11, 11, 4)
(11, 12, 2)
(11, 13, 2)
(11, 14, 2)
(11, 15, 2)
(11, 16, 1)
(11, 17, 1)
(11, 18, 1)
(11, 19, 1)
(11, 20, 1)
(11, 21, 1)
(11, 22, 1)
(11, 23, 1)
(11, 24, 1)
(11, 25, 1)
(11, 26, 1)
(11, 27, 1)
(11, 28, 1)
(11, 29, 1)
(11, 30, 1)
(11, 31, 1)
(11, 32, 1)
(11, 33, 1)
(11, 34, 1)
(11, 35, 1)
(11, 36, 1)
(11, 37, 1)
(11, 38, 1)
(11, 39, 1)

(12, 0, 50)
(12, 1, 17)
(12, 2, 11)
(12, 3, 9)
(12, 4, 9)
(12, 5, 9)
(12, 6, 9)
(12, 7, 7)
(12, 8, 7)
(12, 9, 7)
(12, 10, 6)
(12, 11, 6)
(12, 12, 4)
(12, 13, 4)
(12, 14, 3)
(12, 15, 3)
(12, 16, 2)
(12, 17, 2)
(12, 18, 2)
(12, 19, 2)
(12, 20, 2)
(12, 21, 2)
(12, 22, 2)
(12, 23, 2)
(12, 24, 2)
(12, 25, 2)
(12, 26, 2)
(12, 27, 2)
(12, 28, 2)
(12, 29, 2)
(12, 30, 2)
(12, 31, 2)
(12, 32, 2)
(12, 33, 2)
(12, 34, 2)
(12, 35, 2)
(12, 36, 2)
(12, 37, 2)
(12, 38, 2)
(12, 39, 2)

(13, 0, 51)
(13, 1, 18)
(13, 2, 12)
(13, 3, 10)
(13, 4, 10)
(13, 5, 10)
(13, 6, 10)
(13, 7, 8)
(13, 8, 8)
(13, 9, 8)
(13, 10, 7)
(13, 11, 7)
(13, 12, 5)
(13, 13, 5)
(13, 14, 4)
(13, 15, 4)
(13, 16, 3)
(13, 17, 3)
(13, 18, 3)
(13, 19, 3)
(13, 20, 3)
(13, 21, 3)
(13, 22, 3)
(13, 23, 3)
(13, 24, 3)
(13, 25, 3)
(13, 26, 3)
(13, 27, 3)
(13, 28, 3)
(13, 29, 3)
(13, 30, 3)
(13, 31, 3)
(13, 32, 3)
(13, 33, 3)
(13, 34, 3)
(13, 35, 3)
(13, 36, 3)
(13, 37, 3)
(13, 38, 3)
(13, 39, 2)

(14, 0, 54)
(14, 1, 21)
(14, 2, 15)
(14, 3, 13)
(14, 4, 13)
(14, 5, 13)
(14, 6, 13)
(14, 7, 11)
(14, 8, 11)
(14, 9, 11)
(14, 10, 7)
(14, 11, 7)
(14, 12, 5)
(14, 13, 5)
(14, 14, 4)
(14, 15, 4)
(14, 16, 3)
(14, 17, 3)
(14, 18, 3)
(14, 19, 3)
(14, 20, 3)
(14, 21, 3)
(14, 22, 3)
(14, 23, 3)
(14, 24, 3)
(14, 25, 3)
(14, 26, 3)
(14, 27, 3)
(14, 28, 3)
(14, 29, 3)
(14, 30, 3)
(14, 31, 3)
(14, 32, 3)
(14, 33, 3)
(14, 34, 3)
(14, 35, 3)
(14, 36, 3)
(14, 37, 3)
(14, 38, 2)
(14, 39, 2)

(15, 0, 57)
(15, 1, 24)
(15, 2, 18)
(15, 3, 16)
(15, 4, 16)
(15, 5, 16)
(15, 6, 16)
(15, 7, 13)
(15, 8, 13)
(15, 9, 13)
(15, 10, 8)
(15, 11, 8)
(15, 12, 6)
(15, 13, 6)
(15, 14, 5)
(15, 15, 5)
(15, 16, 4)
(15, 17, 4)
(15, 18, 4)
(15, 19, 4)
(15, 20, 3)
(15, 21, 3)
(15, 22, 3)
(15, 23, 3)
(15, 24, 3)
(15, 25, 3)
(15, 26, 3)
(15, 27, 3)
(15, 28, 3)
(15, 29, 3)
(15, 30, 3)
(15, 31, 3)
(15, 32, 3)
(15, 33, 3)
(15, 34, 3)
(15, 35, 3)
(15, 36, 3)
(15, 37, 2)
(15, 38, 2)
(15, 39, 2)

(16, 0, 73)
(16, 1, 33)
(16, 2, 26)
(16, 3, 24)
(16, 4, 23)
(16, 5, 23)
(16, 6, 22)
(16, 7, 18)
(16, 8, 17)
(16, 9, 16)
(16, 10, 9)
(16, 11, 9)
(16, 12, 7)
(16, 13, 7)
(16, 14, 5)
(16, 15, 4)
(16, 16, 3)
(16, 17, 3)
(16, 18, 3)
(16, 19, 3)
(16, 20, 3)
(16, 21, 3)
(16, 22, 3)
(16, 23, 3)
(16, 24, 3)
(16, 25, 3)
(16, 26, 3)
(16, 27, 3)
(16, 28, 3)
(16, 29, 3)
(16, 30, 3)
(16, 31, 3)
(16, 32, 3)
(16, 33, 3)
(16, 34, 3)
(16, 35, 3)
(16, 36, 3)
(16, 37, 2)
(16, 38, 2)
(16, 39, 2)

(17, 0, 96)
(17, 1, 44)
(17, 2, 33)
(17, 3, 30)
(17, 4, 29)
(17, 5, 28)
(17, 6, 26)
(17, 7, 21)
(17, 8, 20)
(17, 9, 19)
(17, 10, 10)
(17, 11, 10)
(17, 12, 8)
(17, 13, 8)
(17, 14, 6)
(17, 15, 4)
(17, 16, 3)
(17, 17, 3)
(17, 18, 3)
(17, 19, 3)
(17, 20, 3)
(17, 21, 3)
(17, 22, 3)
(17, 23, 3)
(17, 24, 3)
(17, 25, 3)
(17, 26, 3)
(17, 27, 3)
(17, 28, 3)
(17, 29, 3)
(17, 30, 2)
(17, 31, 2)
(17, 32, 2)
(17, 33, 2)
(17, 34, 2)
(17, 35, 2)
(17, 36, 2)
(17, 37, 2)
(17, 38, 2)
(17, 39, 2)

(18, 0, 115)
(18, 1, 50)
(18, 2, 40)
(18, 3, 37)
(18, 4, 35)
(18, 5, 34)
(18, 6, 29)
(18, 7, 22)
(18, 8, 21)
(18, 9, 20)
(18, 10, 10)
(18, 11, 10)
(18, 12, 7)
(18, 13, 7)
(18, 14, 4)
(18, 15, 4)
(18, 16, 3)
(18, 17, 3)
(18, 18, 3)
(18, 19, 3)
(18, 20, 3)
(18, 21, 3)
(18, 22, 3)
(18, 23, 3)
(18, 24, 3)
(18, 25, 3)
(18, 26, 3)
(18, 27, 3)
(18, 28, 3)
(18, 29, 3)
(18, 30, 2)
(18, 31, 2)
(18, 32, 2)
(18, 33, 2)
(18, 34, 2)
(18, 35, 2)
(18, 36, 2)
(18, 37, 2)
(18, 38, 2)
(18, 39, 2)

(19, 0, 130)
(19, 1, 59)
(19, 2, 49)
(19, 3, 45)
(19, 4, 42)
(19, 5, 39)
(19, 6, 34)
(19, 7, 24)
(19, 8, 22)
(19, 9, 20)
(19, 10, 12)
(19, 11, 12)
(19, 12, 10)
(19, 13, 10)
(19, 14, 7)
(19, 15, 7)
(19, 16, 6)
(19, 17, 5)
(19, 18, 5)
(19, 19, 5)
(19, 20, 5)
(19, 21, 5)
(19, 22, 5)
(19, 23, 4)
(19, 24, 4)
(19, 25, 4)
(19, 26, 4)
(19, 27, 4)
(19, 28, 4)
(19, 29, 3)
(19, 30, 2)
(19, 31, 2)
(19, 32, 2)
(19, 33, 2)
(19, 34, 2)
(19, 35, 2)
(19, 36, 1)
(19, 37, 1)
(19, 38, 1)
(19, 39, 1)

(20, 0, 146)
(20, 1, 66)
(20, 2, 55)
(20, 3, 50)
(20, 4, 47)
(20, 5, 44)
(20, 6, 38)
(20, 7, 27)
(20, 8, 25)
(20, 9, 22)
(20, 10, 14)
(20, 11, 14)
(20, 12, 11)
(20, 13, 10)
(20, 14, 7)
(20, 15, 6)
(20, 16, 5)
(20, 17, 4)
(20, 18, 4)
(20, 19, 4)
(20, 20, 3)
(20, 21, 3)
(20, 22, 3)
(20, 23, 3)
(20, 24, 3)
(20, 25, 3)
(20, 26, 3)
(20, 27, 3)
(20, 28, 3)
(20, 29, 3)
(20, 30, 2)
(20, 31, 2)
(20, 32, 2)
(20, 33, 2)
(20, 34, 2)
(20, 35, 2)
(20, 36, 1)
(20, 37, 1)
(20, 38, 1)
(20, 39, 1)

(21, 0, 175)
(21, 1, 76)
(21, 2, 63)
(21, 3, 57)
(21, 4, 54)
(21, 5, 51)
(21, 6, 45)
(21, 7, 31)
(21, 8, 28)
(21, 9, 25)
(21, 10, 16)
(21, 11, 15)
(21, 12, 10)
(21, 13, 9)
(21, 14, 6)
(21, 15, 5)
(21, 16, 4)
(21, 17, 3)
(21, 18, 3)
(21, 19, 3)
(21, 20, 3)
(21, 21, 3)
(21, 22, 3)
(21, 23, 3)
(21, 24, 3)
(21, 25, 3)
(21, 26, 3)
(21, 27, 3)
(21, 28, 3)
(21, 29, 3)
(21, 30, 2)
(21, 31, 2)
(21, 32, 2)
(21, 33, 2)
(21, 34, 2)
(21, 35, 2)
(21, 36, 1)
(21, 37, 1)
(21, 38, 1)
(21, 39, 1)

(22, 0, 190)
(22, 1, 81)
(22, 2, 69)
(22, 3, 62)
(22, 4, 59)
(22, 5, 55)
(22, 6, 47)
(22, 7, 31)
(22, 8, 28)
(22, 9, 24)
(22, 10, 14)
(22, 11, 13)
(22, 12, 9)
(22, 13, 8)
(22, 14, 5)
(22, 15, 5)
(22, 16, 4)
(22, 17, 3)
(22, 18, 3)
(22, 19, 3)
(22, 20, 3)
(22, 21, 3)
(22, 22, 3)
(22, 23, 3)
(22, 24, 3)
(22, 25, 3)
(22, 26, 3)
(22, 27, 3)
(22, 28, 3)
(22, 29, 3)
(22, 30, 2)
(22, 31, 2)
(22, 32, 2)
(22, 33, 2)
(22, 34, 2)
(22, 35, 2)
(22, 36, 1)
(22, 37, 1)
(22, 38, 1)
(22, 39, 1)

(23, 0, 195)
(23, 1, 86)
(23, 2, 73)
(23, 3, 66)
(23, 4, 63)
(23, 5, 59)
(23, 6, 50)
(23, 7, 33)
(23, 8, 29)
(23, 9, 25)
(23, 10, 15)
(23, 11, 14)
(23, 12, 10)
(23, 13, 9)
(23, 14, 5)
(23, 15, 5)
(23, 16, 4)
(23, 17, 3)
(23, 18, 3)
(23, 19, 3)
(23, 20, 3)
(23, 21, 3)
(23, 22, 3)
(23, 23, 3)
(23, 24, 3)
(23, 25, 3)
(23, 26, 3)
(23, 27, 3)
(23, 28, 3)
(23, 29, 3)
(23, 30, 2)
(23, 31, 2)
(23, 32, 2)
(23, 33, 2)
(23, 34, 2)
(23, 35, 2)
(23, 36, 1)
(23, 37, 1)
(23, 38, 1)
(23, 39, 1)

(24, 0, 210)
(24, 1, 101)
(24, 2, 87)
(24, 3, 79)
(24, 4, 75)
(24, 5, 70)
(24, 6, 59)
(24, 7, 40)
(24, 8, 35)
(24, 9, 31)
(24, 10, 21)
(24, 11, 19)
(24, 12, 15)
(24, 13, 14)
(24, 14, 8)
(24, 15, 8)
(24, 16, 6)
(24, 17, 5)
(24, 18, 5)
(24, 19, 5)
(24, 20, 5)
(24, 21, 5)
(24, 22, 5)
(24, 23, 5)
(24, 24, 5)
(24, 25, 5)
(24, 26, 5)
(24, 27, 5)
(24, 28, 5)
(24, 29, 4)
(24, 30, 3)
(24, 31, 3)
(24, 32, 3)
(24, 33, 2)
(24, 34, 2)
(24, 35, 2)
(24, 36, 2)
(24, 37, 2)
(24, 38, 2)
(24, 39, 2)

(25, 0, 214)
(25, 1, 105)
(25, 2, 91)
(25, 3, 83)
(25, 4, 78)
(25, 5, 73)
(25, 6, 62)
(25, 7, 42)
(25, 8, 37)
(25, 9, 33)
(25, 10, 23)
(25, 11, 21)
(25, 12, 17)
(25, 13, 16)
(25, 14, 9)
(25, 15, 9)
(25, 16, 7)
(25, 17, 6)
(25, 18, 6)
(25, 19, 6)
(25, 20, 6)
(25, 21, 6)
(25, 22, 6)
(25, 23, 6)
(25, 24, 5)
(25, 25, 5)
(25, 26, 5)
(25, 27, 5)
(25, 28, 5)
(25, 29, 4)
(25, 30, 3)
(25, 31, 3)
(25, 32, 3)
(25, 33, 2)
(25, 34, 2)
(25, 35, 2)
(25, 36, 2)
(25, 37, 2)
(25, 38, 2)
(25, 39, 2)

(26, 0, 227)
(26, 1, 113)
(26, 2, 99)
(26, 3, 91)
(26, 4, 85)
(26, 5, 79)
(26, 6, 68)
(26, 7, 46)
(26, 8, 40)
(26, 9, 35)
(26, 10, 23)
(26, 11, 20)
(26, 12, 16)
(26, 13, 13)
(26, 14, 8)
(26, 15, 8)
(26, 16, 6)
(26, 17, 5)
(26, 18, 5)
(26, 19, 5)
(26, 20, 5)
(26, 21, 5)
(26, 22, 5)
(26, 23, 5)
(26, 24, 5)
(26, 25, 5)
(26, 26, 5)
(26, 27, 5)
(26, 28, 5)
(26, 29, 4)
(26, 30, 3)
(26, 31, 3)
(26, 32, 3)
(26, 33, 2)
(26, 34, 2)
(26, 35, 2)
(26, 36, 2)
(26, 37, 2)
(26, 38, 2)
(26, 39, 2)

(27, 0, 236)
(27, 1, 118)
(27, 2, 103)
(27, 3, 94)
(27, 4, 88)
(27, 5, 81)
(27, 6, 70)
(27, 7, 48)
(27, 8, 41)
(27, 9, 37)
(27, 10, 23)
(27, 11, 20)
(27, 12, 16)
(27, 13, 13)
(27, 14, 8)
(27, 15, 8)
(27, 16, 6)
(27, 17, 5)
(27, 18, 5)
(27, 19, 5)
(27, 20, 5)
(27, 21, 5)
(27, 22, 5)
(27, 23, 5)
(27, 24, 5)
(27, 25, 5)
(27, 26, 5)
(27, 27, 5)
(27, 28, 5)
(27, 29, 4)
(27, 30, 3)
(27, 31, 3)
(27, 32, 3)
(27, 33, 2)
(27, 34, 2)
(27, 35, 2)
(27, 36, 2)
(27, 37, 2)
(27, 38, 2)
(27, 39, 2)

(28, 0, 253)
(28, 1, 127)
(28, 2, 112)
(28, 3, 100)
(28, 4, 94)
(28, 5, 87)
(28, 6, 76)
(28, 7, 54)
(28, 8, 46)
(28, 9, 41)
(28, 10, 22)
(28, 11, 19)
(28, 12, 15)
(28, 13, 13)
(28, 14, 7)
(28, 15, 7)
(28, 16, 6)
(28, 17, 5)
(28, 18, 5)
(28, 19, 5)
(28, 20, 5)
(28, 21, 5)
(28, 22, 5)
(28, 23, 5)
(28, 24, 5)
(28, 25, 5)
(28, 26, 5)
(28, 27, 5)
(28, 28, 5)
(28, 29, 4)
(28, 30, 3)
(28, 31, 3)
(28, 32, 3)
(28, 33, 2)
(28, 34, 2)
(28, 35, 2)
(28, 36, 2)
(28, 37, 2)
(28, 38, 2)
(28, 39, 2)

(29, 0, 255)
(29, 1, 129)
(29, 2, 114)
(29, 3, 102)
(29, 4, 96)
(29, 5, 88)
(29, 6, 77)
(29, 7, 55)
(29, 8, 47)
(29, 9, 41)
(29, 10, 22)
(29, 11, 19)
(29, 12, 15)
(29, 13, 13)
(29, 14, 7)
(29, 15, 7)
(29, 16, 6)
(29, 17, 5)
(29, 18, 5)
(29, 19, 5)
(29, 20, 5)
(29, 21, 5)
(29, 22, 5)
(29, 23, 5)
(29, 24, 5)
(29, 25, 5)
(29, 26, 5)
(29, 27, 5)
(29, 28, 5)
(29, 29, 4)
(29, 30, 3)
(29, 31, 3)
(29, 32, 3)
(29, 33, 2)
(29, 34, 2)
(29, 35, 2)
(29, 36, 2)
(29, 37, 2)
(29, 38, 2)
(29, 39, 2)

(30, 0, 259)
(30, 1, 133)
(30, 2, 118)
(30, 3, 105)
(30, 4, 99)
(30, 5, 91)
(30, 6, 80)
(30, 7, 57)
(30, 8, 49)
(30, 9, 42)
(30, 10, 22)
(30, 11, 19)
(30, 12, 15)
(30, 13, 13)
(30, 14, 7)
(30, 15, 7)
(30, 16, 6)
(30, 17, 5)
(30, 18, 5)
(30, 19, 5)
(30, 20, 5)
(30, 21, 5)
(30, 22, 5)
(30, 23, 5)
(30, 24, 5)
(30, 25, 5)
(30, 26, 5)
(30, 27, 5)
(30, 28, 5)
(30, 29, 4)
(30, 30, 3)
(30, 31, 3)
(30, 32, 3)
(30, 33, 2)
(30, 34, 2)
(30, 35, 2)
(30, 36, 2)
(30, 37, 2)
(30, 38, 2)
(30, 39, 2)

(31, 0, 261)
(31, 1, 135)
(31, 2, 120)
(31, 3, 107)
(31, 4, 101)
(31, 5, 93)
(31, 6, 82)
(31, 7, 59)
(31, 8, 51)
(31, 9, 44)
(31, 10, 22)
(31, 11, 19)
(31, 12, 15)
(31, 13, 13)
(31, 14, 7)
(31, 15, 7)
(31, 16, 6)
(31, 17, 5)
(31, 18, 5)
(31, 19, 5)
(31, 20, 5)
(31, 21, 5)
(31, 22, 5)
(31, 23, 5)
(31, 24, 5)
(31, 25, 5)
(31, 26, 5)
(31, 27, 5)
(31, 28, 5)
(31, 29, 4)
(31, 30, 3)
(31, 31, 3)
(31, 32, 3)
(31, 33, 2)
(31, 34, 2)
(31, 35, 2)
(31, 36, 2)
(31, 37, 2)
(31, 38, 2)
(31, 39, 2)

(32, 0, 268)
(32, 1, 138)
(32, 2, 123)
(32, 3, 110)
(32, 4, 104)
(32, 5, 96)
(32, 6, 84)
(32, 7, 60)
(32, 8, 52)
(32, 9, 45)
(32, 10, 23)
(32, 11, 20)
(32, 12, 16)
(32, 13, 14)
(32, 14, 8)
(32, 15, 8)
(32, 16, 7)
(32, 17, 6)
(32, 18, 6)
(32, 19, 6)
(32, 20, 6)
(32, 21, 6)
(32, 22, 6)
(32, 23, 6)
(32, 24, 6)
(32, 25, 6)
(32, 26, 6)
(32, 27, 6)
(32, 28, 5)
(32, 29, 4)
(32, 30, 3)
(32, 31, 3)
(32, 32, 3)
(32, 33, 2)
(32, 34, 2)
(32, 35, 2)
(32, 36, 2)
(32, 37, 2)
(32, 38, 2)
(32, 39, 2)

(33, 0, 278)
(33, 1, 144)
(33, 2, 129)
(33, 3, 115)
(33, 4, 108)
(33, 5, 100)
(33, 6, 87)
(33, 7, 62)
(33, 8, 53)
(33, 9, 46)
(33, 10, 24)
(33, 11, 21)
(33, 12, 17)
(33, 13, 15)
(33, 14, 9)
(33, 15, 9)
(33, 16, 8)
(33, 17, 7)
(33, 18, 7)
(33, 19, 7)
(33, 20, 7)
(33, 21, 7)
(33, 22, 7)
(33, 23, 7)
(33, 24, 7)
(33, 25, 7)
(33, 26, 7)
(33, 27, 7)
(33, 28, 6)
(33, 29, 5)
(33, 30, 4)
(33, 31, 4)
(33, 32, 4)
(33, 33, 3)
(33, 34, 3)
(33, 35, 3)
(33, 36, 3)
(33, 37, 3)
(33, 38, 3)
(33, 39, 3)

(34, 0, 293)
(34, 1, 152)
(34, 2, 135)
(34, 3, 120)
(34, 4, 113)
(34, 5, 104)
(34, 6, 92)
(34, 7, 64)
(34, 8, 56)
(34, 9, 49)
(34, 10, 27)
(34, 11, 24)
(34, 12, 20)
(34, 13, 18)
(34, 14, 12)
(34, 15, 12)
(34, 16, 11)
(34, 17, 10)
(34, 18, 10)
(34, 19, 10)
(34, 20, 9)
(34, 21, 9)
(34, 22, 9)
(34, 23, 9)
(34, 24, 9)
(34, 25, 9)
(34, 26, 9)
(34, 27, 9)
(34, 28, 7)
(34, 29, 6)
(34, 30, 5)
(34, 31, 5)
(34, 32, 5)
(34, 33, 4)
(34, 34, 4)
(34, 35, 4)
(34, 36, 4)
(34, 37, 4)
(34, 38, 3)
(34, 39, 3)

(35, 0, 294)
(35, 1, 153)
(35, 2, 136)
(35, 3, 121)
(35, 4, 114)
(35, 5, 105)
(35, 6, 93)
(35, 7, 64)
(35, 8, 56)
(35, 9, 49)
(35, 10, 27)
(35, 11, 24)
(35, 12, 20)
(35, 13, 18)
(35, 14, 12)
(35, 15, 12)
(35, 16, 11)
(35, 17, 10)
(35, 18, 10)
(35, 19, 10)
(35, 20, 9)
(35, 21, 9)
(35, 22, 9)
(35, 23, 9)
(35, 24, 9)
(35, 25, 9)
(35, 26, 9)
(35, 27, 9)
(35, 28, 7)
(35, 29, 6)
(35, 30, 5)
(35, 31, 5)
(35, 32, 5)
(35, 33, 4)
(35, 34, 4)
(35, 35, 4)
(35, 36, 4)
(35, 37, 4)
(35, 38, 3)
(35, 39, 3)

(36, 0, 318)
(36, 1, 166)
(36, 2, 139)
(36, 3, 123)
(36, 4, 116)
(36, 5, 107)
(36, 6, 95)
(36, 7, 66)
(36, 8, 57)
(36, 9, 50)
(36, 10, 28)
(36, 11, 25)
(36, 12, 21)
(36, 13, 19)
(36, 14, 13)
(36, 15, 13)
(36, 16, 12)
(36, 17, 11)
(36, 18, 11)
(36, 19, 11)
(36, 20, 10)
(36, 21, 10)
(36, 22, 10)
(36, 23, 10)
(36, 24, 10)
(36, 25, 10)
(36, 26, 10)
(36, 27, 10)
(36, 28, 8)
(36, 29, 6)
(36, 30, 4)
(36, 31, 4)
(36, 32, 4)
(36, 33, 3)
(36, 34, 3)
(36, 35, 3)
(36, 36, 3)
(36, 37, 3)
(36, 38, 2)
(36, 39, 2)

(37, 0, 323)
(37, 1, 171)
(37, 2, 144)
(37, 3, 128)
(37, 4, 120)
(37, 5, 111)
(37, 6, 99)
(37, 7, 69)
(37, 8, 59)
(37, 9, 52)
(37, 10, 29)
(37, 11, 25)
(37, 12, 20)
(37, 13, 18)
(37, 14, 12)
(37, 15, 12)
(37, 16, 11)
(37, 17, 10)
(37, 18, 10)
(37, 19, 10)
(37, 20, 9)
(37, 21, 9)
(37, 22, 9)
(37, 23, 9)
(37, 24, 9)
(37, 25, 9)
(37, 26, 9)
(37, 27, 9)
(37, 28, 7)
(37, 29, 5)
(37, 30, 4)
(37, 31, 4)
(37, 32, 4)
(37, 33, 3)
(37, 34, 3)
(37, 35, 3)
(37, 36, 3)
(37, 37, 3)
(37, 38, 2)
(37, 39, 2)

(38, 0, 333)
(38, 1, 179)
(38, 2, 150)
(38, 3, 133)
(38, 4, 124)
(38, 5, 114)
(38, 6, 102)
(38, 7, 73)
(38, 8, 61)
(38, 9, 53)
(38, 10, 29)
(38, 11, 25)
(38, 12, 20)
(38, 13, 18)
(38, 14, 12)
(38, 15, 12)
(38, 16, 11)
(38, 17, 10)
(38, 18, 10)
(38, 19, 9)
(38, 20, 8)
(38, 21, 8)
(38, 22, 8)
(38, 23, 8)
(38, 24, 8)
(38, 25, 8)
(38, 26, 8)
(38, 27, 8)
(38, 28, 6)
(38, 29, 5)
(38, 30, 4)
(38, 31, 4)
(38, 32, 4)
(38, 33, 3)
(38, 34, 3)
(38, 35, 3)
(38, 36, 3)
(38, 37, 3)
(38, 38, 2)
(38, 39, 2)

(39, 0, 388)
(39, 1, 198)
(39, 2, 162)
(39, 3, 141)
(39, 4, 131)
(39, 5, 118)
(39, 6, 102)
(39, 7, 71)
(39, 8, 58)
(39, 9, 50)
(39, 10, 28)
(39, 11, 24)
(39, 12, 20)
(39, 13, 17)
(39, 14, 11)
(39, 15, 11)
(39, 16, 10)
(39, 17, 9)
(39, 18, 9)
(39, 19, 9)
(39, 20, 8)
(39, 21, 8)
(39, 22, 8)
(39, 23, 8)
(39, 24, 8)
(39, 25, 8)
(39, 26, 8)
(39, 27, 8)
(39, 28, 6)
(39, 29, 5)
(39, 30, 4)
(39, 31, 4)
(39, 32, 4)
(39, 33, 3)
(39, 34, 3)
(39, 35, 3)
(39, 36, 3)
(39, 37, 3)
(39, 38, 2)
(39, 39, 2)


Betti numbers:
xi_0:
(0, 0, 1)
(2, 0, 2)
(4, 0, 1)
(5, 0, 2)
(6, 0, 5)
(7, 0, 14)
(8, 0, 15)
(9, 0, 8)
(12, 0, 2)
(13, 0, 1)
(14, 0, 3)
(15, 0, 3)
(16, 0, 16)
(17, 0, 23)
(18, 0, 19)
(19, 0, 15)
(20, 0, 16)
(21, 0, 29)
(22, 0, 15)
(23, 0, 5)
(24, 0, 15)
(25, 0, 4)
(26, 0, 13)
(27, 0, 9)
(28, 0, 17)
(29, 0, 2)
(30, 0, 4)
(31, 0, 2)
(32, 0, 7)
(33, 0, 10)
(34, 0, 15)
(35, 0, 1)
(36, 0, 24)
(37, 0, 5)
(38, 0, 10)
(39, 0, 55)
xi_1:
(2, 7, 1)
(4, 7, 1)
(5, 1, 1)
(5, 12, 1)
(5, 33, 1)
(6, 1, 2)
(6, 2, 1)
(6, 4, 1)
(6, 10, 1)
(6, 18, 1)
(7, 1, 12)
(7, 2, 1)
(7, 3, 2)
(7, 16, 1)
(8, 1, 10)
(8, 2, 4)
(8, 3, 1)
(8, 12, 1)
(9, 1, 8)
(12, 14, 1)
(13, 39, 1)
(14, 10, 3)
(14, 38, 1)
(15, 7, 1)
(15, 10, 1)
(15, 20, 1)
(15, 37, 1)
(16, 1, 7)
(16, 2, 1)
(16, 4, 1)
(16, 6, 1)
(16, 7, 1)
(16, 8, 1)
(16, 9, 1)
(16, 10, 3)
(16, 14, 1)
(16, 15, 1)
(17, 1, 12)
(17, 2, 4)
(17, 3, 1)
(17, 5, 1)
(17, 6, 1)
(17, 7, 1)
(17, 10, 2)
(17, 15, 1)
(17, 30, 1)
(18, 1, 13)
(18, 4, 1)
(18, 6, 3)
(18, 7, 2)
(18, 10, 2)
(18, 12, 1)
(18, 14, 1)
(19, 1, 6)
(19, 2, 1)
(19, 3, 1)
(19, 4, 1)
(19, 5, 2)
(19, 7, 3)
(19, 8, 1)
(19, 9, 1)
(19, 17, 1)
(19, 23, 1)
(19, 29, 1)
(19, 36, 1)
(20, 1, 9)
(20, 2, 1)
(20, 3, 1)
(20, 6, 1)
(20, 7, 1)
(20, 9, 1)
(20, 12, 1)
(20, 13, 1)
(20, 15, 1)
(20, 20, 1)
(21, 1, 19)
(21, 2, 2)
(21, 3, 1)
(21, 7, 3)
(21, 8, 1)
(21, 9, 1)
(21, 10, 1)
(21, 11, 1)
(21, 12, 2)
(21, 15, 1)
(22, 1, 10)
(22, 3, 1)
(22, 5, 1)
(22, 6, 2)
(22, 7, 2)
(22, 9, 1)
(22, 10, 1)
(23, 2, 1)
(23, 6, 1)
(23, 7, 1)
(23, 8, 1)
(23, 11, 1)
(23, 14, 1)
(24, 2, 1)
(24, 3, 1)
(24, 4, 1)
(24, 5, 1)
(24, 6, 2)
(24, 7, 2)
(24, 8, 1)
(24, 11, 1)
(24, 14, 2)
(24, 16, 1)
(24, 29, 1)
(24, 33, 1)
(25, 4, 1)
(25, 7, 1)
(25, 14, 1)
(25, 24, 1)
(26, 1, 5)
(26, 4, 1)
(26, 5, 1)
(26, 7, 2)
(26, 8, 1)
(26, 9, 1)
(26, 10, 2)
(26, 11, 1)
(26, 13, 2)
(26, 16, 1)
(27, 1, 4)
(27, 2, 1)
(27, 3, 1)
(27, 5, 1)
(27, 8, 1)
(27, 10, 2)
(28, 1, 8)
(28, 3, 3)
(28, 8, 1)
(28, 9, 1)
(28, 10, 5)
(28, 14, 1)
(29, 5, 1)
(29, 9, 1)
(30, 3, 1)
(30, 7, 1)
(30, 9, 1)
(30, 10, 1)
(31, 10, 2)
(32, 1, 4)
(32, 6, 1)
(32, 7, 1)
(32, 28, 1)
(33, 1, 4)
(33, 3, 1)
(33, 4, 1)
(33, 6, 1)
(33, 7, 1)
(33, 8, 1)
(34, 1, 7)
(34, 2, 2)
(34, 3, 1)
(34, 5, 1)
(34, 7, 3)
(34, 20, 1)
(34, 28, 1)
(34, 38, 1)
(35, 7, 1)
(36, 1, 11)
(36, 2, 10)
(36, 3, 1)
(36, 8, 1)
(36, 29, 1)
(36, 30, 1)
(37, 4, 1)
(37, 7, 1)
(37, 8, 1)
(37, 10, 1)
(37, 11, 1)
(37, 12, 1)
(38, 1, 2)
(38, 2, 2)
(38, 3, 1)
(38, 4, 1)
(38, 5, 1)
(38, 8, 2)
(38, 9, 1)
(38, 10, 1)
(38, 11, 1)
(38, 19, 1)
(39, 1, 36)
(39, 2, 7)
(39, 3, 4)
(39, 4, 1)
(39, 5, 3)
(39, 6, 4)
(39, 7, 2)
(39, 8, 3)
(39, 13, 1)
xi_2:
(6, 33, 1)
(7, 4, 1)
(7, 18, 1)
(8, 3, 1)
(14, 39, 1)
(15, 38, 1)
(16, 10, 1)
(16, 20, 1)
(17, 37, 1)
(18, 2, 1)
(18, 10, 1)
(18, 15, 2)
(19, 2, 1)
(19, 10, 2)
(19, 12, 1)
(20, 23, 1)
(20, 29, 1)
(21, 9, 1)
(21, 15, 1)
(21, 20, 1)
(22, 2, 1)
(22, 12, 1)
(22, 15, 1)
(23, 11, 1)
(24, 36, 1)
(26, 14, 2)
(26, 16, 1)
(26, 24, 1)
(27, 9, 1)
(28, 13, 1)
(28, 16, 1)
(34, 6, 1)
(34, 8, 1)
(37, 30, 1)
(38, 7, 1)
(38, 11, 1)
(38, 29, 1)
(39, 8, 2)
(39, 10, 2)
(39, 12, 1)
(39, 19, 1)
