x-grades
-545923853178817401/400000000000000000
-268813628418803201/200000000000000000
-529330660496395403/400000000000000000
-130258516038796101/100000000000000000
-102547493562794681/80000000000000000
-252220435736381203/200000000000000000
-496144275131551407/400000000000000000
-60980959848792551/50000000000000000
-479551082449129409/400000000000000000
-47125448610791841/40000000000000000
-462957889766707411/400000000000000000
-113665323356374103/100000000000000000
-446364697084285413/400000000000000000
-219034050371537207/200000000000000000
-85954300880372683/80000000000000000
-3292772719223847/3125000000000000
-413178311719441417/400000000000000000
-202440857689115209/200000000000000000
-396585119037019419/400000000000000000
-19414426134790421/20000000000000000
-379991926354597421/400000000000000000
-185847665006693211/200000000000000000
-363398733672175423/400000000000000000
-44387767166370553/50000000000000000
-13872221639590137/16000000000000000
-169254472324271213/200000000000000000
-330212348307331427/400000000000000000
-80478937991530107/100000000000000000
-313619155624909429/400000000000000000
-30532255928369843/40000000000000000
-297025962942487431/400000000000000000
-18045585412579777/25000000000000000
-280432770260065433/400000000000000000
-136068086959427217/200000000000000000
-52767915515528687/80000000000000000
-63885745309108109/100000000000000000
-247246384895221437/400000000000000000
-119474894277005219/200000000000000000
-230653192212799439/400000000000000000
-5558914896789711/10000000000000000

y-grades
499973/2000000
499973/1000000
1499919/2000000
499973/500000
499973/400000
1499919/1000000
3499811/2000000
499973/250000
4499757/2000000
499973/200000
5499703/2000000
1499919/500000
6499649/2000000
3499811/1000000
1499919/400000
499973/125000
8499541/2000000
4499757/1000000
9499487/2000000
499973/100000
10499433/2000000
5499703/1000000
11499379/2000000
1499919/250000
499973/80000
6499649/1000000
13499271/2000000
3499811/500000
14499217/2000000
1499919/200000
15499163/2000000
499973/62500
16499109/2000000
8499541/1000000
3499811/400000
4499757/500000
18499001/2000000
9499487/1000000
19498947/2000000
499973/50000

Dimensions > 0:
(0, 0, 2)
(0, 1, 2)
(0, 2, 2)
(0, 3, 2)
(0, 4, 2)
(0, 5, 2)
(0, 6, 2)
(0, 7, 2)
(0, 8, 2)
(0, 9, 2)
(0, 10, 2)
(0, 11, 2)
(0, 12, 2)
(0, 13, 2)
(0, 14, 1)
(0, 15, 1)
(0, 16, 1)
(0, 17, 1)
(0, 18, 1)
(0, 19, 1)
(0, 20, 1)
(0, 21, 1)
(0, 22, 1)
(0, 23, 1)
(0, 24, 1)
(0, 25, 1)
(0, 26, 1)
(0, 27, 1)
(0, 28, 1)
(0, 29, 1)
(0, 30, 1)
(0, 31, 1)
(0, 32, 1)
(0, 33, 1)
(0, 34, 1)
(0, 35, 1)
(0, 36, 1)
(0, 37, 1)
(0, 38, 1)
(0, 39, 1)

(1, 0, 4)
(1, 1, 4)
(1, 2, 4)
(1, 3, 4)
(1, 4, 4)
(1, 5, 4)
(1, 6, 4)
(1, 7, 4)
(1, 8, 4)
(1, 9, 4)
(1, 10, 3)
(1, 11, 3)
(1, 12, 3)
(1, 13, 3)
(1, 14, 2)
(1, 15, 2)
(1, 16, 2)
(1, 17, 2)
(1, 18, 2)
(1, 19, 2)
(1, 20, 2)
(1, 21, 2)
(1, 22, 2)
(1, 23, 2)
(1, 24, 2)
(1, 25, 2)
(1, 26, 2)
(1, 27, 2)
(1, 28, 2)
(1, 29, 2)
(1, 30, 2)
(1, 31, 2)
(1, 32, 1)
(1, 33, 1)
(1, 34, 1)
(1, 35, 1)
(1, 36, 1)
(1, 37, 1)
(1, 38, 1)
(1, 39, 1)

(2, 0, 9)
(2, 1, 9)
(2, 2, 8)
(2, 3, 8)
(2, 4, 8)
(2, 5, 8)
(2, 6, 8)
(2, 7, 8)
(2, 8, 8)
(2, 9, 8)
(2, 10, 7)
(2, 11, 6)
(2, 12, 5)
(2, 13, 4)
(2, 14, 3)
(2, 15, 3)
(2, 16, 3)
(2, 17, 3)
(2, 18, 3)
(2, 19, 3)
(2, 20, 2)
(2, 21, 1)
(2, 22, 1)
(2, 23, 1)
(2, 24, 1)
(2, 25, 1)
(2, 26, 1)
(2, 27, 1)
(2, 28, 1)
(2, 29, 1)
(2, 30, 1)
(2, 31, 1)
(2, 32, 1)
(2, 33, 1)
(2, 34, 1)
(2, 35, 1)
(2, 36, 1)
(2, 37, 1)
(2, 38, 1)
(2, 39, 1)

(3, 0, 11)
(3, 1, 11)
(3, 2, 10)
(3, 3, 10)
(3, 4, 10)
(3, 5, 10)
(3, 6, 10)
(3, 7, 10)
(3, 8, 10)
(3, 9, 8)
(3, 10, 6)
(3, 11, 4)
(3, 12, 3)
(3, 13, 3)
(3, 14, 3)
(3, 15, 3)
(3, 16, 3)
(3, 17, 3)
(3, 18, 3)
(3, 19, 3)
(3, 20, 2)
(3, 21, 1)
(3, 22, 1)
(3, 23, 1)
(3, 24, 1)
(3, 25, 1)
(3, 26, 1)
(3, 27, 1)
(3, 28, 1)
(3, 29, 1)
(3, 30, 1)
(3, 31, 1)
(3, 32, 1)
(3, 33, 1)
(3, 34, 1)
(3, 35, 1)
(3, 36, 1)
(3, 37, 1)
(3, 38, 1)
(3, 39, 1)

(4, 0, 13)
(4, 1, 13)
(4, 2, 11)
(4, 3, 11)
(4, 4, 11)
(4, 5, 11)
(4, 6, 11)
(4, 7, 11)
(4, 8, 11)
(4, 9, 9)
(4, 10, 6)
(4, 11, 4)
(4, 12, 3)
(4, 13, 2)
(4, 14, 2)
(4, 15, 2)
(4, 16, 2)
(4, 17, 2)
(4, 18, 2)
(4, 19, 2)
(4, 20, 2)
(4, 21, 1)
(4, 22, 1)
(4, 23, 1)
(4, 24, 1)
(4, 25, 1)
(4, 26, 1)
(4, 27, 1)
(4, 28, 1)
(4, 29, 1)
(4, 30, 1)
(4, 31, 1)
(4, 32, 1)
(4, 33, 1)
(4, 34, 1)
(4, 35, 1)
(4, 36, 1)
(4, 37, 1)
(4, 38, 1)
(4, 39, 1)

(5, 0, 15)
(5, 1, 15)
(5, 2, 13)
(5, 3, 13)
(5, 4, 13)
(5, 5, 13)
(5, 6, 13)
(5, 7, 13)
(5, 8, 13)
(5, 9, 10)
(5, 10, 7)
(5, 11, 5)
(5, 12, 4)
(5, 13, 3)
(5, 14, 2)
(5, 15, 1)
(5, 16, 1)
(5, 17, 1)
(5, 18, 1)
(5, 19, 1)
(5, 20, 1)
(5, 21, 1)
(5, 22, 1)
(5, 23, 1)
(5, 24, 1)
(5, 25, 1)
(5, 26, 1)
(5, 27, 1)
(5, 28, 1)
(5, 29, 1)
(5, 30, 1)
(5, 31, 1)
(5, 32, 1)
(5, 33, 1)
(5, 34, 1)
(5, 35, 1)
(5, 36, 1)
(5, 37, 1)
(5, 38, 1)
(5, 39, 1)

(6, 0, 16)
(6, 1, 16)
(6, 2, 14)
(6, 3, 14)
(6, 4, 14)
(6, 5, 14)
(6, 6, 14)
(6, 7, 14)
(6, 8, 14)
(6, 9, 10)
(6, 10, 7)
(6, 11, 5)
(6, 12, 4)
(6, 13, 2)
(6, 14, 1)
(6, 15, 1)
(6, 16, 1)
(6, 17, 1)
(6, 18, 1)
(6, 19, 1)
(6, 20, 1)
(6, 21, 1)
(6, 22, 1)
(6, 23, 1)
(6, 24, 1)
(6, 25, 1)
(6, 26, 1)
(6, 27, 1)
(6, 28, 1)
(6, 29, 1)
(6, 30, 1)
(6, 31, 1)
(6, 32, 1)
(6, 33, 1)
(6, 34, 1)
(6, 35, 1)
(6, 36, 1)
(6, 37, 1)
(6, 38, 1)
(6, 39, 1)

(7, 0, 19)
(7, 1, 19)
(7, 2, 17)
(7, 3, 17)
(7, 4, 17)
(7, 5, 17)
(7, 6, 17)
(7, 7, 17)
(7, 8, 17)
(7, 9, 12)
(7, 10, 9)
(7, 11, 7)
(7, 12, 6)
(7, 13, 3)
(7, 14, 1)
(7, 15, 1)
(7, 16, 1)
(7, 17, 1)
(7, 18, 1)
(7, 19, 1)
(7, 20, 1)
(7, 21, 1)
(7, 22, 1)
(7, 23, 1)
(7, 24, 1)
(7, 25, 1)
(7, 26, 1)
(7, 27, 1)
(7, 28, 1)
(7, 29, 1)
(7, 30, 1)
(7, 31, 1)
(7, 32, 1)
(7, 33, 1)
(7, 34, 1)
(7, 35, 1)
(7, 36, 1)
(7, 37, 1)
(7, 38, 1)
(7, 39, 1)

(8, 0, 22)
(8, 1, 22)
(8, 2, 20)
(8, 3, 19)
(8, 4, 19)
(8, 5, 19)
(8, 6, 19)
(8, 7, 18)
(8, 8, 18)
(8, 9, 13)
(8, 10, 10)
(8, 11, 8)
(8, 12, 7)
(8, 13, 4)
(8, 14, 1)
(8, 15, 1)
(8, 16, 1)
(8, 17, 1)
(8, 18, 1)
(8, 19, 1)
(8, 20, 1)
(8, 21, 1)
(8, 22, 1)
(8, 23, 1)
(8, 24, 1)
(8, 25, 1)
(8, 26, 1)
(8, 27, 1)
(8, 28, 1)
(8, 29, 1)
(8, 30, 1)
(8, 31, 1)
(8, 32, 1)
(8, 33, 1)
(8, 34, 1)
(8, 35, 1)
(8, 36, 1)
(8, 37, 1)
(8, 38, 1)
(8, 39, 1)

(9, 0, 22)
(9, 1, 22)
(9, 2, 20)
(9, 3, 19)
(9, 4, 19)
(9, 5, 19)
(9, 6, 19)
(9, 7, 18)
(9, 8, 18)
(9, 9, 13)
(9, 10, 10)
(9, 11, 8)
(9, 12, 7)
(9, 13, 4)
(9, 14, 1)
(9, 15, 1)
(9, 16, 1)
(9, 17, 1)
(9, 18, 1)
(9, 19, 1)
(9, 20, 1)
(9, 21, 1)
(9, 22, 1)
(9, 23, 1)
(9, 24, 1)
(9, 25, 1)
(9, 26, 1)
(9, 27, 1)
(9, 28, 1)
(9, 29, 1)
(9, 30, 1)
(9, 31, 1)
(9, 32, 1)
(9, 33, 1)
(9, 34, 1)
(9, 35, 1)
(9, 36, 1)
(9, 37, 1)
(9, 38, 1)
(9, 39, 1)

(10, 0, 23)
(10, 1, 23)
(10, 2, 21)
(10, 3, 20)
(10, 4, 20)
(10, 5, 20)
(10, 6, 20)
(10, 7, 19)
(10, 8, 19)
(10, 9, 14)
(10, 10, 11)
(10, 11, 9)
(10, 12, 8)
(10, 13, 5)
(10, 14, 2)
(10, 15, 1)
(10, 16, 1)
(10, 17, 1)
(10, 18, 1)
(10, 19, 1)
(10, 20, 1)
(10, 21, 1)
(10, 22, 1)
(10, 23, 1)
(10, 24, 1)
(10, 25, 1)
(10, 26, 1)
(10, 27, 1)
(10, 28, 1)
(10, 29, 1)
(10, 30, 1)
(10, 31, 1)
(10, 32, 1)
(10, 33, 1)
(10, 34, 1)
(10, 35, 1)
(10, 36, 1)
(10, 37, 1)
(10, 38, 1)
(10, 39, 1)

(11, 0, 25)
(11, 1, 25)
(11, 2, 23)
(11, 3, 22)
(11, 4, 22)
(11, 5, 22)
(11, 6, 22)
(11, 7, 21)
(11, 8, 21)
(11, 9, 16)
(11, 10, 13)
(11, 11, 11)
(11, 12, 10)
(11, 13, 6)
(11, 14, 3)
(11, 15, 2)
(11, 16, 1)
(11, 17, 1)
(11, 18, 1)
(11, 19, 1)
(11, 20, 1)
(11, 21, 1)
(11, 22, 1)
(11, 23, 1)
(11, 24, 1)
(11, 25, 1)
(11, 26, 1)
(11, 27, 1)
(11, 28, 1)
(11, 29, 1)
(11, 30, 1)
(11, 31, 1)
(11, 32, 1)
(11, 33, 1)
(11, 34, 1)
(11, 35, 1)
(11, 36, 1)
(11, 37, 1)
(11, 38, 1)
(11, 39, 1)

(12, 0, 28)
(12, 1, 28)
(12, 2, 26)
(12, 3, 24)
(12, 4, 24)
(12, 5, 24)
(12, 6, 23)
(12, 7, 22)
(12, 8, 22)
(12, 9, 17)
(12, 10, 14)
(12, 11, 11)
(12, 12, 9)
(12, 13, 5)
(12, 14, 2)
(12, 15, 1)
(12, 16, 1)
(12, 17, 1)
(12, 18, 1)
(12, 19, 1)
(12, 20, 1)
(12, 21, 1)
(12, 22, 1)
(12, 23, 1)
(12, 24, 1)
(12, 25, 1)
(12, 26, 1)
(12, 27, 1)
(12, 28, 1)
(12, 29, 1)
(12, 30, 1)
(12, 31, 1)
(12, 32, 1)
(12, 33, 1)
(12, 34, 1)
(12, 35, 1)
(12, 36, 1)
(12, 37, 1)
(12, 38, 1)
(12, 39, 1)

(13, 0, 31)
(13, 1, 30)
(13, 2, 28)
(13, 3, 26)
(13, 4, 26)
(13, 5, 26)
(13, 6, 25)
(13, 7, 24)
(13, 8, 24)
(13, 9, 18)
(13, 10, 14)
(13, 11, 11)
(13, 12, 10)
(13, 13, 6)
(13, 14, 3)
(13, 15, 2)
(13, 16, 2)
(13, 17, 2)
(13, 18, 2)
(13, 19, 2)
(13, 20, 2)
(13, 21, 2)
(13, 22, 2)
(13, 23, 2)
(13, 24, 1)
(13, 25, 1)
(13, 26, 1)
(13, 27, 1)
(13, 28, 1)
(13, 29, 1)
(13, 30, 1)
(13, 31, 1)
(13, 32, 1)
(13, 33, 1)
(13, 34, 1)
(13, 35, 1)
(13, 36, 1)
(13, 37, 1)
(13, 38, 1)
(13, 39, 1)

(14, 0, 33)
(14, 1, 32)
(14, 2, 30)
(14, 3, 28)
(14, 4, 28)
(14, 5, 28)
(14, 6, 26)
(14, 7, 25)
(14, 8, 25)
(14, 9, 18)
(14, 10, 14)
(14, 11, 11)
(14, 12, 10)
(14, 13, 6)
(14, 14, 3)
(14, 15, 2)
(14, 16, 2)
(14, 17, 2)
(14, 18, 2)
(14, 19, 2)
(14, 20, 2)
(14, 21, 2)
(14, 22, 2)
(14, 23, 2)
(14, 24, 1)
(14, 25, 1)
(14, 26, 1)
(14, 27, 1)
(14, 28, 1)
(14, 29, 1)
(14, 30, 1)
(14, 31, 1)
(14, 32, 1)
(14, 33, 1)
(14, 34, 1)
(14, 35, 1)
(14, 36, 1)
(14, 37, 1)
(14, 38, 1)
(14, 39, 1)

(15, 0, 34)
(15, 1, 33)
(15, 2, 30)
(15, 3, 28)
(15, 4, 28)
(15, 5, 28)
(15, 6, 26)
(15, 7, 25)
(15, 8, 25)
(15, 9, 18)
(15, 10, 14)
(15, 11, 11)
(15, 12, 10)
(15, 13, 6)
(15, 14, 3)
(15, 15, 2)
(15, 16, 2)
(15, 17, 2)
(15, 18, 2)
(15, 19, 2)
(15, 20, 2)
(15, 21, 2)
(15, 22, 2)
(15, 23, 2)
(15, 24, 1)
(15, 25, 1)
(15, 26, 1)
(15, 27, 1)
(15, 28, 1)
(15, 29, 1)
(15, 30, 1)
(15, 31, 1)
(15, 32, 1)
(15, 33, 1)
(15, 34, 1)
(15, 35, 1)
(15, 36, 1)
(15, 37, 1)
(15, 38, 1)
(15, 39, 1)

(16, 0, 37)
(16, 1, 36)
(16, 2, 32)
(16, 3, 30)
(16, 4, 30)
(16, 5, 30)
(16, 6, 28)
(16, 7, 27)
(16, 8, 27)
(16, 9, 20)
(16, 10, 16)
(16, 11, 13)
(16, 12, 12)
(16, 13, 8)
(16, 14, 4)
(16, 15, 3)
(16, 16, 3)
(16, 17, 3)
(16, 18, 3)
(16, 19, 3)
(16, 20, 3)
(16, 21, 3)
(16, 22, 3)
(16, 23, 3)
(16, 24, 2)
(16, 25, 2)
(16, 26, 2)
(16, 27, 2)
(16, 28, 2)
(16, 29, 2)
(16, 30, 2)
(16, 31, 2)
(16, 32, 2)
(16, 33, 2)
(16, 34, 2)
(16, 35, 2)
(16, 36, 2)
(16, 37, 2)
(16, 38, 2)
(16, 39, 2)

(17, 0, 45)
(17, 1, 44)
(17, 2, 40)
(17, 3, 37)
(17, 4, 37)
(17, 5, 37)
(17, 6, 34)
(17, 7, 31)
(17, 8, 31)
(17, 9, 23)
(17, 10, 19)
(17, 11, 15)
(17, 12, 14)
(17, 13, 10)
(17, 14, 6)
(17, 15, 5)
(17, 16, 5)
(17, 17, 5)
(17, 18, 5)
(17, 19, 5)
(17, 20, 5)
(17, 21, 5)
(17, 22, 5)
(17, 23, 5)
(17, 24, 4)
(17, 25, 4)
(17, 26, 4)
(17, 27, 4)
(17, 28, 4)
(17, 29, 4)
(17, 30, 4)
(17, 31, 3)
(17, 32, 3)
(17, 33, 3)
(17, 34, 3)
(17, 35, 3)
(17, 36, 3)
(17, 37, 3)
(17, 38, 3)
(17, 39, 3)

(18, 0, 56)
(18, 1, 53)
(18, 2, 48)
(18, 3, 44)
(18, 4, 43)
(18, 5, 43)
(18, 6, 40)
(18, 7, 37)
(18, 8, 35)
(18, 9, 27)
(18, 10, 22)
(18, 11, 16)
(18, 12, 15)
(18, 13, 11)
(18, 14, 8)
(18, 15, 7)
(18, 16, 7)
(18, 17, 7)
(18, 18, 7)
(18, 19, 7)
(18, 20, 7)
(18, 21, 7)
(18, 22, 7)
(18, 23, 7)
(18, 24, 6)
(18, 25, 6)
(18, 26, 5)
(18, 27, 5)
(18, 28, 5)
(18, 29, 4)
(18, 30, 4)
(18, 31, 3)
(18, 32, 3)
(18, 33, 3)
(18, 34, 3)
(18, 35, 3)
(18, 36, 3)
(18, 37, 3)
(18, 38, 3)
(18, 39, 3)

(19, 0, 66)
(19, 1, 63)
(19, 2, 58)
(19, 3, 54)
(19, 4, 52)
(19, 5, 51)
(19, 6, 48)
(19, 7, 43)
(19, 8, 41)
(19, 9, 32)
(19, 10, 28)
(19, 11, 21)
(19, 12, 20)
(19, 13, 15)
(19, 14, 10)
(19, 15, 9)
(19, 16, 7)
(19, 17, 6)
(19, 18, 6)
(19, 19, 6)
(19, 20, 6)
(19, 21, 6)
(19, 22, 6)
(19, 23, 6)
(19, 24, 5)
(19, 25, 5)
(19, 26, 5)
(19, 27, 5)
(19, 28, 5)
(19, 29, 4)
(19, 30, 4)
(19, 31, 3)
(19, 32, 3)
(19, 33, 3)
(19, 34, 3)
(19, 35, 3)
(19, 36, 3)
(19, 37, 3)
(19, 38, 3)
(19, 39, 3)

(20, 0, 83)
(20, 1, 73)
(20, 2, 62)
(20, 3, 57)
(20, 4, 54)
(20, 5, 53)
(20, 6, 50)
(20, 7, 45)
(20, 8, 43)
(20, 9, 34)
(20, 10, 30)
(20, 11, 21)
(20, 12, 20)
(20, 13, 16)
(20, 14, 11)
(20, 15, 10)
(20, 16, 7)
(20, 17, 6)
(20, 18, 6)
(20, 19, 6)
(20, 20, 6)
(20, 21, 6)
(20, 22, 6)
(20, 23, 6)
(20, 24, 5)
(20, 25, 5)
(20, 26, 5)
(20, 27, 5)
(20, 28, 5)
(20, 29, 4)
(20, 30, 4)
(20, 31, 3)
(20, 32, 3)
(20, 33, 3)
(20, 34, 3)
(20, 35, 3)
(20, 36, 3)
(20, 37, 3)
(20, 38, 3)
(20, 39, 3)

(21, 0, 113)
(21, 1, 81)
(21, 2, 70)
(21, 3, 65)
(21, 4, 60)
(21, 5, 59)
(21, 6, 56)
(21, 7, 51)
(21, 8, 48)
(21, 9, 37)
(21, 10, 31)
(21, 11, 21)
(21, 12, 20)
(21, 13, 16)
(21, 14, 11)
(21, 15, 9)
(21, 16, 7)
(21, 17, 6)
(21, 18, 6)
(21, 19, 6)
(21, 20, 6)
(21, 21, 6)
(21, 22, 6)
(21, 23, 6)
(21, 24, 5)
(21, 25, 5)
(21, 26, 5)
(21, 27, 5)
(21, 28, 5)
(21, 29, 4)
(21, 30, 4)
(21, 31, 3)
(21, 32, 3)
(21, 33, 3)
(21, 34, 3)
(21, 35, 3)
(21, 36, 3)
(21, 37, 3)
(21, 38, 3)
(21, 39, 3)

(22, 0, 151)
(22, 1, 96)
(22, 2, 80)
(22, 3, 71)
(22, 4, 65)
(22, 5, 62)
(22, 6, 58)
(22, 7, 52)
(22, 8, 50)
(22, 9, 40)
(22, 10, 34)
(22, 11, 25)
(22, 12, 22)
(22, 13, 18)
(22, 14, 13)
(22, 15, 12)
(22, 16, 10)
(22, 17, 9)
(22, 18, 8)
(22, 19, 8)
(22, 20, 8)
(22, 21, 8)
(22, 22, 8)
(22, 23, 8)
(22, 24, 7)
(22, 25, 6)
(22, 26, 6)
(22, 27, 6)
(22, 28, 6)
(22, 29, 5)
(22, 30, 5)
(22, 31, 4)
(22, 32, 4)
(22, 33, 4)
(22, 34, 4)
(22, 35, 4)
(22, 36, 4)
(22, 37, 4)
(22, 38, 4)
(22, 39, 4)

(23, 0, 174)
(23, 1, 103)
(23, 2, 84)
(23, 3, 75)
(23, 4, 69)
(23, 5, 65)
(23, 6, 61)
(23, 7, 55)
(23, 8, 51)
(23, 9, 40)
(23, 10, 34)
(23, 11, 25)
(23, 12, 23)
(23, 13, 19)
(23, 14, 14)
(23, 15, 12)
(23, 16, 10)
(23, 17, 9)
(23, 18, 8)
(23, 19, 8)
(23, 20, 8)
(23, 21, 8)
(23, 22, 8)
(23, 23, 8)
(23, 24, 7)
(23, 25, 6)
(23, 26, 6)
(23, 27, 6)
(23, 28, 6)
(23, 29, 5)
(23, 30, 5)
(23, 31, 4)
(23, 32, 4)
(23, 33, 4)
(23, 34, 4)
(23, 35, 4)
(23, 36, 4)
(23, 37, 4)
(23, 38, 4)
(23, 39, 4)

(24, 0, 181)
(24, 1, 108)
(24, 2, 85)
(24, 3, 74)
(24, 4, 68)
(24, 5, 65)
(24, 6, 61)
(24, 7, 55)
(24, 8, 51)
(24, 9, 40)
(24, 10, 34)
(24, 11, 25)
(24, 12, 23)
(24, 13, 19)
(24, 14, 14)
(24, 15, 12)
(24, 16, 10)
(24, 17, 9)
(24, 18, 8)
(24, 19, 8)
(24, 20, 8)
(24, 21, 8)
(24, 22, 8)
(24, 23, 8)
(24, 24, 7)
(24, 25, 6)
(24, 26, 6)
(24, 27, 6)
(24, 28, 6)
(24, 29, 5)
(24, 30, 5)
(24, 31, 4)
(24, 32, 4)
(24, 33, 4)
(24, 34, 4)
(24, 35, 4)
(24, 36, 4)
(24, 37, 4)
(24, 38, 4)
(24, 39, 4)

(25, 0, 185)
(25, 1, 110)
(25, 2, 87)
(25, 3, 76)
(25, 4, 70)
(25, 5, 67)
(25, 6, 63)
(25, 7, 57)
(25, 8, 53)
(25, 9, 42)
(25, 10, 36)
(25, 11, 27)
(25, 12, 25)
(25, 13, 21)
(25, 14, 16)
(25, 15, 14)
(25, 16, 12)
(25, 17, 11)
(25, 18, 10)
(25, 19, 10)
(25, 20, 10)
(25, 21, 10)
(25, 22, 10)
(25, 23, 10)
(25, 24, 9)
(25, 25, 8)
(25, 26, 8)
(25, 27, 8)
(25, 28, 8)
(25, 29, 6)
(25, 30, 6)
(25, 31, 4)
(25, 32, 3)
(25, 33, 3)
(25, 34, 3)
(25, 35, 3)
(25, 36, 3)
(25, 37, 3)
(25, 38, 3)
(25, 39, 3)

(26, 0, 193)
(26, 1, 114)
(26, 2, 91)
(26, 3, 79)
(26, 4, 72)
(26, 5, 69)
(26, 6, 65)
(26, 7, 59)
(26, 8, 55)
(26, 9, 44)
(26, 10, 38)
(26, 11, 29)
(26, 12, 27)
(26, 13, 23)
(26, 14, 17)
(26, 15, 15)
(26, 16, 13)
(26, 17, 11)
(26, 18, 10)
(26, 19, 10)
(26, 20, 10)
(26, 21, 10)
(26, 22, 9)
(26, 23, 9)
(26, 24, 8)
(26, 25, 7)
(26, 26, 7)
(26, 27, 7)
(26, 28, 7)
(26, 29, 5)
(26, 30, 5)
(26, 31, 3)
(26, 32, 3)
(26, 33, 3)
(26, 34, 3)
(26, 35, 3)
(26, 36, 3)
(26, 37, 3)
(26, 38, 3)
(26, 39, 3)

(27, 0, 200)
(27, 1, 116)
(27, 2, 92)
(27, 3, 80)
(27, 4, 73)
(27, 5, 69)
(27, 6, 65)
(27, 7, 59)
(27, 8, 55)
(27, 9, 44)
(27, 10, 38)
(27, 11, 29)
(27, 12, 27)
(27, 13, 23)
(27, 14, 17)
(27, 15, 15)
(27, 16, 13)
(27, 17, 11)
(27, 18, 10)
(27, 19, 10)
(27, 20, 10)
(27, 21, 9)
(27, 22, 9)
(27, 23, 9)
(27, 24, 8)
(27, 25, 7)
(27, 26, 7)
(27, 27, 7)
(27, 28, 7)
(27, 29, 5)
(27, 30, 5)
(27, 31, 3)
(27, 32, 3)
(27, 33, 3)
(27, 34, 3)
(27, 35, 3)
(27, 36, 3)
(27, 37, 3)
(27, 38, 3)
(27, 39, 3)

(28, 0, 203)
(28, 1, 118)
(28, 2, 93)
(28, 3, 81)
(28, 4, 73)
(28, 5, 69)
(28, 6, 65)
(28, 7, 59)
(28, 8, 55)
(28, 9, 44)
(28, 10, 38)
(28, 11, 29)
(28, 12, 27)
(28, 13, 23)
(28, 14, 17)
(28, 15, 15)
(28, 16, 13)
(28, 17, 11)
(28, 18, 10)
(28, 19, 10)
(28, 20, 10)
(28, 21, 9)
(28, 22, 9)
(28, 23, 9)
(28, 24, 8)
(28, 25, 7)
(28, 26, 7)
(28, 27, 7)
(28, 28, 7)
(28, 29, 5)
(28, 30, 5)
(28, 31, 3)
(28, 32, 3)
(28, 33, 3)
(28, 34, 3)
(28, 35, 3)
(28, 36, 3)
(28, 37, 3)
(28, 38, 3)
(28, 39, 3)

(29, 0, 208)
(29, 1, 122)
(29, 2, 97)
(29, 3, 85)
(29, 4, 76)
(29, 5, 71)
(29, 6, 66)
(29, 7, 60)
(29, 8, 56)
(29, 9, 45)
(29, 10, 38)
(29, 11, 29)
(29, 12, 27)
(29, 13, 23)
(29, 14, 16)
(29, 15, 14)
(29, 16, 12)
(29, 17, 10)
(29, 18, 9)
(29, 19, 9)
(29, 20, 9)
(29, 21, 9)
(29, 22, 9)
(29, 23, 9)
(29, 24, 8)
(29, 25, 7)
(29, 26, 7)
(29, 27, 7)
(29, 28, 7)
(29, 29, 5)
(29, 30, 5)
(29, 31, 3)
(29, 32, 3)
(29, 33, 3)
(29, 34, 3)
(29, 35, 3)
(29, 36, 3)
(29, 37, 3)
(29, 38, 3)
(29, 39, 3)

(30, 0, 231)
(30, 1, 132)
(30, 2, 98)
(30, 3, 85)
(30, 4, 76)
(30, 5, 71)
(30, 6, 66)
(30, 7, 60)
(30, 8, 56)
(30, 9, 45)
(30, 10, 38)
(30, 11, 29)
(30, 12, 27)
(30, 13, 23)
(30, 14, 16)
(30, 15, 14)
(30, 16, 12)
(30, 17, 10)
(30, 18, 9)
(30, 19, 9)
(30, 20, 9)
(30, 21, 9)
(30, 22, 9)
(30, 23, 9)
(30, 24, 8)
(30, 25, 7)
(30, 26, 7)
(30, 27, 7)
(30, 28, 7)
(30, 29, 5)
(30, 30, 5)
(30, 31, 3)
(30, 32, 3)
(30, 33, 3)
(30, 34, 3)
(30, 35, 3)
(30, 36, 3)
(30, 37, 3)
(30, 38, 3)
(30, 39, 3)

(31, 0, 261)
(31, 1, 137)
(31, 2, 98)
(31, 3, 84)
(31, 4, 75)
(31, 5, 71)
(31, 6, 66)
(31, 7, 60)
(31, 8, 56)
(31, 9, 44)
(31, 10, 38)
(31, 11, 29)
(31, 12, 27)
(31, 13, 23)
(31, 14, 16)
(31, 15, 14)
(31, 16, 12)
(31, 17, 10)
(31, 18, 9)
(31, 19, 9)
(31, 20, 9)
(31, 21, 9)
(31, 22, 9)
(31, 23, 9)
(31, 24, 8)
(31, 25, 7)
(31, 26, 7)
(31, 27, 7)
(31, 28, 7)
(31, 29, 5)
(31, 30, 5)
(31, 31, 3)
(31, 32, 3)
(31, 33, 3)
(31, 34, 3)
(31, 35, 3)
(31, 36, 3)
(31, 37, 3)
(31, 38, 3)
(31, 39, 3)

(32, 0, 271)
(32, 1, 138)
(32, 2, 100)
(32, 3, 86)
(32, 4, 77)
(32, 5, 73)
(32, 6, 68)
(32, 7, 62)
(32, 8, 58)
(32, 9, 46)
(32, 10, 40)
(32, 11, 31)
(32, 12, 29)
(32, 13, 25)
(32, 14, 18)
(32, 15, 16)
(32, 16, 14)
(32, 17, 12)
(32, 18, 11)
(32, 19, 11)
(32, 20, 11)
(32, 21, 11)
(32, 22, 11)
(32, 23, 11)
(32, 24, 10)
(32, 25, 9)
(32, 26, 9)
(32, 27, 9)
(32, 28, 9)
(32, 29, 7)
(32, 30, 7)
(32, 31, 4)
(32, 32, 4)
(32, 33, 4)
(32, 34, 4)
(32, 35, 4)
(32, 36, 4)
(32, 37, 4)
(32, 38, 4)
(32, 39, 4)

(33, 0, 282)
(33, 1, 145)
(33, 2, 105)
(33, 3, 90)
(33, 4, 81)
(33, 5, 77)
(33, 6, 72)
(33, 7, 65)
(33, 8, 60)
(33, 9, 48)
(33, 10, 41)
(33, 11, 32)
(33, 12, 30)
(33, 13, 26)
(33, 14, 19)
(33, 15, 17)
(33, 16, 15)
(33, 17, 13)
(33, 18, 12)
(33, 19, 12)
(33, 20, 12)
(33, 21, 12)
(33, 22, 12)
(33, 23, 12)
(33, 24, 11)
(33, 25, 10)
(33, 26, 10)
(33, 27, 10)
(33, 28, 9)
(33, 29, 7)
(33, 30, 7)
(33, 31, 4)
(33, 32, 4)
(33, 33, 4)
(33, 34, 4)
(33, 35, 4)
(33, 36, 4)
(33, 37, 4)
(33, 38, 4)
(33, 39, 4)

(34, 0, 290)
(34, 1, 147)
(34, 2, 105)
(34, 3, 90)
(34, 4, 81)
(34, 5, 77)
(34, 6, 72)
(34, 7, 65)
(34, 8, 60)
(34, 9, 48)
(34, 10, 41)
(34, 11, 32)
(34, 12, 30)
(34, 13, 26)
(34, 14, 19)
(34, 15, 17)
(34, 16, 15)
(34, 17, 13)
(34, 18, 12)
(34, 19, 12)
(34, 20, 12)
(34, 21, 12)
(34, 22, 12)
(34, 23, 12)
(34, 24, 11)
(34, 25, 10)
(34, 26, 10)
(34, 27, 10)
(34, 28, 9)
(34, 29, 7)
(34, 30, 7)
(34, 31, 4)
(34, 32, 4)
(34, 33, 4)
(34, 34, 4)
(34, 35, 4)
(34, 36, 4)
(34, 37, 4)
(34, 38, 4)
(34, 39, 4)

(35, 0, 297)
(35, 1, 148)
(35, 2, 105)
(35, 3, 90)
(35, 4, 81)
(35, 5, 77)
(35, 6, 72)
(35, 7, 65)
(35, 8, 60)
(35, 9, 48)
(35, 10, 41)
(35, 11, 32)
(35, 12, 30)
(35, 13, 26)
(35, 14, 19)
(35, 15, 17)
(35, 16, 15)
(35, 17, 13)
(35, 18, 12)
(35, 19, 12)
(35, 20, 12)
(35, 21, 12)
(35, 22, 12)
(35, 23, 12)
(35, 24, 11)
(35, 25, 10)
(35, 26, 10)
(35, 27, 10)
(35, 28, 9)
(35, 29, 7)
(35, 30, 7)
(35, 31, 4)
(35, 32, 4)
(35, 33, 4)
(35, 34, 4)
(35, 35, 4)
(35, 36, 4)
(35, 37, 4)
(35, 38, 4)
(35, 39, 4)

(36, 0, 322)
(36, 1, 158)
(36, 2, 111)
(36, 3, 95)
(36, 4, 83)
(36, 5, 79)
(36, 6, 74)
(36, 7, 67)
(36, 8, 62)
(36, 9, 50)
(36, 10, 43)
(36, 11, 33)
(36, 12, 31)
(36, 13, 27)
(36, 14, 20)
(36, 15, 18)
(36, 16, 16)
(36, 17, 14)
(36, 18, 13)
(36, 19, 13)
(36, 20, 13)
(36, 21, 13)
(36, 22, 13)
(36, 23, 13)
(36, 24, 12)
(36, 25, 11)
(36, 26, 11)
(36, 27, 11)
(36, 28, 10)
(36, 29, 8)
(36, 30, 8)
(36, 31, 5)
(36, 32, 5)
(36, 33, 5)
(36, 34, 4)
(36, 35, 4)
(36, 36, 4)
(36, 37, 4)
(36, 38, 4)
(36, 39, 4)

(37, 0, 380)
(37, 1, 163)
(37, 2, 111)
(37, 3, 94)
(37, 4, 84)
(37, 5, 80)
(37, 6, 75)
(37, 7, 68)
(37, 8, 63)
(37, 9, 51)
(37, 10, 44)
(37, 11, 34)
(37, 12, 32)
(37, 13, 28)
(37, 14, 21)
(37, 15, 19)
(37, 16, 17)
(37, 17, 15)
(37, 18, 14)
(37, 19, 14)
(37, 20, 14)
(37, 21, 14)
(37, 22, 14)
(37, 23, 14)
(37, 24, 13)
(37, 25, 12)
(37, 26, 12)
(37, 27, 12)
(37, 28, 11)
(37, 29, 9)
(37, 30, 9)
(37, 31, 5)
(37, 32, 5)
(37, 33, 5)
(37, 34, 4)
(37, 35, 4)
(37, 36, 4)
(37, 37, 4)
(37, 38, 4)
(37, 39, 4)

(38, 0, 406)
(38, 1, 165)
(38, 2, 114)
(38, 3, 97)
(38, 4, 87)
(38, 5, 83)
(38, 6, 78)
(38, 7, 71)
(38, 8, 66)
(38, 9, 53)
(38, 10, 45)
(38, 11, 35)
(38, 12, 32)
(38, 13, 28)
(38, 14, 21)
(38, 15, 19)
(38, 16, 16)
(38, 17, 14)
(38, 18, 13)
(38, 19, 13)
(38, 20, 13)
(38, 21, 13)
(38, 22, 13)
(38, 23, 13)
(38, 24, 11)
(38, 25, 10)
(38, 26, 10)
(38, 27, 10)
(38, 28, 9)
(38, 29, 7)
(38, 30, 7)
(38, 31, 4)
(38, 32, 4)
(38, 33, 4)
(38, 34, 4)
(38, 35, 4)
(38, 36, 4)
(38, 37, 4)
(38, 38, 4)
(38, 39, 4)

(39, 0, 437)
(39, 1, 172)
(39, 2, 118)
(39, 3, 98)
(39, 4, 88)
(39, 5, 84)
(39, 6, 78)
(39, 7, 70)
(39, 8, 65)
(39, 9, 51)
(39, 10, 44)
(39, 11, 34)
(39, 12, 32)
(39, 13, 28)
(39, 14, 20)
(39, 15, 18)
(39, 16, 16)
(39, 17, 14)
(39, 18, 13)
(39, 19, 13)
(39, 20, 13)
(39, 21, 13)
(39, 22, 13)
(39, 23, 13)
(39, 24, 11)
(39, 25, 10)
(39, 26, 10)
(39, 27, 10)
(39, 28, 9)
(39, 29, 7)
(39, 30, 7)
(39, 31, 4)
(39, 32, 4)
(39, 33, 4)
(39, 34, 4)
(39, 35, 4)
(39, 36, 4)
(39, 37, 4)
(39, 38, 4)
(39, 39, 3)


Betti numbers:
xi_0:
(0, 0, 2)
(1, 0, 2)
(2, 0, 5)
(3, 0, 2)
(4, 0, 2)
(5, 0, 2)
(6, 0, 1)
(7, 0, 3)
(8, 0, 3)
(10, 0, 1)
(11, 0, 2)
(12, 0, 3)
(13, 0, 3)
(14, 0, 2)
(15, 0, 1)
(16, 0, 3)
(17, 0, 8)
(18, 0, 11)
(19, 0, 10)
(20, 0, 17)
(21, 0, 30)
(22, 0, 38)
(23, 0, 23)
(24, 0, 7)
(25, 0, 4)
(26, 0, 8)
(27, 0, 7)
(28, 0, 3)
(29, 0, 5)
(30, 0, 23)
(31, 0, 30)
(32, 0, 10)
(33, 0, 11)
(34, 0, 8)
(35, 0, 7)
(36, 0, 25)
(37, 0, 59)
(38, 0, 26)
(39, 0, 31)
xi_1:
(0, 14, 1)
(1, 10, 1)
(1, 32, 1)
(2, 2, 1)
(2, 11, 1)
(2, 12, 1)
(2, 13, 1)
(2, 14, 1)
(2, 20, 1)
(2, 21, 1)
(3, 9, 2)
(3, 10, 1)
(3, 11, 1)
(4, 2, 1)
(4, 10, 1)
(4, 13, 1)
(5, 9, 1)
(5, 14, 1)
(5, 15, 1)
(6, 9, 1)
(6, 13, 1)
(7, 9, 1)
(7, 13, 1)
(7, 14, 1)
(8, 3, 1)
(8, 7, 1)
(8, 14, 1)
(10, 15, 1)
(11, 13, 1)
(11, 16, 1)
(12, 3, 1)
(12, 6, 1)
(12, 11, 1)
(12, 12, 1)
(13, 1, 1)
(13, 9, 1)
(13, 10, 1)
(13, 24, 1)
(14, 6, 1)
(14, 9, 1)
(15, 2, 1)
(16, 2, 1)
(16, 14, 1)
(17, 3, 1)
(17, 6, 1)
(17, 7, 2)
(17, 9, 1)
(17, 11, 1)
(17, 14, 1)
(17, 31, 1)
(18, 1, 2)
(18, 2, 1)
(18, 3, 1)
(18, 4, 1)
(18, 8, 2)
(18, 10, 1)
(18, 11, 2)
(18, 26, 1)
(18, 29, 1)
(18, 31, 1)
(19, 4, 1)
(19, 5, 1)
(19, 7, 2)
(19, 8, 1)
(19, 9, 1)
(19, 11, 1)
(19, 13, 1)
(19, 14, 2)
(19, 16, 2)
(19, 17, 1)
(20, 1, 7)
(20, 2, 6)
(20, 3, 1)
(20, 4, 1)
(20, 11, 2)
(20, 16, 1)
(21, 1, 22)
(21, 4, 2)
(21, 8, 1)
(21, 9, 2)
(21, 10, 2)
(21, 11, 2)
(21, 15, 1)
(22, 1, 23)
(22, 2, 5)
(22, 3, 4)
(22, 4, 1)
(22, 5, 2)
(22, 6, 1)
(22, 7, 1)
(22, 12, 2)
(22, 18, 1)
(22, 25, 1)
(23, 1, 16)
(23, 2, 4)
(23, 5, 1)
(23, 8, 2)
(23, 9, 1)
(23, 15, 1)
(24, 1, 2)
(24, 2, 4)
(24, 3, 2)
(25, 1, 2)
(25, 29, 1)
(25, 31, 1)
(25, 32, 1)
(26, 1, 4)
(26, 3, 1)
(26, 4, 1)
(26, 14, 1)
(26, 17, 1)
(26, 22, 1)
(27, 1, 5)
(27, 2, 1)
(27, 5, 1)
(27, 21, 1)
(28, 1, 1)
(28, 2, 1)
(28, 4, 1)
(29, 1, 1)
(29, 4, 1)
(29, 5, 1)
(29, 6, 1)
(29, 10, 1)
(29, 14, 1)
(30, 1, 13)
(30, 2, 9)
(30, 3, 1)
(31, 1, 25)
(31, 2, 6)
(31, 3, 2)
(31, 9, 1)
(32, 1, 9)
(32, 2, 1)
(32, 31, 1)
(33, 1, 4)
(33, 2, 2)
(33, 3, 1)
(33, 7, 1)
(33, 8, 1)
(33, 10, 1)
(33, 28, 1)
(34, 1, 6)
(34, 2, 2)
(35, 1, 6)
(35, 2, 1)
(36, 1, 15)
(36, 2, 4)
(36, 3, 1)
(36, 4, 3)
(36, 11, 1)
(36, 34, 1)
(37, 0, 1)
(37, 1, 54)
(37, 2, 6)
(37, 3, 2)
(37, 31, 1)
(38, 1, 24)
(38, 9, 1)
(38, 10, 1)
(38, 12, 1)
(38, 16, 1)
(38, 24, 1)
(39, 1, 24)
(39, 2, 3)
(39, 3, 3)
(39, 6, 1)
(39, 7, 1)
(39, 9, 1)
(39, 14, 1)
(39, 39, 1)
xi_2:
(2, 14, 1)
(2, 32, 1)
(3, 13, 1)
(3, 14, 1)
(4, 20, 1)
(5, 21, 1)
(6, 15, 1)
(12, 16, 1)
(13, 12, 1)
(17, 14, 1)
(18, 14, 1)
(18, 31, 1)
(19, 8, 1)
(19, 10, 1)
(19, 26, 1)
(20, 13, 1)
(21, 11, 1)
(21, 16, 1)
(22, 8, 1)
(22, 9, 1)
(22, 11, 1)
(22, 15, 1)
(23, 2, 1)
(23, 12, 1)
(24, 5, 1)
(26, 32, 1)
(27, 22, 1)
(29, 21, 1)
(31, 2, 1)
(31, 3, 1)
(31, 5, 1)
(31, 10, 1)
(32, 2, 2)
(37, 1, 1)
(37, 2, 1)
(37, 3, 1)
(37, 4, 2)
(38, 2, 1)
(38, 31, 1)
(38, 34, 1)
(39, 10, 1)
(39, 12, 1)
(39, 16, 1)
