x-grades
-116965627046563931/20000000000000000
-57707008728217381/10000000000000000
-113862407866305593/20000000000000000
-14038849784522053/2500000000000000
-22151837737209451/4000000000000000
-54603789547959043/10000000000000000
-107655969505788917/20000000000000000
-26526089978914937/5000000000000000
-104552750325530579/20000000000000000
-10300114073540141/2000000000000000
-101449531145272241/20000000000000000
-3121810048598221/625000000000000
-98346311965013903/20000000000000000
-48397351187442367/10000000000000000
-19048618556951113/4000000000000000
-23422870798656599/5000000000000000
-92139873604497227/20000000000000000
-45294132007184029/10000000000000000
-89036654424238889/20000000000000000
-2187126120852743/500000000000000
-85933435243980551/20000000000000000
-42190912826925691/10000000000000000
-82830216063722213/20000000000000000
-20319651618398261/5000000000000000
-637815975067711/160000000000000
-39087693646667353/10000000000000000
-76623777703205537/20000000000000000
-4692010507067273/1250000000000000
-73520558522947199/20000000000000000
-7196894893281803/2000000000000000
-70417339342688861/20000000000000000
-17216432438139923/5000000000000000
-67314120162430523/20000000000000000
-32881255286150677/10000000000000000
-12842180196434437/4000000000000000
-7832411424005377/2500000000000000
-61107681801913847/20000000000000000
-29778036105892339/10000000000000000
-58004462621655509/20000000000000000
-2822642651576317/1000000000000000

y-grades
1999707/8000000
1999707/4000000
5999121/8000000
1999707/2000000
1999707/1600000
5999121/4000000
13997949/8000000
1999707/1000000
17997363/8000000
1999707/800000
21996777/8000000
5999121/2000000
25996191/8000000
13997949/4000000
5999121/1600000
1999707/500000
33995019/8000000
17997363/4000000
37994433/8000000
1999707/400000
41993847/8000000
21996777/4000000
45993261/8000000
5999121/1000000
1999707/320000
25996191/4000000
53992089/8000000
13997949/2000000
57991503/8000000
5999121/800000
61990917/8000000
1999707/250000
65990331/8000000
33995019/4000000
13997949/1600000
17997363/2000000
73989159/8000000
37994433/4000000
77988573/8000000
1999707/200000

Dimensions > 0:
(0, 0, 4)
(0, 1, 4)
(0, 2, 4)
(0, 3, 4)
(0, 4, 4)
(0, 5, 4)
(0, 6, 4)
(0, 7, 4)
(0, 8, 4)
(0, 9, 4)
(0, 10, 4)
(0, 11, 4)
(0, 12, 4)
(0, 13, 4)
(0, 14, 4)
(0, 15, 4)
(0, 16, 4)
(0, 17, 4)
(0, 18, 4)
(0, 19, 4)
(0, 20, 4)
(0, 21, 4)
(0, 22, 4)
(0, 23, 4)
(0, 24, 4)
(0, 25, 4)
(0, 26, 4)
(0, 27, 4)
(0, 28, 4)
(0, 29, 4)
(0, 30, 4)
(0, 31, 4)
(0, 32, 4)
(0, 33, 3)
(0, 34, 3)
(0, 35, 3)
(0, 36, 3)
(0, 37, 3)
(0, 38, 3)
(0, 39, 3)

(1, 0, 5)
(1, 1, 5)
(1, 2, 5)
(1, 3, 5)
(1, 4, 5)
(1, 5, 5)
(1, 6, 5)
(1, 7, 5)
(1, 8, 5)
(1, 9, 5)
(1, 10, 5)
(1, 11, 5)
(1, 12, 5)
(1, 13, 5)
(1, 14, 5)
(1, 15, 5)
(1, 16, 5)
(1, 17, 5)
(1, 18, 5)
(1, 19, 5)
(1, 20, 5)
(1, 21, 5)
(1, 22, 5)
(1, 23, 5)
(1, 24, 5)
(1, 25, 5)
(1, 26, 5)
(1, 27, 5)
(1, 28, 5)
(1, 29, 5)
(1, 30, 5)
(1, 31, 5)
(1, 32, 5)
(1, 33, 3)
(1, 34, 3)
(1, 35, 3)
(1, 36, 3)
(1, 37, 3)
(1, 38, 3)
(1, 39, 3)

(2, 0, 5)
(2, 1, 5)
(2, 2, 5)
(2, 3, 5)
(2, 4, 5)
(2, 5, 5)
(2, 6, 5)
(2, 7, 5)
(2, 8, 5)
(2, 9, 5)
(2, 10, 5)
(2, 11, 5)
(2, 12, 5)
(2, 13, 5)
(2, 14, 5)
(2, 15, 5)
(2, 16, 5)
(2, 17, 5)
(2, 18, 5)
(2, 19, 5)
(2, 20, 5)
(2, 21, 5)
(2, 22, 5)
(2, 23, 5)
(2, 24, 5)
(2, 25, 5)
(2, 26, 5)
(2, 27, 5)
(2, 28, 5)
(2, 29, 5)
(2, 30, 5)
(2, 31, 5)
(2, 32, 5)
(2, 33, 3)
(2, 34, 3)
(2, 35, 3)
(2, 36, 3)
(2, 37, 3)
(2, 38, 3)
(2, 39, 3)

(3, 0, 8)
(3, 1, 8)
(3, 2, 8)
(3, 3, 8)
(3, 4, 8)
(3, 5, 8)
(3, 6, 8)
(3, 7, 8)
(3, 8, 8)
(3, 9, 8)
(3, 10, 8)
(3, 11, 8)
(3, 12, 8)
(3, 13, 8)
(3, 14, 8)
(3, 15, 8)
(3, 16, 8)
(3, 17, 8)
(3, 18, 8)
(3, 19, 8)
(3, 20, 8)
(3, 21, 8)
(3, 22, 8)
(3, 23, 8)
(3, 24, 8)
(3, 25, 7)
(3, 26, 7)
(3, 27, 7)
(3, 28, 7)
(3, 29, 7)
(3, 30, 7)
(3, 31, 7)
(3, 32, 7)
(3, 33, 5)
(3, 34, 5)
(3, 35, 5)
(3, 36, 5)
(3, 37, 5)
(3, 38, 5)
(3, 39, 5)

(4, 0, 16)
(4, 1, 16)
(4, 2, 16)
(4, 3, 16)
(4, 4, 16)
(4, 5, 16)
(4, 6, 16)
(4, 7, 16)
(4, 8, 16)
(4, 9, 16)
(4, 10, 14)
(4, 11, 14)
(4, 12, 13)
(4, 13, 13)
(4, 14, 13)
(4, 15, 13)
(4, 16, 13)
(4, 17, 13)
(4, 18, 13)
(4, 19, 13)
(4, 20, 13)
(4, 21, 13)
(4, 22, 13)
(4, 23, 13)
(4, 24, 13)
(4, 25, 12)
(4, 26, 12)
(4, 27, 9)
(4, 28, 9)
(4, 29, 9)
(4, 30, 8)
(4, 31, 8)
(4, 32, 8)
(4, 33, 6)
(4, 34, 6)
(4, 35, 6)
(4, 36, 6)
(4, 37, 6)
(4, 38, 6)
(4, 39, 6)

(5, 0, 21)
(5, 1, 21)
(5, 2, 21)
(5, 3, 21)
(5, 4, 21)
(5, 5, 21)
(5, 6, 19)
(5, 7, 19)
(5, 8, 19)
(5, 9, 19)
(5, 10, 17)
(5, 11, 17)
(5, 12, 16)
(5, 13, 16)
(5, 14, 16)
(5, 15, 16)
(5, 16, 15)
(5, 17, 15)
(5, 18, 15)
(5, 19, 14)
(5, 20, 14)
(5, 21, 14)
(5, 22, 14)
(5, 23, 14)
(5, 24, 14)
(5, 25, 13)
(5, 26, 13)
(5, 27, 10)
(5, 28, 10)
(5, 29, 10)
(5, 30, 9)
(5, 31, 9)
(5, 32, 9)
(5, 33, 7)
(5, 34, 7)
(5, 35, 7)
(5, 36, 7)
(5, 37, 7)
(5, 38, 7)
(5, 39, 7)

(6, 0, 28)
(6, 1, 28)
(6, 2, 28)
(6, 3, 28)
(6, 4, 28)
(6, 5, 28)
(6, 6, 24)
(6, 7, 24)
(6, 8, 24)
(6, 9, 24)
(6, 10, 21)
(6, 11, 21)
(6, 12, 20)
(6, 13, 20)
(6, 14, 20)
(6, 15, 20)
(6, 16, 19)
(6, 17, 19)
(6, 18, 19)
(6, 19, 16)
(6, 20, 16)
(6, 21, 16)
(6, 22, 16)
(6, 23, 16)
(6, 24, 16)
(6, 25, 14)
(6, 26, 14)
(6, 27, 11)
(6, 28, 11)
(6, 29, 11)
(6, 30, 11)
(6, 31, 11)
(6, 32, 11)
(6, 33, 9)
(6, 34, 9)
(6, 35, 9)
(6, 36, 9)
(6, 37, 9)
(6, 38, 9)
(6, 39, 9)

(7, 0, 31)
(7, 1, 31)
(7, 2, 31)
(7, 3, 31)
(7, 4, 31)
(7, 5, 31)
(7, 6, 26)
(7, 7, 26)
(7, 8, 26)
(7, 9, 26)
(7, 10, 23)
(7, 11, 23)
(7, 12, 21)
(7, 13, 21)
(7, 14, 21)
(7, 15, 21)
(7, 16, 20)
(7, 17, 20)
(7, 18, 20)
(7, 19, 17)
(7, 20, 17)
(7, 21, 17)
(7, 22, 17)
(7, 23, 17)
(7, 24, 17)
(7, 25, 15)
(7, 26, 15)
(7, 27, 12)
(7, 28, 12)
(7, 29, 12)
(7, 30, 12)
(7, 31, 12)
(7, 32, 12)
(7, 33, 10)
(7, 34, 10)
(7, 35, 9)
(7, 36, 9)
(7, 37, 9)
(7, 38, 9)
(7, 39, 9)

(8, 0, 33)
(8, 1, 33)
(8, 2, 33)
(8, 3, 33)
(8, 4, 33)
(8, 5, 33)
(8, 6, 28)
(8, 7, 28)
(8, 8, 28)
(8, 9, 28)
(8, 10, 25)
(8, 11, 25)
(8, 12, 23)
(8, 13, 23)
(8, 14, 23)
(8, 15, 23)
(8, 16, 22)
(8, 17, 22)
(8, 18, 22)
(8, 19, 19)
(8, 20, 19)
(8, 21, 19)
(8, 22, 19)
(8, 23, 19)
(8, 24, 19)
(8, 25, 16)
(8, 26, 16)
(8, 27, 13)
(8, 28, 13)
(8, 29, 13)
(8, 30, 13)
(8, 31, 13)
(8, 32, 13)
(8, 33, 11)
(8, 34, 11)
(8, 35, 10)
(8, 36, 10)
(8, 37, 10)
(8, 38, 10)
(8, 39, 10)

(9, 0, 68)
(9, 1, 42)
(9, 2, 40)
(9, 3, 39)
(9, 4, 39)
(9, 5, 39)
(9, 6, 33)
(9, 7, 33)
(9, 8, 33)
(9, 9, 33)
(9, 10, 30)
(9, 11, 30)
(9, 12, 27)
(9, 13, 27)
(9, 14, 27)
(9, 15, 27)
(9, 16, 26)
(9, 17, 26)
(9, 18, 26)
(9, 19, 23)
(9, 20, 20)
(9, 21, 20)
(9, 22, 20)
(9, 23, 20)
(9, 24, 20)
(9, 25, 18)
(9, 26, 18)
(9, 27, 15)
(9, 28, 15)
(9, 29, 14)
(9, 30, 14)
(9, 31, 14)
(9, 32, 14)
(9, 33, 12)
(9, 34, 11)
(9, 35, 10)
(9, 36, 10)
(9, 37, 10)
(9, 38, 10)
(9, 39, 10)

(10, 0, 73)
(10, 1, 47)
(10, 2, 45)
(10, 3, 44)
(10, 4, 44)
(10, 5, 44)
(10, 6, 38)
(10, 7, 38)
(10, 8, 38)
(10, 9, 38)
(10, 10, 33)
(10, 11, 33)
(10, 12, 30)
(10, 13, 30)
(10, 14, 30)
(10, 15, 30)
(10, 16, 29)
(10, 17, 29)
(10, 18, 29)
(10, 19, 26)
(10, 20, 23)
(10, 21, 23)
(10, 22, 23)
(10, 23, 23)
(10, 24, 23)
(10, 25, 21)
(10, 26, 21)
(10, 27, 17)
(10, 28, 17)
(10, 29, 16)
(10, 30, 16)
(10, 31, 16)
(10, 32, 14)
(10, 33, 12)
(10, 34, 11)
(10, 35, 10)
(10, 36, 10)
(10, 37, 10)
(10, 38, 10)
(10, 39, 10)

(11, 0, 76)
(11, 1, 50)
(11, 2, 48)
(11, 3, 47)
(11, 4, 47)
(11, 5, 47)
(11, 6, 41)
(11, 7, 41)
(11, 8, 41)
(11, 9, 41)
(11, 10, 36)
(11, 11, 36)
(11, 12, 32)
(11, 13, 32)
(11, 14, 32)
(11, 15, 32)
(11, 16, 31)
(11, 17, 31)
(11, 18, 31)
(11, 19, 27)
(11, 20, 24)
(11, 21, 24)
(11, 22, 24)
(11, 23, 24)
(11, 24, 24)
(11, 25, 22)
(11, 26, 22)
(11, 27, 18)
(11, 28, 18)
(11, 29, 16)
(11, 30, 16)
(11, 31, 16)
(11, 32, 15)
(11, 33, 13)
(11, 34, 12)
(11, 35, 11)
(11, 36, 11)
(11, 37, 11)
(11, 38, 11)
(11, 39, 11)

(12, 0, 76)
(12, 1, 50)
(12, 2, 48)
(12, 3, 47)
(12, 4, 47)
(12, 5, 47)
(12, 6, 41)
(12, 7, 41)
(12, 8, 41)
(12, 9, 41)
(12, 10, 36)
(12, 11, 36)
(12, 12, 32)
(12, 13, 32)
(12, 14, 32)
(12, 15, 32)
(12, 16, 31)
(12, 17, 31)
(12, 18, 31)
(12, 19, 27)
(12, 20, 24)
(12, 21, 24)
(12, 22, 24)
(12, 23, 24)
(12, 24, 24)
(12, 25, 22)
(12, 26, 22)
(12, 27, 18)
(12, 28, 18)
(12, 29, 16)
(12, 30, 16)
(12, 31, 16)
(12, 32, 15)
(12, 33, 13)
(12, 34, 12)
(12, 35, 11)
(12, 36, 11)
(12, 37, 11)
(12, 38, 11)
(12, 39, 11)

(13, 0, 78)
(13, 1, 52)
(13, 2, 50)
(13, 3, 49)
(13, 4, 49)
(13, 5, 49)
(13, 6, 43)
(13, 7, 43)
(13, 8, 43)
(13, 9, 43)
(13, 10, 38)
(13, 11, 38)
(13, 12, 34)
(13, 13, 34)
(13, 14, 34)
(13, 15, 34)
(13, 16, 33)
(13, 17, 33)
(13, 18, 33)
(13, 19, 29)
(13, 20, 26)
(13, 21, 26)
(13, 22, 26)
(13, 23, 26)
(13, 24, 26)
(13, 25, 24)
(13, 26, 24)
(13, 27, 20)
(13, 28, 20)
(13, 29, 18)
(13, 30, 18)
(13, 31, 18)
(13, 32, 17)
(13, 33, 15)
(13, 34, 14)
(13, 35, 13)
(13, 36, 13)
(13, 37, 13)
(13, 38, 13)
(13, 39, 13)

(14, 0, 87)
(14, 1, 61)
(14, 2, 59)
(14, 3, 57)
(14, 4, 57)
(14, 5, 57)
(14, 6, 50)
(14, 7, 49)
(14, 8, 49)
(14, 9, 49)
(14, 10, 44)
(14, 11, 44)
(14, 12, 39)
(14, 13, 39)
(14, 14, 39)
(14, 15, 39)
(14, 16, 38)
(14, 17, 38)
(14, 18, 38)
(14, 19, 34)
(14, 20, 31)
(14, 21, 31)
(14, 22, 31)
(14, 23, 31)
(14, 24, 31)
(14, 25, 29)
(14, 26, 28)
(14, 27, 24)
(14, 28, 24)
(14, 29, 22)
(14, 30, 22)
(14, 31, 22)
(14, 32, 21)
(14, 33, 19)
(14, 34, 18)
(14, 35, 16)
(14, 36, 16)
(14, 37, 16)
(14, 38, 16)
(14, 39, 15)

(15, 0, 116)
(15, 1, 67)
(15, 2, 64)
(15, 3, 62)
(15, 4, 62)
(15, 5, 62)
(15, 6, 55)
(15, 7, 54)
(15, 8, 54)
(15, 9, 54)
(15, 10, 49)
(15, 11, 49)
(15, 12, 43)
(15, 13, 43)
(15, 14, 43)
(15, 15, 43)
(15, 16, 42)
(15, 17, 42)
(15, 18, 42)
(15, 19, 37)
(15, 20, 33)
(15, 21, 33)
(15, 22, 33)
(15, 23, 33)
(15, 24, 33)
(15, 25, 31)
(15, 26, 30)
(15, 27, 26)
(15, 28, 26)
(15, 29, 24)
(15, 30, 24)
(15, 31, 24)
(15, 32, 23)
(15, 33, 21)
(15, 34, 20)
(15, 35, 18)
(15, 36, 17)
(15, 37, 17)
(15, 38, 17)
(15, 39, 17)

(16, 0, 131)
(16, 1, 72)
(16, 2, 68)
(16, 3, 66)
(16, 4, 66)
(16, 5, 66)
(16, 6, 59)
(16, 7, 58)
(16, 8, 58)
(16, 9, 58)
(16, 10, 53)
(16, 11, 53)
(16, 12, 46)
(16, 13, 46)
(16, 14, 46)
(16, 15, 46)
(16, 16, 45)
(16, 17, 45)
(16, 18, 45)
(16, 19, 39)
(16, 20, 35)
(16, 21, 35)
(16, 22, 35)
(16, 23, 35)
(16, 24, 35)
(16, 25, 33)
(16, 26, 32)
(16, 27, 28)
(16, 28, 28)
(16, 29, 26)
(16, 30, 26)
(16, 31, 26)
(16, 32, 25)
(16, 33, 22)
(16, 34, 21)
(16, 35, 18)
(16, 36, 17)
(16, 37, 17)
(16, 38, 17)
(16, 39, 17)

(17, 0, 132)
(17, 1, 73)
(17, 2, 69)
(17, 3, 67)
(17, 4, 67)
(17, 5, 67)
(17, 6, 60)
(17, 7, 59)
(17, 8, 59)
(17, 9, 59)
(17, 10, 54)
(17, 11, 54)
(17, 12, 47)
(17, 13, 47)
(17, 14, 47)
(17, 15, 47)
(17, 16, 46)
(17, 17, 46)
(17, 18, 46)
(17, 19, 40)
(17, 20, 36)
(17, 21, 36)
(17, 22, 36)
(17, 23, 36)
(17, 24, 36)
(17, 25, 33)
(17, 26, 32)
(17, 27, 28)
(17, 28, 28)
(17, 29, 26)
(17, 30, 26)
(17, 31, 26)
(17, 32, 25)
(17, 33, 22)
(17, 34, 21)
(17, 35, 18)
(17, 36, 17)
(17, 37, 17)
(17, 38, 17)
(17, 39, 17)

(18, 0, 140)
(18, 1, 81)
(18, 2, 77)
(18, 3, 75)
(18, 4, 75)
(18, 5, 75)
(18, 6, 68)
(18, 7, 67)
(18, 8, 67)
(18, 9, 67)
(18, 10, 61)
(18, 11, 61)
(18, 12, 54)
(18, 13, 54)
(18, 14, 54)
(18, 15, 54)
(18, 16, 53)
(18, 17, 53)
(18, 18, 53)
(18, 19, 47)
(18, 20, 43)
(18, 21, 43)
(18, 22, 43)
(18, 23, 43)
(18, 24, 43)
(18, 25, 40)
(18, 26, 39)
(18, 27, 34)
(18, 28, 34)
(18, 29, 32)
(18, 30, 32)
(18, 31, 32)
(18, 32, 31)
(18, 33, 28)
(18, 34, 27)
(18, 35, 24)
(18, 36, 23)
(18, 37, 23)
(18, 38, 23)
(18, 39, 23)

(19, 0, 147)
(19, 1, 88)
(19, 2, 84)
(19, 3, 81)
(19, 4, 81)
(19, 5, 81)
(19, 6, 74)
(19, 7, 73)
(19, 8, 73)
(19, 9, 73)
(19, 10, 67)
(19, 11, 67)
(19, 12, 60)
(19, 13, 60)
(19, 14, 60)
(19, 15, 60)
(19, 16, 58)
(19, 17, 58)
(19, 18, 57)
(19, 19, 50)
(19, 20, 46)
(19, 21, 46)
(19, 22, 46)
(19, 23, 46)
(19, 24, 46)
(19, 25, 43)
(19, 26, 42)
(19, 27, 37)
(19, 28, 37)
(19, 29, 35)
(19, 30, 35)
(19, 31, 35)
(19, 32, 34)
(19, 33, 31)
(19, 34, 30)
(19, 35, 26)
(19, 36, 25)
(19, 37, 25)
(19, 38, 25)
(19, 39, 25)

(20, 0, 150)
(20, 1, 91)
(20, 2, 87)
(20, 3, 84)
(20, 4, 84)
(20, 5, 84)
(20, 6, 77)
(20, 7, 75)
(20, 8, 75)
(20, 9, 75)
(20, 10, 69)
(20, 11, 69)
(20, 12, 62)
(20, 13, 62)
(20, 14, 62)
(20, 15, 62)
(20, 16, 60)
(20, 17, 60)
(20, 18, 59)
(20, 19, 52)
(20, 20, 48)
(20, 21, 48)
(20, 22, 48)
(20, 23, 48)
(20, 24, 48)
(20, 25, 45)
(20, 26, 44)
(20, 27, 38)
(20, 28, 38)
(20, 29, 36)
(20, 30, 36)
(20, 31, 36)
(20, 32, 35)
(20, 33, 32)
(20, 34, 31)
(20, 35, 27)
(20, 36, 26)
(20, 37, 26)
(20, 38, 26)
(20, 39, 26)

(21, 0, 158)
(21, 1, 99)
(21, 2, 95)
(21, 3, 91)
(21, 4, 91)
(21, 5, 91)
(21, 6, 83)
(21, 7, 80)
(21, 8, 80)
(21, 9, 80)
(21, 10, 74)
(21, 11, 74)
(21, 12, 65)
(21, 13, 65)
(21, 14, 65)
(21, 15, 65)
(21, 16, 63)
(21, 17, 63)
(21, 18, 62)
(21, 19, 55)
(21, 20, 51)
(21, 21, 51)
(21, 22, 51)
(21, 23, 51)
(21, 24, 51)
(21, 25, 48)
(21, 26, 47)
(21, 27, 40)
(21, 28, 40)
(21, 29, 38)
(21, 30, 38)
(21, 31, 38)
(21, 32, 37)
(21, 33, 34)
(21, 34, 32)
(21, 35, 28)
(21, 36, 27)
(21, 37, 27)
(21, 38, 27)
(21, 39, 27)

(22, 0, 184)
(22, 1, 109)
(22, 2, 105)
(22, 3, 100)
(22, 4, 100)
(22, 5, 100)
(22, 6, 91)
(22, 7, 87)
(22, 8, 87)
(22, 9, 87)
(22, 10, 79)
(22, 11, 79)
(22, 12, 70)
(22, 13, 70)
(22, 14, 70)
(22, 15, 70)
(22, 16, 68)
(22, 17, 68)
(22, 18, 67)
(22, 19, 59)
(22, 20, 54)
(22, 21, 54)
(22, 22, 54)
(22, 23, 54)
(22, 24, 54)
(22, 25, 51)
(22, 26, 50)
(22, 27, 43)
(22, 28, 43)
(22, 29, 41)
(22, 30, 41)
(22, 31, 41)
(22, 32, 40)
(22, 33, 37)
(22, 34, 35)
(22, 35, 31)
(22, 36, 29)
(22, 37, 29)
(22, 38, 29)
(22, 39, 29)

(23, 0, 201)
(23, 1, 113)
(23, 2, 108)
(23, 3, 103)
(23, 4, 103)
(23, 5, 103)
(23, 6, 94)
(23, 7, 90)
(23, 8, 90)
(23, 9, 90)
(23, 10, 82)
(23, 11, 82)
(23, 12, 73)
(23, 13, 73)
(23, 14, 73)
(23, 15, 73)
(23, 16, 71)
(23, 17, 71)
(23, 18, 70)
(23, 19, 61)
(23, 20, 55)
(23, 21, 55)
(23, 22, 55)
(23, 23, 55)
(23, 24, 55)
(23, 25, 52)
(23, 26, 51)
(23, 27, 44)
(23, 28, 44)
(23, 29, 42)
(23, 30, 42)
(23, 31, 42)
(23, 32, 41)
(23, 33, 38)
(23, 34, 36)
(23, 35, 32)
(23, 36, 30)
(23, 37, 30)
(23, 38, 30)
(23, 39, 30)

(24, 0, 206)
(24, 1, 118)
(24, 2, 113)
(24, 3, 108)
(24, 4, 108)
(24, 5, 108)
(24, 6, 98)
(24, 7, 94)
(24, 8, 94)
(24, 9, 94)
(24, 10, 86)
(24, 11, 86)
(24, 12, 76)
(24, 13, 76)
(24, 14, 76)
(24, 15, 76)
(24, 16, 74)
(24, 17, 74)
(24, 18, 73)
(24, 19, 63)
(24, 20, 57)
(24, 21, 57)
(24, 22, 57)
(24, 23, 57)
(24, 24, 57)
(24, 25, 54)
(24, 26, 53)
(24, 27, 46)
(24, 28, 46)
(24, 29, 44)
(24, 30, 44)
(24, 31, 44)
(24, 32, 43)
(24, 33, 40)
(24, 34, 38)
(24, 35, 34)
(24, 36, 32)
(24, 37, 32)
(24, 38, 32)
(24, 39, 32)

(25, 0, 207)
(25, 1, 119)
(25, 2, 114)
(25, 3, 109)
(25, 4, 109)
(25, 5, 109)
(25, 6, 99)
(25, 7, 95)
(25, 8, 95)
(25, 9, 95)
(25, 10, 87)
(25, 11, 87)
(25, 12, 77)
(25, 13, 77)
(25, 14, 77)
(25, 15, 77)
(25, 16, 75)
(25, 17, 75)
(25, 18, 74)
(25, 19, 64)
(25, 20, 58)
(25, 21, 58)
(25, 22, 58)
(25, 23, 58)
(25, 24, 58)
(25, 25, 55)
(25, 26, 54)
(25, 27, 47)
(25, 28, 47)
(25, 29, 45)
(25, 30, 45)
(25, 31, 45)
(25, 32, 44)
(25, 33, 41)
(25, 34, 39)
(25, 35, 35)
(25, 36, 33)
(25, 37, 33)
(25, 38, 33)
(25, 39, 33)

(26, 0, 212)
(26, 1, 124)
(26, 2, 119)
(26, 3, 114)
(26, 4, 113)
(26, 5, 113)
(26, 6, 102)
(26, 7, 98)
(26, 8, 98)
(26, 9, 98)
(26, 10, 90)
(26, 11, 90)
(26, 12, 80)
(26, 13, 80)
(26, 14, 80)
(26, 15, 80)
(26, 16, 78)
(26, 17, 78)
(26, 18, 77)
(26, 19, 67)
(26, 20, 61)
(26, 21, 61)
(26, 22, 61)
(26, 23, 61)
(26, 24, 61)
(26, 25, 58)
(26, 26, 57)
(26, 27, 50)
(26, 28, 50)
(26, 29, 48)
(26, 30, 48)
(26, 31, 47)
(26, 32, 46)
(26, 33, 43)
(26, 34, 41)
(26, 35, 36)
(26, 36, 34)
(26, 37, 34)
(26, 38, 34)
(26, 39, 34)

(27, 0, 230)
(27, 1, 139)
(27, 2, 131)
(27, 3, 125)
(27, 4, 124)
(27, 5, 124)
(27, 6, 112)
(27, 7, 108)
(27, 8, 108)
(27, 9, 107)
(27, 10, 98)
(27, 11, 98)
(27, 12, 88)
(27, 13, 88)
(27, 14, 88)
(27, 15, 88)
(27, 16, 86)
(27, 17, 86)
(27, 18, 85)
(27, 19, 74)
(27, 20, 66)
(27, 21, 66)
(27, 22, 66)
(27, 23, 66)
(27, 24, 66)
(27, 25, 63)
(27, 26, 62)
(27, 27, 55)
(27, 28, 55)
(27, 29, 53)
(27, 30, 53)
(27, 31, 52)
(27, 32, 51)
(27, 33, 48)
(27, 34, 45)
(27, 35, 40)
(27, 36, 38)
(27, 37, 38)
(27, 38, 38)
(27, 39, 38)

(28, 0, 260)
(28, 1, 143)
(28, 2, 137)
(28, 3, 131)
(28, 4, 130)
(28, 5, 130)
(28, 6, 115)
(28, 7, 111)
(28, 8, 111)
(28, 9, 110)
(28, 10, 101)
(28, 11, 101)
(28, 12, 91)
(28, 13, 91)
(28, 14, 91)
(28, 15, 91)
(28, 16, 89)
(28, 17, 89)
(28, 18, 88)
(28, 19, 77)
(28, 20, 69)
(28, 21, 69)
(28, 22, 69)
(28, 23, 69)
(28, 24, 69)
(28, 25, 66)
(28, 26, 65)
(28, 27, 58)
(28, 28, 58)
(28, 29, 56)
(28, 30, 56)
(28, 31, 55)
(28, 32, 54)
(28, 33, 51)
(28, 34, 48)
(28, 35, 43)
(28, 36, 41)
(28, 37, 41)
(28, 38, 41)
(28, 39, 41)

(29, 0, 273)
(29, 1, 156)
(29, 2, 150)
(29, 3, 144)
(29, 4, 143)
(29, 5, 143)
(29, 6, 128)
(29, 7, 124)
(29, 8, 124)
(29, 9, 123)
(29, 10, 113)
(29, 11, 113)
(29, 12, 103)
(29, 13, 103)
(29, 14, 103)
(29, 15, 102)
(29, 16, 98)
(29, 17, 98)
(29, 18, 96)
(29, 19, 85)
(29, 20, 77)
(29, 21, 77)
(29, 22, 77)
(29, 23, 77)
(29, 24, 77)
(29, 25, 74)
(29, 26, 73)
(29, 27, 66)
(29, 28, 66)
(29, 29, 64)
(29, 30, 64)
(29, 31, 63)
(29, 32, 62)
(29, 33, 59)
(29, 34, 56)
(29, 35, 51)
(29, 36, 48)
(29, 37, 47)
(29, 38, 47)
(29, 39, 47)

(30, 0, 288)
(30, 1, 171)
(30, 2, 165)
(30, 3, 156)
(30, 4, 155)
(30, 5, 155)
(30, 6, 140)
(30, 7, 135)
(30, 8, 135)
(30, 9, 134)
(30, 10, 124)
(30, 11, 124)
(30, 12, 114)
(30, 13, 114)
(30, 14, 114)
(30, 15, 113)
(30, 16, 108)
(30, 17, 108)
(30, 18, 105)
(30, 19, 94)
(30, 20, 86)
(30, 21, 86)
(30, 22, 85)
(30, 23, 85)
(30, 24, 85)
(30, 25, 82)
(30, 26, 81)
(30, 27, 74)
(30, 28, 73)
(30, 29, 71)
(30, 30, 70)
(30, 31, 69)
(30, 32, 68)
(30, 33, 65)
(30, 34, 62)
(30, 35, 57)
(30, 36, 54)
(30, 37, 52)
(30, 38, 52)
(30, 39, 52)

(31, 0, 303)
(31, 1, 186)
(31, 2, 180)
(31, 3, 169)
(31, 4, 168)
(31, 5, 168)
(31, 6, 153)
(31, 7, 145)
(31, 8, 145)
(31, 9, 144)
(31, 10, 134)
(31, 11, 134)
(31, 12, 124)
(31, 13, 124)
(31, 14, 124)
(31, 15, 122)
(31, 16, 116)
(31, 17, 113)
(31, 18, 110)
(31, 19, 99)
(31, 20, 91)
(31, 21, 91)
(31, 22, 90)
(31, 23, 90)
(31, 24, 90)
(31, 25, 87)
(31, 26, 86)
(31, 27, 79)
(31, 28, 77)
(31, 29, 75)
(31, 30, 74)
(31, 31, 73)
(31, 32, 71)
(31, 33, 68)
(31, 34, 65)
(31, 35, 60)
(31, 36, 57)
(31, 37, 53)
(31, 38, 53)
(31, 39, 53)

(32, 0, 312)
(32, 1, 195)
(32, 2, 189)
(32, 3, 177)
(32, 4, 176)
(32, 5, 176)
(32, 6, 161)
(32, 7, 152)
(32, 8, 152)
(32, 9, 151)
(32, 10, 139)
(32, 11, 139)
(32, 12, 129)
(32, 13, 129)
(32, 14, 129)
(32, 15, 127)
(32, 16, 119)
(32, 17, 115)
(32, 18, 112)
(32, 19, 100)
(32, 20, 92)
(32, 21, 92)
(32, 22, 91)
(32, 23, 91)
(32, 24, 91)
(32, 25, 88)
(32, 26, 87)
(32, 27, 79)
(32, 28, 78)
(32, 29, 76)
(32, 30, 75)
(32, 31, 74)
(32, 32, 72)
(32, 33, 69)
(32, 34, 66)
(32, 35, 61)
(32, 36, 58)
(32, 37, 54)
(32, 38, 54)
(32, 39, 54)

(33, 0, 323)
(33, 1, 204)
(33, 2, 198)
(33, 3, 185)
(33, 4, 184)
(33, 5, 184)
(33, 6, 169)
(33, 7, 158)
(33, 8, 158)
(33, 9, 157)
(33, 10, 144)
(33, 11, 144)
(33, 12, 134)
(33, 13, 134)
(33, 14, 133)
(33, 15, 130)
(33, 16, 120)
(33, 17, 116)
(33, 18, 113)
(33, 19, 101)
(33, 20, 93)
(33, 21, 93)
(33, 22, 92)
(33, 23, 92)
(33, 24, 92)
(33, 25, 89)
(33, 26, 88)
(33, 27, 80)
(33, 28, 79)
(33, 29, 77)
(33, 30, 76)
(33, 31, 75)
(33, 32, 73)
(33, 33, 70)
(33, 34, 67)
(33, 35, 62)
(33, 36, 59)
(33, 37, 55)
(33, 38, 55)
(33, 39, 55)

(34, 0, 327)
(34, 1, 208)
(34, 2, 202)
(34, 3, 189)
(34, 4, 188)
(34, 5, 188)
(34, 6, 173)
(34, 7, 162)
(34, 8, 162)
(34, 9, 161)
(34, 10, 147)
(34, 11, 147)
(34, 12, 137)
(34, 13, 137)
(34, 14, 136)
(34, 15, 133)
(34, 16, 122)
(34, 17, 118)
(34, 18, 115)
(34, 19, 103)
(34, 20, 95)
(34, 21, 95)
(34, 22, 94)
(34, 23, 94)
(34, 24, 94)
(34, 25, 91)
(34, 26, 90)
(34, 27, 82)
(34, 28, 81)
(34, 29, 79)
(34, 30, 78)
(34, 31, 77)
(34, 32, 75)
(34, 33, 72)
(34, 34, 69)
(34, 35, 64)
(34, 36, 61)
(34, 37, 57)
(34, 38, 57)
(34, 39, 57)

(35, 0, 329)
(35, 1, 210)
(35, 2, 204)
(35, 3, 191)
(35, 4, 190)
(35, 5, 190)
(35, 6, 175)
(35, 7, 164)
(35, 8, 164)
(35, 9, 163)
(35, 10, 149)
(35, 11, 149)
(35, 12, 139)
(35, 13, 138)
(35, 14, 137)
(35, 15, 134)
(35, 16, 123)
(35, 17, 118)
(35, 18, 115)
(35, 19, 103)
(35, 20, 95)
(35, 21, 95)
(35, 22, 94)
(35, 23, 94)
(35, 24, 94)
(35, 25, 91)
(35, 26, 90)
(35, 27, 82)
(35, 28, 81)
(35, 29, 79)
(35, 30, 78)
(35, 31, 77)
(35, 32, 75)
(35, 33, 72)
(35, 34, 69)
(35, 35, 64)
(35, 36, 61)
(35, 37, 57)
(35, 38, 57)
(35, 39, 57)

(36, 0, 334)
(36, 1, 215)
(36, 2, 209)
(36, 3, 195)
(36, 4, 194)
(36, 5, 194)
(36, 6, 179)
(36, 7, 168)
(36, 8, 168)
(36, 9, 167)
(36, 10, 153)
(36, 11, 153)
(36, 12, 143)
(36, 13, 142)
(36, 14, 141)
(36, 15, 138)
(36, 16, 125)
(36, 17, 120)
(36, 18, 117)
(36, 19, 105)
(36, 20, 97)
(36, 21, 97)
(36, 22, 96)
(36, 23, 96)
(36, 24, 96)
(36, 25, 93)
(36, 26, 92)
(36, 27, 84)
(36, 28, 83)
(36, 29, 81)
(36, 30, 80)
(36, 31, 79)
(36, 32, 76)
(36, 33, 73)
(36, 34, 70)
(36, 35, 65)
(36, 36, 62)
(36, 37, 58)
(36, 38, 58)
(36, 39, 58)

(37, 0, 339)
(37, 1, 220)
(37, 2, 214)
(37, 3, 200)
(37, 4, 199)
(37, 5, 199)
(37, 6, 184)
(37, 7, 172)
(37, 8, 172)
(37, 9, 171)
(37, 10, 156)
(37, 11, 156)
(37, 12, 146)
(37, 13, 145)
(37, 14, 144)
(37, 15, 141)
(37, 16, 127)
(37, 17, 122)
(37, 18, 119)
(37, 19, 107)
(37, 20, 99)
(37, 21, 99)
(37, 22, 98)
(37, 23, 98)
(37, 24, 98)
(37, 25, 95)
(37, 26, 94)
(37, 27, 86)
(37, 28, 85)
(37, 29, 83)
(37, 30, 82)
(37, 31, 81)
(37, 32, 78)
(37, 33, 75)
(37, 34, 72)
(37, 35, 67)
(37, 36, 64)
(37, 37, 60)
(37, 38, 60)
(37, 39, 60)

(38, 0, 341)
(38, 1, 222)
(38, 2, 216)
(38, 3, 202)
(38, 4, 201)
(38, 5, 201)
(38, 6, 186)
(38, 7, 174)
(38, 8, 174)
(38, 9, 173)
(38, 10, 158)
(38, 11, 158)
(38, 12, 148)
(38, 13, 147)
(38, 14, 146)
(38, 15, 143)
(38, 16, 128)
(38, 17, 123)
(38, 18, 120)
(38, 19, 108)
(38, 20, 100)
(38, 21, 100)
(38, 22, 99)
(38, 23, 99)
(38, 24, 99)
(38, 25, 96)
(38, 26, 95)
(38, 27, 87)
(38, 28, 86)
(38, 29, 84)
(38, 30, 83)
(38, 31, 82)
(38, 32, 79)
(38, 33, 76)
(38, 34, 73)
(38, 35, 68)
(38, 36, 65)
(38, 37, 61)
(38, 38, 61)
(38, 39, 61)

(39, 0, 345)
(39, 1, 226)
(39, 2, 220)
(39, 3, 205)
(39, 4, 204)
(39, 5, 204)
(39, 6, 189)
(39, 7, 176)
(39, 8, 176)
(39, 9, 175)
(39, 10, 160)
(39, 11, 160)
(39, 12, 150)
(39, 13, 149)
(39, 14, 148)
(39, 15, 145)
(39, 16, 129)
(39, 17, 124)
(39, 18, 121)
(39, 19, 109)
(39, 20, 101)
(39, 21, 101)
(39, 22, 100)
(39, 23, 100)
(39, 24, 100)
(39, 25, 97)
(39, 26, 96)
(39, 27, 88)
(39, 28, 87)
(39, 29, 85)
(39, 30, 84)
(39, 31, 83)
(39, 32, 80)
(39, 33, 77)
(39, 34, 74)
(39, 35, 69)
(39, 36, 66)
(39, 37, 61)
(39, 38, 61)
(39, 39, 61)


Betti numbers:
xi_0:
(0, 0, 4)
(1, 0, 1)
(3, 0, 3)
(4, 0, 8)
(5, 0, 5)
(6, 0, 7)
(7, 0, 3)
(8, 0, 2)
(9, 0, 35)
(10, 0, 5)
(11, 0, 3)
(13, 0, 2)
(14, 0, 9)
(15, 0, 29)
(16, 0, 15)
(17, 0, 1)
(18, 0, 8)
(19, 0, 7)
(20, 0, 3)
(21, 0, 8)
(22, 0, 26)
(23, 0, 17)
(24, 0, 5)
(25, 0, 1)
(26, 0, 5)
(27, 0, 18)
(28, 0, 30)
(29, 0, 13)
(30, 0, 15)
(31, 0, 15)
(32, 0, 9)
(33, 0, 11)
(34, 0, 4)
(35, 0, 2)
(36, 0, 5)
(37, 0, 5)
(38, 0, 2)
(39, 0, 4)
xi_1:
(0, 33, 1)
(1, 33, 1)
(3, 25, 1)
(4, 10, 2)
(4, 12, 1)
(4, 27, 3)
(4, 30, 1)
(5, 6, 2)
(5, 16, 1)
(5, 19, 1)
(6, 6, 2)
(6, 10, 1)
(6, 19, 2)
(6, 25, 1)
(7, 6, 1)
(7, 12, 1)
(7, 35, 1)
(8, 25, 1)
(9, 1, 26)
(9, 2, 2)
(9, 3, 1)
(9, 6, 1)
(9, 12, 1)
(9, 20, 3)
(9, 29, 1)
(9, 34, 1)
(10, 10, 2)
(10, 27, 1)
(10, 32, 2)
(11, 12, 1)
(11, 19, 1)
(11, 29, 1)
(14, 3, 1)
(14, 6, 1)
(14, 7, 1)
(14, 12, 1)
(14, 26, 1)
(14, 35, 1)
(14, 39, 1)
(15, 1, 23)
(15, 2, 1)
(15, 12, 1)
(15, 19, 1)
(15, 20, 1)
(15, 36, 1)
(16, 1, 10)
(16, 2, 1)
(16, 12, 1)
(16, 19, 1)
(16, 33, 1)
(16, 35, 1)
(17, 25, 1)
(18, 10, 1)
(18, 27, 1)
(19, 3, 1)
(19, 16, 1)
(19, 18, 1)
(19, 19, 1)
(19, 35, 1)
(20, 7, 1)
(20, 27, 1)
(21, 3, 1)
(21, 6, 1)
(21, 7, 1)
(21, 12, 2)
(21, 27, 1)
(21, 34, 1)
(22, 1, 16)
(22, 3, 1)
(22, 6, 1)
(22, 7, 1)
(22, 10, 2)
(22, 19, 1)
(22, 20, 1)
(22, 36, 1)
(23, 1, 13)
(23, 2, 1)
(23, 19, 1)
(23, 20, 1)
(24, 6, 1)
(24, 12, 1)
(24, 19, 1)
(26, 4, 1)
(26, 6, 1)
(26, 31, 1)
(26, 35, 1)
(27, 1, 3)
(27, 2, 3)
(27, 3, 1)
(27, 6, 1)
(27, 9, 1)
(27, 10, 1)
(27, 19, 1)
(27, 20, 2)
(27, 34, 1)
(28, 1, 26)
(28, 6, 3)
(29, 10, 1)
(29, 15, 1)
(29, 16, 2)
(29, 18, 1)
(29, 36, 1)
(29, 37, 1)
(30, 3, 3)
(30, 7, 1)
(30, 16, 1)
(30, 18, 1)
(30, 22, 1)
(30, 28, 1)
(30, 30, 1)
(30, 37, 1)
(31, 3, 2)
(31, 7, 3)
(31, 15, 1)
(31, 16, 1)
(31, 17, 3)
(31, 28, 1)
(31, 32, 1)
(31, 37, 2)
(32, 3, 1)
(32, 7, 1)
(32, 10, 2)
(32, 16, 2)
(32, 17, 1)
(32, 19, 1)
(32, 27, 1)
(33, 1, 2)
(33, 3, 1)
(33, 7, 2)
(33, 10, 1)
(33, 14, 1)
(33, 15, 1)
(33, 16, 2)
(34, 10, 1)
(34, 16, 1)
(35, 13, 1)
(35, 17, 1)
(36, 3, 1)
(36, 16, 2)
(36, 32, 1)
(37, 7, 1)
(37, 10, 1)
(37, 16, 1)
(38, 16, 1)
(39, 3, 1)
(39, 7, 1)
(39, 16, 1)
(39, 37, 1)
xi_2:
(6, 30, 1)
(9, 25, 1)
(11, 32, 1)
(15, 39, 1)
(28, 2, 2)
(32, 28, 1)
