x-grades
-5147448549981773517/400000000000000000
-2515030056975973517/200000000000000000
-4912671677922120551/400000000000000000
-1198820810473073517/100000000000000000
-935578961172493517/80000000000000000
-2280253184916320551/200000000000000000
-4443117933802814619/400000000000000000
-540716187221623517/50000000000000000
-4208341061743161653/400000000000000000
-409095262571333517/40000000000000000
-3973564189683508687/400000000000000000
-964043938413420551/100000000000000000
-3738787317623855721/400000000000000000
-1810699440797014619/200000000000000000
-700802089112840551/80000000000000000
-211663875595898517/25000000000000000
-3269233573504549789/400000000000000000
-1575922568737361653/200000000000000000
-3034456701444896823/400000000000000000
-145853413270753517/20000000000000000
-2799679829385243857/400000000000000000
-1341145696677708687/200000000000000000
-2564902957325590891/400000000000000000
-305939315161970551/50000000000000000
-93205043410637517/16000000000000000
-1106368824618055721/200000000000000000
-2095349213206284959/400000000000000000
-494490194294114619/100000000000000000
-1860572341146631993/400000000000000000
-174318390511680551/40000000000000000
-1625795469086979027/400000000000000000
-47137719783036017/12500000000000000
-1391018597027326061/400000000000000000
-636815080498749789/200000000000000000
-231248344993534619/80000000000000000
-259713322234461653/100000000000000000
-921464852908020129/400000000000000000
-402038208439096823/200000000000000000
-686687980848367163/400000000000000000
-14232488620463517/10000000000000000

y-grades
9997503/40000000
9997503/20000000
29992509/40000000
9997503/10000000
9997503/8000000
29992509/20000000
69982521/40000000
9997503/5000000
89977527/40000000
9997503/4000000
109972533/40000000
29992509/10000000
129967539/40000000
69982521/20000000
29992509/8000000
9997503/2500000
169957551/40000000
89977527/20000000
189952557/40000000
9997503/2000000
209947563/40000000
109972533/20000000
229942569/40000000
29992509/5000000
9997503/1600000
129967539/20000000
269932581/40000000
69982521/10000000
289927587/40000000
29992509/4000000
309922593/40000000
9997503/1250000
329917599/40000000
169957551/20000000
69982521/8000000
89977527/10000000
369907611/40000000
189952557/20000000
389902617/40000000
9997503/1000000

Dimensions > 0:
(0, 0, 2)
(0, 1, 2)
(0, 2, 2)
(0, 3, 2)
(0, 4, 2)
(0, 5, 2)
(0, 6, 2)
(0, 7, 2)
(0, 8, 2)
(0, 9, 2)
(0, 10, 2)
(0, 11, 2)
(0, 12, 2)
(0, 13, 2)
(0, 14, 2)
(0, 15, 2)
(0, 16, 2)
(0, 17, 2)
(0, 18, 2)
(0, 19, 2)
(0, 20, 2)
(0, 21, 2)
(0, 22, 2)
(0, 23, 2)
(0, 24, 2)
(0, 25, 2)
(0, 26, 2)
(0, 27, 2)
(0, 28, 2)
(0, 29, 2)
(0, 30, 2)
(0, 31, 2)
(0, 32, 2)
(0, 33, 2)
(0, 34, 2)
(0, 35, 2)
(0, 36, 2)
(0, 37, 2)
(0, 38, 2)
(0, 39, 2)

(1, 0, 2)
(1, 1, 2)
(1, 2, 2)
(1, 3, 2)
(1, 4, 2)
(1, 5, 2)
(1, 6, 2)
(1, 7, 2)
(1, 8, 2)
(1, 9, 2)
(1, 10, 2)
(1, 11, 2)
(1, 12, 2)
(1, 13, 2)
(1, 14, 2)
(1, 15, 2)
(1, 16, 2)
(1, 17, 2)
(1, 18, 2)
(1, 19, 2)
(1, 20, 2)
(1, 21, 2)
(1, 22, 2)
(1, 23, 2)
(1, 24, 2)
(1, 25, 2)
(1, 26, 2)
(1, 27, 2)
(1, 28, 2)
(1, 29, 2)
(1, 30, 2)
(1, 31, 2)
(1, 32, 2)
(1, 33, 2)
(1, 34, 2)
(1, 35, 2)
(1, 36, 2)
(1, 37, 2)
(1, 38, 2)
(1, 39, 2)

(2, 0, 5)
(2, 1, 5)
(2, 2, 5)
(2, 3, 5)
(2, 4, 5)
(2, 5, 5)
(2, 6, 5)
(2, 7, 5)
(2, 8, 5)
(2, 9, 5)
(2, 10, 5)
(2, 11, 5)
(2, 12, 5)
(2, 13, 5)
(2, 14, 5)
(2, 15, 5)
(2, 16, 5)
(2, 17, 5)
(2, 18, 5)
(2, 19, 5)
(2, 20, 5)
(2, 21, 5)
(2, 22, 5)
(2, 23, 5)
(2, 24, 5)
(2, 25, 5)
(2, 26, 5)
(2, 27, 5)
(2, 28, 5)
(2, 29, 5)
(2, 30, 5)
(2, 31, 5)
(2, 32, 5)
(2, 33, 5)
(2, 34, 5)
(2, 35, 5)
(2, 36, 5)
(2, 37, 5)
(2, 38, 5)
(2, 39, 5)

(3, 0, 7)
(3, 1, 7)
(3, 2, 7)
(3, 3, 7)
(3, 4, 7)
(3, 5, 7)
(3, 6, 7)
(3, 7, 7)
(3, 8, 7)
(3, 9, 7)
(3, 10, 7)
(3, 11, 7)
(3, 12, 7)
(3, 13, 7)
(3, 14, 7)
(3, 15, 7)
(3, 16, 7)
(3, 17, 7)
(3, 18, 7)
(3, 19, 7)
(3, 20, 7)
(3, 21, 7)
(3, 22, 7)
(3, 23, 7)
(3, 24, 7)
(3, 25, 7)
(3, 26, 7)
(3, 27, 7)
(3, 28, 7)
(3, 29, 7)
(3, 30, 7)
(3, 31, 7)
(3, 32, 7)
(3, 33, 7)
(3, 34, 7)
(3, 35, 7)
(3, 36, 7)
(3, 37, 7)
(3, 38, 7)
(3, 39, 7)

(4, 0, 7)
(4, 1, 7)
(4, 2, 7)
(4, 3, 7)
(4, 4, 7)
(4, 5, 7)
(4, 6, 7)
(4, 7, 7)
(4, 8, 7)
(4, 9, 7)
(4, 10, 7)
(4, 11, 7)
(4, 12, 7)
(4, 13, 7)
(4, 14, 7)
(4, 15, 7)
(4, 16, 7)
(4, 17, 7)
(4, 18, 7)
(4, 19, 7)
(4, 20, 7)
(4, 21, 7)
(4, 22, 7)
(4, 23, 7)
(4, 24, 7)
(4, 25, 7)
(4, 26, 7)
(4, 27, 7)
(4, 28, 7)
(4, 29, 7)
(4, 30, 7)
(4, 31, 7)
(4, 32, 7)
(4, 33, 7)
(4, 34, 7)
(4, 35, 7)
(4, 36, 7)
(4, 37, 7)
(4, 38, 7)
(4, 39, 7)

(5, 0, 9)
(5, 1, 9)
(5, 2, 9)
(5, 3, 9)
(5, 4, 9)
(5, 5, 9)
(5, 6, 9)
(5, 7, 9)
(5, 8, 9)
(5, 9, 9)
(5, 10, 9)
(5, 11, 9)
(5, 12, 9)
(5, 13, 9)
(5, 14, 9)
(5, 15, 9)
(5, 16, 9)
(5, 17, 9)
(5, 18, 9)
(5, 19, 9)
(5, 20, 9)
(5, 21, 9)
(5, 22, 9)
(5, 23, 9)
(5, 24, 9)
(5, 25, 9)
(5, 26, 9)
(5, 27, 9)
(5, 28, 9)
(5, 29, 9)
(5, 30, 9)
(5, 31, 9)
(5, 32, 9)
(5, 33, 9)
(5, 34, 9)
(5, 35, 9)
(5, 36, 9)
(5, 37, 9)
(5, 38, 9)
(5, 39, 9)

(6, 0, 10)
(6, 1, 10)
(6, 2, 10)
(6, 3, 10)
(6, 4, 10)
(6, 5, 10)
(6, 6, 10)
(6, 7, 10)
(6, 8, 10)
(6, 9, 10)
(6, 10, 10)
(6, 11, 10)
(6, 12, 10)
(6, 13, 10)
(6, 14, 10)
(6, 15, 10)
(6, 16, 10)
(6, 17, 10)
(6, 18, 10)
(6, 19, 10)
(6, 20, 10)
(6, 21, 10)
(6, 22, 10)
(6, 23, 10)
(6, 24, 10)
(6, 25, 10)
(6, 26, 10)
(6, 27, 10)
(6, 28, 10)
(6, 29, 10)
(6, 30, 10)
(6, 31, 10)
(6, 32, 10)
(6, 33, 10)
(6, 34, 10)
(6, 35, 10)
(6, 36, 10)
(6, 37, 10)
(6, 38, 10)
(6, 39, 10)

(7, 0, 10)
(7, 1, 10)
(7, 2, 10)
(7, 3, 10)
(7, 4, 10)
(7, 5, 10)
(7, 6, 10)
(7, 7, 10)
(7, 8, 10)
(7, 9, 10)
(7, 10, 10)
(7, 11, 10)
(7, 12, 10)
(7, 13, 10)
(7, 14, 10)
(7, 15, 10)
(7, 16, 10)
(7, 17, 10)
(7, 18, 10)
(7, 19, 10)
(7, 20, 10)
(7, 21, 10)
(7, 22, 10)
(7, 23, 10)
(7, 24, 10)
(7, 25, 10)
(7, 26, 10)
(7, 27, 10)
(7, 28, 10)
(7, 29, 10)
(7, 30, 10)
(7, 31, 10)
(7, 32, 10)
(7, 33, 10)
(7, 34, 10)
(7, 35, 10)
(7, 36, 10)
(7, 37, 10)
(7, 38, 10)
(7, 39, 10)

(8, 0, 10)
(8, 1, 10)
(8, 2, 10)
(8, 3, 10)
(8, 4, 10)
(8, 5, 10)
(8, 6, 10)
(8, 7, 10)
(8, 8, 10)
(8, 9, 10)
(8, 10, 10)
(8, 11, 10)
(8, 12, 10)
(8, 13, 10)
(8, 14, 10)
(8, 15, 10)
(8, 16, 10)
(8, 17, 10)
(8, 18, 10)
(8, 19, 10)
(8, 20, 10)
(8, 21, 10)
(8, 22, 10)
(8, 23, 10)
(8, 24, 10)
(8, 25, 10)
(8, 26, 10)
(8, 27, 10)
(8, 28, 10)
(8, 29, 10)
(8, 30, 10)
(8, 31, 10)
(8, 32, 10)
(8, 33, 10)
(8, 34, 10)
(8, 35, 10)
(8, 36, 10)
(8, 37, 10)
(8, 38, 10)
(8, 39, 10)

(9, 0, 10)
(9, 1, 10)
(9, 2, 10)
(9, 3, 10)
(9, 4, 10)
(9, 5, 10)
(9, 6, 10)
(9, 7, 10)
(9, 8, 10)
(9, 9, 10)
(9, 10, 10)
(9, 11, 10)
(9, 12, 10)
(9, 13, 10)
(9, 14, 10)
(9, 15, 10)
(9, 16, 10)
(9, 17, 10)
(9, 18, 10)
(9, 19, 10)
(9, 20, 10)
(9, 21, 10)
(9, 22, 10)
(9, 23, 10)
(9, 24, 10)
(9, 25, 10)
(9, 26, 10)
(9, 27, 10)
(9, 28, 10)
(9, 29, 10)
(9, 30, 10)
(9, 31, 10)
(9, 32, 10)
(9, 33, 10)
(9, 34, 10)
(9, 35, 10)
(9, 36, 10)
(9, 37, 10)
(9, 38, 10)
(9, 39, 10)

(10, 0, 10)
(10, 1, 10)
(10, 2, 10)
(10, 3, 10)
(10, 4, 10)
(10, 5, 10)
(10, 6, 10)
(10, 7, 10)
(10, 8, 10)
(10, 9, 10)
(10, 10, 10)
(10, 11, 10)
(10, 12, 10)
(10, 13, 10)
(10, 14, 10)
(10, 15, 10)
(10, 16, 10)
(10, 17, 10)
(10, 18, 10)
(10, 19, 10)
(10, 20, 10)
(10, 21, 10)
(10, 22, 10)
(10, 23, 10)
(10, 24, 10)
(10, 25, 10)
(10, 26, 10)
(10, 27, 10)
(10, 28, 10)
(10, 29, 10)
(10, 30, 10)
(10, 31, 10)
(10, 32, 10)
(10, 33, 10)
(10, 34, 10)
(10, 35, 10)
(10, 36, 10)
(10, 37, 10)
(10, 38, 10)
(10, 39, 10)

(11, 0, 11)
(11, 1, 11)
(11, 2, 11)
(11, 3, 11)
(11, 4, 11)
(11, 5, 11)
(11, 6, 11)
(11, 7, 11)
(11, 8, 11)
(11, 9, 11)
(11, 10, 11)
(11, 11, 11)
(11, 12, 11)
(11, 13, 11)
(11, 14, 11)
(11, 15, 11)
(11, 16, 11)
(11, 17, 11)
(11, 18, 11)
(11, 19, 11)
(11, 20, 11)
(11, 21, 11)
(11, 22, 11)
(11, 23, 11)
(11, 24, 11)
(11, 25, 11)
(11, 26, 11)
(11, 27, 11)
(11, 28, 11)
(11, 29, 11)
(11, 30, 11)
(11, 31, 11)
(11, 32, 11)
(11, 33, 11)
(11, 34, 11)
(11, 35, 11)
(11, 36, 11)
(11, 37, 11)
(11, 38, 11)
(11, 39, 11)

(12, 0, 11)
(12, 1, 11)
(12, 2, 11)
(12, 3, 11)
(12, 4, 11)
(12, 5, 11)
(12, 6, 11)
(12, 7, 11)
(12, 8, 11)
(12, 9, 11)
(12, 10, 11)
(12, 11, 11)
(12, 12, 11)
(12, 13, 11)
(12, 14, 11)
(12, 15, 11)
(12, 16, 11)
(12, 17, 11)
(12, 18, 11)
(12, 19, 11)
(12, 20, 11)
(12, 21, 11)
(12, 22, 11)
(12, 23, 11)
(12, 24, 11)
(12, 25, 11)
(12, 26, 11)
(12, 27, 11)
(12, 28, 11)
(12, 29, 11)
(12, 30, 11)
(12, 31, 11)
(12, 32, 11)
(12, 33, 11)
(12, 34, 11)
(12, 35, 11)
(12, 36, 11)
(12, 37, 11)
(12, 38, 11)
(12, 39, 11)

(13, 0, 13)
(13, 1, 13)
(13, 2, 13)
(13, 3, 13)
(13, 4, 13)
(13, 5, 13)
(13, 6, 13)
(13, 7, 13)
(13, 8, 13)
(13, 9, 13)
(13, 10, 13)
(13, 11, 13)
(13, 12, 13)
(13, 13, 13)
(13, 14, 13)
(13, 15, 13)
(13, 16, 13)
(13, 17, 13)
(13, 18, 13)
(13, 19, 13)
(13, 20, 13)
(13, 21, 13)
(13, 22, 13)
(13, 23, 13)
(13, 24, 13)
(13, 25, 13)
(13, 26, 13)
(13, 27, 13)
(13, 28, 13)
(13, 29, 13)
(13, 30, 13)
(13, 31, 13)
(13, 32, 13)
(13, 33, 13)
(13, 34, 13)
(13, 35, 13)
(13, 36, 13)
(13, 37, 13)
(13, 38, 13)
(13, 39, 13)

(14, 0, 13)
(14, 1, 13)
(14, 2, 13)
(14, 3, 13)
(14, 4, 13)
(14, 5, 13)
(14, 6, 13)
(14, 7, 13)
(14, 8, 13)
(14, 9, 13)
(14, 10, 13)
(14, 11, 13)
(14, 12, 13)
(14, 13, 13)
(14, 14, 13)
(14, 15, 13)
(14, 16, 13)
(14, 17, 13)
(14, 18, 13)
(14, 19, 13)
(14, 20, 13)
(14, 21, 13)
(14, 22, 13)
(14, 23, 13)
(14, 24, 13)
(14, 25, 13)
(14, 26, 13)
(14, 27, 13)
(14, 28, 13)
(14, 29, 13)
(14, 30, 13)
(14, 31, 13)
(14, 32, 13)
(14, 33, 13)
(14, 34, 13)
(14, 35, 13)
(14, 36, 13)
(14, 37, 13)
(14, 38, 13)
(14, 39, 13)

(15, 0, 14)
(15, 1, 14)
(15, 2, 14)
(15, 3, 14)
(15, 4, 14)
(15, 5, 14)
(15, 6, 14)
(15, 7, 14)
(15, 8, 14)
(15, 9, 14)
(15, 10, 14)
(15, 11, 14)
(15, 12, 14)
(15, 13, 14)
(15, 14, 14)
(15, 15, 14)
(15, 16, 14)
(15, 17, 14)
(15, 18, 14)
(15, 19, 14)
(15, 20, 14)
(15, 21, 14)
(15, 22, 14)
(15, 23, 14)
(15, 24, 14)
(15, 25, 14)
(15, 26, 14)
(15, 27, 14)
(15, 28, 14)
(15, 29, 14)
(15, 30, 14)
(15, 31, 14)
(15, 32, 14)
(15, 33, 14)
(15, 34, 14)
(15, 35, 14)
(15, 36, 14)
(15, 37, 14)
(15, 38, 14)
(15, 39, 14)

(16, 0, 14)
(16, 1, 14)
(16, 2, 14)
(16, 3, 14)
(16, 4, 14)
(16, 5, 14)
(16, 6, 14)
(16, 7, 14)
(16, 8, 14)
(16, 9, 14)
(16, 10, 14)
(16, 11, 14)
(16, 12, 14)
(16, 13, 14)
(16, 14, 14)
(16, 15, 14)
(16, 16, 14)
(16, 17, 14)
(16, 18, 14)
(16, 19, 14)
(16, 20, 14)
(16, 21, 14)
(16, 22, 14)
(16, 23, 14)
(16, 24, 14)
(16, 25, 14)
(16, 26, 14)
(16, 27, 14)
(16, 28, 14)
(16, 29, 14)
(16, 30, 14)
(16, 31, 14)
(16, 32, 14)
(16, 33, 14)
(16, 34, 14)
(16, 35, 14)
(16, 36, 14)
(16, 37, 14)
(16, 38, 14)
(16, 39, 14)

(17, 0, 16)
(17, 1, 16)
(17, 2, 16)
(17, 3, 16)
(17, 4, 16)
(17, 5, 16)
(17, 6, 16)
(17, 7, 16)
(17, 8, 16)
(17, 9, 16)
(17, 10, 16)
(17, 11, 16)
(17, 12, 16)
(17, 13, 16)
(17, 14, 16)
(17, 15, 16)
(17, 16, 16)
(17, 17, 16)
(17, 18, 16)
(17, 19, 16)
(17, 20, 16)
(17, 21, 16)
(17, 22, 16)
(17, 23, 16)
(17, 24, 16)
(17, 25, 16)
(17, 26, 16)
(17, 27, 16)
(17, 28, 16)
(17, 29, 16)
(17, 30, 16)
(17, 31, 16)
(17, 32, 16)
(17, 33, 16)
(17, 34, 16)
(17, 35, 16)
(17, 36, 16)
(17, 37, 16)
(17, 38, 16)
(17, 39, 16)

(18, 0, 16)
(18, 1, 16)
(18, 2, 16)
(18, 3, 16)
(18, 4, 16)
(18, 5, 16)
(18, 6, 16)
(18, 7, 16)
(18, 8, 16)
(18, 9, 16)
(18, 10, 16)
(18, 11, 16)
(18, 12, 16)
(18, 13, 16)
(18, 14, 16)
(18, 15, 16)
(18, 16, 16)
(18, 17, 16)
(18, 18, 16)
(18, 19, 16)
(18, 20, 16)
(18, 21, 16)
(18, 22, 16)
(18, 23, 16)
(18, 24, 16)
(18, 25, 16)
(18, 26, 16)
(18, 27, 16)
(18, 28, 16)
(18, 29, 16)
(18, 30, 16)
(18, 31, 16)
(18, 32, 16)
(18, 33, 16)
(18, 34, 16)
(18, 35, 16)
(18, 36, 16)
(18, 37, 16)
(18, 38, 16)
(18, 39, 16)

(19, 0, 19)
(19, 1, 19)
(19, 2, 19)
(19, 3, 19)
(19, 4, 19)
(19, 5, 19)
(19, 6, 19)
(19, 7, 19)
(19, 8, 19)
(19, 9, 19)
(19, 10, 19)
(19, 11, 19)
(19, 12, 19)
(19, 13, 19)
(19, 14, 19)
(19, 15, 19)
(19, 16, 19)
(19, 17, 19)
(19, 18, 19)
(19, 19, 19)
(19, 20, 19)
(19, 21, 19)
(19, 22, 19)
(19, 23, 19)
(19, 24, 19)
(19, 25, 19)
(19, 26, 19)
(19, 27, 19)
(19, 28, 19)
(19, 29, 19)
(19, 30, 19)
(19, 31, 19)
(19, 32, 19)
(19, 33, 19)
(19, 34, 19)
(19, 35, 19)
(19, 36, 19)
(19, 37, 19)
(19, 38, 19)
(19, 39, 19)

(20, 0, 19)
(20, 1, 19)
(20, 2, 19)
(20, 3, 19)
(20, 4, 19)
(20, 5, 19)
(20, 6, 19)
(20, 7, 19)
(20, 8, 19)
(20, 9, 19)
(20, 10, 19)
(20, 11, 19)
(20, 12, 19)
(20, 13, 19)
(20, 14, 19)
(20, 15, 19)
(20, 16, 19)
(20, 17, 19)
(20, 18, 19)
(20, 19, 19)
(20, 20, 19)
(20, 21, 19)
(20, 22, 19)
(20, 23, 19)
(20, 24, 19)
(20, 25, 19)
(20, 26, 19)
(20, 27, 19)
(20, 28, 19)
(20, 29, 19)
(20, 30, 19)
(20, 31, 19)
(20, 32, 19)
(20, 33, 19)
(20, 34, 19)
(20, 35, 19)
(20, 36, 19)
(20, 37, 19)
(20, 38, 19)
(20, 39, 19)

(21, 0, 21)
(21, 1, 21)
(21, 2, 21)
(21, 3, 21)
(21, 4, 21)
(21, 5, 21)
(21, 6, 21)
(21, 7, 21)
(21, 8, 21)
(21, 9, 21)
(21, 10, 21)
(21, 11, 21)
(21, 12, 21)
(21, 13, 21)
(21, 14, 21)
(21, 15, 21)
(21, 16, 21)
(21, 17, 21)
(21, 18, 21)
(21, 19, 21)
(21, 20, 21)
(21, 21, 21)
(21, 22, 21)
(21, 23, 21)
(21, 24, 21)
(21, 25, 21)
(21, 26, 21)
(21, 27, 21)
(21, 28, 21)
(21, 29, 21)
(21, 30, 21)
(21, 31, 21)
(21, 32, 21)
(21, 33, 21)
(21, 34, 21)
(21, 35, 21)
(21, 36, 21)
(21, 37, 21)
(21, 38, 21)
(21, 39, 21)

(22, 0, 25)
(22, 1, 25)
(22, 2, 25)
(22, 3, 25)
(22, 4, 25)
(22, 5, 25)
(22, 6, 25)
(22, 7, 25)
(22, 8, 25)
(22, 9, 25)
(22, 10, 25)
(22, 11, 25)
(22, 12, 25)
(22, 13, 25)
(22, 14, 25)
(22, 15, 25)
(22, 16, 25)
(22, 17, 25)
(22, 18, 25)
(22, 19, 25)
(22, 20, 25)
(22, 21, 25)
(22, 22, 25)
(22, 23, 25)
(22, 24, 25)
(22, 25, 25)
(22, 26, 25)
(22, 27, 25)
(22, 28, 25)
(22, 29, 25)
(22, 30, 25)
(22, 31, 25)
(22, 32, 25)
(22, 33, 25)
(22, 34, 25)
(22, 35, 25)
(22, 36, 25)
(22, 37, 25)
(22, 38, 25)
(22, 39, 25)

(23, 0, 36)
(23, 1, 36)
(23, 2, 36)
(23, 3, 36)
(23, 4, 36)
(23, 5, 36)
(23, 6, 36)
(23, 7, 36)
(23, 8, 36)
(23, 9, 36)
(23, 10, 36)
(23, 11, 36)
(23, 12, 36)
(23, 13, 36)
(23, 14, 36)
(23, 15, 36)
(23, 16, 36)
(23, 17, 36)
(23, 18, 36)
(23, 19, 36)
(23, 20, 36)
(23, 21, 36)
(23, 22, 36)
(23, 23, 36)
(23, 24, 36)
(23, 25, 36)
(23, 26, 36)
(23, 27, 36)
(23, 28, 36)
(23, 29, 36)
(23, 30, 36)
(23, 31, 36)
(23, 32, 36)
(23, 33, 36)
(23, 34, 36)
(23, 35, 36)
(23, 36, 36)
(23, 37, 36)
(23, 38, 36)
(23, 39, 36)

(24, 0, 50)
(24, 1, 50)
(24, 2, 50)
(24, 3, 50)
(24, 4, 50)
(24, 5, 50)
(24, 6, 50)
(24, 7, 50)
(24, 8, 50)
(24, 9, 50)
(24, 10, 50)
(24, 11, 50)
(24, 12, 50)
(24, 13, 50)
(24, 14, 50)
(24, 15, 50)
(24, 16, 50)
(24, 17, 50)
(24, 18, 50)
(24, 19, 50)
(24, 20, 50)
(24, 21, 50)
(24, 22, 50)
(24, 23, 50)
(24, 24, 50)
(24, 25, 50)
(24, 26, 50)
(24, 27, 50)
(24, 28, 50)
(24, 29, 50)
(24, 30, 50)
(24, 31, 50)
(24, 32, 50)
(24, 33, 50)
(24, 34, 50)
(24, 35, 50)
(24, 36, 50)
(24, 37, 50)
(24, 38, 50)
(24, 39, 50)

(25, 0, 63)
(25, 1, 63)
(25, 2, 63)
(25, 3, 63)
(25, 4, 63)
(25, 5, 63)
(25, 6, 63)
(25, 7, 63)
(25, 8, 63)
(25, 9, 63)
(25, 10, 63)
(25, 11, 63)
(25, 12, 63)
(25, 13, 63)
(25, 14, 63)
(25, 15, 63)
(25, 16, 63)
(25, 17, 63)
(25, 18, 63)
(25, 19, 63)
(25, 20, 63)
(25, 21, 63)
(25, 22, 63)
(25, 23, 63)
(25, 24, 63)
(25, 25, 63)
(25, 26, 63)
(25, 27, 63)
(25, 28, 63)
(25, 29, 63)
(25, 30, 63)
(25, 31, 63)
(25, 32, 63)
(25, 33, 63)
(25, 34, 63)
(25, 35, 63)
(25, 36, 63)
(25, 37, 63)
(25, 38, 63)
(25, 39, 63)

(26, 0, 74)
(26, 1, 74)
(26, 2, 74)
(26, 3, 74)
(26, 4, 74)
(26, 5, 74)
(26, 6, 74)
(26, 7, 74)
(26, 8, 74)
(26, 9, 74)
(26, 10, 74)
(26, 11, 74)
(26, 12, 74)
(26, 13, 74)
(26, 14, 74)
(26, 15, 74)
(26, 16, 74)
(26, 17, 74)
(26, 18, 74)
(26, 19, 74)
(26, 20, 74)
(26, 21, 74)
(26, 22, 74)
(26, 23, 74)
(26, 24, 74)
(26, 25, 74)
(26, 26, 74)
(26, 27, 74)
(26, 28, 74)
(26, 29, 74)
(26, 30, 74)
(26, 31, 74)
(26, 32, 74)
(26, 33, 74)
(26, 34, 74)
(26, 35, 74)
(26, 36, 74)
(26, 37, 74)
(26, 38, 74)
(26, 39, 74)

(27, 0, 87)
(27, 1, 87)
(27, 2, 87)
(27, 3, 87)
(27, 4, 87)
(27, 5, 87)
(27, 6, 87)
(27, 7, 87)
(27, 8, 87)
(27, 9, 87)
(27, 10, 87)
(27, 11, 87)
(27, 12, 87)
(27, 13, 87)
(27, 14, 87)
(27, 15, 87)
(27, 16, 87)
(27, 17, 87)
(27, 18, 87)
(27, 19, 87)
(27, 20, 87)
(27, 21, 87)
(27, 22, 87)
(27, 23, 87)
(27, 24, 87)
(27, 25, 87)
(27, 26, 87)
(27, 27, 87)
(27, 28, 87)
(27, 29, 87)
(27, 30, 87)
(27, 31, 87)
(27, 32, 87)
(27, 33, 87)
(27, 34, 87)
(27, 35, 87)
(27, 36, 87)
(27, 37, 87)
(27, 38, 87)
(27, 39, 87)

(28, 0, 95)
(28, 1, 95)
(28, 2, 95)
(28, 3, 95)
(28, 4, 95)
(28, 5, 95)
(28, 6, 95)
(28, 7, 95)
(28, 8, 95)
(28, 9, 95)
(28, 10, 95)
(28, 11, 95)
(28, 12, 95)
(28, 13, 95)
(28, 14, 95)
(28, 15, 95)
(28, 16, 95)
(28, 17, 95)
(28, 18, 95)
(28, 19, 95)
(28, 20, 95)
(28, 21, 95)
(28, 22, 95)
(28, 23, 95)
(28, 24, 95)
(28, 25, 95)
(28, 26, 95)
(28, 27, 95)
(28, 28, 95)
(28, 29, 95)
(28, 30, 95)
(28, 31, 95)
(28, 32, 95)
(28, 33, 95)
(28, 34, 95)
(28, 35, 95)
(28, 36, 95)
(28, 37, 95)
(28, 38, 95)
(28, 39, 95)

(29, 0, 102)
(29, 1, 102)
(29, 2, 102)
(29, 3, 102)
(29, 4, 102)
(29, 5, 102)
(29, 6, 102)
(29, 7, 102)
(29, 8, 102)
(29, 9, 102)
(29, 10, 102)
(29, 11, 102)
(29, 12, 102)
(29, 13, 102)
(29, 14, 102)
(29, 15, 102)
(29, 16, 102)
(29, 17, 102)
(29, 18, 102)
(29, 19, 102)
(29, 20, 102)
(29, 21, 102)
(29, 22, 102)
(29, 23, 102)
(29, 24, 102)
(29, 25, 102)
(29, 26, 102)
(29, 27, 102)
(29, 28, 102)
(29, 29, 102)
(29, 30, 102)
(29, 31, 102)
(29, 32, 102)
(29, 33, 102)
(29, 34, 102)
(29, 35, 102)
(29, 36, 102)
(29, 37, 102)
(29, 38, 102)
(29, 39, 102)

(30, 0, 105)
(30, 1, 105)
(30, 2, 105)
(30, 3, 105)
(30, 4, 105)
(30, 5, 105)
(30, 6, 105)
(30, 7, 105)
(30, 8, 105)
(30, 9, 105)
(30, 10, 105)
(30, 11, 105)
(30, 12, 105)
(30, 13, 105)
(30, 14, 105)
(30, 15, 105)
(30, 16, 105)
(30, 17, 105)
(30, 18, 105)
(30, 19, 105)
(30, 20, 105)
(30, 21, 105)
(30, 22, 105)
(30, 23, 105)
(30, 24, 105)
(30, 25, 105)
(30, 26, 105)
(30, 27, 105)
(30, 28, 105)
(30, 29, 105)
(30, 30, 105)
(30, 31, 105)
(30, 32, 105)
(30, 33, 105)
(30, 34, 105)
(30, 35, 105)
(30, 36, 105)
(30, 37, 105)
(30, 38, 105)
(30, 39, 105)

(31, 0, 108)
(31, 1, 108)
(31, 2, 108)
(31, 3, 108)
(31, 4, 108)
(31, 5, 108)
(31, 6, 108)
(31, 7, 108)
(31, 8, 108)
(31, 9, 108)
(31, 10, 108)
(31, 11, 108)
(31, 12, 108)
(31, 13, 108)
(31, 14, 108)
(31, 15, 108)
(31, 16, 108)
(31, 17, 108)
(31, 18, 108)
(31, 19, 108)
(31, 20, 108)
(31, 21, 108)
(31, 22, 108)
(31, 23, 108)
(31, 24, 108)
(31, 25, 108)
(31, 26, 108)
(31, 27, 108)
(31, 28, 108)
(31, 29, 108)
(31, 30, 108)
(31, 31, 108)
(31, 32, 108)
(31, 33, 108)
(31, 34, 108)
(31, 35, 108)
(31, 36, 108)
(31, 37, 108)
(31, 38, 108)
(31, 39, 108)

(32, 0, 111)
(32, 1, 111)
(32, 2, 111)
(32, 3, 111)
(32, 4, 111)
(32, 5, 111)
(32, 6, 111)
(32, 7, 111)
(32, 8, 111)
(32, 9, 111)
(32, 10, 111)
(32, 11, 111)
(32, 12, 111)
(32, 13, 111)
(32, 14, 111)
(32, 15, 111)
(32, 16, 111)
(32, 17, 111)
(32, 18, 111)
(32, 19, 111)
(32, 20, 111)
(32, 21, 111)
(32, 22, 111)
(32, 23, 111)
(32, 24, 111)
(32, 25, 111)
(32, 26, 111)
(32, 27, 111)
(32, 28, 111)
(32, 29, 111)
(32, 30, 111)
(32, 31, 111)
(32, 32, 111)
(32, 33, 111)
(32, 34, 111)
(32, 35, 111)
(32, 36, 111)
(32, 37, 111)
(32, 38, 111)
(32, 39, 111)

(33, 0, 111)
(33, 1, 111)
(33, 2, 111)
(33, 3, 111)
(33, 4, 111)
(33, 5, 111)
(33, 6, 111)
(33, 7, 111)
(33, 8, 111)
(33, 9, 111)
(33, 10, 111)
(33, 11, 111)
(33, 12, 111)
(33, 13, 111)
(33, 14, 111)
(33, 15, 111)
(33, 16, 111)
(33, 17, 111)
(33, 18, 111)
(33, 19, 111)
(33, 20, 111)
(33, 21, 111)
(33, 22, 111)
(33, 23, 111)
(33, 24, 111)
(33, 25, 111)
(33, 26, 111)
(33, 27, 111)
(33, 28, 111)
(33, 29, 111)
(33, 30, 111)
(33, 31, 111)
(33, 32, 111)
(33, 33, 111)
(33, 34, 111)
(33, 35, 111)
(33, 36, 111)
(33, 37, 111)
(33, 38, 111)
(33, 39, 111)

(34, 0, 112)
(34, 1, 112)
(34, 2, 112)
(34, 3, 112)
(34, 4, 112)
(34, 5, 112)
(34, 6, 112)
(34, 7, 112)
(34, 8, 112)
(34, 9, 112)
(34, 10, 112)
(34, 11, 112)
(34, 12, 112)
(34, 13, 112)
(34, 14, 112)
(34, 15, 112)
(34, 16, 112)
(34, 17, 112)
(34, 18, 112)
(34, 19, 112)
(34, 20, 112)
(34, 21, 112)
(34, 22, 112)
(34, 23, 112)
(34, 24, 112)
(34, 25, 112)
(34, 26, 112)
(34, 27, 112)
(34, 28, 112)
(34, 29, 112)
(34, 30, 112)
(34, 31, 112)
(34, 32, 112)
(34, 33, 112)
(34, 34, 112)
(34, 35, 112)
(34, 36, 112)
(34, 37, 112)
(34, 38, 112)
(34, 39, 112)

(35, 0, 139)
(35, 1, 139)
(35, 2, 139)
(35, 3, 139)
(35, 4, 139)
(35, 5, 139)
(35, 6, 139)
(35, 7, 115)
(35, 8, 114)
(35, 9, 114)
(35, 10, 114)
(35, 11, 114)
(35, 12, 114)
(35, 13, 114)
(35, 14, 114)
(35, 15, 114)
(35, 16, 114)
(35, 17, 114)
(35, 18, 114)
(35, 19, 114)
(35, 20, 114)
(35, 21, 114)
(35, 22, 114)
(35, 23, 114)
(35, 24, 114)
(35, 25, 114)
(35, 26, 114)
(35, 27, 114)
(35, 28, 114)
(35, 29, 114)
(35, 30, 114)
(35, 31, 114)
(35, 32, 114)
(35, 33, 114)
(35, 34, 114)
(35, 35, 114)
(35, 36, 114)
(35, 37, 114)
(35, 38, 114)
(35, 39, 114)

(36, 0, 185)
(36, 1, 185)
(36, 2, 185)
(36, 3, 167)
(36, 4, 167)
(36, 5, 167)
(36, 6, 142)
(36, 7, 118)
(36, 8, 117)
(36, 9, 117)
(36, 10, 117)
(36, 11, 117)
(36, 12, 117)
(36, 13, 117)
(36, 14, 117)
(36, 15, 117)
(36, 16, 117)
(36, 17, 117)
(36, 18, 117)
(36, 19, 117)
(36, 20, 117)
(36, 21, 117)
(36, 22, 117)
(36, 23, 117)
(36, 24, 117)
(36, 25, 116)
(36, 26, 116)
(36, 27, 116)
(36, 28, 116)
(36, 29, 116)
(36, 30, 116)
(36, 31, 116)
(36, 32, 116)
(36, 33, 116)
(36, 34, 116)
(36, 35, 116)
(36, 36, 116)
(36, 37, 116)
(36, 38, 116)
(36, 39, 116)

(37, 0, 231)
(37, 1, 231)
(37, 2, 231)
(37, 3, 193)
(37, 4, 193)
(37, 5, 193)
(37, 6, 143)
(37, 7, 119)
(37, 8, 118)
(37, 9, 118)
(37, 10, 118)
(37, 11, 118)
(37, 12, 118)
(37, 13, 118)
(37, 14, 118)
(37, 15, 118)
(37, 16, 118)
(37, 17, 118)
(37, 18, 118)
(37, 19, 118)
(37, 20, 118)
(37, 21, 118)
(37, 22, 118)
(37, 23, 118)
(37, 24, 118)
(37, 25, 117)
(37, 26, 117)
(37, 27, 117)
(37, 28, 117)
(37, 29, 117)
(37, 30, 117)
(37, 31, 117)
(37, 32, 117)
(37, 33, 117)
(37, 34, 117)
(37, 35, 117)
(37, 36, 117)
(37, 37, 117)
(37, 38, 117)
(37, 39, 117)

(38, 0, 274)
(38, 1, 274)
(38, 2, 274)
(38, 3, 219)
(38, 4, 219)
(38, 5, 219)
(38, 6, 145)
(38, 7, 120)
(38, 8, 119)
(38, 9, 119)
(38, 10, 119)
(38, 11, 119)
(38, 12, 119)
(38, 13, 119)
(38, 14, 119)
(38, 15, 119)
(38, 16, 119)
(38, 17, 119)
(38, 18, 119)
(38, 19, 119)
(38, 20, 119)
(38, 21, 119)
(38, 22, 119)
(38, 23, 119)
(38, 24, 119)
(38, 25, 118)
(38, 26, 118)
(38, 27, 118)
(38, 28, 118)
(38, 29, 118)
(38, 30, 118)
(38, 31, 118)
(38, 32, 118)
(38, 33, 118)
(38, 34, 118)
(38, 35, 118)
(38, 36, 118)
(38, 37, 118)
(38, 38, 118)
(38, 39, 118)

(39, 0, 363)
(39, 1, 363)
(39, 2, 363)
(39, 3, 282)
(39, 4, 282)
(39, 5, 282)
(39, 6, 171)
(39, 7, 124)
(39, 8, 121)
(39, 9, 121)
(39, 10, 121)
(39, 11, 121)
(39, 12, 120)
(39, 13, 120)
(39, 14, 120)
(39, 15, 120)
(39, 16, 120)
(39, 17, 120)
(39, 18, 120)
(39, 19, 120)
(39, 20, 120)
(39, 21, 120)
(39, 22, 120)
(39, 23, 120)
(39, 24, 120)
(39, 25, 119)
(39, 26, 119)
(39, 27, 119)
(39, 28, 119)
(39, 29, 119)
(39, 30, 119)
(39, 31, 119)
(39, 32, 119)
(39, 33, 119)
(39, 34, 119)
(39, 35, 119)
(39, 36, 119)
(39, 37, 119)
(39, 38, 119)
(39, 39, 119)


Betti numbers:
xi_0:
(0, 0, 2)
(2, 0, 3)
(3, 0, 2)
(5, 0, 2)
(6, 0, 1)
(11, 0, 1)
(13, 0, 2)
(15, 0, 1)
(17, 0, 2)
(19, 0, 3)
(21, 0, 2)
(22, 0, 4)
(23, 0, 11)
(24, 0, 14)
(25, 0, 13)
(26, 0, 11)
(27, 0, 13)
(28, 0, 8)
(29, 0, 7)
(30, 0, 3)
(31, 0, 3)
(32, 0, 3)
(34, 0, 1)
(35, 0, 27)
(36, 0, 46)
(37, 0, 46)
(38, 0, 43)
(39, 0, 89)
xi_1:
(35, 7, 24)
(35, 8, 1)
(36, 3, 18)
(36, 6, 25)
(36, 25, 1)
(37, 3, 20)
(37, 6, 25)
(38, 3, 17)
(38, 6, 24)
(38, 7, 1)
(39, 3, 26)
(39, 6, 37)
(39, 7, 22)
(39, 8, 2)
(39, 12, 1)
xi_2:
