x-grades
-979034222014594879/1000000000000000000
-478062685624440979/500000000000000000
-933216520483169037/1000000000000000000
-227576917429364029/250000000000000000
-177479763790348639/200000000000000000
-432244984093015137/500000000000000000
-841581117420317353/1000000000000000000
-51167016665912777/62500000000000000
-795763415888891511/1000000000000000000
-77285456512317859/100000000000000000
-749945714357465669/1000000000000000000
-181759215897938187/250000000000000000
-704128012826039827/1000000000000000000
-340609581030163453/500000000000000000
-131662062258922797/200000000000000000
-79425182566112633/125000000000000000
-612492609763188143/1000000000000000000
-294791879498737611/500000000000000000
-566674908231762301/1000000000000000000
-27188302873302469/50000000000000000
-520857206700336459/1000000000000000000
-248974177967311769/500000000000000000
-475039505168910617/1000000000000000000
-1766135368762491/3906250000000000
-17168872145499391/40000000000000000
-203156476435885927/500000000000000000
-383404102106058933/1000000000000000000
-90123812835086503/250000000000000000
-337586400574633091/1000000000000000000
-31467754980892017/100000000000000000
-291768699043207249/1000000000000000000
-33607481034686791/125000000000000000
-245950997511781407/1000000000000000000
-111521073373034243/500000000000000000
-40026659196071113/200000000000000000
-44306111303660661/250000000000000000
-154315594448929723/1000000000000000000
-65703371841608401/500000000000000000
-108497892917503881/1000000000000000000
-1069863026897387/12500000000000000

y-grades
1249973/5000000
1249973/2500000
3749919/5000000
1249973/1250000
1249973/1000000
3749919/2500000
8749811/5000000
1249973/625000
11249757/5000000
1249973/500000
13749703/5000000
3749919/1250000
16249649/5000000
8749811/2500000
3749919/1000000
1249973/312500
21249541/5000000
11249757/2500000
23749487/5000000
1249973/250000
26249433/5000000
13749703/2500000
28749379/5000000
3749919/625000
1249973/200000
16249649/2500000
33749271/5000000
8749811/1250000
36249217/5000000
3749919/500000
38749163/5000000
1249973/156250
41249109/5000000
21249541/2500000
8749811/1000000
11249757/1250000
46249001/5000000
23749487/2500000
48748947/5000000
1249973/125000

Dimensions > 0:
(0, 0, 10)
(0, 1, 3)
(0, 2, 3)
(0, 3, 2)
(0, 4, 2)
(0, 5, 2)
(0, 6, 2)
(0, 7, 2)
(0, 8, 2)
(0, 9, 2)
(0, 10, 2)
(0, 11, 1)
(0, 12, 1)
(0, 13, 1)
(0, 14, 1)
(0, 15, 1)
(0, 16, 1)
(0, 17, 1)
(0, 18, 1)
(0, 19, 1)
(0, 20, 1)
(0, 21, 1)
(0, 22, 1)
(0, 23, 1)
(0, 24, 1)
(0, 25, 1)
(0, 26, 1)
(0, 27, 1)
(0, 28, 1)
(0, 29, 1)
(0, 30, 1)
(0, 31, 1)
(0, 32, 1)
(0, 33, 1)
(0, 34, 1)
(0, 35, 1)
(0, 36, 1)
(0, 37, 1)
(0, 38, 1)
(0, 39, 1)

(1, 0, 13)
(1, 1, 4)
(1, 2, 4)
(1, 3, 3)
(1, 4, 2)
(1, 5, 2)
(1, 6, 2)
(1, 7, 2)
(1, 8, 2)
(1, 9, 2)
(1, 10, 2)
(1, 11, 1)
(1, 12, 1)
(1, 13, 1)
(1, 14, 1)
(1, 15, 1)
(1, 16, 1)
(1, 17, 1)
(1, 18, 1)
(1, 19, 1)
(1, 20, 1)
(1, 21, 1)
(1, 22, 1)
(1, 23, 1)
(1, 24, 1)
(1, 25, 1)
(1, 26, 1)
(1, 27, 1)
(1, 28, 1)
(1, 29, 1)
(1, 30, 1)
(1, 31, 1)
(1, 32, 1)
(1, 33, 1)
(1, 34, 1)
(1, 35, 1)
(1, 36, 1)
(1, 37, 1)
(1, 38, 1)
(1, 39, 1)

(2, 0, 29)
(2, 1, 5)
(2, 2, 5)
(2, 3, 3)
(2, 4, 3)
(2, 5, 2)
(2, 6, 2)
(2, 7, 2)
(2, 8, 2)
(2, 9, 2)
(2, 10, 1)
(2, 11, 1)
(2, 12, 1)
(2, 13, 1)
(2, 14, 1)
(2, 15, 1)
(2, 16, 1)
(2, 17, 1)
(2, 18, 1)
(2, 19, 1)
(2, 20, 1)
(2, 21, 1)
(2, 22, 1)
(2, 23, 1)
(2, 24, 1)
(2, 25, 1)
(2, 26, 1)
(2, 27, 1)
(2, 28, 1)
(2, 29, 1)
(2, 30, 1)
(2, 31, 1)
(2, 32, 1)
(2, 33, 1)
(2, 34, 1)
(2, 35, 1)
(2, 36, 1)
(2, 37, 1)
(2, 38, 1)
(2, 39, 1)

(3, 0, 39)
(3, 1, 8)
(3, 2, 8)
(3, 3, 4)
(3, 4, 4)
(3, 5, 3)
(3, 6, 3)
(3, 7, 3)
(3, 8, 3)
(3, 9, 3)
(3, 10, 2)
(3, 11, 2)
(3, 12, 2)
(3, 13, 2)
(3, 14, 2)
(3, 15, 2)
(3, 16, 2)
(3, 17, 2)
(3, 18, 2)
(3, 19, 2)
(3, 20, 2)
(3, 21, 2)
(3, 22, 2)
(3, 23, 2)
(3, 24, 2)
(3, 25, 2)
(3, 26, 2)
(3, 27, 2)
(3, 28, 2)
(3, 29, 2)
(3, 30, 2)
(3, 31, 2)
(3, 32, 2)
(3, 33, 2)
(3, 34, 2)
(3, 35, 2)
(3, 36, 2)
(3, 37, 2)
(3, 38, 2)
(3, 39, 2)

(4, 0, 43)
(4, 1, 11)
(4, 2, 11)
(4, 3, 5)
(4, 4, 4)
(4, 5, 3)
(4, 6, 3)
(4, 7, 3)
(4, 8, 3)
(4, 9, 3)
(4, 10, 2)
(4, 11, 2)
(4, 12, 2)
(4, 13, 2)
(4, 14, 2)
(4, 15, 2)
(4, 16, 2)
(4, 17, 2)
(4, 18, 2)
(4, 19, 2)
(4, 20, 2)
(4, 21, 2)
(4, 22, 2)
(4, 23, 2)
(4, 24, 2)
(4, 25, 2)
(4, 26, 2)
(4, 27, 2)
(4, 28, 2)
(4, 29, 2)
(4, 30, 2)
(4, 31, 2)
(4, 32, 2)
(4, 33, 2)
(4, 34, 2)
(4, 35, 2)
(4, 36, 2)
(4, 37, 2)
(4, 38, 2)
(4, 39, 2)

(5, 0, 54)
(5, 1, 14)
(5, 2, 14)
(5, 3, 7)
(5, 4, 7)
(5, 5, 4)
(5, 6, 4)
(5, 7, 4)
(5, 8, 4)
(5, 9, 4)
(5, 10, 2)
(5, 11, 2)
(5, 12, 2)
(5, 13, 2)
(5, 14, 2)
(5, 15, 2)
(5, 16, 2)
(5, 17, 2)
(5, 18, 2)
(5, 19, 2)
(5, 20, 2)
(5, 21, 2)
(5, 22, 2)
(5, 23, 2)
(5, 24, 2)
(5, 25, 2)
(5, 26, 2)
(5, 27, 2)
(5, 28, 2)
(5, 29, 2)
(5, 30, 2)
(5, 31, 2)
(5, 32, 2)
(5, 33, 2)
(5, 34, 2)
(5, 35, 2)
(5, 36, 2)
(5, 37, 2)
(5, 38, 2)
(5, 39, 2)

(6, 0, 63)
(6, 1, 18)
(6, 2, 18)
(6, 3, 7)
(6, 4, 7)
(6, 5, 4)
(6, 6, 4)
(6, 7, 4)
(6, 8, 4)
(6, 9, 4)
(6, 10, 2)
(6, 11, 2)
(6, 12, 2)
(6, 13, 2)
(6, 14, 2)
(6, 15, 2)
(6, 16, 2)
(6, 17, 2)
(6, 18, 2)
(6, 19, 2)
(6, 20, 2)
(6, 21, 2)
(6, 22, 2)
(6, 23, 2)
(6, 24, 2)
(6, 25, 2)
(6, 26, 2)
(6, 27, 2)
(6, 28, 2)
(6, 29, 2)
(6, 30, 2)
(6, 31, 2)
(6, 32, 2)
(6, 33, 2)
(6, 34, 2)
(6, 35, 2)
(6, 36, 2)
(6, 37, 2)
(6, 38, 2)
(6, 39, 2)

(7, 0, 71)
(7, 1, 22)
(7, 2, 22)
(7, 3, 9)
(7, 4, 8)
(7, 5, 5)
(7, 6, 5)
(7, 7, 5)
(7, 8, 5)
(7, 9, 5)
(7, 10, 3)
(7, 11, 3)
(7, 12, 3)
(7, 13, 3)
(7, 14, 3)
(7, 15, 3)
(7, 16, 3)
(7, 17, 3)
(7, 18, 3)
(7, 19, 3)
(7, 20, 3)
(7, 21, 3)
(7, 22, 3)
(7, 23, 3)
(7, 24, 3)
(7, 25, 3)
(7, 26, 3)
(7, 27, 3)
(7, 28, 3)
(7, 29, 3)
(7, 30, 3)
(7, 31, 3)
(7, 32, 3)
(7, 33, 3)
(7, 34, 3)
(7, 35, 3)
(7, 36, 3)
(7, 37, 3)
(7, 38, 3)
(7, 39, 3)

(8, 0, 85)
(8, 1, 25)
(8, 2, 25)
(8, 3, 9)
(8, 4, 8)
(8, 5, 5)
(8, 6, 5)
(8, 7, 5)
(8, 8, 5)
(8, 9, 5)
(8, 10, 3)
(8, 11, 3)
(8, 12, 3)
(8, 13, 3)
(8, 14, 3)
(8, 15, 3)
(8, 16, 3)
(8, 17, 3)
(8, 18, 3)
(8, 19, 3)
(8, 20, 3)
(8, 21, 3)
(8, 22, 3)
(8, 23, 3)
(8, 24, 3)
(8, 25, 3)
(8, 26, 3)
(8, 27, 3)
(8, 28, 3)
(8, 29, 3)
(8, 30, 3)
(8, 31, 3)
(8, 32, 3)
(8, 33, 3)
(8, 34, 3)
(8, 35, 3)
(8, 36, 3)
(8, 37, 3)
(8, 38, 3)
(8, 39, 3)

(9, 0, 90)
(9, 1, 27)
(9, 2, 27)
(9, 3, 9)
(9, 4, 9)
(9, 5, 6)
(9, 6, 6)
(9, 7, 6)
(9, 8, 6)
(9, 9, 6)
(9, 10, 4)
(9, 11, 4)
(9, 12, 3)
(9, 13, 3)
(9, 14, 3)
(9, 15, 3)
(9, 16, 3)
(9, 17, 3)
(9, 18, 3)
(9, 19, 3)
(9, 20, 3)
(9, 21, 3)
(9, 22, 3)
(9, 23, 3)
(9, 24, 3)
(9, 25, 3)
(9, 26, 3)
(9, 27, 3)
(9, 28, 3)
(9, 29, 3)
(9, 30, 3)
(9, 31, 3)
(9, 32, 3)
(9, 33, 3)
(9, 34, 3)
(9, 35, 3)
(9, 36, 3)
(9, 37, 3)
(9, 38, 3)
(9, 39, 3)

(10, 0, 96)
(10, 1, 30)
(10, 2, 30)
(10, 3, 12)
(10, 4, 12)
(10, 5, 8)
(10, 6, 7)
(10, 7, 7)
(10, 8, 7)
(10, 9, 7)
(10, 10, 4)
(10, 11, 4)
(10, 12, 4)
(10, 13, 4)
(10, 14, 4)
(10, 15, 4)
(10, 16, 4)
(10, 17, 4)
(10, 18, 4)
(10, 19, 4)
(10, 20, 4)
(10, 21, 4)
(10, 22, 4)
(10, 23, 4)
(10, 24, 4)
(10, 25, 4)
(10, 26, 4)
(10, 27, 4)
(10, 28, 4)
(10, 29, 4)
(10, 30, 4)
(10, 31, 4)
(10, 32, 4)
(10, 33, 4)
(10, 34, 4)
(10, 35, 4)
(10, 36, 4)
(10, 37, 4)
(10, 38, 4)
(10, 39, 4)

(11, 0, 104)
(11, 1, 34)
(11, 2, 34)
(11, 3, 14)
(11, 4, 13)
(11, 5, 8)
(11, 6, 7)
(11, 7, 7)
(11, 8, 7)
(11, 9, 7)
(11, 10, 4)
(11, 11, 4)
(11, 12, 4)
(11, 13, 4)
(11, 14, 4)
(11, 15, 4)
(11, 16, 4)
(11, 17, 4)
(11, 18, 4)
(11, 19, 4)
(11, 20, 4)
(11, 21, 4)
(11, 22, 4)
(11, 23, 4)
(11, 24, 4)
(11, 25, 4)
(11, 26, 4)
(11, 27, 4)
(11, 28, 4)
(11, 29, 4)
(11, 30, 4)
(11, 31, 4)
(11, 32, 4)
(11, 33, 4)
(11, 34, 4)
(11, 35, 4)
(11, 36, 4)
(11, 37, 4)
(11, 38, 4)
(11, 39, 4)

(12, 0, 131)
(12, 1, 43)
(12, 2, 42)
(12, 3, 14)
(12, 4, 13)
(12, 5, 9)
(12, 6, 8)
(12, 7, 8)
(12, 8, 8)
(12, 9, 8)
(12, 10, 5)
(12, 11, 5)
(12, 12, 5)
(12, 13, 5)
(12, 14, 5)
(12, 15, 5)
(12, 16, 5)
(12, 17, 5)
(12, 18, 5)
(12, 19, 5)
(12, 20, 5)
(12, 21, 5)
(12, 22, 5)
(12, 23, 5)
(12, 24, 5)
(12, 25, 5)
(12, 26, 5)
(12, 27, 5)
(12, 28, 5)
(12, 29, 5)
(12, 30, 5)
(12, 31, 5)
(12, 32, 5)
(12, 33, 5)
(12, 34, 5)
(12, 35, 5)
(12, 36, 5)
(12, 37, 5)
(12, 38, 5)
(12, 39, 5)

(13, 0, 131)
(13, 1, 43)
(13, 2, 42)
(13, 3, 14)
(13, 4, 13)
(13, 5, 9)
(13, 6, 8)
(13, 7, 8)
(13, 8, 8)
(13, 9, 8)
(13, 10, 5)
(13, 11, 5)
(13, 12, 5)
(13, 13, 5)
(13, 14, 5)
(13, 15, 5)
(13, 16, 5)
(13, 17, 5)
(13, 18, 5)
(13, 19, 5)
(13, 20, 5)
(13, 21, 5)
(13, 22, 5)
(13, 23, 5)
(13, 24, 5)
(13, 25, 5)
(13, 26, 5)
(13, 27, 5)
(13, 28, 5)
(13, 29, 5)
(13, 30, 5)
(13, 31, 5)
(13, 32, 5)
(13, 33, 5)
(13, 34, 5)
(13, 35, 5)
(13, 36, 5)
(13, 37, 5)
(13, 38, 5)
(13, 39, 5)

(14, 0, 131)
(14, 1, 43)
(14, 2, 42)
(14, 3, 14)
(14, 4, 13)
(14, 5, 9)
(14, 6, 8)
(14, 7, 8)
(14, 8, 8)
(14, 9, 8)
(14, 10, 5)
(14, 11, 5)
(14, 12, 5)
(14, 13, 5)
(14, 14, 5)
(14, 15, 5)
(14, 16, 5)
(14, 17, 5)
(14, 18, 5)
(14, 19, 5)
(14, 20, 5)
(14, 21, 5)
(14, 22, 5)
(14, 23, 5)
(14, 24, 5)
(14, 25, 5)
(14, 26, 5)
(14, 27, 5)
(14, 28, 5)
(14, 29, 5)
(14, 30, 5)
(14, 31, 5)
(14, 32, 5)
(14, 33, 5)
(14, 34, 5)
(14, 35, 5)
(14, 36, 5)
(14, 37, 5)
(14, 38, 5)
(14, 39, 5)

(15, 0, 146)
(15, 1, 51)
(15, 2, 50)
(15, 3, 16)
(15, 4, 15)
(15, 5, 11)
(15, 6, 10)
(15, 7, 10)
(15, 8, 10)
(15, 9, 10)
(15, 10, 6)
(15, 11, 6)
(15, 12, 6)
(15, 13, 6)
(15, 14, 6)
(15, 15, 6)
(15, 16, 6)
(15, 17, 6)
(15, 18, 6)
(15, 19, 6)
(15, 20, 6)
(15, 21, 6)
(15, 22, 6)
(15, 23, 6)
(15, 24, 6)
(15, 25, 6)
(15, 26, 6)
(15, 27, 6)
(15, 28, 6)
(15, 29, 6)
(15, 30, 6)
(15, 31, 6)
(15, 32, 6)
(15, 33, 6)
(15, 34, 6)
(15, 35, 6)
(15, 36, 6)
(15, 37, 6)
(15, 38, 6)
(15, 39, 6)

(16, 0, 151)
(16, 1, 50)
(16, 2, 49)
(16, 3, 16)
(16, 4, 15)
(16, 5, 11)
(16, 6, 10)
(16, 7, 10)
(16, 8, 10)
(16, 9, 10)
(16, 10, 6)
(16, 11, 6)
(16, 12, 6)
(16, 13, 6)
(16, 14, 6)
(16, 15, 6)
(16, 16, 6)
(16, 17, 6)
(16, 18, 6)
(16, 19, 6)
(16, 20, 6)
(16, 21, 6)
(16, 22, 6)
(16, 23, 6)
(16, 24, 6)
(16, 25, 6)
(16, 26, 6)
(16, 27, 6)
(16, 28, 6)
(16, 29, 6)
(16, 30, 6)
(16, 31, 6)
(16, 32, 6)
(16, 33, 6)
(16, 34, 6)
(16, 35, 6)
(16, 36, 6)
(16, 37, 6)
(16, 38, 6)
(16, 39, 6)

(17, 0, 158)
(17, 1, 52)
(17, 2, 50)
(17, 3, 17)
(17, 4, 15)
(17, 5, 11)
(17, 6, 10)
(17, 7, 10)
(17, 8, 10)
(17, 9, 10)
(17, 10, 6)
(17, 11, 6)
(17, 12, 6)
(17, 13, 6)
(17, 14, 6)
(17, 15, 6)
(17, 16, 6)
(17, 17, 6)
(17, 18, 6)
(17, 19, 6)
(17, 20, 6)
(17, 21, 6)
(17, 22, 6)
(17, 23, 6)
(17, 24, 6)
(17, 25, 6)
(17, 26, 6)
(17, 27, 6)
(17, 28, 6)
(17, 29, 6)
(17, 30, 6)
(17, 31, 6)
(17, 32, 6)
(17, 33, 6)
(17, 34, 6)
(17, 35, 6)
(17, 36, 6)
(17, 37, 6)
(17, 38, 6)
(17, 39, 6)

(18, 0, 159)
(18, 1, 52)
(18, 2, 50)
(18, 3, 17)
(18, 4, 15)
(18, 5, 11)
(18, 6, 10)
(18, 7, 10)
(18, 8, 10)
(18, 9, 10)
(18, 10, 6)
(18, 11, 6)
(18, 12, 6)
(18, 13, 6)
(18, 14, 6)
(18, 15, 6)
(18, 16, 6)
(18, 17, 6)
(18, 18, 6)
(18, 19, 6)
(18, 20, 6)
(18, 21, 6)
(18, 22, 6)
(18, 23, 6)
(18, 24, 6)
(18, 25, 6)
(18, 26, 6)
(18, 27, 6)
(18, 28, 6)
(18, 29, 6)
(18, 30, 6)
(18, 31, 6)
(18, 32, 6)
(18, 33, 6)
(18, 34, 6)
(18, 35, 6)
(18, 36, 6)
(18, 37, 6)
(18, 38, 6)
(18, 39, 6)

(19, 0, 159)
(19, 1, 52)
(19, 2, 50)
(19, 3, 17)
(19, 4, 15)
(19, 5, 11)
(19, 6, 10)
(19, 7, 10)
(19, 8, 10)
(19, 9, 10)
(19, 10, 6)
(19, 11, 6)
(19, 12, 6)
(19, 13, 6)
(19, 14, 6)
(19, 15, 6)
(19, 16, 6)
(19, 17, 6)
(19, 18, 6)
(19, 19, 6)
(19, 20, 6)
(19, 21, 6)
(19, 22, 6)
(19, 23, 6)
(19, 24, 6)
(19, 25, 6)
(19, 26, 6)
(19, 27, 6)
(19, 28, 6)
(19, 29, 6)
(19, 30, 6)
(19, 31, 6)
(19, 32, 6)
(19, 33, 6)
(19, 34, 6)
(19, 35, 6)
(19, 36, 6)
(19, 37, 6)
(19, 38, 6)
(19, 39, 6)

(20, 0, 161)
(20, 1, 53)
(20, 2, 51)
(20, 3, 18)
(20, 4, 16)
(20, 5, 12)
(20, 6, 11)
(20, 7, 11)
(20, 8, 11)
(20, 9, 11)
(20, 10, 7)
(20, 11, 7)
(20, 12, 7)
(20, 13, 7)
(20, 14, 7)
(20, 15, 7)
(20, 16, 7)
(20, 17, 7)
(20, 18, 7)
(20, 19, 7)
(20, 20, 7)
(20, 21, 7)
(20, 22, 7)
(20, 23, 7)
(20, 24, 7)
(20, 25, 7)
(20, 26, 7)
(20, 27, 7)
(20, 28, 6)
(20, 29, 6)
(20, 30, 6)
(20, 31, 6)
(20, 32, 6)
(20, 33, 6)
(20, 34, 6)
(20, 35, 6)
(20, 36, 6)
(20, 37, 6)
(20, 38, 6)
(20, 39, 6)

(21, 0, 166)
(21, 1, 53)
(21, 2, 51)
(21, 3, 18)
(21, 4, 16)
(21, 5, 12)
(21, 6, 11)
(21, 7, 11)
(21, 8, 11)
(21, 9, 11)
(21, 10, 7)
(21, 11, 7)
(21, 12, 7)
(21, 13, 7)
(21, 14, 7)
(21, 15, 7)
(21, 16, 7)
(21, 17, 7)
(21, 18, 7)
(21, 19, 7)
(21, 20, 7)
(21, 21, 7)
(21, 22, 7)
(21, 23, 7)
(21, 24, 7)
(21, 25, 7)
(21, 26, 7)
(21, 27, 6)
(21, 28, 6)
(21, 29, 6)
(21, 30, 6)
(21, 31, 6)
(21, 32, 6)
(21, 33, 6)
(21, 34, 6)
(21, 35, 6)
(21, 36, 6)
(21, 37, 6)
(21, 38, 6)
(21, 39, 6)

(22, 0, 168)
(22, 1, 53)
(22, 2, 51)
(22, 3, 18)
(22, 4, 16)
(22, 5, 12)
(22, 6, 11)
(22, 7, 11)
(22, 8, 11)
(22, 9, 11)
(22, 10, 7)
(22, 11, 7)
(22, 12, 7)
(22, 13, 7)
(22, 14, 7)
(22, 15, 7)
(22, 16, 7)
(22, 17, 7)
(22, 18, 7)
(22, 19, 7)
(22, 20, 7)
(22, 21, 7)
(22, 22, 7)
(22, 23, 7)
(22, 24, 7)
(22, 25, 7)
(22, 26, 7)
(22, 27, 6)
(22, 28, 6)
(22, 29, 6)
(22, 30, 6)
(22, 31, 6)
(22, 32, 6)
(22, 33, 6)
(22, 34, 6)
(22, 35, 6)
(22, 36, 6)
(22, 37, 6)
(22, 38, 6)
(22, 39, 6)

(23, 0, 171)
(23, 1, 54)
(23, 2, 52)
(23, 3, 19)
(23, 4, 17)
(23, 5, 13)
(23, 6, 12)
(23, 7, 12)
(23, 8, 12)
(23, 9, 12)
(23, 10, 8)
(23, 11, 8)
(23, 12, 8)
(23, 13, 8)
(23, 14, 8)
(23, 15, 8)
(23, 16, 8)
(23, 17, 8)
(23, 18, 8)
(23, 19, 8)
(23, 20, 8)
(23, 21, 8)
(23, 22, 8)
(23, 23, 8)
(23, 24, 8)
(23, 25, 8)
(23, 26, 8)
(23, 27, 7)
(23, 28, 7)
(23, 29, 7)
(23, 30, 7)
(23, 31, 7)
(23, 32, 7)
(23, 33, 7)
(23, 34, 7)
(23, 35, 7)
(23, 36, 7)
(23, 37, 7)
(23, 38, 7)
(23, 39, 7)

(24, 0, 178)
(24, 1, 57)
(24, 2, 54)
(24, 3, 20)
(24, 4, 18)
(24, 5, 14)
(24, 6, 13)
(24, 7, 13)
(24, 8, 13)
(24, 9, 13)
(24, 10, 9)
(24, 11, 9)
(24, 12, 9)
(24, 13, 9)
(24, 14, 9)
(24, 15, 9)
(24, 16, 9)
(24, 17, 9)
(24, 18, 9)
(24, 19, 9)
(24, 20, 9)
(24, 21, 9)
(24, 22, 9)
(24, 23, 9)
(24, 24, 9)
(24, 25, 8)
(24, 26, 8)
(24, 27, 7)
(24, 28, 7)
(24, 29, 7)
(24, 30, 6)
(24, 31, 6)
(24, 32, 6)
(24, 33, 6)
(24, 34, 6)
(24, 35, 6)
(24, 36, 6)
(24, 37, 6)
(24, 38, 6)
(24, 39, 6)

(25, 0, 192)
(25, 1, 60)
(25, 2, 55)
(25, 3, 20)
(25, 4, 18)
(25, 5, 14)
(25, 6, 13)
(25, 7, 13)
(25, 8, 13)
(25, 9, 13)
(25, 10, 9)
(25, 11, 9)
(25, 12, 9)
(25, 13, 9)
(25, 14, 9)
(25, 15, 9)
(25, 16, 8)
(25, 17, 8)
(25, 18, 8)
(25, 19, 8)
(25, 20, 8)
(25, 21, 8)
(25, 22, 8)
(25, 23, 8)
(25, 24, 8)
(25, 25, 8)
(25, 26, 8)
(25, 27, 7)
(25, 28, 7)
(25, 29, 6)
(25, 30, 6)
(25, 31, 6)
(25, 32, 6)
(25, 33, 6)
(25, 34, 6)
(25, 35, 6)
(25, 36, 6)
(25, 37, 6)
(25, 38, 6)
(25, 39, 6)

(26, 0, 194)
(26, 1, 60)
(26, 2, 55)
(26, 3, 20)
(26, 4, 18)
(26, 5, 14)
(26, 6, 13)
(26, 7, 13)
(26, 8, 13)
(26, 9, 13)
(26, 10, 9)
(26, 11, 9)
(26, 12, 9)
(26, 13, 9)
(26, 14, 9)
(26, 15, 9)
(26, 16, 8)
(26, 17, 8)
(26, 18, 8)
(26, 19, 8)
(26, 20, 8)
(26, 21, 8)
(26, 22, 8)
(26, 23, 8)
(26, 24, 8)
(26, 25, 8)
(26, 26, 8)
(26, 27, 7)
(26, 28, 7)
(26, 29, 6)
(26, 30, 6)
(26, 31, 6)
(26, 32, 6)
(26, 33, 6)
(26, 34, 6)
(26, 35, 6)
(26, 36, 6)
(26, 37, 6)
(26, 38, 6)
(26, 39, 6)

(27, 0, 194)
(27, 1, 60)
(27, 2, 55)
(27, 3, 20)
(27, 4, 18)
(27, 5, 14)
(27, 6, 13)
(27, 7, 13)
(27, 8, 13)
(27, 9, 13)
(27, 10, 9)
(27, 11, 9)
(27, 12, 9)
(27, 13, 9)
(27, 14, 9)
(27, 15, 9)
(27, 16, 8)
(27, 17, 8)
(27, 18, 8)
(27, 19, 8)
(27, 20, 8)
(27, 21, 8)
(27, 22, 8)
(27, 23, 8)
(27, 24, 8)
(27, 25, 8)
(27, 26, 8)
(27, 27, 7)
(27, 28, 7)
(27, 29, 6)
(27, 30, 6)
(27, 31, 6)
(27, 32, 6)
(27, 33, 6)
(27, 34, 6)
(27, 35, 6)
(27, 36, 6)
(27, 37, 6)
(27, 38, 6)
(27, 39, 6)

(28, 0, 194)
(28, 1, 60)
(28, 2, 55)
(28, 3, 20)
(28, 4, 18)
(28, 5, 14)
(28, 6, 13)
(28, 7, 13)
(28, 8, 13)
(28, 9, 13)
(28, 10, 9)
(28, 11, 9)
(28, 12, 9)
(28, 13, 9)
(28, 14, 9)
(28, 15, 9)
(28, 16, 8)
(28, 17, 8)
(28, 18, 8)
(28, 19, 8)
(28, 20, 8)
(28, 21, 8)
(28, 22, 8)
(28, 23, 8)
(28, 24, 8)
(28, 25, 8)
(28, 26, 8)
(28, 27, 7)
(28, 28, 7)
(28, 29, 6)
(28, 30, 6)
(28, 31, 6)
(28, 32, 6)
(28, 33, 6)
(28, 34, 6)
(28, 35, 6)
(28, 36, 6)
(28, 37, 6)
(28, 38, 6)
(28, 39, 6)

(29, 0, 194)
(29, 1, 60)
(29, 2, 55)
(29, 3, 20)
(29, 4, 18)
(29, 5, 14)
(29, 6, 13)
(29, 7, 13)
(29, 8, 13)
(29, 9, 13)
(29, 10, 9)
(29, 11, 9)
(29, 12, 9)
(29, 13, 9)
(29, 14, 9)
(29, 15, 9)
(29, 16, 8)
(29, 17, 8)
(29, 18, 8)
(29, 19, 8)
(29, 20, 8)
(29, 21, 8)
(29, 22, 8)
(29, 23, 8)
(29, 24, 8)
(29, 25, 8)
(29, 26, 8)
(29, 27, 7)
(29, 28, 7)
(29, 29, 6)
(29, 30, 6)
(29, 31, 6)
(29, 32, 6)
(29, 33, 6)
(29, 34, 6)
(29, 35, 6)
(29, 36, 6)
(29, 37, 6)
(29, 38, 6)
(29, 39, 6)

(30, 0, 194)
(30, 1, 60)
(30, 2, 55)
(30, 3, 20)
(30, 4, 18)
(30, 5, 14)
(30, 6, 13)
(30, 7, 13)
(30, 8, 13)
(30, 9, 13)
(30, 10, 9)
(30, 11, 9)
(30, 12, 9)
(30, 13, 9)
(30, 14, 9)
(30, 15, 9)
(30, 16, 8)
(30, 17, 8)
(30, 18, 8)
(30, 19, 8)
(30, 20, 8)
(30, 21, 8)
(30, 22, 8)
(30, 23, 8)
(30, 24, 8)
(30, 25, 8)
(30, 26, 8)
(30, 27, 7)
(30, 28, 7)
(30, 29, 6)
(30, 30, 6)
(30, 31, 6)
(30, 32, 6)
(30, 33, 6)
(30, 34, 6)
(30, 35, 6)
(30, 36, 6)
(30, 37, 6)
(30, 38, 6)
(30, 39, 6)

(31, 0, 194)
(31, 1, 60)
(31, 2, 55)
(31, 3, 20)
(31, 4, 18)
(31, 5, 14)
(31, 6, 13)
(31, 7, 13)
(31, 8, 13)
(31, 9, 13)
(31, 10, 9)
(31, 11, 9)
(31, 12, 9)
(31, 13, 9)
(31, 14, 9)
(31, 15, 9)
(31, 16, 8)
(31, 17, 8)
(31, 18, 8)
(31, 19, 8)
(31, 20, 8)
(31, 21, 8)
(31, 22, 8)
(31, 23, 8)
(31, 24, 8)
(31, 25, 8)
(31, 26, 8)
(31, 27, 7)
(31, 28, 7)
(31, 29, 6)
(31, 30, 6)
(31, 31, 6)
(31, 32, 6)
(31, 33, 6)
(31, 34, 6)
(31, 35, 6)
(31, 36, 6)
(31, 37, 6)
(31, 38, 6)
(31, 39, 6)

(32, 0, 194)
(32, 1, 60)
(32, 2, 55)
(32, 3, 20)
(32, 4, 18)
(32, 5, 14)
(32, 6, 13)
(32, 7, 13)
(32, 8, 13)
(32, 9, 13)
(32, 10, 9)
(32, 11, 9)
(32, 12, 9)
(32, 13, 9)
(32, 14, 9)
(32, 15, 9)
(32, 16, 8)
(32, 17, 8)
(32, 18, 8)
(32, 19, 8)
(32, 20, 8)
(32, 21, 8)
(32, 22, 8)
(32, 23, 8)
(32, 24, 8)
(32, 25, 8)
(32, 26, 8)
(32, 27, 7)
(32, 28, 7)
(32, 29, 6)
(32, 30, 6)
(32, 31, 6)
(32, 32, 6)
(32, 33, 6)
(32, 34, 6)
(32, 35, 6)
(32, 36, 6)
(32, 37, 6)
(32, 38, 6)
(32, 39, 6)

(33, 0, 194)
(33, 1, 60)
(33, 2, 55)
(33, 3, 20)
(33, 4, 18)
(33, 5, 14)
(33, 6, 13)
(33, 7, 13)
(33, 8, 13)
(33, 9, 13)
(33, 10, 9)
(33, 11, 9)
(33, 12, 9)
(33, 13, 9)
(33, 14, 9)
(33, 15, 9)
(33, 16, 8)
(33, 17, 8)
(33, 18, 8)
(33, 19, 8)
(33, 20, 8)
(33, 21, 8)
(33, 22, 8)
(33, 23, 8)
(33, 24, 8)
(33, 25, 8)
(33, 26, 8)
(33, 27, 7)
(33, 28, 7)
(33, 29, 6)
(33, 30, 6)
(33, 31, 6)
(33, 32, 6)
(33, 33, 6)
(33, 34, 6)
(33, 35, 6)
(33, 36, 6)
(33, 37, 6)
(33, 38, 6)
(33, 39, 6)

(34, 0, 198)
(34, 1, 62)
(34, 2, 56)
(34, 3, 21)
(34, 4, 19)
(34, 5, 15)
(34, 6, 14)
(34, 7, 14)
(34, 8, 14)
(34, 9, 14)
(34, 10, 10)
(34, 11, 10)
(34, 12, 10)
(34, 13, 10)
(34, 14, 10)
(34, 15, 10)
(34, 16, 9)
(34, 17, 9)
(34, 18, 9)
(34, 19, 9)
(34, 20, 9)
(34, 21, 9)
(34, 22, 9)
(34, 23, 9)
(34, 24, 9)
(34, 25, 9)
(34, 26, 9)
(34, 27, 8)
(34, 28, 8)
(34, 29, 7)
(34, 30, 7)
(34, 31, 7)
(34, 32, 7)
(34, 33, 7)
(34, 34, 7)
(34, 35, 7)
(34, 36, 7)
(34, 37, 7)
(34, 38, 7)
(34, 39, 7)

(35, 0, 211)
(35, 1, 65)
(35, 2, 58)
(35, 3, 22)
(35, 4, 20)
(35, 5, 16)
(35, 6, 15)
(35, 7, 15)
(35, 8, 15)
(35, 9, 15)
(35, 10, 11)
(35, 11, 11)
(35, 12, 11)
(35, 13, 11)
(35, 14, 11)
(35, 15, 11)
(35, 16, 10)
(35, 17, 10)
(35, 18, 10)
(35, 19, 10)
(35, 20, 10)
(35, 21, 10)
(35, 22, 10)
(35, 23, 10)
(35, 24, 10)
(35, 25, 10)
(35, 26, 10)
(35, 27, 9)
(35, 28, 9)
(35, 29, 8)
(35, 30, 7)
(35, 31, 6)
(35, 32, 6)
(35, 33, 6)
(35, 34, 6)
(35, 35, 6)
(35, 36, 6)
(35, 37, 6)
(35, 38, 6)
(35, 39, 6)

(36, 0, 215)
(36, 1, 66)
(36, 2, 59)
(36, 3, 23)
(36, 4, 21)
(36, 5, 17)
(36, 6, 16)
(36, 7, 16)
(36, 8, 16)
(36, 9, 16)
(36, 10, 12)
(36, 11, 12)
(36, 12, 12)
(36, 13, 12)
(36, 14, 12)
(36, 15, 12)
(36, 16, 11)
(36, 17, 11)
(36, 18, 11)
(36, 19, 11)
(36, 20, 11)
(36, 21, 11)
(36, 22, 11)
(36, 23, 11)
(36, 24, 11)
(36, 25, 11)
(36, 26, 11)
(36, 27, 9)
(36, 28, 9)
(36, 29, 8)
(36, 30, 6)
(36, 31, 6)
(36, 32, 6)
(36, 33, 6)
(36, 34, 6)
(36, 35, 6)
(36, 36, 6)
(36, 37, 6)
(36, 38, 6)
(36, 39, 6)

(37, 0, 217)
(37, 1, 67)
(37, 2, 59)
(37, 3, 23)
(37, 4, 21)
(37, 5, 17)
(37, 6, 16)
(37, 7, 16)
(37, 8, 16)
(37, 9, 16)
(37, 10, 12)
(37, 11, 12)
(37, 12, 12)
(37, 13, 12)
(37, 14, 12)
(37, 15, 12)
(37, 16, 11)
(37, 17, 11)
(37, 18, 11)
(37, 19, 11)
(37, 20, 11)
(37, 21, 11)
(37, 22, 11)
(37, 23, 11)
(37, 24, 10)
(37, 25, 10)
(37, 26, 10)
(37, 27, 9)
(37, 28, 9)
(37, 29, 8)
(37, 30, 6)
(37, 31, 6)
(37, 32, 6)
(37, 33, 6)
(37, 34, 6)
(37, 35, 6)
(37, 36, 6)
(37, 37, 6)
(37, 38, 6)
(37, 39, 6)

(38, 0, 223)
(38, 1, 68)
(38, 2, 60)
(38, 3, 24)
(38, 4, 22)
(38, 5, 17)
(38, 6, 16)
(38, 7, 16)
(38, 8, 16)
(38, 9, 16)
(38, 10, 12)
(38, 11, 12)
(38, 12, 12)
(38, 13, 12)
(38, 14, 12)
(38, 15, 12)
(38, 16, 10)
(38, 17, 10)
(38, 18, 10)
(38, 19, 10)
(38, 20, 10)
(38, 21, 10)
(38, 22, 10)
(38, 23, 10)
(38, 24, 10)
(38, 25, 10)
(38, 26, 10)
(38, 27, 9)
(38, 28, 9)
(38, 29, 8)
(38, 30, 6)
(38, 31, 6)
(38, 32, 6)
(38, 33, 6)
(38, 34, 6)
(38, 35, 6)
(38, 36, 6)
(38, 37, 6)
(38, 38, 6)
(38, 39, 6)

(39, 0, 229)
(39, 1, 69)
(39, 2, 60)
(39, 3, 23)
(39, 4, 21)
(39, 5, 17)
(39, 6, 16)
(39, 7, 16)
(39, 8, 16)
(39, 9, 16)
(39, 10, 12)
(39, 11, 12)
(39, 12, 12)
(39, 13, 12)
(39, 14, 12)
(39, 15, 11)
(39, 16, 10)
(39, 17, 10)
(39, 18, 10)
(39, 19, 10)
(39, 20, 10)
(39, 21, 10)
(39, 22, 10)
(39, 23, 10)
(39, 24, 10)
(39, 25, 10)
(39, 26, 10)
(39, 27, 9)
(39, 28, 9)
(39, 29, 7)
(39, 30, 6)
(39, 31, 6)
(39, 32, 6)
(39, 33, 6)
(39, 34, 6)
(39, 35, 6)
(39, 36, 6)
(39, 37, 6)
(39, 38, 6)
(39, 39, 6)


Betti numbers:
xi_0:
(0, 0, 10)
(1, 0, 3)
(2, 0, 16)
(3, 0, 10)
(4, 0, 4)
(5, 0, 11)
(6, 0, 9)
(7, 0, 8)
(8, 0, 14)
(9, 0, 5)
(10, 0, 6)
(11, 0, 8)
(12, 0, 27)
(15, 0, 15)
(16, 0, 5)
(17, 0, 7)
(18, 0, 1)
(20, 0, 2)
(21, 0, 5)
(22, 0, 2)
(23, 0, 3)
(24, 0, 7)
(25, 0, 14)
(26, 0, 2)
(34, 0, 4)
(35, 0, 13)
(36, 0, 4)
(37, 0, 2)
(38, 0, 6)
(39, 0, 6)
xi_1:
(0, 1, 7)
(0, 3, 1)
(0, 11, 1)
(1, 1, 2)
(1, 4, 1)
(2, 1, 15)
(2, 3, 1)
(2, 5, 1)
(2, 10, 1)
(3, 1, 7)
(3, 3, 2)
(4, 1, 1)
(4, 3, 2)
(4, 4, 1)
(5, 1, 8)
(5, 3, 1)
(5, 5, 2)
(5, 10, 1)
(6, 1, 5)
(6, 3, 4)
(7, 1, 4)
(7, 3, 2)
(7, 4, 1)
(8, 1, 11)
(8, 3, 3)
(9, 1, 3)
(9, 3, 2)
(9, 12, 1)
(10, 1, 3)
(10, 5, 1)
(10, 6, 1)
(10, 10, 1)
(11, 1, 4)
(11, 3, 2)
(11, 4, 1)
(11, 5, 1)
(12, 1, 18)
(12, 2, 1)
(12, 3, 8)
(15, 1, 7)
(15, 3, 6)
(15, 10, 1)
(16, 1, 6)
(17, 1, 5)
(17, 2, 1)
(17, 4, 1)
(18, 1, 1)
(20, 1, 1)
(20, 28, 1)
(21, 1, 5)
(21, 27, 1)
(22, 1, 2)
(23, 1, 2)
(24, 1, 4)
(24, 2, 1)
(24, 3, 1)
(24, 25, 1)
(24, 30, 1)
(25, 1, 11)
(25, 2, 2)
(25, 3, 1)
(25, 16, 1)
(25, 29, 1)
(26, 1, 2)
(34, 1, 2)
(34, 2, 1)
(35, 1, 10)
(35, 2, 1)
(35, 3, 1)
(35, 30, 1)
(35, 31, 1)
(36, 1, 3)
(36, 27, 1)
(36, 30, 1)
(37, 1, 1)
(37, 2, 1)
(37, 24, 1)
(38, 1, 5)
(38, 5, 1)
(38, 16, 1)
(39, 1, 5)
(39, 2, 1)
(39, 3, 1)
(39, 15, 1)
(39, 29, 1)
xi_2:
(2, 4, 1)
(2, 11, 1)
(5, 4, 1)
(9, 4, 1)
(10, 12, 1)
(12, 5, 1)
(16, 3, 1)
(21, 28, 1)
(25, 25, 1)
(25, 30, 1)
(36, 31, 1)
(37, 27, 1)
(38, 24, 1)
(39, 5, 1)
(39, 16, 1)
(39, 30, 1)
