x-grades
-5036226026511683279/800000000000000000
-2458346423795113279/400000000000000000
-4797159668668769837/800000000000000000
-1169406622436828279/200000000000000000
-911618662165171279/160000000000000000
-2219280065952199837/400000000000000000
-4319026952982942953/800000000000000000
-524936721757685779/100000000000000000
-4079960595140029511/800000000000000000
-396042741621857279/80000000000000000
-3840894237297116069/800000000000000000
-930340264593914837/200000000000000000
-3601827879454202627/800000000000000000
-1741147350266372953/400000000000000000
-672552304322257837/160000000000000000
-202701771418114529/50000000000000000
-3123695163768375743/800000000000000000
-1502080992423459511/400000000000000000
-2884628805925462301/800000000000000000
-138254781350200279/40000000000000000
-2645562448082548859/800000000000000000
-1263014634580546069/400000000000000000
-2406496090239635417/800000000000000000
-285870363914772337/100000000000000000
-86697189295868879/32000000000000000
-1023948276737632627/400000000000000000
-1928363374553808533/800000000000000000
-452207548908087953/200000000000000000
-1689297016710895091/800000000000000000
-156976383778943837/80000000000000000
-1450230658867981649/800000000000000000
-5198037031041113/3125000000000000
-1211164301025068207/800000000000000000
-545815561051805743/400000000000000000
-194419588636430953/160000000000000000
-213141191065174511/200000000000000000
-733031585339241323/800000000000000000
-306749203208892301/400000000000000000
-493965227496327881/800000000000000000
-9360801214371779/20000000000000000

y-grades
9997099/40000000
9997099/20000000
29991297/40000000
9997099/10000000
9997099/8000000
29991297/20000000
69979693/40000000
9997099/5000000
89973891/40000000
9997099/4000000
109968089/40000000
29991297/10000000
129962287/40000000
69979693/20000000
29991297/8000000
9997099/2500000
169950683/40000000
89973891/20000000
189944881/40000000
9997099/2000000
209939079/40000000
109968089/20000000
229933277/40000000
29991297/5000000
9997099/1600000
129962287/20000000
269921673/40000000
69979693/10000000
289915871/40000000
29991297/4000000
309910069/40000000
9997099/1250000
329904267/40000000
169950683/20000000
69979693/8000000
89973891/10000000
369892663/40000000
189944881/20000000
389886861/40000000
9997099/1000000

Dimensions > 0:
(0, 0, 5)
(0, 1, 5)
(0, 2, 5)
(0, 3, 5)
(0, 4, 5)
(0, 5, 5)
(0, 6, 2)
(0, 7, 2)
(0, 8, 2)
(0, 9, 2)
(0, 10, 2)
(0, 11, 2)
(0, 12, 2)
(0, 13, 2)
(0, 14, 2)
(0, 15, 1)
(0, 16, 1)
(0, 17, 1)
(0, 18, 1)
(0, 19, 1)
(0, 20, 1)
(0, 21, 1)
(0, 22, 1)
(0, 23, 1)
(0, 24, 1)
(0, 25, 1)
(0, 26, 1)
(0, 27, 1)
(0, 28, 1)
(0, 29, 1)
(0, 30, 1)
(0, 31, 1)
(0, 32, 1)
(0, 33, 1)
(0, 34, 1)
(0, 35, 1)
(0, 36, 1)
(0, 37, 1)
(0, 38, 1)
(0, 39, 1)

(1, 0, 8)
(1, 1, 8)
(1, 2, 8)
(1, 3, 8)
(1, 4, 8)
(1, 5, 8)
(1, 6, 4)
(1, 7, 4)
(1, 8, 4)
(1, 9, 4)
(1, 10, 4)
(1, 11, 4)
(1, 12, 4)
(1, 13, 4)
(1, 14, 4)
(1, 15, 3)
(1, 16, 3)
(1, 17, 3)
(1, 18, 3)
(1, 19, 3)
(1, 20, 3)
(1, 21, 3)
(1, 22, 3)
(1, 23, 3)
(1, 24, 3)
(1, 25, 3)
(1, 26, 3)
(1, 27, 2)
(1, 28, 2)
(1, 29, 2)
(1, 30, 2)
(1, 31, 2)
(1, 32, 2)
(1, 33, 2)
(1, 34, 2)
(1, 35, 2)
(1, 36, 2)
(1, 37, 2)
(1, 38, 2)
(1, 39, 2)

(2, 0, 17)
(2, 1, 17)
(2, 2, 17)
(2, 3, 17)
(2, 4, 17)
(2, 5, 17)
(2, 6, 10)
(2, 7, 10)
(2, 8, 10)
(2, 9, 10)
(2, 10, 10)
(2, 11, 10)
(2, 12, 10)
(2, 13, 10)
(2, 14, 10)
(2, 15, 8)
(2, 16, 8)
(2, 17, 8)
(2, 18, 8)
(2, 19, 8)
(2, 20, 8)
(2, 21, 8)
(2, 22, 8)
(2, 23, 8)
(2, 24, 8)
(2, 25, 8)
(2, 26, 8)
(2, 27, 7)
(2, 28, 7)
(2, 29, 7)
(2, 30, 7)
(2, 31, 7)
(2, 32, 7)
(2, 33, 7)
(2, 34, 7)
(2, 35, 7)
(2, 36, 7)
(2, 37, 7)
(2, 38, 7)
(2, 39, 7)

(3, 0, 40)
(3, 1, 40)
(3, 2, 40)
(3, 3, 40)
(3, 4, 39)
(3, 5, 39)
(3, 6, 31)
(3, 7, 28)
(3, 8, 25)
(3, 9, 25)
(3, 10, 25)
(3, 11, 23)
(3, 12, 23)
(3, 13, 22)
(3, 14, 21)
(3, 15, 19)
(3, 16, 19)
(3, 17, 18)
(3, 18, 18)
(3, 19, 17)
(3, 20, 17)
(3, 21, 16)
(3, 22, 15)
(3, 23, 14)
(3, 24, 14)
(3, 25, 14)
(3, 26, 14)
(3, 27, 13)
(3, 28, 13)
(3, 29, 13)
(3, 30, 13)
(3, 31, 13)
(3, 32, 13)
(3, 33, 13)
(3, 34, 11)
(3, 35, 11)
(3, 36, 11)
(3, 37, 11)
(3, 38, 11)
(3, 39, 11)

(4, 0, 100)
(4, 1, 100)
(4, 2, 100)
(4, 3, 96)
(4, 4, 93)
(4, 5, 91)
(4, 6, 74)
(4, 7, 65)
(4, 8, 62)
(4, 9, 60)
(4, 10, 56)
(4, 11, 52)
(4, 12, 49)
(4, 13, 47)
(4, 14, 45)
(4, 15, 41)
(4, 16, 40)
(4, 17, 37)
(4, 18, 35)
(4, 19, 34)
(4, 20, 32)
(4, 21, 28)
(4, 22, 26)
(4, 23, 24)
(4, 24, 23)
(4, 25, 23)
(4, 26, 23)
(4, 27, 22)
(4, 28, 20)
(4, 29, 19)
(4, 30, 19)
(4, 31, 19)
(4, 32, 17)
(4, 33, 16)
(4, 34, 15)
(4, 35, 14)
(4, 36, 14)
(4, 37, 14)
(4, 38, 14)
(4, 39, 14)

(5, 0, 173)
(5, 1, 165)
(5, 2, 153)
(5, 3, 139)
(5, 4, 130)
(5, 5, 127)
(5, 6, 108)
(5, 7, 92)
(5, 8, 86)
(5, 9, 83)
(5, 10, 74)
(5, 11, 69)
(5, 12, 62)
(5, 13, 60)
(5, 14, 57)
(5, 15, 53)
(5, 16, 52)
(5, 17, 47)
(5, 18, 44)
(5, 19, 42)
(5, 20, 39)
(5, 21, 33)
(5, 22, 29)
(5, 23, 28)
(5, 24, 28)
(5, 25, 27)
(5, 26, 27)
(5, 27, 26)
(5, 28, 23)
(5, 29, 21)
(5, 30, 21)
(5, 31, 21)
(5, 32, 18)
(5, 33, 18)
(5, 34, 17)
(5, 35, 16)
(5, 36, 16)
(5, 37, 16)
(5, 38, 16)
(5, 39, 16)

(6, 0, 209)
(6, 1, 201)
(6, 2, 188)
(6, 3, 173)
(6, 4, 162)
(6, 5, 156)
(6, 6, 134)
(6, 7, 113)
(6, 8, 106)
(6, 9, 103)
(6, 10, 90)
(6, 11, 84)
(6, 12, 74)
(6, 13, 72)
(6, 14, 68)
(6, 15, 64)
(6, 16, 63)
(6, 17, 58)
(6, 18, 53)
(6, 19, 51)
(6, 20, 48)
(6, 21, 42)
(6, 22, 38)
(6, 23, 36)
(6, 24, 36)
(6, 25, 35)
(6, 26, 35)
(6, 27, 33)
(6, 28, 29)
(6, 29, 25)
(6, 30, 25)
(6, 31, 24)
(6, 32, 21)
(6, 33, 21)
(6, 34, 20)
(6, 35, 19)
(6, 36, 19)
(6, 37, 19)
(6, 38, 19)
(6, 39, 19)

(7, 0, 236)
(7, 1, 228)
(7, 2, 215)
(7, 3, 198)
(7, 4, 182)
(7, 5, 176)
(7, 6, 151)
(7, 7, 128)
(7, 8, 120)
(7, 9, 115)
(7, 10, 101)
(7, 11, 92)
(7, 12, 80)
(7, 13, 78)
(7, 14, 74)
(7, 15, 69)
(7, 16, 68)
(7, 17, 62)
(7, 18, 57)
(7, 19, 56)
(7, 20, 53)
(7, 21, 46)
(7, 22, 42)
(7, 23, 40)
(7, 24, 40)
(7, 25, 39)
(7, 26, 39)
(7, 27, 37)
(7, 28, 32)
(7, 29, 28)
(7, 30, 28)
(7, 31, 27)
(7, 32, 24)
(7, 33, 24)
(7, 34, 23)
(7, 35, 22)
(7, 36, 22)
(7, 37, 21)
(7, 38, 21)
(7, 39, 20)

(8, 0, 250)
(8, 1, 242)
(8, 2, 229)
(8, 3, 212)
(8, 4, 196)
(8, 5, 190)
(8, 6, 164)
(8, 7, 141)
(8, 8, 133)
(8, 9, 128)
(8, 10, 114)
(8, 11, 104)
(8, 12, 92)
(8, 13, 90)
(8, 14, 84)
(8, 15, 77)
(8, 16, 76)
(8, 17, 69)
(8, 18, 63)
(8, 19, 62)
(8, 20, 59)
(8, 21, 52)
(8, 22, 48)
(8, 23, 46)
(8, 24, 45)
(8, 25, 44)
(8, 26, 44)
(8, 27, 42)
(8, 28, 35)
(8, 29, 31)
(8, 30, 31)
(8, 31, 29)
(8, 32, 26)
(8, 33, 26)
(8, 34, 24)
(8, 35, 22)
(8, 36, 22)
(8, 37, 21)
(8, 38, 21)
(8, 39, 20)

(9, 0, 260)
(9, 1, 252)
(9, 2, 239)
(9, 3, 222)
(9, 4, 200)
(9, 5, 194)
(9, 6, 168)
(9, 7, 145)
(9, 8, 135)
(9, 9, 129)
(9, 10, 115)
(9, 11, 105)
(9, 12, 93)
(9, 13, 91)
(9, 14, 85)
(9, 15, 78)
(9, 16, 77)
(9, 17, 70)
(9, 18, 64)
(9, 19, 62)
(9, 20, 59)
(9, 21, 52)
(9, 22, 48)
(9, 23, 46)
(9, 24, 45)
(9, 25, 44)
(9, 26, 44)
(9, 27, 42)
(9, 28, 35)
(9, 29, 31)
(9, 30, 31)
(9, 31, 29)
(9, 32, 26)
(9, 33, 26)
(9, 34, 24)
(9, 35, 22)
(9, 36, 22)
(9, 37, 21)
(9, 38, 21)
(9, 39, 20)

(10, 0, 260)
(10, 1, 252)
(10, 2, 239)
(10, 3, 222)
(10, 4, 200)
(10, 5, 194)
(10, 6, 168)
(10, 7, 145)
(10, 8, 135)
(10, 9, 129)
(10, 10, 115)
(10, 11, 105)
(10, 12, 93)
(10, 13, 91)
(10, 14, 85)
(10, 15, 78)
(10, 16, 77)
(10, 17, 70)
(10, 18, 64)
(10, 19, 62)
(10, 20, 59)
(10, 21, 52)
(10, 22, 48)
(10, 23, 46)
(10, 24, 45)
(10, 25, 44)
(10, 26, 44)
(10, 27, 42)
(10, 28, 35)
(10, 29, 31)
(10, 30, 31)
(10, 31, 29)
(10, 32, 26)
(10, 33, 26)
(10, 34, 24)
(10, 35, 22)
(10, 36, 22)
(10, 37, 21)
(10, 38, 21)
(10, 39, 20)

(11, 0, 260)
(11, 1, 252)
(11, 2, 239)
(11, 3, 222)
(11, 4, 200)
(11, 5, 194)
(11, 6, 168)
(11, 7, 145)
(11, 8, 135)
(11, 9, 129)
(11, 10, 115)
(11, 11, 105)
(11, 12, 93)
(11, 13, 91)
(11, 14, 85)
(11, 15, 78)
(11, 16, 77)
(11, 17, 70)
(11, 18, 64)
(11, 19, 62)
(11, 20, 59)
(11, 21, 52)
(11, 22, 48)
(11, 23, 46)
(11, 24, 45)
(11, 25, 44)
(11, 26, 44)
(11, 27, 42)
(11, 28, 35)
(11, 29, 31)
(11, 30, 31)
(11, 31, 29)
(11, 32, 26)
(11, 33, 26)
(11, 34, 24)
(11, 35, 22)
(11, 36, 22)
(11, 37, 21)
(11, 38, 21)
(11, 39, 20)

(12, 0, 260)
(12, 1, 252)
(12, 2, 239)
(12, 3, 222)
(12, 4, 200)
(12, 5, 194)
(12, 6, 168)
(12, 7, 145)
(12, 8, 135)
(12, 9, 129)
(12, 10, 115)
(12, 11, 105)
(12, 12, 93)
(12, 13, 91)
(12, 14, 85)
(12, 15, 78)
(12, 16, 77)
(12, 17, 70)
(12, 18, 64)
(12, 19, 62)
(12, 20, 59)
(12, 21, 52)
(12, 22, 48)
(12, 23, 46)
(12, 24, 45)
(12, 25, 44)
(12, 26, 44)
(12, 27, 42)
(12, 28, 35)
(12, 29, 31)
(12, 30, 31)
(12, 31, 29)
(12, 32, 26)
(12, 33, 26)
(12, 34, 24)
(12, 35, 22)
(12, 36, 22)
(12, 37, 21)
(12, 38, 21)
(12, 39, 20)

(13, 0, 260)
(13, 1, 252)
(13, 2, 239)
(13, 3, 222)
(13, 4, 200)
(13, 5, 194)
(13, 6, 168)
(13, 7, 145)
(13, 8, 135)
(13, 9, 129)
(13, 10, 115)
(13, 11, 105)
(13, 12, 93)
(13, 13, 91)
(13, 14, 85)
(13, 15, 78)
(13, 16, 77)
(13, 17, 70)
(13, 18, 64)
(13, 19, 62)
(13, 20, 59)
(13, 21, 52)
(13, 22, 48)
(13, 23, 46)
(13, 24, 45)
(13, 25, 44)
(13, 26, 44)
(13, 27, 42)
(13, 28, 35)
(13, 29, 31)
(13, 30, 31)
(13, 31, 29)
(13, 32, 26)
(13, 33, 26)
(13, 34, 24)
(13, 35, 22)
(13, 36, 22)
(13, 37, 21)
(13, 38, 21)
(13, 39, 20)

(14, 0, 260)
(14, 1, 252)
(14, 2, 239)
(14, 3, 222)
(14, 4, 200)
(14, 5, 194)
(14, 6, 168)
(14, 7, 145)
(14, 8, 135)
(14, 9, 129)
(14, 10, 115)
(14, 11, 105)
(14, 12, 93)
(14, 13, 91)
(14, 14, 85)
(14, 15, 78)
(14, 16, 77)
(14, 17, 70)
(14, 18, 64)
(14, 19, 62)
(14, 20, 59)
(14, 21, 52)
(14, 22, 48)
(14, 23, 46)
(14, 24, 45)
(14, 25, 44)
(14, 26, 44)
(14, 27, 42)
(14, 28, 35)
(14, 29, 31)
(14, 30, 31)
(14, 31, 29)
(14, 32, 26)
(14, 33, 26)
(14, 34, 24)
(14, 35, 22)
(14, 36, 22)
(14, 37, 21)
(14, 38, 21)
(14, 39, 20)

(15, 0, 260)
(15, 1, 252)
(15, 2, 239)
(15, 3, 222)
(15, 4, 200)
(15, 5, 194)
(15, 6, 168)
(15, 7, 145)
(15, 8, 135)
(15, 9, 129)
(15, 10, 115)
(15, 11, 105)
(15, 12, 93)
(15, 13, 91)
(15, 14, 85)
(15, 15, 78)
(15, 16, 77)
(15, 17, 70)
(15, 18, 64)
(15, 19, 62)
(15, 20, 59)
(15, 21, 52)
(15, 22, 48)
(15, 23, 46)
(15, 24, 45)
(15, 25, 44)
(15, 26, 44)
(15, 27, 42)
(15, 28, 35)
(15, 29, 31)
(15, 30, 31)
(15, 31, 29)
(15, 32, 26)
(15, 33, 26)
(15, 34, 24)
(15, 35, 22)
(15, 36, 22)
(15, 37, 21)
(15, 38, 21)
(15, 39, 20)

(16, 0, 260)
(16, 1, 252)
(16, 2, 239)
(16, 3, 222)
(16, 4, 200)
(16, 5, 194)
(16, 6, 168)
(16, 7, 145)
(16, 8, 135)
(16, 9, 129)
(16, 10, 115)
(16, 11, 105)
(16, 12, 93)
(16, 13, 91)
(16, 14, 85)
(16, 15, 78)
(16, 16, 77)
(16, 17, 70)
(16, 18, 64)
(16, 19, 62)
(16, 20, 59)
(16, 21, 52)
(16, 22, 48)
(16, 23, 46)
(16, 24, 45)
(16, 25, 44)
(16, 26, 44)
(16, 27, 42)
(16, 28, 35)
(16, 29, 31)
(16, 30, 31)
(16, 31, 29)
(16, 32, 26)
(16, 33, 26)
(16, 34, 24)
(16, 35, 22)
(16, 36, 22)
(16, 37, 21)
(16, 38, 21)
(16, 39, 20)

(17, 0, 267)
(17, 1, 259)
(17, 2, 246)
(17, 3, 229)
(17, 4, 207)
(17, 5, 201)
(17, 6, 174)
(17, 7, 151)
(17, 8, 141)
(17, 9, 135)
(17, 10, 120)
(17, 11, 110)
(17, 12, 98)
(17, 13, 96)
(17, 14, 90)
(17, 15, 82)
(17, 16, 81)
(17, 17, 74)
(17, 18, 68)
(17, 19, 66)
(17, 20, 63)
(17, 21, 55)
(17, 22, 51)
(17, 23, 49)
(17, 24, 48)
(17, 25, 47)
(17, 26, 47)
(17, 27, 45)
(17, 28, 38)
(17, 29, 34)
(17, 30, 34)
(17, 31, 32)
(17, 32, 29)
(17, 33, 29)
(17, 34, 27)
(17, 35, 25)
(17, 36, 25)
(17, 37, 24)
(17, 38, 24)
(17, 39, 23)

(18, 0, 281)
(18, 1, 273)
(18, 2, 260)
(18, 3, 243)
(18, 4, 221)
(18, 5, 215)
(18, 6, 188)
(18, 7, 165)
(18, 8, 153)
(18, 9, 147)
(18, 10, 132)
(18, 11, 122)
(18, 12, 110)
(18, 13, 108)
(18, 14, 100)
(18, 15, 90)
(18, 16, 88)
(18, 17, 80)
(18, 18, 72)
(18, 19, 68)
(18, 20, 65)
(18, 21, 58)
(18, 22, 51)
(18, 23, 49)
(18, 24, 48)
(18, 25, 47)
(18, 26, 47)
(18, 27, 45)
(18, 28, 38)
(18, 29, 34)
(18, 30, 34)
(18, 31, 32)
(18, 32, 29)
(18, 33, 29)
(18, 34, 27)
(18, 35, 25)
(18, 36, 25)
(18, 37, 24)
(18, 38, 22)
(18, 39, 21)

(19, 0, 283)
(19, 1, 275)
(19, 2, 262)
(19, 3, 245)
(19, 4, 223)
(19, 5, 217)
(19, 6, 190)
(19, 7, 167)
(19, 8, 155)
(19, 9, 149)
(19, 10, 134)
(19, 11, 124)
(19, 12, 112)
(19, 13, 110)
(19, 14, 101)
(19, 15, 91)
(19, 16, 89)
(19, 17, 81)
(19, 18, 73)
(19, 19, 69)
(19, 20, 66)
(19, 21, 59)
(19, 22, 51)
(19, 23, 49)
(19, 24, 48)
(19, 25, 47)
(19, 26, 47)
(19, 27, 45)
(19, 28, 38)
(19, 29, 34)
(19, 30, 34)
(19, 31, 32)
(19, 32, 29)
(19, 33, 29)
(19, 34, 27)
(19, 35, 25)
(19, 36, 25)
(19, 37, 24)
(19, 38, 22)
(19, 39, 21)

(20, 0, 288)
(20, 1, 280)
(20, 2, 267)
(20, 3, 250)
(20, 4, 228)
(20, 5, 222)
(20, 6, 195)
(20, 7, 172)
(20, 8, 160)
(20, 9, 154)
(20, 10, 138)
(20, 11, 128)
(20, 12, 116)
(20, 13, 114)
(20, 14, 105)
(20, 15, 95)
(20, 16, 93)
(20, 17, 85)
(20, 18, 77)
(20, 19, 73)
(20, 20, 70)
(20, 21, 63)
(20, 22, 54)
(20, 23, 52)
(20, 24, 51)
(20, 25, 50)
(20, 26, 50)
(20, 27, 48)
(20, 28, 41)
(20, 29, 37)
(20, 30, 37)
(20, 31, 35)
(20, 32, 32)
(20, 33, 32)
(20, 34, 28)
(20, 35, 26)
(20, 36, 26)
(20, 37, 25)
(20, 38, 23)
(20, 39, 22)

(21, 0, 294)
(21, 1, 286)
(21, 2, 273)
(21, 3, 256)
(21, 4, 234)
(21, 5, 228)
(21, 6, 199)
(21, 7, 176)
(21, 8, 164)
(21, 9, 158)
(21, 10, 142)
(21, 11, 131)
(21, 12, 119)
(21, 13, 117)
(21, 14, 108)
(21, 15, 98)
(21, 16, 96)
(21, 17, 88)
(21, 18, 79)
(21, 19, 75)
(21, 20, 72)
(21, 21, 65)
(21, 22, 55)
(21, 23, 53)
(21, 24, 52)
(21, 25, 50)
(21, 26, 50)
(21, 27, 48)
(21, 28, 41)
(21, 29, 37)
(21, 30, 37)
(21, 31, 34)
(21, 32, 30)
(21, 33, 30)
(21, 34, 28)
(21, 35, 26)
(21, 36, 26)
(21, 37, 25)
(21, 38, 23)
(21, 39, 22)

(22, 0, 299)
(22, 1, 291)
(22, 2, 278)
(22, 3, 261)
(22, 4, 239)
(22, 5, 233)
(22, 6, 203)
(22, 7, 180)
(22, 8, 168)
(22, 9, 162)
(22, 10, 146)
(22, 11, 134)
(22, 12, 122)
(22, 13, 120)
(22, 14, 111)
(22, 15, 101)
(22, 16, 99)
(22, 17, 91)
(22, 18, 82)
(22, 19, 78)
(22, 20, 75)
(22, 21, 68)
(22, 22, 56)
(22, 23, 54)
(22, 24, 53)
(22, 25, 51)
(22, 26, 51)
(22, 27, 49)
(22, 28, 42)
(22, 29, 38)
(22, 30, 38)
(22, 31, 35)
(22, 32, 30)
(22, 33, 30)
(22, 34, 28)
(22, 35, 26)
(22, 36, 26)
(22, 37, 25)
(22, 38, 23)
(22, 39, 22)

(23, 0, 304)
(23, 1, 295)
(23, 2, 282)
(23, 3, 265)
(23, 4, 243)
(23, 5, 237)
(23, 6, 207)
(23, 7, 184)
(23, 8, 172)
(23, 9, 166)
(23, 10, 150)
(23, 11, 138)
(23, 12, 126)
(23, 13, 124)
(23, 14, 115)
(23, 15, 105)
(23, 16, 103)
(23, 17, 95)
(23, 18, 86)
(23, 19, 82)
(23, 20, 79)
(23, 21, 71)
(23, 22, 58)
(23, 23, 56)
(23, 24, 55)
(23, 25, 53)
(23, 26, 53)
(23, 27, 51)
(23, 28, 44)
(23, 29, 40)
(23, 30, 40)
(23, 31, 37)
(23, 32, 32)
(23, 33, 32)
(23, 34, 30)
(23, 35, 28)
(23, 36, 28)
(23, 37, 27)
(23, 38, 25)
(23, 39, 24)

(24, 0, 338)
(24, 1, 329)
(24, 2, 315)
(24, 3, 298)
(24, 4, 272)
(24, 5, 265)
(24, 6, 233)
(24, 7, 205)
(24, 8, 192)
(24, 9, 186)
(24, 10, 168)
(24, 11, 154)
(24, 12, 142)
(24, 13, 139)
(24, 14, 128)
(24, 15, 118)
(24, 16, 116)
(24, 17, 108)
(24, 18, 97)
(24, 19, 93)
(24, 20, 89)
(24, 21, 81)
(24, 22, 67)
(24, 23, 64)
(24, 24, 63)
(24, 25, 60)
(24, 26, 60)
(24, 27, 57)
(24, 28, 49)
(24, 29, 45)
(24, 30, 45)
(24, 31, 42)
(24, 32, 37)
(24, 33, 37)
(24, 34, 35)
(24, 35, 32)
(24, 36, 32)
(24, 37, 31)
(24, 38, 28)
(24, 39, 27)

(25, 0, 439)
(25, 1, 430)
(25, 2, 408)
(25, 3, 384)
(25, 4, 334)
(25, 5, 317)
(25, 6, 278)
(25, 7, 240)
(25, 8, 216)
(25, 9, 204)
(25, 10, 185)
(25, 11, 171)
(25, 12, 156)
(25, 13, 153)
(25, 14, 141)
(25, 15, 130)
(25, 16, 125)
(25, 17, 116)
(25, 18, 104)
(25, 19, 96)
(25, 20, 92)
(25, 21, 83)
(25, 22, 69)
(25, 23, 66)
(25, 24, 64)
(25, 25, 62)
(25, 26, 62)
(25, 27, 59)
(25, 28, 51)
(25, 29, 47)
(25, 30, 46)
(25, 31, 43)
(25, 32, 38)
(25, 33, 38)
(25, 34, 36)
(25, 35, 34)
(25, 36, 34)
(25, 37, 33)
(25, 38, 28)
(25, 39, 27)

(26, 0, 451)
(26, 1, 442)
(26, 2, 420)
(26, 3, 396)
(26, 4, 344)
(26, 5, 327)
(26, 6, 287)
(26, 7, 248)
(26, 8, 224)
(26, 9, 212)
(26, 10, 193)
(26, 11, 178)
(26, 12, 163)
(26, 13, 158)
(26, 14, 144)
(26, 15, 131)
(26, 16, 127)
(26, 17, 118)
(26, 18, 106)
(26, 19, 98)
(26, 20, 93)
(26, 21, 84)
(26, 22, 70)
(26, 23, 66)
(26, 24, 64)
(26, 25, 61)
(26, 26, 61)
(26, 27, 58)
(26, 28, 51)
(26, 29, 47)
(26, 30, 46)
(26, 31, 43)
(26, 32, 38)
(26, 33, 38)
(26, 34, 36)
(26, 35, 34)
(26, 36, 34)
(26, 37, 33)
(26, 38, 28)
(26, 39, 26)

(27, 0, 451)
(27, 1, 442)
(27, 2, 420)
(27, 3, 396)
(27, 4, 344)
(27, 5, 327)
(27, 6, 287)
(27, 7, 248)
(27, 8, 224)
(27, 9, 212)
(27, 10, 193)
(27, 11, 178)
(27, 12, 163)
(27, 13, 158)
(27, 14, 144)
(27, 15, 131)
(27, 16, 127)
(27, 17, 118)
(27, 18, 106)
(27, 19, 98)
(27, 20, 93)
(27, 21, 84)
(27, 22, 70)
(27, 23, 66)
(27, 24, 64)
(27, 25, 61)
(27, 26, 61)
(27, 27, 58)
(27, 28, 51)
(27, 29, 47)
(27, 30, 46)
(27, 31, 43)
(27, 32, 38)
(27, 33, 38)
(27, 34, 36)
(27, 35, 34)
(27, 36, 34)
(27, 37, 33)
(27, 38, 28)
(27, 39, 26)

(28, 0, 454)
(28, 1, 445)
(28, 2, 423)
(28, 3, 399)
(28, 4, 347)
(28, 5, 330)
(28, 6, 290)
(28, 7, 251)
(28, 8, 227)
(28, 9, 215)
(28, 10, 196)
(28, 11, 181)
(28, 12, 166)
(28, 13, 161)
(28, 14, 147)
(28, 15, 134)
(28, 16, 130)
(28, 17, 121)
(28, 18, 109)
(28, 19, 101)
(28, 20, 96)
(28, 21, 87)
(28, 22, 73)
(28, 23, 69)
(28, 24, 67)
(28, 25, 64)
(28, 26, 64)
(28, 27, 61)
(28, 28, 54)
(28, 29, 50)
(28, 30, 49)
(28, 31, 46)
(28, 32, 41)
(28, 33, 41)
(28, 34, 39)
(28, 35, 37)
(28, 36, 37)
(28, 37, 36)
(28, 38, 31)
(28, 39, 29)

(29, 0, 459)
(29, 1, 450)
(29, 2, 428)
(29, 3, 404)
(29, 4, 352)
(29, 5, 334)
(29, 6, 294)
(29, 7, 255)
(29, 8, 231)
(29, 9, 219)
(29, 10, 200)
(29, 11, 185)
(29, 12, 169)
(29, 13, 164)
(29, 14, 150)
(29, 15, 137)
(29, 16, 133)
(29, 17, 124)
(29, 18, 112)
(29, 19, 104)
(29, 20, 99)
(29, 21, 90)
(29, 22, 76)
(29, 23, 71)
(29, 24, 68)
(29, 25, 65)
(29, 26, 65)
(29, 27, 62)
(29, 28, 55)
(29, 29, 50)
(29, 30, 49)
(29, 31, 46)
(29, 32, 41)
(29, 33, 41)
(29, 34, 39)
(29, 35, 37)
(29, 36, 37)
(29, 37, 36)
(29, 38, 31)
(29, 39, 29)

(30, 0, 460)
(30, 1, 451)
(30, 2, 429)
(30, 3, 405)
(30, 4, 353)
(30, 5, 335)
(30, 6, 295)
(30, 7, 256)
(30, 8, 232)
(30, 9, 220)
(30, 10, 201)
(30, 11, 186)
(30, 12, 169)
(30, 13, 164)
(30, 14, 150)
(30, 15, 137)
(30, 16, 133)
(30, 17, 124)
(30, 18, 112)
(30, 19, 104)
(30, 20, 99)
(30, 21, 90)
(30, 22, 76)
(30, 23, 71)
(30, 24, 68)
(30, 25, 65)
(30, 26, 65)
(30, 27, 62)
(30, 28, 55)
(30, 29, 50)
(30, 30, 49)
(30, 31, 46)
(30, 32, 41)
(30, 33, 41)
(30, 34, 39)
(30, 35, 37)
(30, 36, 37)
(30, 37, 36)
(30, 38, 31)
(30, 39, 29)

(31, 0, 461)
(31, 1, 452)
(31, 2, 430)
(31, 3, 406)
(31, 4, 354)
(31, 5, 336)
(31, 6, 296)
(31, 7, 257)
(31, 8, 233)
(31, 9, 221)
(31, 10, 202)
(31, 11, 187)
(31, 12, 170)
(31, 13, 165)
(31, 14, 151)
(31, 15, 138)
(31, 16, 134)
(31, 17, 125)
(31, 18, 113)
(31, 19, 105)
(31, 20, 100)
(31, 21, 91)
(31, 22, 77)
(31, 23, 72)
(31, 24, 69)
(31, 25, 66)
(31, 26, 66)
(31, 27, 63)
(31, 28, 56)
(31, 29, 51)
(31, 30, 50)
(31, 31, 47)
(31, 32, 42)
(31, 33, 42)
(31, 34, 40)
(31, 35, 38)
(31, 36, 38)
(31, 37, 37)
(31, 38, 32)
(31, 39, 30)

(32, 0, 461)
(32, 1, 452)
(32, 2, 430)
(32, 3, 406)
(32, 4, 354)
(32, 5, 336)
(32, 6, 296)
(32, 7, 257)
(32, 8, 233)
(32, 9, 221)
(32, 10, 202)
(32, 11, 187)
(32, 12, 170)
(32, 13, 165)
(32, 14, 151)
(32, 15, 138)
(32, 16, 134)
(32, 17, 125)
(32, 18, 113)
(32, 19, 105)
(32, 20, 100)
(32, 21, 91)
(32, 22, 77)
(32, 23, 72)
(32, 24, 69)
(32, 25, 66)
(32, 26, 66)
(32, 27, 63)
(32, 28, 56)
(32, 29, 51)
(32, 30, 50)
(32, 31, 47)
(32, 32, 42)
(32, 33, 42)
(32, 34, 40)
(32, 35, 38)
(32, 36, 38)
(32, 37, 37)
(32, 38, 32)
(32, 39, 30)

(33, 0, 463)
(33, 1, 454)
(33, 2, 432)
(33, 3, 408)
(33, 4, 356)
(33, 5, 338)
(33, 6, 298)
(33, 7, 259)
(33, 8, 235)
(33, 9, 223)
(33, 10, 204)
(33, 11, 189)
(33, 12, 172)
(33, 13, 167)
(33, 14, 153)
(33, 15, 140)
(33, 16, 136)
(33, 17, 127)
(33, 18, 115)
(33, 19, 107)
(33, 20, 102)
(33, 21, 93)
(33, 22, 79)
(33, 23, 74)
(33, 24, 71)
(33, 25, 68)
(33, 26, 68)
(33, 27, 65)
(33, 28, 58)
(33, 29, 53)
(33, 30, 52)
(33, 31, 49)
(33, 32, 44)
(33, 33, 44)
(33, 34, 42)
(33, 35, 40)
(33, 36, 40)
(33, 37, 39)
(33, 38, 34)
(33, 39, 32)

(34, 0, 468)
(34, 1, 459)
(34, 2, 437)
(34, 3, 413)
(34, 4, 361)
(34, 5, 343)
(34, 6, 303)
(34, 7, 264)
(34, 8, 240)
(34, 9, 228)
(34, 10, 209)
(34, 11, 194)
(34, 12, 177)
(34, 13, 172)
(34, 14, 158)
(34, 15, 144)
(34, 16, 140)
(34, 17, 131)
(34, 18, 118)
(34, 19, 110)
(34, 20, 104)
(34, 21, 95)
(34, 22, 81)
(34, 23, 76)
(34, 24, 73)
(34, 25, 70)
(34, 26, 70)
(34, 27, 67)
(34, 28, 60)
(34, 29, 55)
(34, 30, 53)
(34, 31, 50)
(34, 32, 45)
(34, 33, 45)
(34, 34, 43)
(34, 35, 41)
(34, 36, 41)
(34, 37, 40)
(34, 38, 35)
(34, 39, 33)

(35, 0, 470)
(35, 1, 461)
(35, 2, 439)
(35, 3, 415)
(35, 4, 363)
(35, 5, 345)
(35, 6, 305)
(35, 7, 266)
(35, 8, 242)
(35, 9, 230)
(35, 10, 211)
(35, 11, 196)
(35, 12, 179)
(35, 13, 174)
(35, 14, 160)
(35, 15, 146)
(35, 16, 142)
(35, 17, 133)
(35, 18, 120)
(35, 19, 112)
(35, 20, 106)
(35, 21, 97)
(35, 22, 83)
(35, 23, 78)
(35, 24, 75)
(35, 25, 72)
(35, 26, 72)
(35, 27, 69)
(35, 28, 62)
(35, 29, 57)
(35, 30, 55)
(35, 31, 52)
(35, 32, 47)
(35, 33, 47)
(35, 34, 44)
(35, 35, 41)
(35, 36, 41)
(35, 37, 40)
(35, 38, 35)
(35, 39, 33)

(36, 0, 473)
(36, 1, 464)
(36, 2, 442)
(36, 3, 418)
(36, 4, 366)
(36, 5, 348)
(36, 6, 308)
(36, 7, 269)
(36, 8, 245)
(36, 9, 233)
(36, 10, 214)
(36, 11, 199)
(36, 12, 182)
(36, 13, 177)
(36, 14, 163)
(36, 15, 149)
(36, 16, 145)
(36, 17, 136)
(36, 18, 123)
(36, 19, 114)
(36, 20, 108)
(36, 21, 98)
(36, 22, 84)
(36, 23, 79)
(36, 24, 76)
(36, 25, 73)
(36, 26, 73)
(36, 27, 70)
(36, 28, 63)
(36, 29, 58)
(36, 30, 56)
(36, 31, 53)
(36, 32, 48)
(36, 33, 48)
(36, 34, 45)
(36, 35, 42)
(36, 36, 41)
(36, 37, 40)
(36, 38, 35)
(36, 39, 33)

(37, 0, 496)
(37, 1, 486)
(37, 2, 464)
(37, 3, 439)
(37, 4, 384)
(37, 5, 365)
(37, 6, 325)
(37, 7, 284)
(37, 8, 259)
(37, 9, 245)
(37, 10, 226)
(37, 11, 210)
(37, 12, 192)
(37, 13, 187)
(37, 14, 171)
(37, 15, 157)
(37, 16, 153)
(37, 17, 143)
(37, 18, 130)
(37, 19, 121)
(37, 20, 115)
(37, 21, 105)
(37, 22, 91)
(37, 23, 85)
(37, 24, 82)
(37, 25, 79)
(37, 26, 79)
(37, 27, 76)
(37, 28, 69)
(37, 29, 64)
(37, 30, 61)
(37, 31, 58)
(37, 32, 53)
(37, 33, 53)
(37, 34, 49)
(37, 35, 46)
(37, 36, 45)
(37, 37, 44)
(37, 38, 38)
(37, 39, 36)

(38, 0, 605)
(38, 1, 594)
(38, 2, 562)
(38, 3, 529)
(38, 4, 455)
(38, 5, 423)
(38, 6, 375)
(38, 7, 316)
(38, 8, 284)
(38, 9, 264)
(38, 10, 240)
(38, 11, 220)
(38, 12, 200)
(38, 13, 194)
(38, 14, 176)
(38, 15, 161)
(38, 16, 157)
(38, 17, 148)
(38, 18, 135)
(38, 19, 125)
(38, 20, 119)
(38, 21, 108)
(38, 22, 94)
(38, 23, 88)
(38, 24, 84)
(38, 25, 79)
(38, 26, 79)
(38, 27, 74)
(38, 28, 66)
(38, 29, 61)
(38, 30, 59)
(38, 31, 56)
(38, 32, 51)
(38, 33, 51)
(38, 34, 47)
(38, 35, 44)
(38, 36, 43)
(38, 37, 42)
(38, 38, 37)
(38, 39, 34)

(39, 0, 615)
(39, 1, 604)
(39, 2, 570)
(39, 3, 537)
(39, 4, 463)
(39, 5, 431)
(39, 6, 383)
(39, 7, 324)
(39, 8, 292)
(39, 9, 272)
(39, 10, 248)
(39, 11, 228)
(39, 12, 208)
(39, 13, 202)
(39, 14, 183)
(39, 15, 168)
(39, 16, 161)
(39, 17, 151)
(39, 18, 137)
(39, 19, 127)
(39, 20, 121)
(39, 21, 109)
(39, 22, 95)
(39, 23, 88)
(39, 24, 84)
(39, 25, 79)
(39, 26, 79)
(39, 27, 74)
(39, 28, 67)
(39, 29, 62)
(39, 30, 60)
(39, 31, 57)
(39, 32, 52)
(39, 33, 51)
(39, 34, 47)
(39, 35, 44)
(39, 36, 43)
(39, 37, 42)
(39, 38, 36)
(39, 39, 34)


Betti numbers:
xi_0:
(0, 0, 5)
(1, 0, 3)
(2, 0, 9)
(3, 0, 23)
(4, 0, 60)
(5, 0, 73)
(6, 0, 36)
(7, 0, 27)
(8, 0, 14)
(9, 0, 10)
(17, 0, 7)
(18, 0, 14)
(19, 0, 2)
(20, 0, 5)
(21, 0, 6)
(22, 0, 5)
(23, 0, 5)
(24, 0, 34)
(25, 0, 101)
(26, 0, 12)
(28, 0, 3)
(29, 0, 5)
(30, 0, 1)
(31, 0, 1)
(33, 0, 2)
(34, 0, 5)
(35, 0, 2)
(36, 0, 3)
(37, 0, 23)
(38, 0, 109)
(39, 0, 10)
xi_1:
(0, 6, 3)
(0, 15, 1)
(1, 6, 1)
(1, 27, 1)
(2, 6, 3)
(2, 15, 1)
(3, 4, 1)
(3, 6, 1)
(3, 7, 3)
(3, 8, 3)
(3, 11, 2)
(3, 13, 1)
(3, 14, 1)
(3, 17, 1)
(3, 19, 1)
(3, 21, 1)
(3, 22, 1)
(3, 23, 1)
(3, 34, 2)
(4, 3, 4)
(4, 4, 2)
(4, 5, 2)
(4, 6, 9)
(4, 7, 6)
(4, 9, 2)
(4, 10, 4)
(4, 11, 3)
(4, 12, 3)
(4, 13, 1)
(4, 14, 1)
(4, 15, 2)
(4, 16, 1)
(4, 17, 2)
(4, 18, 2)
(4, 19, 1)
(4, 20, 2)
(4, 21, 4)
(4, 22, 1)
(4, 23, 1)
(4, 24, 1)
(4, 28, 2)
(4, 29, 1)
(4, 32, 2)
(4, 33, 1)
(4, 35, 1)
(5, 1, 8)
(5, 2, 12)
(5, 3, 11)
(5, 4, 6)
(5, 5, 1)
(5, 6, 2)
(5, 7, 7)
(5, 8, 3)
(5, 9, 2)
(5, 10, 5)
(5, 11, 1)
(5, 12, 4)
(5, 14, 1)
(5, 17, 2)
(5, 18, 1)
(5, 19, 1)
(5, 20, 1)
(5, 21, 2)
(5, 22, 2)
(5, 25, 1)
(5, 28, 1)
(5, 29, 1)
(5, 32, 1)
(6, 2, 1)
(6, 3, 1)
(6, 4, 2)
(6, 5, 3)
(6, 6, 3)
(6, 7, 5)
(6, 8, 1)
(6, 10, 4)
(6, 11, 1)
(6, 12, 3)
(6, 14, 1)
(6, 18, 2)
(6, 19, 1)
(6, 23, 1)
(6, 27, 1)
(6, 28, 1)
(6, 29, 2)
(6, 31, 1)
(7, 3, 2)
(7, 4, 5)
(7, 6, 3)
(7, 7, 2)
(7, 8, 1)
(7, 9, 2)
(7, 10, 1)
(7, 11, 3)
(7, 12, 2)
(7, 15, 1)
(7, 17, 1)
(7, 21, 1)
(7, 28, 1)
(7, 37, 1)
(7, 39, 1)
(8, 6, 1)
(8, 11, 1)
(8, 14, 2)
(8, 15, 2)
(8, 17, 1)
(8, 18, 1)
(8, 24, 1)
(8, 28, 2)
(8, 31, 1)
(8, 34, 1)
(8, 35, 1)
(8, 39, 1)
(9, 4, 6)
(9, 8, 2)
(9, 9, 1)
(9, 19, 1)
(17, 6, 1)
(17, 10, 1)
(17, 15, 1)
(17, 21, 1)
(18, 8, 2)
(18, 14, 2)
(18, 15, 2)
(18, 16, 1)
(18, 17, 1)
(18, 18, 2)
(18, 19, 2)
(18, 22, 3)
(18, 38, 2)
(19, 14, 1)
(19, 22, 1)
(20, 10, 1)
(20, 22, 1)
(20, 34, 2)
(21, 6, 2)
(21, 11, 1)
(21, 18, 1)
(21, 22, 1)
(21, 25, 1)
(21, 31, 1)
(21, 32, 1)
(22, 6, 1)
(22, 11, 1)
(22, 22, 2)
(22, 32, 1)
(23, 1, 1)
(23, 21, 1)
(23, 22, 1)
(24, 2, 1)
(24, 4, 4)
(24, 5, 1)
(24, 6, 2)
(24, 7, 5)
(24, 8, 1)
(24, 10, 2)
(24, 11, 2)
(24, 13, 1)
(24, 14, 2)
(24, 18, 2)
(24, 20, 1)
(24, 22, 1)
(24, 23, 1)
(24, 25, 1)
(24, 27, 1)
(24, 28, 1)
(24, 35, 1)
(24, 38, 1)
(25, 2, 8)
(25, 3, 7)
(25, 4, 24)
(25, 5, 10)
(25, 6, 7)
(25, 7, 11)
(25, 8, 11)
(25, 9, 6)
(25, 10, 2)
(25, 11, 1)
(25, 12, 3)
(25, 14, 1)
(25, 15, 1)
(25, 16, 3)
(25, 17, 1)
(25, 18, 2)
(25, 19, 4)
(25, 20, 1)
(25, 21, 1)
(25, 24, 1)
(25, 27, 1)
(25, 30, 1)
(25, 38, 2)
(26, 4, 2)
(26, 6, 1)
(26, 7, 1)
(26, 11, 1)
(26, 13, 2)
(26, 14, 2)
(26, 15, 2)
(26, 20, 1)
(26, 23, 1)
(26, 25, 1)
(26, 39, 1)
(29, 5, 1)
(29, 12, 1)
(29, 23, 1)
(29, 24, 1)
(29, 29, 1)
(30, 12, 1)
(34, 15, 1)
(34, 18, 1)
(34, 20, 1)
(34, 30, 1)
(35, 34, 1)
(35, 35, 1)
(36, 19, 1)
(36, 21, 1)
(36, 36, 1)
(37, 1, 1)
(37, 3, 1)
(37, 4, 3)
(37, 5, 1)
(37, 7, 2)
(37, 8, 1)
(37, 9, 2)
(37, 11, 1)
(37, 12, 1)
(37, 14, 2)
(37, 17, 1)
(37, 23, 1)
(37, 30, 1)
(37, 34, 1)
(37, 38, 1)
(38, 1, 1)
(38, 2, 10)
(38, 3, 8)
(38, 4, 19)
(38, 5, 13)
(38, 6, 8)
(38, 7, 18)
(38, 8, 7)
(38, 9, 6)
(38, 10, 5)
(38, 11, 4)
(38, 12, 2)
(38, 13, 1)
(38, 14, 3)
(38, 15, 1)
(38, 19, 1)
(38, 21, 1)
(38, 24, 1)
(38, 25, 2)
(38, 27, 2)
(38, 28, 1)
(38, 39, 1)
(39, 2, 2)
(39, 14, 1)
(39, 16, 3)
(39, 17, 1)
(39, 18, 1)
(39, 21, 1)
(39, 23, 1)
(39, 33, 1)
(39, 38, 1)
xi_2:
(4, 11, 1)
(4, 19, 1)
(4, 21, 1)
(4, 34, 1)
(5, 3, 1)
(5, 9, 1)
(5, 23, 1)
(5, 24, 1)
(5, 33, 1)
(6, 19, 1)
(7, 19, 1)
(8, 39, 1)
(18, 21, 1)
(21, 34, 2)
(25, 7, 1)
(25, 10, 1)
(25, 11, 1)
(25, 18, 1)
(25, 20, 1)
(25, 25, 1)
(25, 27, 1)
(25, 35, 1)
(26, 16, 1)
(26, 28, 1)
(38, 14, 1)
(38, 17, 1)
(38, 30, 1)
(38, 38, 1)
(39, 28, 1)
(39, 39, 1)
