x-grades
-1146711494216480479/400000000000000000
-564846395980346599/200000000000000000
-1112674089704905917/400000000000000000
-273913846862279659/100000000000000000
-215727337038666271/80000000000000000
-530808991468772037/200000000000000000
-1044599280681756793/400000000000000000
-128447572303246189/50000000000000000
-1010561876170182231/400000000000000000
-19870863478287899/8000000000000000
-976524471658607669/400000000000000000
-239876442350705097/100000000000000000
-942487067147033107/400000000000000000
-462734182445622913/200000000000000000
-181689932527091709/80000000000000000
-27857217511864727/12500000000000000
-874412258123883983/400000000000000000
-428696777934048351/200000000000000000
-840374853612309421/400000000000000000
-41167807567826107/20000000000000000
-806337449100734859/400000000000000000
-394659373422473789/200000000000000000
-772300044589160297/400000000000000000
-94410167791671627/50000000000000000
-147652528015517147/80000000000000000
-360621968910899227/200000000000000000
-704225235566011173/400000000000000000
-171801633327555973/100000000000000000
-670187831054436611/400000000000000000
-65316912879864933/40000000000000000
-636150426542862049/400000000000000000
-38695732767942173/25000000000000000
-602113022031287487/400000000000000000
-292547159887750103/200000000000000000
-22723024700788517/16000000000000000
-137764228815981411/100000000000000000
-534038213008138363/400000000000000000
-258509755376175541/200000000000000000
-500000808496563801/400000000000000000
-12074552656019413/10000000000000000

y-grades
1/4
1/2
3/4
1
5/4
3/2
7/4
2
9/4
5/2
11/4
3
13/4
7/2
15/4
4
17/4
9/2
19/4
5
21/4
11/2
23/4
6
25/4
13/2
27/4
7
29/4
15/2
31/4
8
33/4
17/2
35/4
9
37/4
19/2
39/4
10

Dimensions > 0:
(0, 0, 1)
(0, 1, 1)
(0, 2, 1)
(0, 3, 1)
(0, 4, 1)
(0, 5, 1)
(0, 6, 1)
(0, 7, 1)
(0, 8, 1)
(0, 9, 1)
(0, 10, 1)
(0, 11, 1)
(0, 12, 1)
(0, 13, 1)
(0, 14, 1)
(0, 15, 1)
(0, 16, 1)
(0, 17, 1)
(0, 18, 1)
(0, 19, 1)
(0, 20, 1)
(0, 21, 1)
(0, 22, 1)
(0, 23, 1)
(0, 24, 1)
(0, 25, 1)
(0, 26, 1)
(0, 27, 1)
(0, 28, 1)
(0, 29, 1)
(0, 30, 1)
(0, 31, 1)
(0, 32, 1)
(0, 33, 1)
(0, 34, 1)
(0, 35, 1)
(0, 36, 1)
(0, 37, 1)
(0, 38, 1)
(0, 39, 1)

(1, 0, 4)
(1, 1, 3)
(1, 2, 3)
(1, 3, 3)
(1, 4, 2)
(1, 5, 2)
(1, 6, 2)
(1, 7, 2)
(1, 8, 2)
(1, 9, 2)
(1, 10, 2)
(1, 11, 2)
(1, 12, 2)
(1, 13, 2)
(1, 14, 1)
(1, 15, 1)
(1, 16, 1)
(1, 17, 1)
(1, 18, 1)
(1, 19, 1)
(1, 20, 1)
(1, 21, 1)
(1, 22, 1)
(1, 23, 1)
(1, 24, 1)
(1, 25, 1)
(1, 26, 1)
(1, 27, 1)
(1, 28, 1)
(1, 29, 1)
(1, 30, 1)
(1, 31, 1)
(1, 32, 1)
(1, 33, 1)
(1, 34, 1)
(1, 35, 1)
(1, 36, 1)
(1, 37, 1)
(1, 38, 1)
(1, 39, 1)

(2, 0, 13)
(2, 1, 10)
(2, 2, 6)
(2, 3, 6)
(2, 4, 5)
(2, 5, 5)
(2, 6, 5)
(2, 7, 4)
(2, 8, 4)
(2, 9, 4)
(2, 10, 4)
(2, 11, 4)
(2, 12, 4)
(2, 13, 4)
(2, 14, 3)
(2, 15, 3)
(2, 16, 3)
(2, 17, 3)
(2, 18, 3)
(2, 19, 3)
(2, 20, 3)
(2, 21, 3)
(2, 22, 3)
(2, 23, 3)
(2, 24, 3)
(2, 25, 3)
(2, 26, 3)
(2, 27, 3)
(2, 28, 3)
(2, 29, 3)
(2, 30, 3)
(2, 31, 3)
(2, 32, 3)
(2, 33, 3)
(2, 34, 3)
(2, 35, 3)
(2, 36, 3)
(2, 37, 3)
(2, 38, 3)
(2, 39, 3)

(3, 0, 22)
(3, 1, 18)
(3, 2, 11)
(3, 3, 10)
(3, 4, 9)
(3, 5, 9)
(3, 6, 9)
(3, 7, 7)
(3, 8, 6)
(3, 9, 6)
(3, 10, 6)
(3, 11, 6)
(3, 12, 5)
(3, 13, 5)
(3, 14, 4)
(3, 15, 4)
(3, 16, 4)
(3, 17, 4)
(3, 18, 3)
(3, 19, 3)
(3, 20, 3)
(3, 21, 3)
(3, 22, 3)
(3, 23, 3)
(3, 24, 3)
(3, 25, 3)
(3, 26, 3)
(3, 27, 3)
(3, 28, 3)
(3, 29, 3)
(3, 30, 3)
(3, 31, 3)
(3, 32, 3)
(3, 33, 3)
(3, 34, 3)
(3, 35, 3)
(3, 36, 3)
(3, 37, 3)
(3, 38, 3)
(3, 39, 3)

(4, 0, 30)
(4, 1, 26)
(4, 2, 18)
(4, 3, 17)
(4, 4, 16)
(4, 5, 15)
(4, 6, 13)
(4, 7, 9)
(4, 8, 9)
(4, 9, 9)
(4, 10, 9)
(4, 11, 7)
(4, 12, 7)
(4, 13, 7)
(4, 14, 6)
(4, 15, 5)
(4, 16, 5)
(4, 17, 5)
(4, 18, 4)
(4, 19, 4)
(4, 20, 4)
(4, 21, 3)
(4, 22, 3)
(4, 23, 3)
(4, 24, 3)
(4, 25, 3)
(4, 26, 3)
(4, 27, 3)
(4, 28, 3)
(4, 29, 3)
(4, 30, 3)
(4, 31, 3)
(4, 32, 2)
(4, 33, 2)
(4, 34, 2)
(4, 35, 2)
(4, 36, 2)
(4, 37, 2)
(4, 38, 2)
(4, 39, 2)

(5, 0, 39)
(5, 1, 35)
(5, 2, 24)
(5, 3, 23)
(5, 4, 22)
(5, 5, 20)
(5, 6, 17)
(5, 7, 12)
(5, 8, 11)
(5, 9, 11)
(5, 10, 11)
(5, 11, 9)
(5, 12, 9)
(5, 13, 9)
(5, 14, 8)
(5, 15, 7)
(5, 16, 7)
(5, 17, 7)
(5, 18, 6)
(5, 19, 6)
(5, 20, 6)
(5, 21, 5)
(5, 22, 5)
(5, 23, 3)
(5, 24, 3)
(5, 25, 3)
(5, 26, 3)
(5, 27, 3)
(5, 28, 3)
(5, 29, 3)
(5, 30, 3)
(5, 31, 3)
(5, 32, 2)
(5, 33, 2)
(5, 34, 2)
(5, 35, 2)
(5, 36, 2)
(5, 37, 1)
(5, 38, 1)
(5, 39, 1)

(6, 0, 49)
(6, 1, 44)
(6, 2, 28)
(6, 3, 26)
(6, 4, 25)
(6, 5, 22)
(6, 6, 20)
(6, 7, 15)
(6, 8, 14)
(6, 9, 14)
(6, 10, 14)
(6, 11, 12)
(6, 12, 12)
(6, 13, 12)
(6, 14, 11)
(6, 15, 10)
(6, 16, 10)
(6, 17, 10)
(6, 18, 8)
(6, 19, 8)
(6, 20, 8)
(6, 21, 7)
(6, 22, 7)
(6, 23, 3)
(6, 24, 3)
(6, 25, 3)
(6, 26, 3)
(6, 27, 3)
(6, 28, 3)
(6, 29, 2)
(6, 30, 1)
(6, 31, 1)
(6, 32, 1)
(6, 33, 1)
(6, 34, 1)
(6, 35, 1)
(6, 36, 1)
(6, 37, 1)
(6, 38, 1)
(6, 39, 1)

(7, 0, 63)
(7, 1, 56)
(7, 2, 39)
(7, 3, 35)
(7, 4, 34)
(7, 5, 31)
(7, 6, 28)
(7, 7, 19)
(7, 8, 18)
(7, 9, 18)
(7, 10, 18)
(7, 11, 15)
(7, 12, 14)
(7, 13, 13)
(7, 14, 12)
(7, 15, 10)
(7, 16, 9)
(7, 17, 8)
(7, 18, 7)
(7, 19, 7)
(7, 20, 7)
(7, 21, 6)
(7, 22, 6)
(7, 23, 2)
(7, 24, 2)
(7, 25, 2)
(7, 26, 2)
(7, 27, 2)
(7, 28, 2)
(7, 29, 2)
(7, 30, 1)
(7, 31, 1)
(7, 32, 1)
(7, 33, 1)
(7, 34, 1)
(7, 35, 1)
(7, 36, 1)
(7, 37, 1)
(7, 38, 1)
(7, 39, 1)

(8, 0, 72)
(8, 1, 65)
(8, 2, 47)
(8, 3, 43)
(8, 4, 40)
(8, 5, 37)
(8, 6, 34)
(8, 7, 25)
(8, 8, 24)
(8, 9, 23)
(8, 10, 22)
(8, 11, 19)
(8, 12, 18)
(8, 13, 17)
(8, 14, 13)
(8, 15, 11)
(8, 16, 10)
(8, 17, 9)
(8, 18, 8)
(8, 19, 8)
(8, 20, 8)
(8, 21, 7)
(8, 22, 7)
(8, 23, 3)
(8, 24, 3)
(8, 25, 3)
(8, 26, 3)
(8, 27, 3)
(8, 28, 3)
(8, 29, 3)
(8, 30, 2)
(8, 31, 2)
(8, 32, 2)
(8, 33, 2)
(8, 34, 2)
(8, 35, 2)
(8, 36, 2)
(8, 37, 2)
(8, 38, 2)
(8, 39, 2)

(9, 0, 78)
(9, 1, 71)
(9, 2, 53)
(9, 3, 48)
(9, 4, 45)
(9, 5, 42)
(9, 6, 39)
(9, 7, 30)
(9, 8, 28)
(9, 9, 27)
(9, 10, 26)
(9, 11, 23)
(9, 12, 22)
(9, 13, 21)
(9, 14, 13)
(9, 15, 11)
(9, 16, 10)
(9, 17, 9)
(9, 18, 8)
(9, 19, 8)
(9, 20, 8)
(9, 21, 7)
(9, 22, 7)
(9, 23, 3)
(9, 24, 3)
(9, 25, 3)
(9, 26, 3)
(9, 27, 3)
(9, 28, 3)
(9, 29, 3)
(9, 30, 2)
(9, 31, 2)
(9, 32, 2)
(9, 33, 2)
(9, 34, 2)
(9, 35, 2)
(9, 36, 2)
(9, 37, 2)
(9, 38, 2)
(9, 39, 2)

(10, 0, 81)
(10, 1, 74)
(10, 2, 56)
(10, 3, 51)
(10, 4, 48)
(10, 5, 45)
(10, 6, 42)
(10, 7, 33)
(10, 8, 31)
(10, 9, 30)
(10, 10, 28)
(10, 11, 25)
(10, 12, 24)
(10, 13, 23)
(10, 14, 13)
(10, 15, 11)
(10, 16, 10)
(10, 17, 9)
(10, 18, 8)
(10, 19, 8)
(10, 20, 8)
(10, 21, 7)
(10, 22, 7)
(10, 23, 3)
(10, 24, 3)
(10, 25, 3)
(10, 26, 3)
(10, 27, 3)
(10, 28, 3)
(10, 29, 3)
(10, 30, 2)
(10, 31, 2)
(10, 32, 2)
(10, 33, 2)
(10, 34, 2)
(10, 35, 2)
(10, 36, 2)
(10, 37, 2)
(10, 38, 2)
(10, 39, 2)

(11, 0, 87)
(11, 1, 77)
(11, 2, 58)
(11, 3, 53)
(11, 4, 50)
(11, 5, 47)
(11, 6, 44)
(11, 7, 35)
(11, 8, 33)
(11, 9, 32)
(11, 10, 30)
(11, 11, 27)
(11, 12, 26)
(11, 13, 25)
(11, 14, 14)
(11, 15, 12)
(11, 16, 11)
(11, 17, 10)
(11, 18, 9)
(11, 19, 9)
(11, 20, 9)
(11, 21, 8)
(11, 22, 8)
(11, 23, 4)
(11, 24, 4)
(11, 25, 4)
(11, 26, 4)
(11, 27, 4)
(11, 28, 4)
(11, 29, 4)
(11, 30, 3)
(11, 31, 3)
(11, 32, 3)
(11, 33, 3)
(11, 34, 3)
(11, 35, 3)
(11, 36, 3)
(11, 37, 3)
(11, 38, 3)
(11, 39, 3)

(12, 0, 100)
(12, 1, 82)
(12, 2, 61)
(12, 3, 55)
(12, 4, 51)
(12, 5, 47)
(12, 6, 44)
(12, 7, 35)
(12, 8, 33)
(12, 9, 32)
(12, 10, 30)
(12, 11, 27)
(12, 12, 26)
(12, 13, 25)
(12, 14, 14)
(12, 15, 12)
(12, 16, 11)
(12, 17, 10)
(12, 18, 9)
(12, 19, 9)
(12, 20, 9)
(12, 21, 8)
(12, 22, 8)
(12, 23, 4)
(12, 24, 4)
(12, 25, 4)
(12, 26, 4)
(12, 27, 4)
(12, 28, 4)
(12, 29, 4)
(12, 30, 3)
(12, 31, 3)
(12, 32, 3)
(12, 33, 3)
(12, 34, 3)
(12, 35, 3)
(12, 36, 3)
(12, 37, 3)
(12, 38, 3)
(12, 39, 3)

(13, 0, 113)
(13, 1, 89)
(13, 2, 68)
(13, 3, 61)
(13, 4, 57)
(13, 5, 53)
(13, 6, 50)
(13, 7, 41)
(13, 8, 39)
(13, 9, 38)
(13, 10, 36)
(13, 11, 33)
(13, 12, 30)
(13, 13, 29)
(13, 14, 18)
(13, 15, 16)
(13, 16, 15)
(13, 17, 14)
(13, 18, 13)
(13, 19, 13)
(13, 20, 13)
(13, 21, 12)
(13, 22, 12)
(13, 23, 8)
(13, 24, 7)
(13, 25, 7)
(13, 26, 7)
(13, 27, 7)
(13, 28, 7)
(13, 29, 7)
(13, 30, 5)
(13, 31, 5)
(13, 32, 5)
(13, 33, 5)
(13, 34, 5)
(13, 35, 5)
(13, 36, 5)
(13, 37, 5)
(13, 38, 5)
(13, 39, 5)

(14, 0, 139)
(14, 1, 104)
(14, 2, 82)
(14, 3, 73)
(14, 4, 69)
(14, 5, 65)
(14, 6, 61)
(14, 7, 49)
(14, 8, 47)
(14, 9, 46)
(14, 10, 44)
(14, 11, 41)
(14, 12, 35)
(14, 13, 34)
(14, 14, 23)
(14, 15, 20)
(14, 16, 19)
(14, 17, 18)
(14, 18, 17)
(14, 19, 17)
(14, 20, 17)
(14, 21, 16)
(14, 22, 16)
(14, 23, 11)
(14, 24, 11)
(14, 25, 11)
(14, 26, 11)
(14, 27, 11)
(14, 28, 11)
(14, 29, 11)
(14, 30, 9)
(14, 31, 9)
(14, 32, 9)
(14, 33, 9)
(14, 34, 9)
(14, 35, 9)
(14, 36, 8)
(14, 37, 8)
(14, 38, 8)
(14, 39, 8)

(15, 0, 155)
(15, 1, 113)
(15, 2, 89)
(15, 3, 80)
(15, 4, 75)
(15, 5, 71)
(15, 6, 67)
(15, 7, 52)
(15, 8, 50)
(15, 9, 49)
(15, 10, 47)
(15, 11, 44)
(15, 12, 37)
(15, 13, 36)
(15, 14, 25)
(15, 15, 22)
(15, 16, 21)
(15, 17, 20)
(15, 18, 19)
(15, 19, 19)
(15, 20, 19)
(15, 21, 18)
(15, 22, 18)
(15, 23, 11)
(15, 24, 11)
(15, 25, 11)
(15, 26, 11)
(15, 27, 11)
(15, 28, 11)
(15, 29, 11)
(15, 30, 9)
(15, 31, 9)
(15, 32, 9)
(15, 33, 9)
(15, 34, 9)
(15, 35, 9)
(15, 36, 8)
(15, 37, 8)
(15, 38, 8)
(15, 39, 8)

(16, 0, 179)
(16, 1, 128)
(16, 2, 100)
(16, 3, 90)
(16, 4, 84)
(16, 5, 80)
(16, 6, 76)
(16, 7, 59)
(16, 8, 57)
(16, 9, 56)
(16, 10, 54)
(16, 11, 51)
(16, 12, 42)
(16, 13, 41)
(16, 14, 30)
(16, 15, 26)
(16, 16, 24)
(16, 17, 23)
(16, 18, 22)
(16, 19, 22)
(16, 20, 22)
(16, 21, 21)
(16, 22, 21)
(16, 23, 13)
(16, 24, 13)
(16, 25, 13)
(16, 26, 13)
(16, 27, 13)
(16, 28, 13)
(16, 29, 13)
(16, 30, 11)
(16, 31, 11)
(16, 32, 11)
(16, 33, 11)
(16, 34, 11)
(16, 35, 11)
(16, 36, 10)
(16, 37, 10)
(16, 38, 10)
(16, 39, 10)

(17, 0, 214)
(17, 1, 162)
(17, 2, 128)
(17, 3, 117)
(17, 4, 111)
(17, 5, 104)
(17, 6, 98)
(17, 7, 74)
(17, 8, 71)
(17, 9, 65)
(17, 10, 63)
(17, 11, 57)
(17, 12, 47)
(17, 13, 46)
(17, 14, 35)
(17, 15, 27)
(17, 16, 25)
(17, 17, 24)
(17, 18, 23)
(17, 19, 23)
(17, 20, 22)
(17, 21, 21)
(17, 22, 21)
(17, 23, 13)
(17, 24, 13)
(17, 25, 13)
(17, 26, 13)
(17, 27, 13)
(17, 28, 13)
(17, 29, 13)
(17, 30, 11)
(17, 31, 11)
(17, 32, 11)
(17, 33, 11)
(17, 34, 11)
(17, 35, 11)
(17, 36, 10)
(17, 37, 10)
(17, 38, 9)
(17, 39, 9)

(18, 0, 251)
(18, 1, 198)
(18, 2, 155)
(18, 3, 143)
(18, 4, 137)
(18, 5, 126)
(18, 6, 118)
(18, 7, 86)
(18, 8, 81)
(18, 9, 69)
(18, 10, 66)
(18, 11, 61)
(18, 12, 51)
(18, 13, 50)
(18, 14, 39)
(18, 15, 28)
(18, 16, 25)
(18, 17, 24)
(18, 18, 22)
(18, 19, 22)
(18, 20, 22)
(18, 21, 21)
(18, 22, 21)
(18, 23, 13)
(18, 24, 13)
(18, 25, 13)
(18, 26, 13)
(18, 27, 13)
(18, 28, 13)
(18, 29, 13)
(18, 30, 11)
(18, 31, 11)
(18, 32, 10)
(18, 33, 10)
(18, 34, 10)
(18, 35, 10)
(18, 36, 9)
(18, 37, 9)
(18, 38, 9)
(18, 39, 8)

(19, 0, 281)
(19, 1, 222)
(19, 2, 172)
(19, 3, 160)
(19, 4, 151)
(19, 5, 139)
(19, 6, 131)
(19, 7, 96)
(19, 8, 91)
(19, 9, 78)
(19, 10, 74)
(19, 11, 69)
(19, 12, 58)
(19, 13, 56)
(19, 14, 45)
(19, 15, 32)
(19, 16, 29)
(19, 17, 28)
(19, 18, 25)
(19, 19, 25)
(19, 20, 25)
(19, 21, 23)
(19, 22, 23)
(19, 23, 14)
(19, 24, 14)
(19, 25, 14)
(19, 26, 14)
(19, 27, 14)
(19, 28, 14)
(19, 29, 14)
(19, 30, 12)
(19, 31, 12)
(19, 32, 12)
(19, 33, 12)
(19, 34, 12)
(19, 35, 12)
(19, 36, 11)
(19, 37, 11)
(19, 38, 11)
(19, 39, 9)

(20, 0, 296)
(20, 1, 235)
(20, 2, 185)
(20, 3, 170)
(20, 4, 161)
(20, 5, 147)
(20, 6, 139)
(20, 7, 99)
(20, 8, 94)
(20, 9, 80)
(20, 10, 76)
(20, 11, 71)
(20, 12, 60)
(20, 13, 58)
(20, 14, 47)
(20, 15, 32)
(20, 16, 29)
(20, 17, 27)
(20, 18, 25)
(20, 19, 25)
(20, 20, 25)
(20, 21, 23)
(20, 22, 23)
(20, 23, 14)
(20, 24, 14)
(20, 25, 14)
(20, 26, 14)
(20, 27, 14)
(20, 28, 14)
(20, 29, 14)
(20, 30, 11)
(20, 31, 11)
(20, 32, 11)
(20, 33, 11)
(20, 34, 11)
(20, 35, 11)
(20, 36, 10)
(20, 37, 10)
(20, 38, 10)
(20, 39, 8)

(21, 0, 310)
(21, 1, 246)
(21, 2, 196)
(21, 3, 178)
(21, 4, 168)
(21, 5, 154)
(21, 6, 146)
(21, 7, 101)
(21, 8, 96)
(21, 9, 82)
(21, 10, 78)
(21, 11, 73)
(21, 12, 62)
(21, 13, 60)
(21, 14, 49)
(21, 15, 33)
(21, 16, 28)
(21, 17, 26)
(21, 18, 24)
(21, 19, 24)
(21, 20, 24)
(21, 21, 22)
(21, 22, 22)
(21, 23, 13)
(21, 24, 13)
(21, 25, 13)
(21, 26, 13)
(21, 27, 13)
(21, 28, 13)
(21, 29, 13)
(21, 30, 11)
(21, 31, 11)
(21, 32, 11)
(21, 33, 11)
(21, 34, 11)
(21, 35, 11)
(21, 36, 10)
(21, 37, 10)
(21, 38, 10)
(21, 39, 8)

(22, 0, 320)
(22, 1, 256)
(22, 2, 206)
(22, 3, 187)
(22, 4, 175)
(22, 5, 160)
(22, 6, 151)
(22, 7, 103)
(22, 8, 98)
(22, 9, 84)
(22, 10, 80)
(22, 11, 75)
(22, 12, 63)
(22, 13, 61)
(22, 14, 50)
(22, 15, 33)
(22, 16, 28)
(22, 17, 26)
(22, 18, 24)
(22, 19, 24)
(22, 20, 24)
(22, 21, 22)
(22, 22, 22)
(22, 23, 12)
(22, 24, 12)
(22, 25, 12)
(22, 26, 12)
(22, 27, 12)
(22, 28, 12)
(22, 29, 12)
(22, 30, 11)
(22, 31, 11)
(22, 32, 11)
(22, 33, 11)
(22, 34, 11)
(22, 35, 11)
(22, 36, 10)
(22, 37, 10)
(22, 38, 10)
(22, 39, 8)

(23, 0, 321)
(23, 1, 257)
(23, 2, 207)
(23, 3, 188)
(23, 4, 176)
(23, 5, 161)
(23, 6, 152)
(23, 7, 103)
(23, 8, 98)
(23, 9, 84)
(23, 10, 80)
(23, 11, 75)
(23, 12, 63)
(23, 13, 61)
(23, 14, 50)
(23, 15, 33)
(23, 16, 28)
(23, 17, 26)
(23, 18, 24)
(23, 19, 24)
(23, 20, 24)
(23, 21, 22)
(23, 22, 22)
(23, 23, 12)
(23, 24, 12)
(23, 25, 12)
(23, 26, 12)
(23, 27, 12)
(23, 28, 12)
(23, 29, 12)
(23, 30, 11)
(23, 31, 11)
(23, 32, 11)
(23, 33, 11)
(23, 34, 11)
(23, 35, 11)
(23, 36, 10)
(23, 37, 10)
(23, 38, 10)
(23, 39, 8)

(24, 0, 322)
(24, 1, 258)
(24, 2, 208)
(24, 3, 189)
(24, 4, 177)
(24, 5, 162)
(24, 6, 153)
(24, 7, 103)
(24, 8, 98)
(24, 9, 84)
(24, 10, 80)
(24, 11, 75)
(24, 12, 63)
(24, 13, 61)
(24, 14, 50)
(24, 15, 33)
(24, 16, 28)
(24, 17, 26)
(24, 18, 24)
(24, 19, 24)
(24, 20, 24)
(24, 21, 22)
(24, 22, 22)
(24, 23, 12)
(24, 24, 12)
(24, 25, 12)
(24, 26, 12)
(24, 27, 12)
(24, 28, 12)
(24, 29, 12)
(24, 30, 11)
(24, 31, 11)
(24, 32, 11)
(24, 33, 11)
(24, 34, 11)
(24, 35, 11)
(24, 36, 10)
(24, 37, 10)
(24, 38, 10)
(24, 39, 8)

(25, 0, 327)
(25, 1, 263)
(25, 2, 213)
(25, 3, 194)
(25, 4, 182)
(25, 5, 167)
(25, 6, 158)
(25, 7, 105)
(25, 8, 100)
(25, 9, 86)
(25, 10, 82)
(25, 11, 77)
(25, 12, 65)
(25, 13, 63)
(25, 14, 52)
(25, 15, 35)
(25, 16, 30)
(25, 17, 28)
(25, 18, 26)
(25, 19, 26)
(25, 20, 26)
(25, 21, 24)
(25, 22, 24)
(25, 23, 13)
(25, 24, 13)
(25, 25, 13)
(25, 26, 13)
(25, 27, 13)
(25, 28, 13)
(25, 29, 13)
(25, 30, 12)
(25, 31, 12)
(25, 32, 12)
(25, 33, 12)
(25, 34, 12)
(25, 35, 12)
(25, 36, 11)
(25, 37, 11)
(25, 38, 11)
(25, 39, 9)

(26, 0, 332)
(26, 1, 267)
(26, 2, 217)
(26, 3, 198)
(26, 4, 186)
(26, 5, 171)
(26, 6, 162)
(26, 7, 108)
(26, 8, 103)
(26, 9, 89)
(26, 10, 85)
(26, 11, 79)
(26, 12, 67)
(26, 13, 65)
(26, 14, 54)
(26, 15, 37)
(26, 16, 32)
(26, 17, 30)
(26, 18, 28)
(26, 19, 28)
(26, 20, 28)
(26, 21, 26)
(26, 22, 26)
(26, 23, 15)
(26, 24, 15)
(26, 25, 15)
(26, 26, 15)
(26, 27, 15)
(26, 28, 15)
(26, 29, 15)
(26, 30, 14)
(26, 31, 14)
(26, 32, 14)
(26, 33, 14)
(26, 34, 14)
(26, 35, 14)
(26, 36, 13)
(26, 37, 13)
(26, 38, 13)
(26, 39, 11)

(27, 0, 332)
(27, 1, 267)
(27, 2, 217)
(27, 3, 198)
(27, 4, 186)
(27, 5, 171)
(27, 6, 162)
(27, 7, 108)
(27, 8, 103)
(27, 9, 89)
(27, 10, 85)
(27, 11, 79)
(27, 12, 67)
(27, 13, 65)
(27, 14, 54)
(27, 15, 37)
(27, 16, 32)
(27, 17, 30)
(27, 18, 28)
(27, 19, 28)
(27, 20, 28)
(27, 21, 26)
(27, 22, 26)
(27, 23, 15)
(27, 24, 15)
(27, 25, 15)
(27, 26, 15)
(27, 27, 15)
(27, 28, 15)
(27, 29, 15)
(27, 30, 14)
(27, 31, 14)
(27, 32, 14)
(27, 33, 14)
(27, 34, 14)
(27, 35, 14)
(27, 36, 13)
(27, 37, 13)
(27, 38, 13)
(27, 39, 11)

(28, 0, 333)
(28, 1, 268)
(28, 2, 218)
(28, 3, 199)
(28, 4, 187)
(28, 5, 172)
(28, 6, 163)
(28, 7, 109)
(28, 8, 104)
(28, 9, 90)
(28, 10, 86)
(28, 11, 80)
(28, 12, 68)
(28, 13, 66)
(28, 14, 55)
(28, 15, 37)
(28, 16, 32)
(28, 17, 30)
(28, 18, 28)
(28, 19, 28)
(28, 20, 28)
(28, 21, 26)
(28, 22, 26)
(28, 23, 15)
(28, 24, 15)
(28, 25, 15)
(28, 26, 15)
(28, 27, 15)
(28, 28, 15)
(28, 29, 15)
(28, 30, 14)
(28, 31, 14)
(28, 32, 14)
(28, 33, 14)
(28, 34, 14)
(28, 35, 14)
(28, 36, 13)
(28, 37, 13)
(28, 38, 13)
(28, 39, 11)

(29, 0, 340)
(29, 1, 275)
(29, 2, 225)
(29, 3, 206)
(29, 4, 193)
(29, 5, 178)
(29, 6, 169)
(29, 7, 112)
(29, 8, 107)
(29, 9, 93)
(29, 10, 89)
(29, 11, 83)
(29, 12, 71)
(29, 13, 68)
(29, 14, 57)
(29, 15, 39)
(29, 16, 34)
(29, 17, 32)
(29, 18, 30)
(29, 19, 30)
(29, 20, 30)
(29, 21, 28)
(29, 22, 28)
(29, 23, 16)
(29, 24, 15)
(29, 25, 15)
(29, 26, 15)
(29, 27, 15)
(29, 28, 15)
(29, 29, 15)
(29, 30, 14)
(29, 31, 14)
(29, 32, 14)
(29, 33, 14)
(29, 34, 14)
(29, 35, 14)
(29, 36, 13)
(29, 37, 13)
(29, 38, 13)
(29, 39, 11)

(30, 0, 345)
(30, 1, 280)
(30, 2, 229)
(30, 3, 207)
(30, 4, 194)
(30, 5, 179)
(30, 6, 170)
(30, 7, 112)
(30, 8, 107)
(30, 9, 93)
(30, 10, 89)
(30, 11, 83)
(30, 12, 71)
(30, 13, 68)
(30, 14, 57)
(30, 15, 38)
(30, 16, 33)
(30, 17, 31)
(30, 18, 29)
(30, 19, 29)
(30, 20, 29)
(30, 21, 27)
(30, 22, 27)
(30, 23, 15)
(30, 24, 15)
(30, 25, 15)
(30, 26, 15)
(30, 27, 15)
(30, 28, 15)
(30, 29, 15)
(30, 30, 14)
(30, 31, 14)
(30, 32, 14)
(30, 33, 14)
(30, 34, 14)
(30, 35, 14)
(30, 36, 13)
(30, 37, 13)
(30, 38, 13)
(30, 39, 10)

(31, 0, 347)
(31, 1, 282)
(31, 2, 230)
(31, 3, 208)
(31, 4, 194)
(31, 5, 179)
(31, 6, 170)
(31, 7, 112)
(31, 8, 107)
(31, 9, 93)
(31, 10, 89)
(31, 11, 83)
(31, 12, 71)
(31, 13, 68)
(31, 14, 57)
(31, 15, 38)
(31, 16, 33)
(31, 17, 31)
(31, 18, 29)
(31, 19, 29)
(31, 20, 29)
(31, 21, 27)
(31, 22, 27)
(31, 23, 15)
(31, 24, 15)
(31, 25, 15)
(31, 26, 15)
(31, 27, 15)
(31, 28, 15)
(31, 29, 15)
(31, 30, 14)
(31, 31, 14)
(31, 32, 14)
(31, 33, 14)
(31, 34, 14)
(31, 35, 14)
(31, 36, 13)
(31, 37, 13)
(31, 38, 13)
(31, 39, 10)

(32, 0, 355)
(32, 1, 288)
(32, 2, 235)
(32, 3, 211)
(32, 4, 197)
(32, 5, 182)
(32, 6, 173)
(32, 7, 115)
(32, 8, 110)
(32, 9, 96)
(32, 10, 92)
(32, 11, 86)
(32, 12, 73)
(32, 13, 70)
(32, 14, 59)
(32, 15, 40)
(32, 16, 35)
(32, 17, 33)
(32, 18, 31)
(32, 19, 31)
(32, 20, 31)
(32, 21, 29)
(32, 22, 29)
(32, 23, 17)
(32, 24, 17)
(32, 25, 17)
(32, 26, 17)
(32, 27, 17)
(32, 28, 17)
(32, 29, 17)
(32, 30, 16)
(32, 31, 16)
(32, 32, 16)
(32, 33, 16)
(32, 34, 16)
(32, 35, 16)
(32, 36, 15)
(32, 37, 15)
(32, 38, 15)
(32, 39, 11)

(33, 0, 359)
(33, 1, 292)
(33, 2, 239)
(33, 3, 215)
(33, 4, 200)
(33, 5, 185)
(33, 6, 176)
(33, 7, 118)
(33, 8, 113)
(33, 9, 98)
(33, 10, 94)
(33, 11, 87)
(33, 12, 74)
(33, 13, 71)
(33, 14, 59)
(33, 15, 40)
(33, 16, 35)
(33, 17, 33)
(33, 18, 31)
(33, 19, 31)
(33, 20, 31)
(33, 21, 29)
(33, 22, 29)
(33, 23, 17)
(33, 24, 17)
(33, 25, 17)
(33, 26, 17)
(33, 27, 17)
(33, 28, 17)
(33, 29, 17)
(33, 30, 16)
(33, 31, 16)
(33, 32, 16)
(33, 33, 16)
(33, 34, 16)
(33, 35, 16)
(33, 36, 15)
(33, 37, 15)
(33, 38, 15)
(33, 39, 11)

(34, 0, 363)
(34, 1, 296)
(34, 2, 243)
(34, 3, 219)
(34, 4, 203)
(34, 5, 188)
(34, 6, 179)
(34, 7, 121)
(34, 8, 116)
(34, 9, 101)
(34, 10, 97)
(34, 11, 90)
(34, 12, 77)
(34, 13, 74)
(34, 14, 59)
(34, 15, 40)
(34, 16, 35)
(34, 17, 33)
(34, 18, 31)
(34, 19, 31)
(34, 20, 31)
(34, 21, 29)
(34, 22, 29)
(34, 23, 17)
(34, 24, 17)
(34, 25, 17)
(34, 26, 17)
(34, 27, 17)
(34, 28, 17)
(34, 29, 17)
(34, 30, 16)
(34, 31, 16)
(34, 32, 16)
(34, 33, 16)
(34, 34, 16)
(34, 35, 16)
(34, 36, 15)
(34, 37, 15)
(34, 38, 15)
(34, 39, 11)

(35, 0, 368)
(35, 1, 301)
(35, 2, 248)
(35, 3, 224)
(35, 4, 207)
(35, 5, 192)
(35, 6, 183)
(35, 7, 125)
(35, 8, 120)
(35, 9, 105)
(35, 10, 101)
(35, 11, 94)
(35, 12, 81)
(35, 13, 78)
(35, 14, 59)
(35, 15, 40)
(35, 16, 35)
(35, 17, 33)
(35, 18, 31)
(35, 19, 31)
(35, 20, 31)
(35, 21, 29)
(35, 22, 29)
(35, 23, 17)
(35, 24, 17)
(35, 25, 17)
(35, 26, 17)
(35, 27, 17)
(35, 28, 17)
(35, 29, 17)
(35, 30, 16)
(35, 31, 16)
(35, 32, 16)
(35, 33, 16)
(35, 34, 16)
(35, 35, 16)
(35, 36, 15)
(35, 37, 15)
(35, 38, 15)
(35, 39, 11)

(36, 0, 374)
(36, 1, 307)
(36, 2, 254)
(36, 3, 229)
(36, 4, 210)
(36, 5, 195)
(36, 6, 186)
(36, 7, 128)
(36, 8, 123)
(36, 9, 108)
(36, 10, 104)
(36, 11, 97)
(36, 12, 84)
(36, 13, 80)
(36, 14, 59)
(36, 15, 40)
(36, 16, 35)
(36, 17, 33)
(36, 18, 31)
(36, 19, 31)
(36, 20, 31)
(36, 21, 29)
(36, 22, 29)
(36, 23, 17)
(36, 24, 17)
(36, 25, 17)
(36, 26, 17)
(36, 27, 17)
(36, 28, 17)
(36, 29, 17)
(36, 30, 16)
(36, 31, 16)
(36, 32, 16)
(36, 33, 16)
(36, 34, 16)
(36, 35, 16)
(36, 36, 15)
(36, 37, 15)
(36, 38, 15)
(36, 39, 11)

(37, 0, 379)
(37, 1, 312)
(37, 2, 259)
(37, 3, 233)
(37, 4, 213)
(37, 5, 198)
(37, 6, 189)
(37, 7, 131)
(37, 8, 126)
(37, 9, 111)
(37, 10, 107)
(37, 11, 100)
(37, 12, 87)
(37, 13, 82)
(37, 14, 60)
(37, 15, 41)
(37, 16, 36)
(37, 17, 34)
(37, 18, 32)
(37, 19, 32)
(37, 20, 32)
(37, 21, 30)
(37, 22, 30)
(37, 23, 18)
(37, 24, 18)
(37, 25, 18)
(37, 26, 18)
(37, 27, 18)
(37, 28, 17)
(37, 29, 17)
(37, 30, 16)
(37, 31, 16)
(37, 32, 16)
(37, 33, 16)
(37, 34, 16)
(37, 35, 16)
(37, 36, 15)
(37, 37, 15)
(37, 38, 15)
(37, 39, 11)

(38, 0, 400)
(38, 1, 331)
(38, 2, 278)
(38, 3, 249)
(38, 4, 225)
(38, 5, 209)
(38, 6, 199)
(38, 7, 141)
(38, 8, 136)
(38, 9, 121)
(38, 10, 117)
(38, 11, 110)
(38, 12, 97)
(38, 13, 90)
(38, 14, 62)
(38, 15, 43)
(38, 16, 38)
(38, 17, 36)
(38, 18, 34)
(38, 19, 34)
(38, 20, 33)
(38, 21, 31)
(38, 22, 31)
(38, 23, 19)
(38, 24, 19)
(38, 25, 19)
(38, 26, 19)
(38, 27, 19)
(38, 28, 18)
(38, 29, 18)
(38, 30, 17)
(38, 31, 17)
(38, 32, 17)
(38, 33, 17)
(38, 34, 17)
(38, 35, 17)
(38, 36, 16)
(38, 37, 16)
(38, 38, 16)
(38, 39, 12)

(39, 0, 409)
(39, 1, 340)
(39, 2, 287)
(39, 3, 256)
(39, 4, 231)
(39, 5, 215)
(39, 6, 205)
(39, 7, 147)
(39, 8, 142)
(39, 9, 127)
(39, 10, 123)
(39, 11, 116)
(39, 12, 103)
(39, 13, 94)
(39, 14, 60)
(39, 15, 41)
(39, 16, 36)
(39, 17, 34)
(39, 18, 32)
(39, 19, 32)
(39, 20, 32)
(39, 21, 30)
(39, 22, 30)
(39, 23, 18)
(39, 24, 18)
(39, 25, 18)
(39, 26, 18)
(39, 27, 18)
(39, 28, 17)
(39, 29, 17)
(39, 30, 16)
(39, 31, 16)
(39, 32, 16)
(39, 33, 16)
(39, 34, 16)
(39, 35, 16)
(39, 36, 15)
(39, 37, 15)
(39, 38, 15)
(39, 39, 11)


Betti numbers:
xi_0:
(0, 0, 1)
(1, 0, 3)
(2, 0, 9)
(3, 0, 9)
(4, 0, 8)
(5, 0, 9)
(6, 0, 10)
(7, 0, 14)
(8, 0, 9)
(9, 0, 6)
(10, 0, 3)
(11, 0, 6)
(12, 0, 13)
(13, 0, 13)
(14, 0, 26)
(15, 0, 16)
(16, 0, 24)
(17, 0, 35)
(18, 0, 37)
(19, 0, 30)
(20, 0, 15)
(21, 0, 14)
(22, 0, 10)
(23, 0, 1)
(24, 0, 1)
(25, 0, 5)
(26, 0, 5)
(28, 0, 1)
(29, 0, 7)
(30, 0, 5)
(31, 0, 2)
(32, 0, 8)
(33, 0, 4)
(34, 0, 4)
(35, 0, 5)
(36, 0, 6)
(37, 0, 5)
(38, 0, 21)
(39, 0, 9)
xi_1:
(1, 1, 1)
(1, 4, 1)
(1, 14, 1)
(2, 1, 2)
(2, 2, 4)
(2, 7, 1)
(3, 1, 1)
(3, 2, 3)
(3, 3, 1)
(3, 7, 1)
(3, 8, 1)
(3, 12, 1)
(3, 18, 1)
(4, 2, 1)
(4, 5, 1)
(4, 6, 2)
(4, 7, 2)
(4, 11, 2)
(4, 15, 1)
(4, 21, 1)
(4, 32, 1)
(5, 2, 3)
(5, 5, 1)
(5, 6, 1)
(5, 7, 1)
(5, 8, 1)
(5, 23, 2)
(5, 37, 1)
(6, 1, 1)
(6, 2, 5)
(6, 3, 1)
(6, 5, 1)
(6, 18, 1)
(6, 23, 2)
(6, 29, 1)
(6, 30, 1)
(7, 1, 2)
(7, 2, 1)
(7, 3, 2)
(7, 6, 1)
(7, 7, 4)
(7, 11, 1)
(7, 12, 1)
(7, 13, 1)
(7, 15, 1)
(7, 16, 1)
(7, 17, 1)
(7, 23, 1)
(8, 2, 1)
(8, 4, 2)
(8, 6, 1)
(8, 9, 1)
(8, 10, 1)
(8, 14, 3)
(9, 3, 1)
(9, 8, 1)
(9, 14, 4)
(10, 10, 1)
(10, 14, 2)
(11, 1, 3)
(11, 2, 1)
(11, 14, 1)
(12, 1, 8)
(12, 2, 2)
(12, 3, 1)
(12, 4, 1)
(12, 5, 1)
(13, 1, 6)
(13, 3, 1)
(13, 12, 2)
(13, 24, 1)
(13, 30, 1)
(14, 1, 11)
(14, 2, 1)
(14, 3, 2)
(14, 6, 1)
(14, 7, 3)
(14, 12, 3)
(14, 15, 1)
(14, 23, 1)
(14, 36, 1)
(15, 1, 7)
(15, 2, 2)
(15, 4, 1)
(15, 7, 3)
(15, 12, 1)
(15, 23, 2)
(16, 1, 9)
(16, 2, 4)
(16, 3, 1)
(16, 4, 1)
(16, 7, 2)
(16, 12, 2)
(16, 15, 1)
(16, 16, 1)
(16, 23, 1)
(17, 1, 1)
(17, 2, 6)
(17, 3, 1)
(17, 5, 3)
(17, 6, 2)
(17, 7, 7)
(17, 8, 1)
(17, 9, 5)
(17, 11, 3)
(17, 12, 1)
(17, 15, 4)
(17, 16, 1)
(17, 20, 1)
(17, 38, 1)
(18, 1, 1)
(18, 2, 9)
(18, 3, 1)
(18, 5, 4)
(18, 6, 2)
(18, 7, 8)
(18, 8, 2)
(18, 9, 6)
(18, 10, 1)
(18, 15, 3)
(18, 16, 1)
(18, 18, 1)
(18, 32, 1)
(18, 39, 1)
(19, 1, 6)
(19, 2, 7)
(19, 4, 3)
(19, 5, 1)
(19, 7, 3)
(19, 8, 1)
(19, 9, 1)
(19, 10, 1)
(19, 12, 1)
(19, 13, 1)
(19, 15, 2)
(19, 18, 1)
(19, 21, 1)
(19, 23, 1)
(19, 39, 1)
(20, 1, 2)
(20, 3, 3)
(20, 5, 2)
(20, 7, 5)
(20, 9, 1)
(20, 15, 2)
(20, 17, 1)
(20, 30, 1)
(21, 1, 3)
(21, 3, 3)
(21, 4, 1)
(21, 7, 5)
(21, 15, 1)
(21, 16, 2)
(22, 3, 1)
(22, 4, 2)
(22, 5, 1)
(22, 6, 1)
(22, 7, 3)
(22, 12, 1)
(22, 15, 1)
(22, 23, 1)
(23, 7, 1)
(24, 7, 1)
(25, 7, 3)
(25, 23, 1)
(26, 1, 1)
(26, 7, 1)
(26, 11, 1)
(28, 15, 1)
(29, 4, 1)
(29, 7, 3)
(29, 13, 1)
(29, 23, 1)
(29, 24, 1)
(30, 2, 1)
(30, 3, 3)
(30, 7, 1)
(30, 15, 1)
(30, 39, 1)
(31, 2, 1)
(31, 4, 1)
(32, 1, 2)
(32, 2, 1)
(32, 3, 2)
(32, 12, 1)
(32, 39, 1)
(33, 4, 1)
(33, 9, 1)
(33, 11, 1)
(33, 14, 1)
(34, 4, 1)
(34, 14, 3)
(35, 4, 1)
(35, 14, 4)
(36, 3, 1)
(36, 4, 2)
(36, 13, 1)
(36, 14, 2)
(37, 3, 1)
(37, 4, 1)
(37, 13, 1)
(37, 14, 1)
(37, 28, 1)
(38, 1, 2)
(38, 3, 3)
(38, 4, 4)
(38, 5, 1)
(38, 6, 1)
(38, 13, 2)
(38, 14, 6)
(38, 20, 1)
(39, 3, 2)
(39, 4, 1)
(39, 13, 2)
(39, 14, 6)
xi_2:
(4, 8, 1)
(4, 12, 1)
(6, 6, 1)
(6, 32, 1)
(6, 37, 1)
(7, 18, 1)
(7, 23, 1)
(7, 29, 1)
(8, 6, 1)
(14, 24, 1)
(17, 16, 1)
(18, 11, 1)
(18, 20, 1)
(18, 38, 1)
(19, 8, 1)
(19, 32, 1)
(20, 18, 1)
(21, 30, 1)
(22, 30, 1)
(30, 24, 1)
(39, 20, 1)
