x-grades
-153943301136470739/160000000000000000
-75749163555242707/80000000000000000
-149053353084500089/160000000000000000
-36652094764628691/40000000000000000
-144163405032529439/160000000000000000
-70859215503272057/80000000000000000
-139273456980558789/160000000000000000
-17103560369321683/20000000000000000
-134383508928588139/160000000000000000
-65969267451301407/80000000000000000
-129493560876617489/160000000000000000
-31762146712658041/40000000000000000
-124603612824646839/160000000000000000
-61079319399330757/80000000000000000
-119713664772676189/160000000000000000
-7329293171668179/10000000000000000
-114823716720705539/160000000000000000
-56189371347360107/80000000000000000
-109933768668734889/160000000000000000
-26872198660687391/40000000000000000
-105043820616764239/160000000000000000
-51299423295389457/80000000000000000
-100153872564793589/160000000000000000
-12213612317351033/20000000000000000
-95263924512822939/160000000000000000
-46409475243418807/80000000000000000
-90373976460852289/160000000000000000
-21982250608716741/40000000000000000
-85484028408881639/160000000000000000
-41519527191448157/80000000000000000
-80594080356910989/160000000000000000
-2442159572841427/5000000000000000
-75704132304940339/160000000000000000
-36629579139477507/80000000000000000
-70814184252969689/160000000000000000
-17092302556746091/40000000000000000
-65924236200999039/160000000000000000
-31739631087506857/80000000000000000
-61034288149028389/160000000000000000
-7323664265380383/20000000000000000

y-grades
1249991/5000000
1249991/2500000
3749973/5000000
1249991/1250000
1249991/1000000
3749973/2500000
8749937/5000000
1249991/625000
11249919/5000000
1249991/500000
13749901/5000000
3749973/1250000
16249883/5000000
8749937/2500000
3749973/1000000
1249991/312500
21249847/5000000
11249919/2500000
23749829/5000000
1249991/250000
26249811/5000000
13749901/2500000
28749793/5000000
3749973/625000
1249991/200000
16249883/2500000
33749757/5000000
8749937/1250000
36249739/5000000
3749973/500000
38749721/5000000
1249991/156250
41249703/5000000
21249847/2500000
8749937/1000000
11249919/1250000
46249667/5000000
23749829/2500000
48749649/5000000
1249991/125000

Dimensions > 0:
(0, 0, 1)
(0, 1, 1)
(0, 2, 1)
(0, 3, 1)
(0, 4, 1)
(0, 5, 1)
(0, 6, 1)
(0, 7, 1)
(0, 8, 1)
(0, 9, 1)
(0, 10, 1)
(0, 11, 1)
(0, 12, 1)
(0, 13, 1)
(0, 14, 1)
(0, 15, 1)
(0, 16, 1)
(0, 17, 1)
(0, 18, 1)
(0, 19, 1)
(0, 20, 1)
(0, 21, 1)
(0, 22, 1)
(0, 23, 1)
(0, 24, 1)
(0, 25, 1)
(0, 26, 1)
(0, 27, 1)
(0, 28, 1)
(0, 29, 1)
(0, 30, 1)
(0, 31, 1)
(0, 32, 1)
(0, 33, 1)
(0, 34, 1)
(0, 35, 1)
(0, 36, 1)
(0, 37, 1)
(0, 38, 1)
(0, 39, 1)

(1, 0, 2)
(1, 1, 2)
(1, 2, 2)
(1, 3, 2)
(1, 4, 2)
(1, 5, 1)
(1, 6, 1)
(1, 7, 1)
(1, 8, 1)
(1, 9, 1)
(1, 10, 1)
(1, 11, 1)
(1, 12, 1)
(1, 13, 1)
(1, 14, 1)
(1, 15, 1)
(1, 16, 1)
(1, 17, 1)
(1, 18, 1)
(1, 19, 1)
(1, 20, 1)
(1, 21, 1)
(1, 22, 1)
(1, 23, 1)
(1, 24, 1)
(1, 25, 1)
(1, 26, 1)
(1, 27, 1)
(1, 28, 1)
(1, 29, 1)
(1, 30, 1)
(1, 31, 1)
(1, 32, 1)
(1, 33, 1)
(1, 34, 1)
(1, 35, 1)
(1, 36, 1)
(1, 37, 1)
(1, 38, 1)
(1, 39, 1)

(2, 0, 2)
(2, 1, 2)
(2, 2, 2)
(2, 3, 2)
(2, 4, 2)
(2, 5, 1)
(2, 6, 1)
(2, 7, 1)
(2, 8, 1)
(2, 9, 1)
(2, 10, 1)
(2, 11, 1)
(2, 12, 1)
(2, 13, 1)
(2, 14, 1)
(2, 15, 1)
(2, 16, 1)
(2, 17, 1)
(2, 18, 1)
(2, 19, 1)
(2, 20, 1)
(2, 21, 1)
(2, 22, 1)
(2, 23, 1)
(2, 24, 1)
(2, 25, 1)
(2, 26, 1)
(2, 27, 1)
(2, 28, 1)
(2, 29, 1)
(2, 30, 1)
(2, 31, 1)
(2, 32, 1)
(2, 33, 1)
(2, 34, 1)
(2, 35, 1)
(2, 36, 1)
(2, 37, 1)
(2, 38, 1)
(2, 39, 1)

(3, 0, 8)
(3, 1, 7)
(3, 2, 5)
(3, 3, 5)
(3, 4, 4)
(3, 5, 3)
(3, 6, 3)
(3, 7, 3)
(3, 8, 3)
(3, 9, 3)
(3, 10, 3)
(3, 11, 3)
(3, 12, 3)
(3, 13, 3)
(3, 14, 3)
(3, 15, 2)
(3, 16, 2)
(3, 17, 2)
(3, 18, 2)
(3, 19, 2)
(3, 20, 2)
(3, 21, 2)
(3, 22, 2)
(3, 23, 2)
(3, 24, 2)
(3, 25, 2)
(3, 26, 2)
(3, 27, 2)
(3, 28, 2)
(3, 29, 2)
(3, 30, 2)
(3, 31, 2)
(3, 32, 2)
(3, 33, 2)
(3, 34, 2)
(3, 35, 2)
(3, 36, 2)
(3, 37, 2)
(3, 38, 2)
(3, 39, 2)

(4, 0, 8)
(4, 1, 7)
(4, 2, 5)
(4, 3, 5)
(4, 4, 4)
(4, 5, 3)
(4, 6, 3)
(4, 7, 3)
(4, 8, 3)
(4, 9, 3)
(4, 10, 3)
(4, 11, 3)
(4, 12, 3)
(4, 13, 3)
(4, 14, 3)
(4, 15, 2)
(4, 16, 2)
(4, 17, 2)
(4, 18, 2)
(4, 19, 2)
(4, 20, 2)
(4, 21, 2)
(4, 22, 2)
(4, 23, 2)
(4, 24, 2)
(4, 25, 2)
(4, 26, 2)
(4, 27, 2)
(4, 28, 2)
(4, 29, 2)
(4, 30, 2)
(4, 31, 2)
(4, 32, 2)
(4, 33, 2)
(4, 34, 2)
(4, 35, 2)
(4, 36, 2)
(4, 37, 2)
(4, 38, 2)
(4, 39, 2)

(5, 0, 8)
(5, 1, 7)
(5, 2, 5)
(5, 3, 5)
(5, 4, 4)
(5, 5, 3)
(5, 6, 3)
(5, 7, 3)
(5, 8, 3)
(5, 9, 3)
(5, 10, 3)
(5, 11, 3)
(5, 12, 3)
(5, 13, 3)
(5, 14, 3)
(5, 15, 2)
(5, 16, 2)
(5, 17, 2)
(5, 18, 2)
(5, 19, 2)
(5, 20, 2)
(5, 21, 2)
(5, 22, 2)
(5, 23, 2)
(5, 24, 2)
(5, 25, 2)
(5, 26, 2)
(5, 27, 2)
(5, 28, 2)
(5, 29, 2)
(5, 30, 2)
(5, 31, 2)
(5, 32, 2)
(5, 33, 2)
(5, 34, 2)
(5, 35, 2)
(5, 36, 2)
(5, 37, 2)
(5, 38, 2)
(5, 39, 2)

(6, 0, 10)
(6, 1, 9)
(6, 2, 7)
(6, 3, 7)
(6, 4, 6)
(6, 5, 5)
(6, 6, 5)
(6, 7, 4)
(6, 8, 4)
(6, 9, 4)
(6, 10, 4)
(6, 11, 4)
(6, 12, 4)
(6, 13, 3)
(6, 14, 3)
(6, 15, 2)
(6, 16, 2)
(6, 17, 2)
(6, 18, 2)
(6, 19, 2)
(6, 20, 2)
(6, 21, 2)
(6, 22, 2)
(6, 23, 2)
(6, 24, 2)
(6, 25, 2)
(6, 26, 2)
(6, 27, 2)
(6, 28, 2)
(6, 29, 2)
(6, 30, 2)
(6, 31, 2)
(6, 32, 2)
(6, 33, 2)
(6, 34, 2)
(6, 35, 2)
(6, 36, 2)
(6, 37, 2)
(6, 38, 2)
(6, 39, 2)

(7, 0, 19)
(7, 1, 12)
(7, 2, 9)
(7, 3, 9)
(7, 4, 8)
(7, 5, 7)
(7, 6, 7)
(7, 7, 6)
(7, 8, 6)
(7, 9, 6)
(7, 10, 6)
(7, 11, 6)
(7, 12, 6)
(7, 13, 5)
(7, 14, 5)
(7, 15, 3)
(7, 16, 3)
(7, 17, 3)
(7, 18, 3)
(7, 19, 3)
(7, 20, 3)
(7, 21, 3)
(7, 22, 3)
(7, 23, 3)
(7, 24, 3)
(7, 25, 3)
(7, 26, 3)
(7, 27, 3)
(7, 28, 3)
(7, 29, 3)
(7, 30, 3)
(7, 31, 3)
(7, 32, 3)
(7, 33, 3)
(7, 34, 3)
(7, 35, 3)
(7, 36, 3)
(7, 37, 3)
(7, 38, 3)
(7, 39, 3)

(8, 0, 22)
(8, 1, 13)
(8, 2, 10)
(8, 3, 10)
(8, 4, 8)
(8, 5, 7)
(8, 6, 7)
(8, 7, 6)
(8, 8, 6)
(8, 9, 6)
(8, 10, 6)
(8, 11, 6)
(8, 12, 6)
(8, 13, 5)
(8, 14, 5)
(8, 15, 3)
(8, 16, 3)
(8, 17, 3)
(8, 18, 3)
(8, 19, 3)
(8, 20, 3)
(8, 21, 3)
(8, 22, 3)
(8, 23, 3)
(8, 24, 3)
(8, 25, 3)
(8, 26, 3)
(8, 27, 3)
(8, 28, 3)
(8, 29, 3)
(8, 30, 3)
(8, 31, 3)
(8, 32, 3)
(8, 33, 3)
(8, 34, 3)
(8, 35, 3)
(8, 36, 3)
(8, 37, 3)
(8, 38, 3)
(8, 39, 3)

(9, 0, 31)
(9, 1, 18)
(9, 2, 15)
(9, 3, 13)
(9, 4, 11)
(9, 5, 10)
(9, 6, 10)
(9, 7, 9)
(9, 8, 9)
(9, 9, 8)
(9, 10, 8)
(9, 11, 8)
(9, 12, 8)
(9, 13, 7)
(9, 14, 6)
(9, 15, 3)
(9, 16, 3)
(9, 17, 3)
(9, 18, 3)
(9, 19, 3)
(9, 20, 3)
(9, 21, 3)
(9, 22, 3)
(9, 23, 3)
(9, 24, 3)
(9, 25, 3)
(9, 26, 3)
(9, 27, 3)
(9, 28, 3)
(9, 29, 3)
(9, 30, 3)
(9, 31, 3)
(9, 32, 3)
(9, 33, 3)
(9, 34, 3)
(9, 35, 3)
(9, 36, 3)
(9, 37, 3)
(9, 38, 3)
(9, 39, 3)

(10, 0, 56)
(10, 1, 33)
(10, 2, 22)
(10, 3, 16)
(10, 4, 13)
(10, 5, 11)
(10, 6, 11)
(10, 7, 9)
(10, 8, 8)
(10, 9, 7)
(10, 10, 7)
(10, 11, 7)
(10, 12, 7)
(10, 13, 6)
(10, 14, 5)
(10, 15, 3)
(10, 16, 3)
(10, 17, 3)
(10, 18, 3)
(10, 19, 3)
(10, 20, 3)
(10, 21, 3)
(10, 22, 3)
(10, 23, 3)
(10, 24, 3)
(10, 25, 3)
(10, 26, 3)
(10, 27, 3)
(10, 28, 3)
(10, 29, 3)
(10, 30, 3)
(10, 31, 3)
(10, 32, 3)
(10, 33, 3)
(10, 34, 3)
(10, 35, 3)
(10, 36, 3)
(10, 37, 3)
(10, 38, 3)
(10, 39, 3)

(11, 0, 82)
(11, 1, 47)
(11, 2, 29)
(11, 3, 22)
(11, 4, 17)
(11, 5, 12)
(11, 6, 11)
(11, 7, 10)
(11, 8, 10)
(11, 9, 9)
(11, 10, 9)
(11, 11, 9)
(11, 12, 9)
(11, 13, 8)
(11, 14, 6)
(11, 15, 4)
(11, 16, 4)
(11, 17, 4)
(11, 18, 4)
(11, 19, 4)
(11, 20, 4)
(11, 21, 4)
(11, 22, 4)
(11, 23, 4)
(11, 24, 4)
(11, 25, 4)
(11, 26, 4)
(11, 27, 4)
(11, 28, 4)
(11, 29, 4)
(11, 30, 4)
(11, 31, 4)
(11, 32, 4)
(11, 33, 4)
(11, 34, 4)
(11, 35, 4)
(11, 36, 4)
(11, 37, 3)
(11, 38, 3)
(11, 39, 3)

(12, 0, 120)
(12, 1, 71)
(12, 2, 43)
(12, 3, 29)
(12, 4, 21)
(12, 5, 16)
(12, 6, 14)
(12, 7, 13)
(12, 8, 12)
(12, 9, 10)
(12, 10, 8)
(12, 11, 7)
(12, 12, 6)
(12, 13, 5)
(12, 14, 4)
(12, 15, 2)
(12, 16, 2)
(12, 17, 2)
(12, 18, 2)
(12, 19, 2)
(12, 20, 2)
(12, 21, 2)
(12, 22, 2)
(12, 23, 2)
(12, 24, 2)
(12, 25, 2)
(12, 26, 2)
(12, 27, 2)
(12, 28, 2)
(12, 29, 2)
(12, 30, 2)
(12, 31, 2)
(12, 32, 2)
(12, 33, 2)
(12, 34, 2)
(12, 35, 2)
(12, 36, 2)
(12, 37, 2)
(12, 38, 2)
(12, 39, 2)

(13, 0, 154)
(13, 1, 88)
(13, 2, 49)
(13, 3, 32)
(13, 4, 23)
(13, 5, 17)
(13, 6, 15)
(13, 7, 14)
(13, 8, 13)
(13, 9, 11)
(13, 10, 8)
(13, 11, 8)
(13, 12, 7)
(13, 13, 6)
(13, 14, 5)
(13, 15, 3)
(13, 16, 3)
(13, 17, 3)
(13, 18, 3)
(13, 19, 3)
(13, 20, 3)
(13, 21, 3)
(13, 22, 3)
(13, 23, 3)
(13, 24, 3)
(13, 25, 3)
(13, 26, 3)
(13, 27, 3)
(13, 28, 3)
(13, 29, 3)
(13, 30, 3)
(13, 31, 3)
(13, 32, 3)
(13, 33, 3)
(13, 34, 3)
(13, 35, 3)
(13, 36, 3)
(13, 37, 3)
(13, 38, 3)
(13, 39, 3)

(14, 0, 193)
(14, 1, 108)
(14, 2, 55)
(14, 3, 37)
(14, 4, 22)
(14, 5, 18)
(14, 6, 16)
(14, 7, 15)
(14, 8, 13)
(14, 9, 9)
(14, 10, 8)
(14, 11, 8)
(14, 12, 7)
(14, 13, 6)
(14, 14, 5)
(14, 15, 3)
(14, 16, 3)
(14, 17, 3)
(14, 18, 3)
(14, 19, 3)
(14, 20, 3)
(14, 21, 3)
(14, 22, 3)
(14, 23, 3)
(14, 24, 3)
(14, 25, 3)
(14, 26, 3)
(14, 27, 3)
(14, 28, 3)
(14, 29, 3)
(14, 30, 3)
(14, 31, 3)
(14, 32, 3)
(14, 33, 3)
(14, 34, 3)
(14, 35, 3)
(14, 36, 3)
(14, 37, 3)
(14, 38, 3)
(14, 39, 3)

(15, 0, 220)
(15, 1, 128)
(15, 2, 63)
(15, 3, 38)
(15, 4, 23)
(15, 5, 17)
(15, 6, 13)
(15, 7, 12)
(15, 8, 11)
(15, 9, 8)
(15, 10, 8)
(15, 11, 8)
(15, 12, 7)
(15, 13, 6)
(15, 14, 5)
(15, 15, 3)
(15, 16, 3)
(15, 17, 3)
(15, 18, 3)
(15, 19, 3)
(15, 20, 3)
(15, 21, 3)
(15, 22, 3)
(15, 23, 3)
(15, 24, 3)
(15, 25, 3)
(15, 26, 3)
(15, 27, 3)
(15, 28, 3)
(15, 29, 3)
(15, 30, 3)
(15, 31, 3)
(15, 32, 3)
(15, 33, 3)
(15, 34, 3)
(15, 35, 3)
(15, 36, 3)
(15, 37, 3)
(15, 38, 3)
(15, 39, 3)

(16, 0, 253)
(16, 1, 147)
(16, 2, 75)
(16, 3, 44)
(16, 4, 25)
(16, 5, 18)
(16, 6, 14)
(16, 7, 13)
(16, 8, 12)
(16, 9, 9)
(16, 10, 9)
(16, 11, 9)
(16, 12, 8)
(16, 13, 7)
(16, 14, 6)
(16, 15, 4)
(16, 16, 4)
(16, 17, 3)
(16, 18, 3)
(16, 19, 3)
(16, 20, 3)
(16, 21, 3)
(16, 22, 3)
(16, 23, 3)
(16, 24, 3)
(16, 25, 3)
(16, 26, 3)
(16, 27, 3)
(16, 28, 3)
(16, 29, 3)
(16, 30, 3)
(16, 31, 3)
(16, 32, 3)
(16, 33, 3)
(16, 34, 3)
(16, 35, 3)
(16, 36, 3)
(16, 37, 3)
(16, 38, 3)
(16, 39, 3)

(17, 0, 280)
(17, 1, 166)
(17, 2, 82)
(17, 3, 48)
(17, 4, 28)
(17, 5, 19)
(17, 6, 14)
(17, 7, 13)
(17, 8, 12)
(17, 9, 9)
(17, 10, 9)
(17, 11, 9)
(17, 12, 8)
(17, 13, 7)
(17, 14, 6)
(17, 15, 4)
(17, 16, 4)
(17, 17, 3)
(17, 18, 3)
(17, 19, 3)
(17, 20, 3)
(17, 21, 3)
(17, 22, 3)
(17, 23, 3)
(17, 24, 3)
(17, 25, 3)
(17, 26, 3)
(17, 27, 3)
(17, 28, 3)
(17, 29, 3)
(17, 30, 3)
(17, 31, 3)
(17, 32, 3)
(17, 33, 3)
(17, 34, 3)
(17, 35, 3)
(17, 36, 3)
(17, 37, 3)
(17, 38, 3)
(17, 39, 3)

(18, 0, 307)
(18, 1, 182)
(18, 2, 91)
(18, 3, 53)
(18, 4, 29)
(18, 5, 20)
(18, 6, 13)
(18, 7, 12)
(18, 8, 12)
(18, 9, 9)
(18, 10, 9)
(18, 11, 9)
(18, 12, 8)
(18, 13, 7)
(18, 14, 6)
(18, 15, 4)
(18, 16, 4)
(18, 17, 3)
(18, 18, 3)
(18, 19, 3)
(18, 20, 3)
(18, 21, 3)
(18, 22, 3)
(18, 23, 3)
(18, 24, 3)
(18, 25, 3)
(18, 26, 3)
(18, 27, 3)
(18, 28, 3)
(18, 29, 3)
(18, 30, 3)
(18, 31, 3)
(18, 32, 3)
(18, 33, 3)
(18, 34, 3)
(18, 35, 3)
(18, 36, 3)
(18, 37, 3)
(18, 38, 3)
(18, 39, 3)

(19, 0, 344)
(19, 1, 204)
(19, 2, 103)
(19, 3, 55)
(19, 4, 30)
(19, 5, 22)
(19, 6, 15)
(19, 7, 14)
(19, 8, 14)
(19, 9, 10)
(19, 10, 10)
(19, 11, 10)
(19, 12, 9)
(19, 13, 8)
(19, 14, 7)
(19, 15, 4)
(19, 16, 4)
(19, 17, 3)
(19, 18, 3)
(19, 19, 3)
(19, 20, 3)
(19, 21, 2)
(19, 22, 2)
(19, 23, 2)
(19, 24, 2)
(19, 25, 2)
(19, 26, 2)
(19, 27, 2)
(19, 28, 2)
(19, 29, 2)
(19, 30, 2)
(19, 31, 2)
(19, 32, 2)
(19, 33, 2)
(19, 34, 2)
(19, 35, 2)
(19, 36, 2)
(19, 37, 2)
(19, 38, 2)
(19, 39, 2)

(20, 0, 367)
(20, 1, 220)
(20, 2, 112)
(20, 3, 60)
(20, 4, 32)
(20, 5, 23)
(20, 6, 14)
(20, 7, 13)
(20, 8, 13)
(20, 9, 10)
(20, 10, 10)
(20, 11, 10)
(20, 12, 9)
(20, 13, 8)
(20, 14, 7)
(20, 15, 3)
(20, 16, 3)
(20, 17, 2)
(20, 18, 2)
(20, 19, 2)
(20, 20, 2)
(20, 21, 2)
(20, 22, 2)
(20, 23, 2)
(20, 24, 2)
(20, 25, 2)
(20, 26, 2)
(20, 27, 2)
(20, 28, 2)
(20, 29, 2)
(20, 30, 2)
(20, 31, 2)
(20, 32, 2)
(20, 33, 2)
(20, 34, 2)
(20, 35, 2)
(20, 36, 2)
(20, 37, 2)
(20, 38, 2)
(20, 39, 2)

(21, 0, 396)
(21, 1, 243)
(21, 2, 118)
(21, 3, 63)
(21, 4, 33)
(21, 5, 24)
(21, 6, 15)
(21, 7, 14)
(21, 8, 13)
(21, 9, 10)
(21, 10, 9)
(21, 11, 9)
(21, 12, 8)
(21, 13, 7)
(21, 14, 6)
(21, 15, 3)
(21, 16, 3)
(21, 17, 2)
(21, 18, 2)
(21, 19, 2)
(21, 20, 2)
(21, 21, 2)
(21, 22, 2)
(21, 23, 2)
(21, 24, 2)
(21, 25, 2)
(21, 26, 2)
(21, 27, 2)
(21, 28, 2)
(21, 29, 2)
(21, 30, 2)
(21, 31, 2)
(21, 32, 2)
(21, 33, 2)
(21, 34, 2)
(21, 35, 2)
(21, 36, 2)
(21, 37, 2)
(21, 38, 2)
(21, 39, 2)

(22, 0, 419)
(22, 1, 258)
(22, 2, 126)
(22, 3, 65)
(22, 4, 34)
(22, 5, 25)
(22, 6, 15)
(22, 7, 14)
(22, 8, 12)
(22, 9, 9)
(22, 10, 9)
(22, 11, 9)
(22, 12, 8)
(22, 13, 7)
(22, 14, 6)
(22, 15, 3)
(22, 16, 3)
(22, 17, 2)
(22, 18, 2)
(22, 19, 2)
(22, 20, 2)
(22, 21, 2)
(22, 22, 2)
(22, 23, 2)
(22, 24, 2)
(22, 25, 2)
(22, 26, 2)
(22, 27, 2)
(22, 28, 2)
(22, 29, 2)
(22, 30, 2)
(22, 31, 2)
(22, 32, 2)
(22, 33, 2)
(22, 34, 2)
(22, 35, 2)
(22, 36, 2)
(22, 37, 2)
(22, 38, 2)
(22, 39, 2)

(23, 0, 443)
(23, 1, 274)
(23, 2, 135)
(23, 3, 70)
(23, 4, 35)
(23, 5, 25)
(23, 6, 16)
(23, 7, 15)
(23, 8, 13)
(23, 9, 10)
(23, 10, 10)
(23, 11, 10)
(23, 12, 9)
(23, 13, 8)
(23, 14, 7)
(23, 15, 4)
(23, 16, 4)
(23, 17, 3)
(23, 18, 3)
(23, 19, 3)
(23, 20, 3)
(23, 21, 3)
(23, 22, 3)
(23, 23, 3)
(23, 24, 3)
(23, 25, 3)
(23, 26, 3)
(23, 27, 3)
(23, 28, 3)
(23, 29, 3)
(23, 30, 3)
(23, 31, 3)
(23, 32, 3)
(23, 33, 3)
(23, 34, 3)
(23, 35, 3)
(23, 36, 3)
(23, 37, 3)
(23, 38, 3)
(23, 39, 3)

(24, 0, 464)
(24, 1, 290)
(24, 2, 138)
(24, 3, 70)
(24, 4, 37)
(24, 5, 26)
(24, 6, 17)
(24, 7, 15)
(24, 8, 13)
(24, 9, 10)
(24, 10, 10)
(24, 11, 10)
(24, 12, 9)
(24, 13, 8)
(24, 14, 7)
(24, 15, 4)
(24, 16, 4)
(24, 17, 3)
(24, 18, 3)
(24, 19, 3)
(24, 20, 3)
(24, 21, 3)
(24, 22, 3)
(24, 23, 3)
(24, 24, 3)
(24, 25, 3)
(24, 26, 3)
(24, 27, 3)
(24, 28, 3)
(24, 29, 3)
(24, 30, 3)
(24, 31, 3)
(24, 32, 3)
(24, 33, 3)
(24, 34, 3)
(24, 35, 3)
(24, 36, 3)
(24, 37, 3)
(24, 38, 3)
(24, 39, 3)

(25, 0, 482)
(25, 1, 304)
(25, 2, 143)
(25, 3, 75)
(25, 4, 41)
(25, 5, 29)
(25, 6, 19)
(25, 7, 17)
(25, 8, 14)
(25, 9, 10)
(25, 10, 10)
(25, 11, 10)
(25, 12, 9)
(25, 13, 8)
(25, 14, 7)
(25, 15, 4)
(25, 16, 4)
(25, 17, 3)
(25, 18, 3)
(25, 19, 3)
(25, 20, 3)
(25, 21, 3)
(25, 22, 3)
(25, 23, 3)
(25, 24, 3)
(25, 25, 3)
(25, 26, 3)
(25, 27, 3)
(25, 28, 3)
(25, 29, 3)
(25, 30, 3)
(25, 31, 3)
(25, 32, 3)
(25, 33, 3)
(25, 34, 3)
(25, 35, 3)
(25, 36, 3)
(25, 37, 3)
(25, 38, 3)
(25, 39, 3)

(26, 0, 503)
(26, 1, 319)
(26, 2, 150)
(26, 3, 77)
(26, 4, 40)
(26, 5, 28)
(26, 6, 19)
(26, 7, 17)
(26, 8, 14)
(26, 9, 10)
(26, 10, 10)
(26, 11, 10)
(26, 12, 9)
(26, 13, 8)
(26, 14, 7)
(26, 15, 4)
(26, 16, 4)
(26, 17, 3)
(26, 18, 3)
(26, 19, 3)
(26, 20, 3)
(26, 21, 3)
(26, 22, 3)
(26, 23, 3)
(26, 24, 3)
(26, 25, 3)
(26, 26, 3)
(26, 27, 3)
(26, 28, 3)
(26, 29, 3)
(26, 30, 3)
(26, 31, 3)
(26, 32, 3)
(26, 33, 3)
(26, 34, 3)
(26, 35, 3)
(26, 36, 3)
(26, 37, 3)
(26, 38, 3)
(26, 39, 3)

(27, 0, 522)
(27, 1, 330)
(27, 2, 157)
(27, 3, 80)
(27, 4, 42)
(27, 5, 29)
(27, 6, 21)
(27, 7, 19)
(27, 8, 16)
(27, 9, 11)
(27, 10, 11)
(27, 11, 11)
(27, 12, 10)
(27, 13, 9)
(27, 14, 8)
(27, 15, 5)
(27, 16, 5)
(27, 17, 4)
(27, 18, 4)
(27, 19, 4)
(27, 20, 4)
(27, 21, 4)
(27, 22, 4)
(27, 23, 4)
(27, 24, 4)
(27, 25, 4)
(27, 26, 3)
(27, 27, 3)
(27, 28, 3)
(27, 29, 3)
(27, 30, 3)
(27, 31, 3)
(27, 32, 3)
(27, 33, 3)
(27, 34, 3)
(27, 35, 3)
(27, 36, 3)
(27, 37, 3)
(27, 38, 3)
(27, 39, 3)

(28, 0, 542)
(28, 1, 340)
(28, 2, 164)
(28, 3, 84)
(28, 4, 45)
(28, 5, 32)
(28, 6, 24)
(28, 7, 21)
(28, 8, 18)
(28, 9, 12)
(28, 10, 12)
(28, 11, 12)
(28, 12, 11)
(28, 13, 10)
(28, 14, 9)
(28, 15, 6)
(28, 16, 6)
(28, 17, 5)
(28, 18, 5)
(28, 19, 5)
(28, 20, 5)
(28, 21, 5)
(28, 22, 5)
(28, 23, 5)
(28, 24, 5)
(28, 25, 5)
(28, 26, 4)
(28, 27, 4)
(28, 28, 4)
(28, 29, 3)
(28, 30, 3)
(28, 31, 3)
(28, 32, 3)
(28, 33, 3)
(28, 34, 3)
(28, 35, 3)
(28, 36, 3)
(28, 37, 3)
(28, 38, 3)
(28, 39, 2)

(29, 0, 564)
(29, 1, 358)
(29, 2, 177)
(29, 3, 94)
(29, 4, 53)
(29, 5, 36)
(29, 6, 27)
(29, 7, 24)
(29, 8, 20)
(29, 9, 13)
(29, 10, 13)
(29, 11, 13)
(29, 12, 12)
(29, 13, 10)
(29, 14, 9)
(29, 15, 6)
(29, 16, 6)
(29, 17, 5)
(29, 18, 5)
(29, 19, 5)
(29, 20, 5)
(29, 21, 5)
(29, 22, 5)
(29, 23, 5)
(29, 24, 5)
(29, 25, 5)
(29, 26, 4)
(29, 27, 4)
(29, 28, 4)
(29, 29, 3)
(29, 30, 3)
(29, 31, 2)
(29, 32, 2)
(29, 33, 2)
(29, 34, 2)
(29, 35, 2)
(29, 36, 2)
(29, 37, 2)
(29, 38, 2)
(29, 39, 2)

(30, 0, 591)
(30, 1, 375)
(30, 2, 189)
(30, 3, 101)
(30, 4, 57)
(30, 5, 39)
(30, 6, 30)
(30, 7, 25)
(30, 8, 21)
(30, 9, 14)
(30, 10, 13)
(30, 11, 13)
(30, 12, 12)
(30, 13, 10)
(30, 14, 9)
(30, 15, 6)
(30, 16, 5)
(30, 17, 4)
(30, 18, 4)
(30, 19, 4)
(30, 20, 4)
(30, 21, 4)
(30, 22, 4)
(30, 23, 4)
(30, 24, 4)
(30, 25, 4)
(30, 26, 3)
(30, 27, 3)
(30, 28, 3)
(30, 29, 2)
(30, 30, 2)
(30, 31, 2)
(30, 32, 1)
(30, 33, 1)
(30, 34, 1)
(30, 35, 1)
(30, 36, 1)
(30, 37, 1)
(30, 38, 1)
(30, 39, 1)

(31, 0, 609)
(31, 1, 390)
(31, 2, 197)
(31, 3, 108)
(31, 4, 62)
(31, 5, 44)
(31, 6, 35)
(31, 7, 30)
(31, 8, 25)
(31, 9, 15)
(31, 10, 14)
(31, 11, 14)
(31, 12, 12)
(31, 13, 10)
(31, 14, 8)
(31, 15, 5)
(31, 16, 5)
(31, 17, 4)
(31, 18, 4)
(31, 19, 4)
(31, 20, 4)
(31, 21, 4)
(31, 22, 3)
(31, 23, 3)
(31, 24, 3)
(31, 25, 3)
(31, 26, 2)
(31, 27, 2)
(31, 28, 2)
(31, 29, 1)
(31, 30, 1)
(31, 31, 1)
(31, 32, 1)
(31, 33, 1)
(31, 34, 1)
(31, 35, 1)
(31, 36, 1)
(31, 37, 1)
(31, 38, 1)
(31, 39, 1)

(32, 0, 639)
(32, 1, 412)
(32, 2, 209)
(32, 3, 113)
(32, 4, 64)
(32, 5, 44)
(32, 6, 34)
(32, 7, 28)
(32, 8, 23)
(32, 9, 13)
(32, 10, 12)
(32, 11, 12)
(32, 12, 10)
(32, 13, 8)
(32, 14, 7)
(32, 15, 4)
(32, 16, 4)
(32, 17, 3)
(32, 18, 3)
(32, 19, 3)
(32, 20, 3)
(32, 21, 3)
(32, 22, 3)
(32, 23, 3)
(32, 24, 3)
(32, 25, 3)
(32, 26, 2)
(32, 27, 2)
(32, 28, 2)
(32, 29, 1)
(32, 30, 1)
(32, 31, 1)
(32, 32, 1)
(32, 33, 1)
(32, 34, 1)
(32, 35, 1)
(32, 36, 1)
(32, 37, 1)
(32, 38, 1)
(32, 39, 1)

(33, 0, 665)
(33, 1, 430)
(33, 2, 220)
(33, 3, 116)
(33, 4, 67)
(33, 5, 48)
(33, 6, 36)
(33, 7, 31)
(33, 8, 26)
(33, 9, 14)
(33, 10, 12)
(33, 11, 11)
(33, 12, 10)
(33, 13, 8)
(33, 14, 7)
(33, 15, 4)
(33, 16, 4)
(33, 17, 3)
(33, 18, 3)
(33, 19, 3)
(33, 20, 3)
(33, 21, 3)
(33, 22, 3)
(33, 23, 3)
(33, 24, 3)
(33, 25, 3)
(33, 26, 2)
(33, 27, 2)
(33, 28, 2)
(33, 29, 1)
(33, 30, 1)
(33, 31, 1)
(33, 32, 1)
(33, 33, 1)
(33, 34, 1)
(33, 35, 1)
(33, 36, 1)
(33, 37, 1)
(33, 38, 1)
(33, 39, 1)

(34, 0, 694)
(34, 1, 451)
(34, 2, 228)
(34, 3, 121)
(34, 4, 70)
(34, 5, 50)
(34, 6, 38)
(34, 7, 33)
(34, 8, 26)
(34, 9, 13)
(34, 10, 12)
(34, 11, 11)
(34, 12, 10)
(34, 13, 9)
(34, 14, 8)
(34, 15, 5)
(34, 16, 5)
(34, 17, 4)
(34, 18, 4)
(34, 19, 4)
(34, 20, 4)
(34, 21, 4)
(34, 22, 3)
(34, 23, 3)
(34, 24, 3)
(34, 25, 3)
(34, 26, 2)
(34, 27, 2)
(34, 28, 2)
(34, 29, 1)
(34, 30, 1)
(34, 31, 1)
(34, 32, 1)
(34, 33, 1)
(34, 34, 1)
(34, 35, 1)
(34, 36, 1)
(34, 37, 1)
(34, 38, 1)
(34, 39, 1)

(35, 0, 744)
(35, 1, 477)
(35, 2, 241)
(35, 3, 122)
(35, 4, 71)
(35, 5, 46)
(35, 6, 36)
(35, 7, 31)
(35, 8, 24)
(35, 9, 12)
(35, 10, 11)
(35, 11, 10)
(35, 12, 9)
(35, 13, 8)
(35, 14, 7)
(35, 15, 4)
(35, 16, 4)
(35, 17, 3)
(35, 18, 3)
(35, 19, 3)
(35, 20, 3)
(35, 21, 3)
(35, 22, 3)
(35, 23, 3)
(35, 24, 3)
(35, 25, 3)
(35, 26, 2)
(35, 27, 2)
(35, 28, 2)
(35, 29, 1)
(35, 30, 1)
(35, 31, 1)
(35, 32, 1)
(35, 33, 1)
(35, 34, 1)
(35, 35, 1)
(35, 36, 1)
(35, 37, 1)
(35, 38, 1)
(35, 39, 1)

(36, 0, 775)
(36, 1, 496)
(36, 2, 252)
(36, 3, 130)
(36, 4, 76)
(36, 5, 49)
(36, 6, 37)
(36, 7, 31)
(36, 8, 24)
(36, 9, 12)
(36, 10, 11)
(36, 11, 10)
(36, 12, 9)
(36, 13, 8)
(36, 14, 7)
(36, 15, 4)
(36, 16, 4)
(36, 17, 3)
(36, 18, 3)
(36, 19, 3)
(36, 20, 3)
(36, 21, 3)
(36, 22, 3)
(36, 23, 3)
(36, 24, 3)
(36, 25, 3)
(36, 26, 2)
(36, 27, 2)
(36, 28, 2)
(36, 29, 1)
(36, 30, 1)
(36, 31, 1)
(36, 32, 1)
(36, 33, 1)
(36, 34, 1)
(36, 35, 1)
(36, 36, 1)
(36, 37, 1)
(36, 38, 1)
(36, 39, 1)

(37, 0, 795)
(37, 1, 513)
(37, 2, 262)
(37, 3, 138)
(37, 4, 81)
(37, 5, 48)
(37, 6, 36)
(37, 7, 30)
(37, 8, 24)
(37, 9, 12)
(37, 10, 11)
(37, 11, 10)
(37, 12, 9)
(37, 13, 8)
(37, 14, 7)
(37, 15, 4)
(37, 16, 4)
(37, 17, 3)
(37, 18, 3)
(37, 19, 3)
(37, 20, 3)
(37, 21, 3)
(37, 22, 3)
(37, 23, 3)
(37, 24, 3)
(37, 25, 3)
(37, 26, 2)
(37, 27, 2)
(37, 28, 2)
(37, 29, 1)
(37, 30, 1)
(37, 31, 1)
(37, 32, 1)
(37, 33, 1)
(37, 34, 1)
(37, 35, 1)
(37, 36, 1)
(37, 37, 1)
(37, 38, 1)
(37, 39, 1)

(38, 0, 809)
(38, 1, 517)
(38, 2, 264)
(38, 3, 139)
(38, 4, 81)
(38, 5, 49)
(38, 6, 36)
(38, 7, 30)
(38, 8, 24)
(38, 9, 12)
(38, 10, 11)
(38, 11, 10)
(38, 12, 9)
(38, 13, 8)
(38, 14, 7)
(38, 15, 4)
(38, 16, 4)
(38, 17, 3)
(38, 18, 3)
(38, 19, 3)
(38, 20, 3)
(38, 21, 3)
(38, 22, 3)
(38, 23, 3)
(38, 24, 3)
(38, 25, 3)
(38, 26, 2)
(38, 27, 2)
(38, 28, 2)
(38, 29, 1)
(38, 30, 1)
(38, 31, 1)
(38, 32, 1)
(38, 33, 1)
(38, 34, 1)
(38, 35, 1)
(38, 36, 1)
(38, 37, 1)
(38, 38, 1)
(38, 39, 1)

(39, 0, 812)
(39, 1, 518)
(39, 2, 264)
(39, 3, 139)
(39, 4, 81)
(39, 5, 49)
(39, 6, 36)
(39, 7, 30)
(39, 8, 24)
(39, 9, 12)
(39, 10, 11)
(39, 11, 10)
(39, 12, 9)
(39, 13, 8)
(39, 14, 7)
(39, 15, 4)
(39, 16, 4)
(39, 17, 3)
(39, 18, 3)
(39, 19, 3)
(39, 20, 3)
(39, 21, 3)
(39, 22, 3)
(39, 23, 3)
(39, 24, 3)
(39, 25, 3)
(39, 26, 2)
(39, 27, 2)
(39, 28, 2)
(39, 29, 1)
(39, 30, 1)
(39, 31, 1)
(39, 32, 1)
(39, 33, 1)
(39, 34, 1)
(39, 35, 1)
(39, 36, 1)
(39, 37, 1)
(39, 38, 1)
(39, 39, 1)


Betti numbers:
xi_0:
(0, 0, 1)
(1, 0, 1)
(3, 0, 6)
(6, 0, 2)
(7, 0, 9)
(8, 0, 3)
(9, 0, 9)
(10, 0, 25)
(11, 0, 26)
(12, 0, 38)
(13, 0, 34)
(14, 0, 39)
(15, 0, 27)
(16, 0, 33)
(17, 0, 27)
(18, 0, 27)
(19, 0, 37)
(20, 0, 23)
(21, 0, 29)
(22, 0, 23)
(23, 0, 24)
(24, 0, 21)
(25, 0, 18)
(26, 0, 21)
(27, 0, 19)
(28, 0, 20)
(29, 0, 22)
(30, 0, 27)
(31, 0, 18)
(32, 0, 30)
(33, 0, 26)
(34, 0, 29)
(35, 0, 50)
(36, 0, 31)
(37, 0, 20)
(38, 0, 14)
(39, 0, 3)
xi_1:
(1, 5, 1)
(3, 1, 1)
(3, 2, 2)
(3, 4, 1)
(3, 15, 1)
(6, 7, 1)
(6, 13, 1)
(7, 1, 6)
(7, 2, 1)
(7, 15, 1)
(8, 1, 2)
(8, 4, 1)
(9, 1, 4)
(9, 3, 2)
(9, 9, 1)
(9, 14, 1)
(9, 15, 1)
(10, 1, 10)
(10, 2, 8)
(10, 3, 4)
(10, 4, 2)
(10, 5, 1)
(10, 7, 1)
(10, 8, 1)
(11, 1, 12)
(11, 2, 7)
(11, 3, 1)
(11, 4, 2)
(11, 5, 3)
(11, 6, 1)
(11, 14, 1)
(11, 37, 1)
(12, 1, 14)
(12, 2, 10)
(12, 3, 7)
(12, 4, 3)
(12, 5, 1)
(12, 6, 1)
(12, 8, 1)
(12, 9, 1)
(12, 10, 2)
(12, 11, 1)
(12, 12, 1)
(13, 1, 17)
(13, 2, 11)
(13, 3, 3)
(13, 4, 1)
(13, 5, 1)
(13, 10, 1)
(14, 1, 19)
(14, 2, 14)
(14, 3, 3)
(14, 4, 6)
(14, 5, 1)
(14, 8, 1)
(14, 9, 2)
(15, 1, 7)
(15, 2, 13)
(15, 3, 7)
(15, 4, 1)
(15, 5, 2)
(15, 6, 2)
(16, 1, 14)
(16, 2, 7)
(16, 3, 6)
(16, 4, 5)
(16, 5, 1)
(16, 17, 1)
(17, 1, 8)
(17, 2, 12)
(17, 3, 5)
(17, 4, 2)
(17, 5, 2)
(17, 6, 1)
(18, 1, 11)
(18, 2, 7)
(18, 3, 4)
(18, 4, 5)
(18, 5, 1)
(18, 6, 2)
(19, 1, 15)
(19, 2, 10)
(19, 3, 10)
(19, 4, 2)
(19, 9, 1)
(19, 15, 1)
(19, 21, 1)
(20, 1, 7)
(20, 2, 7)
(20, 3, 4)
(20, 4, 3)
(20, 5, 1)
(20, 6, 2)
(20, 15, 1)
(21, 1, 6)
(21, 2, 17)
(21, 3, 3)
(21, 4, 2)
(21, 6, 1)
(21, 8, 1)
(21, 10, 1)
(22, 1, 8)
(22, 2, 8)
(22, 3, 7)
(22, 4, 3)
(22, 5, 1)
(22, 6, 1)
(22, 8, 1)
(23, 1, 8)
(23, 2, 7)
(23, 3, 4)
(23, 4, 4)
(23, 5, 1)
(24, 1, 5)
(24, 2, 13)
(24, 3, 4)
(24, 5, 1)
(24, 7, 1)
(25, 1, 4)
(25, 2, 9)
(25, 3, 1)
(25, 4, 1)
(25, 5, 1)
(25, 6, 1)
(25, 8, 1)
(25, 9, 1)
(26, 1, 6)
(26, 2, 8)
(26, 3, 5)
(26, 4, 4)
(26, 6, 1)
(27, 1, 8)
(27, 2, 4)
(27, 3, 4)
(27, 4, 1)
(27, 5, 1)
(27, 9, 1)
(27, 26, 1)
(28, 1, 10)
(28, 2, 4)
(28, 3, 3)
(28, 4, 2)
(28, 7, 1)
(28, 9, 1)
(28, 29, 1)
(28, 39, 1)
(29, 1, 4)
(29, 2, 5)
(29, 3, 3)
(29, 4, 3)
(29, 5, 4)
(29, 6, 1)
(29, 8, 1)
(29, 9, 1)
(29, 13, 1)
(29, 31, 1)
(30, 1, 10)
(30, 2, 6)
(30, 3, 5)
(30, 4, 3)
(30, 5, 2)
(30, 7, 2)
(30, 10, 1)
(30, 16, 1)
(30, 32, 1)
(31, 1, 3)
(31, 2, 7)
(31, 3, 2)
(31, 4, 2)
(31, 8, 1)
(31, 9, 3)
(31, 12, 1)
(31, 14, 1)
(31, 22, 1)
(32, 1, 8)
(32, 2, 10)
(32, 3, 7)
(32, 4, 3)
(32, 5, 2)
(32, 6, 1)
(32, 7, 1)
(33, 1, 8)
(33, 2, 7)
(33, 3, 8)
(33, 4, 1)
(33, 6, 2)
(33, 9, 2)
(33, 10, 1)
(33, 11, 1)
(34, 1, 8)
(34, 2, 13)
(34, 3, 3)
(34, 4, 2)
(34, 5, 1)
(34, 8, 2)
(34, 9, 1)
(34, 22, 1)
(35, 1, 24)
(35, 2, 13)
(35, 3, 12)
(35, 4, 2)
(35, 5, 5)
(35, 8, 1)
(36, 1, 12)
(36, 2, 9)
(36, 3, 4)
(36, 4, 4)
(36, 5, 2)
(36, 6, 2)
(36, 7, 1)
(37, 1, 3)
(37, 2, 7)
(37, 3, 2)
(37, 4, 4)
(37, 5, 6)
(37, 6, 1)
(37, 7, 1)
(38, 1, 10)
(38, 2, 2)
(38, 3, 1)
(38, 4, 1)
(38, 5, 1)
(38, 6, 1)
(39, 1, 2)
(39, 2, 1)
xi_2:
(10, 4, 1)
(10, 15, 1)
(11, 7, 1)
(11, 8, 1)
(12, 5, 1)
(12, 14, 1)
(12, 37, 1)
(13, 11, 1)
(14, 3, 2)
(14, 5, 3)
(14, 10, 2)
(15, 2, 1)
(15, 4, 1)
(15, 8, 1)
(15, 9, 1)
(15, 10, 1)
(16, 4, 1)
(17, 3, 2)
(17, 4, 1)
(18, 4, 1)
(18, 5, 1)
(18, 8, 1)
(19, 4, 1)
(19, 5, 1)
(20, 9, 1)
(20, 21, 1)
(21, 6, 1)
(21, 15, 1)
(22, 2, 1)
(22, 3, 1)
(22, 4, 2)
(22, 5, 1)
(22, 10, 1)
(23, 6, 1)
(24, 3, 1)
(24, 4, 2)
(25, 3, 1)
(26, 4, 1)
(26, 6, 2)
(27, 6, 1)
(28, 2, 1)
(28, 4, 1)
(29, 4, 1)
(29, 39, 1)
(30, 2, 1)
(30, 5, 1)
(30, 31, 1)
(31, 3, 1)
(31, 16, 1)
(31, 32, 1)
(32, 14, 1)
(32, 22, 1)
(33, 4, 1)
(33, 5, 1)
(33, 7, 1)
(33, 12, 1)
(34, 10, 1)
(34, 13, 1)
(35, 4, 2)
(35, 6, 2)
(35, 8, 1)
(35, 9, 1)
(35, 22, 1)
(36, 2, 1)
(36, 3, 1)
(36, 4, 1)
(37, 4, 1)
(37, 6, 1)
(37, 7, 1)
(37, 8, 1)
(38, 5, 2)
