x-grades
-199469028087978613/125000000000000000
-391779543722930327/250000000000000000
-96155257817475857/62500000000000000
-377462518816876529/250000000000000000
-37030400636384963/25000000000000000
-363145493910822731/250000000000000000
-44498372682224479/31250000000000000
-348828469004768933/250000000000000000
-170834978275871017/125000000000000000
-66902288819743027/50000000000000000
-81838232911422059/62500000000000000
-320194419192661337/250000000000000000
-156517953369817219/125000000000000000
-305877394286607539/250000000000000000
-1866993011459879/1562500000000000
-291560369380553741/250000000000000000
-142200928463763421/125000000000000000
-277243344474499943/250000000000000000
-67521208005368261/62500000000000000
-52585263913689229/50000000000000000
-127883903557709623/125000000000000000
-248609294662392347/250000000000000000
-30181347776170681/31250000000000000
-234292269756338549/250000000000000000
-4542675146066233/5000000000000000
-219975244850284751/250000000000000000
-53204183099314463/62500000000000000
-205658219944230953/250000000000000000
-99249853745602027/125000000000000000
-38268239007635431/50000000000000000
-11511417661571891/15625000000000000
-177024170132123357/250000000000000000
-84932828839548229/125000000000000000
-162707145226069559/250000000000000000
-7777431638652133/12500000000000000
-148390120320015761/250000000000000000
-70615803933494431/125000000000000000
-134073095413961963/250000000000000000
-15864322870116883/31250000000000000
-23951214101581633/50000000000000000

y-grades
399997/1600000
399997/800000
1199991/1600000
399997/400000
399997/320000
1199991/800000
2799979/1600000
399997/200000
3599973/1600000
399997/160000
4399967/1600000
1199991/400000
5199961/1600000
2799979/800000
1199991/320000
399997/100000
6799949/1600000
3599973/800000
7599943/1600000
399997/80000
8399937/1600000
4399967/800000
9199931/1600000
1199991/200000
399997/64000
5199961/800000
10799919/1600000
2799979/400000
11599913/1600000
1199991/160000
12399907/1600000
399997/50000
13199901/1600000
6799949/800000
2799979/320000
3599973/400000
14799889/1600000
7599943/800000
15599883/1600000
399997/40000

Dimensions > 0:
(0, 0, 3)
(0, 1, 3)
(0, 2, 3)
(0, 3, 3)
(0, 4, 3)
(0, 5, 3)
(0, 6, 3)
(0, 7, 3)
(0, 8, 3)
(0, 9, 1)
(0, 10, 1)
(0, 11, 1)
(0, 12, 1)
(0, 13, 1)
(0, 14, 1)
(0, 15, 1)
(0, 16, 1)
(0, 17, 1)
(0, 18, 1)
(0, 19, 1)
(0, 20, 1)
(0, 21, 1)
(0, 22, 1)
(0, 23, 1)
(0, 24, 1)
(0, 25, 1)
(0, 26, 1)
(0, 27, 1)
(0, 28, 1)
(0, 29, 1)
(0, 30, 1)
(0, 31, 1)
(0, 32, 1)
(0, 33, 1)
(0, 34, 1)
(0, 35, 1)
(0, 36, 1)
(0, 37, 1)
(0, 38, 1)
(0, 39, 1)

(1, 0, 9)
(1, 1, 9)
(1, 2, 9)
(1, 3, 9)
(1, 4, 8)
(1, 5, 8)
(1, 6, 8)
(1, 7, 8)
(1, 8, 8)
(1, 9, 2)
(1, 10, 1)
(1, 11, 1)
(1, 12, 1)
(1, 13, 1)
(1, 14, 1)
(1, 15, 1)
(1, 16, 1)
(1, 17, 1)
(1, 18, 1)
(1, 19, 1)
(1, 20, 1)
(1, 21, 1)
(1, 22, 1)
(1, 23, 1)
(1, 24, 1)
(1, 25, 1)
(1, 26, 1)
(1, 27, 1)
(1, 28, 1)
(1, 29, 1)
(1, 30, 1)
(1, 31, 1)
(1, 32, 1)
(1, 33, 1)
(1, 34, 1)
(1, 35, 1)
(1, 36, 1)
(1, 37, 1)
(1, 38, 1)
(1, 39, 1)

(2, 0, 12)
(2, 1, 12)
(2, 2, 12)
(2, 3, 12)
(2, 4, 11)
(2, 5, 11)
(2, 6, 11)
(2, 7, 11)
(2, 8, 10)
(2, 9, 2)
(2, 10, 1)
(2, 11, 1)
(2, 12, 1)
(2, 13, 1)
(2, 14, 1)
(2, 15, 1)
(2, 16, 1)
(2, 17, 1)
(2, 18, 1)
(2, 19, 1)
(2, 20, 1)
(2, 21, 1)
(2, 22, 1)
(2, 23, 1)
(2, 24, 1)
(2, 25, 1)
(2, 26, 1)
(2, 27, 1)
(2, 28, 1)
(2, 29, 1)
(2, 30, 1)
(2, 31, 1)
(2, 32, 1)
(2, 33, 1)
(2, 34, 1)
(2, 35, 1)
(2, 36, 1)
(2, 37, 1)
(2, 38, 1)
(2, 39, 1)

(3, 0, 21)
(3, 1, 21)
(3, 2, 21)
(3, 3, 20)
(3, 4, 19)
(3, 5, 19)
(3, 6, 19)
(3, 7, 19)
(3, 8, 14)
(3, 9, 4)
(3, 10, 2)
(3, 11, 2)
(3, 12, 1)
(3, 13, 1)
(3, 14, 1)
(3, 15, 1)
(3, 16, 1)
(3, 17, 1)
(3, 18, 1)
(3, 19, 1)
(3, 20, 1)
(3, 21, 1)
(3, 22, 1)
(3, 23, 1)
(3, 24, 1)
(3, 25, 1)
(3, 26, 1)
(3, 27, 1)
(3, 28, 1)
(3, 29, 1)
(3, 30, 1)
(3, 31, 1)
(3, 32, 1)
(3, 33, 1)
(3, 34, 1)
(3, 35, 1)
(3, 36, 1)
(3, 37, 1)
(3, 38, 1)
(3, 39, 1)

(4, 0, 31)
(4, 1, 31)
(4, 2, 31)
(4, 3, 29)
(4, 4, 27)
(4, 5, 25)
(4, 6, 25)
(4, 7, 25)
(4, 8, 18)
(4, 9, 7)
(4, 10, 2)
(4, 11, 2)
(4, 12, 1)
(4, 13, 1)
(4, 14, 1)
(4, 15, 1)
(4, 16, 1)
(4, 17, 1)
(4, 18, 1)
(4, 19, 1)
(4, 20, 1)
(4, 21, 1)
(4, 22, 1)
(4, 23, 1)
(4, 24, 1)
(4, 25, 1)
(4, 26, 1)
(4, 27, 1)
(4, 28, 1)
(4, 29, 1)
(4, 30, 1)
(4, 31, 1)
(4, 32, 1)
(4, 33, 1)
(4, 34, 1)
(4, 35, 1)
(4, 36, 1)
(4, 37, 1)
(4, 38, 1)
(4, 39, 1)

(5, 0, 41)
(5, 1, 41)
(5, 2, 41)
(5, 3, 35)
(5, 4, 33)
(5, 5, 28)
(5, 6, 28)
(5, 7, 28)
(5, 8, 19)
(5, 9, 7)
(5, 10, 1)
(5, 11, 1)
(5, 12, 1)
(5, 13, 1)
(5, 14, 1)
(5, 15, 1)
(5, 16, 1)
(5, 17, 1)
(5, 18, 1)
(5, 19, 1)
(5, 20, 1)
(5, 21, 1)
(5, 22, 1)
(5, 23, 1)
(5, 24, 1)
(5, 25, 1)
(5, 26, 1)
(5, 27, 1)
(5, 28, 1)
(5, 29, 1)
(5, 30, 1)
(5, 31, 1)
(5, 32, 1)
(5, 33, 1)
(5, 34, 1)
(5, 35, 1)
(5, 36, 1)
(5, 37, 1)
(5, 38, 1)
(5, 39, 1)

(6, 0, 52)
(6, 1, 52)
(6, 2, 51)
(6, 3, 42)
(6, 4, 40)
(6, 5, 33)
(6, 6, 33)
(6, 7, 33)
(6, 8, 22)
(6, 9, 9)
(6, 10, 1)
(6, 11, 1)
(6, 12, 1)
(6, 13, 1)
(6, 14, 1)
(6, 15, 1)
(6, 16, 1)
(6, 17, 1)
(6, 18, 1)
(6, 19, 1)
(6, 20, 1)
(6, 21, 1)
(6, 22, 1)
(6, 23, 1)
(6, 24, 1)
(6, 25, 1)
(6, 26, 1)
(6, 27, 1)
(6, 28, 1)
(6, 29, 1)
(6, 30, 1)
(6, 31, 1)
(6, 32, 1)
(6, 33, 1)
(6, 34, 1)
(6, 35, 1)
(6, 36, 1)
(6, 37, 1)
(6, 38, 1)
(6, 39, 1)

(7, 0, 64)
(7, 1, 64)
(7, 2, 62)
(7, 3, 52)
(7, 4, 50)
(7, 5, 42)
(7, 6, 41)
(7, 7, 40)
(7, 8, 27)
(7, 9, 13)
(7, 10, 2)
(7, 11, 1)
(7, 12, 1)
(7, 13, 1)
(7, 14, 1)
(7, 15, 1)
(7, 16, 1)
(7, 17, 1)
(7, 18, 1)
(7, 19, 1)
(7, 20, 1)
(7, 21, 1)
(7, 22, 1)
(7, 23, 1)
(7, 24, 1)
(7, 25, 1)
(7, 26, 1)
(7, 27, 1)
(7, 28, 1)
(7, 29, 1)
(7, 30, 1)
(7, 31, 1)
(7, 32, 1)
(7, 33, 1)
(7, 34, 1)
(7, 35, 1)
(7, 36, 1)
(7, 37, 1)
(7, 38, 1)
(7, 39, 1)

(8, 0, 81)
(8, 1, 81)
(8, 2, 79)
(8, 3, 63)
(8, 4, 57)
(8, 5, 49)
(8, 6, 48)
(8, 7, 42)
(8, 8, 28)
(8, 9, 12)
(8, 10, 2)
(8, 11, 1)
(8, 12, 1)
(8, 13, 1)
(8, 14, 1)
(8, 15, 1)
(8, 16, 1)
(8, 17, 1)
(8, 18, 1)
(8, 19, 1)
(8, 20, 1)
(8, 21, 1)
(8, 22, 1)
(8, 23, 1)
(8, 24, 1)
(8, 25, 1)
(8, 26, 1)
(8, 27, 1)
(8, 28, 1)
(8, 29, 1)
(8, 30, 1)
(8, 31, 1)
(8, 32, 1)
(8, 33, 1)
(8, 34, 1)
(8, 35, 1)
(8, 36, 1)
(8, 37, 1)
(8, 38, 1)
(8, 39, 1)

(9, 0, 95)
(9, 1, 95)
(9, 2, 89)
(9, 3, 69)
(9, 4, 62)
(9, 5, 54)
(9, 6, 50)
(9, 7, 44)
(9, 8, 30)
(9, 9, 14)
(9, 10, 1)
(9, 11, 1)
(9, 12, 1)
(9, 13, 1)
(9, 14, 1)
(9, 15, 1)
(9, 16, 1)
(9, 17, 1)
(9, 18, 1)
(9, 19, 1)
(9, 20, 1)
(9, 21, 1)
(9, 22, 1)
(9, 23, 1)
(9, 24, 1)
(9, 25, 1)
(9, 26, 1)
(9, 27, 1)
(9, 28, 1)
(9, 29, 1)
(9, 30, 1)
(9, 31, 1)
(9, 32, 1)
(9, 33, 1)
(9, 34, 1)
(9, 35, 1)
(9, 36, 1)
(9, 37, 1)
(9, 38, 1)
(9, 39, 1)

(10, 0, 109)
(10, 1, 109)
(10, 2, 101)
(10, 3, 78)
(10, 4, 70)
(10, 5, 61)
(10, 6, 54)
(10, 7, 47)
(10, 8, 32)
(10, 9, 15)
(10, 10, 2)
(10, 11, 2)
(10, 12, 2)
(10, 13, 2)
(10, 14, 2)
(10, 15, 2)
(10, 16, 2)
(10, 17, 2)
(10, 18, 1)
(10, 19, 1)
(10, 20, 1)
(10, 21, 1)
(10, 22, 1)
(10, 23, 1)
(10, 24, 1)
(10, 25, 1)
(10, 26, 1)
(10, 27, 1)
(10, 28, 1)
(10, 29, 1)
(10, 30, 1)
(10, 31, 1)
(10, 32, 1)
(10, 33, 1)
(10, 34, 1)
(10, 35, 1)
(10, 36, 1)
(10, 37, 1)
(10, 38, 1)
(10, 39, 1)

(11, 0, 129)
(11, 1, 129)
(11, 2, 119)
(11, 3, 91)
(11, 4, 82)
(11, 5, 66)
(11, 6, 58)
(11, 7, 51)
(11, 8, 35)
(11, 9, 17)
(11, 10, 4)
(11, 11, 3)
(11, 12, 3)
(11, 13, 3)
(11, 14, 3)
(11, 15, 3)
(11, 16, 3)
(11, 17, 2)
(11, 18, 1)
(11, 19, 1)
(11, 20, 1)
(11, 21, 1)
(11, 22, 1)
(11, 23, 1)
(11, 24, 1)
(11, 25, 1)
(11, 26, 1)
(11, 27, 1)
(11, 28, 1)
(11, 29, 1)
(11, 30, 1)
(11, 31, 1)
(11, 32, 1)
(11, 33, 1)
(11, 34, 1)
(11, 35, 1)
(11, 36, 1)
(11, 37, 1)
(11, 38, 1)
(11, 39, 1)

(12, 0, 142)
(12, 1, 142)
(12, 2, 129)
(12, 3, 98)
(12, 4, 87)
(12, 5, 69)
(12, 6, 60)
(12, 7, 52)
(12, 8, 36)
(12, 9, 17)
(12, 10, 4)
(12, 11, 3)
(12, 12, 3)
(12, 13, 3)
(12, 14, 3)
(12, 15, 3)
(12, 16, 3)
(12, 17, 1)
(12, 18, 1)
(12, 19, 1)
(12, 20, 1)
(12, 21, 1)
(12, 22, 1)
(12, 23, 1)
(12, 24, 1)
(12, 25, 1)
(12, 26, 1)
(12, 27, 1)
(12, 28, 1)
(12, 29, 1)
(12, 30, 1)
(12, 31, 1)
(12, 32, 1)
(12, 33, 1)
(12, 34, 1)
(12, 35, 1)
(12, 36, 1)
(12, 37, 1)
(12, 38, 1)
(12, 39, 1)

(13, 0, 154)
(13, 1, 154)
(13, 2, 137)
(13, 3, 104)
(13, 4, 91)
(13, 5, 73)
(13, 6, 63)
(13, 7, 54)
(13, 8, 38)
(13, 9, 19)
(13, 10, 6)
(13, 11, 5)
(13, 12, 4)
(13, 13, 4)
(13, 14, 4)
(13, 15, 4)
(13, 16, 4)
(13, 17, 1)
(13, 18, 1)
(13, 19, 1)
(13, 20, 1)
(13, 21, 1)
(13, 22, 1)
(13, 23, 1)
(13, 24, 1)
(13, 25, 1)
(13, 26, 1)
(13, 27, 1)
(13, 28, 1)
(13, 29, 1)
(13, 30, 1)
(13, 31, 1)
(13, 32, 1)
(13, 33, 1)
(13, 34, 1)
(13, 35, 1)
(13, 36, 1)
(13, 37, 1)
(13, 38, 1)
(13, 39, 1)

(14, 0, 176)
(14, 1, 176)
(14, 2, 148)
(14, 3, 111)
(14, 4, 98)
(14, 5, 80)
(14, 6, 70)
(14, 7, 61)
(14, 8, 42)
(14, 9, 21)
(14, 10, 7)
(14, 11, 5)
(14, 12, 5)
(14, 13, 5)
(14, 14, 5)
(14, 15, 5)
(14, 16, 4)
(14, 17, 2)
(14, 18, 1)
(14, 19, 1)
(14, 20, 1)
(14, 21, 1)
(14, 22, 1)
(14, 23, 1)
(14, 24, 1)
(14, 25, 1)
(14, 26, 1)
(14, 27, 1)
(14, 28, 1)
(14, 29, 1)
(14, 30, 1)
(14, 31, 1)
(14, 32, 1)
(14, 33, 1)
(14, 34, 1)
(14, 35, 1)
(14, 36, 1)
(14, 37, 1)
(14, 38, 1)
(14, 39, 1)

(15, 0, 191)
(15, 1, 191)
(15, 2, 157)
(15, 3, 119)
(15, 4, 105)
(15, 5, 87)
(15, 6, 75)
(15, 7, 66)
(15, 8, 47)
(15, 9, 24)
(15, 10, 7)
(15, 11, 6)
(15, 12, 6)
(15, 13, 6)
(15, 14, 6)
(15, 15, 6)
(15, 16, 4)
(15, 17, 2)
(15, 18, 2)
(15, 19, 1)
(15, 20, 1)
(15, 21, 1)
(15, 22, 1)
(15, 23, 1)
(15, 24, 1)
(15, 25, 1)
(15, 26, 1)
(15, 27, 1)
(15, 28, 1)
(15, 29, 1)
(15, 30, 1)
(15, 31, 1)
(15, 32, 1)
(15, 33, 1)
(15, 34, 1)
(15, 35, 1)
(15, 36, 1)
(15, 37, 1)
(15, 38, 1)
(15, 39, 1)

(16, 0, 201)
(16, 1, 200)
(16, 2, 165)
(16, 3, 124)
(16, 4, 109)
(16, 5, 90)
(16, 6, 78)
(16, 7, 69)
(16, 8, 49)
(16, 9, 25)
(16, 10, 8)
(16, 11, 7)
(16, 12, 7)
(16, 13, 7)
(16, 14, 6)
(16, 15, 6)
(16, 16, 4)
(16, 17, 2)
(16, 18, 2)
(16, 19, 1)
(16, 20, 1)
(16, 21, 1)
(16, 22, 1)
(16, 23, 1)
(16, 24, 1)
(16, 25, 1)
(16, 26, 1)
(16, 27, 1)
(16, 28, 1)
(16, 29, 1)
(16, 30, 1)
(16, 31, 1)
(16, 32, 1)
(16, 33, 1)
(16, 34, 1)
(16, 35, 1)
(16, 36, 1)
(16, 37, 1)
(16, 38, 1)
(16, 39, 1)

(17, 0, 214)
(17, 1, 212)
(17, 2, 174)
(17, 3, 129)
(17, 4, 112)
(17, 5, 93)
(17, 6, 81)
(17, 7, 72)
(17, 8, 52)
(17, 9, 28)
(17, 10, 9)
(17, 11, 9)
(17, 12, 9)
(17, 13, 8)
(17, 14, 8)
(17, 15, 8)
(17, 16, 5)
(17, 17, 3)
(17, 18, 3)
(17, 19, 1)
(17, 20, 1)
(17, 21, 1)
(17, 22, 1)
(17, 23, 1)
(17, 24, 1)
(17, 25, 1)
(17, 26, 1)
(17, 27, 1)
(17, 28, 1)
(17, 29, 1)
(17, 30, 1)
(17, 31, 1)
(17, 32, 1)
(17, 33, 1)
(17, 34, 1)
(17, 35, 1)
(17, 36, 1)
(17, 37, 1)
(17, 38, 1)
(17, 39, 1)

(18, 0, 221)
(18, 1, 219)
(18, 2, 180)
(18, 3, 131)
(18, 4, 113)
(18, 5, 94)
(18, 6, 82)
(18, 7, 73)
(18, 8, 53)
(18, 9, 28)
(18, 10, 9)
(18, 11, 9)
(18, 12, 8)
(18, 13, 8)
(18, 14, 8)
(18, 15, 8)
(18, 16, 5)
(18, 17, 3)
(18, 18, 2)
(18, 19, 1)
(18, 20, 1)
(18, 21, 1)
(18, 22, 1)
(18, 23, 1)
(18, 24, 1)
(18, 25, 1)
(18, 26, 1)
(18, 27, 1)
(18, 28, 1)
(18, 29, 1)
(18, 30, 1)
(18, 31, 1)
(18, 32, 1)
(18, 33, 1)
(18, 34, 1)
(18, 35, 1)
(18, 36, 1)
(18, 37, 1)
(18, 38, 1)
(18, 39, 1)

(19, 0, 231)
(19, 1, 227)
(19, 2, 187)
(19, 3, 137)
(19, 4, 119)
(19, 5, 100)
(19, 6, 86)
(19, 7, 77)
(19, 8, 57)
(19, 9, 32)
(19, 10, 13)
(19, 11, 13)
(19, 12, 12)
(19, 13, 12)
(19, 14, 12)
(19, 15, 11)
(19, 16, 8)
(19, 17, 6)
(19, 18, 4)
(19, 19, 1)
(19, 20, 1)
(19, 21, 1)
(19, 22, 1)
(19, 23, 1)
(19, 24, 1)
(19, 25, 1)
(19, 26, 1)
(19, 27, 1)
(19, 28, 1)
(19, 29, 1)
(19, 30, 1)
(19, 31, 1)
(19, 32, 1)
(19, 33, 1)
(19, 34, 1)
(19, 35, 1)
(19, 36, 1)
(19, 37, 1)
(19, 38, 1)
(19, 39, 1)

(20, 0, 249)
(20, 1, 239)
(20, 2, 191)
(20, 3, 139)
(20, 4, 121)
(20, 5, 102)
(20, 6, 88)
(20, 7, 79)
(20, 8, 59)
(20, 9, 34)
(20, 10, 15)
(20, 11, 15)
(20, 12, 14)
(20, 13, 14)
(20, 14, 13)
(20, 15, 13)
(20, 16, 10)
(20, 17, 8)
(20, 18, 6)
(20, 19, 2)
(20, 20, 1)
(20, 21, 1)
(20, 22, 1)
(20, 23, 1)
(20, 24, 1)
(20, 25, 1)
(20, 26, 1)
(20, 27, 1)
(20, 28, 1)
(20, 29, 1)
(20, 30, 1)
(20, 31, 1)
(20, 32, 1)
(20, 33, 1)
(20, 34, 1)
(20, 35, 1)
(20, 36, 1)
(20, 37, 1)
(20, 38, 1)
(20, 39, 1)

(21, 0, 260)
(21, 1, 250)
(21, 2, 198)
(21, 3, 145)
(21, 4, 127)
(21, 5, 108)
(21, 6, 94)
(21, 7, 85)
(21, 8, 65)
(21, 9, 38)
(21, 10, 18)
(21, 11, 18)
(21, 12, 17)
(21, 13, 16)
(21, 14, 16)
(21, 15, 16)
(21, 16, 13)
(21, 17, 8)
(21, 18, 4)
(21, 19, 2)
(21, 20, 1)
(21, 21, 1)
(21, 22, 1)
(21, 23, 1)
(21, 24, 1)
(21, 25, 1)
(21, 26, 1)
(21, 27, 1)
(21, 28, 1)
(21, 29, 1)
(21, 30, 1)
(21, 31, 1)
(21, 32, 1)
(21, 33, 1)
(21, 34, 1)
(21, 35, 1)
(21, 36, 1)
(21, 37, 1)
(21, 38, 1)
(21, 39, 1)

(22, 0, 275)
(22, 1, 261)
(22, 2, 201)
(22, 3, 148)
(22, 4, 130)
(22, 5, 111)
(22, 6, 97)
(22, 7, 88)
(22, 8, 68)
(22, 9, 41)
(22, 10, 20)
(22, 11, 20)
(22, 12, 19)
(22, 13, 18)
(22, 14, 18)
(22, 15, 18)
(22, 16, 14)
(22, 17, 9)
(22, 18, 4)
(22, 19, 3)
(22, 20, 1)
(22, 21, 1)
(22, 22, 1)
(22, 23, 1)
(22, 24, 1)
(22, 25, 1)
(22, 26, 1)
(22, 27, 1)
(22, 28, 1)
(22, 29, 1)
(22, 30, 1)
(22, 31, 1)
(22, 32, 1)
(22, 33, 1)
(22, 34, 1)
(22, 35, 1)
(22, 36, 1)
(22, 37, 1)
(22, 38, 1)
(22, 39, 1)

(23, 0, 284)
(23, 1, 270)
(23, 2, 208)
(23, 3, 155)
(23, 4, 137)
(23, 5, 118)
(23, 6, 104)
(23, 7, 95)
(23, 8, 75)
(23, 9, 46)
(23, 10, 22)
(23, 11, 22)
(23, 12, 21)
(23, 13, 20)
(23, 14, 18)
(23, 15, 18)
(23, 16, 15)
(23, 17, 9)
(23, 18, 4)
(23, 19, 2)
(23, 20, 1)
(23, 21, 1)
(23, 22, 1)
(23, 23, 1)
(23, 24, 1)
(23, 25, 1)
(23, 26, 1)
(23, 27, 1)
(23, 28, 1)
(23, 29, 1)
(23, 30, 1)
(23, 31, 1)
(23, 32, 1)
(23, 33, 1)
(23, 34, 1)
(23, 35, 1)
(23, 36, 1)
(23, 37, 1)
(23, 38, 1)
(23, 39, 1)

(24, 0, 293)
(24, 1, 279)
(24, 2, 215)
(24, 3, 162)
(24, 4, 144)
(24, 5, 125)
(24, 6, 111)
(24, 7, 102)
(24, 8, 82)
(24, 9, 50)
(24, 10, 24)
(24, 11, 24)
(24, 12, 23)
(24, 13, 22)
(24, 14, 20)
(24, 15, 19)
(24, 16, 15)
(24, 17, 10)
(24, 18, 4)
(24, 19, 4)
(24, 20, 1)
(24, 21, 1)
(24, 22, 1)
(24, 23, 1)
(24, 24, 1)
(24, 25, 1)
(24, 26, 1)
(24, 27, 1)
(24, 28, 1)
(24, 29, 1)
(24, 30, 1)
(24, 31, 1)
(24, 32, 1)
(24, 33, 1)
(24, 34, 1)
(24, 35, 1)
(24, 36, 1)
(24, 37, 1)
(24, 38, 1)
(24, 39, 1)

(25, 0, 319)
(25, 1, 305)
(25, 2, 238)
(25, 3, 179)
(25, 4, 161)
(25, 5, 142)
(25, 6, 128)
(25, 7, 116)
(25, 8, 95)
(25, 9, 58)
(25, 10, 30)
(25, 11, 30)
(25, 12, 28)
(25, 13, 24)
(25, 14, 22)
(25, 15, 21)
(25, 16, 17)
(25, 17, 12)
(25, 18, 6)
(25, 19, 3)
(25, 20, 2)
(25, 21, 1)
(25, 22, 1)
(25, 23, 1)
(25, 24, 1)
(25, 25, 1)
(25, 26, 1)
(25, 27, 1)
(25, 28, 1)
(25, 29, 1)
(25, 30, 1)
(25, 31, 1)
(25, 32, 1)
(25, 33, 1)
(25, 34, 1)
(25, 35, 1)
(25, 36, 1)
(25, 37, 1)
(25, 38, 1)
(25, 39, 1)

(26, 0, 340)
(26, 1, 326)
(26, 2, 258)
(26, 3, 198)
(26, 4, 179)
(26, 5, 160)
(26, 6, 146)
(26, 7, 133)
(26, 8, 105)
(26, 9, 65)
(26, 10, 31)
(26, 11, 31)
(26, 12, 28)
(26, 13, 24)
(26, 14, 20)
(26, 15, 20)
(26, 16, 16)
(26, 17, 11)
(26, 18, 6)
(26, 19, 3)
(26, 20, 2)
(26, 21, 1)
(26, 22, 1)
(26, 23, 1)
(26, 24, 1)
(26, 25, 1)
(26, 26, 1)
(26, 27, 1)
(26, 28, 1)
(26, 29, 1)
(26, 30, 1)
(26, 31, 1)
(26, 32, 1)
(26, 33, 1)
(26, 34, 1)
(26, 35, 1)
(26, 36, 1)
(26, 37, 1)
(26, 38, 1)
(26, 39, 1)

(27, 0, 355)
(27, 1, 341)
(27, 2, 270)
(27, 3, 209)
(27, 4, 190)
(27, 5, 171)
(27, 6, 157)
(27, 7, 144)
(27, 8, 116)
(27, 9, 68)
(27, 10, 34)
(27, 11, 34)
(27, 12, 30)
(27, 13, 26)
(27, 14, 21)
(27, 15, 21)
(27, 16, 18)
(27, 17, 12)
(27, 18, 8)
(27, 19, 4)
(27, 20, 2)
(27, 21, 1)
(27, 22, 1)
(27, 23, 1)
(27, 24, 1)
(27, 25, 1)
(27, 26, 1)
(27, 27, 1)
(27, 28, 1)
(27, 29, 1)
(27, 30, 1)
(27, 31, 1)
(27, 32, 1)
(27, 33, 1)
(27, 34, 1)
(27, 35, 1)
(27, 36, 1)
(27, 37, 1)
(27, 38, 1)
(27, 39, 1)

(28, 0, 374)
(28, 1, 360)
(28, 2, 288)
(28, 3, 226)
(28, 4, 205)
(28, 5, 186)
(28, 6, 172)
(28, 7, 159)
(28, 8, 130)
(28, 9, 80)
(28, 10, 41)
(28, 11, 38)
(28, 12, 33)
(28, 13, 25)
(28, 14, 22)
(28, 15, 22)
(28, 16, 19)
(28, 17, 13)
(28, 18, 9)
(28, 19, 4)
(28, 20, 2)
(28, 21, 1)
(28, 22, 1)
(28, 23, 1)
(28, 24, 1)
(28, 25, 1)
(28, 26, 1)
(28, 27, 1)
(28, 28, 1)
(28, 29, 1)
(28, 30, 1)
(28, 31, 1)
(28, 32, 1)
(28, 33, 1)
(28, 34, 1)
(28, 35, 1)
(28, 36, 1)
(28, 37, 1)
(28, 38, 1)
(28, 39, 1)

(29, 0, 394)
(29, 1, 380)
(29, 2, 304)
(29, 3, 241)
(29, 4, 219)
(29, 5, 200)
(29, 6, 185)
(29, 7, 170)
(29, 8, 140)
(29, 9, 82)
(29, 10, 42)
(29, 11, 39)
(29, 12, 33)
(29, 13, 26)
(29, 14, 23)
(29, 15, 22)
(29, 16, 18)
(29, 17, 14)
(29, 18, 9)
(29, 19, 5)
(29, 20, 2)
(29, 21, 1)
(29, 22, 1)
(29, 23, 1)
(29, 24, 1)
(29, 25, 1)
(29, 26, 1)
(29, 27, 1)
(29, 28, 1)
(29, 29, 1)
(29, 30, 1)
(29, 31, 1)
(29, 32, 1)
(29, 33, 1)
(29, 34, 1)
(29, 35, 1)
(29, 36, 1)
(29, 37, 1)
(29, 38, 1)
(29, 39, 1)

(30, 0, 416)
(30, 1, 402)
(30, 2, 322)
(30, 3, 258)
(30, 4, 236)
(30, 5, 217)
(30, 6, 201)
(30, 7, 186)
(30, 8, 153)
(30, 9, 88)
(30, 10, 46)
(30, 11, 41)
(30, 12, 35)
(30, 13, 27)
(30, 14, 23)
(30, 15, 23)
(30, 16, 20)
(30, 17, 15)
(30, 18, 10)
(30, 19, 2)
(30, 20, 1)
(30, 21, 1)
(30, 22, 1)
(30, 23, 1)
(30, 24, 1)
(30, 25, 1)
(30, 26, 1)
(30, 27, 1)
(30, 28, 1)
(30, 29, 1)
(30, 30, 1)
(30, 31, 1)
(30, 32, 1)
(30, 33, 1)
(30, 34, 1)
(30, 35, 1)
(30, 36, 1)
(30, 37, 1)
(30, 38, 1)
(30, 39, 1)

(31, 0, 435)
(31, 1, 421)
(31, 2, 340)
(31, 3, 275)
(31, 4, 250)
(31, 5, 231)
(31, 6, 212)
(31, 7, 196)
(31, 8, 158)
(31, 9, 91)
(31, 10, 49)
(31, 11, 43)
(31, 12, 37)
(31, 13, 29)
(31, 14, 25)
(31, 15, 25)
(31, 16, 22)
(31, 17, 17)
(31, 18, 10)
(31, 19, 2)
(31, 20, 1)
(31, 21, 1)
(31, 22, 1)
(31, 23, 1)
(31, 24, 1)
(31, 25, 1)
(31, 26, 1)
(31, 27, 1)
(31, 28, 1)
(31, 29, 1)
(31, 30, 1)
(31, 31, 1)
(31, 32, 1)
(31, 33, 1)
(31, 34, 1)
(31, 35, 1)
(31, 36, 1)
(31, 37, 1)
(31, 38, 1)
(31, 39, 1)

(32, 0, 465)
(32, 1, 451)
(32, 2, 367)
(32, 3, 299)
(32, 4, 273)
(32, 5, 254)
(32, 6, 230)
(32, 7, 212)
(32, 8, 168)
(32, 9, 97)
(32, 10, 51)
(32, 11, 46)
(32, 12, 40)
(32, 13, 31)
(32, 14, 27)
(32, 15, 27)
(32, 16, 24)
(32, 17, 19)
(32, 18, 12)
(32, 19, 3)
(32, 20, 2)
(32, 21, 2)
(32, 22, 1)
(32, 23, 1)
(32, 24, 1)
(32, 25, 1)
(32, 26, 1)
(32, 27, 1)
(32, 28, 1)
(32, 29, 1)
(32, 30, 1)
(32, 31, 1)
(32, 32, 1)
(32, 33, 1)
(32, 34, 1)
(32, 35, 1)
(32, 36, 1)
(32, 37, 1)
(32, 38, 1)
(32, 39, 1)

(33, 0, 491)
(33, 1, 477)
(33, 2, 390)
(33, 3, 318)
(33, 4, 291)
(33, 5, 271)
(33, 6, 247)
(33, 7, 227)
(33, 8, 181)
(33, 9, 102)
(33, 10, 56)
(33, 11, 50)
(33, 12, 43)
(33, 13, 33)
(33, 14, 29)
(33, 15, 28)
(33, 16, 25)
(33, 17, 19)
(33, 18, 12)
(33, 19, 2)
(33, 20, 1)
(33, 21, 1)
(33, 22, 1)
(33, 23, 1)
(33, 24, 1)
(33, 25, 1)
(33, 26, 1)
(33, 27, 1)
(33, 28, 1)
(33, 29, 1)
(33, 30, 1)
(33, 31, 1)
(33, 32, 1)
(33, 33, 1)
(33, 34, 1)
(33, 35, 1)
(33, 36, 1)
(33, 37, 1)
(33, 38, 1)
(33, 39, 1)

(34, 0, 540)
(34, 1, 526)
(34, 2, 435)
(34, 3, 351)
(34, 4, 321)
(34, 5, 296)
(34, 6, 271)
(34, 7, 244)
(34, 8, 196)
(34, 9, 106)
(34, 10, 58)
(34, 11, 50)
(34, 12, 44)
(34, 13, 34)
(34, 14, 29)
(34, 15, 27)
(34, 16, 24)
(34, 17, 19)
(34, 18, 9)
(34, 19, 3)
(34, 20, 2)
(34, 21, 1)
(34, 22, 1)
(34, 23, 1)
(34, 24, 1)
(34, 25, 1)
(34, 26, 1)
(34, 27, 1)
(34, 28, 1)
(34, 29, 1)
(34, 30, 1)
(34, 31, 1)
(34, 32, 1)
(34, 33, 1)
(34, 34, 1)
(34, 35, 1)
(34, 36, 1)
(34, 37, 1)
(34, 38, 1)
(34, 39, 1)

(35, 0, 572)
(35, 1, 554)
(35, 2, 462)
(35, 3, 369)
(35, 4, 337)
(35, 5, 311)
(35, 6, 286)
(35, 7, 257)
(35, 8, 206)
(35, 9, 112)
(35, 10, 64)
(35, 11, 53)
(35, 12, 47)
(35, 13, 35)
(35, 14, 27)
(35, 15, 25)
(35, 16, 22)
(35, 17, 17)
(35, 18, 8)
(35, 19, 2)
(35, 20, 1)
(35, 21, 1)
(35, 22, 1)
(35, 23, 1)
(35, 24, 1)
(35, 25, 1)
(35, 26, 1)
(35, 27, 1)
(35, 28, 1)
(35, 29, 1)
(35, 30, 1)
(35, 31, 1)
(35, 32, 1)
(35, 33, 1)
(35, 34, 1)
(35, 35, 1)
(35, 36, 1)
(35, 37, 1)
(35, 38, 1)
(35, 39, 1)

(36, 0, 587)
(36, 1, 569)
(36, 2, 476)
(36, 3, 380)
(36, 4, 345)
(36, 5, 319)
(36, 6, 293)
(36, 7, 263)
(36, 8, 211)
(36, 9, 113)
(36, 10, 62)
(36, 11, 53)
(36, 12, 46)
(36, 13, 36)
(36, 14, 28)
(36, 15, 26)
(36, 16, 23)
(36, 17, 17)
(36, 18, 8)
(36, 19, 2)
(36, 20, 1)
(36, 21, 1)
(36, 22, 1)
(36, 23, 1)
(36, 24, 1)
(36, 25, 1)
(36, 26, 1)
(36, 27, 1)
(36, 28, 1)
(36, 29, 1)
(36, 30, 1)
(36, 31, 1)
(36, 32, 1)
(36, 33, 1)
(36, 34, 1)
(36, 35, 1)
(36, 36, 1)
(36, 37, 1)
(36, 38, 1)
(36, 39, 1)

(37, 0, 630)
(37, 1, 590)
(37, 2, 493)
(37, 3, 389)
(37, 4, 353)
(37, 5, 327)
(37, 6, 301)
(37, 7, 271)
(37, 8, 219)
(37, 9, 117)
(37, 10, 65)
(37, 11, 55)
(37, 12, 49)
(37, 13, 37)
(37, 14, 29)
(37, 15, 26)
(37, 16, 23)
(37, 17, 18)
(37, 18, 9)
(37, 19, 3)
(37, 20, 2)
(37, 21, 2)
(37, 22, 2)
(37, 23, 2)
(37, 24, 2)
(37, 25, 2)
(37, 26, 2)
(37, 27, 1)
(37, 28, 1)
(37, 29, 1)
(37, 30, 1)
(37, 31, 1)
(37, 32, 1)
(37, 33, 1)
(37, 34, 1)
(37, 35, 1)
(37, 36, 1)
(37, 37, 1)
(37, 38, 1)
(37, 39, 1)

(38, 0, 654)
(38, 1, 600)
(38, 2, 502)
(38, 3, 394)
(38, 4, 358)
(38, 5, 330)
(38, 6, 304)
(38, 7, 274)
(38, 8, 222)
(38, 9, 117)
(38, 10, 65)
(38, 11, 55)
(38, 12, 49)
(38, 13, 38)
(38, 14, 30)
(38, 15, 27)
(38, 16, 24)
(38, 17, 18)
(38, 18, 9)
(38, 19, 3)
(38, 20, 2)
(38, 21, 2)
(38, 22, 2)
(38, 23, 2)
(38, 24, 2)
(38, 25, 2)
(38, 26, 2)
(38, 27, 1)
(38, 28, 1)
(38, 29, 1)
(38, 30, 1)
(38, 31, 1)
(38, 32, 1)
(38, 33, 1)
(38, 34, 1)
(38, 35, 1)
(38, 36, 1)
(38, 37, 1)
(38, 38, 1)
(38, 39, 1)

(39, 0, 661)
(39, 1, 607)
(39, 2, 509)
(39, 3, 399)
(39, 4, 362)
(39, 5, 332)
(39, 6, 305)
(39, 7, 275)
(39, 8, 222)
(39, 9, 116)
(39, 10, 64)
(39, 11, 54)
(39, 12, 48)
(39, 13, 37)
(39, 14, 29)
(39, 15, 26)
(39, 16, 23)
(39, 17, 17)
(39, 18, 9)
(39, 19, 3)
(39, 20, 2)
(39, 21, 2)
(39, 22, 2)
(39, 23, 2)
(39, 24, 2)
(39, 25, 2)
(39, 26, 2)
(39, 27, 1)
(39, 28, 1)
(39, 29, 1)
(39, 30, 1)
(39, 31, 1)
(39, 32, 1)
(39, 33, 1)
(39, 34, 1)
(39, 35, 1)
(39, 36, 1)
(39, 37, 1)
(39, 38, 1)
(39, 39, 1)


Betti numbers:
xi_0:
(0, 0, 3)
(1, 0, 6)
(2, 0, 3)
(3, 0, 9)
(4, 0, 10)
(5, 0, 10)
(6, 0, 11)
(7, 0, 12)
(8, 0, 17)
(9, 0, 14)
(10, 0, 14)
(11, 0, 20)
(12, 0, 13)
(13, 0, 12)
(14, 0, 22)
(15, 0, 15)
(16, 0, 10)
(17, 0, 13)
(18, 0, 7)
(19, 0, 10)
(20, 0, 18)
(21, 0, 11)
(22, 0, 15)
(23, 0, 9)
(24, 0, 9)
(25, 0, 26)
(26, 0, 21)
(27, 0, 15)
(28, 0, 19)
(29, 0, 20)
(30, 0, 22)
(31, 0, 19)
(32, 0, 30)
(33, 0, 26)
(34, 0, 49)
(35, 0, 32)
(36, 0, 15)
(37, 0, 43)
(38, 0, 24)
(39, 0, 7)
xi_1:
(0, 9, 2)
(1, 4, 1)
(1, 9, 4)
(1, 10, 1)
(2, 8, 1)
(2, 9, 2)
(3, 3, 1)
(3, 8, 4)
(3, 9, 2)
(3, 10, 1)
(3, 12, 1)
(4, 3, 1)
(4, 4, 1)
(4, 5, 2)
(4, 8, 2)
(4, 9, 1)
(4, 10, 3)
(5, 3, 4)
(5, 5, 3)
(5, 8, 2)
(5, 9, 1)
(5, 10, 1)
(6, 2, 1)
(6, 3, 3)
(6, 5, 2)
(6, 8, 2)
(6, 9, 1)
(6, 10, 2)
(7, 2, 1)
(7, 3, 1)
(7, 5, 1)
(7, 6, 1)
(7, 7, 1)
(7, 8, 2)
(7, 9, 1)
(7, 10, 4)
(7, 11, 1)
(8, 3, 6)
(8, 4, 4)
(8, 7, 5)
(8, 8, 1)
(8, 9, 2)
(8, 10, 1)
(9, 2, 4)
(9, 3, 4)
(9, 4, 1)
(9, 6, 3)
(9, 10, 3)
(10, 2, 2)
(10, 3, 3)
(10, 4, 1)
(10, 5, 1)
(10, 6, 3)
(10, 7, 1)
(10, 8, 1)
(10, 9, 1)
(10, 18, 1)
(11, 2, 2)
(11, 3, 5)
(11, 4, 1)
(11, 5, 7)
(11, 6, 1)
(11, 8, 1)
(11, 9, 1)
(11, 11, 1)
(11, 17, 1)
(12, 2, 3)
(12, 3, 3)
(12, 4, 2)
(12, 5, 3)
(12, 6, 1)
(12, 7, 1)
(12, 9, 1)
(12, 17, 1)
(13, 2, 4)
(13, 3, 2)
(13, 4, 2)
(13, 6, 1)
(13, 7, 1)
(13, 12, 1)
(13, 17, 1)
(14, 2, 11)
(14, 3, 4)
(14, 8, 3)
(14, 9, 2)
(14, 10, 3)
(14, 11, 2)
(14, 16, 1)
(14, 18, 1)
(15, 2, 6)
(15, 3, 1)
(15, 4, 1)
(15, 6, 2)
(15, 9, 2)
(15, 10, 4)
(15, 16, 1)
(15, 19, 1)
(16, 1, 1)
(16, 2, 1)
(16, 3, 3)
(16, 4, 1)
(16, 5, 1)
(16, 8, 1)
(16, 9, 1)
(16, 14, 1)
(17, 1, 1)
(17, 2, 3)
(17, 3, 4)
(17, 4, 3)
(17, 5, 1)
(17, 10, 2)
(17, 13, 1)
(17, 16, 1)
(17, 19, 1)
(18, 2, 1)
(18, 3, 4)
(18, 4, 2)
(18, 9, 1)
(18, 12, 1)
(18, 18, 1)
(19, 1, 2)
(19, 2, 1)
(19, 3, 1)
(19, 6, 2)
(19, 15, 1)
(19, 18, 1)
(19, 19, 2)
(20, 1, 6)
(20, 2, 8)
(20, 3, 2)
(20, 14, 1)
(20, 19, 1)
(20, 20, 1)
(21, 2, 4)
(21, 3, 1)
(21, 9, 2)
(21, 10, 1)
(21, 13, 1)
(21, 17, 3)
(21, 18, 2)
(22, 1, 4)
(22, 2, 8)
(22, 3, 1)
(22, 10, 1)
(22, 16, 1)
(22, 18, 1)
(22, 20, 1)
(23, 2, 2)
(23, 9, 2)
(23, 10, 3)
(23, 14, 2)
(23, 17, 1)
(23, 18, 1)
(23, 19, 1)
(24, 2, 2)
(24, 9, 3)
(24, 10, 2)
(24, 15, 1)
(24, 16, 1)
(24, 17, 1)
(24, 18, 1)
(24, 20, 2)
(25, 2, 3)
(25, 3, 6)
(25, 7, 3)
(25, 8, 1)
(25, 9, 5)
(25, 10, 2)
(25, 12, 1)
(25, 13, 3)
(25, 17, 1)
(25, 19, 3)
(25, 21, 1)
(26, 2, 1)
(26, 3, 1)
(26, 4, 1)
(26, 7, 1)
(26, 8, 7)
(26, 9, 3)
(26, 10, 6)
(26, 12, 1)
(26, 14, 2)
(26, 17, 1)
(27, 2, 3)
(27, 3, 1)
(27, 9, 8)
(27, 10, 2)
(27, 12, 1)
(27, 14, 1)
(27, 17, 1)
(27, 19, 1)
(27, 20, 1)
(28, 2, 1)
(28, 3, 1)
(28, 4, 2)
(28, 8, 1)
(28, 9, 2)
(28, 10, 5)
(28, 11, 3)
(28, 12, 1)
(28, 13, 4)
(28, 19, 1)
(29, 2, 4)
(29, 3, 1)
(29, 4, 1)
(29, 6, 1)
(29, 7, 2)
(29, 8, 1)
(29, 9, 8)
(29, 10, 3)
(29, 11, 1)
(29, 12, 2)
(29, 15, 1)
(29, 16, 1)
(29, 18, 1)
(29, 20, 1)
(30, 2, 4)
(30, 3, 1)
(30, 6, 1)
(30, 8, 3)
(30, 9, 7)
(30, 10, 3)
(30, 11, 3)
(30, 12, 1)
(30, 13, 1)
(30, 14, 1)
(30, 17, 1)
(30, 19, 4)
(31, 2, 1)
(31, 3, 1)
(31, 4, 3)
(31, 6, 3)
(31, 7, 1)
(31, 8, 5)
(31, 9, 3)
(31, 11, 1)
(31, 12, 1)
(31, 18, 2)
(31, 19, 1)
(32, 2, 3)
(32, 3, 3)
(32, 4, 1)
(32, 6, 5)
(32, 7, 2)
(32, 8, 6)
(32, 9, 4)
(32, 10, 4)
(32, 12, 1)
(32, 13, 1)
(32, 19, 1)
(32, 22, 1)
(33, 2, 3)
(33, 3, 4)
(33, 4, 1)
(33, 5, 1)
(33, 7, 2)
(33, 8, 2)
(33, 9, 8)
(33, 10, 1)
(33, 11, 1)
(33, 12, 1)
(33, 13, 1)
(33, 15, 1)
(33, 17, 1)
(33, 19, 1)
(34, 2, 4)
(34, 3, 12)
(34, 4, 3)
(34, 5, 5)
(34, 6, 1)
(34, 7, 7)
(34, 8, 2)
(34, 9, 11)
(34, 10, 5)
(34, 11, 2)
(34, 14, 1)
(34, 15, 1)
(34, 18, 3)
(34, 21, 1)
(35, 1, 4)
(35, 2, 1)
(35, 3, 9)
(35, 4, 2)
(35, 5, 1)
(35, 7, 2)
(35, 8, 3)
(35, 9, 5)
(35, 10, 2)
(35, 11, 3)
(35, 13, 2)
(35, 14, 3)
(35, 15, 1)
(36, 2, 1)
(36, 3, 3)
(36, 4, 3)
(36, 6, 1)
(36, 7, 1)
(36, 8, 1)
(36, 9, 4)
(36, 10, 3)
(36, 12, 1)
(36, 17, 1)
(37, 1, 22)
(37, 2, 4)
(37, 3, 8)
(37, 4, 2)
(37, 9, 4)
(37, 10, 1)
(37, 11, 1)
(37, 13, 2)
(37, 15, 1)
(37, 27, 1)
(38, 1, 14)
(38, 2, 1)
(38, 3, 4)
(38, 5, 2)
(38, 9, 3)
(38, 17, 1)
(39, 3, 2)
(39, 4, 1)
(39, 5, 2)
(39, 6, 1)
(39, 8, 1)
(39, 9, 1)
xi_2:
(5, 12, 1)
(7, 10, 1)
(8, 10, 2)
(9, 11, 1)
(12, 5, 1)
(12, 18, 1)
(14, 10, 2)
(14, 11, 1)
(14, 12, 1)
(14, 17, 1)
(15, 10, 1)
(15, 11, 1)
(15, 18, 1)
(17, 4, 1)
(17, 5, 1)
(17, 11, 1)
(17, 14, 1)
(18, 4, 1)
(18, 13, 1)
(18, 19, 1)
(20, 15, 1)
(21, 14, 1)
(21, 19, 2)
(22, 3, 1)
(22, 19, 1)
(23, 16, 1)
(23, 18, 1)
(23, 20, 1)
(24, 17, 2)
(24, 19, 2)
(25, 17, 1)
(25, 20, 2)
(26, 15, 1)
(26, 17, 1)
(26, 18, 1)
(27, 10, 2)
(27, 16, 1)
(27, 18, 1)
(28, 14, 2)
(29, 10, 2)
(29, 11, 1)
(29, 12, 1)
(29, 13, 1)
(29, 17, 2)
(29, 19, 1)
(30, 10, 1)
(30, 11, 1)
(30, 12, 1)
(30, 15, 1)
(30, 16, 1)
(30, 20, 2)
(30, 21, 1)
(31, 9, 1)
(31, 12, 1)
(31, 19, 1)
(32, 11, 1)
(32, 12, 1)
(33, 10, 1)
(33, 22, 1)
(34, 10, 3)
(34, 12, 1)
(34, 17, 1)
(34, 19, 4)
(35, 9, 1)
(35, 10, 2)
(35, 15, 1)
(35, 18, 1)
(35, 21, 1)
(36, 11, 2)
(36, 13, 2)
(37, 4, 1)
(37, 12, 1)
(37, 17, 1)
(38, 13, 1)
(39, 18, 1)
