x-grades
-589970420546178209/400000000000000000
-290999417588678709/200000000000000000
-574027249808536627/400000000000000000
-141513916109928959/100000000000000000
-111616815814179009/80000000000000000
-275056246851037127/200000000000000000
-542140908333253463/400000000000000000
-16692791342638521/12500000000000000
-526197737595611881/400000000000000000
-51822615222679109/40000000000000000
-510254566857970299/400000000000000000
-125570745372287377/100000000000000000
-494311396120328717/400000000000000000
-243169905375753963/200000000000000000
-95673645076537427/80000000000000000
-58799580001733293/50000000000000000
-462425054645045553/400000000000000000
-227226734638112381/200000000000000000
-446481883907403971/400000000000000000
-21925514926929159/20000000000000000
-430538713169762389/400000000000000000
-211283563900470799/200000000000000000
-414595542432120807/400000000000000000
-25413997316456251/25000000000000000
-15946094867779169/16000000000000000
-195340393162829217/200000000000000000
-382709200956837643/400000000000000000
-93684403897004213/100000000000000000
-366766030219196061/400000000000000000
-35879444485037527/40000000000000000
-350822859481554479/400000000000000000
-42856409264091711/50000000000000000
-334879688743912897/400000000000000000
-163454051687546053/200000000000000000
-63787303601254263/80000000000000000
-77741233159362631/100000000000000000
-302993347268629733/400000000000000000
-147510880949904471/200000000000000000
-287050176530988151/400000000000000000
-872120597381773/1250000000000000

y-grades
9996471/40000000
9996471/20000000
29989413/40000000
9996471/10000000
9996471/8000000
29989413/20000000
69975297/40000000
9996471/5000000
89968239/40000000
9996471/4000000
109961181/40000000
29989413/10000000
129954123/40000000
69975297/20000000
29989413/8000000
9996471/2500000
169940007/40000000
89968239/20000000
189932949/40000000
9996471/2000000
209925891/40000000
109961181/20000000
229918833/40000000
29989413/5000000
9996471/1600000
129954123/20000000
269904717/40000000
69975297/10000000
289897659/40000000
29989413/4000000
309890601/40000000
9996471/1250000
329883543/40000000
169940007/20000000
69975297/8000000
89968239/10000000
369869427/40000000
189932949/20000000
389862369/40000000
9996471/1000000

Dimensions > 0:
(0, 0, 2)
(0, 1, 2)
(0, 2, 2)
(0, 3, 2)
(0, 4, 2)
(0, 5, 2)
(0, 6, 1)
(0, 7, 1)
(0, 8, 1)
(0, 9, 1)
(0, 10, 1)
(0, 11, 1)
(0, 12, 1)
(0, 13, 1)
(0, 14, 1)
(0, 15, 1)
(0, 16, 1)
(0, 17, 1)
(0, 18, 1)
(0, 19, 1)
(0, 20, 1)
(0, 21, 1)
(0, 22, 1)
(0, 23, 1)
(0, 24, 1)
(0, 25, 1)
(0, 26, 1)
(0, 27, 1)
(0, 28, 1)
(0, 29, 1)
(0, 30, 1)
(0, 31, 1)
(0, 32, 1)
(0, 33, 1)
(0, 34, 1)
(0, 35, 1)
(0, 36, 1)
(0, 37, 1)
(0, 38, 1)
(0, 39, 1)

(1, 0, 2)
(1, 1, 2)
(1, 2, 2)
(1, 3, 2)
(1, 4, 2)
(1, 5, 2)
(1, 6, 1)
(1, 7, 1)
(1, 8, 1)
(1, 9, 1)
(1, 10, 1)
(1, 11, 1)
(1, 12, 1)
(1, 13, 1)
(1, 14, 1)
(1, 15, 1)
(1, 16, 1)
(1, 17, 1)
(1, 18, 1)
(1, 19, 1)
(1, 20, 1)
(1, 21, 1)
(1, 22, 1)
(1, 23, 1)
(1, 24, 1)
(1, 25, 1)
(1, 26, 1)
(1, 27, 1)
(1, 28, 1)
(1, 29, 1)
(1, 30, 1)
(1, 31, 1)
(1, 32, 1)
(1, 33, 1)
(1, 34, 1)
(1, 35, 1)
(1, 36, 1)
(1, 37, 1)
(1, 38, 1)
(1, 39, 1)

(2, 0, 2)
(2, 1, 2)
(2, 2, 2)
(2, 3, 2)
(2, 4, 2)
(2, 5, 2)
(2, 6, 1)
(2, 7, 1)
(2, 8, 1)
(2, 9, 1)
(2, 10, 1)
(2, 11, 1)
(2, 12, 1)
(2, 13, 1)
(2, 14, 1)
(2, 15, 1)
(2, 16, 1)
(2, 17, 1)
(2, 18, 1)
(2, 19, 1)
(2, 20, 1)
(2, 21, 1)
(2, 22, 1)
(2, 23, 1)
(2, 24, 1)
(2, 25, 1)
(2, 26, 1)
(2, 27, 1)
(2, 28, 1)
(2, 29, 1)
(2, 30, 1)
(2, 31, 1)
(2, 32, 1)
(2, 33, 1)
(2, 34, 1)
(2, 35, 1)
(2, 36, 1)
(2, 37, 1)
(2, 38, 1)
(2, 39, 1)

(3, 0, 2)
(3, 1, 2)
(3, 2, 2)
(3, 3, 2)
(3, 4, 2)
(3, 5, 2)
(3, 6, 1)
(3, 7, 1)
(3, 8, 1)
(3, 9, 1)
(3, 10, 1)
(3, 11, 1)
(3, 12, 1)
(3, 13, 1)
(3, 14, 1)
(3, 15, 1)
(3, 16, 1)
(3, 17, 1)
(3, 18, 1)
(3, 19, 1)
(3, 20, 1)
(3, 21, 1)
(3, 22, 1)
(3, 23, 1)
(3, 24, 1)
(3, 25, 1)
(3, 26, 1)
(3, 27, 1)
(3, 28, 1)
(3, 29, 1)
(3, 30, 1)
(3, 31, 1)
(3, 32, 1)
(3, 33, 1)
(3, 34, 1)
(3, 35, 1)
(3, 36, 1)
(3, 37, 1)
(3, 38, 1)
(3, 39, 1)

(4, 0, 2)
(4, 1, 2)
(4, 2, 2)
(4, 3, 2)
(4, 4, 2)
(4, 5, 2)
(4, 6, 1)
(4, 7, 1)
(4, 8, 1)
(4, 9, 1)
(4, 10, 1)
(4, 11, 1)
(4, 12, 1)
(4, 13, 1)
(4, 14, 1)
(4, 15, 1)
(4, 16, 1)
(4, 17, 1)
(4, 18, 1)
(4, 19, 1)
(4, 20, 1)
(4, 21, 1)
(4, 22, 1)
(4, 23, 1)
(4, 24, 1)
(4, 25, 1)
(4, 26, 1)
(4, 27, 1)
(4, 28, 1)
(4, 29, 1)
(4, 30, 1)
(4, 31, 1)
(4, 32, 1)
(4, 33, 1)
(4, 34, 1)
(4, 35, 1)
(4, 36, 1)
(4, 37, 1)
(4, 38, 1)
(4, 39, 1)

(5, 0, 7)
(5, 1, 4)
(5, 2, 4)
(5, 3, 4)
(5, 4, 4)
(5, 5, 4)
(5, 6, 2)
(5, 7, 2)
(5, 8, 2)
(5, 9, 2)
(5, 10, 2)
(5, 11, 2)
(5, 12, 2)
(5, 13, 2)
(5, 14, 2)
(5, 15, 1)
(5, 16, 1)
(5, 17, 1)
(5, 18, 1)
(5, 19, 1)
(5, 20, 1)
(5, 21, 1)
(5, 22, 1)
(5, 23, 1)
(5, 24, 1)
(5, 25, 1)
(5, 26, 1)
(5, 27, 1)
(5, 28, 1)
(5, 29, 1)
(5, 30, 1)
(5, 31, 1)
(5, 32, 1)
(5, 33, 1)
(5, 34, 1)
(5, 35, 1)
(5, 36, 1)
(5, 37, 1)
(5, 38, 1)
(5, 39, 1)

(6, 0, 14)
(6, 1, 4)
(6, 2, 4)
(6, 3, 4)
(6, 4, 4)
(6, 5, 4)
(6, 6, 2)
(6, 7, 2)
(6, 8, 2)
(6, 9, 2)
(6, 10, 2)
(6, 11, 2)
(6, 12, 2)
(6, 13, 2)
(6, 14, 2)
(6, 15, 1)
(6, 16, 1)
(6, 17, 1)
(6, 18, 1)
(6, 19, 1)
(6, 20, 1)
(6, 21, 1)
(6, 22, 1)
(6, 23, 1)
(6, 24, 1)
(6, 25, 1)
(6, 26, 1)
(6, 27, 1)
(6, 28, 1)
(6, 29, 1)
(6, 30, 1)
(6, 31, 1)
(6, 32, 1)
(6, 33, 1)
(6, 34, 1)
(6, 35, 1)
(6, 36, 1)
(6, 37, 1)
(6, 38, 1)
(6, 39, 1)

(7, 0, 19)
(7, 1, 5)
(7, 2, 4)
(7, 3, 4)
(7, 4, 4)
(7, 5, 4)
(7, 6, 2)
(7, 7, 2)
(7, 8, 2)
(7, 9, 2)
(7, 10, 2)
(7, 11, 2)
(7, 12, 2)
(7, 13, 2)
(7, 14, 2)
(7, 15, 1)
(7, 16, 1)
(7, 17, 1)
(7, 18, 1)
(7, 19, 1)
(7, 20, 1)
(7, 21, 1)
(7, 22, 1)
(7, 23, 1)
(7, 24, 1)
(7, 25, 1)
(7, 26, 1)
(7, 27, 1)
(7, 28, 1)
(7, 29, 1)
(7, 30, 1)
(7, 31, 1)
(7, 32, 1)
(7, 33, 1)
(7, 34, 1)
(7, 35, 1)
(7, 36, 1)
(7, 37, 1)
(7, 38, 1)
(7, 39, 1)

(8, 0, 27)
(8, 1, 7)
(8, 2, 6)
(8, 3, 6)
(8, 4, 6)
(8, 5, 6)
(8, 6, 4)
(8, 7, 4)
(8, 8, 4)
(8, 9, 4)
(8, 10, 4)
(8, 11, 4)
(8, 12, 4)
(8, 13, 4)
(8, 14, 4)
(8, 15, 3)
(8, 16, 3)
(8, 17, 3)
(8, 18, 2)
(8, 19, 2)
(8, 20, 2)
(8, 21, 2)
(8, 22, 2)
(8, 23, 2)
(8, 24, 2)
(8, 25, 2)
(8, 26, 2)
(8, 27, 2)
(8, 28, 2)
(8, 29, 2)
(8, 30, 2)
(8, 31, 2)
(8, 32, 2)
(8, 33, 2)
(8, 34, 2)
(8, 35, 2)
(8, 36, 2)
(8, 37, 2)
(8, 38, 2)
(8, 39, 2)

(9, 0, 38)
(9, 1, 15)
(9, 2, 12)
(9, 3, 12)
(9, 4, 12)
(9, 5, 11)
(9, 6, 6)
(9, 7, 6)
(9, 8, 6)
(9, 9, 5)
(9, 10, 5)
(9, 11, 5)
(9, 12, 4)
(9, 13, 4)
(9, 14, 4)
(9, 15, 3)
(9, 16, 3)
(9, 17, 3)
(9, 18, 3)
(9, 19, 3)
(9, 20, 3)
(9, 21, 3)
(9, 22, 3)
(9, 23, 3)
(9, 24, 3)
(9, 25, 3)
(9, 26, 3)
(9, 27, 3)
(9, 28, 3)
(9, 29, 3)
(9, 30, 3)
(9, 31, 3)
(9, 32, 3)
(9, 33, 3)
(9, 34, 3)
(9, 35, 3)
(9, 36, 3)
(9, 37, 3)
(9, 38, 3)
(9, 39, 3)

(10, 0, 53)
(10, 1, 26)
(10, 2, 19)
(10, 3, 19)
(10, 4, 18)
(10, 5, 13)
(10, 6, 7)
(10, 7, 5)
(10, 8, 5)
(10, 9, 5)
(10, 10, 4)
(10, 11, 4)
(10, 12, 4)
(10, 13, 4)
(10, 14, 4)
(10, 15, 2)
(10, 16, 2)
(10, 17, 2)
(10, 18, 2)
(10, 19, 2)
(10, 20, 2)
(10, 21, 2)
(10, 22, 2)
(10, 23, 2)
(10, 24, 2)
(10, 25, 2)
(10, 26, 2)
(10, 27, 2)
(10, 28, 2)
(10, 29, 2)
(10, 30, 2)
(10, 31, 2)
(10, 32, 2)
(10, 33, 2)
(10, 34, 2)
(10, 35, 2)
(10, 36, 2)
(10, 37, 2)
(10, 38, 2)
(10, 39, 2)

(11, 0, 67)
(11, 1, 37)
(11, 2, 28)
(11, 3, 28)
(11, 4, 25)
(11, 5, 15)
(11, 6, 7)
(11, 7, 5)
(11, 8, 5)
(11, 9, 5)
(11, 10, 5)
(11, 11, 4)
(11, 12, 4)
(11, 13, 4)
(11, 14, 4)
(11, 15, 2)
(11, 16, 2)
(11, 17, 2)
(11, 18, 2)
(11, 19, 2)
(11, 20, 2)
(11, 21, 2)
(11, 22, 2)
(11, 23, 2)
(11, 24, 2)
(11, 25, 2)
(11, 26, 2)
(11, 27, 2)
(11, 28, 2)
(11, 29, 2)
(11, 30, 2)
(11, 31, 2)
(11, 32, 2)
(11, 33, 2)
(11, 34, 2)
(11, 35, 2)
(11, 36, 2)
(11, 37, 2)
(11, 38, 2)
(11, 39, 2)

(12, 0, 83)
(12, 1, 50)
(12, 2, 37)
(12, 3, 37)
(12, 4, 32)
(12, 5, 19)
(12, 6, 9)
(12, 7, 5)
(12, 8, 5)
(12, 9, 4)
(12, 10, 4)
(12, 11, 3)
(12, 12, 3)
(12, 13, 3)
(12, 14, 3)
(12, 15, 2)
(12, 16, 2)
(12, 17, 2)
(12, 18, 2)
(12, 19, 2)
(12, 20, 2)
(12, 21, 2)
(12, 22, 2)
(12, 23, 2)
(12, 24, 2)
(12, 25, 2)
(12, 26, 2)
(12, 27, 2)
(12, 28, 2)
(12, 29, 2)
(12, 30, 2)
(12, 31, 2)
(12, 32, 2)
(12, 33, 2)
(12, 34, 2)
(12, 35, 2)
(12, 36, 2)
(12, 37, 2)
(12, 38, 2)
(12, 39, 2)

(13, 0, 97)
(13, 1, 63)
(13, 2, 50)
(13, 3, 47)
(13, 4, 41)
(13, 5, 25)
(13, 6, 15)
(13, 7, 9)
(13, 8, 7)
(13, 9, 6)
(13, 10, 6)
(13, 11, 4)
(13, 12, 4)
(13, 13, 4)
(13, 14, 4)
(13, 15, 2)
(13, 16, 2)
(13, 17, 2)
(13, 18, 2)
(13, 19, 2)
(13, 20, 2)
(13, 21, 2)
(13, 22, 2)
(13, 23, 2)
(13, 24, 2)
(13, 25, 2)
(13, 26, 2)
(13, 27, 2)
(13, 28, 2)
(13, 29, 2)
(13, 30, 2)
(13, 31, 2)
(13, 32, 2)
(13, 33, 2)
(13, 34, 2)
(13, 35, 2)
(13, 36, 2)
(13, 37, 2)
(13, 38, 2)
(13, 39, 2)

(14, 0, 108)
(14, 1, 69)
(14, 2, 53)
(14, 3, 50)
(14, 4, 44)
(14, 5, 28)
(14, 6, 17)
(14, 7, 11)
(14, 8, 9)
(14, 9, 6)
(14, 10, 5)
(14, 11, 4)
(14, 12, 4)
(14, 13, 4)
(14, 14, 4)
(14, 15, 2)
(14, 16, 2)
(14, 17, 2)
(14, 18, 2)
(14, 19, 2)
(14, 20, 2)
(14, 21, 2)
(14, 22, 2)
(14, 23, 2)
(14, 24, 2)
(14, 25, 2)
(14, 26, 2)
(14, 27, 2)
(14, 28, 2)
(14, 29, 2)
(14, 30, 2)
(14, 31, 2)
(14, 32, 2)
(14, 33, 2)
(14, 34, 2)
(14, 35, 2)
(14, 36, 2)
(14, 37, 2)
(14, 38, 2)
(14, 39, 2)

(15, 0, 115)
(15, 1, 71)
(15, 2, 55)
(15, 3, 52)
(15, 4, 46)
(15, 5, 30)
(15, 6, 19)
(15, 7, 12)
(15, 8, 10)
(15, 9, 7)
(15, 10, 5)
(15, 11, 4)
(15, 12, 4)
(15, 13, 4)
(15, 14, 4)
(15, 15, 2)
(15, 16, 2)
(15, 17, 2)
(15, 18, 2)
(15, 19, 2)
(15, 20, 2)
(15, 21, 2)
(15, 22, 2)
(15, 23, 2)
(15, 24, 2)
(15, 25, 2)
(15, 26, 2)
(15, 27, 2)
(15, 28, 2)
(15, 29, 2)
(15, 30, 2)
(15, 31, 2)
(15, 32, 2)
(15, 33, 2)
(15, 34, 2)
(15, 35, 2)
(15, 36, 2)
(15, 37, 2)
(15, 38, 2)
(15, 39, 2)

(16, 0, 121)
(16, 1, 73)
(16, 2, 56)
(16, 3, 53)
(16, 4, 47)
(16, 5, 31)
(16, 6, 20)
(16, 7, 13)
(16, 8, 11)
(16, 9, 7)
(16, 10, 5)
(16, 11, 4)
(16, 12, 4)
(16, 13, 4)
(16, 14, 4)
(16, 15, 2)
(16, 16, 2)
(16, 17, 2)
(16, 18, 2)
(16, 19, 2)
(16, 20, 2)
(16, 21, 2)
(16, 22, 2)
(16, 23, 2)
(16, 24, 2)
(16, 25, 2)
(16, 26, 2)
(16, 27, 2)
(16, 28, 2)
(16, 29, 2)
(16, 30, 2)
(16, 31, 2)
(16, 32, 2)
(16, 33, 2)
(16, 34, 2)
(16, 35, 2)
(16, 36, 2)
(16, 37, 2)
(16, 38, 2)
(16, 39, 2)

(17, 0, 129)
(17, 1, 75)
(17, 2, 57)
(17, 3, 54)
(17, 4, 48)
(17, 5, 32)
(17, 6, 21)
(17, 7, 14)
(17, 8, 12)
(17, 9, 8)
(17, 10, 6)
(17, 11, 5)
(17, 12, 5)
(17, 13, 5)
(17, 14, 5)
(17, 15, 3)
(17, 16, 3)
(17, 17, 2)
(17, 18, 2)
(17, 19, 2)
(17, 20, 2)
(17, 21, 2)
(17, 22, 2)
(17, 23, 2)
(17, 24, 2)
(17, 25, 2)
(17, 26, 2)
(17, 27, 2)
(17, 28, 2)
(17, 29, 2)
(17, 30, 2)
(17, 31, 2)
(17, 32, 2)
(17, 33, 2)
(17, 34, 2)
(17, 35, 2)
(17, 36, 2)
(17, 37, 2)
(17, 38, 2)
(17, 39, 2)

(18, 0, 142)
(18, 1, 80)
(18, 2, 60)
(18, 3, 57)
(18, 4, 51)
(18, 5, 33)
(18, 6, 21)
(18, 7, 14)
(18, 8, 12)
(18, 9, 8)
(18, 10, 6)
(18, 11, 5)
(18, 12, 4)
(18, 13, 4)
(18, 14, 4)
(18, 15, 2)
(18, 16, 2)
(18, 17, 2)
(18, 18, 2)
(18, 19, 2)
(18, 20, 2)
(18, 21, 2)
(18, 22, 2)
(18, 23, 2)
(18, 24, 2)
(18, 25, 2)
(18, 26, 2)
(18, 27, 2)
(18, 28, 2)
(18, 29, 2)
(18, 30, 2)
(18, 31, 2)
(18, 32, 2)
(18, 33, 2)
(18, 34, 2)
(18, 35, 2)
(18, 36, 2)
(18, 37, 2)
(18, 38, 2)
(18, 39, 2)

(19, 0, 145)
(19, 1, 83)
(19, 2, 63)
(19, 3, 60)
(19, 4, 54)
(19, 5, 36)
(19, 6, 23)
(19, 7, 16)
(19, 8, 13)
(19, 9, 9)
(19, 10, 7)
(19, 11, 6)
(19, 12, 5)
(19, 13, 5)
(19, 14, 5)
(19, 15, 3)
(19, 16, 3)
(19, 17, 3)
(19, 18, 3)
(19, 19, 3)
(19, 20, 3)
(19, 21, 3)
(19, 22, 3)
(19, 23, 3)
(19, 24, 3)
(19, 25, 3)
(19, 26, 3)
(19, 27, 3)
(19, 28, 3)
(19, 29, 3)
(19, 30, 3)
(19, 31, 3)
(19, 32, 3)
(19, 33, 3)
(19, 34, 3)
(19, 35, 3)
(19, 36, 3)
(19, 37, 3)
(19, 38, 3)
(19, 39, 3)

(20, 0, 161)
(20, 1, 95)
(20, 2, 70)
(20, 3, 66)
(20, 4, 60)
(20, 5, 40)
(20, 6, 25)
(20, 7, 15)
(20, 8, 13)
(20, 9, 9)
(20, 10, 7)
(20, 11, 5)
(20, 12, 5)
(20, 13, 5)
(20, 14, 5)
(20, 15, 3)
(20, 16, 3)
(20, 17, 3)
(20, 18, 3)
(20, 19, 3)
(20, 20, 3)
(20, 21, 3)
(20, 22, 3)
(20, 23, 3)
(20, 24, 3)
(20, 25, 3)
(20, 26, 3)
(20, 27, 3)
(20, 28, 3)
(20, 29, 3)
(20, 30, 3)
(20, 31, 3)
(20, 32, 3)
(20, 33, 3)
(20, 34, 3)
(20, 35, 3)
(20, 36, 3)
(20, 37, 3)
(20, 38, 3)
(20, 39, 3)

(21, 0, 174)
(21, 1, 105)
(21, 2, 78)
(21, 3, 72)
(21, 4, 64)
(21, 5, 42)
(21, 6, 26)
(21, 7, 19)
(21, 8, 17)
(21, 9, 12)
(21, 10, 10)
(21, 11, 6)
(21, 12, 6)
(21, 13, 6)
(21, 14, 6)
(21, 15, 4)
(21, 16, 4)
(21, 17, 4)
(21, 18, 4)
(21, 19, 4)
(21, 20, 4)
(21, 21, 4)
(21, 22, 4)
(21, 23, 4)
(21, 24, 4)
(21, 25, 4)
(21, 26, 4)
(21, 27, 4)
(21, 28, 4)
(21, 29, 4)
(21, 30, 4)
(21, 31, 4)
(21, 32, 4)
(21, 33, 4)
(21, 34, 3)
(21, 35, 3)
(21, 36, 3)
(21, 37, 3)
(21, 38, 3)
(21, 39, 3)

(22, 0, 185)
(22, 1, 115)
(22, 2, 88)
(22, 3, 79)
(22, 4, 69)
(22, 5, 47)
(22, 6, 28)
(22, 7, 19)
(22, 8, 16)
(22, 9, 11)
(22, 10, 8)
(22, 11, 6)
(22, 12, 6)
(22, 13, 6)
(22, 14, 6)
(22, 15, 4)
(22, 16, 4)
(22, 17, 3)
(22, 18, 3)
(22, 19, 3)
(22, 20, 3)
(22, 21, 3)
(22, 22, 3)
(22, 23, 3)
(22, 24, 3)
(22, 25, 3)
(22, 26, 3)
(22, 27, 3)
(22, 28, 3)
(22, 29, 3)
(22, 30, 3)
(22, 31, 3)
(22, 32, 3)
(22, 33, 3)
(22, 34, 3)
(22, 35, 3)
(22, 36, 3)
(22, 37, 3)
(22, 38, 3)
(22, 39, 3)

(23, 0, 197)
(23, 1, 125)
(23, 2, 97)
(23, 3, 88)
(23, 4, 78)
(23, 5, 50)
(23, 6, 31)
(23, 7, 20)
(23, 8, 17)
(23, 9, 12)
(23, 10, 8)
(23, 11, 6)
(23, 12, 6)
(23, 13, 6)
(23, 14, 6)
(23, 15, 4)
(23, 16, 4)
(23, 17, 4)
(23, 18, 4)
(23, 19, 4)
(23, 20, 4)
(23, 21, 4)
(23, 22, 4)
(23, 23, 4)
(23, 24, 4)
(23, 25, 4)
(23, 26, 4)
(23, 27, 4)
(23, 28, 4)
(23, 29, 4)
(23, 30, 4)
(23, 31, 4)
(23, 32, 4)
(23, 33, 4)
(23, 34, 4)
(23, 35, 4)
(23, 36, 4)
(23, 37, 4)
(23, 38, 4)
(23, 39, 4)

(24, 0, 207)
(24, 1, 132)
(24, 2, 102)
(24, 3, 91)
(24, 4, 81)
(24, 5, 53)
(24, 6, 33)
(24, 7, 22)
(24, 8, 19)
(24, 9, 12)
(24, 10, 9)
(24, 11, 6)
(24, 12, 6)
(24, 13, 6)
(24, 14, 6)
(24, 15, 4)
(24, 16, 4)
(24, 17, 4)
(24, 18, 4)
(24, 19, 4)
(24, 20, 4)
(24, 21, 4)
(24, 22, 4)
(24, 23, 4)
(24, 24, 4)
(24, 25, 4)
(24, 26, 4)
(24, 27, 4)
(24, 28, 4)
(24, 29, 4)
(24, 30, 4)
(24, 31, 4)
(24, 32, 4)
(24, 33, 4)
(24, 34, 4)
(24, 35, 4)
(24, 36, 4)
(24, 37, 4)
(24, 38, 4)
(24, 39, 4)

(25, 0, 213)
(25, 1, 138)
(25, 2, 107)
(25, 3, 96)
(25, 4, 85)
(25, 5, 57)
(25, 6, 36)
(25, 7, 23)
(25, 8, 20)
(25, 9, 13)
(25, 10, 9)
(25, 11, 6)
(25, 12, 6)
(25, 13, 6)
(25, 14, 6)
(25, 15, 4)
(25, 16, 4)
(25, 17, 4)
(25, 18, 4)
(25, 19, 4)
(25, 20, 4)
(25, 21, 4)
(25, 22, 4)
(25, 23, 4)
(25, 24, 4)
(25, 25, 4)
(25, 26, 4)
(25, 27, 4)
(25, 28, 4)
(25, 29, 4)
(25, 30, 4)
(25, 31, 4)
(25, 32, 4)
(25, 33, 4)
(25, 34, 4)
(25, 35, 4)
(25, 36, 4)
(25, 37, 4)
(25, 38, 4)
(25, 39, 4)

(26, 0, 220)
(26, 1, 144)
(26, 2, 113)
(26, 3, 102)
(26, 4, 91)
(26, 5, 58)
(26, 6, 37)
(26, 7, 23)
(26, 8, 20)
(26, 9, 13)
(26, 10, 9)
(26, 11, 7)
(26, 12, 7)
(26, 13, 7)
(26, 14, 7)
(26, 15, 4)
(26, 16, 4)
(26, 17, 4)
(26, 18, 4)
(26, 19, 4)
(26, 20, 4)
(26, 21, 4)
(26, 22, 4)
(26, 23, 4)
(26, 24, 4)
(26, 25, 4)
(26, 26, 4)
(26, 27, 4)
(26, 28, 4)
(26, 29, 4)
(26, 30, 4)
(26, 31, 4)
(26, 32, 4)
(26, 33, 4)
(26, 34, 4)
(26, 35, 4)
(26, 36, 4)
(26, 37, 4)
(26, 38, 4)
(26, 39, 4)

(27, 0, 227)
(27, 1, 147)
(27, 2, 115)
(27, 3, 104)
(27, 4, 93)
(27, 5, 60)
(27, 6, 38)
(27, 7, 24)
(27, 8, 21)
(27, 9, 14)
(27, 10, 10)
(27, 11, 8)
(27, 12, 8)
(27, 13, 8)
(27, 14, 8)
(27, 15, 5)
(27, 16, 5)
(27, 17, 5)
(27, 18, 5)
(27, 19, 5)
(27, 20, 5)
(27, 21, 5)
(27, 22, 5)
(27, 23, 5)
(27, 24, 5)
(27, 25, 5)
(27, 26, 5)
(27, 27, 5)
(27, 28, 5)
(27, 29, 5)
(27, 30, 5)
(27, 31, 5)
(27, 32, 5)
(27, 33, 5)
(27, 34, 5)
(27, 35, 5)
(27, 36, 5)
(27, 37, 5)
(27, 38, 5)
(27, 39, 5)

(28, 0, 235)
(28, 1, 151)
(28, 2, 118)
(28, 3, 107)
(28, 4, 96)
(28, 5, 63)
(28, 6, 41)
(28, 7, 27)
(28, 8, 24)
(28, 9, 17)
(28, 10, 13)
(28, 11, 11)
(28, 12, 11)
(28, 13, 11)
(28, 14, 11)
(28, 15, 7)
(28, 16, 7)
(28, 17, 7)
(28, 18, 7)
(28, 19, 6)
(28, 20, 6)
(28, 21, 6)
(28, 22, 6)
(28, 23, 6)
(28, 24, 6)
(28, 25, 6)
(28, 26, 6)
(28, 27, 6)
(28, 28, 6)
(28, 29, 6)
(28, 30, 6)
(28, 31, 6)
(28, 32, 6)
(28, 33, 6)
(28, 34, 6)
(28, 35, 6)
(28, 36, 6)
(28, 37, 6)
(28, 38, 6)
(28, 39, 6)

(29, 0, 256)
(29, 1, 159)
(29, 2, 123)
(29, 3, 111)
(29, 4, 100)
(29, 5, 67)
(29, 6, 44)
(29, 7, 30)
(29, 8, 27)
(29, 9, 20)
(29, 10, 16)
(29, 11, 13)
(29, 12, 12)
(29, 13, 12)
(29, 14, 12)
(29, 15, 8)
(29, 16, 8)
(29, 17, 7)
(29, 18, 7)
(29, 19, 7)
(29, 20, 7)
(29, 21, 7)
(29, 22, 7)
(29, 23, 7)
(29, 24, 7)
(29, 25, 7)
(29, 26, 7)
(29, 27, 7)
(29, 28, 7)
(29, 29, 7)
(29, 30, 7)
(29, 31, 7)
(29, 32, 7)
(29, 33, 7)
(29, 34, 7)
(29, 35, 7)
(29, 36, 7)
(29, 37, 7)
(29, 38, 7)
(29, 39, 7)

(30, 0, 282)
(30, 1, 170)
(30, 2, 131)
(30, 3, 117)
(30, 4, 106)
(30, 5, 73)
(30, 6, 48)
(30, 7, 33)
(30, 8, 29)
(30, 9, 20)
(30, 10, 16)
(30, 11, 12)
(30, 12, 11)
(30, 13, 11)
(30, 14, 11)
(30, 15, 7)
(30, 16, 7)
(30, 17, 7)
(30, 18, 7)
(30, 19, 7)
(30, 20, 7)
(30, 21, 7)
(30, 22, 7)
(30, 23, 7)
(30, 24, 7)
(30, 25, 7)
(30, 26, 7)
(30, 27, 7)
(30, 28, 7)
(30, 29, 7)
(30, 30, 7)
(30, 31, 7)
(30, 32, 7)
(30, 33, 7)
(30, 34, 7)
(30, 35, 7)
(30, 36, 6)
(30, 37, 6)
(30, 38, 6)
(30, 39, 6)

(31, 0, 313)
(31, 1, 188)
(31, 2, 143)
(31, 3, 127)
(31, 4, 114)
(31, 5, 79)
(31, 6, 52)
(31, 7, 35)
(31, 8, 31)
(31, 9, 22)
(31, 10, 18)
(31, 11, 13)
(31, 12, 12)
(31, 13, 12)
(31, 14, 12)
(31, 15, 8)
(31, 16, 8)
(31, 17, 8)
(31, 18, 7)
(31, 19, 7)
(31, 20, 7)
(31, 21, 7)
(31, 22, 6)
(31, 23, 6)
(31, 24, 6)
(31, 25, 6)
(31, 26, 6)
(31, 27, 6)
(31, 28, 6)
(31, 29, 6)
(31, 30, 6)
(31, 31, 6)
(31, 32, 6)
(31, 33, 6)
(31, 34, 6)
(31, 35, 6)
(31, 36, 6)
(31, 37, 6)
(31, 38, 6)
(31, 39, 6)

(32, 0, 345)
(32, 1, 205)
(32, 2, 154)
(32, 3, 137)
(32, 4, 122)
(32, 5, 84)
(32, 6, 55)
(32, 7, 36)
(32, 8, 30)
(32, 9, 19)
(32, 10, 14)
(32, 11, 10)
(32, 12, 10)
(32, 13, 10)
(32, 14, 10)
(32, 15, 6)
(32, 16, 6)
(32, 17, 6)
(32, 18, 6)
(32, 19, 6)
(32, 20, 6)
(32, 21, 6)
(32, 22, 6)
(32, 23, 6)
(32, 24, 6)
(32, 25, 6)
(32, 26, 6)
(32, 27, 6)
(32, 28, 6)
(32, 29, 6)
(32, 30, 6)
(32, 31, 6)
(32, 32, 6)
(32, 33, 6)
(32, 34, 6)
(32, 35, 5)
(32, 36, 5)
(32, 37, 5)
(32, 38, 5)
(32, 39, 5)

(33, 0, 371)
(33, 1, 226)
(33, 2, 172)
(33, 3, 154)
(33, 4, 138)
(33, 5, 93)
(33, 6, 62)
(33, 7, 39)
(33, 8, 33)
(33, 9, 22)
(33, 10, 17)
(33, 11, 11)
(33, 12, 11)
(33, 13, 11)
(33, 14, 10)
(33, 15, 6)
(33, 16, 6)
(33, 17, 6)
(33, 18, 6)
(33, 19, 6)
(33, 20, 6)
(33, 21, 6)
(33, 22, 6)
(33, 23, 6)
(33, 24, 6)
(33, 25, 6)
(33, 26, 6)
(33, 27, 6)
(33, 28, 6)
(33, 29, 6)
(33, 30, 6)
(33, 31, 6)
(33, 32, 6)
(33, 33, 6)
(33, 34, 6)
(33, 35, 6)
(33, 36, 6)
(33, 37, 6)
(33, 38, 6)
(33, 39, 6)

(34, 0, 394)
(34, 1, 247)
(34, 2, 190)
(34, 3, 171)
(34, 4, 152)
(34, 5, 98)
(34, 6, 63)
(34, 7, 39)
(34, 8, 34)
(34, 9, 22)
(34, 10, 16)
(34, 11, 11)
(34, 12, 11)
(34, 13, 11)
(34, 14, 11)
(34, 15, 7)
(34, 16, 7)
(34, 17, 7)
(34, 18, 7)
(34, 19, 7)
(34, 20, 7)
(34, 21, 7)
(34, 22, 7)
(34, 23, 7)
(34, 24, 7)
(34, 25, 7)
(34, 26, 7)
(34, 27, 7)
(34, 28, 7)
(34, 29, 7)
(34, 30, 7)
(34, 31, 7)
(34, 32, 7)
(34, 33, 7)
(34, 34, 7)
(34, 35, 7)
(34, 36, 7)
(34, 37, 6)
(34, 38, 6)
(34, 39, 6)

(35, 0, 408)
(35, 1, 260)
(35, 2, 201)
(35, 3, 180)
(35, 4, 161)
(35, 5, 103)
(35, 6, 66)
(35, 7, 39)
(35, 8, 34)
(35, 9, 22)
(35, 10, 16)
(35, 11, 11)
(35, 12, 11)
(35, 13, 11)
(35, 14, 11)
(35, 15, 7)
(35, 16, 7)
(35, 17, 7)
(35, 18, 7)
(35, 19, 7)
(35, 20, 7)
(35, 21, 7)
(35, 22, 7)
(35, 23, 7)
(35, 24, 7)
(35, 25, 7)
(35, 26, 7)
(35, 27, 7)
(35, 28, 7)
(35, 29, 7)
(35, 30, 7)
(35, 31, 7)
(35, 32, 7)
(35, 33, 7)
(35, 34, 7)
(35, 35, 7)
(35, 36, 7)
(35, 37, 6)
(35, 38, 6)
(35, 39, 6)

(36, 0, 423)
(36, 1, 275)
(36, 2, 213)
(36, 3, 192)
(36, 4, 170)
(36, 5, 106)
(36, 6, 66)
(36, 7, 40)
(36, 8, 35)
(36, 9, 22)
(36, 10, 16)
(36, 11, 11)
(36, 12, 11)
(36, 13, 11)
(36, 14, 11)
(36, 15, 7)
(36, 16, 7)
(36, 17, 7)
(36, 18, 7)
(36, 19, 7)
(36, 20, 7)
(36, 21, 7)
(36, 22, 7)
(36, 23, 7)
(36, 24, 7)
(36, 25, 7)
(36, 26, 7)
(36, 27, 7)
(36, 28, 7)
(36, 29, 7)
(36, 30, 7)
(36, 31, 7)
(36, 32, 7)
(36, 33, 7)
(36, 34, 7)
(36, 35, 7)
(36, 36, 7)
(36, 37, 6)
(36, 38, 6)
(36, 39, 6)

(37, 0, 425)
(37, 1, 277)
(37, 2, 215)
(37, 3, 193)
(37, 4, 171)
(37, 5, 106)
(37, 6, 66)
(37, 7, 40)
(37, 8, 35)
(37, 9, 22)
(37, 10, 16)
(37, 11, 11)
(37, 12, 11)
(37, 13, 11)
(37, 14, 11)
(37, 15, 7)
(37, 16, 7)
(37, 17, 7)
(37, 18, 7)
(37, 19, 7)
(37, 20, 7)
(37, 21, 7)
(37, 22, 7)
(37, 23, 7)
(37, 24, 7)
(37, 25, 7)
(37, 26, 7)
(37, 27, 7)
(37, 28, 7)
(37, 29, 7)
(37, 30, 7)
(37, 31, 7)
(37, 32, 7)
(37, 33, 7)
(37, 34, 7)
(37, 35, 7)
(37, 36, 7)
(37, 37, 6)
(37, 38, 6)
(37, 39, 6)

(38, 0, 428)
(38, 1, 280)
(38, 2, 217)
(38, 3, 195)
(38, 4, 173)
(38, 5, 107)
(38, 6, 66)
(38, 7, 40)
(38, 8, 35)
(38, 9, 22)
(38, 10, 16)
(38, 11, 11)
(38, 12, 11)
(38, 13, 11)
(38, 14, 11)
(38, 15, 7)
(38, 16, 7)
(38, 17, 7)
(38, 18, 7)
(38, 19, 7)
(38, 20, 7)
(38, 21, 7)
(38, 22, 7)
(38, 23, 7)
(38, 24, 7)
(38, 25, 7)
(38, 26, 7)
(38, 27, 7)
(38, 28, 7)
(38, 29, 7)
(38, 30, 7)
(38, 31, 7)
(38, 32, 7)
(38, 33, 7)
(38, 34, 7)
(38, 35, 7)
(38, 36, 7)
(38, 37, 6)
(38, 38, 6)
(38, 39, 6)

(39, 0, 431)
(39, 1, 283)
(39, 2, 219)
(39, 3, 197)
(39, 4, 174)
(39, 5, 107)
(39, 6, 65)
(39, 7, 39)
(39, 8, 34)
(39, 9, 22)
(39, 10, 16)
(39, 11, 11)
(39, 12, 11)
(39, 13, 11)
(39, 14, 11)
(39, 15, 7)
(39, 16, 7)
(39, 17, 7)
(39, 18, 7)
(39, 19, 7)
(39, 20, 7)
(39, 21, 7)
(39, 22, 7)
(39, 23, 7)
(39, 24, 7)
(39, 25, 7)
(39, 26, 7)
(39, 27, 7)
(39, 28, 7)
(39, 29, 7)
(39, 30, 7)
(39, 31, 7)
(39, 32, 7)
(39, 33, 7)
(39, 34, 7)
(39, 35, 7)
(39, 36, 7)
(39, 37, 6)
(39, 38, 6)
(39, 39, 6)


Betti numbers:
xi_0:
(0, 0, 2)
(5, 0, 5)
(6, 0, 7)
(7, 0, 5)
(8, 0, 8)
(9, 0, 11)
(10, 0, 15)
(11, 0, 14)
(12, 0, 16)
(13, 0, 14)
(14, 0, 11)
(15, 0, 7)
(16, 0, 6)
(17, 0, 8)
(18, 0, 13)
(19, 0, 3)
(20, 0, 16)
(21, 0, 13)
(22, 0, 11)
(23, 0, 12)
(24, 0, 10)
(25, 0, 6)
(26, 0, 7)
(27, 0, 7)
(28, 0, 8)
(29, 0, 21)
(30, 0, 26)
(31, 0, 31)
(32, 0, 32)
(33, 0, 26)
(34, 0, 23)
(35, 0, 14)
(36, 0, 15)
(37, 0, 2)
(38, 0, 3)
(39, 0, 3)
xi_1:
(0, 6, 1)
(5, 1, 3)
(5, 6, 1)
(5, 15, 1)
(6, 1, 7)
(7, 1, 4)
(7, 2, 1)
(8, 1, 6)
(8, 18, 1)
(9, 1, 3)
(9, 2, 2)
(9, 5, 1)
(9, 6, 3)
(9, 9, 1)
(9, 12, 1)
(10, 1, 4)
(10, 2, 4)
(10, 4, 1)
(10, 5, 4)
(10, 6, 1)
(10, 7, 2)
(10, 10, 1)
(10, 15, 1)
(11, 1, 3)
(11, 2, 2)
(11, 4, 2)
(11, 5, 5)
(11, 6, 2)
(11, 7, 1)
(11, 11, 1)
(12, 1, 3)
(12, 2, 4)
(12, 4, 2)
(12, 5, 3)
(12, 6, 2)
(12, 7, 3)
(12, 9, 1)
(13, 1, 1)
(13, 3, 3)
(13, 4, 1)
(13, 5, 3)
(13, 7, 2)
(13, 8, 2)
(13, 11, 1)
(13, 15, 1)
(14, 1, 5)
(14, 2, 3)
(14, 6, 1)
(14, 9, 2)
(14, 10, 1)
(15, 1, 5)
(15, 7, 1)
(15, 10, 1)
(16, 1, 4)
(16, 2, 1)
(16, 9, 1)
(17, 1, 6)
(17, 2, 1)
(17, 17, 1)
(18, 1, 8)
(18, 2, 2)
(18, 5, 2)
(18, 6, 1)
(18, 12, 1)
(19, 6, 1)
(19, 8, 1)
(20, 1, 4)
(20, 2, 5)
(20, 3, 1)
(20, 5, 2)
(20, 6, 2)
(20, 7, 3)
(20, 11, 1)
(21, 1, 3)
(21, 2, 2)
(21, 3, 2)
(21, 4, 2)
(21, 5, 2)
(21, 6, 1)
(21, 9, 1)
(21, 11, 2)
(21, 34, 1)
(22, 1, 1)
(22, 3, 3)
(22, 4, 2)
(22, 5, 1)
(22, 6, 3)
(22, 7, 2)
(22, 8, 1)
(22, 10, 1)
(22, 17, 1)
(23, 1, 2)
(23, 2, 1)
(23, 5, 6)
(23, 6, 1)
(23, 7, 2)
(23, 10, 1)
(24, 1, 3)
(24, 2, 2)
(24, 3, 2)
(24, 6, 1)
(24, 9, 2)
(24, 11, 1)
(25, 2, 1)
(25, 4, 1)
(25, 6, 1)
(25, 7, 2)
(25, 10, 1)
(26, 1, 1)
(26, 5, 5)
(26, 7, 1)
(26, 15, 1)
(27, 1, 4)
(27, 2, 1)
(27, 6, 1)
(28, 1, 4)
(28, 2, 1)
(28, 15, 1)
(28, 19, 1)
(29, 1, 13)
(29, 2, 3)
(29, 3, 1)
(29, 6, 1)
(29, 11, 1)
(29, 12, 1)
(29, 17, 1)
(30, 1, 15)
(30, 2, 3)
(30, 3, 2)
(30, 6, 2)
(30, 7, 1)
(30, 8, 1)
(30, 9, 2)
(30, 11, 2)
(30, 12, 1)
(30, 36, 1)
(31, 1, 13)
(31, 2, 6)
(31, 3, 2)
(31, 4, 2)
(31, 5, 2)
(31, 6, 3)
(31, 7, 2)
(31, 11, 1)
(31, 12, 1)
(31, 18, 1)
(31, 22, 1)
(32, 1, 15)
(32, 2, 6)
(32, 3, 1)
(32, 4, 2)
(32, 5, 3)
(32, 6, 3)
(32, 7, 2)
(32, 8, 2)
(32, 9, 2)
(32, 10, 1)
(32, 35, 1)
(33, 1, 5)
(33, 2, 3)
(33, 3, 1)
(33, 4, 1)
(33, 5, 7)
(33, 6, 2)
(33, 7, 4)
(33, 8, 1)
(33, 11, 2)
(33, 14, 1)
(34, 1, 2)
(34, 2, 3)
(34, 3, 1)
(34, 4, 3)
(34, 5, 9)
(34, 6, 4)
(34, 7, 1)
(34, 9, 1)
(34, 10, 2)
(34, 37, 1)
(35, 1, 1)
(35, 2, 2)
(35, 3, 2)
(35, 5, 4)
(35, 6, 2)
(35, 7, 3)
(35, 10, 1)
(36, 2, 3)
(36, 4, 3)
(36, 5, 6)
(36, 6, 3)
(36, 9, 1)
(37, 3, 1)
(37, 5, 1)
(38, 2, 1)
(38, 5, 1)
(38, 6, 1)
(39, 2, 1)
(39, 4, 1)
(39, 5, 1)
(39, 6, 1)
xi_2:
(9, 18, 1)
(10, 9, 1)
(10, 12, 1)
(11, 7, 1)
(11, 10, 1)
(12, 7, 1)
(12, 15, 1)
(14, 11, 1)
(18, 17, 1)
(20, 8, 1)
(20, 12, 1)
(21, 7, 3)
(22, 5, 1)
(22, 11, 2)
(22, 34, 1)
(23, 6, 1)
(23, 17, 1)
(24, 10, 1)
(26, 11, 1)
(29, 19, 1)
(30, 11, 1)
(30, 12, 1)
(30, 17, 1)
(31, 6, 1)
(31, 12, 1)
(31, 36, 1)
(32, 6, 1)
(32, 11, 1)
(32, 12, 1)
(32, 18, 1)
(32, 22, 1)
(33, 8, 1)
(33, 35, 1)
(34, 8, 1)
(34, 10, 1)
(34, 11, 1)
(34, 14, 1)
(35, 10, 1)
(36, 7, 1)
(39, 9, 1)
