x-grades
-351263600604310749/200000000000000000
-172243805422612929/100000000000000000
-337711621086140967/200000000000000000
-82733907831764019/50000000000000000
-64831928313594237/40000000000000000
-158691825904443147/100000000000000000
-310607662049801403/200000000000000000
-9494739759084891/6250000000000000
-297055682531631621/200000000000000000
-29027969277254673/20000000000000000
-283503703013461839/200000000000000000
-69181928313594237/50000000000000000
-269951723495292057/200000000000000000
-131587866868103583/100000000000000000
-10255989759084891/8000000000000000
-31202969277254673/25000000000000000
-242847764458952493/200000000000000000
-118035887349933801/100000000000000000
-229295784940782711/200000000000000000
-11125989759084891/10000000000000000
-215743805422612929/200000000000000000
-104483907831764019/100000000000000000
-202191825904443147/200000000000000000
-12213489759084891/12500000000000000
-37727969277254673/40000000000000000
-90931928313594237/100000000000000000
-175087866868103583/200000000000000000
-42077969277254673/50000000000000000
-161535887349933801/200000000000000000
-15475989759084891/20000000000000000
-147983907831764019/200000000000000000
-17650989759084891/25000000000000000
-134431928313594237/200000000000000000
-63827969277254673/100000000000000000
-24175989759084891/40000000000000000
-28525989759084891/50000000000000000
-107327969277254673/200000000000000000
-50275989759084891/100000000000000000
-93775989759084891/200000000000000000
-87/200

y-grades
0
1/4
1/2
1
1118033/1000000
1346291/1000000
1414213/1000000
3/2
790569/500000
1600781/1000000
72111/40000
2
128847/62500
2236067/1000000
9/4
1346291/500000
1463087/500000
3162277/1000000
3400367/1000000
8399999/1000000
42/5
4229657/500000
8899999/1000000
89/10
8956003/1000000
9399999/1000000
47/5
9453041/1000000
9899999/1000000
99/10
1243797/125000

Dimensions > 0:
(0, 0, 1)
(0, 1, 1)
(0, 2, 1)
(0, 3, 1)
(0, 4, 1)
(0, 5, 1)
(0, 6, 1)
(0, 7, 1)
(0, 8, 1)
(0, 9, 1)
(0, 10, 1)
(0, 11, 1)
(0, 12, 1)
(0, 13, 1)
(0, 14, 1)
(0, 15, 1)
(0, 16, 1)
(0, 17, 1)
(0, 18, 1)
(0, 19, 1)
(0, 20, 1)
(0, 21, 1)
(0, 22, 1)
(0, 23, 1)
(0, 24, 1)
(0, 25, 1)
(0, 26, 1)
(0, 27, 1)
(0, 28, 1)
(0, 29, 1)
(0, 30, 1)

(1, 0, 1)
(1, 1, 1)
(1, 2, 1)
(1, 3, 1)
(1, 4, 1)
(1, 5, 1)
(1, 6, 1)
(1, 7, 1)
(1, 8, 1)
(1, 9, 1)
(1, 10, 1)
(1, 11, 1)
(1, 12, 1)
(1, 13, 1)
(1, 14, 1)
(1, 15, 1)
(1, 16, 1)
(1, 17, 1)
(1, 18, 1)
(1, 19, 1)
(1, 20, 1)
(1, 21, 1)
(1, 22, 1)
(1, 23, 1)
(1, 24, 1)
(1, 25, 1)
(1, 26, 1)
(1, 27, 1)
(1, 28, 1)
(1, 29, 1)
(1, 30, 1)

(2, 0, 1)
(2, 1, 1)
(2, 2, 1)
(2, 3, 1)
(2, 4, 1)
(2, 5, 1)
(2, 6, 1)
(2, 7, 1)
(2, 8, 1)
(2, 9, 1)
(2, 10, 1)
(2, 11, 1)
(2, 12, 1)
(2, 13, 1)
(2, 14, 1)
(2, 15, 1)
(2, 16, 1)
(2, 17, 1)
(2, 18, 1)
(2, 19, 1)
(2, 20, 1)
(2, 21, 1)
(2, 22, 1)
(2, 23, 1)
(2, 24, 1)
(2, 25, 1)
(2, 26, 1)
(2, 27, 1)
(2, 28, 1)
(2, 29, 1)
(2, 30, 1)

(3, 0, 1)
(3, 1, 1)
(3, 2, 1)
(3, 3, 1)
(3, 4, 1)
(3, 5, 1)
(3, 6, 1)
(3, 7, 1)
(3, 8, 1)
(3, 9, 1)
(3, 10, 1)
(3, 11, 1)
(3, 12, 1)
(3, 13, 1)
(3, 14, 1)
(3, 15, 1)
(3, 16, 1)
(3, 17, 1)
(3, 18, 1)
(3, 19, 1)
(3, 20, 1)
(3, 21, 1)
(3, 22, 1)
(3, 23, 1)
(3, 24, 1)
(3, 25, 1)
(3, 26, 1)
(3, 27, 1)
(3, 28, 1)
(3, 29, 1)
(3, 30, 1)

(4, 0, 3)
(4, 1, 3)
(4, 2, 3)
(4, 3, 3)
(4, 4, 3)
(4, 5, 3)
(4, 6, 3)
(4, 7, 3)
(4, 8, 3)
(4, 9, 3)
(4, 10, 3)
(4, 11, 3)
(4, 12, 3)
(4, 13, 3)
(4, 14, 3)
(4, 15, 3)
(4, 16, 3)
(4, 17, 3)
(4, 18, 3)
(4, 19, 3)
(4, 20, 3)
(4, 21, 3)
(4, 22, 3)
(4, 23, 3)
(4, 24, 3)
(4, 25, 3)
(4, 26, 3)
(4, 27, 3)
(4, 28, 3)
(4, 29, 3)
(4, 30, 3)

(5, 0, 5)
(5, 1, 5)
(5, 2, 5)
(5, 3, 4)
(5, 4, 4)
(5, 5, 4)
(5, 6, 4)
(5, 7, 4)
(5, 8, 4)
(5, 9, 4)
(5, 10, 4)
(5, 11, 3)
(5, 12, 3)
(5, 13, 3)
(5, 14, 3)
(5, 15, 3)
(5, 16, 3)
(5, 17, 3)
(5, 18, 3)
(5, 19, 3)
(5, 20, 3)
(5, 21, 3)
(5, 22, 3)
(5, 23, 3)
(5, 24, 3)
(5, 25, 3)
(5, 26, 3)
(5, 27, 3)
(5, 28, 3)
(5, 29, 3)
(5, 30, 3)

(6, 0, 5)
(6, 1, 5)
(6, 2, 5)
(6, 3, 4)
(6, 4, 4)
(6, 5, 4)
(6, 6, 4)
(6, 7, 4)
(6, 8, 4)
(6, 9, 4)
(6, 10, 4)
(6, 11, 3)
(6, 12, 3)
(6, 13, 3)
(6, 14, 3)
(6, 15, 3)
(6, 16, 3)
(6, 17, 3)
(6, 18, 3)
(6, 19, 3)
(6, 20, 3)
(6, 21, 3)
(6, 22, 3)
(6, 23, 3)
(6, 24, 3)
(6, 25, 3)
(6, 26, 3)
(6, 27, 3)
(6, 28, 3)
(6, 29, 3)
(6, 30, 3)

(7, 0, 5)
(7, 1, 5)
(7, 2, 5)
(7, 3, 4)
(7, 4, 4)
(7, 5, 4)
(7, 6, 4)
(7, 7, 4)
(7, 8, 4)
(7, 9, 4)
(7, 10, 4)
(7, 11, 3)
(7, 12, 3)
(7, 13, 3)
(7, 14, 3)
(7, 15, 3)
(7, 16, 3)
(7, 17, 3)
(7, 18, 3)
(7, 19, 3)
(7, 20, 3)
(7, 21, 3)
(7, 22, 3)
(7, 23, 3)
(7, 24, 3)
(7, 25, 3)
(7, 26, 3)
(7, 27, 3)
(7, 28, 3)
(7, 29, 3)
(7, 30, 3)

(8, 0, 5)
(8, 1, 5)
(8, 2, 5)
(8, 3, 4)
(8, 4, 4)
(8, 5, 4)
(8, 6, 4)
(8, 7, 4)
(8, 8, 4)
(8, 9, 4)
(8, 10, 4)
(8, 11, 3)
(8, 12, 3)
(8, 13, 3)
(8, 14, 3)
(8, 15, 3)
(8, 16, 3)
(8, 17, 3)
(8, 18, 3)
(8, 19, 3)
(8, 20, 3)
(8, 21, 3)
(8, 22, 3)
(8, 23, 3)
(8, 24, 3)
(8, 25, 3)
(8, 26, 3)
(8, 27, 3)
(8, 28, 3)
(8, 29, 3)
(8, 30, 3)

(9, 0, 6)
(9, 1, 6)
(9, 2, 6)
(9, 3, 5)
(9, 4, 5)
(9, 5, 5)
(9, 6, 5)
(9, 7, 5)
(9, 8, 5)
(9, 9, 5)
(9, 10, 5)
(9, 11, 4)
(9, 12, 4)
(9, 13, 4)
(9, 14, 4)
(9, 15, 4)
(9, 16, 4)
(9, 17, 4)
(9, 18, 4)
(9, 19, 4)
(9, 20, 4)
(9, 21, 4)
(9, 22, 4)
(9, 23, 4)
(9, 24, 4)
(9, 25, 4)
(9, 26, 4)
(9, 27, 4)
(9, 28, 4)
(9, 29, 4)
(9, 30, 4)

(10, 0, 6)
(10, 1, 6)
(10, 2, 6)
(10, 3, 5)
(10, 4, 5)
(10, 5, 5)
(10, 6, 5)
(10, 7, 5)
(10, 8, 5)
(10, 9, 5)
(10, 10, 5)
(10, 11, 4)
(10, 12, 4)
(10, 13, 4)
(10, 14, 4)
(10, 15, 4)
(10, 16, 4)
(10, 17, 4)
(10, 18, 4)
(10, 19, 4)
(10, 20, 4)
(10, 21, 4)
(10, 22, 4)
(10, 23, 4)
(10, 24, 4)
(10, 25, 4)
(10, 26, 4)
(10, 27, 4)
(10, 28, 4)
(10, 29, 4)
(10, 30, 4)

(11, 0, 9)
(11, 1, 9)
(11, 2, 9)
(11, 3, 7)
(11, 4, 7)
(11, 5, 7)
(11, 6, 7)
(11, 7, 7)
(11, 8, 7)
(11, 9, 7)
(11, 10, 7)
(11, 11, 5)
(11, 12, 5)
(11, 13, 5)
(11, 14, 5)
(11, 15, 5)
(11, 16, 5)
(11, 17, 5)
(11, 18, 5)
(11, 19, 4)
(11, 20, 4)
(11, 21, 4)
(11, 22, 4)
(11, 23, 4)
(11, 24, 4)
(11, 25, 4)
(11, 26, 4)
(11, 27, 4)
(11, 28, 4)
(11, 29, 4)
(11, 30, 4)

(12, 0, 12)
(12, 1, 12)
(12, 2, 11)
(12, 3, 8)
(12, 4, 7)
(12, 5, 7)
(12, 6, 7)
(12, 7, 7)
(12, 8, 7)
(12, 9, 7)
(12, 10, 7)
(12, 11, 5)
(12, 12, 5)
(12, 13, 5)
(12, 14, 5)
(12, 15, 5)
(12, 16, 5)
(12, 17, 5)
(12, 18, 5)
(12, 19, 4)
(12, 20, 4)
(12, 21, 4)
(12, 22, 4)
(12, 23, 4)
(12, 24, 4)
(12, 25, 4)
(12, 26, 4)
(12, 27, 4)
(12, 28, 4)
(12, 29, 4)
(12, 30, 4)

(13, 0, 13)
(13, 1, 13)
(13, 2, 12)
(13, 3, 8)
(13, 4, 7)
(13, 5, 7)
(13, 6, 7)
(13, 7, 7)
(13, 8, 7)
(13, 9, 7)
(13, 10, 7)
(13, 11, 5)
(13, 12, 5)
(13, 13, 5)
(13, 14, 5)
(13, 15, 5)
(13, 16, 5)
(13, 17, 5)
(13, 18, 5)
(13, 19, 4)
(13, 20, 4)
(13, 21, 4)
(13, 22, 4)
(13, 23, 4)
(13, 24, 4)
(13, 25, 4)
(13, 26, 4)
(13, 27, 4)
(13, 28, 4)
(13, 29, 4)
(13, 30, 4)

(14, 0, 13)
(14, 1, 13)
(14, 2, 12)
(14, 3, 8)
(14, 4, 7)
(14, 5, 7)
(14, 6, 7)
(14, 7, 7)
(14, 8, 7)
(14, 9, 7)
(14, 10, 7)
(14, 11, 5)
(14, 12, 5)
(14, 13, 5)
(14, 14, 5)
(14, 15, 5)
(14, 16, 5)
(14, 17, 5)
(14, 18, 5)
(14, 19, 4)
(14, 20, 4)
(14, 21, 4)
(14, 22, 4)
(14, 23, 4)
(14, 24, 4)
(14, 25, 4)
(14, 26, 4)
(14, 27, 4)
(14, 28, 4)
(14, 29, 4)
(14, 30, 4)

(15, 0, 15)
(15, 1, 14)
(15, 2, 13)
(15, 3, 9)
(15, 4, 8)
(15, 5, 8)
(15, 6, 8)
(15, 7, 8)
(15, 8, 8)
(15, 9, 8)
(15, 10, 8)
(15, 11, 6)
(15, 12, 6)
(15, 13, 6)
(15, 14, 6)
(15, 15, 6)
(15, 16, 6)
(15, 17, 6)
(15, 18, 6)
(15, 19, 5)
(15, 20, 5)
(15, 21, 5)
(15, 22, 5)
(15, 23, 5)
(15, 24, 5)
(15, 25, 5)
(15, 26, 5)
(15, 27, 5)
(15, 28, 5)
(15, 29, 5)
(15, 30, 5)

(16, 0, 15)
(16, 1, 14)
(16, 2, 13)
(16, 3, 9)
(16, 4, 8)
(16, 5, 8)
(16, 6, 8)
(16, 7, 8)
(16, 8, 8)
(16, 9, 8)
(16, 10, 8)
(16, 11, 6)
(16, 12, 6)
(16, 13, 6)
(16, 14, 6)
(16, 15, 6)
(16, 16, 6)
(16, 17, 6)
(16, 18, 6)
(16, 19, 5)
(16, 20, 5)
(16, 21, 5)
(16, 22, 5)
(16, 23, 5)
(16, 24, 5)
(16, 25, 5)
(16, 26, 5)
(16, 27, 5)
(16, 28, 5)
(16, 29, 5)
(16, 30, 5)

(17, 0, 16)
(17, 1, 15)
(17, 2, 14)
(17, 3, 10)
(17, 4, 9)
(17, 5, 9)
(17, 6, 9)
(17, 7, 9)
(17, 8, 9)
(17, 9, 9)
(17, 10, 9)
(17, 11, 7)
(17, 12, 7)
(17, 13, 7)
(17, 14, 7)
(17, 15, 7)
(17, 16, 7)
(17, 17, 7)
(17, 18, 7)
(17, 19, 5)
(17, 20, 5)
(17, 21, 5)
(17, 22, 5)
(17, 23, 5)
(17, 24, 5)
(17, 25, 5)
(17, 26, 5)
(17, 27, 5)
(17, 28, 5)
(17, 29, 5)
(17, 30, 5)

(18, 0, 21)
(18, 1, 20)
(18, 2, 17)
(18, 3, 13)
(18, 4, 10)
(18, 5, 10)
(18, 6, 10)
(18, 7, 10)
(18, 8, 10)
(18, 9, 10)
(18, 10, 10)
(18, 11, 8)
(18, 12, 8)
(18, 13, 8)
(18, 14, 8)
(18, 15, 8)
(18, 16, 8)
(18, 17, 8)
(18, 18, 8)
(18, 19, 5)
(18, 20, 5)
(18, 21, 5)
(18, 22, 5)
(18, 23, 5)
(18, 24, 5)
(18, 25, 5)
(18, 26, 5)
(18, 27, 5)
(18, 28, 5)
(18, 29, 5)
(18, 30, 5)

(19, 0, 25)
(19, 1, 24)
(19, 2, 21)
(19, 3, 13)
(19, 4, 10)
(19, 5, 10)
(19, 6, 10)
(19, 7, 10)
(19, 8, 10)
(19, 9, 10)
(19, 10, 10)
(19, 11, 8)
(19, 12, 8)
(19, 13, 8)
(19, 14, 8)
(19, 15, 8)
(19, 16, 8)
(19, 17, 8)
(19, 18, 8)
(19, 19, 5)
(19, 20, 5)
(19, 21, 5)
(19, 22, 5)
(19, 23, 5)
(19, 24, 5)
(19, 25, 5)
(19, 26, 5)
(19, 27, 5)
(19, 28, 5)
(19, 29, 5)
(19, 30, 5)

(20, 0, 25)
(20, 1, 24)
(20, 2, 21)
(20, 3, 13)
(20, 4, 10)
(20, 5, 10)
(20, 6, 10)
(20, 7, 10)
(20, 8, 10)
(20, 9, 10)
(20, 10, 10)
(20, 11, 8)
(20, 12, 8)
(20, 13, 8)
(20, 14, 8)
(20, 15, 8)
(20, 16, 8)
(20, 17, 8)
(20, 18, 8)
(20, 19, 5)
(20, 20, 5)
(20, 21, 5)
(20, 22, 5)
(20, 23, 5)
(20, 24, 5)
(20, 25, 5)
(20, 26, 5)
(20, 27, 5)
(20, 28, 5)
(20, 29, 5)
(20, 30, 5)

(21, 0, 25)
(21, 1, 24)
(21, 2, 21)
(21, 3, 13)
(21, 4, 10)
(21, 5, 10)
(21, 6, 10)
(21, 7, 10)
(21, 8, 10)
(21, 9, 10)
(21, 10, 10)
(21, 11, 8)
(21, 12, 8)
(21, 13, 8)
(21, 14, 8)
(21, 15, 8)
(21, 16, 8)
(21, 17, 8)
(21, 18, 8)
(21, 19, 5)
(21, 20, 5)
(21, 21, 5)
(21, 22, 5)
(21, 23, 5)
(21, 24, 5)
(21, 25, 5)
(21, 26, 5)
(21, 27, 5)
(21, 28, 5)
(21, 29, 5)
(21, 30, 5)

(22, 0, 27)
(22, 1, 25)
(22, 2, 22)
(22, 3, 14)
(22, 4, 11)
(22, 5, 11)
(22, 6, 11)
(22, 7, 11)
(22, 8, 11)
(22, 9, 11)
(22, 10, 11)
(22, 11, 9)
(22, 12, 9)
(22, 13, 9)
(22, 14, 9)
(22, 15, 9)
(22, 16, 9)
(22, 17, 9)
(22, 18, 9)
(22, 19, 6)
(22, 20, 6)
(22, 21, 6)
(22, 22, 6)
(22, 23, 6)
(22, 24, 6)
(22, 25, 6)
(22, 26, 6)
(22, 27, 6)
(22, 28, 6)
(22, 29, 6)
(22, 30, 6)

(23, 0, 32)
(23, 1, 29)
(23, 2, 25)
(23, 3, 17)
(23, 4, 13)
(23, 5, 13)
(23, 6, 13)
(23, 7, 13)
(23, 8, 13)
(23, 9, 13)
(23, 10, 13)
(23, 11, 11)
(23, 12, 11)
(23, 13, 11)
(23, 14, 11)
(23, 15, 11)
(23, 16, 11)
(23, 17, 11)
(23, 18, 11)
(23, 19, 8)
(23, 20, 7)
(23, 21, 7)
(23, 22, 7)
(23, 23, 7)
(23, 24, 7)
(23, 25, 7)
(23, 26, 7)
(23, 27, 7)
(23, 28, 7)
(23, 29, 7)
(23, 30, 7)

(24, 0, 39)
(24, 1, 36)
(24, 2, 30)
(24, 3, 20)
(24, 4, 13)
(24, 5, 13)
(24, 6, 13)
(24, 7, 13)
(24, 8, 13)
(24, 9, 13)
(24, 10, 13)
(24, 11, 11)
(24, 12, 11)
(24, 13, 11)
(24, 14, 11)
(24, 15, 11)
(24, 16, 11)
(24, 17, 11)
(24, 18, 11)
(24, 19, 8)
(24, 20, 7)
(24, 21, 7)
(24, 22, 7)
(24, 23, 7)
(24, 24, 7)
(24, 25, 7)
(24, 26, 7)
(24, 27, 7)
(24, 28, 7)
(24, 29, 7)
(24, 30, 7)

(25, 0, 40)
(25, 1, 37)
(25, 2, 31)
(25, 3, 21)
(25, 4, 14)
(25, 5, 14)
(25, 6, 14)
(25, 7, 14)
(25, 8, 14)
(25, 9, 14)
(25, 10, 14)
(25, 11, 12)
(25, 12, 12)
(25, 13, 12)
(25, 14, 12)
(25, 15, 12)
(25, 16, 12)
(25, 17, 12)
(25, 18, 12)
(25, 19, 8)
(25, 20, 7)
(25, 21, 7)
(25, 22, 7)
(25, 23, 7)
(25, 24, 7)
(25, 25, 7)
(25, 26, 7)
(25, 27, 7)
(25, 28, 7)
(25, 29, 7)
(25, 30, 7)

(26, 0, 42)
(26, 1, 39)
(26, 2, 32)
(26, 3, 22)
(26, 4, 14)
(26, 5, 14)
(26, 6, 14)
(26, 7, 14)
(26, 8, 14)
(26, 9, 14)
(26, 10, 14)
(26, 11, 12)
(26, 12, 12)
(26, 13, 12)
(26, 14, 12)
(26, 15, 12)
(26, 16, 12)
(26, 17, 12)
(26, 18, 12)
(26, 19, 8)
(26, 20, 7)
(26, 21, 7)
(26, 22, 7)
(26, 23, 7)
(26, 24, 7)
(26, 25, 7)
(26, 26, 7)
(26, 27, 7)
(26, 28, 7)
(26, 29, 7)
(26, 30, 7)

(27, 0, 48)
(27, 1, 45)
(27, 2, 37)
(27, 3, 24)
(27, 4, 15)
(27, 5, 15)
(27, 6, 15)
(27, 7, 15)
(27, 8, 15)
(27, 9, 15)
(27, 10, 15)
(27, 11, 13)
(27, 12, 13)
(27, 13, 13)
(27, 14, 13)
(27, 15, 13)
(27, 16, 13)
(27, 17, 13)
(27, 18, 13)
(27, 19, 8)
(27, 20, 7)
(27, 21, 6)
(27, 22, 6)
(27, 23, 6)
(27, 24, 6)
(27, 25, 6)
(27, 26, 6)
(27, 27, 6)
(27, 28, 6)
(27, 29, 6)
(27, 30, 6)

(28, 0, 49)
(28, 1, 46)
(28, 2, 38)
(28, 3, 24)
(28, 4, 15)
(28, 5, 15)
(28, 6, 15)
(28, 7, 15)
(28, 8, 15)
(28, 9, 15)
(28, 10, 15)
(28, 11, 13)
(28, 12, 13)
(28, 13, 13)
(28, 14, 13)
(28, 15, 13)
(28, 16, 13)
(28, 17, 13)
(28, 18, 13)
(28, 19, 8)
(28, 20, 6)
(28, 21, 6)
(28, 22, 6)
(28, 23, 6)
(28, 24, 6)
(28, 25, 6)
(28, 26, 6)
(28, 27, 6)
(28, 28, 6)
(28, 29, 6)
(28, 30, 6)

(29, 0, 49)
(29, 1, 46)
(29, 2, 38)
(29, 3, 24)
(29, 4, 15)
(29, 5, 15)
(29, 6, 15)
(29, 7, 15)
(29, 8, 15)
(29, 9, 15)
(29, 10, 15)
(29, 11, 13)
(29, 12, 13)
(29, 13, 13)
(29, 14, 13)
(29, 15, 13)
(29, 16, 13)
(29, 17, 13)
(29, 18, 13)
(29, 19, 8)
(29, 20, 6)
(29, 21, 6)
(29, 22, 6)
(29, 23, 6)
(29, 24, 6)
(29, 25, 6)
(29, 26, 6)
(29, 27, 6)
(29, 28, 6)
(29, 29, 6)
(29, 30, 6)

(30, 0, 49)
(30, 1, 46)
(30, 2, 38)
(30, 3, 24)
(30, 4, 15)
(30, 5, 15)
(30, 6, 15)
(30, 7, 15)
(30, 8, 15)
(30, 9, 15)
(30, 10, 15)
(30, 11, 13)
(30, 12, 13)
(30, 13, 13)
(30, 14, 13)
(30, 15, 13)
(30, 16, 13)
(30, 17, 13)
(30, 18, 13)
(30, 19, 8)
(30, 20, 6)
(30, 21, 6)
(30, 22, 6)
(30, 23, 6)
(30, 24, 6)
(30, 25, 6)
(30, 26, 6)
(30, 27, 6)
(30, 28, 6)
(30, 29, 6)
(30, 30, 6)

(31, 0, 49)
(31, 1, 46)
(31, 2, 38)
(31, 3, 24)
(31, 4, 15)
(31, 5, 15)
(31, 6, 15)
(31, 7, 15)
(31, 8, 15)
(31, 9, 15)
(31, 10, 15)
(31, 11, 13)
(31, 12, 13)
(31, 13, 13)
(31, 14, 13)
(31, 15, 13)
(31, 16, 13)
(31, 17, 13)
(31, 18, 13)
(31, 19, 8)
(31, 20, 6)
(31, 21, 6)
(31, 22, 6)
(31, 23, 6)
(31, 24, 6)
(31, 25, 6)
(31, 26, 6)
(31, 27, 6)
(31, 28, 6)
(31, 29, 6)
(31, 30, 6)

(32, 0, 51)
(32, 1, 47)
(32, 2, 39)
(32, 3, 25)
(32, 4, 16)
(32, 5, 16)
(32, 6, 16)
(32, 7, 16)
(32, 8, 16)
(32, 9, 16)
(32, 10, 16)
(32, 11, 14)
(32, 12, 14)
(32, 13, 14)
(32, 14, 14)
(32, 15, 14)
(32, 16, 14)
(32, 17, 14)
(32, 18, 14)
(32, 19, 9)
(32, 20, 7)
(32, 21, 7)
(32, 22, 7)
(32, 23, 7)
(32, 24, 7)
(32, 25, 7)
(32, 26, 7)
(32, 27, 7)
(32, 28, 7)
(32, 29, 7)
(32, 30, 7)

(33, 0, 56)
(33, 1, 52)
(33, 2, 42)
(33, 3, 28)
(33, 4, 17)
(33, 5, 17)
(33, 6, 17)
(33, 7, 17)
(33, 8, 17)
(33, 9, 17)
(33, 10, 17)
(33, 11, 15)
(33, 12, 15)
(33, 13, 15)
(33, 14, 15)
(33, 15, 15)
(33, 16, 15)
(33, 17, 15)
(33, 18, 15)
(33, 19, 10)
(33, 20, 7)
(33, 21, 7)
(33, 22, 7)
(33, 23, 7)
(33, 24, 7)
(33, 25, 7)
(33, 26, 7)
(33, 27, 7)
(33, 28, 7)
(33, 29, 7)
(33, 30, 7)

(34, 0, 61)
(34, 1, 57)
(34, 2, 46)
(34, 3, 30)
(34, 4, 17)
(34, 5, 17)
(34, 6, 17)
(34, 7, 17)
(34, 8, 17)
(34, 9, 17)
(34, 10, 17)
(34, 11, 15)
(34, 12, 15)
(34, 13, 15)
(34, 14, 15)
(34, 15, 15)
(34, 16, 15)
(34, 17, 15)
(34, 18, 15)
(34, 19, 10)
(34, 20, 7)
(34, 21, 7)
(34, 22, 7)
(34, 23, 7)
(34, 24, 7)
(34, 25, 7)
(34, 26, 7)
(34, 27, 7)
(34, 28, 7)
(34, 29, 7)
(34, 30, 7)

(35, 0, 61)
(35, 1, 57)
(35, 2, 46)
(35, 3, 30)
(35, 4, 17)
(35, 5, 17)
(35, 6, 17)
(35, 7, 17)
(35, 8, 17)
(35, 9, 17)
(35, 10, 17)
(35, 11, 15)
(35, 12, 15)
(35, 13, 15)
(35, 14, 15)
(35, 15, 15)
(35, 16, 15)
(35, 17, 15)
(35, 18, 15)
(35, 19, 10)
(35, 20, 7)
(35, 21, 7)
(35, 22, 7)
(35, 23, 7)
(35, 24, 7)
(35, 25, 7)
(35, 26, 7)
(35, 27, 7)
(35, 28, 7)
(35, 29, 7)
(35, 30, 7)

(36, 0, 61)
(36, 1, 57)
(36, 2, 46)
(36, 3, 30)
(36, 4, 17)
(36, 5, 17)
(36, 6, 17)
(36, 7, 17)
(36, 8, 17)
(36, 9, 17)
(36, 10, 17)
(36, 11, 15)
(36, 12, 15)
(36, 13, 15)
(36, 14, 15)
(36, 15, 15)
(36, 16, 15)
(36, 17, 15)
(36, 18, 15)
(36, 19, 10)
(36, 20, 7)
(36, 21, 7)
(36, 22, 7)
(36, 23, 7)
(36, 24, 7)
(36, 25, 7)
(36, 26, 7)
(36, 27, 7)
(36, 28, 7)
(36, 29, 7)
(36, 30, 7)

(37, 0, 61)
(37, 1, 57)
(37, 2, 46)
(37, 3, 30)
(37, 4, 17)
(37, 5, 17)
(37, 6, 17)
(37, 7, 17)
(37, 8, 17)
(37, 9, 17)
(37, 10, 17)
(37, 11, 15)
(37, 12, 15)
(37, 13, 15)
(37, 14, 15)
(37, 15, 15)
(37, 16, 15)
(37, 17, 15)
(37, 18, 15)
(37, 19, 10)
(37, 20, 7)
(37, 21, 7)
(37, 22, 7)
(37, 23, 7)
(37, 24, 7)
(37, 25, 7)
(37, 26, 7)
(37, 27, 7)
(37, 28, 7)
(37, 29, 7)
(37, 30, 7)

(38, 0, 61)
(38, 1, 57)
(38, 2, 46)
(38, 3, 30)
(38, 4, 17)
(38, 5, 17)
(38, 6, 17)
(38, 7, 17)
(38, 8, 17)
(38, 9, 17)
(38, 10, 17)
(38, 11, 15)
(38, 12, 15)
(38, 13, 15)
(38, 14, 15)
(38, 15, 15)
(38, 16, 15)
(38, 17, 15)
(38, 18, 15)
(38, 19, 10)
(38, 20, 7)
(38, 21, 7)
(38, 22, 7)
(38, 23, 7)
(38, 24, 7)
(38, 25, 7)
(38, 26, 7)
(38, 27, 7)
(38, 28, 7)
(38, 29, 7)
(38, 30, 7)

(39, 0, 66)
(39, 1, 62)
(39, 2, 50)
(39, 3, 32)
(39, 4, 18)
(39, 5, 18)
(39, 6, 18)
(39, 7, 18)
(39, 8, 18)
(39, 9, 18)
(39, 10, 18)
(39, 11, 16)
(39, 12, 16)
(39, 13, 16)
(39, 14, 16)
(39, 15, 16)
(39, 16, 16)
(39, 17, 16)
(39, 18, 16)
(39, 19, 10)
(39, 20, 6)
(39, 21, 6)
(39, 22, 6)
(39, 23, 6)
(39, 24, 6)
(39, 25, 6)
(39, 26, 6)
(39, 27, 6)
(39, 28, 6)
(39, 29, 6)
(39, 30, 6)


Betti numbers:
xi_0:
(0, 0, 1)
(4, 0, 2)
(5, 0, 2)
(9, 0, 1)
(11, 0, 3)
(12, 0, 3)
(13, 0, 1)
(15, 0, 2)
(17, 0, 1)
(18, 0, 5)
(19, 0, 4)
(22, 0, 2)
(23, 0, 5)
(24, 0, 7)
(25, 0, 1)
(26, 0, 2)
(27, 0, 6)
(28, 0, 1)
(32, 0, 2)
(33, 0, 5)
(34, 0, 5)
(39, 0, 5)
xi_1:
(5, 3, 1)
(5, 11, 1)
(11, 3, 1)
(11, 11, 1)
(11, 19, 1)
(12, 2, 1)
(12, 3, 1)
(12, 4, 1)
(13, 3, 1)
(15, 1, 1)
(17, 19, 1)
(18, 2, 2)
(18, 4, 2)
(18, 19, 1)
(19, 3, 4)
(22, 1, 1)
(23, 1, 1)
(23, 2, 1)
(23, 4, 1)
(23, 20, 1)
(24, 2, 2)
(24, 3, 2)
(24, 4, 3)
(25, 19, 1)
(26, 2, 1)
(26, 4, 1)
(27, 2, 1)
(27, 3, 3)
(27, 4, 1)
(27, 19, 1)
(27, 21, 1)
(28, 3, 1)
(28, 20, 1)
(32, 1, 1)
(33, 2, 2)
(33, 4, 2)
(33, 20, 1)
(34, 2, 1)
(34, 3, 2)
(34, 4, 2)
(39, 2, 1)
(39, 3, 2)
(39, 4, 1)
(39, 19, 1)
(39, 20, 1)
xi_2:
(28, 21, 1)
