x-grades
-609837805522425233/400000000000000000
-300386845749912473/200000000000000000
-591709577477224659/400000000000000000
-145661365863656093/100000000000000000
-114716269886404817/80000000000000000
-282258617704711899/200000000000000000
-555453121386823511/400000000000000000
-68298625920527903/50000000000000000
-537324893341622937/400000000000000000
-10565215586380453/8000000000000000
-519196665296422363/400000000000000000
-127533137818455519/100000000000000000
-501068437251221789/400000000000000000
-246002161614310751/200000000000000000
-96588041841204243/80000000000000000
-925539248405119/781250000000000
-464811981160820641/400000000000000000
-227873933569110177/200000000000000000
-446683753115620067/400000000000000000
-21880981954650989/20000000000000000
-428555525070419493/400000000000000000
-209745705523909603/200000000000000000
-410427297025218919/400000000000000000
-50170397875327329/50000000000000000
-78459813796003669/80000000000000000
-191617477478709029/200000000000000000
-374170840934817771/400000000000000000
-91276681728054371/100000000000000000
-356042612889617197/400000000000000000
-34697849886701691/40000000000000000
-337914384844416623/400000000000000000
-20553141926363521/25000000000000000
-319786156799216049/400000000000000000
-155361021388307881/200000000000000000
-12066317150160619/16000000000000000
-73148453682853797/100000000000000000
-283529700708814901/400000000000000000
-137232793343107307/200000000000000000
-265401472663614327/400000000000000000
-6408433966025351/10000000000000000

y-grades
1249973/5000000
1249973/2500000
3749919/5000000
1249973/1250000
1249973/1000000
3749919/2500000
8749811/5000000
1249973/625000
11249757/5000000
1249973/500000
13749703/5000000
3749919/1250000
16249649/5000000
8749811/2500000
3749919/1000000
1249973/312500
21249541/5000000
11249757/2500000
23749487/5000000
1249973/250000
26249433/5000000
13749703/2500000
28749379/5000000
3749919/625000
1249973/200000
16249649/2500000
33749271/5000000
8749811/1250000
36249217/5000000
3749919/500000
38749163/5000000
1249973/156250
41249109/5000000
21249541/2500000
8749811/1000000
11249757/1250000
46249001/5000000
23749487/2500000
48748947/5000000
1249973/125000

Dimensions > 0:
(0, 0, 11)
(0, 1, 11)
(0, 2, 11)
(0, 3, 11)
(0, 4, 11)
(0, 5, 10)
(0, 6, 9)
(0, 7, 8)
(0, 8, 7)
(0, 9, 5)
(0, 10, 5)
(0, 11, 4)
(0, 12, 3)
(0, 13, 2)
(0, 14, 2)
(0, 15, 2)
(0, 16, 2)
(0, 17, 1)
(0, 18, 1)
(0, 19, 1)
(0, 20, 1)
(0, 21, 1)
(0, 22, 1)
(0, 23, 1)
(0, 24, 1)
(0, 25, 1)
(0, 26, 1)
(0, 27, 1)
(0, 28, 1)
(0, 29, 1)
(0, 30, 1)
(0, 31, 1)
(0, 32, 1)
(0, 33, 1)
(0, 34, 1)
(0, 35, 1)
(0, 36, 1)
(0, 37, 1)
(0, 38, 1)
(0, 39, 1)

(1, 0, 15)
(1, 1, 15)
(1, 2, 15)
(1, 3, 15)
(1, 4, 15)
(1, 5, 14)
(1, 6, 13)
(1, 7, 12)
(1, 8, 9)
(1, 9, 6)
(1, 10, 6)
(1, 11, 4)
(1, 12, 3)
(1, 13, 3)
(1, 14, 3)
(1, 15, 2)
(1, 16, 2)
(1, 17, 1)
(1, 18, 1)
(1, 19, 1)
(1, 20, 1)
(1, 21, 1)
(1, 22, 1)
(1, 23, 1)
(1, 24, 1)
(1, 25, 1)
(1, 26, 1)
(1, 27, 1)
(1, 28, 1)
(1, 29, 1)
(1, 30, 1)
(1, 31, 1)
(1, 32, 1)
(1, 33, 1)
(1, 34, 1)
(1, 35, 1)
(1, 36, 1)
(1, 37, 1)
(1, 38, 1)
(1, 39, 1)

(2, 0, 21)
(2, 1, 21)
(2, 2, 21)
(2, 3, 21)
(2, 4, 21)
(2, 5, 20)
(2, 6, 18)
(2, 7, 16)
(2, 8, 13)
(2, 9, 10)
(2, 10, 10)
(2, 11, 7)
(2, 12, 5)
(2, 13, 4)
(2, 14, 3)
(2, 15, 2)
(2, 16, 2)
(2, 17, 1)
(2, 18, 1)
(2, 19, 1)
(2, 20, 1)
(2, 21, 1)
(2, 22, 1)
(2, 23, 1)
(2, 24, 1)
(2, 25, 1)
(2, 26, 1)
(2, 27, 1)
(2, 28, 1)
(2, 29, 1)
(2, 30, 1)
(2, 31, 1)
(2, 32, 1)
(2, 33, 1)
(2, 34, 1)
(2, 35, 1)
(2, 36, 1)
(2, 37, 1)
(2, 38, 1)
(2, 39, 1)

(3, 0, 26)
(3, 1, 26)
(3, 2, 26)
(3, 3, 26)
(3, 4, 26)
(3, 5, 24)
(3, 6, 22)
(3, 7, 19)
(3, 8, 16)
(3, 9, 13)
(3, 10, 12)
(3, 11, 9)
(3, 12, 7)
(3, 13, 6)
(3, 14, 5)
(3, 15, 4)
(3, 16, 4)
(3, 17, 3)
(3, 18, 3)
(3, 19, 3)
(3, 20, 2)
(3, 21, 2)
(3, 22, 2)
(3, 23, 2)
(3, 24, 2)
(3, 25, 2)
(3, 26, 2)
(3, 27, 1)
(3, 28, 1)
(3, 29, 1)
(3, 30, 1)
(3, 31, 1)
(3, 32, 1)
(3, 33, 1)
(3, 34, 1)
(3, 35, 1)
(3, 36, 1)
(3, 37, 1)
(3, 38, 1)
(3, 39, 1)

(4, 0, 43)
(4, 1, 41)
(4, 2, 41)
(4, 3, 38)
(4, 4, 36)
(4, 5, 33)
(4, 6, 31)
(4, 7, 27)
(4, 8, 24)
(4, 9, 20)
(4, 10, 17)
(4, 11, 14)
(4, 12, 12)
(4, 13, 11)
(4, 14, 9)
(4, 15, 7)
(4, 16, 7)
(4, 17, 6)
(4, 18, 5)
(4, 19, 5)
(4, 20, 5)
(4, 21, 5)
(4, 22, 5)
(4, 23, 4)
(4, 24, 3)
(4, 25, 3)
(4, 26, 3)
(4, 27, 3)
(4, 28, 3)
(4, 29, 3)
(4, 30, 3)
(4, 31, 3)
(4, 32, 2)
(4, 33, 2)
(4, 34, 2)
(4, 35, 2)
(4, 36, 2)
(4, 37, 2)
(4, 38, 2)
(4, 39, 2)

(5, 0, 56)
(5, 1, 54)
(5, 2, 54)
(5, 3, 50)
(5, 4, 47)
(5, 5, 42)
(5, 6, 40)
(5, 7, 36)
(5, 8, 31)
(5, 9, 27)
(5, 10, 24)
(5, 11, 21)
(5, 12, 19)
(5, 13, 17)
(5, 14, 13)
(5, 15, 11)
(5, 16, 9)
(5, 17, 8)
(5, 18, 6)
(5, 19, 5)
(5, 20, 5)
(5, 21, 5)
(5, 22, 5)
(5, 23, 3)
(5, 24, 2)
(5, 25, 1)
(5, 26, 1)
(5, 27, 1)
(5, 28, 1)
(5, 29, 1)
(5, 30, 1)
(5, 31, 1)
(5, 32, 1)
(5, 33, 1)
(5, 34, 1)
(5, 35, 1)
(5, 36, 1)
(5, 37, 1)
(5, 38, 1)
(5, 39, 1)

(6, 0, 65)
(6, 1, 63)
(6, 2, 63)
(6, 3, 59)
(6, 4, 56)
(6, 5, 49)
(6, 6, 47)
(6, 7, 43)
(6, 8, 37)
(6, 9, 33)
(6, 10, 29)
(6, 11, 24)
(6, 12, 20)
(6, 13, 19)
(6, 14, 15)
(6, 15, 11)
(6, 16, 8)
(6, 17, 7)
(6, 18, 5)
(6, 19, 5)
(6, 20, 5)
(6, 21, 5)
(6, 22, 4)
(6, 23, 3)
(6, 24, 2)
(6, 25, 1)
(6, 26, 1)
(6, 27, 1)
(6, 28, 1)
(6, 29, 1)
(6, 30, 1)
(6, 31, 1)
(6, 32, 1)
(6, 33, 1)
(6, 34, 1)
(6, 35, 1)
(6, 36, 1)
(6, 37, 1)
(6, 38, 1)
(6, 39, 1)

(7, 0, 74)
(7, 1, 72)
(7, 2, 72)
(7, 3, 68)
(7, 4, 64)
(7, 5, 56)
(7, 6, 54)
(7, 7, 50)
(7, 8, 43)
(7, 9, 39)
(7, 10, 34)
(7, 11, 27)
(7, 12, 22)
(7, 13, 20)
(7, 14, 15)
(7, 15, 12)
(7, 16, 8)
(7, 17, 7)
(7, 18, 5)
(7, 19, 5)
(7, 20, 5)
(7, 21, 5)
(7, 22, 4)
(7, 23, 3)
(7, 24, 2)
(7, 25, 1)
(7, 26, 1)
(7, 27, 1)
(7, 28, 1)
(7, 29, 1)
(7, 30, 1)
(7, 31, 1)
(7, 32, 1)
(7, 33, 1)
(7, 34, 1)
(7, 35, 1)
(7, 36, 1)
(7, 37, 1)
(7, 38, 1)
(7, 39, 1)

(8, 0, 80)
(8, 1, 78)
(8, 2, 78)
(8, 3, 74)
(8, 4, 70)
(8, 5, 61)
(8, 6, 58)
(8, 7, 54)
(8, 8, 47)
(8, 9, 42)
(8, 10, 37)
(8, 11, 30)
(8, 12, 25)
(8, 13, 23)
(8, 14, 18)
(8, 15, 15)
(8, 16, 11)
(8, 17, 10)
(8, 18, 7)
(8, 19, 7)
(8, 20, 7)
(8, 21, 7)
(8, 22, 5)
(8, 23, 4)
(8, 24, 3)
(8, 25, 3)
(8, 26, 3)
(8, 27, 3)
(8, 28, 3)
(8, 29, 2)
(8, 30, 2)
(8, 31, 2)
(8, 32, 2)
(8, 33, 2)
(8, 34, 2)
(8, 35, 2)
(8, 36, 2)
(8, 37, 2)
(8, 38, 2)
(8, 39, 2)

(9, 0, 92)
(9, 1, 90)
(9, 2, 90)
(9, 3, 86)
(9, 4, 82)
(9, 5, 73)
(9, 6, 68)
(9, 7, 64)
(9, 8, 55)
(9, 9, 48)
(9, 10, 42)
(9, 11, 35)
(9, 12, 29)
(9, 13, 26)
(9, 14, 21)
(9, 15, 15)
(9, 16, 12)
(9, 17, 11)
(9, 18, 8)
(9, 19, 8)
(9, 20, 8)
(9, 21, 8)
(9, 22, 5)
(9, 23, 4)
(9, 24, 3)
(9, 25, 3)
(9, 26, 3)
(9, 27, 3)
(9, 28, 3)
(9, 29, 2)
(9, 30, 2)
(9, 31, 2)
(9, 32, 2)
(9, 33, 2)
(9, 34, 2)
(9, 35, 2)
(9, 36, 2)
(9, 37, 2)
(9, 38, 2)
(9, 39, 2)

(10, 0, 101)
(10, 1, 98)
(10, 2, 98)
(10, 3, 93)
(10, 4, 88)
(10, 5, 78)
(10, 6, 73)
(10, 7, 69)
(10, 8, 60)
(10, 9, 52)
(10, 10, 45)
(10, 11, 38)
(10, 12, 32)
(10, 13, 29)
(10, 14, 24)
(10, 15, 17)
(10, 16, 13)
(10, 17, 11)
(10, 18, 8)
(10, 19, 8)
(10, 20, 7)
(10, 21, 7)
(10, 22, 5)
(10, 23, 4)
(10, 24, 3)
(10, 25, 3)
(10, 26, 3)
(10, 27, 3)
(10, 28, 3)
(10, 29, 2)
(10, 30, 2)
(10, 31, 2)
(10, 32, 2)
(10, 33, 2)
(10, 34, 2)
(10, 35, 2)
(10, 36, 2)
(10, 37, 2)
(10, 38, 2)
(10, 39, 2)

(11, 0, 115)
(11, 1, 112)
(11, 2, 111)
(11, 3, 105)
(11, 4, 97)
(11, 5, 87)
(11, 6, 81)
(11, 7, 76)
(11, 8, 67)
(11, 9, 59)
(11, 10, 52)
(11, 11, 45)
(11, 12, 39)
(11, 13, 35)
(11, 14, 30)
(11, 15, 23)
(11, 16, 19)
(11, 17, 17)
(11, 18, 12)
(11, 19, 12)
(11, 20, 11)
(11, 21, 10)
(11, 22, 5)
(11, 23, 4)
(11, 24, 3)
(11, 25, 3)
(11, 26, 3)
(11, 27, 3)
(11, 28, 3)
(11, 29, 2)
(11, 30, 2)
(11, 31, 2)
(11, 32, 2)
(11, 33, 2)
(11, 34, 2)
(11, 35, 2)
(11, 36, 2)
(11, 37, 2)
(11, 38, 2)
(11, 39, 2)

(12, 0, 133)
(12, 1, 128)
(12, 2, 122)
(12, 3, 114)
(12, 4, 105)
(12, 5, 93)
(12, 6, 86)
(12, 7, 81)
(12, 8, 71)
(12, 9, 63)
(12, 10, 56)
(12, 11, 48)
(12, 12, 39)
(12, 13, 33)
(12, 14, 28)
(12, 15, 21)
(12, 16, 17)
(12, 17, 15)
(12, 18, 11)
(12, 19, 11)
(12, 20, 10)
(12, 21, 9)
(12, 22, 5)
(12, 23, 4)
(12, 24, 3)
(12, 25, 3)
(12, 26, 3)
(12, 27, 3)
(12, 28, 3)
(12, 29, 2)
(12, 30, 2)
(12, 31, 2)
(12, 32, 2)
(12, 33, 2)
(12, 34, 2)
(12, 35, 2)
(12, 36, 2)
(12, 37, 2)
(12, 38, 2)
(12, 39, 2)

(13, 0, 155)
(13, 1, 149)
(13, 2, 142)
(13, 3, 134)
(13, 4, 123)
(13, 5, 110)
(13, 6, 102)
(13, 7, 96)
(13, 8, 84)
(13, 9, 74)
(13, 10, 65)
(13, 11, 55)
(13, 12, 46)
(13, 13, 39)
(13, 14, 32)
(13, 15, 24)
(13, 16, 19)
(13, 17, 15)
(13, 18, 11)
(13, 19, 11)
(13, 20, 10)
(13, 21, 9)
(13, 22, 5)
(13, 23, 4)
(13, 24, 3)
(13, 25, 2)
(13, 26, 2)
(13, 27, 2)
(13, 28, 2)
(13, 29, 2)
(13, 30, 2)
(13, 31, 2)
(13, 32, 2)
(13, 33, 2)
(13, 34, 2)
(13, 35, 2)
(13, 36, 2)
(13, 37, 2)
(13, 38, 2)
(13, 39, 2)

(14, 0, 195)
(14, 1, 185)
(14, 2, 174)
(14, 3, 160)
(14, 4, 147)
(14, 5, 131)
(14, 6, 120)
(14, 7, 109)
(14, 8, 97)
(14, 9, 83)
(14, 10, 73)
(14, 11, 62)
(14, 12, 51)
(14, 13, 44)
(14, 14, 36)
(14, 15, 26)
(14, 16, 21)
(14, 17, 16)
(14, 18, 13)
(14, 19, 13)
(14, 20, 12)
(14, 21, 11)
(14, 22, 7)
(14, 23, 5)
(14, 24, 5)
(14, 25, 5)
(14, 26, 4)
(14, 27, 4)
(14, 28, 4)
(14, 29, 4)
(14, 30, 4)
(14, 31, 4)
(14, 32, 3)
(14, 33, 2)
(14, 34, 2)
(14, 35, 2)
(14, 36, 2)
(14, 37, 2)
(14, 38, 2)
(14, 39, 2)

(15, 0, 220)
(15, 1, 209)
(15, 2, 196)
(15, 3, 182)
(15, 4, 168)
(15, 5, 146)
(15, 6, 131)
(15, 7, 118)
(15, 8, 106)
(15, 9, 93)
(15, 10, 82)
(15, 11, 70)
(15, 12, 57)
(15, 13, 49)
(15, 14, 41)
(15, 15, 31)
(15, 16, 23)
(15, 17, 16)
(15, 18, 13)
(15, 19, 13)
(15, 20, 12)
(15, 21, 11)
(15, 22, 7)
(15, 23, 6)
(15, 24, 6)
(15, 25, 6)
(15, 26, 5)
(15, 27, 4)
(15, 28, 4)
(15, 29, 4)
(15, 30, 4)
(15, 31, 4)
(15, 32, 3)
(15, 33, 2)
(15, 34, 2)
(15, 35, 2)
(15, 36, 2)
(15, 37, 2)
(15, 38, 2)
(15, 39, 2)

(16, 0, 243)
(16, 1, 232)
(16, 2, 217)
(16, 3, 203)
(16, 4, 186)
(16, 5, 162)
(16, 6, 147)
(16, 7, 131)
(16, 8, 116)
(16, 9, 101)
(16, 10, 87)
(16, 11, 75)
(16, 12, 58)
(16, 13, 50)
(16, 14, 42)
(16, 15, 32)
(16, 16, 24)
(16, 17, 17)
(16, 18, 13)
(16, 19, 13)
(16, 20, 11)
(16, 21, 11)
(16, 22, 7)
(16, 23, 5)
(16, 24, 5)
(16, 25, 5)
(16, 26, 4)
(16, 27, 4)
(16, 28, 4)
(16, 29, 4)
(16, 30, 4)
(16, 31, 4)
(16, 32, 3)
(16, 33, 2)
(16, 34, 2)
(16, 35, 2)
(16, 36, 2)
(16, 37, 2)
(16, 38, 2)
(16, 39, 2)

(17, 0, 278)
(17, 1, 267)
(17, 2, 251)
(17, 3, 233)
(17, 4, 214)
(17, 5, 188)
(17, 6, 167)
(17, 7, 145)
(17, 8, 129)
(17, 9, 112)
(17, 10, 96)
(17, 11, 82)
(17, 12, 64)
(17, 13, 56)
(17, 14, 47)
(17, 15, 35)
(17, 16, 26)
(17, 17, 20)
(17, 18, 17)
(17, 19, 17)
(17, 20, 14)
(17, 21, 13)
(17, 22, 8)
(17, 23, 5)
(17, 24, 5)
(17, 25, 5)
(17, 26, 4)
(17, 27, 3)
(17, 28, 3)
(17, 29, 3)
(17, 30, 3)
(17, 31, 3)
(17, 32, 2)
(17, 33, 2)
(17, 34, 2)
(17, 35, 2)
(17, 36, 2)
(17, 37, 2)
(17, 38, 2)
(17, 39, 2)

(18, 0, 309)
(18, 1, 293)
(18, 2, 273)
(18, 3, 253)
(18, 4, 235)
(18, 5, 208)
(18, 6, 186)
(18, 7, 164)
(18, 8, 148)
(18, 9, 129)
(18, 10, 110)
(18, 11, 94)
(18, 12, 75)
(18, 13, 68)
(18, 14, 57)
(18, 15, 43)
(18, 16, 31)
(18, 17, 24)
(18, 18, 20)
(18, 19, 20)
(18, 20, 16)
(18, 21, 15)
(18, 22, 7)
(18, 23, 5)
(18, 24, 4)
(18, 25, 4)
(18, 26, 4)
(18, 27, 3)
(18, 28, 3)
(18, 29, 3)
(18, 30, 3)
(18, 31, 3)
(18, 32, 2)
(18, 33, 2)
(18, 34, 2)
(18, 35, 2)
(18, 36, 2)
(18, 37, 2)
(18, 38, 2)
(18, 39, 2)

(19, 0, 334)
(19, 1, 317)
(19, 2, 295)
(19, 3, 270)
(19, 4, 252)
(19, 5, 225)
(19, 6, 199)
(19, 7, 176)
(19, 8, 159)
(19, 9, 140)
(19, 10, 118)
(19, 11, 100)
(19, 12, 80)
(19, 13, 73)
(19, 14, 62)
(19, 15, 48)
(19, 16, 35)
(19, 17, 25)
(19, 18, 21)
(19, 19, 20)
(19, 20, 16)
(19, 21, 15)
(19, 22, 7)
(19, 23, 5)
(19, 24, 5)
(19, 25, 5)
(19, 26, 5)
(19, 27, 4)
(19, 28, 4)
(19, 29, 4)
(19, 30, 4)
(19, 31, 4)
(19, 32, 3)
(19, 33, 3)
(19, 34, 3)
(19, 35, 3)
(19, 36, 3)
(19, 37, 3)
(19, 38, 3)
(19, 39, 3)

(20, 0, 363)
(20, 1, 346)
(20, 2, 323)
(20, 3, 296)
(20, 4, 275)
(20, 5, 247)
(20, 6, 220)
(20, 7, 194)
(20, 8, 176)
(20, 9, 153)
(20, 10, 129)
(20, 11, 110)
(20, 12, 88)
(20, 13, 81)
(20, 14, 69)
(20, 15, 55)
(20, 16, 40)
(20, 17, 28)
(20, 18, 25)
(20, 19, 24)
(20, 20, 18)
(20, 21, 17)
(20, 22, 8)
(20, 23, 6)
(20, 24, 6)
(20, 25, 6)
(20, 26, 6)
(20, 27, 4)
(20, 28, 4)
(20, 29, 4)
(20, 30, 4)
(20, 31, 4)
(20, 32, 2)
(20, 33, 2)
(20, 34, 2)
(20, 35, 2)
(20, 36, 2)
(20, 37, 2)
(20, 38, 2)
(20, 39, 2)

(21, 0, 391)
(21, 1, 374)
(21, 2, 349)
(21, 3, 321)
(21, 4, 298)
(21, 5, 268)
(21, 6, 237)
(21, 7, 211)
(21, 8, 192)
(21, 9, 167)
(21, 10, 143)
(21, 11, 120)
(21, 12, 96)
(21, 13, 89)
(21, 14, 74)
(21, 15, 60)
(21, 16, 44)
(21, 17, 30)
(21, 18, 26)
(21, 19, 24)
(21, 20, 17)
(21, 21, 16)
(21, 22, 8)
(21, 23, 5)
(21, 24, 5)
(21, 25, 5)
(21, 26, 5)
(21, 27, 3)
(21, 28, 3)
(21, 29, 3)
(21, 30, 3)
(21, 31, 3)
(21, 32, 2)
(21, 33, 2)
(21, 34, 2)
(21, 35, 1)
(21, 36, 1)
(21, 37, 1)
(21, 38, 1)
(21, 39, 1)

(22, 0, 413)
(22, 1, 394)
(22, 2, 369)
(22, 3, 341)
(22, 4, 318)
(22, 5, 284)
(22, 6, 250)
(22, 7, 222)
(22, 8, 203)
(22, 9, 175)
(22, 10, 151)
(22, 11, 126)
(22, 12, 101)
(22, 13, 94)
(22, 14, 78)
(22, 15, 64)
(22, 16, 47)
(22, 17, 33)
(22, 18, 29)
(22, 19, 26)
(22, 20, 18)
(22, 21, 17)
(22, 22, 7)
(22, 23, 4)
(22, 24, 3)
(22, 25, 3)
(22, 26, 3)
(22, 27, 1)
(22, 28, 1)
(22, 29, 1)
(22, 30, 1)
(22, 31, 1)
(22, 32, 1)
(22, 33, 1)
(22, 34, 1)
(22, 35, 1)
(22, 36, 1)
(22, 37, 1)
(22, 38, 1)
(22, 39, 1)

(23, 0, 436)
(23, 1, 417)
(23, 2, 391)
(23, 3, 362)
(23, 4, 337)
(23, 5, 303)
(23, 6, 268)
(23, 7, 238)
(23, 8, 219)
(23, 9, 189)
(23, 10, 163)
(23, 11, 136)
(23, 12, 111)
(23, 13, 102)
(23, 14, 86)
(23, 15, 72)
(23, 16, 52)
(23, 17, 38)
(23, 18, 32)
(23, 19, 29)
(23, 20, 21)
(23, 21, 19)
(23, 22, 9)
(23, 23, 5)
(23, 24, 4)
(23, 25, 3)
(23, 26, 3)
(23, 27, 1)
(23, 28, 1)
(23, 29, 1)
(23, 30, 1)
(23, 31, 1)
(23, 32, 1)
(23, 33, 1)
(23, 34, 1)
(23, 35, 1)
(23, 36, 1)
(23, 37, 1)
(23, 38, 1)
(23, 39, 1)

(24, 0, 468)
(24, 1, 448)
(24, 2, 420)
(24, 3, 386)
(24, 4, 360)
(24, 5, 325)
(24, 6, 288)
(24, 7, 256)
(24, 8, 233)
(24, 9, 201)
(24, 10, 174)
(24, 11, 144)
(24, 12, 117)
(24, 13, 107)
(24, 14, 90)
(24, 15, 75)
(24, 16, 55)
(24, 17, 41)
(24, 18, 35)
(24, 19, 31)
(24, 20, 21)
(24, 21, 18)
(24, 22, 8)
(24, 23, 4)
(24, 24, 4)
(24, 25, 3)
(24, 26, 3)
(24, 27, 1)
(24, 28, 1)
(24, 29, 1)
(24, 30, 1)
(24, 31, 1)
(24, 32, 1)
(24, 33, 1)
(24, 34, 1)
(24, 35, 1)
(24, 36, 1)
(24, 37, 1)
(24, 38, 1)
(24, 39, 1)

(25, 0, 483)
(25, 1, 463)
(25, 2, 434)
(25, 3, 397)
(25, 4, 371)
(25, 5, 333)
(25, 6, 296)
(25, 7, 263)
(25, 8, 238)
(25, 9, 203)
(25, 10, 176)
(25, 11, 143)
(25, 12, 116)
(25, 13, 107)
(25, 14, 90)
(25, 15, 75)
(25, 16, 55)
(25, 17, 41)
(25, 18, 35)
(25, 19, 31)
(25, 20, 21)
(25, 21, 18)
(25, 22, 8)
(25, 23, 4)
(25, 24, 4)
(25, 25, 3)
(25, 26, 3)
(25, 27, 1)
(25, 28, 1)
(25, 29, 1)
(25, 30, 1)
(25, 31, 1)
(25, 32, 1)
(25, 33, 1)
(25, 34, 1)
(25, 35, 1)
(25, 36, 1)
(25, 37, 1)
(25, 38, 1)
(25, 39, 1)

(26, 0, 508)
(26, 1, 487)
(26, 2, 456)
(26, 3, 417)
(26, 4, 391)
(26, 5, 352)
(26, 6, 314)
(26, 7, 280)
(26, 8, 251)
(26, 9, 216)
(26, 10, 189)
(26, 11, 154)
(26, 12, 126)
(26, 13, 113)
(26, 14, 93)
(26, 15, 78)
(26, 16, 58)
(26, 17, 45)
(26, 18, 38)
(26, 19, 33)
(26, 20, 23)
(26, 21, 19)
(26, 22, 9)
(26, 23, 5)
(26, 24, 5)
(26, 25, 4)
(26, 26, 4)
(26, 27, 2)
(26, 28, 2)
(26, 29, 1)
(26, 30, 1)
(26, 31, 1)
(26, 32, 1)
(26, 33, 1)
(26, 34, 1)
(26, 35, 1)
(26, 36, 1)
(26, 37, 1)
(26, 38, 1)
(26, 39, 1)

(27, 0, 542)
(27, 1, 520)
(27, 2, 481)
(27, 3, 441)
(27, 4, 413)
(27, 5, 372)
(27, 6, 331)
(27, 7, 293)
(27, 8, 262)
(27, 9, 226)
(27, 10, 197)
(27, 11, 162)
(27, 12, 129)
(27, 13, 117)
(27, 14, 96)
(27, 15, 80)
(27, 16, 60)
(27, 17, 46)
(27, 18, 39)
(27, 19, 33)
(27, 20, 24)
(27, 21, 19)
(27, 22, 10)
(27, 23, 7)
(27, 24, 5)
(27, 25, 3)
(27, 26, 3)
(27, 27, 1)
(27, 28, 1)
(27, 29, 1)
(27, 30, 1)
(27, 31, 1)
(27, 32, 1)
(27, 33, 1)
(27, 34, 1)
(27, 35, 1)
(27, 36, 1)
(27, 37, 1)
(27, 38, 1)
(27, 39, 1)

(28, 0, 565)
(28, 1, 542)
(28, 2, 501)
(28, 3, 461)
(28, 4, 430)
(28, 5, 387)
(28, 6, 344)
(28, 7, 305)
(28, 8, 271)
(28, 9, 235)
(28, 10, 204)
(28, 11, 166)
(28, 12, 131)
(28, 13, 119)
(28, 14, 99)
(28, 15, 83)
(28, 16, 63)
(28, 17, 49)
(28, 18, 41)
(28, 19, 35)
(28, 20, 25)
(28, 21, 21)
(28, 22, 12)
(28, 23, 8)
(28, 24, 7)
(28, 25, 4)
(28, 26, 4)
(28, 27, 2)
(28, 28, 2)
(28, 29, 2)
(28, 30, 2)
(28, 31, 2)
(28, 32, 1)
(28, 33, 1)
(28, 34, 1)
(28, 35, 1)
(28, 36, 1)
(28, 37, 1)
(28, 38, 1)
(28, 39, 1)

(29, 0, 590)
(29, 1, 566)
(29, 2, 521)
(29, 3, 478)
(29, 4, 446)
(29, 5, 402)
(29, 6, 355)
(29, 7, 315)
(29, 8, 281)
(29, 9, 245)
(29, 10, 213)
(29, 11, 174)
(29, 12, 138)
(29, 13, 126)
(29, 14, 106)
(29, 15, 90)
(29, 16, 70)
(29, 17, 55)
(29, 18, 47)
(29, 19, 38)
(29, 20, 27)
(29, 21, 23)
(29, 22, 13)
(29, 23, 9)
(29, 24, 8)
(29, 25, 5)
(29, 26, 5)
(29, 27, 2)
(29, 28, 2)
(29, 29, 2)
(29, 30, 1)
(29, 31, 1)
(29, 32, 1)
(29, 33, 1)
(29, 34, 1)
(29, 35, 1)
(29, 36, 1)
(29, 37, 1)
(29, 38, 1)
(29, 39, 1)

(30, 0, 622)
(30, 1, 598)
(30, 2, 552)
(30, 3, 504)
(30, 4, 469)
(30, 5, 422)
(30, 6, 373)
(30, 7, 332)
(30, 8, 296)
(30, 9, 256)
(30, 10, 221)
(30, 11, 181)
(30, 12, 145)
(30, 13, 131)
(30, 14, 109)
(30, 15, 91)
(30, 16, 70)
(30, 17, 55)
(30, 18, 46)
(30, 19, 38)
(30, 20, 26)
(30, 21, 21)
(30, 22, 11)
(30, 23, 8)
(30, 24, 8)
(30, 25, 5)
(30, 26, 5)
(30, 27, 2)
(30, 28, 2)
(30, 29, 2)
(30, 30, 1)
(30, 31, 1)
(30, 32, 1)
(30, 33, 1)
(30, 34, 1)
(30, 35, 1)
(30, 36, 1)
(30, 37, 1)
(30, 38, 1)
(30, 39, 1)

(31, 0, 643)
(31, 1, 619)
(31, 2, 572)
(31, 3, 524)
(31, 4, 488)
(31, 5, 440)
(31, 6, 390)
(31, 7, 345)
(31, 8, 307)
(31, 9, 265)
(31, 10, 229)
(31, 11, 188)
(31, 12, 148)
(31, 13, 135)
(31, 14, 111)
(31, 15, 90)
(31, 16, 68)
(31, 17, 53)
(31, 18, 44)
(31, 19, 37)
(31, 20, 25)
(31, 21, 20)
(31, 22, 10)
(31, 23, 8)
(31, 24, 7)
(31, 25, 5)
(31, 26, 4)
(31, 27, 1)
(31, 28, 1)
(31, 29, 1)
(31, 30, 1)
(31, 31, 1)
(31, 32, 1)
(31, 33, 1)
(31, 34, 1)
(31, 35, 1)
(31, 36, 1)
(31, 37, 1)
(31, 38, 1)
(31, 39, 1)

(32, 0, 683)
(32, 1, 655)
(32, 2, 605)
(32, 3, 552)
(32, 4, 513)
(32, 5, 462)
(32, 6, 407)
(32, 7, 357)
(32, 8, 318)
(32, 9, 270)
(32, 10, 228)
(32, 11, 188)
(32, 12, 149)
(32, 13, 133)
(32, 14, 110)
(32, 15, 91)
(32, 16, 70)
(32, 17, 55)
(32, 18, 46)
(32, 19, 39)
(32, 20, 27)
(32, 21, 21)
(32, 22, 10)
(32, 23, 8)
(32, 24, 8)
(32, 25, 6)
(32, 26, 4)
(32, 27, 1)
(32, 28, 1)
(32, 29, 1)
(32, 30, 1)
(32, 31, 1)
(32, 32, 1)
(32, 33, 1)
(32, 34, 1)
(32, 35, 1)
(32, 36, 1)
(32, 37, 1)
(32, 38, 1)
(32, 39, 1)

(33, 0, 712)
(33, 1, 683)
(33, 2, 630)
(33, 3, 574)
(33, 4, 531)
(33, 5, 478)
(33, 6, 416)
(33, 7, 365)
(33, 8, 323)
(33, 9, 273)
(33, 10, 228)
(33, 11, 186)
(33, 12, 149)
(33, 13, 133)
(33, 14, 111)
(33, 15, 92)
(33, 16, 71)
(33, 17, 56)
(33, 18, 47)
(33, 19, 39)
(33, 20, 27)
(33, 21, 22)
(33, 22, 11)
(33, 23, 8)
(33, 24, 8)
(33, 25, 6)
(33, 26, 5)
(33, 27, 2)
(33, 28, 1)
(33, 29, 1)
(33, 30, 1)
(33, 31, 1)
(33, 32, 1)
(33, 33, 1)
(33, 34, 1)
(33, 35, 1)
(33, 36, 1)
(33, 37, 1)
(33, 38, 1)
(33, 39, 1)

(34, 0, 750)
(34, 1, 714)
(34, 2, 657)
(34, 3, 596)
(34, 4, 551)
(34, 5, 498)
(34, 6, 434)
(34, 7, 379)
(34, 8, 332)
(34, 9, 280)
(34, 10, 235)
(34, 11, 192)
(34, 12, 154)
(34, 13, 137)
(34, 14, 114)
(34, 15, 95)
(34, 16, 73)
(34, 17, 57)
(34, 18, 48)
(34, 19, 41)
(34, 20, 28)
(34, 21, 22)
(34, 22, 12)
(34, 23, 9)
(34, 24, 9)
(34, 25, 7)
(34, 26, 6)
(34, 27, 3)
(34, 28, 2)
(34, 29, 2)
(34, 30, 2)
(34, 31, 2)
(34, 32, 2)
(34, 33, 2)
(34, 34, 2)
(34, 35, 2)
(34, 36, 1)
(34, 37, 1)
(34, 38, 1)
(34, 39, 1)

(35, 0, 788)
(35, 1, 744)
(35, 2, 677)
(35, 3, 616)
(35, 4, 568)
(35, 5, 511)
(35, 6, 444)
(35, 7, 387)
(35, 8, 337)
(35, 9, 284)
(35, 10, 239)
(35, 11, 195)
(35, 12, 157)
(35, 13, 140)
(35, 14, 117)
(35, 15, 97)
(35, 16, 74)
(35, 17, 57)
(35, 18, 46)
(35, 19, 40)
(35, 20, 26)
(35, 21, 22)
(35, 22, 12)
(35, 23, 9)
(35, 24, 9)
(35, 25, 7)
(35, 26, 6)
(35, 27, 3)
(35, 28, 2)
(35, 29, 2)
(35, 30, 2)
(35, 31, 2)
(35, 32, 2)
(35, 33, 2)
(35, 34, 2)
(35, 35, 2)
(35, 36, 1)
(35, 37, 1)
(35, 38, 1)
(35, 39, 1)

(36, 0, 819)
(36, 1, 773)
(36, 2, 703)
(36, 3, 638)
(36, 4, 589)
(36, 5, 529)
(36, 6, 459)
(36, 7, 401)
(36, 8, 349)
(36, 9, 295)
(36, 10, 247)
(36, 11, 202)
(36, 12, 161)
(36, 13, 143)
(36, 14, 119)
(36, 15, 98)
(36, 16, 75)
(36, 17, 58)
(36, 18, 47)
(36, 19, 41)
(36, 20, 27)
(36, 21, 23)
(36, 22, 13)
(36, 23, 8)
(36, 24, 8)
(36, 25, 6)
(36, 26, 5)
(36, 27, 2)
(36, 28, 1)
(36, 29, 1)
(36, 30, 1)
(36, 31, 1)
(36, 32, 1)
(36, 33, 1)
(36, 34, 1)
(36, 35, 1)
(36, 36, 1)
(36, 37, 1)
(36, 38, 1)
(36, 39, 1)

(37, 0, 842)
(37, 1, 794)
(37, 2, 723)
(37, 3, 657)
(37, 4, 606)
(37, 5, 545)
(37, 6, 473)
(37, 7, 411)
(37, 8, 355)
(37, 9, 297)
(37, 10, 247)
(37, 11, 199)
(37, 12, 161)
(37, 13, 143)
(37, 14, 119)
(37, 15, 98)
(37, 16, 75)
(37, 17, 58)
(37, 18, 47)
(37, 19, 41)
(37, 20, 27)
(37, 21, 22)
(37, 22, 12)
(37, 23, 8)
(37, 24, 8)
(37, 25, 6)
(37, 26, 5)
(37, 27, 2)
(37, 28, 1)
(37, 29, 1)
(37, 30, 1)
(37, 31, 1)
(37, 32, 1)
(37, 33, 1)
(37, 34, 1)
(37, 35, 1)
(37, 36, 1)
(37, 37, 1)
(37, 38, 1)
(37, 39, 1)

(38, 0, 872)
(38, 1, 820)
(38, 2, 746)
(38, 3, 676)
(38, 4, 624)
(38, 5, 559)
(38, 6, 486)
(38, 7, 422)
(38, 8, 362)
(38, 9, 298)
(38, 10, 249)
(38, 11, 202)
(38, 12, 161)
(38, 13, 143)
(38, 14, 118)
(38, 15, 97)
(38, 16, 74)
(38, 17, 57)
(38, 18, 46)
(38, 19, 40)
(38, 20, 26)
(38, 21, 22)
(38, 22, 12)
(38, 23, 8)
(38, 24, 8)
(38, 25, 6)
(38, 26, 5)
(38, 27, 2)
(38, 28, 1)
(38, 29, 1)
(38, 30, 1)
(38, 31, 1)
(38, 32, 1)
(38, 33, 1)
(38, 34, 1)
(38, 35, 1)
(38, 36, 1)
(38, 37, 1)
(38, 38, 1)
(38, 39, 1)

(39, 0, 896)
(39, 1, 841)
(39, 2, 763)
(39, 3, 691)
(39, 4, 636)
(39, 5, 570)
(39, 6, 491)
(39, 7, 423)
(39, 8, 362)
(39, 9, 298)
(39, 10, 248)
(39, 11, 200)
(39, 12, 161)
(39, 13, 142)
(39, 14, 117)
(39, 15, 96)
(39, 16, 74)
(39, 17, 57)
(39, 18, 46)
(39, 19, 40)
(39, 20, 26)
(39, 21, 22)
(39, 22, 12)
(39, 23, 8)
(39, 24, 8)
(39, 25, 6)
(39, 26, 5)
(39, 27, 2)
(39, 28, 1)
(39, 29, 1)
(39, 30, 1)
(39, 31, 1)
(39, 32, 1)
(39, 33, 1)
(39, 34, 1)
(39, 35, 1)
(39, 36, 1)
(39, 37, 1)
(39, 38, 1)
(39, 39, 1)


Betti numbers:
xi_0:
(0, 0, 11)
(1, 0, 4)
(2, 0, 6)
(3, 0, 5)
(4, 0, 17)
(5, 0, 13)
(6, 0, 9)
(7, 0, 9)
(8, 0, 6)
(9, 0, 12)
(10, 0, 9)
(11, 0, 14)
(12, 0, 18)
(13, 0, 22)
(14, 0, 40)
(15, 0, 25)
(16, 0, 23)
(17, 0, 35)
(18, 0, 31)
(19, 0, 25)
(20, 0, 29)
(21, 0, 28)
(22, 0, 22)
(23, 0, 23)
(24, 0, 32)
(25, 0, 15)
(26, 0, 25)
(27, 0, 34)
(28, 0, 23)
(29, 0, 25)
(30, 0, 32)
(31, 0, 21)
(32, 0, 40)
(33, 0, 29)
(34, 0, 38)
(35, 0, 38)
(36, 0, 31)
(37, 0, 23)
(38, 0, 30)
(39, 0, 24)
xi_1:
(0, 5, 1)
(0, 6, 1)
(0, 7, 1)
(0, 8, 1)
(0, 9, 2)
(0, 11, 1)
(0, 12, 1)
(0, 13, 1)
(0, 17, 1)
(1, 8, 2)
(1, 9, 1)
(1, 11, 1)
(1, 15, 1)
(2, 6, 1)
(2, 7, 1)
(2, 11, 1)
(2, 12, 1)
(2, 13, 1)
(2, 14, 1)
(3, 5, 1)
(3, 7, 1)
(3, 10, 1)
(3, 20, 1)
(3, 27, 1)
(4, 1, 2)
(4, 3, 3)
(4, 4, 2)
(4, 5, 1)
(4, 7, 1)
(4, 9, 1)
(4, 10, 2)
(4, 14, 1)
(4, 15, 1)
(4, 18, 1)
(4, 23, 1)
(4, 24, 1)
(4, 32, 1)
(5, 3, 1)
(5, 4, 1)
(5, 5, 2)
(5, 8, 2)
(5, 13, 1)
(5, 14, 2)
(5, 16, 2)
(5, 18, 1)
(5, 19, 1)
(5, 23, 1)
(5, 25, 1)
(6, 5, 2)
(6, 8, 1)
(6, 10, 1)
(6, 11, 2)
(6, 12, 2)
(6, 15, 2)
(6, 16, 1)
(6, 22, 1)
(7, 4, 1)
(7, 5, 1)
(7, 8, 1)
(7, 10, 1)
(7, 11, 2)
(7, 12, 1)
(7, 13, 1)
(7, 14, 1)
(7, 16, 1)
(8, 5, 1)
(8, 6, 1)
(8, 8, 1)
(8, 9, 1)
(8, 18, 1)
(8, 22, 1)
(8, 29, 1)
(9, 6, 2)
(9, 8, 2)
(9, 9, 2)
(9, 10, 1)
(9, 12, 1)
(9, 13, 1)
(9, 15, 3)
(9, 17, 1)
(9, 22, 1)
(10, 1, 1)
(10, 3, 1)
(10, 4, 1)
(10, 5, 1)
(10, 9, 1)
(10, 10, 1)
(10, 15, 1)
(10, 16, 1)
(10, 17, 1)
(10, 20, 1)
(11, 2, 1)
(11, 3, 1)
(11, 4, 3)
(11, 6, 1)
(11, 7, 1)
(11, 13, 1)
(11, 15, 1)
(11, 18, 2)
(11, 21, 1)
(11, 22, 3)
(12, 1, 2)
(12, 2, 5)
(12, 3, 2)
(12, 4, 1)
(12, 5, 2)
(12, 6, 1)
(12, 7, 1)
(12, 8, 1)
(12, 11, 1)
(12, 12, 3)
(12, 13, 2)
(13, 1, 1)
(13, 2, 1)
(13, 4, 2)
(13, 5, 1)
(13, 6, 1)
(13, 7, 1)
(13, 8, 2)
(13, 9, 2)
(13, 10, 2)
(13, 11, 2)
(13, 12, 1)
(13, 13, 1)
(13, 14, 2)
(13, 15, 1)
(13, 16, 1)
(13, 17, 2)
(13, 21, 1)
(13, 25, 1)
(14, 1, 4)
(14, 2, 4)
(14, 3, 6)
(14, 4, 2)
(14, 5, 3)
(14, 6, 3)
(14, 7, 5)
(14, 9, 4)
(14, 10, 1)
(14, 11, 1)
(14, 12, 2)
(14, 14, 2)
(14, 15, 2)
(14, 17, 1)
(14, 23, 1)
(14, 26, 1)
(14, 32, 1)
(14, 33, 1)
(15, 1, 1)
(15, 2, 2)
(15, 4, 1)
(15, 5, 6)
(15, 6, 4)
(15, 7, 2)
(15, 10, 1)
(15, 11, 1)
(15, 12, 2)
(15, 13, 1)
(15, 16, 3)
(15, 17, 2)
(15, 27, 1)
(16, 2, 2)
(16, 4, 3)
(16, 5, 2)
(16, 7, 3)
(16, 8, 3)
(16, 9, 2)
(16, 10, 3)
(16, 12, 4)
(16, 14, 1)
(16, 15, 1)
(16, 18, 1)
(16, 20, 1)
(16, 23, 1)
(17, 2, 1)
(17, 3, 4)
(17, 4, 2)
(17, 5, 2)
(17, 6, 6)
(17, 7, 6)
(17, 8, 1)
(17, 9, 2)
(17, 10, 2)
(17, 11, 2)
(17, 12, 2)
(17, 14, 1)
(17, 15, 2)
(17, 16, 1)
(17, 20, 1)
(17, 21, 1)
(17, 22, 1)
(17, 23, 1)
(17, 26, 1)
(17, 27, 1)
(18, 1, 5)
(18, 2, 4)
(18, 3, 2)
(18, 5, 1)
(18, 6, 1)
(18, 9, 2)
(18, 10, 3)
(18, 11, 2)
(18, 12, 2)
(18, 14, 2)
(18, 15, 2)
(18, 16, 3)
(18, 17, 1)
(18, 18, 1)
(18, 20, 1)
(18, 22, 3)
(18, 24, 1)
(19, 1, 1)
(19, 2, 2)
(19, 3, 5)
(19, 6, 4)
(19, 7, 2)
(19, 8, 1)
(19, 10, 3)
(19, 11, 2)
(19, 12, 1)
(19, 15, 1)
(19, 16, 1)
(19, 17, 3)
(19, 18, 1)
(19, 19, 1)
(20, 2, 1)
(20, 3, 2)
(20, 4, 3)
(20, 5, 1)
(20, 6, 1)
(20, 7, 3)
(20, 8, 1)
(20, 9, 4)
(20, 10, 2)
(20, 11, 2)
(20, 12, 2)
(20, 14, 1)
(20, 15, 1)
(20, 16, 2)
(20, 17, 3)
(20, 20, 2)
(20, 22, 1)
(20, 27, 1)
(20, 32, 1)
(21, 2, 2)
(21, 3, 1)
(21, 4, 2)
(21, 5, 2)
(21, 6, 4)
(21, 7, 1)
(21, 8, 1)
(21, 9, 2)
(21, 11, 4)
(21, 12, 2)
(21, 14, 3)
(21, 16, 1)
(21, 17, 3)
(21, 18, 1)
(21, 19, 1)
(21, 20, 1)
(21, 23, 1)
(21, 35, 1)
(22, 1, 2)
(22, 5, 4)
(22, 6, 3)
(22, 7, 2)
(22, 9, 3)
(22, 11, 2)
(22, 12, 1)
(22, 14, 1)
(22, 16, 1)
(22, 17, 1)
(22, 19, 1)
(22, 20, 1)
(22, 22, 2)
(22, 23, 1)
(22, 24, 1)
(23, 2, 1)
(23, 3, 1)
(23, 4, 2)
(23, 5, 1)
(23, 6, 1)
(23, 7, 2)
(23, 9, 2)
(23, 10, 2)
(23, 11, 2)
(23, 13, 2)
(23, 16, 3)
(23, 17, 1)
(23, 18, 2)
(23, 21, 1)
(23, 23, 1)
(23, 25, 1)
(24, 1, 1)
(24, 2, 2)
(24, 3, 5)
(24, 4, 1)
(24, 5, 1)
(24, 6, 2)
(24, 7, 2)
(24, 8, 4)
(24, 9, 2)
(24, 10, 1)
(24, 11, 3)
(24, 12, 2)
(24, 13, 1)
(24, 14, 1)
(24, 15, 1)
(24, 19, 1)
(24, 20, 2)
(24, 21, 1)
(24, 22, 1)
(25, 2, 1)
(25, 3, 3)
(25, 5, 3)
(25, 7, 1)
(25, 8, 3)
(25, 9, 3)
(25, 11, 3)
(25, 17, 1)
(26, 1, 1)
(26, 2, 2)
(26, 3, 2)
(26, 5, 1)
(26, 6, 1)
(26, 7, 1)
(26, 8, 4)
(26, 9, 1)
(26, 11, 2)
(26, 12, 1)
(26, 13, 4)
(26, 14, 3)
(26, 18, 1)
(26, 19, 1)
(26, 20, 1)
(26, 21, 1)
(26, 29, 1)
(27, 1, 1)
(27, 2, 8)
(27, 3, 1)
(27, 4, 2)
(27, 5, 2)
(27, 6, 3)
(27, 7, 4)
(27, 8, 2)
(27, 9, 1)
(27, 10, 2)
(27, 12, 5)
(27, 13, 1)
(27, 14, 2)
(27, 15, 1)
(27, 17, 1)
(27, 19, 3)
(27, 21, 1)
(27, 24, 2)
(27, 25, 1)
(28, 1, 1)
(28, 2, 2)
(28, 4, 3)
(28, 5, 2)
(28, 6, 2)
(28, 7, 1)
(28, 8, 4)
(28, 10, 2)
(28, 11, 3)
(28, 12, 3)
(28, 18, 1)
(28, 20, 1)
(28, 23, 1)
(28, 25, 1)
(28, 32, 1)
(29, 1, 1)
(29, 2, 4)
(29, 3, 3)
(29, 4, 1)
(29, 5, 1)
(29, 6, 4)
(29, 7, 1)
(29, 10, 1)
(29, 11, 1)
(29, 12, 1)
(29, 17, 1)
(29, 19, 3)
(29, 20, 1)
(29, 22, 1)
(29, 27, 1)
(29, 30, 1)
(30, 2, 1)
(30, 3, 5)
(30, 4, 3)
(30, 5, 3)
(30, 6, 2)
(30, 7, 1)
(30, 8, 2)
(30, 9, 4)
(30, 10, 4)
(30, 11, 1)
(30, 13, 2)
(30, 14, 2)
(30, 15, 2)
(30, 16, 1)
(30, 18, 1)
(30, 20, 1)
(30, 21, 2)
(31, 2, 1)
(31, 4, 1)
(31, 5, 1)
(31, 6, 1)
(31, 7, 4)
(31, 8, 2)
(31, 9, 2)
(31, 10, 1)
(31, 11, 1)
(31, 12, 4)
(31, 14, 2)
(31, 15, 3)
(31, 16, 1)
(31, 24, 1)
(31, 26, 1)
(32, 1, 4)
(32, 2, 3)
(32, 3, 5)
(32, 4, 3)
(32, 5, 3)
(32, 6, 5)
(32, 7, 5)
(32, 8, 1)
(32, 9, 6)
(32, 10, 6)
(32, 12, 1)
(32, 13, 3)
(32, 14, 1)
(32, 21, 1)
(32, 22, 1)
(32, 26, 1)
(33, 1, 1)
(33, 2, 3)
(33, 3, 3)
(33, 4, 4)
(33, 5, 2)
(33, 6, 7)
(33, 7, 1)
(33, 8, 3)
(33, 9, 3)
(33, 10, 4)
(33, 11, 2)
(33, 19, 1)
(33, 23, 1)
(33, 28, 1)
(34, 1, 7)
(34, 2, 4)
(34, 3, 5)
(34, 4, 2)
(34, 6, 2)
(34, 7, 4)
(34, 8, 5)
(34, 9, 2)
(34, 11, 1)
(34, 12, 1)
(34, 13, 1)
(34, 14, 1)
(34, 16, 1)
(34, 17, 1)
(34, 20, 1)
(34, 21, 1)
(34, 36, 1)
(35, 1, 8)
(35, 2, 10)
(35, 3, 1)
(35, 4, 3)
(35, 5, 4)
(35, 6, 3)
(35, 7, 2)
(35, 8, 4)
(35, 9, 1)
(35, 10, 1)
(35, 11, 1)
(35, 12, 1)
(35, 15, 1)
(35, 16, 1)
(35, 17, 1)
(35, 18, 2)
(35, 20, 1)
(36, 1, 2)
(36, 2, 3)
(36, 3, 4)
(36, 4, 1)
(36, 5, 3)
(36, 6, 3)
(36, 7, 1)
(36, 8, 2)
(36, 9, 1)
(36, 10, 3)
(36, 11, 1)
(36, 12, 3)
(36, 13, 1)
(36, 14, 1)
(36, 15, 1)
(36, 18, 1)
(36, 23, 2)
(37, 1, 2)
(37, 2, 1)
(37, 3, 1)
(37, 4, 2)
(37, 5, 1)
(37, 6, 2)
(37, 7, 4)
(37, 8, 4)
(37, 9, 4)
(37, 10, 2)
(37, 11, 3)
(37, 21, 1)
(38, 1, 4)
(38, 2, 3)
(38, 3, 4)
(38, 4, 1)
(38, 5, 4)
(38, 6, 1)
(38, 7, 2)
(38, 8, 4)
(38, 9, 8)
(38, 12, 3)
(38, 14, 1)
(38, 16, 1)
(39, 1, 3)
(39, 2, 4)
(39, 3, 2)
(39, 4, 3)
(39, 5, 1)
(39, 6, 6)
(39, 7, 4)
(39, 8, 1)
(39, 9, 1)
(39, 10, 2)
(39, 11, 1)
(39, 12, 1)
(39, 13, 1)
xi_2:
(1, 13, 1)
(4, 20, 1)
(4, 27, 1)
(5, 32, 1)
(6, 13, 1)
(6, 19, 1)
(6, 23, 1)
(7, 15, 1)
(8, 8, 1)
(8, 25, 1)
(9, 16, 1)
(9, 17, 1)
(10, 22, 1)
(11, 15, 1)
(12, 7, 1)
(12, 18, 1)
(12, 22, 1)
(13, 12, 1)
(13, 21, 1)
(13, 29, 1)
(14, 14, 1)
(14, 18, 1)
(14, 24, 1)
(14, 25, 1)
(15, 9, 1)
(15, 23, 1)
(16, 14, 1)
(16, 15, 1)
(16, 21, 1)
(16, 27, 1)
(17, 12, 1)
(17, 17, 1)
(17, 18, 1)
(17, 26, 1)
(17, 33, 1)
(18, 4, 1)
(18, 12, 1)
(18, 13, 1)
(18, 23, 1)
(18, 26, 1)
(19, 7, 1)
(19, 15, 1)
(19, 18, 1)
(19, 24, 1)
(20, 11, 1)
(20, 15, 1)
(20, 17, 1)
(20, 18, 1)
(21, 7, 1)
(21, 17, 1)
(21, 22, 1)
(21, 32, 1)
(22, 17, 1)
(22, 23, 1)
(22, 32, 1)
(22, 35, 1)
(23, 5, 1)
(23, 17, 1)
(24, 22, 1)
(24, 24, 1)
(25, 8, 1)
(25, 13, 1)
(25, 17, 1)
(26, 9, 1)
(26, 17, 1)
(26, 20, 1)
(27, 13, 2)
(27, 14, 1)
(27, 19, 2)
(27, 20, 1)
(27, 22, 1)
(27, 23, 1)
(27, 29, 1)
(28, 8, 1)
(28, 12, 1)
(28, 14, 1)
(28, 21, 1)
(28, 24, 1)
(29, 32, 1)
(30, 10, 1)
(30, 19, 1)
(30, 21, 1)
(30, 23, 1)
(30, 24, 1)
(31, 13, 1)
(31, 19, 1)
(31, 23, 1)
(31, 25, 1)
(31, 30, 1)
(32, 11, 1)
(32, 12, 2)
(32, 14, 2)
(32, 15, 2)
(32, 16, 1)
(32, 24, 1)
(33, 9, 1)
(33, 10, 1)
(33, 12, 2)
(33, 14, 1)
(33, 21, 1)
(33, 26, 1)
(34, 19, 1)
(34, 22, 1)
(35, 3, 1)
(35, 8, 1)
(35, 10, 1)
(35, 12, 1)
(35, 19, 1)
(35, 21, 2)
(36, 18, 1)
(36, 36, 1)
(37, 12, 3)
(37, 23, 1)
(38, 9, 2)
(38, 10, 1)
(38, 11, 1)
(38, 16, 1)
(38, 21, 1)
(39, 9, 1)
(39, 10, 1)
(39, 12, 3)
(39, 16, 1)
