x-grades
-193581271336070643/80000000000000000
-95667773415034191/40000000000000000
-189089822324066121/80000000000000000
-9342204890903193/4000000000000000
-184598373312061599/80000000000000000
-91176324403029669/40000000000000000
-180106924300057077/80000000000000000
-5558162493564213/2500000000000000
-35123095057610511/16000000000000000
-86684875391025147/40000000000000000
-171124026276048033/80000000000000000
-42219575442511443/20000000000000000
-166632577264043511/80000000000000000
-131509482206433/64000000000000
-162141128252038989/80000000000000000
-19986925468254591/10000000000000000
-157649679240034467/80000000000000000
-77701977367016103/40000000000000000
-30631646045605989/16000000000000000
-37728126430506921/20000000000000000
-148666781216025423/80000000000000000
-73210528355011581/40000000000000000
-144175332204020901/80000000000000000
-1774120096225233/1000000000000000
-139683883192016379/80000000000000000
-68719079343007059/40000000000000000
-135192434180011857/80000000000000000
-33236677418502399/20000000000000000
-26140197033601467/16000000000000000
-64227630331002537/40000000000000000
-126209536156002813/80000000000000000
-15495476456250069/10000000000000000
-121718087143998291/80000000000000000
-11947236263799603/8000000000000000
-117226638131993769/80000000000000000
-28745228406497877/20000000000000000
-112735189119989247/80000000000000000
-55244732306993493/40000000000000000
-4329749604319389/3200000000000000
-103513687111311/78125000000000

y-grades
9999883/40000000
9999883/20000000
29999649/40000000
9999883/10000000
9999883/8000000
29999649/20000000
69999181/40000000
9999883/5000000
89998947/40000000
9999883/4000000
109998713/40000000
29999649/10000000
129998479/40000000
69999181/20000000
29999649/8000000
9999883/2500000
169998011/40000000
89998947/20000000
189997777/40000000
9999883/2000000
209997543/40000000
109998713/20000000
229997309/40000000
29999649/5000000
9999883/1600000
129998479/20000000
269996841/40000000
69999181/10000000
289996607/40000000
29999649/4000000
309996373/40000000
9999883/1250000
329996139/40000000
169998011/20000000
69999181/8000000
89998947/10000000
369995671/40000000
189997777/20000000
389995437/40000000
9999883/1000000

Dimensions > 0:
(0, 0, 18)
(0, 1, 4)
(0, 2, 2)
(0, 3, 2)
(0, 4, 2)
(0, 5, 2)
(0, 6, 2)
(0, 7, 2)
(0, 8, 2)
(0, 9, 2)
(0, 10, 2)
(0, 11, 2)
(0, 12, 1)
(0, 13, 1)
(0, 14, 1)
(0, 15, 1)
(0, 16, 1)
(0, 17, 1)
(0, 18, 1)
(0, 19, 1)
(0, 20, 1)
(0, 21, 1)
(0, 22, 1)
(0, 23, 1)
(0, 24, 1)
(0, 25, 1)
(0, 26, 1)
(0, 27, 1)
(0, 28, 1)
(0, 29, 1)
(0, 30, 1)
(0, 31, 1)
(0, 32, 1)
(0, 33, 1)
(0, 34, 1)
(0, 35, 1)
(0, 36, 1)
(0, 37, 1)
(0, 38, 1)
(0, 39, 1)

(1, 0, 25)
(1, 1, 4)
(1, 2, 3)
(1, 3, 3)
(1, 4, 3)
(1, 5, 2)
(1, 6, 2)
(1, 7, 2)
(1, 8, 2)
(1, 9, 2)
(1, 10, 2)
(1, 11, 2)
(1, 12, 1)
(1, 13, 1)
(1, 14, 1)
(1, 15, 1)
(1, 16, 1)
(1, 17, 1)
(1, 18, 1)
(1, 19, 1)
(1, 20, 1)
(1, 21, 1)
(1, 22, 1)
(1, 23, 1)
(1, 24, 1)
(1, 25, 1)
(1, 26, 1)
(1, 27, 1)
(1, 28, 1)
(1, 29, 1)
(1, 30, 1)
(1, 31, 1)
(1, 32, 1)
(1, 33, 1)
(1, 34, 1)
(1, 35, 1)
(1, 36, 1)
(1, 37, 1)
(1, 38, 1)
(1, 39, 1)

(2, 0, 27)
(2, 1, 6)
(2, 2, 5)
(2, 3, 5)
(2, 4, 5)
(2, 5, 4)
(2, 6, 4)
(2, 7, 3)
(2, 8, 3)
(2, 9, 3)
(2, 10, 3)
(2, 11, 3)
(2, 12, 2)
(2, 13, 2)
(2, 14, 2)
(2, 15, 2)
(2, 16, 2)
(2, 17, 2)
(2, 18, 2)
(2, 19, 2)
(2, 20, 2)
(2, 21, 2)
(2, 22, 2)
(2, 23, 2)
(2, 24, 2)
(2, 25, 2)
(2, 26, 2)
(2, 27, 2)
(2, 28, 2)
(2, 29, 2)
(2, 30, 2)
(2, 31, 2)
(2, 32, 2)
(2, 33, 2)
(2, 34, 2)
(2, 35, 2)
(2, 36, 2)
(2, 37, 2)
(2, 38, 2)
(2, 39, 2)

(3, 0, 33)
(3, 1, 11)
(3, 2, 10)
(3, 3, 8)
(3, 4, 8)
(3, 5, 6)
(3, 6, 6)
(3, 7, 5)
(3, 8, 5)
(3, 9, 5)
(3, 10, 5)
(3, 11, 5)
(3, 12, 4)
(3, 13, 3)
(3, 14, 3)
(3, 15, 3)
(3, 16, 3)
(3, 17, 3)
(3, 18, 3)
(3, 19, 2)
(3, 20, 2)
(3, 21, 2)
(3, 22, 2)
(3, 23, 2)
(3, 24, 2)
(3, 25, 2)
(3, 26, 2)
(3, 27, 2)
(3, 28, 2)
(3, 29, 2)
(3, 30, 2)
(3, 31, 2)
(3, 32, 2)
(3, 33, 2)
(3, 34, 2)
(3, 35, 2)
(3, 36, 2)
(3, 37, 2)
(3, 38, 2)
(3, 39, 2)

(4, 0, 37)
(4, 1, 14)
(4, 2, 12)
(4, 3, 10)
(4, 4, 10)
(4, 5, 7)
(4, 6, 7)
(4, 7, 6)
(4, 8, 6)
(4, 9, 6)
(4, 10, 6)
(4, 11, 6)
(4, 12, 5)
(4, 13, 4)
(4, 14, 4)
(4, 15, 4)
(4, 16, 4)
(4, 17, 4)
(4, 18, 4)
(4, 19, 3)
(4, 20, 3)
(4, 21, 3)
(4, 22, 3)
(4, 23, 3)
(4, 24, 3)
(4, 25, 2)
(4, 26, 2)
(4, 27, 2)
(4, 28, 2)
(4, 29, 2)
(4, 30, 2)
(4, 31, 2)
(4, 32, 2)
(4, 33, 2)
(4, 34, 2)
(4, 35, 2)
(4, 36, 2)
(4, 37, 2)
(4, 38, 2)
(4, 39, 2)

(5, 0, 43)
(5, 1, 20)
(5, 2, 18)
(5, 3, 16)
(5, 4, 16)
(5, 5, 12)
(5, 6, 11)
(5, 7, 10)
(5, 8, 9)
(5, 9, 9)
(5, 10, 8)
(5, 11, 8)
(5, 12, 7)
(5, 13, 4)
(5, 14, 4)
(5, 15, 4)
(5, 16, 4)
(5, 17, 4)
(5, 18, 4)
(5, 19, 3)
(5, 20, 2)
(5, 21, 2)
(5, 22, 2)
(5, 23, 2)
(5, 24, 2)
(5, 25, 2)
(5, 26, 2)
(5, 27, 2)
(5, 28, 2)
(5, 29, 2)
(5, 30, 2)
(5, 31, 2)
(5, 32, 2)
(5, 33, 2)
(5, 34, 2)
(5, 35, 2)
(5, 36, 2)
(5, 37, 2)
(5, 38, 2)
(5, 39, 2)

(6, 0, 59)
(6, 1, 28)
(6, 2, 21)
(6, 3, 19)
(6, 4, 19)
(6, 5, 14)
(6, 6, 13)
(6, 7, 11)
(6, 8, 11)
(6, 9, 11)
(6, 10, 10)
(6, 11, 9)
(6, 12, 5)
(6, 13, 4)
(6, 14, 4)
(6, 15, 4)
(6, 16, 4)
(6, 17, 4)
(6, 18, 4)
(6, 19, 3)
(6, 20, 2)
(6, 21, 2)
(6, 22, 2)
(6, 23, 2)
(6, 24, 2)
(6, 25, 2)
(6, 26, 2)
(6, 27, 2)
(6, 28, 2)
(6, 29, 2)
(6, 30, 2)
(6, 31, 2)
(6, 32, 2)
(6, 33, 2)
(6, 34, 2)
(6, 35, 2)
(6, 36, 2)
(6, 37, 2)
(6, 38, 2)
(6, 39, 2)

(7, 0, 69)
(7, 1, 34)
(7, 2, 26)
(7, 3, 24)
(7, 4, 23)
(7, 5, 18)
(7, 6, 17)
(7, 7, 15)
(7, 8, 15)
(7, 9, 15)
(7, 10, 14)
(7, 11, 13)
(7, 12, 9)
(7, 13, 8)
(7, 14, 7)
(7, 15, 7)
(7, 16, 7)
(7, 17, 7)
(7, 18, 7)
(7, 19, 6)
(7, 20, 5)
(7, 21, 5)
(7, 22, 5)
(7, 23, 4)
(7, 24, 2)
(7, 25, 2)
(7, 26, 2)
(7, 27, 2)
(7, 28, 2)
(7, 29, 2)
(7, 30, 2)
(7, 31, 2)
(7, 32, 2)
(7, 33, 2)
(7, 34, 2)
(7, 35, 2)
(7, 36, 2)
(7, 37, 2)
(7, 38, 2)
(7, 39, 2)

(8, 0, 72)
(8, 1, 37)
(8, 2, 29)
(8, 3, 27)
(8, 4, 26)
(8, 5, 21)
(8, 6, 20)
(8, 7, 18)
(8, 8, 18)
(8, 9, 18)
(8, 10, 17)
(8, 11, 16)
(8, 12, 11)
(8, 13, 10)
(8, 14, 9)
(8, 15, 9)
(8, 16, 9)
(8, 17, 9)
(8, 18, 9)
(8, 19, 8)
(8, 20, 6)
(8, 21, 5)
(8, 22, 5)
(8, 23, 4)
(8, 24, 3)
(8, 25, 3)
(8, 26, 3)
(8, 27, 3)
(8, 28, 3)
(8, 29, 3)
(8, 30, 3)
(8, 31, 3)
(8, 32, 3)
(8, 33, 3)
(8, 34, 3)
(8, 35, 3)
(8, 36, 3)
(8, 37, 3)
(8, 38, 3)
(8, 39, 3)

(9, 0, 76)
(9, 1, 41)
(9, 2, 33)
(9, 3, 31)
(9, 4, 29)
(9, 5, 24)
(9, 6, 23)
(9, 7, 21)
(9, 8, 21)
(9, 9, 21)
(9, 10, 20)
(9, 11, 19)
(9, 12, 14)
(9, 13, 13)
(9, 14, 12)
(9, 15, 12)
(9, 16, 11)
(9, 17, 11)
(9, 18, 10)
(9, 19, 9)
(9, 20, 6)
(9, 21, 5)
(9, 22, 4)
(9, 23, 4)
(9, 24, 3)
(9, 25, 3)
(9, 26, 3)
(9, 27, 3)
(9, 28, 3)
(9, 29, 3)
(9, 30, 3)
(9, 31, 3)
(9, 32, 3)
(9, 33, 3)
(9, 34, 3)
(9, 35, 3)
(9, 36, 3)
(9, 37, 3)
(9, 38, 3)
(9, 39, 3)

(10, 0, 81)
(10, 1, 46)
(10, 2, 38)
(10, 3, 36)
(10, 4, 32)
(10, 5, 27)
(10, 6, 26)
(10, 7, 24)
(10, 8, 24)
(10, 9, 23)
(10, 10, 22)
(10, 11, 21)
(10, 12, 16)
(10, 13, 15)
(10, 14, 14)
(10, 15, 12)
(10, 16, 11)
(10, 17, 11)
(10, 18, 10)
(10, 19, 9)
(10, 20, 5)
(10, 21, 4)
(10, 22, 3)
(10, 23, 3)
(10, 24, 3)
(10, 25, 3)
(10, 26, 3)
(10, 27, 3)
(10, 28, 3)
(10, 29, 3)
(10, 30, 3)
(10, 31, 3)
(10, 32, 3)
(10, 33, 3)
(10, 34, 3)
(10, 35, 3)
(10, 36, 3)
(10, 37, 3)
(10, 38, 3)
(10, 39, 3)

(11, 0, 87)
(11, 1, 52)
(11, 2, 44)
(11, 3, 42)
(11, 4, 37)
(11, 5, 32)
(11, 6, 31)
(11, 7, 29)
(11, 8, 28)
(11, 9, 27)
(11, 10, 26)
(11, 11, 25)
(11, 12, 19)
(11, 13, 18)
(11, 14, 17)
(11, 15, 13)
(11, 16, 12)
(11, 17, 11)
(11, 18, 9)
(11, 19, 8)
(11, 20, 4)
(11, 21, 4)
(11, 22, 3)
(11, 23, 3)
(11, 24, 3)
(11, 25, 3)
(11, 26, 3)
(11, 27, 3)
(11, 28, 3)
(11, 29, 3)
(11, 30, 3)
(11, 31, 3)
(11, 32, 3)
(11, 33, 3)
(11, 34, 3)
(11, 35, 3)
(11, 36, 3)
(11, 37, 3)
(11, 38, 3)
(11, 39, 3)

(12, 0, 91)
(12, 1, 56)
(12, 2, 48)
(12, 3, 46)
(12, 4, 40)
(12, 5, 35)
(12, 6, 34)
(12, 7, 32)
(12, 8, 30)
(12, 9, 29)
(12, 10, 27)
(12, 11, 26)
(12, 12, 20)
(12, 13, 18)
(12, 14, 17)
(12, 15, 12)
(12, 16, 11)
(12, 17, 11)
(12, 18, 9)
(12, 19, 8)
(12, 20, 4)
(12, 21, 4)
(12, 22, 3)
(12, 23, 3)
(12, 24, 3)
(12, 25, 3)
(12, 26, 3)
(12, 27, 3)
(12, 28, 3)
(12, 29, 3)
(12, 30, 3)
(12, 31, 3)
(12, 32, 3)
(12, 33, 3)
(12, 34, 3)
(12, 35, 3)
(12, 36, 3)
(12, 37, 3)
(12, 38, 3)
(12, 39, 3)

(13, 0, 95)
(13, 1, 59)
(13, 2, 51)
(13, 3, 48)
(13, 4, 42)
(13, 5, 37)
(13, 6, 36)
(13, 7, 34)
(13, 8, 32)
(13, 9, 31)
(13, 10, 29)
(13, 11, 28)
(13, 12, 22)
(13, 13, 20)
(13, 14, 19)
(13, 15, 14)
(13, 16, 13)
(13, 17, 13)
(13, 18, 11)
(13, 19, 10)
(13, 20, 5)
(13, 21, 5)
(13, 22, 4)
(13, 23, 4)
(13, 24, 4)
(13, 25, 4)
(13, 26, 4)
(13, 27, 4)
(13, 28, 4)
(13, 29, 4)
(13, 30, 4)
(13, 31, 4)
(13, 32, 4)
(13, 33, 4)
(13, 34, 4)
(13, 35, 4)
(13, 36, 4)
(13, 37, 4)
(13, 38, 4)
(13, 39, 4)

(14, 0, 109)
(14, 1, 66)
(14, 2, 55)
(14, 3, 49)
(14, 4, 43)
(14, 5, 38)
(14, 6, 37)
(14, 7, 35)
(14, 8, 33)
(14, 9, 32)
(14, 10, 30)
(14, 11, 29)
(14, 12, 23)
(14, 13, 21)
(14, 14, 20)
(14, 15, 15)
(14, 16, 14)
(14, 17, 14)
(14, 18, 12)
(14, 19, 11)
(14, 20, 5)
(14, 21, 5)
(14, 22, 4)
(14, 23, 4)
(14, 24, 4)
(14, 25, 4)
(14, 26, 4)
(14, 27, 4)
(14, 28, 4)
(14, 29, 4)
(14, 30, 4)
(14, 31, 4)
(14, 32, 4)
(14, 33, 4)
(14, 34, 4)
(14, 35, 4)
(14, 36, 4)
(14, 37, 4)
(14, 38, 4)
(14, 39, 4)

(15, 0, 130)
(15, 1, 84)
(15, 2, 66)
(15, 3, 58)
(15, 4, 51)
(15, 5, 46)
(15, 6, 43)
(15, 7, 41)
(15, 8, 39)
(15, 9, 38)
(15, 10, 36)
(15, 11, 35)
(15, 12, 29)
(15, 13, 26)
(15, 14, 24)
(15, 15, 18)
(15, 16, 17)
(15, 17, 17)
(15, 18, 15)
(15, 19, 14)
(15, 20, 8)
(15, 21, 8)
(15, 22, 7)
(15, 23, 7)
(15, 24, 7)
(15, 25, 7)
(15, 26, 6)
(15, 27, 5)
(15, 28, 4)
(15, 29, 4)
(15, 30, 4)
(15, 31, 4)
(15, 32, 4)
(15, 33, 4)
(15, 34, 4)
(15, 35, 4)
(15, 36, 4)
(15, 37, 4)
(15, 38, 4)
(15, 39, 4)

(16, 0, 153)
(16, 1, 98)
(16, 2, 76)
(16, 3, 66)
(16, 4, 58)
(16, 5, 52)
(16, 6, 48)
(16, 7, 46)
(16, 8, 44)
(16, 9, 43)
(16, 10, 41)
(16, 11, 40)
(16, 12, 34)
(16, 13, 31)
(16, 14, 29)
(16, 15, 23)
(16, 16, 20)
(16, 17, 20)
(16, 18, 17)
(16, 19, 16)
(16, 20, 10)
(16, 21, 10)
(16, 22, 9)
(16, 23, 9)
(16, 24, 9)
(16, 25, 8)
(16, 26, 7)
(16, 27, 7)
(16, 28, 6)
(16, 29, 5)
(16, 30, 5)
(16, 31, 5)
(16, 32, 5)
(16, 33, 5)
(16, 34, 5)
(16, 35, 5)
(16, 36, 5)
(16, 37, 5)
(16, 38, 5)
(16, 39, 5)

(17, 0, 188)
(17, 1, 123)
(17, 2, 94)
(17, 3, 81)
(17, 4, 71)
(17, 5, 62)
(17, 6, 56)
(17, 7, 51)
(17, 8, 46)
(17, 9, 45)
(17, 10, 43)
(17, 11, 41)
(17, 12, 34)
(17, 13, 30)
(17, 14, 28)
(17, 15, 22)
(17, 16, 20)
(17, 17, 19)
(17, 18, 16)
(17, 19, 15)
(17, 20, 9)
(17, 21, 9)
(17, 22, 8)
(17, 23, 7)
(17, 24, 6)
(17, 25, 6)
(17, 26, 6)
(17, 27, 6)
(17, 28, 5)
(17, 29, 5)
(17, 30, 5)
(17, 31, 5)
(17, 32, 5)
(17, 33, 5)
(17, 34, 5)
(17, 35, 5)
(17, 36, 5)
(17, 37, 5)
(17, 38, 5)
(17, 39, 5)

(18, 0, 230)
(18, 1, 152)
(18, 2, 113)
(18, 3, 96)
(18, 4, 84)
(18, 5, 70)
(18, 6, 61)
(18, 7, 57)
(18, 8, 52)
(18, 9, 51)
(18, 10, 48)
(18, 11, 45)
(18, 12, 35)
(18, 13, 32)
(18, 14, 28)
(18, 15, 22)
(18, 16, 20)
(18, 17, 19)
(18, 18, 16)
(18, 19, 14)
(18, 20, 8)
(18, 21, 8)
(18, 22, 7)
(18, 23, 7)
(18, 24, 6)
(18, 25, 6)
(18, 26, 6)
(18, 27, 6)
(18, 28, 5)
(18, 29, 5)
(18, 30, 5)
(18, 31, 5)
(18, 32, 5)
(18, 33, 5)
(18, 34, 5)
(18, 35, 5)
(18, 36, 5)
(18, 37, 5)
(18, 38, 5)
(18, 39, 5)

(19, 0, 263)
(19, 1, 170)
(19, 2, 123)
(19, 3, 105)
(19, 4, 94)
(19, 5, 78)
(19, 6, 69)
(19, 7, 65)
(19, 8, 58)
(19, 9, 57)
(19, 10, 54)
(19, 11, 51)
(19, 12, 41)
(19, 13, 38)
(19, 14, 33)
(19, 15, 27)
(19, 16, 24)
(19, 17, 22)
(19, 18, 19)
(19, 19, 17)
(19, 20, 11)
(19, 21, 11)
(19, 22, 10)
(19, 23, 9)
(19, 24, 8)
(19, 25, 8)
(19, 26, 8)
(19, 27, 8)
(19, 28, 7)
(19, 29, 6)
(19, 30, 6)
(19, 31, 5)
(19, 32, 5)
(19, 33, 5)
(19, 34, 5)
(19, 35, 5)
(19, 36, 5)
(19, 37, 5)
(19, 38, 5)
(19, 39, 5)

(20, 0, 304)
(20, 1, 192)
(20, 2, 140)
(20, 3, 119)
(20, 4, 106)
(20, 5, 89)
(20, 6, 80)
(20, 7, 76)
(20, 8, 68)
(20, 9, 66)
(20, 10, 62)
(20, 11, 58)
(20, 12, 48)
(20, 13, 42)
(20, 14, 39)
(20, 15, 33)
(20, 16, 29)
(20, 17, 26)
(20, 18, 22)
(20, 19, 19)
(20, 20, 13)
(20, 21, 13)
(20, 22, 12)
(20, 23, 12)
(20, 24, 10)
(20, 25, 9)
(20, 26, 9)
(20, 27, 8)
(20, 28, 7)
(20, 29, 6)
(20, 30, 6)
(20, 31, 6)
(20, 32, 5)
(20, 33, 5)
(20, 34, 5)
(20, 35, 5)
(20, 36, 4)
(20, 37, 4)
(20, 38, 4)
(20, 39, 4)

(21, 0, 338)
(21, 1, 219)
(21, 2, 161)
(21, 3, 138)
(21, 4, 122)
(21, 5, 101)
(21, 6, 90)
(21, 7, 86)
(21, 8, 76)
(21, 9, 73)
(21, 10, 69)
(21, 11, 65)
(21, 12, 54)
(21, 13, 48)
(21, 14, 44)
(21, 15, 37)
(21, 16, 31)
(21, 17, 28)
(21, 18, 21)
(21, 19, 18)
(21, 20, 12)
(21, 21, 11)
(21, 22, 10)
(21, 23, 10)
(21, 24, 9)
(21, 25, 9)
(21, 26, 9)
(21, 27, 7)
(21, 28, 6)
(21, 29, 6)
(21, 30, 6)
(21, 31, 6)
(21, 32, 6)
(21, 33, 6)
(21, 34, 6)
(21, 35, 6)
(21, 36, 5)
(21, 37, 5)
(21, 38, 5)
(21, 39, 5)

(22, 0, 397)
(22, 1, 252)
(22, 2, 184)
(22, 3, 158)
(22, 4, 140)
(22, 5, 113)
(22, 6, 101)
(22, 7, 97)
(22, 8, 86)
(22, 9, 79)
(22, 10, 72)
(22, 11, 67)
(22, 12, 57)
(22, 13, 49)
(22, 14, 45)
(22, 15, 38)
(22, 16, 31)
(22, 17, 29)
(22, 18, 24)
(22, 19, 21)
(22, 20, 15)
(22, 21, 14)
(22, 22, 13)
(22, 23, 12)
(22, 24, 11)
(22, 25, 10)
(22, 26, 10)
(22, 27, 8)
(22, 28, 7)
(22, 29, 7)
(22, 30, 7)
(22, 31, 7)
(22, 32, 6)
(22, 33, 6)
(22, 34, 6)
(22, 35, 6)
(22, 36, 5)
(22, 37, 5)
(22, 38, 5)
(22, 39, 5)

(23, 0, 445)
(23, 1, 277)
(23, 2, 205)
(23, 3, 175)
(23, 4, 156)
(23, 5, 123)
(23, 6, 111)
(23, 7, 106)
(23, 8, 95)
(23, 9, 85)
(23, 10, 74)
(23, 11, 69)
(23, 12, 59)
(23, 13, 50)
(23, 14, 46)
(23, 15, 39)
(23, 16, 32)
(23, 17, 30)
(23, 18, 25)
(23, 19, 22)
(23, 20, 15)
(23, 21, 14)
(23, 22, 13)
(23, 23, 11)
(23, 24, 10)
(23, 25, 9)
(23, 26, 9)
(23, 27, 7)
(23, 28, 6)
(23, 29, 6)
(23, 30, 6)
(23, 31, 6)
(23, 32, 6)
(23, 33, 6)
(23, 34, 6)
(23, 35, 6)
(23, 36, 5)
(23, 37, 5)
(23, 38, 5)
(23, 39, 5)

(24, 0, 464)
(24, 1, 291)
(24, 2, 215)
(24, 3, 183)
(24, 4, 163)
(24, 5, 128)
(24, 6, 115)
(24, 7, 110)
(24, 8, 99)
(24, 9, 89)
(24, 10, 77)
(24, 11, 72)
(24, 12, 61)
(24, 13, 53)
(24, 14, 49)
(24, 15, 42)
(24, 16, 34)
(24, 17, 32)
(24, 18, 27)
(24, 19, 24)
(24, 20, 17)
(24, 21, 15)
(24, 22, 13)
(24, 23, 10)
(24, 24, 9)
(24, 25, 9)
(24, 26, 8)
(24, 27, 7)
(24, 28, 6)
(24, 29, 6)
(24, 30, 6)
(24, 31, 6)
(24, 32, 6)
(24, 33, 6)
(24, 34, 6)
(24, 35, 6)
(24, 36, 5)
(24, 37, 5)
(24, 38, 5)
(24, 39, 5)

(25, 0, 501)
(25, 1, 313)
(25, 2, 233)
(25, 3, 199)
(25, 4, 179)
(25, 5, 140)
(25, 6, 127)
(25, 7, 122)
(25, 8, 107)
(25, 9, 95)
(25, 10, 83)
(25, 11, 77)
(25, 12, 66)
(25, 13, 57)
(25, 14, 53)
(25, 15, 46)
(25, 16, 37)
(25, 17, 35)
(25, 18, 28)
(25, 19, 25)
(25, 20, 17)
(25, 21, 16)
(25, 22, 13)
(25, 23, 12)
(25, 24, 10)
(25, 25, 10)
(25, 26, 10)
(25, 27, 9)
(25, 28, 8)
(25, 29, 8)
(25, 30, 8)
(25, 31, 8)
(25, 32, 7)
(25, 33, 7)
(25, 34, 7)
(25, 35, 7)
(25, 36, 6)
(25, 37, 6)
(25, 38, 6)
(25, 39, 6)

(26, 0, 512)
(26, 1, 322)
(26, 2, 242)
(26, 3, 206)
(26, 4, 186)
(26, 5, 147)
(26, 6, 134)
(26, 7, 129)
(26, 8, 114)
(26, 9, 101)
(26, 10, 89)
(26, 11, 82)
(26, 12, 71)
(26, 13, 62)
(26, 14, 58)
(26, 15, 51)
(26, 16, 42)
(26, 17, 39)
(26, 18, 29)
(26, 19, 27)
(26, 20, 18)
(26, 21, 17)
(26, 22, 14)
(26, 23, 13)
(26, 24, 11)
(26, 25, 11)
(26, 26, 10)
(26, 27, 9)
(26, 28, 8)
(26, 29, 8)
(26, 30, 8)
(26, 31, 8)
(26, 32, 7)
(26, 33, 7)
(26, 34, 7)
(26, 35, 7)
(26, 36, 6)
(26, 37, 6)
(26, 38, 6)
(26, 39, 6)

(27, 0, 520)
(27, 1, 329)
(27, 2, 249)
(27, 3, 213)
(27, 4, 192)
(27, 5, 153)
(27, 6, 139)
(27, 7, 134)
(27, 8, 119)
(27, 9, 105)
(27, 10, 93)
(27, 11, 85)
(27, 12, 73)
(27, 13, 64)
(27, 14, 59)
(27, 15, 52)
(27, 16, 43)
(27, 17, 40)
(27, 18, 29)
(27, 19, 27)
(27, 20, 19)
(27, 21, 18)
(27, 22, 15)
(27, 23, 14)
(27, 24, 12)
(27, 25, 12)
(27, 26, 11)
(27, 27, 10)
(27, 28, 9)
(27, 29, 9)
(27, 30, 9)
(27, 31, 9)
(27, 32, 8)
(27, 33, 8)
(27, 34, 8)
(27, 35, 8)
(27, 36, 7)
(27, 37, 7)
(27, 38, 7)
(27, 39, 7)

(28, 0, 527)
(28, 1, 335)
(28, 2, 255)
(28, 3, 219)
(28, 4, 198)
(28, 5, 158)
(28, 6, 143)
(28, 7, 138)
(28, 8, 123)
(28, 9, 108)
(28, 10, 96)
(28, 11, 88)
(28, 12, 75)
(28, 13, 66)
(28, 14, 61)
(28, 15, 53)
(28, 16, 44)
(28, 17, 41)
(28, 18, 30)
(28, 19, 28)
(28, 20, 20)
(28, 21, 19)
(28, 22, 16)
(28, 23, 15)
(28, 24, 13)
(28, 25, 13)
(28, 26, 12)
(28, 27, 10)
(28, 28, 9)
(28, 29, 9)
(28, 30, 9)
(28, 31, 9)
(28, 32, 8)
(28, 33, 8)
(28, 34, 8)
(28, 35, 8)
(28, 36, 7)
(28, 37, 7)
(28, 38, 7)
(28, 39, 7)

(29, 0, 547)
(29, 1, 345)
(29, 2, 261)
(29, 3, 224)
(29, 4, 202)
(29, 5, 162)
(29, 6, 147)
(29, 7, 142)
(29, 8, 127)
(29, 9, 110)
(29, 10, 98)
(29, 11, 89)
(29, 12, 76)
(29, 13, 67)
(29, 14, 62)
(29, 15, 54)
(29, 16, 45)
(29, 17, 42)
(29, 18, 31)
(29, 19, 29)
(29, 20, 21)
(29, 21, 20)
(29, 22, 17)
(29, 23, 16)
(29, 24, 14)
(29, 25, 14)
(29, 26, 13)
(29, 27, 11)
(29, 28, 10)
(29, 29, 10)
(29, 30, 10)
(29, 31, 10)
(29, 32, 9)
(29, 33, 9)
(29, 34, 9)
(29, 35, 9)
(29, 36, 8)
(29, 37, 8)
(29, 38, 8)
(29, 39, 8)

(30, 0, 562)
(30, 1, 354)
(30, 2, 267)
(30, 3, 229)
(30, 4, 206)
(30, 5, 166)
(30, 6, 151)
(30, 7, 146)
(30, 8, 131)
(30, 9, 114)
(30, 10, 102)
(30, 11, 92)
(30, 12, 79)
(30, 13, 70)
(30, 14, 64)
(30, 15, 56)
(30, 16, 47)
(30, 17, 44)
(30, 18, 33)
(30, 19, 31)
(30, 20, 23)
(30, 21, 22)
(30, 22, 19)
(30, 23, 18)
(30, 24, 16)
(30, 25, 16)
(30, 26, 15)
(30, 27, 13)
(30, 28, 12)
(30, 29, 12)
(30, 30, 12)
(30, 31, 12)
(30, 32, 11)
(30, 33, 11)
(30, 34, 11)
(30, 35, 11)
(30, 36, 10)
(30, 37, 10)
(30, 38, 10)
(30, 39, 10)

(31, 0, 563)
(31, 1, 355)
(31, 2, 268)
(31, 3, 230)
(31, 4, 207)
(31, 5, 167)
(31, 6, 152)
(31, 7, 147)
(31, 8, 132)
(31, 9, 115)
(31, 10, 103)
(31, 11, 93)
(31, 12, 80)
(31, 13, 71)
(31, 14, 65)
(31, 15, 57)
(31, 16, 48)
(31, 17, 45)
(31, 18, 33)
(31, 19, 31)
(31, 20, 23)
(31, 21, 22)
(31, 22, 19)
(31, 23, 18)
(31, 24, 16)
(31, 25, 16)
(31, 26, 15)
(31, 27, 13)
(31, 28, 12)
(31, 29, 12)
(31, 30, 12)
(31, 31, 12)
(31, 32, 11)
(31, 33, 11)
(31, 34, 11)
(31, 35, 11)
(31, 36, 10)
(31, 37, 10)
(31, 38, 10)
(31, 39, 10)

(32, 0, 580)
(32, 1, 367)
(32, 2, 280)
(32, 3, 241)
(32, 4, 218)
(32, 5, 177)
(32, 6, 162)
(32, 7, 157)
(32, 8, 141)
(32, 9, 123)
(32, 10, 110)
(32, 11, 100)
(32, 12, 87)
(32, 13, 77)
(32, 14, 71)
(32, 15, 63)
(32, 16, 52)
(32, 17, 49)
(32, 18, 37)
(32, 19, 35)
(32, 20, 26)
(32, 21, 22)
(32, 22, 19)
(32, 23, 18)
(32, 24, 16)
(32, 25, 16)
(32, 26, 15)
(32, 27, 13)
(32, 28, 11)
(32, 29, 11)
(32, 30, 11)
(32, 31, 11)
(32, 32, 10)
(32, 33, 10)
(32, 34, 10)
(32, 35, 10)
(32, 36, 9)
(32, 37, 9)
(32, 38, 9)
(32, 39, 9)

(33, 0, 603)
(33, 1, 384)
(33, 2, 291)
(33, 3, 253)
(33, 4, 230)
(33, 5, 187)
(33, 6, 170)
(33, 7, 164)
(33, 8, 147)
(33, 9, 126)
(33, 10, 113)
(33, 11, 102)
(33, 12, 89)
(33, 13, 79)
(33, 14, 73)
(33, 15, 63)
(33, 16, 53)
(33, 17, 49)
(33, 18, 36)
(33, 19, 34)
(33, 20, 26)
(33, 21, 23)
(33, 22, 20)
(33, 23, 19)
(33, 24, 16)
(33, 25, 16)
(33, 26, 15)
(33, 27, 13)
(33, 28, 11)
(33, 29, 11)
(33, 30, 11)
(33, 31, 11)
(33, 32, 10)
(33, 33, 10)
(33, 34, 10)
(33, 35, 10)
(33, 36, 9)
(33, 37, 9)
(33, 38, 9)
(33, 39, 9)

(34, 0, 613)
(34, 1, 394)
(34, 2, 299)
(34, 3, 260)
(34, 4, 236)
(34, 5, 193)
(34, 6, 176)
(34, 7, 170)
(34, 8, 151)
(34, 9, 129)
(34, 10, 116)
(34, 11, 104)
(34, 12, 90)
(34, 13, 79)
(34, 14, 73)
(34, 15, 63)
(34, 16, 53)
(34, 17, 49)
(34, 18, 36)
(34, 19, 34)
(34, 20, 26)
(34, 21, 23)
(34, 22, 20)
(34, 23, 19)
(34, 24, 16)
(34, 25, 16)
(34, 26, 15)
(34, 27, 13)
(34, 28, 11)
(34, 29, 11)
(34, 30, 11)
(34, 31, 11)
(34, 32, 10)
(34, 33, 10)
(34, 34, 10)
(34, 35, 10)
(34, 36, 9)
(34, 37, 9)
(34, 38, 9)
(34, 39, 9)

(35, 0, 619)
(35, 1, 400)
(35, 2, 305)
(35, 3, 266)
(35, 4, 242)
(35, 5, 199)
(35, 6, 181)
(35, 7, 174)
(35, 8, 155)
(35, 9, 132)
(35, 10, 119)
(35, 11, 107)
(35, 12, 92)
(35, 13, 81)
(35, 14, 75)
(35, 15, 64)
(35, 16, 54)
(35, 17, 50)
(35, 18, 37)
(35, 19, 35)
(35, 20, 27)
(35, 21, 24)
(35, 22, 21)
(35, 23, 20)
(35, 24, 16)
(35, 25, 16)
(35, 26, 15)
(35, 27, 13)
(35, 28, 11)
(35, 29, 11)
(35, 30, 11)
(35, 31, 11)
(35, 32, 10)
(35, 33, 10)
(35, 34, 10)
(35, 35, 10)
(35, 36, 9)
(35, 37, 9)
(35, 38, 9)
(35, 39, 9)

(36, 0, 641)
(36, 1, 406)
(36, 2, 310)
(36, 3, 271)
(36, 4, 247)
(36, 5, 204)
(36, 6, 186)
(36, 7, 179)
(36, 8, 160)
(36, 9, 137)
(36, 10, 123)
(36, 11, 110)
(36, 12, 93)
(36, 13, 82)
(36, 14, 76)
(36, 15, 65)
(36, 16, 55)
(36, 17, 51)
(36, 18, 38)
(36, 19, 36)
(36, 20, 28)
(36, 21, 24)
(36, 22, 21)
(36, 23, 20)
(36, 24, 16)
(36, 25, 16)
(36, 26, 15)
(36, 27, 13)
(36, 28, 11)
(36, 29, 11)
(36, 30, 11)
(36, 31, 11)
(36, 32, 10)
(36, 33, 10)
(36, 34, 10)
(36, 35, 10)
(36, 36, 9)
(36, 37, 9)
(36, 38, 8)
(36, 39, 8)

(37, 0, 689)
(37, 1, 428)
(37, 2, 327)
(37, 3, 284)
(37, 4, 259)
(37, 5, 216)
(37, 6, 197)
(37, 7, 190)
(37, 8, 169)
(37, 9, 144)
(37, 10, 130)
(37, 11, 114)
(37, 12, 96)
(37, 13, 84)
(37, 14, 77)
(37, 15, 66)
(37, 16, 55)
(37, 17, 52)
(37, 18, 39)
(37, 19, 37)
(37, 20, 29)
(37, 21, 24)
(37, 22, 21)
(37, 23, 20)
(37, 24, 17)
(37, 25, 17)
(37, 26, 16)
(37, 27, 12)
(37, 28, 10)
(37, 29, 10)
(37, 30, 10)
(37, 31, 10)
(37, 32, 9)
(37, 33, 9)
(37, 34, 9)
(37, 35, 9)
(37, 36, 8)
(37, 37, 8)
(37, 38, 8)
(37, 39, 8)

(38, 0, 733)
(38, 1, 455)
(38, 2, 348)
(38, 3, 301)
(38, 4, 275)
(38, 5, 228)
(38, 6, 205)
(38, 7, 196)
(38, 8, 176)
(38, 9, 150)
(38, 10, 135)
(38, 11, 117)
(38, 12, 99)
(38, 13, 86)
(38, 14, 79)
(38, 15, 68)
(38, 16, 56)
(38, 17, 53)
(38, 18, 39)
(38, 19, 37)
(38, 20, 29)
(38, 21, 24)
(38, 22, 20)
(38, 23, 19)
(38, 24, 15)
(38, 25, 15)
(38, 26, 14)
(38, 27, 12)
(38, 28, 10)
(38, 29, 10)
(38, 30, 10)
(38, 31, 10)
(38, 32, 9)
(38, 33, 9)
(38, 34, 9)
(38, 35, 9)
(38, 36, 8)
(38, 37, 8)
(38, 38, 8)
(38, 39, 8)

(39, 0, 751)
(39, 1, 467)
(39, 2, 356)
(39, 3, 309)
(39, 4, 281)
(39, 5, 232)
(39, 6, 207)
(39, 7, 199)
(39, 8, 177)
(39, 9, 150)
(39, 10, 134)
(39, 11, 116)
(39, 12, 98)
(39, 13, 86)
(39, 14, 79)
(39, 15, 68)
(39, 16, 57)
(39, 17, 53)
(39, 18, 40)
(39, 19, 37)
(39, 20, 29)
(39, 21, 24)
(39, 22, 20)
(39, 23, 19)
(39, 24, 15)
(39, 25, 15)
(39, 26, 14)
(39, 27, 12)
(39, 28, 10)
(39, 29, 10)
(39, 30, 10)
(39, 31, 10)
(39, 32, 9)
(39, 33, 9)
(39, 34, 9)
(39, 35, 9)
(39, 36, 8)
(39, 37, 8)
(39, 38, 8)
(39, 39, 8)


Betti numbers:
xi_0:
(0, 0, 18)
(1, 0, 7)
(2, 0, 2)
(3, 0, 6)
(4, 0, 4)
(5, 0, 6)
(6, 0, 16)
(7, 0, 10)
(8, 0, 3)
(9, 0, 4)
(10, 0, 5)
(11, 0, 6)
(12, 0, 4)
(13, 0, 4)
(14, 0, 14)
(15, 0, 21)
(16, 0, 23)
(17, 0, 35)
(18, 0, 42)
(19, 0, 33)
(20, 0, 41)
(21, 0, 34)
(22, 0, 59)
(23, 0, 48)
(24, 0, 19)
(25, 0, 37)
(26, 0, 11)
(27, 0, 8)
(28, 0, 7)
(29, 0, 20)
(30, 0, 15)
(31, 0, 1)
(32, 0, 17)
(33, 0, 23)
(34, 0, 10)
(35, 0, 6)
(36, 0, 22)
(37, 0, 48)
(38, 0, 44)
(39, 0, 18)
xi_1:
(0, 1, 14)
(0, 2, 2)
(0, 12, 1)
(1, 1, 7)
(1, 5, 1)
(2, 7, 1)
(3, 1, 1)
(3, 3, 2)
(3, 5, 1)
(3, 13, 1)
(3, 19, 1)
(4, 1, 1)
(4, 2, 1)
(4, 5, 1)
(4, 25, 1)
(5, 5, 1)
(5, 6, 1)
(5, 8, 1)
(5, 10, 1)
(5, 13, 2)
(5, 20, 1)
(6, 1, 8)
(6, 2, 5)
(6, 5, 1)
(6, 7, 1)
(6, 11, 1)
(6, 12, 3)
(7, 1, 4)
(7, 2, 1)
(7, 4, 1)
(7, 14, 1)
(7, 23, 1)
(7, 24, 2)
(8, 12, 1)
(8, 20, 1)
(8, 21, 1)
(9, 4, 1)
(9, 16, 1)
(9, 18, 1)
(9, 20, 1)
(9, 22, 1)
(10, 4, 2)
(10, 9, 1)
(10, 15, 2)
(10, 20, 1)
(11, 4, 1)
(11, 8, 1)
(11, 12, 1)
(11, 15, 2)
(11, 17, 1)
(11, 18, 1)
(12, 4, 1)
(12, 8, 1)
(12, 10, 1)
(12, 13, 1)
(12, 15, 1)
(13, 1, 1)
(13, 3, 1)
(13, 20, 1)
(14, 1, 7)
(14, 2, 3)
(14, 3, 3)
(14, 20, 1)
(15, 1, 3)
(15, 2, 7)
(15, 3, 3)
(15, 4, 1)
(15, 6, 2)
(15, 13, 1)
(15, 14, 1)
(15, 15, 1)
(15, 26, 1)
(15, 27, 1)
(15, 28, 1)
(16, 1, 9)
(16, 2, 4)
(16, 3, 3)
(16, 4, 1)
(16, 5, 1)
(16, 6, 1)
(16, 16, 2)
(16, 18, 1)
(16, 25, 1)
(16, 29, 1)
(17, 1, 10)
(17, 2, 7)
(17, 3, 3)
(17, 4, 2)
(17, 5, 3)
(17, 6, 2)
(17, 7, 3)
(17, 8, 3)
(17, 11, 1)
(17, 12, 1)
(17, 13, 1)
(17, 17, 1)
(17, 23, 1)
(17, 24, 1)
(18, 1, 13)
(18, 2, 10)
(18, 3, 4)
(18, 4, 2)
(18, 5, 5)
(18, 6, 3)
(18, 10, 1)
(18, 11, 1)
(18, 12, 3)
(18, 14, 2)
(18, 19, 1)
(19, 1, 15)
(19, 2, 10)
(19, 3, 2)
(19, 5, 2)
(19, 6, 1)
(19, 8, 2)
(19, 14, 1)
(19, 16, 1)
(19, 17, 1)
(19, 23, 1)
(19, 29, 1)
(19, 31, 1)
(20, 1, 19)
(20, 2, 5)
(20, 3, 3)
(20, 4, 2)
(20, 5, 1)
(20, 8, 1)
(20, 9, 1)
(20, 10, 1)
(20, 11, 1)
(20, 13, 3)
(20, 16, 1)
(20, 17, 1)
(20, 18, 1)
(20, 19, 1)
(20, 24, 1)
(20, 25, 1)
(20, 27, 1)
(20, 32, 1)
(20, 36, 1)
(21, 1, 7)
(21, 2, 6)
(21, 3, 2)
(21, 4, 3)
(21, 5, 4)
(21, 6, 2)
(21, 8, 2)
(21, 9, 1)
(21, 12, 1)
(21, 14, 1)
(21, 15, 1)
(21, 16, 2)
(21, 18, 3)
(21, 21, 1)
(21, 27, 1)
(22, 1, 26)
(22, 2, 11)
(22, 3, 3)
(22, 4, 2)
(22, 5, 6)
(22, 6, 1)
(22, 8, 1)
(22, 9, 4)
(22, 10, 3)
(22, 11, 1)
(22, 13, 2)
(22, 16, 1)
(22, 23, 1)
(22, 25, 1)
(22, 32, 1)
(23, 1, 23)
(23, 2, 4)
(23, 3, 4)
(23, 4, 1)
(23, 5, 6)
(23, 7, 1)
(23, 9, 3)
(23, 10, 4)
(23, 11, 1)
(23, 13, 1)
(23, 20, 1)
(23, 23, 1)
(24, 1, 5)
(24, 2, 4)
(24, 3, 2)
(24, 4, 1)
(24, 5, 2)
(24, 6, 1)
(24, 10, 1)
(24, 12, 1)
(24, 16, 1)
(24, 21, 1)
(24, 22, 1)
(24, 23, 1)
(24, 26, 1)
(25, 1, 15)
(25, 2, 4)
(25, 3, 2)
(25, 5, 4)
(25, 8, 4)
(25, 9, 2)
(25, 11, 1)
(25, 12, 1)
(25, 13, 1)
(25, 16, 1)
(25, 18, 2)
(25, 20, 1)
(25, 22, 1)
(25, 24, 1)
(25, 32, 1)
(26, 1, 2)
(26, 3, 2)
(26, 9, 1)
(26, 11, 1)
(26, 17, 1)
(26, 18, 3)
(26, 20, 1)
(26, 26, 1)
(27, 1, 1)
(27, 4, 1)
(27, 6, 1)
(27, 9, 1)
(27, 11, 1)
(27, 12, 1)
(27, 14, 1)
(27, 18, 1)
(28, 1, 1)
(28, 5, 1)
(28, 6, 1)
(28, 9, 1)
(28, 12, 1)
(28, 15, 1)
(28, 27, 1)
(29, 1, 10)
(29, 2, 4)
(29, 3, 1)
(29, 4, 1)
(29, 9, 2)
(29, 11, 1)
(30, 1, 6)
(30, 2, 3)
(30, 3, 1)
(30, 4, 1)
(30, 11, 1)
(30, 14, 1)
(31, 18, 1)
(32, 1, 5)
(32, 3, 1)
(32, 5, 1)
(32, 8, 1)
(32, 9, 1)
(32, 10, 1)
(32, 13, 1)
(32, 16, 2)
(32, 20, 1)
(32, 21, 3)
(32, 28, 1)
(33, 1, 6)
(33, 2, 6)
(33, 5, 2)
(33, 6, 2)
(33, 7, 1)
(33, 8, 1)
(33, 9, 3)
(33, 11, 1)
(33, 13, 1)
(33, 15, 2)
(33, 17, 1)
(33, 18, 1)
(33, 24, 1)
(34, 2, 2)
(34, 3, 1)
(34, 4, 1)
(34, 8, 2)
(34, 9, 1)
(34, 11, 1)
(34, 12, 1)
(34, 13, 1)
(35, 6, 1)
(35, 7, 1)
(35, 9, 1)
(35, 12, 1)
(35, 15, 1)
(35, 24, 1)
(36, 1, 16)
(36, 2, 1)
(36, 10, 1)
(36, 11, 1)
(36, 12, 2)
(36, 21, 1)
(36, 38, 1)
(37, 1, 26)
(37, 2, 5)
(37, 3, 4)
(37, 4, 1)
(37, 6, 1)
(37, 8, 2)
(37, 9, 2)
(37, 10, 1)
(37, 11, 3)
(37, 12, 2)
(37, 13, 1)
(37, 14, 1)
(37, 16, 1)
(37, 21, 1)
(37, 27, 2)
(38, 1, 17)
(38, 2, 6)
(38, 3, 4)
(38, 4, 1)
(38, 5, 4)
(38, 6, 5)
(38, 7, 2)
(38, 9, 1)
(38, 10, 1)
(38, 11, 2)
(38, 13, 1)
(38, 16, 1)
(38, 18, 1)
(38, 21, 1)
(38, 22, 1)
(38, 24, 1)
(39, 1, 6)
(39, 2, 4)
(39, 4, 2)
(39, 5, 2)
(39, 6, 2)
(39, 8, 2)
(39, 9, 1)
(39, 10, 1)
(39, 17, 1)
(39, 19, 1)
xi_2:
(1, 2, 1)
(5, 25, 1)
(6, 8, 1)
(6, 13, 2)
(8, 24, 1)
(9, 23, 1)
(10, 24, 1)
(11, 21, 1)
(12, 17, 1)
(15, 3, 1)
(16, 3, 1)
(16, 27, 1)
(17, 16, 1)
(17, 25, 1)
(17, 26, 1)
(17, 29, 1)
(18, 7, 1)
(18, 13, 1)
(18, 23, 1)
(19, 2, 2)
(19, 3, 1)
(19, 4, 1)
(19, 6, 1)
(20, 14, 2)
(20, 23, 1)
(20, 31, 1)
(21, 24, 1)
(21, 25, 1)
(21, 29, 1)
(21, 32, 1)
(22, 2, 1)
(22, 12, 1)
(22, 17, 1)
(22, 18, 2)
(23, 11, 1)
(23, 32, 1)
(24, 13, 1)
(24, 25, 1)
(24, 27, 1)
(25, 12, 1)
(25, 21, 1)
(25, 23, 2)
(25, 26, 1)
(26, 19, 1)
(27, 20, 1)
(33, 3, 1)
(33, 13, 1)
(33, 16, 1)
(33, 20, 1)
(33, 21, 1)
(37, 10, 1)
(37, 12, 1)
(37, 17, 1)
(37, 24, 1)
(37, 38, 1)
(38, 6, 1)
(38, 8, 1)
(38, 21, 1)
(38, 27, 2)
(39, 7, 1)
(39, 13, 1)
(39, 16, 1)
(39, 18, 1)
