x-grades
-205917707868853079/200000000000000000
-100382985884825859/100000000000000000
-195614235670450357/200000000000000000
-47615624892812249/50000000000000000
-37062152694409527/40000000000000000
-90079513686423137/100000000000000000
-175007291273644913/200000000000000000
-5307986099201361/6250000000000000
-164703819075242191/200000000000000000
-15955208297604083/20000000000000000
-154400346876839469/200000000000000000
-37312152694409527/50000000000000000
-144096874678436747/200000000000000000
-69472569289617693/100000000000000000
-5351736099201361/8000000000000000
-16080208297604083/25000000000000000
-123489930281631303/200000000000000000
-59169097091214971/100000000000000000
-113186458083228581/200000000000000000
-5401736099201361/10000000000000000
-102882985884825859/200000000000000000
-48865624892812249/100000000000000000
-92579513686423137/200000000000000000
-5464236099201361/12500000000000000
-16455208297604083/40000000000000000
-38562152694409527/100000000000000000
-71972569289617693/200000000000000000
-16705208297604083/50000000000000000
-61669097091214971/200000000000000000
-5651736099201361/20000000000000000
-51365624892812249/200000000000000000
-5776736099201361/25000000000000000
-41062152694409527/200000000000000000
-17955208297604083/100000000000000000
-6151736099201361/40000000000000000
-6401736099201361/50000000000000000
-20455208297604083/200000000000000000
-7651736099201361/100000000000000000
-10151736099201361/200000000000000000
-1/40

y-grades
1/4
1/2
3/4
1
5/4
3/2
7/4
2
9/4
5/2
11/4
3
13/4
7/2
15/4
4
17/4
9/2
19/4
5
21/4
11/2
23/4
6
25/4
13/2
27/4
7
29/4
15/2
31/4
8
33/4
17/2
35/4
9
37/4
19/2
39/4
10

Dimensions > 0:
(0, 0, 2)
(0, 1, 2)
(0, 2, 2)
(0, 3, 2)
(0, 4, 2)
(0, 5, 1)
(0, 6, 1)
(0, 7, 1)
(0, 8, 1)
(0, 9, 1)
(0, 10, 1)
(0, 11, 1)
(0, 12, 1)
(0, 13, 1)
(0, 14, 1)
(0, 15, 1)
(0, 16, 1)
(0, 17, 1)
(0, 18, 1)
(0, 19, 1)
(0, 20, 1)
(0, 21, 1)
(0, 22, 1)
(0, 23, 1)
(0, 24, 1)
(0, 25, 1)
(0, 26, 1)
(0, 27, 1)
(0, 28, 1)
(0, 29, 1)
(0, 30, 1)
(0, 31, 1)
(0, 32, 1)
(0, 33, 1)
(0, 34, 1)
(0, 35, 1)
(0, 36, 1)
(0, 37, 1)
(0, 38, 1)
(0, 39, 1)

(1, 0, 3)
(1, 1, 3)
(1, 2, 3)
(1, 3, 3)
(1, 4, 3)
(1, 5, 1)
(1, 6, 1)
(1, 7, 1)
(1, 8, 1)
(1, 9, 1)
(1, 10, 1)
(1, 11, 1)
(1, 12, 1)
(1, 13, 1)
(1, 14, 1)
(1, 15, 1)
(1, 16, 1)
(1, 17, 1)
(1, 18, 1)
(1, 19, 1)
(1, 20, 1)
(1, 21, 1)
(1, 22, 1)
(1, 23, 1)
(1, 24, 1)
(1, 25, 1)
(1, 26, 1)
(1, 27, 1)
(1, 28, 1)
(1, 29, 1)
(1, 30, 1)
(1, 31, 1)
(1, 32, 1)
(1, 33, 1)
(1, 34, 1)
(1, 35, 1)
(1, 36, 1)
(1, 37, 1)
(1, 38, 1)
(1, 39, 1)

(2, 0, 6)
(2, 1, 6)
(2, 2, 6)
(2, 3, 6)
(2, 4, 6)
(2, 5, 1)
(2, 6, 1)
(2, 7, 1)
(2, 8, 1)
(2, 9, 1)
(2, 10, 1)
(2, 11, 1)
(2, 12, 1)
(2, 13, 1)
(2, 14, 1)
(2, 15, 1)
(2, 16, 1)
(2, 17, 1)
(2, 18, 1)
(2, 19, 1)
(2, 20, 1)
(2, 21, 1)
(2, 22, 1)
(2, 23, 1)
(2, 24, 1)
(2, 25, 1)
(2, 26, 1)
(2, 27, 1)
(2, 28, 1)
(2, 29, 1)
(2, 30, 1)
(2, 31, 1)
(2, 32, 1)
(2, 33, 1)
(2, 34, 1)
(2, 35, 1)
(2, 36, 1)
(2, 37, 1)
(2, 38, 1)
(2, 39, 1)

(3, 0, 6)
(3, 1, 6)
(3, 2, 6)
(3, 3, 6)
(3, 4, 6)
(3, 5, 1)
(3, 6, 1)
(3, 7, 1)
(3, 8, 1)
(3, 9, 1)
(3, 10, 1)
(3, 11, 1)
(3, 12, 1)
(3, 13, 1)
(3, 14, 1)
(3, 15, 1)
(3, 16, 1)
(3, 17, 1)
(3, 18, 1)
(3, 19, 1)
(3, 20, 1)
(3, 21, 1)
(3, 22, 1)
(3, 23, 1)
(3, 24, 1)
(3, 25, 1)
(3, 26, 1)
(3, 27, 1)
(3, 28, 1)
(3, 29, 1)
(3, 30, 1)
(3, 31, 1)
(3, 32, 1)
(3, 33, 1)
(3, 34, 1)
(3, 35, 1)
(3, 36, 1)
(3, 37, 1)
(3, 38, 1)
(3, 39, 1)

(4, 0, 6)
(4, 1, 6)
(4, 2, 6)
(4, 3, 6)
(4, 4, 6)
(4, 5, 1)
(4, 6, 1)
(4, 7, 1)
(4, 8, 1)
(4, 9, 1)
(4, 10, 1)
(4, 11, 1)
(4, 12, 1)
(4, 13, 1)
(4, 14, 1)
(4, 15, 1)
(4, 16, 1)
(4, 17, 1)
(4, 18, 1)
(4, 19, 1)
(4, 20, 1)
(4, 21, 1)
(4, 22, 1)
(4, 23, 1)
(4, 24, 1)
(4, 25, 1)
(4, 26, 1)
(4, 27, 1)
(4, 28, 1)
(4, 29, 1)
(4, 30, 1)
(4, 31, 1)
(4, 32, 1)
(4, 33, 1)
(4, 34, 1)
(4, 35, 1)
(4, 36, 1)
(4, 37, 1)
(4, 38, 1)
(4, 39, 1)

(5, 0, 9)
(5, 1, 9)
(5, 2, 9)
(5, 3, 9)
(5, 4, 9)
(5, 5, 3)
(5, 6, 3)
(5, 7, 3)
(5, 8, 3)
(5, 9, 3)
(5, 10, 3)
(5, 11, 3)
(5, 12, 3)
(5, 13, 3)
(5, 14, 3)
(5, 15, 3)
(5, 16, 3)
(5, 17, 3)
(5, 18, 3)
(5, 19, 3)
(5, 20, 3)
(5, 21, 3)
(5, 22, 3)
(5, 23, 3)
(5, 24, 3)
(5, 25, 3)
(5, 26, 3)
(5, 27, 3)
(5, 28, 3)
(5, 29, 3)
(5, 30, 3)
(5, 31, 3)
(5, 32, 3)
(5, 33, 3)
(5, 34, 3)
(5, 35, 3)
(5, 36, 3)
(5, 37, 3)
(5, 38, 3)
(5, 39, 3)

(6, 0, 15)
(6, 1, 15)
(6, 2, 15)
(6, 3, 15)
(6, 4, 15)
(6, 5, 5)
(6, 6, 4)
(6, 7, 4)
(6, 8, 4)
(6, 9, 4)
(6, 10, 4)
(6, 11, 4)
(6, 12, 4)
(6, 13, 4)
(6, 14, 4)
(6, 15, 4)
(6, 16, 4)
(6, 17, 4)
(6, 18, 4)
(6, 19, 4)
(6, 20, 4)
(6, 21, 4)
(6, 22, 4)
(6, 23, 4)
(6, 24, 4)
(6, 25, 4)
(6, 26, 4)
(6, 27, 4)
(6, 28, 4)
(6, 29, 4)
(6, 30, 4)
(6, 31, 4)
(6, 32, 4)
(6, 33, 3)
(6, 34, 3)
(6, 35, 3)
(6, 36, 2)
(6, 37, 2)
(6, 38, 2)
(6, 39, 2)

(7, 0, 23)
(7, 1, 23)
(7, 2, 20)
(7, 3, 20)
(7, 4, 20)
(7, 5, 7)
(7, 6, 5)
(7, 7, 4)
(7, 8, 4)
(7, 9, 4)
(7, 10, 4)
(7, 11, 4)
(7, 12, 4)
(7, 13, 4)
(7, 14, 4)
(7, 15, 4)
(7, 16, 4)
(7, 17, 4)
(7, 18, 4)
(7, 19, 4)
(7, 20, 4)
(7, 21, 4)
(7, 22, 3)
(7, 23, 3)
(7, 24, 3)
(7, 25, 3)
(7, 26, 3)
(7, 27, 3)
(7, 28, 3)
(7, 29, 3)
(7, 30, 3)
(7, 31, 3)
(7, 32, 3)
(7, 33, 3)
(7, 34, 3)
(7, 35, 3)
(7, 36, 2)
(7, 37, 2)
(7, 38, 2)
(7, 39, 2)

(8, 0, 25)
(8, 1, 25)
(8, 2, 21)
(8, 3, 21)
(8, 4, 21)
(8, 5, 5)
(8, 6, 4)
(8, 7, 4)
(8, 8, 4)
(8, 9, 4)
(8, 10, 4)
(8, 11, 4)
(8, 12, 4)
(8, 13, 4)
(8, 14, 4)
(8, 15, 4)
(8, 16, 4)
(8, 17, 4)
(8, 18, 4)
(8, 19, 4)
(8, 20, 4)
(8, 21, 4)
(8, 22, 3)
(8, 23, 3)
(8, 24, 3)
(8, 25, 3)
(8, 26, 3)
(8, 27, 3)
(8, 28, 3)
(8, 29, 3)
(8, 30, 3)
(8, 31, 3)
(8, 32, 3)
(8, 33, 3)
(8, 34, 3)
(8, 35, 3)
(8, 36, 2)
(8, 37, 2)
(8, 38, 2)
(8, 39, 2)

(9, 0, 25)
(9, 1, 25)
(9, 2, 21)
(9, 3, 21)
(9, 4, 21)
(9, 5, 5)
(9, 6, 4)
(9, 7, 4)
(9, 8, 4)
(9, 9, 4)
(9, 10, 4)
(9, 11, 4)
(9, 12, 4)
(9, 13, 4)
(9, 14, 4)
(9, 15, 4)
(9, 16, 4)
(9, 17, 4)
(9, 18, 4)
(9, 19, 4)
(9, 20, 4)
(9, 21, 4)
(9, 22, 3)
(9, 23, 3)
(9, 24, 3)
(9, 25, 3)
(9, 26, 3)
(9, 27, 3)
(9, 28, 3)
(9, 29, 3)
(9, 30, 3)
(9, 31, 3)
(9, 32, 3)
(9, 33, 3)
(9, 34, 3)
(9, 35, 3)
(9, 36, 2)
(9, 37, 2)
(9, 38, 2)
(9, 39, 2)

(10, 0, 25)
(10, 1, 25)
(10, 2, 21)
(10, 3, 21)
(10, 4, 21)
(10, 5, 5)
(10, 6, 4)
(10, 7, 4)
(10, 8, 4)
(10, 9, 4)
(10, 10, 4)
(10, 11, 4)
(10, 12, 4)
(10, 13, 4)
(10, 14, 4)
(10, 15, 4)
(10, 16, 4)
(10, 17, 4)
(10, 18, 4)
(10, 19, 4)
(10, 20, 4)
(10, 21, 4)
(10, 22, 3)
(10, 23, 3)
(10, 24, 3)
(10, 25, 3)
(10, 26, 3)
(10, 27, 3)
(10, 28, 3)
(10, 29, 3)
(10, 30, 3)
(10, 31, 3)
(10, 32, 3)
(10, 33, 3)
(10, 34, 3)
(10, 35, 3)
(10, 36, 2)
(10, 37, 2)
(10, 38, 2)
(10, 39, 2)

(11, 0, 29)
(11, 1, 29)
(11, 2, 25)
(11, 3, 25)
(11, 4, 25)
(11, 5, 8)
(11, 6, 7)
(11, 7, 7)
(11, 8, 7)
(11, 9, 7)
(11, 10, 7)
(11, 11, 7)
(11, 12, 7)
(11, 13, 7)
(11, 14, 7)
(11, 15, 7)
(11, 16, 7)
(11, 17, 7)
(11, 18, 7)
(11, 19, 7)
(11, 20, 7)
(11, 21, 7)
(11, 22, 6)
(11, 23, 6)
(11, 24, 6)
(11, 25, 6)
(11, 26, 6)
(11, 27, 6)
(11, 28, 6)
(11, 29, 6)
(11, 30, 6)
(11, 31, 6)
(11, 32, 6)
(11, 33, 6)
(11, 34, 6)
(11, 35, 6)
(11, 36, 5)
(11, 37, 4)
(11, 38, 4)
(11, 39, 3)

(12, 0, 33)
(12, 1, 33)
(12, 2, 27)
(12, 3, 27)
(12, 4, 27)
(12, 5, 9)
(12, 6, 8)
(12, 7, 7)
(12, 8, 7)
(12, 9, 7)
(12, 10, 7)
(12, 11, 7)
(12, 12, 7)
(12, 13, 7)
(12, 14, 7)
(12, 15, 7)
(12, 16, 7)
(12, 17, 7)
(12, 18, 7)
(12, 19, 7)
(12, 20, 7)
(12, 21, 7)
(12, 22, 6)
(12, 23, 6)
(12, 24, 6)
(12, 25, 5)
(12, 26, 5)
(12, 27, 5)
(12, 28, 5)
(12, 29, 5)
(12, 30, 5)
(12, 31, 5)
(12, 32, 5)
(12, 33, 5)
(12, 34, 5)
(12, 35, 5)
(12, 36, 3)
(12, 37, 3)
(12, 38, 3)
(12, 39, 3)

(13, 0, 42)
(13, 1, 42)
(13, 2, 33)
(13, 3, 32)
(13, 4, 32)
(13, 5, 10)
(13, 6, 8)
(13, 7, 8)
(13, 8, 7)
(13, 9, 7)
(13, 10, 7)
(13, 11, 7)
(13, 12, 7)
(13, 13, 7)
(13, 14, 7)
(13, 15, 7)
(13, 16, 7)
(13, 17, 7)
(13, 18, 7)
(13, 19, 7)
(13, 20, 7)
(13, 21, 6)
(13, 22, 5)
(13, 23, 5)
(13, 24, 5)
(13, 25, 5)
(13, 26, 5)
(13, 27, 5)
(13, 28, 5)
(13, 29, 5)
(13, 30, 5)
(13, 31, 5)
(13, 32, 5)
(13, 33, 5)
(13, 34, 5)
(13, 35, 5)
(13, 36, 3)
(13, 37, 3)
(13, 38, 3)
(13, 39, 3)

(14, 0, 44)
(14, 1, 44)
(14, 2, 35)
(14, 3, 34)
(14, 4, 34)
(14, 5, 9)
(14, 6, 7)
(14, 7, 7)
(14, 8, 7)
(14, 9, 7)
(14, 10, 7)
(14, 11, 7)
(14, 12, 7)
(14, 13, 7)
(14, 14, 7)
(14, 15, 7)
(14, 16, 7)
(14, 17, 7)
(14, 18, 7)
(14, 19, 7)
(14, 20, 7)
(14, 21, 6)
(14, 22, 5)
(14, 23, 5)
(14, 24, 5)
(14, 25, 5)
(14, 26, 5)
(14, 27, 5)
(14, 28, 5)
(14, 29, 5)
(14, 30, 5)
(14, 31, 5)
(14, 32, 5)
(14, 33, 5)
(14, 34, 5)
(14, 35, 5)
(14, 36, 3)
(14, 37, 3)
(14, 38, 3)
(14, 39, 3)

(15, 0, 44)
(15, 1, 44)
(15, 2, 35)
(15, 3, 34)
(15, 4, 34)
(15, 5, 9)
(15, 6, 7)
(15, 7, 7)
(15, 8, 7)
(15, 9, 7)
(15, 10, 7)
(15, 11, 7)
(15, 12, 7)
(15, 13, 7)
(15, 14, 7)
(15, 15, 7)
(15, 16, 7)
(15, 17, 7)
(15, 18, 7)
(15, 19, 7)
(15, 20, 7)
(15, 21, 6)
(15, 22, 5)
(15, 23, 5)
(15, 24, 5)
(15, 25, 5)
(15, 26, 5)
(15, 27, 5)
(15, 28, 5)
(15, 29, 5)
(15, 30, 5)
(15, 31, 5)
(15, 32, 5)
(15, 33, 5)
(15, 34, 5)
(15, 35, 5)
(15, 36, 3)
(15, 37, 3)
(15, 38, 3)
(15, 39, 3)

(16, 0, 44)
(16, 1, 44)
(16, 2, 35)
(16, 3, 34)
(16, 4, 34)
(16, 5, 9)
(16, 6, 7)
(16, 7, 7)
(16, 8, 7)
(16, 9, 7)
(16, 10, 7)
(16, 11, 7)
(16, 12, 7)
(16, 13, 7)
(16, 14, 7)
(16, 15, 7)
(16, 16, 7)
(16, 17, 7)
(16, 18, 7)
(16, 19, 7)
(16, 20, 7)
(16, 21, 6)
(16, 22, 5)
(16, 23, 5)
(16, 24, 5)
(16, 25, 5)
(16, 26, 5)
(16, 27, 5)
(16, 28, 5)
(16, 29, 5)
(16, 30, 5)
(16, 31, 5)
(16, 32, 5)
(16, 33, 5)
(16, 34, 5)
(16, 35, 5)
(16, 36, 3)
(16, 37, 3)
(16, 38, 3)
(16, 39, 3)

(17, 0, 44)
(17, 1, 44)
(17, 2, 35)
(17, 3, 34)
(17, 4, 34)
(17, 5, 9)
(17, 6, 7)
(17, 7, 7)
(17, 8, 7)
(17, 9, 7)
(17, 10, 7)
(17, 11, 7)
(17, 12, 7)
(17, 13, 7)
(17, 14, 7)
(17, 15, 7)
(17, 16, 7)
(17, 17, 7)
(17, 18, 7)
(17, 19, 7)
(17, 20, 7)
(17, 21, 6)
(17, 22, 5)
(17, 23, 5)
(17, 24, 5)
(17, 25, 5)
(17, 26, 5)
(17, 27, 5)
(17, 28, 5)
(17, 29, 5)
(17, 30, 5)
(17, 31, 5)
(17, 32, 5)
(17, 33, 5)
(17, 34, 5)
(17, 35, 5)
(17, 36, 3)
(17, 37, 3)
(17, 38, 3)
(17, 39, 3)

(18, 0, 45)
(18, 1, 45)
(18, 2, 36)
(18, 3, 35)
(18, 4, 35)
(18, 5, 10)
(18, 6, 8)
(18, 7, 8)
(18, 8, 8)
(18, 9, 8)
(18, 10, 8)
(18, 11, 8)
(18, 12, 8)
(18, 13, 8)
(18, 14, 8)
(18, 15, 8)
(18, 16, 8)
(18, 17, 8)
(18, 18, 8)
(18, 19, 8)
(18, 20, 8)
(18, 21, 7)
(18, 22, 6)
(18, 23, 6)
(18, 24, 6)
(18, 25, 6)
(18, 26, 6)
(18, 27, 6)
(18, 28, 6)
(18, 29, 6)
(18, 30, 6)
(18, 31, 6)
(18, 32, 6)
(18, 33, 6)
(18, 34, 6)
(18, 35, 6)
(18, 36, 3)
(18, 37, 3)
(18, 38, 3)
(18, 39, 3)

(19, 0, 45)
(19, 1, 45)
(19, 2, 36)
(19, 3, 35)
(19, 4, 35)
(19, 5, 10)
(19, 6, 8)
(19, 7, 8)
(19, 8, 8)
(19, 9, 8)
(19, 10, 8)
(19, 11, 8)
(19, 12, 8)
(19, 13, 8)
(19, 14, 8)
(19, 15, 8)
(19, 16, 8)
(19, 17, 8)
(19, 18, 8)
(19, 19, 8)
(19, 20, 8)
(19, 21, 7)
(19, 22, 6)
(19, 23, 6)
(19, 24, 6)
(19, 25, 6)
(19, 26, 6)
(19, 27, 6)
(19, 28, 6)
(19, 29, 6)
(19, 30, 6)
(19, 31, 6)
(19, 32, 6)
(19, 33, 6)
(19, 34, 6)
(19, 35, 6)
(19, 36, 3)
(19, 37, 3)
(19, 38, 3)
(19, 39, 3)

(20, 0, 54)
(20, 1, 54)
(20, 2, 43)
(20, 3, 42)
(20, 4, 42)
(20, 5, 14)
(20, 6, 11)
(20, 7, 11)
(20, 8, 10)
(20, 9, 10)
(20, 10, 10)
(20, 11, 10)
(20, 12, 10)
(20, 13, 10)
(20, 14, 10)
(20, 15, 10)
(20, 16, 10)
(20, 17, 10)
(20, 18, 10)
(20, 19, 10)
(20, 20, 10)
(20, 21, 9)
(20, 22, 7)
(20, 23, 7)
(20, 24, 7)
(20, 25, 7)
(20, 26, 7)
(20, 27, 7)
(20, 28, 7)
(20, 29, 7)
(20, 30, 7)
(20, 31, 7)
(20, 32, 7)
(20, 33, 7)
(20, 34, 7)
(20, 35, 7)
(20, 36, 4)
(20, 37, 4)
(20, 38, 4)
(20, 39, 4)

(21, 0, 58)
(21, 1, 58)
(21, 2, 46)
(21, 3, 45)
(21, 4, 45)
(21, 5, 14)
(21, 6, 11)
(21, 7, 11)
(21, 8, 10)
(21, 9, 10)
(21, 10, 10)
(21, 11, 10)
(21, 12, 10)
(21, 13, 10)
(21, 14, 10)
(21, 15, 10)
(21, 16, 10)
(21, 17, 10)
(21, 18, 10)
(21, 19, 10)
(21, 20, 10)
(21, 21, 9)
(21, 22, 7)
(21, 23, 7)
(21, 24, 7)
(21, 25, 7)
(21, 26, 7)
(21, 27, 7)
(21, 28, 7)
(21, 29, 7)
(21, 30, 7)
(21, 31, 7)
(21, 32, 7)
(21, 33, 7)
(21, 34, 7)
(21, 35, 7)
(21, 36, 4)
(21, 37, 4)
(21, 38, 4)
(21, 39, 4)

(22, 0, 63)
(22, 1, 63)
(22, 2, 50)
(22, 3, 49)
(22, 4, 49)
(22, 5, 13)
(22, 6, 10)
(22, 7, 10)
(22, 8, 10)
(22, 9, 10)
(22, 10, 10)
(22, 11, 10)
(22, 12, 10)
(22, 13, 10)
(22, 14, 10)
(22, 15, 10)
(22, 16, 10)
(22, 17, 10)
(22, 18, 10)
(22, 19, 10)
(22, 20, 10)
(22, 21, 9)
(22, 22, 7)
(22, 23, 7)
(22, 24, 7)
(22, 25, 7)
(22, 26, 7)
(22, 27, 7)
(22, 28, 7)
(22, 29, 7)
(22, 30, 7)
(22, 31, 7)
(22, 32, 7)
(22, 33, 7)
(22, 34, 7)
(22, 35, 7)
(22, 36, 4)
(22, 37, 4)
(22, 38, 4)
(22, 39, 4)

(23, 0, 63)
(23, 1, 63)
(23, 2, 50)
(23, 3, 49)
(23, 4, 49)
(23, 5, 13)
(23, 6, 10)
(23, 7, 10)
(23, 8, 10)
(23, 9, 10)
(23, 10, 10)
(23, 11, 10)
(23, 12, 10)
(23, 13, 10)
(23, 14, 10)
(23, 15, 10)
(23, 16, 10)
(23, 17, 10)
(23, 18, 10)
(23, 19, 10)
(23, 20, 10)
(23, 21, 9)
(23, 22, 7)
(23, 23, 7)
(23, 24, 7)
(23, 25, 7)
(23, 26, 7)
(23, 27, 7)
(23, 28, 7)
(23, 29, 7)
(23, 30, 7)
(23, 31, 7)
(23, 32, 7)
(23, 33, 7)
(23, 34, 7)
(23, 35, 7)
(23, 36, 4)
(23, 37, 4)
(23, 38, 4)
(23, 39, 4)

(24, 0, 65)
(24, 1, 65)
(24, 2, 52)
(24, 3, 50)
(24, 4, 50)
(24, 5, 14)
(24, 6, 11)
(24, 7, 11)
(24, 8, 11)
(24, 9, 11)
(24, 10, 11)
(24, 11, 11)
(24, 12, 11)
(24, 13, 11)
(24, 14, 11)
(24, 15, 11)
(24, 16, 11)
(24, 17, 11)
(24, 18, 11)
(24, 19, 11)
(24, 20, 11)
(24, 21, 10)
(24, 22, 8)
(24, 23, 8)
(24, 24, 8)
(24, 25, 8)
(24, 26, 8)
(24, 27, 8)
(24, 28, 8)
(24, 29, 8)
(24, 30, 8)
(24, 31, 8)
(24, 32, 8)
(24, 33, 8)
(24, 34, 8)
(24, 35, 8)
(24, 36, 5)
(24, 37, 5)
(24, 38, 4)
(24, 39, 4)

(25, 0, 68)
(25, 1, 68)
(25, 2, 54)
(25, 3, 50)
(25, 4, 50)
(25, 5, 14)
(25, 6, 11)
(25, 7, 11)
(25, 8, 11)
(25, 9, 11)
(25, 10, 11)
(25, 11, 11)
(25, 12, 11)
(25, 13, 11)
(25, 14, 11)
(25, 15, 11)
(25, 16, 11)
(25, 17, 11)
(25, 18, 11)
(25, 19, 11)
(25, 20, 11)
(25, 21, 10)
(25, 22, 8)
(25, 23, 8)
(25, 24, 8)
(25, 25, 8)
(25, 26, 8)
(25, 27, 8)
(25, 28, 8)
(25, 29, 8)
(25, 30, 8)
(25, 31, 8)
(25, 32, 8)
(25, 33, 8)
(25, 34, 8)
(25, 35, 8)
(25, 36, 5)
(25, 37, 5)
(25, 38, 4)
(25, 39, 4)

(26, 0, 68)
(26, 1, 68)
(26, 2, 54)
(26, 3, 50)
(26, 4, 50)
(26, 5, 14)
(26, 6, 11)
(26, 7, 11)
(26, 8, 11)
(26, 9, 11)
(26, 10, 11)
(26, 11, 11)
(26, 12, 11)
(26, 13, 11)
(26, 14, 11)
(26, 15, 11)
(26, 16, 11)
(26, 17, 11)
(26, 18, 11)
(26, 19, 11)
(26, 20, 11)
(26, 21, 10)
(26, 22, 8)
(26, 23, 8)
(26, 24, 8)
(26, 25, 8)
(26, 26, 8)
(26, 27, 8)
(26, 28, 8)
(26, 29, 8)
(26, 30, 8)
(26, 31, 8)
(26, 32, 8)
(26, 33, 8)
(26, 34, 8)
(26, 35, 8)
(26, 36, 5)
(26, 37, 5)
(26, 38, 4)
(26, 39, 4)

(27, 0, 68)
(27, 1, 68)
(27, 2, 54)
(27, 3, 50)
(27, 4, 50)
(27, 5, 14)
(27, 6, 11)
(27, 7, 11)
(27, 8, 11)
(27, 9, 11)
(27, 10, 11)
(27, 11, 11)
(27, 12, 11)
(27, 13, 11)
(27, 14, 11)
(27, 15, 11)
(27, 16, 11)
(27, 17, 11)
(27, 18, 11)
(27, 19, 11)
(27, 20, 11)
(27, 21, 10)
(27, 22, 8)
(27, 23, 8)
(27, 24, 8)
(27, 25, 8)
(27, 26, 8)
(27, 27, 8)
(27, 28, 8)
(27, 29, 8)
(27, 30, 8)
(27, 31, 8)
(27, 32, 8)
(27, 33, 8)
(27, 34, 8)
(27, 35, 8)
(27, 36, 5)
(27, 37, 5)
(27, 38, 4)
(27, 39, 4)

(28, 0, 68)
(28, 1, 68)
(28, 2, 54)
(28, 3, 50)
(28, 4, 50)
(28, 5, 14)
(28, 6, 11)
(28, 7, 11)
(28, 8, 11)
(28, 9, 11)
(28, 10, 11)
(28, 11, 11)
(28, 12, 11)
(28, 13, 11)
(28, 14, 11)
(28, 15, 11)
(28, 16, 11)
(28, 17, 11)
(28, 18, 11)
(28, 19, 11)
(28, 20, 11)
(28, 21, 10)
(28, 22, 8)
(28, 23, 8)
(28, 24, 8)
(28, 25, 8)
(28, 26, 8)
(28, 27, 8)
(28, 28, 8)
(28, 29, 8)
(28, 30, 8)
(28, 31, 8)
(28, 32, 8)
(28, 33, 8)
(28, 34, 8)
(28, 35, 8)
(28, 36, 5)
(28, 37, 5)
(28, 38, 4)
(28, 39, 4)

(29, 0, 68)
(29, 1, 68)
(29, 2, 54)
(29, 3, 50)
(29, 4, 50)
(29, 5, 14)
(29, 6, 11)
(29, 7, 11)
(29, 8, 11)
(29, 9, 11)
(29, 10, 11)
(29, 11, 11)
(29, 12, 11)
(29, 13, 11)
(29, 14, 11)
(29, 15, 11)
(29, 16, 11)
(29, 17, 11)
(29, 18, 11)
(29, 19, 11)
(29, 20, 11)
(29, 21, 10)
(29, 22, 8)
(29, 23, 8)
(29, 24, 8)
(29, 25, 8)
(29, 26, 8)
(29, 27, 8)
(29, 28, 8)
(29, 29, 8)
(29, 30, 8)
(29, 31, 8)
(29, 32, 8)
(29, 33, 8)
(29, 34, 8)
(29, 35, 8)
(29, 36, 5)
(29, 37, 5)
(29, 38, 4)
(29, 39, 4)

(30, 0, 68)
(30, 1, 68)
(30, 2, 54)
(30, 3, 50)
(30, 4, 50)
(30, 5, 14)
(30, 6, 11)
(30, 7, 11)
(30, 8, 11)
(30, 9, 11)
(30, 10, 11)
(30, 11, 11)
(30, 12, 11)
(30, 13, 11)
(30, 14, 11)
(30, 15, 11)
(30, 16, 11)
(30, 17, 11)
(30, 18, 11)
(30, 19, 11)
(30, 20, 11)
(30, 21, 10)
(30, 22, 8)
(30, 23, 8)
(30, 24, 8)
(30, 25, 8)
(30, 26, 8)
(30, 27, 8)
(30, 28, 8)
(30, 29, 8)
(30, 30, 8)
(30, 31, 8)
(30, 32, 8)
(30, 33, 8)
(30, 34, 8)
(30, 35, 8)
(30, 36, 5)
(30, 37, 5)
(30, 38, 4)
(30, 39, 4)

(31, 0, 68)
(31, 1, 68)
(31, 2, 54)
(31, 3, 50)
(31, 4, 50)
(31, 5, 14)
(31, 6, 11)
(31, 7, 11)
(31, 8, 11)
(31, 9, 11)
(31, 10, 11)
(31, 11, 11)
(31, 12, 11)
(31, 13, 11)
(31, 14, 11)
(31, 15, 11)
(31, 16, 11)
(31, 17, 11)
(31, 18, 11)
(31, 19, 11)
(31, 20, 11)
(31, 21, 10)
(31, 22, 8)
(31, 23, 8)
(31, 24, 8)
(31, 25, 8)
(31, 26, 8)
(31, 27, 8)
(31, 28, 8)
(31, 29, 8)
(31, 30, 8)
(31, 31, 8)
(31, 32, 8)
(31, 33, 8)
(31, 34, 8)
(31, 35, 8)
(31, 36, 5)
(31, 37, 5)
(31, 38, 4)
(31, 39, 4)

(32, 0, 71)
(32, 1, 71)
(32, 2, 55)
(32, 3, 51)
(32, 4, 51)
(32, 5, 15)
(32, 6, 12)
(32, 7, 12)
(32, 8, 12)
(32, 9, 12)
(32, 10, 12)
(32, 11, 12)
(32, 12, 12)
(32, 13, 12)
(32, 14, 12)
(32, 15, 12)
(32, 16, 12)
(32, 17, 12)
(32, 18, 12)
(32, 19, 12)
(32, 20, 12)
(32, 21, 11)
(32, 22, 9)
(32, 23, 9)
(32, 24, 9)
(32, 25, 9)
(32, 26, 9)
(32, 27, 9)
(32, 28, 9)
(32, 29, 9)
(32, 30, 9)
(32, 31, 9)
(32, 32, 9)
(32, 33, 9)
(32, 34, 9)
(32, 35, 9)
(32, 36, 5)
(32, 37, 5)
(32, 38, 4)
(32, 39, 4)

(33, 0, 71)
(33, 1, 71)
(33, 2, 55)
(33, 3, 51)
(33, 4, 51)
(33, 5, 15)
(33, 6, 12)
(33, 7, 12)
(33, 8, 12)
(33, 9, 12)
(33, 10, 12)
(33, 11, 12)
(33, 12, 12)
(33, 13, 12)
(33, 14, 12)
(33, 15, 12)
(33, 16, 12)
(33, 17, 12)
(33, 18, 12)
(33, 19, 12)
(33, 20, 12)
(33, 21, 11)
(33, 22, 9)
(33, 23, 9)
(33, 24, 9)
(33, 25, 9)
(33, 26, 9)
(33, 27, 9)
(33, 28, 9)
(33, 29, 9)
(33, 30, 9)
(33, 31, 9)
(33, 32, 9)
(33, 33, 9)
(33, 34, 9)
(33, 35, 9)
(33, 36, 5)
(33, 37, 5)
(33, 38, 4)
(33, 39, 4)

(34, 0, 71)
(34, 1, 71)
(34, 2, 55)
(34, 3, 51)
(34, 4, 51)
(34, 5, 15)
(34, 6, 12)
(34, 7, 12)
(34, 8, 12)
(34, 9, 12)
(34, 10, 12)
(34, 11, 12)
(34, 12, 12)
(34, 13, 12)
(34, 14, 12)
(34, 15, 12)
(34, 16, 12)
(34, 17, 12)
(34, 18, 12)
(34, 19, 12)
(34, 20, 12)
(34, 21, 11)
(34, 22, 9)
(34, 23, 9)
(34, 24, 9)
(34, 25, 9)
(34, 26, 9)
(34, 27, 9)
(34, 28, 9)
(34, 29, 9)
(34, 30, 9)
(34, 31, 9)
(34, 32, 9)
(34, 33, 9)
(34, 34, 9)
(34, 35, 9)
(34, 36, 5)
(34, 37, 5)
(34, 38, 4)
(34, 39, 4)

(35, 0, 71)
(35, 1, 71)
(35, 2, 55)
(35, 3, 51)
(35, 4, 51)
(35, 5, 15)
(35, 6, 12)
(35, 7, 12)
(35, 8, 12)
(35, 9, 12)
(35, 10, 12)
(35, 11, 12)
(35, 12, 12)
(35, 13, 12)
(35, 14, 12)
(35, 15, 12)
(35, 16, 12)
(35, 17, 12)
(35, 18, 12)
(35, 19, 12)
(35, 20, 12)
(35, 21, 11)
(35, 22, 9)
(35, 23, 9)
(35, 24, 9)
(35, 25, 9)
(35, 26, 9)
(35, 27, 9)
(35, 28, 9)
(35, 29, 9)
(35, 30, 9)
(35, 31, 9)
(35, 32, 9)
(35, 33, 9)
(35, 34, 9)
(35, 35, 9)
(35, 36, 5)
(35, 37, 5)
(35, 38, 4)
(35, 39, 4)

(36, 0, 71)
(36, 1, 71)
(36, 2, 55)
(36, 3, 51)
(36, 4, 51)
(36, 5, 15)
(36, 6, 12)
(36, 7, 12)
(36, 8, 12)
(36, 9, 12)
(36, 10, 12)
(36, 11, 12)
(36, 12, 12)
(36, 13, 12)
(36, 14, 12)
(36, 15, 12)
(36, 16, 12)
(36, 17, 12)
(36, 18, 12)
(36, 19, 12)
(36, 20, 12)
(36, 21, 11)
(36, 22, 9)
(36, 23, 9)
(36, 24, 9)
(36, 25, 9)
(36, 26, 9)
(36, 27, 9)
(36, 28, 9)
(36, 29, 9)
(36, 30, 9)
(36, 31, 9)
(36, 32, 9)
(36, 33, 9)
(36, 34, 9)
(36, 35, 9)
(36, 36, 5)
(36, 37, 5)
(36, 38, 4)
(36, 39, 4)

(37, 0, 74)
(37, 1, 74)
(37, 2, 58)
(37, 3, 54)
(37, 4, 54)
(37, 5, 16)
(37, 6, 13)
(37, 7, 13)
(37, 8, 13)
(37, 9, 13)
(37, 10, 13)
(37, 11, 13)
(37, 12, 13)
(37, 13, 13)
(37, 14, 13)
(37, 15, 13)
(37, 16, 13)
(37, 17, 13)
(37, 18, 13)
(37, 19, 13)
(37, 20, 13)
(37, 21, 12)
(37, 22, 10)
(37, 23, 10)
(37, 24, 10)
(37, 25, 10)
(37, 26, 10)
(37, 27, 10)
(37, 28, 10)
(37, 29, 10)
(37, 30, 10)
(37, 31, 10)
(37, 32, 10)
(37, 33, 10)
(37, 34, 10)
(37, 35, 10)
(37, 36, 6)
(37, 37, 6)
(37, 38, 4)
(37, 39, 4)

(38, 0, 75)
(38, 1, 75)
(38, 2, 59)
(38, 3, 55)
(38, 4, 55)
(38, 5, 16)
(38, 6, 13)
(38, 7, 13)
(38, 8, 13)
(38, 9, 13)
(38, 10, 13)
(38, 11, 13)
(38, 12, 13)
(38, 13, 13)
(38, 14, 13)
(38, 15, 13)
(38, 16, 13)
(38, 17, 13)
(38, 18, 13)
(38, 19, 13)
(38, 20, 13)
(38, 21, 12)
(38, 22, 10)
(38, 23, 10)
(38, 24, 10)
(38, 25, 10)
(38, 26, 10)
(38, 27, 10)
(38, 28, 10)
(38, 29, 10)
(38, 30, 10)
(38, 31, 10)
(38, 32, 10)
(38, 33, 9)
(38, 34, 9)
(38, 35, 9)
(38, 36, 5)
(38, 37, 5)
(38, 38, 4)
(38, 39, 4)

(39, 0, 80)
(39, 1, 80)
(39, 2, 61)
(39, 3, 57)
(39, 4, 57)
(39, 5, 17)
(39, 6, 13)
(39, 7, 13)
(39, 8, 13)
(39, 9, 13)
(39, 10, 13)
(39, 11, 13)
(39, 12, 13)
(39, 13, 13)
(39, 14, 13)
(39, 15, 13)
(39, 16, 13)
(39, 17, 13)
(39, 18, 13)
(39, 19, 13)
(39, 20, 13)
(39, 21, 12)
(39, 22, 10)
(39, 23, 10)
(39, 24, 10)
(39, 25, 9)
(39, 26, 9)
(39, 27, 9)
(39, 28, 9)
(39, 29, 9)
(39, 30, 9)
(39, 31, 9)
(39, 32, 9)
(39, 33, 9)
(39, 34, 9)
(39, 35, 9)
(39, 36, 5)
(39, 37, 5)
(39, 38, 4)
(39, 39, 4)


Betti numbers:
xi_0:
(0, 0, 2)
(1, 0, 1)
(2, 0, 3)
(5, 0, 3)
(6, 0, 6)
(7, 0, 8)
(8, 0, 2)
(11, 0, 4)
(12, 0, 4)
(13, 0, 9)
(14, 0, 2)
(18, 0, 1)
(20, 0, 9)
(21, 0, 4)
(22, 0, 5)
(24, 0, 2)
(25, 0, 3)
(32, 0, 3)
(37, 0, 3)
(38, 0, 1)
(39, 0, 5)
xi_1:
(0, 5, 1)
(1, 5, 1)
(2, 5, 3)
(5, 5, 1)
(6, 5, 4)
(6, 6, 1)
(6, 33, 1)
(6, 36, 1)
(7, 2, 3)
(7, 5, 3)
(7, 6, 2)
(7, 7, 1)
(7, 22, 1)
(8, 2, 1)
(8, 5, 3)
(11, 5, 1)
(11, 37, 1)
(11, 39, 1)
(12, 2, 2)
(12, 5, 1)
(12, 7, 1)
(12, 25, 1)
(12, 36, 1)
(13, 2, 3)
(13, 3, 1)
(13, 5, 4)
(13, 6, 1)
(13, 8, 1)
(13, 21, 1)
(14, 5, 3)
(18, 36, 1)
(20, 2, 2)
(20, 5, 3)
(20, 6, 1)
(20, 8, 1)
(20, 22, 1)
(21, 2, 1)
(21, 5, 3)
(22, 2, 1)
(22, 5, 5)
(24, 3, 1)
(24, 38, 1)
(25, 2, 1)
(25, 3, 2)
(32, 2, 2)
(32, 36, 1)
(37, 5, 2)
(37, 38, 1)
(38, 5, 1)
(38, 33, 1)
(39, 2, 3)
(39, 5, 1)
(39, 6, 1)
(39, 25, 1)
xi_2:
(7, 6, 1)
(7, 33, 1)
(8, 6, 1)
(8, 7, 1)
(12, 37, 1)
(12, 39, 1)
(13, 7, 1)
(13, 25, 1)
(14, 8, 1)
(22, 8, 1)
(38, 38, 1)
(39, 33, 1)
