x-grades
-1756888419454841011/2000000000000000000
-861488250310009611/1000000000000000000
-1689064581785197433/2000000000000000000
-413788165737593911/500000000000000000
-324248148823110771/400000000000000000
-793664412640366033/1000000000000000000
-1553416906445910277/2000000000000000000
-189938123451386061/250000000000000000
-1485593068776266699/2000000000000000000
-145168114994144491/200000000000000000
-1417769231106623121/2000000000000000000
-345964328067950333/500000000000000000
-1349945393436979543/2000000000000000000
-658016737301078877/1000000000000000000
-256424311153467193/400000000000000000
-9751637788535267/15625000000000000
-1214297718097692387/2000000000000000000
-590192899631435299/1000000000000000000
-1146473880428048809/2000000000000000000
-55628098079661351/100000000000000000
-1078650042758405231/2000000000000000000
-522369061961791721/1000000000000000000
-1010826205088761653/2000000000000000000
-122114285781742483/250000000000000000
-37720094696764723/80000000000000000
-454545224292148143/1000000000000000000
-875178529749474497/2000000000000000000
-210316652728663177/500000000000000000
-807354692079830919/2000000000000000000
-77344277324500913/200000000000000000
-739530854410187341/2000000000000000000
-44101183473460347/125000000000000000
-671707016740543763/2000000000000000000
-318897548952860987/1000000000000000000
-120776635814180037/400000000000000000
-142492815059019599/500000000000000000
-536059341401256607/2000000000000000000
-251073711283217409/1000000000000000000
-468235503731613029/2000000000000000000
-10858089622419781/50000000000000000

y-grades
624997/2500000
624997/1250000
1874991/2500000
624997/625000
624997/500000
1874991/1250000
4374979/2500000
624997/312500
5624973/2500000
624997/250000
6874967/2500000
1874991/625000
8124961/2500000
4374979/1250000
1874991/500000
624997/156250
10624949/2500000
5624973/1250000
11874943/2500000
624997/125000
13124937/2500000
6874967/1250000
14374931/2500000
1874991/312500
624997/100000
8124961/1250000
16874919/2500000
4374979/625000
18124913/2500000
1874991/250000
19374907/2500000
624997/78125
20624901/2500000
10624949/1250000
4374979/500000
5624973/625000
23124889/2500000
11874943/1250000
24374883/2500000
624997/62500

Dimensions > 0:
(0, 0, 3)
(0, 1, 3)
(0, 2, 3)
(0, 3, 1)
(0, 4, 1)
(0, 5, 1)
(0, 6, 1)
(0, 7, 1)
(0, 8, 1)
(0, 9, 1)
(0, 10, 1)
(0, 11, 1)
(0, 12, 1)
(0, 13, 1)
(0, 14, 1)
(0, 15, 1)
(0, 16, 1)
(0, 17, 1)
(0, 18, 1)
(0, 19, 1)
(0, 20, 1)
(0, 21, 1)
(0, 22, 1)
(0, 23, 1)
(0, 24, 1)
(0, 25, 1)
(0, 26, 1)
(0, 27, 1)
(0, 28, 1)
(0, 29, 1)
(0, 30, 1)
(0, 31, 1)
(0, 32, 1)
(0, 33, 1)
(0, 34, 1)
(0, 35, 1)
(0, 36, 1)
(0, 37, 1)
(0, 38, 1)
(0, 39, 1)

(1, 0, 3)
(1, 1, 3)
(1, 2, 3)
(1, 3, 1)
(1, 4, 1)
(1, 5, 1)
(1, 6, 1)
(1, 7, 1)
(1, 8, 1)
(1, 9, 1)
(1, 10, 1)
(1, 11, 1)
(1, 12, 1)
(1, 13, 1)
(1, 14, 1)
(1, 15, 1)
(1, 16, 1)
(1, 17, 1)
(1, 18, 1)
(1, 19, 1)
(1, 20, 1)
(1, 21, 1)
(1, 22, 1)
(1, 23, 1)
(1, 24, 1)
(1, 25, 1)
(1, 26, 1)
(1, 27, 1)
(1, 28, 1)
(1, 29, 1)
(1, 30, 1)
(1, 31, 1)
(1, 32, 1)
(1, 33, 1)
(1, 34, 1)
(1, 35, 1)
(1, 36, 1)
(1, 37, 1)
(1, 38, 1)
(1, 39, 1)

(2, 0, 5)
(2, 1, 5)
(2, 2, 5)
(2, 3, 3)
(2, 4, 3)
(2, 5, 2)
(2, 6, 2)
(2, 7, 2)
(2, 8, 2)
(2, 9, 2)
(2, 10, 2)
(2, 11, 2)
(2, 12, 2)
(2, 13, 2)
(2, 14, 2)
(2, 15, 2)
(2, 16, 2)
(2, 17, 2)
(2, 18, 2)
(2, 19, 2)
(2, 20, 2)
(2, 21, 2)
(2, 22, 2)
(2, 23, 2)
(2, 24, 2)
(2, 25, 2)
(2, 26, 2)
(2, 27, 2)
(2, 28, 2)
(2, 29, 2)
(2, 30, 2)
(2, 31, 2)
(2, 32, 2)
(2, 33, 2)
(2, 34, 2)
(2, 35, 2)
(2, 36, 2)
(2, 37, 2)
(2, 38, 2)
(2, 39, 2)

(3, 0, 11)
(3, 1, 11)
(3, 2, 11)
(3, 3, 6)
(3, 4, 3)
(3, 5, 2)
(3, 6, 2)
(3, 7, 2)
(3, 8, 2)
(3, 9, 2)
(3, 10, 2)
(3, 11, 2)
(3, 12, 2)
(3, 13, 2)
(3, 14, 2)
(3, 15, 2)
(3, 16, 2)
(3, 17, 2)
(3, 18, 2)
(3, 19, 2)
(3, 20, 2)
(3, 21, 2)
(3, 22, 2)
(3, 23, 2)
(3, 24, 2)
(3, 25, 2)
(3, 26, 2)
(3, 27, 2)
(3, 28, 2)
(3, 29, 2)
(3, 30, 2)
(3, 31, 2)
(3, 32, 2)
(3, 33, 2)
(3, 34, 2)
(3, 35, 2)
(3, 36, 2)
(3, 37, 2)
(3, 38, 2)
(3, 39, 2)

(4, 0, 12)
(4, 1, 12)
(4, 2, 12)
(4, 3, 7)
(4, 4, 4)
(4, 5, 2)
(4, 6, 2)
(4, 7, 2)
(4, 8, 2)
(4, 9, 2)
(4, 10, 2)
(4, 11, 2)
(4, 12, 2)
(4, 13, 2)
(4, 14, 2)
(4, 15, 2)
(4, 16, 2)
(4, 17, 2)
(4, 18, 2)
(4, 19, 2)
(4, 20, 2)
(4, 21, 2)
(4, 22, 2)
(4, 23, 2)
(4, 24, 2)
(4, 25, 2)
(4, 26, 2)
(4, 27, 2)
(4, 28, 2)
(4, 29, 2)
(4, 30, 2)
(4, 31, 2)
(4, 32, 2)
(4, 33, 2)
(4, 34, 2)
(4, 35, 2)
(4, 36, 2)
(4, 37, 2)
(4, 38, 2)
(4, 39, 2)

(5, 0, 16)
(5, 1, 16)
(5, 2, 16)
(5, 3, 11)
(5, 4, 4)
(5, 5, 2)
(5, 6, 2)
(5, 7, 2)
(5, 8, 2)
(5, 9, 2)
(5, 10, 2)
(5, 11, 2)
(5, 12, 2)
(5, 13, 2)
(5, 14, 2)
(5, 15, 2)
(5, 16, 2)
(5, 17, 2)
(5, 18, 2)
(5, 19, 2)
(5, 20, 2)
(5, 21, 2)
(5, 22, 2)
(5, 23, 2)
(5, 24, 2)
(5, 25, 2)
(5, 26, 2)
(5, 27, 2)
(5, 28, 2)
(5, 29, 2)
(5, 30, 2)
(5, 31, 2)
(5, 32, 2)
(5, 33, 2)
(5, 34, 2)
(5, 35, 2)
(5, 36, 2)
(5, 37, 2)
(5, 38, 2)
(5, 39, 2)

(6, 0, 22)
(6, 1, 22)
(6, 2, 22)
(6, 3, 16)
(6, 4, 6)
(6, 5, 3)
(6, 6, 3)
(6, 7, 3)
(6, 8, 3)
(6, 9, 3)
(6, 10, 3)
(6, 11, 3)
(6, 12, 3)
(6, 13, 3)
(6, 14, 3)
(6, 15, 3)
(6, 16, 3)
(6, 17, 3)
(6, 18, 3)
(6, 19, 3)
(6, 20, 3)
(6, 21, 3)
(6, 22, 3)
(6, 23, 3)
(6, 24, 3)
(6, 25, 3)
(6, 26, 3)
(6, 27, 3)
(6, 28, 3)
(6, 29, 3)
(6, 30, 3)
(6, 31, 3)
(6, 32, 3)
(6, 33, 3)
(6, 34, 3)
(6, 35, 3)
(6, 36, 3)
(6, 37, 3)
(6, 38, 3)
(6, 39, 3)

(7, 0, 28)
(7, 1, 28)
(7, 2, 28)
(7, 3, 20)
(7, 4, 8)
(7, 5, 3)
(7, 6, 3)
(7, 7, 3)
(7, 8, 3)
(7, 9, 3)
(7, 10, 3)
(7, 11, 3)
(7, 12, 3)
(7, 13, 3)
(7, 14, 3)
(7, 15, 3)
(7, 16, 3)
(7, 17, 3)
(7, 18, 3)
(7, 19, 3)
(7, 20, 3)
(7, 21, 3)
(7, 22, 3)
(7, 23, 3)
(7, 24, 3)
(7, 25, 3)
(7, 26, 3)
(7, 27, 3)
(7, 28, 3)
(7, 29, 3)
(7, 30, 3)
(7, 31, 3)
(7, 32, 3)
(7, 33, 3)
(7, 34, 3)
(7, 35, 3)
(7, 36, 3)
(7, 37, 3)
(7, 38, 3)
(7, 39, 3)

(8, 0, 34)
(8, 1, 34)
(8, 2, 34)
(8, 3, 22)
(8, 4, 10)
(8, 5, 4)
(8, 6, 4)
(8, 7, 4)
(8, 8, 4)
(8, 9, 4)
(8, 10, 4)
(8, 11, 4)
(8, 12, 4)
(8, 13, 4)
(8, 14, 4)
(8, 15, 4)
(8, 16, 4)
(8, 17, 4)
(8, 18, 4)
(8, 19, 4)
(8, 20, 4)
(8, 21, 4)
(8, 22, 4)
(8, 23, 4)
(8, 24, 4)
(8, 25, 4)
(8, 26, 4)
(8, 27, 4)
(8, 28, 4)
(8, 29, 4)
(8, 30, 4)
(8, 31, 4)
(8, 32, 4)
(8, 33, 4)
(8, 34, 4)
(8, 35, 4)
(8, 36, 4)
(8, 37, 4)
(8, 38, 4)
(8, 39, 4)

(9, 0, 40)
(9, 1, 40)
(9, 2, 40)
(9, 3, 27)
(9, 4, 14)
(9, 5, 5)
(9, 6, 5)
(9, 7, 5)
(9, 8, 4)
(9, 9, 4)
(9, 10, 4)
(9, 11, 4)
(9, 12, 4)
(9, 13, 4)
(9, 14, 4)
(9, 15, 4)
(9, 16, 4)
(9, 17, 4)
(9, 18, 4)
(9, 19, 4)
(9, 20, 4)
(9, 21, 4)
(9, 22, 4)
(9, 23, 4)
(9, 24, 4)
(9, 25, 4)
(9, 26, 4)
(9, 27, 4)
(9, 28, 4)
(9, 29, 4)
(9, 30, 4)
(9, 31, 4)
(9, 32, 4)
(9, 33, 4)
(9, 34, 4)
(9, 35, 4)
(9, 36, 4)
(9, 37, 4)
(9, 38, 4)
(9, 39, 4)

(10, 0, 45)
(10, 1, 45)
(10, 2, 45)
(10, 3, 32)
(10, 4, 17)
(10, 5, 7)
(10, 6, 7)
(10, 7, 6)
(10, 8, 5)
(10, 9, 5)
(10, 10, 4)
(10, 11, 4)
(10, 12, 4)
(10, 13, 4)
(10, 14, 4)
(10, 15, 4)
(10, 16, 4)
(10, 17, 4)
(10, 18, 4)
(10, 19, 4)
(10, 20, 4)
(10, 21, 4)
(10, 22, 4)
(10, 23, 4)
(10, 24, 4)
(10, 25, 4)
(10, 26, 4)
(10, 27, 4)
(10, 28, 4)
(10, 29, 4)
(10, 30, 4)
(10, 31, 4)
(10, 32, 4)
(10, 33, 4)
(10, 34, 4)
(10, 35, 4)
(10, 36, 4)
(10, 37, 4)
(10, 38, 4)
(10, 39, 4)

(11, 0, 56)
(11, 1, 56)
(11, 2, 56)
(11, 3, 40)
(11, 4, 20)
(11, 5, 7)
(11, 6, 6)
(11, 7, 6)
(11, 8, 4)
(11, 9, 4)
(11, 10, 4)
(11, 11, 4)
(11, 12, 4)
(11, 13, 4)
(11, 14, 4)
(11, 15, 4)
(11, 16, 4)
(11, 17, 4)
(11, 18, 4)
(11, 19, 4)
(11, 20, 4)
(11, 21, 4)
(11, 22, 4)
(11, 23, 4)
(11, 24, 4)
(11, 25, 4)
(11, 26, 4)
(11, 27, 4)
(11, 28, 4)
(11, 29, 4)
(11, 30, 4)
(11, 31, 4)
(11, 32, 4)
(11, 33, 4)
(11, 34, 4)
(11, 35, 4)
(11, 36, 4)
(11, 37, 4)
(11, 38, 4)
(11, 39, 4)

(12, 0, 61)
(12, 1, 61)
(12, 2, 61)
(12, 3, 45)
(12, 4, 24)
(12, 5, 10)
(12, 6, 8)
(12, 7, 8)
(12, 8, 4)
(12, 9, 4)
(12, 10, 4)
(12, 11, 4)
(12, 12, 4)
(12, 13, 4)
(12, 14, 4)
(12, 15, 4)
(12, 16, 4)
(12, 17, 4)
(12, 18, 4)
(12, 19, 4)
(12, 20, 4)
(12, 21, 4)
(12, 22, 4)
(12, 23, 4)
(12, 24, 4)
(12, 25, 4)
(12, 26, 4)
(12, 27, 4)
(12, 28, 4)
(12, 29, 4)
(12, 30, 4)
(12, 31, 4)
(12, 32, 4)
(12, 33, 4)
(12, 34, 4)
(12, 35, 4)
(12, 36, 4)
(12, 37, 4)
(12, 38, 4)
(12, 39, 4)

(13, 0, 68)
(13, 1, 68)
(13, 2, 68)
(13, 3, 52)
(13, 4, 28)
(13, 5, 11)
(13, 6, 8)
(13, 7, 8)
(13, 8, 4)
(13, 9, 4)
(13, 10, 4)
(13, 11, 4)
(13, 12, 4)
(13, 13, 4)
(13, 14, 4)
(13, 15, 4)
(13, 16, 4)
(13, 17, 4)
(13, 18, 4)
(13, 19, 4)
(13, 20, 4)
(13, 21, 4)
(13, 22, 4)
(13, 23, 4)
(13, 24, 4)
(13, 25, 4)
(13, 26, 4)
(13, 27, 4)
(13, 28, 4)
(13, 29, 4)
(13, 30, 4)
(13, 31, 4)
(13, 32, 4)
(13, 33, 4)
(13, 34, 4)
(13, 35, 4)
(13, 36, 4)
(13, 37, 4)
(13, 38, 4)
(13, 39, 4)

(14, 0, 82)
(14, 1, 80)
(14, 2, 79)
(14, 3, 62)
(14, 4, 35)
(14, 5, 16)
(14, 6, 13)
(14, 7, 11)
(14, 8, 6)
(14, 9, 5)
(14, 10, 5)
(14, 11, 5)
(14, 12, 5)
(14, 13, 5)
(14, 14, 5)
(14, 15, 5)
(14, 16, 5)
(14, 17, 5)
(14, 18, 5)
(14, 19, 5)
(14, 20, 5)
(14, 21, 5)
(14, 22, 5)
(14, 23, 5)
(14, 24, 5)
(14, 25, 5)
(14, 26, 5)
(14, 27, 5)
(14, 28, 5)
(14, 29, 5)
(14, 30, 5)
(14, 31, 5)
(14, 32, 5)
(14, 33, 5)
(14, 34, 5)
(14, 35, 5)
(14, 36, 5)
(14, 37, 5)
(14, 38, 5)
(14, 39, 5)

(15, 0, 98)
(15, 1, 95)
(15, 2, 93)
(15, 3, 70)
(15, 4, 38)
(15, 5, 17)
(15, 6, 13)
(15, 7, 11)
(15, 8, 6)
(15, 9, 5)
(15, 10, 5)
(15, 11, 5)
(15, 12, 5)
(15, 13, 5)
(15, 14, 5)
(15, 15, 5)
(15, 16, 5)
(15, 17, 5)
(15, 18, 5)
(15, 19, 5)
(15, 20, 5)
(15, 21, 5)
(15, 22, 5)
(15, 23, 5)
(15, 24, 5)
(15, 25, 5)
(15, 26, 5)
(15, 27, 5)
(15, 28, 5)
(15, 29, 5)
(15, 30, 5)
(15, 31, 5)
(15, 32, 5)
(15, 33, 5)
(15, 34, 5)
(15, 35, 5)
(15, 36, 5)
(15, 37, 5)
(15, 38, 5)
(15, 39, 5)

(16, 0, 104)
(16, 1, 101)
(16, 2, 99)
(16, 3, 74)
(16, 4, 42)
(16, 5, 19)
(16, 6, 14)
(16, 7, 11)
(16, 8, 6)
(16, 9, 5)
(16, 10, 5)
(16, 11, 5)
(16, 12, 5)
(16, 13, 5)
(16, 14, 5)
(16, 15, 5)
(16, 16, 5)
(16, 17, 5)
(16, 18, 5)
(16, 19, 5)
(16, 20, 5)
(16, 21, 5)
(16, 22, 5)
(16, 23, 5)
(16, 24, 5)
(16, 25, 5)
(16, 26, 5)
(16, 27, 5)
(16, 28, 5)
(16, 29, 5)
(16, 30, 5)
(16, 31, 5)
(16, 32, 5)
(16, 33, 5)
(16, 34, 5)
(16, 35, 5)
(16, 36, 5)
(16, 37, 5)
(16, 38, 5)
(16, 39, 5)

(17, 0, 116)
(17, 1, 111)
(17, 2, 109)
(17, 3, 82)
(17, 4, 48)
(17, 5, 23)
(17, 6, 18)
(17, 7, 13)
(17, 8, 7)
(17, 9, 5)
(17, 10, 5)
(17, 11, 5)
(17, 12, 5)
(17, 13, 5)
(17, 14, 5)
(17, 15, 5)
(17, 16, 5)
(17, 17, 5)
(17, 18, 5)
(17, 19, 5)
(17, 20, 5)
(17, 21, 5)
(17, 22, 5)
(17, 23, 5)
(17, 24, 5)
(17, 25, 5)
(17, 26, 5)
(17, 27, 5)
(17, 28, 5)
(17, 29, 5)
(17, 30, 5)
(17, 31, 5)
(17, 32, 5)
(17, 33, 5)
(17, 34, 5)
(17, 35, 5)
(17, 36, 5)
(17, 37, 5)
(17, 38, 5)
(17, 39, 5)

(18, 0, 123)
(18, 1, 118)
(18, 2, 114)
(18, 3, 85)
(18, 4, 49)
(18, 5, 23)
(18, 6, 18)
(18, 7, 13)
(18, 8, 6)
(18, 9, 5)
(18, 10, 5)
(18, 11, 5)
(18, 12, 5)
(18, 13, 5)
(18, 14, 5)
(18, 15, 5)
(18, 16, 5)
(18, 17, 5)
(18, 18, 5)
(18, 19, 5)
(18, 20, 5)
(18, 21, 5)
(18, 22, 5)
(18, 23, 5)
(18, 24, 5)
(18, 25, 5)
(18, 26, 5)
(18, 27, 5)
(18, 28, 5)
(18, 29, 5)
(18, 30, 5)
(18, 31, 5)
(18, 32, 5)
(18, 33, 5)
(18, 34, 5)
(18, 35, 5)
(18, 36, 5)
(18, 37, 5)
(18, 38, 5)
(18, 39, 5)

(19, 0, 135)
(19, 1, 129)
(19, 2, 124)
(19, 3, 93)
(19, 4, 57)
(19, 5, 30)
(19, 6, 25)
(19, 7, 16)
(19, 8, 8)
(19, 9, 7)
(19, 10, 6)
(19, 11, 6)
(19, 12, 6)
(19, 13, 6)
(19, 14, 6)
(19, 15, 6)
(19, 16, 6)
(19, 17, 6)
(19, 18, 5)
(19, 19, 5)
(19, 20, 5)
(19, 21, 5)
(19, 22, 5)
(19, 23, 5)
(19, 24, 5)
(19, 25, 5)
(19, 26, 5)
(19, 27, 5)
(19, 28, 5)
(19, 29, 5)
(19, 30, 5)
(19, 31, 5)
(19, 32, 4)
(19, 33, 4)
(19, 34, 4)
(19, 35, 4)
(19, 36, 4)
(19, 37, 4)
(19, 38, 4)
(19, 39, 4)

(20, 0, 147)
(20, 1, 141)
(20, 2, 136)
(20, 3, 104)
(20, 4, 64)
(20, 5, 36)
(20, 6, 28)
(20, 7, 19)
(20, 8, 10)
(20, 9, 8)
(20, 10, 7)
(20, 11, 7)
(20, 12, 7)
(20, 13, 7)
(20, 14, 6)
(20, 15, 6)
(20, 16, 6)
(20, 17, 6)
(20, 18, 6)
(20, 19, 6)
(20, 20, 6)
(20, 21, 6)
(20, 22, 6)
(20, 23, 6)
(20, 24, 5)
(20, 25, 5)
(20, 26, 5)
(20, 27, 5)
(20, 28, 5)
(20, 29, 5)
(20, 30, 5)
(20, 31, 5)
(20, 32, 5)
(20, 33, 5)
(20, 34, 5)
(20, 35, 5)
(20, 36, 5)
(20, 37, 5)
(20, 38, 5)
(20, 39, 5)

(21, 0, 168)
(21, 1, 160)
(21, 2, 154)
(21, 3, 114)
(21, 4, 70)
(21, 5, 39)
(21, 6, 27)
(21, 7, 18)
(21, 8, 9)
(21, 9, 7)
(21, 10, 6)
(21, 11, 6)
(21, 12, 6)
(21, 13, 6)
(21, 14, 6)
(21, 15, 6)
(21, 16, 6)
(21, 17, 6)
(21, 18, 6)
(21, 19, 6)
(21, 20, 6)
(21, 21, 6)
(21, 22, 6)
(21, 23, 5)
(21, 24, 5)
(21, 25, 5)
(21, 26, 5)
(21, 27, 5)
(21, 28, 5)
(21, 29, 5)
(21, 30, 5)
(21, 31, 5)
(21, 32, 5)
(21, 33, 5)
(21, 34, 5)
(21, 35, 5)
(21, 36, 5)
(21, 37, 5)
(21, 38, 5)
(21, 39, 5)

(22, 0, 180)
(22, 1, 173)
(22, 2, 165)
(22, 3, 120)
(22, 4, 74)
(22, 5, 43)
(22, 6, 29)
(22, 7, 19)
(22, 8, 9)
(22, 9, 7)
(22, 10, 6)
(22, 11, 6)
(22, 12, 6)
(22, 13, 6)
(22, 14, 6)
(22, 15, 6)
(22, 16, 6)
(22, 17, 6)
(22, 18, 6)
(22, 19, 6)
(22, 20, 6)
(22, 21, 6)
(22, 22, 6)
(22, 23, 5)
(22, 24, 5)
(22, 25, 5)
(22, 26, 5)
(22, 27, 5)
(22, 28, 5)
(22, 29, 5)
(22, 30, 5)
(22, 31, 5)
(22, 32, 5)
(22, 33, 5)
(22, 34, 5)
(22, 35, 5)
(22, 36, 5)
(22, 37, 5)
(22, 38, 5)
(22, 39, 5)

(23, 0, 193)
(23, 1, 186)
(23, 2, 177)
(23, 3, 129)
(23, 4, 80)
(23, 5, 46)
(23, 6, 32)
(23, 7, 21)
(23, 8, 11)
(23, 9, 9)
(23, 10, 8)
(23, 11, 8)
(23, 12, 6)
(23, 13, 6)
(23, 14, 5)
(23, 15, 5)
(23, 16, 5)
(23, 17, 5)
(23, 18, 5)
(23, 19, 5)
(23, 20, 5)
(23, 21, 5)
(23, 22, 5)
(23, 23, 5)
(23, 24, 5)
(23, 25, 5)
(23, 26, 5)
(23, 27, 5)
(23, 28, 5)
(23, 29, 5)
(23, 30, 5)
(23, 31, 5)
(23, 32, 5)
(23, 33, 5)
(23, 34, 5)
(23, 35, 5)
(23, 36, 5)
(23, 37, 4)
(23, 38, 4)
(23, 39, 4)

(24, 0, 207)
(24, 1, 197)
(24, 2, 188)
(24, 3, 137)
(24, 4, 88)
(24, 5, 52)
(24, 6, 36)
(24, 7, 23)
(24, 8, 9)
(24, 9, 7)
(24, 10, 6)
(24, 11, 6)
(24, 12, 5)
(24, 13, 5)
(24, 14, 5)
(24, 15, 5)
(24, 16, 5)
(24, 17, 5)
(24, 18, 5)
(24, 19, 5)
(24, 20, 5)
(24, 21, 5)
(24, 22, 5)
(24, 23, 5)
(24, 24, 5)
(24, 25, 5)
(24, 26, 5)
(24, 27, 5)
(24, 28, 5)
(24, 29, 5)
(24, 30, 5)
(24, 31, 5)
(24, 32, 5)
(24, 33, 5)
(24, 34, 5)
(24, 35, 5)
(24, 36, 5)
(24, 37, 4)
(24, 38, 4)
(24, 39, 4)

(25, 0, 230)
(25, 1, 215)
(25, 2, 205)
(25, 3, 151)
(25, 4, 97)
(25, 5, 60)
(25, 6, 42)
(25, 7, 24)
(25, 8, 10)
(25, 9, 8)
(25, 10, 7)
(25, 11, 7)
(25, 12, 6)
(25, 13, 6)
(25, 14, 4)
(25, 15, 4)
(25, 16, 4)
(25, 17, 4)
(25, 18, 4)
(25, 19, 4)
(25, 20, 4)
(25, 21, 4)
(25, 22, 4)
(25, 23, 4)
(25, 24, 4)
(25, 25, 4)
(25, 26, 4)
(25, 27, 4)
(25, 28, 4)
(25, 29, 4)
(25, 30, 4)
(25, 31, 4)
(25, 32, 4)
(25, 33, 4)
(25, 34, 4)
(25, 35, 3)
(25, 36, 3)
(25, 37, 3)
(25, 38, 3)
(25, 39, 3)

(26, 0, 247)
(26, 1, 231)
(26, 2, 219)
(26, 3, 162)
(26, 4, 104)
(26, 5, 63)
(26, 6, 41)
(26, 7, 24)
(26, 8, 10)
(26, 9, 7)
(26, 10, 5)
(26, 11, 5)
(26, 12, 5)
(26, 13, 5)
(26, 14, 4)
(26, 15, 4)
(26, 16, 4)
(26, 17, 4)
(26, 18, 4)
(26, 19, 4)
(26, 20, 4)
(26, 21, 4)
(26, 22, 4)
(26, 23, 4)
(26, 24, 4)
(26, 25, 4)
(26, 26, 4)
(26, 27, 4)
(26, 28, 4)
(26, 29, 3)
(26, 30, 3)
(26, 31, 3)
(26, 32, 3)
(26, 33, 3)
(26, 34, 3)
(26, 35, 3)
(26, 36, 3)
(26, 37, 3)
(26, 38, 3)
(26, 39, 3)

(27, 0, 265)
(27, 1, 245)
(27, 2, 232)
(27, 3, 171)
(27, 4, 113)
(27, 5, 68)
(27, 6, 46)
(27, 7, 25)
(27, 8, 12)
(27, 9, 7)
(27, 10, 5)
(27, 11, 5)
(27, 12, 4)
(27, 13, 4)
(27, 14, 4)
(27, 15, 4)
(27, 16, 3)
(27, 17, 3)
(27, 18, 3)
(27, 19, 3)
(27, 20, 3)
(27, 21, 3)
(27, 22, 3)
(27, 23, 3)
(27, 24, 3)
(27, 25, 3)
(27, 26, 3)
(27, 27, 3)
(27, 28, 3)
(27, 29, 3)
(27, 30, 3)
(27, 31, 3)
(27, 32, 3)
(27, 33, 3)
(27, 34, 3)
(27, 35, 3)
(27, 36, 3)
(27, 37, 3)
(27, 38, 3)
(27, 39, 3)

(28, 0, 299)
(28, 1, 274)
(28, 2, 257)
(28, 3, 191)
(28, 4, 125)
(28, 5, 76)
(28, 6, 50)
(28, 7, 25)
(28, 8, 11)
(28, 9, 6)
(28, 10, 4)
(28, 11, 4)
(28, 12, 3)
(28, 13, 3)
(28, 14, 3)
(28, 15, 3)
(28, 16, 3)
(28, 17, 3)
(28, 18, 3)
(28, 19, 3)
(28, 20, 3)
(28, 21, 3)
(28, 22, 3)
(28, 23, 3)
(28, 24, 3)
(28, 25, 3)
(28, 26, 3)
(28, 27, 3)
(28, 28, 3)
(28, 29, 3)
(28, 30, 3)
(28, 31, 2)
(28, 32, 2)
(28, 33, 2)
(28, 34, 2)
(28, 35, 2)
(28, 36, 2)
(28, 37, 2)
(28, 38, 2)
(28, 39, 1)

(29, 0, 327)
(29, 1, 298)
(29, 2, 279)
(29, 3, 209)
(29, 4, 134)
(29, 5, 80)
(29, 6, 50)
(29, 7, 23)
(29, 8, 11)
(29, 9, 7)
(29, 10, 4)
(29, 11, 4)
(29, 12, 3)
(29, 13, 3)
(29, 14, 3)
(29, 15, 3)
(29, 16, 2)
(29, 17, 2)
(29, 18, 2)
(29, 19, 2)
(29, 20, 2)
(29, 21, 2)
(29, 22, 2)
(29, 23, 2)
(29, 24, 2)
(29, 25, 2)
(29, 26, 2)
(29, 27, 2)
(29, 28, 2)
(29, 29, 2)
(29, 30, 2)
(29, 31, 2)
(29, 32, 2)
(29, 33, 2)
(29, 34, 2)
(29, 35, 2)
(29, 36, 1)
(29, 37, 1)
(29, 38, 1)
(29, 39, 1)

(30, 0, 348)
(30, 1, 319)
(30, 2, 297)
(30, 3, 219)
(30, 4, 140)
(30, 5, 84)
(30, 6, 52)
(30, 7, 22)
(30, 8, 10)
(30, 9, 5)
(30, 10, 2)
(30, 11, 2)
(30, 12, 2)
(30, 13, 2)
(30, 14, 2)
(30, 15, 2)
(30, 16, 2)
(30, 17, 2)
(30, 18, 2)
(30, 19, 2)
(30, 20, 2)
(30, 21, 2)
(30, 22, 2)
(30, 23, 2)
(30, 24, 2)
(30, 25, 2)
(30, 26, 1)
(30, 27, 1)
(30, 28, 1)
(30, 29, 1)
(30, 30, 1)
(30, 31, 1)
(30, 32, 1)
(30, 33, 1)
(30, 34, 1)
(30, 35, 1)
(30, 36, 1)
(30, 37, 1)
(30, 38, 1)
(30, 39, 1)

(31, 0, 382)
(31, 1, 345)
(31, 2, 320)
(31, 3, 235)
(31, 4, 145)
(31, 5, 86)
(31, 6, 52)
(31, 7, 21)
(31, 8, 9)
(31, 9, 5)
(31, 10, 2)
(31, 11, 2)
(31, 12, 2)
(31, 13, 2)
(31, 14, 2)
(31, 15, 1)
(31, 16, 1)
(31, 17, 1)
(31, 18, 1)
(31, 19, 1)
(31, 20, 1)
(31, 21, 1)
(31, 22, 1)
(31, 23, 1)
(31, 24, 1)
(31, 25, 1)
(31, 26, 1)
(31, 27, 1)
(31, 28, 1)
(31, 29, 1)
(31, 30, 1)
(31, 31, 1)
(31, 32, 1)
(31, 33, 1)
(31, 34, 1)
(31, 35, 1)
(31, 36, 1)
(31, 37, 1)
(31, 38, 1)
(31, 39, 1)

(32, 0, 395)
(32, 1, 356)
(32, 2, 330)
(32, 3, 244)
(32, 4, 150)
(32, 5, 90)
(32, 6, 54)
(32, 7, 20)
(32, 8, 8)
(32, 9, 4)
(32, 10, 1)
(32, 11, 1)
(32, 12, 1)
(32, 13, 1)
(32, 14, 1)
(32, 15, 1)
(32, 16, 1)
(32, 17, 1)
(32, 18, 1)
(32, 19, 1)
(32, 20, 1)
(32, 21, 1)
(32, 22, 1)
(32, 23, 1)
(32, 24, 1)
(32, 25, 1)
(32, 26, 1)
(32, 27, 1)
(32, 28, 1)
(32, 29, 1)
(32, 30, 1)
(32, 31, 1)
(32, 32, 1)
(32, 33, 1)
(32, 34, 1)
(32, 35, 1)
(32, 36, 1)
(32, 37, 1)
(32, 38, 1)
(32, 39, 1)

(33, 0, 405)
(33, 1, 364)
(33, 2, 338)
(33, 3, 252)
(33, 4, 156)
(33, 5, 95)
(33, 6, 57)
(33, 7, 22)
(33, 8, 9)
(33, 9, 5)
(33, 10, 2)
(33, 11, 2)
(33, 12, 2)
(33, 13, 2)
(33, 14, 1)
(33, 15, 1)
(33, 16, 1)
(33, 17, 1)
(33, 18, 1)
(33, 19, 1)
(33, 20, 1)
(33, 21, 1)
(33, 22, 1)
(33, 23, 1)
(33, 24, 1)
(33, 25, 1)
(33, 26, 1)
(33, 27, 1)
(33, 28, 1)
(33, 29, 1)
(33, 30, 1)
(33, 31, 1)
(33, 32, 1)
(33, 33, 1)
(33, 34, 1)
(33, 35, 1)
(33, 36, 1)
(33, 37, 1)
(33, 38, 1)
(33, 39, 1)

(34, 0, 417)
(34, 1, 373)
(34, 2, 346)
(34, 3, 260)
(34, 4, 161)
(34, 5, 96)
(34, 6, 57)
(34, 7, 22)
(34, 8, 9)
(34, 9, 5)
(34, 10, 1)
(34, 11, 1)
(34, 12, 1)
(34, 13, 1)
(34, 14, 1)
(34, 15, 1)
(34, 16, 1)
(34, 17, 1)
(34, 18, 1)
(34, 19, 1)
(34, 20, 1)
(34, 21, 1)
(34, 22, 1)
(34, 23, 1)
(34, 24, 1)
(34, 25, 1)
(34, 26, 1)
(34, 27, 1)
(34, 28, 1)
(34, 29, 1)
(34, 30, 1)
(34, 31, 1)
(34, 32, 1)
(34, 33, 1)
(34, 34, 1)
(34, 35, 1)
(34, 36, 1)
(34, 37, 1)
(34, 38, 1)
(34, 39, 1)

(35, 0, 427)
(35, 1, 381)
(35, 2, 351)
(35, 3, 265)
(35, 4, 164)
(35, 5, 97)
(35, 6, 56)
(35, 7, 21)
(35, 8, 9)
(35, 9, 5)
(35, 10, 1)
(35, 11, 1)
(35, 12, 1)
(35, 13, 1)
(35, 14, 1)
(35, 15, 1)
(35, 16, 1)
(35, 17, 1)
(35, 18, 1)
(35, 19, 1)
(35, 20, 1)
(35, 21, 1)
(35, 22, 1)
(35, 23, 1)
(35, 24, 1)
(35, 25, 1)
(35, 26, 1)
(35, 27, 1)
(35, 28, 1)
(35, 29, 1)
(35, 30, 1)
(35, 31, 1)
(35, 32, 1)
(35, 33, 1)
(35, 34, 1)
(35, 35, 1)
(35, 36, 1)
(35, 37, 1)
(35, 38, 1)
(35, 39, 1)

(36, 0, 440)
(36, 1, 390)
(36, 2, 359)
(36, 3, 271)
(36, 4, 167)
(36, 5, 98)
(36, 6, 57)
(36, 7, 20)
(36, 8, 7)
(36, 9, 3)
(36, 10, 1)
(36, 11, 1)
(36, 12, 1)
(36, 13, 1)
(36, 14, 1)
(36, 15, 1)
(36, 16, 1)
(36, 17, 1)
(36, 18, 1)
(36, 19, 1)
(36, 20, 1)
(36, 21, 1)
(36, 22, 1)
(36, 23, 1)
(36, 24, 1)
(36, 25, 1)
(36, 26, 1)
(36, 27, 1)
(36, 28, 1)
(36, 29, 1)
(36, 30, 1)
(36, 31, 1)
(36, 32, 1)
(36, 33, 1)
(36, 34, 1)
(36, 35, 1)
(36, 36, 1)
(36, 37, 1)
(36, 38, 1)
(36, 39, 1)

(37, 0, 451)
(37, 1, 401)
(37, 2, 366)
(37, 3, 276)
(37, 4, 165)
(37, 5, 95)
(37, 6, 54)
(37, 7, 20)
(37, 8, 7)
(37, 9, 3)
(37, 10, 1)
(37, 11, 1)
(37, 12, 1)
(37, 13, 1)
(37, 14, 1)
(37, 15, 1)
(37, 16, 1)
(37, 17, 1)
(37, 18, 1)
(37, 19, 1)
(37, 20, 1)
(37, 21, 1)
(37, 22, 1)
(37, 23, 1)
(37, 24, 1)
(37, 25, 1)
(37, 26, 1)
(37, 27, 1)
(37, 28, 1)
(37, 29, 1)
(37, 30, 1)
(37, 31, 1)
(37, 32, 1)
(37, 33, 1)
(37, 34, 1)
(37, 35, 1)
(37, 36, 1)
(37, 37, 1)
(37, 38, 1)
(37, 39, 1)

(38, 0, 456)
(38, 1, 406)
(38, 2, 370)
(38, 3, 279)
(38, 4, 165)
(38, 5, 94)
(38, 6, 54)
(38, 7, 20)
(38, 8, 7)
(38, 9, 3)
(38, 10, 1)
(38, 11, 1)
(38, 12, 1)
(38, 13, 1)
(38, 14, 1)
(38, 15, 1)
(38, 16, 1)
(38, 17, 1)
(38, 18, 1)
(38, 19, 1)
(38, 20, 1)
(38, 21, 1)
(38, 22, 1)
(38, 23, 1)
(38, 24, 1)
(38, 25, 1)
(38, 26, 1)
(38, 27, 1)
(38, 28, 1)
(38, 29, 1)
(38, 30, 1)
(38, 31, 1)
(38, 32, 1)
(38, 33, 1)
(38, 34, 1)
(38, 35, 1)
(38, 36, 1)
(38, 37, 1)
(38, 38, 1)
(38, 39, 1)

(39, 0, 459)
(39, 1, 408)
(39, 2, 372)
(39, 3, 281)
(39, 4, 165)
(39, 5, 94)
(39, 6, 54)
(39, 7, 20)
(39, 8, 7)
(39, 9, 3)
(39, 10, 1)
(39, 11, 1)
(39, 12, 1)
(39, 13, 1)
(39, 14, 1)
(39, 15, 1)
(39, 16, 1)
(39, 17, 1)
(39, 18, 1)
(39, 19, 1)
(39, 20, 1)
(39, 21, 1)
(39, 22, 1)
(39, 23, 1)
(39, 24, 1)
(39, 25, 1)
(39, 26, 1)
(39, 27, 1)
(39, 28, 1)
(39, 29, 1)
(39, 30, 1)
(39, 31, 1)
(39, 32, 1)
(39, 33, 1)
(39, 34, 1)
(39, 35, 1)
(39, 36, 1)
(39, 37, 1)
(39, 38, 1)
(39, 39, 1)


Betti numbers:
xi_0:
(0, 0, 3)
(2, 0, 2)
(3, 0, 6)
(4, 0, 1)
(5, 0, 4)
(6, 0, 6)
(7, 0, 6)
(8, 0, 6)
(9, 0, 6)
(10, 0, 5)
(11, 0, 11)
(12, 0, 5)
(13, 0, 7)
(14, 0, 14)
(15, 0, 16)
(16, 0, 6)
(17, 0, 12)
(18, 0, 7)
(19, 0, 12)
(20, 0, 12)
(21, 0, 21)
(22, 0, 13)
(23, 0, 13)
(24, 0, 14)
(25, 0, 23)
(26, 0, 17)
(27, 0, 18)
(28, 0, 34)
(29, 0, 28)
(30, 0, 22)
(31, 0, 34)
(32, 0, 13)
(33, 0, 10)
(34, 0, 12)
(35, 0, 10)
(36, 0, 13)
(37, 0, 11)
(38, 0, 5)
(39, 0, 3)
xi_1:
(0, 3, 2)
(2, 5, 1)
(3, 3, 3)
(3, 4, 3)
(4, 5, 1)
(5, 4, 4)
(6, 3, 1)
(6, 4, 3)
(6, 5, 1)
(7, 3, 2)
(7, 4, 2)
(7, 5, 2)
(8, 3, 4)
(8, 5, 1)
(9, 3, 1)
(9, 4, 1)
(9, 5, 3)
(9, 8, 1)
(10, 4, 2)
(10, 5, 1)
(10, 7, 1)
(10, 10, 1)
(11, 3, 3)
(11, 4, 5)
(11, 5, 3)
(11, 6, 1)
(11, 8, 1)
(12, 4, 1)
(12, 5, 1)
(12, 6, 1)
(12, 8, 2)
(13, 4, 3)
(13, 5, 3)
(13, 6, 1)
(14, 1, 2)
(14, 2, 1)
(14, 3, 1)
(14, 4, 3)
(14, 5, 2)
(14, 7, 2)
(14, 8, 1)
(14, 9, 1)
(15, 1, 1)
(15, 2, 1)
(15, 3, 6)
(15, 4, 5)
(15, 5, 2)
(15, 6, 1)
(16, 3, 2)
(16, 5, 2)
(16, 6, 1)
(16, 7, 1)
(17, 1, 2)
(17, 3, 2)
(17, 4, 2)
(17, 5, 2)
(17, 7, 2)
(17, 8, 1)
(17, 9, 1)
(18, 2, 2)
(18, 3, 2)
(18, 4, 2)
(18, 5, 2)
(18, 8, 1)
(19, 1, 1)
(19, 2, 1)
(19, 3, 2)
(19, 5, 1)
(19, 7, 4)
(19, 8, 1)
(19, 10, 1)
(19, 18, 1)
(19, 32, 1)
(20, 3, 1)
(20, 4, 4)
(20, 5, 1)
(20, 6, 3)
(20, 8, 1)
(20, 9, 1)
(20, 14, 1)
(20, 24, 1)
(21, 1, 2)
(21, 2, 1)
(21, 3, 8)
(21, 4, 4)
(21, 5, 3)
(21, 6, 4)
(21, 23, 1)
(22, 0, 1)
(22, 2, 2)
(22, 3, 5)
(22, 4, 3)
(22, 6, 2)
(22, 7, 1)
(22, 8, 1)
(23, 2, 1)
(23, 3, 3)
(23, 4, 3)
(23, 5, 3)
(23, 7, 1)
(23, 12, 2)
(23, 14, 1)
(23, 37, 1)
(24, 1, 3)
(24, 3, 3)
(24, 4, 1)
(24, 5, 2)
(24, 6, 2)
(24, 7, 2)
(24, 8, 4)
(25, 1, 5)
(25, 2, 1)
(25, 3, 3)
(25, 4, 5)
(25, 5, 1)
(25, 6, 2)
(25, 7, 5)
(25, 8, 1)
(25, 12, 1)
(25, 14, 2)
(25, 35, 1)
(26, 1, 1)
(26, 2, 2)
(26, 3, 3)
(26, 4, 4)
(26, 5, 4)
(26, 6, 4)
(26, 7, 1)
(26, 8, 1)
(26, 9, 1)
(26, 10, 1)
(26, 29, 1)
(27, 1, 4)
(27, 2, 1)
(27, 3, 4)
(27, 4, 1)
(27, 5, 4)
(27, 7, 4)
(27, 9, 2)
(27, 12, 1)
(27, 16, 1)
(28, 1, 5)
(28, 2, 4)
(28, 3, 5)
(28, 4, 8)
(28, 5, 5)
(28, 6, 4)
(28, 7, 4)
(28, 8, 1)
(28, 9, 1)
(28, 31, 1)
(28, 39, 1)
(29, 1, 4)
(29, 2, 2)
(29, 3, 4)
(29, 4, 9)
(29, 5, 5)
(29, 6, 4)
(29, 7, 3)
(29, 10, 1)
(29, 16, 1)
(29, 36, 1)
(30, 0, 1)
(30, 1, 1)
(30, 2, 3)
(30, 3, 8)
(30, 4, 4)
(30, 5, 4)
(30, 6, 3)
(30, 7, 3)
(30, 9, 1)
(30, 10, 1)
(30, 26, 1)
(31, 1, 8)
(31, 2, 3)
(31, 3, 7)
(31, 4, 11)
(31, 5, 4)
(31, 6, 4)
(31, 7, 1)
(31, 15, 1)
(32, 1, 2)
(32, 2, 1)
(32, 3, 1)
(32, 4, 4)
(32, 5, 2)
(32, 6, 2)
(32, 7, 3)
(32, 10, 1)
(33, 1, 2)
(33, 4, 2)
(33, 5, 1)
(33, 6, 2)
(33, 7, 2)
(33, 8, 1)
(33, 14, 1)
(34, 1, 3)
(34, 2, 1)
(34, 4, 3)
(34, 5, 4)
(34, 6, 2)
(34, 8, 1)
(34, 10, 1)
(35, 1, 2)
(35, 2, 3)
(35, 4, 2)
(35, 5, 2)
(35, 6, 2)
(35, 7, 1)
(36, 1, 4)
(36, 2, 1)
(36, 3, 2)
(36, 4, 3)
(36, 5, 2)
(36, 6, 2)
(36, 7, 2)
(36, 8, 1)
(37, 2, 4)
(37, 3, 2)
(37, 4, 7)
(37, 5, 2)
(37, 6, 1)
(38, 2, 1)
(38, 3, 1)
(38, 4, 3)
(38, 5, 2)
(39, 1, 1)
(39, 4, 2)
xi_2:
(11, 7, 1)
(11, 10, 1)
(18, 5, 1)
(18, 9, 1)
(20, 18, 1)
(20, 32, 1)
(21, 14, 1)
(21, 24, 1)
(22, 1, 1)
(22, 4, 1)
(23, 23, 1)
(24, 4, 1)
(24, 12, 1)
(24, 14, 1)
(25, 8, 1)
(25, 12, 1)
(25, 37, 1)
(26, 7, 2)
(26, 8, 1)
(26, 12, 1)
(26, 14, 1)
(26, 35, 1)
(27, 4, 1)
(27, 8, 1)
(27, 14, 1)
(27, 29, 1)
(28, 5, 1)
(28, 9, 1)
(28, 16, 1)
(29, 7, 1)
(29, 8, 2)
(29, 9, 1)
(29, 31, 1)
(29, 39, 1)
(30, 1, 1)
(30, 5, 2)
(30, 6, 1)
(30, 10, 1)
(30, 12, 1)
(30, 16, 1)
(30, 36, 1)
(31, 5, 1)
(31, 6, 2)
(31, 9, 1)
(31, 26, 1)
(32, 5, 1)
(32, 10, 1)
(32, 15, 1)
(33, 7, 1)
(34, 6, 1)
(34, 8, 1)
(34, 14, 1)
(35, 7, 1)
(35, 8, 1)
(36, 6, 2)
(36, 10, 2)
(37, 5, 1)
(37, 6, 1)
(37, 7, 3)
(38, 5, 1)
(38, 6, 1)
