x-grades
-357512195833477111/400000000000000000
-175102753655987451/200000000000000000
-342898818790472693/400000000000000000
-83898032567242621/100000000000000000
-13131417669898731/16000000000000000
-160489376612983033/200000000000000000
-313672064704463857/400000000000000000
-19147836011435103/25000000000000000
-299058687661459439/400000000000000000
-29175199913995723/40000000000000000
-284445310618455021/400000000000000000
-69284655524238203/100000000000000000
-269831933575450603/400000000000000000
-131262622526974197/200000000000000000
-51043711306489237/80000000000000000
-30988983501367997/50000000000000000
-240605179489441767/400000000000000000
-116649245483969779/200000000000000000
-225991802446437349/400000000000000000
-10934255696246757/20000000000000000
-211378425403432931/400000000000000000
-102035868440965361/200000000000000000
-196765048360428513/400000000000000000
-5920573744966447/12500000000000000
-36430334263484819/80000000000000000
-87422491397960943/200000000000000000
-167538294274419677/400000000000000000
-40057901438229367/100000000000000000
-152924917231415259/400000000000000000
-2912364574198261/8000000000000000
-138311540188410841/400000000000000000
-16375606458363579/50000000000000000
-123698163145406423/400000000000000000
-58195737311952107/200000000000000000
-21816957220480401/80000000000000000
-25444524395224949/100000000000000000
-94471409059397587/400000000000000000
-43582360268947689/200000000000000000
-79858032016393169/400000000000000000
-906891793686137/5000000000000000

y-grades
9998901/40000000
9998901/20000000
29996703/40000000
9998901/10000000
9998901/8000000
29996703/20000000
69992307/40000000
9998901/5000000
89990109/40000000
9998901/4000000
109987911/40000000
29996703/10000000
129985713/40000000
69992307/20000000
29996703/8000000
9998901/2500000
169981317/40000000
89990109/20000000
189979119/40000000
9998901/2000000
209976921/40000000
109987911/20000000
229974723/40000000
29996703/5000000
9998901/1600000
129985713/20000000
269970327/40000000
69992307/10000000
289968129/40000000
29996703/4000000
309965931/40000000
9998901/1250000
329963733/40000000
169981317/20000000
69992307/8000000
89990109/10000000
369959337/40000000
189979119/20000000
389957139/40000000
9998901/1000000

Dimensions > 0:
(0, 0, 1)
(0, 1, 1)
(0, 2, 1)
(0, 3, 1)
(0, 4, 1)
(0, 5, 1)
(0, 6, 1)
(0, 7, 1)
(0, 8, 1)
(0, 9, 1)
(0, 10, 1)
(0, 11, 1)
(0, 12, 1)
(0, 13, 1)
(0, 14, 1)
(0, 15, 1)
(0, 16, 1)
(0, 17, 1)
(0, 18, 1)
(0, 19, 1)
(0, 20, 1)
(0, 21, 1)
(0, 22, 1)
(0, 23, 1)
(0, 24, 1)
(0, 25, 1)
(0, 26, 1)
(0, 27, 1)
(0, 28, 1)
(0, 29, 1)
(0, 30, 1)
(0, 31, 1)
(0, 32, 1)
(0, 33, 1)
(0, 34, 1)
(0, 35, 1)
(0, 36, 1)
(0, 37, 1)
(0, 38, 1)
(0, 39, 1)

(1, 0, 1)
(1, 1, 1)
(1, 2, 1)
(1, 3, 1)
(1, 4, 1)
(1, 5, 1)
(1, 6, 1)
(1, 7, 1)
(1, 8, 1)
(1, 9, 1)
(1, 10, 1)
(1, 11, 1)
(1, 12, 1)
(1, 13, 1)
(1, 14, 1)
(1, 15, 1)
(1, 16, 1)
(1, 17, 1)
(1, 18, 1)
(1, 19, 1)
(1, 20, 1)
(1, 21, 1)
(1, 22, 1)
(1, 23, 1)
(1, 24, 1)
(1, 25, 1)
(1, 26, 1)
(1, 27, 1)
(1, 28, 1)
(1, 29, 1)
(1, 30, 1)
(1, 31, 1)
(1, 32, 1)
(1, 33, 1)
(1, 34, 1)
(1, 35, 1)
(1, 36, 1)
(1, 37, 1)
(1, 38, 1)
(1, 39, 1)

(2, 0, 3)
(2, 1, 3)
(2, 2, 3)
(2, 3, 3)
(2, 4, 3)
(2, 5, 3)
(2, 6, 3)
(2, 7, 3)
(2, 8, 3)
(2, 9, 2)
(2, 10, 2)
(2, 11, 2)
(2, 12, 2)
(2, 13, 2)
(2, 14, 2)
(2, 15, 2)
(2, 16, 2)
(2, 17, 2)
(2, 18, 2)
(2, 19, 2)
(2, 20, 2)
(2, 21, 2)
(2, 22, 2)
(2, 23, 2)
(2, 24, 2)
(2, 25, 2)
(2, 26, 2)
(2, 27, 2)
(2, 28, 2)
(2, 29, 2)
(2, 30, 1)
(2, 31, 1)
(2, 32, 1)
(2, 33, 1)
(2, 34, 1)
(2, 35, 1)
(2, 36, 1)
(2, 37, 1)
(2, 38, 1)
(2, 39, 1)

(3, 0, 4)
(3, 1, 4)
(3, 2, 4)
(3, 3, 4)
(3, 4, 4)
(3, 5, 4)
(3, 6, 4)
(3, 7, 4)
(3, 8, 4)
(3, 9, 3)
(3, 10, 3)
(3, 11, 3)
(3, 12, 3)
(3, 13, 3)
(3, 14, 3)
(3, 15, 3)
(3, 16, 3)
(3, 17, 3)
(3, 18, 3)
(3, 19, 3)
(3, 20, 3)
(3, 21, 3)
(3, 22, 3)
(3, 23, 3)
(3, 24, 2)
(3, 25, 2)
(3, 26, 2)
(3, 27, 2)
(3, 28, 2)
(3, 29, 2)
(3, 30, 1)
(3, 31, 1)
(3, 32, 1)
(3, 33, 1)
(3, 34, 1)
(3, 35, 1)
(3, 36, 1)
(3, 37, 1)
(3, 38, 1)
(3, 39, 1)

(4, 0, 5)
(4, 1, 5)
(4, 2, 5)
(4, 3, 5)
(4, 4, 5)
(4, 5, 5)
(4, 6, 5)
(4, 7, 5)
(4, 8, 5)
(4, 9, 4)
(4, 10, 4)
(4, 11, 4)
(4, 12, 3)
(4, 13, 3)
(4, 14, 3)
(4, 15, 3)
(4, 16, 3)
(4, 17, 3)
(4, 18, 3)
(4, 19, 3)
(4, 20, 3)
(4, 21, 3)
(4, 22, 3)
(4, 23, 3)
(4, 24, 2)
(4, 25, 2)
(4, 26, 2)
(4, 27, 2)
(4, 28, 2)
(4, 29, 2)
(4, 30, 1)
(4, 31, 1)
(4, 32, 1)
(4, 33, 1)
(4, 34, 1)
(4, 35, 1)
(4, 36, 1)
(4, 37, 1)
(4, 38, 1)
(4, 39, 1)

(5, 0, 6)
(5, 1, 6)
(5, 2, 6)
(5, 3, 6)
(5, 4, 6)
(5, 5, 6)
(5, 6, 6)
(5, 7, 6)
(5, 8, 6)
(5, 9, 5)
(5, 10, 5)
(5, 11, 5)
(5, 12, 4)
(5, 13, 4)
(5, 14, 4)
(5, 15, 4)
(5, 16, 4)
(5, 17, 4)
(5, 18, 4)
(5, 19, 4)
(5, 20, 4)
(5, 21, 4)
(5, 22, 4)
(5, 23, 4)
(5, 24, 3)
(5, 25, 3)
(5, 26, 3)
(5, 27, 3)
(5, 28, 3)
(5, 29, 3)
(5, 30, 2)
(5, 31, 2)
(5, 32, 2)
(5, 33, 2)
(5, 34, 2)
(5, 35, 2)
(5, 36, 2)
(5, 37, 2)
(5, 38, 2)
(5, 39, 2)

(6, 0, 6)
(6, 1, 6)
(6, 2, 6)
(6, 3, 6)
(6, 4, 6)
(6, 5, 6)
(6, 6, 6)
(6, 7, 6)
(6, 8, 6)
(6, 9, 5)
(6, 10, 5)
(6, 11, 5)
(6, 12, 4)
(6, 13, 4)
(6, 14, 4)
(6, 15, 4)
(6, 16, 4)
(6, 17, 4)
(6, 18, 4)
(6, 19, 4)
(6, 20, 4)
(6, 21, 4)
(6, 22, 4)
(6, 23, 4)
(6, 24, 3)
(6, 25, 3)
(6, 26, 3)
(6, 27, 3)
(6, 28, 3)
(6, 29, 3)
(6, 30, 2)
(6, 31, 2)
(6, 32, 2)
(6, 33, 2)
(6, 34, 2)
(6, 35, 2)
(6, 36, 2)
(6, 37, 2)
(6, 38, 2)
(6, 39, 2)

(7, 0, 7)
(7, 1, 7)
(7, 2, 7)
(7, 3, 7)
(7, 4, 7)
(7, 5, 7)
(7, 6, 6)
(7, 7, 6)
(7, 8, 6)
(7, 9, 5)
(7, 10, 5)
(7, 11, 5)
(7, 12, 4)
(7, 13, 4)
(7, 14, 4)
(7, 15, 4)
(7, 16, 4)
(7, 17, 4)
(7, 18, 4)
(7, 19, 4)
(7, 20, 4)
(7, 21, 4)
(7, 22, 4)
(7, 23, 4)
(7, 24, 3)
(7, 25, 3)
(7, 26, 3)
(7, 27, 3)
(7, 28, 3)
(7, 29, 3)
(7, 30, 2)
(7, 31, 2)
(7, 32, 2)
(7, 33, 2)
(7, 34, 2)
(7, 35, 2)
(7, 36, 2)
(7, 37, 2)
(7, 38, 2)
(7, 39, 2)

(8, 0, 10)
(8, 1, 10)
(8, 2, 10)
(8, 3, 10)
(8, 4, 10)
(8, 5, 10)
(8, 6, 9)
(8, 7, 9)
(8, 8, 9)
(8, 9, 8)
(8, 10, 8)
(8, 11, 8)
(8, 12, 7)
(8, 13, 7)
(8, 14, 6)
(8, 15, 5)
(8, 16, 5)
(8, 17, 5)
(8, 18, 5)
(8, 19, 4)
(8, 20, 4)
(8, 21, 4)
(8, 22, 4)
(8, 23, 4)
(8, 24, 3)
(8, 25, 3)
(8, 26, 3)
(8, 27, 3)
(8, 28, 3)
(8, 29, 3)
(8, 30, 2)
(8, 31, 2)
(8, 32, 2)
(8, 33, 2)
(8, 34, 2)
(8, 35, 1)
(8, 36, 1)
(8, 37, 1)
(8, 38, 1)
(8, 39, 1)

(9, 0, 16)
(9, 1, 16)
(9, 2, 15)
(9, 3, 15)
(9, 4, 15)
(9, 5, 14)
(9, 6, 13)
(9, 7, 13)
(9, 8, 12)
(9, 9, 11)
(9, 10, 11)
(9, 11, 11)
(9, 12, 9)
(9, 13, 7)
(9, 14, 6)
(9, 15, 5)
(9, 16, 5)
(9, 17, 5)
(9, 18, 5)
(9, 19, 4)
(9, 20, 4)
(9, 21, 4)
(9, 22, 4)
(9, 23, 4)
(9, 24, 3)
(9, 25, 2)
(9, 26, 2)
(9, 27, 1)
(9, 28, 1)
(9, 29, 1)
(9, 30, 1)
(9, 31, 1)
(9, 32, 1)
(9, 33, 1)
(9, 34, 1)
(9, 35, 1)
(9, 36, 1)
(9, 37, 1)
(9, 38, 1)
(9, 39, 1)

(10, 0, 18)
(10, 1, 18)
(10, 2, 17)
(10, 3, 17)
(10, 4, 17)
(10, 5, 16)
(10, 6, 14)
(10, 7, 14)
(10, 8, 13)
(10, 9, 12)
(10, 10, 12)
(10, 11, 12)
(10, 12, 10)
(10, 13, 8)
(10, 14, 7)
(10, 15, 5)
(10, 16, 5)
(10, 17, 5)
(10, 18, 5)
(10, 19, 4)
(10, 20, 4)
(10, 21, 4)
(10, 22, 4)
(10, 23, 4)
(10, 24, 3)
(10, 25, 2)
(10, 26, 2)
(10, 27, 1)
(10, 28, 1)
(10, 29, 1)
(10, 30, 1)
(10, 31, 1)
(10, 32, 1)
(10, 33, 1)
(10, 34, 1)
(10, 35, 1)
(10, 36, 1)
(10, 37, 1)
(10, 38, 1)
(10, 39, 1)

(11, 0, 21)
(11, 1, 21)
(11, 2, 20)
(11, 3, 20)
(11, 4, 20)
(11, 5, 19)
(11, 6, 17)
(11, 7, 13)
(11, 8, 13)
(11, 9, 12)
(11, 10, 12)
(11, 11, 12)
(11, 12, 9)
(11, 13, 8)
(11, 14, 6)
(11, 15, 5)
(11, 16, 5)
(11, 17, 5)
(11, 18, 5)
(11, 19, 4)
(11, 20, 4)
(11, 21, 4)
(11, 22, 4)
(11, 23, 4)
(11, 24, 3)
(11, 25, 2)
(11, 26, 2)
(11, 27, 1)
(11, 28, 1)
(11, 29, 1)
(11, 30, 1)
(11, 31, 1)
(11, 32, 1)
(11, 33, 1)
(11, 34, 1)
(11, 35, 1)
(11, 36, 1)
(11, 37, 1)
(11, 38, 1)
(11, 39, 1)

(12, 0, 25)
(12, 1, 25)
(12, 2, 24)
(12, 3, 23)
(12, 4, 22)
(12, 5, 21)
(12, 6, 19)
(12, 7, 15)
(12, 8, 13)
(12, 9, 12)
(12, 10, 12)
(12, 11, 12)
(12, 12, 9)
(12, 13, 8)
(12, 14, 6)
(12, 15, 5)
(12, 16, 5)
(12, 17, 5)
(12, 18, 5)
(12, 19, 4)
(12, 20, 3)
(12, 21, 3)
(12, 22, 3)
(12, 23, 3)
(12, 24, 2)
(12, 25, 2)
(12, 26, 2)
(12, 27, 1)
(12, 28, 1)
(12, 29, 1)
(12, 30, 1)
(12, 31, 1)
(12, 32, 1)
(12, 33, 1)
(12, 34, 1)
(12, 35, 1)
(12, 36, 1)
(12, 37, 1)
(12, 38, 1)
(12, 39, 1)

(13, 0, 30)
(13, 1, 30)
(13, 2, 29)
(13, 3, 28)
(13, 4, 27)
(13, 5, 26)
(13, 6, 23)
(13, 7, 18)
(13, 8, 16)
(13, 9, 15)
(13, 10, 15)
(13, 11, 15)
(13, 12, 12)
(13, 13, 10)
(13, 14, 8)
(13, 15, 7)
(13, 16, 7)
(13, 17, 7)
(13, 18, 7)
(13, 19, 5)
(13, 20, 4)
(13, 21, 4)
(13, 22, 4)
(13, 23, 4)
(13, 24, 3)
(13, 25, 3)
(13, 26, 2)
(13, 27, 1)
(13, 28, 1)
(13, 29, 1)
(13, 30, 1)
(13, 31, 1)
(13, 32, 1)
(13, 33, 1)
(13, 34, 1)
(13, 35, 1)
(13, 36, 1)
(13, 37, 1)
(13, 38, 1)
(13, 39, 1)

(14, 0, 36)
(14, 1, 36)
(14, 2, 35)
(14, 3, 34)
(14, 4, 33)
(14, 5, 31)
(14, 6, 27)
(14, 7, 21)
(14, 8, 19)
(14, 9, 18)
(14, 10, 18)
(14, 11, 17)
(14, 12, 14)
(14, 13, 12)
(14, 14, 9)
(14, 15, 8)
(14, 16, 8)
(14, 17, 8)
(14, 18, 7)
(14, 19, 5)
(14, 20, 4)
(14, 21, 4)
(14, 22, 4)
(14, 23, 4)
(14, 24, 3)
(14, 25, 3)
(14, 26, 2)
(14, 27, 1)
(14, 28, 1)
(14, 29, 1)
(14, 30, 1)
(14, 31, 1)
(14, 32, 1)
(14, 33, 1)
(14, 34, 1)
(14, 35, 1)
(14, 36, 1)
(14, 37, 1)
(14, 38, 1)
(14, 39, 1)

(15, 0, 46)
(15, 1, 46)
(15, 2, 45)
(15, 3, 44)
(15, 4, 42)
(15, 5, 39)
(15, 6, 33)
(15, 7, 27)
(15, 8, 21)
(15, 9, 18)
(15, 10, 18)
(15, 11, 18)
(15, 12, 15)
(15, 13, 13)
(15, 14, 9)
(15, 15, 8)
(15, 16, 8)
(15, 17, 8)
(15, 18, 6)
(15, 19, 5)
(15, 20, 4)
(15, 21, 3)
(15, 22, 3)
(15, 23, 3)
(15, 24, 2)
(15, 25, 2)
(15, 26, 1)
(15, 27, 1)
(15, 28, 1)
(15, 29, 1)
(15, 30, 1)
(15, 31, 1)
(15, 32, 1)
(15, 33, 1)
(15, 34, 1)
(15, 35, 1)
(15, 36, 1)
(15, 37, 1)
(15, 38, 1)
(15, 39, 1)

(16, 0, 55)
(16, 1, 55)
(16, 2, 53)
(16, 3, 51)
(16, 4, 48)
(16, 5, 44)
(16, 6, 38)
(16, 7, 32)
(16, 8, 24)
(16, 9, 21)
(16, 10, 20)
(16, 11, 20)
(16, 12, 14)
(16, 13, 12)
(16, 14, 9)
(16, 15, 7)
(16, 16, 7)
(16, 17, 7)
(16, 18, 5)
(16, 19, 4)
(16, 20, 3)
(16, 21, 3)
(16, 22, 3)
(16, 23, 3)
(16, 24, 2)
(16, 25, 2)
(16, 26, 1)
(16, 27, 1)
(16, 28, 1)
(16, 29, 1)
(16, 30, 1)
(16, 31, 1)
(16, 32, 1)
(16, 33, 1)
(16, 34, 1)
(16, 35, 1)
(16, 36, 1)
(16, 37, 1)
(16, 38, 1)
(16, 39, 1)

(17, 0, 62)
(17, 1, 62)
(17, 2, 60)
(17, 3, 57)
(17, 4, 52)
(17, 5, 47)
(17, 6, 41)
(17, 7, 34)
(17, 8, 26)
(17, 9, 23)
(17, 10, 20)
(17, 11, 20)
(17, 12, 14)
(17, 13, 11)
(17, 14, 8)
(17, 15, 6)
(17, 16, 6)
(17, 17, 6)
(17, 18, 4)
(17, 19, 3)
(17, 20, 2)
(17, 21, 2)
(17, 22, 2)
(17, 23, 2)
(17, 24, 1)
(17, 25, 1)
(17, 26, 1)
(17, 27, 1)
(17, 28, 1)
(17, 29, 1)
(17, 30, 1)
(17, 31, 1)
(17, 32, 1)
(17, 33, 1)
(17, 34, 1)
(17, 35, 1)
(17, 36, 1)
(17, 37, 1)
(17, 38, 1)
(17, 39, 1)

(18, 0, 67)
(18, 1, 67)
(18, 2, 65)
(18, 3, 62)
(18, 4, 56)
(18, 5, 51)
(18, 6, 44)
(18, 7, 37)
(18, 8, 28)
(18, 9, 23)
(18, 10, 20)
(18, 11, 20)
(18, 12, 15)
(18, 13, 12)
(18, 14, 8)
(18, 15, 6)
(18, 16, 6)
(18, 17, 6)
(18, 18, 4)
(18, 19, 3)
(18, 20, 2)
(18, 21, 2)
(18, 22, 2)
(18, 23, 2)
(18, 24, 1)
(18, 25, 1)
(18, 26, 1)
(18, 27, 1)
(18, 28, 1)
(18, 29, 1)
(18, 30, 1)
(18, 31, 1)
(18, 32, 1)
(18, 33, 1)
(18, 34, 1)
(18, 35, 1)
(18, 36, 1)
(18, 37, 1)
(18, 38, 1)
(18, 39, 1)

(19, 0, 71)
(19, 1, 71)
(19, 2, 69)
(19, 3, 66)
(19, 4, 59)
(19, 5, 53)
(19, 6, 46)
(19, 7, 38)
(19, 8, 29)
(19, 9, 24)
(19, 10, 21)
(19, 11, 21)
(19, 12, 16)
(19, 13, 13)
(19, 14, 8)
(19, 15, 6)
(19, 16, 6)
(19, 17, 6)
(19, 18, 4)
(19, 19, 3)
(19, 20, 2)
(19, 21, 2)
(19, 22, 2)
(19, 23, 2)
(19, 24, 1)
(19, 25, 1)
(19, 26, 1)
(19, 27, 1)
(19, 28, 1)
(19, 29, 1)
(19, 30, 1)
(19, 31, 1)
(19, 32, 1)
(19, 33, 1)
(19, 34, 1)
(19, 35, 1)
(19, 36, 1)
(19, 37, 1)
(19, 38, 1)
(19, 39, 1)

(20, 0, 82)
(20, 1, 80)
(20, 2, 78)
(20, 3, 75)
(20, 4, 67)
(20, 5, 60)
(20, 6, 53)
(20, 7, 44)
(20, 8, 33)
(20, 9, 26)
(20, 10, 23)
(20, 11, 22)
(20, 12, 17)
(20, 13, 14)
(20, 14, 10)
(20, 15, 7)
(20, 16, 7)
(20, 17, 7)
(20, 18, 5)
(20, 19, 4)
(20, 20, 3)
(20, 21, 3)
(20, 22, 3)
(20, 23, 3)
(20, 24, 2)
(20, 25, 2)
(20, 26, 2)
(20, 27, 2)
(20, 28, 2)
(20, 29, 2)
(20, 30, 2)
(20, 31, 2)
(20, 32, 2)
(20, 33, 2)
(20, 34, 2)
(20, 35, 2)
(20, 36, 2)
(20, 37, 2)
(20, 38, 2)
(20, 39, 2)

(21, 0, 86)
(21, 1, 84)
(21, 2, 82)
(21, 3, 79)
(21, 4, 71)
(21, 5, 64)
(21, 6, 56)
(21, 7, 47)
(21, 8, 34)
(21, 9, 27)
(21, 10, 24)
(21, 11, 23)
(21, 12, 18)
(21, 13, 15)
(21, 14, 11)
(21, 15, 8)
(21, 16, 8)
(21, 17, 7)
(21, 18, 5)
(21, 19, 4)
(21, 20, 3)
(21, 21, 3)
(21, 22, 3)
(21, 23, 3)
(21, 24, 2)
(21, 25, 2)
(21, 26, 2)
(21, 27, 2)
(21, 28, 2)
(21, 29, 2)
(21, 30, 2)
(21, 31, 2)
(21, 32, 2)
(21, 33, 2)
(21, 34, 2)
(21, 35, 2)
(21, 36, 2)
(21, 37, 2)
(21, 38, 2)
(21, 39, 2)

(22, 0, 100)
(22, 1, 96)
(22, 2, 94)
(22, 3, 91)
(22, 4, 80)
(22, 5, 72)
(22, 6, 62)
(22, 7, 52)
(22, 8, 39)
(22, 9, 31)
(22, 10, 28)
(22, 11, 26)
(22, 12, 21)
(22, 13, 17)
(22, 14, 12)
(22, 15, 9)
(22, 16, 9)
(22, 17, 8)
(22, 18, 6)
(22, 19, 5)
(22, 20, 4)
(22, 21, 4)
(22, 22, 4)
(22, 23, 4)
(22, 24, 3)
(22, 25, 3)
(22, 26, 3)
(22, 27, 3)
(22, 28, 3)
(22, 29, 3)
(22, 30, 3)
(22, 31, 3)
(22, 32, 3)
(22, 33, 3)
(22, 34, 3)
(22, 35, 3)
(22, 36, 3)
(22, 37, 3)
(22, 38, 3)
(22, 39, 3)

(23, 0, 105)
(23, 1, 100)
(23, 2, 98)
(23, 3, 95)
(23, 4, 84)
(23, 5, 76)
(23, 6, 65)
(23, 7, 54)
(23, 8, 41)
(23, 9, 32)
(23, 10, 29)
(23, 11, 27)
(23, 12, 22)
(23, 13, 18)
(23, 14, 12)
(23, 15, 9)
(23, 16, 9)
(23, 17, 8)
(23, 18, 6)
(23, 19, 5)
(23, 20, 4)
(23, 21, 4)
(23, 22, 4)
(23, 23, 4)
(23, 24, 3)
(23, 25, 3)
(23, 26, 3)
(23, 27, 3)
(23, 28, 3)
(23, 29, 3)
(23, 30, 3)
(23, 31, 3)
(23, 32, 3)
(23, 33, 3)
(23, 34, 3)
(23, 35, 3)
(23, 36, 3)
(23, 37, 3)
(23, 38, 3)
(23, 39, 3)

(24, 0, 123)
(24, 1, 115)
(24, 2, 113)
(24, 3, 110)
(24, 4, 97)
(24, 5, 86)
(24, 6, 74)
(24, 7, 62)
(24, 8, 47)
(24, 9, 37)
(24, 10, 32)
(24, 11, 28)
(24, 12, 22)
(24, 13, 15)
(24, 14, 9)
(24, 15, 7)
(24, 16, 7)
(24, 17, 6)
(24, 18, 5)
(24, 19, 4)
(24, 20, 4)
(24, 21, 4)
(24, 22, 4)
(24, 23, 4)
(24, 24, 3)
(24, 25, 3)
(24, 26, 3)
(24, 27, 3)
(24, 28, 3)
(24, 29, 3)
(24, 30, 3)
(24, 31, 3)
(24, 32, 3)
(24, 33, 3)
(24, 34, 3)
(24, 35, 3)
(24, 36, 3)
(24, 37, 3)
(24, 38, 3)
(24, 39, 3)

(25, 0, 135)
(25, 1, 127)
(25, 2, 125)
(25, 3, 121)
(25, 4, 105)
(25, 5, 93)
(25, 6, 80)
(25, 7, 67)
(25, 8, 51)
(25, 9, 40)
(25, 10, 35)
(25, 11, 31)
(25, 12, 23)
(25, 13, 16)
(25, 14, 10)
(25, 15, 7)
(25, 16, 7)
(25, 17, 7)
(25, 18, 6)
(25, 19, 5)
(25, 20, 5)
(25, 21, 5)
(25, 22, 5)
(25, 23, 5)
(25, 24, 4)
(25, 25, 4)
(25, 26, 4)
(25, 27, 4)
(25, 28, 4)
(25, 29, 4)
(25, 30, 4)
(25, 31, 4)
(25, 32, 4)
(25, 33, 4)
(25, 34, 4)
(25, 35, 4)
(25, 36, 4)
(25, 37, 4)
(25, 38, 4)
(25, 39, 4)

(26, 0, 147)
(26, 1, 138)
(26, 2, 135)
(26, 3, 131)
(26, 4, 112)
(26, 5, 99)
(26, 6, 85)
(26, 7, 71)
(26, 8, 51)
(26, 9, 37)
(26, 10, 31)
(26, 11, 27)
(26, 12, 21)
(26, 13, 15)
(26, 14, 9)
(26, 15, 7)
(26, 16, 7)
(26, 17, 7)
(26, 18, 6)
(26, 19, 5)
(26, 20, 5)
(26, 21, 5)
(26, 22, 5)
(26, 23, 5)
(26, 24, 4)
(26, 25, 4)
(26, 26, 4)
(26, 27, 4)
(26, 28, 4)
(26, 29, 4)
(26, 30, 4)
(26, 31, 4)
(26, 32, 4)
(26, 33, 4)
(26, 34, 4)
(26, 35, 4)
(26, 36, 4)
(26, 37, 4)
(26, 38, 4)
(26, 39, 4)

(27, 0, 156)
(27, 1, 146)
(27, 2, 143)
(27, 3, 138)
(27, 4, 118)
(27, 5, 104)
(27, 6, 89)
(27, 7, 74)
(27, 8, 54)
(27, 9, 40)
(27, 10, 34)
(27, 11, 29)
(27, 12, 21)
(27, 13, 14)
(27, 14, 8)
(27, 15, 7)
(27, 16, 7)
(27, 17, 7)
(27, 18, 6)
(27, 19, 5)
(27, 20, 5)
(27, 21, 5)
(27, 22, 5)
(27, 23, 5)
(27, 24, 4)
(27, 25, 4)
(27, 26, 4)
(27, 27, 4)
(27, 28, 4)
(27, 29, 4)
(27, 30, 4)
(27, 31, 4)
(27, 32, 4)
(27, 33, 4)
(27, 34, 4)
(27, 35, 4)
(27, 36, 4)
(27, 37, 4)
(27, 38, 4)
(27, 39, 4)

(28, 0, 163)
(28, 1, 153)
(28, 2, 150)
(28, 3, 144)
(28, 4, 123)
(28, 5, 108)
(28, 6, 92)
(28, 7, 77)
(28, 8, 56)
(28, 9, 42)
(28, 10, 36)
(28, 11, 29)
(28, 12, 20)
(28, 13, 13)
(28, 14, 8)
(28, 15, 7)
(28, 16, 7)
(28, 17, 7)
(28, 18, 6)
(28, 19, 5)
(28, 20, 5)
(28, 21, 5)
(28, 22, 5)
(28, 23, 5)
(28, 24, 4)
(28, 25, 4)
(28, 26, 4)
(28, 27, 4)
(28, 28, 4)
(28, 29, 4)
(28, 30, 4)
(28, 31, 4)
(28, 32, 4)
(28, 33, 4)
(28, 34, 4)
(28, 35, 4)
(28, 36, 4)
(28, 37, 4)
(28, 38, 4)
(28, 39, 4)

(29, 0, 169)
(29, 1, 159)
(29, 2, 156)
(29, 3, 149)
(29, 4, 128)
(29, 5, 113)
(29, 6, 94)
(29, 7, 79)
(29, 8, 58)
(29, 9, 43)
(29, 10, 36)
(29, 11, 28)
(29, 12, 20)
(29, 13, 13)
(29, 14, 8)
(29, 15, 7)
(29, 16, 7)
(29, 17, 7)
(29, 18, 6)
(29, 19, 5)
(29, 20, 5)
(29, 21, 5)
(29, 22, 5)
(29, 23, 5)
(29, 24, 4)
(29, 25, 4)
(29, 26, 4)
(29, 27, 4)
(29, 28, 4)
(29, 29, 4)
(29, 30, 4)
(29, 31, 4)
(29, 32, 4)
(29, 33, 4)
(29, 34, 4)
(29, 35, 4)
(29, 36, 4)
(29, 37, 4)
(29, 38, 4)
(29, 39, 4)

(30, 0, 172)
(30, 1, 162)
(30, 2, 159)
(30, 3, 152)
(30, 4, 131)
(30, 5, 115)
(30, 6, 96)
(30, 7, 81)
(30, 8, 60)
(30, 9, 44)
(30, 10, 37)
(30, 11, 29)
(30, 12, 20)
(30, 13, 13)
(30, 14, 8)
(30, 15, 7)
(30, 16, 7)
(30, 17, 7)
(30, 18, 6)
(30, 19, 5)
(30, 20, 5)
(30, 21, 5)
(30, 22, 5)
(30, 23, 5)
(30, 24, 4)
(30, 25, 4)
(30, 26, 4)
(30, 27, 4)
(30, 28, 4)
(30, 29, 4)
(30, 30, 4)
(30, 31, 4)
(30, 32, 4)
(30, 33, 4)
(30, 34, 4)
(30, 35, 4)
(30, 36, 4)
(30, 37, 4)
(30, 38, 4)
(30, 39, 4)

(31, 0, 181)
(31, 1, 171)
(31, 2, 168)
(31, 3, 161)
(31, 4, 140)
(31, 5, 121)
(31, 6, 102)
(31, 7, 87)
(31, 8, 66)
(31, 9, 49)
(31, 10, 40)
(31, 11, 31)
(31, 12, 19)
(31, 13, 13)
(31, 14, 8)
(31, 15, 7)
(31, 16, 7)
(31, 17, 7)
(31, 18, 6)
(31, 19, 5)
(31, 20, 5)
(31, 21, 5)
(31, 22, 5)
(31, 23, 5)
(31, 24, 4)
(31, 25, 4)
(31, 26, 4)
(31, 27, 4)
(31, 28, 4)
(31, 29, 4)
(31, 30, 4)
(31, 31, 4)
(31, 32, 4)
(31, 33, 4)
(31, 34, 4)
(31, 35, 4)
(31, 36, 4)
(31, 37, 4)
(31, 38, 4)
(31, 39, 4)

(32, 0, 184)
(32, 1, 174)
(32, 2, 170)
(32, 3, 163)
(32, 4, 142)
(32, 5, 122)
(32, 6, 103)
(32, 7, 87)
(32, 8, 66)
(32, 9, 49)
(32, 10, 40)
(32, 11, 30)
(32, 12, 18)
(32, 13, 13)
(32, 14, 8)
(32, 15, 7)
(32, 16, 7)
(32, 17, 7)
(32, 18, 6)
(32, 19, 5)
(32, 20, 5)
(32, 21, 5)
(32, 22, 5)
(32, 23, 5)
(32, 24, 4)
(32, 25, 4)
(32, 26, 4)
(32, 27, 4)
(32, 28, 4)
(32, 29, 4)
(32, 30, 4)
(32, 31, 4)
(32, 32, 4)
(32, 33, 4)
(32, 34, 4)
(32, 35, 4)
(32, 36, 4)
(32, 37, 4)
(32, 38, 4)
(32, 39, 4)

(33, 0, 187)
(33, 1, 176)
(33, 2, 172)
(33, 3, 165)
(33, 4, 144)
(33, 5, 124)
(33, 6, 105)
(33, 7, 88)
(33, 8, 67)
(33, 9, 50)
(33, 10, 41)
(33, 11, 31)
(33, 12, 19)
(33, 13, 14)
(33, 14, 9)
(33, 15, 8)
(33, 16, 8)
(33, 17, 8)
(33, 18, 7)
(33, 19, 6)
(33, 20, 6)
(33, 21, 6)
(33, 22, 6)
(33, 23, 6)
(33, 24, 5)
(33, 25, 5)
(33, 26, 5)
(33, 27, 5)
(33, 28, 5)
(33, 29, 5)
(33, 30, 5)
(33, 31, 5)
(33, 32, 5)
(33, 33, 5)
(33, 34, 5)
(33, 35, 5)
(33, 36, 5)
(33, 37, 5)
(33, 38, 5)
(33, 39, 5)

(34, 0, 189)
(34, 1, 178)
(34, 2, 174)
(34, 3, 167)
(34, 4, 146)
(34, 5, 126)
(34, 6, 107)
(34, 7, 90)
(34, 8, 69)
(34, 9, 51)
(34, 10, 42)
(34, 11, 32)
(34, 12, 20)
(34, 13, 15)
(34, 14, 10)
(34, 15, 9)
(34, 16, 8)
(34, 17, 8)
(34, 18, 7)
(34, 19, 6)
(34, 20, 6)
(34, 21, 6)
(34, 22, 6)
(34, 23, 6)
(34, 24, 5)
(34, 25, 5)
(34, 26, 5)
(34, 27, 5)
(34, 28, 5)
(34, 29, 5)
(34, 30, 5)
(34, 31, 5)
(34, 32, 5)
(34, 33, 5)
(34, 34, 5)
(34, 35, 5)
(34, 36, 5)
(34, 37, 5)
(34, 38, 5)
(34, 39, 5)

(35, 0, 199)
(35, 1, 182)
(35, 2, 178)
(35, 3, 171)
(35, 4, 149)
(35, 5, 129)
(35, 6, 110)
(35, 7, 92)
(35, 8, 70)
(35, 9, 51)
(35, 10, 41)
(35, 11, 30)
(35, 12, 19)
(35, 13, 14)
(35, 14, 9)
(35, 15, 8)
(35, 16, 8)
(35, 17, 8)
(35, 18, 7)
(35, 19, 6)
(35, 20, 6)
(35, 21, 6)
(35, 22, 6)
(35, 23, 6)
(35, 24, 5)
(35, 25, 5)
(35, 26, 5)
(35, 27, 5)
(35, 28, 5)
(35, 29, 5)
(35, 30, 5)
(35, 31, 5)
(35, 32, 5)
(35, 33, 5)
(35, 34, 5)
(35, 35, 5)
(35, 36, 5)
(35, 37, 5)
(35, 38, 5)
(35, 39, 5)

(36, 0, 207)
(36, 1, 186)
(36, 2, 181)
(36, 3, 174)
(36, 4, 151)
(36, 5, 131)
(36, 6, 112)
(36, 7, 93)
(36, 8, 71)
(36, 9, 52)
(36, 10, 42)
(36, 11, 31)
(36, 12, 20)
(36, 13, 15)
(36, 14, 10)
(36, 15, 9)
(36, 16, 9)
(36, 17, 9)
(36, 18, 8)
(36, 19, 7)
(36, 20, 7)
(36, 21, 7)
(36, 22, 7)
(36, 23, 7)
(36, 24, 6)
(36, 25, 6)
(36, 26, 6)
(36, 27, 6)
(36, 28, 6)
(36, 29, 6)
(36, 30, 6)
(36, 31, 5)
(36, 32, 5)
(36, 33, 5)
(36, 34, 5)
(36, 35, 5)
(36, 36, 5)
(36, 37, 5)
(36, 38, 5)
(36, 39, 5)

(37, 0, 222)
(37, 1, 187)
(37, 2, 182)
(37, 3, 174)
(37, 4, 152)
(37, 5, 132)
(37, 6, 112)
(37, 7, 93)
(37, 8, 71)
(37, 9, 52)
(37, 10, 42)
(37, 11, 31)
(37, 12, 20)
(37, 13, 15)
(37, 14, 10)
(37, 15, 9)
(37, 16, 9)
(37, 17, 9)
(37, 18, 8)
(37, 19, 7)
(37, 20, 7)
(37, 21, 7)
(37, 22, 7)
(37, 23, 6)
(37, 24, 5)
(37, 25, 5)
(37, 26, 5)
(37, 27, 5)
(37, 28, 5)
(37, 29, 5)
(37, 30, 5)
(37, 31, 5)
(37, 32, 5)
(37, 33, 5)
(37, 34, 5)
(37, 35, 5)
(37, 36, 5)
(37, 37, 5)
(37, 38, 5)
(37, 39, 5)

(38, 0, 235)
(38, 1, 187)
(38, 2, 181)
(38, 3, 174)
(38, 4, 152)
(38, 5, 132)
(38, 6, 112)
(38, 7, 93)
(38, 8, 71)
(38, 9, 52)
(38, 10, 42)
(38, 11, 31)
(38, 12, 20)
(38, 13, 15)
(38, 14, 10)
(38, 15, 9)
(38, 16, 9)
(38, 17, 9)
(38, 18, 8)
(38, 19, 7)
(38, 20, 7)
(38, 21, 7)
(38, 22, 7)
(38, 23, 6)
(38, 24, 5)
(38, 25, 5)
(38, 26, 5)
(38, 27, 5)
(38, 28, 5)
(38, 29, 5)
(38, 30, 5)
(38, 31, 5)
(38, 32, 5)
(38, 33, 5)
(38, 34, 5)
(38, 35, 5)
(38, 36, 5)
(38, 37, 5)
(38, 38, 5)
(38, 39, 5)

(39, 0, 246)
(39, 1, 187)
(39, 2, 181)
(39, 3, 174)
(39, 4, 152)
(39, 5, 132)
(39, 6, 112)
(39, 7, 93)
(39, 8, 71)
(39, 9, 52)
(39, 10, 42)
(39, 11, 31)
(39, 12, 20)
(39, 13, 15)
(39, 14, 10)
(39, 15, 9)
(39, 16, 9)
(39, 17, 9)
(39, 18, 8)
(39, 19, 7)
(39, 20, 7)
(39, 21, 7)
(39, 22, 7)
(39, 23, 6)
(39, 24, 5)
(39, 25, 5)
(39, 26, 5)
(39, 27, 5)
(39, 28, 5)
(39, 29, 5)
(39, 30, 5)
(39, 31, 5)
(39, 32, 5)
(39, 33, 5)
(39, 34, 5)
(39, 35, 5)
(39, 36, 5)
(39, 37, 5)
(39, 38, 5)
(39, 39, 5)


Betti numbers:
xi_0:
(0, 0, 1)
(2, 0, 2)
(3, 0, 1)
(4, 0, 1)
(5, 0, 1)
(7, 0, 1)
(8, 0, 3)
(9, 0, 6)
(10, 0, 2)
(11, 0, 3)
(12, 0, 4)
(13, 0, 5)
(14, 0, 6)
(15, 0, 10)
(16, 0, 9)
(17, 0, 7)
(18, 0, 5)
(19, 0, 4)
(20, 0, 11)
(21, 0, 4)
(22, 0, 14)
(23, 0, 5)
(24, 0, 18)
(25, 0, 12)
(26, 0, 12)
(27, 0, 9)
(28, 0, 7)
(29, 0, 6)
(30, 0, 3)
(31, 0, 9)
(32, 0, 3)
(33, 0, 3)
(34, 0, 2)
(35, 0, 10)
(36, 0, 8)
(37, 0, 15)
(38, 0, 14)
(39, 0, 11)
xi_1:
(2, 9, 1)
(2, 30, 1)
(3, 24, 1)
(4, 12, 1)
(7, 6, 1)
(8, 14, 1)
(8, 15, 1)
(8, 19, 1)
(8, 35, 1)
(9, 2, 1)
(9, 5, 1)
(9, 8, 1)
(9, 12, 1)
(9, 13, 2)
(9, 25, 1)
(9, 27, 1)
(10, 6, 1)
(10, 15, 1)
(11, 7, 4)
(11, 12, 1)
(11, 14, 1)
(12, 3, 1)
(12, 4, 1)
(12, 8, 2)
(12, 20, 1)
(13, 6, 1)
(13, 7, 1)
(13, 13, 1)
(13, 19, 1)
(13, 26, 1)
(14, 5, 1)
(14, 6, 1)
(14, 7, 1)
(14, 8, 1)
(14, 11, 1)
(14, 14, 1)
(14, 18, 1)
(15, 4, 1)
(15, 5, 1)
(15, 6, 2)
(15, 8, 4)
(15, 9, 2)
(15, 14, 1)
(15, 18, 1)
(15, 21, 1)
(16, 2, 1)
(16, 3, 1)
(16, 4, 1)
(16, 5, 1)
(16, 8, 2)
(16, 10, 1)
(16, 12, 3)
(16, 15, 1)
(16, 20, 1)
(17, 3, 1)
(17, 4, 2)
(17, 5, 1)
(17, 7, 1)
(17, 10, 2)
(17, 12, 1)
(17, 13, 1)
(17, 18, 1)
(18, 4, 1)
(18, 6, 1)
(18, 8, 1)
(18, 9, 2)
(18, 14, 1)
(19, 4, 1)
(19, 5, 1)
(19, 7, 1)
(19, 14, 1)
(20, 1, 2)
(20, 4, 1)
(20, 5, 1)
(20, 7, 1)
(20, 8, 2)
(20, 9, 2)
(20, 11, 1)
(20, 15, 1)
(21, 6, 1)
(21, 8, 2)
(21, 17, 1)
(22, 1, 2)
(22, 4, 3)
(22, 5, 1)
(22, 6, 2)
(22, 7, 1)
(22, 9, 1)
(22, 11, 1)
(22, 13, 1)
(22, 14, 1)
(22, 15, 1)
(23, 1, 1)
(23, 6, 1)
(23, 7, 1)
(23, 9, 1)
(23, 14, 1)
(23, 15, 1)
(24, 1, 3)
(24, 4, 2)
(24, 5, 3)
(24, 6, 1)
(24, 7, 1)
(24, 8, 2)
(24, 9, 2)
(24, 10, 2)
(24, 11, 2)
(24, 12, 1)
(24, 13, 3)
(24, 15, 1)
(25, 3, 1)
(25, 4, 3)
(25, 5, 2)
(25, 6, 1)
(25, 7, 1)
(25, 8, 1)
(25, 9, 1)
(25, 12, 2)
(25, 13, 1)
(25, 15, 1)
(26, 1, 1)
(26, 2, 1)
(26, 4, 3)
(26, 5, 1)
(26, 6, 1)
(26, 7, 1)
(26, 8, 4)
(26, 9, 3)
(26, 10, 1)
(26, 11, 2)
(27, 1, 1)
(27, 3, 1)
(27, 4, 1)
(27, 5, 1)
(27, 6, 1)
(27, 7, 1)
(27, 11, 1)
(27, 12, 2)
(27, 13, 1)
(27, 14, 1)
(28, 3, 1)
(28, 4, 1)
(28, 5, 1)
(28, 6, 1)
(28, 7, 1)
(28, 8, 1)
(28, 11, 2)
(28, 12, 1)
(29, 3, 1)
(29, 6, 3)
(29, 9, 1)
(29, 10, 1)
(29, 11, 1)
(30, 5, 1)
(30, 9, 1)
(30, 12, 1)
(31, 5, 3)
(31, 9, 1)
(31, 10, 2)
(31, 11, 1)
(31, 12, 3)
(32, 2, 1)
(32, 5, 1)
(32, 7, 1)
(32, 11, 1)
(33, 1, 1)
(33, 7, 1)
(34, 9, 1)
(34, 16, 1)
(35, 1, 6)
(35, 4, 1)
(35, 7, 1)
(35, 8, 1)
(35, 9, 1)
(35, 10, 1)
(35, 11, 1)
(36, 1, 4)
(36, 2, 1)
(36, 4, 1)
(36, 7, 1)
(36, 31, 1)
(37, 1, 14)
(37, 3, 1)
(37, 6, 1)
(37, 7, 1)
(37, 23, 1)
(38, 0, 1)
(38, 1, 14)
(38, 2, 1)
(39, 1, 11)
xi_2:
(9, 30, 1)
(9, 35, 1)
(11, 8, 1)
(11, 13, 1)
(11, 15, 1)
(12, 25, 1)
(14, 8, 1)
(15, 11, 1)
(15, 19, 1)
(15, 27, 1)
(16, 14, 1)
(16, 20, 1)
(16, 21, 1)
(17, 12, 1)
(17, 18, 1)
(17, 26, 1)
(18, 12, 1)
(20, 14, 1)
(22, 15, 1)
(23, 15, 1)
(24, 9, 1)
(24, 15, 2)
(24, 18, 1)
(24, 20, 1)
(25, 5, 1)
(25, 13, 1)
(25, 17, 1)
(26, 11, 2)
(26, 12, 2)
(26, 13, 1)
(26, 15, 1)
(27, 14, 1)
(27, 15, 1)
(28, 7, 1)
(28, 14, 1)
(29, 12, 1)
(31, 13, 1)
(32, 13, 1)
(35, 12, 1)
(35, 16, 1)
(37, 4, 1)
(37, 7, 1)
(37, 31, 1)
(38, 1, 1)
(38, 3, 1)
