x-grades
-402664785204569089/500000000000000000
-197426064015590839/250000000000000000
-387039470857794267/500000000000000000
-47403351710550857/62500000000000000
-74282831302203889/100000000000000000
-181800749668816017/250000000000000000
-355788842164244623/500000000000000000
-86994046247714303/125000000000000000
-340163527817469801/500000000000000000
-33235087064408239/50000000000000000
-324538213470694979/500000000000000000
-19795347268581723/31250000000000000
-308912899123920157/500000000000000000
-150550120975266373/250000000000000000
-58657516955429067/100000000000000000
-71368731900939481/125000000000000000
-277662270430370513/500000000000000000
-134924806628491551/250000000000000000
-262036956083595691/500000000000000000
-6355607472755207/12500000000000000
-246411641736820869/500000000000000000
-119299492281716729/250000000000000000
-230786327390046047/500000000000000000
-55743417554164659/125000000000000000
-8606440521730849/20000000000000000
-103674177934941907/250000000000000000
-199535698696496403/500000000000000000
-1497836261899289/3906250000000000
-183910384349721581/500000000000000000
-17609772717633417/50000000000000000
-168285070002946759/500000000000000000
-40118103207389837/125000000000000000
-152659755656171937/500000000000000000
-72423549241392263/250000000000000000
-27406888261879423/100000000000000000
-16152723017001213/62500000000000000
-121409126962622293/500000000000000000
-56798234894617441/250000000000000000
-105783812615847471/500000000000000000
-4898557772123003/25000000000000000

y-grades
2499911/10000000
2499911/5000000
7499733/10000000
2499911/2500000
2499911/2000000
7499733/5000000
17499377/10000000
2499911/1250000
22499199/10000000
2499911/1000000
27499021/10000000
7499733/2500000
32498843/10000000
17499377/5000000
7499733/2000000
2499911/625000
42498487/10000000
22499199/5000000
47498309/10000000
2499911/500000
52498131/10000000
27499021/5000000
57497953/10000000
7499733/1250000
2499911/400000
32498843/5000000
67497597/10000000
17499377/2500000
72497419/10000000
7499733/1000000
77497241/10000000
2499911/312500
82497063/10000000
42498487/5000000
17499377/2000000
22499199/2500000
92496707/10000000
47498309/5000000
97496529/10000000
2499911/250000

Dimensions > 0:
(0, 0, 2)
(0, 1, 2)
(0, 2, 2)
(0, 3, 1)
(0, 4, 1)
(0, 5, 1)
(0, 6, 1)
(0, 7, 1)
(0, 8, 1)
(0, 9, 1)
(0, 10, 1)
(0, 11, 1)
(0, 12, 1)
(0, 13, 1)
(0, 14, 1)
(0, 15, 1)
(0, 16, 1)
(0, 17, 1)
(0, 18, 1)
(0, 19, 1)
(0, 20, 1)
(0, 21, 1)
(0, 22, 1)
(0, 23, 1)
(0, 24, 1)
(0, 25, 1)
(0, 26, 1)
(0, 27, 1)
(0, 28, 1)
(0, 29, 1)
(0, 30, 1)
(0, 31, 1)
(0, 32, 1)
(0, 33, 1)
(0, 34, 1)
(0, 35, 1)
(0, 36, 1)
(0, 37, 1)
(0, 38, 1)
(0, 39, 1)

(1, 0, 5)
(1, 1, 5)
(1, 2, 5)
(1, 3, 3)
(1, 4, 3)
(1, 5, 3)
(1, 6, 3)
(1, 7, 3)
(1, 8, 3)
(1, 9, 3)
(1, 10, 3)
(1, 11, 3)
(1, 12, 3)
(1, 13, 3)
(1, 14, 3)
(1, 15, 3)
(1, 16, 3)
(1, 17, 3)
(1, 18, 3)
(1, 19, 3)
(1, 20, 3)
(1, 21, 3)
(1, 22, 3)
(1, 23, 3)
(1, 24, 3)
(1, 25, 3)
(1, 26, 3)
(1, 27, 3)
(1, 28, 3)
(1, 29, 3)
(1, 30, 3)
(1, 31, 3)
(1, 32, 3)
(1, 33, 3)
(1, 34, 3)
(1, 35, 3)
(1, 36, 3)
(1, 37, 3)
(1, 38, 3)
(1, 39, 3)

(2, 0, 6)
(2, 1, 6)
(2, 2, 6)
(2, 3, 3)
(2, 4, 3)
(2, 5, 3)
(2, 6, 3)
(2, 7, 3)
(2, 8, 3)
(2, 9, 3)
(2, 10, 3)
(2, 11, 3)
(2, 12, 3)
(2, 13, 3)
(2, 14, 3)
(2, 15, 3)
(2, 16, 3)
(2, 17, 3)
(2, 18, 3)
(2, 19, 3)
(2, 20, 3)
(2, 21, 3)
(2, 22, 3)
(2, 23, 3)
(2, 24, 3)
(2, 25, 3)
(2, 26, 3)
(2, 27, 3)
(2, 28, 3)
(2, 29, 3)
(2, 30, 3)
(2, 31, 3)
(2, 32, 3)
(2, 33, 3)
(2, 34, 3)
(2, 35, 3)
(2, 36, 3)
(2, 37, 3)
(2, 38, 3)
(2, 39, 3)

(3, 0, 6)
(3, 1, 6)
(3, 2, 6)
(3, 3, 3)
(3, 4, 3)
(3, 5, 3)
(3, 6, 3)
(3, 7, 3)
(3, 8, 3)
(3, 9, 3)
(3, 10, 3)
(3, 11, 3)
(3, 12, 3)
(3, 13, 3)
(3, 14, 3)
(3, 15, 3)
(3, 16, 3)
(3, 17, 3)
(3, 18, 3)
(3, 19, 3)
(3, 20, 3)
(3, 21, 3)
(3, 22, 3)
(3, 23, 3)
(3, 24, 3)
(3, 25, 3)
(3, 26, 3)
(3, 27, 3)
(3, 28, 3)
(3, 29, 3)
(3, 30, 3)
(3, 31, 3)
(3, 32, 3)
(3, 33, 3)
(3, 34, 3)
(3, 35, 3)
(3, 36, 3)
(3, 37, 3)
(3, 38, 3)
(3, 39, 3)

(4, 0, 10)
(4, 1, 10)
(4, 2, 10)
(4, 3, 5)
(4, 4, 5)
(4, 5, 5)
(4, 6, 5)
(4, 7, 5)
(4, 8, 5)
(4, 9, 5)
(4, 10, 4)
(4, 11, 4)
(4, 12, 4)
(4, 13, 4)
(4, 14, 4)
(4, 15, 4)
(4, 16, 4)
(4, 17, 4)
(4, 18, 4)
(4, 19, 4)
(4, 20, 4)
(4, 21, 4)
(4, 22, 4)
(4, 23, 4)
(4, 24, 4)
(4, 25, 4)
(4, 26, 4)
(4, 27, 4)
(4, 28, 4)
(4, 29, 4)
(4, 30, 4)
(4, 31, 4)
(4, 32, 4)
(4, 33, 4)
(4, 34, 4)
(4, 35, 4)
(4, 36, 4)
(4, 37, 4)
(4, 38, 4)
(4, 39, 4)

(5, 0, 12)
(5, 1, 12)
(5, 2, 12)
(5, 3, 6)
(5, 4, 6)
(5, 5, 6)
(5, 6, 6)
(5, 7, 6)
(5, 8, 6)
(5, 9, 6)
(5, 10, 4)
(5, 11, 4)
(5, 12, 4)
(5, 13, 4)
(5, 14, 4)
(5, 15, 4)
(5, 16, 4)
(5, 17, 4)
(5, 18, 4)
(5, 19, 4)
(5, 20, 4)
(5, 21, 4)
(5, 22, 4)
(5, 23, 4)
(5, 24, 4)
(5, 25, 4)
(5, 26, 4)
(5, 27, 4)
(5, 28, 4)
(5, 29, 4)
(5, 30, 4)
(5, 31, 4)
(5, 32, 4)
(5, 33, 4)
(5, 34, 3)
(5, 35, 3)
(5, 36, 3)
(5, 37, 3)
(5, 38, 3)
(5, 39, 3)

(6, 0, 14)
(6, 1, 14)
(6, 2, 14)
(6, 3, 7)
(6, 4, 7)
(6, 5, 7)
(6, 6, 7)
(6, 7, 7)
(6, 8, 7)
(6, 9, 7)
(6, 10, 4)
(6, 11, 4)
(6, 12, 4)
(6, 13, 4)
(6, 14, 4)
(6, 15, 4)
(6, 16, 4)
(6, 17, 4)
(6, 18, 4)
(6, 19, 4)
(6, 20, 4)
(6, 21, 4)
(6, 22, 4)
(6, 23, 4)
(6, 24, 4)
(6, 25, 4)
(6, 26, 4)
(6, 27, 4)
(6, 28, 4)
(6, 29, 4)
(6, 30, 4)
(6, 31, 4)
(6, 32, 4)
(6, 33, 4)
(6, 34, 2)
(6, 35, 2)
(6, 36, 2)
(6, 37, 2)
(6, 38, 2)
(6, 39, 2)

(7, 0, 14)
(7, 1, 14)
(7, 2, 14)
(7, 3, 7)
(7, 4, 7)
(7, 5, 7)
(7, 6, 7)
(7, 7, 7)
(7, 8, 7)
(7, 9, 7)
(7, 10, 4)
(7, 11, 4)
(7, 12, 4)
(7, 13, 4)
(7, 14, 4)
(7, 15, 4)
(7, 16, 4)
(7, 17, 4)
(7, 18, 4)
(7, 19, 4)
(7, 20, 4)
(7, 21, 4)
(7, 22, 4)
(7, 23, 4)
(7, 24, 4)
(7, 25, 4)
(7, 26, 4)
(7, 27, 4)
(7, 28, 4)
(7, 29, 4)
(7, 30, 4)
(7, 31, 4)
(7, 32, 4)
(7, 33, 4)
(7, 34, 2)
(7, 35, 2)
(7, 36, 2)
(7, 37, 2)
(7, 38, 2)
(7, 39, 2)

(8, 0, 16)
(8, 1, 16)
(8, 2, 16)
(8, 3, 8)
(8, 4, 8)
(8, 5, 8)
(8, 6, 8)
(8, 7, 8)
(8, 8, 8)
(8, 9, 8)
(8, 10, 4)
(8, 11, 4)
(8, 12, 4)
(8, 13, 4)
(8, 14, 4)
(8, 15, 4)
(8, 16, 4)
(8, 17, 4)
(8, 18, 4)
(8, 19, 4)
(8, 20, 4)
(8, 21, 4)
(8, 22, 4)
(8, 23, 4)
(8, 24, 4)
(8, 25, 4)
(8, 26, 4)
(8, 27, 4)
(8, 28, 4)
(8, 29, 4)
(8, 30, 4)
(8, 31, 4)
(8, 32, 4)
(8, 33, 4)
(8, 34, 1)
(8, 35, 1)
(8, 36, 1)
(8, 37, 1)
(8, 38, 1)
(8, 39, 1)

(9, 0, 16)
(9, 1, 16)
(9, 2, 16)
(9, 3, 8)
(9, 4, 8)
(9, 5, 8)
(9, 6, 8)
(9, 7, 8)
(9, 8, 8)
(9, 9, 8)
(9, 10, 4)
(9, 11, 4)
(9, 12, 4)
(9, 13, 4)
(9, 14, 4)
(9, 15, 4)
(9, 16, 4)
(9, 17, 4)
(9, 18, 4)
(9, 19, 4)
(9, 20, 4)
(9, 21, 4)
(9, 22, 4)
(9, 23, 4)
(9, 24, 4)
(9, 25, 4)
(9, 26, 4)
(9, 27, 4)
(9, 28, 4)
(9, 29, 4)
(9, 30, 4)
(9, 31, 4)
(9, 32, 4)
(9, 33, 4)
(9, 34, 1)
(9, 35, 1)
(9, 36, 1)
(9, 37, 1)
(9, 38, 1)
(9, 39, 1)

(10, 0, 16)
(10, 1, 16)
(10, 2, 16)
(10, 3, 8)
(10, 4, 8)
(10, 5, 8)
(10, 6, 8)
(10, 7, 8)
(10, 8, 8)
(10, 9, 8)
(10, 10, 4)
(10, 11, 4)
(10, 12, 4)
(10, 13, 4)
(10, 14, 4)
(10, 15, 4)
(10, 16, 4)
(10, 17, 4)
(10, 18, 4)
(10, 19, 4)
(10, 20, 4)
(10, 21, 4)
(10, 22, 4)
(10, 23, 4)
(10, 24, 4)
(10, 25, 4)
(10, 26, 4)
(10, 27, 4)
(10, 28, 4)
(10, 29, 4)
(10, 30, 4)
(10, 31, 4)
(10, 32, 4)
(10, 33, 4)
(10, 34, 1)
(10, 35, 1)
(10, 36, 1)
(10, 37, 1)
(10, 38, 1)
(10, 39, 1)

(11, 0, 16)
(11, 1, 16)
(11, 2, 16)
(11, 3, 8)
(11, 4, 8)
(11, 5, 8)
(11, 6, 8)
(11, 7, 8)
(11, 8, 8)
(11, 9, 8)
(11, 10, 4)
(11, 11, 4)
(11, 12, 4)
(11, 13, 4)
(11, 14, 4)
(11, 15, 4)
(11, 16, 4)
(11, 17, 4)
(11, 18, 4)
(11, 19, 4)
(11, 20, 4)
(11, 21, 4)
(11, 22, 4)
(11, 23, 4)
(11, 24, 4)
(11, 25, 4)
(11, 26, 4)
(11, 27, 4)
(11, 28, 4)
(11, 29, 4)
(11, 30, 4)
(11, 31, 4)
(11, 32, 4)
(11, 33, 4)
(11, 34, 1)
(11, 35, 1)
(11, 36, 1)
(11, 37, 1)
(11, 38, 1)
(11, 39, 1)

(12, 0, 16)
(12, 1, 16)
(12, 2, 16)
(12, 3, 8)
(12, 4, 8)
(12, 5, 8)
(12, 6, 8)
(12, 7, 8)
(12, 8, 8)
(12, 9, 8)
(12, 10, 4)
(12, 11, 4)
(12, 12, 4)
(12, 13, 4)
(12, 14, 4)
(12, 15, 4)
(12, 16, 4)
(12, 17, 4)
(12, 18, 4)
(12, 19, 4)
(12, 20, 4)
(12, 21, 4)
(12, 22, 4)
(12, 23, 4)
(12, 24, 4)
(12, 25, 4)
(12, 26, 4)
(12, 27, 4)
(12, 28, 4)
(12, 29, 4)
(12, 30, 4)
(12, 31, 4)
(12, 32, 4)
(12, 33, 4)
(12, 34, 1)
(12, 35, 1)
(12, 36, 1)
(12, 37, 1)
(12, 38, 1)
(12, 39, 1)

(13, 0, 16)
(13, 1, 16)
(13, 2, 16)
(13, 3, 8)
(13, 4, 8)
(13, 5, 8)
(13, 6, 8)
(13, 7, 8)
(13, 8, 8)
(13, 9, 8)
(13, 10, 4)
(13, 11, 4)
(13, 12, 4)
(13, 13, 4)
(13, 14, 4)
(13, 15, 4)
(13, 16, 4)
(13, 17, 4)
(13, 18, 4)
(13, 19, 4)
(13, 20, 4)
(13, 21, 4)
(13, 22, 4)
(13, 23, 4)
(13, 24, 4)
(13, 25, 4)
(13, 26, 4)
(13, 27, 4)
(13, 28, 4)
(13, 29, 4)
(13, 30, 4)
(13, 31, 4)
(13, 32, 4)
(13, 33, 4)
(13, 34, 1)
(13, 35, 1)
(13, 36, 1)
(13, 37, 1)
(13, 38, 1)
(13, 39, 1)

(14, 0, 16)
(14, 1, 16)
(14, 2, 16)
(14, 3, 8)
(14, 4, 8)
(14, 5, 8)
(14, 6, 8)
(14, 7, 8)
(14, 8, 8)
(14, 9, 8)
(14, 10, 4)
(14, 11, 4)
(14, 12, 4)
(14, 13, 4)
(14, 14, 4)
(14, 15, 4)
(14, 16, 4)
(14, 17, 4)
(14, 18, 4)
(14, 19, 4)
(14, 20, 4)
(14, 21, 4)
(14, 22, 4)
(14, 23, 4)
(14, 24, 4)
(14, 25, 4)
(14, 26, 4)
(14, 27, 4)
(14, 28, 4)
(14, 29, 4)
(14, 30, 4)
(14, 31, 4)
(14, 32, 4)
(14, 33, 4)
(14, 34, 1)
(14, 35, 1)
(14, 36, 1)
(14, 37, 1)
(14, 38, 1)
(14, 39, 1)

(15, 0, 16)
(15, 1, 16)
(15, 2, 16)
(15, 3, 8)
(15, 4, 8)
(15, 5, 8)
(15, 6, 8)
(15, 7, 8)
(15, 8, 8)
(15, 9, 8)
(15, 10, 4)
(15, 11, 4)
(15, 12, 4)
(15, 13, 4)
(15, 14, 4)
(15, 15, 4)
(15, 16, 4)
(15, 17, 4)
(15, 18, 4)
(15, 19, 4)
(15, 20, 4)
(15, 21, 4)
(15, 22, 4)
(15, 23, 4)
(15, 24, 4)
(15, 25, 4)
(15, 26, 4)
(15, 27, 4)
(15, 28, 4)
(15, 29, 4)
(15, 30, 4)
(15, 31, 4)
(15, 32, 4)
(15, 33, 4)
(15, 34, 1)
(15, 35, 1)
(15, 36, 1)
(15, 37, 1)
(15, 38, 1)
(15, 39, 1)

(16, 0, 16)
(16, 1, 16)
(16, 2, 16)
(16, 3, 8)
(16, 4, 8)
(16, 5, 8)
(16, 6, 8)
(16, 7, 8)
(16, 8, 8)
(16, 9, 8)
(16, 10, 4)
(16, 11, 4)
(16, 12, 4)
(16, 13, 4)
(16, 14, 4)
(16, 15, 4)
(16, 16, 4)
(16, 17, 4)
(16, 18, 4)
(16, 19, 4)
(16, 20, 4)
(16, 21, 4)
(16, 22, 4)
(16, 23, 4)
(16, 24, 4)
(16, 25, 4)
(16, 26, 4)
(16, 27, 4)
(16, 28, 4)
(16, 29, 4)
(16, 30, 4)
(16, 31, 4)
(16, 32, 4)
(16, 33, 4)
(16, 34, 1)
(16, 35, 1)
(16, 36, 1)
(16, 37, 1)
(16, 38, 1)
(16, 39, 1)

(17, 0, 16)
(17, 1, 16)
(17, 2, 16)
(17, 3, 8)
(17, 4, 8)
(17, 5, 8)
(17, 6, 8)
(17, 7, 8)
(17, 8, 8)
(17, 9, 8)
(17, 10, 4)
(17, 11, 4)
(17, 12, 4)
(17, 13, 4)
(17, 14, 4)
(17, 15, 4)
(17, 16, 4)
(17, 17, 4)
(17, 18, 4)
(17, 19, 4)
(17, 20, 4)
(17, 21, 4)
(17, 22, 4)
(17, 23, 4)
(17, 24, 4)
(17, 25, 4)
(17, 26, 4)
(17, 27, 4)
(17, 28, 4)
(17, 29, 4)
(17, 30, 4)
(17, 31, 4)
(17, 32, 4)
(17, 33, 4)
(17, 34, 1)
(17, 35, 1)
(17, 36, 1)
(17, 37, 1)
(17, 38, 1)
(17, 39, 1)

(18, 0, 16)
(18, 1, 16)
(18, 2, 16)
(18, 3, 8)
(18, 4, 8)
(18, 5, 8)
(18, 6, 8)
(18, 7, 8)
(18, 8, 8)
(18, 9, 8)
(18, 10, 4)
(18, 11, 4)
(18, 12, 4)
(18, 13, 4)
(18, 14, 4)
(18, 15, 4)
(18, 16, 4)
(18, 17, 4)
(18, 18, 4)
(18, 19, 4)
(18, 20, 4)
(18, 21, 4)
(18, 22, 4)
(18, 23, 4)
(18, 24, 4)
(18, 25, 4)
(18, 26, 4)
(18, 27, 4)
(18, 28, 4)
(18, 29, 4)
(18, 30, 4)
(18, 31, 4)
(18, 32, 4)
(18, 33, 4)
(18, 34, 1)
(18, 35, 1)
(18, 36, 1)
(18, 37, 1)
(18, 38, 1)
(18, 39, 1)

(19, 0, 16)
(19, 1, 16)
(19, 2, 16)
(19, 3, 8)
(19, 4, 8)
(19, 5, 8)
(19, 6, 8)
(19, 7, 8)
(19, 8, 8)
(19, 9, 8)
(19, 10, 4)
(19, 11, 4)
(19, 12, 4)
(19, 13, 4)
(19, 14, 4)
(19, 15, 4)
(19, 16, 4)
(19, 17, 4)
(19, 18, 4)
(19, 19, 4)
(19, 20, 4)
(19, 21, 4)
(19, 22, 4)
(19, 23, 4)
(19, 24, 4)
(19, 25, 4)
(19, 26, 4)
(19, 27, 4)
(19, 28, 4)
(19, 29, 4)
(19, 30, 4)
(19, 31, 4)
(19, 32, 4)
(19, 33, 4)
(19, 34, 1)
(19, 35, 1)
(19, 36, 1)
(19, 37, 1)
(19, 38, 1)
(19, 39, 1)

(20, 0, 16)
(20, 1, 16)
(20, 2, 16)
(20, 3, 8)
(20, 4, 8)
(20, 5, 8)
(20, 6, 8)
(20, 7, 8)
(20, 8, 8)
(20, 9, 8)
(20, 10, 4)
(20, 11, 4)
(20, 12, 4)
(20, 13, 4)
(20, 14, 4)
(20, 15, 4)
(20, 16, 4)
(20, 17, 4)
(20, 18, 4)
(20, 19, 4)
(20, 20, 4)
(20, 21, 4)
(20, 22, 4)
(20, 23, 4)
(20, 24, 4)
(20, 25, 4)
(20, 26, 4)
(20, 27, 4)
(20, 28, 4)
(20, 29, 4)
(20, 30, 4)
(20, 31, 4)
(20, 32, 4)
(20, 33, 4)
(20, 34, 1)
(20, 35, 1)
(20, 36, 1)
(20, 37, 1)
(20, 38, 1)
(20, 39, 1)

(21, 0, 16)
(21, 1, 16)
(21, 2, 16)
(21, 3, 8)
(21, 4, 8)
(21, 5, 8)
(21, 6, 8)
(21, 7, 8)
(21, 8, 8)
(21, 9, 8)
(21, 10, 4)
(21, 11, 4)
(21, 12, 4)
(21, 13, 4)
(21, 14, 4)
(21, 15, 4)
(21, 16, 4)
(21, 17, 4)
(21, 18, 4)
(21, 19, 4)
(21, 20, 4)
(21, 21, 4)
(21, 22, 4)
(21, 23, 4)
(21, 24, 4)
(21, 25, 4)
(21, 26, 4)
(21, 27, 4)
(21, 28, 4)
(21, 29, 4)
(21, 30, 4)
(21, 31, 4)
(21, 32, 4)
(21, 33, 4)
(21, 34, 1)
(21, 35, 1)
(21, 36, 1)
(21, 37, 1)
(21, 38, 1)
(21, 39, 1)

(22, 0, 16)
(22, 1, 16)
(22, 2, 16)
(22, 3, 8)
(22, 4, 8)
(22, 5, 8)
(22, 6, 8)
(22, 7, 8)
(22, 8, 8)
(22, 9, 8)
(22, 10, 4)
(22, 11, 4)
(22, 12, 4)
(22, 13, 4)
(22, 14, 4)
(22, 15, 4)
(22, 16, 4)
(22, 17, 4)
(22, 18, 4)
(22, 19, 4)
(22, 20, 4)
(22, 21, 4)
(22, 22, 4)
(22, 23, 4)
(22, 24, 4)
(22, 25, 4)
(22, 26, 4)
(22, 27, 4)
(22, 28, 4)
(22, 29, 4)
(22, 30, 4)
(22, 31, 4)
(22, 32, 4)
(22, 33, 4)
(22, 34, 1)
(22, 35, 1)
(22, 36, 1)
(22, 37, 1)
(22, 38, 1)
(22, 39, 1)

(23, 0, 30)
(23, 1, 30)
(23, 2, 30)
(23, 3, 22)
(23, 4, 10)
(23, 5, 10)
(23, 6, 10)
(23, 7, 10)
(23, 8, 10)
(23, 9, 10)
(23, 10, 6)
(23, 11, 6)
(23, 12, 6)
(23, 13, 6)
(23, 14, 6)
(23, 15, 6)
(23, 16, 6)
(23, 17, 6)
(23, 18, 6)
(23, 19, 6)
(23, 20, 6)
(23, 21, 6)
(23, 22, 6)
(23, 23, 6)
(23, 24, 6)
(23, 25, 6)
(23, 26, 6)
(23, 27, 6)
(23, 28, 6)
(23, 29, 6)
(23, 30, 6)
(23, 31, 6)
(23, 32, 6)
(23, 33, 6)
(23, 34, 3)
(23, 35, 3)
(23, 36, 3)
(23, 37, 3)
(23, 38, 3)
(23, 39, 2)

(24, 0, 59)
(24, 1, 59)
(24, 2, 59)
(24, 3, 51)
(24, 4, 11)
(24, 5, 11)
(24, 6, 11)
(24, 7, 11)
(24, 8, 11)
(24, 9, 11)
(24, 10, 7)
(24, 11, 7)
(24, 12, 7)
(24, 13, 7)
(24, 14, 7)
(24, 15, 5)
(24, 16, 5)
(24, 17, 5)
(24, 18, 5)
(24, 19, 5)
(24, 20, 5)
(24, 21, 5)
(24, 22, 5)
(24, 23, 5)
(24, 24, 5)
(24, 25, 5)
(24, 26, 5)
(24, 27, 5)
(24, 28, 5)
(24, 29, 5)
(24, 30, 5)
(24, 31, 5)
(24, 32, 5)
(24, 33, 5)
(24, 34, 2)
(24, 35, 2)
(24, 36, 2)
(24, 37, 2)
(24, 38, 2)
(24, 39, 2)

(25, 0, 76)
(25, 1, 76)
(25, 2, 75)
(25, 3, 67)
(25, 4, 11)
(25, 5, 11)
(25, 6, 11)
(25, 7, 11)
(25, 8, 11)
(25, 9, 11)
(25, 10, 7)
(25, 11, 7)
(25, 12, 7)
(25, 13, 7)
(25, 14, 7)
(25, 15, 5)
(25, 16, 5)
(25, 17, 5)
(25, 18, 5)
(25, 19, 5)
(25, 20, 5)
(25, 21, 5)
(25, 22, 5)
(25, 23, 5)
(25, 24, 5)
(25, 25, 5)
(25, 26, 5)
(25, 27, 5)
(25, 28, 5)
(25, 29, 5)
(25, 30, 5)
(25, 31, 5)
(25, 32, 5)
(25, 33, 5)
(25, 34, 2)
(25, 35, 2)
(25, 36, 2)
(25, 37, 2)
(25, 38, 2)
(25, 39, 2)

(26, 0, 98)
(26, 1, 96)
(26, 2, 94)
(26, 3, 81)
(26, 4, 14)
(26, 5, 12)
(26, 6, 12)
(26, 7, 12)
(26, 8, 11)
(26, 9, 10)
(26, 10, 6)
(26, 11, 6)
(26, 12, 5)
(26, 13, 5)
(26, 14, 5)
(26, 15, 5)
(26, 16, 5)
(26, 17, 5)
(26, 18, 5)
(26, 19, 5)
(26, 20, 5)
(26, 21, 5)
(26, 22, 5)
(26, 23, 5)
(26, 24, 5)
(26, 25, 5)
(26, 26, 5)
(26, 27, 5)
(26, 28, 5)
(26, 29, 5)
(26, 30, 5)
(26, 31, 5)
(26, 32, 5)
(26, 33, 5)
(26, 34, 2)
(26, 35, 2)
(26, 36, 2)
(26, 37, 2)
(26, 38, 2)
(26, 39, 2)

(27, 0, 114)
(27, 1, 112)
(27, 2, 105)
(27, 3, 87)
(27, 4, 14)
(27, 5, 13)
(27, 6, 13)
(27, 7, 13)
(27, 8, 13)
(27, 9, 12)
(27, 10, 6)
(27, 11, 5)
(27, 12, 5)
(27, 13, 5)
(27, 14, 5)
(27, 15, 5)
(27, 16, 5)
(27, 17, 5)
(27, 18, 5)
(27, 19, 5)
(27, 20, 5)
(27, 21, 5)
(27, 22, 5)
(27, 23, 5)
(27, 24, 5)
(27, 25, 5)
(27, 26, 5)
(27, 27, 5)
(27, 28, 5)
(27, 29, 5)
(27, 30, 5)
(27, 31, 5)
(27, 32, 5)
(27, 33, 5)
(27, 34, 2)
(27, 35, 2)
(27, 36, 2)
(27, 37, 2)
(27, 38, 2)
(27, 39, 2)

(28, 0, 124)
(28, 1, 122)
(28, 2, 111)
(28, 3, 91)
(28, 4, 15)
(28, 5, 14)
(28, 6, 14)
(28, 7, 13)
(28, 8, 13)
(28, 9, 12)
(28, 10, 5)
(28, 11, 5)
(28, 12, 5)
(28, 13, 5)
(28, 14, 5)
(28, 15, 5)
(28, 16, 5)
(28, 17, 5)
(28, 18, 5)
(28, 19, 5)
(28, 20, 5)
(28, 21, 5)
(28, 22, 5)
(28, 23, 5)
(28, 24, 5)
(28, 25, 5)
(28, 26, 5)
(28, 27, 5)
(28, 28, 5)
(28, 29, 5)
(28, 30, 5)
(28, 31, 5)
(28, 32, 5)
(28, 33, 5)
(28, 34, 2)
(28, 35, 2)
(28, 36, 2)
(28, 37, 2)
(28, 38, 2)
(28, 39, 2)

(29, 0, 138)
(29, 1, 136)
(29, 2, 119)
(29, 3, 95)
(29, 4, 15)
(29, 5, 14)
(29, 6, 14)
(29, 7, 13)
(29, 8, 13)
(29, 9, 12)
(29, 10, 5)
(29, 11, 5)
(29, 12, 5)
(29, 13, 5)
(29, 14, 5)
(29, 15, 5)
(29, 16, 5)
(29, 17, 5)
(29, 18, 5)
(29, 19, 5)
(29, 20, 5)
(29, 21, 5)
(29, 22, 5)
(29, 23, 5)
(29, 24, 5)
(29, 25, 5)
(29, 26, 5)
(29, 27, 5)
(29, 28, 5)
(29, 29, 5)
(29, 30, 5)
(29, 31, 5)
(29, 32, 5)
(29, 33, 5)
(29, 34, 2)
(29, 35, 2)
(29, 36, 2)
(29, 37, 2)
(29, 38, 2)
(29, 39, 2)

(30, 0, 145)
(30, 1, 143)
(30, 2, 123)
(30, 3, 97)
(30, 4, 15)
(30, 5, 14)
(30, 6, 14)
(30, 7, 13)
(30, 8, 13)
(30, 9, 12)
(30, 10, 5)
(30, 11, 5)
(30, 12, 5)
(30, 13, 5)
(30, 14, 5)
(30, 15, 5)
(30, 16, 5)
(30, 17, 5)
(30, 18, 5)
(30, 19, 5)
(30, 20, 5)
(30, 21, 5)
(30, 22, 5)
(30, 23, 5)
(30, 24, 5)
(30, 25, 5)
(30, 26, 5)
(30, 27, 5)
(30, 28, 5)
(30, 29, 5)
(30, 30, 5)
(30, 31, 5)
(30, 32, 5)
(30, 33, 5)
(30, 34, 2)
(30, 35, 2)
(30, 36, 2)
(30, 37, 2)
(30, 38, 2)
(30, 39, 2)

(31, 0, 152)
(31, 1, 150)
(31, 2, 127)
(31, 3, 99)
(31, 4, 15)
(31, 5, 14)
(31, 6, 14)
(31, 7, 13)
(31, 8, 13)
(31, 9, 12)
(31, 10, 5)
(31, 11, 5)
(31, 12, 5)
(31, 13, 5)
(31, 14, 5)
(31, 15, 5)
(31, 16, 5)
(31, 17, 5)
(31, 18, 5)
(31, 19, 5)
(31, 20, 5)
(31, 21, 5)
(31, 22, 5)
(31, 23, 5)
(31, 24, 5)
(31, 25, 5)
(31, 26, 5)
(31, 27, 5)
(31, 28, 5)
(31, 29, 5)
(31, 30, 5)
(31, 31, 5)
(31, 32, 5)
(31, 33, 5)
(31, 34, 2)
(31, 35, 2)
(31, 36, 2)
(31, 37, 2)
(31, 38, 2)
(31, 39, 2)

(32, 0, 159)
(32, 1, 157)
(32, 2, 131)
(32, 3, 101)
(32, 4, 15)
(32, 5, 14)
(32, 6, 14)
(32, 7, 13)
(32, 8, 13)
(32, 9, 12)
(32, 10, 5)
(32, 11, 5)
(32, 12, 5)
(32, 13, 5)
(32, 14, 5)
(32, 15, 5)
(32, 16, 5)
(32, 17, 5)
(32, 18, 5)
(32, 19, 5)
(32, 20, 5)
(32, 21, 5)
(32, 22, 5)
(32, 23, 5)
(32, 24, 5)
(32, 25, 5)
(32, 26, 5)
(32, 27, 5)
(32, 28, 5)
(32, 29, 5)
(32, 30, 5)
(32, 31, 5)
(32, 32, 5)
(32, 33, 5)
(32, 34, 2)
(32, 35, 2)
(32, 36, 2)
(32, 37, 2)
(32, 38, 2)
(32, 39, 2)

(33, 0, 167)
(33, 1, 165)
(33, 2, 137)
(33, 3, 105)
(33, 4, 16)
(33, 5, 15)
(33, 6, 15)
(33, 7, 14)
(33, 8, 14)
(33, 9, 13)
(33, 10, 6)
(33, 11, 6)
(33, 12, 6)
(33, 13, 6)
(33, 14, 6)
(33, 15, 6)
(33, 16, 5)
(33, 17, 5)
(33, 18, 5)
(33, 19, 5)
(33, 20, 5)
(33, 21, 5)
(33, 22, 5)
(33, 23, 5)
(33, 24, 5)
(33, 25, 5)
(33, 26, 5)
(33, 27, 5)
(33, 28, 5)
(33, 29, 5)
(33, 30, 5)
(33, 31, 5)
(33, 32, 5)
(33, 33, 5)
(33, 34, 2)
(33, 35, 2)
(33, 36, 2)
(33, 37, 2)
(33, 38, 2)
(33, 39, 2)

(34, 0, 173)
(34, 1, 171)
(34, 2, 141)
(34, 3, 108)
(34, 4, 16)
(34, 5, 15)
(34, 6, 15)
(34, 7, 14)
(34, 8, 14)
(34, 9, 13)
(34, 10, 6)
(34, 11, 6)
(34, 12, 6)
(34, 13, 6)
(34, 14, 6)
(34, 15, 5)
(34, 16, 5)
(34, 17, 5)
(34, 18, 5)
(34, 19, 5)
(34, 20, 5)
(34, 21, 5)
(34, 22, 5)
(34, 23, 5)
(34, 24, 5)
(34, 25, 5)
(34, 26, 5)
(34, 27, 5)
(34, 28, 5)
(34, 29, 5)
(34, 30, 5)
(34, 31, 5)
(34, 32, 5)
(34, 33, 5)
(34, 34, 2)
(34, 35, 2)
(34, 36, 2)
(34, 37, 2)
(34, 38, 2)
(34, 39, 2)

(35, 0, 183)
(35, 1, 181)
(35, 2, 147)
(35, 3, 109)
(35, 4, 17)
(35, 5, 15)
(35, 6, 15)
(35, 7, 14)
(35, 8, 14)
(35, 9, 13)
(35, 10, 5)
(35, 11, 5)
(35, 12, 5)
(35, 13, 5)
(35, 14, 5)
(35, 15, 5)
(35, 16, 5)
(35, 17, 5)
(35, 18, 5)
(35, 19, 5)
(35, 20, 5)
(35, 21, 5)
(35, 22, 5)
(35, 23, 5)
(35, 24, 5)
(35, 25, 5)
(35, 26, 5)
(35, 27, 5)
(35, 28, 5)
(35, 29, 5)
(35, 30, 5)
(35, 31, 5)
(35, 32, 5)
(35, 33, 5)
(35, 34, 2)
(35, 35, 2)
(35, 36, 2)
(35, 37, 2)
(35, 38, 2)
(35, 39, 2)

(36, 0, 190)
(36, 1, 188)
(36, 2, 150)
(36, 3, 108)
(36, 4, 16)
(36, 5, 15)
(36, 6, 15)
(36, 7, 14)
(36, 8, 14)
(36, 9, 13)
(36, 10, 5)
(36, 11, 5)
(36, 12, 5)
(36, 13, 5)
(36, 14, 5)
(36, 15, 5)
(36, 16, 5)
(36, 17, 5)
(36, 18, 5)
(36, 19, 5)
(36, 20, 5)
(36, 21, 5)
(36, 22, 5)
(36, 23, 5)
(36, 24, 5)
(36, 25, 5)
(36, 26, 5)
(36, 27, 5)
(36, 28, 5)
(36, 29, 5)
(36, 30, 5)
(36, 31, 5)
(36, 32, 5)
(36, 33, 5)
(36, 34, 2)
(36, 35, 2)
(36, 36, 2)
(36, 37, 2)
(36, 38, 2)
(36, 39, 2)

(37, 0, 194)
(37, 1, 192)
(37, 2, 152)
(37, 3, 109)
(37, 4, 16)
(37, 5, 15)
(37, 6, 15)
(37, 7, 14)
(37, 8, 14)
(37, 9, 13)
(37, 10, 5)
(37, 11, 5)
(37, 12, 5)
(37, 13, 5)
(37, 14, 5)
(37, 15, 5)
(37, 16, 5)
(37, 17, 5)
(37, 18, 5)
(37, 19, 5)
(37, 20, 5)
(37, 21, 5)
(37, 22, 5)
(37, 23, 5)
(37, 24, 5)
(37, 25, 5)
(37, 26, 5)
(37, 27, 5)
(37, 28, 5)
(37, 29, 5)
(37, 30, 5)
(37, 31, 5)
(37, 32, 5)
(37, 33, 5)
(37, 34, 2)
(37, 35, 2)
(37, 36, 2)
(37, 37, 2)
(37, 38, 2)
(37, 39, 2)

(38, 0, 199)
(38, 1, 197)
(38, 2, 155)
(38, 3, 111)
(38, 4, 16)
(38, 5, 15)
(38, 6, 15)
(38, 7, 14)
(38, 8, 14)
(38, 9, 13)
(38, 10, 5)
(38, 11, 5)
(38, 12, 5)
(38, 13, 5)
(38, 14, 5)
(38, 15, 5)
(38, 16, 5)
(38, 17, 5)
(38, 18, 5)
(38, 19, 5)
(38, 20, 5)
(38, 21, 5)
(38, 22, 5)
(38, 23, 5)
(38, 24, 5)
(38, 25, 5)
(38, 26, 5)
(38, 27, 5)
(38, 28, 5)
(38, 29, 5)
(38, 30, 5)
(38, 31, 5)
(38, 32, 5)
(38, 33, 5)
(38, 34, 2)
(38, 35, 2)
(38, 36, 2)
(38, 37, 2)
(38, 38, 2)
(38, 39, 2)

(39, 0, 201)
(39, 1, 199)
(39, 2, 154)
(39, 3, 110)
(39, 4, 16)
(39, 5, 15)
(39, 6, 15)
(39, 7, 14)
(39, 8, 14)
(39, 9, 13)
(39, 10, 5)
(39, 11, 5)
(39, 12, 5)
(39, 13, 5)
(39, 14, 5)
(39, 15, 5)
(39, 16, 5)
(39, 17, 5)
(39, 18, 5)
(39, 19, 5)
(39, 20, 5)
(39, 21, 5)
(39, 22, 5)
(39, 23, 5)
(39, 24, 5)
(39, 25, 5)
(39, 26, 5)
(39, 27, 5)
(39, 28, 5)
(39, 29, 5)
(39, 30, 5)
(39, 31, 5)
(39, 32, 5)
(39, 33, 5)
(39, 34, 2)
(39, 35, 2)
(39, 36, 2)
(39, 37, 2)
(39, 38, 2)
(39, 39, 2)


Betti numbers:
xi_0:
(0, 0, 2)
(1, 0, 3)
(2, 0, 1)
(4, 0, 4)
(5, 0, 2)
(6, 0, 2)
(8, 0, 2)
(23, 0, 14)
(24, 0, 29)
(25, 0, 17)
(26, 0, 22)
(27, 0, 16)
(28, 0, 10)
(29, 0, 14)
(30, 0, 7)
(31, 0, 7)
(32, 0, 7)
(33, 0, 8)
(34, 0, 6)
(35, 0, 10)
(36, 0, 7)
(37, 0, 4)
(38, 0, 5)
(39, 0, 2)
xi_1:
(0, 3, 1)
(1, 3, 1)
(2, 3, 1)
(4, 3, 2)
(4, 10, 1)
(5, 3, 1)
(5, 10, 1)
(5, 34, 1)
(6, 3, 1)
(6, 10, 1)
(6, 34, 1)
(8, 3, 1)
(8, 10, 1)
(8, 34, 1)
(23, 4, 12)
(23, 39, 1)
(24, 4, 28)
(24, 15, 2)
(25, 2, 1)
(25, 4, 16)
(26, 1, 2)
(26, 2, 1)
(26, 3, 5)
(26, 4, 11)
(26, 5, 2)
(26, 8, 1)
(26, 9, 1)
(26, 12, 1)
(27, 2, 5)
(27, 3, 5)
(27, 4, 6)
(27, 10, 2)
(27, 11, 1)
(28, 2, 4)
(28, 3, 3)
(28, 4, 4)
(28, 7, 1)
(28, 10, 1)
(29, 2, 6)
(29, 3, 4)
(29, 4, 6)
(30, 2, 3)
(30, 3, 2)
(30, 4, 4)
(31, 2, 3)
(31, 3, 2)
(31, 4, 4)
(32, 2, 3)
(32, 3, 2)
(32, 4, 4)
(33, 2, 2)
(33, 3, 2)
(33, 4, 4)
(33, 16, 1)
(34, 2, 2)
(34, 3, 1)
(34, 4, 4)
(34, 15, 1)
(35, 2, 4)
(35, 3, 5)
(35, 4, 2)
(35, 5, 1)
(35, 10, 1)
(36, 2, 4)
(36, 3, 4)
(36, 4, 1)
(37, 2, 2)
(37, 3, 1)
(37, 4, 1)
(38, 2, 2)
(38, 3, 1)
(38, 4, 2)
(39, 2, 3)
xi_2:
(24, 39, 1)
(26, 15, 2)
(27, 5, 1)
(27, 8, 1)
(27, 12, 1)
(28, 3, 1)
(28, 4, 1)
(28, 11, 1)
(29, 4, 2)
(30, 4, 2)
(31, 4, 2)
(32, 4, 2)
(33, 4, 1)
(34, 4, 1)
(34, 16, 1)
(35, 4, 2)
(35, 15, 1)
(36, 4, 1)
(36, 5, 1)
(39, 4, 1)
