x-grades
-417324577615591959/400000000000000000
-205066388680449479/200000000000000000
-402940977106205957/400000000000000000
-98937294212878239/100000000000000000
-77711475319363991/80000000000000000
-190682788171063477/200000000000000000
-374173776087433953/400000000000000000
-45872746979092619/50000000000000000
-359790175578047951/400000000000000000
-7051967506467099/8000000000000000
-345406575068661949/400000000000000000
-84553693703492237/100000000000000000
-331022974559275947/400000000000000000
-161915587152291473/200000000000000000
-63327874809977989/80000000000000000
-19340473362199809/25000000000000000
-302255773540503943/400000000000000000
-147531986642905471/200000000000000000
-287872173031117941/400000000000000000
-14034018638821247/20000000000000000
-273488572521731939/400000000000000000
-133148386133519469/200000000000000000
-259104972012345937/400000000000000000
-31489146469706617/50000000000000000
-48944274300591987/80000000000000000
-118764785624133467/200000000000000000
-230337770993573933/400000000000000000
-55786492684720233/100000000000000000
-215954170484187931/400000000000000000
-20876237022949493/40000000000000000
-201570569974801929/400000000000000000
-1518584138438351/3125000000000000
-187186969465415927/400000000000000000
-89997584605361463/200000000000000000
-6912134758241197/16000000000000000
-41402892175334231/100000000000000000
-158419768446643923/400000000000000000
-75613984095975461/200000000000000000
-144036167937257921/400000000000000000
-3421109192064123/10000000000000000

y-grades
1249987/5000000
1249987/2500000
3749961/5000000
1249987/1250000
1249987/1000000
3749961/2500000
8749909/5000000
1249987/625000
11249883/5000000
1249987/500000
13749857/5000000
3749961/1250000
16249831/5000000
8749909/2500000
3749961/1000000
1249987/312500
21249779/5000000
11249883/2500000
23749753/5000000
1249987/250000
26249727/5000000
13749857/2500000
28749701/5000000
3749961/625000
1249987/200000
16249831/2500000
33749649/5000000
8749909/1250000
36249623/5000000
3749961/500000
38749597/5000000
1249987/156250
41249571/5000000
21249779/2500000
8749909/1000000
11249883/1250000
46249519/5000000
23749753/2500000
48749493/5000000
1249987/125000

Dimensions > 0:
(0, 0, 1)
(0, 1, 1)
(0, 2, 1)
(0, 3, 1)
(0, 4, 1)
(0, 5, 1)
(0, 6, 1)
(0, 7, 1)
(0, 8, 1)
(0, 9, 1)
(0, 10, 1)
(0, 11, 1)
(0, 12, 1)
(0, 13, 1)
(0, 14, 1)
(0, 15, 1)
(0, 16, 1)
(0, 17, 1)
(0, 18, 1)
(0, 19, 1)
(0, 20, 1)
(0, 21, 1)
(0, 22, 1)
(0, 23, 1)
(0, 24, 1)
(0, 25, 1)
(0, 26, 1)
(0, 27, 1)
(0, 28, 1)
(0, 29, 1)
(0, 30, 1)
(0, 31, 1)
(0, 32, 1)
(0, 33, 1)
(0, 34, 1)
(0, 35, 1)
(0, 36, 1)
(0, 37, 1)
(0, 38, 1)
(0, 39, 1)

(1, 0, 4)
(1, 1, 3)
(1, 2, 3)
(1, 3, 3)
(1, 4, 3)
(1, 5, 3)
(1, 6, 3)
(1, 7, 3)
(1, 8, 3)
(1, 9, 3)
(1, 10, 3)
(1, 11, 3)
(1, 12, 3)
(1, 13, 3)
(1, 14, 3)
(1, 15, 3)
(1, 16, 3)
(1, 17, 3)
(1, 18, 3)
(1, 19, 3)
(1, 20, 3)
(1, 21, 3)
(1, 22, 3)
(1, 23, 3)
(1, 24, 3)
(1, 25, 3)
(1, 26, 3)
(1, 27, 3)
(1, 28, 3)
(1, 29, 3)
(1, 30, 3)
(1, 31, 3)
(1, 32, 3)
(1, 33, 3)
(1, 34, 3)
(1, 35, 3)
(1, 36, 3)
(1, 37, 3)
(1, 38, 3)
(1, 39, 3)

(2, 0, 11)
(2, 1, 10)
(2, 2, 8)
(2, 3, 6)
(2, 4, 6)
(2, 5, 6)
(2, 6, 6)
(2, 7, 5)
(2, 8, 4)
(2, 9, 3)
(2, 10, 3)
(2, 11, 3)
(2, 12, 3)
(2, 13, 3)
(2, 14, 3)
(2, 15, 3)
(2, 16, 3)
(2, 17, 3)
(2, 18, 3)
(2, 19, 3)
(2, 20, 3)
(2, 21, 3)
(2, 22, 3)
(2, 23, 3)
(2, 24, 3)
(2, 25, 3)
(2, 26, 3)
(2, 27, 3)
(2, 28, 3)
(2, 29, 3)
(2, 30, 3)
(2, 31, 3)
(2, 32, 3)
(2, 33, 3)
(2, 34, 3)
(2, 35, 3)
(2, 36, 3)
(2, 37, 3)
(2, 38, 3)
(2, 39, 3)

(3, 0, 17)
(3, 1, 15)
(3, 2, 13)
(3, 3, 10)
(3, 4, 10)
(3, 5, 10)
(3, 6, 8)
(3, 7, 5)
(3, 8, 4)
(3, 9, 3)
(3, 10, 3)
(3, 11, 3)
(3, 12, 3)
(3, 13, 3)
(3, 14, 3)
(3, 15, 3)
(3, 16, 3)
(3, 17, 3)
(3, 18, 3)
(3, 19, 3)
(3, 20, 3)
(3, 21, 3)
(3, 22, 3)
(3, 23, 3)
(3, 24, 3)
(3, 25, 3)
(3, 26, 3)
(3, 27, 3)
(3, 28, 3)
(3, 29, 3)
(3, 30, 3)
(3, 31, 3)
(3, 32, 3)
(3, 33, 3)
(3, 34, 3)
(3, 35, 3)
(3, 36, 3)
(3, 37, 3)
(3, 38, 3)
(3, 39, 3)

(4, 0, 25)
(4, 1, 22)
(4, 2, 20)
(4, 3, 17)
(4, 4, 14)
(4, 5, 12)
(4, 6, 9)
(4, 7, 6)
(4, 8, 5)
(4, 9, 4)
(4, 10, 4)
(4, 11, 4)
(4, 12, 4)
(4, 13, 3)
(4, 14, 3)
(4, 15, 3)
(4, 16, 3)
(4, 17, 3)
(4, 18, 3)
(4, 19, 3)
(4, 20, 3)
(4, 21, 3)
(4, 22, 3)
(4, 23, 3)
(4, 24, 3)
(4, 25, 3)
(4, 26, 3)
(4, 27, 3)
(4, 28, 3)
(4, 29, 3)
(4, 30, 3)
(4, 31, 3)
(4, 32, 3)
(4, 33, 3)
(4, 34, 3)
(4, 35, 3)
(4, 36, 3)
(4, 37, 3)
(4, 38, 3)
(4, 39, 3)

(5, 0, 36)
(5, 1, 31)
(5, 2, 28)
(5, 3, 20)
(5, 4, 17)
(5, 5, 12)
(5, 6, 10)
(5, 7, 7)
(5, 8, 5)
(5, 9, 4)
(5, 10, 4)
(5, 11, 4)
(5, 12, 4)
(5, 13, 3)
(5, 14, 3)
(5, 15, 3)
(5, 16, 3)
(5, 17, 3)
(5, 18, 3)
(5, 19, 3)
(5, 20, 3)
(5, 21, 3)
(5, 22, 3)
(5, 23, 3)
(5, 24, 3)
(5, 25, 3)
(5, 26, 3)
(5, 27, 3)
(5, 28, 3)
(5, 29, 3)
(5, 30, 3)
(5, 31, 3)
(5, 32, 3)
(5, 33, 3)
(5, 34, 3)
(5, 35, 3)
(5, 36, 3)
(5, 37, 3)
(5, 38, 3)
(5, 39, 3)

(6, 0, 48)
(6, 1, 40)
(6, 2, 36)
(6, 3, 25)
(6, 4, 18)
(6, 5, 13)
(6, 6, 10)
(6, 7, 6)
(6, 8, 4)
(6, 9, 3)
(6, 10, 3)
(6, 11, 3)
(6, 12, 3)
(6, 13, 3)
(6, 14, 3)
(6, 15, 3)
(6, 16, 3)
(6, 17, 3)
(6, 18, 3)
(6, 19, 3)
(6, 20, 3)
(6, 21, 3)
(6, 22, 3)
(6, 23, 3)
(6, 24, 3)
(6, 25, 3)
(6, 26, 3)
(6, 27, 3)
(6, 28, 3)
(6, 29, 3)
(6, 30, 3)
(6, 31, 3)
(6, 32, 3)
(6, 33, 3)
(6, 34, 3)
(6, 35, 3)
(6, 36, 3)
(6, 37, 3)
(6, 38, 3)
(6, 39, 3)

(7, 0, 65)
(7, 1, 57)
(7, 2, 52)
(7, 3, 37)
(7, 4, 29)
(7, 5, 19)
(7, 6, 16)
(7, 7, 11)
(7, 8, 8)
(7, 9, 5)
(7, 10, 5)
(7, 11, 4)
(7, 12, 4)
(7, 13, 3)
(7, 14, 3)
(7, 15, 3)
(7, 16, 3)
(7, 17, 3)
(7, 18, 3)
(7, 19, 3)
(7, 20, 3)
(7, 21, 3)
(7, 22, 3)
(7, 23, 3)
(7, 24, 3)
(7, 25, 3)
(7, 26, 3)
(7, 27, 3)
(7, 28, 3)
(7, 29, 3)
(7, 30, 3)
(7, 31, 3)
(7, 32, 3)
(7, 33, 3)
(7, 34, 3)
(7, 35, 3)
(7, 36, 3)
(7, 37, 3)
(7, 38, 3)
(7, 39, 3)

(8, 0, 71)
(8, 1, 63)
(8, 2, 58)
(8, 3, 42)
(8, 4, 31)
(8, 5, 21)
(8, 6, 17)
(8, 7, 11)
(8, 8, 8)
(8, 9, 5)
(8, 10, 5)
(8, 11, 4)
(8, 12, 4)
(8, 13, 3)
(8, 14, 3)
(8, 15, 3)
(8, 16, 3)
(8, 17, 3)
(8, 18, 3)
(8, 19, 3)
(8, 20, 3)
(8, 21, 3)
(8, 22, 3)
(8, 23, 3)
(8, 24, 3)
(8, 25, 3)
(8, 26, 3)
(8, 27, 3)
(8, 28, 3)
(8, 29, 3)
(8, 30, 3)
(8, 31, 3)
(8, 32, 3)
(8, 33, 3)
(8, 34, 3)
(8, 35, 3)
(8, 36, 3)
(8, 37, 3)
(8, 38, 3)
(8, 39, 3)

(9, 0, 86)
(9, 1, 76)
(9, 2, 70)
(9, 3, 52)
(9, 4, 40)
(9, 5, 30)
(9, 6, 23)
(9, 7, 15)
(9, 8, 10)
(9, 9, 7)
(9, 10, 6)
(9, 11, 5)
(9, 12, 4)
(9, 13, 3)
(9, 14, 3)
(9, 15, 3)
(9, 16, 3)
(9, 17, 3)
(9, 18, 3)
(9, 19, 3)
(9, 20, 3)
(9, 21, 3)
(9, 22, 3)
(9, 23, 3)
(9, 24, 3)
(9, 25, 3)
(9, 26, 3)
(9, 27, 3)
(9, 28, 3)
(9, 29, 3)
(9, 30, 3)
(9, 31, 3)
(9, 32, 3)
(9, 33, 3)
(9, 34, 3)
(9, 35, 3)
(9, 36, 3)
(9, 37, 3)
(9, 38, 3)
(9, 39, 3)

(10, 0, 98)
(10, 1, 88)
(10, 2, 82)
(10, 3, 61)
(10, 4, 47)
(10, 5, 37)
(10, 6, 29)
(10, 7, 20)
(10, 8, 15)
(10, 9, 8)
(10, 10, 6)
(10, 11, 5)
(10, 12, 4)
(10, 13, 4)
(10, 14, 4)
(10, 15, 4)
(10, 16, 4)
(10, 17, 4)
(10, 18, 3)
(10, 19, 3)
(10, 20, 3)
(10, 21, 3)
(10, 22, 3)
(10, 23, 3)
(10, 24, 3)
(10, 25, 3)
(10, 26, 3)
(10, 27, 3)
(10, 28, 3)
(10, 29, 3)
(10, 30, 3)
(10, 31, 3)
(10, 32, 3)
(10, 33, 3)
(10, 34, 3)
(10, 35, 3)
(10, 36, 3)
(10, 37, 3)
(10, 38, 3)
(10, 39, 3)

(11, 0, 119)
(11, 1, 107)
(11, 2, 100)
(11, 3, 76)
(11, 4, 59)
(11, 5, 46)
(11, 6, 33)
(11, 7, 21)
(11, 8, 16)
(11, 9, 9)
(11, 10, 7)
(11, 11, 6)
(11, 12, 5)
(11, 13, 4)
(11, 14, 4)
(11, 15, 4)
(11, 16, 4)
(11, 17, 4)
(11, 18, 3)
(11, 19, 3)
(11, 20, 3)
(11, 21, 3)
(11, 22, 3)
(11, 23, 3)
(11, 24, 3)
(11, 25, 3)
(11, 26, 3)
(11, 27, 3)
(11, 28, 3)
(11, 29, 3)
(11, 30, 3)
(11, 31, 3)
(11, 32, 3)
(11, 33, 3)
(11, 34, 3)
(11, 35, 3)
(11, 36, 3)
(11, 37, 3)
(11, 38, 3)
(11, 39, 3)

(12, 0, 140)
(12, 1, 127)
(12, 2, 120)
(12, 3, 90)
(12, 4, 72)
(12, 5, 56)
(12, 6, 40)
(12, 7, 24)
(12, 8, 19)
(12, 9, 12)
(12, 10, 9)
(12, 11, 8)
(12, 12, 6)
(12, 13, 5)
(12, 14, 5)
(12, 15, 5)
(12, 16, 4)
(12, 17, 4)
(12, 18, 4)
(12, 19, 4)
(12, 20, 4)
(12, 21, 4)
(12, 22, 4)
(12, 23, 4)
(12, 24, 4)
(12, 25, 4)
(12, 26, 4)
(12, 27, 4)
(12, 28, 4)
(12, 29, 4)
(12, 30, 4)
(12, 31, 4)
(12, 32, 4)
(12, 33, 4)
(12, 34, 4)
(12, 35, 4)
(12, 36, 4)
(12, 37, 4)
(12, 38, 4)
(12, 39, 4)

(13, 0, 163)
(13, 1, 147)
(13, 2, 139)
(13, 3, 107)
(13, 4, 83)
(13, 5, 67)
(13, 6, 46)
(13, 7, 26)
(13, 8, 21)
(13, 9, 14)
(13, 10, 11)
(13, 11, 9)
(13, 12, 8)
(13, 13, 7)
(13, 14, 7)
(13, 15, 6)
(13, 16, 5)
(13, 17, 5)
(13, 18, 4)
(13, 19, 4)
(13, 20, 4)
(13, 21, 4)
(13, 22, 4)
(13, 23, 4)
(13, 24, 4)
(13, 25, 4)
(13, 26, 4)
(13, 27, 4)
(13, 28, 4)
(13, 29, 4)
(13, 30, 4)
(13, 31, 4)
(13, 32, 4)
(13, 33, 4)
(13, 34, 4)
(13, 35, 4)
(13, 36, 4)
(13, 37, 4)
(13, 38, 4)
(13, 39, 4)

(14, 0, 189)
(14, 1, 171)
(14, 2, 160)
(14, 3, 122)
(14, 4, 95)
(14, 5, 74)
(14, 6, 50)
(14, 7, 29)
(14, 8, 23)
(14, 9, 15)
(14, 10, 12)
(14, 11, 11)
(14, 12, 10)
(14, 13, 8)
(14, 14, 8)
(14, 15, 7)
(14, 16, 6)
(14, 17, 6)
(14, 18, 4)
(14, 19, 4)
(14, 20, 4)
(14, 21, 4)
(14, 22, 4)
(14, 23, 4)
(14, 24, 4)
(14, 25, 4)
(14, 26, 4)
(14, 27, 4)
(14, 28, 4)
(14, 29, 4)
(14, 30, 4)
(14, 31, 4)
(14, 32, 4)
(14, 33, 4)
(14, 34, 4)
(14, 35, 4)
(14, 36, 4)
(14, 37, 4)
(14, 38, 4)
(14, 39, 4)

(15, 0, 217)
(15, 1, 195)
(15, 2, 180)
(15, 3, 133)
(15, 4, 102)
(15, 5, 80)
(15, 6, 53)
(15, 7, 31)
(15, 8, 25)
(15, 9, 16)
(15, 10, 13)
(15, 11, 12)
(15, 12, 9)
(15, 13, 8)
(15, 14, 8)
(15, 15, 7)
(15, 16, 6)
(15, 17, 6)
(15, 18, 4)
(15, 19, 4)
(15, 20, 4)
(15, 21, 4)
(15, 22, 4)
(15, 23, 4)
(15, 24, 4)
(15, 25, 4)
(15, 26, 4)
(15, 27, 4)
(15, 28, 4)
(15, 29, 4)
(15, 30, 4)
(15, 31, 4)
(15, 32, 4)
(15, 33, 4)
(15, 34, 4)
(15, 35, 4)
(15, 36, 4)
(15, 37, 4)
(15, 38, 4)
(15, 39, 4)

(16, 0, 250)
(16, 1, 223)
(16, 2, 204)
(16, 3, 153)
(16, 4, 117)
(16, 5, 91)
(16, 6, 61)
(16, 7, 35)
(16, 8, 28)
(16, 9, 18)
(16, 10, 15)
(16, 11, 14)
(16, 12, 12)
(16, 13, 11)
(16, 14, 11)
(16, 15, 10)
(16, 16, 9)
(16, 17, 8)
(16, 18, 5)
(16, 19, 5)
(16, 20, 5)
(16, 21, 5)
(16, 22, 5)
(16, 23, 5)
(16, 24, 5)
(16, 25, 5)
(16, 26, 5)
(16, 27, 5)
(16, 28, 5)
(16, 29, 5)
(16, 30, 5)
(16, 31, 5)
(16, 32, 5)
(16, 33, 5)
(16, 34, 5)
(16, 35, 5)
(16, 36, 5)
(16, 37, 5)
(16, 38, 5)
(16, 39, 5)

(17, 0, 283)
(17, 1, 249)
(17, 2, 230)
(17, 3, 172)
(17, 4, 124)
(17, 5, 97)
(17, 6, 66)
(17, 7, 39)
(17, 8, 32)
(17, 9, 20)
(17, 10, 17)
(17, 11, 16)
(17, 12, 13)
(17, 13, 11)
(17, 14, 10)
(17, 15, 9)
(17, 16, 8)
(17, 17, 8)
(17, 18, 5)
(17, 19, 5)
(17, 20, 5)
(17, 21, 5)
(17, 22, 5)
(17, 23, 4)
(17, 24, 4)
(17, 25, 4)
(17, 26, 4)
(17, 27, 4)
(17, 28, 4)
(17, 29, 4)
(17, 30, 4)
(17, 31, 4)
(17, 32, 4)
(17, 33, 4)
(17, 34, 4)
(17, 35, 4)
(17, 36, 4)
(17, 37, 4)
(17, 38, 4)
(17, 39, 4)

(18, 0, 298)
(18, 1, 263)
(18, 2, 243)
(18, 3, 180)
(18, 4, 127)
(18, 5, 99)
(18, 6, 66)
(18, 7, 39)
(18, 8, 33)
(18, 9, 21)
(18, 10, 18)
(18, 11, 17)
(18, 12, 14)
(18, 13, 12)
(18, 14, 11)
(18, 15, 10)
(18, 16, 9)
(18, 17, 9)
(18, 18, 5)
(18, 19, 5)
(18, 20, 5)
(18, 21, 5)
(18, 22, 5)
(18, 23, 4)
(18, 24, 3)
(18, 25, 3)
(18, 26, 3)
(18, 27, 3)
(18, 28, 3)
(18, 29, 3)
(18, 30, 3)
(18, 31, 3)
(18, 32, 3)
(18, 33, 3)
(18, 34, 3)
(18, 35, 3)
(18, 36, 3)
(18, 37, 3)
(18, 38, 3)
(18, 39, 3)

(19, 0, 322)
(19, 1, 285)
(19, 2, 262)
(19, 3, 194)
(19, 4, 134)
(19, 5, 103)
(19, 6, 68)
(19, 7, 40)
(19, 8, 34)
(19, 9, 22)
(19, 10, 17)
(19, 11, 16)
(19, 12, 13)
(19, 13, 11)
(19, 14, 11)
(19, 15, 10)
(19, 16, 9)
(19, 17, 9)
(19, 18, 4)
(19, 19, 4)
(19, 20, 3)
(19, 21, 3)
(19, 22, 3)
(19, 23, 3)
(19, 24, 3)
(19, 25, 3)
(19, 26, 3)
(19, 27, 3)
(19, 28, 3)
(19, 29, 3)
(19, 30, 3)
(19, 31, 3)
(19, 32, 3)
(19, 33, 3)
(19, 34, 3)
(19, 35, 3)
(19, 36, 3)
(19, 37, 3)
(19, 38, 3)
(19, 39, 3)

(20, 0, 336)
(20, 1, 297)
(20, 2, 273)
(20, 3, 202)
(20, 4, 138)
(20, 5, 107)
(20, 6, 72)
(20, 7, 41)
(20, 8, 35)
(20, 9, 22)
(20, 10, 19)
(20, 11, 18)
(20, 12, 15)
(20, 13, 13)
(20, 14, 12)
(20, 15, 11)
(20, 16, 10)
(20, 17, 10)
(20, 18, 5)
(20, 19, 4)
(20, 20, 3)
(20, 21, 3)
(20, 22, 3)
(20, 23, 3)
(20, 24, 3)
(20, 25, 3)
(20, 26, 3)
(20, 27, 3)
(20, 28, 3)
(20, 29, 3)
(20, 30, 3)
(20, 31, 3)
(20, 32, 3)
(20, 33, 3)
(20, 34, 3)
(20, 35, 3)
(20, 36, 3)
(20, 37, 3)
(20, 38, 3)
(20, 39, 3)

(21, 0, 355)
(21, 1, 312)
(21, 2, 287)
(21, 3, 211)
(21, 4, 147)
(21, 5, 114)
(21, 6, 78)
(21, 7, 45)
(21, 8, 37)
(21, 9, 24)
(21, 10, 21)
(21, 11, 17)
(21, 12, 14)
(21, 13, 12)
(21, 14, 12)
(21, 15, 11)
(21, 16, 10)
(21, 17, 10)
(21, 18, 5)
(21, 19, 4)
(21, 20, 3)
(21, 21, 3)
(21, 22, 3)
(21, 23, 3)
(21, 24, 3)
(21, 25, 3)
(21, 26, 3)
(21, 27, 3)
(21, 28, 3)
(21, 29, 3)
(21, 30, 3)
(21, 31, 3)
(21, 32, 3)
(21, 33, 3)
(21, 34, 3)
(21, 35, 3)
(21, 36, 3)
(21, 37, 3)
(21, 38, 3)
(21, 39, 3)

(22, 0, 378)
(22, 1, 324)
(22, 2, 296)
(22, 3, 219)
(22, 4, 154)
(22, 5, 120)
(22, 6, 84)
(22, 7, 48)
(22, 8, 38)
(22, 9, 25)
(22, 10, 21)
(22, 11, 18)
(22, 12, 15)
(22, 13, 13)
(22, 14, 13)
(22, 15, 12)
(22, 16, 11)
(22, 17, 11)
(22, 18, 6)
(22, 19, 4)
(22, 20, 3)
(22, 21, 3)
(22, 22, 3)
(22, 23, 3)
(22, 24, 3)
(22, 25, 3)
(22, 26, 3)
(22, 27, 3)
(22, 28, 3)
(22, 29, 3)
(22, 30, 3)
(22, 31, 3)
(22, 32, 3)
(22, 33, 3)
(22, 34, 3)
(22, 35, 3)
(22, 36, 3)
(22, 37, 3)
(22, 38, 3)
(22, 39, 3)

(23, 0, 395)
(23, 1, 333)
(23, 2, 305)
(23, 3, 225)
(23, 4, 157)
(23, 5, 121)
(23, 6, 85)
(23, 7, 49)
(23, 8, 38)
(23, 9, 23)
(23, 10, 20)
(23, 11, 18)
(23, 12, 15)
(23, 13, 13)
(23, 14, 13)
(23, 15, 12)
(23, 16, 11)
(23, 17, 11)
(23, 18, 6)
(23, 19, 4)
(23, 20, 3)
(23, 21, 3)
(23, 22, 3)
(23, 23, 3)
(23, 24, 3)
(23, 25, 3)
(23, 26, 3)
(23, 27, 3)
(23, 28, 3)
(23, 29, 3)
(23, 30, 3)
(23, 31, 3)
(23, 32, 3)
(23, 33, 3)
(23, 34, 3)
(23, 35, 3)
(23, 36, 3)
(23, 37, 3)
(23, 38, 3)
(23, 39, 3)

(24, 0, 414)
(24, 1, 349)
(24, 2, 318)
(24, 3, 234)
(24, 4, 164)
(24, 5, 127)
(24, 6, 90)
(24, 7, 53)
(24, 8, 42)
(24, 9, 26)
(24, 10, 23)
(24, 11, 21)
(24, 12, 17)
(24, 13, 15)
(24, 14, 15)
(24, 15, 12)
(24, 16, 11)
(24, 17, 11)
(24, 18, 5)
(24, 19, 4)
(24, 20, 3)
(24, 21, 3)
(24, 22, 3)
(24, 23, 3)
(24, 24, 3)
(24, 25, 3)
(24, 26, 3)
(24, 27, 3)
(24, 28, 3)
(24, 29, 3)
(24, 30, 3)
(24, 31, 3)
(24, 32, 3)
(24, 33, 3)
(24, 34, 3)
(24, 35, 3)
(24, 36, 3)
(24, 37, 3)
(24, 38, 3)
(24, 39, 3)

(25, 0, 436)
(25, 1, 362)
(25, 2, 328)
(25, 3, 241)
(25, 4, 171)
(25, 5, 132)
(25, 6, 95)
(25, 7, 56)
(25, 8, 45)
(25, 9, 29)
(25, 10, 26)
(25, 11, 24)
(25, 12, 20)
(25, 13, 17)
(25, 14, 17)
(25, 15, 13)
(25, 16, 12)
(25, 17, 11)
(25, 18, 6)
(25, 19, 5)
(25, 20, 4)
(25, 21, 4)
(25, 22, 4)
(25, 23, 4)
(25, 24, 4)
(25, 25, 3)
(25, 26, 3)
(25, 27, 3)
(25, 28, 3)
(25, 29, 3)
(25, 30, 3)
(25, 31, 3)
(25, 32, 3)
(25, 33, 3)
(25, 34, 3)
(25, 35, 3)
(25, 36, 3)
(25, 37, 3)
(25, 38, 3)
(25, 39, 3)

(26, 0, 472)
(26, 1, 380)
(26, 2, 343)
(26, 3, 257)
(26, 4, 186)
(26, 5, 143)
(26, 6, 104)
(26, 7, 62)
(26, 8, 50)
(26, 9, 34)
(26, 10, 30)
(26, 11, 28)
(26, 12, 22)
(26, 13, 17)
(26, 14, 17)
(26, 15, 14)
(26, 16, 11)
(26, 17, 10)
(26, 18, 5)
(26, 19, 4)
(26, 20, 4)
(26, 21, 4)
(26, 22, 4)
(26, 23, 4)
(26, 24, 4)
(26, 25, 4)
(26, 26, 4)
(26, 27, 4)
(26, 28, 4)
(26, 29, 4)
(26, 30, 3)
(26, 31, 3)
(26, 32, 3)
(26, 33, 3)
(26, 34, 3)
(26, 35, 3)
(26, 36, 3)
(26, 37, 3)
(26, 38, 3)
(26, 39, 3)

(27, 0, 500)
(27, 1, 393)
(27, 2, 354)
(27, 3, 266)
(27, 4, 191)
(27, 5, 150)
(27, 6, 111)
(27, 7, 66)
(27, 8, 53)
(27, 9, 37)
(27, 10, 31)
(27, 11, 29)
(27, 12, 21)
(27, 13, 17)
(27, 14, 17)
(27, 15, 13)
(27, 16, 11)
(27, 17, 10)
(27, 18, 5)
(27, 19, 3)
(27, 20, 3)
(27, 21, 3)
(27, 22, 3)
(27, 23, 3)
(27, 24, 3)
(27, 25, 3)
(27, 26, 3)
(27, 27, 3)
(27, 28, 3)
(27, 29, 3)
(27, 30, 3)
(27, 31, 3)
(27, 32, 3)
(27, 33, 3)
(27, 34, 3)
(27, 35, 3)
(27, 36, 2)
(27, 37, 2)
(27, 38, 2)
(27, 39, 2)

(28, 0, 517)
(28, 1, 408)
(28, 2, 367)
(28, 3, 275)
(28, 4, 200)
(28, 5, 158)
(28, 6, 115)
(28, 7, 70)
(28, 8, 57)
(28, 9, 40)
(28, 10, 33)
(28, 11, 30)
(28, 12, 23)
(28, 13, 19)
(28, 14, 19)
(28, 15, 16)
(28, 16, 11)
(28, 17, 10)
(28, 18, 5)
(28, 19, 3)
(28, 20, 3)
(28, 21, 3)
(28, 22, 3)
(28, 23, 3)
(28, 24, 3)
(28, 25, 3)
(28, 26, 3)
(28, 27, 3)
(28, 28, 3)
(28, 29, 3)
(28, 30, 3)
(28, 31, 3)
(28, 32, 3)
(28, 33, 2)
(28, 34, 2)
(28, 35, 2)
(28, 36, 2)
(28, 37, 2)
(28, 38, 2)
(28, 39, 2)

(29, 0, 553)
(29, 1, 428)
(29, 2, 386)
(29, 3, 288)
(29, 4, 208)
(29, 5, 163)
(29, 6, 117)
(29, 7, 71)
(29, 8, 58)
(29, 9, 41)
(29, 10, 34)
(29, 11, 32)
(29, 12, 23)
(29, 13, 19)
(29, 14, 18)
(29, 15, 14)
(29, 16, 11)
(29, 17, 11)
(29, 18, 6)
(29, 19, 4)
(29, 20, 4)
(29, 21, 4)
(29, 22, 4)
(29, 23, 3)
(29, 24, 3)
(29, 25, 3)
(29, 26, 3)
(29, 27, 3)
(29, 28, 2)
(29, 29, 2)
(29, 30, 2)
(29, 31, 2)
(29, 32, 2)
(29, 33, 2)
(29, 34, 2)
(29, 35, 2)
(29, 36, 2)
(29, 37, 2)
(29, 38, 2)
(29, 39, 2)

(30, 0, 564)
(30, 1, 438)
(30, 2, 396)
(30, 3, 297)
(30, 4, 215)
(30, 5, 167)
(30, 6, 119)
(30, 7, 73)
(30, 8, 60)
(30, 9, 43)
(30, 10, 36)
(30, 11, 34)
(30, 12, 25)
(30, 13, 20)
(30, 14, 19)
(30, 15, 15)
(30, 16, 12)
(30, 17, 11)
(30, 18, 6)
(30, 19, 4)
(30, 20, 4)
(30, 21, 4)
(30, 22, 4)
(30, 23, 3)
(30, 24, 2)
(30, 25, 2)
(30, 26, 2)
(30, 27, 2)
(30, 28, 2)
(30, 29, 2)
(30, 30, 2)
(30, 31, 2)
(30, 32, 2)
(30, 33, 2)
(30, 34, 2)
(30, 35, 2)
(30, 36, 2)
(30, 37, 2)
(30, 38, 2)
(30, 39, 2)

(31, 0, 574)
(31, 1, 447)
(31, 2, 405)
(31, 3, 303)
(31, 4, 221)
(31, 5, 171)
(31, 6, 121)
(31, 7, 75)
(31, 8, 61)
(31, 9, 44)
(31, 10, 37)
(31, 11, 35)
(31, 12, 26)
(31, 13, 21)
(31, 14, 20)
(31, 15, 15)
(31, 16, 12)
(31, 17, 11)
(31, 18, 6)
(31, 19, 4)
(31, 20, 3)
(31, 21, 3)
(31, 22, 3)
(31, 23, 2)
(31, 24, 2)
(31, 25, 2)
(31, 26, 2)
(31, 27, 2)
(31, 28, 2)
(31, 29, 2)
(31, 30, 2)
(31, 31, 2)
(31, 32, 2)
(31, 33, 2)
(31, 34, 2)
(31, 35, 2)
(31, 36, 2)
(31, 37, 2)
(31, 38, 2)
(31, 39, 2)

(32, 0, 587)
(32, 1, 460)
(32, 2, 418)
(32, 3, 310)
(32, 4, 225)
(32, 5, 172)
(32, 6, 123)
(32, 7, 75)
(32, 8, 62)
(32, 9, 45)
(32, 10, 37)
(32, 11, 34)
(32, 12, 25)
(32, 13, 20)
(32, 14, 18)
(32, 15, 13)
(32, 16, 10)
(32, 17, 9)
(32, 18, 4)
(32, 19, 2)
(32, 20, 2)
(32, 21, 2)
(32, 22, 2)
(32, 23, 2)
(32, 24, 2)
(32, 25, 2)
(32, 26, 2)
(32, 27, 2)
(32, 28, 2)
(32, 29, 2)
(32, 30, 2)
(32, 31, 2)
(32, 32, 2)
(32, 33, 2)
(32, 34, 2)
(32, 35, 2)
(32, 36, 2)
(32, 37, 2)
(32, 38, 2)
(32, 39, 2)

(33, 0, 593)
(33, 1, 466)
(33, 2, 423)
(33, 3, 314)
(33, 4, 229)
(33, 5, 174)
(33, 6, 125)
(33, 7, 77)
(33, 8, 63)
(33, 9, 46)
(33, 10, 37)
(33, 11, 34)
(33, 12, 25)
(33, 13, 20)
(33, 14, 18)
(33, 15, 13)
(33, 16, 10)
(33, 17, 9)
(33, 18, 4)
(33, 19, 2)
(33, 20, 2)
(33, 21, 2)
(33, 22, 2)
(33, 23, 2)
(33, 24, 2)
(33, 25, 2)
(33, 26, 2)
(33, 27, 2)
(33, 28, 2)
(33, 29, 2)
(33, 30, 2)
(33, 31, 2)
(33, 32, 2)
(33, 33, 2)
(33, 34, 2)
(33, 35, 2)
(33, 36, 2)
(33, 37, 2)
(33, 38, 2)
(33, 39, 2)

(34, 0, 601)
(34, 1, 474)
(34, 2, 430)
(34, 3, 321)
(34, 4, 235)
(34, 5, 179)
(34, 6, 129)
(34, 7, 78)
(34, 8, 64)
(34, 9, 45)
(34, 10, 36)
(34, 11, 33)
(34, 12, 24)
(34, 13, 19)
(34, 14, 18)
(34, 15, 13)
(34, 16, 9)
(34, 17, 9)
(34, 18, 4)
(34, 19, 2)
(34, 20, 2)
(34, 21, 2)
(34, 22, 2)
(34, 23, 2)
(34, 24, 2)
(34, 25, 2)
(34, 26, 2)
(34, 27, 2)
(34, 28, 2)
(34, 29, 2)
(34, 30, 2)
(34, 31, 2)
(34, 32, 2)
(34, 33, 2)
(34, 34, 2)
(34, 35, 2)
(34, 36, 2)
(34, 37, 2)
(34, 38, 2)
(34, 39, 2)

(35, 0, 608)
(35, 1, 480)
(35, 2, 432)
(35, 3, 322)
(35, 4, 235)
(35, 5, 179)
(35, 6, 129)
(35, 7, 78)
(35, 8, 63)
(35, 9, 45)
(35, 10, 36)
(35, 11, 33)
(35, 12, 24)
(35, 13, 19)
(35, 14, 18)
(35, 15, 13)
(35, 16, 9)
(35, 17, 9)
(35, 18, 4)
(35, 19, 2)
(35, 20, 2)
(35, 21, 2)
(35, 22, 2)
(35, 23, 2)
(35, 24, 2)
(35, 25, 2)
(35, 26, 2)
(35, 27, 2)
(35, 28, 2)
(35, 29, 2)
(35, 30, 2)
(35, 31, 2)
(35, 32, 2)
(35, 33, 2)
(35, 34, 2)
(35, 35, 2)
(35, 36, 2)
(35, 37, 2)
(35, 38, 2)
(35, 39, 2)

(36, 0, 616)
(36, 1, 488)
(36, 2, 439)
(36, 3, 328)
(36, 4, 240)
(36, 5, 182)
(36, 6, 132)
(36, 7, 78)
(36, 8, 64)
(36, 9, 46)
(36, 10, 37)
(36, 11, 33)
(36, 12, 24)
(36, 13, 19)
(36, 14, 18)
(36, 15, 13)
(36, 16, 9)
(36, 17, 9)
(36, 18, 4)
(36, 19, 2)
(36, 20, 2)
(36, 21, 2)
(36, 22, 2)
(36, 23, 2)
(36, 24, 2)
(36, 25, 2)
(36, 26, 2)
(36, 27, 2)
(36, 28, 2)
(36, 29, 2)
(36, 30, 2)
(36, 31, 2)
(36, 32, 2)
(36, 33, 2)
(36, 34, 2)
(36, 35, 2)
(36, 36, 2)
(36, 37, 2)
(36, 38, 2)
(36, 39, 2)

(37, 0, 628)
(37, 1, 500)
(37, 2, 448)
(37, 3, 333)
(37, 4, 243)
(37, 5, 186)
(37, 6, 135)
(37, 7, 78)
(37, 8, 64)
(37, 9, 47)
(37, 10, 38)
(37, 11, 34)
(37, 12, 25)
(37, 13, 20)
(37, 14, 19)
(37, 15, 14)
(37, 16, 10)
(37, 17, 10)
(37, 18, 5)
(37, 19, 3)
(37, 20, 3)
(37, 21, 3)
(37, 22, 3)
(37, 23, 3)
(37, 24, 3)
(37, 25, 2)
(37, 26, 2)
(37, 27, 2)
(37, 28, 2)
(37, 29, 2)
(37, 30, 2)
(37, 31, 2)
(37, 32, 2)
(37, 33, 2)
(37, 34, 2)
(37, 35, 2)
(37, 36, 2)
(37, 37, 2)
(37, 38, 2)
(37, 39, 2)

(38, 0, 647)
(38, 1, 519)
(38, 2, 463)
(38, 3, 345)
(38, 4, 251)
(38, 5, 191)
(38, 6, 137)
(38, 7, 80)
(38, 8, 65)
(38, 9, 48)
(38, 10, 36)
(38, 11, 33)
(38, 12, 24)
(38, 13, 19)
(38, 14, 18)
(38, 15, 13)
(38, 16, 9)
(38, 17, 9)
(38, 18, 4)
(38, 19, 2)
(38, 20, 2)
(38, 21, 2)
(38, 22, 2)
(38, 23, 2)
(38, 24, 2)
(38, 25, 2)
(38, 26, 2)
(38, 27, 2)
(38, 28, 2)
(38, 29, 2)
(38, 30, 2)
(38, 31, 2)
(38, 32, 2)
(38, 33, 2)
(38, 34, 2)
(38, 35, 2)
(38, 36, 2)
(38, 37, 2)
(38, 38, 2)
(38, 39, 2)

(39, 0, 664)
(39, 1, 536)
(39, 2, 476)
(39, 3, 355)
(39, 4, 251)
(39, 5, 188)
(39, 6, 133)
(39, 7, 76)
(39, 8, 63)
(39, 9, 46)
(39, 10, 36)
(39, 11, 33)
(39, 12, 24)
(39, 13, 19)
(39, 14, 18)
(39, 15, 13)
(39, 16, 9)
(39, 17, 9)
(39, 18, 4)
(39, 19, 2)
(39, 20, 2)
(39, 21, 2)
(39, 22, 2)
(39, 23, 2)
(39, 24, 2)
(39, 25, 2)
(39, 26, 2)
(39, 27, 2)
(39, 28, 2)
(39, 29, 2)
(39, 30, 2)
(39, 31, 2)
(39, 32, 2)
(39, 33, 2)
(39, 34, 2)
(39, 35, 2)
(39, 36, 2)
(39, 37, 2)
(39, 38, 2)
(39, 39, 2)


Betti numbers:
xi_0:
(0, 0, 1)
(1, 0, 3)
(2, 0, 7)
(3, 0, 6)
(4, 0, 8)
(5, 0, 11)
(6, 0, 12)
(7, 0, 17)
(8, 0, 6)
(9, 0, 15)
(10, 0, 12)
(11, 0, 21)
(12, 0, 21)
(13, 0, 23)
(14, 0, 26)
(15, 0, 28)
(16, 0, 33)
(17, 0, 33)
(18, 0, 15)
(19, 0, 24)
(20, 0, 14)
(21, 0, 19)
(22, 0, 23)
(23, 0, 17)
(24, 0, 19)
(25, 0, 22)
(26, 0, 36)
(27, 0, 28)
(28, 0, 17)
(29, 0, 36)
(30, 0, 11)
(31, 0, 10)
(32, 0, 13)
(33, 0, 6)
(34, 0, 8)
(35, 0, 7)
(36, 0, 8)
(37, 0, 12)
(38, 0, 19)
(39, 0, 17)
xi_1:
(1, 1, 1)
(2, 2, 2)
(2, 3, 2)
(2, 7, 1)
(2, 8, 1)
(2, 9, 1)
(3, 1, 1)
(3, 3, 1)
(3, 6, 2)
(3, 7, 2)
(4, 1, 1)
(4, 4, 3)
(4, 5, 2)
(4, 6, 1)
(4, 13, 1)
(5, 1, 2)
(5, 2, 1)
(5, 3, 5)
(5, 4, 1)
(5, 5, 3)
(5, 8, 1)
(6, 1, 3)
(6, 2, 1)
(6, 3, 3)
(6, 4, 4)
(6, 5, 1)
(6, 6, 1)
(6, 7, 1)
(7, 2, 1)
(7, 3, 4)
(7, 4, 1)
(7, 5, 5)
(7, 6, 1)
(7, 7, 1)
(7, 8, 1)
(7, 9, 2)
(7, 11, 1)
(7, 13, 1)
(8, 3, 1)
(8, 4, 3)
(8, 6, 1)
(8, 7, 1)
(9, 1, 2)
(9, 2, 1)
(9, 3, 2)
(9, 4, 1)
(9, 6, 3)
(9, 7, 3)
(9, 8, 2)
(9, 9, 1)
(9, 10, 1)
(9, 12, 1)
(10, 3, 3)
(10, 4, 2)
(10, 6, 1)
(10, 7, 1)
(10, 9, 4)
(10, 10, 1)
(10, 18, 1)
(11, 1, 2)
(11, 2, 1)
(11, 3, 3)
(11, 4, 3)
(11, 5, 3)
(11, 6, 5)
(11, 7, 3)
(11, 9, 2)
(11, 10, 1)
(11, 13, 1)
(12, 1, 1)
(12, 3, 6)
(12, 4, 1)
(12, 5, 3)
(12, 6, 3)
(12, 7, 4)
(12, 9, 1)
(12, 10, 1)
(12, 12, 1)
(12, 16, 1)
(13, 1, 3)
(13, 2, 1)
(13, 3, 2)
(13, 4, 6)
(13, 5, 1)
(13, 6, 5)
(13, 7, 4)
(13, 11, 1)
(13, 15, 1)
(13, 18, 1)
(14, 1, 2)
(14, 2, 3)
(14, 3, 6)
(14, 4, 3)
(14, 5, 5)
(14, 6, 4)
(14, 7, 2)
(14, 8, 1)
(14, 9, 1)
(14, 13, 1)
(14, 18, 1)
(15, 1, 4)
(15, 2, 4)
(15, 3, 9)
(15, 4, 4)
(15, 5, 2)
(15, 6, 3)
(15, 7, 1)
(15, 9, 1)
(15, 12, 2)
(15, 18, 1)
(16, 1, 5)
(16, 2, 4)
(16, 3, 4)
(16, 4, 5)
(16, 5, 5)
(16, 6, 4)
(16, 7, 5)
(16, 8, 1)
(16, 9, 1)
(16, 17, 1)
(16, 18, 1)
(17, 1, 7)
(17, 2, 1)
(17, 3, 7)
(17, 4, 12)
(17, 5, 3)
(17, 6, 1)
(17, 7, 2)
(17, 9, 2)
(17, 12, 1)
(17, 13, 1)
(17, 14, 1)
(17, 23, 1)
(18, 1, 1)
(18, 2, 1)
(18, 3, 5)
(18, 4, 5)
(18, 5, 1)
(18, 6, 2)
(18, 7, 1)
(18, 18, 1)
(18, 24, 1)
(19, 1, 2)
(19, 2, 3)
(19, 3, 5)
(19, 4, 7)
(19, 5, 3)
(19, 6, 2)
(19, 7, 1)
(19, 10, 2)
(19, 18, 1)
(19, 20, 1)
(20, 1, 2)
(20, 2, 1)
(20, 3, 3)
(20, 4, 4)
(20, 6, 1)
(20, 7, 3)
(20, 9, 1)
(20, 14, 1)
(20, 19, 1)
(21, 1, 4)
(21, 2, 1)
(21, 3, 5)
(21, 5, 2)
(21, 6, 1)
(21, 7, 2)
(21, 8, 2)
(21, 11, 3)
(22, 1, 11)
(22, 2, 3)
(22, 3, 2)
(22, 4, 1)
(22, 5, 1)
(22, 7, 3)
(22, 8, 2)
(22, 9, 1)
(22, 10, 1)
(22, 19, 1)
(23, 1, 8)
(23, 2, 1)
(23, 3, 3)
(23, 4, 3)
(23, 5, 2)
(23, 8, 2)
(23, 9, 2)
(24, 1, 3)
(24, 2, 3)
(24, 3, 4)
(24, 4, 2)
(24, 5, 1)
(24, 6, 1)
(24, 7, 1)
(24, 9, 1)
(24, 12, 1)
(24, 15, 2)
(24, 18, 1)
(25, 1, 9)
(25, 2, 3)
(25, 3, 3)
(25, 5, 2)
(25, 7, 2)
(25, 13, 1)
(25, 15, 1)
(25, 17, 1)
(25, 25, 1)
(26, 1, 18)
(26, 2, 4)
(26, 4, 1)
(26, 5, 4)
(26, 6, 2)
(26, 7, 3)
(26, 8, 1)
(26, 10, 1)
(26, 12, 2)
(26, 13, 2)
(26, 15, 1)
(26, 16, 2)
(26, 17, 1)
(26, 30, 1)
(27, 1, 15)
(27, 2, 2)
(27, 3, 2)
(27, 4, 4)
(27, 7, 3)
(27, 8, 1)
(27, 10, 2)
(27, 12, 2)
(27, 15, 1)
(27, 19, 1)
(27, 36, 1)
(28, 1, 2)
(28, 2, 2)
(28, 3, 4)
(28, 5, 1)
(28, 6, 4)
(28, 9, 1)
(28, 10, 1)
(28, 11, 1)
(28, 16, 3)
(28, 33, 1)
(29, 1, 16)
(29, 2, 2)
(29, 3, 6)
(29, 4, 5)
(29, 5, 3)
(29, 6, 3)
(29, 7, 1)
(29, 10, 1)
(29, 12, 2)
(29, 14, 1)
(29, 15, 1)
(29, 23, 1)
(29, 28, 1)
(30, 1, 1)
(30, 3, 1)
(30, 4, 2)
(30, 5, 4)
(30, 6, 3)
(30, 13, 1)
(30, 17, 1)
(30, 24, 1)
(31, 1, 1)
(31, 3, 3)
(31, 5, 2)
(31, 6, 3)
(31, 8, 1)
(31, 15, 1)
(31, 20, 1)
(31, 23, 1)
(32, 3, 6)
(32, 4, 3)
(32, 5, 3)
(32, 7, 2)
(32, 10, 1)
(32, 11, 1)
(32, 14, 1)
(33, 2, 1)
(33, 3, 1)
(33, 5, 2)
(33, 8, 1)
(33, 10, 1)
(34, 2, 1)
(34, 4, 1)
(34, 5, 1)
(34, 6, 1)
(34, 7, 3)
(34, 9, 2)
(34, 16, 1)
(35, 1, 1)
(35, 2, 4)
(35, 3, 1)
(35, 4, 1)
(35, 8, 1)
(36, 2, 1)
(36, 3, 1)
(36, 4, 1)
(36, 5, 2)
(36, 7, 3)
(36, 11, 1)
(37, 2, 3)
(37, 3, 4)
(37, 4, 2)
(37, 6, 1)
(37, 7, 3)
(37, 25, 1)
(38, 2, 4)
(38, 3, 3)
(38, 4, 4)
(38, 5, 3)
(38, 6, 3)
(38, 7, 1)
(38, 8, 1)
(38, 10, 3)
(39, 2, 4)
(39, 3, 3)
(39, 4, 10)
(39, 5, 3)
(39, 6, 1)
(39, 7, 1)
xi_2:
(5, 4, 1)
(5, 6, 1)
(6, 5, 1)
(6, 13, 1)
(7, 6, 1)
(9, 7, 1)
(9, 9, 1)
(10, 13, 1)
(11, 9, 2)
(11, 10, 1)
(12, 9, 1)
(12, 18, 1)
(13, 5, 1)
(13, 12, 1)
(14, 6, 1)
(14, 7, 1)
(14, 11, 1)
(15, 5, 1)
(15, 13, 1)
(15, 18, 1)
(16, 5, 1)
(16, 6, 1)
(16, 7, 1)
(16, 12, 1)
(17, 2, 1)
(17, 5, 2)
(17, 7, 1)
(17, 17, 1)
(18, 7, 1)
(18, 8, 1)
(19, 14, 1)
(19, 23, 1)
(19, 24, 1)
(20, 6, 1)
(20, 10, 2)
(21, 14, 1)
(22, 3, 1)
(22, 9, 1)
(22, 11, 1)
(23, 2, 1)
(23, 8, 1)
(23, 10, 1)
(23, 11, 1)
(24, 19, 1)
(25, 18, 1)
(26, 2, 1)
(26, 3, 1)
(26, 15, 2)
(26, 17, 1)
(26, 20, 1)
(26, 25, 1)
(27, 5, 2)
(27, 13, 1)
(27, 16, 1)
(27, 30, 1)
(28, 12, 1)
(28, 15, 1)
(28, 36, 1)
(29, 2, 1)
(29, 10, 1)
(29, 11, 1)
(29, 16, 2)
(29, 17, 1)
(29, 33, 1)
(30, 5, 1)
(30, 6, 1)
(30, 28, 1)
(31, 6, 1)
(31, 23, 1)
(31, 24, 1)
(32, 6, 1)
(32, 8, 1)
(32, 20, 1)
(32, 23, 1)
(34, 14, 1)
(34, 17, 1)
(35, 9, 1)
(36, 8, 1)
(37, 5, 1)
(37, 9, 1)
(38, 7, 1)
(38, 11, 1)
(38, 25, 1)
(39, 7, 1)
(39, 8, 2)
(39, 10, 2)
