x-grades
-743148707392263301/1000000000000000000
-364093863449512101/500000000000000000
-713226746405785103/1000000000000000000
-174566441478136501/250000000000000000
-136660957083861381/200000000000000000
-334171902463033903/500000000000000000
-653382824432828707/1000000000000000000
-79802730492448701/125000000000000000
-623460863446350509/1000000000000000000
-60849988295311141/100000000000000000
-593538902459872311/1000000000000000000
-144644480491658303/250000000000000000
-563616941473394113/1000000000000000000
-274327980490077507/500000000000000000
-106738996097383183/200000000000000000
-32420874999604801/62500000000000000
-503773019500437717/1000000000000000000
-244406019503599309/500000000000000000
-473851058513959519/1000000000000000000
-22944503901036021/50000000000000000
-443929097527481321/1000000000000000000
-214484058517121111/500000000000000000
-414007136541003123/1000000000000000000
-49880769505970503/125000000000000000
-15363407022180997/40000000000000000
-184562097530642913/500000000000000000
-354163214568046727/1000000000000000000
-84800558518701907/250000000000000000
-324241253581568529/1000000000000000000
-30928027308832943/100000000000000000
-294319292595090331/1000000000000000000
-8729947253182851/31250000000000000
-264397331608612133/1000000000000000000
-124718175557686517/500000000000000000
-46895074124426787/200000000000000000
-54878597532223709/250000000000000000
-204553409635655737/1000000000000000000
-94796214571208319/500000000000000000
-174631448649177539/1000000000000000000
-3991761703898461/25000000000000000

y-grades
9999893/40000000
9999893/20000000
29999679/40000000
9999893/10000000
9999893/8000000
29999679/20000000
69999251/40000000
9999893/5000000
89999037/40000000
9999893/4000000
109998823/40000000
29999679/10000000
129998609/40000000
69999251/20000000
29999679/8000000
9999893/2500000
169998181/40000000
89999037/20000000
189997967/40000000
9999893/2000000
209997753/40000000
109998823/20000000
229997539/40000000
29999679/5000000
9999893/1600000
129998609/20000000
269997111/40000000
69999251/10000000
289996897/40000000
29999679/4000000
309996683/40000000
9999893/1250000
329996469/40000000
169998181/20000000
69999251/8000000
89999037/10000000
369996041/40000000
189997967/20000000
389995827/40000000
9999893/1000000

Dimensions > 0:
(0, 0, 9)
(0, 1, 6)
(0, 2, 6)
(0, 3, 5)
(0, 4, 2)
(0, 5, 1)
(0, 6, 1)
(0, 7, 1)
(0, 8, 1)
(0, 9, 1)
(0, 10, 1)
(0, 11, 1)
(0, 12, 1)
(0, 13, 1)
(0, 14, 1)
(0, 15, 1)
(0, 16, 1)
(0, 17, 1)
(0, 18, 1)
(0, 19, 1)
(0, 20, 1)
(0, 21, 1)
(0, 22, 1)
(0, 23, 1)
(0, 24, 1)
(0, 25, 1)
(0, 26, 1)
(0, 27, 1)
(0, 28, 1)
(0, 29, 1)
(0, 30, 1)
(0, 31, 1)
(0, 32, 1)
(0, 33, 1)
(0, 34, 1)
(0, 35, 1)
(0, 36, 1)
(0, 37, 1)
(0, 38, 1)
(0, 39, 1)

(1, 0, 20)
(1, 1, 13)
(1, 2, 12)
(1, 3, 6)
(1, 4, 1)
(1, 5, 1)
(1, 6, 1)
(1, 7, 1)
(1, 8, 1)
(1, 9, 1)
(1, 10, 1)
(1, 11, 1)
(1, 12, 1)
(1, 13, 1)
(1, 14, 1)
(1, 15, 1)
(1, 16, 1)
(1, 17, 1)
(1, 18, 1)
(1, 19, 1)
(1, 20, 1)
(1, 21, 1)
(1, 22, 1)
(1, 23, 1)
(1, 24, 1)
(1, 25, 1)
(1, 26, 1)
(1, 27, 1)
(1, 28, 1)
(1, 29, 1)
(1, 30, 1)
(1, 31, 1)
(1, 32, 1)
(1, 33, 1)
(1, 34, 1)
(1, 35, 1)
(1, 36, 1)
(1, 37, 1)
(1, 38, 1)
(1, 39, 1)

(2, 0, 28)
(2, 1, 16)
(2, 2, 14)
(2, 3, 5)
(2, 4, 1)
(2, 5, 1)
(2, 6, 1)
(2, 7, 1)
(2, 8, 1)
(2, 9, 1)
(2, 10, 1)
(2, 11, 1)
(2, 12, 1)
(2, 13, 1)
(2, 14, 1)
(2, 15, 1)
(2, 16, 1)
(2, 17, 1)
(2, 18, 1)
(2, 19, 1)
(2, 20, 1)
(2, 21, 1)
(2, 22, 1)
(2, 23, 1)
(2, 24, 1)
(2, 25, 1)
(2, 26, 1)
(2, 27, 1)
(2, 28, 1)
(2, 29, 1)
(2, 30, 1)
(2, 31, 1)
(2, 32, 1)
(2, 33, 1)
(2, 34, 1)
(2, 35, 1)
(2, 36, 1)
(2, 37, 1)
(2, 38, 1)
(2, 39, 1)

(3, 0, 36)
(3, 1, 21)
(3, 2, 18)
(3, 3, 5)
(3, 4, 2)
(3, 5, 1)
(3, 6, 1)
(3, 7, 1)
(3, 8, 1)
(3, 9, 1)
(3, 10, 1)
(3, 11, 1)
(3, 12, 1)
(3, 13, 1)
(3, 14, 1)
(3, 15, 1)
(3, 16, 1)
(3, 17, 1)
(3, 18, 1)
(3, 19, 1)
(3, 20, 1)
(3, 21, 1)
(3, 22, 1)
(3, 23, 1)
(3, 24, 1)
(3, 25, 1)
(3, 26, 1)
(3, 27, 1)
(3, 28, 1)
(3, 29, 1)
(3, 30, 1)
(3, 31, 1)
(3, 32, 1)
(3, 33, 1)
(3, 34, 1)
(3, 35, 1)
(3, 36, 1)
(3, 37, 1)
(3, 38, 1)
(3, 39, 1)

(4, 0, 46)
(4, 1, 29)
(4, 2, 23)
(4, 3, 4)
(4, 4, 1)
(4, 5, 1)
(4, 6, 1)
(4, 7, 1)
(4, 8, 1)
(4, 9, 1)
(4, 10, 1)
(4, 11, 1)
(4, 12, 1)
(4, 13, 1)
(4, 14, 1)
(4, 15, 1)
(4, 16, 1)
(4, 17, 1)
(4, 18, 1)
(4, 19, 1)
(4, 20, 1)
(4, 21, 1)
(4, 22, 1)
(4, 23, 1)
(4, 24, 1)
(4, 25, 1)
(4, 26, 1)
(4, 27, 1)
(4, 28, 1)
(4, 29, 1)
(4, 30, 1)
(4, 31, 1)
(4, 32, 1)
(4, 33, 1)
(4, 34, 1)
(4, 35, 1)
(4, 36, 1)
(4, 37, 1)
(4, 38, 1)
(4, 39, 1)

(5, 0, 51)
(5, 1, 31)
(5, 2, 25)
(5, 3, 6)
(5, 4, 2)
(5, 5, 2)
(5, 6, 2)
(5, 7, 2)
(5, 8, 1)
(5, 9, 1)
(5, 10, 1)
(5, 11, 1)
(5, 12, 1)
(5, 13, 1)
(5, 14, 1)
(5, 15, 1)
(5, 16, 1)
(5, 17, 1)
(5, 18, 1)
(5, 19, 1)
(5, 20, 1)
(5, 21, 1)
(5, 22, 1)
(5, 23, 1)
(5, 24, 1)
(5, 25, 1)
(5, 26, 1)
(5, 27, 1)
(5, 28, 1)
(5, 29, 1)
(5, 30, 1)
(5, 31, 1)
(5, 32, 1)
(5, 33, 1)
(5, 34, 1)
(5, 35, 1)
(5, 36, 1)
(5, 37, 1)
(5, 38, 1)
(5, 39, 1)

(6, 0, 55)
(6, 1, 34)
(6, 2, 27)
(6, 3, 6)
(6, 4, 2)
(6, 5, 2)
(6, 6, 2)
(6, 7, 1)
(6, 8, 1)
(6, 9, 1)
(6, 10, 1)
(6, 11, 1)
(6, 12, 1)
(6, 13, 1)
(6, 14, 1)
(6, 15, 1)
(6, 16, 1)
(6, 17, 1)
(6, 18, 1)
(6, 19, 1)
(6, 20, 1)
(6, 21, 1)
(6, 22, 1)
(6, 23, 1)
(6, 24, 1)
(6, 25, 1)
(6, 26, 1)
(6, 27, 1)
(6, 28, 1)
(6, 29, 1)
(6, 30, 1)
(6, 31, 1)
(6, 32, 1)
(6, 33, 1)
(6, 34, 1)
(6, 35, 1)
(6, 36, 1)
(6, 37, 1)
(6, 38, 1)
(6, 39, 1)

(7, 0, 63)
(7, 1, 40)
(7, 2, 33)
(7, 3, 11)
(7, 4, 7)
(7, 5, 5)
(7, 6, 4)
(7, 7, 2)
(7, 8, 2)
(7, 9, 2)
(7, 10, 2)
(7, 11, 2)
(7, 12, 2)
(7, 13, 2)
(7, 14, 2)
(7, 15, 2)
(7, 16, 2)
(7, 17, 2)
(7, 18, 2)
(7, 19, 2)
(7, 20, 2)
(7, 21, 2)
(7, 22, 2)
(7, 23, 2)
(7, 24, 2)
(7, 25, 2)
(7, 26, 2)
(7, 27, 2)
(7, 28, 2)
(7, 29, 2)
(7, 30, 2)
(7, 31, 2)
(7, 32, 2)
(7, 33, 2)
(7, 34, 2)
(7, 35, 2)
(7, 36, 2)
(7, 37, 2)
(7, 38, 2)
(7, 39, 2)

(8, 0, 79)
(8, 1, 51)
(8, 2, 44)
(8, 3, 17)
(8, 4, 11)
(8, 5, 8)
(8, 6, 7)
(8, 7, 3)
(8, 8, 3)
(8, 9, 3)
(8, 10, 3)
(8, 11, 3)
(8, 12, 3)
(8, 13, 2)
(8, 14, 2)
(8, 15, 2)
(8, 16, 2)
(8, 17, 2)
(8, 18, 2)
(8, 19, 2)
(8, 20, 2)
(8, 21, 2)
(8, 22, 2)
(8, 23, 2)
(8, 24, 2)
(8, 25, 2)
(8, 26, 2)
(8, 27, 2)
(8, 28, 2)
(8, 29, 2)
(8, 30, 2)
(8, 31, 2)
(8, 32, 2)
(8, 33, 1)
(8, 34, 1)
(8, 35, 1)
(8, 36, 1)
(8, 37, 1)
(8, 38, 1)
(8, 39, 1)

(9, 0, 88)
(9, 1, 58)
(9, 2, 49)
(9, 3, 22)
(9, 4, 14)
(9, 5, 7)
(9, 6, 6)
(9, 7, 4)
(9, 8, 4)
(9, 9, 4)
(9, 10, 3)
(9, 11, 3)
(9, 12, 3)
(9, 13, 2)
(9, 14, 2)
(9, 15, 2)
(9, 16, 2)
(9, 17, 2)
(9, 18, 2)
(9, 19, 2)
(9, 20, 2)
(9, 21, 2)
(9, 22, 2)
(9, 23, 2)
(9, 24, 2)
(9, 25, 2)
(9, 26, 2)
(9, 27, 2)
(9, 28, 2)
(9, 29, 1)
(9, 30, 1)
(9, 31, 1)
(9, 32, 1)
(9, 33, 1)
(9, 34, 1)
(9, 35, 1)
(9, 36, 1)
(9, 37, 1)
(9, 38, 1)
(9, 39, 1)

(10, 0, 102)
(10, 1, 71)
(10, 2, 60)
(10, 3, 29)
(10, 4, 20)
(10, 5, 13)
(10, 6, 11)
(10, 7, 7)
(10, 8, 6)
(10, 9, 5)
(10, 10, 3)
(10, 11, 3)
(10, 12, 2)
(10, 13, 1)
(10, 14, 1)
(10, 15, 1)
(10, 16, 1)
(10, 17, 1)
(10, 18, 1)
(10, 19, 1)
(10, 20, 1)
(10, 21, 1)
(10, 22, 1)
(10, 23, 1)
(10, 24, 1)
(10, 25, 1)
(10, 26, 1)
(10, 27, 1)
(10, 28, 1)
(10, 29, 1)
(10, 30, 1)
(10, 31, 1)
(10, 32, 1)
(10, 33, 1)
(10, 34, 1)
(10, 35, 1)
(10, 36, 1)
(10, 37, 1)
(10, 38, 1)
(10, 39, 1)

(11, 0, 118)
(11, 1, 85)
(11, 2, 70)
(11, 3, 36)
(11, 4, 24)
(11, 5, 16)
(11, 6, 13)
(11, 7, 6)
(11, 8, 5)
(11, 9, 4)
(11, 10, 3)
(11, 11, 3)
(11, 12, 2)
(11, 13, 1)
(11, 14, 1)
(11, 15, 1)
(11, 16, 1)
(11, 17, 1)
(11, 18, 1)
(11, 19, 1)
(11, 20, 1)
(11, 21, 1)
(11, 22, 1)
(11, 23, 1)
(11, 24, 1)
(11, 25, 1)
(11, 26, 1)
(11, 27, 1)
(11, 28, 1)
(11, 29, 1)
(11, 30, 1)
(11, 31, 1)
(11, 32, 1)
(11, 33, 1)
(11, 34, 1)
(11, 35, 1)
(11, 36, 1)
(11, 37, 1)
(11, 38, 1)
(11, 39, 1)

(12, 0, 131)
(12, 1, 97)
(12, 2, 82)
(12, 3, 47)
(12, 4, 34)
(12, 5, 24)
(12, 6, 18)
(12, 7, 11)
(12, 8, 9)
(12, 9, 6)
(12, 10, 5)
(12, 11, 5)
(12, 12, 4)
(12, 13, 3)
(12, 14, 3)
(12, 15, 2)
(12, 16, 2)
(12, 17, 2)
(12, 18, 2)
(12, 19, 1)
(12, 20, 1)
(12, 21, 1)
(12, 22, 1)
(12, 23, 1)
(12, 24, 1)
(12, 25, 1)
(12, 26, 1)
(12, 27, 1)
(12, 28, 1)
(12, 29, 1)
(12, 30, 1)
(12, 31, 1)
(12, 32, 1)
(12, 33, 1)
(12, 34, 1)
(12, 35, 1)
(12, 36, 1)
(12, 37, 1)
(12, 38, 1)
(12, 39, 1)

(13, 0, 154)
(13, 1, 115)
(13, 2, 96)
(13, 3, 53)
(13, 4, 39)
(13, 5, 27)
(13, 6, 20)
(13, 7, 11)
(13, 8, 9)
(13, 9, 7)
(13, 10, 5)
(13, 11, 5)
(13, 12, 4)
(13, 13, 3)
(13, 14, 3)
(13, 15, 2)
(13, 16, 2)
(13, 17, 2)
(13, 18, 2)
(13, 19, 1)
(13, 20, 1)
(13, 21, 1)
(13, 22, 1)
(13, 23, 1)
(13, 24, 1)
(13, 25, 1)
(13, 26, 1)
(13, 27, 1)
(13, 28, 1)
(13, 29, 1)
(13, 30, 1)
(13, 31, 1)
(13, 32, 1)
(13, 33, 1)
(13, 34, 1)
(13, 35, 1)
(13, 36, 1)
(13, 37, 1)
(13, 38, 1)
(13, 39, 1)

(14, 0, 180)
(14, 1, 133)
(14, 2, 111)
(14, 3, 63)
(14, 4, 45)
(14, 5, 30)
(14, 6, 23)
(14, 7, 11)
(14, 8, 9)
(14, 9, 8)
(14, 10, 6)
(14, 11, 5)
(14, 12, 4)
(14, 13, 3)
(14, 14, 3)
(14, 15, 3)
(14, 16, 3)
(14, 17, 3)
(14, 18, 3)
(14, 19, 2)
(14, 20, 2)
(14, 21, 2)
(14, 22, 2)
(14, 23, 2)
(14, 24, 2)
(14, 25, 2)
(14, 26, 2)
(14, 27, 2)
(14, 28, 2)
(14, 29, 2)
(14, 30, 2)
(14, 31, 2)
(14, 32, 2)
(14, 33, 2)
(14, 34, 2)
(14, 35, 2)
(14, 36, 2)
(14, 37, 2)
(14, 38, 2)
(14, 39, 2)

(15, 0, 209)
(15, 1, 155)
(15, 2, 130)
(15, 3, 74)
(15, 4, 51)
(15, 5, 33)
(15, 6, 24)
(15, 7, 14)
(15, 8, 11)
(15, 9, 9)
(15, 10, 7)
(15, 11, 6)
(15, 12, 5)
(15, 13, 3)
(15, 14, 2)
(15, 15, 2)
(15, 16, 2)
(15, 17, 2)
(15, 18, 2)
(15, 19, 2)
(15, 20, 2)
(15, 21, 2)
(15, 22, 2)
(15, 23, 2)
(15, 24, 2)
(15, 25, 2)
(15, 26, 2)
(15, 27, 2)
(15, 28, 2)
(15, 29, 2)
(15, 30, 2)
(15, 31, 2)
(15, 32, 2)
(15, 33, 2)
(15, 34, 2)
(15, 35, 2)
(15, 36, 2)
(15, 37, 2)
(15, 38, 2)
(15, 39, 2)

(16, 0, 229)
(16, 1, 173)
(16, 2, 144)
(16, 3, 81)
(16, 4, 56)
(16, 5, 37)
(16, 6, 27)
(16, 7, 15)
(16, 8, 12)
(16, 9, 11)
(16, 10, 7)
(16, 11, 6)
(16, 12, 4)
(16, 13, 3)
(16, 14, 2)
(16, 15, 2)
(16, 16, 2)
(16, 17, 2)
(16, 18, 2)
(16, 19, 2)
(16, 20, 2)
(16, 21, 2)
(16, 22, 2)
(16, 23, 2)
(16, 24, 2)
(16, 25, 2)
(16, 26, 2)
(16, 27, 2)
(16, 28, 2)
(16, 29, 2)
(16, 30, 2)
(16, 31, 2)
(16, 32, 2)
(16, 33, 2)
(16, 34, 2)
(16, 35, 2)
(16, 36, 2)
(16, 37, 2)
(16, 38, 2)
(16, 39, 2)

(17, 0, 251)
(17, 1, 189)
(17, 2, 157)
(17, 3, 89)
(17, 4, 61)
(17, 5, 40)
(17, 6, 30)
(17, 7, 18)
(17, 8, 12)
(17, 9, 11)
(17, 10, 6)
(17, 11, 5)
(17, 12, 4)
(17, 13, 2)
(17, 14, 2)
(17, 15, 2)
(17, 16, 2)
(17, 17, 2)
(17, 18, 2)
(17, 19, 2)
(17, 20, 2)
(17, 21, 2)
(17, 22, 2)
(17, 23, 2)
(17, 24, 2)
(17, 25, 2)
(17, 26, 2)
(17, 27, 2)
(17, 28, 2)
(17, 29, 2)
(17, 30, 2)
(17, 31, 2)
(17, 32, 2)
(17, 33, 2)
(17, 34, 2)
(17, 35, 2)
(17, 36, 2)
(17, 37, 2)
(17, 38, 2)
(17, 39, 2)

(18, 0, 266)
(18, 1, 203)
(18, 2, 170)
(18, 3, 99)
(18, 4, 71)
(18, 5, 46)
(18, 6, 33)
(18, 7, 19)
(18, 8, 13)
(18, 9, 11)
(18, 10, 6)
(18, 11, 5)
(18, 12, 4)
(18, 13, 2)
(18, 14, 2)
(18, 15, 2)
(18, 16, 2)
(18, 17, 2)
(18, 18, 2)
(18, 19, 2)
(18, 20, 2)
(18, 21, 2)
(18, 22, 2)
(18, 23, 2)
(18, 24, 2)
(18, 25, 2)
(18, 26, 2)
(18, 27, 2)
(18, 28, 2)
(18, 29, 2)
(18, 30, 2)
(18, 31, 2)
(18, 32, 2)
(18, 33, 2)
(18, 34, 2)
(18, 35, 2)
(18, 36, 2)
(18, 37, 2)
(18, 38, 2)
(18, 39, 2)

(19, 0, 280)
(19, 1, 216)
(19, 2, 179)
(19, 3, 107)
(19, 4, 76)
(19, 5, 50)
(19, 6, 36)
(19, 7, 20)
(19, 8, 12)
(19, 9, 10)
(19, 10, 6)
(19, 11, 5)
(19, 12, 4)
(19, 13, 2)
(19, 14, 2)
(19, 15, 2)
(19, 16, 2)
(19, 17, 2)
(19, 18, 2)
(19, 19, 2)
(19, 20, 2)
(19, 21, 2)
(19, 22, 2)
(19, 23, 2)
(19, 24, 2)
(19, 25, 2)
(19, 26, 2)
(19, 27, 2)
(19, 28, 2)
(19, 29, 2)
(19, 30, 2)
(19, 31, 2)
(19, 32, 2)
(19, 33, 2)
(19, 34, 2)
(19, 35, 2)
(19, 36, 2)
(19, 37, 2)
(19, 38, 2)
(19, 39, 2)

(20, 0, 310)
(20, 1, 241)
(20, 2, 198)
(20, 3, 121)
(20, 4, 85)
(20, 5, 55)
(20, 6, 40)
(20, 7, 22)
(20, 8, 13)
(20, 9, 11)
(20, 10, 7)
(20, 11, 6)
(20, 12, 5)
(20, 13, 3)
(20, 14, 3)
(20, 15, 3)
(20, 16, 3)
(20, 17, 3)
(20, 18, 3)
(20, 19, 3)
(20, 20, 3)
(20, 21, 3)
(20, 22, 3)
(20, 23, 3)
(20, 24, 3)
(20, 25, 3)
(20, 26, 3)
(20, 27, 3)
(20, 28, 3)
(20, 29, 3)
(20, 30, 3)
(20, 31, 3)
(20, 32, 3)
(20, 33, 3)
(20, 34, 3)
(20, 35, 3)
(20, 36, 3)
(20, 37, 3)
(20, 38, 3)
(20, 39, 3)

(21, 0, 334)
(21, 1, 261)
(21, 2, 212)
(21, 3, 130)
(21, 4, 90)
(21, 5, 59)
(21, 6, 41)
(21, 7, 22)
(21, 8, 14)
(21, 9, 9)
(21, 10, 6)
(21, 11, 5)
(21, 12, 4)
(21, 13, 3)
(21, 14, 3)
(21, 15, 3)
(21, 16, 3)
(21, 17, 3)
(21, 18, 3)
(21, 19, 3)
(21, 20, 3)
(21, 21, 3)
(21, 22, 3)
(21, 23, 3)
(21, 24, 3)
(21, 25, 3)
(21, 26, 3)
(21, 27, 3)
(21, 28, 3)
(21, 29, 3)
(21, 30, 3)
(21, 31, 3)
(21, 32, 3)
(21, 33, 3)
(21, 34, 3)
(21, 35, 3)
(21, 36, 3)
(21, 37, 3)
(21, 38, 3)
(21, 39, 3)

(22, 0, 358)
(22, 1, 282)
(22, 2, 229)
(22, 3, 142)
(22, 4, 96)
(22, 5, 63)
(22, 6, 41)
(22, 7, 20)
(22, 8, 10)
(22, 9, 8)
(22, 10, 6)
(22, 11, 5)
(22, 12, 4)
(22, 13, 3)
(22, 14, 3)
(22, 15, 3)
(22, 16, 3)
(22, 17, 3)
(22, 18, 3)
(22, 19, 3)
(22, 20, 3)
(22, 21, 3)
(22, 22, 3)
(22, 23, 3)
(22, 24, 3)
(22, 25, 3)
(22, 26, 3)
(22, 27, 3)
(22, 28, 3)
(22, 29, 3)
(22, 30, 3)
(22, 31, 3)
(22, 32, 3)
(22, 33, 3)
(22, 34, 3)
(22, 35, 3)
(22, 36, 3)
(22, 37, 3)
(22, 38, 3)
(22, 39, 3)

(23, 0, 393)
(23, 1, 313)
(23, 2, 255)
(23, 3, 160)
(23, 4, 110)
(23, 5, 74)
(23, 6, 47)
(23, 7, 21)
(23, 8, 14)
(23, 9, 12)
(23, 10, 10)
(23, 11, 8)
(23, 12, 7)
(23, 13, 4)
(23, 14, 4)
(23, 15, 4)
(23, 16, 4)
(23, 17, 4)
(23, 18, 4)
(23, 19, 4)
(23, 20, 3)
(23, 21, 3)
(23, 22, 3)
(23, 23, 3)
(23, 24, 3)
(23, 25, 3)
(23, 26, 3)
(23, 27, 3)
(23, 28, 3)
(23, 29, 3)
(23, 30, 3)
(23, 31, 3)
(23, 32, 3)
(23, 33, 3)
(23, 34, 3)
(23, 35, 2)
(23, 36, 2)
(23, 37, 2)
(23, 38, 2)
(23, 39, 1)

(24, 0, 418)
(24, 1, 329)
(24, 2, 271)
(24, 3, 171)
(24, 4, 117)
(24, 5, 76)
(24, 6, 46)
(24, 7, 21)
(24, 8, 14)
(24, 9, 12)
(24, 10, 10)
(24, 11, 8)
(24, 12, 7)
(24, 13, 4)
(24, 14, 4)
(24, 15, 4)
(24, 16, 4)
(24, 17, 4)
(24, 18, 4)
(24, 19, 4)
(24, 20, 3)
(24, 21, 3)
(24, 22, 3)
(24, 23, 3)
(24, 24, 3)
(24, 25, 3)
(24, 26, 3)
(24, 27, 3)
(24, 28, 3)
(24, 29, 3)
(24, 30, 3)
(24, 31, 3)
(24, 32, 3)
(24, 33, 3)
(24, 34, 3)
(24, 35, 2)
(24, 36, 2)
(24, 37, 2)
(24, 38, 2)
(24, 39, 1)

(25, 0, 452)
(25, 1, 360)
(25, 2, 294)
(25, 3, 189)
(25, 4, 129)
(25, 5, 79)
(25, 6, 45)
(25, 7, 21)
(25, 8, 14)
(25, 9, 13)
(25, 10, 10)
(25, 11, 7)
(25, 12, 6)
(25, 13, 4)
(25, 14, 4)
(25, 15, 4)
(25, 16, 4)
(25, 17, 4)
(25, 18, 4)
(25, 19, 4)
(25, 20, 3)
(25, 21, 3)
(25, 22, 3)
(25, 23, 3)
(25, 24, 3)
(25, 25, 3)
(25, 26, 3)
(25, 27, 3)
(25, 28, 3)
(25, 29, 3)
(25, 30, 3)
(25, 31, 2)
(25, 32, 2)
(25, 33, 2)
(25, 34, 2)
(25, 35, 2)
(25, 36, 2)
(25, 37, 2)
(25, 38, 2)
(25, 39, 1)

(26, 0, 473)
(26, 1, 380)
(26, 2, 310)
(26, 3, 198)
(26, 4, 134)
(26, 5, 84)
(26, 6, 47)
(26, 7, 22)
(26, 8, 14)
(26, 9, 13)
(26, 10, 10)
(26, 11, 6)
(26, 12, 5)
(26, 13, 4)
(26, 14, 3)
(26, 15, 3)
(26, 16, 3)
(26, 17, 3)
(26, 18, 3)
(26, 19, 3)
(26, 20, 3)
(26, 21, 3)
(26, 22, 3)
(26, 23, 2)
(26, 24, 2)
(26, 25, 2)
(26, 26, 2)
(26, 27, 2)
(26, 28, 2)
(26, 29, 2)
(26, 30, 2)
(26, 31, 2)
(26, 32, 2)
(26, 33, 2)
(26, 34, 2)
(26, 35, 2)
(26, 36, 2)
(26, 37, 2)
(26, 38, 2)
(26, 39, 1)

(27, 0, 508)
(27, 1, 410)
(27, 2, 335)
(27, 3, 215)
(27, 4, 145)
(27, 5, 91)
(27, 6, 50)
(27, 7, 24)
(27, 8, 16)
(27, 9, 13)
(27, 10, 10)
(27, 11, 8)
(27, 12, 6)
(27, 13, 4)
(27, 14, 3)
(27, 15, 3)
(27, 16, 3)
(27, 17, 3)
(27, 18, 3)
(27, 19, 3)
(27, 20, 3)
(27, 21, 3)
(27, 22, 3)
(27, 23, 3)
(27, 24, 3)
(27, 25, 2)
(27, 26, 2)
(27, 27, 2)
(27, 28, 2)
(27, 29, 2)
(27, 30, 2)
(27, 31, 2)
(27, 32, 2)
(27, 33, 2)
(27, 34, 2)
(27, 35, 2)
(27, 36, 2)
(27, 37, 2)
(27, 38, 2)
(27, 39, 1)

(28, 0, 543)
(28, 1, 435)
(28, 2, 355)
(28, 3, 229)
(28, 4, 156)
(28, 5, 95)
(28, 6, 53)
(28, 7, 24)
(28, 8, 16)
(28, 9, 12)
(28, 10, 8)
(28, 11, 6)
(28, 12, 4)
(28, 13, 3)
(28, 14, 3)
(28, 15, 3)
(28, 16, 3)
(28, 17, 3)
(28, 18, 3)
(28, 19, 3)
(28, 20, 3)
(28, 21, 3)
(28, 22, 3)
(28, 23, 3)
(28, 24, 3)
(28, 25, 2)
(28, 26, 2)
(28, 27, 2)
(28, 28, 2)
(28, 29, 2)
(28, 30, 2)
(28, 31, 2)
(28, 32, 2)
(28, 33, 2)
(28, 34, 2)
(28, 35, 2)
(28, 36, 2)
(28, 37, 2)
(28, 38, 2)
(28, 39, 1)

(29, 0, 568)
(29, 1, 452)
(29, 2, 370)
(29, 3, 242)
(29, 4, 165)
(29, 5, 100)
(29, 6, 58)
(29, 7, 23)
(29, 8, 16)
(29, 9, 12)
(29, 10, 9)
(29, 11, 7)
(29, 12, 6)
(29, 13, 4)
(29, 14, 3)
(29, 15, 3)
(29, 16, 3)
(29, 17, 3)
(29, 18, 3)
(29, 19, 3)
(29, 20, 3)
(29, 21, 3)
(29, 22, 3)
(29, 23, 3)
(29, 24, 3)
(29, 25, 3)
(29, 26, 3)
(29, 27, 3)
(29, 28, 3)
(29, 29, 3)
(29, 30, 2)
(29, 31, 2)
(29, 32, 2)
(29, 33, 2)
(29, 34, 2)
(29, 35, 2)
(29, 36, 2)
(29, 37, 2)
(29, 38, 2)
(29, 39, 1)

(30, 0, 592)
(30, 1, 471)
(30, 2, 385)
(30, 3, 253)
(30, 4, 171)
(30, 5, 100)
(30, 6, 59)
(30, 7, 25)
(30, 8, 17)
(30, 9, 12)
(30, 10, 9)
(30, 11, 7)
(30, 12, 6)
(30, 13, 4)
(30, 14, 3)
(30, 15, 3)
(30, 16, 3)
(30, 17, 3)
(30, 18, 3)
(30, 19, 3)
(30, 20, 3)
(30, 21, 3)
(30, 22, 3)
(30, 23, 2)
(30, 24, 2)
(30, 25, 2)
(30, 26, 2)
(30, 27, 2)
(30, 28, 2)
(30, 29, 2)
(30, 30, 2)
(30, 31, 2)
(30, 32, 2)
(30, 33, 2)
(30, 34, 2)
(30, 35, 2)
(30, 36, 2)
(30, 37, 2)
(30, 38, 2)
(30, 39, 1)

(31, 0, 614)
(31, 1, 491)
(31, 2, 401)
(31, 3, 268)
(31, 4, 182)
(31, 5, 107)
(31, 6, 64)
(31, 7, 29)
(31, 8, 18)
(31, 9, 11)
(31, 10, 7)
(31, 11, 5)
(31, 12, 4)
(31, 13, 3)
(31, 14, 2)
(31, 15, 2)
(31, 16, 2)
(31, 17, 2)
(31, 18, 2)
(31, 19, 2)
(31, 20, 2)
(31, 21, 2)
(31, 22, 2)
(31, 23, 2)
(31, 24, 2)
(31, 25, 2)
(31, 26, 2)
(31, 27, 2)
(31, 28, 2)
(31, 29, 2)
(31, 30, 2)
(31, 31, 2)
(31, 32, 2)
(31, 33, 2)
(31, 34, 2)
(31, 35, 2)
(31, 36, 2)
(31, 37, 1)
(31, 38, 1)
(31, 39, 1)

(32, 0, 630)
(32, 1, 501)
(32, 2, 409)
(32, 3, 274)
(32, 4, 188)
(32, 5, 110)
(32, 6, 65)
(32, 7, 28)
(32, 8, 18)
(32, 9, 11)
(32, 10, 7)
(32, 11, 5)
(32, 12, 4)
(32, 13, 3)
(32, 14, 2)
(32, 15, 2)
(32, 16, 2)
(32, 17, 2)
(32, 18, 2)
(32, 19, 2)
(32, 20, 2)
(32, 21, 2)
(32, 22, 2)
(32, 23, 2)
(32, 24, 2)
(32, 25, 2)
(32, 26, 2)
(32, 27, 2)
(32, 28, 2)
(32, 29, 2)
(32, 30, 2)
(32, 31, 2)
(32, 32, 2)
(32, 33, 2)
(32, 34, 2)
(32, 35, 2)
(32, 36, 2)
(32, 37, 1)
(32, 38, 1)
(32, 39, 1)

(33, 0, 650)
(33, 1, 509)
(33, 2, 416)
(33, 3, 280)
(33, 4, 193)
(33, 5, 114)
(33, 6, 67)
(33, 7, 29)
(33, 8, 20)
(33, 9, 12)
(33, 10, 8)
(33, 11, 6)
(33, 12, 4)
(33, 13, 3)
(33, 14, 2)
(33, 15, 2)
(33, 16, 2)
(33, 17, 2)
(33, 18, 2)
(33, 19, 2)
(33, 20, 2)
(33, 21, 2)
(33, 22, 2)
(33, 23, 2)
(33, 24, 2)
(33, 25, 2)
(33, 26, 2)
(33, 27, 2)
(33, 28, 2)
(33, 29, 2)
(33, 30, 2)
(33, 31, 2)
(33, 32, 1)
(33, 33, 1)
(33, 34, 1)
(33, 35, 1)
(33, 36, 1)
(33, 37, 1)
(33, 38, 1)
(33, 39, 1)

(34, 0, 660)
(34, 1, 517)
(34, 2, 424)
(34, 3, 288)
(34, 4, 199)
(34, 5, 118)
(34, 6, 70)
(34, 7, 30)
(34, 8, 21)
(34, 9, 13)
(34, 10, 8)
(34, 11, 5)
(34, 12, 4)
(34, 13, 2)
(34, 14, 2)
(34, 15, 2)
(34, 16, 2)
(34, 17, 2)
(34, 18, 2)
(34, 19, 2)
(34, 20, 2)
(34, 21, 2)
(34, 22, 2)
(34, 23, 2)
(34, 24, 2)
(34, 25, 2)
(34, 26, 2)
(34, 27, 2)
(34, 28, 2)
(34, 29, 2)
(34, 30, 2)
(34, 31, 2)
(34, 32, 1)
(34, 33, 1)
(34, 34, 1)
(34, 35, 1)
(34, 36, 1)
(34, 37, 1)
(34, 38, 1)
(34, 39, 1)

(35, 0, 667)
(35, 1, 524)
(35, 2, 429)
(35, 3, 291)
(35, 4, 199)
(35, 5, 117)
(35, 6, 69)
(35, 7, 29)
(35, 8, 20)
(35, 9, 12)
(35, 10, 7)
(35, 11, 5)
(35, 12, 4)
(35, 13, 2)
(35, 14, 2)
(35, 15, 2)
(35, 16, 2)
(35, 17, 2)
(35, 18, 2)
(35, 19, 2)
(35, 20, 2)
(35, 21, 2)
(35, 22, 2)
(35, 23, 2)
(35, 24, 2)
(35, 25, 2)
(35, 26, 2)
(35, 27, 2)
(35, 28, 2)
(35, 29, 2)
(35, 30, 1)
(35, 31, 1)
(35, 32, 1)
(35, 33, 1)
(35, 34, 1)
(35, 35, 1)
(35, 36, 1)
(35, 37, 1)
(35, 38, 1)
(35, 39, 1)

(36, 0, 675)
(36, 1, 532)
(36, 2, 436)
(36, 3, 295)
(36, 4, 204)
(36, 5, 120)
(36, 6, 70)
(36, 7, 30)
(36, 8, 20)
(36, 9, 12)
(36, 10, 7)
(36, 11, 5)
(36, 12, 4)
(36, 13, 2)
(36, 14, 2)
(36, 15, 2)
(36, 16, 2)
(36, 17, 2)
(36, 18, 2)
(36, 19, 2)
(36, 20, 2)
(36, 21, 2)
(36, 22, 2)
(36, 23, 2)
(36, 24, 2)
(36, 25, 2)
(36, 26, 2)
(36, 27, 2)
(36, 28, 2)
(36, 29, 2)
(36, 30, 1)
(36, 31, 1)
(36, 32, 1)
(36, 33, 1)
(36, 34, 1)
(36, 35, 1)
(36, 36, 1)
(36, 37, 1)
(36, 38, 1)
(36, 39, 1)

(37, 0, 685)
(37, 1, 541)
(37, 2, 444)
(37, 3, 302)
(37, 4, 211)
(37, 5, 125)
(37, 6, 72)
(37, 7, 31)
(37, 8, 20)
(37, 9, 12)
(37, 10, 7)
(37, 11, 5)
(37, 12, 4)
(37, 13, 2)
(37, 14, 2)
(37, 15, 2)
(37, 16, 2)
(37, 17, 2)
(37, 18, 2)
(37, 19, 2)
(37, 20, 2)
(37, 21, 2)
(37, 22, 2)
(37, 23, 2)
(37, 24, 2)
(37, 25, 2)
(37, 26, 2)
(37, 27, 2)
(37, 28, 2)
(37, 29, 2)
(37, 30, 1)
(37, 31, 1)
(37, 32, 1)
(37, 33, 1)
(37, 34, 1)
(37, 35, 1)
(37, 36, 1)
(37, 37, 1)
(37, 38, 1)
(37, 39, 1)

(38, 0, 687)
(38, 1, 543)
(38, 2, 446)
(38, 3, 304)
(38, 4, 213)
(38, 5, 127)
(38, 6, 73)
(38, 7, 32)
(38, 8, 20)
(38, 9, 12)
(38, 10, 7)
(38, 11, 5)
(38, 12, 4)
(38, 13, 2)
(38, 14, 2)
(38, 15, 2)
(38, 16, 2)
(38, 17, 2)
(38, 18, 2)
(38, 19, 2)
(38, 20, 2)
(38, 21, 2)
(38, 22, 2)
(38, 23, 2)
(38, 24, 2)
(38, 25, 2)
(38, 26, 2)
(38, 27, 2)
(38, 28, 2)
(38, 29, 2)
(38, 30, 1)
(38, 31, 1)
(38, 32, 1)
(38, 33, 1)
(38, 34, 1)
(38, 35, 1)
(38, 36, 1)
(38, 37, 1)
(38, 38, 1)
(38, 39, 1)

(39, 0, 689)
(39, 1, 545)
(39, 2, 448)
(39, 3, 305)
(39, 4, 213)
(39, 5, 127)
(39, 6, 72)
(39, 7, 31)
(39, 8, 20)
(39, 9, 12)
(39, 10, 7)
(39, 11, 5)
(39, 12, 4)
(39, 13, 2)
(39, 14, 2)
(39, 15, 2)
(39, 16, 2)
(39, 17, 2)
(39, 18, 2)
(39, 19, 2)
(39, 20, 2)
(39, 21, 2)
(39, 22, 2)
(39, 23, 2)
(39, 24, 2)
(39, 25, 2)
(39, 26, 2)
(39, 27, 2)
(39, 28, 2)
(39, 29, 2)
(39, 30, 1)
(39, 31, 1)
(39, 32, 1)
(39, 33, 1)
(39, 34, 1)
(39, 35, 1)
(39, 36, 1)
(39, 37, 1)
(39, 38, 1)
(39, 39, 1)


Betti numbers:
xi_0:
(0, 0, 9)
(1, 0, 11)
(2, 0, 8)
(3, 0, 8)
(4, 0, 10)
(5, 0, 5)
(6, 0, 4)
(7, 0, 8)
(8, 0, 16)
(9, 0, 9)
(10, 0, 14)
(11, 0, 16)
(12, 0, 13)
(13, 0, 23)
(14, 0, 26)
(15, 0, 29)
(16, 0, 20)
(17, 0, 22)
(18, 0, 15)
(19, 0, 14)
(20, 0, 30)
(21, 0, 24)
(22, 0, 24)
(23, 0, 35)
(24, 0, 25)
(25, 0, 34)
(26, 0, 21)
(27, 0, 35)
(28, 0, 35)
(29, 0, 25)
(30, 0, 24)
(31, 0, 22)
(32, 0, 16)
(33, 0, 20)
(34, 0, 10)
(35, 0, 7)
(36, 0, 8)
(37, 0, 10)
(38, 0, 2)
(39, 0, 2)
xi_1:
(0, 1, 3)
(0, 3, 1)
(0, 4, 3)
(0, 5, 1)
(1, 1, 4)
(1, 2, 1)
(1, 3, 5)
(1, 4, 2)
(2, 1, 5)
(2, 2, 1)
(2, 3, 3)
(3, 1, 3)
(3, 2, 1)
(3, 3, 4)
(3, 5, 1)
(4, 1, 2)
(4, 2, 3)
(4, 3, 6)
(4, 4, 1)
(5, 1, 3)
(5, 2, 1)
(5, 3, 1)
(5, 4, 1)
(5, 8, 1)
(6, 1, 1)
(6, 2, 1)
(6, 3, 2)
(6, 7, 1)
(7, 1, 2)
(7, 3, 1)
(7, 5, 2)
(7, 6, 1)
(7, 7, 1)
(8, 1, 5)
(8, 3, 5)
(8, 4, 2)
(8, 5, 1)
(8, 6, 1)
(8, 7, 3)
(8, 13, 1)
(8, 33, 1)
(9, 1, 2)
(9, 2, 2)
(9, 3, 1)
(9, 4, 2)
(9, 5, 4)
(9, 10, 1)
(9, 29, 1)
(10, 1, 1)
(10, 2, 2)
(10, 3, 4)
(10, 4, 1)
(10, 6, 1)
(10, 7, 2)
(10, 8, 1)
(10, 9, 1)
(10, 10, 1)
(10, 12, 1)
(11, 1, 2)
(11, 2, 4)
(11, 3, 3)
(11, 4, 3)
(11, 5, 1)
(11, 6, 1)
(11, 7, 3)
(11, 8, 1)
(12, 1, 1)
(12, 3, 1)
(12, 4, 1)
(12, 5, 2)
(12, 6, 4)
(12, 7, 1)
(12, 8, 1)
(12, 9, 2)
(12, 15, 1)
(12, 19, 1)
(13, 1, 5)
(13, 2, 4)
(13, 3, 8)
(13, 4, 1)
(13, 5, 3)
(13, 6, 3)
(13, 7, 2)
(13, 10, 1)
(14, 1, 8)
(14, 2, 3)
(14, 3, 5)
(14, 4, 4)
(14, 5, 3)
(14, 6, 1)
(14, 7, 4)
(14, 11, 1)
(15, 1, 7)
(15, 2, 3)
(15, 3, 8)
(15, 4, 5)
(15, 5, 4)
(15, 6, 3)
(15, 8, 1)
(15, 9, 1)
(15, 10, 1)
(15, 11, 1)
(15, 13, 1)
(15, 14, 1)
(16, 1, 2)
(16, 2, 4)
(16, 3, 7)
(16, 4, 2)
(16, 5, 1)
(16, 6, 2)
(16, 7, 2)
(16, 10, 2)
(16, 12, 1)
(16, 14, 1)
(17, 1, 6)
(17, 2, 3)
(17, 3, 5)
(17, 4, 3)
(17, 5, 2)
(17, 6, 1)
(17, 8, 3)
(17, 10, 1)
(17, 13, 1)
(18, 1, 1)
(18, 2, 1)
(18, 3, 3)
(18, 5, 4)
(18, 6, 3)
(18, 7, 2)
(18, 8, 2)
(18, 9, 1)
(18, 10, 1)
(19, 1, 1)
(19, 2, 4)
(19, 3, 1)
(19, 4, 3)
(19, 5, 1)
(19, 6, 1)
(19, 7, 2)
(19, 8, 2)
(20, 1, 5)
(20, 2, 6)
(20, 3, 5)
(20, 4, 5)
(20, 5, 4)
(20, 6, 2)
(20, 7, 2)
(20, 8, 1)
(20, 13, 1)
(21, 1, 4)
(21, 2, 6)
(21, 3, 6)
(21, 4, 5)
(21, 5, 2)
(21, 6, 3)
(21, 7, 2)
(21, 9, 3)
(22, 1, 3)
(22, 2, 4)
(22, 3, 5)
(22, 4, 6)
(22, 5, 2)
(22, 6, 5)
(22, 7, 2)
(22, 8, 3)
(23, 1, 4)
(23, 2, 5)
(23, 3, 8)
(23, 4, 4)
(23, 5, 4)
(23, 6, 6)
(23, 7, 6)
(23, 8, 1)
(23, 9, 1)
(23, 11, 1)
(23, 13, 2)
(23, 20, 1)
(23, 35, 1)
(23, 39, 1)
(24, 1, 9)
(24, 3, 5)
(24, 4, 4)
(24, 5, 5)
(24, 6, 4)
(24, 7, 1)
(25, 1, 3)
(25, 2, 8)
(25, 3, 5)
(25, 4, 6)
(25, 5, 9)
(25, 6, 5)
(25, 7, 1)
(25, 8, 2)
(25, 10, 1)
(25, 11, 1)
(25, 31, 1)
(26, 1, 1)
(26, 2, 4)
(26, 3, 7)
(26, 4, 5)
(26, 5, 2)
(26, 6, 4)
(26, 7, 2)
(26, 8, 1)
(26, 11, 1)
(26, 14, 1)
(26, 23, 1)
(27, 1, 5)
(27, 2, 5)
(27, 3, 8)
(27, 4, 6)
(27, 5, 4)
(27, 6, 4)
(27, 7, 1)
(27, 9, 2)
(27, 12, 1)
(27, 13, 1)
(27, 25, 1)
(28, 1, 10)
(28, 2, 5)
(28, 3, 7)
(28, 4, 3)
(28, 5, 7)
(28, 6, 2)
(28, 7, 3)
(28, 8, 1)
(28, 9, 1)
(28, 10, 1)
(29, 1, 8)
(29, 2, 3)
(29, 3, 3)
(29, 4, 4)
(29, 5, 4)
(29, 6, 1)
(29, 7, 6)
(29, 13, 1)
(29, 14, 1)
(29, 30, 1)
(30, 1, 5)
(30, 2, 4)
(30, 3, 4)
(30, 4, 5)
(30, 5, 6)
(30, 6, 1)
(30, 7, 1)
(30, 8, 1)
(30, 9, 1)
(30, 23, 1)
(31, 1, 2)
(31, 2, 4)
(31, 3, 1)
(31, 4, 4)
(31, 5, 5)
(31, 6, 2)
(31, 7, 1)
(31, 8, 3)
(31, 9, 2)
(31, 10, 1)
(31, 37, 1)
(32, 1, 6)
(32, 2, 2)
(32, 3, 2)
(32, 4, 1)
(32, 5, 3)
(32, 6, 2)
(32, 7, 2)
(33, 1, 12)
(33, 2, 2)
(33, 3, 1)
(33, 4, 1)
(33, 5, 1)
(33, 6, 2)
(33, 7, 1)
(33, 9, 1)
(33, 12, 1)
(33, 32, 1)
(34, 1, 2)
(34, 4, 2)
(34, 5, 2)
(34, 6, 1)
(34, 7, 2)
(34, 9, 1)
(34, 10, 1)
(34, 11, 1)
(34, 13, 1)
(35, 2, 2)
(35, 3, 2)
(35, 4, 3)
(35, 5, 1)
(35, 6, 1)
(35, 30, 1)
(36, 2, 1)
(36, 3, 3)
(36, 5, 2)
(36, 6, 2)
(36, 8, 1)
(36, 9, 1)
(37, 1, 1)
(37, 2, 1)
(37, 3, 1)
(37, 5, 2)
(37, 6, 3)
(37, 7, 1)
(37, 8, 1)
(38, 6, 1)
(38, 8, 1)
(39, 3, 1)
(39, 4, 1)
(39, 6, 1)
xi_2:
(1, 5, 1)
(2, 4, 1)
(3, 4, 1)
(4, 4, 1)
(4, 5, 1)
(5, 2, 1)
(5, 3, 1)
(6, 8, 1)
(8, 6, 1)
(8, 7, 1)
(9, 3, 1)
(9, 7, 2)
(9, 33, 1)
(10, 29, 1)
(11, 8, 1)
(11, 10, 1)
(12, 6, 1)
(12, 7, 1)
(13, 5, 1)
(13, 6, 2)
(13, 9, 1)
(14, 6, 1)
(14, 7, 1)
(14, 9, 1)
(14, 15, 1)
(15, 5, 1)
(15, 6, 1)
(15, 7, 2)
(15, 10, 1)
(15, 11, 1)
(15, 19, 1)
(16, 6, 1)
(16, 9, 1)
(16, 13, 1)
(16, 14, 1)
(17, 6, 1)
(17, 12, 1)
(17, 14, 1)
(18, 8, 2)
(18, 10, 1)
(19, 10, 1)
(20, 6, 1)
(20, 13, 1)
(21, 3, 1)
(21, 4, 1)
(21, 5, 1)
(21, 7, 1)
(21, 8, 1)
(21, 10, 1)
(21, 13, 1)
(22, 6, 1)
(22, 8, 1)
(22, 9, 3)
(22, 10, 1)
(23, 5, 1)
(23, 6, 1)
(23, 7, 1)
(23, 8, 4)
(23, 9, 1)
(24, 6, 1)
(24, 7, 2)
(25, 6, 1)
(25, 7, 2)
(25, 8, 2)
(25, 9, 1)
(25, 13, 1)
(25, 35, 1)
(26, 4, 1)
(26, 5, 2)
(26, 6, 1)
(26, 7, 1)
(26, 13, 1)
(26, 20, 1)
(26, 31, 1)
(27, 11, 2)
(27, 23, 1)
(28, 3, 1)
(28, 6, 1)
(28, 8, 1)
(28, 13, 1)
(28, 14, 1)
(29, 2, 1)
(29, 3, 1)
(29, 6, 1)
(29, 8, 1)
(29, 10, 1)
(29, 12, 1)
(29, 25, 1)
(30, 6, 2)
(30, 7, 2)
(30, 30, 1)
(31, 5, 1)
(31, 13, 1)
(31, 23, 1)
(31, 39, 1)
(32, 4, 1)
(32, 8, 1)
(33, 2, 1)
(33, 8, 1)
(33, 37, 1)
(34, 9, 1)
(34, 12, 1)
(34, 14, 1)
(35, 6, 1)
(35, 11, 1)
(35, 32, 1)
(36, 4, 1)
(36, 9, 1)
(39, 8, 1)
