x-grades
-432494440313207843/200000000000000000
-213958995848927243/100000000000000000
-423341543082501129/200000000000000000
-104691273616786943/50000000000000000
-82837729170358883/40000000000000000
-204806098618220529/100000000000000000
-405035748621087701/200000000000000000
-50057412500716793/25000000000000000
-395882851390380987/200000000000000000
-39130640277502763/20000000000000000
-386729954159674273/200000000000000000
-95538376386080229/50000000000000000
-377577056928967559/200000000000000000
-186500304156807101/100000000000000000
-73684831939652169/40000000000000000
-11370240971340859/6250000000000000
-359271262467554131/200000000000000000
-177347406926100387/100000000000000000
-350118365236847417/200000000000000000
-17277095831074703/10000000000000000
-340965468006140703/200000000000000000
-168194509695393673/100000000000000000
-331812570775433989/200000000000000000
-40904515270010079/25000000000000000
-12906386941789091/8000000000000000
-159041612464686959/100000000000000000
-313506776314020561/200000000000000000
-77232581924666801/50000000000000000
-304353879083313847/200000000000000000
-29977743046796049/20000000000000000
-295200981852607133/200000000000000000
-18164033327328361/12500000000000000
-286048084621900419/200000000000000000
-140735818003273531/100000000000000000
-55379037478238741/40000000000000000
-68079684693960087/50000000000000000
-267742290160486991/200000000000000000
-131582920772566817/100000000000000000
-258589392929780277/200000000000000000
-6350323607860673/5000000000000000

y-grades
9998771/40000000
9998771/20000000
29996313/40000000
9998771/10000000
9998771/8000000
29996313/20000000
69991397/40000000
9998771/5000000
89988939/40000000
9998771/4000000
109986481/40000000
29996313/10000000
129984023/40000000
69991397/20000000
29996313/8000000
9998771/2500000
169979107/40000000
89988939/20000000
189976649/40000000
9998771/2000000
209974191/40000000
109986481/20000000
229971733/40000000
29996313/5000000
9998771/1600000
129984023/20000000
269966817/40000000
69991397/10000000
289964359/40000000
29996313/4000000
309961901/40000000
9998771/1250000
329959443/40000000
169979107/20000000
69991397/8000000
89988939/10000000
369954527/40000000
189976649/20000000
389952069/40000000
9998771/1000000

Dimensions > 0:
(0, 0, 1)
(0, 1, 1)
(0, 2, 1)
(0, 3, 1)
(0, 4, 1)
(0, 5, 1)
(0, 6, 1)
(0, 7, 1)
(0, 8, 1)
(0, 9, 1)
(0, 10, 1)
(0, 11, 1)
(0, 12, 1)
(0, 13, 1)
(0, 14, 1)
(0, 15, 1)
(0, 16, 1)
(0, 17, 1)
(0, 18, 1)
(0, 19, 1)
(0, 20, 1)
(0, 21, 1)
(0, 22, 1)
(0, 23, 1)
(0, 24, 1)
(0, 25, 1)
(0, 26, 1)
(0, 27, 1)
(0, 28, 1)
(0, 29, 1)
(0, 30, 1)
(0, 31, 1)
(0, 32, 1)
(0, 33, 1)
(0, 34, 1)
(0, 35, 1)
(0, 36, 1)
(0, 37, 1)
(0, 38, 1)
(0, 39, 1)

(1, 0, 1)
(1, 1, 1)
(1, 2, 1)
(1, 3, 1)
(1, 4, 1)
(1, 5, 1)
(1, 6, 1)
(1, 7, 1)
(1, 8, 1)
(1, 9, 1)
(1, 10, 1)
(1, 11, 1)
(1, 12, 1)
(1, 13, 1)
(1, 14, 1)
(1, 15, 1)
(1, 16, 1)
(1, 17, 1)
(1, 18, 1)
(1, 19, 1)
(1, 20, 1)
(1, 21, 1)
(1, 22, 1)
(1, 23, 1)
(1, 24, 1)
(1, 25, 1)
(1, 26, 1)
(1, 27, 1)
(1, 28, 1)
(1, 29, 1)
(1, 30, 1)
(1, 31, 1)
(1, 32, 1)
(1, 33, 1)
(1, 34, 1)
(1, 35, 1)
(1, 36, 1)
(1, 37, 1)
(1, 38, 1)
(1, 39, 1)

(2, 0, 2)
(2, 1, 2)
(2, 2, 2)
(2, 3, 2)
(2, 4, 2)
(2, 5, 2)
(2, 6, 2)
(2, 7, 2)
(2, 8, 2)
(2, 9, 2)
(2, 10, 2)
(2, 11, 2)
(2, 12, 2)
(2, 13, 2)
(2, 14, 2)
(2, 15, 2)
(2, 16, 2)
(2, 17, 2)
(2, 18, 2)
(2, 19, 2)
(2, 20, 2)
(2, 21, 2)
(2, 22, 2)
(2, 23, 2)
(2, 24, 2)
(2, 25, 2)
(2, 26, 2)
(2, 27, 2)
(2, 28, 2)
(2, 29, 2)
(2, 30, 2)
(2, 31, 2)
(2, 32, 2)
(2, 33, 2)
(2, 34, 2)
(2, 35, 2)
(2, 36, 2)
(2, 37, 2)
(2, 38, 2)
(2, 39, 2)

(3, 0, 3)
(3, 1, 3)
(3, 2, 3)
(3, 3, 3)
(3, 4, 3)
(3, 5, 3)
(3, 6, 3)
(3, 7, 3)
(3, 8, 3)
(3, 9, 3)
(3, 10, 3)
(3, 11, 2)
(3, 12, 2)
(3, 13, 2)
(3, 14, 2)
(3, 15, 2)
(3, 16, 2)
(3, 17, 2)
(3, 18, 2)
(3, 19, 2)
(3, 20, 2)
(3, 21, 2)
(3, 22, 2)
(3, 23, 2)
(3, 24, 2)
(3, 25, 2)
(3, 26, 2)
(3, 27, 2)
(3, 28, 2)
(3, 29, 2)
(3, 30, 2)
(3, 31, 2)
(3, 32, 2)
(3, 33, 2)
(3, 34, 2)
(3, 35, 2)
(3, 36, 2)
(3, 37, 2)
(3, 38, 2)
(3, 39, 2)

(4, 0, 5)
(4, 1, 5)
(4, 2, 5)
(4, 3, 5)
(4, 4, 5)
(4, 5, 5)
(4, 6, 5)
(4, 7, 4)
(4, 8, 4)
(4, 9, 4)
(4, 10, 4)
(4, 11, 3)
(4, 12, 3)
(4, 13, 3)
(4, 14, 3)
(4, 15, 3)
(4, 16, 3)
(4, 17, 3)
(4, 18, 3)
(4, 19, 3)
(4, 20, 3)
(4, 21, 3)
(4, 22, 3)
(4, 23, 3)
(4, 24, 3)
(4, 25, 3)
(4, 26, 3)
(4, 27, 3)
(4, 28, 3)
(4, 29, 3)
(4, 30, 3)
(4, 31, 3)
(4, 32, 3)
(4, 33, 3)
(4, 34, 3)
(4, 35, 3)
(4, 36, 3)
(4, 37, 3)
(4, 38, 3)
(4, 39, 3)

(5, 0, 8)
(5, 1, 7)
(5, 2, 7)
(5, 3, 7)
(5, 4, 7)
(5, 5, 7)
(5, 6, 7)
(5, 7, 6)
(5, 8, 6)
(5, 9, 6)
(5, 10, 6)
(5, 11, 5)
(5, 12, 5)
(5, 13, 5)
(5, 14, 5)
(5, 15, 5)
(5, 16, 4)
(5, 17, 4)
(5, 18, 4)
(5, 19, 4)
(5, 20, 4)
(5, 21, 4)
(5, 22, 4)
(5, 23, 4)
(5, 24, 4)
(5, 25, 4)
(5, 26, 4)
(5, 27, 4)
(5, 28, 4)
(5, 29, 4)
(5, 30, 4)
(5, 31, 4)
(5, 32, 4)
(5, 33, 4)
(5, 34, 4)
(5, 35, 4)
(5, 36, 4)
(5, 37, 4)
(5, 38, 4)
(5, 39, 4)

(6, 0, 9)
(6, 1, 8)
(6, 2, 8)
(6, 3, 8)
(6, 4, 8)
(6, 5, 8)
(6, 6, 8)
(6, 7, 7)
(6, 8, 7)
(6, 9, 7)
(6, 10, 7)
(6, 11, 6)
(6, 12, 6)
(6, 13, 6)
(6, 14, 6)
(6, 15, 6)
(6, 16, 5)
(6, 17, 5)
(6, 18, 5)
(6, 19, 5)
(6, 20, 4)
(6, 21, 4)
(6, 22, 4)
(6, 23, 4)
(6, 24, 4)
(6, 25, 4)
(6, 26, 4)
(6, 27, 4)
(6, 28, 4)
(6, 29, 4)
(6, 30, 4)
(6, 31, 4)
(6, 32, 4)
(6, 33, 4)
(6, 34, 4)
(6, 35, 4)
(6, 36, 4)
(6, 37, 3)
(6, 38, 3)
(6, 39, 3)

(7, 0, 13)
(7, 1, 11)
(7, 2, 9)
(7, 3, 9)
(7, 4, 9)
(7, 5, 9)
(7, 6, 9)
(7, 7, 8)
(7, 8, 7)
(7, 9, 7)
(7, 10, 7)
(7, 11, 6)
(7, 12, 6)
(7, 13, 6)
(7, 14, 6)
(7, 15, 6)
(7, 16, 5)
(7, 17, 5)
(7, 18, 5)
(7, 19, 5)
(7, 20, 4)
(7, 21, 4)
(7, 22, 4)
(7, 23, 4)
(7, 24, 4)
(7, 25, 4)
(7, 26, 4)
(7, 27, 4)
(7, 28, 4)
(7, 29, 4)
(7, 30, 4)
(7, 31, 4)
(7, 32, 4)
(7, 33, 4)
(7, 34, 4)
(7, 35, 4)
(7, 36, 3)
(7, 37, 3)
(7, 38, 3)
(7, 39, 3)

(8, 0, 18)
(8, 1, 15)
(8, 2, 12)
(8, 3, 12)
(8, 4, 12)
(8, 5, 12)
(8, 6, 12)
(8, 7, 11)
(8, 8, 9)
(8, 9, 9)
(8, 10, 9)
(8, 11, 8)
(8, 12, 8)
(8, 13, 8)
(8, 14, 8)
(8, 15, 7)
(8, 16, 6)
(8, 17, 6)
(8, 18, 6)
(8, 19, 6)
(8, 20, 5)
(8, 21, 5)
(8, 22, 5)
(8, 23, 5)
(8, 24, 5)
(8, 25, 5)
(8, 26, 5)
(8, 27, 5)
(8, 28, 5)
(8, 29, 5)
(8, 30, 5)
(8, 31, 5)
(8, 32, 5)
(8, 33, 5)
(8, 34, 5)
(8, 35, 4)
(8, 36, 4)
(8, 37, 4)
(8, 38, 4)
(8, 39, 4)

(9, 0, 21)
(9, 1, 17)
(9, 2, 14)
(9, 3, 13)
(9, 4, 13)
(9, 5, 13)
(9, 6, 13)
(9, 7, 12)
(9, 8, 10)
(9, 9, 10)
(9, 10, 10)
(9, 11, 9)
(9, 12, 9)
(9, 13, 9)
(9, 14, 9)
(9, 15, 8)
(9, 16, 7)
(9, 17, 7)
(9, 18, 7)
(9, 19, 7)
(9, 20, 6)
(9, 21, 6)
(9, 22, 6)
(9, 23, 6)
(9, 24, 6)
(9, 25, 6)
(9, 26, 6)
(9, 27, 6)
(9, 28, 6)
(9, 29, 6)
(9, 30, 6)
(9, 31, 5)
(9, 32, 5)
(9, 33, 5)
(9, 34, 5)
(9, 35, 4)
(9, 36, 4)
(9, 37, 4)
(9, 38, 4)
(9, 39, 4)

(10, 0, 23)
(10, 1, 19)
(10, 2, 16)
(10, 3, 15)
(10, 4, 15)
(10, 5, 15)
(10, 6, 15)
(10, 7, 13)
(10, 8, 11)
(10, 9, 11)
(10, 10, 11)
(10, 11, 10)
(10, 12, 10)
(10, 13, 10)
(10, 14, 9)
(10, 15, 8)
(10, 16, 7)
(10, 17, 7)
(10, 18, 7)
(10, 19, 7)
(10, 20, 6)
(10, 21, 6)
(10, 22, 6)
(10, 23, 6)
(10, 24, 6)
(10, 25, 6)
(10, 26, 6)
(10, 27, 6)
(10, 28, 6)
(10, 29, 6)
(10, 30, 6)
(10, 31, 5)
(10, 32, 5)
(10, 33, 5)
(10, 34, 5)
(10, 35, 4)
(10, 36, 4)
(10, 37, 4)
(10, 38, 4)
(10, 39, 4)

(11, 0, 24)
(11, 1, 20)
(11, 2, 17)
(11, 3, 16)
(11, 4, 16)
(11, 5, 16)
(11, 6, 16)
(11, 7, 14)
(11, 8, 12)
(11, 9, 12)
(11, 10, 12)
(11, 11, 11)
(11, 12, 11)
(11, 13, 11)
(11, 14, 10)
(11, 15, 9)
(11, 16, 8)
(11, 17, 8)
(11, 18, 8)
(11, 19, 8)
(11, 20, 7)
(11, 21, 7)
(11, 22, 7)
(11, 23, 7)
(11, 24, 7)
(11, 25, 7)
(11, 26, 7)
(11, 27, 7)
(11, 28, 7)
(11, 29, 7)
(11, 30, 7)
(11, 31, 6)
(11, 32, 6)
(11, 33, 6)
(11, 34, 6)
(11, 35, 5)
(11, 36, 5)
(11, 37, 5)
(11, 38, 5)
(11, 39, 5)

(12, 0, 26)
(12, 1, 22)
(12, 2, 19)
(12, 3, 18)
(12, 4, 18)
(12, 5, 18)
(12, 6, 18)
(12, 7, 15)
(12, 8, 13)
(12, 9, 13)
(12, 10, 13)
(12, 11, 12)
(12, 12, 12)
(12, 13, 12)
(12, 14, 11)
(12, 15, 10)
(12, 16, 8)
(12, 17, 8)
(12, 18, 8)
(12, 19, 8)
(12, 20, 7)
(12, 21, 7)
(12, 22, 7)
(12, 23, 7)
(12, 24, 7)
(12, 25, 7)
(12, 26, 7)
(12, 27, 7)
(12, 28, 6)
(12, 29, 6)
(12, 30, 6)
(12, 31, 5)
(12, 32, 5)
(12, 33, 5)
(12, 34, 5)
(12, 35, 4)
(12, 36, 4)
(12, 37, 4)
(12, 38, 4)
(12, 39, 4)

(13, 0, 30)
(13, 1, 25)
(13, 2, 21)
(13, 3, 20)
(13, 4, 20)
(13, 5, 20)
(13, 6, 20)
(13, 7, 17)
(13, 8, 15)
(13, 9, 15)
(13, 10, 15)
(13, 11, 14)
(13, 12, 14)
(13, 13, 14)
(13, 14, 13)
(13, 15, 12)
(13, 16, 10)
(13, 17, 10)
(13, 18, 9)
(13, 19, 9)
(13, 20, 8)
(13, 21, 8)
(13, 22, 8)
(13, 23, 8)
(13, 24, 8)
(13, 25, 8)
(13, 26, 8)
(13, 27, 8)
(13, 28, 7)
(13, 29, 7)
(13, 30, 7)
(13, 31, 5)
(13, 32, 5)
(13, 33, 5)
(13, 34, 5)
(13, 35, 4)
(13, 36, 3)
(13, 37, 3)
(13, 38, 3)
(13, 39, 3)

(14, 0, 33)
(14, 1, 27)
(14, 2, 22)
(14, 3, 21)
(14, 4, 21)
(14, 5, 21)
(14, 6, 21)
(14, 7, 18)
(14, 8, 16)
(14, 9, 16)
(14, 10, 16)
(14, 11, 15)
(14, 12, 15)
(14, 13, 15)
(14, 14, 14)
(14, 15, 13)
(14, 16, 11)
(14, 17, 11)
(14, 18, 10)
(14, 19, 10)
(14, 20, 9)
(14, 21, 9)
(14, 22, 9)
(14, 23, 9)
(14, 24, 9)
(14, 25, 9)
(14, 26, 9)
(14, 27, 9)
(14, 28, 8)
(14, 29, 8)
(14, 30, 8)
(14, 31, 5)
(14, 32, 5)
(14, 33, 5)
(14, 34, 5)
(14, 35, 3)
(14, 36, 3)
(14, 37, 3)
(14, 38, 3)
(14, 39, 3)

(15, 0, 36)
(15, 1, 29)
(15, 2, 24)
(15, 3, 22)
(15, 4, 22)
(15, 5, 22)
(15, 6, 22)
(15, 7, 19)
(15, 8, 17)
(15, 9, 17)
(15, 10, 17)
(15, 11, 16)
(15, 12, 16)
(15, 13, 16)
(15, 14, 15)
(15, 15, 14)
(15, 16, 12)
(15, 17, 12)
(15, 18, 11)
(15, 19, 11)
(15, 20, 10)
(15, 21, 10)
(15, 22, 10)
(15, 23, 10)
(15, 24, 10)
(15, 25, 10)
(15, 26, 10)
(15, 27, 10)
(15, 28, 8)
(15, 29, 8)
(15, 30, 8)
(15, 31, 5)
(15, 32, 5)
(15, 33, 5)
(15, 34, 5)
(15, 35, 3)
(15, 36, 3)
(15, 37, 3)
(15, 38, 3)
(15, 39, 3)

(16, 0, 36)
(16, 1, 29)
(16, 2, 24)
(16, 3, 22)
(16, 4, 22)
(16, 5, 22)
(16, 6, 22)
(16, 7, 19)
(16, 8, 17)
(16, 9, 17)
(16, 10, 17)
(16, 11, 16)
(16, 12, 16)
(16, 13, 16)
(16, 14, 15)
(16, 15, 14)
(16, 16, 12)
(16, 17, 12)
(16, 18, 11)
(16, 19, 11)
(16, 20, 10)
(16, 21, 10)
(16, 22, 10)
(16, 23, 10)
(16, 24, 10)
(16, 25, 10)
(16, 26, 10)
(16, 27, 10)
(16, 28, 8)
(16, 29, 8)
(16, 30, 8)
(16, 31, 5)
(16, 32, 5)
(16, 33, 5)
(16, 34, 5)
(16, 35, 3)
(16, 36, 3)
(16, 37, 3)
(16, 38, 3)
(16, 39, 3)

(17, 0, 36)
(17, 1, 29)
(17, 2, 24)
(17, 3, 22)
(17, 4, 22)
(17, 5, 22)
(17, 6, 22)
(17, 7, 19)
(17, 8, 17)
(17, 9, 17)
(17, 10, 17)
(17, 11, 16)
(17, 12, 16)
(17, 13, 16)
(17, 14, 15)
(17, 15, 14)
(17, 16, 12)
(17, 17, 12)
(17, 18, 11)
(17, 19, 11)
(17, 20, 10)
(17, 21, 10)
(17, 22, 10)
(17, 23, 10)
(17, 24, 10)
(17, 25, 10)
(17, 26, 10)
(17, 27, 10)
(17, 28, 8)
(17, 29, 8)
(17, 30, 8)
(17, 31, 5)
(17, 32, 5)
(17, 33, 5)
(17, 34, 5)
(17, 35, 3)
(17, 36, 3)
(17, 37, 3)
(17, 38, 3)
(17, 39, 3)

(18, 0, 39)
(18, 1, 32)
(18, 2, 27)
(18, 3, 23)
(18, 4, 23)
(18, 5, 23)
(18, 6, 23)
(18, 7, 20)
(18, 8, 18)
(18, 9, 18)
(18, 10, 18)
(18, 11, 17)
(18, 12, 17)
(18, 13, 17)
(18, 14, 16)
(18, 15, 15)
(18, 16, 13)
(18, 17, 13)
(18, 18, 12)
(18, 19, 12)
(18, 20, 11)
(18, 21, 11)
(18, 22, 11)
(18, 23, 11)
(18, 24, 11)
(18, 25, 11)
(18, 26, 11)
(18, 27, 11)
(18, 28, 9)
(18, 29, 8)
(18, 30, 8)
(18, 31, 5)
(18, 32, 5)
(18, 33, 5)
(18, 34, 5)
(18, 35, 3)
(18, 36, 3)
(18, 37, 3)
(18, 38, 3)
(18, 39, 3)

(19, 0, 44)
(19, 1, 36)
(19, 2, 31)
(19, 3, 26)
(19, 4, 25)
(19, 5, 25)
(19, 6, 25)
(19, 7, 22)
(19, 8, 20)
(19, 9, 20)
(19, 10, 20)
(19, 11, 19)
(19, 12, 19)
(19, 13, 19)
(19, 14, 18)
(19, 15, 17)
(19, 16, 15)
(19, 17, 15)
(19, 18, 14)
(19, 19, 14)
(19, 20, 13)
(19, 21, 13)
(19, 22, 13)
(19, 23, 13)
(19, 24, 13)
(19, 25, 13)
(19, 26, 13)
(19, 27, 13)
(19, 28, 11)
(19, 29, 10)
(19, 30, 10)
(19, 31, 6)
(19, 32, 6)
(19, 33, 6)
(19, 34, 6)
(19, 35, 4)
(19, 36, 4)
(19, 37, 4)
(19, 38, 4)
(19, 39, 4)

(20, 0, 45)
(20, 1, 37)
(20, 2, 32)
(20, 3, 27)
(20, 4, 26)
(20, 5, 26)
(20, 6, 26)
(20, 7, 23)
(20, 8, 21)
(20, 9, 21)
(20, 10, 21)
(20, 11, 20)
(20, 12, 20)
(20, 13, 20)
(20, 14, 19)
(20, 15, 17)
(20, 16, 15)
(20, 17, 15)
(20, 18, 14)
(20, 19, 14)
(20, 20, 13)
(20, 21, 13)
(20, 22, 13)
(20, 23, 13)
(20, 24, 13)
(20, 25, 13)
(20, 26, 13)
(20, 27, 13)
(20, 28, 11)
(20, 29, 10)
(20, 30, 10)
(20, 31, 6)
(20, 32, 6)
(20, 33, 6)
(20, 34, 6)
(20, 35, 4)
(20, 36, 4)
(20, 37, 4)
(20, 38, 4)
(20, 39, 4)

(21, 0, 57)
(21, 1, 41)
(21, 2, 36)
(21, 3, 29)
(21, 4, 28)
(21, 5, 28)
(21, 6, 28)
(21, 7, 25)
(21, 8, 23)
(21, 9, 23)
(21, 10, 23)
(21, 11, 21)
(21, 12, 21)
(21, 13, 21)
(21, 14, 20)
(21, 15, 18)
(21, 16, 16)
(21, 17, 16)
(21, 18, 15)
(21, 19, 15)
(21, 20, 14)
(21, 21, 14)
(21, 22, 14)
(21, 23, 14)
(21, 24, 14)
(21, 25, 14)
(21, 26, 14)
(21, 27, 14)
(21, 28, 12)
(21, 29, 11)
(21, 30, 11)
(21, 31, 7)
(21, 32, 7)
(21, 33, 7)
(21, 34, 7)
(21, 35, 5)
(21, 36, 5)
(21, 37, 5)
(21, 38, 5)
(21, 39, 5)

(22, 0, 62)
(22, 1, 44)
(22, 2, 39)
(22, 3, 30)
(22, 4, 28)
(22, 5, 28)
(22, 6, 28)
(22, 7, 25)
(22, 8, 23)
(22, 9, 23)
(22, 10, 23)
(22, 11, 21)
(22, 12, 21)
(22, 13, 21)
(22, 14, 20)
(22, 15, 18)
(22, 16, 16)
(22, 17, 16)
(22, 18, 15)
(22, 19, 15)
(22, 20, 14)
(22, 21, 14)
(22, 22, 14)
(22, 23, 14)
(22, 24, 14)
(22, 25, 14)
(22, 26, 14)
(22, 27, 14)
(22, 28, 12)
(22, 29, 11)
(22, 30, 11)
(22, 31, 7)
(22, 32, 7)
(22, 33, 7)
(22, 34, 7)
(22, 35, 5)
(22, 36, 5)
(22, 37, 5)
(22, 38, 5)
(22, 39, 5)

(23, 0, 67)
(23, 1, 48)
(23, 2, 43)
(23, 3, 33)
(23, 4, 30)
(23, 5, 30)
(23, 6, 30)
(23, 7, 27)
(23, 8, 25)
(23, 9, 25)
(23, 10, 25)
(23, 11, 23)
(23, 12, 23)
(23, 13, 23)
(23, 14, 22)
(23, 15, 20)
(23, 16, 18)
(23, 17, 18)
(23, 18, 17)
(23, 19, 17)
(23, 20, 16)
(23, 21, 16)
(23, 22, 16)
(23, 23, 16)
(23, 24, 16)
(23, 25, 16)
(23, 26, 16)
(23, 27, 16)
(23, 28, 14)
(23, 29, 13)
(23, 30, 13)
(23, 31, 9)
(23, 32, 9)
(23, 33, 9)
(23, 34, 9)
(23, 35, 7)
(23, 36, 6)
(23, 37, 6)
(23, 38, 6)
(23, 39, 6)

(24, 0, 70)
(24, 1, 50)
(24, 2, 45)
(24, 3, 35)
(24, 4, 30)
(24, 5, 30)
(24, 6, 30)
(24, 7, 27)
(24, 8, 25)
(24, 9, 25)
(24, 10, 25)
(24, 11, 23)
(24, 12, 23)
(24, 13, 23)
(24, 14, 22)
(24, 15, 20)
(24, 16, 18)
(24, 17, 18)
(24, 18, 17)
(24, 19, 17)
(24, 20, 16)
(24, 21, 16)
(24, 22, 16)
(24, 23, 16)
(24, 24, 16)
(24, 25, 16)
(24, 26, 16)
(24, 27, 16)
(24, 28, 14)
(24, 29, 13)
(24, 30, 13)
(24, 31, 9)
(24, 32, 9)
(24, 33, 9)
(24, 34, 9)
(24, 35, 7)
(24, 36, 6)
(24, 37, 6)
(24, 38, 6)
(24, 39, 6)

(25, 0, 82)
(25, 1, 54)
(25, 2, 49)
(25, 3, 39)
(25, 4, 34)
(25, 5, 34)
(25, 6, 34)
(25, 7, 31)
(25, 8, 29)
(25, 9, 29)
(25, 10, 29)
(25, 11, 27)
(25, 12, 27)
(25, 13, 27)
(25, 14, 26)
(25, 15, 24)
(25, 16, 22)
(25, 17, 22)
(25, 18, 21)
(25, 19, 21)
(25, 20, 20)
(25, 21, 20)
(25, 22, 20)
(25, 23, 20)
(25, 24, 20)
(25, 25, 20)
(25, 26, 20)
(25, 27, 20)
(25, 28, 17)
(25, 29, 15)
(25, 30, 15)
(25, 31, 9)
(25, 32, 9)
(25, 33, 9)
(25, 34, 9)
(25, 35, 7)
(25, 36, 6)
(25, 37, 6)
(25, 38, 6)
(25, 39, 6)

(26, 0, 90)
(26, 1, 60)
(26, 2, 55)
(26, 3, 41)
(26, 4, 36)
(26, 5, 36)
(26, 6, 36)
(26, 7, 33)
(26, 8, 31)
(26, 9, 31)
(26, 10, 31)
(26, 11, 28)
(26, 12, 28)
(26, 13, 28)
(26, 14, 27)
(26, 15, 25)
(26, 16, 23)
(26, 17, 23)
(26, 18, 22)
(26, 19, 22)
(26, 20, 21)
(26, 21, 21)
(26, 22, 21)
(26, 23, 21)
(26, 24, 21)
(26, 25, 21)
(26, 26, 21)
(26, 27, 21)
(26, 28, 18)
(26, 29, 16)
(26, 30, 16)
(26, 31, 10)
(26, 32, 10)
(26, 33, 10)
(26, 34, 10)
(26, 35, 8)
(26, 36, 7)
(26, 37, 7)
(26, 38, 7)
(26, 39, 7)

(27, 0, 94)
(27, 1, 63)
(27, 2, 58)
(27, 3, 41)
(27, 4, 36)
(27, 5, 36)
(27, 6, 36)
(27, 7, 33)
(27, 8, 31)
(27, 9, 31)
(27, 10, 31)
(27, 11, 28)
(27, 12, 28)
(27, 13, 28)
(27, 14, 27)
(27, 15, 25)
(27, 16, 23)
(27, 17, 23)
(27, 18, 22)
(27, 19, 22)
(27, 20, 21)
(27, 21, 21)
(27, 22, 21)
(27, 23, 21)
(27, 24, 21)
(27, 25, 21)
(27, 26, 21)
(27, 27, 21)
(27, 28, 18)
(27, 29, 16)
(27, 30, 16)
(27, 31, 10)
(27, 32, 10)
(27, 33, 10)
(27, 34, 10)
(27, 35, 8)
(27, 36, 7)
(27, 37, 7)
(27, 38, 7)
(27, 39, 7)

(28, 0, 98)
(28, 1, 67)
(28, 2, 62)
(28, 3, 45)
(28, 4, 40)
(28, 5, 40)
(28, 6, 40)
(28, 7, 37)
(28, 8, 35)
(28, 9, 35)
(28, 10, 35)
(28, 11, 32)
(28, 12, 32)
(28, 13, 32)
(28, 14, 31)
(28, 15, 29)
(28, 16, 26)
(28, 17, 26)
(28, 18, 24)
(28, 19, 24)
(28, 20, 23)
(28, 21, 22)
(28, 22, 22)
(28, 23, 22)
(28, 24, 22)
(28, 25, 22)
(28, 26, 22)
(28, 27, 22)
(28, 28, 19)
(28, 29, 17)
(28, 30, 17)
(28, 31, 11)
(28, 32, 11)
(28, 33, 11)
(28, 34, 11)
(28, 35, 9)
(28, 36, 8)
(28, 37, 8)
(28, 38, 8)
(28, 39, 8)

(29, 0, 128)
(29, 1, 84)
(29, 2, 77)
(29, 3, 52)
(29, 4, 45)
(29, 5, 45)
(29, 6, 45)
(29, 7, 42)
(29, 8, 40)
(29, 9, 40)
(29, 10, 40)
(29, 11, 36)
(29, 12, 36)
(29, 13, 36)
(29, 14, 35)
(29, 15, 33)
(29, 16, 30)
(29, 17, 30)
(29, 18, 27)
(29, 19, 27)
(29, 20, 26)
(29, 21, 26)
(29, 22, 26)
(29, 23, 26)
(29, 24, 26)
(29, 25, 26)
(29, 26, 26)
(29, 27, 26)
(29, 28, 23)
(29, 29, 20)
(29, 30, 20)
(29, 31, 13)
(29, 32, 13)
(29, 33, 13)
(29, 34, 13)
(29, 35, 11)
(29, 36, 9)
(29, 37, 9)
(29, 38, 9)
(29, 39, 9)

(30, 0, 143)
(30, 1, 93)
(30, 2, 85)
(30, 3, 56)
(30, 4, 49)
(30, 5, 49)
(30, 6, 49)
(30, 7, 46)
(30, 8, 44)
(30, 9, 44)
(30, 10, 44)
(30, 11, 40)
(30, 12, 40)
(30, 13, 40)
(30, 14, 39)
(30, 15, 36)
(30, 16, 33)
(30, 17, 33)
(30, 18, 29)
(30, 19, 29)
(30, 20, 28)
(30, 21, 28)
(30, 22, 28)
(30, 23, 27)
(30, 24, 27)
(30, 25, 27)
(30, 26, 27)
(30, 27, 27)
(30, 28, 23)
(30, 29, 20)
(30, 30, 20)
(30, 31, 12)
(30, 32, 12)
(30, 33, 12)
(30, 34, 12)
(30, 35, 10)
(30, 36, 8)
(30, 37, 8)
(30, 38, 8)
(30, 39, 8)

(31, 0, 157)
(31, 1, 100)
(31, 2, 91)
(31, 3, 60)
(31, 4, 52)
(31, 5, 52)
(31, 6, 52)
(31, 7, 49)
(31, 8, 47)
(31, 9, 47)
(31, 10, 47)
(31, 11, 43)
(31, 12, 43)
(31, 13, 43)
(31, 14, 42)
(31, 15, 39)
(31, 16, 36)
(31, 17, 36)
(31, 18, 32)
(31, 19, 31)
(31, 20, 30)
(31, 21, 30)
(31, 22, 30)
(31, 23, 29)
(31, 24, 29)
(31, 25, 29)
(31, 26, 29)
(31, 27, 29)
(31, 28, 24)
(31, 29, 20)
(31, 30, 20)
(31, 31, 12)
(31, 32, 12)
(31, 33, 12)
(31, 34, 12)
(31, 35, 10)
(31, 36, 8)
(31, 37, 8)
(31, 38, 8)
(31, 39, 8)

(32, 0, 197)
(32, 1, 114)
(32, 2, 103)
(32, 3, 67)
(32, 4, 56)
(32, 5, 56)
(32, 6, 56)
(32, 7, 53)
(32, 8, 51)
(32, 9, 51)
(32, 10, 50)
(32, 11, 46)
(32, 12, 46)
(32, 13, 46)
(32, 14, 45)
(32, 15, 42)
(32, 16, 39)
(32, 17, 39)
(32, 18, 35)
(32, 19, 34)
(32, 20, 32)
(32, 21, 32)
(32, 22, 32)
(32, 23, 32)
(32, 24, 32)
(32, 25, 32)
(32, 26, 32)
(32, 27, 31)
(32, 28, 26)
(32, 29, 22)
(32, 30, 22)
(32, 31, 14)
(32, 32, 14)
(32, 33, 14)
(32, 34, 14)
(32, 35, 12)
(32, 36, 9)
(32, 37, 9)
(32, 38, 9)
(32, 39, 9)

(33, 0, 215)
(33, 1, 123)
(33, 2, 111)
(33, 3, 69)
(33, 4, 57)
(33, 5, 57)
(33, 6, 57)
(33, 7, 54)
(33, 8, 52)
(33, 9, 51)
(33, 10, 51)
(33, 11, 47)
(33, 12, 47)
(33, 13, 47)
(33, 14, 46)
(33, 15, 43)
(33, 16, 40)
(33, 17, 40)
(33, 18, 36)
(33, 19, 35)
(33, 20, 33)
(33, 21, 32)
(33, 22, 32)
(33, 23, 32)
(33, 24, 32)
(33, 25, 32)
(33, 26, 32)
(33, 27, 31)
(33, 28, 26)
(33, 29, 22)
(33, 30, 22)
(33, 31, 14)
(33, 32, 14)
(33, 33, 14)
(33, 34, 14)
(33, 35, 12)
(33, 36, 9)
(33, 37, 9)
(33, 38, 9)
(33, 39, 9)

(34, 0, 232)
(34, 1, 129)
(34, 2, 116)
(34, 3, 73)
(34, 4, 60)
(34, 5, 60)
(34, 6, 60)
(34, 7, 57)
(34, 8, 55)
(34, 9, 54)
(34, 10, 54)
(34, 11, 50)
(34, 12, 50)
(34, 13, 50)
(34, 14, 49)
(34, 15, 46)
(34, 16, 43)
(34, 17, 43)
(34, 18, 37)
(34, 19, 36)
(34, 20, 34)
(34, 21, 33)
(34, 22, 33)
(34, 23, 32)
(34, 24, 32)
(34, 25, 32)
(34, 26, 32)
(34, 27, 32)
(34, 28, 27)
(34, 29, 23)
(34, 30, 23)
(34, 31, 14)
(34, 32, 14)
(34, 33, 14)
(34, 34, 14)
(34, 35, 12)
(34, 36, 9)
(34, 37, 9)
(34, 38, 9)
(34, 39, 9)

(35, 0, 254)
(35, 1, 138)
(35, 2, 125)
(35, 3, 77)
(35, 4, 64)
(35, 5, 64)
(35, 6, 64)
(35, 7, 61)
(35, 8, 59)
(35, 9, 58)
(35, 10, 58)
(35, 11, 54)
(35, 12, 54)
(35, 13, 54)
(35, 14, 53)
(35, 15, 50)
(35, 16, 47)
(35, 17, 47)
(35, 18, 41)
(35, 19, 40)
(35, 20, 38)
(35, 21, 37)
(35, 22, 37)
(35, 23, 35)
(35, 24, 35)
(35, 25, 35)
(35, 26, 35)
(35, 27, 35)
(35, 28, 29)
(35, 29, 25)
(35, 30, 25)
(35, 31, 16)
(35, 32, 16)
(35, 33, 16)
(35, 34, 16)
(35, 35, 14)
(35, 36, 11)
(35, 37, 11)
(35, 38, 11)
(35, 39, 11)

(36, 0, 278)
(36, 1, 154)
(36, 2, 141)
(36, 3, 83)
(36, 4, 67)
(36, 5, 67)
(36, 6, 67)
(36, 7, 64)
(36, 8, 62)
(36, 9, 61)
(36, 10, 61)
(36, 11, 57)
(36, 12, 57)
(36, 13, 57)
(36, 14, 56)
(36, 15, 52)
(36, 16, 49)
(36, 17, 49)
(36, 18, 41)
(36, 19, 40)
(36, 20, 37)
(36, 21, 36)
(36, 22, 36)
(36, 23, 35)
(36, 24, 35)
(36, 25, 35)
(36, 26, 35)
(36, 27, 35)
(36, 28, 29)
(36, 29, 25)
(36, 30, 25)
(36, 31, 16)
(36, 32, 16)
(36, 33, 16)
(36, 34, 16)
(36, 35, 14)
(36, 36, 10)
(36, 37, 10)
(36, 38, 10)
(36, 39, 10)

(37, 0, 298)
(37, 1, 168)
(37, 2, 152)
(37, 3, 86)
(37, 4, 70)
(37, 5, 70)
(37, 6, 70)
(37, 7, 67)
(37, 8, 65)
(37, 9, 64)
(37, 10, 64)
(37, 11, 59)
(37, 12, 59)
(37, 13, 59)
(37, 14, 58)
(37, 15, 54)
(37, 16, 51)
(37, 17, 51)
(37, 18, 43)
(37, 19, 42)
(37, 20, 39)
(37, 21, 38)
(37, 22, 38)
(37, 23, 37)
(37, 24, 37)
(37, 25, 37)
(37, 26, 37)
(37, 27, 37)
(37, 28, 31)
(37, 29, 26)
(37, 30, 26)
(37, 31, 17)
(37, 32, 17)
(37, 33, 17)
(37, 34, 17)
(37, 35, 15)
(37, 36, 10)
(37, 37, 10)
(37, 38, 10)
(37, 39, 10)

(38, 0, 314)
(38, 1, 177)
(38, 2, 159)
(38, 3, 91)
(38, 4, 72)
(38, 5, 72)
(38, 6, 72)
(38, 7, 69)
(38, 8, 67)
(38, 9, 66)
(38, 10, 66)
(38, 11, 62)
(38, 12, 62)
(38, 13, 62)
(38, 14, 61)
(38, 15, 55)
(38, 16, 52)
(38, 17, 52)
(38, 18, 44)
(38, 19, 43)
(38, 20, 39)
(38, 21, 38)
(38, 22, 38)
(38, 23, 37)
(38, 24, 37)
(38, 25, 37)
(38, 26, 37)
(38, 27, 37)
(38, 28, 30)
(38, 29, 25)
(38, 30, 24)
(38, 31, 15)
(38, 32, 15)
(38, 33, 15)
(38, 34, 15)
(38, 35, 13)
(38, 36, 9)
(38, 37, 9)
(38, 38, 9)
(38, 39, 9)

(39, 0, 339)
(39, 1, 191)
(39, 2, 171)
(39, 3, 93)
(39, 4, 73)
(39, 5, 73)
(39, 6, 73)
(39, 7, 70)
(39, 8, 68)
(39, 9, 67)
(39, 10, 67)
(39, 11, 63)
(39, 12, 63)
(39, 13, 63)
(39, 14, 62)
(39, 15, 56)
(39, 16, 53)
(39, 17, 53)
(39, 18, 45)
(39, 19, 44)
(39, 20, 40)
(39, 21, 39)
(39, 22, 39)
(39, 23, 38)
(39, 24, 38)
(39, 25, 38)
(39, 26, 38)
(39, 27, 38)
(39, 28, 30)
(39, 29, 24)
(39, 30, 24)
(39, 31, 15)
(39, 32, 15)
(39, 33, 15)
(39, 34, 15)
(39, 35, 13)
(39, 36, 9)
(39, 37, 9)
(39, 38, 9)
(39, 39, 9)


Betti numbers:
xi_0:
(0, 0, 1)
(2, 0, 1)
(3, 0, 1)
(4, 0, 2)
(5, 0, 3)
(6, 0, 1)
(7, 0, 4)
(8, 0, 5)
(9, 0, 3)
(10, 0, 2)
(11, 0, 1)
(12, 0, 2)
(13, 0, 4)
(14, 0, 3)
(15, 0, 3)
(18, 0, 3)
(19, 0, 5)
(20, 0, 1)
(21, 0, 12)
(22, 0, 5)
(23, 0, 5)
(24, 0, 3)
(25, 0, 12)
(26, 0, 8)
(27, 0, 4)
(28, 0, 4)
(29, 0, 30)
(30, 0, 15)
(31, 0, 14)
(32, 0, 40)
(33, 0, 18)
(34, 0, 17)
(35, 0, 22)
(36, 0, 24)
(37, 0, 20)
(38, 0, 16)
(39, 0, 25)
xi_1:
(3, 11, 1)
(4, 7, 1)
(5, 1, 1)
(5, 16, 1)
(6, 20, 1)
(6, 37, 1)
(7, 1, 1)
(7, 2, 2)
(7, 8, 1)
(7, 36, 1)
(8, 1, 1)
(8, 2, 1)
(8, 8, 1)
(8, 15, 1)
(8, 35, 1)
(9, 1, 1)
(9, 3, 1)
(9, 31, 1)
(10, 7, 1)
(10, 14, 1)
(12, 7, 1)
(12, 16, 1)
(12, 28, 1)
(13, 1, 1)
(13, 2, 1)
(13, 18, 1)
(13, 31, 1)
(13, 36, 1)
(14, 1, 1)
(14, 2, 1)
(14, 31, 1)
(14, 35, 1)
(15, 1, 1)
(15, 3, 1)
(15, 28, 1)
(18, 3, 2)
(18, 29, 1)
(19, 1, 1)
(19, 3, 1)
(19, 4, 1)
(19, 31, 1)
(20, 15, 1)
(21, 1, 8)
(21, 3, 2)
(21, 11, 1)
(22, 1, 2)
(22, 3, 2)
(22, 4, 1)
(23, 1, 1)
(23, 3, 1)
(23, 4, 1)
(23, 36, 1)
(24, 1, 1)
(24, 4, 2)
(25, 1, 8)
(25, 28, 1)
(25, 29, 1)
(25, 31, 2)
(25, 36, 1)
(26, 1, 2)
(26, 3, 4)
(26, 11, 1)
(27, 1, 1)
(27, 3, 3)
(28, 16, 1)
(28, 18, 1)
(28, 21, 1)
(29, 1, 13)
(29, 2, 2)
(29, 3, 8)
(29, 4, 2)
(29, 11, 1)
(29, 18, 1)
(29, 29, 1)
(29, 31, 1)
(29, 36, 1)
(30, 1, 6)
(30, 2, 1)
(30, 3, 4)
(30, 4, 1)
(30, 15, 1)
(30, 18, 1)
(30, 23, 1)
(30, 28, 1)
(30, 31, 1)
(31, 1, 7)
(31, 2, 1)
(31, 3, 2)
(31, 4, 1)
(31, 19, 1)
(31, 23, 1)
(31, 28, 1)
(31, 29, 1)
(32, 1, 26)
(32, 2, 2)
(32, 3, 5)
(32, 4, 3)
(32, 10, 1)
(32, 20, 1)
(32, 27, 1)
(32, 36, 1)
(33, 1, 9)
(33, 2, 1)
(33, 3, 6)
(33, 4, 2)
(33, 9, 1)
(33, 21, 1)
(34, 1, 11)
(34, 2, 1)
(34, 3, 1)
(34, 4, 2)
(34, 18, 2)
(34, 23, 1)
(34, 31, 1)
(35, 1, 13)
(35, 2, 1)
(35, 3, 5)
(35, 4, 1)
(35, 23, 1)
(35, 28, 1)
(36, 1, 8)
(36, 3, 10)
(36, 4, 3)
(36, 15, 1)
(36, 18, 2)
(36, 20, 1)
(36, 36, 1)
(37, 1, 6)
(37, 2, 3)
(37, 3, 8)
(37, 4, 1)
(37, 11, 1)
(37, 29, 1)
(37, 36, 1)
(38, 1, 7)
(38, 2, 2)
(38, 3, 2)
(38, 4, 3)
(38, 15, 2)
(38, 20, 1)
(38, 28, 1)
(38, 29, 1)
(38, 30, 1)
(39, 1, 11)
(39, 2, 2)
(39, 3, 11)
(39, 4, 1)
(39, 28, 1)
(39, 29, 1)
xi_2:
(7, 37, 1)
(8, 36, 1)
(14, 36, 1)
(25, 36, 1)
(29, 21, 1)
(30, 4, 1)
(31, 23, 1)
(32, 23, 1)
(33, 4, 1)
(33, 10, 1)
(34, 4, 1)
(34, 27, 1)
(35, 2, 1)
(35, 4, 1)
(36, 23, 1)
(37, 4, 1)
(38, 11, 1)
(38, 29, 1)
(38, 36, 1)
(39, 3, 1)
(39, 30, 1)
