x-grades
-3020516529640023603/4000000000000000000
-1472873010168196403/2000000000000000000
-2870975511032762009/4000000000000000000
-699051250432282803/1000000000000000000
-544286898485100083/800000000000000000
-1323331991560934809/2000000000000000000
-2571893473818238821/4000000000000000000
-312140370564326003/500000000000000000
-2422352455210977227/4000000000000000000
-234758194590734643/400000000000000000
-2272811436603715633/4000000000000000000
-549510231825021209/1000000000000000000
-2123270417996454039/4000000000000000000
-1024249954346411621/2000000000000000000
-394745879877838489/800000000000000000
-118684930630347603/250000000000000000
-1824188380781930851/4000000000000000000
-874708935739150027/2000000000000000000
-1674647362174669257/4000000000000000000
-79993842643551923/200000000000000000
-1525106343567407663/4000000000000000000
-725167917131888433/2000000000000000000
-1375565324960146069/4000000000000000000
-162599351957064409/500000000000000000
-49040972254115379/160000000000000000
-575626898524626839/2000000000000000000
-1076483287745622881/4000000000000000000
-250428194610498021/1000000000000000000
-926942269138361287/4000000000000000000
-85217175983473049/400000000000000000
-777401250531099693/4000000000000000000
-21957210663358403/125000000000000000
-627860231923838099/4000000000000000000
-276544861310103651/2000000000000000000
-95663842663315301/800000000000000000
-100887176003236427/1000000000000000000
-328778194709314911/4000000000000000000
-127003842702842057/2000000000000000000
-179237176102053317/4000000000000000000
-2611666669960563/100000000000000000

y-grades
9986981/40000000
9986981/20000000
29960943/40000000
9986981/10000000
9986981/8000000
29960943/20000000
69908867/40000000
9986981/5000000
89882829/40000000
9986981/4000000
109856791/40000000
29960943/10000000
129830753/40000000
69908867/20000000
29960943/8000000
9986981/2500000
169778677/40000000
89882829/20000000
189752639/40000000
9986981/2000000
209726601/40000000
109856791/20000000
229700563/40000000
29960943/5000000
9986981/1600000
129830753/20000000
269648487/40000000
69908867/10000000
289622449/40000000
29960943/4000000
309596411/40000000
9986981/1250000
329570373/40000000
169778677/20000000
69908867/8000000
89882829/10000000
369518297/40000000
189752639/20000000
389492259/40000000
9986981/1000000

Dimensions > 0:
(0, 0, 1)
(0, 1, 1)
(0, 2, 1)
(0, 3, 1)
(0, 4, 1)
(0, 5, 1)
(0, 6, 1)
(0, 7, 1)
(0, 8, 1)
(0, 9, 1)
(0, 10, 1)
(0, 11, 1)
(0, 12, 1)
(0, 13, 1)
(0, 14, 1)
(0, 15, 1)
(0, 16, 1)
(0, 17, 1)
(0, 18, 1)
(0, 19, 1)
(0, 20, 1)
(0, 21, 1)
(0, 22, 1)
(0, 23, 1)
(0, 24, 1)
(0, 25, 1)
(0, 26, 1)
(0, 27, 1)
(0, 28, 1)
(0, 29, 1)
(0, 30, 1)
(0, 31, 1)
(0, 32, 1)
(0, 33, 1)
(0, 34, 1)
(0, 35, 1)
(0, 36, 1)
(0, 37, 1)
(0, 38, 1)
(0, 39, 1)

(1, 0, 1)
(1, 1, 1)
(1, 2, 1)
(1, 3, 1)
(1, 4, 1)
(1, 5, 1)
(1, 6, 1)
(1, 7, 1)
(1, 8, 1)
(1, 9, 1)
(1, 10, 1)
(1, 11, 1)
(1, 12, 1)
(1, 13, 1)
(1, 14, 1)
(1, 15, 1)
(1, 16, 1)
(1, 17, 1)
(1, 18, 1)
(1, 19, 1)
(1, 20, 1)
(1, 21, 1)
(1, 22, 1)
(1, 23, 1)
(1, 24, 1)
(1, 25, 1)
(1, 26, 1)
(1, 27, 1)
(1, 28, 1)
(1, 29, 1)
(1, 30, 1)
(1, 31, 1)
(1, 32, 1)
(1, 33, 1)
(1, 34, 1)
(1, 35, 1)
(1, 36, 1)
(1, 37, 1)
(1, 38, 1)
(1, 39, 1)

(2, 0, 1)
(2, 1, 1)
(2, 2, 1)
(2, 3, 1)
(2, 4, 1)
(2, 5, 1)
(2, 6, 1)
(2, 7, 1)
(2, 8, 1)
(2, 9, 1)
(2, 10, 1)
(2, 11, 1)
(2, 12, 1)
(2, 13, 1)
(2, 14, 1)
(2, 15, 1)
(2, 16, 1)
(2, 17, 1)
(2, 18, 1)
(2, 19, 1)
(2, 20, 1)
(2, 21, 1)
(2, 22, 1)
(2, 23, 1)
(2, 24, 1)
(2, 25, 1)
(2, 26, 1)
(2, 27, 1)
(2, 28, 1)
(2, 29, 1)
(2, 30, 1)
(2, 31, 1)
(2, 32, 1)
(2, 33, 1)
(2, 34, 1)
(2, 35, 1)
(2, 36, 1)
(2, 37, 1)
(2, 38, 1)
(2, 39, 1)

(3, 0, 3)
(3, 1, 2)
(3, 2, 2)
(3, 3, 2)
(3, 4, 2)
(3, 5, 2)
(3, 6, 2)
(3, 7, 2)
(3, 8, 2)
(3, 9, 2)
(3, 10, 2)
(3, 11, 2)
(3, 12, 2)
(3, 13, 2)
(3, 14, 2)
(3, 15, 2)
(3, 16, 2)
(3, 17, 2)
(3, 18, 2)
(3, 19, 2)
(3, 20, 2)
(3, 21, 2)
(3, 22, 2)
(3, 23, 2)
(3, 24, 2)
(3, 25, 2)
(3, 26, 2)
(3, 27, 2)
(3, 28, 2)
(3, 29, 2)
(3, 30, 2)
(3, 31, 1)
(3, 32, 1)
(3, 33, 1)
(3, 34, 1)
(3, 35, 1)
(3, 36, 1)
(3, 37, 1)
(3, 38, 1)
(3, 39, 1)

(4, 0, 3)
(4, 1, 2)
(4, 2, 2)
(4, 3, 2)
(4, 4, 2)
(4, 5, 2)
(4, 6, 2)
(4, 7, 2)
(4, 8, 2)
(4, 9, 2)
(4, 10, 2)
(4, 11, 2)
(4, 12, 2)
(4, 13, 2)
(4, 14, 2)
(4, 15, 2)
(4, 16, 2)
(4, 17, 2)
(4, 18, 2)
(4, 19, 2)
(4, 20, 2)
(4, 21, 2)
(4, 22, 2)
(4, 23, 2)
(4, 24, 2)
(4, 25, 2)
(4, 26, 2)
(4, 27, 2)
(4, 28, 2)
(4, 29, 2)
(4, 30, 2)
(4, 31, 1)
(4, 32, 1)
(4, 33, 1)
(4, 34, 1)
(4, 35, 1)
(4, 36, 1)
(4, 37, 1)
(4, 38, 1)
(4, 39, 1)

(5, 0, 3)
(5, 1, 2)
(5, 2, 2)
(5, 3, 2)
(5, 4, 2)
(5, 5, 2)
(5, 6, 2)
(5, 7, 2)
(5, 8, 2)
(5, 9, 2)
(5, 10, 2)
(5, 11, 2)
(5, 12, 2)
(5, 13, 2)
(5, 14, 2)
(5, 15, 2)
(5, 16, 2)
(5, 17, 2)
(5, 18, 2)
(5, 19, 2)
(5, 20, 2)
(5, 21, 2)
(5, 22, 2)
(5, 23, 2)
(5, 24, 2)
(5, 25, 2)
(5, 26, 2)
(5, 27, 2)
(5, 28, 2)
(5, 29, 2)
(5, 30, 2)
(5, 31, 1)
(5, 32, 1)
(5, 33, 1)
(5, 34, 1)
(5, 35, 1)
(5, 36, 1)
(5, 37, 1)
(5, 38, 1)
(5, 39, 1)

(6, 0, 4)
(6, 1, 3)
(6, 2, 3)
(6, 3, 3)
(6, 4, 3)
(6, 5, 3)
(6, 6, 3)
(6, 7, 3)
(6, 8, 3)
(6, 9, 3)
(6, 10, 3)
(6, 11, 3)
(6, 12, 3)
(6, 13, 3)
(6, 14, 3)
(6, 15, 3)
(6, 16, 3)
(6, 17, 3)
(6, 18, 3)
(6, 19, 3)
(6, 20, 3)
(6, 21, 3)
(6, 22, 3)
(6, 23, 3)
(6, 24, 3)
(6, 25, 3)
(6, 26, 3)
(6, 27, 3)
(6, 28, 3)
(6, 29, 3)
(6, 30, 3)
(6, 31, 2)
(6, 32, 2)
(6, 33, 2)
(6, 34, 2)
(6, 35, 2)
(6, 36, 2)
(6, 37, 2)
(6, 38, 2)
(6, 39, 2)

(7, 0, 4)
(7, 1, 3)
(7, 2, 3)
(7, 3, 3)
(7, 4, 3)
(7, 5, 3)
(7, 6, 3)
(7, 7, 3)
(7, 8, 3)
(7, 9, 3)
(7, 10, 3)
(7, 11, 3)
(7, 12, 3)
(7, 13, 3)
(7, 14, 3)
(7, 15, 3)
(7, 16, 3)
(7, 17, 3)
(7, 18, 3)
(7, 19, 3)
(7, 20, 3)
(7, 21, 3)
(7, 22, 3)
(7, 23, 3)
(7, 24, 3)
(7, 25, 3)
(7, 26, 3)
(7, 27, 3)
(7, 28, 3)
(7, 29, 3)
(7, 30, 3)
(7, 31, 2)
(7, 32, 2)
(7, 33, 2)
(7, 34, 2)
(7, 35, 2)
(7, 36, 2)
(7, 37, 2)
(7, 38, 2)
(7, 39, 2)

(8, 0, 5)
(8, 1, 4)
(8, 2, 4)
(8, 3, 4)
(8, 4, 4)
(8, 5, 4)
(8, 6, 4)
(8, 7, 4)
(8, 8, 4)
(8, 9, 4)
(8, 10, 4)
(8, 11, 4)
(8, 12, 4)
(8, 13, 4)
(8, 14, 4)
(8, 15, 4)
(8, 16, 4)
(8, 17, 4)
(8, 18, 4)
(8, 19, 4)
(8, 20, 4)
(8, 21, 4)
(8, 22, 4)
(8, 23, 4)
(8, 24, 4)
(8, 25, 4)
(8, 26, 4)
(8, 27, 4)
(8, 28, 4)
(8, 29, 4)
(8, 30, 4)
(8, 31, 3)
(8, 32, 3)
(8, 33, 3)
(8, 34, 3)
(8, 35, 3)
(8, 36, 3)
(8, 37, 3)
(8, 38, 3)
(8, 39, 3)

(9, 0, 7)
(9, 1, 6)
(9, 2, 6)
(9, 3, 6)
(9, 4, 4)
(9, 5, 4)
(9, 6, 4)
(9, 7, 4)
(9, 8, 4)
(9, 9, 4)
(9, 10, 4)
(9, 11, 4)
(9, 12, 4)
(9, 13, 4)
(9, 14, 4)
(9, 15, 4)
(9, 16, 4)
(9, 17, 4)
(9, 18, 4)
(9, 19, 4)
(9, 20, 4)
(9, 21, 4)
(9, 22, 4)
(9, 23, 4)
(9, 24, 4)
(9, 25, 4)
(9, 26, 4)
(9, 27, 4)
(9, 28, 4)
(9, 29, 4)
(9, 30, 4)
(9, 31, 3)
(9, 32, 3)
(9, 33, 3)
(9, 34, 3)
(9, 35, 3)
(9, 36, 3)
(9, 37, 3)
(9, 38, 3)
(9, 39, 3)

(10, 0, 8)
(10, 1, 7)
(10, 2, 7)
(10, 3, 7)
(10, 4, 4)
(10, 5, 4)
(10, 6, 4)
(10, 7, 4)
(10, 8, 4)
(10, 9, 4)
(10, 10, 4)
(10, 11, 4)
(10, 12, 4)
(10, 13, 4)
(10, 14, 4)
(10, 15, 4)
(10, 16, 4)
(10, 17, 4)
(10, 18, 4)
(10, 19, 4)
(10, 20, 4)
(10, 21, 4)
(10, 22, 4)
(10, 23, 4)
(10, 24, 4)
(10, 25, 4)
(10, 26, 4)
(10, 27, 4)
(10, 28, 4)
(10, 29, 4)
(10, 30, 4)
(10, 31, 3)
(10, 32, 3)
(10, 33, 3)
(10, 34, 3)
(10, 35, 3)
(10, 36, 3)
(10, 37, 3)
(10, 38, 3)
(10, 39, 3)

(11, 0, 12)
(11, 1, 11)
(11, 2, 11)
(11, 3, 10)
(11, 4, 5)
(11, 5, 5)
(11, 6, 5)
(11, 7, 5)
(11, 8, 5)
(11, 9, 5)
(11, 10, 5)
(11, 11, 5)
(11, 12, 5)
(11, 13, 5)
(11, 14, 4)
(11, 15, 4)
(11, 16, 4)
(11, 17, 4)
(11, 18, 4)
(11, 19, 4)
(11, 20, 4)
(11, 21, 4)
(11, 22, 4)
(11, 23, 4)
(11, 24, 4)
(11, 25, 4)
(11, 26, 4)
(11, 27, 4)
(11, 28, 4)
(11, 29, 4)
(11, 30, 4)
(11, 31, 3)
(11, 32, 3)
(11, 33, 3)
(11, 34, 3)
(11, 35, 3)
(11, 36, 3)
(11, 37, 3)
(11, 38, 3)
(11, 39, 3)

(12, 0, 13)
(12, 1, 12)
(12, 2, 12)
(12, 3, 10)
(12, 4, 5)
(12, 5, 5)
(12, 6, 5)
(12, 7, 5)
(12, 8, 5)
(12, 9, 5)
(12, 10, 5)
(12, 11, 5)
(12, 12, 5)
(12, 13, 5)
(12, 14, 4)
(12, 15, 4)
(12, 16, 4)
(12, 17, 4)
(12, 18, 4)
(12, 19, 4)
(12, 20, 4)
(12, 21, 4)
(12, 22, 4)
(12, 23, 4)
(12, 24, 4)
(12, 25, 4)
(12, 26, 4)
(12, 27, 4)
(12, 28, 4)
(12, 29, 4)
(12, 30, 4)
(12, 31, 3)
(12, 32, 3)
(12, 33, 3)
(12, 34, 3)
(12, 35, 3)
(12, 36, 3)
(12, 37, 3)
(12, 38, 3)
(12, 39, 3)

(13, 0, 26)
(13, 1, 19)
(13, 2, 19)
(13, 3, 12)
(13, 4, 6)
(13, 5, 6)
(13, 6, 6)
(13, 7, 6)
(13, 8, 6)
(13, 9, 6)
(13, 10, 6)
(13, 11, 6)
(13, 12, 6)
(13, 13, 6)
(13, 14, 5)
(13, 15, 5)
(13, 16, 5)
(13, 17, 4)
(13, 18, 4)
(13, 19, 4)
(13, 20, 4)
(13, 21, 4)
(13, 22, 4)
(13, 23, 4)
(13, 24, 4)
(13, 25, 4)
(13, 26, 4)
(13, 27, 4)
(13, 28, 4)
(13, 29, 4)
(13, 30, 4)
(13, 31, 3)
(13, 32, 3)
(13, 33, 3)
(13, 34, 3)
(13, 35, 3)
(13, 36, 3)
(13, 37, 3)
(13, 38, 3)
(13, 39, 3)

(14, 0, 35)
(14, 1, 28)
(14, 2, 20)
(14, 3, 13)
(14, 4, 7)
(14, 5, 7)
(14, 6, 7)
(14, 7, 7)
(14, 8, 7)
(14, 9, 7)
(14, 10, 7)
(14, 11, 7)
(14, 12, 7)
(14, 13, 7)
(14, 14, 5)
(14, 15, 5)
(14, 16, 5)
(14, 17, 5)
(14, 18, 5)
(14, 19, 5)
(14, 20, 5)
(14, 21, 5)
(14, 22, 5)
(14, 23, 5)
(14, 24, 5)
(14, 25, 5)
(14, 26, 5)
(14, 27, 5)
(14, 28, 5)
(14, 29, 5)
(14, 30, 5)
(14, 31, 4)
(14, 32, 4)
(14, 33, 4)
(14, 34, 4)
(14, 35, 4)
(14, 36, 4)
(14, 37, 4)
(14, 38, 4)
(14, 39, 4)

(15, 0, 40)
(15, 1, 33)
(15, 2, 20)
(15, 3, 13)
(15, 4, 7)
(15, 5, 7)
(15, 6, 7)
(15, 7, 7)
(15, 8, 7)
(15, 9, 7)
(15, 10, 7)
(15, 11, 7)
(15, 12, 7)
(15, 13, 7)
(15, 14, 5)
(15, 15, 5)
(15, 16, 5)
(15, 17, 5)
(15, 18, 5)
(15, 19, 5)
(15, 20, 5)
(15, 21, 5)
(15, 22, 5)
(15, 23, 5)
(15, 24, 5)
(15, 25, 5)
(15, 26, 5)
(15, 27, 5)
(15, 28, 5)
(15, 29, 5)
(15, 30, 5)
(15, 31, 4)
(15, 32, 4)
(15, 33, 4)
(15, 34, 4)
(15, 35, 4)
(15, 36, 4)
(15, 37, 4)
(15, 38, 4)
(15, 39, 4)

(16, 0, 44)
(16, 1, 37)
(16, 2, 20)
(16, 3, 13)
(16, 4, 7)
(16, 5, 7)
(16, 6, 7)
(16, 7, 7)
(16, 8, 7)
(16, 9, 7)
(16, 10, 7)
(16, 11, 7)
(16, 12, 7)
(16, 13, 7)
(16, 14, 5)
(16, 15, 5)
(16, 16, 5)
(16, 17, 5)
(16, 18, 5)
(16, 19, 5)
(16, 20, 5)
(16, 21, 5)
(16, 22, 5)
(16, 23, 5)
(16, 24, 5)
(16, 25, 5)
(16, 26, 5)
(16, 27, 5)
(16, 28, 5)
(16, 29, 5)
(16, 30, 5)
(16, 31, 4)
(16, 32, 4)
(16, 33, 4)
(16, 34, 4)
(16, 35, 4)
(16, 36, 4)
(16, 37, 4)
(16, 38, 4)
(16, 39, 4)

(17, 0, 50)
(17, 1, 43)
(17, 2, 20)
(17, 3, 13)
(17, 4, 7)
(17, 5, 7)
(17, 6, 7)
(17, 7, 7)
(17, 8, 7)
(17, 9, 7)
(17, 10, 7)
(17, 11, 7)
(17, 12, 7)
(17, 13, 7)
(17, 14, 5)
(17, 15, 5)
(17, 16, 5)
(17, 17, 5)
(17, 18, 5)
(17, 19, 5)
(17, 20, 5)
(17, 21, 5)
(17, 22, 5)
(17, 23, 5)
(17, 24, 5)
(17, 25, 5)
(17, 26, 5)
(17, 27, 5)
(17, 28, 5)
(17, 29, 5)
(17, 30, 5)
(17, 31, 4)
(17, 32, 4)
(17, 33, 4)
(17, 34, 4)
(17, 35, 4)
(17, 36, 4)
(17, 37, 4)
(17, 38, 4)
(17, 39, 4)

(18, 0, 50)
(18, 1, 43)
(18, 2, 20)
(18, 3, 13)
(18, 4, 7)
(18, 5, 7)
(18, 6, 7)
(18, 7, 7)
(18, 8, 7)
(18, 9, 7)
(18, 10, 7)
(18, 11, 7)
(18, 12, 7)
(18, 13, 7)
(18, 14, 5)
(18, 15, 5)
(18, 16, 5)
(18, 17, 5)
(18, 18, 5)
(18, 19, 5)
(18, 20, 5)
(18, 21, 5)
(18, 22, 5)
(18, 23, 5)
(18, 24, 5)
(18, 25, 5)
(18, 26, 5)
(18, 27, 5)
(18, 28, 5)
(18, 29, 5)
(18, 30, 5)
(18, 31, 4)
(18, 32, 4)
(18, 33, 4)
(18, 34, 4)
(18, 35, 4)
(18, 36, 4)
(18, 37, 4)
(18, 38, 4)
(18, 39, 4)

(19, 0, 54)
(19, 1, 47)
(19, 2, 24)
(19, 3, 16)
(19, 4, 10)
(19, 5, 9)
(19, 6, 9)
(19, 7, 9)
(19, 8, 9)
(19, 9, 9)
(19, 10, 9)
(19, 11, 9)
(19, 12, 9)
(19, 13, 9)
(19, 14, 7)
(19, 15, 7)
(19, 16, 7)
(19, 17, 7)
(19, 18, 7)
(19, 19, 7)
(19, 20, 7)
(19, 21, 7)
(19, 22, 6)
(19, 23, 6)
(19, 24, 5)
(19, 25, 5)
(19, 26, 5)
(19, 27, 5)
(19, 28, 5)
(19, 29, 5)
(19, 30, 5)
(19, 31, 4)
(19, 32, 4)
(19, 33, 4)
(19, 34, 4)
(19, 35, 4)
(19, 36, 4)
(19, 37, 4)
(19, 38, 4)
(19, 39, 4)

(20, 0, 61)
(20, 1, 54)
(20, 2, 31)
(20, 3, 21)
(20, 4, 15)
(20, 5, 11)
(20, 6, 11)
(20, 7, 10)
(20, 8, 10)
(20, 9, 10)
(20, 10, 10)
(20, 11, 10)
(20, 12, 10)
(20, 13, 10)
(20, 14, 7)
(20, 15, 7)
(20, 16, 7)
(20, 17, 7)
(20, 18, 7)
(20, 19, 6)
(20, 20, 6)
(20, 21, 6)
(20, 22, 5)
(20, 23, 5)
(20, 24, 5)
(20, 25, 5)
(20, 26, 5)
(20, 27, 5)
(20, 28, 5)
(20, 29, 5)
(20, 30, 5)
(20, 31, 4)
(20, 32, 4)
(20, 33, 4)
(20, 34, 4)
(20, 35, 3)
(20, 36, 3)
(20, 37, 3)
(20, 38, 3)
(20, 39, 3)

(21, 0, 65)
(21, 1, 58)
(21, 2, 35)
(21, 3, 24)
(21, 4, 18)
(21, 5, 12)
(21, 6, 12)
(21, 7, 10)
(21, 8, 10)
(21, 9, 10)
(21, 10, 10)
(21, 11, 10)
(21, 12, 10)
(21, 13, 10)
(21, 14, 6)
(21, 15, 6)
(21, 16, 6)
(21, 17, 6)
(21, 18, 6)
(21, 19, 6)
(21, 20, 6)
(21, 21, 6)
(21, 22, 5)
(21, 23, 5)
(21, 24, 5)
(21, 25, 5)
(21, 26, 5)
(21, 27, 5)
(21, 28, 5)
(21, 29, 5)
(21, 30, 4)
(21, 31, 3)
(21, 32, 3)
(21, 33, 3)
(21, 34, 3)
(21, 35, 3)
(21, 36, 3)
(21, 37, 3)
(21, 38, 3)
(21, 39, 3)

(22, 0, 68)
(22, 1, 61)
(22, 2, 38)
(22, 3, 26)
(22, 4, 20)
(22, 5, 14)
(22, 6, 14)
(22, 7, 11)
(22, 8, 10)
(22, 9, 10)
(22, 10, 10)
(22, 11, 10)
(22, 12, 10)
(22, 13, 10)
(22, 14, 6)
(22, 15, 6)
(22, 16, 6)
(22, 17, 6)
(22, 18, 6)
(22, 19, 6)
(22, 20, 6)
(22, 21, 6)
(22, 22, 5)
(22, 23, 5)
(22, 24, 5)
(22, 25, 5)
(22, 26, 5)
(22, 27, 5)
(22, 28, 5)
(22, 29, 5)
(22, 30, 4)
(22, 31, 3)
(22, 32, 3)
(22, 33, 3)
(22, 34, 3)
(22, 35, 3)
(22, 36, 3)
(22, 37, 3)
(22, 38, 3)
(22, 39, 3)

(23, 0, 70)
(23, 1, 63)
(23, 2, 40)
(23, 3, 28)
(23, 4, 22)
(23, 5, 14)
(23, 6, 14)
(23, 7, 10)
(23, 8, 10)
(23, 9, 10)
(23, 10, 10)
(23, 11, 10)
(23, 12, 10)
(23, 13, 10)
(23, 14, 6)
(23, 15, 6)
(23, 16, 6)
(23, 17, 6)
(23, 18, 6)
(23, 19, 6)
(23, 20, 6)
(23, 21, 6)
(23, 22, 5)
(23, 23, 5)
(23, 24, 5)
(23, 25, 4)
(23, 26, 4)
(23, 27, 4)
(23, 28, 4)
(23, 29, 4)
(23, 30, 4)
(23, 31, 3)
(23, 32, 3)
(23, 33, 3)
(23, 34, 3)
(23, 35, 3)
(23, 36, 3)
(23, 37, 3)
(23, 38, 3)
(23, 39, 3)

(24, 0, 74)
(24, 1, 67)
(24, 2, 44)
(24, 3, 31)
(24, 4, 25)
(24, 5, 15)
(24, 6, 14)
(24, 7, 10)
(24, 8, 10)
(24, 9, 10)
(24, 10, 10)
(24, 11, 10)
(24, 12, 10)
(24, 13, 10)
(24, 14, 6)
(24, 15, 6)
(24, 16, 6)
(24, 17, 6)
(24, 18, 6)
(24, 19, 6)
(24, 20, 6)
(24, 21, 6)
(24, 22, 4)
(24, 23, 4)
(24, 24, 4)
(24, 25, 4)
(24, 26, 4)
(24, 27, 4)
(24, 28, 4)
(24, 29, 4)
(24, 30, 4)
(24, 31, 3)
(24, 32, 3)
(24, 33, 3)
(24, 34, 3)
(24, 35, 3)
(24, 36, 3)
(24, 37, 3)
(24, 38, 3)
(24, 39, 3)

(25, 0, 75)
(25, 1, 68)
(25, 2, 45)
(25, 3, 32)
(25, 4, 26)
(25, 5, 15)
(25, 6, 13)
(25, 7, 10)
(25, 8, 10)
(25, 9, 10)
(25, 10, 10)
(25, 11, 10)
(25, 12, 10)
(25, 13, 10)
(25, 14, 6)
(25, 15, 6)
(25, 16, 6)
(25, 17, 6)
(25, 18, 6)
(25, 19, 6)
(25, 20, 6)
(25, 21, 6)
(25, 22, 4)
(25, 23, 4)
(25, 24, 4)
(25, 25, 4)
(25, 26, 4)
(25, 27, 4)
(25, 28, 4)
(25, 29, 4)
(25, 30, 4)
(25, 31, 3)
(25, 32, 3)
(25, 33, 3)
(25, 34, 3)
(25, 35, 3)
(25, 36, 3)
(25, 37, 3)
(25, 38, 3)
(25, 39, 3)

(26, 0, 79)
(26, 1, 72)
(26, 2, 49)
(26, 3, 35)
(26, 4, 29)
(26, 5, 15)
(26, 6, 13)
(26, 7, 10)
(26, 8, 10)
(26, 9, 10)
(26, 10, 10)
(26, 11, 10)
(26, 12, 10)
(26, 13, 10)
(26, 14, 6)
(26, 15, 6)
(26, 16, 6)
(26, 17, 6)
(26, 18, 6)
(26, 19, 6)
(26, 20, 6)
(26, 21, 6)
(26, 22, 4)
(26, 23, 4)
(26, 24, 4)
(26, 25, 4)
(26, 26, 4)
(26, 27, 4)
(26, 28, 4)
(26, 29, 4)
(26, 30, 4)
(26, 31, 3)
(26, 32, 3)
(26, 33, 3)
(26, 34, 3)
(26, 35, 3)
(26, 36, 3)
(26, 37, 3)
(26, 38, 3)
(26, 39, 3)

(27, 0, 80)
(27, 1, 73)
(27, 2, 50)
(27, 3, 36)
(27, 4, 30)
(27, 5, 14)
(27, 6, 13)
(27, 7, 10)
(27, 8, 10)
(27, 9, 10)
(27, 10, 10)
(27, 11, 10)
(27, 12, 10)
(27, 13, 10)
(27, 14, 6)
(27, 15, 6)
(27, 16, 6)
(27, 17, 6)
(27, 18, 6)
(27, 19, 6)
(27, 20, 6)
(27, 21, 6)
(27, 22, 4)
(27, 23, 4)
(27, 24, 4)
(27, 25, 4)
(27, 26, 4)
(27, 27, 4)
(27, 28, 4)
(27, 29, 4)
(27, 30, 4)
(27, 31, 3)
(27, 32, 3)
(27, 33, 3)
(27, 34, 3)
(27, 35, 3)
(27, 36, 3)
(27, 37, 3)
(27, 38, 3)
(27, 39, 3)

(28, 0, 83)
(28, 1, 76)
(28, 2, 53)
(28, 3, 38)
(28, 4, 32)
(28, 5, 15)
(28, 6, 14)
(28, 7, 10)
(28, 8, 10)
(28, 9, 10)
(28, 10, 10)
(28, 11, 10)
(28, 12, 10)
(28, 13, 10)
(28, 14, 6)
(28, 15, 6)
(28, 16, 6)
(28, 17, 6)
(28, 18, 6)
(28, 19, 6)
(28, 20, 6)
(28, 21, 6)
(28, 22, 4)
(28, 23, 4)
(28, 24, 4)
(28, 25, 4)
(28, 26, 4)
(28, 27, 4)
(28, 28, 4)
(28, 29, 4)
(28, 30, 4)
(28, 31, 3)
(28, 32, 3)
(28, 33, 3)
(28, 34, 3)
(28, 35, 3)
(28, 36, 3)
(28, 37, 3)
(28, 38, 3)
(28, 39, 3)

(29, 0, 84)
(29, 1, 77)
(29, 2, 54)
(29, 3, 39)
(29, 4, 32)
(29, 5, 14)
(29, 6, 13)
(29, 7, 10)
(29, 8, 10)
(29, 9, 10)
(29, 10, 10)
(29, 11, 10)
(29, 12, 10)
(29, 13, 10)
(29, 14, 6)
(29, 15, 6)
(29, 16, 6)
(29, 17, 6)
(29, 18, 6)
(29, 19, 6)
(29, 20, 6)
(29, 21, 6)
(29, 22, 4)
(29, 23, 4)
(29, 24, 4)
(29, 25, 4)
(29, 26, 4)
(29, 27, 4)
(29, 28, 4)
(29, 29, 4)
(29, 30, 4)
(29, 31, 3)
(29, 32, 3)
(29, 33, 3)
(29, 34, 3)
(29, 35, 3)
(29, 36, 3)
(29, 37, 3)
(29, 38, 3)
(29, 39, 3)

(30, 0, 85)
(30, 1, 78)
(30, 2, 55)
(30, 3, 40)
(30, 4, 33)
(30, 5, 14)
(30, 6, 13)
(30, 7, 10)
(30, 8, 10)
(30, 9, 10)
(30, 10, 10)
(30, 11, 10)
(30, 12, 10)
(30, 13, 10)
(30, 14, 6)
(30, 15, 6)
(30, 16, 6)
(30, 17, 6)
(30, 18, 6)
(30, 19, 6)
(30, 20, 6)
(30, 21, 6)
(30, 22, 4)
(30, 23, 4)
(30, 24, 4)
(30, 25, 4)
(30, 26, 4)
(30, 27, 4)
(30, 28, 4)
(30, 29, 4)
(30, 30, 4)
(30, 31, 3)
(30, 32, 3)
(30, 33, 3)
(30, 34, 3)
(30, 35, 3)
(30, 36, 3)
(30, 37, 3)
(30, 38, 3)
(30, 39, 3)

(31, 0, 88)
(31, 1, 81)
(31, 2, 58)
(31, 3, 42)
(31, 4, 35)
(31, 5, 14)
(31, 6, 13)
(31, 7, 10)
(31, 8, 10)
(31, 9, 10)
(31, 10, 10)
(31, 11, 10)
(31, 12, 10)
(31, 13, 10)
(31, 14, 6)
(31, 15, 6)
(31, 16, 6)
(31, 17, 6)
(31, 18, 6)
(31, 19, 6)
(31, 20, 6)
(31, 21, 6)
(31, 22, 4)
(31, 23, 4)
(31, 24, 4)
(31, 25, 4)
(31, 26, 4)
(31, 27, 4)
(31, 28, 4)
(31, 29, 4)
(31, 30, 4)
(31, 31, 3)
(31, 32, 3)
(31, 33, 3)
(31, 34, 3)
(31, 35, 3)
(31, 36, 3)
(31, 37, 3)
(31, 38, 3)
(31, 39, 3)

(32, 0, 89)
(32, 1, 82)
(32, 2, 59)
(32, 3, 43)
(32, 4, 36)
(32, 5, 14)
(32, 6, 13)
(32, 7, 10)
(32, 8, 10)
(32, 9, 10)
(32, 10, 10)
(32, 11, 10)
(32, 12, 10)
(32, 13, 10)
(32, 14, 6)
(32, 15, 6)
(32, 16, 6)
(32, 17, 6)
(32, 18, 6)
(32, 19, 6)
(32, 20, 6)
(32, 21, 6)
(32, 22, 4)
(32, 23, 4)
(32, 24, 4)
(32, 25, 4)
(32, 26, 4)
(32, 27, 4)
(32, 28, 4)
(32, 29, 4)
(32, 30, 4)
(32, 31, 3)
(32, 32, 3)
(32, 33, 3)
(32, 34, 3)
(32, 35, 3)
(32, 36, 3)
(32, 37, 3)
(32, 38, 3)
(32, 39, 3)

(33, 0, 92)
(33, 1, 85)
(33, 2, 62)
(33, 3, 45)
(33, 4, 38)
(33, 5, 14)
(33, 6, 13)
(33, 7, 10)
(33, 8, 10)
(33, 9, 10)
(33, 10, 10)
(33, 11, 10)
(33, 12, 10)
(33, 13, 10)
(33, 14, 6)
(33, 15, 6)
(33, 16, 6)
(33, 17, 6)
(33, 18, 6)
(33, 19, 6)
(33, 20, 6)
(33, 21, 6)
(33, 22, 4)
(33, 23, 4)
(33, 24, 4)
(33, 25, 4)
(33, 26, 4)
(33, 27, 4)
(33, 28, 4)
(33, 29, 4)
(33, 30, 4)
(33, 31, 3)
(33, 32, 3)
(33, 33, 3)
(33, 34, 3)
(33, 35, 3)
(33, 36, 3)
(33, 37, 3)
(33, 38, 3)
(33, 39, 3)

(34, 0, 92)
(34, 1, 85)
(34, 2, 62)
(34, 3, 45)
(34, 4, 38)
(34, 5, 14)
(34, 6, 13)
(34, 7, 10)
(34, 8, 10)
(34, 9, 10)
(34, 10, 10)
(34, 11, 10)
(34, 12, 10)
(34, 13, 10)
(34, 14, 6)
(34, 15, 6)
(34, 16, 6)
(34, 17, 6)
(34, 18, 6)
(34, 19, 6)
(34, 20, 6)
(34, 21, 6)
(34, 22, 4)
(34, 23, 4)
(34, 24, 4)
(34, 25, 4)
(34, 26, 4)
(34, 27, 4)
(34, 28, 4)
(34, 29, 4)
(34, 30, 4)
(34, 31, 3)
(34, 32, 3)
(34, 33, 3)
(34, 34, 3)
(34, 35, 3)
(34, 36, 3)
(34, 37, 3)
(34, 38, 3)
(34, 39, 3)

(35, 0, 93)
(35, 1, 86)
(35, 2, 63)
(35, 3, 46)
(35, 4, 39)
(35, 5, 14)
(35, 6, 13)
(35, 7, 10)
(35, 8, 10)
(35, 9, 10)
(35, 10, 10)
(35, 11, 10)
(35, 12, 10)
(35, 13, 10)
(35, 14, 6)
(35, 15, 6)
(35, 16, 6)
(35, 17, 6)
(35, 18, 6)
(35, 19, 6)
(35, 20, 6)
(35, 21, 6)
(35, 22, 4)
(35, 23, 4)
(35, 24, 4)
(35, 25, 4)
(35, 26, 4)
(35, 27, 4)
(35, 28, 4)
(35, 29, 4)
(35, 30, 4)
(35, 31, 3)
(35, 32, 3)
(35, 33, 3)
(35, 34, 3)
(35, 35, 3)
(35, 36, 3)
(35, 37, 3)
(35, 38, 3)
(35, 39, 3)

(36, 0, 95)
(36, 1, 88)
(36, 2, 65)
(36, 3, 47)
(36, 4, 40)
(36, 5, 15)
(36, 6, 13)
(36, 7, 10)
(36, 8, 10)
(36, 9, 10)
(36, 10, 10)
(36, 11, 10)
(36, 12, 10)
(36, 13, 10)
(36, 14, 6)
(36, 15, 6)
(36, 16, 6)
(36, 17, 6)
(36, 18, 6)
(36, 19, 6)
(36, 20, 6)
(36, 21, 6)
(36, 22, 4)
(36, 23, 4)
(36, 24, 4)
(36, 25, 4)
(36, 26, 4)
(36, 27, 4)
(36, 28, 4)
(36, 29, 4)
(36, 30, 4)
(36, 31, 3)
(36, 32, 3)
(36, 33, 3)
(36, 34, 3)
(36, 35, 3)
(36, 36, 3)
(36, 37, 3)
(36, 38, 3)
(36, 39, 3)

(37, 0, 99)
(37, 1, 92)
(37, 2, 69)
(37, 3, 50)
(37, 4, 43)
(37, 5, 17)
(37, 6, 15)
(37, 7, 12)
(37, 8, 12)
(37, 9, 11)
(37, 10, 10)
(37, 11, 10)
(37, 12, 10)
(37, 13, 10)
(37, 14, 6)
(37, 15, 6)
(37, 16, 6)
(37, 17, 6)
(37, 18, 6)
(37, 19, 6)
(37, 20, 6)
(37, 21, 6)
(37, 22, 4)
(37, 23, 4)
(37, 24, 4)
(37, 25, 4)
(37, 26, 4)
(37, 27, 4)
(37, 28, 4)
(37, 29, 4)
(37, 30, 4)
(37, 31, 3)
(37, 32, 3)
(37, 33, 3)
(37, 34, 3)
(37, 35, 3)
(37, 36, 3)
(37, 37, 3)
(37, 38, 3)
(37, 39, 3)

(38, 0, 101)
(38, 1, 94)
(38, 2, 71)
(38, 3, 52)
(38, 4, 45)
(38, 5, 17)
(38, 6, 15)
(38, 7, 11)
(38, 8, 11)
(38, 9, 10)
(38, 10, 10)
(38, 11, 10)
(38, 12, 10)
(38, 13, 10)
(38, 14, 6)
(38, 15, 6)
(38, 16, 6)
(38, 17, 6)
(38, 18, 6)
(38, 19, 6)
(38, 20, 6)
(38, 21, 6)
(38, 22, 4)
(38, 23, 4)
(38, 24, 4)
(38, 25, 4)
(38, 26, 4)
(38, 27, 4)
(38, 28, 4)
(38, 29, 4)
(38, 30, 4)
(38, 31, 3)
(38, 32, 3)
(38, 33, 3)
(38, 34, 3)
(38, 35, 3)
(38, 36, 3)
(38, 37, 3)
(38, 38, 3)
(38, 39, 3)

(39, 0, 104)
(39, 1, 97)
(39, 2, 74)
(39, 3, 53)
(39, 4, 46)
(39, 5, 18)
(39, 6, 16)
(39, 7, 10)
(39, 8, 10)
(39, 9, 10)
(39, 10, 10)
(39, 11, 10)
(39, 12, 10)
(39, 13, 10)
(39, 14, 6)
(39, 15, 6)
(39, 16, 6)
(39, 17, 6)
(39, 18, 6)
(39, 19, 6)
(39, 20, 6)
(39, 21, 6)
(39, 22, 4)
(39, 23, 4)
(39, 24, 4)
(39, 25, 4)
(39, 26, 4)
(39, 27, 4)
(39, 28, 4)
(39, 29, 4)
(39, 30, 4)
(39, 31, 3)
(39, 32, 3)
(39, 33, 3)
(39, 34, 3)
(39, 35, 3)
(39, 36, 3)
(39, 37, 3)
(39, 38, 3)
(39, 39, 3)


Betti numbers:
xi_0:
(0, 0, 1)
(3, 0, 2)
(6, 0, 1)
(8, 0, 1)
(9, 0, 2)
(10, 0, 1)
(11, 0, 4)
(12, 0, 1)
(13, 0, 13)
(14, 0, 9)
(15, 0, 5)
(16, 0, 4)
(17, 0, 6)
(19, 0, 4)
(20, 0, 7)
(21, 0, 4)
(22, 0, 3)
(23, 0, 2)
(24, 0, 4)
(25, 0, 1)
(26, 0, 4)
(27, 0, 1)
(28, 0, 3)
(29, 0, 1)
(30, 0, 1)
(31, 0, 3)
(32, 0, 1)
(33, 0, 3)
(35, 0, 1)
(36, 0, 2)
(37, 0, 4)
(38, 0, 2)
(39, 0, 3)
xi_1:
(3, 1, 1)
(3, 31, 1)
(9, 4, 2)
(10, 4, 1)
(11, 3, 1)
(11, 4, 2)
(11, 14, 1)
(12, 3, 1)
(13, 1, 6)
(13, 3, 5)
(13, 4, 1)
(13, 17, 1)
(14, 2, 8)
(14, 14, 1)
(15, 2, 5)
(16, 2, 4)
(17, 2, 6)
(19, 3, 1)
(19, 5, 1)
(19, 22, 1)
(19, 24, 1)
(20, 3, 2)
(20, 5, 3)
(20, 7, 1)
(20, 14, 1)
(20, 19, 1)
(20, 35, 1)
(21, 3, 1)
(21, 5, 2)
(21, 7, 1)
(21, 14, 1)
(21, 30, 1)
(22, 3, 1)
(22, 7, 1)
(22, 8, 1)
(23, 5, 2)
(23, 7, 1)
(23, 25, 1)
(24, 3, 1)
(24, 5, 2)
(24, 6, 1)
(24, 7, 1)
(24, 22, 1)
(25, 5, 1)
(25, 6, 1)
(26, 3, 1)
(26, 5, 3)
(26, 6, 1)
(27, 5, 2)
(28, 3, 1)
(28, 5, 1)
(28, 7, 1)
(29, 4, 1)
(29, 5, 1)
(30, 5, 1)
(31, 3, 1)
(31, 5, 2)
(32, 5, 1)
(33, 3, 1)
(33, 5, 2)
(35, 5, 1)
(36, 3, 1)
(36, 6, 1)
(37, 3, 1)
(37, 5, 1)
(37, 9, 1)
(37, 10, 1)
(38, 5, 2)
(38, 7, 1)
(39, 3, 2)
(39, 7, 2)
xi_2:
(14, 17, 1)
(20, 24, 1)
(21, 19, 1)
(21, 35, 1)
(23, 8, 1)
(23, 30, 1)
(24, 7, 1)
(24, 25, 1)
(25, 7, 1)
(26, 6, 1)
(27, 6, 1)
(29, 7, 1)
(38, 10, 1)
(39, 9, 1)
