x-grades
-63998908235174501/12500000000000000
-125548193013630079/25000000000000000
-30774642389227789/6250000000000000
-120648946100192233/25000000000000000
-11819932264347331/2500000000000000
-115749699186754387/25000000000000000
-14162509466254433/3125000000000000
-110850452273316541/25000000000000000
-54200414408298809/12500000000000000
-21190241071975739/5000000000000000
-25875395475789943/6250000000000000
-101051958446440849/25000000000000000
-49301167494860963/12500000000000000
-96152711533003003/25000000000000000
-1171288600953551/312500000000000
-91253464619565157/25000000000000000
-44401920581423117/12500000000000000
-86354217706127311/25000000000000000
-20976148562352097/6250000000000000
-16290994158537893/5000000000000000
-39502673667985271/12500000000000000
-76555723879251619/25000000000000000
-9263262552816587/3125000000000000
-71656476965813773/25000000000000000
-1384137070181897/500000000000000
-66757230052375927/25000000000000000
-16076901648914251/6250000000000000
-61857983138938081/25000000000000000
-29704179841109579/12500000000000000
-11391747245100047/5000000000000000
-53231555438263/24414062500000
-52059489312062389/25000000000000000
-24804932927671733/12500000000000000
-47160242398624543/25000000000000000
-2235530947095281/1250000000000000
-42260995485186697/25000000000000000
-19905686014233887/12500000000000000
-37361748571748851/25000000000000000
-4364015639378741/3125000000000000
-6492500331662201/5000000000000000

y-grades
9999433/40000000
9999433/20000000
29998299/40000000
9999433/10000000
9999433/8000000
29998299/20000000
69996031/40000000
9999433/5000000
89994897/40000000
9999433/4000000
109993763/40000000
29998299/10000000
129992629/40000000
69996031/20000000
29998299/8000000
9999433/2500000
169990361/40000000
89994897/20000000
189989227/40000000
9999433/2000000
209988093/40000000
109993763/20000000
229986959/40000000
29998299/5000000
9999433/1600000
129992629/20000000
269984691/40000000
69996031/10000000
289983557/40000000
29998299/4000000
309982423/40000000
9999433/1250000
329981289/40000000
169990361/20000000
69996031/8000000
89994897/10000000
369979021/40000000
189989227/20000000
389977887/40000000
9999433/1000000

Dimensions > 0:
(0, 0, 4)
(0, 1, 4)
(0, 2, 3)
(0, 3, 3)
(0, 4, 3)
(0, 5, 3)
(0, 6, 3)
(0, 7, 3)
(0, 8, 3)
(0, 9, 3)
(0, 10, 3)
(0, 11, 2)
(0, 12, 2)
(0, 13, 2)
(0, 14, 2)
(0, 15, 2)
(0, 16, 2)
(0, 17, 2)
(0, 18, 2)
(0, 19, 2)
(0, 20, 1)
(0, 21, 1)
(0, 22, 1)
(0, 23, 1)
(0, 24, 1)
(0, 25, 1)
(0, 26, 1)
(0, 27, 1)
(0, 28, 1)
(0, 29, 1)
(0, 30, 1)
(0, 31, 1)
(0, 32, 1)
(0, 33, 1)
(0, 34, 1)
(0, 35, 1)
(0, 36, 1)
(0, 37, 1)
(0, 38, 1)
(0, 39, 1)

(1, 0, 6)
(1, 1, 6)
(1, 2, 4)
(1, 3, 4)
(1, 4, 4)
(1, 5, 4)
(1, 6, 4)
(1, 7, 4)
(1, 8, 4)
(1, 9, 4)
(1, 10, 4)
(1, 11, 3)
(1, 12, 3)
(1, 13, 3)
(1, 14, 3)
(1, 15, 3)
(1, 16, 3)
(1, 17, 3)
(1, 18, 3)
(1, 19, 3)
(1, 20, 2)
(1, 21, 1)
(1, 22, 1)
(1, 23, 1)
(1, 24, 1)
(1, 25, 1)
(1, 26, 1)
(1, 27, 1)
(1, 28, 1)
(1, 29, 1)
(1, 30, 1)
(1, 31, 1)
(1, 32, 1)
(1, 33, 1)
(1, 34, 1)
(1, 35, 1)
(1, 36, 1)
(1, 37, 1)
(1, 38, 1)
(1, 39, 1)

(2, 0, 6)
(2, 1, 6)
(2, 2, 4)
(2, 3, 4)
(2, 4, 4)
(2, 5, 4)
(2, 6, 4)
(2, 7, 4)
(2, 8, 4)
(2, 9, 4)
(2, 10, 4)
(2, 11, 3)
(2, 12, 3)
(2, 13, 3)
(2, 14, 3)
(2, 15, 3)
(2, 16, 3)
(2, 17, 3)
(2, 18, 3)
(2, 19, 3)
(2, 20, 2)
(2, 21, 1)
(2, 22, 1)
(2, 23, 1)
(2, 24, 1)
(2, 25, 1)
(2, 26, 1)
(2, 27, 1)
(2, 28, 1)
(2, 29, 1)
(2, 30, 1)
(2, 31, 1)
(2, 32, 1)
(2, 33, 1)
(2, 34, 1)
(2, 35, 1)
(2, 36, 1)
(2, 37, 1)
(2, 38, 1)
(2, 39, 1)

(3, 0, 6)
(3, 1, 6)
(3, 2, 4)
(3, 3, 4)
(3, 4, 4)
(3, 5, 4)
(3, 6, 4)
(3, 7, 4)
(3, 8, 4)
(3, 9, 4)
(3, 10, 4)
(3, 11, 3)
(3, 12, 3)
(3, 13, 3)
(3, 14, 3)
(3, 15, 3)
(3, 16, 3)
(3, 17, 3)
(3, 18, 3)
(3, 19, 3)
(3, 20, 2)
(3, 21, 1)
(3, 22, 1)
(3, 23, 1)
(3, 24, 1)
(3, 25, 1)
(3, 26, 1)
(3, 27, 1)
(3, 28, 1)
(3, 29, 1)
(3, 30, 1)
(3, 31, 1)
(3, 32, 1)
(3, 33, 1)
(3, 34, 1)
(3, 35, 1)
(3, 36, 1)
(3, 37, 1)
(3, 38, 1)
(3, 39, 1)

(4, 0, 6)
(4, 1, 6)
(4, 2, 4)
(4, 3, 4)
(4, 4, 4)
(4, 5, 4)
(4, 6, 4)
(4, 7, 4)
(4, 8, 4)
(4, 9, 4)
(4, 10, 4)
(4, 11, 3)
(4, 12, 3)
(4, 13, 3)
(4, 14, 3)
(4, 15, 3)
(4, 16, 3)
(4, 17, 3)
(4, 18, 3)
(4, 19, 3)
(4, 20, 2)
(4, 21, 1)
(4, 22, 1)
(4, 23, 1)
(4, 24, 1)
(4, 25, 1)
(4, 26, 1)
(4, 27, 1)
(4, 28, 1)
(4, 29, 1)
(4, 30, 1)
(4, 31, 1)
(4, 32, 1)
(4, 33, 1)
(4, 34, 1)
(4, 35, 1)
(4, 36, 1)
(4, 37, 1)
(4, 38, 1)
(4, 39, 1)

(5, 0, 6)
(5, 1, 6)
(5, 2, 4)
(5, 3, 4)
(5, 4, 4)
(5, 5, 4)
(5, 6, 4)
(5, 7, 4)
(5, 8, 4)
(5, 9, 4)
(5, 10, 4)
(5, 11, 3)
(5, 12, 3)
(5, 13, 3)
(5, 14, 3)
(5, 15, 3)
(5, 16, 3)
(5, 17, 3)
(5, 18, 3)
(5, 19, 3)
(5, 20, 2)
(5, 21, 1)
(5, 22, 1)
(5, 23, 1)
(5, 24, 1)
(5, 25, 1)
(5, 26, 1)
(5, 27, 1)
(5, 28, 1)
(5, 29, 1)
(5, 30, 1)
(5, 31, 1)
(5, 32, 1)
(5, 33, 1)
(5, 34, 1)
(5, 35, 1)
(5, 36, 1)
(5, 37, 1)
(5, 38, 1)
(5, 39, 1)

(6, 0, 6)
(6, 1, 6)
(6, 2, 4)
(6, 3, 4)
(6, 4, 4)
(6, 5, 4)
(6, 6, 4)
(6, 7, 4)
(6, 8, 4)
(6, 9, 4)
(6, 10, 4)
(6, 11, 3)
(6, 12, 3)
(6, 13, 3)
(6, 14, 3)
(6, 15, 3)
(6, 16, 3)
(6, 17, 3)
(6, 18, 3)
(6, 19, 3)
(6, 20, 2)
(6, 21, 1)
(6, 22, 1)
(6, 23, 1)
(6, 24, 1)
(6, 25, 1)
(6, 26, 1)
(6, 27, 1)
(6, 28, 1)
(6, 29, 1)
(6, 30, 1)
(6, 31, 1)
(6, 32, 1)
(6, 33, 1)
(6, 34, 1)
(6, 35, 1)
(6, 36, 1)
(6, 37, 1)
(6, 38, 1)
(6, 39, 1)

(7, 0, 15)
(7, 1, 12)
(7, 2, 10)
(7, 3, 9)
(7, 4, 9)
(7, 5, 8)
(7, 6, 8)
(7, 7, 8)
(7, 8, 7)
(7, 9, 7)
(7, 10, 7)
(7, 11, 5)
(7, 12, 5)
(7, 13, 5)
(7, 14, 5)
(7, 15, 5)
(7, 16, 5)
(7, 17, 5)
(7, 18, 5)
(7, 19, 4)
(7, 20, 3)
(7, 21, 2)
(7, 22, 2)
(7, 23, 2)
(7, 24, 2)
(7, 25, 2)
(7, 26, 2)
(7, 27, 2)
(7, 28, 2)
(7, 29, 2)
(7, 30, 2)
(7, 31, 2)
(7, 32, 2)
(7, 33, 2)
(7, 34, 2)
(7, 35, 2)
(7, 36, 2)
(7, 37, 2)
(7, 38, 2)
(7, 39, 2)

(8, 0, 30)
(8, 1, 19)
(8, 2, 12)
(8, 3, 10)
(8, 4, 10)
(8, 5, 9)
(8, 6, 9)
(8, 7, 9)
(8, 8, 8)
(8, 9, 8)
(8, 10, 8)
(8, 11, 6)
(8, 12, 6)
(8, 13, 6)
(8, 14, 6)
(8, 15, 6)
(8, 16, 6)
(8, 17, 6)
(8, 18, 6)
(8, 19, 5)
(8, 20, 4)
(8, 21, 3)
(8, 22, 3)
(8, 23, 3)
(8, 24, 3)
(8, 25, 3)
(8, 26, 3)
(8, 27, 3)
(8, 28, 2)
(8, 29, 2)
(8, 30, 2)
(8, 31, 2)
(8, 32, 2)
(8, 33, 2)
(8, 34, 2)
(8, 35, 2)
(8, 36, 2)
(8, 37, 2)
(8, 38, 2)
(8, 39, 2)

(9, 0, 33)
(9, 1, 22)
(9, 2, 14)
(9, 3, 11)
(9, 4, 11)
(9, 5, 10)
(9, 6, 10)
(9, 7, 9)
(9, 8, 8)
(9, 9, 8)
(9, 10, 8)
(9, 11, 6)
(9, 12, 6)
(9, 13, 6)
(9, 14, 6)
(9, 15, 6)
(9, 16, 6)
(9, 17, 6)
(9, 18, 6)
(9, 19, 5)
(9, 20, 4)
(9, 21, 3)
(9, 22, 3)
(9, 23, 3)
(9, 24, 3)
(9, 25, 3)
(9, 26, 3)
(9, 27, 2)
(9, 28, 2)
(9, 29, 2)
(9, 30, 2)
(9, 31, 2)
(9, 32, 2)
(9, 33, 2)
(9, 34, 2)
(9, 35, 2)
(9, 36, 2)
(9, 37, 2)
(9, 38, 2)
(9, 39, 2)

(10, 0, 40)
(10, 1, 26)
(10, 2, 18)
(10, 3, 12)
(10, 4, 12)
(10, 5, 11)
(10, 6, 11)
(10, 7, 10)
(10, 8, 9)
(10, 9, 9)
(10, 10, 9)
(10, 11, 6)
(10, 12, 6)
(10, 13, 6)
(10, 14, 6)
(10, 15, 6)
(10, 16, 6)
(10, 17, 6)
(10, 18, 6)
(10, 19, 5)
(10, 20, 4)
(10, 21, 3)
(10, 22, 3)
(10, 23, 3)
(10, 24, 3)
(10, 25, 3)
(10, 26, 3)
(10, 27, 2)
(10, 28, 2)
(10, 29, 2)
(10, 30, 2)
(10, 31, 2)
(10, 32, 2)
(10, 33, 2)
(10, 34, 2)
(10, 35, 2)
(10, 36, 2)
(10, 37, 2)
(10, 38, 2)
(10, 39, 2)

(11, 0, 46)
(11, 1, 28)
(11, 2, 20)
(11, 3, 13)
(11, 4, 13)
(11, 5, 12)
(11, 6, 12)
(11, 7, 11)
(11, 8, 10)
(11, 9, 10)
(11, 10, 10)
(11, 11, 6)
(11, 12, 6)
(11, 13, 6)
(11, 14, 6)
(11, 15, 6)
(11, 16, 6)
(11, 17, 6)
(11, 18, 6)
(11, 19, 5)
(11, 20, 4)
(11, 21, 3)
(11, 22, 3)
(11, 23, 3)
(11, 24, 3)
(11, 25, 3)
(11, 26, 3)
(11, 27, 2)
(11, 28, 2)
(11, 29, 2)
(11, 30, 2)
(11, 31, 2)
(11, 32, 2)
(11, 33, 2)
(11, 34, 2)
(11, 35, 2)
(11, 36, 2)
(11, 37, 2)
(11, 38, 2)
(11, 39, 2)

(12, 0, 52)
(12, 1, 30)
(12, 2, 22)
(12, 3, 14)
(12, 4, 14)
(12, 5, 13)
(12, 6, 13)
(12, 7, 12)
(12, 8, 11)
(12, 9, 11)
(12, 10, 11)
(12, 11, 6)
(12, 12, 6)
(12, 13, 6)
(12, 14, 6)
(12, 15, 6)
(12, 16, 6)
(12, 17, 6)
(12, 18, 6)
(12, 19, 5)
(12, 20, 4)
(12, 21, 3)
(12, 22, 3)
(12, 23, 3)
(12, 24, 3)
(12, 25, 3)
(12, 26, 3)
(12, 27, 2)
(12, 28, 2)
(12, 29, 2)
(12, 30, 2)
(12, 31, 2)
(12, 32, 2)
(12, 33, 2)
(12, 34, 2)
(12, 35, 2)
(12, 36, 2)
(12, 37, 2)
(12, 38, 2)
(12, 39, 2)

(13, 0, 61)
(13, 1, 36)
(13, 2, 28)
(13, 3, 19)
(13, 4, 17)
(13, 5, 16)
(13, 6, 16)
(13, 7, 15)
(13, 8, 13)
(13, 9, 13)
(13, 10, 13)
(13, 11, 7)
(13, 12, 7)
(13, 13, 7)
(13, 14, 7)
(13, 15, 7)
(13, 16, 7)
(13, 17, 7)
(13, 18, 7)
(13, 19, 6)
(13, 20, 5)
(13, 21, 4)
(13, 22, 4)
(13, 23, 4)
(13, 24, 4)
(13, 25, 4)
(13, 26, 4)
(13, 27, 3)
(13, 28, 3)
(13, 29, 3)
(13, 30, 3)
(13, 31, 3)
(13, 32, 3)
(13, 33, 3)
(13, 34, 3)
(13, 35, 3)
(13, 36, 3)
(13, 37, 3)
(13, 38, 3)
(13, 39, 3)

(14, 0, 71)
(14, 1, 41)
(14, 2, 33)
(14, 3, 23)
(14, 4, 19)
(14, 5, 18)
(14, 6, 18)
(14, 7, 17)
(14, 8, 14)
(14, 9, 14)
(14, 10, 14)
(14, 11, 7)
(14, 12, 7)
(14, 13, 7)
(14, 14, 7)
(14, 15, 7)
(14, 16, 7)
(14, 17, 7)
(14, 18, 7)
(14, 19, 6)
(14, 20, 5)
(14, 21, 4)
(14, 22, 4)
(14, 23, 4)
(14, 24, 4)
(14, 25, 4)
(14, 26, 4)
(14, 27, 3)
(14, 28, 3)
(14, 29, 3)
(14, 30, 3)
(14, 31, 3)
(14, 32, 3)
(14, 33, 3)
(14, 34, 3)
(14, 35, 3)
(14, 36, 3)
(14, 37, 3)
(14, 38, 3)
(14, 39, 3)

(15, 0, 76)
(15, 1, 44)
(15, 2, 36)
(15, 3, 26)
(15, 4, 20)
(15, 5, 19)
(15, 6, 19)
(15, 7, 18)
(15, 8, 15)
(15, 9, 15)
(15, 10, 15)
(15, 11, 7)
(15, 12, 7)
(15, 13, 7)
(15, 14, 7)
(15, 15, 7)
(15, 16, 7)
(15, 17, 7)
(15, 18, 7)
(15, 19, 6)
(15, 20, 5)
(15, 21, 4)
(15, 22, 4)
(15, 23, 4)
(15, 24, 4)
(15, 25, 4)
(15, 26, 4)
(15, 27, 3)
(15, 28, 3)
(15, 29, 3)
(15, 30, 3)
(15, 31, 3)
(15, 32, 3)
(15, 33, 3)
(15, 34, 3)
(15, 35, 3)
(15, 36, 3)
(15, 37, 3)
(15, 38, 3)
(15, 39, 3)

(16, 0, 82)
(16, 1, 47)
(16, 2, 39)
(16, 3, 29)
(16, 4, 23)
(16, 5, 22)
(16, 6, 22)
(16, 7, 21)
(16, 8, 18)
(16, 9, 18)
(16, 10, 18)
(16, 11, 9)
(16, 12, 9)
(16, 13, 9)
(16, 14, 9)
(16, 15, 9)
(16, 16, 9)
(16, 17, 9)
(16, 18, 9)
(16, 19, 8)
(16, 20, 6)
(16, 21, 5)
(16, 22, 5)
(16, 23, 5)
(16, 24, 5)
(16, 25, 5)
(16, 26, 5)
(16, 27, 4)
(16, 28, 4)
(16, 29, 4)
(16, 30, 4)
(16, 31, 4)
(16, 32, 4)
(16, 33, 4)
(16, 34, 4)
(16, 35, 4)
(16, 36, 4)
(16, 37, 4)
(16, 38, 4)
(16, 39, 4)

(17, 0, 85)
(17, 1, 50)
(17, 2, 42)
(17, 3, 32)
(17, 4, 25)
(17, 5, 24)
(17, 6, 24)
(17, 7, 23)
(17, 8, 19)
(17, 9, 19)
(17, 10, 19)
(17, 11, 10)
(17, 12, 10)
(17, 13, 10)
(17, 14, 10)
(17, 15, 10)
(17, 16, 10)
(17, 17, 10)
(17, 18, 10)
(17, 19, 9)
(17, 20, 7)
(17, 21, 6)
(17, 22, 6)
(17, 23, 6)
(17, 24, 6)
(17, 25, 6)
(17, 26, 6)
(17, 27, 5)
(17, 28, 5)
(17, 29, 5)
(17, 30, 5)
(17, 31, 5)
(17, 32, 5)
(17, 33, 5)
(17, 34, 5)
(17, 35, 5)
(17, 36, 5)
(17, 37, 5)
(17, 38, 5)
(17, 39, 5)

(18, 0, 97)
(18, 1, 57)
(18, 2, 48)
(18, 3, 37)
(18, 4, 29)
(18, 5, 28)
(18, 6, 27)
(18, 7, 25)
(18, 8, 20)
(18, 9, 20)
(18, 10, 20)
(18, 11, 11)
(18, 12, 11)
(18, 13, 11)
(18, 14, 11)
(18, 15, 11)
(18, 16, 11)
(18, 17, 11)
(18, 18, 11)
(18, 19, 10)
(18, 20, 7)
(18, 21, 6)
(18, 22, 6)
(18, 23, 6)
(18, 24, 6)
(18, 25, 6)
(18, 26, 6)
(18, 27, 5)
(18, 28, 5)
(18, 29, 5)
(18, 30, 5)
(18, 31, 5)
(18, 32, 5)
(18, 33, 5)
(18, 34, 5)
(18, 35, 5)
(18, 36, 5)
(18, 37, 5)
(18, 38, 5)
(18, 39, 5)

(19, 0, 112)
(19, 1, 61)
(19, 2, 49)
(19, 3, 38)
(19, 4, 30)
(19, 5, 29)
(19, 6, 28)
(19, 7, 26)
(19, 8, 21)
(19, 9, 21)
(19, 10, 21)
(19, 11, 12)
(19, 12, 12)
(19, 13, 12)
(19, 14, 12)
(19, 15, 12)
(19, 16, 12)
(19, 17, 11)
(19, 18, 11)
(19, 19, 10)
(19, 20, 7)
(19, 21, 6)
(19, 22, 6)
(19, 23, 6)
(19, 24, 6)
(19, 25, 6)
(19, 26, 6)
(19, 27, 5)
(19, 28, 5)
(19, 29, 5)
(19, 30, 5)
(19, 31, 5)
(19, 32, 5)
(19, 33, 5)
(19, 34, 5)
(19, 35, 5)
(19, 36, 5)
(19, 37, 5)
(19, 38, 5)
(19, 39, 5)

(20, 0, 112)
(20, 1, 61)
(20, 2, 49)
(20, 3, 38)
(20, 4, 30)
(20, 5, 29)
(20, 6, 28)
(20, 7, 26)
(20, 8, 21)
(20, 9, 21)
(20, 10, 21)
(20, 11, 12)
(20, 12, 12)
(20, 13, 12)
(20, 14, 12)
(20, 15, 12)
(20, 16, 12)
(20, 17, 11)
(20, 18, 11)
(20, 19, 10)
(20, 20, 7)
(20, 21, 6)
(20, 22, 6)
(20, 23, 6)
(20, 24, 6)
(20, 25, 6)
(20, 26, 6)
(20, 27, 5)
(20, 28, 5)
(20, 29, 5)
(20, 30, 5)
(20, 31, 5)
(20, 32, 5)
(20, 33, 5)
(20, 34, 5)
(20, 35, 5)
(20, 36, 5)
(20, 37, 5)
(20, 38, 5)
(20, 39, 5)

(21, 0, 112)
(21, 1, 61)
(21, 2, 49)
(21, 3, 38)
(21, 4, 30)
(21, 5, 29)
(21, 6, 28)
(21, 7, 26)
(21, 8, 21)
(21, 9, 21)
(21, 10, 21)
(21, 11, 12)
(21, 12, 12)
(21, 13, 12)
(21, 14, 12)
(21, 15, 12)
(21, 16, 12)
(21, 17, 11)
(21, 18, 11)
(21, 19, 10)
(21, 20, 7)
(21, 21, 6)
(21, 22, 6)
(21, 23, 6)
(21, 24, 6)
(21, 25, 6)
(21, 26, 6)
(21, 27, 5)
(21, 28, 5)
(21, 29, 5)
(21, 30, 5)
(21, 31, 5)
(21, 32, 5)
(21, 33, 5)
(21, 34, 5)
(21, 35, 5)
(21, 36, 5)
(21, 37, 5)
(21, 38, 5)
(21, 39, 5)

(22, 0, 112)
(22, 1, 61)
(22, 2, 49)
(22, 3, 38)
(22, 4, 30)
(22, 5, 29)
(22, 6, 28)
(22, 7, 26)
(22, 8, 21)
(22, 9, 21)
(22, 10, 21)
(22, 11, 12)
(22, 12, 12)
(22, 13, 12)
(22, 14, 12)
(22, 15, 12)
(22, 16, 12)
(22, 17, 11)
(22, 18, 11)
(22, 19, 10)
(22, 20, 7)
(22, 21, 6)
(22, 22, 6)
(22, 23, 6)
(22, 24, 6)
(22, 25, 6)
(22, 26, 6)
(22, 27, 5)
(22, 28, 5)
(22, 29, 5)
(22, 30, 5)
(22, 31, 5)
(22, 32, 5)
(22, 33, 5)
(22, 34, 5)
(22, 35, 5)
(22, 36, 5)
(22, 37, 5)
(22, 38, 5)
(22, 39, 5)

(23, 0, 112)
(23, 1, 61)
(23, 2, 49)
(23, 3, 38)
(23, 4, 30)
(23, 5, 29)
(23, 6, 28)
(23, 7, 26)
(23, 8, 21)
(23, 9, 21)
(23, 10, 21)
(23, 11, 12)
(23, 12, 12)
(23, 13, 12)
(23, 14, 12)
(23, 15, 12)
(23, 16, 12)
(23, 17, 11)
(23, 18, 11)
(23, 19, 10)
(23, 20, 7)
(23, 21, 6)
(23, 22, 6)
(23, 23, 6)
(23, 24, 6)
(23, 25, 6)
(23, 26, 6)
(23, 27, 5)
(23, 28, 5)
(23, 29, 5)
(23, 30, 5)
(23, 31, 5)
(23, 32, 5)
(23, 33, 5)
(23, 34, 5)
(23, 35, 5)
(23, 36, 5)
(23, 37, 5)
(23, 38, 5)
(23, 39, 5)

(24, 0, 112)
(24, 1, 61)
(24, 2, 49)
(24, 3, 38)
(24, 4, 30)
(24, 5, 29)
(24, 6, 28)
(24, 7, 26)
(24, 8, 21)
(24, 9, 21)
(24, 10, 21)
(24, 11, 12)
(24, 12, 12)
(24, 13, 12)
(24, 14, 12)
(24, 15, 12)
(24, 16, 12)
(24, 17, 11)
(24, 18, 11)
(24, 19, 10)
(24, 20, 7)
(24, 21, 6)
(24, 22, 6)
(24, 23, 6)
(24, 24, 6)
(24, 25, 6)
(24, 26, 6)
(24, 27, 5)
(24, 28, 5)
(24, 29, 5)
(24, 30, 5)
(24, 31, 5)
(24, 32, 5)
(24, 33, 5)
(24, 34, 5)
(24, 35, 5)
(24, 36, 5)
(24, 37, 5)
(24, 38, 5)
(24, 39, 5)

(25, 0, 120)
(25, 1, 69)
(25, 2, 57)
(25, 3, 46)
(25, 4, 38)
(25, 5, 37)
(25, 6, 36)
(25, 7, 34)
(25, 8, 29)
(25, 9, 29)
(25, 10, 29)
(25, 11, 17)
(25, 12, 17)
(25, 13, 17)
(25, 14, 17)
(25, 15, 17)
(25, 16, 17)
(25, 17, 16)
(25, 18, 16)
(25, 19, 15)
(25, 20, 12)
(25, 21, 11)
(25, 22, 11)
(25, 23, 11)
(25, 24, 11)
(25, 25, 11)
(25, 26, 11)
(25, 27, 10)
(25, 28, 10)
(25, 29, 10)
(25, 30, 10)
(25, 31, 10)
(25, 32, 10)
(25, 33, 10)
(25, 34, 10)
(25, 35, 10)
(25, 36, 10)
(25, 37, 6)
(25, 38, 6)
(25, 39, 6)

(26, 0, 122)
(26, 1, 71)
(26, 2, 59)
(26, 3, 48)
(26, 4, 40)
(26, 5, 39)
(26, 6, 38)
(26, 7, 36)
(26, 8, 31)
(26, 9, 31)
(26, 10, 31)
(26, 11, 18)
(26, 12, 18)
(26, 13, 18)
(26, 14, 18)
(26, 15, 18)
(26, 16, 18)
(26, 17, 17)
(26, 18, 17)
(26, 19, 16)
(26, 20, 13)
(26, 21, 12)
(26, 22, 12)
(26, 23, 12)
(26, 24, 12)
(26, 25, 12)
(26, 26, 12)
(26, 27, 11)
(26, 28, 11)
(26, 29, 11)
(26, 30, 11)
(26, 31, 11)
(26, 32, 11)
(26, 33, 11)
(26, 34, 11)
(26, 35, 11)
(26, 36, 11)
(26, 37, 6)
(26, 38, 6)
(26, 39, 6)

(27, 0, 124)
(27, 1, 73)
(27, 2, 61)
(27, 3, 50)
(27, 4, 42)
(27, 5, 41)
(27, 6, 40)
(27, 7, 38)
(27, 8, 33)
(27, 9, 33)
(27, 10, 33)
(27, 11, 20)
(27, 12, 20)
(27, 13, 20)
(27, 14, 20)
(27, 15, 20)
(27, 16, 20)
(27, 17, 19)
(27, 18, 19)
(27, 19, 18)
(27, 20, 15)
(27, 21, 14)
(27, 22, 14)
(27, 23, 14)
(27, 24, 14)
(27, 25, 14)
(27, 26, 14)
(27, 27, 13)
(27, 28, 13)
(27, 29, 13)
(27, 30, 13)
(27, 31, 13)
(27, 32, 13)
(27, 33, 13)
(27, 34, 13)
(27, 35, 13)
(27, 36, 13)
(27, 37, 8)
(27, 38, 8)
(27, 39, 6)

(28, 0, 127)
(28, 1, 76)
(28, 2, 64)
(28, 3, 53)
(28, 4, 45)
(28, 5, 44)
(28, 6, 43)
(28, 7, 41)
(28, 8, 36)
(28, 9, 36)
(28, 10, 36)
(28, 11, 22)
(28, 12, 22)
(28, 13, 22)
(28, 14, 22)
(28, 15, 22)
(28, 16, 22)
(28, 17, 21)
(28, 18, 21)
(28, 19, 20)
(28, 20, 17)
(28, 21, 16)
(28, 22, 16)
(28, 23, 16)
(28, 24, 16)
(28, 25, 16)
(28, 26, 16)
(28, 27, 15)
(28, 28, 15)
(28, 29, 15)
(28, 30, 15)
(28, 31, 15)
(28, 32, 15)
(28, 33, 15)
(28, 34, 15)
(28, 35, 15)
(28, 36, 15)
(28, 37, 9)
(28, 38, 9)
(28, 39, 7)

(29, 0, 142)
(29, 1, 90)
(29, 2, 77)
(29, 3, 66)
(29, 4, 55)
(29, 5, 53)
(29, 6, 52)
(29, 7, 50)
(29, 8, 43)
(29, 9, 43)
(29, 10, 43)
(29, 11, 28)
(29, 12, 28)
(29, 13, 28)
(29, 14, 28)
(29, 15, 28)
(29, 16, 28)
(29, 17, 26)
(29, 18, 25)
(29, 19, 22)
(29, 20, 19)
(29, 21, 18)
(29, 22, 18)
(29, 23, 18)
(29, 24, 18)
(29, 25, 18)
(29, 26, 18)
(29, 27, 17)
(29, 28, 17)
(29, 29, 17)
(29, 30, 17)
(29, 31, 17)
(29, 32, 17)
(29, 33, 17)
(29, 34, 17)
(29, 35, 17)
(29, 36, 17)
(29, 37, 10)
(29, 38, 10)
(29, 39, 8)

(30, 0, 164)
(30, 1, 110)
(30, 2, 91)
(30, 3, 80)
(30, 4, 68)
(30, 5, 63)
(30, 6, 62)
(30, 7, 60)
(30, 8, 53)
(30, 9, 53)
(30, 10, 52)
(30, 11, 36)
(30, 12, 36)
(30, 13, 36)
(30, 14, 36)
(30, 15, 36)
(30, 16, 35)
(30, 17, 32)
(30, 18, 28)
(30, 19, 26)
(30, 20, 22)
(30, 21, 21)
(30, 22, 21)
(30, 23, 21)
(30, 24, 21)
(30, 25, 21)
(30, 26, 21)
(30, 27, 20)
(30, 28, 20)
(30, 29, 20)
(30, 30, 20)
(30, 31, 20)
(30, 32, 20)
(30, 33, 20)
(30, 34, 20)
(30, 35, 20)
(30, 36, 20)
(30, 37, 13)
(30, 38, 13)
(30, 39, 11)

(31, 0, 191)
(31, 1, 131)
(31, 2, 105)
(31, 3, 94)
(31, 4, 81)
(31, 5, 71)
(31, 6, 70)
(31, 7, 68)
(31, 8, 61)
(31, 9, 59)
(31, 10, 57)
(31, 11, 41)
(31, 12, 41)
(31, 13, 41)
(31, 14, 41)
(31, 15, 41)
(31, 16, 40)
(31, 17, 37)
(31, 18, 30)
(31, 19, 28)
(31, 20, 24)
(31, 21, 23)
(31, 22, 23)
(31, 23, 23)
(31, 24, 23)
(31, 25, 23)
(31, 26, 23)
(31, 27, 22)
(31, 28, 22)
(31, 29, 22)
(31, 30, 22)
(31, 31, 22)
(31, 32, 22)
(31, 33, 22)
(31, 34, 22)
(31, 35, 22)
(31, 36, 22)
(31, 37, 14)
(31, 38, 14)
(31, 39, 12)

(32, 0, 210)
(32, 1, 150)
(32, 2, 120)
(32, 3, 109)
(32, 4, 96)
(32, 5, 77)
(32, 6, 76)
(32, 7, 74)
(32, 8, 67)
(32, 9, 65)
(32, 10, 63)
(32, 11, 46)
(32, 12, 46)
(32, 13, 46)
(32, 14, 46)
(32, 15, 46)
(32, 16, 45)
(32, 17, 42)
(32, 18, 33)
(32, 19, 31)
(32, 20, 27)
(32, 21, 26)
(32, 22, 26)
(32, 23, 26)
(32, 24, 26)
(32, 25, 26)
(32, 26, 26)
(32, 27, 25)
(32, 28, 24)
(32, 29, 24)
(32, 30, 24)
(32, 31, 24)
(32, 32, 24)
(32, 33, 24)
(32, 34, 24)
(32, 35, 24)
(32, 36, 24)
(32, 37, 14)
(32, 38, 14)
(32, 39, 12)

(33, 0, 218)
(33, 1, 156)
(33, 2, 125)
(33, 3, 114)
(33, 4, 101)
(33, 5, 80)
(33, 6, 79)
(33, 7, 77)
(33, 8, 70)
(33, 9, 68)
(33, 10, 66)
(33, 11, 49)
(33, 12, 49)
(33, 13, 49)
(33, 14, 49)
(33, 15, 49)
(33, 16, 48)
(33, 17, 45)
(33, 18, 36)
(33, 19, 33)
(33, 20, 29)
(33, 21, 28)
(33, 22, 28)
(33, 23, 28)
(33, 24, 28)
(33, 25, 28)
(33, 26, 28)
(33, 27, 27)
(33, 28, 26)
(33, 29, 26)
(33, 30, 26)
(33, 31, 26)
(33, 32, 26)
(33, 33, 26)
(33, 34, 26)
(33, 35, 26)
(33, 36, 26)
(33, 37, 15)
(33, 38, 15)
(33, 39, 12)

(34, 0, 250)
(34, 1, 185)
(34, 2, 147)
(34, 3, 136)
(34, 4, 118)
(34, 5, 90)
(34, 6, 85)
(34, 7, 82)
(34, 8, 74)
(34, 9, 72)
(34, 10, 70)
(34, 11, 53)
(34, 12, 53)
(34, 13, 53)
(34, 14, 53)
(34, 15, 53)
(34, 16, 52)
(34, 17, 49)
(34, 18, 39)
(34, 19, 37)
(34, 20, 33)
(34, 21, 32)
(34, 22, 32)
(34, 23, 31)
(34, 24, 31)
(34, 25, 30)
(34, 26, 30)
(34, 27, 29)
(34, 28, 28)
(34, 29, 28)
(34, 30, 28)
(34, 31, 28)
(34, 32, 28)
(34, 33, 28)
(34, 34, 28)
(34, 35, 28)
(34, 36, 28)
(34, 37, 16)
(34, 38, 16)
(34, 39, 13)

(35, 0, 291)
(35, 1, 220)
(35, 2, 174)
(35, 3, 160)
(35, 4, 137)
(35, 5, 106)
(35, 6, 99)
(35, 7, 93)
(35, 8, 84)
(35, 9, 79)
(35, 10, 76)
(35, 11, 58)
(35, 12, 57)
(35, 13, 56)
(35, 14, 56)
(35, 15, 56)
(35, 16, 55)
(35, 17, 52)
(35, 18, 42)
(35, 19, 39)
(35, 20, 35)
(35, 21, 33)
(35, 22, 33)
(35, 23, 33)
(35, 24, 33)
(35, 25, 33)
(35, 26, 33)
(35, 27, 32)
(35, 28, 31)
(35, 29, 31)
(35, 30, 31)
(35, 31, 31)
(35, 32, 31)
(35, 33, 31)
(35, 34, 31)
(35, 35, 31)
(35, 36, 31)
(35, 37, 18)
(35, 38, 17)
(35, 39, 15)

(36, 0, 319)
(36, 1, 247)
(36, 2, 195)
(36, 3, 178)
(36, 4, 151)
(36, 5, 116)
(36, 6, 107)
(36, 7, 101)
(36, 8, 91)
(36, 9, 86)
(36, 10, 83)
(36, 11, 64)
(36, 12, 63)
(36, 13, 62)
(36, 14, 62)
(36, 15, 62)
(36, 16, 61)
(36, 17, 57)
(36, 18, 46)
(36, 19, 42)
(36, 20, 38)
(36, 21, 36)
(36, 22, 36)
(36, 23, 36)
(36, 24, 36)
(36, 25, 36)
(36, 26, 36)
(36, 27, 35)
(36, 28, 34)
(36, 29, 34)
(36, 30, 34)
(36, 31, 34)
(36, 32, 34)
(36, 33, 34)
(36, 34, 34)
(36, 35, 34)
(36, 36, 34)
(36, 37, 19)
(36, 38, 18)
(36, 39, 16)

(37, 0, 341)
(37, 1, 268)
(37, 2, 215)
(37, 3, 198)
(37, 4, 170)
(37, 5, 130)
(37, 6, 119)
(37, 7, 113)
(37, 8, 103)
(37, 9, 98)
(37, 10, 91)
(37, 11, 70)
(37, 12, 69)
(37, 13, 68)
(37, 14, 68)
(37, 15, 67)
(37, 16, 66)
(37, 17, 62)
(37, 18, 50)
(37, 19, 42)
(37, 20, 38)
(37, 21, 37)
(37, 22, 37)
(37, 23, 37)
(37, 24, 36)
(37, 25, 36)
(37, 26, 36)
(37, 27, 35)
(37, 28, 34)
(37, 29, 34)
(37, 30, 34)
(37, 31, 34)
(37, 32, 34)
(37, 33, 34)
(37, 34, 34)
(37, 35, 34)
(37, 36, 34)
(37, 37, 18)
(37, 38, 18)
(37, 39, 16)

(38, 0, 355)
(38, 1, 281)
(38, 2, 225)
(38, 3, 208)
(38, 4, 178)
(38, 5, 137)
(38, 6, 126)
(38, 7, 118)
(38, 8, 108)
(38, 9, 103)
(38, 10, 96)
(38, 11, 74)
(38, 12, 73)
(38, 13, 71)
(38, 14, 71)
(38, 15, 70)
(38, 16, 69)
(38, 17, 65)
(38, 18, 52)
(38, 19, 44)
(38, 20, 40)
(38, 21, 39)
(38, 22, 39)
(38, 23, 39)
(38, 24, 39)
(38, 25, 39)
(38, 26, 39)
(38, 27, 38)
(38, 28, 37)
(38, 29, 37)
(38, 30, 37)
(38, 31, 37)
(38, 32, 37)
(38, 33, 37)
(38, 34, 37)
(38, 35, 37)
(38, 36, 37)
(38, 37, 19)
(38, 38, 19)
(38, 39, 17)

(39, 0, 364)
(39, 1, 290)
(39, 2, 234)
(39, 3, 217)
(39, 4, 181)
(39, 5, 140)
(39, 6, 129)
(39, 7, 121)
(39, 8, 109)
(39, 9, 104)
(39, 10, 97)
(39, 11, 75)
(39, 12, 74)
(39, 13, 72)
(39, 14, 72)
(39, 15, 71)
(39, 16, 70)
(39, 17, 66)
(39, 18, 53)
(39, 19, 45)
(39, 20, 41)
(39, 21, 40)
(39, 22, 40)
(39, 23, 40)
(39, 24, 40)
(39, 25, 40)
(39, 26, 40)
(39, 27, 39)
(39, 28, 38)
(39, 29, 38)
(39, 30, 38)
(39, 31, 38)
(39, 32, 38)
(39, 33, 38)
(39, 34, 38)
(39, 35, 38)
(39, 36, 38)
(39, 37, 20)
(39, 38, 20)
(39, 39, 18)


Betti numbers:
xi_0:
(0, 0, 4)
(1, 0, 2)
(7, 0, 9)
(8, 0, 15)
(9, 0, 3)
(10, 0, 7)
(11, 0, 6)
(12, 0, 6)
(13, 0, 9)
(14, 0, 10)
(15, 0, 5)
(16, 0, 6)
(17, 0, 3)
(18, 0, 12)
(19, 0, 15)
(25, 0, 8)
(26, 0, 2)
(27, 0, 2)
(28, 0, 3)
(29, 0, 15)
(30, 0, 22)
(31, 0, 27)
(32, 0, 19)
(33, 0, 8)
(34, 0, 32)
(35, 0, 41)
(36, 0, 28)
(37, 0, 22)
(38, 0, 14)
(39, 0, 9)
xi_1:
(0, 2, 1)
(0, 11, 1)
(0, 20, 1)
(1, 2, 1)
(1, 21, 1)
(7, 1, 3)
(7, 3, 1)
(7, 5, 1)
(7, 8, 1)
(7, 11, 1)
(7, 19, 1)
(8, 1, 8)
(8, 2, 5)
(8, 3, 1)
(8, 28, 1)
(9, 2, 1)
(9, 3, 1)
(9, 7, 1)
(9, 27, 1)
(10, 1, 3)
(10, 3, 3)
(10, 11, 1)
(11, 1, 4)
(11, 3, 1)
(11, 11, 1)
(12, 1, 4)
(12, 3, 1)
(12, 11, 1)
(13, 1, 3)
(13, 3, 1)
(13, 4, 2)
(13, 8, 1)
(13, 11, 1)
(14, 1, 5)
(14, 3, 1)
(14, 4, 2)
(14, 8, 1)
(14, 11, 1)
(15, 1, 2)
(15, 4, 2)
(15, 11, 1)
(16, 1, 3)
(16, 11, 1)
(16, 20, 1)
(17, 4, 1)
(17, 8, 1)
(18, 1, 5)
(18, 2, 1)
(18, 3, 1)
(18, 4, 1)
(18, 6, 1)
(18, 7, 1)
(18, 8, 1)
(18, 20, 1)
(19, 1, 11)
(19, 2, 3)
(19, 17, 1)
(25, 11, 3)
(25, 37, 4)
(26, 11, 1)
(26, 37, 1)
(27, 39, 2)
(28, 11, 1)
(28, 37, 1)
(28, 39, 1)
(29, 1, 1)
(29, 2, 1)
(29, 4, 3)
(29, 5, 1)
(29, 8, 2)
(29, 11, 1)
(29, 17, 1)
(29, 18, 1)
(29, 19, 2)
(29, 37, 1)
(30, 1, 2)
(30, 2, 6)
(30, 4, 1)
(30, 5, 3)
(30, 10, 1)
(30, 11, 1)
(30, 16, 1)
(30, 17, 1)
(30, 18, 4)
(30, 19, 1)
(30, 20, 1)
(31, 1, 6)
(31, 2, 7)
(31, 4, 1)
(31, 5, 5)
(31, 9, 2)
(31, 10, 1)
(31, 18, 3)
(31, 19, 1)
(31, 37, 1)
(32, 2, 4)
(32, 5, 9)
(32, 11, 1)
(32, 18, 2)
(32, 19, 1)
(32, 28, 1)
(32, 37, 2)
(33, 1, 2)
(33, 2, 1)
(33, 5, 2)
(33, 19, 1)
(33, 37, 1)
(33, 39, 1)
(34, 1, 3)
(34, 2, 7)
(34, 4, 5)
(34, 5, 7)
(34, 6, 4)
(34, 7, 1)
(34, 8, 1)
(34, 18, 1)
(34, 23, 1)
(34, 25, 1)
(34, 37, 1)
(34, 39, 1)
(35, 1, 6)
(35, 2, 8)
(35, 3, 3)
(35, 4, 5)
(35, 5, 3)
(35, 6, 2)
(35, 7, 3)
(35, 8, 1)
(35, 9, 3)
(35, 10, 1)
(35, 11, 1)
(35, 12, 1)
(35, 13, 1)
(35, 19, 1)
(35, 21, 1)
(35, 37, 1)
(35, 38, 1)
(36, 1, 1)
(36, 2, 6)
(36, 3, 3)
(36, 4, 4)
(36, 5, 4)
(36, 6, 2)
(36, 7, 1)
(36, 8, 1)
(36, 11, 1)
(36, 17, 1)
(36, 18, 1)
(36, 19, 1)
(36, 37, 2)
(37, 1, 1)
(37, 2, 1)
(37, 4, 1)
(37, 5, 5)
(37, 6, 2)
(37, 10, 4)
(37, 11, 2)
(37, 15, 1)
(37, 17, 1)
(37, 18, 1)
(37, 19, 4)
(37, 24, 1)
(37, 37, 1)
(38, 1, 1)
(38, 2, 3)
(38, 4, 2)
(38, 5, 1)
(38, 7, 2)
(38, 11, 1)
(38, 13, 1)
(38, 18, 1)
(38, 37, 2)
(39, 4, 6)
(39, 8, 2)
xi_2:
(9, 28, 1)
(28, 39, 1)
(30, 18, 1)
(30, 19, 2)
(31, 19, 1)
(32, 19, 1)
(34, 19, 1)
(34, 39, 1)
(35, 23, 1)
(35, 25, 1)
(35, 39, 1)
(36, 7, 1)
(37, 17, 1)
(37, 21, 1)
(37, 38, 1)
(38, 24, 1)
