x-grades
-2856882382087125903/4000000000000000000
-1411165487310254503/2000000000000000000
-2787779567153892109/4000000000000000000
-688307039921818803/1000000000000000000
-543735350444131663/800000000000000000
-1342062672377020709/2000000000000000000
-2649573937287424521/4000000000000000000
-326877816227600953/500000000000000000
-2580471122354190727/4000000000000000000
-254591971488757383/400000000000000000
-2511368307420956933/4000000000000000000
-619204224988585009/1000000000000000000
-2442265492487723139/4000000000000000000
-1203857042510553121/2000000000000000000
-474632535510897869/800000000000000000
-36540801095123007/62500000000000000
-2304059862621255551/4000000000000000000
-1134754227577319327/2000000000000000000
-2234957047688021757/4000000000000000000
-110020282011070243/200000000000000000
-2165854232754787963/4000000000000000000
-1065651412644085533/2000000000000000000
-2096751417821554169/4000000000000000000
-257775001294367159/500000000000000000
-16221188823106563/32000000000000000
-996548597710851739/2000000000000000000
-1958545787955086581/4000000000000000000
-480998595122117421/1000000000000000000
-1889442973021852787/4000000000000000000
-185489156555523589/400000000000000000
-1820340158088618993/4000000000000000000
-111611796913875131/250000000000000000
-1751237343155385199/4000000000000000000
-858342967844384151/2000000000000000000
-336426905644430281/800000000000000000
-411895780188883627/1000000000000000000
-1613031713288917611/4000000000000000000
-789240152911150357/2000000000000000000
-1543928898355683817/4000000000000000000
-37734437272226673/100000000000000000

y-grades
9999809/40000000
9999809/20000000
29999427/40000000
9999809/10000000
9999809/8000000
29999427/20000000
69998663/40000000
9999809/5000000
89998281/40000000
9999809/4000000
109997899/40000000
29999427/10000000
129997517/40000000
69998663/20000000
29999427/8000000
9999809/2500000
169996753/40000000
89998281/20000000
189996371/40000000
9999809/2000000
209995989/40000000
109997899/20000000
229995607/40000000
29999427/5000000
9999809/1600000
129997517/20000000
269994843/40000000
69998663/10000000
289994461/40000000
29999427/4000000
309994079/40000000
9999809/1250000
329993697/40000000
169996753/20000000
69998663/8000000
89998281/10000000
369992933/40000000
189996371/20000000
389992551/40000000
9999809/1000000

Dimensions > 0:
(0, 0, 1)
(0, 1, 1)
(0, 2, 1)
(0, 3, 1)
(0, 4, 1)
(0, 5, 1)
(0, 6, 1)
(0, 7, 1)
(0, 8, 1)
(0, 9, 1)
(0, 10, 1)
(0, 11, 1)
(0, 12, 1)
(0, 13, 1)
(0, 14, 1)
(0, 15, 1)
(0, 16, 1)
(0, 17, 1)
(0, 18, 1)
(0, 19, 1)
(0, 20, 1)
(0, 21, 1)
(0, 22, 1)
(0, 23, 1)
(0, 24, 1)
(0, 25, 1)
(0, 26, 1)
(0, 27, 1)
(0, 28, 1)
(0, 29, 1)
(0, 30, 1)
(0, 31, 1)
(0, 32, 1)
(0, 33, 1)
(0, 34, 1)
(0, 35, 1)
(0, 36, 1)
(0, 37, 1)
(0, 38, 1)
(0, 39, 1)

(1, 0, 1)
(1, 1, 1)
(1, 2, 1)
(1, 3, 1)
(1, 4, 1)
(1, 5, 1)
(1, 6, 1)
(1, 7, 1)
(1, 8, 1)
(1, 9, 1)
(1, 10, 1)
(1, 11, 1)
(1, 12, 1)
(1, 13, 1)
(1, 14, 1)
(1, 15, 1)
(1, 16, 1)
(1, 17, 1)
(1, 18, 1)
(1, 19, 1)
(1, 20, 1)
(1, 21, 1)
(1, 22, 1)
(1, 23, 1)
(1, 24, 1)
(1, 25, 1)
(1, 26, 1)
(1, 27, 1)
(1, 28, 1)
(1, 29, 1)
(1, 30, 1)
(1, 31, 1)
(1, 32, 1)
(1, 33, 1)
(1, 34, 1)
(1, 35, 1)
(1, 36, 1)
(1, 37, 1)
(1, 38, 1)
(1, 39, 1)

(2, 0, 3)
(2, 1, 3)
(2, 2, 3)
(2, 3, 3)
(2, 4, 2)
(2, 5, 2)
(2, 6, 2)
(2, 7, 2)
(2, 8, 2)
(2, 9, 2)
(2, 10, 2)
(2, 11, 2)
(2, 12, 2)
(2, 13, 2)
(2, 14, 2)
(2, 15, 1)
(2, 16, 1)
(2, 17, 1)
(2, 18, 1)
(2, 19, 1)
(2, 20, 1)
(2, 21, 1)
(2, 22, 1)
(2, 23, 1)
(2, 24, 1)
(2, 25, 1)
(2, 26, 1)
(2, 27, 1)
(2, 28, 1)
(2, 29, 1)
(2, 30, 1)
(2, 31, 1)
(2, 32, 1)
(2, 33, 1)
(2, 34, 1)
(2, 35, 1)
(2, 36, 1)
(2, 37, 1)
(2, 38, 1)
(2, 39, 1)

(3, 0, 5)
(3, 1, 5)
(3, 2, 5)
(3, 3, 5)
(3, 4, 4)
(3, 5, 4)
(3, 6, 3)
(3, 7, 3)
(3, 8, 3)
(3, 9, 2)
(3, 10, 2)
(3, 11, 2)
(3, 12, 2)
(3, 13, 2)
(3, 14, 2)
(3, 15, 1)
(3, 16, 1)
(3, 17, 1)
(3, 18, 1)
(3, 19, 1)
(3, 20, 1)
(3, 21, 1)
(3, 22, 1)
(3, 23, 1)
(3, 24, 1)
(3, 25, 1)
(3, 26, 1)
(3, 27, 1)
(3, 28, 1)
(3, 29, 1)
(3, 30, 1)
(3, 31, 1)
(3, 32, 1)
(3, 33, 1)
(3, 34, 1)
(3, 35, 1)
(3, 36, 1)
(3, 37, 1)
(3, 38, 1)
(3, 39, 1)

(4, 0, 6)
(4, 1, 6)
(4, 2, 6)
(4, 3, 6)
(4, 4, 5)
(4, 5, 5)
(4, 6, 4)
(4, 7, 3)
(4, 8, 3)
(4, 9, 2)
(4, 10, 2)
(4, 11, 2)
(4, 12, 2)
(4, 13, 2)
(4, 14, 2)
(4, 15, 1)
(4, 16, 1)
(4, 17, 1)
(4, 18, 1)
(4, 19, 1)
(4, 20, 1)
(4, 21, 1)
(4, 22, 1)
(4, 23, 1)
(4, 24, 1)
(4, 25, 1)
(4, 26, 1)
(4, 27, 1)
(4, 28, 1)
(4, 29, 1)
(4, 30, 1)
(4, 31, 1)
(4, 32, 1)
(4, 33, 1)
(4, 34, 1)
(4, 35, 1)
(4, 36, 1)
(4, 37, 1)
(4, 38, 1)
(4, 39, 1)

(5, 0, 7)
(5, 1, 7)
(5, 2, 7)
(5, 3, 7)
(5, 4, 6)
(5, 5, 6)
(5, 6, 5)
(5, 7, 3)
(5, 8, 3)
(5, 9, 2)
(5, 10, 2)
(5, 11, 2)
(5, 12, 2)
(5, 13, 2)
(5, 14, 2)
(5, 15, 1)
(5, 16, 1)
(5, 17, 1)
(5, 18, 1)
(5, 19, 1)
(5, 20, 1)
(5, 21, 1)
(5, 22, 1)
(5, 23, 1)
(5, 24, 1)
(5, 25, 1)
(5, 26, 1)
(5, 27, 1)
(5, 28, 1)
(5, 29, 1)
(5, 30, 1)
(5, 31, 1)
(5, 32, 1)
(5, 33, 1)
(5, 34, 1)
(5, 35, 1)
(5, 36, 1)
(5, 37, 1)
(5, 38, 1)
(5, 39, 1)

(6, 0, 13)
(6, 1, 13)
(6, 2, 12)
(6, 3, 12)
(6, 4, 10)
(6, 5, 10)
(6, 6, 7)
(6, 7, 3)
(6, 8, 2)
(6, 9, 2)
(6, 10, 2)
(6, 11, 1)
(6, 12, 1)
(6, 13, 1)
(6, 14, 1)
(6, 15, 1)
(6, 16, 1)
(6, 17, 1)
(6, 18, 1)
(6, 19, 1)
(6, 20, 1)
(6, 21, 1)
(6, 22, 1)
(6, 23, 1)
(6, 24, 1)
(6, 25, 1)
(6, 26, 1)
(6, 27, 1)
(6, 28, 1)
(6, 29, 1)
(6, 30, 1)
(6, 31, 1)
(6, 32, 1)
(6, 33, 1)
(6, 34, 1)
(6, 35, 1)
(6, 36, 1)
(6, 37, 1)
(6, 38, 1)
(6, 39, 1)

(7, 0, 14)
(7, 1, 14)
(7, 2, 13)
(7, 3, 13)
(7, 4, 11)
(7, 5, 11)
(7, 6, 8)
(7, 7, 4)
(7, 8, 3)
(7, 9, 3)
(7, 10, 3)
(7, 11, 2)
(7, 12, 2)
(7, 13, 2)
(7, 14, 2)
(7, 15, 2)
(7, 16, 2)
(7, 17, 2)
(7, 18, 2)
(7, 19, 2)
(7, 20, 2)
(7, 21, 2)
(7, 22, 2)
(7, 23, 2)
(7, 24, 2)
(7, 25, 2)
(7, 26, 2)
(7, 27, 2)
(7, 28, 2)
(7, 29, 2)
(7, 30, 2)
(7, 31, 2)
(7, 32, 2)
(7, 33, 2)
(7, 34, 2)
(7, 35, 2)
(7, 36, 2)
(7, 37, 2)
(7, 38, 2)
(7, 39, 2)

(8, 0, 18)
(8, 1, 17)
(8, 2, 16)
(8, 3, 16)
(8, 4, 14)
(8, 5, 14)
(8, 6, 11)
(8, 7, 6)
(8, 8, 5)
(8, 9, 4)
(8, 10, 4)
(8, 11, 3)
(8, 12, 2)
(8, 13, 2)
(8, 14, 2)
(8, 15, 2)
(8, 16, 2)
(8, 17, 2)
(8, 18, 2)
(8, 19, 2)
(8, 20, 2)
(8, 21, 2)
(8, 22, 2)
(8, 23, 2)
(8, 24, 2)
(8, 25, 2)
(8, 26, 2)
(8, 27, 2)
(8, 28, 2)
(8, 29, 2)
(8, 30, 2)
(8, 31, 2)
(8, 32, 2)
(8, 33, 2)
(8, 34, 2)
(8, 35, 2)
(8, 36, 2)
(8, 37, 2)
(8, 38, 2)
(8, 39, 1)

(9, 0, 25)
(9, 1, 24)
(9, 2, 23)
(9, 3, 23)
(9, 4, 19)
(9, 5, 19)
(9, 6, 15)
(9, 7, 9)
(9, 8, 8)
(9, 9, 6)
(9, 10, 5)
(9, 11, 3)
(9, 12, 3)
(9, 13, 3)
(9, 14, 2)
(9, 15, 2)
(9, 16, 2)
(9, 17, 2)
(9, 18, 2)
(9, 19, 2)
(9, 20, 2)
(9, 21, 2)
(9, 22, 2)
(9, 23, 2)
(9, 24, 2)
(9, 25, 1)
(9, 26, 1)
(9, 27, 1)
(9, 28, 1)
(9, 29, 1)
(9, 30, 1)
(9, 31, 1)
(9, 32, 1)
(9, 33, 1)
(9, 34, 1)
(9, 35, 1)
(9, 36, 1)
(9, 37, 1)
(9, 38, 1)
(9, 39, 1)

(10, 0, 29)
(10, 1, 27)
(10, 2, 24)
(10, 3, 24)
(10, 4, 19)
(10, 5, 19)
(10, 6, 15)
(10, 7, 9)
(10, 8, 8)
(10, 9, 5)
(10, 10, 4)
(10, 11, 3)
(10, 12, 3)
(10, 13, 3)
(10, 14, 2)
(10, 15, 2)
(10, 16, 2)
(10, 17, 2)
(10, 18, 2)
(10, 19, 2)
(10, 20, 2)
(10, 21, 2)
(10, 22, 2)
(10, 23, 2)
(10, 24, 2)
(10, 25, 1)
(10, 26, 1)
(10, 27, 1)
(10, 28, 1)
(10, 29, 1)
(10, 30, 1)
(10, 31, 1)
(10, 32, 1)
(10, 33, 1)
(10, 34, 1)
(10, 35, 1)
(10, 36, 1)
(10, 37, 1)
(10, 38, 1)
(10, 39, 1)

(11, 0, 35)
(11, 1, 33)
(11, 2, 28)
(11, 3, 26)
(11, 4, 21)
(11, 5, 21)
(11, 6, 17)
(11, 7, 9)
(11, 8, 8)
(11, 9, 6)
(11, 10, 4)
(11, 11, 3)
(11, 12, 3)
(11, 13, 3)
(11, 14, 2)
(11, 15, 2)
(11, 16, 2)
(11, 17, 2)
(11, 18, 2)
(11, 19, 2)
(11, 20, 2)
(11, 21, 2)
(11, 22, 2)
(11, 23, 2)
(11, 24, 2)
(11, 25, 1)
(11, 26, 1)
(11, 27, 1)
(11, 28, 1)
(11, 29, 1)
(11, 30, 1)
(11, 31, 1)
(11, 32, 1)
(11, 33, 1)
(11, 34, 1)
(11, 35, 1)
(11, 36, 1)
(11, 37, 1)
(11, 38, 1)
(11, 39, 1)

(12, 0, 45)
(12, 1, 42)
(12, 2, 33)
(12, 3, 31)
(12, 4, 25)
(12, 5, 24)
(12, 6, 18)
(12, 7, 7)
(12, 8, 6)
(12, 9, 6)
(12, 10, 5)
(12, 11, 3)
(12, 12, 3)
(12, 13, 3)
(12, 14, 2)
(12, 15, 2)
(12, 16, 2)
(12, 17, 2)
(12, 18, 2)
(12, 19, 2)
(12, 20, 2)
(12, 21, 2)
(12, 22, 1)
(12, 23, 1)
(12, 24, 1)
(12, 25, 1)
(12, 26, 1)
(12, 27, 1)
(12, 28, 1)
(12, 29, 1)
(12, 30, 1)
(12, 31, 1)
(12, 32, 1)
(12, 33, 1)
(12, 34, 1)
(12, 35, 1)
(12, 36, 1)
(12, 37, 1)
(12, 38, 1)
(12, 39, 1)

(13, 0, 51)
(13, 1, 48)
(13, 2, 37)
(13, 3, 35)
(13, 4, 29)
(13, 5, 28)
(13, 6, 22)
(13, 7, 10)
(13, 8, 9)
(13, 9, 6)
(13, 10, 6)
(13, 11, 4)
(13, 12, 2)
(13, 13, 1)
(13, 14, 1)
(13, 15, 1)
(13, 16, 1)
(13, 17, 1)
(13, 18, 1)
(13, 19, 1)
(13, 20, 1)
(13, 21, 1)
(13, 22, 1)
(13, 23, 1)
(13, 24, 1)
(13, 25, 1)
(13, 26, 1)
(13, 27, 1)
(13, 28, 1)
(13, 29, 1)
(13, 30, 1)
(13, 31, 1)
(13, 32, 1)
(13, 33, 1)
(13, 34, 1)
(13, 35, 1)
(13, 36, 1)
(13, 37, 1)
(13, 38, 1)
(13, 39, 1)

(14, 0, 60)
(14, 1, 56)
(14, 2, 45)
(14, 3, 43)
(14, 4, 37)
(14, 5, 34)
(14, 6, 27)
(14, 7, 14)
(14, 8, 10)
(14, 9, 6)
(14, 10, 5)
(14, 11, 4)
(14, 12, 2)
(14, 13, 2)
(14, 14, 2)
(14, 15, 2)
(14, 16, 2)
(14, 17, 2)
(14, 18, 2)
(14, 19, 2)
(14, 20, 2)
(14, 21, 2)
(14, 22, 2)
(14, 23, 1)
(14, 24, 1)
(14, 25, 1)
(14, 26, 1)
(14, 27, 1)
(14, 28, 1)
(14, 29, 1)
(14, 30, 1)
(14, 31, 1)
(14, 32, 1)
(14, 33, 1)
(14, 34, 1)
(14, 35, 1)
(14, 36, 1)
(14, 37, 1)
(14, 38, 1)
(14, 39, 1)

(15, 0, 63)
(15, 1, 59)
(15, 2, 48)
(15, 3, 46)
(15, 4, 40)
(15, 5, 37)
(15, 6, 29)
(15, 7, 14)
(15, 8, 9)
(15, 9, 5)
(15, 10, 5)
(15, 11, 4)
(15, 12, 2)
(15, 13, 2)
(15, 14, 2)
(15, 15, 2)
(15, 16, 2)
(15, 17, 2)
(15, 18, 2)
(15, 19, 2)
(15, 20, 2)
(15, 21, 2)
(15, 22, 2)
(15, 23, 1)
(15, 24, 1)
(15, 25, 1)
(15, 26, 1)
(15, 27, 1)
(15, 28, 1)
(15, 29, 1)
(15, 30, 1)
(15, 31, 1)
(15, 32, 1)
(15, 33, 1)
(15, 34, 1)
(15, 35, 1)
(15, 36, 1)
(15, 37, 1)
(15, 38, 1)
(15, 39, 1)

(16, 0, 71)
(16, 1, 66)
(16, 2, 55)
(16, 3, 53)
(16, 4, 47)
(16, 5, 44)
(16, 6, 35)
(16, 7, 18)
(16, 8, 12)
(16, 9, 8)
(16, 10, 8)
(16, 11, 7)
(16, 12, 5)
(16, 13, 5)
(16, 14, 5)
(16, 15, 5)
(16, 16, 5)
(16, 17, 5)
(16, 18, 5)
(16, 19, 5)
(16, 20, 5)
(16, 21, 5)
(16, 22, 5)
(16, 23, 4)
(16, 24, 4)
(16, 25, 4)
(16, 26, 4)
(16, 27, 4)
(16, 28, 4)
(16, 29, 3)
(16, 30, 3)
(16, 31, 3)
(16, 32, 3)
(16, 33, 3)
(16, 34, 3)
(16, 35, 3)
(16, 36, 3)
(16, 37, 3)
(16, 38, 3)
(16, 39, 3)

(17, 0, 81)
(17, 1, 75)
(17, 2, 64)
(17, 3, 62)
(17, 4, 56)
(17, 5, 51)
(17, 6, 39)
(17, 7, 21)
(17, 8, 16)
(17, 9, 11)
(17, 10, 10)
(17, 11, 8)
(17, 12, 6)
(17, 13, 6)
(17, 14, 5)
(17, 15, 5)
(17, 16, 4)
(17, 17, 3)
(17, 18, 3)
(17, 19, 3)
(17, 20, 3)
(17, 21, 3)
(17, 22, 3)
(17, 23, 3)
(17, 24, 3)
(17, 25, 3)
(17, 26, 3)
(17, 27, 3)
(17, 28, 3)
(17, 29, 3)
(17, 30, 3)
(17, 31, 3)
(17, 32, 3)
(17, 33, 3)
(17, 34, 3)
(17, 35, 3)
(17, 36, 3)
(17, 37, 3)
(17, 38, 3)
(17, 39, 3)

(18, 0, 87)
(18, 1, 81)
(18, 2, 69)
(18, 3, 66)
(18, 4, 58)
(18, 5, 52)
(18, 6, 39)
(18, 7, 21)
(18, 8, 16)
(18, 9, 11)
(18, 10, 10)
(18, 11, 8)
(18, 12, 6)
(18, 13, 6)
(18, 14, 5)
(18, 15, 4)
(18, 16, 4)
(18, 17, 3)
(18, 18, 3)
(18, 19, 3)
(18, 20, 3)
(18, 21, 3)
(18, 22, 3)
(18, 23, 3)
(18, 24, 3)
(18, 25, 3)
(18, 26, 3)
(18, 27, 3)
(18, 28, 3)
(18, 29, 3)
(18, 30, 3)
(18, 31, 3)
(18, 32, 3)
(18, 33, 3)
(18, 34, 3)
(18, 35, 3)
(18, 36, 3)
(18, 37, 3)
(18, 38, 3)
(18, 39, 3)

(19, 0, 93)
(19, 1, 87)
(19, 2, 74)
(19, 3, 71)
(19, 4, 62)
(19, 5, 56)
(19, 6, 43)
(19, 7, 23)
(19, 8, 18)
(19, 9, 14)
(19, 10, 12)
(19, 11, 10)
(19, 12, 7)
(19, 13, 6)
(19, 14, 5)
(19, 15, 4)
(19, 16, 3)
(19, 17, 3)
(19, 18, 3)
(19, 19, 3)
(19, 20, 3)
(19, 21, 3)
(19, 22, 3)
(19, 23, 3)
(19, 24, 3)
(19, 25, 3)
(19, 26, 3)
(19, 27, 3)
(19, 28, 3)
(19, 29, 3)
(19, 30, 3)
(19, 31, 3)
(19, 32, 3)
(19, 33, 3)
(19, 34, 3)
(19, 35, 2)
(19, 36, 2)
(19, 37, 2)
(19, 38, 2)
(19, 39, 2)

(20, 0, 104)
(20, 1, 96)
(20, 2, 83)
(20, 3, 78)
(20, 4, 67)
(20, 5, 60)
(20, 6, 45)
(20, 7, 24)
(20, 8, 18)
(20, 9, 14)
(20, 10, 13)
(20, 11, 11)
(20, 12, 7)
(20, 13, 5)
(20, 14, 4)
(20, 15, 4)
(20, 16, 3)
(20, 17, 3)
(20, 18, 3)
(20, 19, 3)
(20, 20, 3)
(20, 21, 3)
(20, 22, 3)
(20, 23, 3)
(20, 24, 3)
(20, 25, 3)
(20, 26, 3)
(20, 27, 3)
(20, 28, 3)
(20, 29, 3)
(20, 30, 3)
(20, 31, 3)
(20, 32, 3)
(20, 33, 3)
(20, 34, 3)
(20, 35, 2)
(20, 36, 2)
(20, 37, 2)
(20, 38, 2)
(20, 39, 2)

(21, 0, 119)
(21, 1, 106)
(21, 2, 92)
(21, 3, 85)
(21, 4, 73)
(21, 5, 62)
(21, 6, 44)
(21, 7, 24)
(21, 8, 18)
(21, 9, 14)
(21, 10, 13)
(21, 11, 10)
(21, 12, 6)
(21, 13, 4)
(21, 14, 3)
(21, 15, 3)
(21, 16, 3)
(21, 17, 3)
(21, 18, 3)
(21, 19, 3)
(21, 20, 3)
(21, 21, 3)
(21, 22, 3)
(21, 23, 3)
(21, 24, 3)
(21, 25, 3)
(21, 26, 3)
(21, 27, 3)
(21, 28, 3)
(21, 29, 3)
(21, 30, 3)
(21, 31, 3)
(21, 32, 3)
(21, 33, 3)
(21, 34, 3)
(21, 35, 2)
(21, 36, 2)
(21, 37, 2)
(21, 38, 2)
(21, 39, 2)

(22, 0, 132)
(22, 1, 114)
(22, 2, 100)
(22, 3, 92)
(22, 4, 79)
(22, 5, 67)
(22, 6, 49)
(22, 7, 29)
(22, 8, 21)
(22, 9, 16)
(22, 10, 14)
(22, 11, 11)
(22, 12, 8)
(22, 13, 5)
(22, 14, 4)
(22, 15, 4)
(22, 16, 4)
(22, 17, 4)
(22, 18, 4)
(22, 19, 4)
(22, 20, 3)
(22, 21, 3)
(22, 22, 3)
(22, 23, 3)
(22, 24, 3)
(22, 25, 3)
(22, 26, 3)
(22, 27, 2)
(22, 28, 2)
(22, 29, 2)
(22, 30, 2)
(22, 31, 2)
(22, 32, 2)
(22, 33, 2)
(22, 34, 2)
(22, 35, 2)
(22, 36, 2)
(22, 37, 2)
(22, 38, 2)
(22, 39, 2)

(23, 0, 137)
(23, 1, 117)
(23, 2, 103)
(23, 3, 95)
(23, 4, 81)
(23, 5, 68)
(23, 6, 49)
(23, 7, 28)
(23, 8, 21)
(23, 9, 16)
(23, 10, 14)
(23, 11, 11)
(23, 12, 8)
(23, 13, 5)
(23, 14, 4)
(23, 15, 4)
(23, 16, 4)
(23, 17, 3)
(23, 18, 3)
(23, 19, 3)
(23, 20, 2)
(23, 21, 2)
(23, 22, 2)
(23, 23, 2)
(23, 24, 2)
(23, 25, 2)
(23, 26, 2)
(23, 27, 2)
(23, 28, 2)
(23, 29, 2)
(23, 30, 2)
(23, 31, 2)
(23, 32, 2)
(23, 33, 2)
(23, 34, 2)
(23, 35, 2)
(23, 36, 2)
(23, 37, 2)
(23, 38, 2)
(23, 39, 2)

(24, 0, 150)
(24, 1, 129)
(24, 2, 115)
(24, 3, 107)
(24, 4, 92)
(24, 5, 77)
(24, 6, 57)
(24, 7, 37)
(24, 8, 29)
(24, 9, 24)
(24, 10, 21)
(24, 11, 15)
(24, 12, 10)
(24, 13, 6)
(24, 14, 5)
(24, 15, 5)
(24, 16, 5)
(24, 17, 4)
(24, 18, 3)
(24, 19, 3)
(24, 20, 2)
(24, 21, 2)
(24, 22, 2)
(24, 23, 2)
(24, 24, 2)
(24, 25, 2)
(24, 26, 2)
(24, 27, 2)
(24, 28, 2)
(24, 29, 2)
(24, 30, 2)
(24, 31, 2)
(24, 32, 2)
(24, 33, 2)
(24, 34, 2)
(24, 35, 2)
(24, 36, 2)
(24, 37, 2)
(24, 38, 2)
(24, 39, 2)

(25, 0, 169)
(25, 1, 143)
(25, 2, 128)
(25, 3, 117)
(25, 4, 100)
(25, 5, 85)
(25, 6, 61)
(25, 7, 41)
(25, 8, 31)
(25, 9, 22)
(25, 10, 18)
(25, 11, 13)
(25, 12, 9)
(25, 13, 5)
(25, 14, 4)
(25, 15, 4)
(25, 16, 4)
(25, 17, 3)
(25, 18, 3)
(25, 19, 3)
(25, 20, 2)
(25, 21, 2)
(25, 22, 2)
(25, 23, 2)
(25, 24, 2)
(25, 25, 2)
(25, 26, 2)
(25, 27, 2)
(25, 28, 2)
(25, 29, 2)
(25, 30, 2)
(25, 31, 2)
(25, 32, 2)
(25, 33, 2)
(25, 34, 2)
(25, 35, 2)
(25, 36, 2)
(25, 37, 2)
(25, 38, 2)
(25, 39, 2)

(26, 0, 182)
(26, 1, 154)
(26, 2, 136)
(26, 3, 124)
(26, 4, 105)
(26, 5, 90)
(26, 6, 65)
(26, 7, 44)
(26, 8, 34)
(26, 9, 23)
(26, 10, 19)
(26, 11, 13)
(26, 12, 10)
(26, 13, 6)
(26, 14, 5)
(26, 15, 5)
(26, 16, 5)
(26, 17, 3)
(26, 18, 3)
(26, 19, 3)
(26, 20, 2)
(26, 21, 2)
(26, 22, 2)
(26, 23, 2)
(26, 24, 2)
(26, 25, 2)
(26, 26, 2)
(26, 27, 2)
(26, 28, 2)
(26, 29, 2)
(26, 30, 2)
(26, 31, 2)
(26, 32, 2)
(26, 33, 2)
(26, 34, 2)
(26, 35, 2)
(26, 36, 2)
(26, 37, 2)
(26, 38, 2)
(26, 39, 2)

(27, 0, 197)
(27, 1, 168)
(27, 2, 150)
(27, 3, 138)
(27, 4, 119)
(27, 5, 103)
(27, 6, 77)
(27, 7, 52)
(27, 8, 38)
(27, 9, 25)
(27, 10, 21)
(27, 11, 15)
(27, 12, 10)
(27, 13, 6)
(27, 14, 4)
(27, 15, 3)
(27, 16, 3)
(27, 17, 2)
(27, 18, 2)
(27, 19, 2)
(27, 20, 2)
(27, 21, 2)
(27, 22, 2)
(27, 23, 2)
(27, 24, 2)
(27, 25, 2)
(27, 26, 2)
(27, 27, 2)
(27, 28, 2)
(27, 29, 2)
(27, 30, 2)
(27, 31, 2)
(27, 32, 2)
(27, 33, 2)
(27, 34, 2)
(27, 35, 2)
(27, 36, 2)
(27, 37, 2)
(27, 38, 2)
(27, 39, 2)

(28, 0, 221)
(28, 1, 187)
(28, 2, 168)
(28, 3, 155)
(28, 4, 134)
(28, 5, 114)
(28, 6, 84)
(28, 7, 57)
(28, 8, 43)
(28, 9, 27)
(28, 10, 22)
(28, 11, 15)
(28, 12, 10)
(28, 13, 6)
(28, 14, 4)
(28, 15, 2)
(28, 16, 2)
(28, 17, 2)
(28, 18, 2)
(28, 19, 2)
(28, 20, 2)
(28, 21, 2)
(28, 22, 2)
(28, 23, 2)
(28, 24, 2)
(28, 25, 2)
(28, 26, 2)
(28, 27, 2)
(28, 28, 2)
(28, 29, 2)
(28, 30, 2)
(28, 31, 2)
(28, 32, 2)
(28, 33, 2)
(28, 34, 2)
(28, 35, 2)
(28, 36, 2)
(28, 37, 2)
(28, 38, 2)
(28, 39, 2)

(29, 0, 242)
(29, 1, 198)
(29, 2, 178)
(29, 3, 162)
(29, 4, 137)
(29, 5, 117)
(29, 6, 86)
(29, 7, 60)
(29, 8, 43)
(29, 9, 26)
(29, 10, 21)
(29, 11, 11)
(29, 12, 6)
(29, 13, 3)
(29, 14, 2)
(29, 15, 2)
(29, 16, 2)
(29, 17, 2)
(29, 18, 2)
(29, 19, 2)
(29, 20, 2)
(29, 21, 2)
(29, 22, 2)
(29, 23, 2)
(29, 24, 2)
(29, 25, 2)
(29, 26, 2)
(29, 27, 2)
(29, 28, 2)
(29, 29, 2)
(29, 30, 2)
(29, 31, 2)
(29, 32, 2)
(29, 33, 2)
(29, 34, 2)
(29, 35, 2)
(29, 36, 2)
(29, 37, 2)
(29, 38, 2)
(29, 39, 2)

(30, 0, 261)
(30, 1, 210)
(30, 2, 189)
(30, 3, 171)
(30, 4, 144)
(30, 5, 123)
(30, 6, 89)
(30, 7, 63)
(30, 8, 42)
(30, 9, 26)
(30, 10, 20)
(30, 11, 10)
(30, 12, 6)
(30, 13, 3)
(30, 14, 2)
(30, 15, 2)
(30, 16, 2)
(30, 17, 2)
(30, 18, 2)
(30, 19, 2)
(30, 20, 2)
(30, 21, 2)
(30, 22, 2)
(30, 23, 2)
(30, 24, 2)
(30, 25, 2)
(30, 26, 2)
(30, 27, 2)
(30, 28, 2)
(30, 29, 2)
(30, 30, 2)
(30, 31, 2)
(30, 32, 2)
(30, 33, 2)
(30, 34, 2)
(30, 35, 2)
(30, 36, 2)
(30, 37, 2)
(30, 38, 2)
(30, 39, 2)

(31, 0, 276)
(31, 1, 220)
(31, 2, 195)
(31, 3, 178)
(31, 4, 151)
(31, 5, 128)
(31, 6, 94)
(31, 7, 65)
(31, 8, 42)
(31, 9, 26)
(31, 10, 18)
(31, 11, 9)
(31, 12, 5)
(31, 13, 3)
(31, 14, 2)
(31, 15, 2)
(31, 16, 2)
(31, 17, 2)
(31, 18, 2)
(31, 19, 2)
(31, 20, 2)
(31, 21, 2)
(31, 22, 2)
(31, 23, 2)
(31, 24, 2)
(31, 25, 2)
(31, 26, 2)
(31, 27, 2)
(31, 28, 2)
(31, 29, 2)
(31, 30, 2)
(31, 31, 2)
(31, 32, 2)
(31, 33, 2)
(31, 34, 2)
(31, 35, 2)
(31, 36, 2)
(31, 37, 2)
(31, 38, 2)
(31, 39, 1)

(32, 0, 317)
(32, 1, 243)
(32, 2, 211)
(32, 3, 190)
(32, 4, 159)
(32, 5, 137)
(32, 6, 101)
(32, 7, 68)
(32, 8, 43)
(32, 9, 27)
(32, 10, 20)
(32, 11, 11)
(32, 12, 6)
(32, 13, 4)
(32, 14, 2)
(32, 15, 2)
(32, 16, 2)
(32, 17, 2)
(32, 18, 2)
(32, 19, 2)
(32, 20, 2)
(32, 21, 2)
(32, 22, 2)
(32, 23, 2)
(32, 24, 2)
(32, 25, 2)
(32, 26, 2)
(32, 27, 1)
(32, 28, 1)
(32, 29, 1)
(32, 30, 1)
(32, 31, 1)
(32, 32, 1)
(32, 33, 1)
(32, 34, 1)
(32, 35, 1)
(32, 36, 1)
(32, 37, 1)
(32, 38, 1)
(32, 39, 1)

(33, 0, 340)
(33, 1, 264)
(33, 2, 229)
(33, 3, 203)
(33, 4, 171)
(33, 5, 143)
(33, 6, 107)
(33, 7, 69)
(33, 8, 47)
(33, 9, 31)
(33, 10, 22)
(33, 11, 11)
(33, 12, 6)
(33, 13, 3)
(33, 14, 2)
(33, 15, 2)
(33, 16, 2)
(33, 17, 2)
(33, 18, 2)
(33, 19, 2)
(33, 20, 2)
(33, 21, 2)
(33, 22, 2)
(33, 23, 2)
(33, 24, 1)
(33, 25, 1)
(33, 26, 1)
(33, 27, 1)
(33, 28, 1)
(33, 29, 1)
(33, 30, 1)
(33, 31, 1)
(33, 32, 1)
(33, 33, 1)
(33, 34, 1)
(33, 35, 1)
(33, 36, 1)
(33, 37, 1)
(33, 38, 1)
(33, 39, 1)

(34, 0, 353)
(34, 1, 276)
(34, 2, 238)
(34, 3, 208)
(34, 4, 175)
(34, 5, 145)
(34, 6, 108)
(34, 7, 70)
(34, 8, 48)
(34, 9, 31)
(34, 10, 21)
(34, 11, 10)
(34, 12, 6)
(34, 13, 3)
(34, 14, 2)
(34, 15, 1)
(34, 16, 1)
(34, 17, 1)
(34, 18, 1)
(34, 19, 1)
(34, 20, 1)
(34, 21, 1)
(34, 22, 1)
(34, 23, 1)
(34, 24, 1)
(34, 25, 1)
(34, 26, 1)
(34, 27, 1)
(34, 28, 1)
(34, 29, 1)
(34, 30, 1)
(34, 31, 1)
(34, 32, 1)
(34, 33, 1)
(34, 34, 1)
(34, 35, 1)
(34, 36, 1)
(34, 37, 1)
(34, 38, 1)
(34, 39, 1)

(35, 0, 371)
(35, 1, 289)
(35, 2, 249)
(35, 3, 216)
(35, 4, 183)
(35, 5, 151)
(35, 6, 111)
(35, 7, 71)
(35, 8, 47)
(35, 9, 29)
(35, 10, 19)
(35, 11, 8)
(35, 12, 4)
(35, 13, 2)
(35, 14, 1)
(35, 15, 1)
(35, 16, 1)
(35, 17, 1)
(35, 18, 1)
(35, 19, 1)
(35, 20, 1)
(35, 21, 1)
(35, 22, 1)
(35, 23, 1)
(35, 24, 1)
(35, 25, 1)
(35, 26, 1)
(35, 27, 1)
(35, 28, 1)
(35, 29, 1)
(35, 30, 1)
(35, 31, 1)
(35, 32, 1)
(35, 33, 1)
(35, 34, 1)
(35, 35, 1)
(35, 36, 1)
(35, 37, 1)
(35, 38, 1)
(35, 39, 1)

(36, 0, 394)
(36, 1, 311)
(36, 2, 265)
(36, 3, 230)
(36, 4, 192)
(36, 5, 160)
(36, 6, 119)
(36, 7, 75)
(36, 8, 50)
(36, 9, 30)
(36, 10, 20)
(36, 11, 9)
(36, 12, 4)
(36, 13, 2)
(36, 14, 1)
(36, 15, 1)
(36, 16, 1)
(36, 17, 1)
(36, 18, 1)
(36, 19, 1)
(36, 20, 1)
(36, 21, 1)
(36, 22, 1)
(36, 23, 1)
(36, 24, 1)
(36, 25, 1)
(36, 26, 1)
(36, 27, 1)
(36, 28, 1)
(36, 29, 1)
(36, 30, 1)
(36, 31, 1)
(36, 32, 1)
(36, 33, 1)
(36, 34, 1)
(36, 35, 1)
(36, 36, 1)
(36, 37, 1)
(36, 38, 1)
(36, 39, 1)

(37, 0, 423)
(37, 1, 334)
(37, 2, 282)
(37, 3, 238)
(37, 4, 198)
(37, 5, 166)
(37, 6, 123)
(37, 7, 76)
(37, 8, 53)
(37, 9, 28)
(37, 10, 19)
(37, 11, 7)
(37, 12, 4)
(37, 13, 2)
(37, 14, 1)
(37, 15, 1)
(37, 16, 1)
(37, 17, 1)
(37, 18, 1)
(37, 19, 1)
(37, 20, 1)
(37, 21, 1)
(37, 22, 1)
(37, 23, 1)
(37, 24, 1)
(37, 25, 1)
(37, 26, 1)
(37, 27, 1)
(37, 28, 1)
(37, 29, 1)
(37, 30, 1)
(37, 31, 1)
(37, 32, 1)
(37, 33, 1)
(37, 34, 1)
(37, 35, 1)
(37, 36, 1)
(37, 37, 1)
(37, 38, 1)
(37, 39, 1)

(38, 0, 444)
(38, 1, 347)
(38, 2, 295)
(38, 3, 248)
(38, 4, 204)
(38, 5, 172)
(38, 6, 124)
(38, 7, 77)
(38, 8, 54)
(38, 9, 28)
(38, 10, 20)
(38, 11, 8)
(38, 12, 5)
(38, 13, 3)
(38, 14, 2)
(38, 15, 2)
(38, 16, 2)
(38, 17, 1)
(38, 18, 1)
(38, 19, 1)
(38, 20, 1)
(38, 21, 1)
(38, 22, 1)
(38, 23, 1)
(38, 24, 1)
(38, 25, 1)
(38, 26, 1)
(38, 27, 1)
(38, 28, 1)
(38, 29, 1)
(38, 30, 1)
(38, 31, 1)
(38, 32, 1)
(38, 33, 1)
(38, 34, 1)
(38, 35, 1)
(38, 36, 1)
(38, 37, 1)
(38, 38, 1)
(38, 39, 1)

(39, 0, 466)
(39, 1, 363)
(39, 2, 305)
(39, 3, 253)
(39, 4, 209)
(39, 5, 174)
(39, 6, 126)
(39, 7, 76)
(39, 8, 53)
(39, 9, 28)
(39, 10, 20)
(39, 11, 8)
(39, 12, 5)
(39, 13, 3)
(39, 14, 2)
(39, 15, 2)
(39, 16, 2)
(39, 17, 1)
(39, 18, 1)
(39, 19, 1)
(39, 20, 1)
(39, 21, 1)
(39, 22, 1)
(39, 23, 1)
(39, 24, 1)
(39, 25, 1)
(39, 26, 1)
(39, 27, 1)
(39, 28, 1)
(39, 29, 1)
(39, 30, 1)
(39, 31, 1)
(39, 32, 1)
(39, 33, 1)
(39, 34, 1)
(39, 35, 1)
(39, 36, 1)
(39, 37, 1)
(39, 38, 1)
(39, 39, 1)


Betti numbers:
xi_0:
(0, 0, 1)
(2, 0, 2)
(3, 0, 2)
(4, 0, 1)
(5, 0, 1)
(6, 0, 6)
(7, 0, 1)
(8, 0, 4)
(9, 0, 7)
(10, 0, 4)
(11, 0, 6)
(12, 0, 10)
(13, 0, 6)
(14, 0, 9)
(15, 0, 3)
(16, 0, 8)
(17, 0, 10)
(18, 0, 6)
(19, 0, 6)
(20, 0, 11)
(21, 0, 15)
(22, 0, 13)
(23, 0, 5)
(24, 0, 13)
(25, 0, 19)
(26, 0, 13)
(27, 0, 15)
(28, 0, 24)
(29, 0, 21)
(30, 0, 19)
(31, 0, 15)
(32, 0, 41)
(33, 0, 23)
(34, 0, 13)
(35, 0, 18)
(36, 0, 23)
(37, 0, 29)
(38, 0, 21)
(39, 0, 22)
xi_1:
(2, 4, 1)
(2, 15, 1)
(3, 6, 1)
(3, 9, 1)
(4, 7, 1)
(5, 7, 1)
(6, 2, 1)
(6, 4, 1)
(6, 6, 2)
(6, 7, 3)
(6, 8, 1)
(6, 11, 1)
(8, 1, 1)
(8, 7, 1)
(8, 9, 1)
(8, 12, 1)
(8, 39, 1)
(9, 4, 2)
(9, 6, 1)
(9, 7, 1)
(9, 9, 1)
(9, 10, 1)
(9, 11, 1)
(9, 14, 1)
(9, 25, 1)
(10, 1, 1)
(10, 2, 2)
(10, 4, 1)
(10, 9, 1)
(10, 10, 1)
(11, 2, 2)
(11, 3, 2)
(11, 7, 2)
(11, 10, 1)
(12, 1, 1)
(12, 2, 4)
(12, 4, 1)
(12, 5, 1)
(12, 6, 2)
(12, 7, 4)
(12, 11, 1)
(12, 22, 1)
(13, 2, 2)
(13, 7, 1)
(13, 9, 3)
(13, 12, 2)
(13, 13, 1)
(14, 1, 1)
(14, 5, 2)
(14, 6, 1)
(14, 7, 1)
(14, 8, 3)
(14, 9, 1)
(14, 10, 1)
(14, 12, 2)
(14, 23, 1)
(15, 6, 1)
(15, 7, 2)
(15, 8, 1)
(16, 1, 1)
(16, 6, 1)
(16, 7, 2)
(16, 8, 1)
(16, 9, 1)
(16, 29, 1)
(17, 1, 1)
(17, 5, 2)
(17, 6, 3)
(17, 7, 1)
(17, 9, 1)
(17, 10, 1)
(17, 11, 1)
(17, 14, 1)
(17, 16, 1)
(17, 17, 1)
(18, 2, 1)
(18, 3, 1)
(18, 4, 2)
(18, 5, 1)
(18, 6, 1)
(18, 7, 1)
(18, 15, 1)
(19, 2, 1)
(19, 4, 1)
(19, 7, 2)
(19, 10, 1)
(19, 12, 1)
(19, 13, 1)
(19, 16, 1)
(19, 35, 1)
(20, 1, 2)
(20, 3, 2)
(20, 4, 2)
(20, 5, 1)
(20, 6, 2)
(20, 7, 1)
(20, 8, 1)
(20, 12, 1)
(20, 13, 1)
(21, 1, 5)
(21, 2, 1)
(21, 3, 2)
(21, 4, 1)
(21, 5, 4)
(21, 6, 3)
(21, 11, 1)
(21, 12, 1)
(22, 1, 5)
(22, 3, 1)
(22, 4, 1)
(22, 5, 1)
(22, 6, 1)
(22, 8, 2)
(22, 9, 1)
(22, 10, 1)
(22, 13, 1)
(22, 20, 1)
(22, 27, 1)
(23, 1, 2)
(23, 4, 1)
(23, 5, 1)
(23, 6, 1)
(23, 7, 1)
(23, 9, 1)
(23, 17, 1)
(24, 1, 1)
(24, 4, 1)
(24, 5, 2)
(24, 6, 1)
(24, 8, 1)
(24, 10, 1)
(24, 11, 3)
(24, 12, 2)
(24, 13, 2)
(24, 18, 1)
(25, 1, 5)
(25, 2, 1)
(25, 3, 3)
(25, 4, 3)
(25, 6, 4)
(25, 8, 2)
(25, 9, 4)
(25, 10, 2)
(25, 11, 1)
(26, 1, 2)
(26, 2, 3)
(26, 3, 1)
(26, 4, 3)
(26, 6, 1)
(26, 7, 1)
(26, 9, 3)
(26, 11, 1)
(26, 12, 1)
(26, 17, 1)
(27, 1, 1)
(27, 5, 1)
(27, 6, 1)
(27, 7, 4)
(27, 8, 4)
(27, 9, 2)
(27, 10, 2)
(27, 11, 1)
(27, 12, 2)
(27, 13, 1)
(27, 14, 1)
(27, 15, 1)
(28, 1, 5)
(28, 2, 1)
(28, 3, 1)
(28, 4, 2)
(28, 5, 4)
(28, 6, 4)
(28, 7, 3)
(28, 8, 2)
(28, 9, 3)
(28, 10, 1)
(28, 11, 1)
(28, 14, 1)
(28, 15, 1)
(29, 1, 10)
(29, 2, 1)
(29, 3, 3)
(29, 4, 4)
(29, 6, 3)
(29, 7, 1)
(29, 8, 4)
(29, 9, 2)
(29, 11, 3)
(30, 1, 7)
(30, 2, 1)
(30, 3, 2)
(30, 4, 2)
(30, 5, 1)
(30, 6, 3)
(30, 8, 4)
(30, 10, 2)
(31, 1, 5)
(31, 2, 4)
(31, 5, 2)
(31, 6, 1)
(31, 7, 3)
(31, 8, 2)
(31, 10, 2)
(31, 11, 1)
(31, 39, 1)
(32, 1, 18)
(32, 2, 7)
(32, 3, 4)
(32, 4, 5)
(32, 5, 1)
(32, 6, 3)
(32, 7, 4)
(32, 8, 3)
(32, 12, 1)
(32, 14, 1)
(32, 27, 1)
(33, 1, 2)
(33, 2, 3)
(33, 3, 5)
(33, 4, 2)
(33, 5, 6)
(33, 6, 1)
(33, 7, 5)
(33, 10, 2)
(33, 11, 2)
(33, 13, 1)
(33, 24, 1)
(34, 1, 1)
(34, 2, 3)
(34, 3, 4)
(34, 4, 1)
(34, 5, 3)
(34, 6, 1)
(34, 7, 1)
(34, 9, 1)
(34, 10, 1)
(34, 15, 1)
(35, 1, 5)
(35, 2, 2)
(35, 3, 3)
(35, 5, 2)
(35, 6, 3)
(35, 7, 2)
(35, 8, 2)
(35, 9, 1)
(35, 10, 1)
(36, 1, 1)
(36, 2, 6)
(36, 3, 2)
(36, 4, 5)
(36, 6, 1)
(36, 7, 4)
(36, 8, 2)
(36, 9, 2)
(36, 10, 1)
(36, 12, 1)
(37, 1, 6)
(37, 2, 6)
(37, 3, 9)
(37, 4, 2)
(37, 6, 3)
(37, 7, 3)
(37, 9, 5)
(37, 11, 1)
(38, 1, 8)
(38, 3, 3)
(38, 4, 4)
(38, 6, 5)
(38, 7, 2)
(38, 8, 1)
(38, 9, 1)
(38, 17, 1)
(39, 1, 6)
(39, 2, 6)
(39, 3, 5)
(39, 5, 3)
(39, 6, 1)
(39, 7, 4)
(39, 9, 1)
xi_2:
(6, 7, 1)
(6, 9, 1)
(6, 15, 1)
(9, 12, 1)
(9, 39, 1)
(10, 10, 1)
(10, 11, 1)
(11, 9, 1)
(12, 7, 1)
(12, 9, 2)
(12, 10, 1)
(12, 25, 1)
(13, 10, 1)
(13, 14, 1)
(13, 22, 1)
(14, 11, 1)
(14, 12, 2)
(14, 13, 1)
(15, 10, 1)
(16, 9, 1)
(17, 8, 1)
(17, 23, 1)
(17, 29, 1)
(18, 7, 1)
(18, 16, 1)
(19, 9, 1)
(19, 17, 1)
(20, 10, 1)
(20, 15, 1)
(21, 7, 1)
(21, 12, 1)
(21, 16, 1)
(22, 6, 1)
(22, 12, 1)
(22, 35, 1)
(23, 8, 1)
(23, 9, 1)
(23, 27, 1)
(24, 7, 1)
(24, 13, 1)
(25, 4, 1)
(25, 10, 1)
(25, 11, 2)
(25, 12, 1)
(25, 18, 1)
(26, 4, 1)
(26, 9, 1)
(26, 12, 2)
(27, 10, 2)
(27, 11, 1)
(27, 13, 1)
(27, 17, 1)
(27, 20, 1)
(28, 7, 1)
(28, 8, 2)
(28, 14, 1)
(28, 17, 1)
(29, 6, 2)
(29, 7, 2)
(29, 8, 1)
(29, 9, 1)
(29, 13, 1)
(29, 14, 1)
(29, 15, 2)
(30, 9, 1)
(30, 10, 1)
(30, 12, 1)
(31, 3, 1)
(31, 6, 1)
(31, 11, 2)
(31, 13, 1)
(32, 4, 1)
(32, 5, 2)
(32, 6, 1)
(32, 8, 1)
(32, 10, 1)
(32, 39, 1)
(33, 4, 1)
(33, 6, 1)
(33, 8, 3)
(33, 14, 1)
(33, 27, 1)
(34, 5, 1)
(34, 7, 1)
(34, 12, 1)
(34, 24, 1)
(35, 10, 1)
(35, 13, 1)
(35, 15, 1)
(36, 8, 1)
(36, 10, 1)
(37, 6, 1)
(37, 8, 2)
(37, 10, 1)
(37, 12, 2)
(38, 7, 2)
(38, 8, 1)
(38, 10, 1)
(39, 6, 1)
(39, 7, 1)
(39, 9, 2)
