x-grades
-2347891879235889839/1000000000000000000
-1144476359168533839/500000000000000000
-2230013557438245517/1000000000000000000
-542768599134855839/250000000000000000
-422427047128120239/200000000000000000
-1026598037370889517/500000000000000000
-1994256913842956873/1000000000000000000
-241914719118016839/125000000000000000
-1876378592045312551/1000000000000000000
-181743943114649039/100000000000000000
-1758500270247668229/1000000000000000000
-424890277337211517/250000000000000000
-1640621948450023907/1000000000000000000
-790841393775600873/500000000000000000
-304548725330475917/200000000000000000
-91487779109597339/62500000000000000
-1404865304854735263/1000000000000000000
-672963071977956551/500000000000000000
-1286986983057090941/1000000000000000000
-61402391107913439/50000000000000000
-1169108661259446619/1000000000000000000
-555084750180312229/500000000000000000
-1051230339461802297/1000000000000000000
-124036397320372517/125000000000000000
-37334080706566319/40000000000000000
-437206428382667907/500000000000000000
-815473695866513653/1000000000000000000
-189133633741922873/250000000000000000
-697595374068869331/1000000000000000000
-63865621317004717/100000000000000000
-579717052271225009/1000000000000000000
-16274309105387589/31250000000000000
-461838730473580687/1000000000000000000
-201449784787379263/500000000000000000
-68792081735187273/200000000000000000
-71255311944278551/250000000000000000
-226082086878292043/1000000000000000000
-83571462989734941/500000000000000000
-108203765080647721/1000000000000000000
-1231615104545639/25000000000000000

y-grades
9968337/40000000
9968337/20000000
29905011/40000000
9968337/10000000
9968337/8000000
29905011/20000000
69778359/40000000
9968337/5000000
89715033/40000000
9968337/4000000
109651707/40000000
29905011/10000000
129588381/40000000
69778359/20000000
29905011/8000000
9968337/2500000
169461729/40000000
89715033/20000000
189398403/40000000
9968337/2000000
209335077/40000000
109651707/20000000
229271751/40000000
29905011/5000000
9968337/1600000
129588381/20000000
269145099/40000000
69778359/10000000
289081773/40000000
29905011/4000000
309018447/40000000
9968337/1250000
328955121/40000000
169461729/20000000
69778359/8000000
89715033/10000000
368828469/40000000
189398403/20000000
388765143/40000000
9968337/1000000

Dimensions > 0:
(0, 0, 11)
(0, 1, 9)
(0, 2, 7)
(0, 3, 4)
(0, 4, 4)
(0, 5, 4)
(0, 6, 4)
(0, 7, 4)
(0, 8, 3)
(0, 9, 2)
(0, 10, 2)
(0, 11, 2)
(0, 12, 2)
(0, 13, 2)
(0, 14, 2)
(0, 15, 2)
(0, 16, 2)
(0, 17, 2)
(0, 18, 2)
(0, 19, 2)
(0, 20, 2)
(0, 21, 2)
(0, 22, 2)
(0, 23, 2)
(0, 24, 2)
(0, 25, 2)
(0, 26, 2)
(0, 27, 2)
(0, 28, 1)
(0, 29, 1)
(0, 30, 1)
(0, 31, 1)
(0, 32, 1)
(0, 33, 1)
(0, 34, 1)
(0, 35, 1)
(0, 36, 1)
(0, 37, 1)
(0, 38, 1)
(0, 39, 1)

(1, 0, 16)
(1, 1, 14)
(1, 2, 11)
(1, 3, 7)
(1, 4, 6)
(1, 5, 6)
(1, 6, 6)
(1, 7, 6)
(1, 8, 5)
(1, 9, 4)
(1, 10, 4)
(1, 11, 4)
(1, 12, 4)
(1, 13, 4)
(1, 14, 4)
(1, 15, 3)
(1, 16, 3)
(1, 17, 3)
(1, 18, 3)
(1, 19, 3)
(1, 20, 3)
(1, 21, 3)
(1, 22, 3)
(1, 23, 3)
(1, 24, 3)
(1, 25, 3)
(1, 26, 3)
(1, 27, 3)
(1, 28, 2)
(1, 29, 2)
(1, 30, 2)
(1, 31, 2)
(1, 32, 2)
(1, 33, 2)
(1, 34, 2)
(1, 35, 2)
(1, 36, 2)
(1, 37, 2)
(1, 38, 2)
(1, 39, 2)

(2, 0, 25)
(2, 1, 23)
(2, 2, 19)
(2, 3, 14)
(2, 4, 12)
(2, 5, 12)
(2, 6, 8)
(2, 7, 8)
(2, 8, 7)
(2, 9, 6)
(2, 10, 5)
(2, 11, 5)
(2, 12, 5)
(2, 13, 5)
(2, 14, 5)
(2, 15, 4)
(2, 16, 4)
(2, 17, 4)
(2, 18, 4)
(2, 19, 4)
(2, 20, 4)
(2, 21, 3)
(2, 22, 3)
(2, 23, 3)
(2, 24, 3)
(2, 25, 3)
(2, 26, 3)
(2, 27, 3)
(2, 28, 2)
(2, 29, 2)
(2, 30, 2)
(2, 31, 2)
(2, 32, 2)
(2, 33, 2)
(2, 34, 2)
(2, 35, 2)
(2, 36, 2)
(2, 37, 2)
(2, 38, 2)
(2, 39, 2)

(3, 0, 32)
(3, 1, 30)
(3, 2, 26)
(3, 3, 21)
(3, 4, 19)
(3, 5, 17)
(3, 6, 12)
(3, 7, 11)
(3, 8, 9)
(3, 9, 8)
(3, 10, 7)
(3, 11, 7)
(3, 12, 7)
(3, 13, 7)
(3, 14, 7)
(3, 15, 6)
(3, 16, 6)
(3, 17, 5)
(3, 18, 5)
(3, 19, 5)
(3, 20, 5)
(3, 21, 4)
(3, 22, 4)
(3, 23, 4)
(3, 24, 3)
(3, 25, 3)
(3, 26, 3)
(3, 27, 3)
(3, 28, 2)
(3, 29, 2)
(3, 30, 2)
(3, 31, 2)
(3, 32, 2)
(3, 33, 2)
(3, 34, 2)
(3, 35, 2)
(3, 36, 2)
(3, 37, 2)
(3, 38, 2)
(3, 39, 2)

(4, 0, 40)
(4, 1, 38)
(4, 2, 34)
(4, 3, 29)
(4, 4, 26)
(4, 5, 24)
(4, 6, 14)
(4, 7, 13)
(4, 8, 11)
(4, 9, 10)
(4, 10, 9)
(4, 11, 9)
(4, 12, 9)
(4, 13, 9)
(4, 14, 8)
(4, 15, 7)
(4, 16, 7)
(4, 17, 6)
(4, 18, 6)
(4, 19, 6)
(4, 20, 6)
(4, 21, 5)
(4, 22, 5)
(4, 23, 5)
(4, 24, 3)
(4, 25, 3)
(4, 26, 3)
(4, 27, 3)
(4, 28, 2)
(4, 29, 2)
(4, 30, 2)
(4, 31, 2)
(4, 32, 2)
(4, 33, 2)
(4, 34, 2)
(4, 35, 2)
(4, 36, 2)
(4, 37, 2)
(4, 38, 2)
(4, 39, 2)

(5, 0, 50)
(5, 1, 47)
(5, 2, 43)
(5, 3, 38)
(5, 4, 35)
(5, 5, 32)
(5, 6, 19)
(5, 7, 17)
(5, 8, 15)
(5, 9, 14)
(5, 10, 12)
(5, 11, 12)
(5, 12, 12)
(5, 13, 12)
(5, 14, 10)
(5, 15, 9)
(5, 16, 9)
(5, 17, 8)
(5, 18, 7)
(5, 19, 7)
(5, 20, 7)
(5, 21, 6)
(5, 22, 6)
(5, 23, 6)
(5, 24, 4)
(5, 25, 4)
(5, 26, 4)
(5, 27, 4)
(5, 28, 3)
(5, 29, 3)
(5, 30, 3)
(5, 31, 3)
(5, 32, 3)
(5, 33, 3)
(5, 34, 3)
(5, 35, 3)
(5, 36, 3)
(5, 37, 3)
(5, 38, 3)
(5, 39, 3)

(6, 0, 60)
(6, 1, 57)
(6, 2, 53)
(6, 3, 48)
(6, 4, 45)
(6, 5, 40)
(6, 6, 25)
(6, 7, 22)
(6, 8, 19)
(6, 9, 18)
(6, 10, 16)
(6, 11, 16)
(6, 12, 15)
(6, 13, 15)
(6, 14, 10)
(6, 15, 9)
(6, 16, 8)
(6, 17, 7)
(6, 18, 7)
(6, 19, 7)
(6, 20, 7)
(6, 21, 6)
(6, 22, 6)
(6, 23, 6)
(6, 24, 4)
(6, 25, 4)
(6, 26, 4)
(6, 27, 4)
(6, 28, 3)
(6, 29, 3)
(6, 30, 3)
(6, 31, 3)
(6, 32, 3)
(6, 33, 3)
(6, 34, 3)
(6, 35, 3)
(6, 36, 3)
(6, 37, 3)
(6, 38, 3)
(6, 39, 3)

(7, 0, 63)
(7, 1, 60)
(7, 2, 56)
(7, 3, 51)
(7, 4, 48)
(7, 5, 43)
(7, 6, 28)
(7, 7, 25)
(7, 8, 22)
(7, 9, 21)
(7, 10, 19)
(7, 11, 19)
(7, 12, 18)
(7, 13, 18)
(7, 14, 11)
(7, 15, 10)
(7, 16, 8)
(7, 17, 7)
(7, 18, 7)
(7, 19, 7)
(7, 20, 7)
(7, 21, 5)
(7, 22, 5)
(7, 23, 5)
(7, 24, 4)
(7, 25, 4)
(7, 26, 4)
(7, 27, 4)
(7, 28, 3)
(7, 29, 3)
(7, 30, 3)
(7, 31, 3)
(7, 32, 3)
(7, 33, 3)
(7, 34, 3)
(7, 35, 3)
(7, 36, 3)
(7, 37, 3)
(7, 38, 3)
(7, 39, 3)

(8, 0, 69)
(8, 1, 65)
(8, 2, 61)
(8, 3, 56)
(8, 4, 52)
(8, 5, 47)
(8, 6, 31)
(8, 7, 28)
(8, 8, 25)
(8, 9, 24)
(8, 10, 22)
(8, 11, 22)
(8, 12, 21)
(8, 13, 20)
(8, 14, 10)
(8, 15, 9)
(8, 16, 8)
(8, 17, 7)
(8, 18, 7)
(8, 19, 7)
(8, 20, 7)
(8, 21, 5)
(8, 22, 5)
(8, 23, 5)
(8, 24, 4)
(8, 25, 4)
(8, 26, 4)
(8, 27, 4)
(8, 28, 3)
(8, 29, 3)
(8, 30, 3)
(8, 31, 3)
(8, 32, 3)
(8, 33, 3)
(8, 34, 3)
(8, 35, 3)
(8, 36, 3)
(8, 37, 3)
(8, 38, 3)
(8, 39, 3)

(9, 0, 69)
(9, 1, 65)
(9, 2, 61)
(9, 3, 56)
(9, 4, 52)
(9, 5, 47)
(9, 6, 31)
(9, 7, 28)
(9, 8, 25)
(9, 9, 24)
(9, 10, 22)
(9, 11, 22)
(9, 12, 21)
(9, 13, 20)
(9, 14, 10)
(9, 15, 9)
(9, 16, 8)
(9, 17, 7)
(9, 18, 7)
(9, 19, 7)
(9, 20, 7)
(9, 21, 5)
(9, 22, 5)
(9, 23, 5)
(9, 24, 4)
(9, 25, 4)
(9, 26, 4)
(9, 27, 4)
(9, 28, 3)
(9, 29, 3)
(9, 30, 3)
(9, 31, 3)
(9, 32, 3)
(9, 33, 3)
(9, 34, 3)
(9, 35, 3)
(9, 36, 3)
(9, 37, 3)
(9, 38, 3)
(9, 39, 3)

(10, 0, 69)
(10, 1, 65)
(10, 2, 61)
(10, 3, 56)
(10, 4, 52)
(10, 5, 47)
(10, 6, 31)
(10, 7, 28)
(10, 8, 25)
(10, 9, 24)
(10, 10, 22)
(10, 11, 22)
(10, 12, 21)
(10, 13, 20)
(10, 14, 10)
(10, 15, 9)
(10, 16, 8)
(10, 17, 7)
(10, 18, 7)
(10, 19, 7)
(10, 20, 7)
(10, 21, 5)
(10, 22, 5)
(10, 23, 5)
(10, 24, 4)
(10, 25, 4)
(10, 26, 4)
(10, 27, 4)
(10, 28, 3)
(10, 29, 3)
(10, 30, 3)
(10, 31, 3)
(10, 32, 3)
(10, 33, 3)
(10, 34, 3)
(10, 35, 3)
(10, 36, 3)
(10, 37, 3)
(10, 38, 3)
(10, 39, 3)

(11, 0, 69)
(11, 1, 65)
(11, 2, 61)
(11, 3, 56)
(11, 4, 52)
(11, 5, 47)
(11, 6, 31)
(11, 7, 28)
(11, 8, 25)
(11, 9, 24)
(11, 10, 22)
(11, 11, 22)
(11, 12, 21)
(11, 13, 20)
(11, 14, 10)
(11, 15, 9)
(11, 16, 8)
(11, 17, 7)
(11, 18, 7)
(11, 19, 7)
(11, 20, 7)
(11, 21, 5)
(11, 22, 5)
(11, 23, 5)
(11, 24, 4)
(11, 25, 4)
(11, 26, 4)
(11, 27, 4)
(11, 28, 3)
(11, 29, 3)
(11, 30, 3)
(11, 31, 3)
(11, 32, 3)
(11, 33, 3)
(11, 34, 3)
(11, 35, 3)
(11, 36, 3)
(11, 37, 3)
(11, 38, 3)
(11, 39, 3)

(12, 0, 69)
(12, 1, 65)
(12, 2, 61)
(12, 3, 56)
(12, 4, 52)
(12, 5, 47)
(12, 6, 31)
(12, 7, 28)
(12, 8, 25)
(12, 9, 24)
(12, 10, 22)
(12, 11, 22)
(12, 12, 21)
(12, 13, 20)
(12, 14, 10)
(12, 15, 9)
(12, 16, 8)
(12, 17, 7)
(12, 18, 7)
(12, 19, 7)
(12, 20, 7)
(12, 21, 5)
(12, 22, 5)
(12, 23, 5)
(12, 24, 4)
(12, 25, 4)
(12, 26, 4)
(12, 27, 4)
(12, 28, 3)
(12, 29, 3)
(12, 30, 3)
(12, 31, 3)
(12, 32, 3)
(12, 33, 3)
(12, 34, 3)
(12, 35, 3)
(12, 36, 3)
(12, 37, 3)
(12, 38, 3)
(12, 39, 3)

(13, 0, 69)
(13, 1, 65)
(13, 2, 61)
(13, 3, 56)
(13, 4, 52)
(13, 5, 47)
(13, 6, 31)
(13, 7, 28)
(13, 8, 25)
(13, 9, 24)
(13, 10, 22)
(13, 11, 22)
(13, 12, 21)
(13, 13, 20)
(13, 14, 10)
(13, 15, 9)
(13, 16, 8)
(13, 17, 7)
(13, 18, 7)
(13, 19, 7)
(13, 20, 7)
(13, 21, 5)
(13, 22, 5)
(13, 23, 5)
(13, 24, 4)
(13, 25, 4)
(13, 26, 4)
(13, 27, 4)
(13, 28, 3)
(13, 29, 3)
(13, 30, 3)
(13, 31, 3)
(13, 32, 3)
(13, 33, 3)
(13, 34, 3)
(13, 35, 3)
(13, 36, 3)
(13, 37, 3)
(13, 38, 3)
(13, 39, 3)

(14, 0, 69)
(14, 1, 65)
(14, 2, 61)
(14, 3, 56)
(14, 4, 52)
(14, 5, 47)
(14, 6, 31)
(14, 7, 28)
(14, 8, 25)
(14, 9, 24)
(14, 10, 22)
(14, 11, 22)
(14, 12, 21)
(14, 13, 20)
(14, 14, 10)
(14, 15, 9)
(14, 16, 8)
(14, 17, 7)
(14, 18, 7)
(14, 19, 7)
(14, 20, 7)
(14, 21, 5)
(14, 22, 5)
(14, 23, 5)
(14, 24, 4)
(14, 25, 4)
(14, 26, 4)
(14, 27, 4)
(14, 28, 3)
(14, 29, 3)
(14, 30, 3)
(14, 31, 3)
(14, 32, 3)
(14, 33, 3)
(14, 34, 3)
(14, 35, 3)
(14, 36, 3)
(14, 37, 3)
(14, 38, 3)
(14, 39, 3)

(15, 0, 69)
(15, 1, 65)
(15, 2, 61)
(15, 3, 56)
(15, 4, 52)
(15, 5, 47)
(15, 6, 31)
(15, 7, 28)
(15, 8, 25)
(15, 9, 24)
(15, 10, 22)
(15, 11, 22)
(15, 12, 21)
(15, 13, 20)
(15, 14, 10)
(15, 15, 9)
(15, 16, 8)
(15, 17, 7)
(15, 18, 7)
(15, 19, 7)
(15, 20, 7)
(15, 21, 5)
(15, 22, 5)
(15, 23, 5)
(15, 24, 4)
(15, 25, 4)
(15, 26, 4)
(15, 27, 4)
(15, 28, 3)
(15, 29, 3)
(15, 30, 3)
(15, 31, 3)
(15, 32, 3)
(15, 33, 3)
(15, 34, 3)
(15, 35, 3)
(15, 36, 3)
(15, 37, 3)
(15, 38, 3)
(15, 39, 3)

(16, 0, 69)
(16, 1, 65)
(16, 2, 61)
(16, 3, 56)
(16, 4, 52)
(16, 5, 47)
(16, 6, 31)
(16, 7, 28)
(16, 8, 25)
(16, 9, 24)
(16, 10, 22)
(16, 11, 22)
(16, 12, 21)
(16, 13, 20)
(16, 14, 10)
(16, 15, 9)
(16, 16, 8)
(16, 17, 7)
(16, 18, 7)
(16, 19, 7)
(16, 20, 7)
(16, 21, 5)
(16, 22, 5)
(16, 23, 5)
(16, 24, 4)
(16, 25, 4)
(16, 26, 4)
(16, 27, 4)
(16, 28, 3)
(16, 29, 3)
(16, 30, 3)
(16, 31, 3)
(16, 32, 3)
(16, 33, 3)
(16, 34, 3)
(16, 35, 3)
(16, 36, 3)
(16, 37, 3)
(16, 38, 3)
(16, 39, 3)

(17, 0, 69)
(17, 1, 65)
(17, 2, 61)
(17, 3, 56)
(17, 4, 52)
(17, 5, 47)
(17, 6, 31)
(17, 7, 28)
(17, 8, 25)
(17, 9, 24)
(17, 10, 22)
(17, 11, 22)
(17, 12, 21)
(17, 13, 20)
(17, 14, 10)
(17, 15, 9)
(17, 16, 8)
(17, 17, 7)
(17, 18, 7)
(17, 19, 7)
(17, 20, 7)
(17, 21, 5)
(17, 22, 5)
(17, 23, 5)
(17, 24, 4)
(17, 25, 4)
(17, 26, 4)
(17, 27, 4)
(17, 28, 3)
(17, 29, 3)
(17, 30, 3)
(17, 31, 3)
(17, 32, 3)
(17, 33, 3)
(17, 34, 3)
(17, 35, 3)
(17, 36, 3)
(17, 37, 3)
(17, 38, 3)
(17, 39, 3)

(18, 0, 69)
(18, 1, 65)
(18, 2, 61)
(18, 3, 56)
(18, 4, 52)
(18, 5, 47)
(18, 6, 31)
(18, 7, 28)
(18, 8, 25)
(18, 9, 24)
(18, 10, 22)
(18, 11, 22)
(18, 12, 21)
(18, 13, 20)
(18, 14, 10)
(18, 15, 9)
(18, 16, 8)
(18, 17, 7)
(18, 18, 7)
(18, 19, 7)
(18, 20, 7)
(18, 21, 5)
(18, 22, 5)
(18, 23, 5)
(18, 24, 4)
(18, 25, 4)
(18, 26, 4)
(18, 27, 4)
(18, 28, 3)
(18, 29, 3)
(18, 30, 3)
(18, 31, 3)
(18, 32, 3)
(18, 33, 3)
(18, 34, 3)
(18, 35, 3)
(18, 36, 3)
(18, 37, 3)
(18, 38, 3)
(18, 39, 3)

(19, 0, 69)
(19, 1, 65)
(19, 2, 61)
(19, 3, 56)
(19, 4, 52)
(19, 5, 47)
(19, 6, 31)
(19, 7, 28)
(19, 8, 25)
(19, 9, 24)
(19, 10, 22)
(19, 11, 22)
(19, 12, 21)
(19, 13, 20)
(19, 14, 10)
(19, 15, 9)
(19, 16, 8)
(19, 17, 7)
(19, 18, 7)
(19, 19, 7)
(19, 20, 7)
(19, 21, 5)
(19, 22, 5)
(19, 23, 5)
(19, 24, 4)
(19, 25, 4)
(19, 26, 4)
(19, 27, 4)
(19, 28, 3)
(19, 29, 3)
(19, 30, 3)
(19, 31, 3)
(19, 32, 3)
(19, 33, 3)
(19, 34, 3)
(19, 35, 3)
(19, 36, 3)
(19, 37, 3)
(19, 38, 3)
(19, 39, 3)

(20, 0, 70)
(20, 1, 66)
(20, 2, 62)
(20, 3, 57)
(20, 4, 53)
(20, 5, 48)
(20, 6, 32)
(20, 7, 29)
(20, 8, 26)
(20, 9, 25)
(20, 10, 23)
(20, 11, 23)
(20, 12, 22)
(20, 13, 21)
(20, 14, 11)
(20, 15, 10)
(20, 16, 9)
(20, 17, 8)
(20, 18, 8)
(20, 19, 8)
(20, 20, 8)
(20, 21, 6)
(20, 22, 6)
(20, 23, 6)
(20, 24, 5)
(20, 25, 5)
(20, 26, 5)
(20, 27, 5)
(20, 28, 4)
(20, 29, 4)
(20, 30, 4)
(20, 31, 4)
(20, 32, 4)
(20, 33, 4)
(20, 34, 4)
(20, 35, 4)
(20, 36, 4)
(20, 37, 4)
(20, 38, 4)
(20, 39, 4)

(21, 0, 71)
(21, 1, 67)
(21, 2, 63)
(21, 3, 58)
(21, 4, 54)
(21, 5, 49)
(21, 6, 33)
(21, 7, 30)
(21, 8, 26)
(21, 9, 25)
(21, 10, 23)
(21, 11, 23)
(21, 12, 22)
(21, 13, 21)
(21, 14, 11)
(21, 15, 10)
(21, 16, 9)
(21, 17, 8)
(21, 18, 8)
(21, 19, 8)
(21, 20, 8)
(21, 21, 6)
(21, 22, 6)
(21, 23, 6)
(21, 24, 5)
(21, 25, 5)
(21, 26, 5)
(21, 27, 5)
(21, 28, 4)
(21, 29, 4)
(21, 30, 4)
(21, 31, 4)
(21, 32, 4)
(21, 33, 4)
(21, 34, 4)
(21, 35, 4)
(21, 36, 4)
(21, 37, 4)
(21, 38, 4)
(21, 39, 4)

(22, 0, 71)
(22, 1, 67)
(22, 2, 63)
(22, 3, 58)
(22, 4, 54)
(22, 5, 49)
(22, 6, 33)
(22, 7, 30)
(22, 8, 26)
(22, 9, 25)
(22, 10, 23)
(22, 11, 23)
(22, 12, 22)
(22, 13, 21)
(22, 14, 11)
(22, 15, 10)
(22, 16, 9)
(22, 17, 8)
(22, 18, 8)
(22, 19, 8)
(22, 20, 8)
(22, 21, 6)
(22, 22, 6)
(22, 23, 6)
(22, 24, 5)
(22, 25, 5)
(22, 26, 5)
(22, 27, 5)
(22, 28, 4)
(22, 29, 4)
(22, 30, 4)
(22, 31, 4)
(22, 32, 4)
(22, 33, 4)
(22, 34, 4)
(22, 35, 4)
(22, 36, 4)
(22, 37, 4)
(22, 38, 4)
(22, 39, 4)

(23, 0, 77)
(23, 1, 73)
(23, 2, 67)
(23, 3, 60)
(23, 4, 55)
(23, 5, 50)
(23, 6, 34)
(23, 7, 31)
(23, 8, 27)
(23, 9, 26)
(23, 10, 24)
(23, 11, 24)
(23, 12, 23)
(23, 13, 22)
(23, 14, 12)
(23, 15, 11)
(23, 16, 10)
(23, 17, 9)
(23, 18, 9)
(23, 19, 9)
(23, 20, 9)
(23, 21, 7)
(23, 22, 7)
(23, 23, 7)
(23, 24, 6)
(23, 25, 6)
(23, 26, 6)
(23, 27, 6)
(23, 28, 4)
(23, 29, 4)
(23, 30, 4)
(23, 31, 4)
(23, 32, 4)
(23, 33, 4)
(23, 34, 4)
(23, 35, 4)
(23, 36, 4)
(23, 37, 4)
(23, 38, 4)
(23, 39, 4)

(24, 0, 86)
(24, 1, 80)
(24, 2, 72)
(24, 3, 63)
(24, 4, 57)
(24, 5, 52)
(24, 6, 36)
(24, 7, 33)
(24, 8, 29)
(24, 9, 27)
(24, 10, 25)
(24, 11, 25)
(24, 12, 24)
(24, 13, 23)
(24, 14, 13)
(24, 15, 11)
(24, 16, 10)
(24, 17, 9)
(24, 18, 9)
(24, 19, 9)
(24, 20, 9)
(24, 21, 7)
(24, 22, 7)
(24, 23, 7)
(24, 24, 6)
(24, 25, 6)
(24, 26, 6)
(24, 27, 6)
(24, 28, 4)
(24, 29, 4)
(24, 30, 4)
(24, 31, 4)
(24, 32, 4)
(24, 33, 4)
(24, 34, 4)
(24, 35, 4)
(24, 36, 4)
(24, 37, 4)
(24, 38, 4)
(24, 39, 4)

(25, 0, 90)
(25, 1, 84)
(25, 2, 76)
(25, 3, 66)
(25, 4, 59)
(25, 5, 53)
(25, 6, 36)
(25, 7, 33)
(25, 8, 29)
(25, 9, 27)
(25, 10, 25)
(25, 11, 25)
(25, 12, 24)
(25, 13, 23)
(25, 14, 13)
(25, 15, 11)
(25, 16, 10)
(25, 17, 9)
(25, 18, 9)
(25, 19, 9)
(25, 20, 9)
(25, 21, 7)
(25, 22, 7)
(25, 23, 7)
(25, 24, 6)
(25, 25, 6)
(25, 26, 6)
(25, 27, 6)
(25, 28, 4)
(25, 29, 4)
(25, 30, 4)
(25, 31, 4)
(25, 32, 4)
(25, 33, 4)
(25, 34, 4)
(25, 35, 4)
(25, 36, 4)
(25, 37, 4)
(25, 38, 4)
(25, 39, 4)

(26, 0, 93)
(26, 1, 87)
(26, 2, 79)
(26, 3, 69)
(26, 4, 62)
(26, 5, 56)
(26, 6, 37)
(26, 7, 34)
(26, 8, 30)
(26, 9, 28)
(26, 10, 26)
(26, 11, 26)
(26, 12, 25)
(26, 13, 24)
(26, 14, 14)
(26, 15, 12)
(26, 16, 11)
(26, 17, 10)
(26, 18, 10)
(26, 19, 10)
(26, 20, 10)
(26, 21, 7)
(26, 22, 7)
(26, 23, 7)
(26, 24, 6)
(26, 25, 6)
(26, 26, 6)
(26, 27, 6)
(26, 28, 4)
(26, 29, 4)
(26, 30, 4)
(26, 31, 4)
(26, 32, 4)
(26, 33, 4)
(26, 34, 4)
(26, 35, 4)
(26, 36, 4)
(26, 37, 4)
(26, 38, 4)
(26, 39, 4)

(27, 0, 99)
(27, 1, 93)
(27, 2, 85)
(27, 3, 75)
(27, 4, 68)
(27, 5, 61)
(27, 6, 40)
(27, 7, 36)
(27, 8, 32)
(27, 9, 30)
(27, 10, 28)
(27, 11, 28)
(27, 12, 27)
(27, 13, 26)
(27, 14, 16)
(27, 15, 14)
(27, 16, 13)
(27, 17, 12)
(27, 18, 12)
(27, 19, 12)
(27, 20, 12)
(27, 21, 9)
(27, 22, 9)
(27, 23, 9)
(27, 24, 7)
(27, 25, 7)
(27, 26, 6)
(27, 27, 6)
(27, 28, 4)
(27, 29, 4)
(27, 30, 4)
(27, 31, 4)
(27, 32, 4)
(27, 33, 4)
(27, 34, 4)
(27, 35, 4)
(27, 36, 4)
(27, 37, 4)
(27, 38, 4)
(27, 39, 4)

(28, 0, 107)
(28, 1, 101)
(28, 2, 93)
(28, 3, 83)
(28, 4, 76)
(28, 5, 68)
(28, 6, 45)
(28, 7, 40)
(28, 8, 34)
(28, 9, 32)
(28, 10, 30)
(28, 11, 30)
(28, 12, 29)
(28, 13, 28)
(28, 14, 17)
(28, 15, 15)
(28, 16, 14)
(28, 17, 12)
(28, 18, 12)
(28, 19, 12)
(28, 20, 12)
(28, 21, 9)
(28, 22, 9)
(28, 23, 9)
(28, 24, 7)
(28, 25, 7)
(28, 26, 7)
(28, 27, 7)
(28, 28, 5)
(28, 29, 5)
(28, 30, 5)
(28, 31, 5)
(28, 32, 5)
(28, 33, 5)
(28, 34, 5)
(28, 35, 5)
(28, 36, 5)
(28, 37, 5)
(28, 38, 5)
(28, 39, 5)

(29, 0, 115)
(29, 1, 109)
(29, 2, 101)
(29, 3, 91)
(29, 4, 84)
(29, 5, 74)
(29, 6, 49)
(29, 7, 43)
(29, 8, 37)
(29, 9, 35)
(29, 10, 32)
(29, 11, 32)
(29, 12, 31)
(29, 13, 30)
(29, 14, 17)
(29, 15, 15)
(29, 16, 14)
(29, 17, 12)
(29, 18, 12)
(29, 19, 12)
(29, 20, 12)
(29, 21, 9)
(29, 22, 9)
(29, 23, 9)
(29, 24, 7)
(29, 25, 7)
(29, 26, 7)
(29, 27, 7)
(29, 28, 5)
(29, 29, 5)
(29, 30, 5)
(29, 31, 5)
(29, 32, 5)
(29, 33, 5)
(29, 34, 5)
(29, 35, 5)
(29, 36, 5)
(29, 37, 5)
(29, 38, 5)
(29, 39, 5)

(30, 0, 120)
(30, 1, 114)
(30, 2, 106)
(30, 3, 96)
(30, 4, 89)
(30, 5, 79)
(30, 6, 51)
(30, 7, 45)
(30, 8, 39)
(30, 9, 37)
(30, 10, 33)
(30, 11, 33)
(30, 12, 32)
(30, 13, 31)
(30, 14, 17)
(30, 15, 15)
(30, 16, 14)
(30, 17, 12)
(30, 18, 12)
(30, 19, 12)
(30, 20, 12)
(30, 21, 9)
(30, 22, 9)
(30, 23, 9)
(30, 24, 7)
(30, 25, 7)
(30, 26, 7)
(30, 27, 7)
(30, 28, 5)
(30, 29, 5)
(30, 30, 5)
(30, 31, 5)
(30, 32, 5)
(30, 33, 5)
(30, 34, 5)
(30, 35, 5)
(30, 36, 5)
(30, 37, 5)
(30, 38, 5)
(30, 39, 5)

(31, 0, 123)
(31, 1, 117)
(31, 2, 109)
(31, 3, 99)
(31, 4, 92)
(31, 5, 82)
(31, 6, 51)
(31, 7, 45)
(31, 8, 39)
(31, 9, 37)
(31, 10, 33)
(31, 11, 33)
(31, 12, 32)
(31, 13, 31)
(31, 14, 17)
(31, 15, 15)
(31, 16, 14)
(31, 17, 12)
(31, 18, 12)
(31, 19, 12)
(31, 20, 12)
(31, 21, 9)
(31, 22, 9)
(31, 23, 9)
(31, 24, 7)
(31, 25, 7)
(31, 26, 7)
(31, 27, 7)
(31, 28, 5)
(31, 29, 5)
(31, 30, 5)
(31, 31, 5)
(31, 32, 5)
(31, 33, 5)
(31, 34, 5)
(31, 35, 5)
(31, 36, 5)
(31, 37, 5)
(31, 38, 5)
(31, 39, 5)

(32, 0, 125)
(32, 1, 119)
(32, 2, 111)
(32, 3, 101)
(32, 4, 94)
(32, 5, 84)
(32, 6, 52)
(32, 7, 46)
(32, 8, 40)
(32, 9, 38)
(32, 10, 34)
(32, 11, 34)
(32, 12, 33)
(32, 13, 32)
(32, 14, 17)
(32, 15, 15)
(32, 16, 14)
(32, 17, 12)
(32, 18, 12)
(32, 19, 12)
(32, 20, 12)
(32, 21, 9)
(32, 22, 9)
(32, 23, 9)
(32, 24, 7)
(32, 25, 7)
(32, 26, 7)
(32, 27, 7)
(32, 28, 5)
(32, 29, 5)
(32, 30, 5)
(32, 31, 5)
(32, 32, 5)
(32, 33, 5)
(32, 34, 5)
(32, 35, 5)
(32, 36, 5)
(32, 37, 5)
(32, 38, 5)
(32, 39, 5)

(33, 0, 125)
(33, 1, 119)
(33, 2, 111)
(33, 3, 101)
(33, 4, 94)
(33, 5, 84)
(33, 6, 52)
(33, 7, 46)
(33, 8, 40)
(33, 9, 38)
(33, 10, 34)
(33, 11, 34)
(33, 12, 33)
(33, 13, 32)
(33, 14, 17)
(33, 15, 15)
(33, 16, 14)
(33, 17, 12)
(33, 18, 12)
(33, 19, 12)
(33, 20, 12)
(33, 21, 9)
(33, 22, 9)
(33, 23, 9)
(33, 24, 7)
(33, 25, 7)
(33, 26, 7)
(33, 27, 7)
(33, 28, 5)
(33, 29, 5)
(33, 30, 5)
(33, 31, 5)
(33, 32, 5)
(33, 33, 5)
(33, 34, 5)
(33, 35, 5)
(33, 36, 5)
(33, 37, 5)
(33, 38, 5)
(33, 39, 5)

(34, 0, 128)
(34, 1, 122)
(34, 2, 114)
(34, 3, 104)
(34, 4, 96)
(34, 5, 86)
(34, 6, 54)
(34, 7, 48)
(34, 8, 42)
(34, 9, 40)
(34, 10, 36)
(34, 11, 36)
(34, 12, 35)
(34, 13, 34)
(34, 14, 18)
(34, 15, 16)
(34, 16, 15)
(34, 17, 13)
(34, 18, 13)
(34, 19, 13)
(34, 20, 13)
(34, 21, 9)
(34, 22, 9)
(34, 23, 9)
(34, 24, 7)
(34, 25, 7)
(34, 26, 7)
(34, 27, 7)
(34, 28, 5)
(34, 29, 5)
(34, 30, 5)
(34, 31, 5)
(34, 32, 5)
(34, 33, 5)
(34, 34, 5)
(34, 35, 5)
(34, 36, 5)
(34, 37, 5)
(34, 38, 5)
(34, 39, 5)

(35, 0, 128)
(35, 1, 122)
(35, 2, 114)
(35, 3, 104)
(35, 4, 96)
(35, 5, 86)
(35, 6, 54)
(35, 7, 48)
(35, 8, 42)
(35, 9, 40)
(35, 10, 36)
(35, 11, 36)
(35, 12, 35)
(35, 13, 34)
(35, 14, 18)
(35, 15, 16)
(35, 16, 15)
(35, 17, 13)
(35, 18, 13)
(35, 19, 13)
(35, 20, 13)
(35, 21, 9)
(35, 22, 9)
(35, 23, 9)
(35, 24, 7)
(35, 25, 7)
(35, 26, 7)
(35, 27, 7)
(35, 28, 5)
(35, 29, 5)
(35, 30, 5)
(35, 31, 5)
(35, 32, 5)
(35, 33, 5)
(35, 34, 5)
(35, 35, 5)
(35, 36, 5)
(35, 37, 5)
(35, 38, 5)
(35, 39, 5)

(36, 0, 128)
(36, 1, 122)
(36, 2, 114)
(36, 3, 104)
(36, 4, 96)
(36, 5, 86)
(36, 6, 54)
(36, 7, 48)
(36, 8, 42)
(36, 9, 40)
(36, 10, 36)
(36, 11, 36)
(36, 12, 35)
(36, 13, 34)
(36, 14, 18)
(36, 15, 16)
(36, 16, 15)
(36, 17, 13)
(36, 18, 13)
(36, 19, 13)
(36, 20, 13)
(36, 21, 9)
(36, 22, 9)
(36, 23, 9)
(36, 24, 7)
(36, 25, 7)
(36, 26, 7)
(36, 27, 7)
(36, 28, 5)
(36, 29, 5)
(36, 30, 5)
(36, 31, 5)
(36, 32, 5)
(36, 33, 5)
(36, 34, 5)
(36, 35, 5)
(36, 36, 5)
(36, 37, 5)
(36, 38, 5)
(36, 39, 5)

(37, 0, 132)
(37, 1, 125)
(37, 2, 117)
(37, 3, 107)
(37, 4, 99)
(37, 5, 89)
(37, 6, 57)
(37, 7, 51)
(37, 8, 45)
(37, 9, 43)
(37, 10, 39)
(37, 11, 39)
(37, 12, 38)
(37, 13, 37)
(37, 14, 20)
(37, 15, 18)
(37, 16, 16)
(37, 17, 14)
(37, 18, 14)
(37, 19, 14)
(37, 20, 14)
(37, 21, 10)
(37, 22, 10)
(37, 23, 10)
(37, 24, 8)
(37, 25, 8)
(37, 26, 8)
(37, 27, 8)
(37, 28, 6)
(37, 29, 6)
(37, 30, 6)
(37, 31, 6)
(37, 32, 6)
(37, 33, 6)
(37, 34, 6)
(37, 35, 6)
(37, 36, 6)
(37, 37, 6)
(37, 38, 6)
(37, 39, 6)

(38, 0, 135)
(38, 1, 128)
(38, 2, 120)
(38, 3, 110)
(38, 4, 102)
(38, 5, 92)
(38, 6, 60)
(38, 7, 54)
(38, 8, 48)
(38, 9, 46)
(38, 10, 42)
(38, 11, 42)
(38, 12, 41)
(38, 13, 39)
(38, 14, 20)
(38, 15, 18)
(38, 16, 16)
(38, 17, 14)
(38, 18, 14)
(38, 19, 14)
(38, 20, 14)
(38, 21, 10)
(38, 22, 10)
(38, 23, 10)
(38, 24, 8)
(38, 25, 8)
(38, 26, 8)
(38, 27, 8)
(38, 28, 6)
(38, 29, 6)
(38, 30, 6)
(38, 31, 6)
(38, 32, 6)
(38, 33, 6)
(38, 34, 6)
(38, 35, 6)
(38, 36, 6)
(38, 37, 6)
(38, 38, 6)
(38, 39, 6)

(39, 0, 138)
(39, 1, 130)
(39, 2, 122)
(39, 3, 112)
(39, 4, 104)
(39, 5, 94)
(39, 6, 62)
(39, 7, 56)
(39, 8, 50)
(39, 9, 48)
(39, 10, 44)
(39, 11, 44)
(39, 12, 42)
(39, 13, 40)
(39, 14, 20)
(39, 15, 18)
(39, 16, 16)
(39, 17, 14)
(39, 18, 14)
(39, 19, 14)
(39, 20, 14)
(39, 21, 10)
(39, 22, 10)
(39, 23, 10)
(39, 24, 8)
(39, 25, 8)
(39, 26, 8)
(39, 27, 8)
(39, 28, 6)
(39, 29, 6)
(39, 30, 6)
(39, 31, 6)
(39, 32, 6)
(39, 33, 6)
(39, 34, 6)
(39, 35, 6)
(39, 36, 6)
(39, 37, 6)
(39, 38, 6)
(39, 39, 6)


Betti numbers:
xi_0:
(0, 0, 11)
(1, 0, 5)
(2, 0, 9)
(3, 0, 7)
(4, 0, 8)
(5, 0, 10)
(6, 0, 10)
(7, 0, 3)
(8, 0, 6)
(20, 0, 1)
(21, 0, 1)
(23, 0, 6)
(24, 0, 9)
(25, 0, 4)
(26, 0, 3)
(27, 0, 6)
(28, 0, 8)
(29, 0, 8)
(30, 0, 5)
(31, 0, 3)
(32, 0, 2)
(34, 0, 3)
(37, 0, 4)
(38, 0, 3)
(39, 0, 3)
xi_1:
(0, 1, 2)
(0, 2, 2)
(0, 3, 3)
(0, 8, 1)
(0, 9, 1)
(0, 28, 1)
(1, 2, 1)
(1, 3, 1)
(1, 4, 1)
(1, 15, 1)
(2, 2, 1)
(2, 3, 1)
(2, 4, 1)
(2, 6, 4)
(2, 10, 1)
(2, 21, 1)
(3, 5, 2)
(3, 6, 1)
(3, 7, 1)
(3, 8, 1)
(3, 17, 1)
(3, 24, 1)
(4, 4, 1)
(4, 6, 5)
(4, 14, 1)
(4, 24, 1)
(5, 1, 1)
(5, 5, 1)
(5, 6, 3)
(5, 7, 1)
(5, 10, 1)
(5, 14, 1)
(5, 18, 1)
(6, 5, 2)
(6, 6, 2)
(6, 7, 1)
(6, 8, 1)
(6, 12, 1)
(6, 14, 3)
(6, 16, 1)
(7, 14, 2)
(7, 16, 1)
(7, 21, 1)
(8, 1, 1)
(8, 4, 1)
(8, 6, 1)
(8, 13, 1)
(8, 14, 3)
(21, 8, 1)
(23, 2, 2)
(23, 3, 2)
(23, 4, 1)
(23, 28, 1)
(24, 1, 2)
(24, 2, 2)
(24, 3, 2)
(24, 4, 1)
(24, 9, 1)
(24, 15, 1)
(25, 3, 1)
(25, 4, 1)
(25, 5, 1)
(25, 6, 1)
(26, 6, 2)
(26, 21, 1)
(27, 5, 1)
(27, 6, 2)
(27, 7, 1)
(27, 24, 1)
(27, 26, 1)
(28, 5, 1)
(28, 6, 2)
(28, 7, 1)
(28, 8, 2)
(28, 14, 1)
(28, 17, 1)
(29, 5, 2)
(29, 6, 2)
(29, 7, 1)
(29, 10, 1)
(29, 14, 2)
(30, 6, 3)
(30, 10, 1)
(30, 14, 1)
(31, 6, 3)
(32, 6, 1)
(32, 14, 1)
(34, 4, 1)
(34, 14, 1)
(34, 21, 1)
(37, 1, 1)
(37, 14, 1)
(37, 16, 1)
(38, 13, 1)
(38, 14, 2)
(39, 1, 1)
(39, 12, 1)
(39, 14, 1)
xi_2:
(6, 18, 1)
(7, 24, 1)
(8, 16, 1)
(28, 26, 1)
