x-grades
-124277975717938463/100000000000000000
-15266926373908757/12500000000000000
-119992846264601649/100000000000000000
-58925140768966621/50000000000000000
-23141543362252967/20000000000000000
-28391288021149107/25000000000000000
-111422587357928021/100000000000000000
-54640011315629807/50000000000000000
-107137457904591207/100000000000000000
-262487232944807/250000000000000
-102852328451254393/100000000000000000
-50354881862292993/50000000000000000
-98567198997917579/100000000000000000
-24106158567812293/25000000000000000
-18856413908916153/20000000000000000
-46069752408956179/50000000000000000
-89996940091243951/100000000000000000
-10981796920571943/12500000000000000
-85711810637907137/100000000000000000
-8356924591123873/10000000000000000
-81426681184570323/100000000000000000
-19821029114475479/25000000000000000
-77141551731233509/100000000000000000
-37499493502282551/50000000000000000
-14571284455579339/20000000000000000
-552452012118971/781250000000000
-68571292824559881/100000000000000000
-33214364048945737/50000000000000000
-64286163371223067/100000000000000000
-3107179932227733/5000000000000000
-60001033917886253/100000000000000000
-28929234595608923/50000000000000000
-55715904464549439/100000000000000000
-6696667467235129/12500000000000000
-411446200089701/800000000000000
-24644105142272109/50000000000000000
-47145645557875811/100000000000000000
-11250770207801851/25000000000000000
-42860516104538997/100000000000000000
-4071795137787059/10000000000000000

y-grades
4999937/20000000
4999937/10000000
14999811/20000000
4999937/5000000
4999937/4000000
14999811/10000000
34999559/20000000
4999937/2500000
44999433/20000000
4999937/2000000
54999307/20000000
14999811/5000000
64999181/20000000
34999559/10000000
14999811/4000000
4999937/1250000
84998929/20000000
44999433/10000000
94998803/20000000
4999937/1000000
104998677/20000000
54999307/10000000
114998551/20000000
14999811/2500000
4999937/800000
64999181/10000000
134998299/20000000
34999559/5000000
144998173/20000000
14999811/2000000
154998047/20000000
4999937/625000
164997921/20000000
84998929/10000000
34999559/4000000
44999433/5000000
184997669/20000000
94998803/10000000
194997543/20000000
4999937/500000

Dimensions > 0:
(0, 0, 2)
(0, 1, 2)
(0, 2, 2)
(0, 3, 2)
(0, 4, 2)
(0, 5, 2)
(0, 6, 2)
(0, 7, 2)
(0, 8, 2)
(0, 9, 2)
(0, 10, 2)
(0, 11, 2)
(0, 12, 2)
(0, 13, 2)
(0, 14, 2)
(0, 15, 2)
(0, 16, 2)
(0, 17, 2)
(0, 18, 1)
(0, 19, 1)
(0, 20, 1)
(0, 21, 1)
(0, 22, 1)
(0, 23, 1)
(0, 24, 1)
(0, 25, 1)
(0, 26, 1)
(0, 27, 1)
(0, 28, 1)
(0, 29, 1)
(0, 30, 1)
(0, 31, 1)
(0, 32, 1)
(0, 33, 1)
(0, 34, 1)
(0, 35, 1)
(0, 36, 1)
(0, 37, 1)
(0, 38, 1)
(0, 39, 1)

(1, 0, 3)
(1, 1, 3)
(1, 2, 3)
(1, 3, 3)
(1, 4, 3)
(1, 5, 3)
(1, 6, 3)
(1, 7, 3)
(1, 8, 3)
(1, 9, 3)
(1, 10, 3)
(1, 11, 3)
(1, 12, 3)
(1, 13, 3)
(1, 14, 3)
(1, 15, 3)
(1, 16, 3)
(1, 17, 3)
(1, 18, 2)
(1, 19, 2)
(1, 20, 2)
(1, 21, 2)
(1, 22, 2)
(1, 23, 2)
(1, 24, 2)
(1, 25, 2)
(1, 26, 2)
(1, 27, 2)
(1, 28, 2)
(1, 29, 2)
(1, 30, 2)
(1, 31, 2)
(1, 32, 1)
(1, 33, 1)
(1, 34, 1)
(1, 35, 1)
(1, 36, 1)
(1, 37, 1)
(1, 38, 1)
(1, 39, 1)

(2, 0, 3)
(2, 1, 3)
(2, 2, 3)
(2, 3, 3)
(2, 4, 3)
(2, 5, 3)
(2, 6, 3)
(2, 7, 3)
(2, 8, 3)
(2, 9, 3)
(2, 10, 3)
(2, 11, 3)
(2, 12, 3)
(2, 13, 3)
(2, 14, 3)
(2, 15, 3)
(2, 16, 3)
(2, 17, 3)
(2, 18, 2)
(2, 19, 2)
(2, 20, 2)
(2, 21, 2)
(2, 22, 2)
(2, 23, 2)
(2, 24, 2)
(2, 25, 2)
(2, 26, 2)
(2, 27, 2)
(2, 28, 2)
(2, 29, 2)
(2, 30, 2)
(2, 31, 2)
(2, 32, 1)
(2, 33, 1)
(2, 34, 1)
(2, 35, 1)
(2, 36, 1)
(2, 37, 1)
(2, 38, 1)
(2, 39, 1)

(3, 0, 3)
(3, 1, 3)
(3, 2, 3)
(3, 3, 3)
(3, 4, 3)
(3, 5, 3)
(3, 6, 3)
(3, 7, 3)
(3, 8, 3)
(3, 9, 3)
(3, 10, 3)
(3, 11, 3)
(3, 12, 3)
(3, 13, 3)
(3, 14, 3)
(3, 15, 3)
(3, 16, 3)
(3, 17, 3)
(3, 18, 2)
(3, 19, 2)
(3, 20, 2)
(3, 21, 2)
(3, 22, 2)
(3, 23, 2)
(3, 24, 2)
(3, 25, 2)
(3, 26, 2)
(3, 27, 2)
(3, 28, 2)
(3, 29, 2)
(3, 30, 2)
(3, 31, 2)
(3, 32, 1)
(3, 33, 1)
(3, 34, 1)
(3, 35, 1)
(3, 36, 1)
(3, 37, 1)
(3, 38, 1)
(3, 39, 1)

(4, 0, 3)
(4, 1, 3)
(4, 2, 3)
(4, 3, 3)
(4, 4, 3)
(4, 5, 3)
(4, 6, 3)
(4, 7, 3)
(4, 8, 3)
(4, 9, 3)
(4, 10, 3)
(4, 11, 3)
(4, 12, 3)
(4, 13, 3)
(4, 14, 3)
(4, 15, 3)
(4, 16, 3)
(4, 17, 3)
(4, 18, 2)
(4, 19, 2)
(4, 20, 2)
(4, 21, 2)
(4, 22, 2)
(4, 23, 2)
(4, 24, 2)
(4, 25, 2)
(4, 26, 2)
(4, 27, 2)
(4, 28, 2)
(4, 29, 2)
(4, 30, 2)
(4, 31, 2)
(4, 32, 1)
(4, 33, 1)
(4, 34, 1)
(4, 35, 1)
(4, 36, 1)
(4, 37, 1)
(4, 38, 1)
(4, 39, 1)

(5, 0, 4)
(5, 1, 4)
(5, 2, 4)
(5, 3, 4)
(5, 4, 4)
(5, 5, 4)
(5, 6, 4)
(5, 7, 4)
(5, 8, 4)
(5, 9, 4)
(5, 10, 4)
(5, 11, 4)
(5, 12, 4)
(5, 13, 4)
(5, 14, 4)
(5, 15, 4)
(5, 16, 4)
(5, 17, 4)
(5, 18, 3)
(5, 19, 3)
(5, 20, 3)
(5, 21, 3)
(5, 22, 3)
(5, 23, 2)
(5, 24, 2)
(5, 25, 2)
(5, 26, 2)
(5, 27, 2)
(5, 28, 2)
(5, 29, 2)
(5, 30, 2)
(5, 31, 2)
(5, 32, 1)
(5, 33, 1)
(5, 34, 1)
(5, 35, 1)
(5, 36, 1)
(5, 37, 1)
(5, 38, 1)
(5, 39, 1)

(6, 0, 7)
(6, 1, 6)
(6, 2, 6)
(6, 3, 5)
(6, 4, 5)
(6, 5, 5)
(6, 6, 5)
(6, 7, 5)
(6, 8, 5)
(6, 9, 5)
(6, 10, 5)
(6, 11, 5)
(6, 12, 5)
(6, 13, 5)
(6, 14, 5)
(6, 15, 5)
(6, 16, 5)
(6, 17, 5)
(6, 18, 4)
(6, 19, 4)
(6, 20, 4)
(6, 21, 3)
(6, 22, 3)
(6, 23, 2)
(6, 24, 2)
(6, 25, 2)
(6, 26, 2)
(6, 27, 2)
(6, 28, 2)
(6, 29, 2)
(6, 30, 2)
(6, 31, 2)
(6, 32, 1)
(6, 33, 1)
(6, 34, 1)
(6, 35, 1)
(6, 36, 1)
(6, 37, 1)
(6, 38, 1)
(6, 39, 1)

(7, 0, 12)
(7, 1, 11)
(7, 2, 11)
(7, 3, 9)
(7, 4, 7)
(7, 5, 7)
(7, 6, 7)
(7, 7, 7)
(7, 8, 7)
(7, 9, 7)
(7, 10, 7)
(7, 11, 7)
(7, 12, 7)
(7, 13, 7)
(7, 14, 6)
(7, 15, 6)
(7, 16, 5)
(7, 17, 5)
(7, 18, 4)
(7, 19, 4)
(7, 20, 3)
(7, 21, 2)
(7, 22, 2)
(7, 23, 2)
(7, 24, 2)
(7, 25, 2)
(7, 26, 2)
(7, 27, 1)
(7, 28, 1)
(7, 29, 1)
(7, 30, 1)
(7, 31, 1)
(7, 32, 1)
(7, 33, 1)
(7, 34, 1)
(7, 35, 1)
(7, 36, 1)
(7, 37, 1)
(7, 38, 1)
(7, 39, 1)

(8, 0, 13)
(8, 1, 11)
(8, 2, 11)
(8, 3, 9)
(8, 4, 7)
(8, 5, 7)
(8, 6, 7)
(8, 7, 7)
(8, 8, 7)
(8, 9, 7)
(8, 10, 7)
(8, 11, 7)
(8, 12, 7)
(8, 13, 6)
(8, 14, 6)
(8, 15, 6)
(8, 16, 5)
(8, 17, 5)
(8, 18, 4)
(8, 19, 4)
(8, 20, 3)
(8, 21, 2)
(8, 22, 2)
(8, 23, 2)
(8, 24, 2)
(8, 25, 2)
(8, 26, 2)
(8, 27, 1)
(8, 28, 1)
(8, 29, 1)
(8, 30, 1)
(8, 31, 1)
(8, 32, 1)
(8, 33, 1)
(8, 34, 1)
(8, 35, 1)
(8, 36, 1)
(8, 37, 1)
(8, 38, 1)
(8, 39, 1)

(9, 0, 13)
(9, 1, 11)
(9, 2, 11)
(9, 3, 9)
(9, 4, 7)
(9, 5, 7)
(9, 6, 7)
(9, 7, 7)
(9, 8, 7)
(9, 9, 7)
(9, 10, 7)
(9, 11, 7)
(9, 12, 7)
(9, 13, 6)
(9, 14, 6)
(9, 15, 6)
(9, 16, 5)
(9, 17, 5)
(9, 18, 4)
(9, 19, 4)
(9, 20, 3)
(9, 21, 2)
(9, 22, 2)
(9, 23, 2)
(9, 24, 2)
(9, 25, 2)
(9, 26, 2)
(9, 27, 1)
(9, 28, 1)
(9, 29, 1)
(9, 30, 1)
(9, 31, 1)
(9, 32, 1)
(9, 33, 1)
(9, 34, 1)
(9, 35, 1)
(9, 36, 1)
(9, 37, 1)
(9, 38, 1)
(9, 39, 1)

(10, 0, 13)
(10, 1, 11)
(10, 2, 11)
(10, 3, 9)
(10, 4, 7)
(10, 5, 7)
(10, 6, 7)
(10, 7, 7)
(10, 8, 7)
(10, 9, 7)
(10, 10, 7)
(10, 11, 7)
(10, 12, 7)
(10, 13, 6)
(10, 14, 6)
(10, 15, 6)
(10, 16, 5)
(10, 17, 5)
(10, 18, 4)
(10, 19, 4)
(10, 20, 3)
(10, 21, 2)
(10, 22, 2)
(10, 23, 2)
(10, 24, 2)
(10, 25, 2)
(10, 26, 2)
(10, 27, 1)
(10, 28, 1)
(10, 29, 1)
(10, 30, 1)
(10, 31, 1)
(10, 32, 1)
(10, 33, 1)
(10, 34, 1)
(10, 35, 1)
(10, 36, 1)
(10, 37, 1)
(10, 38, 1)
(10, 39, 1)

(11, 0, 13)
(11, 1, 11)
(11, 2, 11)
(11, 3, 9)
(11, 4, 7)
(11, 5, 7)
(11, 6, 7)
(11, 7, 7)
(11, 8, 7)
(11, 9, 7)
(11, 10, 7)
(11, 11, 7)
(11, 12, 7)
(11, 13, 6)
(11, 14, 6)
(11, 15, 6)
(11, 16, 5)
(11, 17, 5)
(11, 18, 4)
(11, 19, 4)
(11, 20, 3)
(11, 21, 2)
(11, 22, 2)
(11, 23, 2)
(11, 24, 2)
(11, 25, 2)
(11, 26, 2)
(11, 27, 1)
(11, 28, 1)
(11, 29, 1)
(11, 30, 1)
(11, 31, 1)
(11, 32, 1)
(11, 33, 1)
(11, 34, 1)
(11, 35, 1)
(11, 36, 1)
(11, 37, 1)
(11, 38, 1)
(11, 39, 1)

(12, 0, 19)
(12, 1, 16)
(12, 2, 15)
(12, 3, 11)
(12, 4, 9)
(12, 5, 8)
(12, 6, 8)
(12, 7, 8)
(12, 8, 8)
(12, 9, 8)
(12, 10, 8)
(12, 11, 8)
(12, 12, 8)
(12, 13, 7)
(12, 14, 7)
(12, 15, 7)
(12, 16, 6)
(12, 17, 6)
(12, 18, 5)
(12, 19, 5)
(12, 20, 4)
(12, 21, 3)
(12, 22, 3)
(12, 23, 3)
(12, 24, 3)
(12, 25, 3)
(12, 26, 3)
(12, 27, 2)
(12, 28, 2)
(12, 29, 2)
(12, 30, 2)
(12, 31, 2)
(12, 32, 2)
(12, 33, 2)
(12, 34, 2)
(12, 35, 2)
(12, 36, 2)
(12, 37, 2)
(12, 38, 2)
(12, 39, 2)

(13, 0, 22)
(13, 1, 19)
(13, 2, 18)
(13, 3, 13)
(13, 4, 11)
(13, 5, 10)
(13, 6, 10)
(13, 7, 10)
(13, 8, 9)
(13, 9, 9)
(13, 10, 9)
(13, 11, 9)
(13, 12, 9)
(13, 13, 8)
(13, 14, 8)
(13, 15, 8)
(13, 16, 7)
(13, 17, 7)
(13, 18, 6)
(13, 19, 5)
(13, 20, 4)
(13, 21, 3)
(13, 22, 3)
(13, 23, 3)
(13, 24, 3)
(13, 25, 3)
(13, 26, 3)
(13, 27, 2)
(13, 28, 2)
(13, 29, 2)
(13, 30, 2)
(13, 31, 2)
(13, 32, 2)
(13, 33, 2)
(13, 34, 2)
(13, 35, 2)
(13, 36, 2)
(13, 37, 2)
(13, 38, 2)
(13, 39, 2)

(14, 0, 30)
(14, 1, 26)
(14, 2, 24)
(14, 3, 17)
(14, 4, 15)
(14, 5, 14)
(14, 6, 13)
(14, 7, 13)
(14, 8, 12)
(14, 9, 12)
(14, 10, 11)
(14, 11, 11)
(14, 12, 10)
(14, 13, 9)
(14, 14, 9)
(14, 15, 9)
(14, 16, 8)
(14, 17, 8)
(14, 18, 7)
(14, 19, 6)
(14, 20, 5)
(14, 21, 4)
(14, 22, 4)
(14, 23, 4)
(14, 24, 4)
(14, 25, 4)
(14, 26, 4)
(14, 27, 3)
(14, 28, 3)
(14, 29, 3)
(14, 30, 3)
(14, 31, 3)
(14, 32, 3)
(14, 33, 3)
(14, 34, 3)
(14, 35, 3)
(14, 36, 3)
(14, 37, 3)
(14, 38, 3)
(14, 39, 3)

(15, 0, 41)
(15, 1, 34)
(15, 2, 29)
(15, 3, 21)
(15, 4, 19)
(15, 5, 18)
(15, 6, 17)
(15, 7, 17)
(15, 8, 14)
(15, 9, 14)
(15, 10, 11)
(15, 11, 11)
(15, 12, 11)
(15, 13, 10)
(15, 14, 10)
(15, 15, 10)
(15, 16, 9)
(15, 17, 9)
(15, 18, 8)
(15, 19, 7)
(15, 20, 5)
(15, 21, 4)
(15, 22, 4)
(15, 23, 4)
(15, 24, 4)
(15, 25, 4)
(15, 26, 4)
(15, 27, 3)
(15, 28, 3)
(15, 29, 3)
(15, 30, 3)
(15, 31, 3)
(15, 32, 3)
(15, 33, 3)
(15, 34, 3)
(15, 35, 3)
(15, 36, 3)
(15, 37, 3)
(15, 38, 3)
(15, 39, 3)

(16, 0, 63)
(16, 1, 51)
(16, 2, 41)
(16, 3, 29)
(16, 4, 23)
(16, 5, 19)
(16, 6, 16)
(16, 7, 15)
(16, 8, 12)
(16, 9, 12)
(16, 10, 12)
(16, 11, 12)
(16, 12, 12)
(16, 13, 11)
(16, 14, 11)
(16, 15, 10)
(16, 16, 9)
(16, 17, 9)
(16, 18, 8)
(16, 19, 7)
(16, 20, 6)
(16, 21, 4)
(16, 22, 4)
(16, 23, 4)
(16, 24, 4)
(16, 25, 4)
(16, 26, 4)
(16, 27, 3)
(16, 28, 3)
(16, 29, 3)
(16, 30, 3)
(16, 31, 3)
(16, 32, 3)
(16, 33, 3)
(16, 34, 3)
(16, 35, 3)
(16, 36, 2)
(16, 37, 2)
(16, 38, 2)
(16, 39, 2)

(17, 0, 76)
(17, 1, 57)
(17, 2, 46)
(17, 3, 33)
(17, 4, 27)
(17, 5, 22)
(17, 6, 16)
(17, 7, 14)
(17, 8, 11)
(17, 9, 11)
(17, 10, 11)
(17, 11, 11)
(17, 12, 11)
(17, 13, 10)
(17, 14, 10)
(17, 15, 10)
(17, 16, 9)
(17, 17, 9)
(17, 18, 8)
(17, 19, 6)
(17, 20, 5)
(17, 21, 4)
(17, 22, 4)
(17, 23, 4)
(17, 24, 4)
(17, 25, 4)
(17, 26, 4)
(17, 27, 3)
(17, 28, 3)
(17, 29, 3)
(17, 30, 3)
(17, 31, 3)
(17, 32, 3)
(17, 33, 3)
(17, 34, 3)
(17, 35, 3)
(17, 36, 2)
(17, 37, 2)
(17, 38, 2)
(17, 39, 2)

(18, 0, 83)
(18, 1, 64)
(18, 2, 53)
(18, 3, 38)
(18, 4, 32)
(18, 5, 26)
(18, 6, 20)
(18, 7, 16)
(18, 8, 13)
(18, 9, 13)
(18, 10, 12)
(18, 11, 12)
(18, 12, 12)
(18, 13, 11)
(18, 14, 11)
(18, 15, 11)
(18, 16, 10)
(18, 17, 10)
(18, 18, 9)
(18, 19, 6)
(18, 20, 5)
(18, 21, 3)
(18, 22, 3)
(18, 23, 3)
(18, 24, 3)
(18, 25, 3)
(18, 26, 3)
(18, 27, 2)
(18, 28, 2)
(18, 29, 2)
(18, 30, 2)
(18, 31, 2)
(18, 32, 2)
(18, 33, 2)
(18, 34, 2)
(18, 35, 2)
(18, 36, 1)
(18, 37, 1)
(18, 38, 1)
(18, 39, 1)

(19, 0, 97)
(19, 1, 75)
(19, 2, 60)
(19, 3, 45)
(19, 4, 35)
(19, 5, 27)
(19, 6, 21)
(19, 7, 16)
(19, 8, 13)
(19, 9, 12)
(19, 10, 12)
(19, 11, 12)
(19, 12, 12)
(19, 13, 11)
(19, 14, 11)
(19, 15, 11)
(19, 16, 10)
(19, 17, 8)
(19, 18, 7)
(19, 19, 6)
(19, 20, 5)
(19, 21, 3)
(19, 22, 3)
(19, 23, 3)
(19, 24, 3)
(19, 25, 3)
(19, 26, 3)
(19, 27, 2)
(19, 28, 2)
(19, 29, 2)
(19, 30, 2)
(19, 31, 2)
(19, 32, 2)
(19, 33, 2)
(19, 34, 2)
(19, 35, 2)
(19, 36, 1)
(19, 37, 1)
(19, 38, 1)
(19, 39, 1)

(20, 0, 112)
(20, 1, 83)
(20, 2, 64)
(20, 3, 44)
(20, 4, 35)
(20, 5, 27)
(20, 6, 21)
(20, 7, 16)
(20, 8, 13)
(20, 9, 12)
(20, 10, 12)
(20, 11, 12)
(20, 12, 12)
(20, 13, 11)
(20, 14, 11)
(20, 15, 11)
(20, 16, 10)
(20, 17, 8)
(20, 18, 7)
(20, 19, 6)
(20, 20, 5)
(20, 21, 3)
(20, 22, 3)
(20, 23, 3)
(20, 24, 3)
(20, 25, 3)
(20, 26, 3)
(20, 27, 2)
(20, 28, 2)
(20, 29, 2)
(20, 30, 2)
(20, 31, 2)
(20, 32, 2)
(20, 33, 2)
(20, 34, 2)
(20, 35, 2)
(20, 36, 1)
(20, 37, 1)
(20, 38, 1)
(20, 39, 1)

(21, 0, 119)
(21, 1, 90)
(21, 2, 71)
(21, 3, 49)
(21, 4, 39)
(21, 5, 31)
(21, 6, 25)
(21, 7, 20)
(21, 8, 17)
(21, 9, 16)
(21, 10, 16)
(21, 11, 16)
(21, 12, 16)
(21, 13, 13)
(21, 14, 13)
(21, 15, 13)
(21, 16, 12)
(21, 17, 10)
(21, 18, 9)
(21, 19, 8)
(21, 20, 7)
(21, 21, 5)
(21, 22, 4)
(21, 23, 4)
(21, 24, 4)
(21, 25, 4)
(21, 26, 4)
(21, 27, 3)
(21, 28, 3)
(21, 29, 3)
(21, 30, 3)
(21, 31, 3)
(21, 32, 3)
(21, 33, 3)
(21, 34, 3)
(21, 35, 3)
(21, 36, 2)
(21, 37, 2)
(21, 38, 2)
(21, 39, 2)

(22, 0, 136)
(22, 1, 104)
(22, 2, 81)
(22, 3, 56)
(22, 4, 46)
(22, 5, 36)
(22, 6, 29)
(22, 7, 24)
(22, 8, 21)
(22, 9, 20)
(22, 10, 18)
(22, 11, 18)
(22, 12, 17)
(22, 13, 15)
(22, 14, 15)
(22, 15, 15)
(22, 16, 14)
(22, 17, 11)
(22, 18, 9)
(22, 19, 8)
(22, 20, 6)
(22, 21, 4)
(22, 22, 4)
(22, 23, 4)
(22, 24, 4)
(22, 25, 4)
(22, 26, 4)
(22, 27, 3)
(22, 28, 3)
(22, 29, 3)
(22, 30, 3)
(22, 31, 2)
(22, 32, 2)
(22, 33, 2)
(22, 34, 2)
(22, 35, 2)
(22, 36, 2)
(22, 37, 2)
(22, 38, 2)
(22, 39, 2)

(23, 0, 152)
(23, 1, 116)
(23, 2, 92)
(23, 3, 62)
(23, 4, 52)
(23, 5, 41)
(23, 6, 32)
(23, 7, 25)
(23, 8, 22)
(23, 9, 20)
(23, 10, 18)
(23, 11, 18)
(23, 12, 17)
(23, 13, 15)
(23, 14, 15)
(23, 15, 15)
(23, 16, 14)
(23, 17, 11)
(23, 18, 9)
(23, 19, 8)
(23, 20, 6)
(23, 21, 4)
(23, 22, 4)
(23, 23, 4)
(23, 24, 4)
(23, 25, 4)
(23, 26, 4)
(23, 27, 3)
(23, 28, 3)
(23, 29, 3)
(23, 30, 3)
(23, 31, 2)
(23, 32, 2)
(23, 33, 2)
(23, 34, 2)
(23, 35, 2)
(23, 36, 2)
(23, 37, 2)
(23, 38, 2)
(23, 39, 2)

(24, 0, 171)
(24, 1, 128)
(24, 2, 99)
(24, 3, 66)
(24, 4, 54)
(24, 5, 43)
(24, 6, 34)
(24, 7, 27)
(24, 8, 23)
(24, 9, 21)
(24, 10, 19)
(24, 11, 19)
(24, 12, 18)
(24, 13, 16)
(24, 14, 16)
(24, 15, 16)
(24, 16, 15)
(24, 17, 12)
(24, 18, 10)
(24, 19, 9)
(24, 20, 7)
(24, 21, 5)
(24, 22, 5)
(24, 23, 5)
(24, 24, 5)
(24, 25, 5)
(24, 26, 5)
(24, 27, 4)
(24, 28, 4)
(24, 29, 4)
(24, 30, 3)
(24, 31, 3)
(24, 32, 3)
(24, 33, 2)
(24, 34, 2)
(24, 35, 2)
(24, 36, 2)
(24, 37, 2)
(24, 38, 2)
(24, 39, 2)

(25, 0, 190)
(25, 1, 138)
(25, 2, 105)
(25, 3, 71)
(25, 4, 57)
(25, 5, 46)
(25, 6, 37)
(25, 7, 30)
(25, 8, 26)
(25, 9, 22)
(25, 10, 20)
(25, 11, 20)
(25, 12, 19)
(25, 13, 16)
(25, 14, 16)
(25, 15, 16)
(25, 16, 15)
(25, 17, 12)
(25, 18, 10)
(25, 19, 9)
(25, 20, 7)
(25, 21, 4)
(25, 22, 4)
(25, 23, 4)
(25, 24, 4)
(25, 25, 4)
(25, 26, 4)
(25, 27, 3)
(25, 28, 3)
(25, 29, 3)
(25, 30, 3)
(25, 31, 3)
(25, 32, 3)
(25, 33, 2)
(25, 34, 2)
(25, 35, 2)
(25, 36, 2)
(25, 37, 2)
(25, 38, 2)
(25, 39, 2)

(26, 0, 215)
(26, 1, 153)
(26, 2, 115)
(26, 3, 78)
(26, 4, 63)
(26, 5, 51)
(26, 6, 42)
(26, 7, 34)
(26, 8, 30)
(26, 9, 27)
(26, 10, 25)
(26, 11, 24)
(26, 12, 23)
(26, 13, 20)
(26, 14, 20)
(26, 15, 19)
(26, 16, 17)
(26, 17, 14)
(26, 18, 12)
(26, 19, 11)
(26, 20, 8)
(26, 21, 5)
(26, 22, 5)
(26, 23, 5)
(26, 24, 4)
(26, 25, 4)
(26, 26, 4)
(26, 27, 3)
(26, 28, 3)
(26, 29, 3)
(26, 30, 3)
(26, 31, 3)
(26, 32, 3)
(26, 33, 3)
(26, 34, 3)
(26, 35, 3)
(26, 36, 3)
(26, 37, 3)
(26, 38, 3)
(26, 39, 3)

(27, 0, 250)
(27, 1, 178)
(27, 2, 135)
(27, 3, 89)
(27, 4, 72)
(27, 5, 59)
(27, 6, 48)
(27, 7, 39)
(27, 8, 33)
(27, 9, 29)
(27, 10, 27)
(27, 11, 25)
(27, 12, 23)
(27, 13, 20)
(27, 14, 19)
(27, 15, 18)
(27, 16, 16)
(27, 17, 13)
(27, 18, 11)
(27, 19, 10)
(27, 20, 6)
(27, 21, 4)
(27, 22, 4)
(27, 23, 4)
(27, 24, 4)
(27, 25, 4)
(27, 26, 4)
(27, 27, 3)
(27, 28, 3)
(27, 29, 3)
(27, 30, 3)
(27, 31, 3)
(27, 32, 3)
(27, 33, 3)
(27, 34, 3)
(27, 35, 3)
(27, 36, 3)
(27, 37, 3)
(27, 38, 3)
(27, 39, 3)

(28, 0, 292)
(28, 1, 202)
(28, 2, 148)
(28, 3, 97)
(28, 4, 75)
(28, 5, 62)
(28, 6, 52)
(28, 7, 43)
(28, 8, 37)
(28, 9, 33)
(28, 10, 30)
(28, 11, 28)
(28, 12, 25)
(28, 13, 21)
(28, 14, 20)
(28, 15, 17)
(28, 16, 16)
(28, 17, 13)
(28, 18, 11)
(28, 19, 8)
(28, 20, 7)
(28, 21, 5)
(28, 22, 5)
(28, 23, 5)
(28, 24, 5)
(28, 25, 5)
(28, 26, 5)
(28, 27, 4)
(28, 28, 4)
(28, 29, 4)
(28, 30, 4)
(28, 31, 4)
(28, 32, 4)
(28, 33, 4)
(28, 34, 4)
(28, 35, 4)
(28, 36, 4)
(28, 37, 4)
(28, 38, 4)
(28, 39, 4)

(29, 0, 318)
(29, 1, 218)
(29, 2, 158)
(29, 3, 101)
(29, 4, 78)
(29, 5, 65)
(29, 6, 55)
(29, 7, 45)
(29, 8, 38)
(29, 9, 33)
(29, 10, 29)
(29, 11, 26)
(29, 12, 24)
(29, 13, 21)
(29, 14, 20)
(29, 15, 17)
(29, 16, 15)
(29, 17, 12)
(29, 18, 10)
(29, 19, 8)
(29, 20, 7)
(29, 21, 5)
(29, 22, 5)
(29, 23, 5)
(29, 24, 5)
(29, 25, 5)
(29, 26, 5)
(29, 27, 4)
(29, 28, 4)
(29, 29, 4)
(29, 30, 4)
(29, 31, 4)
(29, 32, 4)
(29, 33, 4)
(29, 34, 4)
(29, 35, 4)
(29, 36, 4)
(29, 37, 4)
(29, 38, 4)
(29, 39, 3)

(30, 0, 336)
(30, 1, 232)
(30, 2, 168)
(30, 3, 109)
(30, 4, 85)
(30, 5, 69)
(30, 6, 58)
(30, 7, 48)
(30, 8, 40)
(30, 9, 35)
(30, 10, 31)
(30, 11, 28)
(30, 12, 24)
(30, 13, 21)
(30, 14, 20)
(30, 15, 17)
(30, 16, 15)
(30, 17, 12)
(30, 18, 10)
(30, 19, 8)
(30, 20, 7)
(30, 21, 5)
(30, 22, 5)
(30, 23, 5)
(30, 24, 5)
(30, 25, 5)
(30, 26, 5)
(30, 27, 4)
(30, 28, 4)
(30, 29, 4)
(30, 30, 4)
(30, 31, 4)
(30, 32, 4)
(30, 33, 4)
(30, 34, 4)
(30, 35, 4)
(30, 36, 4)
(30, 37, 4)
(30, 38, 4)
(30, 39, 3)

(31, 0, 373)
(31, 1, 260)
(31, 2, 185)
(31, 3, 122)
(31, 4, 94)
(31, 5, 77)
(31, 6, 64)
(31, 7, 54)
(31, 8, 46)
(31, 9, 41)
(31, 10, 36)
(31, 11, 32)
(31, 12, 28)
(31, 13, 24)
(31, 14, 22)
(31, 15, 19)
(31, 16, 16)
(31, 17, 13)
(31, 18, 11)
(31, 19, 9)
(31, 20, 8)
(31, 21, 6)
(31, 22, 6)
(31, 23, 6)
(31, 24, 6)
(31, 25, 6)
(31, 26, 6)
(31, 27, 5)
(31, 28, 5)
(31, 29, 5)
(31, 30, 5)
(31, 31, 5)
(31, 32, 5)
(31, 33, 5)
(31, 34, 5)
(31, 35, 5)
(31, 36, 5)
(31, 37, 5)
(31, 38, 5)
(31, 39, 4)

(32, 0, 427)
(32, 1, 287)
(32, 2, 198)
(32, 3, 128)
(32, 4, 101)
(32, 5, 82)
(32, 6, 67)
(32, 7, 57)
(32, 8, 49)
(32, 9, 44)
(32, 10, 38)
(32, 11, 32)
(32, 12, 29)
(32, 13, 25)
(32, 14, 21)
(32, 15, 19)
(32, 16, 15)
(32, 17, 13)
(32, 18, 11)
(32, 19, 9)
(32, 20, 8)
(32, 21, 6)
(32, 22, 6)
(32, 23, 6)
(32, 24, 6)
(32, 25, 6)
(32, 26, 6)
(32, 27, 5)
(32, 28, 5)
(32, 29, 5)
(32, 30, 5)
(32, 31, 5)
(32, 32, 4)
(32, 33, 4)
(32, 34, 4)
(32, 35, 4)
(32, 36, 4)
(32, 37, 4)
(32, 38, 4)
(32, 39, 4)

(33, 0, 486)
(33, 1, 321)
(33, 2, 217)
(33, 3, 140)
(33, 4, 107)
(33, 5, 86)
(33, 6, 69)
(33, 7, 58)
(33, 8, 48)
(33, 9, 43)
(33, 10, 37)
(33, 11, 32)
(33, 12, 29)
(33, 13, 24)
(33, 14, 21)
(33, 15, 19)
(33, 16, 15)
(33, 17, 13)
(33, 18, 11)
(33, 19, 9)
(33, 20, 8)
(33, 21, 6)
(33, 22, 6)
(33, 23, 6)
(33, 24, 6)
(33, 25, 6)
(33, 26, 6)
(33, 27, 5)
(33, 28, 5)
(33, 29, 5)
(33, 30, 5)
(33, 31, 5)
(33, 32, 4)
(33, 33, 4)
(33, 34, 4)
(33, 35, 4)
(33, 36, 4)
(33, 37, 4)
(33, 38, 3)
(33, 39, 3)

(34, 0, 535)
(34, 1, 343)
(34, 2, 231)
(34, 3, 147)
(34, 4, 109)
(34, 5, 89)
(34, 6, 71)
(34, 7, 59)
(34, 8, 49)
(34, 9, 44)
(34, 10, 37)
(34, 11, 32)
(34, 12, 29)
(34, 13, 23)
(34, 14, 20)
(34, 15, 18)
(34, 16, 15)
(34, 17, 13)
(34, 18, 11)
(34, 19, 9)
(34, 20, 8)
(34, 21, 6)
(34, 22, 6)
(34, 23, 6)
(34, 24, 6)
(34, 25, 6)
(34, 26, 5)
(34, 27, 4)
(34, 28, 4)
(34, 29, 4)
(34, 30, 3)
(34, 31, 3)
(34, 32, 2)
(34, 33, 2)
(34, 34, 2)
(34, 35, 2)
(34, 36, 2)
(34, 37, 2)
(34, 38, 2)
(34, 39, 2)

(35, 0, 550)
(35, 1, 353)
(35, 2, 241)
(35, 3, 156)
(35, 4, 118)
(35, 5, 95)
(35, 6, 77)
(35, 7, 64)
(35, 8, 53)
(35, 9, 47)
(35, 10, 40)
(35, 11, 35)
(35, 12, 31)
(35, 13, 24)
(35, 14, 21)
(35, 15, 19)
(35, 16, 16)
(35, 17, 13)
(35, 18, 11)
(35, 19, 9)
(35, 20, 8)
(35, 21, 6)
(35, 22, 6)
(35, 23, 6)
(35, 24, 6)
(35, 25, 3)
(35, 26, 3)
(35, 27, 2)
(35, 28, 2)
(35, 29, 2)
(35, 30, 2)
(35, 31, 2)
(35, 32, 2)
(35, 33, 2)
(35, 34, 2)
(35, 35, 2)
(35, 36, 2)
(35, 37, 2)
(35, 38, 2)
(35, 39, 2)

(36, 0, 570)
(36, 1, 359)
(36, 2, 247)
(36, 3, 162)
(36, 4, 124)
(36, 5, 101)
(36, 6, 83)
(36, 7, 69)
(36, 8, 57)
(36, 9, 51)
(36, 10, 41)
(36, 11, 35)
(36, 12, 30)
(36, 13, 23)
(36, 14, 20)
(36, 15, 18)
(36, 16, 13)
(36, 17, 11)
(36, 18, 9)
(36, 19, 7)
(36, 20, 5)
(36, 21, 3)
(36, 22, 3)
(36, 23, 3)
(36, 24, 3)
(36, 25, 3)
(36, 26, 3)
(36, 27, 2)
(36, 28, 2)
(36, 29, 2)
(36, 30, 2)
(36, 31, 2)
(36, 32, 2)
(36, 33, 2)
(36, 34, 2)
(36, 35, 2)
(36, 36, 2)
(36, 37, 2)
(36, 38, 2)
(36, 39, 2)

(37, 0, 623)
(37, 1, 379)
(37, 2, 255)
(37, 3, 168)
(37, 4, 130)
(37, 5, 107)
(37, 6, 88)
(37, 7, 70)
(37, 8, 58)
(37, 9, 50)
(37, 10, 41)
(37, 11, 35)
(37, 12, 31)
(37, 13, 24)
(37, 14, 21)
(37, 15, 17)
(37, 16, 13)
(37, 17, 11)
(37, 18, 9)
(37, 19, 7)
(37, 20, 6)
(37, 21, 4)
(37, 22, 4)
(37, 23, 4)
(37, 24, 4)
(37, 25, 4)
(37, 26, 4)
(37, 27, 3)
(37, 28, 3)
(37, 29, 2)
(37, 30, 2)
(37, 31, 2)
(37, 32, 2)
(37, 33, 2)
(37, 34, 2)
(37, 35, 2)
(37, 36, 2)
(37, 37, 2)
(37, 38, 2)
(37, 39, 2)

(38, 0, 647)
(38, 1, 392)
(38, 2, 261)
(38, 3, 175)
(38, 4, 136)
(38, 5, 111)
(38, 6, 92)
(38, 7, 73)
(38, 8, 60)
(38, 9, 51)
(38, 10, 41)
(38, 11, 35)
(38, 12, 30)
(38, 13, 23)
(38, 14, 20)
(38, 15, 16)
(38, 16, 12)
(38, 17, 10)
(38, 18, 8)
(38, 19, 6)
(38, 20, 5)
(38, 21, 3)
(38, 22, 3)
(38, 23, 3)
(38, 24, 3)
(38, 25, 3)
(38, 26, 3)
(38, 27, 2)
(38, 28, 2)
(38, 29, 2)
(38, 30, 2)
(38, 31, 2)
(38, 32, 2)
(38, 33, 2)
(38, 34, 2)
(38, 35, 2)
(38, 36, 2)
(38, 37, 2)
(38, 38, 2)
(38, 39, 2)

(39, 0, 666)
(39, 1, 401)
(39, 2, 267)
(39, 3, 181)
(39, 4, 138)
(39, 5, 113)
(39, 6, 93)
(39, 7, 74)
(39, 8, 61)
(39, 9, 52)
(39, 10, 42)
(39, 11, 35)
(39, 12, 30)
(39, 13, 22)
(39, 14, 19)
(39, 15, 15)
(39, 16, 11)
(39, 17, 9)
(39, 18, 7)
(39, 19, 5)
(39, 20, 4)
(39, 21, 2)
(39, 22, 2)
(39, 23, 2)
(39, 24, 2)
(39, 25, 2)
(39, 26, 2)
(39, 27, 1)
(39, 28, 1)
(39, 29, 1)
(39, 30, 1)
(39, 31, 1)
(39, 32, 1)
(39, 33, 1)
(39, 34, 1)
(39, 35, 1)
(39, 36, 1)
(39, 37, 1)
(39, 38, 1)
(39, 39, 1)


Betti numbers:
xi_0:
(0, 0, 2)
(1, 0, 1)
(5, 0, 1)
(6, 0, 3)
(7, 0, 5)
(8, 0, 1)
(12, 0, 6)
(13, 0, 3)
(14, 0, 8)
(15, 0, 11)
(16, 0, 22)
(17, 0, 13)
(18, 0, 7)
(19, 0, 14)
(20, 0, 15)
(21, 0, 7)
(22, 0, 17)
(23, 0, 16)
(24, 0, 19)
(25, 0, 19)
(26, 0, 25)
(27, 0, 35)
(28, 0, 42)
(29, 0, 26)
(30, 0, 18)
(31, 0, 37)
(32, 0, 54)
(33, 0, 59)
(34, 0, 49)
(35, 0, 15)
(36, 0, 20)
(37, 0, 53)
(38, 0, 24)
(39, 0, 19)
xi_1:
(0, 18, 1)
(1, 32, 1)
(5, 23, 1)
(6, 1, 1)
(6, 3, 1)
(6, 21, 1)
(7, 3, 1)
(7, 4, 2)
(7, 14, 1)
(7, 16, 1)
(7, 20, 1)
(7, 27, 1)
(8, 1, 1)
(8, 13, 1)
(12, 1, 1)
(12, 2, 1)
(12, 3, 2)
(12, 5, 1)
(13, 3, 1)
(13, 8, 1)
(13, 19, 1)
(14, 1, 1)
(14, 2, 1)
(14, 3, 2)
(14, 6, 1)
(14, 10, 1)
(14, 12, 1)
(15, 1, 3)
(15, 2, 3)
(15, 3, 1)
(15, 8, 2)
(15, 10, 2)
(15, 20, 1)
(16, 1, 5)
(16, 2, 5)
(16, 3, 4)
(16, 4, 4)
(16, 5, 3)
(16, 6, 2)
(16, 7, 1)
(16, 8, 2)
(16, 15, 1)
(16, 21, 1)
(16, 36, 1)
(17, 1, 7)
(17, 2, 1)
(17, 3, 1)
(17, 4, 1)
(17, 5, 1)
(17, 6, 3)
(17, 7, 1)
(17, 19, 1)
(18, 3, 2)
(18, 5, 1)
(18, 7, 2)
(18, 10, 1)
(18, 19, 1)
(18, 21, 1)
(19, 1, 3)
(19, 2, 4)
(19, 4, 4)
(19, 5, 2)
(19, 7, 1)
(19, 9, 1)
(19, 17, 2)
(20, 1, 7)
(20, 2, 4)
(20, 3, 5)
(21, 3, 2)
(21, 4, 1)
(21, 13, 2)
(21, 22, 1)
(22, 1, 3)
(22, 2, 4)
(22, 3, 3)
(22, 4, 1)
(22, 5, 2)
(22, 6, 1)
(22, 10, 2)
(22, 12, 1)
(22, 17, 1)
(22, 18, 1)
(22, 20, 1)
(22, 31, 1)
(23, 1, 4)
(23, 2, 1)
(23, 3, 5)
(23, 5, 1)
(23, 6, 2)
(23, 7, 2)
(23, 9, 1)
(24, 1, 7)
(24, 2, 5)
(24, 3, 5)
(24, 4, 2)
(24, 8, 1)
(24, 30, 1)
(24, 33, 1)
(25, 1, 9)
(25, 2, 4)
(25, 3, 3)
(25, 4, 2)
(25, 9, 2)
(25, 13, 1)
(25, 21, 1)
(26, 1, 10)
(26, 2, 5)
(26, 3, 3)
(26, 4, 1)
(26, 5, 1)
(26, 7, 1)
(26, 11, 1)
(26, 15, 1)
(26, 16, 1)
(26, 20, 1)
(26, 24, 1)
(27, 1, 10)
(27, 2, 5)
(27, 3, 9)
(27, 4, 2)
(27, 5, 1)
(27, 6, 2)
(27, 7, 1)
(27, 8, 2)
(27, 9, 1)
(27, 11, 1)
(27, 12, 1)
(27, 14, 1)
(27, 20, 1)
(28, 1, 18)
(28, 2, 12)
(28, 3, 6)
(28, 4, 5)
(28, 10, 1)
(28, 12, 1)
(28, 13, 1)
(28, 15, 2)
(28, 19, 2)
(29, 1, 10)
(29, 2, 6)
(29, 3, 6)
(29, 4, 2)
(29, 7, 1)
(29, 8, 1)
(29, 9, 1)
(29, 10, 1)
(29, 11, 1)
(29, 16, 1)
(29, 39, 1)
(30, 1, 4)
(30, 2, 4)
(30, 3, 3)
(30, 4, 1)
(30, 5, 3)
(30, 6, 1)
(30, 8, 1)
(30, 12, 2)
(31, 1, 9)
(31, 2, 11)
(31, 3, 4)
(31, 4, 4)
(31, 5, 1)
(31, 6, 2)
(31, 10, 1)
(31, 11, 1)
(31, 13, 1)
(31, 14, 1)
(31, 16, 1)
(32, 1, 27)
(32, 2, 15)
(32, 3, 8)
(32, 4, 2)
(32, 5, 2)
(32, 6, 2)
(32, 10, 1)
(32, 11, 2)
(32, 14, 2)
(32, 16, 1)
(32, 32, 1)
(33, 1, 25)
(33, 2, 18)
(33, 3, 7)
(33, 4, 6)
(33, 5, 3)
(33, 6, 3)
(33, 7, 1)
(33, 8, 2)
(33, 13, 1)
(33, 14, 1)
(33, 38, 1)
(34, 1, 27)
(34, 2, 8)
(34, 3, 7)
(34, 4, 7)
(34, 6, 2)
(34, 7, 1)
(34, 10, 1)
(34, 13, 1)
(34, 26, 1)
(34, 30, 1)
(35, 1, 5)
(35, 2, 1)
(35, 3, 1)
(35, 5, 3)
(35, 6, 1)
(35, 7, 1)
(35, 8, 1)
(35, 9, 1)
(35, 10, 1)
(35, 12, 1)
(35, 13, 1)
(35, 17, 1)
(35, 25, 3)
(36, 1, 14)
(36, 7, 1)
(36, 8, 1)
(36, 10, 3)
(36, 11, 1)
(36, 12, 1)
(36, 16, 2)
(36, 20, 1)
(37, 1, 33)
(37, 2, 12)
(37, 3, 2)
(37, 6, 1)
(37, 7, 4)
(37, 9, 2)
(37, 15, 2)
(37, 29, 1)
(38, 1, 11)
(38, 2, 7)
(38, 4, 1)
(38, 5, 2)
(38, 7, 1)
(38, 8, 1)
(38, 9, 1)
(38, 10, 1)
(38, 12, 1)
(39, 1, 10)
(39, 2, 3)
(39, 4, 4)
(39, 5, 1)
(39, 6, 1)
(39, 7, 1)
(39, 11, 1)
(39, 13, 1)
xi_2:
(7, 23, 1)
(7, 32, 1)
(8, 14, 1)
(15, 12, 1)
(16, 8, 2)
(16, 10, 3)
(16, 20, 1)
(17, 4, 1)
(17, 15, 1)
(17, 21, 1)
(19, 10, 1)
(19, 19, 2)
(20, 4, 1)
(22, 4, 1)
(22, 13, 1)
(22, 22, 1)
(22, 36, 1)
(24, 3, 2)
(24, 31, 1)
(25, 3, 2)
(25, 30, 1)
(26, 9, 1)
(26, 33, 1)
(27, 21, 1)
(27, 24, 1)
(28, 2, 1)
(28, 3, 1)
(28, 6, 1)
(28, 16, 1)
(28, 20, 3)
(29, 4, 1)
(29, 12, 1)
(29, 13, 1)
(29, 19, 1)
(30, 3, 1)
(32, 2, 1)
(32, 3, 1)
(32, 4, 3)
(32, 12, 1)
(32, 15, 1)
(32, 17, 1)
(32, 39, 1)
(33, 2, 3)
(33, 5, 1)
(33, 6, 1)
(33, 11, 1)
(33, 14, 2)
(34, 4, 2)
(34, 5, 1)
(34, 6, 1)
(34, 16, 1)
(34, 38, 1)
(35, 2, 1)
(35, 6, 1)
(35, 10, 1)
(35, 26, 1)
(35, 30, 1)
(35, 32, 1)
(36, 17, 1)
(36, 25, 3)
(37, 10, 1)
(37, 12, 1)
(37, 16, 1)
(37, 20, 1)
(38, 3, 1)
(38, 29, 1)
(39, 5, 1)
(39, 7, 1)
