x-grades
-868618377231865151/1000000000000000000
-426919061100925201/500000000000000000
-839057867171835653/1000000000000000000
-103034701517727613/125000000000000000
-161899471422361231/200000000000000000
-397358551040895703/500000000000000000
-779936847051776657/1000000000000000000
-191289148005440477/250000000000000000
-750376336991747159/1000000000000000000
-73559608196173241/100000000000000000
-720815826931717661/1000000000000000000
-2757951452741027/3906250000000000
-691255316871688163/1000000000000000000
-338237530920836707/500000000000000000
-132338961362331733/200000000000000000
-161728637945410979/250000000000000000
-632134296751629167/1000000000000000000
-308677020860807209/500000000000000000
-602573786691599669/1000000000000000000
-14694838291539623/25000000000000000
-573013276631570171/1000000000000000000
-279116510800777711/500000000000000000
-543452766571540673/1000000000000000000
-132168127885381481/250000000000000000
-20555690260460447/40000000000000000
-249556000740748213/500000000000000000
-484331746451481677/1000000000000000000
-29346968213841683/62500000000000000
-454771236391452179/1000000000000000000
-43999098136143743/100000000000000000
-425210726331422681/1000000000000000000
-102607617825351983/250000000000000000
-395650216271393183/1000000000000000000
-190434980620689217/500000000000000000
-73217941242272737/200000000000000000
-43913681397668617/125000000000000000
-336529196151334187/1000000000000000000
-160874470560659719/500000000000000000
-306968686091304689/1000000000000000000
-14609421553064497/50000000000000000

y-grades
1/4
1/2
3/4
1
5/4
3/2
7/4
2
9/4
5/2
11/4
3
13/4
7/2
15/4
4
17/4
9/2
19/4
5
21/4
11/2
23/4
6
25/4
13/2
27/4
7
29/4
15/2
31/4
8
33/4
17/2
35/4
9
37/4
19/2
39/4
10

Dimensions > 0:
(0, 0, 1)
(0, 1, 1)
(0, 2, 1)
(0, 3, 1)
(0, 4, 1)
(0, 5, 1)
(0, 6, 1)
(0, 7, 1)
(0, 8, 1)
(0, 9, 1)
(0, 10, 1)
(0, 11, 1)
(0, 12, 1)
(0, 13, 1)
(0, 14, 1)
(0, 15, 1)
(0, 16, 1)
(0, 17, 1)
(0, 18, 1)
(0, 19, 1)
(0, 20, 1)
(0, 21, 1)
(0, 22, 1)
(0, 23, 1)
(0, 24, 1)
(0, 25, 1)
(0, 26, 1)
(0, 27, 1)
(0, 28, 1)
(0, 29, 1)
(0, 30, 1)
(0, 31, 1)
(0, 32, 1)
(0, 33, 1)
(0, 34, 1)
(0, 35, 1)
(0, 36, 1)
(0, 37, 1)
(0, 38, 1)
(0, 39, 1)

(1, 0, 1)
(1, 1, 1)
(1, 2, 1)
(1, 3, 1)
(1, 4, 1)
(1, 5, 1)
(1, 6, 1)
(1, 7, 1)
(1, 8, 1)
(1, 9, 1)
(1, 10, 1)
(1, 11, 1)
(1, 12, 1)
(1, 13, 1)
(1, 14, 1)
(1, 15, 1)
(1, 16, 1)
(1, 17, 1)
(1, 18, 1)
(1, 19, 1)
(1, 20, 1)
(1, 21, 1)
(1, 22, 1)
(1, 23, 1)
(1, 24, 1)
(1, 25, 1)
(1, 26, 1)
(1, 27, 1)
(1, 28, 1)
(1, 29, 1)
(1, 30, 1)
(1, 31, 1)
(1, 32, 1)
(1, 33, 1)
(1, 34, 1)
(1, 35, 1)
(1, 36, 1)
(1, 37, 1)
(1, 38, 1)
(1, 39, 1)

(2, 0, 2)
(2, 1, 2)
(2, 2, 2)
(2, 3, 2)
(2, 4, 2)
(2, 5, 2)
(2, 6, 1)
(2, 7, 1)
(2, 8, 1)
(2, 9, 1)
(2, 10, 1)
(2, 11, 1)
(2, 12, 1)
(2, 13, 1)
(2, 14, 1)
(2, 15, 1)
(2, 16, 1)
(2, 17, 1)
(2, 18, 1)
(2, 19, 1)
(2, 20, 1)
(2, 21, 1)
(2, 22, 1)
(2, 23, 1)
(2, 24, 1)
(2, 25, 1)
(2, 26, 1)
(2, 27, 1)
(2, 28, 1)
(2, 29, 1)
(2, 30, 1)
(2, 31, 1)
(2, 32, 1)
(2, 33, 1)
(2, 34, 1)
(2, 35, 1)
(2, 36, 1)
(2, 37, 1)
(2, 38, 1)
(2, 39, 1)

(3, 0, 3)
(3, 1, 3)
(3, 2, 3)
(3, 3, 3)
(3, 4, 3)
(3, 5, 3)
(3, 6, 2)
(3, 7, 2)
(3, 8, 2)
(3, 9, 2)
(3, 10, 2)
(3, 11, 2)
(3, 12, 2)
(3, 13, 2)
(3, 14, 2)
(3, 15, 2)
(3, 16, 2)
(3, 17, 2)
(3, 18, 2)
(3, 19, 2)
(3, 20, 2)
(3, 21, 2)
(3, 22, 2)
(3, 23, 2)
(3, 24, 2)
(3, 25, 2)
(3, 26, 2)
(3, 27, 2)
(3, 28, 2)
(3, 29, 2)
(3, 30, 2)
(3, 31, 2)
(3, 32, 2)
(3, 33, 2)
(3, 34, 2)
(3, 35, 2)
(3, 36, 2)
(3, 37, 2)
(3, 38, 2)
(3, 39, 2)

(4, 0, 6)
(4, 1, 6)
(4, 2, 6)
(4, 3, 6)
(4, 4, 6)
(4, 5, 6)
(4, 6, 4)
(4, 7, 3)
(4, 8, 3)
(4, 9, 3)
(4, 10, 3)
(4, 11, 3)
(4, 12, 3)
(4, 13, 3)
(4, 14, 3)
(4, 15, 3)
(4, 16, 3)
(4, 17, 3)
(4, 18, 3)
(4, 19, 3)
(4, 20, 3)
(4, 21, 3)
(4, 22, 3)
(4, 23, 3)
(4, 24, 3)
(4, 25, 3)
(4, 26, 3)
(4, 27, 3)
(4, 28, 3)
(4, 29, 3)
(4, 30, 3)
(4, 31, 3)
(4, 32, 3)
(4, 33, 3)
(4, 34, 3)
(4, 35, 3)
(4, 36, 3)
(4, 37, 3)
(4, 38, 3)
(4, 39, 3)

(5, 0, 10)
(5, 1, 10)
(5, 2, 9)
(5, 3, 9)
(5, 4, 9)
(5, 5, 9)
(5, 6, 6)
(5, 7, 4)
(5, 8, 3)
(5, 9, 3)
(5, 10, 3)
(5, 11, 3)
(5, 12, 3)
(5, 13, 3)
(5, 14, 3)
(5, 15, 3)
(5, 16, 3)
(5, 17, 3)
(5, 18, 3)
(5, 19, 3)
(5, 20, 3)
(5, 21, 3)
(5, 22, 3)
(5, 23, 3)
(5, 24, 3)
(5, 25, 3)
(5, 26, 3)
(5, 27, 3)
(5, 28, 3)
(5, 29, 3)
(5, 30, 3)
(5, 31, 3)
(5, 32, 3)
(5, 33, 3)
(5, 34, 3)
(5, 35, 3)
(5, 36, 3)
(5, 37, 3)
(5, 38, 3)
(5, 39, 3)

(6, 0, 12)
(6, 1, 12)
(6, 2, 11)
(6, 3, 11)
(6, 4, 11)
(6, 5, 11)
(6, 6, 8)
(6, 7, 5)
(6, 8, 4)
(6, 9, 4)
(6, 10, 4)
(6, 11, 4)
(6, 12, 4)
(6, 13, 4)
(6, 14, 4)
(6, 15, 4)
(6, 16, 4)
(6, 17, 4)
(6, 18, 4)
(6, 19, 4)
(6, 20, 4)
(6, 21, 4)
(6, 22, 4)
(6, 23, 4)
(6, 24, 4)
(6, 25, 4)
(6, 26, 4)
(6, 27, 4)
(6, 28, 4)
(6, 29, 4)
(6, 30, 4)
(6, 31, 4)
(6, 32, 4)
(6, 33, 4)
(6, 34, 4)
(6, 35, 4)
(6, 36, 4)
(6, 37, 4)
(6, 38, 4)
(6, 39, 4)

(7, 0, 16)
(7, 1, 16)
(7, 2, 15)
(7, 3, 15)
(7, 4, 15)
(7, 5, 15)
(7, 6, 12)
(7, 7, 7)
(7, 8, 4)
(7, 9, 4)
(7, 10, 4)
(7, 11, 4)
(7, 12, 4)
(7, 13, 4)
(7, 14, 4)
(7, 15, 4)
(7, 16, 4)
(7, 17, 4)
(7, 18, 4)
(7, 19, 4)
(7, 20, 4)
(7, 21, 4)
(7, 22, 4)
(7, 23, 4)
(7, 24, 4)
(7, 25, 4)
(7, 26, 4)
(7, 27, 4)
(7, 28, 4)
(7, 29, 4)
(7, 30, 4)
(7, 31, 4)
(7, 32, 4)
(7, 33, 4)
(7, 34, 4)
(7, 35, 4)
(7, 36, 4)
(7, 37, 4)
(7, 38, 4)
(7, 39, 4)

(8, 0, 21)
(8, 1, 21)
(8, 2, 20)
(8, 3, 20)
(8, 4, 20)
(8, 5, 20)
(8, 6, 17)
(8, 7, 8)
(8, 8, 5)
(8, 9, 5)
(8, 10, 5)
(8, 11, 5)
(8, 12, 5)
(8, 13, 5)
(8, 14, 5)
(8, 15, 5)
(8, 16, 5)
(8, 17, 5)
(8, 18, 5)
(8, 19, 5)
(8, 20, 5)
(8, 21, 5)
(8, 22, 5)
(8, 23, 3)
(8, 24, 3)
(8, 25, 3)
(8, 26, 3)
(8, 27, 3)
(8, 28, 3)
(8, 29, 3)
(8, 30, 3)
(8, 31, 3)
(8, 32, 3)
(8, 33, 3)
(8, 34, 3)
(8, 35, 3)
(8, 36, 3)
(8, 37, 3)
(8, 38, 3)
(8, 39, 3)

(9, 0, 23)
(9, 1, 23)
(9, 2, 22)
(9, 3, 22)
(9, 4, 22)
(9, 5, 22)
(9, 6, 19)
(9, 7, 9)
(9, 8, 5)
(9, 9, 5)
(9, 10, 5)
(9, 11, 5)
(9, 12, 5)
(9, 13, 5)
(9, 14, 5)
(9, 15, 5)
(9, 16, 5)
(9, 17, 5)
(9, 18, 5)
(9, 19, 5)
(9, 20, 5)
(9, 21, 5)
(9, 22, 5)
(9, 23, 3)
(9, 24, 3)
(9, 25, 3)
(9, 26, 3)
(9, 27, 3)
(9, 28, 3)
(9, 29, 3)
(9, 30, 3)
(9, 31, 3)
(9, 32, 3)
(9, 33, 3)
(9, 34, 3)
(9, 35, 3)
(9, 36, 3)
(9, 37, 3)
(9, 38, 3)
(9, 39, 3)

(10, 0, 24)
(10, 1, 24)
(10, 2, 23)
(10, 3, 23)
(10, 4, 23)
(10, 5, 23)
(10, 6, 20)
(10, 7, 10)
(10, 8, 5)
(10, 9, 5)
(10, 10, 5)
(10, 11, 5)
(10, 12, 5)
(10, 13, 5)
(10, 14, 5)
(10, 15, 5)
(10, 16, 5)
(10, 17, 5)
(10, 18, 5)
(10, 19, 5)
(10, 20, 5)
(10, 21, 5)
(10, 22, 5)
(10, 23, 3)
(10, 24, 3)
(10, 25, 3)
(10, 26, 3)
(10, 27, 3)
(10, 28, 3)
(10, 29, 3)
(10, 30, 3)
(10, 31, 3)
(10, 32, 3)
(10, 33, 3)
(10, 34, 3)
(10, 35, 3)
(10, 36, 3)
(10, 37, 3)
(10, 38, 3)
(10, 39, 3)

(11, 0, 24)
(11, 1, 24)
(11, 2, 23)
(11, 3, 23)
(11, 4, 23)
(11, 5, 23)
(11, 6, 20)
(11, 7, 10)
(11, 8, 5)
(11, 9, 5)
(11, 10, 5)
(11, 11, 5)
(11, 12, 5)
(11, 13, 5)
(11, 14, 5)
(11, 15, 5)
(11, 16, 5)
(11, 17, 5)
(11, 18, 5)
(11, 19, 5)
(11, 20, 5)
(11, 21, 5)
(11, 22, 5)
(11, 23, 3)
(11, 24, 3)
(11, 25, 3)
(11, 26, 3)
(11, 27, 3)
(11, 28, 3)
(11, 29, 3)
(11, 30, 3)
(11, 31, 3)
(11, 32, 3)
(11, 33, 3)
(11, 34, 3)
(11, 35, 3)
(11, 36, 3)
(11, 37, 3)
(11, 38, 3)
(11, 39, 3)

(12, 0, 24)
(12, 1, 24)
(12, 2, 23)
(12, 3, 23)
(12, 4, 23)
(12, 5, 23)
(12, 6, 20)
(12, 7, 10)
(12, 8, 5)
(12, 9, 5)
(12, 10, 5)
(12, 11, 5)
(12, 12, 5)
(12, 13, 5)
(12, 14, 5)
(12, 15, 5)
(12, 16, 5)
(12, 17, 5)
(12, 18, 5)
(12, 19, 5)
(12, 20, 5)
(12, 21, 5)
(12, 22, 5)
(12, 23, 3)
(12, 24, 3)
(12, 25, 3)
(12, 26, 3)
(12, 27, 3)
(12, 28, 3)
(12, 29, 3)
(12, 30, 3)
(12, 31, 3)
(12, 32, 3)
(12, 33, 3)
(12, 34, 3)
(12, 35, 3)
(12, 36, 3)
(12, 37, 3)
(12, 38, 3)
(12, 39, 3)

(13, 0, 24)
(13, 1, 24)
(13, 2, 23)
(13, 3, 23)
(13, 4, 23)
(13, 5, 23)
(13, 6, 20)
(13, 7, 10)
(13, 8, 5)
(13, 9, 5)
(13, 10, 5)
(13, 11, 5)
(13, 12, 5)
(13, 13, 5)
(13, 14, 5)
(13, 15, 5)
(13, 16, 5)
(13, 17, 5)
(13, 18, 5)
(13, 19, 5)
(13, 20, 5)
(13, 21, 5)
(13, 22, 5)
(13, 23, 3)
(13, 24, 3)
(13, 25, 3)
(13, 26, 3)
(13, 27, 3)
(13, 28, 3)
(13, 29, 3)
(13, 30, 3)
(13, 31, 3)
(13, 32, 3)
(13, 33, 3)
(13, 34, 3)
(13, 35, 3)
(13, 36, 3)
(13, 37, 3)
(13, 38, 3)
(13, 39, 3)

(14, 0, 24)
(14, 1, 24)
(14, 2, 23)
(14, 3, 23)
(14, 4, 23)
(14, 5, 23)
(14, 6, 20)
(14, 7, 10)
(14, 8, 5)
(14, 9, 5)
(14, 10, 5)
(14, 11, 5)
(14, 12, 5)
(14, 13, 5)
(14, 14, 5)
(14, 15, 5)
(14, 16, 5)
(14, 17, 5)
(14, 18, 5)
(14, 19, 5)
(14, 20, 5)
(14, 21, 5)
(14, 22, 5)
(14, 23, 3)
(14, 24, 3)
(14, 25, 3)
(14, 26, 3)
(14, 27, 3)
(14, 28, 3)
(14, 29, 3)
(14, 30, 3)
(14, 31, 3)
(14, 32, 3)
(14, 33, 3)
(14, 34, 3)
(14, 35, 3)
(14, 36, 3)
(14, 37, 3)
(14, 38, 3)
(14, 39, 3)

(15, 0, 24)
(15, 1, 24)
(15, 2, 23)
(15, 3, 23)
(15, 4, 23)
(15, 5, 23)
(15, 6, 20)
(15, 7, 10)
(15, 8, 5)
(15, 9, 5)
(15, 10, 5)
(15, 11, 5)
(15, 12, 5)
(15, 13, 5)
(15, 14, 5)
(15, 15, 5)
(15, 16, 5)
(15, 17, 5)
(15, 18, 5)
(15, 19, 5)
(15, 20, 5)
(15, 21, 5)
(15, 22, 5)
(15, 23, 3)
(15, 24, 3)
(15, 25, 3)
(15, 26, 3)
(15, 27, 3)
(15, 28, 3)
(15, 29, 3)
(15, 30, 3)
(15, 31, 3)
(15, 32, 3)
(15, 33, 3)
(15, 34, 3)
(15, 35, 3)
(15, 36, 3)
(15, 37, 3)
(15, 38, 3)
(15, 39, 3)

(16, 0, 24)
(16, 1, 24)
(16, 2, 23)
(16, 3, 23)
(16, 4, 23)
(16, 5, 23)
(16, 6, 20)
(16, 7, 10)
(16, 8, 5)
(16, 9, 5)
(16, 10, 5)
(16, 11, 5)
(16, 12, 5)
(16, 13, 5)
(16, 14, 5)
(16, 15, 5)
(16, 16, 5)
(16, 17, 5)
(16, 18, 5)
(16, 19, 5)
(16, 20, 5)
(16, 21, 5)
(16, 22, 5)
(16, 23, 3)
(16, 24, 3)
(16, 25, 3)
(16, 26, 3)
(16, 27, 3)
(16, 28, 3)
(16, 29, 3)
(16, 30, 3)
(16, 31, 3)
(16, 32, 3)
(16, 33, 3)
(16, 34, 3)
(16, 35, 3)
(16, 36, 3)
(16, 37, 3)
(16, 38, 3)
(16, 39, 3)

(17, 0, 25)
(17, 1, 25)
(17, 2, 24)
(17, 3, 24)
(17, 4, 24)
(17, 5, 24)
(17, 6, 21)
(17, 7, 11)
(17, 8, 6)
(17, 9, 6)
(17, 10, 6)
(17, 11, 6)
(17, 12, 6)
(17, 13, 6)
(17, 14, 6)
(17, 15, 6)
(17, 16, 6)
(17, 17, 6)
(17, 18, 6)
(17, 19, 6)
(17, 20, 6)
(17, 21, 6)
(17, 22, 6)
(17, 23, 4)
(17, 24, 4)
(17, 25, 4)
(17, 26, 4)
(17, 27, 4)
(17, 28, 4)
(17, 29, 4)
(17, 30, 4)
(17, 31, 4)
(17, 32, 4)
(17, 33, 4)
(17, 34, 4)
(17, 35, 4)
(17, 36, 4)
(17, 37, 4)
(17, 38, 4)
(17, 39, 4)

(18, 0, 26)
(18, 1, 26)
(18, 2, 25)
(18, 3, 25)
(18, 4, 25)
(18, 5, 25)
(18, 6, 22)
(18, 7, 12)
(18, 8, 7)
(18, 9, 7)
(18, 10, 7)
(18, 11, 7)
(18, 12, 7)
(18, 13, 6)
(18, 14, 6)
(18, 15, 6)
(18, 16, 6)
(18, 17, 6)
(18, 18, 6)
(18, 19, 6)
(18, 20, 6)
(18, 21, 6)
(18, 22, 6)
(18, 23, 4)
(18, 24, 4)
(18, 25, 4)
(18, 26, 4)
(18, 27, 4)
(18, 28, 4)
(18, 29, 4)
(18, 30, 4)
(18, 31, 4)
(18, 32, 4)
(18, 33, 4)
(18, 34, 4)
(18, 35, 4)
(18, 36, 4)
(18, 37, 4)
(18, 38, 4)
(18, 39, 4)

(19, 0, 29)
(19, 1, 28)
(19, 2, 27)
(19, 3, 27)
(19, 4, 27)
(19, 5, 26)
(19, 6, 23)
(19, 7, 13)
(19, 8, 8)
(19, 9, 8)
(19, 10, 8)
(19, 11, 8)
(19, 12, 8)
(19, 13, 7)
(19, 14, 7)
(19, 15, 7)
(19, 16, 7)
(19, 17, 7)
(19, 18, 7)
(19, 19, 7)
(19, 20, 7)
(19, 21, 7)
(19, 22, 7)
(19, 23, 5)
(19, 24, 5)
(19, 25, 5)
(19, 26, 5)
(19, 27, 5)
(19, 28, 5)
(19, 29, 5)
(19, 30, 5)
(19, 31, 5)
(19, 32, 5)
(19, 33, 5)
(19, 34, 5)
(19, 35, 5)
(19, 36, 5)
(19, 37, 5)
(19, 38, 5)
(19, 39, 5)

(20, 0, 38)
(20, 1, 30)
(20, 2, 29)
(20, 3, 29)
(20, 4, 29)
(20, 5, 27)
(20, 6, 22)
(20, 7, 12)
(20, 8, 7)
(20, 9, 7)
(20, 10, 7)
(20, 11, 7)
(20, 12, 7)
(20, 13, 7)
(20, 14, 7)
(20, 15, 7)
(20, 16, 7)
(20, 17, 7)
(20, 18, 7)
(20, 19, 7)
(20, 20, 7)
(20, 21, 7)
(20, 22, 7)
(20, 23, 5)
(20, 24, 5)
(20, 25, 5)
(20, 26, 5)
(20, 27, 5)
(20, 28, 5)
(20, 29, 5)
(20, 30, 5)
(20, 31, 5)
(20, 32, 5)
(20, 33, 5)
(20, 34, 5)
(20, 35, 5)
(20, 36, 5)
(20, 37, 5)
(20, 38, 5)
(20, 39, 5)

(21, 0, 51)
(21, 1, 32)
(21, 2, 31)
(21, 3, 31)
(21, 4, 31)
(21, 5, 28)
(21, 6, 23)
(21, 7, 13)
(21, 8, 8)
(21, 9, 8)
(21, 10, 8)
(21, 11, 8)
(21, 12, 8)
(21, 13, 8)
(21, 14, 8)
(21, 15, 8)
(21, 16, 8)
(21, 17, 8)
(21, 18, 8)
(21, 19, 8)
(21, 20, 8)
(21, 21, 8)
(21, 22, 8)
(21, 23, 6)
(21, 24, 6)
(21, 25, 6)
(21, 26, 6)
(21, 27, 6)
(21, 28, 5)
(21, 29, 5)
(21, 30, 5)
(21, 31, 5)
(21, 32, 5)
(21, 33, 5)
(21, 34, 5)
(21, 35, 5)
(21, 36, 5)
(21, 37, 5)
(21, 38, 5)
(21, 39, 5)

(22, 0, 66)
(22, 1, 38)
(22, 2, 35)
(22, 3, 35)
(22, 4, 35)
(22, 5, 31)
(22, 6, 24)
(22, 7, 14)
(22, 8, 9)
(22, 9, 8)
(22, 10, 8)
(22, 11, 8)
(22, 12, 8)
(22, 13, 8)
(22, 14, 8)
(22, 15, 8)
(22, 16, 8)
(22, 17, 8)
(22, 18, 8)
(22, 19, 8)
(22, 20, 8)
(22, 21, 8)
(22, 22, 8)
(22, 23, 6)
(22, 24, 6)
(22, 25, 6)
(22, 26, 5)
(22, 27, 5)
(22, 28, 5)
(22, 29, 5)
(22, 30, 5)
(22, 31, 5)
(22, 32, 5)
(22, 33, 5)
(22, 34, 5)
(22, 35, 5)
(22, 36, 5)
(22, 37, 5)
(22, 38, 5)
(22, 39, 5)

(23, 0, 93)
(23, 1, 40)
(23, 2, 38)
(23, 3, 38)
(23, 4, 37)
(23, 5, 33)
(23, 6, 25)
(23, 7, 13)
(23, 8, 8)
(23, 9, 8)
(23, 10, 8)
(23, 11, 8)
(23, 12, 8)
(23, 13, 8)
(23, 14, 8)
(23, 15, 8)
(23, 16, 8)
(23, 17, 8)
(23, 18, 8)
(23, 19, 8)
(23, 20, 8)
(23, 21, 8)
(23, 22, 8)
(23, 23, 6)
(23, 24, 6)
(23, 25, 6)
(23, 26, 5)
(23, 27, 5)
(23, 28, 5)
(23, 29, 5)
(23, 30, 5)
(23, 31, 5)
(23, 32, 5)
(23, 33, 5)
(23, 34, 5)
(23, 35, 5)
(23, 36, 5)
(23, 37, 5)
(23, 38, 5)
(23, 39, 5)

(24, 0, 117)
(24, 1, 42)
(24, 2, 40)
(24, 3, 40)
(24, 4, 38)
(24, 5, 34)
(24, 6, 25)
(24, 7, 14)
(24, 8, 9)
(24, 9, 9)
(24, 10, 9)
(24, 11, 9)
(24, 12, 9)
(24, 13, 9)
(24, 14, 9)
(24, 15, 9)
(24, 16, 9)
(24, 17, 9)
(24, 18, 9)
(24, 19, 9)
(24, 20, 9)
(24, 21, 9)
(24, 22, 9)
(24, 23, 7)
(24, 24, 7)
(24, 25, 7)
(24, 26, 6)
(24, 27, 6)
(24, 28, 6)
(24, 29, 6)
(24, 30, 6)
(24, 31, 6)
(24, 32, 6)
(24, 33, 6)
(24, 34, 6)
(24, 35, 6)
(24, 36, 6)
(24, 37, 6)
(24, 38, 6)
(24, 39, 6)

(25, 0, 136)
(25, 1, 46)
(25, 2, 44)
(25, 3, 43)
(25, 4, 42)
(25, 5, 37)
(25, 6, 28)
(25, 7, 16)
(25, 8, 10)
(25, 9, 10)
(25, 10, 10)
(25, 11, 10)
(25, 12, 10)
(25, 13, 9)
(25, 14, 9)
(25, 15, 9)
(25, 16, 9)
(25, 17, 9)
(25, 18, 9)
(25, 19, 9)
(25, 20, 9)
(25, 21, 9)
(25, 22, 9)
(25, 23, 7)
(25, 24, 7)
(25, 25, 7)
(25, 26, 6)
(25, 27, 6)
(25, 28, 6)
(25, 29, 6)
(25, 30, 6)
(25, 31, 6)
(25, 32, 6)
(25, 33, 6)
(25, 34, 6)
(25, 35, 6)
(25, 36, 6)
(25, 37, 6)
(25, 38, 6)
(25, 39, 6)

(26, 0, 146)
(26, 1, 48)
(26, 2, 46)
(26, 3, 45)
(26, 4, 44)
(26, 5, 38)
(26, 6, 29)
(26, 7, 17)
(26, 8, 11)
(26, 9, 11)
(26, 10, 11)
(26, 11, 11)
(26, 12, 11)
(26, 13, 10)
(26, 14, 10)
(26, 15, 10)
(26, 16, 10)
(26, 17, 10)
(26, 18, 10)
(26, 19, 10)
(26, 20, 10)
(26, 21, 10)
(26, 22, 10)
(26, 23, 8)
(26, 24, 8)
(26, 25, 8)
(26, 26, 7)
(26, 27, 7)
(26, 28, 7)
(26, 29, 7)
(26, 30, 7)
(26, 31, 7)
(26, 32, 7)
(26, 33, 7)
(26, 34, 7)
(26, 35, 7)
(26, 36, 7)
(26, 37, 7)
(26, 38, 7)
(26, 39, 7)

(27, 0, 184)
(27, 1, 56)
(27, 2, 54)
(27, 3, 53)
(27, 4, 52)
(27, 5, 45)
(27, 6, 34)
(27, 7, 19)
(27, 8, 13)
(27, 9, 13)
(27, 10, 13)
(27, 11, 13)
(27, 12, 12)
(27, 13, 12)
(27, 14, 12)
(27, 15, 12)
(27, 16, 12)
(27, 17, 12)
(27, 18, 12)
(27, 19, 12)
(27, 20, 12)
(27, 21, 12)
(27, 22, 12)
(27, 23, 8)
(27, 24, 8)
(27, 25, 8)
(27, 26, 7)
(27, 27, 7)
(27, 28, 6)
(27, 29, 6)
(27, 30, 6)
(27, 31, 6)
(27, 32, 6)
(27, 33, 6)
(27, 34, 6)
(27, 35, 6)
(27, 36, 5)
(27, 37, 5)
(27, 38, 5)
(27, 39, 5)

(28, 0, 221)
(28, 1, 61)
(28, 2, 58)
(28, 3, 56)
(28, 4, 55)
(28, 5, 49)
(28, 6, 36)
(28, 7, 21)
(28, 8, 14)
(28, 9, 14)
(28, 10, 14)
(28, 11, 14)
(28, 12, 13)
(28, 13, 13)
(28, 14, 13)
(28, 15, 13)
(28, 16, 13)
(28, 17, 13)
(28, 18, 13)
(28, 19, 13)
(28, 20, 13)
(28, 21, 13)
(28, 22, 13)
(28, 23, 9)
(28, 24, 9)
(28, 25, 9)
(28, 26, 6)
(28, 27, 6)
(28, 28, 5)
(28, 29, 5)
(28, 30, 5)
(28, 31, 5)
(28, 32, 5)
(28, 33, 5)
(28, 34, 5)
(28, 35, 5)
(28, 36, 5)
(28, 37, 5)
(28, 38, 5)
(28, 39, 5)

(29, 0, 232)
(29, 1, 65)
(29, 2, 62)
(29, 3, 60)
(29, 4, 59)
(29, 5, 52)
(29, 6, 39)
(29, 7, 24)
(29, 8, 16)
(29, 9, 16)
(29, 10, 16)
(29, 11, 16)
(29, 12, 15)
(29, 13, 15)
(29, 14, 14)
(29, 15, 14)
(29, 16, 14)
(29, 17, 13)
(29, 18, 13)
(29, 19, 13)
(29, 20, 13)
(29, 21, 13)
(29, 22, 13)
(29, 23, 9)
(29, 24, 9)
(29, 25, 9)
(29, 26, 7)
(29, 27, 7)
(29, 28, 6)
(29, 29, 6)
(29, 30, 6)
(29, 31, 6)
(29, 32, 6)
(29, 33, 6)
(29, 34, 6)
(29, 35, 6)
(29, 36, 6)
(29, 37, 6)
(29, 38, 6)
(29, 39, 6)

(30, 0, 249)
(30, 1, 71)
(30, 2, 68)
(30, 3, 66)
(30, 4, 64)
(30, 5, 58)
(30, 6, 43)
(30, 7, 27)
(30, 8, 19)
(30, 9, 19)
(30, 10, 19)
(30, 11, 19)
(30, 12, 18)
(30, 13, 17)
(30, 14, 15)
(30, 15, 13)
(30, 16, 13)
(30, 17, 13)
(30, 18, 13)
(30, 19, 13)
(30, 20, 13)
(30, 21, 13)
(30, 22, 13)
(30, 23, 9)
(30, 24, 9)
(30, 25, 9)
(30, 26, 7)
(30, 27, 7)
(30, 28, 6)
(30, 29, 6)
(30, 30, 6)
(30, 31, 6)
(30, 32, 6)
(30, 33, 6)
(30, 34, 6)
(30, 35, 6)
(30, 36, 6)
(30, 37, 6)
(30, 38, 6)
(30, 39, 6)

(31, 0, 259)
(31, 1, 73)
(31, 2, 70)
(31, 3, 68)
(31, 4, 66)
(31, 5, 58)
(31, 6, 43)
(31, 7, 27)
(31, 8, 19)
(31, 9, 19)
(31, 10, 19)
(31, 11, 19)
(31, 12, 18)
(31, 13, 17)
(31, 14, 15)
(31, 15, 13)
(31, 16, 13)
(31, 17, 13)
(31, 18, 13)
(31, 19, 13)
(31, 20, 13)
(31, 21, 13)
(31, 22, 13)
(31, 23, 9)
(31, 24, 9)
(31, 25, 9)
(31, 26, 7)
(31, 27, 7)
(31, 28, 6)
(31, 29, 6)
(31, 30, 6)
(31, 31, 6)
(31, 32, 6)
(31, 33, 6)
(31, 34, 6)
(31, 35, 6)
(31, 36, 6)
(31, 37, 6)
(31, 38, 6)
(31, 39, 6)

(32, 0, 265)
(32, 1, 76)
(32, 2, 73)
(32, 3, 71)
(32, 4, 69)
(32, 5, 61)
(32, 6, 44)
(32, 7, 28)
(32, 8, 20)
(32, 9, 20)
(32, 10, 20)
(32, 11, 20)
(32, 12, 19)
(32, 13, 19)
(32, 14, 17)
(32, 15, 14)
(32, 16, 14)
(32, 17, 14)
(32, 18, 14)
(32, 19, 14)
(32, 20, 14)
(32, 21, 14)
(32, 22, 14)
(32, 23, 10)
(32, 24, 10)
(32, 25, 10)
(32, 26, 8)
(32, 27, 8)
(32, 28, 7)
(32, 29, 7)
(32, 30, 5)
(32, 31, 5)
(32, 32, 5)
(32, 33, 5)
(32, 34, 5)
(32, 35, 5)
(32, 36, 5)
(32, 37, 5)
(32, 38, 5)
(32, 39, 5)

(33, 0, 281)
(33, 1, 78)
(33, 2, 75)
(33, 3, 73)
(33, 4, 71)
(33, 5, 63)
(33, 6, 46)
(33, 7, 28)
(33, 8, 20)
(33, 9, 20)
(33, 10, 20)
(33, 11, 19)
(33, 12, 18)
(33, 13, 18)
(33, 14, 16)
(33, 15, 14)
(33, 16, 14)
(33, 17, 14)
(33, 18, 14)
(33, 19, 14)
(33, 20, 14)
(33, 21, 14)
(33, 22, 14)
(33, 23, 10)
(33, 24, 10)
(33, 25, 10)
(33, 26, 8)
(33, 27, 8)
(33, 28, 7)
(33, 29, 7)
(33, 30, 5)
(33, 31, 5)
(33, 32, 5)
(33, 33, 5)
(33, 34, 5)
(33, 35, 5)
(33, 36, 5)
(33, 37, 5)
(33, 38, 5)
(33, 39, 5)

(34, 0, 296)
(34, 1, 81)
(34, 2, 77)
(34, 3, 75)
(34, 4, 73)
(34, 5, 65)
(34, 6, 48)
(34, 7, 29)
(34, 8, 19)
(34, 9, 19)
(34, 10, 19)
(34, 11, 19)
(34, 12, 18)
(34, 13, 18)
(34, 14, 16)
(34, 15, 14)
(34, 16, 14)
(34, 17, 14)
(34, 18, 14)
(34, 19, 14)
(34, 20, 14)
(34, 21, 14)
(34, 22, 14)
(34, 23, 10)
(34, 24, 10)
(34, 25, 10)
(34, 26, 8)
(34, 27, 8)
(34, 28, 7)
(34, 29, 7)
(34, 30, 5)
(34, 31, 5)
(34, 32, 5)
(34, 33, 5)
(34, 34, 5)
(34, 35, 5)
(34, 36, 5)
(34, 37, 5)
(34, 38, 5)
(34, 39, 5)

(35, 0, 323)
(35, 1, 83)
(35, 2, 79)
(35, 3, 76)
(35, 4, 74)
(35, 5, 66)
(35, 6, 48)
(35, 7, 29)
(35, 8, 19)
(35, 9, 19)
(35, 10, 19)
(35, 11, 19)
(35, 12, 18)
(35, 13, 18)
(35, 14, 16)
(35, 15, 14)
(35, 16, 14)
(35, 17, 14)
(35, 18, 14)
(35, 19, 14)
(35, 20, 14)
(35, 21, 14)
(35, 22, 14)
(35, 23, 10)
(35, 24, 10)
(35, 25, 10)
(35, 26, 8)
(35, 27, 8)
(35, 28, 7)
(35, 29, 7)
(35, 30, 5)
(35, 31, 5)
(35, 32, 5)
(35, 33, 5)
(35, 34, 5)
(35, 35, 5)
(35, 36, 5)
(35, 37, 5)
(35, 38, 5)
(35, 39, 5)

(36, 0, 325)
(36, 1, 83)
(36, 2, 79)
(36, 3, 76)
(36, 4, 74)
(36, 5, 66)
(36, 6, 48)
(36, 7, 29)
(36, 8, 19)
(36, 9, 19)
(36, 10, 19)
(36, 11, 19)
(36, 12, 18)
(36, 13, 18)
(36, 14, 16)
(36, 15, 14)
(36, 16, 14)
(36, 17, 14)
(36, 18, 14)
(36, 19, 14)
(36, 20, 14)
(36, 21, 14)
(36, 22, 14)
(36, 23, 10)
(36, 24, 10)
(36, 25, 10)
(36, 26, 8)
(36, 27, 8)
(36, 28, 7)
(36, 29, 7)
(36, 30, 5)
(36, 31, 5)
(36, 32, 5)
(36, 33, 5)
(36, 34, 5)
(36, 35, 5)
(36, 36, 5)
(36, 37, 5)
(36, 38, 5)
(36, 39, 5)

(37, 0, 326)
(37, 1, 84)
(37, 2, 80)
(37, 3, 77)
(37, 4, 75)
(37, 5, 67)
(37, 6, 49)
(37, 7, 30)
(37, 8, 20)
(37, 9, 20)
(37, 10, 20)
(37, 11, 20)
(37, 12, 19)
(37, 13, 19)
(37, 14, 17)
(37, 15, 15)
(37, 16, 15)
(37, 17, 15)
(37, 18, 15)
(37, 19, 15)
(37, 20, 15)
(37, 21, 15)
(37, 22, 15)
(37, 23, 10)
(37, 24, 10)
(37, 25, 10)
(37, 26, 8)
(37, 27, 8)
(37, 28, 7)
(37, 29, 7)
(37, 30, 5)
(37, 31, 5)
(37, 32, 5)
(37, 33, 5)
(37, 34, 5)
(37, 35, 5)
(37, 36, 5)
(37, 37, 5)
(37, 38, 5)
(37, 39, 5)

(38, 0, 335)
(38, 1, 89)
(38, 2, 85)
(38, 3, 82)
(38, 4, 80)
(38, 5, 72)
(38, 6, 54)
(38, 7, 31)
(38, 8, 20)
(38, 9, 20)
(38, 10, 20)
(38, 11, 20)
(38, 12, 19)
(38, 13, 19)
(38, 14, 17)
(38, 15, 15)
(38, 16, 15)
(38, 17, 15)
(38, 18, 15)
(38, 19, 15)
(38, 20, 15)
(38, 21, 15)
(38, 22, 15)
(38, 23, 9)
(38, 24, 9)
(38, 25, 9)
(38, 26, 7)
(38, 27, 7)
(38, 28, 6)
(38, 29, 6)
(38, 30, 5)
(38, 31, 5)
(38, 32, 5)
(38, 33, 5)
(38, 34, 5)
(38, 35, 5)
(38, 36, 5)
(38, 37, 5)
(38, 38, 5)
(38, 39, 5)

(39, 0, 373)
(39, 1, 89)
(39, 2, 85)
(39, 3, 81)
(39, 4, 79)
(39, 5, 71)
(39, 6, 52)
(39, 7, 31)
(39, 8, 20)
(39, 9, 20)
(39, 10, 20)
(39, 11, 20)
(39, 12, 19)
(39, 13, 19)
(39, 14, 17)
(39, 15, 15)
(39, 16, 15)
(39, 17, 15)
(39, 18, 15)
(39, 19, 15)
(39, 20, 15)
(39, 21, 15)
(39, 22, 15)
(39, 23, 9)
(39, 24, 9)
(39, 25, 9)
(39, 26, 7)
(39, 27, 7)
(39, 28, 6)
(39, 29, 6)
(39, 30, 5)
(39, 31, 5)
(39, 32, 5)
(39, 33, 5)
(39, 34, 5)
(39, 35, 5)
(39, 36, 5)
(39, 37, 5)
(39, 38, 5)
(39, 39, 5)


Betti numbers:
xi_0:
(0, 0, 1)
(2, 0, 1)
(3, 0, 1)
(4, 0, 3)
(5, 0, 4)
(6, 0, 2)
(7, 0, 4)
(8, 0, 5)
(9, 0, 2)
(10, 0, 1)
(17, 0, 1)
(18, 0, 1)
(19, 0, 3)
(20, 0, 9)
(21, 0, 13)
(22, 0, 15)
(23, 0, 27)
(24, 0, 24)
(25, 0, 19)
(26, 0, 10)
(27, 0, 38)
(28, 0, 37)
(29, 0, 11)
(30, 0, 17)
(31, 0, 10)
(32, 0, 6)
(33, 0, 16)
(34, 0, 15)
(35, 0, 27)
(36, 0, 2)
(37, 0, 1)
(38, 0, 9)
(39, 0, 38)
xi_1:
(2, 6, 1)
(4, 6, 1)
(4, 7, 1)
(5, 2, 1)
(5, 6, 1)
(5, 7, 1)
(5, 8, 1)
(6, 7, 1)
(7, 7, 2)
(7, 8, 2)
(8, 7, 4)
(8, 23, 2)
(9, 7, 1)
(9, 8, 1)
(10, 8, 1)
(18, 13, 1)
(19, 1, 1)
(19, 5, 1)
(20, 1, 7)
(20, 5, 1)
(20, 6, 2)
(21, 1, 11)
(21, 5, 1)
(21, 28, 1)
(22, 1, 9)
(22, 2, 2)
(22, 5, 1)
(22, 6, 2)
(22, 9, 1)
(22, 26, 1)
(23, 1, 25)
(23, 4, 1)
(23, 5, 1)
(23, 6, 1)
(23, 7, 2)
(24, 1, 22)
(24, 4, 1)
(24, 6, 1)
(25, 1, 15)
(25, 3, 1)
(25, 5, 1)
(25, 7, 1)
(25, 8, 1)
(25, 13, 1)
(26, 1, 8)
(26, 5, 1)
(27, 1, 30)
(27, 5, 1)
(27, 6, 2)
(27, 7, 3)
(27, 12, 1)
(27, 23, 2)
(27, 28, 1)
(27, 36, 1)
(28, 1, 32)
(28, 2, 1)
(28, 3, 1)
(28, 6, 2)
(28, 8, 1)
(28, 26, 2)
(28, 28, 1)
(29, 1, 7)
(29, 5, 1)
(29, 8, 1)
(29, 14, 1)
(29, 17, 1)
(30, 1, 11)
(30, 4, 1)
(30, 6, 2)
(30, 7, 1)
(30, 13, 1)
(30, 14, 1)
(30, 15, 2)
(30, 26, 1)
(31, 1, 8)
(31, 5, 2)
(32, 1, 3)
(32, 6, 2)
(32, 15, 1)
(32, 30, 2)
(33, 1, 14)
(33, 7, 2)
(33, 11, 1)
(34, 1, 12)
(34, 2, 1)
(34, 7, 1)
(34, 8, 2)
(35, 1, 25)
(35, 3, 1)
(35, 6, 1)
(35, 7, 1)
(36, 1, 2)
(37, 23, 1)
(38, 1, 4)
(38, 7, 4)
(38, 8, 1)
(38, 23, 1)
(39, 1, 38)
(39, 3, 1)
(39, 6, 1)
xi_2:
(20, 13, 1)
(22, 28, 1)
(23, 2, 1)
(23, 5, 1)
(23, 9, 1)
(24, 7, 1)
(25, 4, 1)
(27, 13, 1)
(28, 5, 1)
(28, 28, 1)
(28, 36, 1)
(29, 26, 1)
(30, 5, 1)
(30, 17, 1)
(30, 26, 1)
(32, 13, 1)
(33, 15, 1)
(34, 11, 1)
(35, 7, 1)
(38, 30, 1)
(39, 7, 2)
