x-grades
-787950561743614879/400000000000000000
-388384286819116339/200000000000000000
-765586585532850477/400000000000000000
-188601149356867069/100000000000000000
-29728904372883443/16000000000000000
-366020310608351937/200000000000000000
-720858633111321673/400000000000000000
-44354790312871217/25000000000000000
-698494656900557271/400000000000000000
-68731266879517507/40000000000000000
-676130680689792869/400000000000000000
-166237173146102667/100000000000000000
-653766704479028467/400000000000000000
-321292358186823133/200000000000000000
-126280545653652813/80000000000000000
-77527592520360233/50000000000000000
-609038752057499663/400000000000000000
-298928381976058731/200000000000000000
-586674775846735261/400000000000000000
-28774639387067653/20000000000000000
-564310799635970859/400000000000000000
-276564405765294329/200000000000000000
-541946823425206457/400000000000000000
-4146600275936127/3125000000000000
-103916569442888411/80000000000000000
-254200429554529927/200000000000000000
-497218871003677653/400000000000000000
-121509220724573863/100000000000000000
-474854894792913251/400000000000000000
-9273458133750621/8000000000000000
-452490918582148849/400000000000000000
-55163616309595831/50000000000000000
-430126942371384447/400000000000000000
-209472477133001123/200000000000000000
-81552593232124009/80000000000000000
-99145244513809461/100000000000000000
-385398989949855643/400000000000000000
-187108500922236721/200000000000000000
-363035013739091241/400000000000000000
-4398162820421363/5000000000000000

y-grades
9999967/40000000
9999967/20000000
29999901/40000000
9999967/10000000
9999967/8000000
29999901/20000000
69999769/40000000
9999967/5000000
89999703/40000000
9999967/4000000
109999637/40000000
29999901/10000000
129999571/40000000
69999769/20000000
29999901/8000000
9999967/2500000
169999439/40000000
89999703/20000000
189999373/40000000
9999967/2000000
209999307/40000000
109999637/20000000
229999241/40000000
29999901/5000000
9999967/1600000
129999571/20000000
269999109/40000000
69999769/10000000
289999043/40000000
29999901/4000000
309998977/40000000
9999967/1250000
329998911/40000000
169999439/20000000
69999769/8000000
89999703/10000000
369998779/40000000
189999373/20000000
389998713/40000000
9999967/1000000

Dimensions > 0:
(0, 0, 2)
(0, 1, 2)
(0, 2, 1)
(0, 3, 1)
(0, 4, 1)
(0, 5, 1)
(0, 6, 1)
(0, 7, 1)
(0, 8, 1)
(0, 9, 1)
(0, 10, 1)
(0, 11, 1)
(0, 12, 1)
(0, 13, 1)
(0, 14, 1)
(0, 15, 1)
(0, 16, 1)
(0, 17, 1)
(0, 18, 1)
(0, 19, 1)
(0, 20, 1)
(0, 21, 1)
(0, 22, 1)
(0, 23, 1)
(0, 24, 1)
(0, 25, 1)
(0, 26, 1)
(0, 27, 1)
(0, 28, 1)
(0, 29, 1)
(0, 30, 1)
(0, 31, 1)
(0, 32, 1)
(0, 33, 1)
(0, 34, 1)
(0, 35, 1)
(0, 36, 1)
(0, 37, 1)
(0, 38, 1)
(0, 39, 1)

(1, 0, 2)
(1, 1, 2)
(1, 2, 1)
(1, 3, 1)
(1, 4, 1)
(1, 5, 1)
(1, 6, 1)
(1, 7, 1)
(1, 8, 1)
(1, 9, 1)
(1, 10, 1)
(1, 11, 1)
(1, 12, 1)
(1, 13, 1)
(1, 14, 1)
(1, 15, 1)
(1, 16, 1)
(1, 17, 1)
(1, 18, 1)
(1, 19, 1)
(1, 20, 1)
(1, 21, 1)
(1, 22, 1)
(1, 23, 1)
(1, 24, 1)
(1, 25, 1)
(1, 26, 1)
(1, 27, 1)
(1, 28, 1)
(1, 29, 1)
(1, 30, 1)
(1, 31, 1)
(1, 32, 1)
(1, 33, 1)
(1, 34, 1)
(1, 35, 1)
(1, 36, 1)
(1, 37, 1)
(1, 38, 1)
(1, 39, 1)

(2, 0, 5)
(2, 1, 3)
(2, 2, 2)
(2, 3, 2)
(2, 4, 2)
(2, 5, 2)
(2, 6, 2)
(2, 7, 2)
(2, 8, 2)
(2, 9, 2)
(2, 10, 2)
(2, 11, 2)
(2, 12, 2)
(2, 13, 2)
(2, 14, 2)
(2, 15, 2)
(2, 16, 2)
(2, 17, 2)
(2, 18, 2)
(2, 19, 2)
(2, 20, 1)
(2, 21, 1)
(2, 22, 1)
(2, 23, 1)
(2, 24, 1)
(2, 25, 1)
(2, 26, 1)
(2, 27, 1)
(2, 28, 1)
(2, 29, 1)
(2, 30, 1)
(2, 31, 1)
(2, 32, 1)
(2, 33, 1)
(2, 34, 1)
(2, 35, 1)
(2, 36, 1)
(2, 37, 1)
(2, 38, 1)
(2, 39, 1)

(3, 0, 5)
(3, 1, 3)
(3, 2, 2)
(3, 3, 2)
(3, 4, 2)
(3, 5, 2)
(3, 6, 2)
(3, 7, 2)
(3, 8, 2)
(3, 9, 2)
(3, 10, 2)
(3, 11, 2)
(3, 12, 2)
(3, 13, 2)
(3, 14, 2)
(3, 15, 2)
(3, 16, 2)
(3, 17, 2)
(3, 18, 2)
(3, 19, 2)
(3, 20, 1)
(3, 21, 1)
(3, 22, 1)
(3, 23, 1)
(3, 24, 1)
(3, 25, 1)
(3, 26, 1)
(3, 27, 1)
(3, 28, 1)
(3, 29, 1)
(3, 30, 1)
(3, 31, 1)
(3, 32, 1)
(3, 33, 1)
(3, 34, 1)
(3, 35, 1)
(3, 36, 1)
(3, 37, 1)
(3, 38, 1)
(3, 39, 1)

(4, 0, 5)
(4, 1, 3)
(4, 2, 2)
(4, 3, 2)
(4, 4, 2)
(4, 5, 2)
(4, 6, 2)
(4, 7, 2)
(4, 8, 2)
(4, 9, 2)
(4, 10, 2)
(4, 11, 2)
(4, 12, 2)
(4, 13, 2)
(4, 14, 2)
(4, 15, 2)
(4, 16, 2)
(4, 17, 2)
(4, 18, 2)
(4, 19, 2)
(4, 20, 1)
(4, 21, 1)
(4, 22, 1)
(4, 23, 1)
(4, 24, 1)
(4, 25, 1)
(4, 26, 1)
(4, 27, 1)
(4, 28, 1)
(4, 29, 1)
(4, 30, 1)
(4, 31, 1)
(4, 32, 1)
(4, 33, 1)
(4, 34, 1)
(4, 35, 1)
(4, 36, 1)
(4, 37, 1)
(4, 38, 1)
(4, 39, 1)

(5, 0, 5)
(5, 1, 3)
(5, 2, 2)
(5, 3, 2)
(5, 4, 2)
(5, 5, 2)
(5, 6, 2)
(5, 7, 2)
(5, 8, 2)
(5, 9, 2)
(5, 10, 2)
(5, 11, 2)
(5, 12, 2)
(5, 13, 2)
(5, 14, 2)
(5, 15, 2)
(5, 16, 2)
(5, 17, 2)
(5, 18, 2)
(5, 19, 2)
(5, 20, 1)
(5, 21, 1)
(5, 22, 1)
(5, 23, 1)
(5, 24, 1)
(5, 25, 1)
(5, 26, 1)
(5, 27, 1)
(5, 28, 1)
(5, 29, 1)
(5, 30, 1)
(5, 31, 1)
(5, 32, 1)
(5, 33, 1)
(5, 34, 1)
(5, 35, 1)
(5, 36, 1)
(5, 37, 1)
(5, 38, 1)
(5, 39, 1)

(6, 0, 5)
(6, 1, 3)
(6, 2, 2)
(6, 3, 2)
(6, 4, 2)
(6, 5, 2)
(6, 6, 2)
(6, 7, 2)
(6, 8, 2)
(6, 9, 2)
(6, 10, 2)
(6, 11, 2)
(6, 12, 2)
(6, 13, 2)
(6, 14, 2)
(6, 15, 2)
(6, 16, 2)
(6, 17, 2)
(6, 18, 2)
(6, 19, 2)
(6, 20, 1)
(6, 21, 1)
(6, 22, 1)
(6, 23, 1)
(6, 24, 1)
(6, 25, 1)
(6, 26, 1)
(6, 27, 1)
(6, 28, 1)
(6, 29, 1)
(6, 30, 1)
(6, 31, 1)
(6, 32, 1)
(6, 33, 1)
(6, 34, 1)
(6, 35, 1)
(6, 36, 1)
(6, 37, 1)
(6, 38, 1)
(6, 39, 1)

(7, 0, 5)
(7, 1, 3)
(7, 2, 2)
(7, 3, 2)
(7, 4, 2)
(7, 5, 2)
(7, 6, 2)
(7, 7, 2)
(7, 8, 2)
(7, 9, 2)
(7, 10, 2)
(7, 11, 2)
(7, 12, 2)
(7, 13, 2)
(7, 14, 2)
(7, 15, 2)
(7, 16, 2)
(7, 17, 2)
(7, 18, 2)
(7, 19, 2)
(7, 20, 1)
(7, 21, 1)
(7, 22, 1)
(7, 23, 1)
(7, 24, 1)
(7, 25, 1)
(7, 26, 1)
(7, 27, 1)
(7, 28, 1)
(7, 29, 1)
(7, 30, 1)
(7, 31, 1)
(7, 32, 1)
(7, 33, 1)
(7, 34, 1)
(7, 35, 1)
(7, 36, 1)
(7, 37, 1)
(7, 38, 1)
(7, 39, 1)

(8, 0, 5)
(8, 1, 3)
(8, 2, 2)
(8, 3, 2)
(8, 4, 2)
(8, 5, 2)
(8, 6, 2)
(8, 7, 2)
(8, 8, 2)
(8, 9, 2)
(8, 10, 2)
(8, 11, 2)
(8, 12, 2)
(8, 13, 2)
(8, 14, 2)
(8, 15, 2)
(8, 16, 2)
(8, 17, 2)
(8, 18, 2)
(8, 19, 2)
(8, 20, 1)
(8, 21, 1)
(8, 22, 1)
(8, 23, 1)
(8, 24, 1)
(8, 25, 1)
(8, 26, 1)
(8, 27, 1)
(8, 28, 1)
(8, 29, 1)
(8, 30, 1)
(8, 31, 1)
(8, 32, 1)
(8, 33, 1)
(8, 34, 1)
(8, 35, 1)
(8, 36, 1)
(8, 37, 1)
(8, 38, 1)
(8, 39, 1)

(9, 0, 9)
(9, 1, 6)
(9, 2, 4)
(9, 3, 4)
(9, 4, 4)
(9, 5, 4)
(9, 6, 4)
(9, 7, 4)
(9, 8, 4)
(9, 9, 4)
(9, 10, 4)
(9, 11, 4)
(9, 12, 4)
(9, 13, 4)
(9, 14, 4)
(9, 15, 4)
(9, 16, 4)
(9, 17, 4)
(9, 18, 4)
(9, 19, 4)
(9, 20, 3)
(9, 21, 3)
(9, 22, 3)
(9, 23, 3)
(9, 24, 3)
(9, 25, 3)
(9, 26, 3)
(9, 27, 3)
(9, 28, 3)
(9, 29, 3)
(9, 30, 3)
(9, 31, 3)
(9, 32, 3)
(9, 33, 3)
(9, 34, 3)
(9, 35, 3)
(9, 36, 3)
(9, 37, 2)
(9, 38, 2)
(9, 39, 2)

(10, 0, 17)
(10, 1, 12)
(10, 2, 9)
(10, 3, 9)
(10, 4, 9)
(10, 5, 8)
(10, 6, 8)
(10, 7, 8)
(10, 8, 7)
(10, 9, 7)
(10, 10, 7)
(10, 11, 7)
(10, 12, 7)
(10, 13, 7)
(10, 14, 7)
(10, 15, 7)
(10, 16, 7)
(10, 17, 6)
(10, 18, 6)
(10, 19, 6)
(10, 20, 4)
(10, 21, 4)
(10, 22, 4)
(10, 23, 4)
(10, 24, 4)
(10, 25, 4)
(10, 26, 4)
(10, 27, 4)
(10, 28, 4)
(10, 29, 4)
(10, 30, 4)
(10, 31, 4)
(10, 32, 4)
(10, 33, 4)
(10, 34, 4)
(10, 35, 4)
(10, 36, 4)
(10, 37, 3)
(10, 38, 3)
(10, 39, 2)

(11, 0, 25)
(11, 1, 20)
(11, 2, 17)
(11, 3, 17)
(11, 4, 16)
(11, 5, 12)
(11, 6, 12)
(11, 7, 10)
(11, 8, 8)
(11, 9, 8)
(11, 10, 8)
(11, 11, 8)
(11, 12, 8)
(11, 13, 8)
(11, 14, 8)
(11, 15, 8)
(11, 16, 7)
(11, 17, 6)
(11, 18, 6)
(11, 19, 6)
(11, 20, 4)
(11, 21, 4)
(11, 22, 4)
(11, 23, 4)
(11, 24, 4)
(11, 25, 4)
(11, 26, 4)
(11, 27, 4)
(11, 28, 4)
(11, 29, 4)
(11, 30, 4)
(11, 31, 4)
(11, 32, 4)
(11, 33, 4)
(11, 34, 4)
(11, 35, 4)
(11, 36, 4)
(11, 37, 3)
(11, 38, 3)
(11, 39, 2)

(12, 0, 46)
(12, 1, 37)
(12, 2, 29)
(12, 3, 28)
(12, 4, 27)
(12, 5, 20)
(12, 6, 19)
(12, 7, 13)
(12, 8, 10)
(12, 9, 9)
(12, 10, 9)
(12, 11, 7)
(12, 12, 7)
(12, 13, 7)
(12, 14, 7)
(12, 15, 7)
(12, 16, 7)
(12, 17, 6)
(12, 18, 6)
(12, 19, 6)
(12, 20, 4)
(12, 21, 4)
(12, 22, 4)
(12, 23, 4)
(12, 24, 4)
(12, 25, 4)
(12, 26, 4)
(12, 27, 4)
(12, 28, 4)
(12, 29, 4)
(12, 30, 4)
(12, 31, 4)
(12, 32, 4)
(12, 33, 4)
(12, 34, 4)
(12, 35, 4)
(12, 36, 4)
(12, 37, 3)
(12, 38, 3)
(12, 39, 2)

(13, 0, 69)
(13, 1, 60)
(13, 2, 51)
(13, 3, 45)
(13, 4, 40)
(13, 5, 31)
(13, 6, 29)
(13, 7, 19)
(13, 8, 14)
(13, 9, 14)
(13, 10, 13)
(13, 11, 11)
(13, 12, 11)
(13, 13, 9)
(13, 14, 8)
(13, 15, 7)
(13, 16, 7)
(13, 17, 6)
(13, 18, 6)
(13, 19, 6)
(13, 20, 4)
(13, 21, 4)
(13, 22, 4)
(13, 23, 4)
(13, 24, 4)
(13, 25, 4)
(13, 26, 4)
(13, 27, 4)
(13, 28, 3)
(13, 29, 3)
(13, 30, 3)
(13, 31, 3)
(13, 32, 3)
(13, 33, 3)
(13, 34, 3)
(13, 35, 3)
(13, 36, 3)
(13, 37, 2)
(13, 38, 2)
(13, 39, 1)

(14, 0, 102)
(14, 1, 89)
(14, 2, 78)
(14, 3, 67)
(14, 4, 57)
(14, 5, 45)
(14, 6, 40)
(14, 7, 21)
(14, 8, 14)
(14, 9, 13)
(14, 10, 11)
(14, 11, 9)
(14, 12, 8)
(14, 13, 8)
(14, 14, 8)
(14, 15, 7)
(14, 16, 7)
(14, 17, 6)
(14, 18, 6)
(14, 19, 6)
(14, 20, 4)
(14, 21, 3)
(14, 22, 3)
(14, 23, 3)
(14, 24, 3)
(14, 25, 3)
(14, 26, 3)
(14, 27, 3)
(14, 28, 3)
(14, 29, 3)
(14, 30, 3)
(14, 31, 3)
(14, 32, 3)
(14, 33, 3)
(14, 34, 3)
(14, 35, 3)
(14, 36, 3)
(14, 37, 2)
(14, 38, 2)
(14, 39, 1)

(15, 0, 123)
(15, 1, 105)
(15, 2, 92)
(15, 3, 80)
(15, 4, 69)
(15, 5, 53)
(15, 6, 45)
(15, 7, 22)
(15, 8, 14)
(15, 9, 11)
(15, 10, 10)
(15, 11, 9)
(15, 12, 9)
(15, 13, 9)
(15, 14, 9)
(15, 15, 8)
(15, 16, 8)
(15, 17, 7)
(15, 18, 6)
(15, 19, 6)
(15, 20, 4)
(15, 21, 4)
(15, 22, 4)
(15, 23, 4)
(15, 24, 4)
(15, 25, 4)
(15, 26, 4)
(15, 27, 4)
(15, 28, 4)
(15, 29, 3)
(15, 30, 3)
(15, 31, 2)
(15, 32, 2)
(15, 33, 2)
(15, 34, 2)
(15, 35, 2)
(15, 36, 2)
(15, 37, 1)
(15, 38, 1)
(15, 39, 1)

(16, 0, 154)
(16, 1, 133)
(16, 2, 112)
(16, 3, 94)
(16, 4, 82)
(16, 5, 66)
(16, 6, 56)
(16, 7, 26)
(16, 8, 17)
(16, 9, 14)
(16, 10, 13)
(16, 11, 11)
(16, 12, 11)
(16, 13, 8)
(16, 14, 8)
(16, 15, 7)
(16, 16, 7)
(16, 17, 6)
(16, 18, 6)
(16, 19, 6)
(16, 20, 4)
(16, 21, 4)
(16, 22, 4)
(16, 23, 4)
(16, 24, 4)
(16, 25, 4)
(16, 26, 4)
(16, 27, 4)
(16, 28, 4)
(16, 29, 3)
(16, 30, 3)
(16, 31, 2)
(16, 32, 2)
(16, 33, 2)
(16, 34, 2)
(16, 35, 2)
(16, 36, 2)
(16, 37, 1)
(16, 38, 1)
(16, 39, 1)

(17, 0, 180)
(17, 1, 156)
(17, 2, 134)
(17, 3, 115)
(17, 4, 102)
(17, 5, 83)
(17, 6, 67)
(17, 7, 33)
(17, 8, 20)
(17, 9, 17)
(17, 10, 14)
(17, 11, 12)
(17, 12, 12)
(17, 13, 11)
(17, 14, 10)
(17, 15, 9)
(17, 16, 9)
(17, 17, 8)
(17, 18, 8)
(17, 19, 8)
(17, 20, 5)
(17, 21, 5)
(17, 22, 5)
(17, 23, 5)
(17, 24, 5)
(17, 25, 5)
(17, 26, 5)
(17, 27, 5)
(17, 28, 5)
(17, 29, 4)
(17, 30, 4)
(17, 31, 3)
(17, 32, 3)
(17, 33, 3)
(17, 34, 3)
(17, 35, 3)
(17, 36, 3)
(17, 37, 2)
(17, 38, 2)
(17, 39, 2)

(18, 0, 203)
(18, 1, 177)
(18, 2, 154)
(18, 3, 132)
(18, 4, 118)
(18, 5, 98)
(18, 6, 78)
(18, 7, 37)
(18, 8, 23)
(18, 9, 19)
(18, 10, 15)
(18, 11, 13)
(18, 12, 13)
(18, 13, 12)
(18, 14, 12)
(18, 15, 10)
(18, 16, 10)
(18, 17, 9)
(18, 18, 9)
(18, 19, 9)
(18, 20, 6)
(18, 21, 5)
(18, 22, 5)
(18, 23, 5)
(18, 24, 5)
(18, 25, 5)
(18, 26, 5)
(18, 27, 5)
(18, 28, 5)
(18, 29, 4)
(18, 30, 4)
(18, 31, 3)
(18, 32, 3)
(18, 33, 3)
(18, 34, 3)
(18, 35, 3)
(18, 36, 3)
(18, 37, 2)
(18, 38, 2)
(18, 39, 2)

(19, 0, 229)
(19, 1, 202)
(19, 2, 177)
(19, 3, 151)
(19, 4, 134)
(19, 5, 110)
(19, 6, 87)
(19, 7, 42)
(19, 8, 26)
(19, 9, 20)
(19, 10, 16)
(19, 11, 14)
(19, 12, 13)
(19, 13, 12)
(19, 14, 12)
(19, 15, 11)
(19, 16, 11)
(19, 17, 10)
(19, 18, 10)
(19, 19, 10)
(19, 20, 6)
(19, 21, 5)
(19, 22, 5)
(19, 23, 5)
(19, 24, 5)
(19, 25, 5)
(19, 26, 5)
(19, 27, 5)
(19, 28, 5)
(19, 29, 4)
(19, 30, 4)
(19, 31, 3)
(19, 32, 3)
(19, 33, 3)
(19, 34, 3)
(19, 35, 3)
(19, 36, 3)
(19, 37, 2)
(19, 38, 2)
(19, 39, 2)

(20, 0, 248)
(20, 1, 216)
(20, 2, 190)
(20, 3, 163)
(20, 4, 144)
(20, 5, 120)
(20, 6, 96)
(20, 7, 50)
(20, 8, 30)
(20, 9, 22)
(20, 10, 18)
(20, 11, 16)
(20, 12, 15)
(20, 13, 13)
(20, 14, 13)
(20, 15, 12)
(20, 16, 11)
(20, 17, 10)
(20, 18, 10)
(20, 19, 10)
(20, 20, 6)
(20, 21, 5)
(20, 22, 5)
(20, 23, 5)
(20, 24, 5)
(20, 25, 5)
(20, 26, 5)
(20, 27, 5)
(20, 28, 5)
(20, 29, 4)
(20, 30, 4)
(20, 31, 3)
(20, 32, 3)
(20, 33, 3)
(20, 34, 3)
(20, 35, 3)
(20, 36, 3)
(20, 37, 2)
(20, 38, 2)
(20, 39, 2)

(21, 0, 266)
(21, 1, 232)
(21, 2, 205)
(21, 3, 176)
(21, 4, 157)
(21, 5, 133)
(21, 6, 108)
(21, 7, 59)
(21, 8, 37)
(21, 9, 28)
(21, 10, 23)
(21, 11, 21)
(21, 12, 18)
(21, 13, 15)
(21, 14, 15)
(21, 15, 14)
(21, 16, 13)
(21, 17, 12)
(21, 18, 12)
(21, 19, 11)
(21, 20, 7)
(21, 21, 6)
(21, 22, 6)
(21, 23, 6)
(21, 24, 6)
(21, 25, 6)
(21, 26, 6)
(21, 27, 6)
(21, 28, 6)
(21, 29, 5)
(21, 30, 5)
(21, 31, 4)
(21, 32, 3)
(21, 33, 3)
(21, 34, 3)
(21, 35, 3)
(21, 36, 3)
(21, 37, 2)
(21, 38, 2)
(21, 39, 2)

(22, 0, 287)
(22, 1, 249)
(22, 2, 222)
(22, 3, 190)
(22, 4, 167)
(22, 5, 142)
(22, 6, 115)
(22, 7, 64)
(22, 8, 39)
(22, 9, 29)
(22, 10, 23)
(22, 11, 20)
(22, 12, 18)
(22, 13, 14)
(22, 14, 14)
(22, 15, 13)
(22, 16, 12)
(22, 17, 11)
(22, 18, 10)
(22, 19, 10)
(22, 20, 6)
(22, 21, 5)
(22, 22, 5)
(22, 23, 5)
(22, 24, 5)
(22, 25, 5)
(22, 26, 5)
(22, 27, 5)
(22, 28, 5)
(22, 29, 4)
(22, 30, 4)
(22, 31, 3)
(22, 32, 3)
(22, 33, 3)
(22, 34, 3)
(22, 35, 3)
(22, 36, 3)
(22, 37, 2)
(22, 38, 2)
(22, 39, 2)

(23, 0, 316)
(23, 1, 270)
(23, 2, 242)
(23, 3, 208)
(23, 4, 184)
(23, 5, 156)
(23, 6, 126)
(23, 7, 70)
(23, 8, 43)
(23, 9, 32)
(23, 10, 24)
(23, 11, 21)
(23, 12, 16)
(23, 13, 13)
(23, 14, 13)
(23, 15, 12)
(23, 16, 11)
(23, 17, 10)
(23, 18, 10)
(23, 19, 10)
(23, 20, 6)
(23, 21, 5)
(23, 22, 5)
(23, 23, 5)
(23, 24, 5)
(23, 25, 5)
(23, 26, 5)
(23, 27, 5)
(23, 28, 5)
(23, 29, 4)
(23, 30, 4)
(23, 31, 3)
(23, 32, 3)
(23, 33, 3)
(23, 34, 3)
(23, 35, 3)
(23, 36, 3)
(23, 37, 2)
(23, 38, 2)
(23, 39, 2)

(24, 0, 360)
(24, 1, 310)
(24, 2, 273)
(24, 3, 231)
(24, 4, 207)
(24, 5, 177)
(24, 6, 142)
(24, 7, 82)
(24, 8, 48)
(24, 9, 35)
(24, 10, 24)
(24, 11, 21)
(24, 12, 17)
(24, 13, 14)
(24, 14, 14)
(24, 15, 13)
(24, 16, 12)
(24, 17, 11)
(24, 18, 11)
(24, 19, 11)
(24, 20, 7)
(24, 21, 6)
(24, 22, 6)
(24, 23, 6)
(24, 24, 6)
(24, 25, 6)
(24, 26, 6)
(24, 27, 6)
(24, 28, 6)
(24, 29, 5)
(24, 30, 5)
(24, 31, 4)
(24, 32, 4)
(24, 33, 4)
(24, 34, 4)
(24, 35, 4)
(24, 36, 4)
(24, 37, 3)
(24, 38, 2)
(24, 39, 2)

(25, 0, 402)
(25, 1, 349)
(25, 2, 306)
(25, 3, 256)
(25, 4, 226)
(25, 5, 194)
(25, 6, 149)
(25, 7, 84)
(25, 8, 52)
(25, 9, 38)
(25, 10, 27)
(25, 11, 23)
(25, 12, 18)
(25, 13, 15)
(25, 14, 15)
(25, 15, 14)
(25, 16, 13)
(25, 17, 12)
(25, 18, 12)
(25, 19, 12)
(25, 20, 8)
(25, 21, 7)
(25, 22, 7)
(25, 23, 7)
(25, 24, 6)
(25, 25, 6)
(25, 26, 6)
(25, 27, 6)
(25, 28, 6)
(25, 29, 5)
(25, 30, 5)
(25, 31, 4)
(25, 32, 4)
(25, 33, 4)
(25, 34, 4)
(25, 35, 4)
(25, 36, 4)
(25, 37, 3)
(25, 38, 2)
(25, 39, 2)

(26, 0, 434)
(26, 1, 376)
(26, 2, 329)
(26, 3, 275)
(26, 4, 246)
(26, 5, 213)
(26, 6, 159)
(26, 7, 93)
(26, 8, 59)
(26, 9, 44)
(26, 10, 31)
(26, 11, 25)
(26, 12, 19)
(26, 13, 15)
(26, 14, 15)
(26, 15, 14)
(26, 16, 13)
(26, 17, 12)
(26, 18, 12)
(26, 19, 12)
(26, 20, 8)
(26, 21, 6)
(26, 22, 6)
(26, 23, 6)
(26, 24, 6)
(26, 25, 6)
(26, 26, 6)
(26, 27, 6)
(26, 28, 6)
(26, 29, 5)
(26, 30, 4)
(26, 31, 3)
(26, 32, 3)
(26, 33, 3)
(26, 34, 3)
(26, 35, 3)
(26, 36, 3)
(26, 37, 2)
(26, 38, 1)
(26, 39, 1)

(27, 0, 460)
(27, 1, 401)
(27, 2, 354)
(27, 3, 299)
(27, 4, 270)
(27, 5, 231)
(27, 6, 169)
(27, 7, 100)
(27, 8, 61)
(27, 9, 43)
(27, 10, 28)
(27, 11, 23)
(27, 12, 17)
(27, 13, 15)
(27, 14, 15)
(27, 15, 14)
(27, 16, 13)
(27, 17, 12)
(27, 18, 12)
(27, 19, 12)
(27, 20, 8)
(27, 21, 6)
(27, 22, 6)
(27, 23, 6)
(27, 24, 6)
(27, 25, 6)
(27, 26, 6)
(27, 27, 6)
(27, 28, 6)
(27, 29, 5)
(27, 30, 4)
(27, 31, 3)
(27, 32, 3)
(27, 33, 3)
(27, 34, 3)
(27, 35, 3)
(27, 36, 3)
(27, 37, 2)
(27, 38, 1)
(27, 39, 1)

(28, 0, 484)
(28, 1, 424)
(28, 2, 376)
(28, 3, 317)
(28, 4, 286)
(28, 5, 243)
(28, 6, 175)
(28, 7, 103)
(28, 8, 64)
(28, 9, 44)
(28, 10, 28)
(28, 11, 23)
(28, 12, 19)
(28, 13, 17)
(28, 14, 17)
(28, 15, 16)
(28, 16, 15)
(28, 17, 14)
(28, 18, 14)
(28, 19, 14)
(28, 20, 10)
(28, 21, 7)
(28, 22, 7)
(28, 23, 7)
(28, 24, 7)
(28, 25, 7)
(28, 26, 7)
(28, 27, 7)
(28, 28, 7)
(28, 29, 6)
(28, 30, 5)
(28, 31, 4)
(28, 32, 4)
(28, 33, 4)
(28, 34, 4)
(28, 35, 4)
(28, 36, 4)
(28, 37, 3)
(28, 38, 2)
(28, 39, 2)

(29, 0, 496)
(29, 1, 436)
(29, 2, 387)
(29, 3, 328)
(29, 4, 297)
(29, 5, 253)
(29, 6, 183)
(29, 7, 108)
(29, 8, 69)
(29, 9, 49)
(29, 10, 33)
(29, 11, 26)
(29, 12, 22)
(29, 13, 18)
(29, 14, 17)
(29, 15, 16)
(29, 16, 15)
(29, 17, 14)
(29, 18, 14)
(29, 19, 14)
(29, 20, 10)
(29, 21, 7)
(29, 22, 7)
(29, 23, 7)
(29, 24, 7)
(29, 25, 7)
(29, 26, 7)
(29, 27, 7)
(29, 28, 7)
(29, 29, 6)
(29, 30, 5)
(29, 31, 4)
(29, 32, 4)
(29, 33, 4)
(29, 34, 4)
(29, 35, 4)
(29, 36, 4)
(29, 37, 3)
(29, 38, 2)
(29, 39, 2)

(30, 0, 519)
(30, 1, 456)
(30, 2, 407)
(30, 3, 346)
(30, 4, 315)
(30, 5, 269)
(30, 6, 193)
(30, 7, 116)
(30, 8, 76)
(30, 9, 53)
(30, 10, 36)
(30, 11, 28)
(30, 12, 24)
(30, 13, 20)
(30, 14, 20)
(30, 15, 18)
(30, 16, 17)
(30, 17, 16)
(30, 18, 16)
(30, 19, 16)
(30, 20, 12)
(30, 21, 9)
(30, 22, 9)
(30, 23, 9)
(30, 24, 9)
(30, 25, 9)
(30, 26, 9)
(30, 27, 9)
(30, 28, 9)
(30, 29, 8)
(30, 30, 7)
(30, 31, 6)
(30, 32, 6)
(30, 33, 6)
(30, 34, 6)
(30, 35, 6)
(30, 36, 6)
(30, 37, 5)
(30, 38, 4)
(30, 39, 4)

(31, 0, 551)
(31, 1, 482)
(31, 2, 430)
(31, 3, 365)
(31, 4, 332)
(31, 5, 282)
(31, 6, 203)
(31, 7, 125)
(31, 8, 81)
(31, 9, 58)
(31, 10, 40)
(31, 11, 31)
(31, 12, 26)
(31, 13, 23)
(31, 14, 23)
(31, 15, 21)
(31, 16, 20)
(31, 17, 19)
(31, 18, 19)
(31, 19, 19)
(31, 20, 15)
(31, 21, 12)
(31, 22, 11)
(31, 23, 10)
(31, 24, 10)
(31, 25, 10)
(31, 26, 10)
(31, 27, 10)
(31, 28, 10)
(31, 29, 9)
(31, 30, 8)
(31, 31, 7)
(31, 32, 7)
(31, 33, 7)
(31, 34, 7)
(31, 35, 7)
(31, 36, 7)
(31, 37, 6)
(31, 38, 5)
(31, 39, 5)

(32, 0, 613)
(32, 1, 538)
(32, 2, 474)
(32, 3, 398)
(32, 4, 360)
(32, 5, 302)
(32, 6, 217)
(32, 7, 132)
(32, 8, 86)
(32, 9, 62)
(32, 10, 42)
(32, 11, 33)
(32, 12, 28)
(32, 13, 24)
(32, 14, 24)
(32, 15, 22)
(32, 16, 21)
(32, 17, 20)
(32, 18, 20)
(32, 19, 20)
(32, 20, 16)
(32, 21, 12)
(32, 22, 11)
(32, 23, 10)
(32, 24, 10)
(32, 25, 10)
(32, 26, 10)
(32, 27, 9)
(32, 28, 8)
(32, 29, 7)
(32, 30, 6)
(32, 31, 5)
(32, 32, 4)
(32, 33, 4)
(32, 34, 4)
(32, 35, 4)
(32, 36, 4)
(32, 37, 3)
(32, 38, 2)
(32, 39, 2)

(33, 0, 657)
(33, 1, 576)
(33, 2, 505)
(33, 3, 422)
(33, 4, 378)
(33, 5, 314)
(33, 6, 227)
(33, 7, 138)
(33, 8, 89)
(33, 9, 63)
(33, 10, 44)
(33, 11, 33)
(33, 12, 29)
(33, 13, 25)
(33, 14, 24)
(33, 15, 23)
(33, 16, 22)
(33, 17, 20)
(33, 18, 20)
(33, 19, 20)
(33, 20, 14)
(33, 21, 11)
(33, 22, 9)
(33, 23, 8)
(33, 24, 8)
(33, 25, 8)
(33, 26, 8)
(33, 27, 8)
(33, 28, 7)
(33, 29, 6)
(33, 30, 5)
(33, 31, 4)
(33, 32, 4)
(33, 33, 4)
(33, 34, 4)
(33, 35, 4)
(33, 36, 4)
(33, 37, 3)
(33, 38, 2)
(33, 39, 2)

(34, 0, 699)
(34, 1, 615)
(34, 2, 540)
(34, 3, 455)
(34, 4, 405)
(34, 5, 334)
(34, 6, 239)
(34, 7, 146)
(34, 8, 95)
(34, 9, 66)
(34, 10, 47)
(34, 11, 37)
(34, 12, 31)
(34, 13, 26)
(34, 14, 25)
(34, 15, 23)
(34, 16, 21)
(34, 17, 19)
(34, 18, 19)
(34, 19, 18)
(34, 20, 12)
(34, 21, 9)
(34, 22, 8)
(34, 23, 8)
(34, 24, 8)
(34, 25, 8)
(34, 26, 8)
(34, 27, 8)
(34, 28, 7)
(34, 29, 6)
(34, 30, 5)
(34, 31, 4)
(34, 32, 4)
(34, 33, 4)
(34, 34, 4)
(34, 35, 4)
(34, 36, 4)
(34, 37, 3)
(34, 38, 2)
(34, 39, 2)

(35, 0, 745)
(35, 1, 652)
(35, 2, 569)
(35, 3, 481)
(35, 4, 429)
(35, 5, 356)
(35, 6, 254)
(35, 7, 149)
(35, 8, 92)
(35, 9, 64)
(35, 10, 45)
(35, 11, 35)
(35, 12, 30)
(35, 13, 25)
(35, 14, 25)
(35, 15, 24)
(35, 16, 23)
(35, 17, 21)
(35, 18, 21)
(35, 19, 20)
(35, 20, 14)
(35, 21, 11)
(35, 22, 10)
(35, 23, 10)
(35, 24, 10)
(35, 25, 10)
(35, 26, 10)
(35, 27, 10)
(35, 28, 9)
(35, 29, 8)
(35, 30, 7)
(35, 31, 6)
(35, 32, 6)
(35, 33, 6)
(35, 34, 6)
(35, 35, 6)
(35, 36, 6)
(35, 37, 5)
(35, 38, 4)
(35, 39, 4)

(36, 0, 774)
(36, 1, 676)
(36, 2, 587)
(36, 3, 494)
(36, 4, 440)
(36, 5, 364)
(36, 6, 261)
(36, 7, 154)
(36, 8, 97)
(36, 9, 65)
(36, 10, 44)
(36, 11, 34)
(36, 12, 30)
(36, 13, 26)
(36, 14, 26)
(36, 15, 25)
(36, 16, 23)
(36, 17, 21)
(36, 18, 21)
(36, 19, 20)
(36, 20, 14)
(36, 21, 11)
(36, 22, 10)
(36, 23, 10)
(36, 24, 10)
(36, 25, 10)
(36, 26, 10)
(36, 27, 10)
(36, 28, 9)
(36, 29, 8)
(36, 30, 7)
(36, 31, 6)
(36, 32, 6)
(36, 33, 6)
(36, 34, 5)
(36, 35, 5)
(36, 36, 5)
(36, 37, 4)
(36, 38, 3)
(36, 39, 3)

(37, 0, 789)
(37, 1, 690)
(37, 2, 598)
(37, 3, 504)
(37, 4, 449)
(37, 5, 373)
(37, 6, 268)
(37, 7, 156)
(37, 8, 98)
(37, 9, 66)
(37, 10, 45)
(37, 11, 35)
(37, 12, 31)
(37, 13, 27)
(37, 14, 27)
(37, 15, 26)
(37, 16, 24)
(37, 17, 22)
(37, 18, 22)
(37, 19, 21)
(37, 20, 15)
(37, 21, 11)
(37, 22, 10)
(37, 23, 10)
(37, 24, 10)
(37, 25, 9)
(37, 26, 9)
(37, 27, 9)
(37, 28, 8)
(37, 29, 7)
(37, 30, 6)
(37, 31, 5)
(37, 32, 5)
(37, 33, 5)
(37, 34, 5)
(37, 35, 5)
(37, 36, 5)
(37, 37, 4)
(37, 38, 3)
(37, 39, 3)

(38, 0, 793)
(38, 1, 693)
(38, 2, 599)
(38, 3, 504)
(38, 4, 449)
(38, 5, 373)
(38, 6, 269)
(38, 7, 157)
(38, 8, 98)
(38, 9, 66)
(38, 10, 45)
(38, 11, 35)
(38, 12, 31)
(38, 13, 27)
(38, 14, 27)
(38, 15, 26)
(38, 16, 23)
(38, 17, 21)
(38, 18, 21)
(38, 19, 20)
(38, 20, 14)
(38, 21, 10)
(38, 22, 9)
(38, 23, 9)
(38, 24, 9)
(38, 25, 9)
(38, 26, 9)
(38, 27, 9)
(38, 28, 8)
(38, 29, 7)
(38, 30, 6)
(38, 31, 5)
(38, 32, 5)
(38, 33, 5)
(38, 34, 5)
(38, 35, 5)
(38, 36, 5)
(38, 37, 4)
(38, 38, 3)
(38, 39, 3)

(39, 0, 829)
(39, 1, 722)
(39, 2, 608)
(39, 3, 505)
(39, 4, 449)
(39, 5, 373)
(39, 6, 269)
(39, 7, 157)
(39, 8, 98)
(39, 9, 66)
(39, 10, 45)
(39, 11, 35)
(39, 12, 31)
(39, 13, 27)
(39, 14, 27)
(39, 15, 26)
(39, 16, 23)
(39, 17, 21)
(39, 18, 21)
(39, 19, 20)
(39, 20, 14)
(39, 21, 10)
(39, 22, 9)
(39, 23, 9)
(39, 24, 9)
(39, 25, 9)
(39, 26, 9)
(39, 27, 9)
(39, 28, 8)
(39, 29, 7)
(39, 30, 6)
(39, 31, 5)
(39, 32, 4)
(39, 33, 4)
(39, 34, 4)
(39, 35, 4)
(39, 36, 4)
(39, 37, 3)
(39, 38, 2)
(39, 39, 2)


Betti numbers:
xi_0:
(0, 0, 2)
(2, 0, 3)
(9, 0, 4)
(10, 0, 8)
(11, 0, 8)
(12, 0, 21)
(13, 0, 23)
(14, 0, 33)
(15, 0, 21)
(16, 0, 31)
(17, 0, 26)
(18, 0, 23)
(19, 0, 26)
(20, 0, 19)
(21, 0, 18)
(22, 0, 21)
(23, 0, 29)
(24, 0, 44)
(25, 0, 42)
(26, 0, 32)
(27, 0, 26)
(28, 0, 24)
(29, 0, 12)
(30, 0, 23)
(31, 0, 32)
(32, 0, 62)
(33, 0, 44)
(34, 0, 42)
(35, 0, 46)
(36, 0, 29)
(37, 0, 15)
(38, 0, 4)
(39, 0, 36)
xi_1:
(0, 2, 1)
(2, 1, 2)
(2, 20, 1)
(9, 1, 1)
(9, 2, 1)
(9, 37, 1)
(10, 1, 2)
(10, 2, 1)
(10, 5, 1)
(10, 8, 1)
(10, 17, 1)
(10, 20, 1)
(10, 39, 1)
(11, 4, 1)
(11, 5, 3)
(11, 7, 2)
(11, 8, 1)
(11, 16, 1)
(12, 1, 4)
(12, 2, 5)
(12, 3, 1)
(12, 5, 3)
(12, 6, 1)
(12, 7, 4)
(12, 8, 2)
(12, 9, 1)
(12, 11, 2)
(13, 2, 1)
(13, 3, 5)
(13, 4, 4)
(13, 5, 2)
(13, 6, 1)
(13, 7, 4)
(13, 8, 2)
(13, 10, 1)
(13, 13, 2)
(13, 14, 1)
(13, 15, 1)
(13, 28, 1)
(14, 1, 4)
(14, 2, 2)
(14, 3, 5)
(14, 4, 5)
(14, 5, 3)
(14, 6, 3)
(14, 7, 9)
(14, 8, 2)
(14, 9, 1)
(14, 10, 1)
(14, 11, 1)
(14, 12, 1)
(14, 21, 1)
(15, 1, 5)
(15, 2, 2)
(15, 3, 1)
(15, 4, 1)
(15, 5, 4)
(15, 6, 3)
(15, 7, 4)
(15, 8, 1)
(15, 9, 2)
(15, 18, 1)
(15, 29, 1)
(15, 31, 1)
(16, 1, 3)
(16, 2, 8)
(16, 3, 6)
(16, 4, 1)
(16, 5, 1)
(16, 6, 3)
(16, 7, 7)
(16, 8, 2)
(16, 9, 2)
(16, 11, 1)
(16, 13, 3)
(17, 1, 3)
(17, 2, 1)
(17, 3, 1)
(17, 4, 1)
(17, 5, 3)
(17, 6, 6)
(17, 7, 4)
(17, 8, 4)
(17, 9, 1)
(17, 10, 2)
(17, 14, 1)
(17, 20, 1)
(18, 1, 2)
(18, 2, 1)
(18, 3, 3)
(18, 4, 1)
(18, 5, 1)
(18, 6, 4)
(18, 7, 8)
(18, 8, 2)
(18, 9, 1)
(18, 10, 1)
(18, 15, 1)
(18, 21, 1)
(19, 1, 1)
(19, 2, 2)
(19, 3, 4)
(19, 4, 3)
(19, 5, 4)
(19, 6, 3)
(19, 7, 4)
(19, 8, 2)
(19, 9, 2)
(19, 12, 1)
(19, 20, 1)
(20, 1, 5)
(20, 2, 1)
(20, 3, 1)
(20, 4, 2)
(20, 6, 1)
(20, 7, 1)
(20, 8, 4)
(20, 9, 2)
(20, 13, 1)
(20, 16, 1)
(21, 1, 2)
(21, 2, 1)
(21, 3, 2)
(21, 6, 1)
(21, 7, 3)
(21, 8, 2)
(21, 9, 1)
(21, 10, 1)
(21, 12, 2)
(21, 13, 1)
(21, 19, 1)
(21, 32, 1)
(22, 1, 4)
(22, 3, 3)
(22, 4, 4)
(22, 5, 1)
(22, 6, 2)
(22, 7, 2)
(22, 8, 3)
(22, 9, 2)
(22, 10, 1)
(22, 11, 1)
(22, 13, 1)
(22, 18, 1)
(23, 1, 8)
(23, 2, 1)
(23, 3, 2)
(23, 4, 1)
(23, 5, 3)
(23, 6, 3)
(23, 7, 5)
(23, 8, 2)
(23, 9, 1)
(23, 10, 2)
(23, 11, 1)
(23, 12, 3)
(24, 1, 4)
(24, 2, 9)
(24, 3, 8)
(24, 5, 2)
(24, 6, 5)
(24, 7, 4)
(24, 8, 7)
(24, 9, 2)
(24, 10, 3)
(24, 12, 1)
(24, 38, 1)
(25, 1, 3)
(25, 2, 6)
(25, 3, 8)
(25, 4, 6)
(25, 5, 2)
(25, 6, 10)
(25, 7, 5)
(25, 9, 2)
(25, 11, 1)
(25, 12, 1)
(25, 24, 1)
(26, 1, 5)
(26, 2, 4)
(26, 3, 4)
(26, 5, 1)
(26, 6, 9)
(26, 7, 1)
(26, 8, 2)
(26, 9, 1)
(26, 10, 2)
(26, 11, 2)
(26, 12, 2)
(26, 13, 1)
(26, 21, 1)
(26, 30, 1)
(27, 1, 1)
(27, 3, 1)
(27, 5, 6)
(27, 6, 8)
(27, 7, 3)
(27, 8, 6)
(27, 9, 4)
(27, 10, 2)
(27, 12, 1)
(28, 1, 1)
(28, 2, 1)
(28, 3, 4)
(28, 4, 2)
(28, 5, 4)
(28, 6, 6)
(28, 7, 3)
(28, 8, 1)
(28, 9, 2)
(28, 10, 1)
(28, 21, 1)
(29, 2, 1)
(29, 5, 1)
(29, 6, 2)
(29, 7, 3)
(29, 9, 1)
(29, 11, 2)
(29, 13, 2)
(29, 14, 1)
(30, 1, 3)
(30, 3, 2)
(30, 5, 2)
(30, 6, 6)
(30, 7, 2)
(30, 8, 1)
(30, 9, 3)
(30, 10, 1)
(30, 11, 2)
(30, 13, 1)
(30, 15, 1)
(31, 1, 6)
(31, 2, 3)
(31, 3, 4)
(31, 4, 2)
(31, 5, 4)
(31, 6, 3)
(31, 7, 1)
(31, 8, 4)
(31, 9, 1)
(31, 10, 1)
(31, 11, 1)
(31, 12, 1)
(31, 22, 1)
(31, 23, 1)
(32, 1, 6)
(32, 2, 12)
(32, 3, 11)
(32, 4, 5)
(32, 5, 8)
(32, 6, 6)
(32, 7, 8)
(32, 8, 3)
(32, 9, 1)
(32, 10, 2)
(32, 11, 1)
(32, 12, 1)
(32, 13, 1)
(32, 21, 1)
(32, 27, 1)
(32, 28, 1)
(32, 32, 1)
(33, 1, 6)
(33, 2, 7)
(33, 3, 7)
(33, 4, 6)
(33, 5, 6)
(33, 6, 4)
(33, 7, 4)
(33, 8, 3)
(33, 9, 2)
(33, 11, 2)
(33, 12, 1)
(33, 14, 1)
(33, 17, 1)
(33, 20, 2)
(33, 22, 1)
(34, 1, 3)
(34, 2, 4)
(34, 3, 2)
(34, 4, 6)
(34, 5, 7)
(34, 6, 8)
(34, 7, 5)
(34, 8, 2)
(34, 9, 3)
(34, 12, 3)
(34, 13, 1)
(34, 15, 1)
(34, 16, 1)
(34, 19, 1)
(35, 1, 9)
(35, 2, 8)
(35, 3, 3)
(35, 4, 2)
(35, 5, 3)
(35, 6, 7)
(35, 7, 12)
(35, 8, 7)
(35, 13, 1)
(36, 1, 5)
(36, 2, 6)
(36, 3, 5)
(36, 4, 2)
(36, 5, 4)
(36, 6, 2)
(36, 7, 2)
(36, 9, 4)
(36, 10, 2)
(36, 12, 1)
(36, 16, 1)
(36, 34, 1)
(37, 1, 1)
(37, 2, 3)
(37, 3, 1)
(37, 4, 1)
(37, 6, 2)
(37, 7, 5)
(37, 8, 1)
(37, 9, 1)
(37, 21, 1)
(37, 25, 1)
(38, 1, 1)
(38, 2, 2)
(38, 3, 1)
(38, 8, 1)
(38, 16, 1)
(39, 1, 7)
(39, 2, 20)
(39, 3, 8)
(39, 4, 1)
(39, 32, 1)
xi_2:
(12, 8, 1)
(12, 16, 1)
(13, 9, 1)
(14, 11, 1)
(14, 13, 2)
(14, 14, 1)
(14, 28, 1)
(15, 10, 1)
(15, 11, 1)
(15, 12, 1)
(15, 21, 1)
(15, 39, 1)
(16, 5, 1)
(16, 6, 1)
(16, 8, 1)
(16, 9, 2)
(16, 18, 1)
(17, 9, 1)
(17, 13, 2)
(18, 7, 1)
(18, 8, 1)
(18, 14, 1)
(19, 15, 1)
(22, 9, 1)
(22, 12, 1)
(22, 19, 1)
(22, 32, 1)
(23, 11, 1)
(23, 13, 1)
(23, 18, 1)
(24, 12, 2)
(25, 8, 2)
(25, 9, 1)
(26, 4, 1)
(26, 12, 1)
(26, 24, 1)
(27, 8, 1)
(27, 9, 1)
(27, 11, 1)
(27, 12, 1)
(27, 13, 2)
(28, 8, 1)
(28, 12, 2)
(29, 9, 1)
(30, 11, 1)
(30, 13, 1)
(30, 14, 1)
(31, 9, 1)
(31, 13, 1)
(32, 7, 1)
(32, 8, 1)
(32, 11, 1)
(32, 12, 1)
(33, 6, 2)
(33, 10, 1)
(33, 12, 2)
(33, 15, 1)
(33, 21, 1)
(33, 27, 1)
(33, 32, 1)
(34, 7, 1)
(34, 11, 1)
(34, 12, 1)
(34, 22, 1)
(34, 23, 1)
(35, 5, 1)
(35, 8, 1)
(35, 9, 1)
(35, 12, 1)
(35, 13, 1)
(35, 14, 1)
(35, 15, 1)
(35, 16, 1)
(36, 5, 1)
(36, 6, 1)
(36, 12, 2)
(36, 13, 1)
(37, 9, 1)
(37, 34, 1)
(38, 6, 1)
(38, 25, 1)
