x-grades
-19604463420296143/8000000000000000
-48032864159230583/20000000000000000
-94109139535441617/40000000000000000
-23038137688105517/10000000000000000
-90195961969402519/40000000000000000
-8823937318638297/4000000000000000
-86282784403363421/40000000000000000
-1317596806567873/625000000000000
-82369606837324323/40000000000000000
-40206509027152387/20000000000000000
-3138257170851409/1600000000000000
-19124960122066419/10000000000000000
-74543251705246127/40000000000000000
-36293331461113289/20000000000000000
-70630074139207029/40000000000000000
-1716837133904687/1000000000000000
-66716896573167931/40000000000000000
-32380153895074191/20000000000000000
-62803719007128833/40000000000000000
-15211782556027321/10000000000000000
-11778108288217947/8000000000000000
-28466976329035093/20000000000000000
-54977363875050637/40000000000000000
-3313798443251943/2500000000000000
-51064186309011539/40000000000000000
-4910759752599199/4000000000000000
-47151008742972441/40000000000000000
-11298604989988223/10000000000000000
-43237831176933343/40000000000000000
-20640621196956897/20000000000000000
-7864930722178849/8000000000000000
-4671008103484337/5000000000000000
-35411476044855147/40000000000000000
-16727443630917799/20000000000000000
-31498298478816049/40000000000000000
-59083419391593/80000000000000
-27585120912776951/40000000000000000
-12814266064878701/20000000000000000
-23671943346737853/40000000000000000
-678604830116197/1250000000000000

y-grades
79999/320000
79999/160000
239997/320000
79999/80000
79999/64000
239997/160000
559993/320000
79999/40000
719991/320000
79999/32000
879989/320000
239997/80000
1039987/320000
559993/160000
239997/64000
79999/20000
1359983/320000
719991/160000
1519981/320000
79999/16000
1679979/320000
879989/160000
1839977/320000
239997/40000
79999/12800
1039987/160000
2159973/320000
559993/80000
2319971/320000
239997/32000
2479969/320000
79999/10000
2639967/320000
1359983/160000
559993/64000
719991/80000
2959963/320000
1519981/160000
3119961/320000
79999/8000

Dimensions > 0:
(0, 0, 19)
(0, 1, 14)
(0, 2, 11)
(0, 3, 10)
(0, 4, 5)
(0, 5, 5)
(0, 6, 5)
(0, 7, 4)
(0, 8, 2)
(0, 9, 2)
(0, 10, 2)
(0, 11, 2)
(0, 12, 2)
(0, 13, 2)
(0, 14, 2)
(0, 15, 2)
(0, 16, 2)
(0, 17, 2)
(0, 18, 2)
(0, 19, 2)
(0, 20, 2)
(0, 21, 2)
(0, 22, 2)
(0, 23, 2)
(0, 24, 2)
(0, 25, 2)
(0, 26, 2)
(0, 27, 2)
(0, 28, 2)
(0, 29, 2)
(0, 30, 2)
(0, 31, 2)
(0, 32, 2)
(0, 33, 2)
(0, 34, 2)
(0, 35, 1)
(0, 36, 1)
(0, 37, 1)
(0, 38, 1)
(0, 39, 1)

(1, 0, 23)
(1, 1, 18)
(1, 2, 15)
(1, 3, 13)
(1, 4, 6)
(1, 5, 6)
(1, 6, 6)
(1, 7, 5)
(1, 8, 3)
(1, 9, 3)
(1, 10, 3)
(1, 11, 3)
(1, 12, 3)
(1, 13, 1)
(1, 14, 1)
(1, 15, 1)
(1, 16, 1)
(1, 17, 1)
(1, 18, 1)
(1, 19, 1)
(1, 20, 1)
(1, 21, 1)
(1, 22, 1)
(1, 23, 1)
(1, 24, 1)
(1, 25, 1)
(1, 26, 1)
(1, 27, 1)
(1, 28, 1)
(1, 29, 1)
(1, 30, 1)
(1, 31, 1)
(1, 32, 1)
(1, 33, 1)
(1, 34, 1)
(1, 35, 1)
(1, 36, 1)
(1, 37, 1)
(1, 38, 1)
(1, 39, 1)

(2, 0, 38)
(2, 1, 27)
(2, 2, 23)
(2, 3, 18)
(2, 4, 11)
(2, 5, 11)
(2, 6, 10)
(2, 7, 9)
(2, 8, 6)
(2, 9, 6)
(2, 10, 6)
(2, 11, 6)
(2, 12, 6)
(2, 13, 4)
(2, 14, 4)
(2, 15, 4)
(2, 16, 4)
(2, 17, 3)
(2, 18, 3)
(2, 19, 3)
(2, 20, 3)
(2, 21, 3)
(2, 22, 3)
(2, 23, 3)
(2, 24, 3)
(2, 25, 3)
(2, 26, 3)
(2, 27, 3)
(2, 28, 3)
(2, 29, 3)
(2, 30, 3)
(2, 31, 3)
(2, 32, 3)
(2, 33, 3)
(2, 34, 3)
(2, 35, 3)
(2, 36, 3)
(2, 37, 3)
(2, 38, 3)
(2, 39, 3)

(3, 0, 52)
(3, 1, 40)
(3, 2, 33)
(3, 3, 26)
(3, 4, 16)
(3, 5, 16)
(3, 6, 13)
(3, 7, 12)
(3, 8, 6)
(3, 9, 6)
(3, 10, 6)
(3, 11, 6)
(3, 12, 6)
(3, 13, 4)
(3, 14, 4)
(3, 15, 4)
(3, 16, 4)
(3, 17, 3)
(3, 18, 3)
(3, 19, 3)
(3, 20, 3)
(3, 21, 3)
(3, 22, 3)
(3, 23, 3)
(3, 24, 3)
(3, 25, 3)
(3, 26, 3)
(3, 27, 3)
(3, 28, 3)
(3, 29, 3)
(3, 30, 3)
(3, 31, 3)
(3, 32, 3)
(3, 33, 3)
(3, 34, 3)
(3, 35, 3)
(3, 36, 3)
(3, 37, 3)
(3, 38, 3)
(3, 39, 3)

(4, 0, 68)
(4, 1, 55)
(4, 2, 45)
(4, 3, 36)
(4, 4, 23)
(4, 5, 23)
(4, 6, 19)
(4, 7, 17)
(4, 8, 11)
(4, 9, 11)
(4, 10, 11)
(4, 11, 9)
(4, 12, 8)
(4, 13, 6)
(4, 14, 5)
(4, 15, 5)
(4, 16, 5)
(4, 17, 4)
(4, 18, 4)
(4, 19, 4)
(4, 20, 4)
(4, 21, 4)
(4, 22, 4)
(4, 23, 3)
(4, 24, 3)
(4, 25, 3)
(4, 26, 3)
(4, 27, 3)
(4, 28, 3)
(4, 29, 3)
(4, 30, 3)
(4, 31, 3)
(4, 32, 3)
(4, 33, 3)
(4, 34, 3)
(4, 35, 3)
(4, 36, 3)
(4, 37, 3)
(4, 38, 3)
(4, 39, 3)

(5, 0, 80)
(5, 1, 64)
(5, 2, 53)
(5, 3, 43)
(5, 4, 29)
(5, 5, 28)
(5, 6, 24)
(5, 7, 21)
(5, 8, 15)
(5, 9, 15)
(5, 10, 15)
(5, 11, 13)
(5, 12, 12)
(5, 13, 10)
(5, 14, 9)
(5, 15, 9)
(5, 16, 8)
(5, 17, 5)
(5, 18, 5)
(5, 19, 5)
(5, 20, 5)
(5, 21, 5)
(5, 22, 5)
(5, 23, 4)
(5, 24, 4)
(5, 25, 4)
(5, 26, 4)
(5, 27, 4)
(5, 28, 4)
(5, 29, 4)
(5, 30, 4)
(5, 31, 4)
(5, 32, 4)
(5, 33, 4)
(5, 34, 4)
(5, 35, 4)
(5, 36, 4)
(5, 37, 4)
(5, 38, 4)
(5, 39, 4)

(6, 0, 101)
(6, 1, 84)
(6, 2, 69)
(6, 3, 58)
(6, 4, 40)
(6, 5, 38)
(6, 6, 32)
(6, 7, 27)
(6, 8, 21)
(6, 9, 20)
(6, 10, 20)
(6, 11, 17)
(6, 12, 15)
(6, 13, 12)
(6, 14, 11)
(6, 15, 10)
(6, 16, 8)
(6, 17, 5)
(6, 18, 5)
(6, 19, 5)
(6, 20, 5)
(6, 21, 5)
(6, 22, 5)
(6, 23, 4)
(6, 24, 4)
(6, 25, 4)
(6, 26, 4)
(6, 27, 4)
(6, 28, 4)
(6, 29, 4)
(6, 30, 4)
(6, 31, 3)
(6, 32, 3)
(6, 33, 3)
(6, 34, 3)
(6, 35, 3)
(6, 36, 3)
(6, 37, 3)
(6, 38, 3)
(6, 39, 3)

(7, 0, 124)
(7, 1, 107)
(7, 2, 86)
(7, 3, 75)
(7, 4, 52)
(7, 5, 49)
(7, 6, 42)
(7, 7, 37)
(7, 8, 30)
(7, 9, 27)
(7, 10, 27)
(7, 11, 23)
(7, 12, 20)
(7, 13, 17)
(7, 14, 13)
(7, 15, 11)
(7, 16, 7)
(7, 17, 5)
(7, 18, 5)
(7, 19, 5)
(7, 20, 5)
(7, 21, 5)
(7, 22, 4)
(7, 23, 3)
(7, 24, 3)
(7, 25, 3)
(7, 26, 3)
(7, 27, 3)
(7, 28, 3)
(7, 29, 3)
(7, 30, 3)
(7, 31, 3)
(7, 32, 3)
(7, 33, 3)
(7, 34, 3)
(7, 35, 3)
(7, 36, 3)
(7, 37, 2)
(7, 38, 2)
(7, 39, 2)

(8, 0, 136)
(8, 1, 119)
(8, 2, 96)
(8, 3, 85)
(8, 4, 60)
(8, 5, 57)
(8, 6, 49)
(8, 7, 44)
(8, 8, 35)
(8, 9, 30)
(8, 10, 27)
(8, 11, 23)
(8, 12, 20)
(8, 13, 16)
(8, 14, 12)
(8, 15, 10)
(8, 16, 8)
(8, 17, 6)
(8, 18, 5)
(8, 19, 5)
(8, 20, 5)
(8, 21, 5)
(8, 22, 4)
(8, 23, 3)
(8, 24, 3)
(8, 25, 3)
(8, 26, 3)
(8, 27, 3)
(8, 28, 3)
(8, 29, 3)
(8, 30, 3)
(8, 31, 3)
(8, 32, 3)
(8, 33, 3)
(8, 34, 3)
(8, 35, 3)
(8, 36, 3)
(8, 37, 2)
(8, 38, 2)
(8, 39, 2)

(9, 0, 146)
(9, 1, 129)
(9, 2, 105)
(9, 3, 94)
(9, 4, 69)
(9, 5, 66)
(9, 6, 57)
(9, 7, 51)
(9, 8, 39)
(9, 9, 34)
(9, 10, 31)
(9, 11, 25)
(9, 12, 21)
(9, 13, 16)
(9, 14, 12)
(9, 15, 10)
(9, 16, 8)
(9, 17, 6)
(9, 18, 5)
(9, 19, 5)
(9, 20, 5)
(9, 21, 5)
(9, 22, 4)
(9, 23, 3)
(9, 24, 3)
(9, 25, 3)
(9, 26, 3)
(9, 27, 3)
(9, 28, 3)
(9, 29, 3)
(9, 30, 3)
(9, 31, 3)
(9, 32, 3)
(9, 33, 3)
(9, 34, 3)
(9, 35, 3)
(9, 36, 3)
(9, 37, 2)
(9, 38, 2)
(9, 39, 2)

(10, 0, 149)
(10, 1, 132)
(10, 2, 108)
(10, 3, 97)
(10, 4, 72)
(10, 5, 69)
(10, 6, 58)
(10, 7, 52)
(10, 8, 40)
(10, 9, 35)
(10, 10, 32)
(10, 11, 26)
(10, 12, 22)
(10, 13, 17)
(10, 14, 13)
(10, 15, 10)
(10, 16, 8)
(10, 17, 6)
(10, 18, 5)
(10, 19, 5)
(10, 20, 5)
(10, 21, 5)
(10, 22, 4)
(10, 23, 3)
(10, 24, 3)
(10, 25, 3)
(10, 26, 3)
(10, 27, 3)
(10, 28, 3)
(10, 29, 3)
(10, 30, 3)
(10, 31, 3)
(10, 32, 3)
(10, 33, 3)
(10, 34, 3)
(10, 35, 3)
(10, 36, 3)
(10, 37, 2)
(10, 38, 2)
(10, 39, 2)

(11, 0, 156)
(11, 1, 139)
(11, 2, 114)
(11, 3, 103)
(11, 4, 78)
(11, 5, 75)
(11, 6, 64)
(11, 7, 58)
(11, 8, 44)
(11, 9, 39)
(11, 10, 35)
(11, 11, 29)
(11, 12, 25)
(11, 13, 19)
(11, 14, 15)
(11, 15, 12)
(11, 16, 9)
(11, 17, 7)
(11, 18, 6)
(11, 19, 5)
(11, 20, 5)
(11, 21, 5)
(11, 22, 4)
(11, 23, 3)
(11, 24, 3)
(11, 25, 3)
(11, 26, 3)
(11, 27, 3)
(11, 28, 3)
(11, 29, 3)
(11, 30, 3)
(11, 31, 3)
(11, 32, 3)
(11, 33, 3)
(11, 34, 3)
(11, 35, 2)
(11, 36, 2)
(11, 37, 1)
(11, 38, 1)
(11, 39, 1)

(12, 0, 163)
(12, 1, 146)
(12, 2, 121)
(12, 3, 109)
(12, 4, 84)
(12, 5, 81)
(12, 6, 70)
(12, 7, 64)
(12, 8, 48)
(12, 9, 43)
(12, 10, 39)
(12, 11, 32)
(12, 12, 27)
(12, 13, 21)
(12, 14, 16)
(12, 15, 12)
(12, 16, 10)
(12, 17, 8)
(12, 18, 7)
(12, 19, 6)
(12, 20, 6)
(12, 21, 6)
(12, 22, 5)
(12, 23, 3)
(12, 24, 3)
(12, 25, 3)
(12, 26, 3)
(12, 27, 3)
(12, 28, 3)
(12, 29, 3)
(12, 30, 3)
(12, 31, 3)
(12, 32, 3)
(12, 33, 3)
(12, 34, 3)
(12, 35, 2)
(12, 36, 2)
(12, 37, 1)
(12, 38, 1)
(12, 39, 1)

(13, 0, 173)
(13, 1, 156)
(13, 2, 130)
(13, 3, 116)
(13, 4, 91)
(13, 5, 86)
(13, 6, 74)
(13, 7, 68)
(13, 8, 52)
(13, 9, 47)
(13, 10, 42)
(13, 11, 35)
(13, 12, 30)
(13, 13, 23)
(13, 14, 18)
(13, 15, 13)
(13, 16, 11)
(13, 17, 9)
(13, 18, 8)
(13, 19, 7)
(13, 20, 7)
(13, 21, 7)
(13, 22, 5)
(13, 23, 3)
(13, 24, 3)
(13, 25, 3)
(13, 26, 2)
(13, 27, 2)
(13, 28, 2)
(13, 29, 2)
(13, 30, 2)
(13, 31, 2)
(13, 32, 2)
(13, 33, 2)
(13, 34, 2)
(13, 35, 2)
(13, 36, 2)
(13, 37, 1)
(13, 38, 1)
(13, 39, 1)

(14, 0, 184)
(14, 1, 167)
(14, 2, 141)
(14, 3, 127)
(14, 4, 101)
(14, 5, 96)
(14, 6, 83)
(14, 7, 77)
(14, 8, 61)
(14, 9, 55)
(14, 10, 50)
(14, 11, 40)
(14, 12, 35)
(14, 13, 27)
(14, 14, 21)
(14, 15, 15)
(14, 16, 12)
(14, 17, 9)
(14, 18, 7)
(14, 19, 7)
(14, 20, 7)
(14, 21, 7)
(14, 22, 6)
(14, 23, 3)
(14, 24, 3)
(14, 25, 3)
(14, 26, 2)
(14, 27, 2)
(14, 28, 2)
(14, 29, 2)
(14, 30, 2)
(14, 31, 2)
(14, 32, 2)
(14, 33, 2)
(14, 34, 2)
(14, 35, 2)
(14, 36, 2)
(14, 37, 1)
(14, 38, 1)
(14, 39, 1)

(15, 0, 201)
(15, 1, 184)
(15, 2, 158)
(15, 3, 143)
(15, 4, 114)
(15, 5, 108)
(15, 6, 94)
(15, 7, 88)
(15, 8, 70)
(15, 9, 62)
(15, 10, 56)
(15, 11, 44)
(15, 12, 35)
(15, 13, 26)
(15, 14, 17)
(15, 15, 12)
(15, 16, 10)
(15, 17, 8)
(15, 18, 5)
(15, 19, 5)
(15, 20, 5)
(15, 21, 5)
(15, 22, 3)
(15, 23, 2)
(15, 24, 2)
(15, 25, 2)
(15, 26, 2)
(15, 27, 2)
(15, 28, 2)
(15, 29, 2)
(15, 30, 2)
(15, 31, 2)
(15, 32, 2)
(15, 33, 2)
(15, 34, 2)
(15, 35, 2)
(15, 36, 2)
(15, 37, 1)
(15, 38, 1)
(15, 39, 1)

(16, 0, 210)
(16, 1, 193)
(16, 2, 167)
(16, 3, 152)
(16, 4, 123)
(16, 5, 114)
(16, 6, 100)
(16, 7, 92)
(16, 8, 73)
(16, 9, 65)
(16, 10, 59)
(16, 11, 44)
(16, 12, 35)
(16, 13, 26)
(16, 14, 17)
(16, 15, 11)
(16, 16, 9)
(16, 17, 7)
(16, 18, 5)
(16, 19, 5)
(16, 20, 5)
(16, 21, 5)
(16, 22, 3)
(16, 23, 2)
(16, 24, 2)
(16, 25, 2)
(16, 26, 2)
(16, 27, 2)
(16, 28, 2)
(16, 29, 2)
(16, 30, 2)
(16, 31, 2)
(16, 32, 2)
(16, 33, 2)
(16, 34, 2)
(16, 35, 2)
(16, 36, 2)
(16, 37, 1)
(16, 38, 1)
(16, 39, 1)

(17, 0, 220)
(17, 1, 203)
(17, 2, 174)
(17, 3, 159)
(17, 4, 130)
(17, 5, 121)
(17, 6, 107)
(17, 7, 94)
(17, 8, 75)
(17, 9, 66)
(17, 10, 58)
(17, 11, 43)
(17, 12, 34)
(17, 13, 25)
(17, 14, 16)
(17, 15, 11)
(17, 16, 9)
(17, 17, 7)
(17, 18, 5)
(17, 19, 5)
(17, 20, 5)
(17, 21, 5)
(17, 22, 3)
(17, 23, 2)
(17, 24, 2)
(17, 25, 2)
(17, 26, 2)
(17, 27, 2)
(17, 28, 2)
(17, 29, 2)
(17, 30, 2)
(17, 31, 2)
(17, 32, 2)
(17, 33, 2)
(17, 34, 2)
(17, 35, 2)
(17, 36, 2)
(17, 37, 1)
(17, 38, 1)
(17, 39, 1)

(18, 0, 225)
(18, 1, 208)
(18, 2, 179)
(18, 3, 163)
(18, 4, 134)
(18, 5, 125)
(18, 6, 111)
(18, 7, 97)
(18, 8, 78)
(18, 9, 69)
(18, 10, 60)
(18, 11, 45)
(18, 12, 36)
(18, 13, 26)
(18, 14, 17)
(18, 15, 11)
(18, 16, 9)
(18, 17, 7)
(18, 18, 5)
(18, 19, 5)
(18, 20, 5)
(18, 21, 5)
(18, 22, 3)
(18, 23, 2)
(18, 24, 2)
(18, 25, 2)
(18, 26, 2)
(18, 27, 2)
(18, 28, 2)
(18, 29, 2)
(18, 30, 2)
(18, 31, 2)
(18, 32, 2)
(18, 33, 2)
(18, 34, 2)
(18, 35, 2)
(18, 36, 2)
(18, 37, 1)
(18, 38, 1)
(18, 39, 1)

(19, 0, 233)
(19, 1, 213)
(19, 2, 182)
(19, 3, 166)
(19, 4, 137)
(19, 5, 128)
(19, 6, 114)
(19, 7, 100)
(19, 8, 81)
(19, 9, 72)
(19, 10, 63)
(19, 11, 48)
(19, 12, 39)
(19, 13, 29)
(19, 14, 20)
(19, 15, 14)
(19, 16, 12)
(19, 17, 9)
(19, 18, 7)
(19, 19, 7)
(19, 20, 6)
(19, 21, 6)
(19, 22, 4)
(19, 23, 3)
(19, 24, 3)
(19, 25, 3)
(19, 26, 2)
(19, 27, 2)
(19, 28, 2)
(19, 29, 2)
(19, 30, 2)
(19, 31, 2)
(19, 32, 2)
(19, 33, 2)
(19, 34, 2)
(19, 35, 2)
(19, 36, 2)
(19, 37, 1)
(19, 38, 1)
(19, 39, 1)

(20, 0, 246)
(20, 1, 225)
(20, 2, 194)
(20, 3, 176)
(20, 4, 144)
(20, 5, 135)
(20, 6, 121)
(20, 7, 107)
(20, 8, 87)
(20, 9, 77)
(20, 10, 68)
(20, 11, 52)
(20, 12, 42)
(20, 13, 31)
(20, 14, 21)
(20, 15, 15)
(20, 16, 12)
(20, 17, 9)
(20, 18, 7)
(20, 19, 7)
(20, 20, 6)
(20, 21, 6)
(20, 22, 4)
(20, 23, 3)
(20, 24, 2)
(20, 25, 2)
(20, 26, 2)
(20, 27, 2)
(20, 28, 2)
(20, 29, 2)
(20, 30, 2)
(20, 31, 2)
(20, 32, 2)
(20, 33, 2)
(20, 34, 2)
(20, 35, 2)
(20, 36, 2)
(20, 37, 1)
(20, 38, 1)
(20, 39, 1)

(21, 0, 259)
(21, 1, 237)
(21, 2, 202)
(21, 3, 184)
(21, 4, 151)
(21, 5, 142)
(21, 6, 126)
(21, 7, 112)
(21, 8, 91)
(21, 9, 80)
(21, 10, 69)
(21, 11, 52)
(21, 12, 42)
(21, 13, 31)
(21, 14, 20)
(21, 15, 14)
(21, 16, 11)
(21, 17, 8)
(21, 18, 6)
(21, 19, 6)
(21, 20, 5)
(21, 21, 5)
(21, 22, 3)
(21, 23, 2)
(21, 24, 2)
(21, 25, 2)
(21, 26, 2)
(21, 27, 2)
(21, 28, 2)
(21, 29, 2)
(21, 30, 2)
(21, 31, 2)
(21, 32, 2)
(21, 33, 2)
(21, 34, 2)
(21, 35, 2)
(21, 36, 2)
(21, 37, 1)
(21, 38, 1)
(21, 39, 1)

(22, 0, 271)
(22, 1, 249)
(22, 2, 213)
(22, 3, 193)
(22, 4, 160)
(22, 5, 149)
(22, 6, 132)
(22, 7, 116)
(22, 8, 94)
(22, 9, 82)
(22, 10, 71)
(22, 11, 51)
(22, 12, 42)
(22, 13, 31)
(22, 14, 20)
(22, 15, 14)
(22, 16, 11)
(22, 17, 8)
(22, 18, 6)
(22, 19, 6)
(22, 20, 5)
(22, 21, 5)
(22, 22, 3)
(22, 23, 2)
(22, 24, 2)
(22, 25, 2)
(22, 26, 2)
(22, 27, 2)
(22, 28, 2)
(22, 29, 2)
(22, 30, 2)
(22, 31, 2)
(22, 32, 2)
(22, 33, 2)
(22, 34, 2)
(22, 35, 2)
(22, 36, 2)
(22, 37, 1)
(22, 38, 1)
(22, 39, 1)

(23, 0, 285)
(23, 1, 260)
(23, 2, 224)
(23, 3, 204)
(23, 4, 171)
(23, 5, 159)
(23, 6, 141)
(23, 7, 124)
(23, 8, 96)
(23, 9, 84)
(23, 10, 73)
(23, 11, 53)
(23, 12, 44)
(23, 13, 33)
(23, 14, 22)
(23, 15, 15)
(23, 16, 12)
(23, 17, 9)
(23, 18, 6)
(23, 19, 6)
(23, 20, 5)
(23, 21, 5)
(23, 22, 3)
(23, 23, 2)
(23, 24, 2)
(23, 25, 2)
(23, 26, 2)
(23, 27, 2)
(23, 28, 2)
(23, 29, 2)
(23, 30, 2)
(23, 31, 2)
(23, 32, 2)
(23, 33, 2)
(23, 34, 2)
(23, 35, 2)
(23, 36, 2)
(23, 37, 1)
(23, 38, 1)
(23, 39, 1)

(24, 0, 300)
(24, 1, 273)
(24, 2, 236)
(24, 3, 215)
(24, 4, 181)
(24, 5, 169)
(24, 6, 149)
(24, 7, 130)
(24, 8, 102)
(24, 9, 90)
(24, 10, 77)
(24, 11, 57)
(24, 12, 46)
(24, 13, 35)
(24, 14, 22)
(24, 15, 15)
(24, 16, 10)
(24, 17, 7)
(24, 18, 6)
(24, 19, 6)
(24, 20, 5)
(24, 21, 5)
(24, 22, 3)
(24, 23, 2)
(24, 24, 2)
(24, 25, 2)
(24, 26, 2)
(24, 27, 2)
(24, 28, 2)
(24, 29, 2)
(24, 30, 2)
(24, 31, 2)
(24, 32, 2)
(24, 33, 2)
(24, 34, 2)
(24, 35, 2)
(24, 36, 2)
(24, 37, 1)
(24, 38, 1)
(24, 39, 1)

(25, 0, 316)
(25, 1, 288)
(25, 2, 251)
(25, 3, 230)
(25, 4, 194)
(25, 5, 181)
(25, 6, 159)
(25, 7, 137)
(25, 8, 109)
(25, 9, 96)
(25, 10, 81)
(25, 11, 58)
(25, 12, 47)
(25, 13, 34)
(25, 14, 21)
(25, 15, 14)
(25, 16, 10)
(25, 17, 7)
(25, 18, 6)
(25, 19, 6)
(25, 20, 5)
(25, 21, 5)
(25, 22, 3)
(25, 23, 2)
(25, 24, 2)
(25, 25, 2)
(25, 26, 2)
(25, 27, 2)
(25, 28, 2)
(25, 29, 2)
(25, 30, 2)
(25, 31, 2)
(25, 32, 2)
(25, 33, 2)
(25, 34, 2)
(25, 35, 2)
(25, 36, 2)
(25, 37, 1)
(25, 38, 1)
(25, 39, 1)

(26, 0, 335)
(26, 1, 304)
(26, 2, 265)
(26, 3, 243)
(26, 4, 206)
(26, 5, 192)
(26, 6, 169)
(26, 7, 145)
(26, 8, 114)
(26, 9, 100)
(26, 10, 83)
(26, 11, 60)
(26, 12, 49)
(26, 13, 35)
(26, 14, 21)
(26, 15, 14)
(26, 16, 11)
(26, 17, 8)
(26, 18, 7)
(26, 19, 7)
(26, 20, 6)
(26, 21, 6)
(26, 22, 4)
(26, 23, 3)
(26, 24, 3)
(26, 25, 3)
(26, 26, 3)
(26, 27, 3)
(26, 28, 3)
(26, 29, 3)
(26, 30, 3)
(26, 31, 3)
(26, 32, 3)
(26, 33, 3)
(26, 34, 3)
(26, 35, 3)
(26, 36, 3)
(26, 37, 2)
(26, 38, 2)
(26, 39, 2)

(27, 0, 358)
(27, 1, 325)
(27, 2, 284)
(27, 3, 259)
(27, 4, 220)
(27, 5, 205)
(27, 6, 181)
(27, 7, 155)
(27, 8, 123)
(27, 9, 106)
(27, 10, 86)
(27, 11, 62)
(27, 12, 51)
(27, 13, 36)
(27, 14, 21)
(27, 15, 14)
(27, 16, 11)
(27, 17, 8)
(27, 18, 7)
(27, 19, 7)
(27, 20, 6)
(27, 21, 6)
(27, 22, 4)
(27, 23, 3)
(27, 24, 3)
(27, 25, 3)
(27, 26, 3)
(27, 27, 3)
(27, 28, 3)
(27, 29, 3)
(27, 30, 3)
(27, 31, 3)
(27, 32, 3)
(27, 33, 3)
(27, 34, 3)
(27, 35, 3)
(27, 36, 3)
(27, 37, 2)
(27, 38, 2)
(27, 39, 2)

(28, 0, 389)
(28, 1, 354)
(28, 2, 307)
(28, 3, 280)
(28, 4, 240)
(28, 5, 223)
(28, 6, 194)
(28, 7, 165)
(28, 8, 130)
(28, 9, 113)
(28, 10, 92)
(28, 11, 67)
(28, 12, 56)
(28, 13, 41)
(28, 14, 25)
(28, 15, 17)
(28, 16, 13)
(28, 17, 10)
(28, 18, 9)
(28, 19, 9)
(28, 20, 8)
(28, 21, 7)
(28, 22, 5)
(28, 23, 4)
(28, 24, 4)
(28, 25, 3)
(28, 26, 3)
(28, 27, 3)
(28, 28, 3)
(28, 29, 3)
(28, 30, 3)
(28, 31, 3)
(28, 32, 3)
(28, 33, 3)
(28, 34, 3)
(28, 35, 3)
(28, 36, 3)
(28, 37, 2)
(28, 38, 2)
(28, 39, 2)

(29, 0, 425)
(29, 1, 379)
(29, 2, 329)
(29, 3, 299)
(29, 4, 255)
(29, 5, 236)
(29, 6, 204)
(29, 7, 173)
(29, 8, 137)
(29, 9, 118)
(29, 10, 96)
(29, 11, 70)
(29, 12, 57)
(29, 13, 41)
(29, 14, 25)
(29, 15, 19)
(29, 16, 13)
(29, 17, 9)
(29, 18, 8)
(29, 19, 8)
(29, 20, 7)
(29, 21, 6)
(29, 22, 4)
(29, 23, 3)
(29, 24, 3)
(29, 25, 3)
(29, 26, 3)
(29, 27, 3)
(29, 28, 3)
(29, 29, 3)
(29, 30, 3)
(29, 31, 3)
(29, 32, 3)
(29, 33, 3)
(29, 34, 3)
(29, 35, 3)
(29, 36, 3)
(29, 37, 2)
(29, 38, 2)
(29, 39, 2)

(30, 0, 441)
(30, 1, 395)
(30, 2, 343)
(30, 3, 313)
(30, 4, 266)
(30, 5, 242)
(30, 6, 210)
(30, 7, 179)
(30, 8, 142)
(30, 9, 123)
(30, 10, 100)
(30, 11, 73)
(30, 12, 57)
(30, 13, 41)
(30, 14, 25)
(30, 15, 19)
(30, 16, 13)
(30, 17, 9)
(30, 18, 8)
(30, 19, 8)
(30, 20, 7)
(30, 21, 5)
(30, 22, 3)
(30, 23, 2)
(30, 24, 2)
(30, 25, 2)
(30, 26, 2)
(30, 27, 2)
(30, 28, 2)
(30, 29, 2)
(30, 30, 2)
(30, 31, 2)
(30, 32, 2)
(30, 33, 2)
(30, 34, 2)
(30, 35, 2)
(30, 36, 2)
(30, 37, 1)
(30, 38, 1)
(30, 39, 1)

(31, 0, 451)
(31, 1, 405)
(31, 2, 352)
(31, 3, 320)
(31, 4, 273)
(31, 5, 249)
(31, 6, 217)
(31, 7, 185)
(31, 8, 147)
(31, 9, 127)
(31, 10, 103)
(31, 11, 76)
(31, 12, 60)
(31, 13, 42)
(31, 14, 25)
(31, 15, 19)
(31, 16, 12)
(31, 17, 9)
(31, 18, 8)
(31, 19, 8)
(31, 20, 7)
(31, 21, 5)
(31, 22, 3)
(31, 23, 2)
(31, 24, 2)
(31, 25, 2)
(31, 26, 2)
(31, 27, 2)
(31, 28, 2)
(31, 29, 2)
(31, 30, 2)
(31, 31, 2)
(31, 32, 2)
(31, 33, 2)
(31, 34, 2)
(31, 35, 2)
(31, 36, 2)
(31, 37, 1)
(31, 38, 1)
(31, 39, 1)

(32, 0, 472)
(32, 1, 426)
(32, 2, 372)
(32, 3, 339)
(32, 4, 290)
(32, 5, 262)
(32, 6, 230)
(32, 7, 197)
(32, 8, 157)
(32, 9, 135)
(32, 10, 110)
(32, 11, 82)
(32, 12, 65)
(32, 13, 47)
(32, 14, 29)
(32, 15, 23)
(32, 16, 16)
(32, 17, 13)
(32, 18, 11)
(32, 19, 11)
(32, 20, 10)
(32, 21, 8)
(32, 22, 6)
(32, 23, 4)
(32, 24, 4)
(32, 25, 4)
(32, 26, 4)
(32, 27, 4)
(32, 28, 4)
(32, 29, 4)
(32, 30, 4)
(32, 31, 4)
(32, 32, 4)
(32, 33, 4)
(32, 34, 4)
(32, 35, 4)
(32, 36, 4)
(32, 37, 3)
(32, 38, 3)
(32, 39, 3)

(33, 0, 507)
(33, 1, 457)
(33, 2, 400)
(33, 3, 364)
(33, 4, 309)
(33, 5, 278)
(33, 6, 245)
(33, 7, 212)
(33, 8, 170)
(33, 9, 148)
(33, 10, 120)
(33, 11, 90)
(33, 12, 70)
(33, 13, 51)
(33, 14, 29)
(33, 15, 23)
(33, 16, 16)
(33, 17, 12)
(33, 18, 11)
(33, 19, 11)
(33, 20, 10)
(33, 21, 8)
(33, 22, 6)
(33, 23, 5)
(33, 24, 5)
(33, 25, 5)
(33, 26, 5)
(33, 27, 5)
(33, 28, 5)
(33, 29, 5)
(33, 30, 5)
(33, 31, 5)
(33, 32, 5)
(33, 33, 5)
(33, 34, 5)
(33, 35, 5)
(33, 36, 5)
(33, 37, 4)
(33, 38, 4)
(33, 39, 4)

(34, 0, 540)
(34, 1, 487)
(34, 2, 427)
(34, 3, 386)
(34, 4, 329)
(34, 5, 297)
(34, 6, 263)
(34, 7, 229)
(34, 8, 186)
(34, 9, 161)
(34, 10, 131)
(34, 11, 99)
(34, 12, 72)
(34, 13, 53)
(34, 14, 30)
(34, 15, 24)
(34, 16, 18)
(34, 17, 14)
(34, 18, 13)
(34, 19, 13)
(34, 20, 10)
(34, 21, 8)
(34, 22, 6)
(34, 23, 5)
(34, 24, 5)
(34, 25, 5)
(34, 26, 4)
(34, 27, 4)
(34, 28, 4)
(34, 29, 4)
(34, 30, 4)
(34, 31, 4)
(34, 32, 4)
(34, 33, 4)
(34, 34, 4)
(34, 35, 4)
(34, 36, 4)
(34, 37, 3)
(34, 38, 2)
(34, 39, 2)

(35, 0, 589)
(35, 1, 530)
(35, 2, 466)
(35, 3, 421)
(35, 4, 361)
(35, 5, 327)
(35, 6, 288)
(35, 7, 250)
(35, 8, 203)
(35, 9, 176)
(35, 10, 140)
(35, 11, 105)
(35, 12, 78)
(35, 13, 58)
(35, 14, 33)
(35, 15, 26)
(35, 16, 20)
(35, 17, 15)
(35, 18, 14)
(35, 19, 13)
(35, 20, 11)
(35, 21, 9)
(35, 22, 7)
(35, 23, 6)
(35, 24, 6)
(35, 25, 6)
(35, 26, 6)
(35, 27, 6)
(35, 28, 6)
(35, 29, 5)
(35, 30, 5)
(35, 31, 5)
(35, 32, 5)
(35, 33, 5)
(35, 34, 5)
(35, 35, 5)
(35, 36, 4)
(35, 37, 3)
(35, 38, 3)
(35, 39, 3)

(36, 0, 630)
(36, 1, 566)
(36, 2, 498)
(36, 3, 447)
(36, 4, 386)
(36, 5, 350)
(36, 6, 308)
(36, 7, 267)
(36, 8, 214)
(36, 9, 186)
(36, 10, 149)
(36, 11, 113)
(36, 12, 82)
(36, 13, 60)
(36, 14, 34)
(36, 15, 27)
(36, 16, 19)
(36, 17, 14)
(36, 18, 13)
(36, 19, 13)
(36, 20, 11)
(36, 21, 8)
(36, 22, 6)
(36, 23, 5)
(36, 24, 5)
(36, 25, 5)
(36, 26, 5)
(36, 27, 5)
(36, 28, 5)
(36, 29, 5)
(36, 30, 5)
(36, 31, 5)
(36, 32, 5)
(36, 33, 5)
(36, 34, 5)
(36, 35, 5)
(36, 36, 4)
(36, 37, 3)
(36, 38, 3)
(36, 39, 3)

(37, 0, 676)
(37, 1, 605)
(37, 2, 530)
(37, 3, 473)
(37, 4, 405)
(37, 5, 369)
(37, 6, 325)
(37, 7, 281)
(37, 8, 227)
(37, 9, 198)
(37, 10, 157)
(37, 11, 119)
(37, 12, 86)
(37, 13, 61)
(37, 14, 35)
(37, 15, 28)
(37, 16, 19)
(37, 17, 15)
(37, 18, 14)
(37, 19, 14)
(37, 20, 12)
(37, 21, 9)
(37, 22, 6)
(37, 23, 5)
(37, 24, 4)
(37, 25, 4)
(37, 26, 4)
(37, 27, 3)
(37, 28, 3)
(37, 29, 3)
(37, 30, 3)
(37, 31, 3)
(37, 32, 3)
(37, 33, 3)
(37, 34, 3)
(37, 35, 3)
(37, 36, 3)
(37, 37, 2)
(37, 38, 2)
(37, 39, 2)

(38, 0, 702)
(38, 1, 629)
(38, 2, 553)
(38, 3, 495)
(38, 4, 423)
(38, 5, 385)
(38, 6, 340)
(38, 7, 294)
(38, 8, 236)
(38, 9, 204)
(38, 10, 163)
(38, 11, 123)
(38, 12, 90)
(38, 13, 65)
(38, 14, 38)
(38, 15, 29)
(38, 16, 19)
(38, 17, 15)
(38, 18, 14)
(38, 19, 14)
(38, 20, 13)
(38, 21, 10)
(38, 22, 7)
(38, 23, 6)
(38, 24, 5)
(38, 25, 5)
(38, 26, 4)
(38, 27, 4)
(38, 28, 4)
(38, 29, 4)
(38, 30, 4)
(38, 31, 4)
(38, 32, 4)
(38, 33, 3)
(38, 34, 2)
(38, 35, 2)
(38, 36, 2)
(38, 37, 1)
(38, 38, 1)
(38, 39, 1)

(39, 0, 721)
(39, 1, 648)
(39, 2, 569)
(39, 3, 511)
(39, 4, 435)
(39, 5, 397)
(39, 6, 352)
(39, 7, 304)
(39, 8, 243)
(39, 9, 210)
(39, 10, 166)
(39, 11, 126)
(39, 12, 93)
(39, 13, 66)
(39, 14, 39)
(39, 15, 30)
(39, 16, 17)
(39, 17, 13)
(39, 18, 11)
(39, 19, 11)
(39, 20, 10)
(39, 21, 7)
(39, 22, 4)
(39, 23, 2)
(39, 24, 2)
(39, 25, 2)
(39, 26, 2)
(39, 27, 2)
(39, 28, 2)
(39, 29, 2)
(39, 30, 2)
(39, 31, 2)
(39, 32, 2)
(39, 33, 2)
(39, 34, 2)
(39, 35, 2)
(39, 36, 2)
(39, 37, 1)
(39, 38, 1)
(39, 39, 1)


Betti numbers:
xi_0:
(0, 0, 19)
(1, 0, 4)
(2, 0, 15)
(3, 0, 14)
(4, 0, 16)
(5, 0, 12)
(6, 0, 21)
(7, 0, 23)
(8, 0, 12)
(9, 0, 10)
(10, 0, 3)
(11, 0, 7)
(12, 0, 7)
(13, 0, 10)
(14, 0, 11)
(15, 0, 17)
(16, 0, 9)
(17, 0, 10)
(18, 0, 5)
(19, 0, 8)
(20, 0, 13)
(21, 0, 13)
(22, 0, 12)
(23, 0, 14)
(24, 0, 15)
(25, 0, 16)
(26, 0, 19)
(27, 0, 23)
(28, 0, 31)
(29, 0, 36)
(30, 0, 16)
(31, 0, 10)
(32, 0, 21)
(33, 0, 35)
(34, 0, 33)
(35, 0, 49)
(36, 0, 41)
(37, 0, 46)
(38, 0, 26)
(39, 0, 19)
xi_1:
(0, 1, 5)
(0, 2, 3)
(0, 3, 1)
(0, 4, 5)
(0, 7, 1)
(0, 8, 2)
(0, 35, 1)
(1, 3, 1)
(1, 4, 2)
(1, 13, 2)
(2, 1, 6)
(2, 2, 1)
(2, 3, 3)
(2, 6, 1)
(2, 8, 1)
(2, 17, 1)
(3, 1, 1)
(3, 2, 3)
(3, 3, 2)
(3, 4, 3)
(3, 6, 2)
(3, 8, 3)
(4, 1, 1)
(4, 2, 3)
(4, 3, 2)
(4, 4, 3)
(4, 6, 1)
(4, 7, 1)
(4, 11, 2)
(4, 12, 1)
(4, 14, 1)
(4, 23, 1)
(5, 1, 3)
(5, 2, 1)
(5, 3, 1)
(5, 4, 1)
(5, 5, 1)
(5, 7, 1)
(5, 16, 1)
(5, 17, 2)
(5, 23, 1)
(6, 1, 1)
(6, 2, 4)
(6, 3, 1)
(6, 4, 4)
(6, 5, 1)
(6, 6, 2)
(6, 7, 2)
(6, 9, 1)
(6, 11, 1)
(6, 12, 1)
(6, 13, 1)
(6, 15, 1)
(6, 16, 1)
(6, 31, 1)
(7, 2, 6)
(7, 4, 5)
(7, 5, 1)
(7, 6, 1)
(7, 8, 1)
(7, 9, 2)
(7, 11, 1)
(7, 12, 1)
(7, 14, 3)
(7, 15, 1)
(7, 16, 3)
(7, 22, 1)
(7, 37, 1)
(8, 2, 2)
(8, 4, 2)
(8, 6, 1)
(8, 8, 2)
(8, 9, 2)
(8, 10, 3)
(8, 13, 1)
(8, 18, 1)
(9, 2, 1)
(9, 6, 1)
(9, 7, 1)
(9, 8, 3)
(9, 11, 2)
(9, 12, 1)
(9, 13, 2)
(10, 6, 2)
(10, 15, 1)
(11, 2, 1)
(11, 8, 2)
(11, 10, 1)
(11, 13, 1)
(11, 16, 1)
(11, 19, 1)
(11, 35, 1)
(12, 3, 1)
(12, 8, 2)
(12, 11, 1)
(12, 12, 1)
(12, 14, 1)
(12, 15, 1)
(12, 23, 1)
(13, 2, 1)
(13, 3, 2)
(13, 5, 2)
(13, 6, 1)
(13, 10, 1)
(13, 13, 1)
(13, 15, 1)
(13, 22, 1)
(13, 26, 1)
(14, 4, 1)
(14, 6, 1)
(14, 9, 1)
(14, 11, 3)
(14, 13, 1)
(14, 14, 1)
(14, 15, 1)
(14, 16, 1)
(14, 17, 1)
(14, 18, 1)
(14, 23, 1)
(15, 3, 1)
(15, 4, 3)
(15, 5, 1)
(15, 6, 1)
(15, 8, 2)
(15, 9, 2)
(15, 10, 1)
(15, 11, 2)
(15, 12, 4)
(15, 13, 2)
(15, 14, 3)
(15, 18, 2)
(15, 22, 1)
(16, 5, 3)
(16, 7, 2)
(16, 8, 1)
(16, 11, 3)
(16, 12, 1)
(16, 15, 1)
(17, 2, 3)
(17, 7, 5)
(17, 9, 1)
(17, 10, 2)
(17, 11, 1)
(18, 3, 1)
(18, 7, 1)
(18, 10, 1)
(18, 13, 1)
(18, 15, 1)
(19, 1, 3)
(19, 2, 2)
(19, 17, 1)
(19, 20, 1)
(19, 26, 1)
(20, 1, 1)
(20, 3, 2)
(20, 4, 3)
(20, 8, 1)
(20, 9, 1)
(20, 11, 1)
(20, 12, 1)
(20, 13, 1)
(20, 14, 1)
(20, 16, 1)
(20, 24, 1)
(21, 1, 1)
(21, 2, 4)
(21, 4, 1)
(21, 6, 2)
(21, 8, 1)
(21, 9, 1)
(21, 10, 2)
(21, 11, 1)
(21, 12, 1)
(21, 14, 1)
(22, 2, 1)
(22, 3, 2)
(22, 5, 2)
(22, 6, 1)
(22, 7, 2)
(22, 8, 1)
(22, 9, 1)
(22, 11, 3)
(23, 1, 3)
(23, 5, 1)
(23, 6, 1)
(23, 7, 1)
(23, 8, 6)
(23, 9, 1)
(23, 11, 1)
(23, 15, 1)
(23, 18, 1)
(24, 1, 2)
(24, 2, 1)
(24, 3, 1)
(24, 4, 1)
(24, 6, 2)
(24, 7, 2)
(24, 10, 2)
(24, 12, 2)
(24, 14, 2)
(24, 15, 1)
(24, 16, 2)
(25, 1, 1)
(25, 4, 2)
(25, 5, 1)
(25, 6, 2)
(25, 7, 3)
(25, 9, 1)
(25, 10, 2)
(25, 11, 3)
(25, 13, 2)
(25, 14, 1)
(26, 1, 3)
(26, 2, 2)
(26, 3, 1)
(26, 4, 1)
(26, 5, 1)
(26, 6, 1)
(26, 7, 2)
(26, 8, 3)
(26, 9, 1)
(26, 10, 2)
(26, 11, 1)
(26, 12, 1)
(26, 13, 1)
(26, 14, 1)
(27, 1, 2)
(27, 2, 2)
(27, 3, 3)
(27, 4, 2)
(27, 5, 1)
(27, 6, 1)
(27, 7, 2)
(27, 8, 1)
(27, 9, 3)
(27, 10, 3)
(27, 11, 1)
(27, 13, 2)
(27, 14, 1)
(28, 1, 2)
(28, 2, 6)
(28, 3, 2)
(28, 4, 1)
(28, 5, 2)
(28, 6, 5)
(28, 7, 4)
(28, 8, 3)
(28, 10, 1)
(28, 11, 1)
(28, 14, 1)
(28, 15, 1)
(28, 16, 1)
(28, 21, 1)
(28, 25, 1)
(29, 1, 11)
(29, 2, 3)
(29, 3, 3)
(29, 4, 4)
(29, 5, 2)
(29, 6, 3)
(29, 7, 2)
(29, 8, 1)
(29, 9, 2)
(29, 10, 1)
(29, 11, 1)
(29, 12, 2)
(29, 13, 1)
(29, 16, 2)
(29, 17, 1)
(30, 2, 2)
(30, 4, 3)
(30, 5, 5)
(30, 8, 1)
(30, 10, 1)
(30, 11, 1)
(30, 12, 3)
(30, 21, 1)
(31, 2, 1)
(31, 3, 2)
(31, 7, 1)
(31, 8, 1)
(31, 9, 1)
(31, 10, 1)
(31, 13, 2)
(31, 14, 1)
(31, 16, 1)
(32, 2, 1)
(32, 3, 1)
(32, 4, 2)
(32, 5, 4)
(32, 7, 1)
(32, 8, 2)
(32, 9, 2)
(32, 10, 1)
(32, 11, 1)
(32, 12, 1)
(32, 14, 1)
(32, 16, 1)
(32, 18, 1)
(32, 23, 1)
(33, 1, 4)
(33, 2, 3)
(33, 3, 3)
(33, 4, 6)
(33, 5, 3)
(33, 6, 1)
(33, 8, 2)
(33, 10, 3)
(33, 11, 2)
(33, 12, 3)
(33, 13, 1)
(33, 14, 4)
(33, 16, 1)
(33, 17, 1)
(34, 1, 3)
(34, 2, 3)
(34, 3, 5)
(34, 4, 2)
(34, 5, 1)
(34, 6, 1)
(34, 7, 1)
(34, 8, 1)
(34, 9, 3)
(34, 10, 2)
(34, 11, 2)
(34, 12, 7)
(34, 14, 1)
(34, 20, 2)
(34, 26, 1)
(34, 38, 1)
(35, 1, 6)
(35, 2, 4)
(35, 3, 4)
(35, 4, 3)
(35, 5, 2)
(35, 6, 5)
(35, 7, 4)
(35, 8, 4)
(35, 9, 2)
(35, 10, 6)
(35, 11, 3)
(35, 12, 2)
(35, 13, 1)
(35, 14, 2)
(35, 15, 1)
(35, 17, 1)
(35, 19, 1)
(35, 29, 1)
(35, 36, 1)
(36, 1, 5)
(36, 2, 4)
(36, 3, 6)
(36, 4, 1)
(36, 5, 2)
(36, 6, 3)
(36, 7, 3)
(36, 8, 6)
(36, 9, 1)
(36, 10, 2)
(36, 11, 1)
(36, 12, 4)
(36, 13, 2)
(36, 14, 1)
(36, 16, 2)
(36, 17, 1)
(36, 21, 1)
(37, 1, 7)
(37, 2, 7)
(37, 3, 6)
(37, 4, 7)
(37, 6, 2)
(37, 7, 3)
(37, 8, 1)
(37, 9, 1)
(37, 10, 4)
(37, 11, 2)
(37, 12, 2)
(37, 13, 3)
(37, 16, 2)
(37, 22, 1)
(37, 24, 1)
(37, 27, 1)
(38, 1, 2)
(38, 2, 1)
(38, 3, 1)
(38, 4, 4)
(38, 5, 2)
(38, 6, 1)
(38, 7, 2)
(38, 8, 4)
(38, 9, 3)
(38, 11, 2)
(38, 14, 1)
(38, 15, 2)
(38, 16, 1)
(38, 26, 1)
(38, 33, 1)
(38, 34, 1)
(39, 2, 3)
(39, 4, 4)
(39, 7, 2)
(39, 8, 3)
(39, 9, 1)
(39, 10, 3)
(39, 13, 2)
(39, 16, 3)
(39, 18, 1)
(39, 23, 1)
xi_2:
(1, 35, 1)
(5, 23, 1)
(7, 16, 1)
(7, 17, 1)
(7, 31, 1)
(8, 16, 2)
(9, 13, 1)
(12, 16, 1)
(13, 35, 1)
(14, 19, 1)
(14, 22, 1)
(15, 13, 1)
(15, 15, 1)
(15, 16, 1)
(15, 17, 1)
(15, 18, 1)
(15, 23, 2)
(15, 26, 1)
(16, 12, 1)
(16, 18, 1)
(17, 11, 1)
(17, 15, 1)
(20, 26, 1)
(21, 12, 1)
(21, 24, 1)
(22, 12, 1)
(23, 9, 1)
(23, 11, 1)
(24, 15, 1)
(24, 18, 2)
(25, 14, 1)
(25, 16, 1)
(26, 11, 1)
(26, 12, 1)
(26, 16, 1)
(27, 13, 1)
(28, 7, 1)
(29, 15, 2)
(29, 25, 1)
(31, 17, 1)
(32, 16, 1)
(33, 16, 1)
(33, 18, 1)
(33, 23, 1)
(34, 16, 1)
(35, 12, 2)
(35, 20, 1)
(35, 26, 1)
(35, 38, 1)
(36, 10, 1)
(36, 17, 1)
(36, 19, 1)
(36, 29, 1)
(37, 16, 1)
(37, 17, 1)
(37, 36, 1)
(38, 20, 1)
(38, 27, 1)
(39, 24, 1)
(39, 26, 1)
(39, 33, 1)
(39, 34, 1)
