x-grades
-157268176876387353/100000000000000000
-76952534765354853/50000000000000000
-150541962185032059/100000000000000000
-36794713709838603/25000000000000000
-28763149498735353/20000000000000000
-70226320073999559/50000000000000000
-137089532802321471/100000000000000000
-8357901591040239/6250000000000000
-130363318110966177/100000000000000000
-12700021076528853/10000000000000000
-123637103419610883/100000000000000000
-30068499018483309/25000000000000000
-116910888728255589/100000000000000000
-56773890691288971/50000000000000000
-22036934807380059/20000000000000000
-13352695836402831/12500000000000000
-103458459345545001/100000000000000000
-50047675999933677/50000000000000000
-96732244654189707/100000000000000000
-4668456865425603/5000000000000000
-90006029962834413/100000000000000000
-43321461308578383/50000000000000000
-83279815271479119/100000000000000000
-156087320167581/195312500000000
-3062144023204953/4000000000000000
-36595246617223089/50000000000000000
-69827385888768531/100000000000000000
-16616069635772721/25000000000000000
-63101171197413237/100000000000000000
-5973806385173559/10000000000000000
-56374956506057943/100000000000000000
-6626481145047537/12500000000000000
-49648741814702649/100000000000000000
-23142817234512501/50000000000000000
-8584505424669471/20000000000000000
-9889854944417427/25000000000000000
-36196312431992061/100000000000000000
-16416602543157207/50000000000000000
-29470097740636767/100000000000000000
-326337379936989/1250000000000000

y-grades
9999731/40000000
9999731/20000000
29999193/40000000
9999731/10000000
9999731/8000000
29999193/20000000
69998117/40000000
9999731/5000000
89997579/40000000
9999731/4000000
109997041/40000000
29999193/10000000
129996503/40000000
69998117/20000000
29999193/8000000
9999731/2500000
169995427/40000000
89997579/20000000
189994889/40000000
9999731/2000000
209994351/40000000
109997041/20000000
229993813/40000000
29999193/5000000
9999731/1600000
129996503/20000000
269992737/40000000
69998117/10000000
289992199/40000000
29999193/4000000
309991661/40000000
9999731/1250000
329991123/40000000
169995427/20000000
69998117/8000000
89997579/10000000
369990047/40000000
189994889/20000000
389989509/40000000
9999731/1000000

Dimensions > 0:
(0, 0, 1)
(0, 1, 1)
(0, 2, 1)
(0, 3, 1)
(0, 4, 1)
(0, 5, 1)
(0, 6, 1)
(0, 7, 1)
(0, 8, 1)
(0, 9, 1)
(0, 10, 1)
(0, 11, 1)
(0, 12, 1)
(0, 13, 1)
(0, 14, 1)
(0, 15, 1)
(0, 16, 1)
(0, 17, 1)
(0, 18, 1)
(0, 19, 1)
(0, 20, 1)
(0, 21, 1)
(0, 22, 1)
(0, 23, 1)
(0, 24, 1)
(0, 25, 1)
(0, 26, 1)
(0, 27, 1)
(0, 28, 1)
(0, 29, 1)
(0, 30, 1)
(0, 31, 1)
(0, 32, 1)
(0, 33, 1)
(0, 34, 1)
(0, 35, 1)
(0, 36, 1)
(0, 37, 1)
(0, 38, 1)
(0, 39, 1)

(1, 0, 1)
(1, 1, 1)
(1, 2, 1)
(1, 3, 1)
(1, 4, 1)
(1, 5, 1)
(1, 6, 1)
(1, 7, 1)
(1, 8, 1)
(1, 9, 1)
(1, 10, 1)
(1, 11, 1)
(1, 12, 1)
(1, 13, 1)
(1, 14, 1)
(1, 15, 1)
(1, 16, 1)
(1, 17, 1)
(1, 18, 1)
(1, 19, 1)
(1, 20, 1)
(1, 21, 1)
(1, 22, 1)
(1, 23, 1)
(1, 24, 1)
(1, 25, 1)
(1, 26, 1)
(1, 27, 1)
(1, 28, 1)
(1, 29, 1)
(1, 30, 1)
(1, 31, 1)
(1, 32, 1)
(1, 33, 1)
(1, 34, 1)
(1, 35, 1)
(1, 36, 1)
(1, 37, 1)
(1, 38, 1)
(1, 39, 1)

(2, 0, 2)
(2, 1, 2)
(2, 2, 2)
(2, 3, 2)
(2, 4, 2)
(2, 5, 2)
(2, 6, 2)
(2, 7, 2)
(2, 8, 2)
(2, 9, 2)
(2, 10, 2)
(2, 11, 2)
(2, 12, 2)
(2, 13, 2)
(2, 14, 2)
(2, 15, 2)
(2, 16, 2)
(2, 17, 2)
(2, 18, 2)
(2, 19, 2)
(2, 20, 2)
(2, 21, 2)
(2, 22, 2)
(2, 23, 2)
(2, 24, 2)
(2, 25, 2)
(2, 26, 2)
(2, 27, 2)
(2, 28, 2)
(2, 29, 2)
(2, 30, 2)
(2, 31, 2)
(2, 32, 2)
(2, 33, 2)
(2, 34, 2)
(2, 35, 2)
(2, 36, 2)
(2, 37, 2)
(2, 38, 2)
(2, 39, 2)

(3, 0, 2)
(3, 1, 2)
(3, 2, 2)
(3, 3, 2)
(3, 4, 2)
(3, 5, 2)
(3, 6, 2)
(3, 7, 2)
(3, 8, 2)
(3, 9, 2)
(3, 10, 2)
(3, 11, 2)
(3, 12, 2)
(3, 13, 2)
(3, 14, 2)
(3, 15, 2)
(3, 16, 2)
(3, 17, 2)
(3, 18, 2)
(3, 19, 2)
(3, 20, 2)
(3, 21, 2)
(3, 22, 2)
(3, 23, 2)
(3, 24, 2)
(3, 25, 2)
(3, 26, 2)
(3, 27, 2)
(3, 28, 2)
(3, 29, 2)
(3, 30, 2)
(3, 31, 2)
(3, 32, 2)
(3, 33, 2)
(3, 34, 2)
(3, 35, 2)
(3, 36, 2)
(3, 37, 2)
(3, 38, 2)
(3, 39, 2)

(4, 0, 3)
(4, 1, 3)
(4, 2, 3)
(4, 3, 3)
(4, 4, 3)
(4, 5, 3)
(4, 6, 3)
(4, 7, 3)
(4, 8, 3)
(4, 9, 3)
(4, 10, 3)
(4, 11, 3)
(4, 12, 3)
(4, 13, 3)
(4, 14, 3)
(4, 15, 3)
(4, 16, 3)
(4, 17, 3)
(4, 18, 3)
(4, 19, 3)
(4, 20, 3)
(4, 21, 3)
(4, 22, 3)
(4, 23, 3)
(4, 24, 3)
(4, 25, 3)
(4, 26, 3)
(4, 27, 3)
(4, 28, 3)
(4, 29, 3)
(4, 30, 3)
(4, 31, 3)
(4, 32, 3)
(4, 33, 3)
(4, 34, 3)
(4, 35, 3)
(4, 36, 3)
(4, 37, 3)
(4, 38, 3)
(4, 39, 3)

(5, 0, 3)
(5, 1, 3)
(5, 2, 3)
(5, 3, 3)
(5, 4, 3)
(5, 5, 3)
(5, 6, 3)
(5, 7, 3)
(5, 8, 3)
(5, 9, 3)
(5, 10, 3)
(5, 11, 3)
(5, 12, 3)
(5, 13, 3)
(5, 14, 3)
(5, 15, 3)
(5, 16, 3)
(5, 17, 3)
(5, 18, 3)
(5, 19, 3)
(5, 20, 3)
(5, 21, 3)
(5, 22, 3)
(5, 23, 3)
(5, 24, 3)
(5, 25, 3)
(5, 26, 3)
(5, 27, 3)
(5, 28, 3)
(5, 29, 3)
(5, 30, 3)
(5, 31, 3)
(5, 32, 3)
(5, 33, 3)
(5, 34, 3)
(5, 35, 3)
(5, 36, 3)
(5, 37, 3)
(5, 38, 3)
(5, 39, 3)

(6, 0, 3)
(6, 1, 3)
(6, 2, 3)
(6, 3, 3)
(6, 4, 3)
(6, 5, 3)
(6, 6, 3)
(6, 7, 3)
(6, 8, 3)
(6, 9, 3)
(6, 10, 3)
(6, 11, 3)
(6, 12, 3)
(6, 13, 3)
(6, 14, 3)
(6, 15, 3)
(6, 16, 3)
(6, 17, 3)
(6, 18, 3)
(6, 19, 3)
(6, 20, 3)
(6, 21, 3)
(6, 22, 3)
(6, 23, 3)
(6, 24, 3)
(6, 25, 3)
(6, 26, 3)
(6, 27, 3)
(6, 28, 3)
(6, 29, 3)
(6, 30, 3)
(6, 31, 3)
(6, 32, 3)
(6, 33, 3)
(6, 34, 3)
(6, 35, 3)
(6, 36, 3)
(6, 37, 3)
(6, 38, 3)
(6, 39, 3)

(7, 0, 3)
(7, 1, 3)
(7, 2, 3)
(7, 3, 3)
(7, 4, 3)
(7, 5, 3)
(7, 6, 3)
(7, 7, 3)
(7, 8, 3)
(7, 9, 3)
(7, 10, 3)
(7, 11, 3)
(7, 12, 3)
(7, 13, 3)
(7, 14, 3)
(7, 15, 3)
(7, 16, 3)
(7, 17, 3)
(7, 18, 3)
(7, 19, 3)
(7, 20, 3)
(7, 21, 3)
(7, 22, 3)
(7, 23, 3)
(7, 24, 3)
(7, 25, 3)
(7, 26, 3)
(7, 27, 3)
(7, 28, 3)
(7, 29, 3)
(7, 30, 3)
(7, 31, 3)
(7, 32, 3)
(7, 33, 3)
(7, 34, 3)
(7, 35, 3)
(7, 36, 3)
(7, 37, 3)
(7, 38, 3)
(7, 39, 3)

(8, 0, 3)
(8, 1, 3)
(8, 2, 3)
(8, 3, 3)
(8, 4, 3)
(8, 5, 3)
(8, 6, 3)
(8, 7, 3)
(8, 8, 3)
(8, 9, 3)
(8, 10, 3)
(8, 11, 3)
(8, 12, 3)
(8, 13, 3)
(8, 14, 3)
(8, 15, 3)
(8, 16, 3)
(8, 17, 3)
(8, 18, 3)
(8, 19, 3)
(8, 20, 3)
(8, 21, 3)
(8, 22, 3)
(8, 23, 3)
(8, 24, 3)
(8, 25, 3)
(8, 26, 3)
(8, 27, 3)
(8, 28, 3)
(8, 29, 3)
(8, 30, 3)
(8, 31, 3)
(8, 32, 3)
(8, 33, 3)
(8, 34, 3)
(8, 35, 3)
(8, 36, 3)
(8, 37, 3)
(8, 38, 3)
(8, 39, 3)

(9, 0, 3)
(9, 1, 3)
(9, 2, 3)
(9, 3, 3)
(9, 4, 3)
(9, 5, 3)
(9, 6, 3)
(9, 7, 3)
(9, 8, 3)
(9, 9, 3)
(9, 10, 3)
(9, 11, 3)
(9, 12, 3)
(9, 13, 3)
(9, 14, 3)
(9, 15, 3)
(9, 16, 3)
(9, 17, 3)
(9, 18, 3)
(9, 19, 3)
(9, 20, 3)
(9, 21, 3)
(9, 22, 3)
(9, 23, 3)
(9, 24, 3)
(9, 25, 3)
(9, 26, 3)
(9, 27, 3)
(9, 28, 3)
(9, 29, 3)
(9, 30, 3)
(9, 31, 3)
(9, 32, 3)
(9, 33, 3)
(9, 34, 3)
(9, 35, 3)
(9, 36, 3)
(9, 37, 3)
(9, 38, 3)
(9, 39, 3)

(10, 0, 3)
(10, 1, 3)
(10, 2, 3)
(10, 3, 3)
(10, 4, 3)
(10, 5, 3)
(10, 6, 3)
(10, 7, 3)
(10, 8, 3)
(10, 9, 3)
(10, 10, 3)
(10, 11, 3)
(10, 12, 3)
(10, 13, 3)
(10, 14, 3)
(10, 15, 3)
(10, 16, 3)
(10, 17, 3)
(10, 18, 3)
(10, 19, 3)
(10, 20, 3)
(10, 21, 3)
(10, 22, 3)
(10, 23, 3)
(10, 24, 3)
(10, 25, 3)
(10, 26, 3)
(10, 27, 3)
(10, 28, 3)
(10, 29, 3)
(10, 30, 3)
(10, 31, 3)
(10, 32, 3)
(10, 33, 3)
(10, 34, 3)
(10, 35, 3)
(10, 36, 3)
(10, 37, 3)
(10, 38, 3)
(10, 39, 3)

(11, 0, 3)
(11, 1, 3)
(11, 2, 3)
(11, 3, 3)
(11, 4, 3)
(11, 5, 3)
(11, 6, 3)
(11, 7, 3)
(11, 8, 3)
(11, 9, 3)
(11, 10, 3)
(11, 11, 3)
(11, 12, 3)
(11, 13, 3)
(11, 14, 3)
(11, 15, 3)
(11, 16, 3)
(11, 17, 3)
(11, 18, 3)
(11, 19, 3)
(11, 20, 3)
(11, 21, 3)
(11, 22, 3)
(11, 23, 3)
(11, 24, 3)
(11, 25, 3)
(11, 26, 3)
(11, 27, 3)
(11, 28, 3)
(11, 29, 3)
(11, 30, 3)
(11, 31, 3)
(11, 32, 3)
(11, 33, 3)
(11, 34, 3)
(11, 35, 3)
(11, 36, 3)
(11, 37, 3)
(11, 38, 3)
(11, 39, 3)

(12, 0, 3)
(12, 1, 3)
(12, 2, 3)
(12, 3, 3)
(12, 4, 3)
(12, 5, 3)
(12, 6, 3)
(12, 7, 3)
(12, 8, 3)
(12, 9, 3)
(12, 10, 3)
(12, 11, 3)
(12, 12, 3)
(12, 13, 3)
(12, 14, 3)
(12, 15, 3)
(12, 16, 3)
(12, 17, 3)
(12, 18, 3)
(12, 19, 3)
(12, 20, 3)
(12, 21, 3)
(12, 22, 3)
(12, 23, 3)
(12, 24, 3)
(12, 25, 3)
(12, 26, 3)
(12, 27, 3)
(12, 28, 3)
(12, 29, 3)
(12, 30, 3)
(12, 31, 3)
(12, 32, 3)
(12, 33, 3)
(12, 34, 3)
(12, 35, 3)
(12, 36, 3)
(12, 37, 3)
(12, 38, 3)
(12, 39, 3)

(13, 0, 6)
(13, 1, 6)
(13, 2, 5)
(13, 3, 5)
(13, 4, 5)
(13, 5, 5)
(13, 6, 5)
(13, 7, 5)
(13, 8, 5)
(13, 9, 5)
(13, 10, 5)
(13, 11, 5)
(13, 12, 5)
(13, 13, 5)
(13, 14, 5)
(13, 15, 5)
(13, 16, 5)
(13, 17, 5)
(13, 18, 5)
(13, 19, 5)
(13, 20, 5)
(13, 21, 5)
(13, 22, 5)
(13, 23, 5)
(13, 24, 5)
(13, 25, 5)
(13, 26, 5)
(13, 27, 5)
(13, 28, 5)
(13, 29, 5)
(13, 30, 5)
(13, 31, 5)
(13, 32, 5)
(13, 33, 5)
(13, 34, 5)
(13, 35, 5)
(13, 36, 5)
(13, 37, 5)
(13, 38, 5)
(13, 39, 5)

(14, 0, 7)
(14, 1, 7)
(14, 2, 6)
(14, 3, 6)
(14, 4, 6)
(14, 5, 6)
(14, 6, 6)
(14, 7, 5)
(14, 8, 5)
(14, 9, 5)
(14, 10, 5)
(14, 11, 5)
(14, 12, 5)
(14, 13, 5)
(14, 14, 5)
(14, 15, 5)
(14, 16, 5)
(14, 17, 5)
(14, 18, 5)
(14, 19, 5)
(14, 20, 5)
(14, 21, 5)
(14, 22, 5)
(14, 23, 5)
(14, 24, 5)
(14, 25, 5)
(14, 26, 5)
(14, 27, 5)
(14, 28, 5)
(14, 29, 5)
(14, 30, 5)
(14, 31, 5)
(14, 32, 5)
(14, 33, 5)
(14, 34, 5)
(14, 35, 5)
(14, 36, 5)
(14, 37, 5)
(14, 38, 5)
(14, 39, 5)

(15, 0, 7)
(15, 1, 7)
(15, 2, 6)
(15, 3, 6)
(15, 4, 6)
(15, 5, 6)
(15, 6, 6)
(15, 7, 5)
(15, 8, 5)
(15, 9, 5)
(15, 10, 5)
(15, 11, 5)
(15, 12, 5)
(15, 13, 5)
(15, 14, 5)
(15, 15, 5)
(15, 16, 5)
(15, 17, 5)
(15, 18, 5)
(15, 19, 5)
(15, 20, 5)
(15, 21, 5)
(15, 22, 5)
(15, 23, 5)
(15, 24, 5)
(15, 25, 5)
(15, 26, 5)
(15, 27, 5)
(15, 28, 5)
(15, 29, 5)
(15, 30, 5)
(15, 31, 5)
(15, 32, 5)
(15, 33, 5)
(15, 34, 5)
(15, 35, 5)
(15, 36, 5)
(15, 37, 5)
(15, 38, 5)
(15, 39, 5)

(16, 0, 7)
(16, 1, 7)
(16, 2, 6)
(16, 3, 6)
(16, 4, 6)
(16, 5, 6)
(16, 6, 6)
(16, 7, 5)
(16, 8, 5)
(16, 9, 5)
(16, 10, 5)
(16, 11, 5)
(16, 12, 5)
(16, 13, 5)
(16, 14, 5)
(16, 15, 5)
(16, 16, 5)
(16, 17, 5)
(16, 18, 5)
(16, 19, 5)
(16, 20, 5)
(16, 21, 5)
(16, 22, 5)
(16, 23, 5)
(16, 24, 5)
(16, 25, 5)
(16, 26, 5)
(16, 27, 5)
(16, 28, 5)
(16, 29, 5)
(16, 30, 5)
(16, 31, 5)
(16, 32, 5)
(16, 33, 5)
(16, 34, 5)
(16, 35, 5)
(16, 36, 5)
(16, 37, 5)
(16, 38, 5)
(16, 39, 5)

(17, 0, 10)
(17, 1, 10)
(17, 2, 8)
(17, 3, 8)
(17, 4, 7)
(17, 5, 7)
(17, 6, 7)
(17, 7, 6)
(17, 8, 6)
(17, 9, 6)
(17, 10, 6)
(17, 11, 6)
(17, 12, 6)
(17, 13, 6)
(17, 14, 6)
(17, 15, 6)
(17, 16, 6)
(17, 17, 6)
(17, 18, 6)
(17, 19, 6)
(17, 20, 6)
(17, 21, 6)
(17, 22, 6)
(17, 23, 6)
(17, 24, 6)
(17, 25, 6)
(17, 26, 6)
(17, 27, 6)
(17, 28, 6)
(17, 29, 6)
(17, 30, 6)
(17, 31, 6)
(17, 32, 6)
(17, 33, 5)
(17, 34, 5)
(17, 35, 5)
(17, 36, 5)
(17, 37, 5)
(17, 38, 5)
(17, 39, 5)

(18, 0, 10)
(18, 1, 10)
(18, 2, 8)
(18, 3, 8)
(18, 4, 7)
(18, 5, 7)
(18, 6, 7)
(18, 7, 6)
(18, 8, 6)
(18, 9, 6)
(18, 10, 6)
(18, 11, 6)
(18, 12, 6)
(18, 13, 6)
(18, 14, 6)
(18, 15, 6)
(18, 16, 6)
(18, 17, 6)
(18, 18, 6)
(18, 19, 6)
(18, 20, 6)
(18, 21, 6)
(18, 22, 6)
(18, 23, 6)
(18, 24, 6)
(18, 25, 6)
(18, 26, 6)
(18, 27, 6)
(18, 28, 6)
(18, 29, 6)
(18, 30, 6)
(18, 31, 6)
(18, 32, 6)
(18, 33, 5)
(18, 34, 5)
(18, 35, 5)
(18, 36, 5)
(18, 37, 5)
(18, 38, 5)
(18, 39, 5)

(19, 0, 13)
(19, 1, 13)
(19, 2, 10)
(19, 3, 10)
(19, 4, 8)
(19, 5, 8)
(19, 6, 8)
(19, 7, 7)
(19, 8, 7)
(19, 9, 7)
(19, 10, 7)
(19, 11, 7)
(19, 12, 7)
(19, 13, 7)
(19, 14, 7)
(19, 15, 7)
(19, 16, 7)
(19, 17, 7)
(19, 18, 7)
(19, 19, 7)
(19, 20, 7)
(19, 21, 7)
(19, 22, 7)
(19, 23, 7)
(19, 24, 7)
(19, 25, 7)
(19, 26, 7)
(19, 27, 7)
(19, 28, 7)
(19, 29, 7)
(19, 30, 7)
(19, 31, 7)
(19, 32, 7)
(19, 33, 5)
(19, 34, 5)
(19, 35, 5)
(19, 36, 5)
(19, 37, 5)
(19, 38, 5)
(19, 39, 5)

(20, 0, 20)
(20, 1, 20)
(20, 2, 14)
(20, 3, 13)
(20, 4, 11)
(20, 5, 11)
(20, 6, 11)
(20, 7, 10)
(20, 8, 10)
(20, 9, 10)
(20, 10, 10)
(20, 11, 10)
(20, 12, 10)
(20, 13, 10)
(20, 14, 10)
(20, 15, 10)
(20, 16, 10)
(20, 17, 10)
(20, 18, 10)
(20, 19, 10)
(20, 20, 10)
(20, 21, 10)
(20, 22, 10)
(20, 23, 10)
(20, 24, 10)
(20, 25, 10)
(20, 26, 10)
(20, 27, 10)
(20, 28, 10)
(20, 29, 9)
(20, 30, 8)
(20, 31, 8)
(20, 32, 8)
(20, 33, 6)
(20, 34, 6)
(20, 35, 6)
(20, 36, 6)
(20, 37, 6)
(20, 38, 6)
(20, 39, 6)

(21, 0, 22)
(21, 1, 22)
(21, 2, 15)
(21, 3, 14)
(21, 4, 12)
(21, 5, 12)
(21, 6, 11)
(21, 7, 10)
(21, 8, 10)
(21, 9, 10)
(21, 10, 10)
(21, 11, 10)
(21, 12, 10)
(21, 13, 10)
(21, 14, 10)
(21, 15, 10)
(21, 16, 10)
(21, 17, 10)
(21, 18, 10)
(21, 19, 10)
(21, 20, 10)
(21, 21, 10)
(21, 22, 10)
(21, 23, 10)
(21, 24, 10)
(21, 25, 10)
(21, 26, 10)
(21, 27, 10)
(21, 28, 10)
(21, 29, 9)
(21, 30, 8)
(21, 31, 8)
(21, 32, 8)
(21, 33, 6)
(21, 34, 6)
(21, 35, 6)
(21, 36, 6)
(21, 37, 6)
(21, 38, 6)
(21, 39, 6)

(22, 0, 23)
(22, 1, 23)
(22, 2, 16)
(22, 3, 15)
(22, 4, 13)
(22, 5, 13)
(22, 6, 12)
(22, 7, 11)
(22, 8, 11)
(22, 9, 11)
(22, 10, 11)
(22, 11, 11)
(22, 12, 11)
(22, 13, 11)
(22, 14, 11)
(22, 15, 11)
(22, 16, 11)
(22, 17, 11)
(22, 18, 11)
(22, 19, 11)
(22, 20, 11)
(22, 21, 11)
(22, 22, 11)
(22, 23, 11)
(22, 24, 11)
(22, 25, 11)
(22, 26, 11)
(22, 27, 11)
(22, 28, 11)
(22, 29, 10)
(22, 30, 9)
(22, 31, 9)
(22, 32, 8)
(22, 33, 6)
(22, 34, 6)
(22, 35, 6)
(22, 36, 6)
(22, 37, 6)
(22, 38, 6)
(22, 39, 6)

(23, 0, 26)
(23, 1, 26)
(23, 2, 17)
(23, 3, 16)
(23, 4, 14)
(23, 5, 14)
(23, 6, 13)
(23, 7, 12)
(23, 8, 12)
(23, 9, 12)
(23, 10, 12)
(23, 11, 12)
(23, 12, 12)
(23, 13, 12)
(23, 14, 12)
(23, 15, 12)
(23, 16, 12)
(23, 17, 12)
(23, 18, 12)
(23, 19, 12)
(23, 20, 12)
(23, 21, 12)
(23, 22, 12)
(23, 23, 12)
(23, 24, 12)
(23, 25, 12)
(23, 26, 12)
(23, 27, 12)
(23, 28, 12)
(23, 29, 11)
(23, 30, 8)
(23, 31, 8)
(23, 32, 7)
(23, 33, 5)
(23, 34, 5)
(23, 35, 5)
(23, 36, 5)
(23, 37, 5)
(23, 38, 5)
(23, 39, 5)

(24, 0, 26)
(24, 1, 26)
(24, 2, 17)
(24, 3, 16)
(24, 4, 14)
(24, 5, 14)
(24, 6, 13)
(24, 7, 12)
(24, 8, 12)
(24, 9, 12)
(24, 10, 12)
(24, 11, 12)
(24, 12, 12)
(24, 13, 12)
(24, 14, 12)
(24, 15, 12)
(24, 16, 12)
(24, 17, 12)
(24, 18, 12)
(24, 19, 12)
(24, 20, 12)
(24, 21, 12)
(24, 22, 12)
(24, 23, 12)
(24, 24, 12)
(24, 25, 12)
(24, 26, 12)
(24, 27, 12)
(24, 28, 12)
(24, 29, 11)
(24, 30, 8)
(24, 31, 8)
(24, 32, 7)
(24, 33, 5)
(24, 34, 5)
(24, 35, 5)
(24, 36, 5)
(24, 37, 5)
(24, 38, 5)
(24, 39, 5)

(25, 0, 31)
(25, 1, 28)
(25, 2, 19)
(25, 3, 18)
(25, 4, 16)
(25, 5, 16)
(25, 6, 15)
(25, 7, 14)
(25, 8, 14)
(25, 9, 14)
(25, 10, 14)
(25, 11, 14)
(25, 12, 14)
(25, 13, 14)
(25, 14, 14)
(25, 15, 14)
(25, 16, 14)
(25, 17, 14)
(25, 18, 14)
(25, 19, 14)
(25, 20, 14)
(25, 21, 14)
(25, 22, 14)
(25, 23, 14)
(25, 24, 14)
(25, 25, 14)
(25, 26, 14)
(25, 27, 14)
(25, 28, 14)
(25, 29, 13)
(25, 30, 10)
(25, 31, 10)
(25, 32, 9)
(25, 33, 7)
(25, 34, 7)
(25, 35, 7)
(25, 36, 7)
(25, 37, 7)
(25, 38, 7)
(25, 39, 7)

(26, 0, 56)
(26, 1, 35)
(26, 2, 22)
(26, 3, 21)
(26, 4, 18)
(26, 5, 18)
(26, 6, 17)
(26, 7, 14)
(26, 8, 14)
(26, 9, 14)
(26, 10, 14)
(26, 11, 14)
(26, 12, 14)
(26, 13, 14)
(26, 14, 14)
(26, 15, 14)
(26, 16, 14)
(26, 17, 14)
(26, 18, 14)
(26, 19, 14)
(26, 20, 14)
(26, 21, 14)
(26, 22, 14)
(26, 23, 14)
(26, 24, 14)
(26, 25, 14)
(26, 26, 14)
(26, 27, 14)
(26, 28, 14)
(26, 29, 13)
(26, 30, 10)
(26, 31, 10)
(26, 32, 9)
(26, 33, 7)
(26, 34, 7)
(26, 35, 7)
(26, 36, 7)
(26, 37, 7)
(26, 38, 7)
(26, 39, 7)

(27, 0, 76)
(27, 1, 46)
(27, 2, 29)
(27, 3, 28)
(27, 4, 25)
(27, 5, 25)
(27, 6, 24)
(27, 7, 14)
(27, 8, 14)
(27, 9, 14)
(27, 10, 14)
(27, 11, 14)
(27, 12, 14)
(27, 13, 14)
(27, 14, 14)
(27, 15, 13)
(27, 16, 13)
(27, 17, 13)
(27, 18, 13)
(27, 19, 13)
(27, 20, 13)
(27, 21, 13)
(27, 22, 13)
(27, 23, 13)
(27, 24, 13)
(27, 25, 13)
(27, 26, 13)
(27, 27, 13)
(27, 28, 13)
(27, 29, 12)
(27, 30, 9)
(27, 31, 9)
(27, 32, 8)
(27, 33, 6)
(27, 34, 6)
(27, 35, 6)
(27, 36, 6)
(27, 37, 6)
(27, 38, 6)
(27, 39, 6)

(28, 0, 102)
(28, 1, 62)
(28, 2, 33)
(28, 3, 29)
(28, 4, 26)
(28, 5, 26)
(28, 6, 25)
(28, 7, 13)
(28, 8, 13)
(28, 9, 13)
(28, 10, 13)
(28, 11, 13)
(28, 12, 13)
(28, 13, 13)
(28, 14, 13)
(28, 15, 13)
(28, 16, 13)
(28, 17, 13)
(28, 18, 13)
(28, 19, 13)
(28, 20, 13)
(28, 21, 13)
(28, 22, 13)
(28, 23, 13)
(28, 24, 13)
(28, 25, 13)
(28, 26, 13)
(28, 27, 13)
(28, 28, 13)
(28, 29, 12)
(28, 30, 9)
(28, 31, 9)
(28, 32, 8)
(28, 33, 6)
(28, 34, 6)
(28, 35, 6)
(28, 36, 6)
(28, 37, 6)
(28, 38, 6)
(28, 39, 6)

(29, 0, 109)
(29, 1, 63)
(29, 2, 34)
(29, 3, 29)
(29, 4, 26)
(29, 5, 26)
(29, 6, 25)
(29, 7, 13)
(29, 8, 13)
(29, 9, 13)
(29, 10, 13)
(29, 11, 13)
(29, 12, 13)
(29, 13, 13)
(29, 14, 13)
(29, 15, 13)
(29, 16, 13)
(29, 17, 13)
(29, 18, 13)
(29, 19, 13)
(29, 20, 13)
(29, 21, 13)
(29, 22, 13)
(29, 23, 13)
(29, 24, 13)
(29, 25, 13)
(29, 26, 13)
(29, 27, 13)
(29, 28, 13)
(29, 29, 12)
(29, 30, 9)
(29, 31, 9)
(29, 32, 8)
(29, 33, 6)
(29, 34, 6)
(29, 35, 6)
(29, 36, 6)
(29, 37, 6)
(29, 38, 6)
(29, 39, 6)

(30, 0, 109)
(30, 1, 63)
(30, 2, 34)
(30, 3, 29)
(30, 4, 26)
(30, 5, 26)
(30, 6, 25)
(30, 7, 13)
(30, 8, 13)
(30, 9, 13)
(30, 10, 13)
(30, 11, 13)
(30, 12, 13)
(30, 13, 13)
(30, 14, 13)
(30, 15, 13)
(30, 16, 13)
(30, 17, 13)
(30, 18, 13)
(30, 19, 13)
(30, 20, 13)
(30, 21, 13)
(30, 22, 13)
(30, 23, 13)
(30, 24, 13)
(30, 25, 13)
(30, 26, 13)
(30, 27, 13)
(30, 28, 13)
(30, 29, 12)
(30, 30, 9)
(30, 31, 9)
(30, 32, 8)
(30, 33, 6)
(30, 34, 6)
(30, 35, 6)
(30, 36, 6)
(30, 37, 6)
(30, 38, 6)
(30, 39, 6)

(31, 0, 116)
(31, 1, 64)
(31, 2, 35)
(31, 3, 30)
(31, 4, 27)
(31, 5, 27)
(31, 6, 26)
(31, 7, 14)
(31, 8, 14)
(31, 9, 14)
(31, 10, 14)
(31, 11, 14)
(31, 12, 14)
(31, 13, 14)
(31, 14, 14)
(31, 15, 14)
(31, 16, 14)
(31, 17, 14)
(31, 18, 14)
(31, 19, 14)
(31, 20, 14)
(31, 21, 14)
(31, 22, 14)
(31, 23, 14)
(31, 24, 14)
(31, 25, 14)
(31, 26, 14)
(31, 27, 13)
(31, 28, 13)
(31, 29, 12)
(31, 30, 9)
(31, 31, 9)
(31, 32, 8)
(31, 33, 6)
(31, 34, 6)
(31, 35, 6)
(31, 36, 6)
(31, 37, 6)
(31, 38, 6)
(31, 39, 6)

(32, 0, 138)
(32, 1, 70)
(32, 2, 39)
(32, 3, 34)
(32, 4, 30)
(32, 5, 30)
(32, 6, 29)
(32, 7, 16)
(32, 8, 16)
(32, 9, 16)
(32, 10, 16)
(32, 11, 16)
(32, 12, 16)
(32, 13, 16)
(32, 14, 16)
(32, 15, 16)
(32, 16, 16)
(32, 17, 16)
(32, 18, 16)
(32, 19, 16)
(32, 20, 16)
(32, 21, 16)
(32, 22, 16)
(32, 23, 16)
(32, 24, 16)
(32, 25, 16)
(32, 26, 16)
(32, 27, 14)
(32, 28, 14)
(32, 29, 13)
(32, 30, 10)
(32, 31, 10)
(32, 32, 9)
(32, 33, 7)
(32, 34, 7)
(32, 35, 7)
(32, 36, 7)
(32, 37, 7)
(32, 38, 7)
(32, 39, 7)

(33, 0, 159)
(33, 1, 81)
(33, 2, 43)
(33, 3, 38)
(33, 4, 34)
(33, 5, 34)
(33, 6, 33)
(33, 7, 16)
(33, 8, 16)
(33, 9, 16)
(33, 10, 16)
(33, 11, 16)
(33, 12, 16)
(33, 13, 16)
(33, 14, 16)
(33, 15, 16)
(33, 16, 16)
(33, 17, 16)
(33, 18, 16)
(33, 19, 16)
(33, 20, 16)
(33, 21, 16)
(33, 22, 16)
(33, 23, 16)
(33, 24, 16)
(33, 25, 16)
(33, 26, 16)
(33, 27, 14)
(33, 28, 14)
(33, 29, 13)
(33, 30, 10)
(33, 31, 10)
(33, 32, 9)
(33, 33, 7)
(33, 34, 7)
(33, 35, 7)
(33, 36, 7)
(33, 37, 7)
(33, 38, 7)
(33, 39, 7)

(34, 0, 193)
(34, 1, 102)
(34, 2, 52)
(34, 3, 45)
(34, 4, 41)
(34, 5, 41)
(34, 6, 40)
(34, 7, 15)
(34, 8, 15)
(34, 9, 15)
(34, 10, 15)
(34, 11, 15)
(34, 12, 15)
(34, 13, 15)
(34, 14, 15)
(34, 15, 15)
(34, 16, 15)
(34, 17, 15)
(34, 18, 15)
(34, 19, 15)
(34, 20, 15)
(34, 21, 15)
(34, 22, 15)
(34, 23, 15)
(34, 24, 15)
(34, 25, 15)
(34, 26, 15)
(34, 27, 14)
(34, 28, 14)
(34, 29, 13)
(34, 30, 10)
(34, 31, 10)
(34, 32, 9)
(34, 33, 7)
(34, 34, 7)
(34, 35, 7)
(34, 36, 7)
(34, 37, 7)
(34, 38, 7)
(34, 39, 7)

(35, 0, 234)
(35, 1, 116)
(35, 2, 58)
(35, 3, 49)
(35, 4, 45)
(35, 5, 45)
(35, 6, 44)
(35, 7, 17)
(35, 8, 17)
(35, 9, 17)
(35, 10, 17)
(35, 11, 17)
(35, 12, 17)
(35, 13, 17)
(35, 14, 17)
(35, 15, 17)
(35, 16, 17)
(35, 17, 17)
(35, 18, 17)
(35, 19, 17)
(35, 20, 17)
(35, 21, 17)
(35, 22, 17)
(35, 23, 17)
(35, 24, 16)
(35, 25, 16)
(35, 26, 16)
(35, 27, 15)
(35, 28, 15)
(35, 29, 14)
(35, 30, 11)
(35, 31, 10)
(35, 32, 9)
(35, 33, 7)
(35, 34, 7)
(35, 35, 7)
(35, 36, 7)
(35, 37, 7)
(35, 38, 7)
(35, 39, 7)

(36, 0, 293)
(36, 1, 138)
(36, 2, 71)
(36, 3, 60)
(36, 4, 54)
(36, 5, 53)
(36, 6, 52)
(36, 7, 17)
(36, 8, 17)
(36, 9, 17)
(36, 10, 17)
(36, 11, 17)
(36, 12, 17)
(36, 13, 17)
(36, 14, 17)
(36, 15, 17)
(36, 16, 17)
(36, 17, 17)
(36, 18, 17)
(36, 19, 17)
(36, 20, 17)
(36, 21, 17)
(36, 22, 17)
(36, 23, 17)
(36, 24, 15)
(36, 25, 15)
(36, 26, 15)
(36, 27, 13)
(36, 28, 13)
(36, 29, 12)
(36, 30, 9)
(36, 31, 9)
(36, 32, 8)
(36, 33, 6)
(36, 34, 6)
(36, 35, 6)
(36, 36, 6)
(36, 37, 6)
(36, 38, 6)
(36, 39, 6)

(37, 0, 336)
(37, 1, 159)
(37, 2, 75)
(37, 3, 63)
(37, 4, 56)
(37, 5, 56)
(37, 6, 55)
(37, 7, 17)
(37, 8, 17)
(37, 9, 17)
(37, 10, 17)
(37, 11, 17)
(37, 12, 17)
(37, 13, 17)
(37, 14, 17)
(37, 15, 17)
(37, 16, 17)
(37, 17, 17)
(37, 18, 17)
(37, 19, 17)
(37, 20, 17)
(37, 21, 17)
(37, 22, 17)
(37, 23, 17)
(37, 24, 15)
(37, 25, 15)
(37, 26, 15)
(37, 27, 13)
(37, 28, 13)
(37, 29, 12)
(37, 30, 9)
(37, 31, 9)
(37, 32, 8)
(37, 33, 6)
(37, 34, 6)
(37, 35, 6)
(37, 36, 6)
(37, 37, 6)
(37, 38, 6)
(37, 39, 6)

(38, 0, 352)
(38, 1, 167)
(38, 2, 79)
(38, 3, 66)
(38, 4, 59)
(38, 5, 59)
(38, 6, 58)
(38, 7, 17)
(38, 8, 17)
(38, 9, 17)
(38, 10, 17)
(38, 11, 17)
(38, 12, 17)
(38, 13, 17)
(38, 14, 17)
(38, 15, 17)
(38, 16, 17)
(38, 17, 17)
(38, 18, 17)
(38, 19, 17)
(38, 20, 17)
(38, 21, 17)
(38, 22, 17)
(38, 23, 17)
(38, 24, 15)
(38, 25, 15)
(38, 26, 15)
(38, 27, 13)
(38, 28, 13)
(38, 29, 12)
(38, 30, 9)
(38, 31, 9)
(38, 32, 8)
(38, 33, 6)
(38, 34, 6)
(38, 35, 6)
(38, 36, 6)
(38, 37, 6)
(38, 38, 6)
(38, 39, 6)

(39, 0, 376)
(39, 1, 181)
(39, 2, 83)
(39, 3, 69)
(39, 4, 62)
(39, 5, 62)
(39, 6, 61)
(39, 7, 16)
(39, 8, 16)
(39, 9, 16)
(39, 10, 16)
(39, 11, 16)
(39, 12, 16)
(39, 13, 16)
(39, 14, 16)
(39, 15, 16)
(39, 16, 16)
(39, 17, 16)
(39, 18, 16)
(39, 19, 16)
(39, 20, 16)
(39, 21, 16)
(39, 22, 16)
(39, 23, 16)
(39, 24, 15)
(39, 25, 15)
(39, 26, 15)
(39, 27, 13)
(39, 28, 13)
(39, 29, 12)
(39, 30, 9)
(39, 31, 9)
(39, 32, 8)
(39, 33, 6)
(39, 34, 6)
(39, 35, 6)
(39, 36, 6)
(39, 37, 6)
(39, 38, 6)
(39, 39, 6)


Betti numbers:
xi_0:
(0, 0, 1)
(2, 0, 1)
(4, 0, 1)
(13, 0, 3)
(14, 0, 1)
(17, 0, 3)
(19, 0, 3)
(20, 0, 7)
(21, 0, 2)
(22, 0, 1)
(23, 0, 3)
(25, 0, 5)
(26, 0, 25)
(27, 0, 20)
(28, 0, 26)
(29, 0, 7)
(31, 0, 7)
(32, 0, 22)
(33, 0, 21)
(34, 0, 34)
(35, 0, 41)
(36, 0, 59)
(37, 0, 43)
(38, 0, 16)
(39, 0, 24)
xi_1:
(13, 2, 1)
(14, 7, 1)
(17, 2, 1)
(17, 4, 1)
(17, 33, 1)
(19, 2, 1)
(19, 4, 1)
(19, 33, 1)
(20, 2, 3)
(20, 3, 1)
(20, 29, 1)
(20, 30, 1)
(21, 2, 1)
(21, 6, 1)
(22, 32, 1)
(23, 2, 2)
(23, 30, 2)
(25, 1, 3)
(26, 1, 18)
(26, 2, 4)
(26, 4, 1)
(26, 7, 2)
(27, 1, 9)
(27, 2, 5)
(27, 7, 7)
(27, 15, 1)
(28, 1, 10)
(28, 2, 12)
(28, 3, 3)
(28, 7, 2)
(29, 1, 6)
(29, 2, 1)
(29, 3, 1)
(31, 1, 6)
(31, 27, 1)
(32, 1, 16)
(32, 2, 2)
(32, 4, 1)
(32, 7, 1)
(32, 27, 1)
(33, 1, 10)
(33, 2, 7)
(33, 7, 4)
(34, 1, 13)
(34, 2, 12)
(34, 3, 2)
(34, 7, 8)
(35, 1, 27)
(35, 2, 8)
(35, 3, 2)
(35, 7, 2)
(35, 24, 1)
(35, 31, 1)
(36, 1, 37)
(36, 2, 9)
(36, 3, 2)
(36, 4, 2)
(36, 5, 1)
(36, 7, 8)
(36, 24, 1)
(36, 27, 1)
(37, 1, 22)
(37, 2, 17)
(37, 3, 1)
(37, 4, 1)
(37, 7, 3)
(38, 1, 8)
(38, 2, 4)
(38, 3, 1)
(38, 7, 3)
(39, 1, 10)
(39, 2, 10)
(39, 3, 1)
(39, 7, 4)
xi_2:
(27, 2, 1)
(28, 15, 1)
(29, 2, 1)
(34, 27, 1)
(36, 31, 1)
(37, 5, 1)
(39, 24, 1)
