x-grades
-549187074016095457/1000000000000000000
-269924973238610607/500000000000000000
-530512818938346971/1000000000000000000
-65146961424934091/125000000000000000
-102367712772119697/200000000000000000
-251250718160862121/500000000000000000
-493164308782849999/1000000000000000000
-120956795310993939/250000000000000000
-474490053705101513/1000000000000000000
-46515292616622727/100000000000000000
-455815798627353027/1000000000000000000
-6976229235757481/15625000000000000
-437141543549604541/1000000000000000000
-213902208005365149/500000000000000000
-83693457694371211/200000000000000000
-102282540233245453/250000000000000000
-399793033394107569/1000000000000000000
-195227952927616663/500000000000000000
-381118778316359083/1000000000000000000
-9294541269437121/25000000000000000
-362444523238610597/1000000000000000000
-176553697849868177/500000000000000000
-343770268160862111/1000000000000000000
-83608285155496967/250000000000000000
-2600768104664909/8000000000000000
-157879442772119691/500000000000000000
-306421758005365139/1000000000000000000
-18567789404155681/62500000000000000
-287747502927616653/1000000000000000000
-27841037538874241/100000000000000000
-269073247849868167/1000000000000000000
-64934030077748481/250000000000000000
-250398992772119681/1000000000000000000
-120530932616622719/500000000000000000
-46344947538874239/200000000000000000
-27798451269437119/125000000000000000
-213050482616622709/1000000000000000000
-101856677538874233/500000000000000000
-194376227538874223/1000000000000000000
-9251954999999999/50000000000000000

y-grades
9999883/40000000
9999883/20000000
29999649/40000000
9999883/10000000
9999883/8000000
29999649/20000000
69999181/40000000
9999883/5000000
89998947/40000000
9999883/4000000
109998713/40000000
29999649/10000000
129998479/40000000
69999181/20000000
29999649/8000000
9999883/2500000
169998011/40000000
89998947/20000000
189997777/40000000
9999883/2000000
209997543/40000000
109998713/20000000
229997309/40000000
29999649/5000000
9999883/1600000
129998479/20000000
269996841/40000000
69999181/10000000
289996607/40000000
29999649/4000000
309996373/40000000
9999883/1250000
329996139/40000000
169998011/20000000
69999181/8000000
89998947/10000000
369995671/40000000
189997777/20000000
389995437/40000000
9999883/1000000

Dimensions > 0:
(0, 0, 15)
(0, 1, 9)
(0, 2, 9)
(0, 3, 4)
(0, 4, 1)
(0, 5, 1)
(0, 6, 1)
(0, 7, 1)
(0, 8, 1)
(0, 9, 1)
(0, 10, 1)
(0, 11, 1)
(0, 12, 1)
(0, 13, 1)
(0, 14, 1)
(0, 15, 1)
(0, 16, 1)
(0, 17, 1)
(0, 18, 1)
(0, 19, 1)
(0, 20, 1)
(0, 21, 1)
(0, 22, 1)
(0, 23, 1)
(0, 24, 1)
(0, 25, 1)
(0, 26, 1)
(0, 27, 1)
(0, 28, 1)
(0, 29, 1)
(0, 30, 1)
(0, 31, 1)
(0, 32, 1)
(0, 33, 1)
(0, 34, 1)
(0, 35, 1)
(0, 36, 1)
(0, 37, 1)
(0, 38, 1)
(0, 39, 1)

(1, 0, 33)
(1, 1, 13)
(1, 2, 13)
(1, 3, 3)
(1, 4, 1)
(1, 5, 1)
(1, 6, 1)
(1, 7, 1)
(1, 8, 1)
(1, 9, 1)
(1, 10, 1)
(1, 11, 1)
(1, 12, 1)
(1, 13, 1)
(1, 14, 1)
(1, 15, 1)
(1, 16, 1)
(1, 17, 1)
(1, 18, 1)
(1, 19, 1)
(1, 20, 1)
(1, 21, 1)
(1, 22, 1)
(1, 23, 1)
(1, 24, 1)
(1, 25, 1)
(1, 26, 1)
(1, 27, 1)
(1, 28, 1)
(1, 29, 1)
(1, 30, 1)
(1, 31, 1)
(1, 32, 1)
(1, 33, 1)
(1, 34, 1)
(1, 35, 1)
(1, 36, 1)
(1, 37, 1)
(1, 38, 1)
(1, 39, 1)

(2, 0, 55)
(2, 1, 17)
(2, 2, 9)
(2, 3, 2)
(2, 4, 1)
(2, 5, 1)
(2, 6, 1)
(2, 7, 1)
(2, 8, 1)
(2, 9, 1)
(2, 10, 1)
(2, 11, 1)
(2, 12, 1)
(2, 13, 1)
(2, 14, 1)
(2, 15, 1)
(2, 16, 1)
(2, 17, 1)
(2, 18, 1)
(2, 19, 1)
(2, 20, 1)
(2, 21, 1)
(2, 22, 1)
(2, 23, 1)
(2, 24, 1)
(2, 25, 1)
(2, 26, 1)
(2, 27, 1)
(2, 28, 1)
(2, 29, 1)
(2, 30, 1)
(2, 31, 1)
(2, 32, 1)
(2, 33, 1)
(2, 34, 1)
(2, 35, 1)
(2, 36, 1)
(2, 37, 1)
(2, 38, 1)
(2, 39, 1)

(3, 0, 93)
(3, 1, 24)
(3, 2, 10)
(3, 3, 1)
(3, 4, 1)
(3, 5, 1)
(3, 6, 1)
(3, 7, 1)
(3, 8, 1)
(3, 9, 1)
(3, 10, 1)
(3, 11, 1)
(3, 12, 1)
(3, 13, 1)
(3, 14, 1)
(3, 15, 1)
(3, 16, 1)
(3, 17, 1)
(3, 18, 1)
(3, 19, 1)
(3, 20, 1)
(3, 21, 1)
(3, 22, 1)
(3, 23, 1)
(3, 24, 1)
(3, 25, 1)
(3, 26, 1)
(3, 27, 1)
(3, 28, 1)
(3, 29, 1)
(3, 30, 1)
(3, 31, 1)
(3, 32, 1)
(3, 33, 1)
(3, 34, 1)
(3, 35, 1)
(3, 36, 1)
(3, 37, 1)
(3, 38, 1)
(3, 39, 1)

(4, 0, 124)
(4, 1, 18)
(4, 2, 3)
(4, 3, 3)
(4, 4, 3)
(4, 5, 3)
(4, 6, 3)
(4, 7, 3)
(4, 8, 3)
(4, 9, 3)
(4, 10, 3)
(4, 11, 2)
(4, 12, 2)
(4, 13, 2)
(4, 14, 2)
(4, 15, 2)
(4, 16, 2)
(4, 17, 2)
(4, 18, 2)
(4, 19, 2)
(4, 20, 2)
(4, 21, 2)
(4, 22, 1)
(4, 23, 1)
(4, 24, 1)
(4, 25, 1)
(4, 26, 1)
(4, 27, 1)
(4, 28, 1)
(4, 29, 1)
(4, 30, 1)
(4, 31, 1)
(4, 32, 1)
(4, 33, 1)
(4, 34, 1)
(4, 35, 1)
(4, 36, 1)
(4, 37, 1)
(4, 38, 1)
(4, 39, 1)

(5, 0, 150)
(5, 1, 8)
(5, 2, 3)
(5, 3, 3)
(5, 4, 3)
(5, 5, 3)
(5, 6, 3)
(5, 7, 3)
(5, 8, 3)
(5, 9, 3)
(5, 10, 3)
(5, 11, 2)
(5, 12, 2)
(5, 13, 2)
(5, 14, 2)
(5, 15, 2)
(5, 16, 2)
(5, 17, 2)
(5, 18, 2)
(5, 19, 2)
(5, 20, 2)
(5, 21, 2)
(5, 22, 1)
(5, 23, 1)
(5, 24, 1)
(5, 25, 1)
(5, 26, 1)
(5, 27, 1)
(5, 28, 1)
(5, 29, 1)
(5, 30, 1)
(5, 31, 1)
(5, 32, 1)
(5, 33, 1)
(5, 34, 1)
(5, 35, 1)
(5, 36, 1)
(5, 37, 1)
(5, 38, 1)
(5, 39, 1)

(6, 0, 170)
(6, 1, 4)
(6, 2, 4)
(6, 3, 4)
(6, 4, 4)
(6, 5, 3)
(6, 6, 3)
(6, 7, 3)
(6, 8, 3)
(6, 9, 3)
(6, 10, 3)
(6, 11, 2)
(6, 12, 2)
(6, 13, 2)
(6, 14, 2)
(6, 15, 2)
(6, 16, 2)
(6, 17, 2)
(6, 18, 1)
(6, 19, 1)
(6, 20, 1)
(6, 21, 1)
(6, 22, 1)
(6, 23, 1)
(6, 24, 1)
(6, 25, 1)
(6, 26, 1)
(6, 27, 1)
(6, 28, 1)
(6, 29, 1)
(6, 30, 1)
(6, 31, 1)
(6, 32, 1)
(6, 33, 1)
(6, 34, 1)
(6, 35, 1)
(6, 36, 1)
(6, 37, 1)
(6, 38, 1)
(6, 39, 1)

(7, 0, 189)
(7, 1, 4)
(7, 2, 4)
(7, 3, 3)
(7, 4, 3)
(7, 5, 3)
(7, 6, 3)
(7, 7, 3)
(7, 8, 3)
(7, 9, 3)
(7, 10, 3)
(7, 11, 2)
(7, 12, 2)
(7, 13, 2)
(7, 14, 2)
(7, 15, 2)
(7, 16, 2)
(7, 17, 2)
(7, 18, 1)
(7, 19, 1)
(7, 20, 1)
(7, 21, 1)
(7, 22, 1)
(7, 23, 1)
(7, 24, 1)
(7, 25, 1)
(7, 26, 1)
(7, 27, 1)
(7, 28, 1)
(7, 29, 1)
(7, 30, 1)
(7, 31, 1)
(7, 32, 1)
(7, 33, 1)
(7, 34, 1)
(7, 35, 1)
(7, 36, 1)
(7, 37, 1)
(7, 38, 1)
(7, 39, 1)

(8, 0, 211)
(8, 1, 5)
(8, 2, 5)
(8, 3, 4)
(8, 4, 4)
(8, 5, 3)
(8, 6, 3)
(8, 7, 3)
(8, 8, 3)
(8, 9, 3)
(8, 10, 3)
(8, 11, 2)
(8, 12, 2)
(8, 13, 2)
(8, 14, 2)
(8, 15, 1)
(8, 16, 1)
(8, 17, 1)
(8, 18, 1)
(8, 19, 1)
(8, 20, 1)
(8, 21, 1)
(8, 22, 1)
(8, 23, 1)
(8, 24, 1)
(8, 25, 1)
(8, 26, 1)
(8, 27, 1)
(8, 28, 1)
(8, 29, 1)
(8, 30, 1)
(8, 31, 1)
(8, 32, 1)
(8, 33, 1)
(8, 34, 1)
(8, 35, 1)
(8, 36, 1)
(8, 37, 1)
(8, 38, 1)
(8, 39, 1)

(9, 0, 233)
(9, 1, 6)
(9, 2, 6)
(9, 3, 5)
(9, 4, 5)
(9, 5, 3)
(9, 6, 3)
(9, 7, 3)
(9, 8, 3)
(9, 9, 3)
(9, 10, 3)
(9, 11, 2)
(9, 12, 2)
(9, 13, 1)
(9, 14, 1)
(9, 15, 1)
(9, 16, 1)
(9, 17, 1)
(9, 18, 1)
(9, 19, 1)
(9, 20, 1)
(9, 21, 1)
(9, 22, 1)
(9, 23, 1)
(9, 24, 1)
(9, 25, 1)
(9, 26, 1)
(9, 27, 1)
(9, 28, 1)
(9, 29, 1)
(9, 30, 1)
(9, 31, 1)
(9, 32, 1)
(9, 33, 1)
(9, 34, 1)
(9, 35, 1)
(9, 36, 1)
(9, 37, 1)
(9, 38, 1)
(9, 39, 1)

(10, 0, 254)
(10, 1, 7)
(10, 2, 7)
(10, 3, 6)
(10, 4, 6)
(10, 5, 3)
(10, 6, 3)
(10, 7, 2)
(10, 8, 2)
(10, 9, 2)
(10, 10, 2)
(10, 11, 1)
(10, 12, 1)
(10, 13, 1)
(10, 14, 1)
(10, 15, 1)
(10, 16, 1)
(10, 17, 1)
(10, 18, 1)
(10, 19, 1)
(10, 20, 1)
(10, 21, 1)
(10, 22, 1)
(10, 23, 1)
(10, 24, 1)
(10, 25, 1)
(10, 26, 1)
(10, 27, 1)
(10, 28, 1)
(10, 29, 1)
(10, 30, 1)
(10, 31, 1)
(10, 32, 1)
(10, 33, 1)
(10, 34, 1)
(10, 35, 1)
(10, 36, 1)
(10, 37, 1)
(10, 38, 1)
(10, 39, 1)

(11, 0, 273)
(11, 1, 9)
(11, 2, 9)
(11, 3, 7)
(11, 4, 6)
(11, 5, 3)
(11, 6, 3)
(11, 7, 3)
(11, 8, 2)
(11, 9, 2)
(11, 10, 2)
(11, 11, 1)
(11, 12, 1)
(11, 13, 1)
(11, 14, 1)
(11, 15, 1)
(11, 16, 1)
(11, 17, 1)
(11, 18, 1)
(11, 19, 1)
(11, 20, 1)
(11, 21, 1)
(11, 22, 1)
(11, 23, 1)
(11, 24, 1)
(11, 25, 1)
(11, 26, 1)
(11, 27, 1)
(11, 28, 1)
(11, 29, 1)
(11, 30, 1)
(11, 31, 1)
(11, 32, 1)
(11, 33, 1)
(11, 34, 1)
(11, 35, 1)
(11, 36, 1)
(11, 37, 1)
(11, 38, 1)
(11, 39, 1)

(12, 0, 293)
(12, 1, 11)
(12, 2, 9)
(12, 3, 8)
(12, 4, 6)
(12, 5, 4)
(12, 6, 4)
(12, 7, 3)
(12, 8, 3)
(12, 9, 3)
(12, 10, 3)
(12, 11, 2)
(12, 12, 2)
(12, 13, 2)
(12, 14, 2)
(12, 15, 2)
(12, 16, 2)
(12, 17, 2)
(12, 18, 2)
(12, 19, 2)
(12, 20, 2)
(12, 21, 2)
(12, 22, 1)
(12, 23, 1)
(12, 24, 1)
(12, 25, 1)
(12, 26, 1)
(12, 27, 1)
(12, 28, 1)
(12, 29, 1)
(12, 30, 1)
(12, 31, 1)
(12, 32, 1)
(12, 33, 1)
(12, 34, 1)
(12, 35, 1)
(12, 36, 1)
(12, 37, 1)
(12, 38, 1)
(12, 39, 1)

(13, 0, 318)
(13, 1, 15)
(13, 2, 12)
(13, 3, 11)
(13, 4, 9)
(13, 5, 5)
(13, 6, 5)
(13, 7, 4)
(13, 8, 4)
(13, 9, 4)
(13, 10, 4)
(13, 11, 2)
(13, 12, 2)
(13, 13, 2)
(13, 14, 2)
(13, 15, 1)
(13, 16, 1)
(13, 17, 1)
(13, 18, 1)
(13, 19, 1)
(13, 20, 1)
(13, 21, 1)
(13, 22, 1)
(13, 23, 1)
(13, 24, 1)
(13, 25, 1)
(13, 26, 1)
(13, 27, 1)
(13, 28, 1)
(13, 29, 1)
(13, 30, 1)
(13, 31, 1)
(13, 32, 1)
(13, 33, 1)
(13, 34, 1)
(13, 35, 1)
(13, 36, 1)
(13, 37, 1)
(13, 38, 1)
(13, 39, 1)

(14, 0, 332)
(14, 1, 20)
(14, 2, 17)
(14, 3, 14)
(14, 4, 11)
(14, 5, 5)
(14, 6, 5)
(14, 7, 3)
(14, 8, 3)
(14, 9, 3)
(14, 10, 3)
(14, 11, 1)
(14, 12, 1)
(14, 13, 1)
(14, 14, 1)
(14, 15, 1)
(14, 16, 1)
(14, 17, 1)
(14, 18, 1)
(14, 19, 1)
(14, 20, 1)
(14, 21, 1)
(14, 22, 1)
(14, 23, 1)
(14, 24, 1)
(14, 25, 1)
(14, 26, 1)
(14, 27, 1)
(14, 28, 1)
(14, 29, 1)
(14, 30, 1)
(14, 31, 1)
(14, 32, 1)
(14, 33, 1)
(14, 34, 1)
(14, 35, 1)
(14, 36, 1)
(14, 37, 1)
(14, 38, 1)
(14, 39, 1)

(15, 0, 333)
(15, 1, 21)
(15, 2, 18)
(15, 3, 15)
(15, 4, 10)
(15, 5, 5)
(15, 6, 5)
(15, 7, 3)
(15, 8, 3)
(15, 9, 3)
(15, 10, 3)
(15, 11, 1)
(15, 12, 1)
(15, 13, 1)
(15, 14, 1)
(15, 15, 1)
(15, 16, 1)
(15, 17, 1)
(15, 18, 1)
(15, 19, 1)
(15, 20, 1)
(15, 21, 1)
(15, 22, 1)
(15, 23, 1)
(15, 24, 1)
(15, 25, 1)
(15, 26, 1)
(15, 27, 1)
(15, 28, 1)
(15, 29, 1)
(15, 30, 1)
(15, 31, 1)
(15, 32, 1)
(15, 33, 1)
(15, 34, 1)
(15, 35, 1)
(15, 36, 1)
(15, 37, 1)
(15, 38, 1)
(15, 39, 1)

(16, 0, 334)
(16, 1, 22)
(16, 2, 19)
(16, 3, 15)
(16, 4, 10)
(16, 5, 5)
(16, 6, 5)
(16, 7, 3)
(16, 8, 3)
(16, 9, 3)
(16, 10, 3)
(16, 11, 1)
(16, 12, 1)
(16, 13, 1)
(16, 14, 1)
(16, 15, 1)
(16, 16, 1)
(16, 17, 1)
(16, 18, 1)
(16, 19, 1)
(16, 20, 1)
(16, 21, 1)
(16, 22, 1)
(16, 23, 1)
(16, 24, 1)
(16, 25, 1)
(16, 26, 1)
(16, 27, 1)
(16, 28, 1)
(16, 29, 1)
(16, 30, 1)
(16, 31, 1)
(16, 32, 1)
(16, 33, 1)
(16, 34, 1)
(16, 35, 1)
(16, 36, 1)
(16, 37, 1)
(16, 38, 1)
(16, 39, 1)

(17, 0, 334)
(17, 1, 22)
(17, 2, 19)
(17, 3, 15)
(17, 4, 10)
(17, 5, 5)
(17, 6, 5)
(17, 7, 3)
(17, 8, 3)
(17, 9, 3)
(17, 10, 3)
(17, 11, 1)
(17, 12, 1)
(17, 13, 1)
(17, 14, 1)
(17, 15, 1)
(17, 16, 1)
(17, 17, 1)
(17, 18, 1)
(17, 19, 1)
(17, 20, 1)
(17, 21, 1)
(17, 22, 1)
(17, 23, 1)
(17, 24, 1)
(17, 25, 1)
(17, 26, 1)
(17, 27, 1)
(17, 28, 1)
(17, 29, 1)
(17, 30, 1)
(17, 31, 1)
(17, 32, 1)
(17, 33, 1)
(17, 34, 1)
(17, 35, 1)
(17, 36, 1)
(17, 37, 1)
(17, 38, 1)
(17, 39, 1)

(18, 0, 334)
(18, 1, 22)
(18, 2, 19)
(18, 3, 15)
(18, 4, 10)
(18, 5, 5)
(18, 6, 5)
(18, 7, 3)
(18, 8, 3)
(18, 9, 3)
(18, 10, 3)
(18, 11, 1)
(18, 12, 1)
(18, 13, 1)
(18, 14, 1)
(18, 15, 1)
(18, 16, 1)
(18, 17, 1)
(18, 18, 1)
(18, 19, 1)
(18, 20, 1)
(18, 21, 1)
(18, 22, 1)
(18, 23, 1)
(18, 24, 1)
(18, 25, 1)
(18, 26, 1)
(18, 27, 1)
(18, 28, 1)
(18, 29, 1)
(18, 30, 1)
(18, 31, 1)
(18, 32, 1)
(18, 33, 1)
(18, 34, 1)
(18, 35, 1)
(18, 36, 1)
(18, 37, 1)
(18, 38, 1)
(18, 39, 1)

(19, 0, 334)
(19, 1, 22)
(19, 2, 19)
(19, 3, 15)
(19, 4, 10)
(19, 5, 5)
(19, 6, 5)
(19, 7, 3)
(19, 8, 3)
(19, 9, 3)
(19, 10, 3)
(19, 11, 1)
(19, 12, 1)
(19, 13, 1)
(19, 14, 1)
(19, 15, 1)
(19, 16, 1)
(19, 17, 1)
(19, 18, 1)
(19, 19, 1)
(19, 20, 1)
(19, 21, 1)
(19, 22, 1)
(19, 23, 1)
(19, 24, 1)
(19, 25, 1)
(19, 26, 1)
(19, 27, 1)
(19, 28, 1)
(19, 29, 1)
(19, 30, 1)
(19, 31, 1)
(19, 32, 1)
(19, 33, 1)
(19, 34, 1)
(19, 35, 1)
(19, 36, 1)
(19, 37, 1)
(19, 38, 1)
(19, 39, 1)

(20, 0, 334)
(20, 1, 22)
(20, 2, 19)
(20, 3, 15)
(20, 4, 10)
(20, 5, 5)
(20, 6, 5)
(20, 7, 3)
(20, 8, 3)
(20, 9, 3)
(20, 10, 3)
(20, 11, 1)
(20, 12, 1)
(20, 13, 1)
(20, 14, 1)
(20, 15, 1)
(20, 16, 1)
(20, 17, 1)
(20, 18, 1)
(20, 19, 1)
(20, 20, 1)
(20, 21, 1)
(20, 22, 1)
(20, 23, 1)
(20, 24, 1)
(20, 25, 1)
(20, 26, 1)
(20, 27, 1)
(20, 28, 1)
(20, 29, 1)
(20, 30, 1)
(20, 31, 1)
(20, 32, 1)
(20, 33, 1)
(20, 34, 1)
(20, 35, 1)
(20, 36, 1)
(20, 37, 1)
(20, 38, 1)
(20, 39, 1)

(21, 0, 334)
(21, 1, 22)
(21, 2, 19)
(21, 3, 15)
(21, 4, 10)
(21, 5, 5)
(21, 6, 5)
(21, 7, 3)
(21, 8, 3)
(21, 9, 3)
(21, 10, 3)
(21, 11, 1)
(21, 12, 1)
(21, 13, 1)
(21, 14, 1)
(21, 15, 1)
(21, 16, 1)
(21, 17, 1)
(21, 18, 1)
(21, 19, 1)
(21, 20, 1)
(21, 21, 1)
(21, 22, 1)
(21, 23, 1)
(21, 24, 1)
(21, 25, 1)
(21, 26, 1)
(21, 27, 1)
(21, 28, 1)
(21, 29, 1)
(21, 30, 1)
(21, 31, 1)
(21, 32, 1)
(21, 33, 1)
(21, 34, 1)
(21, 35, 1)
(21, 36, 1)
(21, 37, 1)
(21, 38, 1)
(21, 39, 1)

(22, 0, 335)
(22, 1, 23)
(22, 2, 20)
(22, 3, 16)
(22, 4, 11)
(22, 5, 6)
(22, 6, 6)
(22, 7, 4)
(22, 8, 4)
(22, 9, 4)
(22, 10, 4)
(22, 11, 2)
(22, 12, 2)
(22, 13, 2)
(22, 14, 2)
(22, 15, 2)
(22, 16, 2)
(22, 17, 2)
(22, 18, 2)
(22, 19, 2)
(22, 20, 2)
(22, 21, 2)
(22, 22, 2)
(22, 23, 2)
(22, 24, 2)
(22, 25, 2)
(22, 26, 2)
(22, 27, 2)
(22, 28, 2)
(22, 29, 2)
(22, 30, 2)
(22, 31, 2)
(22, 32, 2)
(22, 33, 2)
(22, 34, 2)
(22, 35, 2)
(22, 36, 2)
(22, 37, 2)
(22, 38, 2)
(22, 39, 2)

(23, 0, 335)
(23, 1, 23)
(23, 2, 20)
(23, 3, 16)
(23, 4, 11)
(23, 5, 6)
(23, 6, 6)
(23, 7, 4)
(23, 8, 4)
(23, 9, 4)
(23, 10, 4)
(23, 11, 2)
(23, 12, 2)
(23, 13, 2)
(23, 14, 2)
(23, 15, 2)
(23, 16, 2)
(23, 17, 2)
(23, 18, 2)
(23, 19, 2)
(23, 20, 2)
(23, 21, 2)
(23, 22, 2)
(23, 23, 2)
(23, 24, 2)
(23, 25, 2)
(23, 26, 2)
(23, 27, 2)
(23, 28, 2)
(23, 29, 2)
(23, 30, 2)
(23, 31, 2)
(23, 32, 2)
(23, 33, 2)
(23, 34, 2)
(23, 35, 2)
(23, 36, 2)
(23, 37, 2)
(23, 38, 2)
(23, 39, 2)

(24, 0, 335)
(24, 1, 23)
(24, 2, 20)
(24, 3, 16)
(24, 4, 11)
(24, 5, 6)
(24, 6, 6)
(24, 7, 4)
(24, 8, 4)
(24, 9, 4)
(24, 10, 4)
(24, 11, 2)
(24, 12, 2)
(24, 13, 2)
(24, 14, 2)
(24, 15, 2)
(24, 16, 2)
(24, 17, 2)
(24, 18, 2)
(24, 19, 2)
(24, 20, 2)
(24, 21, 2)
(24, 22, 2)
(24, 23, 2)
(24, 24, 2)
(24, 25, 2)
(24, 26, 2)
(24, 27, 2)
(24, 28, 2)
(24, 29, 2)
(24, 30, 2)
(24, 31, 2)
(24, 32, 2)
(24, 33, 2)
(24, 34, 2)
(24, 35, 2)
(24, 36, 2)
(24, 37, 2)
(24, 38, 2)
(24, 39, 2)

(25, 0, 336)
(25, 1, 24)
(25, 2, 21)
(25, 3, 17)
(25, 4, 12)
(25, 5, 7)
(25, 6, 7)
(25, 7, 5)
(25, 8, 5)
(25, 9, 5)
(25, 10, 5)
(25, 11, 2)
(25, 12, 2)
(25, 13, 2)
(25, 14, 2)
(25, 15, 2)
(25, 16, 2)
(25, 17, 2)
(25, 18, 2)
(25, 19, 2)
(25, 20, 2)
(25, 21, 2)
(25, 22, 2)
(25, 23, 2)
(25, 24, 2)
(25, 25, 2)
(25, 26, 2)
(25, 27, 2)
(25, 28, 2)
(25, 29, 2)
(25, 30, 2)
(25, 31, 2)
(25, 32, 2)
(25, 33, 2)
(25, 34, 2)
(25, 35, 2)
(25, 36, 2)
(25, 37, 2)
(25, 38, 2)
(25, 39, 2)

(26, 0, 337)
(26, 1, 25)
(26, 2, 22)
(26, 3, 18)
(26, 4, 12)
(26, 5, 7)
(26, 6, 7)
(26, 7, 5)
(26, 8, 5)
(26, 9, 5)
(26, 10, 5)
(26, 11, 2)
(26, 12, 2)
(26, 13, 2)
(26, 14, 2)
(26, 15, 2)
(26, 16, 2)
(26, 17, 2)
(26, 18, 2)
(26, 19, 2)
(26, 20, 2)
(26, 21, 2)
(26, 22, 2)
(26, 23, 2)
(26, 24, 2)
(26, 25, 2)
(26, 26, 2)
(26, 27, 2)
(26, 28, 2)
(26, 29, 2)
(26, 30, 2)
(26, 31, 2)
(26, 32, 2)
(26, 33, 2)
(26, 34, 2)
(26, 35, 2)
(26, 36, 2)
(26, 37, 2)
(26, 38, 2)
(26, 39, 2)

(27, 0, 337)
(27, 1, 25)
(27, 2, 22)
(27, 3, 18)
(27, 4, 12)
(27, 5, 7)
(27, 6, 7)
(27, 7, 5)
(27, 8, 5)
(27, 9, 5)
(27, 10, 5)
(27, 11, 2)
(27, 12, 2)
(27, 13, 2)
(27, 14, 2)
(27, 15, 2)
(27, 16, 2)
(27, 17, 2)
(27, 18, 2)
(27, 19, 2)
(27, 20, 2)
(27, 21, 2)
(27, 22, 2)
(27, 23, 2)
(27, 24, 2)
(27, 25, 2)
(27, 26, 2)
(27, 27, 2)
(27, 28, 2)
(27, 29, 2)
(27, 30, 2)
(27, 31, 2)
(27, 32, 2)
(27, 33, 2)
(27, 34, 2)
(27, 35, 2)
(27, 36, 2)
(27, 37, 2)
(27, 38, 2)
(27, 39, 2)

(28, 0, 337)
(28, 1, 25)
(28, 2, 22)
(28, 3, 18)
(28, 4, 12)
(28, 5, 7)
(28, 6, 7)
(28, 7, 5)
(28, 8, 5)
(28, 9, 5)
(28, 10, 5)
(28, 11, 2)
(28, 12, 2)
(28, 13, 2)
(28, 14, 2)
(28, 15, 2)
(28, 16, 2)
(28, 17, 2)
(28, 18, 2)
(28, 19, 2)
(28, 20, 2)
(28, 21, 2)
(28, 22, 2)
(28, 23, 2)
(28, 24, 2)
(28, 25, 2)
(28, 26, 2)
(28, 27, 2)
(28, 28, 2)
(28, 29, 2)
(28, 30, 2)
(28, 31, 2)
(28, 32, 2)
(28, 33, 2)
(28, 34, 2)
(28, 35, 2)
(28, 36, 2)
(28, 37, 2)
(28, 38, 2)
(28, 39, 2)

(29, 0, 337)
(29, 1, 25)
(29, 2, 22)
(29, 3, 18)
(29, 4, 12)
(29, 5, 7)
(29, 6, 7)
(29, 7, 5)
(29, 8, 5)
(29, 9, 5)
(29, 10, 5)
(29, 11, 2)
(29, 12, 2)
(29, 13, 2)
(29, 14, 2)
(29, 15, 2)
(29, 16, 2)
(29, 17, 2)
(29, 18, 2)
(29, 19, 2)
(29, 20, 2)
(29, 21, 2)
(29, 22, 2)
(29, 23, 2)
(29, 24, 2)
(29, 25, 2)
(29, 26, 2)
(29, 27, 2)
(29, 28, 2)
(29, 29, 2)
(29, 30, 2)
(29, 31, 2)
(29, 32, 2)
(29, 33, 2)
(29, 34, 2)
(29, 35, 2)
(29, 36, 2)
(29, 37, 2)
(29, 38, 2)
(29, 39, 2)

(30, 0, 337)
(30, 1, 25)
(30, 2, 22)
(30, 3, 18)
(30, 4, 12)
(30, 5, 7)
(30, 6, 7)
(30, 7, 5)
(30, 8, 5)
(30, 9, 5)
(30, 10, 5)
(30, 11, 2)
(30, 12, 2)
(30, 13, 2)
(30, 14, 2)
(30, 15, 2)
(30, 16, 2)
(30, 17, 2)
(30, 18, 2)
(30, 19, 2)
(30, 20, 2)
(30, 21, 2)
(30, 22, 2)
(30, 23, 2)
(30, 24, 2)
(30, 25, 2)
(30, 26, 2)
(30, 27, 2)
(30, 28, 2)
(30, 29, 2)
(30, 30, 2)
(30, 31, 2)
(30, 32, 2)
(30, 33, 2)
(30, 34, 2)
(30, 35, 2)
(30, 36, 2)
(30, 37, 2)
(30, 38, 2)
(30, 39, 2)

(31, 0, 337)
(31, 1, 25)
(31, 2, 22)
(31, 3, 18)
(31, 4, 12)
(31, 5, 7)
(31, 6, 7)
(31, 7, 5)
(31, 8, 5)
(31, 9, 5)
(31, 10, 5)
(31, 11, 2)
(31, 12, 2)
(31, 13, 2)
(31, 14, 2)
(31, 15, 2)
(31, 16, 2)
(31, 17, 2)
(31, 18, 2)
(31, 19, 2)
(31, 20, 2)
(31, 21, 2)
(31, 22, 2)
(31, 23, 2)
(31, 24, 2)
(31, 25, 2)
(31, 26, 2)
(31, 27, 2)
(31, 28, 2)
(31, 29, 2)
(31, 30, 2)
(31, 31, 2)
(31, 32, 2)
(31, 33, 2)
(31, 34, 2)
(31, 35, 2)
(31, 36, 2)
(31, 37, 2)
(31, 38, 2)
(31, 39, 2)

(32, 0, 337)
(32, 1, 25)
(32, 2, 22)
(32, 3, 18)
(32, 4, 12)
(32, 5, 7)
(32, 6, 7)
(32, 7, 5)
(32, 8, 5)
(32, 9, 5)
(32, 10, 5)
(32, 11, 2)
(32, 12, 2)
(32, 13, 2)
(32, 14, 2)
(32, 15, 2)
(32, 16, 2)
(32, 17, 2)
(32, 18, 2)
(32, 19, 2)
(32, 20, 2)
(32, 21, 2)
(32, 22, 2)
(32, 23, 2)
(32, 24, 2)
(32, 25, 2)
(32, 26, 2)
(32, 27, 2)
(32, 28, 2)
(32, 29, 2)
(32, 30, 2)
(32, 31, 2)
(32, 32, 2)
(32, 33, 2)
(32, 34, 2)
(32, 35, 2)
(32, 36, 2)
(32, 37, 2)
(32, 38, 2)
(32, 39, 2)

(33, 0, 337)
(33, 1, 25)
(33, 2, 22)
(33, 3, 18)
(33, 4, 12)
(33, 5, 7)
(33, 6, 7)
(33, 7, 5)
(33, 8, 5)
(33, 9, 5)
(33, 10, 5)
(33, 11, 2)
(33, 12, 2)
(33, 13, 2)
(33, 14, 2)
(33, 15, 2)
(33, 16, 2)
(33, 17, 2)
(33, 18, 2)
(33, 19, 2)
(33, 20, 2)
(33, 21, 2)
(33, 22, 2)
(33, 23, 2)
(33, 24, 2)
(33, 25, 2)
(33, 26, 2)
(33, 27, 2)
(33, 28, 2)
(33, 29, 2)
(33, 30, 2)
(33, 31, 2)
(33, 32, 2)
(33, 33, 2)
(33, 34, 2)
(33, 35, 2)
(33, 36, 2)
(33, 37, 2)
(33, 38, 2)
(33, 39, 2)

(34, 0, 337)
(34, 1, 25)
(34, 2, 22)
(34, 3, 18)
(34, 4, 12)
(34, 5, 7)
(34, 6, 7)
(34, 7, 5)
(34, 8, 5)
(34, 9, 5)
(34, 10, 5)
(34, 11, 2)
(34, 12, 2)
(34, 13, 2)
(34, 14, 2)
(34, 15, 2)
(34, 16, 2)
(34, 17, 2)
(34, 18, 2)
(34, 19, 2)
(34, 20, 2)
(34, 21, 2)
(34, 22, 2)
(34, 23, 2)
(34, 24, 2)
(34, 25, 2)
(34, 26, 2)
(34, 27, 2)
(34, 28, 2)
(34, 29, 2)
(34, 30, 2)
(34, 31, 2)
(34, 32, 2)
(34, 33, 2)
(34, 34, 2)
(34, 35, 2)
(34, 36, 2)
(34, 37, 2)
(34, 38, 2)
(34, 39, 2)

(35, 0, 337)
(35, 1, 25)
(35, 2, 22)
(35, 3, 18)
(35, 4, 12)
(35, 5, 7)
(35, 6, 7)
(35, 7, 5)
(35, 8, 5)
(35, 9, 5)
(35, 10, 5)
(35, 11, 2)
(35, 12, 2)
(35, 13, 2)
(35, 14, 2)
(35, 15, 2)
(35, 16, 2)
(35, 17, 2)
(35, 18, 2)
(35, 19, 2)
(35, 20, 2)
(35, 21, 2)
(35, 22, 2)
(35, 23, 2)
(35, 24, 2)
(35, 25, 2)
(35, 26, 2)
(35, 27, 2)
(35, 28, 2)
(35, 29, 2)
(35, 30, 2)
(35, 31, 2)
(35, 32, 2)
(35, 33, 2)
(35, 34, 2)
(35, 35, 2)
(35, 36, 2)
(35, 37, 2)
(35, 38, 2)
(35, 39, 2)

(36, 0, 337)
(36, 1, 25)
(36, 2, 22)
(36, 3, 18)
(36, 4, 12)
(36, 5, 7)
(36, 6, 7)
(36, 7, 5)
(36, 8, 5)
(36, 9, 5)
(36, 10, 5)
(36, 11, 2)
(36, 12, 2)
(36, 13, 2)
(36, 14, 2)
(36, 15, 2)
(36, 16, 2)
(36, 17, 2)
(36, 18, 2)
(36, 19, 2)
(36, 20, 2)
(36, 21, 2)
(36, 22, 2)
(36, 23, 2)
(36, 24, 2)
(36, 25, 2)
(36, 26, 2)
(36, 27, 2)
(36, 28, 2)
(36, 29, 2)
(36, 30, 2)
(36, 31, 2)
(36, 32, 2)
(36, 33, 2)
(36, 34, 2)
(36, 35, 2)
(36, 36, 2)
(36, 37, 2)
(36, 38, 2)
(36, 39, 2)

(37, 0, 337)
(37, 1, 25)
(37, 2, 22)
(37, 3, 18)
(37, 4, 12)
(37, 5, 7)
(37, 6, 7)
(37, 7, 5)
(37, 8, 5)
(37, 9, 5)
(37, 10, 5)
(37, 11, 2)
(37, 12, 2)
(37, 13, 2)
(37, 14, 2)
(37, 15, 2)
(37, 16, 2)
(37, 17, 2)
(37, 18, 2)
(37, 19, 2)
(37, 20, 2)
(37, 21, 2)
(37, 22, 2)
(37, 23, 2)
(37, 24, 2)
(37, 25, 2)
(37, 26, 2)
(37, 27, 2)
(37, 28, 2)
(37, 29, 2)
(37, 30, 2)
(37, 31, 2)
(37, 32, 2)
(37, 33, 2)
(37, 34, 2)
(37, 35, 2)
(37, 36, 2)
(37, 37, 2)
(37, 38, 2)
(37, 39, 2)

(38, 0, 337)
(38, 1, 25)
(38, 2, 22)
(38, 3, 18)
(38, 4, 12)
(38, 5, 7)
(38, 6, 7)
(38, 7, 5)
(38, 8, 5)
(38, 9, 5)
(38, 10, 5)
(38, 11, 2)
(38, 12, 2)
(38, 13, 2)
(38, 14, 2)
(38, 15, 2)
(38, 16, 2)
(38, 17, 2)
(38, 18, 2)
(38, 19, 2)
(38, 20, 2)
(38, 21, 2)
(38, 22, 2)
(38, 23, 2)
(38, 24, 2)
(38, 25, 2)
(38, 26, 2)
(38, 27, 2)
(38, 28, 2)
(38, 29, 2)
(38, 30, 2)
(38, 31, 2)
(38, 32, 2)
(38, 33, 2)
(38, 34, 2)
(38, 35, 2)
(38, 36, 2)
(38, 37, 2)
(38, 38, 2)
(38, 39, 2)

(39, 0, 340)
(39, 1, 28)
(39, 2, 25)
(39, 3, 21)
(39, 4, 14)
(39, 5, 9)
(39, 6, 9)
(39, 7, 7)
(39, 8, 7)
(39, 9, 7)
(39, 10, 7)
(39, 11, 3)
(39, 12, 3)
(39, 13, 3)
(39, 14, 3)
(39, 15, 3)
(39, 16, 3)
(39, 17, 3)
(39, 18, 3)
(39, 19, 3)
(39, 20, 3)
(39, 21, 3)
(39, 22, 3)
(39, 23, 3)
(39, 24, 3)
(39, 25, 3)
(39, 26, 3)
(39, 27, 3)
(39, 28, 3)
(39, 29, 3)
(39, 30, 3)
(39, 31, 3)
(39, 32, 3)
(39, 33, 3)
(39, 34, 3)
(39, 35, 3)
(39, 36, 3)
(39, 37, 3)
(39, 38, 3)
(39, 39, 3)


Betti numbers:
xi_0:
(0, 0, 15)
(1, 0, 18)
(2, 0, 22)
(3, 0, 38)
(4, 0, 31)
(5, 0, 26)
(6, 0, 20)
(7, 0, 19)
(8, 0, 22)
(9, 0, 22)
(10, 0, 21)
(11, 0, 19)
(12, 0, 20)
(13, 0, 25)
(14, 0, 14)
(15, 0, 1)
(16, 0, 1)
(22, 0, 1)
(25, 0, 1)
(26, 0, 1)
(39, 0, 3)
xi_1:
(0, 1, 6)
(0, 3, 5)
(0, 4, 3)
(1, 1, 14)
(1, 3, 5)
(1, 4, 2)
(2, 1, 18)
(2, 2, 8)
(2, 3, 5)
(2, 4, 1)
(3, 1, 31)
(3, 2, 6)
(3, 3, 8)
(4, 1, 37)
(4, 2, 9)
(4, 11, 1)
(4, 22, 1)
(5, 1, 36)
(6, 1, 24)
(6, 5, 1)
(6, 18, 1)
(7, 1, 19)
(7, 3, 1)
(8, 1, 21)
(8, 5, 1)
(8, 15, 1)
(9, 1, 21)
(9, 5, 1)
(9, 13, 1)
(10, 1, 20)
(10, 5, 1)
(10, 7, 1)
(11, 1, 17)
(11, 3, 1)
(11, 4, 1)
(11, 5, 1)
(11, 8, 1)
(12, 1, 18)
(12, 2, 2)
(12, 4, 1)
(12, 7, 1)
(12, 22, 1)
(13, 1, 21)
(13, 2, 1)
(13, 5, 2)
(13, 11, 1)
(13, 15, 1)
(14, 1, 9)
(14, 3, 2)
(14, 4, 1)
(14, 5, 3)
(14, 7, 1)
(15, 4, 2)
(16, 3, 1)
(25, 11, 1)
(26, 4, 1)
(39, 4, 1)
(39, 11, 1)
xi_2:
(1, 4, 3)
(2, 3, 8)
(2, 4, 2)
(3, 3, 6)
(3, 4, 1)
(4, 2, 8)
(4, 3, 9)
(5, 2, 10)
(6, 2, 5)
(6, 22, 1)
(7, 5, 1)
(8, 18, 1)
(9, 15, 1)
(10, 13, 1)
(11, 5, 1)
(11, 7, 1)
(12, 3, 1)
(12, 5, 1)
(12, 8, 1)
(13, 22, 1)
(14, 5, 1)
(14, 15, 1)
(15, 5, 1)
