x-grades
-117727287154072023/80000000000000000
-57923193194592363/40000000000000000
-113965485624297429/80000000000000000
-28021146214852533/20000000000000000
-22040736818904567/16000000000000000
-54161391664817769/40000000000000000
-106441882564748241/80000000000000000
-6535061362491309/5000000000000000
-102680081034973647/80000000000000000
-2015983605401727/1600000000000000
-98918279505199053/80000000000000000
-24259344685077939/20000000000000000
-95156477975424459/80000000000000000
-46637788605268581/40000000000000000
-18278935289129973/16000000000000000
-11189221960095321/10000000000000000
-87632874915875271/80000000000000000
-42875987075493987/40000000000000000
-83871073386100677/80000000000000000
-4099508631060669/4000000000000000
-80109271856326083/80000000000000000
-39114185545719393/40000000000000000
-76347470326551489/80000000000000000
-1163540149401003/1250000000000000
-14517133759355379/16000000000000000
-35352384015944799/40000000000000000
-68823867267002301/80000000000000000
-16735741625528751/20000000000000000
-65062065737227707/80000000000000000
-6318116497234041/8000000000000000
-61300264207453113/80000000000000000
-7427420430320727/10000000000000000
-57538462677678519/80000000000000000
-27828780956395611/40000000000000000
-2151066445916157/3200000000000000
-12973940095754157/20000000000000000
-50014859618129331/80000000000000000
-24066979426621017/40000000000000000
-46253058088354737/80000000000000000
-554651966543343/1000000000000000

y-grades
4999793/20000000
4999793/10000000
14999379/20000000
4999793/5000000
4999793/4000000
14999379/10000000
34998551/20000000
4999793/2500000
44998137/20000000
4999793/2000000
54997723/20000000
14999379/5000000
64997309/20000000
34998551/10000000
14999379/4000000
4999793/1250000
84996481/20000000
44998137/10000000
94996067/20000000
4999793/1000000
104995653/20000000
54997723/10000000
114995239/20000000
14999379/2500000
4999793/800000
64997309/10000000
134994411/20000000
34998551/5000000
144993997/20000000
14999379/2000000
154993583/20000000
4999793/625000
164993169/20000000
84996481/10000000
34998551/4000000
44998137/5000000
184992341/20000000
94996067/10000000
194991927/20000000
4999793/500000

Dimensions > 0:
(0, 0, 2)
(0, 1, 2)
(0, 2, 2)
(0, 3, 1)
(0, 4, 1)
(0, 5, 1)
(0, 6, 1)
(0, 7, 1)
(0, 8, 1)
(0, 9, 1)
(0, 10, 1)
(0, 11, 1)
(0, 12, 1)
(0, 13, 1)
(0, 14, 1)
(0, 15, 1)
(0, 16, 1)
(0, 17, 1)
(0, 18, 1)
(0, 19, 1)
(0, 20, 1)
(0, 21, 1)
(0, 22, 1)
(0, 23, 1)
(0, 24, 1)
(0, 25, 1)
(0, 26, 1)
(0, 27, 1)
(0, 28, 1)
(0, 29, 1)
(0, 30, 1)
(0, 31, 1)
(0, 32, 1)
(0, 33, 1)
(0, 34, 1)
(0, 35, 1)
(0, 36, 1)
(0, 37, 1)
(0, 38, 1)
(0, 39, 1)

(1, 0, 2)
(1, 1, 2)
(1, 2, 2)
(1, 3, 1)
(1, 4, 1)
(1, 5, 1)
(1, 6, 1)
(1, 7, 1)
(1, 8, 1)
(1, 9, 1)
(1, 10, 1)
(1, 11, 1)
(1, 12, 1)
(1, 13, 1)
(1, 14, 1)
(1, 15, 1)
(1, 16, 1)
(1, 17, 1)
(1, 18, 1)
(1, 19, 1)
(1, 20, 1)
(1, 21, 1)
(1, 22, 1)
(1, 23, 1)
(1, 24, 1)
(1, 25, 1)
(1, 26, 1)
(1, 27, 1)
(1, 28, 1)
(1, 29, 1)
(1, 30, 1)
(1, 31, 1)
(1, 32, 1)
(1, 33, 1)
(1, 34, 1)
(1, 35, 1)
(1, 36, 1)
(1, 37, 1)
(1, 38, 1)
(1, 39, 1)

(2, 0, 2)
(2, 1, 2)
(2, 2, 2)
(2, 3, 1)
(2, 4, 1)
(2, 5, 1)
(2, 6, 1)
(2, 7, 1)
(2, 8, 1)
(2, 9, 1)
(2, 10, 1)
(2, 11, 1)
(2, 12, 1)
(2, 13, 1)
(2, 14, 1)
(2, 15, 1)
(2, 16, 1)
(2, 17, 1)
(2, 18, 1)
(2, 19, 1)
(2, 20, 1)
(2, 21, 1)
(2, 22, 1)
(2, 23, 1)
(2, 24, 1)
(2, 25, 1)
(2, 26, 1)
(2, 27, 1)
(2, 28, 1)
(2, 29, 1)
(2, 30, 1)
(2, 31, 1)
(2, 32, 1)
(2, 33, 1)
(2, 34, 1)
(2, 35, 1)
(2, 36, 1)
(2, 37, 1)
(2, 38, 1)
(2, 39, 1)

(3, 0, 2)
(3, 1, 2)
(3, 2, 2)
(3, 3, 1)
(3, 4, 1)
(3, 5, 1)
(3, 6, 1)
(3, 7, 1)
(3, 8, 1)
(3, 9, 1)
(3, 10, 1)
(3, 11, 1)
(3, 12, 1)
(3, 13, 1)
(3, 14, 1)
(3, 15, 1)
(3, 16, 1)
(3, 17, 1)
(3, 18, 1)
(3, 19, 1)
(3, 20, 1)
(3, 21, 1)
(3, 22, 1)
(3, 23, 1)
(3, 24, 1)
(3, 25, 1)
(3, 26, 1)
(3, 27, 1)
(3, 28, 1)
(3, 29, 1)
(3, 30, 1)
(3, 31, 1)
(3, 32, 1)
(3, 33, 1)
(3, 34, 1)
(3, 35, 1)
(3, 36, 1)
(3, 37, 1)
(3, 38, 1)
(3, 39, 1)

(4, 0, 2)
(4, 1, 2)
(4, 2, 2)
(4, 3, 1)
(4, 4, 1)
(4, 5, 1)
(4, 6, 1)
(4, 7, 1)
(4, 8, 1)
(4, 9, 1)
(4, 10, 1)
(4, 11, 1)
(4, 12, 1)
(4, 13, 1)
(4, 14, 1)
(4, 15, 1)
(4, 16, 1)
(4, 17, 1)
(4, 18, 1)
(4, 19, 1)
(4, 20, 1)
(4, 21, 1)
(4, 22, 1)
(4, 23, 1)
(4, 24, 1)
(4, 25, 1)
(4, 26, 1)
(4, 27, 1)
(4, 28, 1)
(4, 29, 1)
(4, 30, 1)
(4, 31, 1)
(4, 32, 1)
(4, 33, 1)
(4, 34, 1)
(4, 35, 1)
(4, 36, 1)
(4, 37, 1)
(4, 38, 1)
(4, 39, 1)

(5, 0, 2)
(5, 1, 2)
(5, 2, 2)
(5, 3, 1)
(5, 4, 1)
(5, 5, 1)
(5, 6, 1)
(5, 7, 1)
(5, 8, 1)
(5, 9, 1)
(5, 10, 1)
(5, 11, 1)
(5, 12, 1)
(5, 13, 1)
(5, 14, 1)
(5, 15, 1)
(5, 16, 1)
(5, 17, 1)
(5, 18, 1)
(5, 19, 1)
(5, 20, 1)
(5, 21, 1)
(5, 22, 1)
(5, 23, 1)
(5, 24, 1)
(5, 25, 1)
(5, 26, 1)
(5, 27, 1)
(5, 28, 1)
(5, 29, 1)
(5, 30, 1)
(5, 31, 1)
(5, 32, 1)
(5, 33, 1)
(5, 34, 1)
(5, 35, 1)
(5, 36, 1)
(5, 37, 1)
(5, 38, 1)
(5, 39, 1)

(6, 0, 4)
(6, 1, 4)
(6, 2, 4)
(6, 3, 2)
(6, 4, 2)
(6, 5, 2)
(6, 6, 2)
(6, 7, 2)
(6, 8, 2)
(6, 9, 2)
(6, 10, 2)
(6, 11, 2)
(6, 12, 2)
(6, 13, 2)
(6, 14, 2)
(6, 15, 2)
(6, 16, 2)
(6, 17, 2)
(6, 18, 2)
(6, 19, 2)
(6, 20, 2)
(6, 21, 2)
(6, 22, 2)
(6, 23, 2)
(6, 24, 2)
(6, 25, 2)
(6, 26, 2)
(6, 27, 2)
(6, 28, 2)
(6, 29, 2)
(6, 30, 2)
(6, 31, 2)
(6, 32, 2)
(6, 33, 2)
(6, 34, 2)
(6, 35, 2)
(6, 36, 2)
(6, 37, 2)
(6, 38, 2)
(6, 39, 2)

(7, 0, 4)
(7, 1, 4)
(7, 2, 4)
(7, 3, 2)
(7, 4, 2)
(7, 5, 2)
(7, 6, 2)
(7, 7, 2)
(7, 8, 2)
(7, 9, 2)
(7, 10, 2)
(7, 11, 2)
(7, 12, 2)
(7, 13, 2)
(7, 14, 2)
(7, 15, 2)
(7, 16, 2)
(7, 17, 2)
(7, 18, 2)
(7, 19, 2)
(7, 20, 2)
(7, 21, 2)
(7, 22, 2)
(7, 23, 2)
(7, 24, 2)
(7, 25, 2)
(7, 26, 2)
(7, 27, 2)
(7, 28, 2)
(7, 29, 2)
(7, 30, 2)
(7, 31, 2)
(7, 32, 2)
(7, 33, 2)
(7, 34, 2)
(7, 35, 2)
(7, 36, 2)
(7, 37, 2)
(7, 38, 2)
(7, 39, 2)

(8, 0, 5)
(8, 1, 5)
(8, 2, 5)
(8, 3, 3)
(8, 4, 3)
(8, 5, 3)
(8, 6, 3)
(8, 7, 3)
(8, 8, 3)
(8, 9, 3)
(8, 10, 3)
(8, 11, 3)
(8, 12, 3)
(8, 13, 3)
(8, 14, 3)
(8, 15, 3)
(8, 16, 3)
(8, 17, 3)
(8, 18, 3)
(8, 19, 3)
(8, 20, 3)
(8, 21, 3)
(8, 22, 3)
(8, 23, 3)
(8, 24, 3)
(8, 25, 3)
(8, 26, 3)
(8, 27, 3)
(8, 28, 3)
(8, 29, 2)
(8, 30, 2)
(8, 31, 2)
(8, 32, 2)
(8, 33, 2)
(8, 34, 2)
(8, 35, 2)
(8, 36, 2)
(8, 37, 2)
(8, 38, 2)
(8, 39, 2)

(9, 0, 6)
(9, 1, 6)
(9, 2, 6)
(9, 3, 4)
(9, 4, 4)
(9, 5, 4)
(9, 6, 4)
(9, 7, 4)
(9, 8, 4)
(9, 9, 4)
(9, 10, 4)
(9, 11, 4)
(9, 12, 4)
(9, 13, 4)
(9, 14, 4)
(9, 15, 4)
(9, 16, 4)
(9, 17, 4)
(9, 18, 4)
(9, 19, 4)
(9, 20, 4)
(9, 21, 4)
(9, 22, 4)
(9, 23, 4)
(9, 24, 4)
(9, 25, 4)
(9, 26, 4)
(9, 27, 4)
(9, 28, 4)
(9, 29, 3)
(9, 30, 3)
(9, 31, 3)
(9, 32, 3)
(9, 33, 3)
(9, 34, 3)
(9, 35, 3)
(9, 36, 3)
(9, 37, 3)
(9, 38, 3)
(9, 39, 3)

(10, 0, 9)
(10, 1, 9)
(10, 2, 9)
(10, 3, 6)
(10, 4, 6)
(10, 5, 6)
(10, 6, 6)
(10, 7, 6)
(10, 8, 6)
(10, 9, 6)
(10, 10, 6)
(10, 11, 6)
(10, 12, 5)
(10, 13, 5)
(10, 14, 5)
(10, 15, 5)
(10, 16, 5)
(10, 17, 5)
(10, 18, 5)
(10, 19, 5)
(10, 20, 5)
(10, 21, 5)
(10, 22, 5)
(10, 23, 5)
(10, 24, 5)
(10, 25, 5)
(10, 26, 5)
(10, 27, 5)
(10, 28, 5)
(10, 29, 4)
(10, 30, 4)
(10, 31, 4)
(10, 32, 4)
(10, 33, 4)
(10, 34, 4)
(10, 35, 4)
(10, 36, 4)
(10, 37, 4)
(10, 38, 4)
(10, 39, 4)

(11, 0, 9)
(11, 1, 9)
(11, 2, 9)
(11, 3, 6)
(11, 4, 6)
(11, 5, 6)
(11, 6, 6)
(11, 7, 6)
(11, 8, 6)
(11, 9, 6)
(11, 10, 6)
(11, 11, 6)
(11, 12, 5)
(11, 13, 5)
(11, 14, 5)
(11, 15, 5)
(11, 16, 5)
(11, 17, 5)
(11, 18, 5)
(11, 19, 5)
(11, 20, 5)
(11, 21, 5)
(11, 22, 5)
(11, 23, 5)
(11, 24, 5)
(11, 25, 5)
(11, 26, 5)
(11, 27, 5)
(11, 28, 5)
(11, 29, 4)
(11, 30, 4)
(11, 31, 4)
(11, 32, 4)
(11, 33, 4)
(11, 34, 4)
(11, 35, 4)
(11, 36, 4)
(11, 37, 4)
(11, 38, 4)
(11, 39, 4)

(12, 0, 11)
(12, 1, 11)
(12, 2, 11)
(12, 3, 8)
(12, 4, 8)
(12, 5, 8)
(12, 6, 8)
(12, 7, 8)
(12, 8, 8)
(12, 9, 8)
(12, 10, 8)
(12, 11, 8)
(12, 12, 6)
(12, 13, 6)
(12, 14, 6)
(12, 15, 6)
(12, 16, 6)
(12, 17, 6)
(12, 18, 5)
(12, 19, 5)
(12, 20, 5)
(12, 21, 5)
(12, 22, 5)
(12, 23, 5)
(12, 24, 5)
(12, 25, 5)
(12, 26, 5)
(12, 27, 5)
(12, 28, 5)
(12, 29, 4)
(12, 30, 4)
(12, 31, 4)
(12, 32, 4)
(12, 33, 4)
(12, 34, 4)
(12, 35, 4)
(12, 36, 4)
(12, 37, 4)
(12, 38, 4)
(12, 39, 4)

(13, 0, 13)
(13, 1, 13)
(13, 2, 13)
(13, 3, 10)
(13, 4, 10)
(13, 5, 10)
(13, 6, 10)
(13, 7, 10)
(13, 8, 10)
(13, 9, 10)
(13, 10, 10)
(13, 11, 10)
(13, 12, 7)
(13, 13, 7)
(13, 14, 7)
(13, 15, 6)
(13, 16, 6)
(13, 17, 6)
(13, 18, 6)
(13, 19, 6)
(13, 20, 6)
(13, 21, 6)
(13, 22, 6)
(13, 23, 6)
(13, 24, 6)
(13, 25, 6)
(13, 26, 6)
(13, 27, 6)
(13, 28, 6)
(13, 29, 5)
(13, 30, 5)
(13, 31, 5)
(13, 32, 5)
(13, 33, 5)
(13, 34, 5)
(13, 35, 5)
(13, 36, 5)
(13, 37, 5)
(13, 38, 5)
(13, 39, 5)

(14, 0, 14)
(14, 1, 14)
(14, 2, 14)
(14, 3, 10)
(14, 4, 10)
(14, 5, 10)
(14, 6, 10)
(14, 7, 10)
(14, 8, 10)
(14, 9, 10)
(14, 10, 10)
(14, 11, 10)
(14, 12, 7)
(14, 13, 7)
(14, 14, 7)
(14, 15, 6)
(14, 16, 6)
(14, 17, 6)
(14, 18, 6)
(14, 19, 6)
(14, 20, 6)
(14, 21, 6)
(14, 22, 6)
(14, 23, 6)
(14, 24, 6)
(14, 25, 6)
(14, 26, 6)
(14, 27, 6)
(14, 28, 6)
(14, 29, 5)
(14, 30, 5)
(14, 31, 5)
(14, 32, 5)
(14, 33, 5)
(14, 34, 5)
(14, 35, 5)
(14, 36, 5)
(14, 37, 5)
(14, 38, 5)
(14, 39, 5)

(15, 0, 16)
(15, 1, 16)
(15, 2, 16)
(15, 3, 12)
(15, 4, 12)
(15, 5, 12)
(15, 6, 12)
(15, 7, 12)
(15, 8, 12)
(15, 9, 12)
(15, 10, 12)
(15, 11, 12)
(15, 12, 9)
(15, 13, 9)
(15, 14, 9)
(15, 15, 8)
(15, 16, 8)
(15, 17, 8)
(15, 18, 7)
(15, 19, 7)
(15, 20, 7)
(15, 21, 7)
(15, 22, 7)
(15, 23, 7)
(15, 24, 7)
(15, 25, 7)
(15, 26, 7)
(15, 27, 7)
(15, 28, 7)
(15, 29, 6)
(15, 30, 6)
(15, 31, 6)
(15, 32, 6)
(15, 33, 6)
(15, 34, 6)
(15, 35, 5)
(15, 36, 5)
(15, 37, 5)
(15, 38, 5)
(15, 39, 5)

(16, 0, 16)
(16, 1, 16)
(16, 2, 16)
(16, 3, 12)
(16, 4, 12)
(16, 5, 12)
(16, 6, 12)
(16, 7, 12)
(16, 8, 12)
(16, 9, 12)
(16, 10, 12)
(16, 11, 12)
(16, 12, 9)
(16, 13, 9)
(16, 14, 9)
(16, 15, 8)
(16, 16, 8)
(16, 17, 8)
(16, 18, 7)
(16, 19, 7)
(16, 20, 7)
(16, 21, 7)
(16, 22, 7)
(16, 23, 7)
(16, 24, 7)
(16, 25, 7)
(16, 26, 7)
(16, 27, 7)
(16, 28, 7)
(16, 29, 6)
(16, 30, 6)
(16, 31, 6)
(16, 32, 6)
(16, 33, 6)
(16, 34, 6)
(16, 35, 5)
(16, 36, 5)
(16, 37, 5)
(16, 38, 5)
(16, 39, 5)

(17, 0, 17)
(17, 1, 17)
(17, 2, 17)
(17, 3, 13)
(17, 4, 13)
(17, 5, 13)
(17, 6, 13)
(17, 7, 13)
(17, 8, 13)
(17, 9, 13)
(17, 10, 13)
(17, 11, 13)
(17, 12, 10)
(17, 13, 10)
(17, 14, 10)
(17, 15, 8)
(17, 16, 8)
(17, 17, 8)
(17, 18, 7)
(17, 19, 7)
(17, 20, 7)
(17, 21, 7)
(17, 22, 7)
(17, 23, 7)
(17, 24, 7)
(17, 25, 7)
(17, 26, 7)
(17, 27, 7)
(17, 28, 7)
(17, 29, 6)
(17, 30, 6)
(17, 31, 6)
(17, 32, 6)
(17, 33, 6)
(17, 34, 6)
(17, 35, 5)
(17, 36, 5)
(17, 37, 5)
(17, 38, 5)
(17, 39, 5)

(18, 0, 19)
(18, 1, 19)
(18, 2, 19)
(18, 3, 15)
(18, 4, 15)
(18, 5, 15)
(18, 6, 15)
(18, 7, 15)
(18, 8, 15)
(18, 9, 15)
(18, 10, 15)
(18, 11, 15)
(18, 12, 12)
(18, 13, 12)
(18, 14, 12)
(18, 15, 10)
(18, 16, 10)
(18, 17, 10)
(18, 18, 9)
(18, 19, 9)
(18, 20, 9)
(18, 21, 9)
(18, 22, 9)
(18, 23, 9)
(18, 24, 9)
(18, 25, 9)
(18, 26, 9)
(18, 27, 9)
(18, 28, 9)
(18, 29, 7)
(18, 30, 7)
(18, 31, 7)
(18, 32, 7)
(18, 33, 7)
(18, 34, 7)
(18, 35, 6)
(18, 36, 6)
(18, 37, 6)
(18, 38, 6)
(18, 39, 6)

(19, 0, 23)
(19, 1, 23)
(19, 2, 23)
(19, 3, 19)
(19, 4, 19)
(19, 5, 19)
(19, 6, 19)
(19, 7, 19)
(19, 8, 19)
(19, 9, 19)
(19, 10, 19)
(19, 11, 19)
(19, 12, 14)
(19, 13, 14)
(19, 14, 14)
(19, 15, 11)
(19, 16, 11)
(19, 17, 11)
(19, 18, 9)
(19, 19, 9)
(19, 20, 9)
(19, 21, 9)
(19, 22, 9)
(19, 23, 9)
(19, 24, 9)
(19, 25, 9)
(19, 26, 9)
(19, 27, 9)
(19, 28, 9)
(19, 29, 7)
(19, 30, 7)
(19, 31, 7)
(19, 32, 7)
(19, 33, 7)
(19, 34, 7)
(19, 35, 6)
(19, 36, 6)
(19, 37, 6)
(19, 38, 6)
(19, 39, 6)

(20, 0, 26)
(20, 1, 26)
(20, 2, 26)
(20, 3, 22)
(20, 4, 22)
(20, 5, 22)
(20, 6, 22)
(20, 7, 22)
(20, 8, 22)
(20, 9, 22)
(20, 10, 22)
(20, 11, 21)
(20, 12, 14)
(20, 13, 14)
(20, 14, 14)
(20, 15, 11)
(20, 16, 11)
(20, 17, 11)
(20, 18, 9)
(20, 19, 9)
(20, 20, 9)
(20, 21, 9)
(20, 22, 9)
(20, 23, 9)
(20, 24, 9)
(20, 25, 9)
(20, 26, 9)
(20, 27, 9)
(20, 28, 9)
(20, 29, 7)
(20, 30, 7)
(20, 31, 7)
(20, 32, 7)
(20, 33, 7)
(20, 34, 7)
(20, 35, 6)
(20, 36, 6)
(20, 37, 6)
(20, 38, 6)
(20, 39, 6)

(21, 0, 34)
(21, 1, 33)
(21, 2, 30)
(21, 3, 26)
(21, 4, 26)
(21, 5, 26)
(21, 6, 25)
(21, 7, 25)
(21, 8, 25)
(21, 9, 25)
(21, 10, 25)
(21, 11, 24)
(21, 12, 16)
(21, 13, 16)
(21, 14, 16)
(21, 15, 13)
(21, 16, 13)
(21, 17, 13)
(21, 18, 10)
(21, 19, 10)
(21, 20, 10)
(21, 21, 10)
(21, 22, 10)
(21, 23, 10)
(21, 24, 10)
(21, 25, 10)
(21, 26, 10)
(21, 27, 10)
(21, 28, 10)
(21, 29, 8)
(21, 30, 8)
(21, 31, 8)
(21, 32, 8)
(21, 33, 8)
(21, 34, 8)
(21, 35, 7)
(21, 36, 7)
(21, 37, 7)
(21, 38, 7)
(21, 39, 7)

(22, 0, 38)
(22, 1, 35)
(22, 2, 31)
(22, 3, 27)
(22, 4, 27)
(22, 5, 27)
(22, 6, 26)
(22, 7, 26)
(22, 8, 26)
(22, 9, 26)
(22, 10, 26)
(22, 11, 25)
(22, 12, 16)
(22, 13, 16)
(22, 14, 16)
(22, 15, 13)
(22, 16, 13)
(22, 17, 13)
(22, 18, 10)
(22, 19, 10)
(22, 20, 10)
(22, 21, 10)
(22, 22, 10)
(22, 23, 10)
(22, 24, 10)
(22, 25, 10)
(22, 26, 10)
(22, 27, 10)
(22, 28, 10)
(22, 29, 8)
(22, 30, 8)
(22, 31, 8)
(22, 32, 8)
(22, 33, 8)
(22, 34, 7)
(22, 35, 6)
(22, 36, 6)
(22, 37, 6)
(22, 38, 6)
(22, 39, 6)

(23, 0, 47)
(23, 1, 42)
(23, 2, 36)
(23, 3, 32)
(23, 4, 32)
(23, 5, 32)
(23, 6, 31)
(23, 7, 31)
(23, 8, 31)
(23, 9, 31)
(23, 10, 31)
(23, 11, 30)
(23, 12, 19)
(23, 13, 19)
(23, 14, 19)
(23, 15, 14)
(23, 16, 14)
(23, 17, 14)
(23, 18, 11)
(23, 19, 11)
(23, 20, 11)
(23, 21, 11)
(23, 22, 11)
(23, 23, 11)
(23, 24, 11)
(23, 25, 11)
(23, 26, 11)
(23, 27, 11)
(23, 28, 11)
(23, 29, 9)
(23, 30, 9)
(23, 31, 9)
(23, 32, 9)
(23, 33, 9)
(23, 34, 8)
(23, 35, 6)
(23, 36, 6)
(23, 37, 6)
(23, 38, 6)
(23, 39, 6)

(24, 0, 57)
(24, 1, 48)
(24, 2, 41)
(24, 3, 37)
(24, 4, 37)
(24, 5, 37)
(24, 6, 36)
(24, 7, 36)
(24, 8, 35)
(24, 9, 34)
(24, 10, 34)
(24, 11, 33)
(24, 12, 20)
(24, 13, 20)
(24, 14, 20)
(24, 15, 13)
(24, 16, 13)
(24, 17, 13)
(24, 18, 11)
(24, 19, 11)
(24, 20, 11)
(24, 21, 11)
(24, 22, 11)
(24, 23, 11)
(24, 24, 11)
(24, 25, 11)
(24, 26, 11)
(24, 27, 11)
(24, 28, 11)
(24, 29, 9)
(24, 30, 9)
(24, 31, 9)
(24, 32, 9)
(24, 33, 9)
(24, 34, 8)
(24, 35, 6)
(24, 36, 6)
(24, 37, 6)
(24, 38, 6)
(24, 39, 6)

(25, 0, 57)
(25, 1, 49)
(25, 2, 42)
(25, 3, 38)
(25, 4, 38)
(25, 5, 38)
(25, 6, 37)
(25, 7, 37)
(25, 8, 36)
(25, 9, 35)
(25, 10, 35)
(25, 11, 34)
(25, 12, 21)
(25, 13, 21)
(25, 14, 21)
(25, 15, 14)
(25, 16, 14)
(25, 17, 14)
(25, 18, 11)
(25, 19, 11)
(25, 20, 11)
(25, 21, 11)
(25, 22, 11)
(25, 23, 11)
(25, 24, 11)
(25, 25, 11)
(25, 26, 11)
(25, 27, 11)
(25, 28, 11)
(25, 29, 9)
(25, 30, 9)
(25, 31, 9)
(25, 32, 9)
(25, 33, 9)
(25, 34, 8)
(25, 35, 6)
(25, 36, 6)
(25, 37, 6)
(25, 38, 6)
(25, 39, 6)

(26, 0, 69)
(26, 1, 56)
(26, 2, 47)
(26, 3, 42)
(26, 4, 42)
(26, 5, 42)
(26, 6, 40)
(26, 7, 40)
(26, 8, 39)
(26, 9, 38)
(26, 10, 37)
(26, 11, 35)
(26, 12, 22)
(26, 13, 22)
(26, 14, 22)
(26, 15, 14)
(26, 16, 14)
(26, 17, 14)
(26, 18, 11)
(26, 19, 11)
(26, 20, 11)
(26, 21, 11)
(26, 22, 11)
(26, 23, 11)
(26, 24, 11)
(26, 25, 11)
(26, 26, 11)
(26, 27, 11)
(26, 28, 11)
(26, 29, 9)
(26, 30, 9)
(26, 31, 9)
(26, 32, 9)
(26, 33, 9)
(26, 34, 8)
(26, 35, 6)
(26, 36, 6)
(26, 37, 6)
(26, 38, 6)
(26, 39, 6)

(27, 0, 73)
(27, 1, 60)
(27, 2, 50)
(27, 3, 45)
(27, 4, 45)
(27, 5, 45)
(27, 6, 43)
(27, 7, 43)
(27, 8, 42)
(27, 9, 41)
(27, 10, 40)
(27, 11, 38)
(27, 12, 23)
(27, 13, 23)
(27, 14, 23)
(27, 15, 14)
(27, 16, 14)
(27, 17, 14)
(27, 18, 12)
(27, 19, 12)
(27, 20, 12)
(27, 21, 12)
(27, 22, 12)
(27, 23, 12)
(27, 24, 12)
(27, 25, 12)
(27, 26, 12)
(27, 27, 12)
(27, 28, 12)
(27, 29, 10)
(27, 30, 10)
(27, 31, 10)
(27, 32, 10)
(27, 33, 10)
(27, 34, 9)
(27, 35, 7)
(27, 36, 7)
(27, 37, 7)
(27, 38, 7)
(27, 39, 7)

(28, 0, 79)
(28, 1, 65)
(28, 2, 55)
(28, 3, 50)
(28, 4, 50)
(28, 5, 50)
(28, 6, 48)
(28, 7, 48)
(28, 8, 47)
(28, 9, 46)
(28, 10, 45)
(28, 11, 43)
(28, 12, 28)
(28, 13, 28)
(28, 14, 28)
(28, 15, 17)
(28, 16, 17)
(28, 17, 17)
(28, 18, 14)
(28, 19, 14)
(28, 20, 12)
(28, 21, 12)
(28, 22, 12)
(28, 23, 12)
(28, 24, 12)
(28, 25, 12)
(28, 26, 12)
(28, 27, 12)
(28, 28, 12)
(28, 29, 10)
(28, 30, 10)
(28, 31, 9)
(28, 32, 9)
(28, 33, 9)
(28, 34, 8)
(28, 35, 6)
(28, 36, 6)
(28, 37, 6)
(28, 38, 6)
(28, 39, 6)

(29, 0, 87)
(29, 1, 72)
(29, 2, 61)
(29, 3, 56)
(29, 4, 56)
(29, 5, 56)
(29, 6, 54)
(29, 7, 54)
(29, 8, 53)
(29, 9, 52)
(29, 10, 50)
(29, 11, 48)
(29, 12, 32)
(29, 13, 32)
(29, 14, 32)
(29, 15, 18)
(29, 16, 18)
(29, 17, 18)
(29, 18, 15)
(29, 19, 15)
(29, 20, 12)
(29, 21, 12)
(29, 22, 12)
(29, 23, 12)
(29, 24, 11)
(29, 25, 11)
(29, 26, 11)
(29, 27, 11)
(29, 28, 11)
(29, 29, 9)
(29, 30, 9)
(29, 31, 9)
(29, 32, 9)
(29, 33, 9)
(29, 34, 8)
(29, 35, 6)
(29, 36, 6)
(29, 37, 6)
(29, 38, 6)
(29, 39, 6)

(30, 0, 94)
(30, 1, 77)
(30, 2, 63)
(30, 3, 58)
(30, 4, 58)
(30, 5, 58)
(30, 6, 56)
(30, 7, 56)
(30, 8, 55)
(30, 9, 54)
(30, 10, 52)
(30, 11, 50)
(30, 12, 32)
(30, 13, 32)
(30, 14, 32)
(30, 15, 18)
(30, 16, 18)
(30, 17, 18)
(30, 18, 14)
(30, 19, 14)
(30, 20, 12)
(30, 21, 12)
(30, 22, 12)
(30, 23, 12)
(30, 24, 11)
(30, 25, 11)
(30, 26, 11)
(30, 27, 11)
(30, 28, 11)
(30, 29, 9)
(30, 30, 9)
(30, 31, 9)
(30, 32, 9)
(30, 33, 9)
(30, 34, 8)
(30, 35, 6)
(30, 36, 6)
(30, 37, 6)
(30, 38, 6)
(30, 39, 6)

(31, 0, 98)
(31, 1, 80)
(31, 2, 66)
(31, 3, 61)
(31, 4, 61)
(31, 5, 61)
(31, 6, 59)
(31, 7, 59)
(31, 8, 58)
(31, 9, 57)
(31, 10, 55)
(31, 11, 53)
(31, 12, 35)
(31, 13, 35)
(31, 14, 34)
(31, 15, 18)
(31, 16, 18)
(31, 17, 18)
(31, 18, 14)
(31, 19, 14)
(31, 20, 12)
(31, 21, 12)
(31, 22, 12)
(31, 23, 12)
(31, 24, 11)
(31, 25, 11)
(31, 26, 11)
(31, 27, 11)
(31, 28, 11)
(31, 29, 9)
(31, 30, 9)
(31, 31, 9)
(31, 32, 9)
(31, 33, 9)
(31, 34, 7)
(31, 35, 5)
(31, 36, 5)
(31, 37, 5)
(31, 38, 5)
(31, 39, 5)

(32, 0, 115)
(32, 1, 92)
(32, 2, 74)
(32, 3, 68)
(32, 4, 68)
(32, 5, 68)
(32, 6, 66)
(32, 7, 65)
(32, 8, 63)
(32, 9, 62)
(32, 10, 60)
(32, 11, 58)
(32, 12, 37)
(32, 13, 37)
(32, 14, 36)
(32, 15, 20)
(32, 16, 20)
(32, 17, 20)
(32, 18, 15)
(32, 19, 15)
(32, 20, 13)
(32, 21, 13)
(32, 22, 13)
(32, 23, 13)
(32, 24, 12)
(32, 25, 12)
(32, 26, 12)
(32, 27, 12)
(32, 28, 12)
(32, 29, 10)
(32, 30, 10)
(32, 31, 9)
(32, 32, 9)
(32, 33, 9)
(32, 34, 7)
(32, 35, 5)
(32, 36, 5)
(32, 37, 5)
(32, 38, 5)
(32, 39, 5)

(33, 0, 127)
(33, 1, 102)
(33, 2, 79)
(33, 3, 72)
(33, 4, 72)
(33, 5, 72)
(33, 6, 69)
(33, 7, 68)
(33, 8, 67)
(33, 9, 66)
(33, 10, 64)
(33, 11, 61)
(33, 12, 40)
(33, 13, 40)
(33, 14, 39)
(33, 15, 21)
(33, 16, 21)
(33, 17, 21)
(33, 18, 15)
(33, 19, 15)
(33, 20, 13)
(33, 21, 13)
(33, 22, 13)
(33, 23, 13)
(33, 24, 12)
(33, 25, 12)
(33, 26, 12)
(33, 27, 12)
(33, 28, 12)
(33, 29, 10)
(33, 30, 10)
(33, 31, 8)
(33, 32, 8)
(33, 33, 8)
(33, 34, 7)
(33, 35, 4)
(33, 36, 4)
(33, 37, 4)
(33, 38, 4)
(33, 39, 4)

(34, 0, 141)
(34, 1, 112)
(34, 2, 87)
(34, 3, 80)
(34, 4, 80)
(34, 5, 80)
(34, 6, 77)
(34, 7, 76)
(34, 8, 75)
(34, 9, 74)
(34, 10, 71)
(34, 11, 66)
(34, 12, 41)
(34, 13, 41)
(34, 14, 40)
(34, 15, 22)
(34, 16, 22)
(34, 17, 22)
(34, 18, 16)
(34, 19, 16)
(34, 20, 13)
(34, 21, 13)
(34, 22, 13)
(34, 23, 13)
(34, 24, 12)
(34, 25, 12)
(34, 26, 12)
(34, 27, 12)
(34, 28, 12)
(34, 29, 10)
(34, 30, 10)
(34, 31, 7)
(34, 32, 7)
(34, 33, 7)
(34, 34, 5)
(34, 35, 3)
(34, 36, 3)
(34, 37, 3)
(34, 38, 3)
(34, 39, 3)

(35, 0, 148)
(35, 1, 116)
(35, 2, 90)
(35, 3, 83)
(35, 4, 83)
(35, 5, 83)
(35, 6, 80)
(35, 7, 79)
(35, 8, 78)
(35, 9, 77)
(35, 10, 74)
(35, 11, 69)
(35, 12, 43)
(35, 13, 43)
(35, 14, 42)
(35, 15, 24)
(35, 16, 24)
(35, 17, 24)
(35, 18, 14)
(35, 19, 14)
(35, 20, 11)
(35, 21, 11)
(35, 22, 11)
(35, 23, 11)
(35, 24, 10)
(35, 25, 10)
(35, 26, 10)
(35, 27, 10)
(35, 28, 10)
(35, 29, 8)
(35, 30, 8)
(35, 31, 7)
(35, 32, 7)
(35, 33, 7)
(35, 34, 5)
(35, 35, 3)
(35, 36, 3)
(35, 37, 3)
(35, 38, 3)
(35, 39, 3)

(36, 0, 148)
(36, 1, 116)
(36, 2, 90)
(36, 3, 83)
(36, 4, 83)
(36, 5, 83)
(36, 6, 80)
(36, 7, 79)
(36, 8, 78)
(36, 9, 77)
(36, 10, 74)
(36, 11, 69)
(36, 12, 43)
(36, 13, 43)
(36, 14, 42)
(36, 15, 24)
(36, 16, 24)
(36, 17, 24)
(36, 18, 14)
(36, 19, 14)
(36, 20, 11)
(36, 21, 11)
(36, 22, 11)
(36, 23, 11)
(36, 24, 10)
(36, 25, 10)
(36, 26, 10)
(36, 27, 10)
(36, 28, 10)
(36, 29, 8)
(36, 30, 8)
(36, 31, 7)
(36, 32, 7)
(36, 33, 7)
(36, 34, 5)
(36, 35, 3)
(36, 36, 3)
(36, 37, 3)
(36, 38, 3)
(36, 39, 3)

(37, 0, 155)
(37, 1, 121)
(37, 2, 94)
(37, 3, 87)
(37, 4, 87)
(37, 5, 87)
(37, 6, 84)
(37, 7, 83)
(37, 8, 82)
(37, 9, 81)
(37, 10, 78)
(37, 11, 73)
(37, 12, 45)
(37, 13, 45)
(37, 14, 43)
(37, 15, 25)
(37, 16, 25)
(37, 17, 25)
(37, 18, 14)
(37, 19, 14)
(37, 20, 11)
(37, 21, 11)
(37, 22, 11)
(37, 23, 11)
(37, 24, 10)
(37, 25, 10)
(37, 26, 10)
(37, 27, 10)
(37, 28, 10)
(37, 29, 8)
(37, 30, 8)
(37, 31, 7)
(37, 32, 7)
(37, 33, 7)
(37, 34, 5)
(37, 35, 3)
(37, 36, 3)
(37, 37, 3)
(37, 38, 3)
(37, 39, 3)

(38, 0, 167)
(38, 1, 128)
(38, 2, 98)
(38, 3, 90)
(38, 4, 90)
(38, 5, 90)
(38, 6, 87)
(38, 7, 85)
(38, 8, 84)
(38, 9, 83)
(38, 10, 80)
(38, 11, 74)
(38, 12, 45)
(38, 13, 45)
(38, 14, 43)
(38, 15, 25)
(38, 16, 25)
(38, 17, 25)
(38, 18, 14)
(38, 19, 14)
(38, 20, 11)
(38, 21, 11)
(38, 22, 11)
(38, 23, 11)
(38, 24, 10)
(38, 25, 10)
(38, 26, 10)
(38, 27, 10)
(38, 28, 10)
(38, 29, 8)
(38, 30, 8)
(38, 31, 7)
(38, 32, 7)
(38, 33, 7)
(38, 34, 4)
(38, 35, 2)
(38, 36, 2)
(38, 37, 2)
(38, 38, 2)
(38, 39, 2)

(39, 0, 171)
(39, 1, 131)
(39, 2, 101)
(39, 3, 93)
(39, 4, 93)
(39, 5, 93)
(39, 6, 90)
(39, 7, 88)
(39, 8, 87)
(39, 9, 86)
(39, 10, 83)
(39, 11, 77)
(39, 12, 47)
(39, 13, 47)
(39, 14, 45)
(39, 15, 26)
(39, 16, 26)
(39, 17, 26)
(39, 18, 15)
(39, 19, 15)
(39, 20, 12)
(39, 21, 12)
(39, 22, 12)
(39, 23, 12)
(39, 24, 11)
(39, 25, 11)
(39, 26, 11)
(39, 27, 11)
(39, 28, 10)
(39, 29, 8)
(39, 30, 8)
(39, 31, 6)
(39, 32, 6)
(39, 33, 6)
(39, 34, 4)
(39, 35, 2)
(39, 36, 2)
(39, 37, 2)
(39, 38, 2)
(39, 39, 2)


Betti numbers:
xi_0:
(0, 0, 2)
(6, 0, 2)
(8, 0, 1)
(9, 0, 1)
(10, 0, 3)
(12, 0, 2)
(13, 0, 2)
(14, 0, 1)
(15, 0, 2)
(17, 0, 1)
(18, 0, 2)
(19, 0, 4)
(20, 0, 3)
(21, 0, 8)
(22, 0, 4)
(23, 0, 9)
(24, 0, 10)
(25, 0, 1)
(26, 0, 12)
(27, 0, 6)
(28, 0, 6)
(29, 0, 8)
(30, 0, 7)
(31, 0, 4)
(32, 0, 17)
(33, 0, 12)
(34, 0, 14)
(35, 0, 7)
(37, 0, 7)
(38, 0, 13)
(39, 0, 4)
xi_1:
(0, 3, 1)
(6, 3, 1)
(8, 29, 1)
(10, 3, 1)
(10, 12, 1)
(12, 12, 1)
(12, 18, 1)
(13, 12, 1)
(13, 15, 1)
(14, 3, 1)
(15, 18, 1)
(15, 35, 1)
(17, 15, 1)
(18, 29, 1)
(19, 12, 2)
(19, 15, 1)
(19, 18, 1)
(20, 11, 1)
(20, 12, 2)
(21, 1, 1)
(21, 2, 3)
(21, 6, 1)
(21, 12, 1)
(21, 18, 1)
(22, 1, 2)
(22, 2, 1)
(22, 12, 1)
(22, 34, 1)
(23, 1, 2)
(23, 2, 2)
(23, 12, 2)
(23, 15, 2)
(23, 18, 1)
(23, 35, 1)
(24, 1, 4)
(24, 2, 1)
(24, 8, 1)
(24, 9, 1)
(24, 12, 2)
(24, 15, 2)
(25, 0, 1)
(25, 18, 1)
(26, 1, 5)
(26, 2, 2)
(26, 3, 1)
(26, 6, 1)
(26, 10, 1)
(26, 11, 1)
(26, 15, 1)
(27, 0, 2)
(27, 1, 2)
(27, 2, 1)
(27, 12, 2)
(27, 15, 1)
(28, 1, 1)
(28, 15, 2)
(28, 18, 1)
(28, 20, 2)
(28, 31, 1)
(29, 1, 1)
(29, 2, 1)
(29, 10, 1)
(29, 12, 1)
(29, 15, 3)
(29, 18, 1)
(29, 20, 1)
(29, 24, 1)
(30, 1, 2)
(30, 2, 3)
(30, 12, 2)
(30, 18, 1)
(31, 1, 1)
(31, 14, 1)
(31, 15, 2)
(31, 34, 1)
(32, 1, 5)
(32, 2, 4)
(32, 3, 1)
(32, 7, 1)
(32, 8, 1)
(32, 12, 3)
(32, 15, 1)
(32, 18, 1)
(32, 31, 1)
(33, 1, 2)
(33, 2, 5)
(33, 3, 1)
(33, 6, 1)
(33, 11, 1)
(33, 15, 2)
(33, 18, 1)
(33, 31, 1)
(33, 35, 1)
(34, 1, 4)
(34, 2, 2)
(34, 10, 1)
(34, 11, 2)
(34, 12, 4)
(34, 15, 1)
(34, 20, 1)
(34, 31, 1)
(34, 34, 1)
(35, 1, 3)
(35, 2, 1)
(35, 12, 1)
(35, 18, 4)
(37, 1, 2)
(37, 2, 1)
(37, 12, 2)
(37, 14, 1)
(37, 18, 1)
(38, 0, 1)
(38, 1, 6)
(38, 2, 3)
(38, 3, 1)
(38, 7, 1)
(38, 11, 1)
(38, 12, 1)
(38, 34, 1)
(39, 1, 1)
(39, 12, 1)
(39, 15, 1)
(39, 28, 1)
(39, 31, 1)
xi_2:
(13, 18, 1)
(23, 18, 1)
(24, 18, 1)
(25, 1, 1)
(27, 1, 2)
(27, 18, 1)
(29, 18, 1)
(29, 31, 1)
(30, 20, 1)
(32, 15, 1)
(33, 8, 1)
(33, 34, 1)
(34, 15, 1)
(34, 35, 1)
(35, 31, 2)
(38, 1, 1)
(39, 34, 1)
