x-grades
-4958289917237309119/2000000000000000000
-2421674044205642719/1000000000000000000
-4728406259585261757/2000000000000000000
-1153366107689809519/500000000000000000
-899704520386642879/400000000000000000
-2191790386553595357/1000000000000000000
-4268638944281167033/2000000000000000000
-519212139431892919/250000000000000000
-4038755286629119671/2000000000000000000
-392381345780309599/200000000000000000
-3808871628977072309/2000000000000000000
-923482450037762157/500000000000000000
-3578987971325024947/2000000000000000000
-1732023071249500633/1000000000000000000
-669820862734595517/400000000000000000
-202135155302934619/125000000000000000
-3119220656020930223/2000000000000000000
-1502139413597453271/1000000000000000000
-2889336998368882861/2000000000000000000
-138719758477142959/100000000000000000
-2659453340716835499/2000000000000000000
-1272255755945405909/1000000000000000000
-2429569683064788137/2000000000000000000
-289328481779845557/250000000000000000
-87987441016509631/80000000000000000
-1042372098293358547/1000000000000000000
-1969802367760693413/2000000000000000000
-463715134733667433/500000000000000000
-1739918710108646051/2000000000000000000
-162497688128262237/200000000000000000
-1510035052456598689/2000000000000000000
-43596663238455469/62500000000000000
-1280151394804551327/2000000000000000000
-582604782989263823/1000000000000000000
-210053547430500793/400000000000000000
-233831477081620071/500000000000000000
-820384079500456603/2000000000000000000
-352721125337216461/1000000000000000000
-590500421848409241/2000000000000000000
-11888964825559639/50000000000000000

y-grades
9984717/40000000
9984717/20000000
29954151/40000000
9984717/10000000
9984717/8000000
29954151/20000000
69893019/40000000
9984717/5000000
89862453/40000000
9984717/4000000
109831887/40000000
29954151/10000000
129801321/40000000
69893019/20000000
29954151/8000000
9984717/2500000
169740189/40000000
89862453/20000000
189709623/40000000
9984717/2000000
209679057/40000000
109831887/20000000
229648491/40000000
29954151/5000000
9984717/1600000
129801321/20000000
269587359/40000000
69893019/10000000
289556793/40000000
29954151/4000000
309526227/40000000
9984717/1250000
329495661/40000000
169740189/20000000
69893019/8000000
89862453/10000000
369434529/40000000
189709623/20000000
389403963/40000000
9984717/1000000

Dimensions > 0:
(0, 0, 6)
(0, 1, 6)
(0, 2, 6)
(0, 3, 6)
(0, 4, 4)
(0, 5, 4)
(0, 6, 4)
(0, 7, 4)
(0, 8, 4)
(0, 9, 2)
(0, 10, 2)
(0, 11, 2)
(0, 12, 2)
(0, 13, 2)
(0, 14, 2)
(0, 15, 2)
(0, 16, 2)
(0, 17, 2)
(0, 18, 2)
(0, 19, 2)
(0, 20, 2)
(0, 21, 2)
(0, 22, 2)
(0, 23, 2)
(0, 24, 2)
(0, 25, 2)
(0, 26, 2)
(0, 27, 2)
(0, 28, 2)
(0, 29, 2)
(0, 30, 2)
(0, 31, 2)
(0, 32, 2)
(0, 33, 2)
(0, 34, 2)
(0, 35, 2)
(0, 36, 2)
(0, 37, 2)
(0, 38, 2)
(0, 39, 2)

(1, 0, 14)
(1, 1, 14)
(1, 2, 14)
(1, 3, 14)
(1, 4, 9)
(1, 5, 9)
(1, 6, 9)
(1, 7, 9)
(1, 8, 9)
(1, 9, 6)
(1, 10, 6)
(1, 11, 6)
(1, 12, 6)
(1, 13, 6)
(1, 14, 6)
(1, 15, 6)
(1, 16, 6)
(1, 17, 6)
(1, 18, 6)
(1, 19, 6)
(1, 20, 6)
(1, 21, 5)
(1, 22, 5)
(1, 23, 5)
(1, 24, 5)
(1, 25, 4)
(1, 26, 4)
(1, 27, 4)
(1, 28, 4)
(1, 29, 4)
(1, 30, 4)
(1, 31, 4)
(1, 32, 4)
(1, 33, 4)
(1, 34, 4)
(1, 35, 4)
(1, 36, 4)
(1, 37, 4)
(1, 38, 4)
(1, 39, 4)

(2, 0, 21)
(2, 1, 21)
(2, 2, 21)
(2, 3, 21)
(2, 4, 13)
(2, 5, 13)
(2, 6, 13)
(2, 7, 13)
(2, 8, 13)
(2, 9, 9)
(2, 10, 9)
(2, 11, 9)
(2, 12, 9)
(2, 13, 9)
(2, 14, 9)
(2, 15, 9)
(2, 16, 9)
(2, 17, 9)
(2, 18, 9)
(2, 19, 9)
(2, 20, 9)
(2, 21, 7)
(2, 22, 7)
(2, 23, 7)
(2, 24, 7)
(2, 25, 6)
(2, 26, 5)
(2, 27, 5)
(2, 28, 5)
(2, 29, 5)
(2, 30, 5)
(2, 31, 5)
(2, 32, 5)
(2, 33, 5)
(2, 34, 5)
(2, 35, 5)
(2, 36, 5)
(2, 37, 5)
(2, 38, 5)
(2, 39, 5)

(3, 0, 22)
(3, 1, 22)
(3, 2, 22)
(3, 3, 22)
(3, 4, 14)
(3, 5, 14)
(3, 6, 14)
(3, 7, 14)
(3, 8, 14)
(3, 9, 10)
(3, 10, 10)
(3, 11, 10)
(3, 12, 10)
(3, 13, 10)
(3, 14, 10)
(3, 15, 10)
(3, 16, 10)
(3, 17, 10)
(3, 18, 10)
(3, 19, 10)
(3, 20, 10)
(3, 21, 8)
(3, 22, 8)
(3, 23, 8)
(3, 24, 8)
(3, 25, 7)
(3, 26, 6)
(3, 27, 6)
(3, 28, 6)
(3, 29, 6)
(3, 30, 6)
(3, 31, 6)
(3, 32, 6)
(3, 33, 6)
(3, 34, 6)
(3, 35, 6)
(3, 36, 6)
(3, 37, 5)
(3, 38, 5)
(3, 39, 5)

(4, 0, 22)
(4, 1, 22)
(4, 2, 22)
(4, 3, 22)
(4, 4, 14)
(4, 5, 14)
(4, 6, 14)
(4, 7, 14)
(4, 8, 14)
(4, 9, 10)
(4, 10, 10)
(4, 11, 10)
(4, 12, 10)
(4, 13, 10)
(4, 14, 10)
(4, 15, 10)
(4, 16, 10)
(4, 17, 10)
(4, 18, 10)
(4, 19, 10)
(4, 20, 10)
(4, 21, 8)
(4, 22, 8)
(4, 23, 8)
(4, 24, 8)
(4, 25, 7)
(4, 26, 6)
(4, 27, 6)
(4, 28, 6)
(4, 29, 6)
(4, 30, 6)
(4, 31, 6)
(4, 32, 6)
(4, 33, 6)
(4, 34, 6)
(4, 35, 6)
(4, 36, 6)
(4, 37, 5)
(4, 38, 5)
(4, 39, 5)

(5, 0, 22)
(5, 1, 22)
(5, 2, 22)
(5, 3, 22)
(5, 4, 14)
(5, 5, 14)
(5, 6, 14)
(5, 7, 14)
(5, 8, 14)
(5, 9, 10)
(5, 10, 10)
(5, 11, 10)
(5, 12, 10)
(5, 13, 10)
(5, 14, 10)
(5, 15, 10)
(5, 16, 10)
(5, 17, 10)
(5, 18, 10)
(5, 19, 10)
(5, 20, 10)
(5, 21, 8)
(5, 22, 8)
(5, 23, 8)
(5, 24, 8)
(5, 25, 7)
(5, 26, 6)
(5, 27, 6)
(5, 28, 6)
(5, 29, 6)
(5, 30, 6)
(5, 31, 6)
(5, 32, 6)
(5, 33, 6)
(5, 34, 6)
(5, 35, 6)
(5, 36, 6)
(5, 37, 5)
(5, 38, 5)
(5, 39, 5)

(6, 0, 22)
(6, 1, 22)
(6, 2, 22)
(6, 3, 22)
(6, 4, 14)
(6, 5, 14)
(6, 6, 14)
(6, 7, 14)
(6, 8, 14)
(6, 9, 10)
(6, 10, 10)
(6, 11, 10)
(6, 12, 10)
(6, 13, 10)
(6, 14, 10)
(6, 15, 10)
(6, 16, 10)
(6, 17, 10)
(6, 18, 10)
(6, 19, 10)
(6, 20, 10)
(6, 21, 8)
(6, 22, 8)
(6, 23, 8)
(6, 24, 8)
(6, 25, 7)
(6, 26, 6)
(6, 27, 6)
(6, 28, 6)
(6, 29, 6)
(6, 30, 6)
(6, 31, 6)
(6, 32, 6)
(6, 33, 6)
(6, 34, 6)
(6, 35, 6)
(6, 36, 6)
(6, 37, 5)
(6, 38, 5)
(6, 39, 5)

(7, 0, 22)
(7, 1, 22)
(7, 2, 22)
(7, 3, 22)
(7, 4, 14)
(7, 5, 14)
(7, 6, 14)
(7, 7, 14)
(7, 8, 14)
(7, 9, 10)
(7, 10, 10)
(7, 11, 10)
(7, 12, 10)
(7, 13, 10)
(7, 14, 10)
(7, 15, 10)
(7, 16, 10)
(7, 17, 10)
(7, 18, 10)
(7, 19, 10)
(7, 20, 10)
(7, 21, 8)
(7, 22, 8)
(7, 23, 8)
(7, 24, 8)
(7, 25, 7)
(7, 26, 6)
(7, 27, 6)
(7, 28, 6)
(7, 29, 6)
(7, 30, 6)
(7, 31, 6)
(7, 32, 6)
(7, 33, 6)
(7, 34, 6)
(7, 35, 6)
(7, 36, 6)
(7, 37, 5)
(7, 38, 5)
(7, 39, 5)

(8, 0, 22)
(8, 1, 22)
(8, 2, 22)
(8, 3, 22)
(8, 4, 14)
(8, 5, 14)
(8, 6, 14)
(8, 7, 14)
(8, 8, 14)
(8, 9, 10)
(8, 10, 10)
(8, 11, 10)
(8, 12, 10)
(8, 13, 10)
(8, 14, 10)
(8, 15, 10)
(8, 16, 10)
(8, 17, 10)
(8, 18, 10)
(8, 19, 10)
(8, 20, 10)
(8, 21, 8)
(8, 22, 8)
(8, 23, 8)
(8, 24, 8)
(8, 25, 7)
(8, 26, 6)
(8, 27, 6)
(8, 28, 6)
(8, 29, 6)
(8, 30, 6)
(8, 31, 6)
(8, 32, 6)
(8, 33, 6)
(8, 34, 6)
(8, 35, 6)
(8, 36, 6)
(8, 37, 5)
(8, 38, 5)
(8, 39, 5)

(9, 0, 22)
(9, 1, 22)
(9, 2, 22)
(9, 3, 22)
(9, 4, 14)
(9, 5, 14)
(9, 6, 14)
(9, 7, 14)
(9, 8, 14)
(9, 9, 10)
(9, 10, 10)
(9, 11, 10)
(9, 12, 10)
(9, 13, 10)
(9, 14, 10)
(9, 15, 10)
(9, 16, 10)
(9, 17, 10)
(9, 18, 10)
(9, 19, 10)
(9, 20, 10)
(9, 21, 8)
(9, 22, 8)
(9, 23, 8)
(9, 24, 8)
(9, 25, 7)
(9, 26, 6)
(9, 27, 6)
(9, 28, 6)
(9, 29, 6)
(9, 30, 6)
(9, 31, 6)
(9, 32, 6)
(9, 33, 6)
(9, 34, 6)
(9, 35, 6)
(9, 36, 6)
(9, 37, 5)
(9, 38, 5)
(9, 39, 5)

(10, 0, 22)
(10, 1, 22)
(10, 2, 22)
(10, 3, 22)
(10, 4, 14)
(10, 5, 14)
(10, 6, 14)
(10, 7, 14)
(10, 8, 14)
(10, 9, 10)
(10, 10, 10)
(10, 11, 10)
(10, 12, 10)
(10, 13, 10)
(10, 14, 10)
(10, 15, 10)
(10, 16, 10)
(10, 17, 10)
(10, 18, 10)
(10, 19, 10)
(10, 20, 10)
(10, 21, 8)
(10, 22, 8)
(10, 23, 8)
(10, 24, 8)
(10, 25, 7)
(10, 26, 6)
(10, 27, 6)
(10, 28, 6)
(10, 29, 6)
(10, 30, 6)
(10, 31, 6)
(10, 32, 6)
(10, 33, 6)
(10, 34, 6)
(10, 35, 6)
(10, 36, 6)
(10, 37, 5)
(10, 38, 5)
(10, 39, 5)

(11, 0, 24)
(11, 1, 24)
(11, 2, 24)
(11, 3, 24)
(11, 4, 16)
(11, 5, 16)
(11, 6, 16)
(11, 7, 16)
(11, 8, 16)
(11, 9, 11)
(11, 10, 11)
(11, 11, 11)
(11, 12, 11)
(11, 13, 11)
(11, 14, 11)
(11, 15, 11)
(11, 16, 11)
(11, 17, 11)
(11, 18, 11)
(11, 19, 11)
(11, 20, 11)
(11, 21, 9)
(11, 22, 9)
(11, 23, 9)
(11, 24, 9)
(11, 25, 8)
(11, 26, 7)
(11, 27, 7)
(11, 28, 7)
(11, 29, 7)
(11, 30, 7)
(11, 31, 7)
(11, 32, 7)
(11, 33, 7)
(11, 34, 7)
(11, 35, 7)
(11, 36, 7)
(11, 37, 6)
(11, 38, 6)
(11, 39, 6)

(12, 0, 27)
(12, 1, 27)
(12, 2, 27)
(12, 3, 27)
(12, 4, 19)
(12, 5, 19)
(12, 6, 17)
(12, 7, 17)
(12, 8, 17)
(12, 9, 12)
(12, 10, 12)
(12, 11, 12)
(12, 12, 12)
(12, 13, 12)
(12, 14, 12)
(12, 15, 12)
(12, 16, 12)
(12, 17, 12)
(12, 18, 12)
(12, 19, 12)
(12, 20, 12)
(12, 21, 10)
(12, 22, 10)
(12, 23, 10)
(12, 24, 10)
(12, 25, 9)
(12, 26, 8)
(12, 27, 8)
(12, 28, 8)
(12, 29, 8)
(12, 30, 8)
(12, 31, 8)
(12, 32, 8)
(12, 33, 8)
(12, 34, 8)
(12, 35, 8)
(12, 36, 8)
(12, 37, 7)
(12, 38, 7)
(12, 39, 7)

(13, 0, 33)
(13, 1, 33)
(13, 2, 33)
(13, 3, 33)
(13, 4, 25)
(13, 5, 25)
(13, 6, 19)
(13, 7, 19)
(13, 8, 19)
(13, 9, 13)
(13, 10, 13)
(13, 11, 13)
(13, 12, 13)
(13, 13, 13)
(13, 14, 13)
(13, 15, 13)
(13, 16, 13)
(13, 17, 13)
(13, 18, 13)
(13, 19, 13)
(13, 20, 13)
(13, 21, 11)
(13, 22, 11)
(13, 23, 11)
(13, 24, 11)
(13, 25, 10)
(13, 26, 9)
(13, 27, 9)
(13, 28, 9)
(13, 29, 9)
(13, 30, 9)
(13, 31, 9)
(13, 32, 9)
(13, 33, 9)
(13, 34, 9)
(13, 35, 9)
(13, 36, 9)
(13, 37, 8)
(13, 38, 8)
(13, 39, 8)

(14, 0, 39)
(14, 1, 39)
(14, 2, 39)
(14, 3, 38)
(14, 4, 30)
(14, 5, 30)
(14, 6, 21)
(14, 7, 21)
(14, 8, 20)
(14, 9, 14)
(14, 10, 14)
(14, 11, 14)
(14, 12, 14)
(14, 13, 14)
(14, 14, 14)
(14, 15, 14)
(14, 16, 14)
(14, 17, 14)
(14, 18, 14)
(14, 19, 14)
(14, 20, 14)
(14, 21, 12)
(14, 22, 12)
(14, 23, 12)
(14, 24, 12)
(14, 25, 11)
(14, 26, 10)
(14, 27, 10)
(14, 28, 10)
(14, 29, 10)
(14, 30, 10)
(14, 31, 10)
(14, 32, 10)
(14, 33, 10)
(14, 34, 10)
(14, 35, 10)
(14, 36, 10)
(14, 37, 9)
(14, 38, 9)
(14, 39, 9)

(15, 0, 42)
(15, 1, 42)
(15, 2, 42)
(15, 3, 40)
(15, 4, 32)
(15, 5, 32)
(15, 6, 21)
(15, 7, 21)
(15, 8, 20)
(15, 9, 14)
(15, 10, 14)
(15, 11, 14)
(15, 12, 14)
(15, 13, 14)
(15, 14, 14)
(15, 15, 14)
(15, 16, 14)
(15, 17, 14)
(15, 18, 14)
(15, 19, 14)
(15, 20, 14)
(15, 21, 12)
(15, 22, 12)
(15, 23, 12)
(15, 24, 12)
(15, 25, 11)
(15, 26, 10)
(15, 27, 10)
(15, 28, 10)
(15, 29, 10)
(15, 30, 10)
(15, 31, 10)
(15, 32, 10)
(15, 33, 10)
(15, 34, 10)
(15, 35, 10)
(15, 36, 10)
(15, 37, 9)
(15, 38, 9)
(15, 39, 9)

(16, 0, 42)
(16, 1, 42)
(16, 2, 42)
(16, 3, 40)
(16, 4, 32)
(16, 5, 32)
(16, 6, 21)
(16, 7, 21)
(16, 8, 20)
(16, 9, 14)
(16, 10, 14)
(16, 11, 14)
(16, 12, 14)
(16, 13, 14)
(16, 14, 14)
(16, 15, 14)
(16, 16, 14)
(16, 17, 14)
(16, 18, 14)
(16, 19, 14)
(16, 20, 14)
(16, 21, 12)
(16, 22, 12)
(16, 23, 12)
(16, 24, 12)
(16, 25, 11)
(16, 26, 10)
(16, 27, 10)
(16, 28, 10)
(16, 29, 10)
(16, 30, 10)
(16, 31, 10)
(16, 32, 10)
(16, 33, 10)
(16, 34, 10)
(16, 35, 10)
(16, 36, 10)
(16, 37, 9)
(16, 38, 9)
(16, 39, 9)

(17, 0, 42)
(17, 1, 42)
(17, 2, 42)
(17, 3, 40)
(17, 4, 32)
(17, 5, 32)
(17, 6, 21)
(17, 7, 21)
(17, 8, 20)
(17, 9, 14)
(17, 10, 14)
(17, 11, 14)
(17, 12, 14)
(17, 13, 14)
(17, 14, 14)
(17, 15, 14)
(17, 16, 14)
(17, 17, 14)
(17, 18, 14)
(17, 19, 14)
(17, 20, 14)
(17, 21, 12)
(17, 22, 12)
(17, 23, 12)
(17, 24, 12)
(17, 25, 11)
(17, 26, 10)
(17, 27, 10)
(17, 28, 10)
(17, 29, 10)
(17, 30, 10)
(17, 31, 10)
(17, 32, 10)
(17, 33, 10)
(17, 34, 10)
(17, 35, 10)
(17, 36, 10)
(17, 37, 9)
(17, 38, 9)
(17, 39, 9)

(18, 0, 42)
(18, 1, 42)
(18, 2, 42)
(18, 3, 40)
(18, 4, 32)
(18, 5, 32)
(18, 6, 21)
(18, 7, 21)
(18, 8, 20)
(18, 9, 14)
(18, 10, 14)
(18, 11, 14)
(18, 12, 14)
(18, 13, 14)
(18, 14, 14)
(18, 15, 14)
(18, 16, 14)
(18, 17, 14)
(18, 18, 14)
(18, 19, 14)
(18, 20, 14)
(18, 21, 12)
(18, 22, 12)
(18, 23, 12)
(18, 24, 12)
(18, 25, 11)
(18, 26, 10)
(18, 27, 10)
(18, 28, 10)
(18, 29, 10)
(18, 30, 10)
(18, 31, 10)
(18, 32, 10)
(18, 33, 10)
(18, 34, 10)
(18, 35, 10)
(18, 36, 10)
(18, 37, 9)
(18, 38, 9)
(18, 39, 9)

(19, 0, 42)
(19, 1, 42)
(19, 2, 42)
(19, 3, 40)
(19, 4, 32)
(19, 5, 32)
(19, 6, 21)
(19, 7, 21)
(19, 8, 20)
(19, 9, 14)
(19, 10, 14)
(19, 11, 14)
(19, 12, 14)
(19, 13, 14)
(19, 14, 14)
(19, 15, 14)
(19, 16, 14)
(19, 17, 14)
(19, 18, 14)
(19, 19, 14)
(19, 20, 14)
(19, 21, 12)
(19, 22, 12)
(19, 23, 12)
(19, 24, 12)
(19, 25, 11)
(19, 26, 10)
(19, 27, 10)
(19, 28, 10)
(19, 29, 10)
(19, 30, 10)
(19, 31, 10)
(19, 32, 10)
(19, 33, 10)
(19, 34, 10)
(19, 35, 10)
(19, 36, 10)
(19, 37, 9)
(19, 38, 9)
(19, 39, 9)

(20, 0, 42)
(20, 1, 42)
(20, 2, 42)
(20, 3, 40)
(20, 4, 32)
(20, 5, 32)
(20, 6, 21)
(20, 7, 21)
(20, 8, 20)
(20, 9, 14)
(20, 10, 14)
(20, 11, 14)
(20, 12, 14)
(20, 13, 14)
(20, 14, 14)
(20, 15, 14)
(20, 16, 14)
(20, 17, 14)
(20, 18, 14)
(20, 19, 14)
(20, 20, 14)
(20, 21, 12)
(20, 22, 12)
(20, 23, 12)
(20, 24, 12)
(20, 25, 11)
(20, 26, 10)
(20, 27, 10)
(20, 28, 10)
(20, 29, 10)
(20, 30, 10)
(20, 31, 10)
(20, 32, 10)
(20, 33, 10)
(20, 34, 10)
(20, 35, 10)
(20, 36, 10)
(20, 37, 9)
(20, 38, 9)
(20, 39, 9)

(21, 0, 42)
(21, 1, 42)
(21, 2, 42)
(21, 3, 40)
(21, 4, 32)
(21, 5, 32)
(21, 6, 21)
(21, 7, 21)
(21, 8, 20)
(21, 9, 14)
(21, 10, 14)
(21, 11, 14)
(21, 12, 14)
(21, 13, 14)
(21, 14, 14)
(21, 15, 14)
(21, 16, 14)
(21, 17, 14)
(21, 18, 14)
(21, 19, 14)
(21, 20, 14)
(21, 21, 12)
(21, 22, 12)
(21, 23, 12)
(21, 24, 12)
(21, 25, 11)
(21, 26, 10)
(21, 27, 10)
(21, 28, 10)
(21, 29, 10)
(21, 30, 10)
(21, 31, 10)
(21, 32, 10)
(21, 33, 10)
(21, 34, 10)
(21, 35, 10)
(21, 36, 10)
(21, 37, 9)
(21, 38, 9)
(21, 39, 9)

(22, 0, 43)
(22, 1, 43)
(22, 2, 43)
(22, 3, 41)
(22, 4, 33)
(22, 5, 33)
(22, 6, 22)
(22, 7, 22)
(22, 8, 21)
(22, 9, 15)
(22, 10, 15)
(22, 11, 15)
(22, 12, 15)
(22, 13, 15)
(22, 14, 15)
(22, 15, 15)
(22, 16, 15)
(22, 17, 15)
(22, 18, 15)
(22, 19, 15)
(22, 20, 15)
(22, 21, 13)
(22, 22, 13)
(22, 23, 13)
(22, 24, 13)
(22, 25, 12)
(22, 26, 11)
(22, 27, 11)
(22, 28, 11)
(22, 29, 11)
(22, 30, 11)
(22, 31, 11)
(22, 32, 11)
(22, 33, 11)
(22, 34, 11)
(22, 35, 11)
(22, 36, 11)
(22, 37, 10)
(22, 38, 10)
(22, 39, 10)

(23, 0, 45)
(23, 1, 45)
(23, 2, 45)
(23, 3, 43)
(23, 4, 35)
(23, 5, 35)
(23, 6, 23)
(23, 7, 23)
(23, 8, 22)
(23, 9, 15)
(23, 10, 15)
(23, 11, 15)
(23, 12, 15)
(23, 13, 15)
(23, 14, 15)
(23, 15, 15)
(23, 16, 15)
(23, 17, 15)
(23, 18, 15)
(23, 19, 15)
(23, 20, 15)
(23, 21, 13)
(23, 22, 13)
(23, 23, 13)
(23, 24, 13)
(23, 25, 12)
(23, 26, 11)
(23, 27, 11)
(23, 28, 11)
(23, 29, 11)
(23, 30, 11)
(23, 31, 11)
(23, 32, 11)
(23, 33, 11)
(23, 34, 11)
(23, 35, 11)
(23, 36, 11)
(23, 37, 10)
(23, 38, 10)
(23, 39, 10)

(24, 0, 46)
(24, 1, 46)
(24, 2, 46)
(24, 3, 44)
(24, 4, 36)
(24, 5, 36)
(24, 6, 23)
(24, 7, 23)
(24, 8, 22)
(24, 9, 15)
(24, 10, 15)
(24, 11, 15)
(24, 12, 15)
(24, 13, 15)
(24, 14, 15)
(24, 15, 15)
(24, 16, 15)
(24, 17, 15)
(24, 18, 15)
(24, 19, 15)
(24, 20, 15)
(24, 21, 13)
(24, 22, 13)
(24, 23, 13)
(24, 24, 13)
(24, 25, 12)
(24, 26, 11)
(24, 27, 11)
(24, 28, 11)
(24, 29, 11)
(24, 30, 11)
(24, 31, 11)
(24, 32, 11)
(24, 33, 11)
(24, 34, 11)
(24, 35, 11)
(24, 36, 11)
(24, 37, 10)
(24, 38, 10)
(24, 39, 10)

(25, 0, 50)
(25, 1, 50)
(25, 2, 50)
(25, 3, 48)
(25, 4, 40)
(25, 5, 40)
(25, 6, 25)
(25, 7, 25)
(25, 8, 24)
(25, 9, 17)
(25, 10, 17)
(25, 11, 17)
(25, 12, 17)
(25, 13, 17)
(25, 14, 17)
(25, 15, 17)
(25, 16, 17)
(25, 17, 17)
(25, 18, 17)
(25, 19, 17)
(25, 20, 17)
(25, 21, 15)
(25, 22, 15)
(25, 23, 15)
(25, 24, 15)
(25, 25, 14)
(25, 26, 13)
(25, 27, 13)
(25, 28, 13)
(25, 29, 13)
(25, 30, 13)
(25, 31, 13)
(25, 32, 13)
(25, 33, 13)
(25, 34, 13)
(25, 35, 13)
(25, 36, 13)
(25, 37, 12)
(25, 38, 12)
(25, 39, 12)

(26, 0, 54)
(26, 1, 54)
(26, 2, 54)
(26, 3, 52)
(26, 4, 44)
(26, 5, 44)
(26, 6, 26)
(26, 7, 26)
(26, 8, 25)
(26, 9, 17)
(26, 10, 17)
(26, 11, 17)
(26, 12, 17)
(26, 13, 17)
(26, 14, 17)
(26, 15, 17)
(26, 16, 17)
(26, 17, 17)
(26, 18, 17)
(26, 19, 17)
(26, 20, 17)
(26, 21, 15)
(26, 22, 15)
(26, 23, 15)
(26, 24, 15)
(26, 25, 14)
(26, 26, 13)
(26, 27, 13)
(26, 28, 13)
(26, 29, 13)
(26, 30, 13)
(26, 31, 13)
(26, 32, 13)
(26, 33, 13)
(26, 34, 13)
(26, 35, 13)
(26, 36, 13)
(26, 37, 12)
(26, 38, 12)
(26, 39, 12)

(27, 0, 59)
(27, 1, 59)
(27, 2, 59)
(27, 3, 56)
(27, 4, 48)
(27, 5, 48)
(27, 6, 28)
(27, 7, 28)
(27, 8, 26)
(27, 9, 18)
(27, 10, 18)
(27, 11, 18)
(27, 12, 18)
(27, 13, 18)
(27, 14, 18)
(27, 15, 18)
(27, 16, 18)
(27, 17, 18)
(27, 18, 18)
(27, 19, 18)
(27, 20, 18)
(27, 21, 16)
(27, 22, 16)
(27, 23, 16)
(27, 24, 16)
(27, 25, 15)
(27, 26, 14)
(27, 27, 14)
(27, 28, 14)
(27, 29, 14)
(27, 30, 14)
(27, 31, 14)
(27, 32, 14)
(27, 33, 14)
(27, 34, 14)
(27, 35, 14)
(27, 36, 14)
(27, 37, 13)
(27, 38, 13)
(27, 39, 13)

(28, 0, 64)
(28, 1, 64)
(28, 2, 64)
(28, 3, 60)
(28, 4, 51)
(28, 5, 51)
(28, 6, 29)
(28, 7, 29)
(28, 8, 27)
(28, 9, 19)
(28, 10, 19)
(28, 11, 19)
(28, 12, 19)
(28, 13, 19)
(28, 14, 19)
(28, 15, 19)
(28, 16, 19)
(28, 17, 19)
(28, 18, 19)
(28, 19, 19)
(28, 20, 19)
(28, 21, 17)
(28, 22, 17)
(28, 23, 17)
(28, 24, 17)
(28, 25, 16)
(28, 26, 15)
(28, 27, 15)
(28, 28, 15)
(28, 29, 15)
(28, 30, 15)
(28, 31, 15)
(28, 32, 15)
(28, 33, 15)
(28, 34, 15)
(28, 35, 15)
(28, 36, 15)
(28, 37, 14)
(28, 38, 14)
(28, 39, 14)

(29, 0, 64)
(29, 1, 64)
(29, 2, 64)
(29, 3, 60)
(29, 4, 51)
(29, 5, 51)
(29, 6, 29)
(29, 7, 29)
(29, 8, 27)
(29, 9, 19)
(29, 10, 19)
(29, 11, 19)
(29, 12, 19)
(29, 13, 19)
(29, 14, 19)
(29, 15, 19)
(29, 16, 19)
(29, 17, 19)
(29, 18, 19)
(29, 19, 19)
(29, 20, 19)
(29, 21, 17)
(29, 22, 17)
(29, 23, 17)
(29, 24, 17)
(29, 25, 16)
(29, 26, 15)
(29, 27, 15)
(29, 28, 15)
(29, 29, 15)
(29, 30, 15)
(29, 31, 15)
(29, 32, 15)
(29, 33, 15)
(29, 34, 15)
(29, 35, 15)
(29, 36, 15)
(29, 37, 14)
(29, 38, 14)
(29, 39, 14)

(30, 0, 70)
(30, 1, 70)
(30, 2, 70)
(30, 3, 66)
(30, 4, 55)
(30, 5, 55)
(30, 6, 33)
(30, 7, 33)
(30, 8, 31)
(30, 9, 22)
(30, 10, 22)
(30, 11, 22)
(30, 12, 22)
(30, 13, 22)
(30, 14, 22)
(30, 15, 22)
(30, 16, 22)
(30, 17, 22)
(30, 18, 22)
(30, 19, 22)
(30, 20, 22)
(30, 21, 20)
(30, 22, 20)
(30, 23, 19)
(30, 24, 19)
(30, 25, 17)
(30, 26, 16)
(30, 27, 16)
(30, 28, 16)
(30, 29, 16)
(30, 30, 16)
(30, 31, 16)
(30, 32, 16)
(30, 33, 16)
(30, 34, 16)
(30, 35, 16)
(30, 36, 16)
(30, 37, 15)
(30, 38, 15)
(30, 39, 15)

(31, 0, 73)
(31, 1, 73)
(31, 2, 73)
(31, 3, 69)
(31, 4, 57)
(31, 5, 57)
(31, 6, 35)
(31, 7, 34)
(31, 8, 32)
(31, 9, 22)
(31, 10, 22)
(31, 11, 22)
(31, 12, 22)
(31, 13, 22)
(31, 14, 22)
(31, 15, 22)
(31, 16, 22)
(31, 17, 22)
(31, 18, 22)
(31, 19, 21)
(31, 20, 21)
(31, 21, 19)
(31, 22, 19)
(31, 23, 19)
(31, 24, 19)
(31, 25, 17)
(31, 26, 16)
(31, 27, 16)
(31, 28, 16)
(31, 29, 16)
(31, 30, 16)
(31, 31, 16)
(31, 32, 16)
(31, 33, 16)
(31, 34, 16)
(31, 35, 16)
(31, 36, 16)
(31, 37, 15)
(31, 38, 15)
(31, 39, 15)

(32, 0, 76)
(32, 1, 76)
(32, 2, 76)
(32, 3, 72)
(32, 4, 60)
(32, 5, 60)
(32, 6, 36)
(32, 7, 35)
(32, 8, 33)
(32, 9, 23)
(32, 10, 23)
(32, 11, 23)
(32, 12, 23)
(32, 13, 23)
(32, 14, 23)
(32, 15, 23)
(32, 16, 22)
(32, 17, 22)
(32, 18, 22)
(32, 19, 21)
(32, 20, 21)
(32, 21, 19)
(32, 22, 19)
(32, 23, 19)
(32, 24, 19)
(32, 25, 17)
(32, 26, 16)
(32, 27, 16)
(32, 28, 16)
(32, 29, 16)
(32, 30, 16)
(32, 31, 16)
(32, 32, 16)
(32, 33, 16)
(32, 34, 16)
(32, 35, 16)
(32, 36, 16)
(32, 37, 15)
(32, 38, 15)
(32, 39, 15)

(33, 0, 78)
(33, 1, 78)
(33, 2, 78)
(33, 3, 74)
(33, 4, 61)
(33, 5, 61)
(33, 6, 37)
(33, 7, 36)
(33, 8, 34)
(33, 9, 24)
(33, 10, 24)
(33, 11, 24)
(33, 12, 24)
(33, 13, 24)
(33, 14, 24)
(33, 15, 24)
(33, 16, 23)
(33, 17, 23)
(33, 18, 23)
(33, 19, 22)
(33, 20, 22)
(33, 21, 20)
(33, 22, 20)
(33, 23, 20)
(33, 24, 20)
(33, 25, 18)
(33, 26, 17)
(33, 27, 17)
(33, 28, 17)
(33, 29, 17)
(33, 30, 17)
(33, 31, 17)
(33, 32, 17)
(33, 33, 17)
(33, 34, 17)
(33, 35, 17)
(33, 36, 17)
(33, 37, 16)
(33, 38, 16)
(33, 39, 16)

(34, 0, 82)
(34, 1, 82)
(34, 2, 82)
(34, 3, 78)
(34, 4, 64)
(34, 5, 64)
(34, 6, 40)
(34, 7, 39)
(34, 8, 37)
(34, 9, 26)
(34, 10, 26)
(34, 11, 26)
(34, 12, 26)
(34, 13, 26)
(34, 14, 26)
(34, 15, 26)
(34, 16, 25)
(34, 17, 25)
(34, 18, 25)
(34, 19, 24)
(34, 20, 24)
(34, 21, 22)
(34, 22, 22)
(34, 23, 22)
(34, 24, 22)
(34, 25, 20)
(34, 26, 18)
(34, 27, 18)
(34, 28, 18)
(34, 29, 18)
(34, 30, 18)
(34, 31, 18)
(34, 32, 18)
(34, 33, 18)
(34, 34, 18)
(34, 35, 18)
(34, 36, 18)
(34, 37, 17)
(34, 38, 17)
(34, 39, 17)

(35, 0, 82)
(35, 1, 82)
(35, 2, 82)
(35, 3, 78)
(35, 4, 64)
(35, 5, 64)
(35, 6, 40)
(35, 7, 39)
(35, 8, 37)
(35, 9, 26)
(35, 10, 26)
(35, 11, 26)
(35, 12, 26)
(35, 13, 26)
(35, 14, 26)
(35, 15, 26)
(35, 16, 25)
(35, 17, 25)
(35, 18, 25)
(35, 19, 24)
(35, 20, 24)
(35, 21, 22)
(35, 22, 22)
(35, 23, 22)
(35, 24, 22)
(35, 25, 20)
(35, 26, 18)
(35, 27, 18)
(35, 28, 18)
(35, 29, 18)
(35, 30, 18)
(35, 31, 18)
(35, 32, 18)
(35, 33, 18)
(35, 34, 18)
(35, 35, 18)
(35, 36, 18)
(35, 37, 17)
(35, 38, 17)
(35, 39, 17)

(36, 0, 84)
(36, 1, 84)
(36, 2, 84)
(36, 3, 80)
(36, 4, 65)
(36, 5, 65)
(36, 6, 41)
(36, 7, 40)
(36, 8, 38)
(36, 9, 27)
(36, 10, 27)
(36, 11, 27)
(36, 12, 27)
(36, 13, 27)
(36, 14, 27)
(36, 15, 27)
(36, 16, 26)
(36, 17, 26)
(36, 18, 26)
(36, 19, 25)
(36, 20, 25)
(36, 21, 22)
(36, 22, 22)
(36, 23, 22)
(36, 24, 22)
(36, 25, 20)
(36, 26, 18)
(36, 27, 18)
(36, 28, 18)
(36, 29, 18)
(36, 30, 18)
(36, 31, 18)
(36, 32, 18)
(36, 33, 18)
(36, 34, 18)
(36, 35, 18)
(36, 36, 18)
(36, 37, 17)
(36, 38, 17)
(36, 39, 17)

(37, 0, 89)
(37, 1, 89)
(37, 2, 89)
(37, 3, 85)
(37, 4, 69)
(37, 5, 69)
(37, 6, 43)
(37, 7, 42)
(37, 8, 39)
(37, 9, 28)
(37, 10, 28)
(37, 11, 28)
(37, 12, 28)
(37, 13, 28)
(37, 14, 28)
(37, 15, 28)
(37, 16, 27)
(37, 17, 27)
(37, 18, 27)
(37, 19, 26)
(37, 20, 26)
(37, 21, 23)
(37, 22, 23)
(37, 23, 23)
(37, 24, 23)
(37, 25, 21)
(37, 26, 19)
(37, 27, 19)
(37, 28, 18)
(37, 29, 18)
(37, 30, 18)
(37, 31, 18)
(37, 32, 18)
(37, 33, 18)
(37, 34, 18)
(37, 35, 18)
(37, 36, 18)
(37, 37, 17)
(37, 38, 17)
(37, 39, 17)

(38, 0, 90)
(38, 1, 90)
(38, 2, 90)
(38, 3, 85)
(38, 4, 69)
(38, 5, 69)
(38, 6, 43)
(38, 7, 42)
(38, 8, 39)
(38, 9, 28)
(38, 10, 28)
(38, 11, 28)
(38, 12, 28)
(38, 13, 28)
(38, 14, 28)
(38, 15, 28)
(38, 16, 27)
(38, 17, 27)
(38, 18, 27)
(38, 19, 26)
(38, 20, 26)
(38, 21, 23)
(38, 22, 23)
(38, 23, 23)
(38, 24, 23)
(38, 25, 21)
(38, 26, 18)
(38, 27, 18)
(38, 28, 18)
(38, 29, 18)
(38, 30, 18)
(38, 31, 18)
(38, 32, 18)
(38, 33, 18)
(38, 34, 18)
(38, 35, 18)
(38, 36, 18)
(38, 37, 17)
(38, 38, 17)
(38, 39, 17)

(39, 0, 92)
(39, 1, 92)
(39, 2, 92)
(39, 3, 87)
(39, 4, 71)
(39, 5, 71)
(39, 6, 45)
(39, 7, 44)
(39, 8, 41)
(39, 9, 30)
(39, 10, 30)
(39, 11, 30)
(39, 12, 30)
(39, 13, 30)
(39, 14, 30)
(39, 15, 30)
(39, 16, 29)
(39, 17, 29)
(39, 18, 29)
(39, 19, 28)
(39, 20, 28)
(39, 21, 25)
(39, 22, 25)
(39, 23, 25)
(39, 24, 25)
(39, 25, 23)
(39, 26, 20)
(39, 27, 20)
(39, 28, 20)
(39, 29, 20)
(39, 30, 20)
(39, 31, 20)
(39, 32, 20)
(39, 33, 20)
(39, 34, 20)
(39, 35, 20)
(39, 36, 20)
(39, 37, 18)
(39, 38, 18)
(39, 39, 18)


Betti numbers:
xi_0:
(0, 0, 6)
(1, 0, 8)
(2, 0, 7)
(3, 0, 1)
(11, 0, 2)
(12, 0, 3)
(13, 0, 6)
(14, 0, 6)
(15, 0, 3)
(22, 0, 1)
(23, 0, 2)
(24, 0, 1)
(25, 0, 4)
(26, 0, 4)
(27, 0, 5)
(28, 0, 5)
(30, 0, 6)
(31, 0, 3)
(32, 0, 3)
(33, 0, 2)
(34, 0, 4)
(36, 0, 2)
(37, 0, 5)
(38, 0, 1)
(39, 0, 2)
xi_1:
(0, 4, 2)
(0, 9, 2)
(1, 4, 3)
(1, 9, 1)
(1, 21, 1)
(1, 25, 1)
(2, 4, 3)
(2, 9, 1)
(2, 21, 1)
(2, 26, 1)
(3, 37, 1)
(11, 9, 1)
(12, 6, 2)
(13, 6, 4)
(13, 9, 1)
(14, 3, 1)
(14, 6, 3)
(14, 8, 1)
(15, 3, 1)
(15, 6, 2)
(23, 6, 1)
(23, 9, 1)
(24, 6, 1)
(25, 6, 2)
(26, 6, 3)
(26, 9, 1)
(27, 3, 1)
(27, 6, 2)
(27, 8, 1)
(28, 3, 1)
(28, 4, 1)
(28, 6, 2)
(30, 4, 2)
(30, 9, 1)
(30, 23, 1)
(30, 25, 1)
(31, 4, 1)
(31, 7, 1)
(31, 9, 1)
(31, 19, 1)
(32, 6, 2)
(32, 16, 1)
(33, 4, 1)
(34, 4, 1)
(34, 9, 1)
(34, 26, 1)
(36, 4, 1)
(36, 21, 1)
(37, 4, 1)
(37, 6, 2)
(37, 8, 1)
(37, 28, 1)
(38, 3, 1)
(38, 26, 1)
(39, 37, 1)
xi_2:
(31, 23, 1)
(38, 28, 1)
