x-grades
-362194769267776593/100000000000000000
-178493892259344293/50000000000000000
-351780799769600579/100000000000000000
-86643453755128143/25000000000000000
-68273366054284913/20000000000000000
-168079922761168279/50000000000000000
-330952860773248551/100000000000000000
-10179558625755017/3125000000000000
-320538891275072537/100000000000000000
-31533190652598453/10000000000000000
-310124921776896523/100000000000000000
-76229484256952129/25000000000000000
-299710952278720509/100000000000000000
-147251983764816251/50000000000000000
-57859396556108899/20000000000000000
-35511249753932061/12500000000000000
-278883013282368481/100000000000000000
-136838014266640237/50000000000000000
-268469043784192467/100000000000000000
-13163102951755223/5000000000000000
-258055074286016453/100000000000000000
-126424044768464223/50000000000000000
-247641104787840439/100000000000000000
-15152132502422027/6250000000000000
-9489085411586577/4000000000000000
-116010075270288209/50000000000000000
-226813165791488411/100000000000000000
-55401545260600101/25000000000000000
-216399196293312397/100000000000000000
-21119221154422439/10000000000000000
-205985226795136383/100000000000000000
-25097280255756047/12500000000000000
-195571257296960369/100000000000000000
-95182136273936181/50000000000000000
-37031457559756871/20000000000000000
-44987575762424087/25000000000000000
-174743318300608341/100000000000000000
-84768166775760167/50000000000000000
-164329348802432327/100000000000000000
-497257387666701/312500000000000

y-grades
9966941/40000000
9966941/20000000
29900823/40000000
9966941/10000000
9966941/8000000
29900823/20000000
69768587/40000000
9966941/5000000
89702469/40000000
9966941/4000000
109636351/40000000
29900823/10000000
129570233/40000000
69768587/20000000
29900823/8000000
9966941/2500000
169437997/40000000
89702469/20000000
189371879/40000000
9966941/2000000
209305761/40000000
109636351/20000000
229239643/40000000
29900823/5000000
9966941/1600000
129570233/20000000
269107407/40000000
69768587/10000000
289041289/40000000
29900823/4000000
308975171/40000000
9966941/1250000
328909053/40000000
169437997/20000000
69768587/8000000
89702469/10000000
368776817/40000000
189371879/20000000
388710699/40000000
9966941/1000000

Dimensions > 0:
(0, 0, 1)
(0, 1, 1)
(0, 2, 1)
(0, 3, 1)
(0, 4, 1)
(0, 5, 1)
(0, 6, 1)
(0, 7, 1)
(0, 8, 1)
(0, 9, 1)
(0, 10, 1)
(0, 11, 1)
(0, 12, 1)
(0, 13, 1)
(0, 14, 1)
(0, 15, 1)
(0, 16, 1)
(0, 17, 1)
(0, 18, 1)
(0, 19, 1)
(0, 20, 1)
(0, 21, 1)
(0, 22, 1)
(0, 23, 1)
(0, 24, 1)
(0, 25, 1)
(0, 26, 1)
(0, 27, 1)
(0, 28, 1)
(0, 29, 1)
(0, 30, 1)
(0, 31, 1)
(0, 32, 1)
(0, 33, 1)
(0, 34, 1)
(0, 35, 1)
(0, 36, 1)
(0, 37, 1)
(0, 38, 1)
(0, 39, 1)

(1, 0, 3)
(1, 1, 3)
(1, 2, 3)
(1, 3, 3)
(1, 4, 3)
(1, 5, 3)
(1, 6, 3)
(1, 7, 3)
(1, 8, 3)
(1, 9, 3)
(1, 10, 3)
(1, 11, 3)
(1, 12, 3)
(1, 13, 3)
(1, 14, 3)
(1, 15, 3)
(1, 16, 3)
(1, 17, 3)
(1, 18, 3)
(1, 19, 3)
(1, 20, 3)
(1, 21, 3)
(1, 22, 3)
(1, 23, 3)
(1, 24, 2)
(1, 25, 2)
(1, 26, 2)
(1, 27, 2)
(1, 28, 2)
(1, 29, 2)
(1, 30, 1)
(1, 31, 1)
(1, 32, 1)
(1, 33, 1)
(1, 34, 1)
(1, 35, 1)
(1, 36, 1)
(1, 37, 1)
(1, 38, 1)
(1, 39, 1)

(2, 0, 5)
(2, 1, 5)
(2, 2, 5)
(2, 3, 5)
(2, 4, 5)
(2, 5, 5)
(2, 6, 5)
(2, 7, 5)
(2, 8, 5)
(2, 9, 5)
(2, 10, 5)
(2, 11, 4)
(2, 12, 4)
(2, 13, 4)
(2, 14, 4)
(2, 15, 4)
(2, 16, 4)
(2, 17, 4)
(2, 18, 4)
(2, 19, 4)
(2, 20, 4)
(2, 21, 4)
(2, 22, 4)
(2, 23, 4)
(2, 24, 3)
(2, 25, 3)
(2, 26, 3)
(2, 27, 3)
(2, 28, 2)
(2, 29, 2)
(2, 30, 2)
(2, 31, 2)
(2, 32, 2)
(2, 33, 2)
(2, 34, 2)
(2, 35, 2)
(2, 36, 2)
(2, 37, 2)
(2, 38, 2)
(2, 39, 2)

(3, 0, 6)
(3, 1, 6)
(3, 2, 6)
(3, 3, 6)
(3, 4, 6)
(3, 5, 6)
(3, 6, 6)
(3, 7, 6)
(3, 8, 6)
(3, 9, 6)
(3, 10, 6)
(3, 11, 5)
(3, 12, 5)
(3, 13, 5)
(3, 14, 5)
(3, 15, 5)
(3, 16, 5)
(3, 17, 5)
(3, 18, 5)
(3, 19, 5)
(3, 20, 5)
(3, 21, 5)
(3, 22, 5)
(3, 23, 5)
(3, 24, 3)
(3, 25, 3)
(3, 26, 3)
(3, 27, 3)
(3, 28, 2)
(3, 29, 2)
(3, 30, 2)
(3, 31, 2)
(3, 32, 2)
(3, 33, 2)
(3, 34, 2)
(3, 35, 2)
(3, 36, 2)
(3, 37, 2)
(3, 38, 2)
(3, 39, 2)

(4, 0, 14)
(4, 1, 13)
(4, 2, 13)
(4, 3, 13)
(4, 4, 13)
(4, 5, 13)
(4, 6, 13)
(4, 7, 13)
(4, 8, 13)
(4, 9, 13)
(4, 10, 13)
(4, 11, 9)
(4, 12, 9)
(4, 13, 9)
(4, 14, 9)
(4, 15, 9)
(4, 16, 9)
(4, 17, 9)
(4, 18, 9)
(4, 19, 9)
(4, 20, 9)
(4, 21, 9)
(4, 22, 9)
(4, 23, 9)
(4, 24, 6)
(4, 25, 6)
(4, 26, 6)
(4, 27, 6)
(4, 28, 4)
(4, 29, 4)
(4, 30, 4)
(4, 31, 4)
(4, 32, 4)
(4, 33, 4)
(4, 34, 4)
(4, 35, 4)
(4, 36, 4)
(4, 37, 4)
(4, 38, 4)
(4, 39, 3)

(5, 0, 18)
(5, 1, 17)
(5, 2, 17)
(5, 3, 17)
(5, 4, 17)
(5, 5, 17)
(5, 6, 17)
(5, 7, 17)
(5, 8, 17)
(5, 9, 17)
(5, 10, 17)
(5, 11, 10)
(5, 12, 10)
(5, 13, 10)
(5, 14, 10)
(5, 15, 10)
(5, 16, 10)
(5, 17, 10)
(5, 18, 10)
(5, 19, 10)
(5, 20, 10)
(5, 21, 10)
(5, 22, 10)
(5, 23, 10)
(5, 24, 6)
(5, 25, 6)
(5, 26, 6)
(5, 27, 6)
(5, 28, 4)
(5, 29, 4)
(5, 30, 4)
(5, 31, 4)
(5, 32, 4)
(5, 33, 4)
(5, 34, 4)
(5, 35, 4)
(5, 36, 4)
(5, 37, 4)
(5, 38, 4)
(5, 39, 3)

(6, 0, 24)
(6, 1, 22)
(6, 2, 22)
(6, 3, 22)
(6, 4, 22)
(6, 5, 22)
(6, 6, 22)
(6, 7, 22)
(6, 8, 22)
(6, 9, 22)
(6, 10, 22)
(6, 11, 13)
(6, 12, 13)
(6, 13, 13)
(6, 14, 13)
(6, 15, 13)
(6, 16, 13)
(6, 17, 13)
(6, 18, 13)
(6, 19, 13)
(6, 20, 13)
(6, 21, 13)
(6, 22, 13)
(6, 23, 13)
(6, 24, 8)
(6, 25, 8)
(6, 26, 8)
(6, 27, 8)
(6, 28, 6)
(6, 29, 6)
(6, 30, 6)
(6, 31, 6)
(6, 32, 5)
(6, 33, 5)
(6, 34, 5)
(6, 35, 5)
(6, 36, 5)
(6, 37, 5)
(6, 38, 5)
(6, 39, 3)

(7, 0, 42)
(7, 1, 37)
(7, 2, 30)
(7, 3, 29)
(7, 4, 29)
(7, 5, 29)
(7, 6, 29)
(7, 7, 29)
(7, 8, 29)
(7, 9, 28)
(7, 10, 28)
(7, 11, 15)
(7, 12, 15)
(7, 13, 15)
(7, 14, 15)
(7, 15, 15)
(7, 16, 15)
(7, 17, 15)
(7, 18, 15)
(7, 19, 15)
(7, 20, 15)
(7, 21, 15)
(7, 22, 15)
(7, 23, 15)
(7, 24, 10)
(7, 25, 9)
(7, 26, 9)
(7, 27, 9)
(7, 28, 6)
(7, 29, 6)
(7, 30, 6)
(7, 31, 6)
(7, 32, 6)
(7, 33, 6)
(7, 34, 6)
(7, 35, 6)
(7, 36, 6)
(7, 37, 6)
(7, 38, 6)
(7, 39, 4)

(8, 0, 58)
(8, 1, 48)
(8, 2, 37)
(8, 3, 36)
(8, 4, 35)
(8, 5, 35)
(8, 6, 35)
(8, 7, 35)
(8, 8, 35)
(8, 9, 33)
(8, 10, 33)
(8, 11, 16)
(8, 12, 16)
(8, 13, 16)
(8, 14, 16)
(8, 15, 16)
(8, 16, 16)
(8, 17, 16)
(8, 18, 16)
(8, 19, 15)
(8, 20, 15)
(8, 21, 15)
(8, 22, 15)
(8, 23, 15)
(8, 24, 9)
(8, 25, 9)
(8, 26, 9)
(8, 27, 9)
(8, 28, 6)
(8, 29, 6)
(8, 30, 6)
(8, 31, 6)
(8, 32, 6)
(8, 33, 6)
(8, 34, 6)
(8, 35, 6)
(8, 36, 6)
(8, 37, 6)
(8, 38, 6)
(8, 39, 4)

(9, 0, 63)
(9, 1, 53)
(9, 2, 42)
(9, 3, 41)
(9, 4, 40)
(9, 5, 40)
(9, 6, 40)
(9, 7, 40)
(9, 8, 40)
(9, 9, 38)
(9, 10, 38)
(9, 11, 16)
(9, 12, 16)
(9, 13, 16)
(9, 14, 16)
(9, 15, 16)
(9, 16, 16)
(9, 17, 16)
(9, 18, 16)
(9, 19, 15)
(9, 20, 15)
(9, 21, 15)
(9, 22, 15)
(9, 23, 15)
(9, 24, 9)
(9, 25, 9)
(9, 26, 9)
(9, 27, 9)
(9, 28, 6)
(9, 29, 6)
(9, 30, 6)
(9, 31, 6)
(9, 32, 6)
(9, 33, 6)
(9, 34, 6)
(9, 35, 6)
(9, 36, 6)
(9, 37, 6)
(9, 38, 6)
(9, 39, 4)

(10, 0, 74)
(10, 1, 63)
(10, 2, 50)
(10, 3, 49)
(10, 4, 48)
(10, 5, 48)
(10, 6, 48)
(10, 7, 47)
(10, 8, 47)
(10, 9, 44)
(10, 10, 44)
(10, 11, 19)
(10, 12, 19)
(10, 13, 19)
(10, 14, 19)
(10, 15, 19)
(10, 16, 19)
(10, 17, 19)
(10, 18, 19)
(10, 19, 18)
(10, 20, 18)
(10, 21, 18)
(10, 22, 18)
(10, 23, 18)
(10, 24, 11)
(10, 25, 11)
(10, 26, 11)
(10, 27, 11)
(10, 28, 7)
(10, 29, 7)
(10, 30, 7)
(10, 31, 7)
(10, 32, 7)
(10, 33, 7)
(10, 34, 7)
(10, 35, 7)
(10, 36, 7)
(10, 37, 7)
(10, 38, 7)
(10, 39, 5)

(11, 0, 93)
(11, 1, 80)
(11, 2, 64)
(11, 3, 63)
(11, 4, 60)
(11, 5, 59)
(11, 6, 58)
(11, 7, 58)
(11, 8, 58)
(11, 9, 55)
(11, 10, 55)
(11, 11, 25)
(11, 12, 25)
(11, 13, 25)
(11, 14, 24)
(11, 15, 24)
(11, 16, 24)
(11, 17, 24)
(11, 18, 24)
(11, 19, 23)
(11, 20, 23)
(11, 21, 23)
(11, 22, 22)
(11, 23, 22)
(11, 24, 13)
(11, 25, 13)
(11, 26, 13)
(11, 27, 13)
(11, 28, 9)
(11, 29, 9)
(11, 30, 8)
(11, 31, 8)
(11, 32, 8)
(11, 33, 8)
(11, 34, 8)
(11, 35, 8)
(11, 36, 8)
(11, 37, 8)
(11, 38, 8)
(11, 39, 6)

(12, 0, 105)
(12, 1, 90)
(12, 2, 70)
(12, 3, 69)
(12, 4, 66)
(12, 5, 65)
(12, 6, 64)
(12, 7, 64)
(12, 8, 64)
(12, 9, 60)
(12, 10, 60)
(12, 11, 25)
(12, 12, 25)
(12, 13, 25)
(12, 14, 25)
(12, 15, 25)
(12, 16, 25)
(12, 17, 24)
(12, 18, 24)
(12, 19, 23)
(12, 20, 23)
(12, 21, 23)
(12, 22, 22)
(12, 23, 21)
(12, 24, 13)
(12, 25, 13)
(12, 26, 13)
(12, 27, 13)
(12, 28, 8)
(12, 29, 8)
(12, 30, 8)
(12, 31, 8)
(12, 32, 8)
(12, 33, 8)
(12, 34, 8)
(12, 35, 8)
(12, 36, 8)
(12, 37, 8)
(12, 38, 8)
(12, 39, 6)

(13, 0, 118)
(13, 1, 98)
(13, 2, 77)
(13, 3, 76)
(13, 4, 73)
(13, 5, 72)
(13, 6, 71)
(13, 7, 71)
(13, 8, 71)
(13, 9, 67)
(13, 10, 66)
(13, 11, 30)
(13, 12, 30)
(13, 13, 30)
(13, 14, 30)
(13, 15, 30)
(13, 16, 30)
(13, 17, 29)
(13, 18, 29)
(13, 19, 28)
(13, 20, 28)
(13, 21, 27)
(13, 22, 25)
(13, 23, 24)
(13, 24, 16)
(13, 25, 16)
(13, 26, 16)
(13, 27, 16)
(13, 28, 11)
(13, 29, 11)
(13, 30, 11)
(13, 31, 10)
(13, 32, 10)
(13, 33, 10)
(13, 34, 10)
(13, 35, 9)
(13, 36, 9)
(13, 37, 9)
(13, 38, 9)
(13, 39, 7)

(14, 0, 132)
(14, 1, 107)
(14, 2, 85)
(14, 3, 84)
(14, 4, 81)
(14, 5, 80)
(14, 6, 79)
(14, 7, 79)
(14, 8, 79)
(14, 9, 75)
(14, 10, 74)
(14, 11, 35)
(14, 12, 35)
(14, 13, 35)
(14, 14, 35)
(14, 15, 35)
(14, 16, 35)
(14, 17, 32)
(14, 18, 31)
(14, 19, 30)
(14, 20, 30)
(14, 21, 30)
(14, 22, 28)
(14, 23, 27)
(14, 24, 17)
(14, 25, 17)
(14, 26, 17)
(14, 27, 17)
(14, 28, 11)
(14, 29, 11)
(14, 30, 11)
(14, 31, 11)
(14, 32, 11)
(14, 33, 11)
(14, 34, 11)
(14, 35, 10)
(14, 36, 10)
(14, 37, 10)
(14, 38, 10)
(14, 39, 7)

(15, 0, 137)
(15, 1, 112)
(15, 2, 90)
(15, 3, 89)
(15, 4, 86)
(15, 5, 85)
(15, 6, 84)
(15, 7, 84)
(15, 8, 84)
(15, 9, 80)
(15, 10, 79)
(15, 11, 36)
(15, 12, 36)
(15, 13, 36)
(15, 14, 36)
(15, 15, 36)
(15, 16, 36)
(15, 17, 33)
(15, 18, 32)
(15, 19, 31)
(15, 20, 31)
(15, 21, 31)
(15, 22, 28)
(15, 23, 27)
(15, 24, 17)
(15, 25, 17)
(15, 26, 17)
(15, 27, 17)
(15, 28, 11)
(15, 29, 11)
(15, 30, 11)
(15, 31, 11)
(15, 32, 11)
(15, 33, 11)
(15, 34, 11)
(15, 35, 10)
(15, 36, 10)
(15, 37, 10)
(15, 38, 10)
(15, 39, 7)

(16, 0, 142)
(16, 1, 117)
(16, 2, 95)
(16, 3, 94)
(16, 4, 91)
(16, 5, 90)
(16, 6, 89)
(16, 7, 89)
(16, 8, 89)
(16, 9, 85)
(16, 10, 84)
(16, 11, 39)
(16, 12, 39)
(16, 13, 39)
(16, 14, 39)
(16, 15, 39)
(16, 16, 39)
(16, 17, 36)
(16, 18, 35)
(16, 19, 34)
(16, 20, 34)
(16, 21, 34)
(16, 22, 31)
(16, 23, 30)
(16, 24, 19)
(16, 25, 19)
(16, 26, 19)
(16, 27, 19)
(16, 28, 13)
(16, 29, 13)
(16, 30, 13)
(16, 31, 13)
(16, 32, 13)
(16, 33, 13)
(16, 34, 13)
(16, 35, 12)
(16, 36, 12)
(16, 37, 12)
(16, 38, 12)
(16, 39, 8)

(17, 0, 147)
(17, 1, 122)
(17, 2, 100)
(17, 3, 99)
(17, 4, 96)
(17, 5, 95)
(17, 6, 94)
(17, 7, 94)
(17, 8, 94)
(17, 9, 90)
(17, 10, 89)
(17, 11, 40)
(17, 12, 40)
(17, 13, 40)
(17, 14, 40)
(17, 15, 40)
(17, 16, 40)
(17, 17, 36)
(17, 18, 35)
(17, 19, 34)
(17, 20, 34)
(17, 21, 34)
(17, 22, 31)
(17, 23, 30)
(17, 24, 19)
(17, 25, 19)
(17, 26, 19)
(17, 27, 19)
(17, 28, 13)
(17, 29, 13)
(17, 30, 13)
(17, 31, 13)
(17, 32, 13)
(17, 33, 13)
(17, 34, 13)
(17, 35, 12)
(17, 36, 12)
(17, 37, 12)
(17, 38, 12)
(17, 39, 8)

(18, 0, 152)
(18, 1, 125)
(18, 2, 103)
(18, 3, 102)
(18, 4, 99)
(18, 5, 98)
(18, 6, 97)
(18, 7, 97)
(18, 8, 97)
(18, 9, 93)
(18, 10, 92)
(18, 11, 42)
(18, 12, 42)
(18, 13, 42)
(18, 14, 42)
(18, 15, 42)
(18, 16, 42)
(18, 17, 38)
(18, 18, 37)
(18, 19, 36)
(18, 20, 36)
(18, 21, 36)
(18, 22, 33)
(18, 23, 32)
(18, 24, 21)
(18, 25, 20)
(18, 26, 20)
(18, 27, 20)
(18, 28, 14)
(18, 29, 14)
(18, 30, 14)
(18, 31, 14)
(18, 32, 14)
(18, 33, 14)
(18, 34, 14)
(18, 35, 13)
(18, 36, 13)
(18, 37, 13)
(18, 38, 13)
(18, 39, 9)

(19, 0, 173)
(19, 1, 130)
(19, 2, 108)
(19, 3, 107)
(19, 4, 104)
(19, 5, 103)
(19, 6, 102)
(19, 7, 102)
(19, 8, 102)
(19, 9, 98)
(19, 10, 97)
(19, 11, 47)
(19, 12, 47)
(19, 13, 47)
(19, 14, 47)
(19, 15, 46)
(19, 16, 46)
(19, 17, 42)
(19, 18, 41)
(19, 19, 40)
(19, 20, 40)
(19, 21, 40)
(19, 22, 36)
(19, 23, 35)
(19, 24, 24)
(19, 25, 23)
(19, 26, 23)
(19, 27, 23)
(19, 28, 16)
(19, 29, 16)
(19, 30, 16)
(19, 31, 16)
(19, 32, 16)
(19, 33, 16)
(19, 34, 16)
(19, 35, 15)
(19, 36, 15)
(19, 37, 15)
(19, 38, 15)
(19, 39, 11)

(20, 0, 185)
(20, 1, 133)
(20, 2, 111)
(20, 3, 110)
(20, 4, 107)
(20, 5, 106)
(20, 6, 105)
(20, 7, 105)
(20, 8, 105)
(20, 9, 101)
(20, 10, 100)
(20, 11, 50)
(20, 12, 50)
(20, 13, 50)
(20, 14, 50)
(20, 15, 49)
(20, 16, 49)
(20, 17, 45)
(20, 18, 44)
(20, 19, 43)
(20, 20, 43)
(20, 21, 43)
(20, 22, 39)
(20, 23, 38)
(20, 24, 27)
(20, 25, 25)
(20, 26, 25)
(20, 27, 25)
(20, 28, 18)
(20, 29, 18)
(20, 30, 18)
(20, 31, 18)
(20, 32, 18)
(20, 33, 18)
(20, 34, 18)
(20, 35, 17)
(20, 36, 17)
(20, 37, 17)
(20, 38, 17)
(20, 39, 13)

(21, 0, 195)
(21, 1, 137)
(21, 2, 113)
(21, 3, 112)
(21, 4, 109)
(21, 5, 108)
(21, 6, 107)
(21, 7, 107)
(21, 8, 107)
(21, 9, 103)
(21, 10, 102)
(21, 11, 52)
(21, 12, 52)
(21, 13, 52)
(21, 14, 52)
(21, 15, 51)
(21, 16, 51)
(21, 17, 46)
(21, 18, 45)
(21, 19, 44)
(21, 20, 44)
(21, 21, 44)
(21, 22, 40)
(21, 23, 39)
(21, 24, 28)
(21, 25, 26)
(21, 26, 26)
(21, 27, 25)
(21, 28, 18)
(21, 29, 18)
(21, 30, 18)
(21, 31, 18)
(21, 32, 17)
(21, 33, 17)
(21, 34, 17)
(21, 35, 16)
(21, 36, 16)
(21, 37, 16)
(21, 38, 16)
(21, 39, 12)

(22, 0, 207)
(22, 1, 146)
(22, 2, 121)
(22, 3, 120)
(22, 4, 117)
(22, 5, 115)
(22, 6, 114)
(22, 7, 114)
(22, 8, 114)
(22, 9, 110)
(22, 10, 109)
(22, 11, 59)
(22, 12, 59)
(22, 13, 58)
(22, 14, 58)
(22, 15, 57)
(22, 16, 57)
(22, 17, 50)
(22, 18, 49)
(22, 19, 48)
(22, 20, 48)
(22, 21, 48)
(22, 22, 44)
(22, 23, 43)
(22, 24, 32)
(22, 25, 30)
(22, 26, 29)
(22, 27, 27)
(22, 28, 20)
(22, 29, 20)
(22, 30, 20)
(22, 31, 20)
(22, 32, 19)
(22, 33, 19)
(22, 34, 19)
(22, 35, 18)
(22, 36, 17)
(22, 37, 17)
(22, 38, 17)
(22, 39, 13)

(23, 0, 228)
(23, 1, 159)
(23, 2, 128)
(23, 3, 127)
(23, 4, 124)
(23, 5, 118)
(23, 6, 117)
(23, 7, 117)
(23, 8, 115)
(23, 9, 110)
(23, 10, 109)
(23, 11, 59)
(23, 12, 59)
(23, 13, 59)
(23, 14, 59)
(23, 15, 58)
(23, 16, 58)
(23, 17, 51)
(23, 18, 50)
(23, 19, 49)
(23, 20, 49)
(23, 21, 49)
(23, 22, 45)
(23, 23, 44)
(23, 24, 33)
(23, 25, 31)
(23, 26, 30)
(23, 27, 27)
(23, 28, 19)
(23, 29, 19)
(23, 30, 19)
(23, 31, 19)
(23, 32, 18)
(23, 33, 18)
(23, 34, 18)
(23, 35, 17)
(23, 36, 17)
(23, 37, 17)
(23, 38, 17)
(23, 39, 13)

(24, 0, 249)
(24, 1, 168)
(24, 2, 134)
(24, 3, 133)
(24, 4, 130)
(24, 5, 123)
(24, 6, 122)
(24, 7, 122)
(24, 8, 119)
(24, 9, 114)
(24, 10, 113)
(24, 11, 62)
(24, 12, 62)
(24, 13, 62)
(24, 14, 62)
(24, 15, 61)
(24, 16, 61)
(24, 17, 53)
(24, 18, 51)
(24, 19, 49)
(24, 20, 49)
(24, 21, 49)
(24, 22, 45)
(24, 23, 44)
(24, 24, 33)
(24, 25, 31)
(24, 26, 30)
(24, 27, 26)
(24, 28, 19)
(24, 29, 19)
(24, 30, 19)
(24, 31, 19)
(24, 32, 18)
(24, 33, 18)
(24, 34, 18)
(24, 35, 17)
(24, 36, 17)
(24, 37, 17)
(24, 38, 17)
(24, 39, 13)

(25, 0, 262)
(25, 1, 181)
(25, 2, 140)
(25, 3, 139)
(25, 4, 136)
(25, 5, 128)
(25, 6, 126)
(25, 7, 126)
(25, 8, 121)
(25, 9, 116)
(25, 10, 115)
(25, 11, 65)
(25, 12, 65)
(25, 13, 65)
(25, 14, 65)
(25, 15, 64)
(25, 16, 64)
(25, 17, 56)
(25, 18, 54)
(25, 19, 52)
(25, 20, 52)
(25, 21, 52)
(25, 22, 48)
(25, 23, 47)
(25, 24, 36)
(25, 25, 34)
(25, 26, 33)
(25, 27, 29)
(25, 28, 21)
(25, 29, 21)
(25, 30, 21)
(25, 31, 21)
(25, 32, 20)
(25, 33, 20)
(25, 34, 20)
(25, 35, 19)
(25, 36, 19)
(25, 37, 19)
(25, 38, 19)
(25, 39, 15)

(26, 0, 282)
(26, 1, 191)
(26, 2, 148)
(26, 3, 145)
(26, 4, 140)
(26, 5, 131)
(26, 6, 129)
(26, 7, 129)
(26, 8, 124)
(26, 9, 119)
(26, 10, 117)
(26, 11, 67)
(26, 12, 67)
(26, 13, 67)
(26, 14, 67)
(26, 15, 66)
(26, 16, 66)
(26, 17, 57)
(26, 18, 55)
(26, 19, 53)
(26, 20, 53)
(26, 21, 53)
(26, 22, 49)
(26, 23, 48)
(26, 24, 37)
(26, 25, 35)
(26, 26, 34)
(26, 27, 30)
(26, 28, 22)
(26, 29, 22)
(26, 30, 22)
(26, 31, 22)
(26, 32, 21)
(26, 33, 21)
(26, 34, 21)
(26, 35, 19)
(26, 36, 19)
(26, 37, 19)
(26, 38, 19)
(26, 39, 15)

(27, 0, 297)
(27, 1, 203)
(27, 2, 156)
(27, 3, 151)
(27, 4, 146)
(27, 5, 136)
(27, 6, 132)
(27, 7, 132)
(27, 8, 126)
(27, 9, 121)
(27, 10, 117)
(27, 11, 67)
(27, 12, 67)
(27, 13, 67)
(27, 14, 67)
(27, 15, 66)
(27, 16, 66)
(27, 17, 57)
(27, 18, 55)
(27, 19, 53)
(27, 20, 53)
(27, 21, 53)
(27, 22, 49)
(27, 23, 48)
(27, 24, 37)
(27, 25, 35)
(27, 26, 34)
(27, 27, 30)
(27, 28, 22)
(27, 29, 22)
(27, 30, 22)
(27, 31, 22)
(27, 32, 21)
(27, 33, 21)
(27, 34, 21)
(27, 35, 19)
(27, 36, 19)
(27, 37, 19)
(27, 38, 19)
(27, 39, 15)

(28, 0, 305)
(28, 1, 207)
(28, 2, 158)
(28, 3, 152)
(28, 4, 147)
(28, 5, 137)
(28, 6, 133)
(28, 7, 133)
(28, 8, 127)
(28, 9, 122)
(28, 10, 118)
(28, 11, 68)
(28, 12, 68)
(28, 13, 68)
(28, 14, 68)
(28, 15, 67)
(28, 16, 67)
(28, 17, 58)
(28, 18, 56)
(28, 19, 54)
(28, 20, 54)
(28, 21, 54)
(28, 22, 50)
(28, 23, 49)
(28, 24, 38)
(28, 25, 36)
(28, 26, 35)
(28, 27, 31)
(28, 28, 23)
(28, 29, 23)
(28, 30, 23)
(28, 31, 23)
(28, 32, 22)
(28, 33, 22)
(28, 34, 22)
(28, 35, 20)
(28, 36, 19)
(28, 37, 19)
(28, 38, 19)
(28, 39, 15)

(29, 0, 312)
(29, 1, 210)
(29, 2, 161)
(29, 3, 155)
(29, 4, 149)
(29, 5, 139)
(29, 6, 135)
(29, 7, 135)
(29, 8, 129)
(29, 9, 124)
(29, 10, 120)
(29, 11, 70)
(29, 12, 70)
(29, 13, 70)
(29, 14, 70)
(29, 15, 68)
(29, 16, 68)
(29, 17, 59)
(29, 18, 57)
(29, 19, 55)
(29, 20, 55)
(29, 21, 55)
(29, 22, 51)
(29, 23, 50)
(29, 24, 39)
(29, 25, 37)
(29, 26, 36)
(29, 27, 32)
(29, 28, 24)
(29, 29, 24)
(29, 30, 24)
(29, 31, 24)
(29, 32, 23)
(29, 33, 23)
(29, 34, 23)
(29, 35, 21)
(29, 36, 20)
(29, 37, 20)
(29, 38, 20)
(29, 39, 16)

(30, 0, 316)
(30, 1, 214)
(30, 2, 164)
(30, 3, 158)
(30, 4, 151)
(30, 5, 141)
(30, 6, 137)
(30, 7, 137)
(30, 8, 131)
(30, 9, 126)
(30, 10, 122)
(30, 11, 72)
(30, 12, 72)
(30, 13, 72)
(30, 14, 72)
(30, 15, 70)
(30, 16, 70)
(30, 17, 61)
(30, 18, 59)
(30, 19, 57)
(30, 20, 57)
(30, 21, 57)
(30, 22, 53)
(30, 23, 52)
(30, 24, 41)
(30, 25, 39)
(30, 26, 38)
(30, 27, 34)
(30, 28, 26)
(30, 29, 26)
(30, 30, 26)
(30, 31, 26)
(30, 32, 25)
(30, 33, 25)
(30, 34, 25)
(30, 35, 22)
(30, 36, 21)
(30, 37, 21)
(30, 38, 21)
(30, 39, 17)

(31, 0, 341)
(31, 1, 232)
(31, 2, 171)
(31, 3, 165)
(31, 4, 158)
(31, 5, 146)
(31, 6, 142)
(31, 7, 141)
(31, 8, 133)
(31, 9, 128)
(31, 10, 123)
(31, 11, 73)
(31, 12, 73)
(31, 13, 73)
(31, 14, 73)
(31, 15, 71)
(31, 16, 71)
(31, 17, 62)
(31, 18, 60)
(31, 19, 58)
(31, 20, 58)
(31, 21, 58)
(31, 22, 54)
(31, 23, 53)
(31, 24, 42)
(31, 25, 39)
(31, 26, 38)
(31, 27, 34)
(31, 28, 26)
(31, 29, 26)
(31, 30, 26)
(31, 31, 26)
(31, 32, 25)
(31, 33, 24)
(31, 34, 24)
(31, 35, 22)
(31, 36, 21)
(31, 37, 21)
(31, 38, 21)
(31, 39, 17)

(32, 0, 379)
(32, 1, 251)
(32, 2, 182)
(32, 3, 174)
(32, 4, 164)
(32, 5, 150)
(32, 6, 146)
(32, 7, 145)
(32, 8, 136)
(32, 9, 131)
(32, 10, 126)
(32, 11, 76)
(32, 12, 75)
(32, 13, 75)
(32, 14, 75)
(32, 15, 73)
(32, 16, 73)
(32, 17, 64)
(32, 18, 62)
(32, 19, 60)
(32, 20, 60)
(32, 21, 60)
(32, 22, 56)
(32, 23, 55)
(32, 24, 44)
(32, 25, 41)
(32, 26, 40)
(32, 27, 35)
(32, 28, 27)
(32, 29, 27)
(32, 30, 27)
(32, 31, 27)
(32, 32, 26)
(32, 33, 25)
(32, 34, 25)
(32, 35, 23)
(32, 36, 22)
(32, 37, 22)
(32, 38, 22)
(32, 39, 18)

(33, 0, 390)
(33, 1, 262)
(33, 2, 187)
(33, 3, 179)
(33, 4, 166)
(33, 5, 151)
(33, 6, 147)
(33, 7, 146)
(33, 8, 137)
(33, 9, 132)
(33, 10, 127)
(33, 11, 77)
(33, 12, 76)
(33, 13, 76)
(33, 14, 75)
(33, 15, 73)
(33, 16, 73)
(33, 17, 64)
(33, 18, 62)
(33, 19, 60)
(33, 20, 60)
(33, 21, 60)
(33, 22, 56)
(33, 23, 55)
(33, 24, 44)
(33, 25, 41)
(33, 26, 40)
(33, 27, 35)
(33, 28, 27)
(33, 29, 27)
(33, 30, 27)
(33, 31, 27)
(33, 32, 26)
(33, 33, 25)
(33, 34, 25)
(33, 35, 23)
(33, 36, 22)
(33, 37, 22)
(33, 38, 22)
(33, 39, 18)

(34, 0, 390)
(34, 1, 262)
(34, 2, 187)
(34, 3, 179)
(34, 4, 166)
(34, 5, 151)
(34, 6, 147)
(34, 7, 146)
(34, 8, 137)
(34, 9, 132)
(34, 10, 127)
(34, 11, 77)
(34, 12, 76)
(34, 13, 76)
(34, 14, 75)
(34, 15, 73)
(34, 16, 73)
(34, 17, 64)
(34, 18, 62)
(34, 19, 60)
(34, 20, 60)
(34, 21, 60)
(34, 22, 56)
(34, 23, 55)
(34, 24, 44)
(34, 25, 41)
(34, 26, 40)
(34, 27, 35)
(34, 28, 27)
(34, 29, 27)
(34, 30, 27)
(34, 31, 27)
(34, 32, 26)
(34, 33, 25)
(34, 34, 25)
(34, 35, 23)
(34, 36, 22)
(34, 37, 22)
(34, 38, 22)
(34, 39, 18)

(35, 0, 399)
(35, 1, 270)
(35, 2, 191)
(35, 3, 183)
(35, 4, 170)
(35, 5, 154)
(35, 6, 150)
(35, 7, 148)
(35, 8, 138)
(35, 9, 133)
(35, 10, 128)
(35, 11, 78)
(35, 12, 77)
(35, 13, 77)
(35, 14, 76)
(35, 15, 74)
(35, 16, 74)
(35, 17, 65)
(35, 18, 63)
(35, 19, 61)
(35, 20, 61)
(35, 21, 61)
(35, 22, 57)
(35, 23, 56)
(35, 24, 45)
(35, 25, 41)
(35, 26, 40)
(35, 27, 35)
(35, 28, 27)
(35, 29, 27)
(35, 30, 27)
(35, 31, 27)
(35, 32, 26)
(35, 33, 25)
(35, 34, 25)
(35, 35, 23)
(35, 36, 22)
(35, 37, 22)
(35, 38, 22)
(35, 39, 18)

(36, 0, 399)
(36, 1, 270)
(36, 2, 191)
(36, 3, 183)
(36, 4, 170)
(36, 5, 154)
(36, 6, 150)
(36, 7, 148)
(36, 8, 138)
(36, 9, 133)
(36, 10, 128)
(36, 11, 78)
(36, 12, 77)
(36, 13, 77)
(36, 14, 76)
(36, 15, 74)
(36, 16, 74)
(36, 17, 65)
(36, 18, 63)
(36, 19, 61)
(36, 20, 61)
(36, 21, 61)
(36, 22, 57)
(36, 23, 56)
(36, 24, 45)
(36, 25, 41)
(36, 26, 40)
(36, 27, 35)
(36, 28, 27)
(36, 29, 27)
(36, 30, 27)
(36, 31, 27)
(36, 32, 26)
(36, 33, 25)
(36, 34, 25)
(36, 35, 23)
(36, 36, 22)
(36, 37, 22)
(36, 38, 22)
(36, 39, 18)

(37, 0, 399)
(37, 1, 270)
(37, 2, 191)
(37, 3, 183)
(37, 4, 170)
(37, 5, 154)
(37, 6, 150)
(37, 7, 148)
(37, 8, 138)
(37, 9, 133)
(37, 10, 128)
(37, 11, 78)
(37, 12, 77)
(37, 13, 77)
(37, 14, 76)
(37, 15, 74)
(37, 16, 74)
(37, 17, 65)
(37, 18, 63)
(37, 19, 61)
(37, 20, 61)
(37, 21, 61)
(37, 22, 57)
(37, 23, 56)
(37, 24, 45)
(37, 25, 41)
(37, 26, 40)
(37, 27, 35)
(37, 28, 27)
(37, 29, 27)
(37, 30, 27)
(37, 31, 27)
(37, 32, 26)
(37, 33, 25)
(37, 34, 25)
(37, 35, 23)
(37, 36, 22)
(37, 37, 22)
(37, 38, 22)
(37, 39, 18)

(38, 0, 422)
(38, 1, 279)
(38, 2, 194)
(38, 3, 186)
(38, 4, 172)
(38, 5, 156)
(38, 6, 152)
(38, 7, 149)
(38, 8, 139)
(38, 9, 134)
(38, 10, 129)
(38, 11, 79)
(38, 12, 78)
(38, 13, 78)
(38, 14, 77)
(38, 15, 75)
(38, 16, 75)
(38, 17, 66)
(38, 18, 64)
(38, 19, 62)
(38, 20, 62)
(38, 21, 62)
(38, 22, 58)
(38, 23, 57)
(38, 24, 46)
(38, 25, 42)
(38, 26, 41)
(38, 27, 35)
(38, 28, 27)
(38, 29, 27)
(38, 30, 27)
(38, 31, 27)
(38, 32, 26)
(38, 33, 25)
(38, 34, 25)
(38, 35, 23)
(38, 36, 22)
(38, 37, 22)
(38, 38, 22)
(38, 39, 18)

(39, 0, 440)
(39, 1, 297)
(39, 2, 194)
(39, 3, 186)
(39, 4, 172)
(39, 5, 156)
(39, 6, 152)
(39, 7, 149)
(39, 8, 139)
(39, 9, 134)
(39, 10, 129)
(39, 11, 79)
(39, 12, 78)
(39, 13, 78)
(39, 14, 77)
(39, 15, 75)
(39, 16, 75)
(39, 17, 66)
(39, 18, 64)
(39, 19, 62)
(39, 20, 62)
(39, 21, 62)
(39, 22, 58)
(39, 23, 57)
(39, 24, 46)
(39, 25, 42)
(39, 26, 41)
(39, 27, 35)
(39, 28, 27)
(39, 29, 27)
(39, 30, 27)
(39, 31, 27)
(39, 32, 26)
(39, 33, 25)
(39, 34, 25)
(39, 35, 23)
(39, 36, 22)
(39, 37, 22)
(39, 38, 22)
(39, 39, 18)


Betti numbers:
xi_0:
(0, 0, 1)
(1, 0, 2)
(2, 0, 2)
(3, 0, 1)
(4, 0, 8)
(5, 0, 4)
(6, 0, 6)
(7, 0, 18)
(8, 0, 16)
(9, 0, 5)
(10, 0, 11)
(11, 0, 19)
(12, 0, 12)
(13, 0, 13)
(14, 0, 14)
(15, 0, 5)
(16, 0, 5)
(17, 0, 5)
(18, 0, 5)
(19, 0, 21)
(20, 0, 12)
(21, 0, 10)
(22, 0, 12)
(23, 0, 21)
(24, 0, 21)
(25, 0, 13)
(26, 0, 20)
(27, 0, 15)
(28, 0, 8)
(29, 0, 7)
(30, 0, 4)
(31, 0, 25)
(32, 0, 38)
(33, 0, 11)
(35, 0, 9)
(38, 0, 23)
(39, 0, 18)
xi_1:
(1, 24, 1)
(1, 30, 1)
(2, 11, 1)
(2, 28, 1)
(3, 24, 1)
(4, 1, 1)
(4, 11, 3)
(4, 24, 1)
(4, 28, 1)
(4, 39, 1)
(5, 11, 3)
(5, 24, 1)
(6, 1, 1)
(6, 11, 2)
(6, 24, 1)
(6, 32, 1)
(6, 39, 1)
(7, 1, 3)
(7, 2, 7)
(7, 3, 1)
(7, 9, 1)
(7, 11, 4)
(7, 25, 1)
(7, 28, 1)
(8, 1, 5)
(8, 2, 4)
(8, 4, 1)
(8, 9, 1)
(8, 11, 4)
(8, 19, 1)
(8, 24, 1)
(9, 11, 5)
(10, 1, 1)
(10, 2, 2)
(10, 7, 1)
(10, 9, 1)
(10, 11, 3)
(10, 24, 1)
(10, 28, 1)
(11, 1, 2)
(11, 2, 3)
(11, 4, 2)
(11, 5, 1)
(11, 6, 1)
(11, 11, 5)
(11, 14, 1)
(11, 22, 1)
(11, 24, 2)
(11, 30, 1)
(12, 1, 2)
(12, 2, 4)
(12, 9, 1)
(12, 11, 5)
(12, 17, 1)
(12, 23, 1)
(12, 28, 1)
(13, 1, 5)
(13, 2, 1)
(13, 10, 1)
(13, 11, 1)
(13, 21, 1)
(13, 22, 1)
(13, 31, 1)
(13, 35, 1)
(14, 1, 5)
(14, 2, 1)
(14, 11, 3)
(14, 17, 2)
(14, 18, 1)
(14, 24, 2)
(14, 28, 1)
(14, 39, 1)
(15, 11, 4)
(15, 22, 1)
(16, 11, 2)
(16, 24, 1)
(16, 39, 1)
(17, 11, 4)
(17, 17, 1)
(18, 1, 2)
(18, 11, 1)
(18, 25, 1)
(19, 1, 16)
(19, 15, 1)
(19, 22, 1)
(19, 28, 1)
(20, 1, 9)
(20, 25, 1)
(21, 1, 6)
(21, 2, 2)
(21, 17, 1)
(21, 27, 1)
(21, 32, 1)
(22, 1, 3)
(22, 2, 1)
(22, 5, 1)
(22, 13, 1)
(22, 17, 2)
(22, 26, 1)
(22, 27, 1)
(22, 36, 1)
(23, 1, 8)
(23, 2, 6)
(23, 5, 4)
(23, 8, 2)
(23, 9, 1)
(23, 27, 1)
(23, 28, 1)
(24, 1, 12)
(24, 2, 3)
(24, 5, 1)
(24, 8, 1)
(24, 11, 1)
(24, 17, 1)
(24, 18, 1)
(24, 19, 1)
(24, 27, 1)
(25, 2, 7)
(25, 5, 1)
(25, 6, 1)
(25, 8, 2)
(25, 28, 1)
(26, 1, 10)
(26, 2, 2)
(26, 3, 2)
(26, 4, 2)
(26, 5, 1)
(26, 10, 1)
(26, 17, 1)
(26, 35, 1)
(27, 1, 3)
(27, 2, 4)
(27, 3, 2)
(27, 5, 1)
(27, 6, 2)
(27, 8, 1)
(27, 10, 2)
(28, 1, 4)
(28, 2, 2)
(28, 3, 1)
(28, 36, 1)
(29, 1, 4)
(29, 4, 1)
(29, 15, 1)
(30, 2, 1)
(30, 4, 1)
(30, 35, 1)
(31, 1, 7)
(31, 2, 11)
(31, 5, 2)
(31, 7, 1)
(31, 8, 2)
(31, 10, 1)
(31, 25, 1)
(31, 33, 1)
(32, 1, 19)
(32, 2, 8)
(32, 3, 2)
(32, 4, 3)
(32, 5, 2)
(32, 8, 1)
(32, 12, 1)
(32, 27, 1)
(33, 2, 6)
(33, 4, 3)
(33, 5, 1)
(33, 14, 1)
(35, 1, 1)
(35, 2, 4)
(35, 5, 1)
(35, 7, 1)
(35, 8, 1)
(35, 25, 1)
(38, 1, 14)
(38, 2, 6)
(38, 4, 1)
(38, 7, 1)
(38, 27, 1)
(39, 2, 18)
xi_2:
(2, 30, 1)
(7, 32, 1)
(8, 25, 1)
(11, 7, 1)
(12, 14, 1)
(12, 24, 1)
(12, 30, 1)
(14, 21, 1)
(14, 31, 1)
(23, 13, 1)
(23, 36, 1)
(24, 28, 1)
(25, 11, 1)
(31, 35, 1)
