x-grades
-690015009076287733/200000000000000000
-339662723153381433/100000000000000000
-668635883537237999/200000000000000000
-164486580191928283/50000000000000000
-129451351599637653/40000000000000000
-318283597614331699/100000000000000000
-625877632459138531/200000000000000000
-19224627177800427/6250000000000000
-604498506920088797/200000000000000000
-59380894415056393/20000000000000000
-583119381381039063/200000000000000000
-143107454652878549/50000000000000000
-561740255841989329/200000000000000000
-275525346536232231/100000000000000000
-108072226060587919/40000000000000000
-66208945941676841/25000000000000000
-518982004763889861/200000000000000000
-254146220997182497/100000000000000000
-497602879224840127/200000000000000000
-24345665822765763/10000000000000000
-476223753685790393/200000000000000000
-232767095458132763/100000000000000000
-454844628146740659/200000000000000000
-27759691586075987/12500000000000000
-17338620104307637/8000000000000000
-211387969919083029/100000000000000000
-412086377068641191/200000000000000000
-100349203574779081/50000000000000000
-390707251529591457/200000000000000000
-38001768876006659/20000000000000000
-369328125990541723/200000000000000000
-44829820402627107/25000000000000000
-347949000451491989/200000000000000000
-168629718840983561/100000000000000000
-65313974982488451/40000000000000000
-78970078035729347/50000000000000000
-305190749373392521/200000000000000000
-147250593301933827/100000000000000000
-283811623834342787/200000000000000000
-213376610206889/156250000000000

y-grades
9998783/40000000
9998783/20000000
29996349/40000000
9998783/10000000
9998783/8000000
29996349/20000000
69991481/40000000
9998783/5000000
89989047/40000000
9998783/4000000
109986613/40000000
29996349/10000000
129984179/40000000
69991481/20000000
29996349/8000000
9998783/2500000
169979311/40000000
89989047/20000000
189976877/40000000
9998783/2000000
209974443/40000000
109986613/20000000
229972009/40000000
29996349/5000000
9998783/1600000
129984179/20000000
269967141/40000000
69991481/10000000
289964707/40000000
29996349/4000000
309962273/40000000
9998783/1250000
329959839/40000000
169979311/20000000
69991481/8000000
89989047/10000000
369954971/40000000
189976877/20000000
389952537/40000000
9998783/1000000

Dimensions > 0:
(0, 0, 1)
(0, 1, 1)
(0, 2, 1)
(0, 3, 1)
(0, 4, 1)
(0, 5, 1)
(0, 6, 1)
(0, 7, 1)
(0, 8, 1)
(0, 9, 1)
(0, 10, 1)
(0, 11, 1)
(0, 12, 1)
(0, 13, 1)
(0, 14, 1)
(0, 15, 1)
(0, 16, 1)
(0, 17, 1)
(0, 18, 1)
(0, 19, 1)
(0, 20, 1)
(0, 21, 1)
(0, 22, 1)
(0, 23, 1)
(0, 24, 1)
(0, 25, 1)
(0, 26, 1)
(0, 27, 1)
(0, 28, 1)
(0, 29, 1)
(0, 30, 1)
(0, 31, 1)
(0, 32, 1)
(0, 33, 1)
(0, 34, 1)
(0, 35, 1)
(0, 36, 1)
(0, 37, 1)
(0, 38, 1)
(0, 39, 1)

(1, 0, 2)
(1, 1, 2)
(1, 2, 2)
(1, 3, 2)
(1, 4, 2)
(1, 5, 2)
(1, 6, 2)
(1, 7, 2)
(1, 8, 2)
(1, 9, 2)
(1, 10, 2)
(1, 11, 2)
(1, 12, 2)
(1, 13, 2)
(1, 14, 2)
(1, 15, 2)
(1, 16, 2)
(1, 17, 2)
(1, 18, 2)
(1, 19, 2)
(1, 20, 2)
(1, 21, 2)
(1, 22, 2)
(1, 23, 2)
(1, 24, 2)
(1, 25, 2)
(1, 26, 2)
(1, 27, 2)
(1, 28, 2)
(1, 29, 2)
(1, 30, 2)
(1, 31, 2)
(1, 32, 2)
(1, 33, 2)
(1, 34, 2)
(1, 35, 2)
(1, 36, 2)
(1, 37, 1)
(1, 38, 1)
(1, 39, 1)

(2, 0, 2)
(2, 1, 2)
(2, 2, 2)
(2, 3, 2)
(2, 4, 2)
(2, 5, 2)
(2, 6, 2)
(2, 7, 2)
(2, 8, 2)
(2, 9, 2)
(2, 10, 2)
(2, 11, 2)
(2, 12, 2)
(2, 13, 2)
(2, 14, 2)
(2, 15, 2)
(2, 16, 2)
(2, 17, 2)
(2, 18, 2)
(2, 19, 2)
(2, 20, 2)
(2, 21, 2)
(2, 22, 2)
(2, 23, 2)
(2, 24, 2)
(2, 25, 2)
(2, 26, 2)
(2, 27, 2)
(2, 28, 2)
(2, 29, 2)
(2, 30, 2)
(2, 31, 2)
(2, 32, 2)
(2, 33, 2)
(2, 34, 2)
(2, 35, 2)
(2, 36, 2)
(2, 37, 1)
(2, 38, 1)
(2, 39, 1)

(3, 0, 4)
(3, 1, 3)
(3, 2, 3)
(3, 3, 3)
(3, 4, 3)
(3, 5, 3)
(3, 6, 3)
(3, 7, 3)
(3, 8, 3)
(3, 9, 3)
(3, 10, 3)
(3, 11, 3)
(3, 12, 3)
(3, 13, 3)
(3, 14, 3)
(3, 15, 3)
(3, 16, 3)
(3, 17, 3)
(3, 18, 3)
(3, 19, 3)
(3, 20, 3)
(3, 21, 3)
(3, 22, 3)
(3, 23, 3)
(3, 24, 3)
(3, 25, 3)
(3, 26, 3)
(3, 27, 3)
(3, 28, 3)
(3, 29, 3)
(3, 30, 3)
(3, 31, 3)
(3, 32, 3)
(3, 33, 3)
(3, 34, 3)
(3, 35, 3)
(3, 36, 3)
(3, 37, 2)
(3, 38, 2)
(3, 39, 2)

(4, 0, 6)
(4, 1, 5)
(4, 2, 4)
(4, 3, 4)
(4, 4, 4)
(4, 5, 4)
(4, 6, 4)
(4, 7, 4)
(4, 8, 4)
(4, 9, 4)
(4, 10, 4)
(4, 11, 4)
(4, 12, 4)
(4, 13, 4)
(4, 14, 4)
(4, 15, 4)
(4, 16, 4)
(4, 17, 4)
(4, 18, 4)
(4, 19, 4)
(4, 20, 4)
(4, 21, 4)
(4, 22, 4)
(4, 23, 4)
(4, 24, 4)
(4, 25, 4)
(4, 26, 4)
(4, 27, 4)
(4, 28, 4)
(4, 29, 4)
(4, 30, 4)
(4, 31, 4)
(4, 32, 4)
(4, 33, 4)
(4, 34, 4)
(4, 35, 4)
(4, 36, 3)
(4, 37, 2)
(4, 38, 2)
(4, 39, 2)

(5, 0, 6)
(5, 1, 5)
(5, 2, 4)
(5, 3, 4)
(5, 4, 4)
(5, 5, 4)
(5, 6, 4)
(5, 7, 4)
(5, 8, 4)
(5, 9, 4)
(5, 10, 4)
(5, 11, 4)
(5, 12, 4)
(5, 13, 4)
(5, 14, 4)
(5, 15, 4)
(5, 16, 4)
(5, 17, 4)
(5, 18, 4)
(5, 19, 4)
(5, 20, 4)
(5, 21, 4)
(5, 22, 4)
(5, 23, 4)
(5, 24, 4)
(5, 25, 4)
(5, 26, 4)
(5, 27, 4)
(5, 28, 4)
(5, 29, 4)
(5, 30, 4)
(5, 31, 4)
(5, 32, 4)
(5, 33, 4)
(5, 34, 4)
(5, 35, 4)
(5, 36, 3)
(5, 37, 2)
(5, 38, 2)
(5, 39, 2)

(6, 0, 7)
(6, 1, 6)
(6, 2, 5)
(6, 3, 5)
(6, 4, 5)
(6, 5, 5)
(6, 6, 5)
(6, 7, 5)
(6, 8, 5)
(6, 9, 5)
(6, 10, 5)
(6, 11, 5)
(6, 12, 5)
(6, 13, 5)
(6, 14, 5)
(6, 15, 5)
(6, 16, 5)
(6, 17, 5)
(6, 18, 5)
(6, 19, 5)
(6, 20, 5)
(6, 21, 5)
(6, 22, 5)
(6, 23, 5)
(6, 24, 5)
(6, 25, 5)
(6, 26, 5)
(6, 27, 5)
(6, 28, 5)
(6, 29, 5)
(6, 30, 5)
(6, 31, 5)
(6, 32, 5)
(6, 33, 5)
(6, 34, 5)
(6, 35, 5)
(6, 36, 4)
(6, 37, 3)
(6, 38, 3)
(6, 39, 3)

(7, 0, 13)
(7, 1, 10)
(7, 2, 9)
(7, 3, 9)
(7, 4, 9)
(7, 5, 9)
(7, 6, 9)
(7, 7, 7)
(7, 8, 7)
(7, 9, 7)
(7, 10, 6)
(7, 11, 6)
(7, 12, 6)
(7, 13, 6)
(7, 14, 6)
(7, 15, 6)
(7, 16, 6)
(7, 17, 6)
(7, 18, 6)
(7, 19, 6)
(7, 20, 6)
(7, 21, 6)
(7, 22, 6)
(7, 23, 6)
(7, 24, 6)
(7, 25, 6)
(7, 26, 6)
(7, 27, 6)
(7, 28, 6)
(7, 29, 6)
(7, 30, 6)
(7, 31, 6)
(7, 32, 6)
(7, 33, 6)
(7, 34, 6)
(7, 35, 6)
(7, 36, 5)
(7, 37, 4)
(7, 38, 4)
(7, 39, 4)

(8, 0, 22)
(8, 1, 16)
(8, 2, 14)
(8, 3, 14)
(8, 4, 13)
(8, 5, 9)
(8, 6, 9)
(8, 7, 8)
(8, 8, 8)
(8, 9, 8)
(8, 10, 7)
(8, 11, 7)
(8, 12, 7)
(8, 13, 7)
(8, 14, 7)
(8, 15, 7)
(8, 16, 7)
(8, 17, 7)
(8, 18, 7)
(8, 19, 7)
(8, 20, 7)
(8, 21, 7)
(8, 22, 7)
(8, 23, 7)
(8, 24, 7)
(8, 25, 7)
(8, 26, 7)
(8, 27, 7)
(8, 28, 7)
(8, 29, 7)
(8, 30, 7)
(8, 31, 7)
(8, 32, 7)
(8, 33, 7)
(8, 34, 7)
(8, 35, 7)
(8, 36, 6)
(8, 37, 5)
(8, 38, 4)
(8, 39, 4)

(9, 0, 33)
(9, 1, 24)
(9, 2, 18)
(9, 3, 17)
(9, 4, 16)
(9, 5, 10)
(9, 6, 9)
(9, 7, 8)
(9, 8, 8)
(9, 9, 8)
(9, 10, 7)
(9, 11, 7)
(9, 12, 7)
(9, 13, 7)
(9, 14, 7)
(9, 15, 7)
(9, 16, 7)
(9, 17, 7)
(9, 18, 7)
(9, 19, 7)
(9, 20, 7)
(9, 21, 7)
(9, 22, 7)
(9, 23, 7)
(9, 24, 7)
(9, 25, 7)
(9, 26, 7)
(9, 27, 7)
(9, 28, 7)
(9, 29, 7)
(9, 30, 7)
(9, 31, 7)
(9, 32, 7)
(9, 33, 7)
(9, 34, 7)
(9, 35, 7)
(9, 36, 5)
(9, 37, 4)
(9, 38, 4)
(9, 39, 4)

(10, 0, 37)
(10, 1, 28)
(10, 2, 22)
(10, 3, 20)
(10, 4, 19)
(10, 5, 13)
(10, 6, 12)
(10, 7, 11)
(10, 8, 11)
(10, 9, 11)
(10, 10, 10)
(10, 11, 9)
(10, 12, 9)
(10, 13, 9)
(10, 14, 9)
(10, 15, 9)
(10, 16, 9)
(10, 17, 9)
(10, 18, 9)
(10, 19, 9)
(10, 20, 9)
(10, 21, 9)
(10, 22, 9)
(10, 23, 9)
(10, 24, 9)
(10, 25, 9)
(10, 26, 9)
(10, 27, 9)
(10, 28, 9)
(10, 29, 9)
(10, 30, 9)
(10, 31, 9)
(10, 32, 9)
(10, 33, 9)
(10, 34, 9)
(10, 35, 9)
(10, 36, 7)
(10, 37, 6)
(10, 38, 6)
(10, 39, 6)

(11, 0, 43)
(11, 1, 33)
(11, 2, 25)
(11, 3, 23)
(11, 4, 21)
(11, 5, 14)
(11, 6, 13)
(11, 7, 12)
(11, 8, 12)
(11, 9, 12)
(11, 10, 11)
(11, 11, 10)
(11, 12, 10)
(11, 13, 10)
(11, 14, 10)
(11, 15, 10)
(11, 16, 10)
(11, 17, 10)
(11, 18, 10)
(11, 19, 10)
(11, 20, 10)
(11, 21, 10)
(11, 22, 10)
(11, 23, 10)
(11, 24, 10)
(11, 25, 10)
(11, 26, 10)
(11, 27, 10)
(11, 28, 10)
(11, 29, 10)
(11, 30, 10)
(11, 31, 9)
(11, 32, 9)
(11, 33, 9)
(11, 34, 9)
(11, 35, 9)
(11, 36, 7)
(11, 37, 6)
(11, 38, 6)
(11, 39, 6)

(12, 0, 47)
(12, 1, 37)
(12, 2, 29)
(12, 3, 26)
(12, 4, 24)
(12, 5, 17)
(12, 6, 16)
(12, 7, 15)
(12, 8, 15)
(12, 9, 15)
(12, 10, 14)
(12, 11, 13)
(12, 12, 12)
(12, 13, 11)
(12, 14, 11)
(12, 15, 11)
(12, 16, 11)
(12, 17, 11)
(12, 18, 11)
(12, 19, 11)
(12, 20, 11)
(12, 21, 11)
(12, 22, 11)
(12, 23, 11)
(12, 24, 11)
(12, 25, 11)
(12, 26, 11)
(12, 27, 11)
(12, 28, 10)
(12, 29, 10)
(12, 30, 10)
(12, 31, 9)
(12, 32, 9)
(12, 33, 9)
(12, 34, 9)
(12, 35, 9)
(12, 36, 7)
(12, 37, 6)
(12, 38, 6)
(12, 39, 6)

(13, 0, 56)
(13, 1, 44)
(13, 2, 33)
(13, 3, 29)
(13, 4, 25)
(13, 5, 18)
(13, 6, 17)
(13, 7, 16)
(13, 8, 16)
(13, 9, 16)
(13, 10, 15)
(13, 11, 14)
(13, 12, 13)
(13, 13, 12)
(13, 14, 11)
(13, 15, 11)
(13, 16, 11)
(13, 17, 11)
(13, 18, 11)
(13, 19, 11)
(13, 20, 11)
(13, 21, 11)
(13, 22, 11)
(13, 23, 11)
(13, 24, 11)
(13, 25, 11)
(13, 26, 11)
(13, 27, 11)
(13, 28, 10)
(13, 29, 10)
(13, 30, 10)
(13, 31, 9)
(13, 32, 9)
(13, 33, 9)
(13, 34, 9)
(13, 35, 9)
(13, 36, 7)
(13, 37, 6)
(13, 38, 6)
(13, 39, 6)

(14, 0, 62)
(14, 1, 50)
(14, 2, 39)
(14, 3, 35)
(14, 4, 31)
(14, 5, 23)
(14, 6, 20)
(14, 7, 17)
(14, 8, 17)
(14, 9, 17)
(14, 10, 16)
(14, 11, 15)
(14, 12, 14)
(14, 13, 13)
(14, 14, 12)
(14, 15, 12)
(14, 16, 12)
(14, 17, 12)
(14, 18, 12)
(14, 19, 12)
(14, 20, 12)
(14, 21, 12)
(14, 22, 12)
(14, 23, 12)
(14, 24, 12)
(14, 25, 12)
(14, 26, 12)
(14, 27, 12)
(14, 28, 11)
(14, 29, 11)
(14, 30, 11)
(14, 31, 10)
(14, 32, 10)
(14, 33, 10)
(14, 34, 10)
(14, 35, 10)
(14, 36, 8)
(14, 37, 7)
(14, 38, 7)
(14, 39, 6)

(15, 0, 63)
(15, 1, 51)
(15, 2, 40)
(15, 3, 36)
(15, 4, 32)
(15, 5, 24)
(15, 6, 21)
(15, 7, 18)
(15, 8, 18)
(15, 9, 18)
(15, 10, 16)
(15, 11, 15)
(15, 12, 14)
(15, 13, 13)
(15, 14, 12)
(15, 15, 12)
(15, 16, 12)
(15, 17, 12)
(15, 18, 12)
(15, 19, 12)
(15, 20, 12)
(15, 21, 12)
(15, 22, 12)
(15, 23, 12)
(15, 24, 12)
(15, 25, 12)
(15, 26, 12)
(15, 27, 12)
(15, 28, 11)
(15, 29, 11)
(15, 30, 11)
(15, 31, 10)
(15, 32, 10)
(15, 33, 10)
(15, 34, 10)
(15, 35, 10)
(15, 36, 8)
(15, 37, 7)
(15, 38, 7)
(15, 39, 6)

(16, 0, 65)
(16, 1, 53)
(16, 2, 42)
(16, 3, 38)
(16, 4, 34)
(16, 5, 26)
(16, 6, 23)
(16, 7, 20)
(16, 8, 20)
(16, 9, 20)
(16, 10, 18)
(16, 11, 16)
(16, 12, 15)
(16, 13, 14)
(16, 14, 13)
(16, 15, 13)
(16, 16, 13)
(16, 17, 13)
(16, 18, 13)
(16, 19, 13)
(16, 20, 13)
(16, 21, 13)
(16, 22, 13)
(16, 23, 13)
(16, 24, 13)
(16, 25, 13)
(16, 26, 13)
(16, 27, 13)
(16, 28, 12)
(16, 29, 12)
(16, 30, 12)
(16, 31, 11)
(16, 32, 11)
(16, 33, 11)
(16, 34, 11)
(16, 35, 11)
(16, 36, 9)
(16, 37, 8)
(16, 38, 8)
(16, 39, 7)

(17, 0, 67)
(17, 1, 55)
(17, 2, 44)
(17, 3, 40)
(17, 4, 36)
(17, 5, 28)
(17, 6, 25)
(17, 7, 21)
(17, 8, 21)
(17, 9, 21)
(17, 10, 19)
(17, 11, 17)
(17, 12, 16)
(17, 13, 15)
(17, 14, 13)
(17, 15, 13)
(17, 16, 13)
(17, 17, 13)
(17, 18, 13)
(17, 19, 13)
(17, 20, 13)
(17, 21, 13)
(17, 22, 13)
(17, 23, 13)
(17, 24, 13)
(17, 25, 13)
(17, 26, 13)
(17, 27, 13)
(17, 28, 12)
(17, 29, 12)
(17, 30, 12)
(17, 31, 11)
(17, 32, 11)
(17, 33, 11)
(17, 34, 11)
(17, 35, 11)
(17, 36, 9)
(17, 37, 8)
(17, 38, 8)
(17, 39, 7)

(18, 0, 70)
(18, 1, 58)
(18, 2, 47)
(18, 3, 43)
(18, 4, 39)
(18, 5, 31)
(18, 6, 27)
(18, 7, 23)
(18, 8, 23)
(18, 9, 23)
(18, 10, 21)
(18, 11, 19)
(18, 12, 18)
(18, 13, 17)
(18, 14, 15)
(18, 15, 15)
(18, 16, 15)
(18, 17, 15)
(18, 18, 15)
(18, 19, 15)
(18, 20, 15)
(18, 21, 15)
(18, 22, 15)
(18, 23, 15)
(18, 24, 15)
(18, 25, 15)
(18, 26, 15)
(18, 27, 15)
(18, 28, 14)
(18, 29, 14)
(18, 30, 14)
(18, 31, 13)
(18, 32, 13)
(18, 33, 13)
(18, 34, 12)
(18, 35, 12)
(18, 36, 10)
(18, 37, 9)
(18, 38, 9)
(18, 39, 8)

(19, 0, 71)
(19, 1, 59)
(19, 2, 48)
(19, 3, 44)
(19, 4, 40)
(19, 5, 32)
(19, 6, 28)
(19, 7, 24)
(19, 8, 24)
(19, 9, 24)
(19, 10, 22)
(19, 11, 20)
(19, 12, 19)
(19, 13, 18)
(19, 14, 16)
(19, 15, 16)
(19, 16, 16)
(19, 17, 16)
(19, 18, 16)
(19, 19, 16)
(19, 20, 16)
(19, 21, 16)
(19, 22, 16)
(19, 23, 16)
(19, 24, 16)
(19, 25, 16)
(19, 26, 16)
(19, 27, 16)
(19, 28, 15)
(19, 29, 15)
(19, 30, 15)
(19, 31, 14)
(19, 32, 14)
(19, 33, 14)
(19, 34, 13)
(19, 35, 13)
(19, 36, 11)
(19, 37, 10)
(19, 38, 10)
(19, 39, 9)

(20, 0, 71)
(20, 1, 59)
(20, 2, 48)
(20, 3, 44)
(20, 4, 40)
(20, 5, 32)
(20, 6, 28)
(20, 7, 24)
(20, 8, 24)
(20, 9, 24)
(20, 10, 22)
(20, 11, 20)
(20, 12, 19)
(20, 13, 18)
(20, 14, 16)
(20, 15, 16)
(20, 16, 16)
(20, 17, 16)
(20, 18, 16)
(20, 19, 16)
(20, 20, 16)
(20, 21, 16)
(20, 22, 16)
(20, 23, 16)
(20, 24, 16)
(20, 25, 16)
(20, 26, 16)
(20, 27, 16)
(20, 28, 15)
(20, 29, 15)
(20, 30, 15)
(20, 31, 14)
(20, 32, 14)
(20, 33, 14)
(20, 34, 13)
(20, 35, 13)
(20, 36, 11)
(20, 37, 10)
(20, 38, 10)
(20, 39, 9)

(21, 0, 71)
(21, 1, 59)
(21, 2, 48)
(21, 3, 44)
(21, 4, 40)
(21, 5, 32)
(21, 6, 28)
(21, 7, 24)
(21, 8, 24)
(21, 9, 24)
(21, 10, 22)
(21, 11, 20)
(21, 12, 19)
(21, 13, 18)
(21, 14, 16)
(21, 15, 16)
(21, 16, 16)
(21, 17, 16)
(21, 18, 16)
(21, 19, 16)
(21, 20, 16)
(21, 21, 16)
(21, 22, 16)
(21, 23, 16)
(21, 24, 16)
(21, 25, 16)
(21, 26, 16)
(21, 27, 16)
(21, 28, 15)
(21, 29, 15)
(21, 30, 15)
(21, 31, 14)
(21, 32, 14)
(21, 33, 14)
(21, 34, 13)
(21, 35, 13)
(21, 36, 11)
(21, 37, 10)
(21, 38, 10)
(21, 39, 9)

(22, 0, 71)
(22, 1, 59)
(22, 2, 48)
(22, 3, 44)
(22, 4, 40)
(22, 5, 32)
(22, 6, 28)
(22, 7, 24)
(22, 8, 24)
(22, 9, 24)
(22, 10, 22)
(22, 11, 20)
(22, 12, 19)
(22, 13, 18)
(22, 14, 16)
(22, 15, 16)
(22, 16, 16)
(22, 17, 16)
(22, 18, 16)
(22, 19, 16)
(22, 20, 16)
(22, 21, 16)
(22, 22, 16)
(22, 23, 16)
(22, 24, 16)
(22, 25, 16)
(22, 26, 16)
(22, 27, 16)
(22, 28, 15)
(22, 29, 15)
(22, 30, 15)
(22, 31, 14)
(22, 32, 14)
(22, 33, 14)
(22, 34, 13)
(22, 35, 13)
(22, 36, 11)
(22, 37, 10)
(22, 38, 10)
(22, 39, 9)

(23, 0, 71)
(23, 1, 59)
(23, 2, 48)
(23, 3, 44)
(23, 4, 40)
(23, 5, 32)
(23, 6, 28)
(23, 7, 24)
(23, 8, 24)
(23, 9, 24)
(23, 10, 22)
(23, 11, 20)
(23, 12, 19)
(23, 13, 18)
(23, 14, 16)
(23, 15, 16)
(23, 16, 16)
(23, 17, 16)
(23, 18, 16)
(23, 19, 16)
(23, 20, 16)
(23, 21, 16)
(23, 22, 16)
(23, 23, 16)
(23, 24, 16)
(23, 25, 16)
(23, 26, 16)
(23, 27, 16)
(23, 28, 15)
(23, 29, 15)
(23, 30, 15)
(23, 31, 14)
(23, 32, 14)
(23, 33, 14)
(23, 34, 13)
(23, 35, 13)
(23, 36, 11)
(23, 37, 10)
(23, 38, 10)
(23, 39, 9)

(24, 0, 71)
(24, 1, 59)
(24, 2, 48)
(24, 3, 44)
(24, 4, 40)
(24, 5, 32)
(24, 6, 28)
(24, 7, 24)
(24, 8, 24)
(24, 9, 24)
(24, 10, 22)
(24, 11, 20)
(24, 12, 19)
(24, 13, 18)
(24, 14, 16)
(24, 15, 16)
(24, 16, 16)
(24, 17, 16)
(24, 18, 16)
(24, 19, 16)
(24, 20, 16)
(24, 21, 16)
(24, 22, 16)
(24, 23, 16)
(24, 24, 16)
(24, 25, 16)
(24, 26, 16)
(24, 27, 16)
(24, 28, 15)
(24, 29, 15)
(24, 30, 15)
(24, 31, 14)
(24, 32, 14)
(24, 33, 14)
(24, 34, 13)
(24, 35, 13)
(24, 36, 11)
(24, 37, 10)
(24, 38, 10)
(24, 39, 9)

(25, 0, 71)
(25, 1, 59)
(25, 2, 48)
(25, 3, 44)
(25, 4, 40)
(25, 5, 32)
(25, 6, 28)
(25, 7, 24)
(25, 8, 24)
(25, 9, 24)
(25, 10, 22)
(25, 11, 20)
(25, 12, 19)
(25, 13, 18)
(25, 14, 16)
(25, 15, 16)
(25, 16, 16)
(25, 17, 16)
(25, 18, 16)
(25, 19, 16)
(25, 20, 16)
(25, 21, 16)
(25, 22, 16)
(25, 23, 16)
(25, 24, 16)
(25, 25, 16)
(25, 26, 16)
(25, 27, 16)
(25, 28, 15)
(25, 29, 15)
(25, 30, 15)
(25, 31, 14)
(25, 32, 14)
(25, 33, 14)
(25, 34, 13)
(25, 35, 13)
(25, 36, 11)
(25, 37, 10)
(25, 38, 10)
(25, 39, 9)

(26, 0, 71)
(26, 1, 59)
(26, 2, 48)
(26, 3, 44)
(26, 4, 40)
(26, 5, 32)
(26, 6, 28)
(26, 7, 24)
(26, 8, 24)
(26, 9, 24)
(26, 10, 22)
(26, 11, 20)
(26, 12, 19)
(26, 13, 18)
(26, 14, 16)
(26, 15, 16)
(26, 16, 16)
(26, 17, 16)
(26, 18, 16)
(26, 19, 16)
(26, 20, 16)
(26, 21, 16)
(26, 22, 16)
(26, 23, 16)
(26, 24, 16)
(26, 25, 16)
(26, 26, 16)
(26, 27, 16)
(26, 28, 15)
(26, 29, 15)
(26, 30, 15)
(26, 31, 14)
(26, 32, 14)
(26, 33, 14)
(26, 34, 13)
(26, 35, 13)
(26, 36, 11)
(26, 37, 10)
(26, 38, 10)
(26, 39, 9)

(27, 0, 71)
(27, 1, 59)
(27, 2, 48)
(27, 3, 44)
(27, 4, 40)
(27, 5, 32)
(27, 6, 28)
(27, 7, 24)
(27, 8, 24)
(27, 9, 24)
(27, 10, 22)
(27, 11, 20)
(27, 12, 19)
(27, 13, 18)
(27, 14, 16)
(27, 15, 16)
(27, 16, 16)
(27, 17, 16)
(27, 18, 16)
(27, 19, 16)
(27, 20, 16)
(27, 21, 16)
(27, 22, 16)
(27, 23, 16)
(27, 24, 16)
(27, 25, 16)
(27, 26, 16)
(27, 27, 16)
(27, 28, 15)
(27, 29, 15)
(27, 30, 15)
(27, 31, 14)
(27, 32, 14)
(27, 33, 14)
(27, 34, 13)
(27, 35, 13)
(27, 36, 11)
(27, 37, 10)
(27, 38, 10)
(27, 39, 9)

(28, 0, 71)
(28, 1, 59)
(28, 2, 48)
(28, 3, 44)
(28, 4, 40)
(28, 5, 32)
(28, 6, 28)
(28, 7, 24)
(28, 8, 24)
(28, 9, 24)
(28, 10, 22)
(28, 11, 20)
(28, 12, 19)
(28, 13, 18)
(28, 14, 16)
(28, 15, 16)
(28, 16, 16)
(28, 17, 16)
(28, 18, 16)
(28, 19, 16)
(28, 20, 16)
(28, 21, 16)
(28, 22, 16)
(28, 23, 16)
(28, 24, 16)
(28, 25, 16)
(28, 26, 16)
(28, 27, 16)
(28, 28, 15)
(28, 29, 15)
(28, 30, 15)
(28, 31, 14)
(28, 32, 14)
(28, 33, 14)
(28, 34, 13)
(28, 35, 13)
(28, 36, 11)
(28, 37, 10)
(28, 38, 10)
(28, 39, 9)

(29, 0, 71)
(29, 1, 59)
(29, 2, 48)
(29, 3, 44)
(29, 4, 40)
(29, 5, 32)
(29, 6, 28)
(29, 7, 24)
(29, 8, 24)
(29, 9, 24)
(29, 10, 22)
(29, 11, 20)
(29, 12, 19)
(29, 13, 18)
(29, 14, 16)
(29, 15, 16)
(29, 16, 16)
(29, 17, 16)
(29, 18, 16)
(29, 19, 16)
(29, 20, 16)
(29, 21, 16)
(29, 22, 16)
(29, 23, 16)
(29, 24, 16)
(29, 25, 16)
(29, 26, 16)
(29, 27, 16)
(29, 28, 15)
(29, 29, 15)
(29, 30, 15)
(29, 31, 14)
(29, 32, 14)
(29, 33, 14)
(29, 34, 13)
(29, 35, 13)
(29, 36, 11)
(29, 37, 10)
(29, 38, 10)
(29, 39, 9)

(30, 0, 71)
(30, 1, 59)
(30, 2, 48)
(30, 3, 44)
(30, 4, 40)
(30, 5, 32)
(30, 6, 28)
(30, 7, 24)
(30, 8, 24)
(30, 9, 24)
(30, 10, 22)
(30, 11, 20)
(30, 12, 19)
(30, 13, 18)
(30, 14, 16)
(30, 15, 16)
(30, 16, 16)
(30, 17, 16)
(30, 18, 16)
(30, 19, 16)
(30, 20, 16)
(30, 21, 16)
(30, 22, 16)
(30, 23, 16)
(30, 24, 16)
(30, 25, 16)
(30, 26, 16)
(30, 27, 16)
(30, 28, 15)
(30, 29, 15)
(30, 30, 15)
(30, 31, 14)
(30, 32, 14)
(30, 33, 14)
(30, 34, 13)
(30, 35, 13)
(30, 36, 11)
(30, 37, 10)
(30, 38, 10)
(30, 39, 9)

(31, 0, 72)
(31, 1, 60)
(31, 2, 49)
(31, 3, 45)
(31, 4, 41)
(31, 5, 33)
(31, 6, 29)
(31, 7, 25)
(31, 8, 25)
(31, 9, 25)
(31, 10, 23)
(31, 11, 21)
(31, 12, 20)
(31, 13, 19)
(31, 14, 17)
(31, 15, 17)
(31, 16, 17)
(31, 17, 17)
(31, 18, 17)
(31, 19, 17)
(31, 20, 17)
(31, 21, 17)
(31, 22, 17)
(31, 23, 17)
(31, 24, 17)
(31, 25, 17)
(31, 26, 17)
(31, 27, 17)
(31, 28, 16)
(31, 29, 16)
(31, 30, 16)
(31, 31, 15)
(31, 32, 15)
(31, 33, 15)
(31, 34, 14)
(31, 35, 14)
(31, 36, 12)
(31, 37, 11)
(31, 38, 11)
(31, 39, 10)

(32, 0, 72)
(32, 1, 60)
(32, 2, 49)
(32, 3, 45)
(32, 4, 41)
(32, 5, 33)
(32, 6, 29)
(32, 7, 25)
(32, 8, 25)
(32, 9, 25)
(32, 10, 23)
(32, 11, 21)
(32, 12, 20)
(32, 13, 19)
(32, 14, 17)
(32, 15, 17)
(32, 16, 17)
(32, 17, 17)
(32, 18, 17)
(32, 19, 17)
(32, 20, 17)
(32, 21, 17)
(32, 22, 17)
(32, 23, 17)
(32, 24, 17)
(32, 25, 17)
(32, 26, 17)
(32, 27, 17)
(32, 28, 16)
(32, 29, 16)
(32, 30, 16)
(32, 31, 15)
(32, 32, 15)
(32, 33, 15)
(32, 34, 14)
(32, 35, 14)
(32, 36, 12)
(32, 37, 11)
(32, 38, 11)
(32, 39, 10)

(33, 0, 72)
(33, 1, 60)
(33, 2, 49)
(33, 3, 45)
(33, 4, 41)
(33, 5, 33)
(33, 6, 29)
(33, 7, 25)
(33, 8, 25)
(33, 9, 25)
(33, 10, 23)
(33, 11, 21)
(33, 12, 20)
(33, 13, 19)
(33, 14, 17)
(33, 15, 17)
(33, 16, 17)
(33, 17, 17)
(33, 18, 17)
(33, 19, 17)
(33, 20, 17)
(33, 21, 17)
(33, 22, 17)
(33, 23, 17)
(33, 24, 17)
(33, 25, 17)
(33, 26, 17)
(33, 27, 17)
(33, 28, 16)
(33, 29, 16)
(33, 30, 16)
(33, 31, 15)
(33, 32, 15)
(33, 33, 15)
(33, 34, 14)
(33, 35, 14)
(33, 36, 12)
(33, 37, 11)
(33, 38, 11)
(33, 39, 10)

(34, 0, 72)
(34, 1, 60)
(34, 2, 49)
(34, 3, 45)
(34, 4, 41)
(34, 5, 33)
(34, 6, 29)
(34, 7, 25)
(34, 8, 25)
(34, 9, 25)
(34, 10, 23)
(34, 11, 21)
(34, 12, 20)
(34, 13, 19)
(34, 14, 17)
(34, 15, 17)
(34, 16, 17)
(34, 17, 17)
(34, 18, 17)
(34, 19, 17)
(34, 20, 17)
(34, 21, 17)
(34, 22, 17)
(34, 23, 17)
(34, 24, 17)
(34, 25, 17)
(34, 26, 17)
(34, 27, 17)
(34, 28, 16)
(34, 29, 16)
(34, 30, 16)
(34, 31, 15)
(34, 32, 15)
(34, 33, 15)
(34, 34, 14)
(34, 35, 14)
(34, 36, 12)
(34, 37, 11)
(34, 38, 11)
(34, 39, 10)

(35, 0, 74)
(35, 1, 62)
(35, 2, 51)
(35, 3, 47)
(35, 4, 43)
(35, 5, 35)
(35, 6, 31)
(35, 7, 27)
(35, 8, 27)
(35, 9, 27)
(35, 10, 24)
(35, 11, 22)
(35, 12, 21)
(35, 13, 20)
(35, 14, 18)
(35, 15, 18)
(35, 16, 18)
(35, 17, 18)
(35, 18, 18)
(35, 19, 18)
(35, 20, 18)
(35, 21, 18)
(35, 22, 18)
(35, 23, 18)
(35, 24, 18)
(35, 25, 18)
(35, 26, 18)
(35, 27, 18)
(35, 28, 17)
(35, 29, 17)
(35, 30, 17)
(35, 31, 16)
(35, 32, 16)
(35, 33, 16)
(35, 34, 15)
(35, 35, 15)
(35, 36, 13)
(35, 37, 12)
(35, 38, 12)
(35, 39, 11)

(36, 0, 74)
(36, 1, 62)
(36, 2, 51)
(36, 3, 47)
(36, 4, 43)
(36, 5, 35)
(36, 6, 31)
(36, 7, 27)
(36, 8, 27)
(36, 9, 27)
(36, 10, 24)
(36, 11, 22)
(36, 12, 21)
(36, 13, 20)
(36, 14, 18)
(36, 15, 18)
(36, 16, 18)
(36, 17, 18)
(36, 18, 18)
(36, 19, 18)
(36, 20, 18)
(36, 21, 18)
(36, 22, 18)
(36, 23, 18)
(36, 24, 18)
(36, 25, 18)
(36, 26, 18)
(36, 27, 18)
(36, 28, 17)
(36, 29, 17)
(36, 30, 17)
(36, 31, 16)
(36, 32, 16)
(36, 33, 16)
(36, 34, 15)
(36, 35, 15)
(36, 36, 13)
(36, 37, 12)
(36, 38, 12)
(36, 39, 11)

(37, 0, 75)
(37, 1, 63)
(37, 2, 52)
(37, 3, 48)
(37, 4, 44)
(37, 5, 36)
(37, 6, 32)
(37, 7, 28)
(37, 8, 28)
(37, 9, 28)
(37, 10, 25)
(37, 11, 23)
(37, 12, 22)
(37, 13, 21)
(37, 14, 19)
(37, 15, 19)
(37, 16, 19)
(37, 17, 19)
(37, 18, 19)
(37, 19, 19)
(37, 20, 19)
(37, 21, 18)
(37, 22, 18)
(37, 23, 18)
(37, 24, 18)
(37, 25, 18)
(37, 26, 18)
(37, 27, 18)
(37, 28, 17)
(37, 29, 17)
(37, 30, 17)
(37, 31, 16)
(37, 32, 16)
(37, 33, 16)
(37, 34, 15)
(37, 35, 15)
(37, 36, 13)
(37, 37, 12)
(37, 38, 12)
(37, 39, 11)

(38, 0, 75)
(38, 1, 63)
(38, 2, 52)
(38, 3, 48)
(38, 4, 44)
(38, 5, 36)
(38, 6, 32)
(38, 7, 28)
(38, 8, 28)
(38, 9, 28)
(38, 10, 25)
(38, 11, 23)
(38, 12, 22)
(38, 13, 21)
(38, 14, 19)
(38, 15, 19)
(38, 16, 19)
(38, 17, 19)
(38, 18, 19)
(38, 19, 19)
(38, 20, 19)
(38, 21, 18)
(38, 22, 18)
(38, 23, 18)
(38, 24, 18)
(38, 25, 18)
(38, 26, 18)
(38, 27, 18)
(38, 28, 17)
(38, 29, 17)
(38, 30, 17)
(38, 31, 16)
(38, 32, 16)
(38, 33, 16)
(38, 34, 15)
(38, 35, 15)
(38, 36, 13)
(38, 37, 12)
(38, 38, 12)
(38, 39, 11)

(39, 0, 86)
(39, 1, 67)
(39, 2, 54)
(39, 3, 49)
(39, 4, 45)
(39, 5, 37)
(39, 6, 33)
(39, 7, 29)
(39, 8, 29)
(39, 9, 29)
(39, 10, 26)
(39, 11, 24)
(39, 12, 23)
(39, 13, 22)
(39, 14, 20)
(39, 15, 20)
(39, 16, 20)
(39, 17, 20)
(39, 18, 20)
(39, 19, 20)
(39, 20, 20)
(39, 21, 19)
(39, 22, 19)
(39, 23, 19)
(39, 24, 19)
(39, 25, 19)
(39, 26, 19)
(39, 27, 19)
(39, 28, 18)
(39, 29, 17)
(39, 30, 17)
(39, 31, 16)
(39, 32, 16)
(39, 33, 16)
(39, 34, 15)
(39, 35, 15)
(39, 36, 13)
(39, 37, 12)
(39, 38, 12)
(39, 39, 11)


Betti numbers:
xi_0:
(0, 0, 1)
(1, 0, 1)
(3, 0, 2)
(4, 0, 2)
(6, 0, 1)
(7, 0, 6)
(8, 0, 9)
(9, 0, 11)
(10, 0, 4)
(11, 0, 6)
(12, 0, 4)
(13, 0, 9)
(14, 0, 6)
(15, 0, 1)
(16, 0, 2)
(17, 0, 2)
(18, 0, 3)
(19, 0, 1)
(31, 0, 1)
(35, 0, 2)
(37, 0, 1)
(39, 0, 11)
xi_1:
(1, 37, 1)
(3, 1, 1)
(4, 2, 1)
(4, 36, 1)
(7, 1, 2)
(7, 7, 2)
(7, 10, 1)
(8, 1, 3)
(8, 2, 1)
(8, 4, 1)
(8, 5, 4)
(8, 38, 1)
(9, 1, 3)
(9, 2, 4)
(9, 3, 1)
(9, 5, 2)
(9, 6, 1)
(9, 36, 1)
(10, 3, 1)
(10, 11, 1)
(11, 1, 1)
(11, 2, 2)
(11, 4, 1)
(11, 5, 1)
(11, 31, 1)
(12, 3, 1)
(12, 12, 1)
(12, 13, 1)
(12, 28, 1)
(13, 1, 2)
(13, 2, 3)
(13, 3, 1)
(13, 4, 2)
(13, 14, 1)
(14, 5, 1)
(14, 6, 2)
(14, 7, 2)
(14, 39, 1)
(15, 10, 1)
(16, 11, 1)
(17, 7, 1)
(17, 14, 1)
(18, 6, 1)
(18, 34, 1)
(35, 10, 1)
(37, 21, 1)
(39, 1, 7)
(39, 2, 2)
(39, 3, 1)
(39, 29, 1)
xi_2:
(8, 7, 1)
(9, 38, 1)
