x-grades
-21588718874020239/8000000000000
-52960116563792003/20000000000000
-103896871885066817/40000000000000
-25468377660637407/10000000000000
-99850149400032439/40000000000000
-391307152630061/160000000000
-95803426914998061/40000000000000
-11722508209060109/5000000000000
-91756704429963683/40000000000000
-44866671593723247/20000000000000
-17541996388985861/8000000000000
-21421655175603029/10000000000000
-83663259459894927/40000000000000
-40819949108688869/20000000000000
-79616536974860549/40000000000000
-242478674163573/125000000000
-75569814489826171/40000000000000
-36773226623654491/20000000000000
-71523092004791793/40000000000000
-17374932690568651/10000000000000
-13495273903951483/8000000000000
-32726504138620113/20000000000000
-63429647034723037/40000000000000
-7675785724025731/5000000000000
-59382924549688659/40000000000000
-5735956330717147/4000000000000
-55336202064654281/40000000000000
-13328210205534273/10000000000000
-51289479579619903/40000000000000
-24633059168551357/20000000000000
-1889710283783421/1600000000000
-2826212240754271/2500000000000
-43196034609551147/40000000000000
-20586336683516979/20000000000000
-39149312124516769/40000000000000
-1856297544099979/2000000000000
-35102589639482391/40000000000000
-16539614198482601/20000000000000
-31055867154448013/40000000000000
-3629063238991353/5000000000000

y-grades
999271/4000000
999271/2000000
2997813/4000000
999271/1000000
999271/800000
2997813/2000000
6994897/4000000
999271/500000
8993439/4000000
999271/400000
10991981/4000000
2997813/1000000
12990523/4000000
6994897/2000000
2997813/800000
999271/250000
16987607/4000000
8993439/2000000
18986149/4000000
999271/200000
20984691/4000000
10991981/2000000
22983233/4000000
2997813/500000
999271/160000
12990523/2000000
26980317/4000000
6994897/1000000
28978859/4000000
2997813/400000
30977401/4000000
999271/125000
32975943/4000000
16987607/2000000
6994897/800000
8993439/1000000
36973027/4000000
18986149/2000000
38971569/4000000
999271/100000

Dimensions > 0:
(0, 0, 40)
(0, 1, 40)
(0, 2, 40)
(0, 3, 40)
(0, 4, 40)
(0, 5, 40)
(0, 6, 40)
(0, 7, 40)
(0, 8, 40)
(0, 9, 40)
(0, 10, 40)
(0, 11, 40)
(0, 12, 40)
(0, 13, 40)
(0, 14, 40)
(0, 15, 40)
(0, 16, 40)
(0, 17, 40)
(0, 18, 40)
(0, 19, 40)
(0, 20, 40)
(0, 21, 40)
(0, 22, 40)
(0, 23, 40)
(0, 24, 40)
(0, 25, 40)
(0, 26, 40)
(0, 27, 40)
(0, 28, 40)
(0, 29, 40)
(0, 30, 40)
(0, 31, 40)
(0, 32, 40)
(0, 33, 40)
(0, 34, 40)
(0, 35, 40)
(0, 36, 40)
(0, 37, 40)
(0, 38, 40)
(0, 39, 40)

(1, 0, 56)
(1, 1, 56)
(1, 2, 56)
(1, 3, 56)
(1, 4, 56)
(1, 5, 56)
(1, 6, 56)
(1, 7, 56)
(1, 8, 56)
(1, 9, 56)
(1, 10, 56)
(1, 11, 56)
(1, 12, 56)
(1, 13, 56)
(1, 14, 56)
(1, 15, 56)
(1, 16, 56)
(1, 17, 56)
(1, 18, 56)
(1, 19, 56)
(1, 20, 56)
(1, 21, 56)
(1, 22, 56)
(1, 23, 56)
(1, 24, 56)
(1, 25, 56)
(1, 26, 56)
(1, 27, 56)
(1, 28, 56)
(1, 29, 56)
(1, 30, 56)
(1, 31, 56)
(1, 32, 56)
(1, 33, 56)
(1, 34, 56)
(1, 35, 56)
(1, 36, 56)
(1, 37, 56)
(1, 38, 56)
(1, 39, 56)

(2, 0, 82)
(2, 1, 82)
(2, 2, 82)
(2, 3, 82)
(2, 4, 82)
(2, 5, 82)
(2, 6, 82)
(2, 7, 82)
(2, 8, 82)
(2, 9, 82)
(2, 10, 82)
(2, 11, 82)
(2, 12, 82)
(2, 13, 82)
(2, 14, 82)
(2, 15, 82)
(2, 16, 82)
(2, 17, 82)
(2, 18, 82)
(2, 19, 82)
(2, 20, 82)
(2, 21, 82)
(2, 22, 82)
(2, 23, 82)
(2, 24, 82)
(2, 25, 82)
(2, 26, 82)
(2, 27, 82)
(2, 28, 82)
(2, 29, 82)
(2, 30, 82)
(2, 31, 82)
(2, 32, 82)
(2, 33, 82)
(2, 34, 82)
(2, 35, 82)
(2, 36, 82)
(2, 37, 82)
(2, 38, 82)
(2, 39, 82)

(3, 0, 137)
(3, 1, 137)
(3, 2, 137)
(3, 3, 137)
(3, 4, 137)
(3, 5, 137)
(3, 6, 137)
(3, 7, 137)
(3, 8, 137)
(3, 9, 137)
(3, 10, 137)
(3, 11, 137)
(3, 12, 137)
(3, 13, 137)
(3, 14, 137)
(3, 15, 137)
(3, 16, 137)
(3, 17, 137)
(3, 18, 137)
(3, 19, 137)
(3, 20, 137)
(3, 21, 137)
(3, 22, 137)
(3, 23, 137)
(3, 24, 137)
(3, 25, 137)
(3, 26, 137)
(3, 27, 137)
(3, 28, 137)
(3, 29, 137)
(3, 30, 137)
(3, 31, 137)
(3, 32, 137)
(3, 33, 137)
(3, 34, 137)
(3, 35, 137)
(3, 36, 137)
(3, 37, 137)
(3, 38, 137)
(3, 39, 137)

(4, 0, 166)
(4, 1, 166)
(4, 2, 166)
(4, 3, 166)
(4, 4, 166)
(4, 5, 166)
(4, 6, 166)
(4, 7, 166)
(4, 8, 166)
(4, 9, 166)
(4, 10, 165)
(4, 11, 165)
(4, 12, 165)
(4, 13, 165)
(4, 14, 165)
(4, 15, 165)
(4, 16, 165)
(4, 17, 165)
(4, 18, 165)
(4, 19, 165)
(4, 20, 165)
(4, 21, 165)
(4, 22, 165)
(4, 23, 165)
(4, 24, 165)
(4, 25, 164)
(4, 26, 164)
(4, 27, 164)
(4, 28, 164)
(4, 29, 164)
(4, 30, 163)
(4, 31, 163)
(4, 32, 163)
(4, 33, 163)
(4, 34, 163)
(4, 35, 163)
(4, 36, 163)
(4, 37, 163)
(4, 38, 163)
(4, 39, 163)

(5, 0, 209)
(5, 1, 209)
(5, 2, 209)
(5, 3, 209)
(5, 4, 208)
(5, 5, 208)
(5, 6, 208)
(5, 7, 208)
(5, 8, 208)
(5, 9, 208)
(5, 10, 207)
(5, 11, 207)
(5, 12, 207)
(5, 13, 207)
(5, 14, 207)
(5, 15, 207)
(5, 16, 207)
(5, 17, 207)
(5, 18, 207)
(5, 19, 207)
(5, 20, 207)
(5, 21, 207)
(5, 22, 207)
(5, 23, 207)
(5, 24, 207)
(5, 25, 206)
(5, 26, 206)
(5, 27, 206)
(5, 28, 206)
(5, 29, 206)
(5, 30, 205)
(5, 31, 205)
(5, 32, 205)
(5, 33, 205)
(5, 34, 205)
(5, 35, 205)
(5, 36, 205)
(5, 37, 205)
(5, 38, 205)
(5, 39, 205)

(6, 0, 222)
(6, 1, 222)
(6, 2, 222)
(6, 3, 222)
(6, 4, 221)
(6, 5, 221)
(6, 6, 221)
(6, 7, 221)
(6, 8, 221)
(6, 9, 221)
(6, 10, 220)
(6, 11, 220)
(6, 12, 220)
(6, 13, 220)
(6, 14, 220)
(6, 15, 220)
(6, 16, 220)
(6, 17, 220)
(6, 18, 220)
(6, 19, 220)
(6, 20, 220)
(6, 21, 220)
(6, 22, 220)
(6, 23, 220)
(6, 24, 220)
(6, 25, 219)
(6, 26, 219)
(6, 27, 219)
(6, 28, 219)
(6, 29, 219)
(6, 30, 218)
(6, 31, 218)
(6, 32, 218)
(6, 33, 218)
(6, 34, 218)
(6, 35, 218)
(6, 36, 218)
(6, 37, 218)
(6, 38, 218)
(6, 39, 218)

(7, 0, 260)
(7, 1, 260)
(7, 2, 260)
(7, 3, 260)
(7, 4, 259)
(7, 5, 259)
(7, 6, 259)
(7, 7, 259)
(7, 8, 259)
(7, 9, 259)
(7, 10, 258)
(7, 11, 258)
(7, 12, 258)
(7, 13, 258)
(7, 14, 258)
(7, 15, 258)
(7, 16, 258)
(7, 17, 258)
(7, 18, 258)
(7, 19, 258)
(7, 20, 258)
(7, 21, 258)
(7, 22, 258)
(7, 23, 258)
(7, 24, 258)
(7, 25, 257)
(7, 26, 257)
(7, 27, 257)
(7, 28, 257)
(7, 29, 257)
(7, 30, 256)
(7, 31, 256)
(7, 32, 256)
(7, 33, 256)
(7, 34, 256)
(7, 35, 256)
(7, 36, 256)
(7, 37, 256)
(7, 38, 256)
(7, 39, 256)

(8, 0, 301)
(8, 1, 301)
(8, 2, 301)
(8, 3, 301)
(8, 4, 300)
(8, 5, 300)
(8, 6, 300)
(8, 7, 300)
(8, 8, 300)
(8, 9, 300)
(8, 10, 299)
(8, 11, 299)
(8, 12, 299)
(8, 13, 299)
(8, 14, 299)
(8, 15, 299)
(8, 16, 299)
(8, 17, 299)
(8, 18, 299)
(8, 19, 299)
(8, 20, 299)
(8, 21, 299)
(8, 22, 299)
(8, 23, 299)
(8, 24, 299)
(8, 25, 298)
(8, 26, 298)
(8, 27, 298)
(8, 28, 298)
(8, 29, 298)
(8, 30, 297)
(8, 31, 297)
(8, 32, 297)
(8, 33, 297)
(8, 34, 297)
(8, 35, 297)
(8, 36, 297)
(8, 37, 297)
(8, 38, 297)
(8, 39, 297)

(9, 0, 313)
(9, 1, 313)
(9, 2, 313)
(9, 3, 313)
(9, 4, 312)
(9, 5, 312)
(9, 6, 312)
(9, 7, 312)
(9, 8, 312)
(9, 9, 312)
(9, 10, 311)
(9, 11, 311)
(9, 12, 311)
(9, 13, 311)
(9, 14, 311)
(9, 15, 311)
(9, 16, 311)
(9, 17, 311)
(9, 18, 311)
(9, 19, 311)
(9, 20, 311)
(9, 21, 311)
(9, 22, 311)
(9, 23, 311)
(9, 24, 311)
(9, 25, 310)
(9, 26, 310)
(9, 27, 310)
(9, 28, 310)
(9, 29, 310)
(9, 30, 309)
(9, 31, 309)
(9, 32, 309)
(9, 33, 309)
(9, 34, 309)
(9, 35, 309)
(9, 36, 309)
(9, 37, 309)
(9, 38, 309)
(9, 39, 309)

(10, 0, 313)
(10, 1, 313)
(10, 2, 313)
(10, 3, 313)
(10, 4, 312)
(10, 5, 312)
(10, 6, 312)
(10, 7, 312)
(10, 8, 312)
(10, 9, 312)
(10, 10, 311)
(10, 11, 311)
(10, 12, 311)
(10, 13, 311)
(10, 14, 311)
(10, 15, 311)
(10, 16, 311)
(10, 17, 311)
(10, 18, 311)
(10, 19, 311)
(10, 20, 311)
(10, 21, 311)
(10, 22, 311)
(10, 23, 311)
(10, 24, 311)
(10, 25, 310)
(10, 26, 310)
(10, 27, 310)
(10, 28, 310)
(10, 29, 310)
(10, 30, 309)
(10, 31, 309)
(10, 32, 309)
(10, 33, 309)
(10, 34, 309)
(10, 35, 309)
(10, 36, 309)
(10, 37, 309)
(10, 38, 309)
(10, 39, 309)

(11, 0, 315)
(11, 1, 315)
(11, 2, 315)
(11, 3, 315)
(11, 4, 314)
(11, 5, 314)
(11, 6, 314)
(11, 7, 314)
(11, 8, 314)
(11, 9, 314)
(11, 10, 313)
(11, 11, 313)
(11, 12, 313)
(11, 13, 313)
(11, 14, 313)
(11, 15, 313)
(11, 16, 313)
(11, 17, 313)
(11, 18, 313)
(11, 19, 313)
(11, 20, 313)
(11, 21, 313)
(11, 22, 313)
(11, 23, 313)
(11, 24, 313)
(11, 25, 312)
(11, 26, 312)
(11, 27, 312)
(11, 28, 312)
(11, 29, 312)
(11, 30, 311)
(11, 31, 311)
(11, 32, 311)
(11, 33, 311)
(11, 34, 311)
(11, 35, 311)
(11, 36, 311)
(11, 37, 311)
(11, 38, 311)
(11, 39, 311)

(12, 0, 316)
(12, 1, 316)
(12, 2, 316)
(12, 3, 316)
(12, 4, 315)
(12, 5, 315)
(12, 6, 315)
(12, 7, 315)
(12, 8, 315)
(12, 9, 315)
(12, 10, 314)
(12, 11, 314)
(12, 12, 314)
(12, 13, 314)
(12, 14, 314)
(12, 15, 314)
(12, 16, 314)
(12, 17, 314)
(12, 18, 314)
(12, 19, 314)
(12, 20, 314)
(12, 21, 314)
(12, 22, 314)
(12, 23, 314)
(12, 24, 314)
(12, 25, 313)
(12, 26, 313)
(12, 27, 313)
(12, 28, 313)
(12, 29, 313)
(12, 30, 312)
(12, 31, 312)
(12, 32, 312)
(12, 33, 312)
(12, 34, 312)
(12, 35, 312)
(12, 36, 312)
(12, 37, 312)
(12, 38, 312)
(12, 39, 312)

(13, 0, 318)
(13, 1, 318)
(13, 2, 318)
(13, 3, 318)
(13, 4, 317)
(13, 5, 317)
(13, 6, 317)
(13, 7, 317)
(13, 8, 317)
(13, 9, 317)
(13, 10, 316)
(13, 11, 316)
(13, 12, 316)
(13, 13, 316)
(13, 14, 316)
(13, 15, 316)
(13, 16, 316)
(13, 17, 316)
(13, 18, 316)
(13, 19, 316)
(13, 20, 316)
(13, 21, 316)
(13, 22, 316)
(13, 23, 316)
(13, 24, 316)
(13, 25, 315)
(13, 26, 315)
(13, 27, 315)
(13, 28, 315)
(13, 29, 315)
(13, 30, 314)
(13, 31, 314)
(13, 32, 314)
(13, 33, 314)
(13, 34, 314)
(13, 35, 314)
(13, 36, 314)
(13, 37, 314)
(13, 38, 314)
(13, 39, 314)

(14, 0, 321)
(14, 1, 321)
(14, 2, 321)
(14, 3, 321)
(14, 4, 320)
(14, 5, 320)
(14, 6, 320)
(14, 7, 320)
(14, 8, 319)
(14, 9, 319)
(14, 10, 318)
(14, 11, 318)
(14, 12, 318)
(14, 13, 318)
(14, 14, 318)
(14, 15, 318)
(14, 16, 318)
(14, 17, 318)
(14, 18, 318)
(14, 19, 318)
(14, 20, 318)
(14, 21, 318)
(14, 22, 318)
(14, 23, 318)
(14, 24, 318)
(14, 25, 317)
(14, 26, 317)
(14, 27, 317)
(14, 28, 317)
(14, 29, 317)
(14, 30, 316)
(14, 31, 316)
(14, 32, 316)
(14, 33, 316)
(14, 34, 316)
(14, 35, 316)
(14, 36, 316)
(14, 37, 316)
(14, 38, 316)
(14, 39, 316)

(15, 0, 378)
(15, 1, 376)
(15, 2, 368)
(15, 3, 362)
(15, 4, 360)
(15, 5, 357)
(15, 6, 352)
(15, 7, 351)
(15, 8, 349)
(15, 9, 348)
(15, 10, 347)
(15, 11, 347)
(15, 12, 347)
(15, 13, 346)
(15, 14, 344)
(15, 15, 344)
(15, 16, 344)
(15, 17, 343)
(15, 18, 343)
(15, 19, 342)
(15, 20, 342)
(15, 21, 341)
(15, 22, 341)
(15, 23, 341)
(15, 24, 341)
(15, 25, 340)
(15, 26, 340)
(15, 27, 339)
(15, 28, 339)
(15, 29, 339)
(15, 30, 338)
(15, 31, 338)
(15, 32, 338)
(15, 33, 338)
(15, 34, 338)
(15, 35, 338)
(15, 36, 337)
(15, 37, 336)
(15, 38, 336)
(15, 39, 335)

(16, 0, 378)
(16, 1, 376)
(16, 2, 368)
(16, 3, 362)
(16, 4, 360)
(16, 5, 357)
(16, 6, 352)
(16, 7, 351)
(16, 8, 349)
(16, 9, 348)
(16, 10, 347)
(16, 11, 347)
(16, 12, 347)
(16, 13, 346)
(16, 14, 344)
(16, 15, 344)
(16, 16, 344)
(16, 17, 343)
(16, 18, 343)
(16, 19, 342)
(16, 20, 342)
(16, 21, 341)
(16, 22, 341)
(16, 23, 341)
(16, 24, 341)
(16, 25, 340)
(16, 26, 340)
(16, 27, 339)
(16, 28, 339)
(16, 29, 339)
(16, 30, 338)
(16, 31, 338)
(16, 32, 338)
(16, 33, 338)
(16, 34, 338)
(16, 35, 338)
(16, 36, 337)
(16, 37, 336)
(16, 38, 336)
(16, 39, 335)

(17, 0, 380)
(17, 1, 378)
(17, 2, 370)
(17, 3, 364)
(17, 4, 362)
(17, 5, 359)
(17, 6, 354)
(17, 7, 353)
(17, 8, 351)
(17, 9, 350)
(17, 10, 349)
(17, 11, 349)
(17, 12, 349)
(17, 13, 348)
(17, 14, 346)
(17, 15, 346)
(17, 16, 346)
(17, 17, 345)
(17, 18, 345)
(17, 19, 344)
(17, 20, 344)
(17, 21, 343)
(17, 22, 343)
(17, 23, 343)
(17, 24, 343)
(17, 25, 342)
(17, 26, 342)
(17, 27, 341)
(17, 28, 341)
(17, 29, 341)
(17, 30, 340)
(17, 31, 340)
(17, 32, 340)
(17, 33, 340)
(17, 34, 340)
(17, 35, 340)
(17, 36, 339)
(17, 37, 338)
(17, 38, 338)
(17, 39, 337)

(18, 0, 397)
(18, 1, 395)
(18, 2, 387)
(18, 3, 381)
(18, 4, 379)
(18, 5, 376)
(18, 6, 371)
(18, 7, 370)
(18, 8, 368)
(18, 9, 367)
(18, 10, 366)
(18, 11, 366)
(18, 12, 366)
(18, 13, 365)
(18, 14, 363)
(18, 15, 363)
(18, 16, 363)
(18, 17, 362)
(18, 18, 362)
(18, 19, 361)
(18, 20, 361)
(18, 21, 360)
(18, 22, 360)
(18, 23, 360)
(18, 24, 360)
(18, 25, 359)
(18, 26, 359)
(18, 27, 358)
(18, 28, 358)
(18, 29, 358)
(18, 30, 357)
(18, 31, 357)
(18, 32, 357)
(18, 33, 357)
(18, 34, 357)
(18, 35, 357)
(18, 36, 356)
(18, 37, 355)
(18, 38, 355)
(18, 39, 354)

(19, 0, 399)
(19, 1, 397)
(19, 2, 389)
(19, 3, 383)
(19, 4, 381)
(19, 5, 378)
(19, 6, 373)
(19, 7, 372)
(19, 8, 370)
(19, 9, 369)
(19, 10, 368)
(19, 11, 368)
(19, 12, 368)
(19, 13, 367)
(19, 14, 365)
(19, 15, 365)
(19, 16, 365)
(19, 17, 364)
(19, 18, 364)
(19, 19, 363)
(19, 20, 363)
(19, 21, 362)
(19, 22, 362)
(19, 23, 362)
(19, 24, 362)
(19, 25, 361)
(19, 26, 361)
(19, 27, 360)
(19, 28, 360)
(19, 29, 360)
(19, 30, 359)
(19, 31, 359)
(19, 32, 359)
(19, 33, 359)
(19, 34, 359)
(19, 35, 359)
(19, 36, 358)
(19, 37, 357)
(19, 38, 357)
(19, 39, 356)

(20, 0, 400)
(20, 1, 398)
(20, 2, 390)
(20, 3, 384)
(20, 4, 382)
(20, 5, 379)
(20, 6, 374)
(20, 7, 373)
(20, 8, 371)
(20, 9, 370)
(20, 10, 369)
(20, 11, 369)
(20, 12, 369)
(20, 13, 368)
(20, 14, 366)
(20, 15, 366)
(20, 16, 366)
(20, 17, 365)
(20, 18, 365)
(20, 19, 364)
(20, 20, 364)
(20, 21, 363)
(20, 22, 363)
(20, 23, 363)
(20, 24, 363)
(20, 25, 362)
(20, 26, 362)
(20, 27, 361)
(20, 28, 361)
(20, 29, 361)
(20, 30, 360)
(20, 31, 360)
(20, 32, 360)
(20, 33, 360)
(20, 34, 360)
(20, 35, 360)
(20, 36, 359)
(20, 37, 358)
(20, 38, 358)
(20, 39, 357)

(21, 0, 411)
(21, 1, 409)
(21, 2, 401)
(21, 3, 395)
(21, 4, 393)
(21, 5, 390)
(21, 6, 385)
(21, 7, 384)
(21, 8, 382)
(21, 9, 381)
(21, 10, 380)
(21, 11, 380)
(21, 12, 380)
(21, 13, 379)
(21, 14, 377)
(21, 15, 377)
(21, 16, 377)
(21, 17, 376)
(21, 18, 376)
(21, 19, 375)
(21, 20, 375)
(21, 21, 374)
(21, 22, 374)
(21, 23, 374)
(21, 24, 374)
(21, 25, 373)
(21, 26, 373)
(21, 27, 372)
(21, 28, 372)
(21, 29, 372)
(21, 30, 371)
(21, 31, 371)
(21, 32, 371)
(21, 33, 371)
(21, 34, 371)
(21, 35, 371)
(21, 36, 370)
(21, 37, 369)
(21, 38, 369)
(21, 39, 368)

(22, 0, 422)
(22, 1, 420)
(22, 2, 412)
(22, 3, 406)
(22, 4, 404)
(22, 5, 401)
(22, 6, 396)
(22, 7, 395)
(22, 8, 393)
(22, 9, 392)
(22, 10, 391)
(22, 11, 390)
(22, 12, 390)
(22, 13, 389)
(22, 14, 387)
(22, 15, 387)
(22, 16, 387)
(22, 17, 386)
(22, 18, 386)
(22, 19, 385)
(22, 20, 385)
(22, 21, 384)
(22, 22, 384)
(22, 23, 384)
(22, 24, 384)
(22, 25, 383)
(22, 26, 383)
(22, 27, 382)
(22, 28, 382)
(22, 29, 382)
(22, 30, 381)
(22, 31, 381)
(22, 32, 381)
(22, 33, 381)
(22, 34, 381)
(22, 35, 381)
(22, 36, 380)
(22, 37, 379)
(22, 38, 379)
(22, 39, 378)

(23, 0, 474)
(23, 1, 472)
(23, 2, 464)
(23, 3, 458)
(23, 4, 456)
(23, 5, 453)
(23, 6, 448)
(23, 7, 447)
(23, 8, 445)
(23, 9, 444)
(23, 10, 443)
(23, 11, 442)
(23, 12, 442)
(23, 13, 441)
(23, 14, 439)
(23, 15, 439)
(23, 16, 439)
(23, 17, 438)
(23, 18, 438)
(23, 19, 437)
(23, 20, 437)
(23, 21, 436)
(23, 22, 436)
(23, 23, 436)
(23, 24, 436)
(23, 25, 435)
(23, 26, 435)
(23, 27, 434)
(23, 28, 434)
(23, 29, 434)
(23, 30, 433)
(23, 31, 433)
(23, 32, 433)
(23, 33, 433)
(23, 34, 433)
(23, 35, 433)
(23, 36, 432)
(23, 37, 431)
(23, 38, 431)
(23, 39, 430)

(24, 0, 506)
(24, 1, 504)
(24, 2, 496)
(24, 3, 490)
(24, 4, 488)
(24, 5, 485)
(24, 6, 480)
(24, 7, 479)
(24, 8, 477)
(24, 9, 476)
(24, 10, 475)
(24, 11, 474)
(24, 12, 474)
(24, 13, 473)
(24, 14, 471)
(24, 15, 471)
(24, 16, 471)
(24, 17, 470)
(24, 18, 470)
(24, 19, 469)
(24, 20, 469)
(24, 21, 468)
(24, 22, 468)
(24, 23, 468)
(24, 24, 468)
(24, 25, 467)
(24, 26, 467)
(24, 27, 466)
(24, 28, 466)
(24, 29, 466)
(24, 30, 465)
(24, 31, 465)
(24, 32, 465)
(24, 33, 465)
(24, 34, 465)
(24, 35, 465)
(24, 36, 464)
(24, 37, 463)
(24, 38, 463)
(24, 39, 462)

(25, 0, 566)
(25, 1, 564)
(25, 2, 556)
(25, 3, 550)
(25, 4, 548)
(25, 5, 545)
(25, 6, 540)
(25, 7, 539)
(25, 8, 537)
(25, 9, 536)
(25, 10, 535)
(25, 11, 534)
(25, 12, 534)
(25, 13, 533)
(25, 14, 531)
(25, 15, 531)
(25, 16, 531)
(25, 17, 530)
(25, 18, 529)
(25, 19, 528)
(25, 20, 528)
(25, 21, 526)
(25, 22, 526)
(25, 23, 526)
(25, 24, 526)
(25, 25, 525)
(25, 26, 524)
(25, 27, 523)
(25, 28, 523)
(25, 29, 523)
(25, 30, 522)
(25, 31, 521)
(25, 32, 521)
(25, 33, 521)
(25, 34, 521)
(25, 35, 521)
(25, 36, 520)
(25, 37, 519)
(25, 38, 519)
(25, 39, 518)

(26, 0, 584)
(26, 1, 582)
(26, 2, 574)
(26, 3, 568)
(26, 4, 566)
(26, 5, 563)
(26, 6, 558)
(26, 7, 557)
(26, 8, 555)
(26, 9, 554)
(26, 10, 553)
(26, 11, 551)
(26, 12, 551)
(26, 13, 550)
(26, 14, 548)
(26, 15, 548)
(26, 16, 547)
(26, 17, 546)
(26, 18, 545)
(26, 19, 544)
(26, 20, 544)
(26, 21, 542)
(26, 22, 542)
(26, 23, 542)
(26, 24, 542)
(26, 25, 541)
(26, 26, 540)
(26, 27, 539)
(26, 28, 539)
(26, 29, 539)
(26, 30, 538)
(26, 31, 537)
(26, 32, 537)
(26, 33, 537)
(26, 34, 537)
(26, 35, 537)
(26, 36, 536)
(26, 37, 535)
(26, 38, 535)
(26, 39, 534)

(27, 0, 591)
(27, 1, 589)
(27, 2, 581)
(27, 3, 575)
(27, 4, 573)
(27, 5, 570)
(27, 6, 565)
(27, 7, 564)
(27, 8, 562)
(27, 9, 561)
(27, 10, 560)
(27, 11, 558)
(27, 12, 558)
(27, 13, 557)
(27, 14, 555)
(27, 15, 555)
(27, 16, 554)
(27, 17, 553)
(27, 18, 552)
(27, 19, 551)
(27, 20, 551)
(27, 21, 549)
(27, 22, 549)
(27, 23, 549)
(27, 24, 549)
(27, 25, 548)
(27, 26, 547)
(27, 27, 546)
(27, 28, 546)
(27, 29, 546)
(27, 30, 545)
(27, 31, 544)
(27, 32, 544)
(27, 33, 544)
(27, 34, 544)
(27, 35, 544)
(27, 36, 543)
(27, 37, 542)
(27, 38, 542)
(27, 39, 541)

(28, 0, 592)
(28, 1, 590)
(28, 2, 582)
(28, 3, 576)
(28, 4, 574)
(28, 5, 571)
(28, 6, 566)
(28, 7, 565)
(28, 8, 563)
(28, 9, 562)
(28, 10, 561)
(28, 11, 559)
(28, 12, 559)
(28, 13, 558)
(28, 14, 556)
(28, 15, 556)
(28, 16, 555)
(28, 17, 554)
(28, 18, 553)
(28, 19, 552)
(28, 20, 552)
(28, 21, 550)
(28, 22, 550)
(28, 23, 550)
(28, 24, 550)
(28, 25, 549)
(28, 26, 548)
(28, 27, 547)
(28, 28, 547)
(28, 29, 547)
(28, 30, 546)
(28, 31, 545)
(28, 32, 545)
(28, 33, 545)
(28, 34, 545)
(28, 35, 545)
(28, 36, 544)
(28, 37, 543)
(28, 38, 543)
(28, 39, 542)

(29, 0, 592)
(29, 1, 590)
(29, 2, 582)
(29, 3, 576)
(29, 4, 574)
(29, 5, 571)
(29, 6, 566)
(29, 7, 565)
(29, 8, 563)
(29, 9, 562)
(29, 10, 561)
(29, 11, 559)
(29, 12, 559)
(29, 13, 558)
(29, 14, 556)
(29, 15, 556)
(29, 16, 555)
(29, 17, 554)
(29, 18, 553)
(29, 19, 552)
(29, 20, 552)
(29, 21, 550)
(29, 22, 550)
(29, 23, 550)
(29, 24, 550)
(29, 25, 549)
(29, 26, 548)
(29, 27, 547)
(29, 28, 547)
(29, 29, 547)
(29, 30, 546)
(29, 31, 545)
(29, 32, 545)
(29, 33, 545)
(29, 34, 545)
(29, 35, 545)
(29, 36, 544)
(29, 37, 543)
(29, 38, 543)
(29, 39, 542)

(30, 0, 592)
(30, 1, 590)
(30, 2, 582)
(30, 3, 576)
(30, 4, 574)
(30, 5, 571)
(30, 6, 566)
(30, 7, 565)
(30, 8, 563)
(30, 9, 562)
(30, 10, 561)
(30, 11, 559)
(30, 12, 559)
(30, 13, 558)
(30, 14, 556)
(30, 15, 556)
(30, 16, 555)
(30, 17, 554)
(30, 18, 553)
(30, 19, 552)
(30, 20, 552)
(30, 21, 550)
(30, 22, 550)
(30, 23, 550)
(30, 24, 550)
(30, 25, 549)
(30, 26, 548)
(30, 27, 547)
(30, 28, 547)
(30, 29, 547)
(30, 30, 546)
(30, 31, 545)
(30, 32, 545)
(30, 33, 545)
(30, 34, 545)
(30, 35, 545)
(30, 36, 544)
(30, 37, 543)
(30, 38, 543)
(30, 39, 542)

(31, 0, 604)
(31, 1, 602)
(31, 2, 594)
(31, 3, 588)
(31, 4, 586)
(31, 5, 583)
(31, 6, 578)
(31, 7, 577)
(31, 8, 575)
(31, 9, 574)
(31, 10, 573)
(31, 11, 571)
(31, 12, 571)
(31, 13, 570)
(31, 14, 568)
(31, 15, 568)
(31, 16, 567)
(31, 17, 566)
(31, 18, 565)
(31, 19, 564)
(31, 20, 564)
(31, 21, 562)
(31, 22, 562)
(31, 23, 562)
(31, 24, 562)
(31, 25, 561)
(31, 26, 560)
(31, 27, 559)
(31, 28, 559)
(31, 29, 559)
(31, 30, 558)
(31, 31, 557)
(31, 32, 557)
(31, 33, 557)
(31, 34, 557)
(31, 35, 557)
(31, 36, 556)
(31, 37, 555)
(31, 38, 555)
(31, 39, 554)

(32, 0, 608)
(32, 1, 606)
(32, 2, 598)
(32, 3, 592)
(32, 4, 590)
(32, 5, 587)
(32, 6, 582)
(32, 7, 581)
(32, 8, 579)
(32, 9, 578)
(32, 10, 577)
(32, 11, 575)
(32, 12, 575)
(32, 13, 574)
(32, 14, 572)
(32, 15, 572)
(32, 16, 571)
(32, 17, 570)
(32, 18, 569)
(32, 19, 568)
(32, 20, 568)
(32, 21, 566)
(32, 22, 566)
(32, 23, 566)
(32, 24, 566)
(32, 25, 565)
(32, 26, 564)
(32, 27, 563)
(32, 28, 563)
(32, 29, 563)
(32, 30, 562)
(32, 31, 561)
(32, 32, 561)
(32, 33, 561)
(32, 34, 561)
(32, 35, 561)
(32, 36, 560)
(32, 37, 559)
(32, 38, 559)
(32, 39, 558)

(33, 0, 647)
(33, 1, 645)
(33, 2, 637)
(33, 3, 630)
(33, 4, 628)
(33, 5, 625)
(33, 6, 620)
(33, 7, 619)
(33, 8, 617)
(33, 9, 616)
(33, 10, 615)
(33, 11, 613)
(33, 12, 613)
(33, 13, 612)
(33, 14, 610)
(33, 15, 610)
(33, 16, 609)
(33, 17, 608)
(33, 18, 607)
(33, 19, 606)
(33, 20, 606)
(33, 21, 604)
(33, 22, 604)
(33, 23, 604)
(33, 24, 604)
(33, 25, 603)
(33, 26, 602)
(33, 27, 601)
(33, 28, 601)
(33, 29, 601)
(33, 30, 600)
(33, 31, 599)
(33, 32, 599)
(33, 33, 599)
(33, 34, 599)
(33, 35, 599)
(33, 36, 598)
(33, 37, 597)
(33, 38, 597)
(33, 39, 596)

(34, 0, 685)
(34, 1, 683)
(34, 2, 675)
(34, 3, 668)
(34, 4, 666)
(34, 5, 663)
(34, 6, 658)
(34, 7, 657)
(34, 8, 655)
(34, 9, 654)
(34, 10, 653)
(34, 11, 651)
(34, 12, 651)
(34, 13, 650)
(34, 14, 648)
(34, 15, 648)
(34, 16, 647)
(34, 17, 646)
(34, 18, 645)
(34, 19, 644)
(34, 20, 644)
(34, 21, 642)
(34, 22, 642)
(34, 23, 642)
(34, 24, 642)
(34, 25, 641)
(34, 26, 640)
(34, 27, 639)
(34, 28, 639)
(34, 29, 639)
(34, 30, 638)
(34, 31, 637)
(34, 32, 637)
(34, 33, 637)
(34, 34, 637)
(34, 35, 637)
(34, 36, 636)
(34, 37, 635)
(34, 38, 635)
(34, 39, 634)

(35, 0, 686)
(35, 1, 684)
(35, 2, 676)
(35, 3, 669)
(35, 4, 667)
(35, 5, 664)
(35, 6, 659)
(35, 7, 658)
(35, 8, 656)
(35, 9, 655)
(35, 10, 654)
(35, 11, 652)
(35, 12, 652)
(35, 13, 651)
(35, 14, 649)
(35, 15, 649)
(35, 16, 648)
(35, 17, 647)
(35, 18, 646)
(35, 19, 645)
(35, 20, 645)
(35, 21, 643)
(35, 22, 643)
(35, 23, 643)
(35, 24, 643)
(35, 25, 642)
(35, 26, 641)
(35, 27, 640)
(35, 28, 640)
(35, 29, 640)
(35, 30, 639)
(35, 31, 638)
(35, 32, 638)
(35, 33, 638)
(35, 34, 638)
(35, 35, 638)
(35, 36, 637)
(35, 37, 636)
(35, 38, 636)
(35, 39, 635)

(36, 0, 709)
(36, 1, 707)
(36, 2, 699)
(36, 3, 692)
(36, 4, 690)
(36, 5, 687)
(36, 6, 682)
(36, 7, 681)
(36, 8, 679)
(36, 9, 678)
(36, 10, 677)
(36, 11, 675)
(36, 12, 675)
(36, 13, 674)
(36, 14, 672)
(36, 15, 672)
(36, 16, 671)
(36, 17, 670)
(36, 18, 669)
(36, 19, 668)
(36, 20, 668)
(36, 21, 666)
(36, 22, 666)
(36, 23, 666)
(36, 24, 666)
(36, 25, 665)
(36, 26, 664)
(36, 27, 663)
(36, 28, 663)
(36, 29, 663)
(36, 30, 662)
(36, 31, 661)
(36, 32, 661)
(36, 33, 661)
(36, 34, 661)
(36, 35, 661)
(36, 36, 660)
(36, 37, 659)
(36, 38, 659)
(36, 39, 658)

(37, 0, 725)
(37, 1, 723)
(37, 2, 715)
(37, 3, 708)
(37, 4, 706)
(37, 5, 703)
(37, 6, 698)
(37, 7, 697)
(37, 8, 695)
(37, 9, 694)
(37, 10, 693)
(37, 11, 691)
(37, 12, 691)
(37, 13, 690)
(37, 14, 688)
(37, 15, 688)
(37, 16, 687)
(37, 17, 686)
(37, 18, 685)
(37, 19, 684)
(37, 20, 684)
(37, 21, 682)
(37, 22, 682)
(37, 23, 682)
(37, 24, 682)
(37, 25, 681)
(37, 26, 680)
(37, 27, 679)
(37, 28, 679)
(37, 29, 679)
(37, 30, 678)
(37, 31, 677)
(37, 32, 677)
(37, 33, 677)
(37, 34, 677)
(37, 35, 677)
(37, 36, 676)
(37, 37, 675)
(37, 38, 675)
(37, 39, 674)

(38, 0, 725)
(38, 1, 723)
(38, 2, 715)
(38, 3, 708)
(38, 4, 706)
(38, 5, 703)
(38, 6, 698)
(38, 7, 697)
(38, 8, 695)
(38, 9, 694)
(38, 10, 693)
(38, 11, 691)
(38, 12, 691)
(38, 13, 690)
(38, 14, 688)
(38, 15, 688)
(38, 16, 687)
(38, 17, 686)
(38, 18, 685)
(38, 19, 684)
(38, 20, 684)
(38, 21, 682)
(38, 22, 682)
(38, 23, 682)
(38, 24, 682)
(38, 25, 681)
(38, 26, 680)
(38, 27, 679)
(38, 28, 679)
(38, 29, 679)
(38, 30, 678)
(38, 31, 677)
(38, 32, 677)
(38, 33, 677)
(38, 34, 677)
(38, 35, 677)
(38, 36, 676)
(38, 37, 675)
(38, 38, 675)
(38, 39, 674)

(39, 0, 744)
(39, 1, 742)
(39, 2, 734)
(39, 3, 727)
(39, 4, 725)
(39, 5, 722)
(39, 6, 717)
(39, 7, 716)
(39, 8, 714)
(39, 9, 713)
(39, 10, 712)
(39, 11, 710)
(39, 12, 710)
(39, 13, 709)
(39, 14, 707)
(39, 15, 707)
(39, 16, 706)
(39, 17, 705)
(39, 18, 704)
(39, 19, 703)
(39, 20, 703)
(39, 21, 701)
(39, 22, 701)
(39, 23, 701)
(39, 24, 701)
(39, 25, 700)
(39, 26, 699)
(39, 27, 698)
(39, 28, 698)
(39, 29, 698)
(39, 30, 697)
(39, 31, 696)
(39, 32, 696)
(39, 33, 696)
(39, 34, 696)
(39, 35, 696)
(39, 36, 695)
(39, 37, 694)
(39, 38, 694)
(39, 39, 693)


Betti numbers:
xi_0:
(0, 0, 40)
(1, 0, 16)
(2, 0, 26)
(3, 0, 55)
(4, 0, 29)
(5, 0, 43)
(6, 0, 13)
(7, 0, 38)
(8, 0, 41)
(9, 0, 12)
(11, 0, 2)
(12, 0, 1)
(13, 0, 2)
(14, 0, 3)
(15, 0, 57)
(17, 0, 2)
(18, 0, 17)
(19, 0, 2)
(20, 0, 1)
(21, 0, 11)
(22, 0, 11)
(23, 0, 52)
(24, 0, 32)
(25, 0, 60)
(26, 0, 18)
(27, 0, 7)
(28, 0, 1)
(31, 0, 12)
(32, 0, 4)
(33, 0, 39)
(34, 0, 38)
(35, 0, 1)
(36, 0, 23)
(37, 0, 16)
(39, 0, 19)
xi_1:
(4, 10, 1)
(4, 25, 1)
(4, 30, 1)
(5, 4, 1)
(14, 8, 1)
(15, 1, 2)
(15, 2, 8)
(15, 3, 6)
(15, 4, 1)
(15, 5, 3)
(15, 6, 5)
(15, 7, 1)
(15, 8, 1)
(15, 9, 1)
(15, 13, 1)
(15, 14, 2)
(15, 17, 1)
(15, 19, 1)
(15, 21, 1)
(15, 27, 1)
(15, 36, 1)
(15, 37, 1)
(15, 39, 1)
(22, 11, 1)
(25, 18, 1)
(25, 21, 1)
(25, 26, 1)
(25, 31, 1)
(26, 11, 1)
(26, 16, 1)
(33, 3, 1)
xi_2:
