x-grades
-29211770667718431/10000000000000000
-14332017537457651/5000000000000000
-28116299482112173/10000000000000000
-6892140972327261/2500000000000000
-5404165659301183/2000000000000000
-13236546351851393/5000000000000000
-25925357110899657/10000000000000000
-1586101344881033/625000000000000
-24829885925293399/10000000000000000
-2428215033249027/1000000000000000
-23734414739687141/10000000000000000
-5796669786721003/2500000000000000
-22638943554080883/10000000000000000
-11045603980638877/5000000000000000
-172347778947797/80000000000000
-2624467096958937/1250000000000000
-20448001182868367/10000000000000000
-9950132795032619/5000000000000000
-19352529997262109/10000000000000000
-940239720222949/500000000000000
-18257058811655851/10000000000000000
-8854661609426361/5000000000000000
-17161587626049593/10000000000000000
-64897859504869/39062500000000
-3213223288088667/2000000000000000
-7759190423820103/5000000000000000
-14970645254837077/10000000000000000
-3605727415508487/2500000000000000
-13875174069230819/10000000000000000
-1332743847642769/1000000000000000
-12779702883624561/10000000000000000
-1528995911352679/1250000000000000
-11684231698018303/10000000000000000
-5568248052607587/5000000000000000
-2117752102482409/2000000000000000
-2510256229902229/2500000000000000
-9493289326805787/10000000000000000
-4472776867001329/5000000000000000
-8397818141199529/10000000000000000
-19625206370991/25000000000000

y-grades
1999983/8000000
1999983/4000000
5999949/8000000
1999983/2000000
1999983/1600000
5999949/4000000
13999881/8000000
1999983/1000000
17999847/8000000
1999983/800000
21999813/8000000
5999949/2000000
25999779/8000000
13999881/4000000
5999949/1600000
1999983/500000
33999711/8000000
17999847/4000000
37999677/8000000
1999983/400000
41999643/8000000
21999813/4000000
45999609/8000000
5999949/1000000
1999983/320000
25999779/4000000
53999541/8000000
13999881/2000000
57999507/8000000
5999949/800000
61999473/8000000
1999983/250000
65999439/8000000
33999711/4000000
13999881/1600000
17999847/2000000
73999371/8000000
37999677/4000000
77999337/8000000
1999983/200000

Dimensions > 0:
(0, 0, 9)
(0, 1, 8)
(0, 2, 7)
(0, 3, 7)
(0, 4, 6)
(0, 5, 5)
(0, 6, 5)
(0, 7, 4)
(0, 8, 4)
(0, 9, 4)
(0, 10, 4)
(0, 11, 4)
(0, 12, 4)
(0, 13, 2)
(0, 14, 2)
(0, 15, 2)
(0, 16, 2)
(0, 17, 2)
(0, 18, 2)
(0, 19, 2)
(0, 20, 2)
(0, 21, 2)
(0, 22, 2)
(0, 23, 2)
(0, 24, 2)
(0, 25, 2)
(0, 26, 2)
(0, 27, 2)
(0, 28, 2)
(0, 29, 2)
(0, 30, 2)
(0, 31, 2)
(0, 32, 2)
(0, 33, 2)
(0, 34, 2)
(0, 35, 2)
(0, 36, 2)
(0, 37, 2)
(0, 38, 2)
(0, 39, 2)

(1, 0, 16)
(1, 1, 15)
(1, 2, 14)
(1, 3, 14)
(1, 4, 12)
(1, 5, 11)
(1, 6, 11)
(1, 7, 9)
(1, 8, 8)
(1, 9, 8)
(1, 10, 8)
(1, 11, 8)
(1, 12, 8)
(1, 13, 5)
(1, 14, 5)
(1, 15, 5)
(1, 16, 4)
(1, 17, 4)
(1, 18, 4)
(1, 19, 4)
(1, 20, 4)
(1, 21, 4)
(1, 22, 4)
(1, 23, 4)
(1, 24, 4)
(1, 25, 4)
(1, 26, 4)
(1, 27, 4)
(1, 28, 4)
(1, 29, 3)
(1, 30, 3)
(1, 31, 3)
(1, 32, 3)
(1, 33, 3)
(1, 34, 3)
(1, 35, 3)
(1, 36, 3)
(1, 37, 3)
(1, 38, 3)
(1, 39, 3)

(2, 0, 23)
(2, 1, 20)
(2, 2, 19)
(2, 3, 18)
(2, 4, 15)
(2, 5, 14)
(2, 6, 13)
(2, 7, 10)
(2, 8, 9)
(2, 9, 9)
(2, 10, 9)
(2, 11, 9)
(2, 12, 9)
(2, 13, 6)
(2, 14, 6)
(2, 15, 6)
(2, 16, 5)
(2, 17, 5)
(2, 18, 5)
(2, 19, 5)
(2, 20, 5)
(2, 21, 5)
(2, 22, 4)
(2, 23, 4)
(2, 24, 4)
(2, 25, 4)
(2, 26, 4)
(2, 27, 4)
(2, 28, 4)
(2, 29, 3)
(2, 30, 3)
(2, 31, 3)
(2, 32, 3)
(2, 33, 3)
(2, 34, 3)
(2, 35, 3)
(2, 36, 3)
(2, 37, 3)
(2, 38, 3)
(2, 39, 3)

(3, 0, 25)
(3, 1, 22)
(3, 2, 21)
(3, 3, 20)
(3, 4, 16)
(3, 5, 14)
(3, 6, 13)
(3, 7, 10)
(3, 8, 9)
(3, 9, 9)
(3, 10, 9)
(3, 11, 9)
(3, 12, 9)
(3, 13, 6)
(3, 14, 6)
(3, 15, 6)
(3, 16, 5)
(3, 17, 5)
(3, 18, 5)
(3, 19, 5)
(3, 20, 5)
(3, 21, 5)
(3, 22, 4)
(3, 23, 4)
(3, 24, 4)
(3, 25, 4)
(3, 26, 4)
(3, 27, 4)
(3, 28, 4)
(3, 29, 3)
(3, 30, 3)
(3, 31, 3)
(3, 32, 3)
(3, 33, 3)
(3, 34, 3)
(3, 35, 3)
(3, 36, 3)
(3, 37, 3)
(3, 38, 3)
(3, 39, 3)

(4, 0, 34)
(4, 1, 30)
(4, 2, 28)
(4, 3, 25)
(4, 4, 21)
(4, 5, 16)
(4, 6, 15)
(4, 7, 12)
(4, 8, 11)
(4, 9, 11)
(4, 10, 11)
(4, 11, 11)
(4, 12, 11)
(4, 13, 8)
(4, 14, 8)
(4, 15, 8)
(4, 16, 7)
(4, 17, 7)
(4, 18, 7)
(4, 19, 7)
(4, 20, 7)
(4, 21, 7)
(4, 22, 6)
(4, 23, 6)
(4, 24, 6)
(4, 25, 6)
(4, 26, 4)
(4, 27, 4)
(4, 28, 4)
(4, 29, 3)
(4, 30, 3)
(4, 31, 3)
(4, 32, 3)
(4, 33, 3)
(4, 34, 3)
(4, 35, 3)
(4, 36, 3)
(4, 37, 3)
(4, 38, 3)
(4, 39, 3)

(5, 0, 49)
(5, 1, 44)
(5, 2, 42)
(5, 3, 39)
(5, 4, 35)
(5, 5, 29)
(5, 6, 27)
(5, 7, 21)
(5, 8, 20)
(5, 9, 19)
(5, 10, 18)
(5, 11, 17)
(5, 12, 16)
(5, 13, 13)
(5, 14, 12)
(5, 15, 12)
(5, 16, 9)
(5, 17, 9)
(5, 18, 9)
(5, 19, 9)
(5, 20, 9)
(5, 21, 9)
(5, 22, 8)
(5, 23, 8)
(5, 24, 8)
(5, 25, 8)
(5, 26, 6)
(5, 27, 6)
(5, 28, 5)
(5, 29, 3)
(5, 30, 3)
(5, 31, 3)
(5, 32, 3)
(5, 33, 3)
(5, 34, 3)
(5, 35, 3)
(5, 36, 2)
(5, 37, 2)
(5, 38, 2)
(5, 39, 2)

(6, 0, 62)
(6, 1, 55)
(6, 2, 53)
(6, 3, 48)
(6, 4, 43)
(6, 5, 36)
(6, 6, 34)
(6, 7, 27)
(6, 8, 25)
(6, 9, 24)
(6, 10, 23)
(6, 11, 21)
(6, 12, 20)
(6, 13, 16)
(6, 14, 15)
(6, 15, 14)
(6, 16, 9)
(6, 17, 9)
(6, 18, 9)
(6, 19, 9)
(6, 20, 9)
(6, 21, 9)
(6, 22, 8)
(6, 23, 8)
(6, 24, 8)
(6, 25, 8)
(6, 26, 6)
(6, 27, 5)
(6, 28, 4)
(6, 29, 3)
(6, 30, 3)
(6, 31, 3)
(6, 32, 3)
(6, 33, 3)
(6, 34, 3)
(6, 35, 3)
(6, 36, 3)
(6, 37, 3)
(6, 38, 3)
(6, 39, 2)

(7, 0, 80)
(7, 1, 73)
(7, 2, 70)
(7, 3, 64)
(7, 4, 59)
(7, 5, 49)
(7, 6, 47)
(7, 7, 39)
(7, 8, 36)
(7, 9, 35)
(7, 10, 34)
(7, 11, 31)
(7, 12, 30)
(7, 13, 24)
(7, 14, 23)
(7, 15, 20)
(7, 16, 14)
(7, 17, 14)
(7, 18, 14)
(7, 19, 12)
(7, 20, 12)
(7, 21, 12)
(7, 22, 11)
(7, 23, 10)
(7, 24, 9)
(7, 25, 9)
(7, 26, 7)
(7, 27, 6)
(7, 28, 5)
(7, 29, 3)
(7, 30, 3)
(7, 31, 3)
(7, 32, 3)
(7, 33, 3)
(7, 34, 3)
(7, 35, 2)
(7, 36, 2)
(7, 37, 2)
(7, 38, 2)
(7, 39, 2)

(8, 0, 92)
(8, 1, 85)
(8, 2, 82)
(8, 3, 75)
(8, 4, 69)
(8, 5, 57)
(8, 6, 55)
(8, 7, 44)
(8, 8, 39)
(8, 9, 37)
(8, 10, 36)
(8, 11, 32)
(8, 12, 31)
(8, 13, 25)
(8, 14, 24)
(8, 15, 21)
(8, 16, 14)
(8, 17, 14)
(8, 18, 14)
(8, 19, 11)
(8, 20, 11)
(8, 21, 11)
(8, 22, 10)
(8, 23, 10)
(8, 24, 9)
(8, 25, 9)
(8, 26, 6)
(8, 27, 5)
(8, 28, 4)
(8, 29, 3)
(8, 30, 3)
(8, 31, 3)
(8, 32, 3)
(8, 33, 3)
(8, 34, 3)
(8, 35, 2)
(8, 36, 2)
(8, 37, 2)
(8, 38, 2)
(8, 39, 2)

(9, 0, 110)
(9, 1, 103)
(9, 2, 100)
(9, 3, 91)
(9, 4, 83)
(9, 5, 70)
(9, 6, 66)
(9, 7, 55)
(9, 8, 50)
(9, 9, 45)
(9, 10, 43)
(9, 11, 39)
(9, 12, 37)
(9, 13, 31)
(9, 14, 29)
(9, 15, 26)
(9, 16, 16)
(9, 17, 15)
(9, 18, 15)
(9, 19, 12)
(9, 20, 10)
(9, 21, 10)
(9, 22, 9)
(9, 23, 9)
(9, 24, 8)
(9, 25, 7)
(9, 26, 5)
(9, 27, 4)
(9, 28, 4)
(9, 29, 3)
(9, 30, 3)
(9, 31, 3)
(9, 32, 3)
(9, 33, 3)
(9, 34, 3)
(9, 35, 2)
(9, 36, 2)
(9, 37, 2)
(9, 38, 2)
(9, 39, 2)

(10, 0, 129)
(10, 1, 122)
(10, 2, 118)
(10, 3, 105)
(10, 4, 95)
(10, 5, 79)
(10, 6, 75)
(10, 7, 62)
(10, 8, 55)
(10, 9, 49)
(10, 10, 45)
(10, 11, 40)
(10, 12, 37)
(10, 13, 30)
(10, 14, 26)
(10, 15, 22)
(10, 16, 15)
(10, 17, 15)
(10, 18, 14)
(10, 19, 11)
(10, 20, 10)
(10, 21, 10)
(10, 22, 9)
(10, 23, 9)
(10, 24, 8)
(10, 25, 7)
(10, 26, 5)
(10, 27, 4)
(10, 28, 4)
(10, 29, 3)
(10, 30, 3)
(10, 31, 3)
(10, 32, 3)
(10, 33, 3)
(10, 34, 3)
(10, 35, 2)
(10, 36, 2)
(10, 37, 2)
(10, 38, 2)
(10, 39, 2)

(11, 0, 152)
(11, 1, 141)
(11, 2, 132)
(11, 3, 118)
(11, 4, 107)
(11, 5, 89)
(11, 6, 81)
(11, 7, 68)
(11, 8, 62)
(11, 9, 55)
(11, 10, 50)
(11, 11, 43)
(11, 12, 40)
(11, 13, 33)
(11, 14, 30)
(11, 15, 24)
(11, 16, 16)
(11, 17, 16)
(11, 18, 15)
(11, 19, 11)
(11, 20, 10)
(11, 21, 10)
(11, 22, 9)
(11, 23, 8)
(11, 24, 7)
(11, 25, 7)
(11, 26, 5)
(11, 27, 4)
(11, 28, 4)
(11, 29, 3)
(11, 30, 3)
(11, 31, 3)
(11, 32, 3)
(11, 33, 3)
(11, 34, 3)
(11, 35, 2)
(11, 36, 2)
(11, 37, 2)
(11, 38, 2)
(11, 39, 2)

(12, 0, 172)
(12, 1, 160)
(12, 2, 147)
(12, 3, 131)
(12, 4, 120)
(12, 5, 101)
(12, 6, 91)
(12, 7, 76)
(12, 8, 66)
(12, 9, 59)
(12, 10, 53)
(12, 11, 45)
(12, 12, 42)
(12, 13, 34)
(12, 14, 29)
(12, 15, 24)
(12, 16, 15)
(12, 17, 15)
(12, 18, 14)
(12, 19, 10)
(12, 20, 9)
(12, 21, 9)
(12, 22, 8)
(12, 23, 7)
(12, 24, 7)
(12, 25, 7)
(12, 26, 5)
(12, 27, 4)
(12, 28, 4)
(12, 29, 3)
(12, 30, 3)
(12, 31, 3)
(12, 32, 3)
(12, 33, 3)
(12, 34, 3)
(12, 35, 2)
(12, 36, 2)
(12, 37, 2)
(12, 38, 2)
(12, 39, 2)

(13, 0, 185)
(13, 1, 173)
(13, 2, 160)
(13, 3, 143)
(13, 4, 131)
(13, 5, 112)
(13, 6, 100)
(13, 7, 85)
(13, 8, 74)
(13, 9, 64)
(13, 10, 58)
(13, 11, 50)
(13, 12, 47)
(13, 13, 38)
(13, 14, 31)
(13, 15, 23)
(13, 16, 14)
(13, 17, 14)
(13, 18, 13)
(13, 19, 10)
(13, 20, 9)
(13, 21, 9)
(13, 22, 8)
(13, 23, 7)
(13, 24, 7)
(13, 25, 7)
(13, 26, 5)
(13, 27, 4)
(13, 28, 4)
(13, 29, 3)
(13, 30, 3)
(13, 31, 3)
(13, 32, 3)
(13, 33, 3)
(13, 34, 3)
(13, 35, 2)
(13, 36, 2)
(13, 37, 2)
(13, 38, 2)
(13, 39, 2)

(14, 0, 199)
(14, 1, 184)
(14, 2, 170)
(14, 3, 149)
(14, 4, 133)
(14, 5, 112)
(14, 6, 99)
(14, 7, 84)
(14, 8, 74)
(14, 9, 64)
(14, 10, 58)
(14, 11, 50)
(14, 12, 47)
(14, 13, 37)
(14, 14, 30)
(14, 15, 23)
(14, 16, 14)
(14, 17, 14)
(14, 18, 13)
(14, 19, 10)
(14, 20, 9)
(14, 21, 9)
(14, 22, 8)
(14, 23, 7)
(14, 24, 7)
(14, 25, 7)
(14, 26, 5)
(14, 27, 4)
(14, 28, 4)
(14, 29, 3)
(14, 30, 3)
(14, 31, 3)
(14, 32, 3)
(14, 33, 3)
(14, 34, 3)
(14, 35, 2)
(14, 36, 2)
(14, 37, 2)
(14, 38, 2)
(14, 39, 2)

(15, 0, 211)
(15, 1, 196)
(15, 2, 178)
(15, 3, 155)
(15, 4, 137)
(15, 5, 115)
(15, 6, 102)
(15, 7, 85)
(15, 8, 75)
(15, 9, 64)
(15, 10, 58)
(15, 11, 50)
(15, 12, 47)
(15, 13, 37)
(15, 14, 30)
(15, 15, 23)
(15, 16, 14)
(15, 17, 14)
(15, 18, 13)
(15, 19, 10)
(15, 20, 9)
(15, 21, 9)
(15, 22, 8)
(15, 23, 7)
(15, 24, 7)
(15, 25, 7)
(15, 26, 5)
(15, 27, 4)
(15, 28, 4)
(15, 29, 3)
(15, 30, 3)
(15, 31, 3)
(15, 32, 3)
(15, 33, 3)
(15, 34, 3)
(15, 35, 2)
(15, 36, 2)
(15, 37, 2)
(15, 38, 2)
(15, 39, 2)

(16, 0, 233)
(16, 1, 214)
(16, 2, 194)
(16, 3, 168)
(16, 4, 147)
(16, 5, 123)
(16, 6, 107)
(16, 7, 88)
(16, 8, 76)
(16, 9, 65)
(16, 10, 59)
(16, 11, 51)
(16, 12, 47)
(16, 13, 37)
(16, 14, 31)
(16, 15, 23)
(16, 16, 14)
(16, 17, 14)
(16, 18, 13)
(16, 19, 10)
(16, 20, 9)
(16, 21, 9)
(16, 22, 8)
(16, 23, 7)
(16, 24, 7)
(16, 25, 7)
(16, 26, 5)
(16, 27, 4)
(16, 28, 4)
(16, 29, 3)
(16, 30, 3)
(16, 31, 3)
(16, 32, 3)
(16, 33, 3)
(16, 34, 3)
(16, 35, 2)
(16, 36, 2)
(16, 37, 2)
(16, 38, 2)
(16, 39, 2)

(17, 0, 239)
(17, 1, 220)
(17, 2, 199)
(17, 3, 173)
(17, 4, 151)
(17, 5, 127)
(17, 6, 111)
(17, 7, 92)
(17, 8, 80)
(17, 9, 68)
(17, 10, 60)
(17, 11, 52)
(17, 12, 48)
(17, 13, 38)
(17, 14, 32)
(17, 15, 24)
(17, 16, 15)
(17, 17, 15)
(17, 18, 14)
(17, 19, 11)
(17, 20, 10)
(17, 21, 10)
(17, 22, 9)
(17, 23, 8)
(17, 24, 8)
(17, 25, 8)
(17, 26, 6)
(17, 27, 5)
(17, 28, 5)
(17, 29, 4)
(17, 30, 4)
(17, 31, 4)
(17, 32, 4)
(17, 33, 4)
(17, 34, 4)
(17, 35, 3)
(17, 36, 3)
(17, 37, 3)
(17, 38, 3)
(17, 39, 3)

(18, 0, 243)
(18, 1, 224)
(18, 2, 203)
(18, 3, 177)
(18, 4, 154)
(18, 5, 129)
(18, 6, 113)
(18, 7, 94)
(18, 8, 81)
(18, 9, 69)
(18, 10, 61)
(18, 11, 53)
(18, 12, 49)
(18, 13, 39)
(18, 14, 33)
(18, 15, 25)
(18, 16, 16)
(18, 17, 16)
(18, 18, 15)
(18, 19, 12)
(18, 20, 11)
(18, 21, 11)
(18, 22, 9)
(18, 23, 8)
(18, 24, 8)
(18, 25, 8)
(18, 26, 6)
(18, 27, 5)
(18, 28, 5)
(18, 29, 4)
(18, 30, 4)
(18, 31, 4)
(18, 32, 4)
(18, 33, 4)
(18, 34, 4)
(18, 35, 3)
(18, 36, 3)
(18, 37, 3)
(18, 38, 3)
(18, 39, 3)

(19, 0, 254)
(19, 1, 234)
(19, 2, 213)
(19, 3, 187)
(19, 4, 164)
(19, 5, 139)
(19, 6, 121)
(19, 7, 102)
(19, 8, 89)
(19, 9, 76)
(19, 10, 68)
(19, 11, 60)
(19, 12, 56)
(19, 13, 45)
(19, 14, 39)
(19, 15, 30)
(19, 16, 20)
(19, 17, 20)
(19, 18, 18)
(19, 19, 15)
(19, 20, 14)
(19, 21, 13)
(19, 22, 11)
(19, 23, 10)
(19, 24, 10)
(19, 25, 10)
(19, 26, 8)
(19, 27, 7)
(19, 28, 7)
(19, 29, 6)
(19, 30, 6)
(19, 31, 6)
(19, 32, 6)
(19, 33, 6)
(19, 34, 6)
(19, 35, 5)
(19, 36, 5)
(19, 37, 5)
(19, 38, 5)
(19, 39, 5)

(20, 0, 256)
(20, 1, 236)
(20, 2, 215)
(20, 3, 189)
(20, 4, 166)
(20, 5, 141)
(20, 6, 123)
(20, 7, 104)
(20, 8, 91)
(20, 9, 78)
(20, 10, 70)
(20, 11, 62)
(20, 12, 57)
(20, 13, 46)
(20, 14, 39)
(20, 15, 30)
(20, 16, 20)
(20, 17, 20)
(20, 18, 18)
(20, 19, 15)
(20, 20, 14)
(20, 21, 13)
(20, 22, 11)
(20, 23, 10)
(20, 24, 10)
(20, 25, 10)
(20, 26, 8)
(20, 27, 7)
(20, 28, 7)
(20, 29, 6)
(20, 30, 6)
(20, 31, 6)
(20, 32, 6)
(20, 33, 6)
(20, 34, 6)
(20, 35, 5)
(20, 36, 5)
(20, 37, 5)
(20, 38, 5)
(20, 39, 5)

(21, 0, 270)
(21, 1, 247)
(21, 2, 224)
(21, 3, 198)
(21, 4, 175)
(21, 5, 149)
(21, 6, 131)
(21, 7, 112)
(21, 8, 98)
(21, 9, 85)
(21, 10, 77)
(21, 11, 68)
(21, 12, 63)
(21, 13, 52)
(21, 14, 45)
(21, 15, 35)
(21, 16, 25)
(21, 17, 23)
(21, 18, 20)
(21, 19, 17)
(21, 20, 16)
(21, 21, 15)
(21, 22, 13)
(21, 23, 12)
(21, 24, 12)
(21, 25, 12)
(21, 26, 10)
(21, 27, 9)
(21, 28, 9)
(21, 29, 8)
(21, 30, 8)
(21, 31, 8)
(21, 32, 8)
(21, 33, 7)
(21, 34, 7)
(21, 35, 6)
(21, 36, 6)
(21, 37, 6)
(21, 38, 6)
(21, 39, 6)

(22, 0, 284)
(22, 1, 258)
(22, 2, 233)
(22, 3, 204)
(22, 4, 180)
(22, 5, 154)
(22, 6, 136)
(22, 7, 117)
(22, 8, 103)
(22, 9, 89)
(22, 10, 81)
(22, 11, 72)
(22, 12, 66)
(22, 13, 54)
(22, 14, 47)
(22, 15, 37)
(22, 16, 27)
(22, 17, 25)
(22, 18, 21)
(22, 19, 18)
(22, 20, 17)
(22, 21, 16)
(22, 22, 14)
(22, 23, 13)
(22, 24, 13)
(22, 25, 13)
(22, 26, 11)
(22, 27, 10)
(22, 28, 10)
(22, 29, 8)
(22, 30, 8)
(22, 31, 8)
(22, 32, 8)
(22, 33, 7)
(22, 34, 7)
(22, 35, 6)
(22, 36, 6)
(22, 37, 6)
(22, 38, 6)
(22, 39, 6)

(23, 0, 293)
(23, 1, 267)
(23, 2, 242)
(23, 3, 213)
(23, 4, 189)
(23, 5, 162)
(23, 6, 143)
(23, 7, 123)
(23, 8, 109)
(23, 9, 95)
(23, 10, 87)
(23, 11, 78)
(23, 12, 72)
(23, 13, 59)
(23, 14, 51)
(23, 15, 39)
(23, 16, 29)
(23, 17, 27)
(23, 18, 23)
(23, 19, 20)
(23, 20, 19)
(23, 21, 18)
(23, 22, 16)
(23, 23, 15)
(23, 24, 15)
(23, 25, 15)
(23, 26, 13)
(23, 27, 12)
(23, 28, 12)
(23, 29, 10)
(23, 30, 9)
(23, 31, 9)
(23, 32, 8)
(23, 33, 7)
(23, 34, 7)
(23, 35, 6)
(23, 36, 6)
(23, 37, 6)
(23, 38, 6)
(23, 39, 6)

(24, 0, 314)
(24, 1, 287)
(24, 2, 261)
(24, 3, 232)
(24, 4, 206)
(24, 5, 178)
(24, 6, 158)
(24, 7, 137)
(24, 8, 122)
(24, 9, 107)
(24, 10, 97)
(24, 11, 87)
(24, 12, 80)
(24, 13, 66)
(24, 14, 58)
(24, 15, 47)
(24, 16, 35)
(24, 17, 32)
(24, 18, 27)
(24, 19, 23)
(24, 20, 21)
(24, 21, 21)
(24, 22, 18)
(24, 23, 17)
(24, 24, 16)
(24, 25, 16)
(24, 26, 14)
(24, 27, 12)
(24, 28, 12)
(24, 29, 10)
(24, 30, 9)
(24, 31, 9)
(24, 32, 8)
(24, 33, 7)
(24, 34, 7)
(24, 35, 6)
(24, 36, 6)
(24, 37, 6)
(24, 38, 6)
(24, 39, 6)

(25, 0, 333)
(25, 1, 304)
(25, 2, 278)
(25, 3, 247)
(25, 4, 219)
(25, 5, 190)
(25, 6, 170)
(25, 7, 148)
(25, 8, 132)
(25, 9, 116)
(25, 10, 106)
(25, 11, 96)
(25, 12, 88)
(25, 13, 73)
(25, 14, 65)
(25, 15, 53)
(25, 16, 39)
(25, 17, 35)
(25, 18, 31)
(25, 19, 24)
(25, 20, 21)
(25, 21, 21)
(25, 22, 17)
(25, 23, 16)
(25, 24, 15)
(25, 25, 14)
(25, 26, 12)
(25, 27, 10)
(25, 28, 10)
(25, 29, 8)
(25, 30, 8)
(25, 31, 8)
(25, 32, 8)
(25, 33, 7)
(25, 34, 6)
(25, 35, 5)
(25, 36, 5)
(25, 37, 5)
(25, 38, 5)
(25, 39, 5)

(26, 0, 373)
(26, 1, 341)
(26, 2, 312)
(26, 3, 275)
(26, 4, 245)
(26, 5, 212)
(26, 6, 191)
(26, 7, 163)
(26, 8, 143)
(26, 9, 127)
(26, 10, 112)
(26, 11, 101)
(26, 12, 92)
(26, 13, 77)
(26, 14, 66)
(26, 15, 51)
(26, 16, 37)
(26, 17, 33)
(26, 18, 28)
(26, 19, 18)
(26, 20, 17)
(26, 21, 17)
(26, 22, 15)
(26, 23, 14)
(26, 24, 14)
(26, 25, 13)
(26, 26, 11)
(26, 27, 9)
(26, 28, 9)
(26, 29, 7)
(26, 30, 7)
(26, 31, 7)
(26, 32, 7)
(26, 33, 6)
(26, 34, 6)
(26, 35, 5)
(26, 36, 5)
(26, 37, 5)
(26, 38, 5)
(26, 39, 5)

(27, 0, 425)
(27, 1, 390)
(27, 2, 351)
(27, 3, 310)
(27, 4, 273)
(27, 5, 234)
(27, 6, 207)
(27, 7, 175)
(27, 8, 146)
(27, 9, 130)
(27, 10, 114)
(27, 11, 103)
(27, 12, 94)
(27, 13, 79)
(27, 14, 65)
(27, 15, 51)
(27, 16, 36)
(27, 17, 32)
(27, 18, 26)
(27, 19, 18)
(27, 20, 17)
(27, 21, 17)
(27, 22, 15)
(27, 23, 14)
(27, 24, 14)
(27, 25, 13)
(27, 26, 11)
(27, 27, 9)
(27, 28, 9)
(27, 29, 7)
(27, 30, 7)
(27, 31, 7)
(27, 32, 7)
(27, 33, 6)
(27, 34, 6)
(27, 35, 5)
(27, 36, 5)
(27, 37, 5)
(27, 38, 5)
(27, 39, 5)

(28, 0, 459)
(28, 1, 419)
(28, 2, 379)
(28, 3, 338)
(28, 4, 294)
(28, 5, 252)
(28, 6, 222)
(28, 7, 191)
(28, 8, 161)
(28, 9, 140)
(28, 10, 121)
(28, 11, 109)
(28, 12, 100)
(28, 13, 82)
(28, 14, 67)
(28, 15, 53)
(28, 16, 37)
(28, 17, 33)
(28, 18, 28)
(28, 19, 21)
(28, 20, 18)
(28, 21, 18)
(28, 22, 16)
(28, 23, 15)
(28, 24, 15)
(28, 25, 14)
(28, 26, 12)
(28, 27, 10)
(28, 28, 10)
(28, 29, 7)
(28, 30, 7)
(28, 31, 7)
(28, 32, 7)
(28, 33, 6)
(28, 34, 6)
(28, 35, 5)
(28, 36, 5)
(28, 37, 5)
(28, 38, 5)
(28, 39, 5)

(29, 0, 492)
(29, 1, 450)
(29, 2, 407)
(29, 3, 362)
(29, 4, 318)
(29, 5, 274)
(29, 6, 238)
(29, 7, 204)
(29, 8, 172)
(29, 9, 150)
(29, 10, 131)
(29, 11, 119)
(29, 12, 107)
(29, 13, 89)
(29, 14, 73)
(29, 15, 58)
(29, 16, 41)
(29, 17, 36)
(29, 18, 31)
(29, 19, 24)
(29, 20, 21)
(29, 21, 21)
(29, 22, 19)
(29, 23, 17)
(29, 24, 17)
(29, 25, 16)
(29, 26, 14)
(29, 27, 12)
(29, 28, 12)
(29, 29, 9)
(29, 30, 9)
(29, 31, 9)
(29, 32, 9)
(29, 33, 8)
(29, 34, 8)
(29, 35, 7)
(29, 36, 7)
(29, 37, 7)
(29, 38, 7)
(29, 39, 7)

(30, 0, 529)
(30, 1, 483)
(30, 2, 433)
(30, 3, 388)
(30, 4, 339)
(30, 5, 292)
(30, 6, 255)
(30, 7, 218)
(30, 8, 183)
(30, 9, 160)
(30, 10, 140)
(30, 11, 126)
(30, 12, 114)
(30, 13, 95)
(30, 14, 79)
(30, 15, 64)
(30, 16, 47)
(30, 17, 42)
(30, 18, 37)
(30, 19, 29)
(30, 20, 25)
(30, 21, 24)
(30, 22, 22)
(30, 23, 21)
(30, 24, 21)
(30, 25, 20)
(30, 26, 17)
(30, 27, 14)
(30, 28, 13)
(30, 29, 11)
(30, 30, 11)
(30, 31, 11)
(30, 32, 11)
(30, 33, 10)
(30, 34, 10)
(30, 35, 9)
(30, 36, 9)
(30, 37, 8)
(30, 38, 7)
(30, 39, 7)

(31, 0, 564)
(31, 1, 516)
(31, 2, 465)
(31, 3, 416)
(31, 4, 363)
(31, 5, 313)
(31, 6, 273)
(31, 7, 232)
(31, 8, 195)
(31, 9, 171)
(31, 10, 148)
(31, 11, 133)
(31, 12, 118)
(31, 13, 100)
(31, 14, 82)
(31, 15, 67)
(31, 16, 50)
(31, 17, 44)
(31, 18, 39)
(31, 19, 31)
(31, 20, 26)
(31, 21, 24)
(31, 22, 22)
(31, 23, 20)
(31, 24, 20)
(31, 25, 19)
(31, 26, 16)
(31, 27, 14)
(31, 28, 13)
(31, 29, 11)
(31, 30, 11)
(31, 31, 11)
(31, 32, 11)
(31, 33, 10)
(31, 34, 10)
(31, 35, 9)
(31, 36, 9)
(31, 37, 7)
(31, 38, 6)
(31, 39, 6)

(32, 0, 611)
(32, 1, 558)
(32, 2, 500)
(32, 3, 446)
(32, 4, 384)
(32, 5, 329)
(32, 6, 286)
(32, 7, 243)
(32, 8, 204)
(32, 9, 179)
(32, 10, 152)
(32, 11, 135)
(32, 12, 120)
(32, 13, 102)
(32, 14, 84)
(32, 15, 68)
(32, 16, 51)
(32, 17, 46)
(32, 18, 40)
(32, 19, 31)
(32, 20, 27)
(32, 21, 25)
(32, 22, 22)
(32, 23, 20)
(32, 24, 20)
(32, 25, 19)
(32, 26, 16)
(32, 27, 14)
(32, 28, 13)
(32, 29, 11)
(32, 30, 11)
(32, 31, 11)
(32, 32, 11)
(32, 33, 10)
(32, 34, 9)
(32, 35, 8)
(32, 36, 8)
(32, 37, 7)
(32, 38, 6)
(32, 39, 6)

(33, 0, 631)
(33, 1, 577)
(33, 2, 518)
(33, 3, 462)
(33, 4, 400)
(33, 5, 344)
(33, 6, 301)
(33, 7, 257)
(33, 8, 217)
(33, 9, 192)
(33, 10, 160)
(33, 11, 142)
(33, 12, 127)
(33, 13, 108)
(33, 14, 90)
(33, 15, 74)
(33, 16, 56)
(33, 17, 50)
(33, 18, 44)
(33, 19, 35)
(33, 20, 31)
(33, 21, 29)
(33, 22, 26)
(33, 23, 24)
(33, 24, 24)
(33, 25, 23)
(33, 26, 20)
(33, 27, 17)
(33, 28, 16)
(33, 29, 14)
(33, 30, 14)
(33, 31, 14)
(33, 32, 14)
(33, 33, 13)
(33, 34, 12)
(33, 35, 11)
(33, 36, 11)
(33, 37, 10)
(33, 38, 9)
(33, 39, 9)

(34, 0, 657)
(34, 1, 603)
(34, 2, 544)
(34, 3, 487)
(34, 4, 424)
(34, 5, 366)
(34, 6, 322)
(34, 7, 276)
(34, 8, 234)
(34, 9, 206)
(34, 10, 172)
(34, 11, 153)
(34, 12, 137)
(34, 13, 117)
(34, 14, 98)
(34, 15, 81)
(34, 16, 63)
(34, 17, 55)
(34, 18, 49)
(34, 19, 39)
(34, 20, 34)
(34, 21, 31)
(34, 22, 26)
(34, 23, 25)
(34, 24, 24)
(34, 25, 23)
(34, 26, 20)
(34, 27, 18)
(34, 28, 17)
(34, 29, 15)
(34, 30, 15)
(34, 31, 15)
(34, 32, 14)
(34, 33, 13)
(34, 34, 12)
(34, 35, 11)
(34, 36, 11)
(34, 37, 9)
(34, 38, 8)
(34, 39, 8)

(35, 0, 689)
(35, 1, 633)
(35, 2, 574)
(35, 3, 515)
(35, 4, 451)
(35, 5, 391)
(35, 6, 345)
(35, 7, 296)
(35, 8, 251)
(35, 9, 221)
(35, 10, 183)
(35, 11, 162)
(35, 12, 144)
(35, 13, 121)
(35, 14, 101)
(35, 15, 84)
(35, 16, 64)
(35, 17, 55)
(35, 18, 48)
(35, 19, 36)
(35, 20, 32)
(35, 21, 31)
(35, 22, 26)
(35, 23, 25)
(35, 24, 24)
(35, 25, 23)
(35, 26, 20)
(35, 27, 17)
(35, 28, 16)
(35, 29, 14)
(35, 30, 14)
(35, 31, 14)
(35, 32, 13)
(35, 33, 12)
(35, 34, 11)
(35, 35, 10)
(35, 36, 10)
(35, 37, 9)
(35, 38, 8)
(35, 39, 8)

(36, 0, 766)
(36, 1, 702)
(36, 2, 634)
(36, 3, 561)
(36, 4, 489)
(36, 5, 420)
(36, 6, 362)
(36, 7, 311)
(36, 8, 261)
(36, 9, 230)
(36, 10, 189)
(36, 11, 166)
(36, 12, 147)
(36, 13, 124)
(36, 14, 103)
(36, 15, 86)
(36, 16, 65)
(36, 17, 57)
(36, 18, 49)
(36, 19, 39)
(36, 20, 35)
(36, 21, 33)
(36, 22, 28)
(36, 23, 26)
(36, 24, 25)
(36, 25, 24)
(36, 26, 21)
(36, 27, 18)
(36, 28, 17)
(36, 29, 15)
(36, 30, 15)
(36, 31, 15)
(36, 32, 14)
(36, 33, 13)
(36, 34, 12)
(36, 35, 10)
(36, 36, 10)
(36, 37, 9)
(36, 38, 8)
(36, 39, 8)

(37, 0, 804)
(37, 1, 739)
(37, 2, 667)
(37, 3, 590)
(37, 4, 514)
(37, 5, 441)
(37, 6, 381)
(37, 7, 329)
(37, 8, 278)
(37, 9, 244)
(37, 10, 203)
(37, 11, 177)
(37, 12, 157)
(37, 13, 131)
(37, 14, 107)
(37, 15, 89)
(37, 16, 66)
(37, 17, 57)
(37, 18, 47)
(37, 19, 37)
(37, 20, 32)
(37, 21, 31)
(37, 22, 27)
(37, 23, 26)
(37, 24, 25)
(37, 25, 24)
(37, 26, 21)
(37, 27, 18)
(37, 28, 16)
(37, 29, 13)
(37, 30, 13)
(37, 31, 13)
(37, 32, 13)
(37, 33, 12)
(37, 34, 11)
(37, 35, 10)
(37, 36, 10)
(37, 37, 8)
(37, 38, 6)
(37, 39, 6)

(38, 0, 852)
(38, 1, 784)
(38, 2, 708)
(38, 3, 622)
(38, 4, 537)
(38, 5, 461)
(38, 6, 397)
(38, 7, 343)
(38, 8, 289)
(38, 9, 255)
(38, 10, 212)
(38, 11, 183)
(38, 12, 163)
(38, 13, 135)
(38, 14, 108)
(38, 15, 90)
(38, 16, 65)
(38, 17, 55)
(38, 18, 45)
(38, 19, 35)
(38, 20, 30)
(38, 21, 28)
(38, 22, 24)
(38, 23, 23)
(38, 24, 22)
(38, 25, 21)
(38, 26, 18)
(38, 27, 15)
(38, 28, 14)
(38, 29, 12)
(38, 30, 12)
(38, 31, 12)
(38, 32, 12)
(38, 33, 11)
(38, 34, 10)
(38, 35, 9)
(38, 36, 9)
(38, 37, 6)
(38, 38, 5)
(38, 39, 5)

(39, 0, 873)
(39, 1, 804)
(39, 2, 726)
(39, 3, 637)
(39, 4, 551)
(39, 5, 474)
(39, 6, 408)
(39, 7, 354)
(39, 8, 299)
(39, 9, 265)
(39, 10, 221)
(39, 11, 190)
(39, 12, 170)
(39, 13, 141)
(39, 14, 111)
(39, 15, 93)
(39, 16, 68)
(39, 17, 58)
(39, 18, 48)
(39, 19, 37)
(39, 20, 31)
(39, 21, 28)
(39, 22, 24)
(39, 23, 23)
(39, 24, 22)
(39, 25, 21)
(39, 26, 18)
(39, 27, 15)
(39, 28, 14)
(39, 29, 12)
(39, 30, 12)
(39, 31, 12)
(39, 32, 12)
(39, 33, 11)
(39, 34, 10)
(39, 35, 9)
(39, 36, 9)
(39, 37, 6)
(39, 38, 5)
(39, 39, 5)


Betti numbers:
xi_0:
(0, 0, 9)
(1, 0, 7)
(2, 0, 7)
(3, 0, 2)
(4, 0, 9)
(5, 0, 15)
(6, 0, 13)
(7, 0, 18)
(8, 0, 12)
(9, 0, 18)
(10, 0, 19)
(11, 0, 23)
(12, 0, 20)
(13, 0, 13)
(14, 0, 14)
(15, 0, 12)
(16, 0, 22)
(17, 0, 6)
(18, 0, 4)
(19, 0, 11)
(20, 0, 2)
(21, 0, 14)
(22, 0, 14)
(23, 0, 9)
(24, 0, 21)
(25, 0, 19)
(26, 0, 40)
(27, 0, 52)
(28, 0, 34)
(29, 0, 33)
(30, 0, 37)
(31, 0, 35)
(32, 0, 47)
(33, 0, 20)
(34, 0, 26)
(35, 0, 32)
(36, 0, 77)
(37, 0, 38)
(38, 0, 48)
(39, 0, 21)
xi_1:
(0, 1, 1)
(0, 2, 1)
(0, 4, 1)
(0, 5, 1)
(0, 7, 1)
(0, 13, 2)
(1, 4, 1)
(1, 7, 1)
(1, 8, 1)
(1, 13, 1)
(1, 16, 1)
(1, 29, 1)
(2, 1, 2)
(2, 3, 1)
(2, 4, 1)
(2, 6, 1)
(2, 7, 1)
(2, 22, 1)
(3, 4, 1)
(3, 5, 1)
(4, 1, 1)
(4, 2, 1)
(4, 3, 2)
(4, 5, 3)
(4, 26, 2)
(5, 1, 1)
(5, 5, 1)
(5, 6, 1)
(5, 7, 3)
(5, 9, 1)
(5, 10, 1)
(5, 11, 1)
(5, 12, 1)
(5, 14, 1)
(5, 16, 2)
(5, 28, 1)
(5, 29, 1)
(5, 36, 1)
(6, 1, 2)
(6, 3, 2)
(6, 4, 1)
(6, 5, 1)
(6, 7, 1)
(6, 8, 1)
(6, 11, 1)
(6, 13, 1)
(6, 15, 1)
(6, 16, 2)
(6, 27, 1)
(6, 39, 1)
(7, 2, 1)
(7, 3, 1)
(7, 5, 3)
(7, 7, 1)
(7, 8, 1)
(7, 11, 1)
(7, 13, 2)
(7, 15, 2)
(7, 16, 1)
(7, 19, 2)
(7, 23, 1)
(7, 24, 1)
(7, 29, 1)
(7, 35, 1)
(8, 3, 1)
(8, 4, 1)
(8, 5, 2)
(8, 7, 3)
(8, 8, 2)
(8, 9, 1)
(8, 11, 1)
(8, 15, 1)
(8, 16, 1)
(8, 19, 1)
(8, 26, 1)
(9, 3, 2)
(9, 4, 2)
(9, 5, 1)
(9, 6, 2)
(9, 7, 1)
(9, 9, 3)
(9, 10, 1)
(9, 11, 1)
(9, 12, 1)
(9, 14, 1)
(9, 16, 3)
(9, 17, 1)
(9, 20, 2)
(9, 25, 1)
(10, 2, 1)
(10, 3, 4)
(10, 4, 2)
(10, 5, 3)
(10, 7, 2)
(10, 8, 2)
(10, 9, 1)
(10, 10, 2)
(10, 11, 1)
(10, 12, 1)
(10, 13, 1)
(10, 14, 2)
(10, 15, 1)
(10, 18, 1)
(11, 1, 4)
(11, 2, 5)
(11, 3, 1)
(11, 4, 1)
(11, 5, 2)
(11, 6, 4)
(11, 7, 1)
(11, 9, 1)
(11, 10, 1)
(11, 11, 2)
(11, 15, 2)
(11, 16, 1)
(11, 19, 1)
(11, 23, 1)
(12, 1, 1)
(12, 2, 4)
(12, 3, 2)
(12, 5, 1)
(12, 6, 2)
(12, 7, 2)
(12, 8, 4)
(12, 10, 1)
(12, 11, 1)
(12, 13, 1)
(12, 14, 2)
(12, 16, 1)
(13, 3, 1)
(13, 4, 1)
(13, 6, 2)
(13, 8, 1)
(13, 9, 3)
(13, 13, 1)
(13, 14, 2)
(13, 15, 3)
(13, 16, 1)
(14, 1, 3)
(14, 2, 1)
(14, 3, 4)
(14, 4, 4)
(14, 5, 2)
(14, 6, 1)
(14, 9, 1)
(14, 13, 1)
(15, 2, 4)
(15, 3, 2)
(15, 4, 2)
(15, 5, 1)
(15, 7, 2)
(15, 9, 1)
(15, 14, 1)
(16, 1, 4)
(16, 2, 2)
(16, 3, 3)
(16, 4, 3)
(16, 5, 2)
(16, 6, 3)
(16, 7, 2)
(16, 8, 2)
(16, 12, 1)
(16, 15, 1)
(17, 2, 1)
(17, 4, 1)
(17, 9, 1)
(17, 10, 2)
(18, 4, 1)
(18, 5, 1)
(18, 8, 1)
(18, 22, 1)
(19, 1, 1)
(19, 6, 2)
(19, 9, 1)
(19, 13, 1)
(19, 15, 1)
(19, 16, 1)
(19, 18, 1)
(19, 21, 1)
(20, 12, 1)
(20, 14, 1)
(21, 1, 3)
(21, 2, 2)
(21, 5, 1)
(21, 8, 1)
(21, 11, 1)
(21, 15, 1)
(21, 17, 2)
(21, 18, 1)
(21, 33, 1)
(22, 1, 3)
(22, 2, 2)
(22, 3, 3)
(22, 4, 1)
(22, 9, 1)
(22, 12, 1)
(22, 13, 1)
(22, 18, 1)
(22, 29, 1)
(23, 5, 1)
(23, 6, 1)
(23, 7, 1)
(23, 13, 1)
(23, 14, 1)
(23, 15, 2)
(23, 30, 1)
(23, 32, 1)
(24, 1, 1)
(24, 2, 1)
(24, 4, 2)
(24, 5, 1)
(24, 6, 1)
(24, 7, 1)
(24, 8, 1)
(24, 9, 1)
(24, 10, 2)
(24, 11, 1)
(24, 12, 1)
(24, 13, 1)
(24, 16, 2)
(24, 17, 1)
(24, 18, 1)
(24, 19, 1)
(24, 20, 1)
(24, 22, 1)
(24, 24, 1)
(24, 27, 1)
(25, 1, 2)
(25, 3, 2)
(25, 4, 2)
(25, 5, 1)
(25, 7, 1)
(25, 8, 1)
(25, 9, 1)
(25, 12, 1)
(25, 13, 1)
(25, 15, 1)
(25, 16, 2)
(25, 17, 1)
(25, 19, 3)
(25, 20, 1)
(25, 22, 1)
(25, 25, 1)
(25, 34, 1)
(26, 1, 3)
(26, 2, 3)
(26, 3, 6)
(26, 4, 2)
(26, 5, 4)
(26, 6, 1)
(26, 7, 6)
(26, 8, 4)
(26, 10, 5)
(26, 11, 1)
(26, 12, 1)
(26, 14, 3)
(26, 15, 3)
(26, 17, 1)
(26, 18, 1)
(26, 19, 3)
(27, 1, 3)
(27, 2, 10)
(27, 3, 4)
(27, 4, 7)
(27, 5, 6)
(27, 6, 6)
(27, 7, 6)
(27, 8, 9)
(27, 10, 2)
(27, 12, 1)
(27, 14, 3)
(27, 16, 1)
(27, 17, 1)
(27, 18, 1)
(28, 1, 5)
(28, 2, 1)
(28, 4, 7)
(28, 5, 3)
(28, 6, 3)
(28, 8, 1)
(28, 9, 5)
(28, 10, 3)
(28, 11, 1)
(28, 13, 3)
(28, 14, 2)
(28, 16, 1)
(28, 20, 2)
(28, 29, 1)
(29, 1, 2)
(29, 2, 3)
(29, 3, 4)
(29, 5, 2)
(29, 6, 6)
(29, 7, 3)
(29, 8, 2)
(29, 9, 1)
(29, 12, 3)
(29, 14, 2)
(29, 15, 1)
(29, 16, 1)
(29, 17, 1)
(29, 23, 1)
(30, 1, 4)
(30, 2, 7)
(30, 4, 5)
(30, 5, 3)
(30, 6, 2)
(30, 7, 3)
(30, 8, 3)
(30, 9, 1)
(30, 10, 1)
(30, 11, 2)
(30, 13, 1)
(30, 19, 1)
(30, 20, 1)
(30, 21, 1)
(30, 26, 1)
(30, 27, 1)
(30, 28, 1)
(30, 37, 1)
(30, 38, 1)
(31, 1, 2)
(31, 2, 1)
(31, 3, 4)
(31, 4, 4)
(31, 5, 3)
(31, 6, 3)
(31, 7, 4)
(31, 8, 2)
(31, 9, 1)
(31, 10, 3)
(31, 11, 1)
(31, 12, 3)
(31, 14, 2)
(31, 17, 1)
(31, 20, 1)
(31, 21, 1)
(31, 23, 1)
(31, 26, 1)
(31, 37, 1)
(32, 1, 5)
(32, 2, 7)
(32, 3, 5)
(32, 4, 9)
(32, 5, 5)
(32, 6, 3)
(32, 7, 2)
(32, 8, 2)
(32, 9, 1)
(32, 10, 4)
(32, 11, 2)
(32, 14, 1)
(32, 15, 1)
(32, 18, 1)
(32, 19, 1)
(32, 22, 1)
(32, 34, 1)
(33, 1, 1)
(33, 2, 1)
(33, 3, 2)
(33, 5, 1)
(33, 7, 1)
(33, 8, 1)
(33, 10, 5)
(33, 11, 1)
(33, 13, 1)
(33, 16, 1)
(33, 17, 1)
(33, 27, 1)
(34, 3, 1)
(34, 4, 1)
(34, 5, 2)
(34, 6, 1)
(34, 7, 2)
(34, 8, 2)
(34, 9, 3)
(34, 10, 2)
(34, 11, 1)
(34, 12, 1)
(34, 13, 1)
(34, 14, 1)
(34, 15, 1)
(34, 17, 2)
(34, 19, 1)
(34, 20, 1)
(34, 21, 1)
(34, 22, 2)
(34, 24, 1)
(34, 32, 1)
(34, 37, 1)
(35, 1, 2)
(35, 3, 2)
(35, 4, 1)
(35, 5, 2)
(35, 6, 2)
(35, 7, 3)
(35, 8, 3)
(35, 9, 2)
(35, 10, 4)
(35, 11, 2)
(35, 12, 2)
(35, 13, 3)
(35, 14, 1)
(35, 16, 2)
(35, 17, 1)
(35, 18, 1)
(35, 19, 3)
(35, 27, 1)
(36, 1, 8)
(36, 2, 9)
(36, 3, 14)
(36, 4, 8)
(36, 5, 10)
(36, 6, 12)
(36, 7, 3)
(36, 8, 5)
(36, 9, 1)
(36, 10, 3)
(36, 11, 2)
(36, 12, 1)
(36, 13, 1)
(36, 14, 1)
(36, 16, 1)
(36, 18, 1)
(36, 21, 1)
(36, 22, 1)
(36, 23, 1)
(36, 35, 1)
(37, 1, 1)
(37, 2, 4)
(37, 3, 4)
(37, 4, 4)
(37, 5, 4)
(37, 6, 2)
(37, 7, 1)
(37, 8, 1)
(37, 9, 3)
(37, 11, 3)
(37, 12, 1)
(37, 13, 3)
(37, 14, 3)
(37, 15, 1)
(37, 16, 3)
(37, 17, 1)
(37, 18, 2)
(37, 19, 1)
(37, 20, 1)
(37, 28, 1)
(37, 29, 1)
(37, 37, 1)
(37, 38, 1)
(38, 1, 3)
(38, 2, 4)
(38, 3, 9)
(38, 4, 10)
(38, 5, 3)
(38, 6, 4)
(38, 7, 2)
(38, 8, 3)
(38, 10, 2)
(38, 11, 3)
(38, 13, 2)
(38, 14, 3)
(38, 16, 2)
(38, 17, 1)
(38, 19, 1)
(38, 20, 1)
(38, 21, 1)
(38, 37, 1)
(39, 1, 1)
(39, 2, 2)
(39, 3, 3)
(39, 4, 1)
(39, 5, 1)
(39, 6, 2)
(39, 8, 1)
(39, 10, 1)
(39, 11, 2)
(39, 13, 1)
(39, 14, 3)
(39, 19, 1)
(39, 20, 1)
(39, 21, 1)
xi_2:
(6, 29, 1)
(6, 36, 1)
(7, 39, 1)
(8, 15, 1)
(8, 23, 1)
(8, 29, 1)
(9, 7, 1)
(9, 11, 1)
(9, 26, 1)
(9, 28, 1)
(10, 16, 3)
(10, 17, 1)
(10, 20, 1)
(11, 7, 1)
(11, 8, 1)
(11, 14, 1)
(11, 25, 1)
(12, 15, 1)
(12, 24, 1)
(13, 16, 1)
(13, 19, 1)
(14, 8, 1)
(14, 9, 1)
(14, 15, 1)
(15, 14, 1)
(16, 14, 1)
(24, 15, 1)
(24, 21, 1)
(25, 18, 1)
(25, 30, 1)
(25, 32, 1)
(26, 17, 1)
(26, 20, 2)
(26, 22, 2)
(26, 24, 1)
(26, 34, 1)
(27, 7, 2)
(27, 10, 1)
(27, 12, 1)
(27, 15, 1)
(27, 17, 1)
(27, 19, 2)
(28, 7, 1)
(28, 14, 1)
(28, 18, 1)
(28, 19, 1)
(29, 14, 1)
(30, 6, 1)
(30, 23, 1)
(30, 29, 1)
(31, 13, 1)
(31, 26, 1)
(31, 27, 1)
(32, 14, 1)
(32, 17, 1)
(32, 20, 1)
(32, 37, 1)
(34, 23, 1)
(34, 27, 1)
(35, 19, 1)
(35, 20, 1)
(35, 21, 2)
(35, 37, 1)
(36, 5, 1)
(36, 7, 1)
(36, 13, 1)
(36, 17, 1)
(36, 19, 2)
(36, 22, 1)
(37, 16, 1)
(37, 19, 1)
(37, 21, 1)
(37, 22, 1)
(37, 23, 1)
(37, 32, 1)
(37, 35, 1)
(38, 4, 1)
(38, 19, 1)
(38, 20, 1)
(38, 28, 1)
(38, 29, 1)
(38, 38, 1)
