x-grades
-5933011415643496071/2000000000000000000
-2896126568361933671/1000000000000000000
-5651494857804238613/2000000000000000000
-1377684144721152471/500000000000000000
-1073995659992996231/400000000000000000
-2614610010522676213/1000000000000000000
-5088461742125723697/2000000000000000000
-618462932900761871/250000000000000000
-4806945184286466239/2000000000000000000
-466618690536683751/200000000000000000
-4525428626447208781/2000000000000000000
-1096167586881895013/500000000000000000
-4243912068607951323/2000000000000000000
-2051576894844161297/1000000000000000000
-792479102153738773/400000000000000000
-238852326990566571/125000000000000000
-3680878952929436407/2000000000000000000
-1770060337004903839/1000000000000000000
-3399362395090178949/2000000000000000000
-162930205808527511/100000000000000000
-3117845837250921491/2000000000000000000
-1488543779165646381/1000000000000000000
-2836329279411664033/2000000000000000000
-336946375061504413/250000000000000000
-102192508862896263/80000000000000000
-1207027221326388923/1000000000000000000
-2273296163733149117/2000000000000000000
-533134471203380097/500000000000000000
-1991779605893891659/2000000000000000000
-185102132697426293/200000000000000000
-1710263048054634201/2000000000000000000
-49047024035468921/62500000000000000
-1428746490215376743/2000000000000000000
-643994105647874007/1000000000000000000
-229445986475223857/400000000000000000
-251617913364122639/500000000000000000
-865713374536861827/2000000000000000000
-362477547808616549/1000000000000000000
-584196816697604369/2000000000000000000
-11085963444449391/50000000000000000

y-grades
2499707/10000000
2499707/5000000
7499121/10000000
2499707/2500000
2499707/2000000
7499121/5000000
17497949/10000000
2499707/1250000
22497363/10000000
2499707/1000000
27496777/10000000
7499121/2500000
32496191/10000000
17497949/5000000
7499121/2000000
2499707/625000
42495019/10000000
22497363/5000000
47494433/10000000
2499707/500000
52493847/10000000
27496777/5000000
57493261/10000000
7499121/1250000
2499707/400000
32496191/5000000
67492089/10000000
17497949/2500000
72491503/10000000
7499121/1000000
77490917/10000000
2499707/312500
82490331/10000000
42495019/5000000
17497949/2000000
22497363/2500000
92489159/10000000
47494433/5000000
97488573/10000000
2499707/250000

Dimensions > 0:
(0, 0, 11)
(0, 1, 6)
(0, 2, 5)
(0, 3, 3)
(0, 4, 3)
(0, 5, 3)
(0, 6, 3)
(0, 7, 3)
(0, 8, 3)
(0, 9, 3)
(0, 10, 3)
(0, 11, 3)
(0, 12, 3)
(0, 13, 3)
(0, 14, 3)
(0, 15, 3)
(0, 16, 3)
(0, 17, 3)
(0, 18, 3)
(0, 19, 3)
(0, 20, 3)
(0, 21, 3)
(0, 22, 3)
(0, 23, 3)
(0, 24, 3)
(0, 25, 3)
(0, 26, 2)
(0, 27, 2)
(0, 28, 2)
(0, 29, 2)
(0, 30, 2)
(0, 31, 2)
(0, 32, 2)
(0, 33, 2)
(0, 34, 2)
(0, 35, 2)
(0, 36, 2)
(0, 37, 2)
(0, 38, 2)
(0, 39, 2)

(1, 0, 16)
(1, 1, 8)
(1, 2, 7)
(1, 3, 4)
(1, 4, 4)
(1, 5, 4)
(1, 6, 4)
(1, 7, 4)
(1, 8, 4)
(1, 9, 4)
(1, 10, 4)
(1, 11, 4)
(1, 12, 4)
(1, 13, 4)
(1, 14, 4)
(1, 15, 4)
(1, 16, 4)
(1, 17, 4)
(1, 18, 4)
(1, 19, 4)
(1, 20, 4)
(1, 21, 4)
(1, 22, 4)
(1, 23, 4)
(1, 24, 4)
(1, 25, 3)
(1, 26, 2)
(1, 27, 2)
(1, 28, 2)
(1, 29, 1)
(1, 30, 1)
(1, 31, 1)
(1, 32, 1)
(1, 33, 1)
(1, 34, 1)
(1, 35, 1)
(1, 36, 1)
(1, 37, 1)
(1, 38, 1)
(1, 39, 1)

(2, 0, 16)
(2, 1, 8)
(2, 2, 7)
(2, 3, 4)
(2, 4, 4)
(2, 5, 4)
(2, 6, 4)
(2, 7, 4)
(2, 8, 4)
(2, 9, 4)
(2, 10, 4)
(2, 11, 4)
(2, 12, 4)
(2, 13, 4)
(2, 14, 4)
(2, 15, 4)
(2, 16, 4)
(2, 17, 4)
(2, 18, 4)
(2, 19, 4)
(2, 20, 4)
(2, 21, 4)
(2, 22, 4)
(2, 23, 4)
(2, 24, 4)
(2, 25, 3)
(2, 26, 2)
(2, 27, 2)
(2, 28, 2)
(2, 29, 1)
(2, 30, 1)
(2, 31, 1)
(2, 32, 1)
(2, 33, 1)
(2, 34, 1)
(2, 35, 1)
(2, 36, 1)
(2, 37, 1)
(2, 38, 1)
(2, 39, 1)

(3, 0, 20)
(3, 1, 11)
(3, 2, 10)
(3, 3, 5)
(3, 4, 5)
(3, 5, 5)
(3, 6, 5)
(3, 7, 5)
(3, 8, 5)
(3, 9, 5)
(3, 10, 5)
(3, 11, 5)
(3, 12, 5)
(3, 13, 5)
(3, 14, 5)
(3, 15, 5)
(3, 16, 5)
(3, 17, 5)
(3, 18, 5)
(3, 19, 5)
(3, 20, 5)
(3, 21, 5)
(3, 22, 5)
(3, 23, 5)
(3, 24, 5)
(3, 25, 4)
(3, 26, 3)
(3, 27, 3)
(3, 28, 3)
(3, 29, 2)
(3, 30, 2)
(3, 31, 2)
(3, 32, 2)
(3, 33, 2)
(3, 34, 2)
(3, 35, 2)
(3, 36, 2)
(3, 37, 2)
(3, 38, 2)
(3, 39, 2)

(4, 0, 28)
(4, 1, 16)
(4, 2, 14)
(4, 3, 8)
(4, 4, 8)
(4, 5, 8)
(4, 6, 8)
(4, 7, 8)
(4, 8, 8)
(4, 9, 8)
(4, 10, 8)
(4, 11, 8)
(4, 12, 8)
(4, 13, 8)
(4, 14, 8)
(4, 15, 8)
(4, 16, 8)
(4, 17, 8)
(4, 18, 8)
(4, 19, 8)
(4, 20, 8)
(4, 21, 8)
(4, 22, 8)
(4, 23, 8)
(4, 24, 8)
(4, 25, 6)
(4, 26, 4)
(4, 27, 4)
(4, 28, 4)
(4, 29, 2)
(4, 30, 2)
(4, 31, 2)
(4, 32, 2)
(4, 33, 2)
(4, 34, 2)
(4, 35, 2)
(4, 36, 2)
(4, 37, 2)
(4, 38, 2)
(4, 39, 2)

(5, 0, 29)
(5, 1, 16)
(5, 2, 14)
(5, 3, 8)
(5, 4, 8)
(5, 5, 8)
(5, 6, 8)
(5, 7, 8)
(5, 8, 8)
(5, 9, 8)
(5, 10, 8)
(5, 11, 8)
(5, 12, 8)
(5, 13, 8)
(5, 14, 8)
(5, 15, 8)
(5, 16, 8)
(5, 17, 8)
(5, 18, 8)
(5, 19, 8)
(5, 20, 8)
(5, 21, 8)
(5, 22, 8)
(5, 23, 8)
(5, 24, 8)
(5, 25, 6)
(5, 26, 4)
(5, 27, 4)
(5, 28, 4)
(5, 29, 2)
(5, 30, 2)
(5, 31, 2)
(5, 32, 2)
(5, 33, 2)
(5, 34, 2)
(5, 35, 2)
(5, 36, 2)
(5, 37, 2)
(5, 38, 2)
(5, 39, 2)

(6, 0, 31)
(6, 1, 17)
(6, 2, 15)
(6, 3, 9)
(6, 4, 9)
(6, 5, 9)
(6, 6, 9)
(6, 7, 9)
(6, 8, 9)
(6, 9, 9)
(6, 10, 9)
(6, 11, 9)
(6, 12, 9)
(6, 13, 9)
(6, 14, 9)
(6, 15, 9)
(6, 16, 9)
(6, 17, 9)
(6, 18, 9)
(6, 19, 9)
(6, 20, 9)
(6, 21, 9)
(6, 22, 9)
(6, 23, 9)
(6, 24, 9)
(6, 25, 7)
(6, 26, 5)
(6, 27, 5)
(6, 28, 5)
(6, 29, 3)
(6, 30, 3)
(6, 31, 3)
(6, 32, 3)
(6, 33, 3)
(6, 34, 3)
(6, 35, 3)
(6, 36, 3)
(6, 37, 3)
(6, 38, 3)
(6, 39, 3)

(7, 0, 34)
(7, 1, 19)
(7, 2, 17)
(7, 3, 10)
(7, 4, 10)
(7, 5, 10)
(7, 6, 10)
(7, 7, 10)
(7, 8, 10)
(7, 9, 10)
(7, 10, 10)
(7, 11, 10)
(7, 12, 10)
(7, 13, 10)
(7, 14, 10)
(7, 15, 10)
(7, 16, 10)
(7, 17, 10)
(7, 18, 10)
(7, 19, 10)
(7, 20, 10)
(7, 21, 10)
(7, 22, 10)
(7, 23, 10)
(7, 24, 10)
(7, 25, 8)
(7, 26, 6)
(7, 27, 6)
(7, 28, 6)
(7, 29, 4)
(7, 30, 4)
(7, 31, 3)
(7, 32, 3)
(7, 33, 3)
(7, 34, 3)
(7, 35, 3)
(7, 36, 3)
(7, 37, 3)
(7, 38, 3)
(7, 39, 3)

(8, 0, 42)
(8, 1, 23)
(8, 2, 21)
(8, 3, 14)
(8, 4, 14)
(8, 5, 14)
(8, 6, 14)
(8, 7, 13)
(8, 8, 13)
(8, 9, 13)
(8, 10, 13)
(8, 11, 13)
(8, 12, 13)
(8, 13, 13)
(8, 14, 13)
(8, 15, 13)
(8, 16, 13)
(8, 17, 13)
(8, 18, 13)
(8, 19, 13)
(8, 20, 12)
(8, 21, 12)
(8, 22, 12)
(8, 23, 12)
(8, 24, 12)
(8, 25, 10)
(8, 26, 8)
(8, 27, 8)
(8, 28, 8)
(8, 29, 4)
(8, 30, 4)
(8, 31, 3)
(8, 32, 3)
(8, 33, 3)
(8, 34, 3)
(8, 35, 3)
(8, 36, 3)
(8, 37, 3)
(8, 38, 3)
(8, 39, 3)

(9, 0, 42)
(9, 1, 23)
(9, 2, 21)
(9, 3, 14)
(9, 4, 14)
(9, 5, 14)
(9, 6, 14)
(9, 7, 13)
(9, 8, 13)
(9, 9, 13)
(9, 10, 13)
(9, 11, 13)
(9, 12, 13)
(9, 13, 13)
(9, 14, 13)
(9, 15, 13)
(9, 16, 13)
(9, 17, 13)
(9, 18, 13)
(9, 19, 13)
(9, 20, 12)
(9, 21, 12)
(9, 22, 12)
(9, 23, 12)
(9, 24, 12)
(9, 25, 10)
(9, 26, 8)
(9, 27, 8)
(9, 28, 8)
(9, 29, 4)
(9, 30, 4)
(9, 31, 3)
(9, 32, 3)
(9, 33, 3)
(9, 34, 3)
(9, 35, 3)
(9, 36, 3)
(9, 37, 3)
(9, 38, 3)
(9, 39, 3)

(10, 0, 45)
(10, 1, 24)
(10, 2, 22)
(10, 3, 15)
(10, 4, 15)
(10, 5, 15)
(10, 6, 15)
(10, 7, 14)
(10, 8, 14)
(10, 9, 14)
(10, 10, 14)
(10, 11, 14)
(10, 12, 14)
(10, 13, 14)
(10, 14, 14)
(10, 15, 14)
(10, 16, 14)
(10, 17, 14)
(10, 18, 14)
(10, 19, 14)
(10, 20, 13)
(10, 21, 13)
(10, 22, 13)
(10, 23, 13)
(10, 24, 13)
(10, 25, 11)
(10, 26, 9)
(10, 27, 9)
(10, 28, 9)
(10, 29, 5)
(10, 30, 5)
(10, 31, 4)
(10, 32, 4)
(10, 33, 4)
(10, 34, 4)
(10, 35, 4)
(10, 36, 4)
(10, 37, 4)
(10, 38, 4)
(10, 39, 4)

(11, 0, 46)
(11, 1, 26)
(11, 2, 24)
(11, 3, 16)
(11, 4, 16)
(11, 5, 16)
(11, 6, 16)
(11, 7, 15)
(11, 8, 15)
(11, 9, 15)
(11, 10, 15)
(11, 11, 15)
(11, 12, 15)
(11, 13, 15)
(11, 14, 15)
(11, 15, 15)
(11, 16, 15)
(11, 17, 15)
(11, 18, 15)
(11, 19, 15)
(11, 20, 14)
(11, 21, 14)
(11, 22, 14)
(11, 23, 14)
(11, 24, 14)
(11, 25, 12)
(11, 26, 10)
(11, 27, 10)
(11, 28, 10)
(11, 29, 6)
(11, 30, 6)
(11, 31, 4)
(11, 32, 4)
(11, 33, 4)
(11, 34, 4)
(11, 35, 4)
(11, 36, 4)
(11, 37, 4)
(11, 38, 4)
(11, 39, 4)

(12, 0, 47)
(12, 1, 27)
(12, 2, 25)
(12, 3, 17)
(12, 4, 17)
(12, 5, 17)
(12, 6, 17)
(12, 7, 16)
(12, 8, 16)
(12, 9, 16)
(12, 10, 16)
(12, 11, 16)
(12, 12, 16)
(12, 13, 16)
(12, 14, 16)
(12, 15, 16)
(12, 16, 16)
(12, 17, 16)
(12, 18, 16)
(12, 19, 16)
(12, 20, 15)
(12, 21, 15)
(12, 22, 15)
(12, 23, 15)
(12, 24, 15)
(12, 25, 13)
(12, 26, 11)
(12, 27, 11)
(12, 28, 11)
(12, 29, 7)
(12, 30, 7)
(12, 31, 4)
(12, 32, 4)
(12, 33, 4)
(12, 34, 4)
(12, 35, 4)
(12, 36, 4)
(12, 37, 4)
(12, 38, 4)
(12, 39, 4)

(13, 0, 54)
(13, 1, 30)
(13, 2, 28)
(13, 3, 20)
(13, 4, 20)
(13, 5, 20)
(13, 6, 20)
(13, 7, 18)
(13, 8, 18)
(13, 9, 18)
(13, 10, 18)
(13, 11, 18)
(13, 12, 18)
(13, 13, 18)
(13, 14, 18)
(13, 15, 18)
(13, 16, 18)
(13, 17, 18)
(13, 18, 18)
(13, 19, 18)
(13, 20, 16)
(13, 21, 16)
(13, 22, 16)
(13, 23, 16)
(13, 24, 16)
(13, 25, 14)
(13, 26, 12)
(13, 27, 12)
(13, 28, 12)
(13, 29, 7)
(13, 30, 7)
(13, 31, 4)
(13, 32, 4)
(13, 33, 4)
(13, 34, 4)
(13, 35, 4)
(13, 36, 4)
(13, 37, 4)
(13, 38, 4)
(13, 39, 4)

(14, 0, 54)
(14, 1, 30)
(14, 2, 28)
(14, 3, 20)
(14, 4, 20)
(14, 5, 20)
(14, 6, 20)
(14, 7, 18)
(14, 8, 18)
(14, 9, 18)
(14, 10, 18)
(14, 11, 18)
(14, 12, 18)
(14, 13, 18)
(14, 14, 18)
(14, 15, 18)
(14, 16, 18)
(14, 17, 18)
(14, 18, 18)
(14, 19, 18)
(14, 20, 16)
(14, 21, 16)
(14, 22, 16)
(14, 23, 16)
(14, 24, 16)
(14, 25, 14)
(14, 26, 12)
(14, 27, 12)
(14, 28, 12)
(14, 29, 7)
(14, 30, 7)
(14, 31, 4)
(14, 32, 4)
(14, 33, 4)
(14, 34, 4)
(14, 35, 4)
(14, 36, 4)
(14, 37, 4)
(14, 38, 4)
(14, 39, 4)

(15, 0, 54)
(15, 1, 30)
(15, 2, 28)
(15, 3, 20)
(15, 4, 20)
(15, 5, 20)
(15, 6, 20)
(15, 7, 18)
(15, 8, 18)
(15, 9, 18)
(15, 10, 18)
(15, 11, 18)
(15, 12, 18)
(15, 13, 18)
(15, 14, 18)
(15, 15, 18)
(15, 16, 18)
(15, 17, 18)
(15, 18, 18)
(15, 19, 18)
(15, 20, 16)
(15, 21, 16)
(15, 22, 16)
(15, 23, 16)
(15, 24, 16)
(15, 25, 14)
(15, 26, 12)
(15, 27, 12)
(15, 28, 12)
(15, 29, 7)
(15, 30, 7)
(15, 31, 4)
(15, 32, 4)
(15, 33, 4)
(15, 34, 4)
(15, 35, 4)
(15, 36, 4)
(15, 37, 4)
(15, 38, 4)
(15, 39, 4)

(16, 0, 54)
(16, 1, 30)
(16, 2, 28)
(16, 3, 20)
(16, 4, 20)
(16, 5, 20)
(16, 6, 20)
(16, 7, 18)
(16, 8, 18)
(16, 9, 18)
(16, 10, 18)
(16, 11, 18)
(16, 12, 18)
(16, 13, 18)
(16, 14, 18)
(16, 15, 18)
(16, 16, 18)
(16, 17, 18)
(16, 18, 18)
(16, 19, 18)
(16, 20, 16)
(16, 21, 16)
(16, 22, 16)
(16, 23, 16)
(16, 24, 16)
(16, 25, 14)
(16, 26, 12)
(16, 27, 12)
(16, 28, 12)
(16, 29, 7)
(16, 30, 7)
(16, 31, 4)
(16, 32, 4)
(16, 33, 4)
(16, 34, 4)
(16, 35, 4)
(16, 36, 4)
(16, 37, 4)
(16, 38, 4)
(16, 39, 4)

(17, 0, 54)
(17, 1, 30)
(17, 2, 28)
(17, 3, 20)
(17, 4, 20)
(17, 5, 20)
(17, 6, 20)
(17, 7, 18)
(17, 8, 18)
(17, 9, 18)
(17, 10, 18)
(17, 11, 18)
(17, 12, 18)
(17, 13, 18)
(17, 14, 18)
(17, 15, 18)
(17, 16, 18)
(17, 17, 18)
(17, 18, 18)
(17, 19, 18)
(17, 20, 16)
(17, 21, 16)
(17, 22, 16)
(17, 23, 16)
(17, 24, 16)
(17, 25, 14)
(17, 26, 12)
(17, 27, 12)
(17, 28, 12)
(17, 29, 7)
(17, 30, 7)
(17, 31, 4)
(17, 32, 4)
(17, 33, 4)
(17, 34, 4)
(17, 35, 4)
(17, 36, 4)
(17, 37, 4)
(17, 38, 4)
(17, 39, 4)

(18, 0, 54)
(18, 1, 30)
(18, 2, 28)
(18, 3, 20)
(18, 4, 20)
(18, 5, 20)
(18, 6, 20)
(18, 7, 18)
(18, 8, 18)
(18, 9, 18)
(18, 10, 18)
(18, 11, 18)
(18, 12, 18)
(18, 13, 18)
(18, 14, 18)
(18, 15, 18)
(18, 16, 18)
(18, 17, 18)
(18, 18, 18)
(18, 19, 18)
(18, 20, 16)
(18, 21, 16)
(18, 22, 16)
(18, 23, 16)
(18, 24, 16)
(18, 25, 14)
(18, 26, 12)
(18, 27, 12)
(18, 28, 12)
(18, 29, 7)
(18, 30, 7)
(18, 31, 4)
(18, 32, 4)
(18, 33, 4)
(18, 34, 4)
(18, 35, 4)
(18, 36, 4)
(18, 37, 4)
(18, 38, 4)
(18, 39, 4)

(19, 0, 54)
(19, 1, 30)
(19, 2, 28)
(19, 3, 20)
(19, 4, 20)
(19, 5, 20)
(19, 6, 20)
(19, 7, 18)
(19, 8, 18)
(19, 9, 18)
(19, 10, 18)
(19, 11, 18)
(19, 12, 18)
(19, 13, 18)
(19, 14, 18)
(19, 15, 18)
(19, 16, 18)
(19, 17, 18)
(19, 18, 18)
(19, 19, 18)
(19, 20, 16)
(19, 21, 16)
(19, 22, 16)
(19, 23, 16)
(19, 24, 16)
(19, 25, 14)
(19, 26, 12)
(19, 27, 12)
(19, 28, 12)
(19, 29, 7)
(19, 30, 7)
(19, 31, 4)
(19, 32, 4)
(19, 33, 4)
(19, 34, 4)
(19, 35, 4)
(19, 36, 4)
(19, 37, 4)
(19, 38, 4)
(19, 39, 4)

(20, 0, 55)
(20, 1, 31)
(20, 2, 29)
(20, 3, 21)
(20, 4, 21)
(20, 5, 21)
(20, 6, 21)
(20, 7, 19)
(20, 8, 19)
(20, 9, 19)
(20, 10, 19)
(20, 11, 19)
(20, 12, 19)
(20, 13, 19)
(20, 14, 19)
(20, 15, 19)
(20, 16, 19)
(20, 17, 19)
(20, 18, 19)
(20, 19, 19)
(20, 20, 17)
(20, 21, 17)
(20, 22, 17)
(20, 23, 17)
(20, 24, 17)
(20, 25, 15)
(20, 26, 13)
(20, 27, 13)
(20, 28, 13)
(20, 29, 8)
(20, 30, 8)
(20, 31, 5)
(20, 32, 5)
(20, 33, 5)
(20, 34, 5)
(20, 35, 5)
(20, 36, 5)
(20, 37, 5)
(20, 38, 5)
(20, 39, 5)

(21, 0, 56)
(21, 1, 31)
(21, 2, 29)
(21, 3, 21)
(21, 4, 21)
(21, 5, 21)
(21, 6, 21)
(21, 7, 19)
(21, 8, 19)
(21, 9, 19)
(21, 10, 19)
(21, 11, 19)
(21, 12, 19)
(21, 13, 19)
(21, 14, 19)
(21, 15, 19)
(21, 16, 19)
(21, 17, 19)
(21, 18, 19)
(21, 19, 19)
(21, 20, 17)
(21, 21, 17)
(21, 22, 17)
(21, 23, 17)
(21, 24, 17)
(21, 25, 15)
(21, 26, 13)
(21, 27, 13)
(21, 28, 13)
(21, 29, 8)
(21, 30, 8)
(21, 31, 5)
(21, 32, 5)
(21, 33, 5)
(21, 34, 5)
(21, 35, 5)
(21, 36, 5)
(21, 37, 5)
(21, 38, 5)
(21, 39, 5)

(22, 0, 56)
(22, 1, 31)
(22, 2, 29)
(22, 3, 21)
(22, 4, 21)
(22, 5, 21)
(22, 6, 21)
(22, 7, 19)
(22, 8, 19)
(22, 9, 19)
(22, 10, 19)
(22, 11, 19)
(22, 12, 19)
(22, 13, 19)
(22, 14, 19)
(22, 15, 19)
(22, 16, 19)
(22, 17, 19)
(22, 18, 19)
(22, 19, 19)
(22, 20, 17)
(22, 21, 17)
(22, 22, 17)
(22, 23, 17)
(22, 24, 17)
(22, 25, 15)
(22, 26, 13)
(22, 27, 13)
(22, 28, 13)
(22, 29, 8)
(22, 30, 8)
(22, 31, 5)
(22, 32, 5)
(22, 33, 5)
(22, 34, 5)
(22, 35, 5)
(22, 36, 5)
(22, 37, 5)
(22, 38, 5)
(22, 39, 5)

(23, 0, 56)
(23, 1, 31)
(23, 2, 29)
(23, 3, 21)
(23, 4, 21)
(23, 5, 21)
(23, 6, 21)
(23, 7, 19)
(23, 8, 19)
(23, 9, 19)
(23, 10, 19)
(23, 11, 19)
(23, 12, 19)
(23, 13, 19)
(23, 14, 19)
(23, 15, 19)
(23, 16, 19)
(23, 17, 19)
(23, 18, 19)
(23, 19, 19)
(23, 20, 17)
(23, 21, 17)
(23, 22, 17)
(23, 23, 17)
(23, 24, 17)
(23, 25, 15)
(23, 26, 13)
(23, 27, 13)
(23, 28, 13)
(23, 29, 8)
(23, 30, 8)
(23, 31, 5)
(23, 32, 5)
(23, 33, 5)
(23, 34, 5)
(23, 35, 5)
(23, 36, 5)
(23, 37, 5)
(23, 38, 5)
(23, 39, 5)

(24, 0, 78)
(24, 1, 47)
(24, 2, 39)
(24, 3, 27)
(24, 4, 26)
(24, 5, 26)
(24, 6, 26)
(24, 7, 23)
(24, 8, 23)
(24, 9, 23)
(24, 10, 23)
(24, 11, 23)
(24, 12, 23)
(24, 13, 23)
(24, 14, 23)
(24, 15, 23)
(24, 16, 22)
(24, 17, 22)
(24, 18, 22)
(24, 19, 22)
(24, 20, 19)
(24, 21, 19)
(24, 22, 19)
(24, 23, 19)
(24, 24, 19)
(24, 25, 17)
(24, 26, 15)
(24, 27, 15)
(24, 28, 15)
(24, 29, 10)
(24, 30, 10)
(24, 31, 7)
(24, 32, 7)
(24, 33, 7)
(24, 34, 7)
(24, 35, 7)
(24, 36, 7)
(24, 37, 7)
(24, 38, 7)
(24, 39, 7)

(25, 0, 101)
(25, 1, 59)
(25, 2, 48)
(25, 3, 31)
(25, 4, 30)
(25, 5, 30)
(25, 6, 30)
(25, 7, 27)
(25, 8, 27)
(25, 9, 26)
(25, 10, 26)
(25, 11, 26)
(25, 12, 26)
(25, 13, 26)
(25, 14, 25)
(25, 15, 25)
(25, 16, 24)
(25, 17, 24)
(25, 18, 24)
(25, 19, 24)
(25, 20, 21)
(25, 21, 21)
(25, 22, 21)
(25, 23, 21)
(25, 24, 21)
(25, 25, 18)
(25, 26, 16)
(25, 27, 16)
(25, 28, 16)
(25, 29, 11)
(25, 30, 11)
(25, 31, 8)
(25, 32, 8)
(25, 33, 8)
(25, 34, 8)
(25, 35, 8)
(25, 36, 8)
(25, 37, 8)
(25, 38, 8)
(25, 39, 8)

(26, 0, 101)
(26, 1, 59)
(26, 2, 48)
(26, 3, 31)
(26, 4, 30)
(26, 5, 30)
(26, 6, 30)
(26, 7, 27)
(26, 8, 27)
(26, 9, 26)
(26, 10, 26)
(26, 11, 26)
(26, 12, 26)
(26, 13, 26)
(26, 14, 25)
(26, 15, 25)
(26, 16, 24)
(26, 17, 24)
(26, 18, 24)
(26, 19, 24)
(26, 20, 21)
(26, 21, 21)
(26, 22, 21)
(26, 23, 21)
(26, 24, 21)
(26, 25, 18)
(26, 26, 16)
(26, 27, 16)
(26, 28, 16)
(26, 29, 11)
(26, 30, 11)
(26, 31, 8)
(26, 32, 8)
(26, 33, 8)
(26, 34, 8)
(26, 35, 8)
(26, 36, 8)
(26, 37, 8)
(26, 38, 8)
(26, 39, 8)

(27, 0, 101)
(27, 1, 59)
(27, 2, 48)
(27, 3, 31)
(27, 4, 30)
(27, 5, 30)
(27, 6, 30)
(27, 7, 27)
(27, 8, 27)
(27, 9, 26)
(27, 10, 26)
(27, 11, 26)
(27, 12, 26)
(27, 13, 26)
(27, 14, 25)
(27, 15, 25)
(27, 16, 24)
(27, 17, 24)
(27, 18, 24)
(27, 19, 24)
(27, 20, 21)
(27, 21, 21)
(27, 22, 21)
(27, 23, 21)
(27, 24, 21)
(27, 25, 18)
(27, 26, 16)
(27, 27, 16)
(27, 28, 16)
(27, 29, 11)
(27, 30, 11)
(27, 31, 8)
(27, 32, 8)
(27, 33, 8)
(27, 34, 8)
(27, 35, 8)
(27, 36, 8)
(27, 37, 8)
(27, 38, 8)
(27, 39, 8)

(28, 0, 102)
(28, 1, 60)
(28, 2, 49)
(28, 3, 32)
(28, 4, 31)
(28, 5, 31)
(28, 6, 31)
(28, 7, 28)
(28, 8, 28)
(28, 9, 27)
(28, 10, 27)
(28, 11, 27)
(28, 12, 27)
(28, 13, 27)
(28, 14, 26)
(28, 15, 26)
(28, 16, 25)
(28, 17, 25)
(28, 18, 25)
(28, 19, 25)
(28, 20, 22)
(28, 21, 22)
(28, 22, 22)
(28, 23, 22)
(28, 24, 22)
(28, 25, 19)
(28, 26, 17)
(28, 27, 17)
(28, 28, 17)
(28, 29, 12)
(28, 30, 12)
(28, 31, 9)
(28, 32, 9)
(28, 33, 9)
(28, 34, 9)
(28, 35, 9)
(28, 36, 9)
(28, 37, 9)
(28, 38, 9)
(28, 39, 9)

(29, 0, 103)
(29, 1, 60)
(29, 2, 49)
(29, 3, 32)
(29, 4, 31)
(29, 5, 31)
(29, 6, 31)
(29, 7, 28)
(29, 8, 28)
(29, 9, 27)
(29, 10, 27)
(29, 11, 27)
(29, 12, 27)
(29, 13, 27)
(29, 14, 26)
(29, 15, 26)
(29, 16, 25)
(29, 17, 25)
(29, 18, 25)
(29, 19, 25)
(29, 20, 22)
(29, 21, 22)
(29, 22, 22)
(29, 23, 22)
(29, 24, 22)
(29, 25, 19)
(29, 26, 17)
(29, 27, 17)
(29, 28, 17)
(29, 29, 12)
(29, 30, 12)
(29, 31, 9)
(29, 32, 9)
(29, 33, 9)
(29, 34, 9)
(29, 35, 9)
(29, 36, 9)
(29, 37, 9)
(29, 38, 9)
(29, 39, 9)

(30, 0, 103)
(30, 1, 60)
(30, 2, 49)
(30, 3, 32)
(30, 4, 31)
(30, 5, 31)
(30, 6, 31)
(30, 7, 28)
(30, 8, 28)
(30, 9, 27)
(30, 10, 27)
(30, 11, 27)
(30, 12, 27)
(30, 13, 27)
(30, 14, 26)
(30, 15, 26)
(30, 16, 25)
(30, 17, 25)
(30, 18, 25)
(30, 19, 25)
(30, 20, 22)
(30, 21, 22)
(30, 22, 22)
(30, 23, 22)
(30, 24, 22)
(30, 25, 19)
(30, 26, 17)
(30, 27, 17)
(30, 28, 17)
(30, 29, 12)
(30, 30, 12)
(30, 31, 9)
(30, 32, 9)
(30, 33, 9)
(30, 34, 9)
(30, 35, 9)
(30, 36, 9)
(30, 37, 9)
(30, 38, 9)
(30, 39, 9)

(31, 0, 103)
(31, 1, 60)
(31, 2, 49)
(31, 3, 32)
(31, 4, 31)
(31, 5, 31)
(31, 6, 31)
(31, 7, 28)
(31, 8, 28)
(31, 9, 27)
(31, 10, 27)
(31, 11, 27)
(31, 12, 27)
(31, 13, 27)
(31, 14, 26)
(31, 15, 26)
(31, 16, 25)
(31, 17, 25)
(31, 18, 25)
(31, 19, 25)
(31, 20, 22)
(31, 21, 22)
(31, 22, 22)
(31, 23, 22)
(31, 24, 22)
(31, 25, 19)
(31, 26, 17)
(31, 27, 17)
(31, 28, 17)
(31, 29, 12)
(31, 30, 12)
(31, 31, 9)
(31, 32, 9)
(31, 33, 9)
(31, 34, 9)
(31, 35, 9)
(31, 36, 9)
(31, 37, 9)
(31, 38, 9)
(31, 39, 9)

(32, 0, 104)
(32, 1, 61)
(32, 2, 50)
(32, 3, 33)
(32, 4, 32)
(32, 5, 32)
(32, 6, 32)
(32, 7, 29)
(32, 8, 29)
(32, 9, 28)
(32, 10, 28)
(32, 11, 28)
(32, 12, 28)
(32, 13, 28)
(32, 14, 27)
(32, 15, 27)
(32, 16, 26)
(32, 17, 26)
(32, 18, 26)
(32, 19, 26)
(32, 20, 23)
(32, 21, 23)
(32, 22, 23)
(32, 23, 23)
(32, 24, 23)
(32, 25, 20)
(32, 26, 18)
(32, 27, 18)
(32, 28, 18)
(32, 29, 13)
(32, 30, 13)
(32, 31, 9)
(32, 32, 9)
(32, 33, 9)
(32, 34, 9)
(32, 35, 9)
(32, 36, 9)
(32, 37, 9)
(32, 38, 9)
(32, 39, 9)

(33, 0, 107)
(33, 1, 64)
(33, 2, 53)
(33, 3, 34)
(33, 4, 33)
(33, 5, 33)
(33, 6, 33)
(33, 7, 30)
(33, 8, 30)
(33, 9, 29)
(33, 10, 29)
(33, 11, 29)
(33, 12, 29)
(33, 13, 29)
(33, 14, 28)
(33, 15, 28)
(33, 16, 27)
(33, 17, 27)
(33, 18, 27)
(33, 19, 27)
(33, 20, 24)
(33, 21, 24)
(33, 22, 24)
(33, 23, 24)
(33, 24, 24)
(33, 25, 21)
(33, 26, 19)
(33, 27, 19)
(33, 28, 19)
(33, 29, 14)
(33, 30, 14)
(33, 31, 10)
(33, 32, 10)
(33, 33, 10)
(33, 34, 10)
(33, 35, 10)
(33, 36, 10)
(33, 37, 10)
(33, 38, 10)
(33, 39, 10)

(34, 0, 125)
(34, 1, 71)
(34, 2, 56)
(34, 3, 35)
(34, 4, 34)
(34, 5, 34)
(34, 6, 34)
(34, 7, 31)
(34, 8, 31)
(34, 9, 30)
(34, 10, 30)
(34, 11, 30)
(34, 12, 30)
(34, 13, 30)
(34, 14, 29)
(34, 15, 29)
(34, 16, 28)
(34, 17, 28)
(34, 18, 28)
(34, 19, 28)
(34, 20, 24)
(34, 21, 24)
(34, 22, 24)
(34, 23, 24)
(34, 24, 24)
(34, 25, 21)
(34, 26, 19)
(34, 27, 19)
(34, 28, 19)
(34, 29, 14)
(34, 30, 14)
(34, 31, 10)
(34, 32, 10)
(34, 33, 10)
(34, 34, 10)
(34, 35, 10)
(34, 36, 10)
(34, 37, 10)
(34, 38, 10)
(34, 39, 10)

(35, 0, 125)
(35, 1, 71)
(35, 2, 56)
(35, 3, 35)
(35, 4, 34)
(35, 5, 34)
(35, 6, 34)
(35, 7, 31)
(35, 8, 31)
(35, 9, 30)
(35, 10, 30)
(35, 11, 30)
(35, 12, 30)
(35, 13, 30)
(35, 14, 29)
(35, 15, 29)
(35, 16, 28)
(35, 17, 28)
(35, 18, 28)
(35, 19, 28)
(35, 20, 24)
(35, 21, 24)
(35, 22, 24)
(35, 23, 24)
(35, 24, 24)
(35, 25, 21)
(35, 26, 19)
(35, 27, 19)
(35, 28, 19)
(35, 29, 14)
(35, 30, 14)
(35, 31, 10)
(35, 32, 10)
(35, 33, 10)
(35, 34, 10)
(35, 35, 10)
(35, 36, 10)
(35, 37, 10)
(35, 38, 10)
(35, 39, 10)

(36, 0, 137)
(36, 1, 77)
(36, 2, 62)
(36, 3, 39)
(36, 4, 38)
(36, 5, 38)
(36, 6, 38)
(36, 7, 34)
(36, 8, 34)
(36, 9, 32)
(36, 10, 32)
(36, 11, 32)
(36, 12, 32)
(36, 13, 31)
(36, 14, 30)
(36, 15, 30)
(36, 16, 29)
(36, 17, 29)
(36, 18, 29)
(36, 19, 29)
(36, 20, 25)
(36, 21, 25)
(36, 22, 25)
(36, 23, 25)
(36, 24, 25)
(36, 25, 21)
(36, 26, 19)
(36, 27, 19)
(36, 28, 19)
(36, 29, 14)
(36, 30, 14)
(36, 31, 10)
(36, 32, 10)
(36, 33, 10)
(36, 34, 10)
(36, 35, 10)
(36, 36, 10)
(36, 37, 10)
(36, 38, 10)
(36, 39, 10)

(37, 0, 137)
(37, 1, 77)
(37, 2, 62)
(37, 3, 39)
(37, 4, 38)
(37, 5, 38)
(37, 6, 38)
(37, 7, 34)
(37, 8, 34)
(37, 9, 32)
(37, 10, 32)
(37, 11, 32)
(37, 12, 32)
(37, 13, 31)
(37, 14, 30)
(37, 15, 30)
(37, 16, 29)
(37, 17, 29)
(37, 18, 29)
(37, 19, 29)
(37, 20, 25)
(37, 21, 25)
(37, 22, 25)
(37, 23, 25)
(37, 24, 25)
(37, 25, 21)
(37, 26, 19)
(37, 27, 19)
(37, 28, 19)
(37, 29, 14)
(37, 30, 14)
(37, 31, 10)
(37, 32, 10)
(37, 33, 10)
(37, 34, 10)
(37, 35, 10)
(37, 36, 10)
(37, 37, 10)
(37, 38, 10)
(37, 39, 10)

(38, 0, 142)
(38, 1, 81)
(38, 2, 66)
(38, 3, 40)
(38, 4, 39)
(38, 5, 39)
(38, 6, 39)
(38, 7, 35)
(38, 8, 35)
(38, 9, 33)
(38, 10, 33)
(38, 11, 33)
(38, 12, 33)
(38, 13, 32)
(38, 14, 31)
(38, 15, 31)
(38, 16, 30)
(38, 17, 30)
(38, 18, 30)
(38, 19, 30)
(38, 20, 26)
(38, 21, 26)
(38, 22, 26)
(38, 23, 26)
(38, 24, 26)
(38, 25, 22)
(38, 26, 20)
(38, 27, 20)
(38, 28, 20)
(38, 29, 15)
(38, 30, 15)
(38, 31, 11)
(38, 32, 11)
(38, 33, 11)
(38, 34, 11)
(38, 35, 11)
(38, 36, 11)
(38, 37, 11)
(38, 38, 11)
(38, 39, 11)

(39, 0, 147)
(39, 1, 85)
(39, 2, 68)
(39, 3, 41)
(39, 4, 40)
(39, 5, 40)
(39, 6, 40)
(39, 7, 36)
(39, 8, 36)
(39, 9, 34)
(39, 10, 34)
(39, 11, 34)
(39, 12, 34)
(39, 13, 33)
(39, 14, 31)
(39, 15, 31)
(39, 16, 30)
(39, 17, 30)
(39, 18, 30)
(39, 19, 30)
(39, 20, 26)
(39, 21, 26)
(39, 22, 26)
(39, 23, 26)
(39, 24, 26)
(39, 25, 22)
(39, 26, 20)
(39, 27, 20)
(39, 28, 20)
(39, 29, 15)
(39, 30, 15)
(39, 31, 11)
(39, 32, 11)
(39, 33, 11)
(39, 34, 11)
(39, 35, 11)
(39, 36, 11)
(39, 37, 11)
(39, 38, 11)
(39, 39, 11)


Betti numbers:
xi_0:
(0, 0, 11)
(1, 0, 5)
(3, 0, 4)
(4, 0, 8)
(5, 0, 1)
(6, 0, 2)
(7, 0, 3)
(8, 0, 8)
(10, 0, 3)
(11, 0, 2)
(12, 0, 1)
(13, 0, 7)
(20, 0, 1)
(21, 0, 1)
(24, 0, 22)
(25, 0, 23)
(28, 0, 1)
(29, 0, 1)
(32, 0, 1)
(33, 0, 3)
(34, 0, 18)
(36, 0, 12)
(38, 0, 5)
(39, 0, 5)
xi_1:
(0, 1, 5)
(0, 2, 1)
(0, 3, 2)
(0, 26, 1)
(1, 1, 3)
(1, 3, 1)
(1, 25, 1)
(1, 29, 1)
(3, 1, 1)
(3, 3, 2)
(4, 1, 3)
(4, 2, 1)
(4, 3, 1)
(4, 25, 1)
(4, 26, 1)
(4, 29, 1)
(5, 1, 1)
(6, 1, 1)
(7, 1, 1)
(7, 3, 1)
(7, 31, 1)
(8, 1, 4)
(8, 7, 1)
(8, 20, 1)
(8, 29, 2)
(10, 1, 2)
(11, 0, 1)
(11, 3, 1)
(11, 31, 1)
(12, 31, 1)
(13, 1, 4)
(13, 7, 1)
(13, 20, 1)
(13, 29, 1)
(21, 1, 1)
(24, 1, 6)
(24, 2, 6)
(24, 3, 4)
(24, 4, 1)
(24, 7, 1)
(24, 16, 1)
(24, 20, 1)
(25, 1, 11)
(25, 2, 3)
(25, 3, 5)
(25, 9, 1)
(25, 14, 1)
(25, 25, 1)
(29, 1, 1)
(32, 31, 1)
(33, 3, 2)
(34, 1, 11)
(34, 2, 4)
(34, 3, 2)
(34, 20, 1)
(36, 1, 6)
(36, 3, 2)
(36, 7, 1)
(36, 9, 1)
(36, 13, 1)
(36, 25, 1)
(38, 1, 1)
(38, 3, 3)
(39, 1, 1)
(39, 2, 2)
(39, 3, 1)
(39, 14, 1)
xi_2:
(11, 1, 1)
