x-grades
-84855495267081389/80000000000000000
-41837393241634757/40000000000000000
-82494077699457639/80000000000000000
-20328342228911441/20000000000000000
-80132660131833889/80000000000000000
-39475975674011007/40000000000000000
-77771242564210139/80000000000000000
-9573816722549783/10000000000000000
-75409824996586389/80000000000000000
-37114558106387257/40000000000000000
-73048407428962639/80000000000000000
-17966924661287691/20000000000000000
-70686989861338889/80000000000000000
-34753140538763507/40000000000000000
-68325572293715139/80000000000000000
-2098276984684477/2500000000000000
-65964154726091389/80000000000000000
-32391722971139757/40000000000000000
-63602737158467639/80000000000000000
-15605507093663941/20000000000000000
-61241319590843889/80000000000000000
-30030305403516007/40000000000000000
-58879902023220139/80000000000000000
-7212399154926033/10000000000000000
-56518484455596389/80000000000000000
-27668887835892257/40000000000000000
-54157066887972639/80000000000000000
-13244089526040191/20000000000000000
-51795649320348889/80000000000000000
-25307470268268507/40000000000000000
-49434231752725139/80000000000000000
-3015845185557079/5000000000000000
-47072814185101389/80000000000000000
-22946052700644757/40000000000000000
-44711396617477639/80000000000000000
-10882671958416441/20000000000000000
-42349979049853889/80000000000000000
-20584635133021007/40000000000000000
-39988561482230139/80000000000000000
-4850981587302283/10000000000000000

y-grades
4999881/20000000
4999881/10000000
14999643/20000000
4999881/5000000
4999881/4000000
14999643/10000000
34999167/20000000
4999881/2500000
44998929/20000000
4999881/2000000
54998691/20000000
14999643/5000000
64998453/20000000
34999167/10000000
14999643/4000000
4999881/1250000
84997977/20000000
44998929/10000000
94997739/20000000
4999881/1000000
104997501/20000000
54998691/10000000
114997263/20000000
14999643/2500000
4999881/800000
64998453/10000000
134996787/20000000
34999167/5000000
144996549/20000000
14999643/2000000
154996311/20000000
4999881/625000
164996073/20000000
84997977/10000000
34999167/4000000
44998929/5000000
184995597/20000000
94997739/10000000
194995359/20000000
4999881/500000

Dimensions > 0:
(0, 0, 2)
(0, 1, 2)
(0, 2, 2)
(0, 3, 2)
(0, 4, 1)
(0, 5, 1)
(0, 6, 1)
(0, 7, 1)
(0, 8, 1)
(0, 9, 1)
(0, 10, 1)
(0, 11, 1)
(0, 12, 1)
(0, 13, 1)
(0, 14, 1)
(0, 15, 1)
(0, 16, 1)
(0, 17, 1)
(0, 18, 1)
(0, 19, 1)
(0, 20, 1)
(0, 21, 1)
(0, 22, 1)
(0, 23, 1)
(0, 24, 1)
(0, 25, 1)
(0, 26, 1)
(0, 27, 1)
(0, 28, 1)
(0, 29, 1)
(0, 30, 1)
(0, 31, 1)
(0, 32, 1)
(0, 33, 1)
(0, 34, 1)
(0, 35, 1)
(0, 36, 1)
(0, 37, 1)
(0, 38, 1)
(0, 39, 1)

(1, 0, 4)
(1, 1, 4)
(1, 2, 4)
(1, 3, 3)
(1, 4, 2)
(1, 5, 2)
(1, 6, 2)
(1, 7, 2)
(1, 8, 2)
(1, 9, 2)
(1, 10, 2)
(1, 11, 1)
(1, 12, 1)
(1, 13, 1)
(1, 14, 1)
(1, 15, 1)
(1, 16, 1)
(1, 17, 1)
(1, 18, 1)
(1, 19, 1)
(1, 20, 1)
(1, 21, 1)
(1, 22, 1)
(1, 23, 1)
(1, 24, 1)
(1, 25, 1)
(1, 26, 1)
(1, 27, 1)
(1, 28, 1)
(1, 29, 1)
(1, 30, 1)
(1, 31, 1)
(1, 32, 1)
(1, 33, 1)
(1, 34, 1)
(1, 35, 1)
(1, 36, 1)
(1, 37, 1)
(1, 38, 1)
(1, 39, 1)

(2, 0, 5)
(2, 1, 5)
(2, 2, 5)
(2, 3, 4)
(2, 4, 2)
(2, 5, 2)
(2, 6, 2)
(2, 7, 2)
(2, 8, 2)
(2, 9, 2)
(2, 10, 2)
(2, 11, 1)
(2, 12, 1)
(2, 13, 1)
(2, 14, 1)
(2, 15, 1)
(2, 16, 1)
(2, 17, 1)
(2, 18, 1)
(2, 19, 1)
(2, 20, 1)
(2, 21, 1)
(2, 22, 1)
(2, 23, 1)
(2, 24, 1)
(2, 25, 1)
(2, 26, 1)
(2, 27, 1)
(2, 28, 1)
(2, 29, 1)
(2, 30, 1)
(2, 31, 1)
(2, 32, 1)
(2, 33, 1)
(2, 34, 1)
(2, 35, 1)
(2, 36, 1)
(2, 37, 1)
(2, 38, 1)
(2, 39, 1)

(3, 0, 9)
(3, 1, 9)
(3, 2, 8)
(3, 3, 7)
(3, 4, 4)
(3, 5, 2)
(3, 6, 2)
(3, 7, 2)
(3, 8, 2)
(3, 9, 1)
(3, 10, 1)
(3, 11, 1)
(3, 12, 1)
(3, 13, 1)
(3, 14, 1)
(3, 15, 1)
(3, 16, 1)
(3, 17, 1)
(3, 18, 1)
(3, 19, 1)
(3, 20, 1)
(3, 21, 1)
(3, 22, 1)
(3, 23, 1)
(3, 24, 1)
(3, 25, 1)
(3, 26, 1)
(3, 27, 1)
(3, 28, 1)
(3, 29, 1)
(3, 30, 1)
(3, 31, 1)
(3, 32, 1)
(3, 33, 1)
(3, 34, 1)
(3, 35, 1)
(3, 36, 1)
(3, 37, 1)
(3, 38, 1)
(3, 39, 1)

(4, 0, 10)
(4, 1, 10)
(4, 2, 9)
(4, 3, 8)
(4, 4, 5)
(4, 5, 2)
(4, 6, 1)
(4, 7, 1)
(4, 8, 1)
(4, 9, 1)
(4, 10, 1)
(4, 11, 1)
(4, 12, 1)
(4, 13, 1)
(4, 14, 1)
(4, 15, 1)
(4, 16, 1)
(4, 17, 1)
(4, 18, 1)
(4, 19, 1)
(4, 20, 1)
(4, 21, 1)
(4, 22, 1)
(4, 23, 1)
(4, 24, 1)
(4, 25, 1)
(4, 26, 1)
(4, 27, 1)
(4, 28, 1)
(4, 29, 1)
(4, 30, 1)
(4, 31, 1)
(4, 32, 1)
(4, 33, 1)
(4, 34, 1)
(4, 35, 1)
(4, 36, 1)
(4, 37, 1)
(4, 38, 1)
(4, 39, 1)

(5, 0, 12)
(5, 1, 12)
(5, 2, 11)
(5, 3, 10)
(5, 4, 7)
(5, 5, 3)
(5, 6, 1)
(5, 7, 1)
(5, 8, 1)
(5, 9, 1)
(5, 10, 1)
(5, 11, 1)
(5, 12, 1)
(5, 13, 1)
(5, 14, 1)
(5, 15, 1)
(5, 16, 1)
(5, 17, 1)
(5, 18, 1)
(5, 19, 1)
(5, 20, 1)
(5, 21, 1)
(5, 22, 1)
(5, 23, 1)
(5, 24, 1)
(5, 25, 1)
(5, 26, 1)
(5, 27, 1)
(5, 28, 1)
(5, 29, 1)
(5, 30, 1)
(5, 31, 1)
(5, 32, 1)
(5, 33, 1)
(5, 34, 1)
(5, 35, 1)
(5, 36, 1)
(5, 37, 1)
(5, 38, 1)
(5, 39, 1)

(6, 0, 15)
(6, 1, 15)
(6, 2, 13)
(6, 3, 12)
(6, 4, 8)
(6, 5, 2)
(6, 6, 1)
(6, 7, 1)
(6, 8, 1)
(6, 9, 1)
(6, 10, 1)
(6, 11, 1)
(6, 12, 1)
(6, 13, 1)
(6, 14, 1)
(6, 15, 1)
(6, 16, 1)
(6, 17, 1)
(6, 18, 1)
(6, 19, 1)
(6, 20, 1)
(6, 21, 1)
(6, 22, 1)
(6, 23, 1)
(6, 24, 1)
(6, 25, 1)
(6, 26, 1)
(6, 27, 1)
(6, 28, 1)
(6, 29, 1)
(6, 30, 1)
(6, 31, 1)
(6, 32, 1)
(6, 33, 1)
(6, 34, 1)
(6, 35, 1)
(6, 36, 1)
(6, 37, 1)
(6, 38, 1)
(6, 39, 1)

(7, 0, 19)
(7, 1, 19)
(7, 2, 16)
(7, 3, 15)
(7, 4, 11)
(7, 5, 4)
(7, 6, 3)
(7, 7, 2)
(7, 8, 2)
(7, 9, 2)
(7, 10, 2)
(7, 11, 2)
(7, 12, 2)
(7, 13, 2)
(7, 14, 2)
(7, 15, 2)
(7, 16, 2)
(7, 17, 2)
(7, 18, 2)
(7, 19, 2)
(7, 20, 2)
(7, 21, 2)
(7, 22, 2)
(7, 23, 2)
(7, 24, 2)
(7, 25, 2)
(7, 26, 2)
(7, 27, 2)
(7, 28, 2)
(7, 29, 2)
(7, 30, 2)
(7, 31, 2)
(7, 32, 2)
(7, 33, 2)
(7, 34, 2)
(7, 35, 2)
(7, 36, 2)
(7, 37, 2)
(7, 38, 2)
(7, 39, 2)

(8, 0, 22)
(8, 1, 22)
(8, 2, 18)
(8, 3, 17)
(8, 4, 12)
(8, 5, 5)
(8, 6, 3)
(8, 7, 2)
(8, 8, 2)
(8, 9, 2)
(8, 10, 2)
(8, 11, 2)
(8, 12, 2)
(8, 13, 2)
(8, 14, 2)
(8, 15, 2)
(8, 16, 2)
(8, 17, 2)
(8, 18, 2)
(8, 19, 2)
(8, 20, 2)
(8, 21, 2)
(8, 22, 2)
(8, 23, 2)
(8, 24, 2)
(8, 25, 2)
(8, 26, 2)
(8, 27, 2)
(8, 28, 2)
(8, 29, 2)
(8, 30, 2)
(8, 31, 2)
(8, 32, 2)
(8, 33, 2)
(8, 34, 2)
(8, 35, 2)
(8, 36, 2)
(8, 37, 2)
(8, 38, 2)
(8, 39, 2)

(9, 0, 24)
(9, 1, 24)
(9, 2, 20)
(9, 3, 19)
(9, 4, 13)
(9, 5, 6)
(9, 6, 4)
(9, 7, 2)
(9, 8, 2)
(9, 9, 2)
(9, 10, 2)
(9, 11, 2)
(9, 12, 2)
(9, 13, 2)
(9, 14, 2)
(9, 15, 2)
(9, 16, 2)
(9, 17, 2)
(9, 18, 2)
(9, 19, 2)
(9, 20, 2)
(9, 21, 2)
(9, 22, 2)
(9, 23, 2)
(9, 24, 2)
(9, 25, 2)
(9, 26, 2)
(9, 27, 2)
(9, 28, 2)
(9, 29, 2)
(9, 30, 2)
(9, 31, 2)
(9, 32, 2)
(9, 33, 2)
(9, 34, 2)
(9, 35, 2)
(9, 36, 2)
(9, 37, 2)
(9, 38, 2)
(9, 39, 2)

(10, 0, 26)
(10, 1, 25)
(10, 2, 21)
(10, 3, 20)
(10, 4, 14)
(10, 5, 7)
(10, 6, 5)
(10, 7, 3)
(10, 8, 3)
(10, 9, 3)
(10, 10, 3)
(10, 11, 3)
(10, 12, 3)
(10, 13, 3)
(10, 14, 3)
(10, 15, 3)
(10, 16, 3)
(10, 17, 3)
(10, 18, 3)
(10, 19, 3)
(10, 20, 3)
(10, 21, 3)
(10, 22, 3)
(10, 23, 3)
(10, 24, 3)
(10, 25, 3)
(10, 26, 3)
(10, 27, 3)
(10, 28, 3)
(10, 29, 3)
(10, 30, 3)
(10, 31, 3)
(10, 32, 3)
(10, 33, 3)
(10, 34, 3)
(10, 35, 3)
(10, 36, 3)
(10, 37, 3)
(10, 38, 3)
(10, 39, 3)

(11, 0, 41)
(11, 1, 39)
(11, 2, 28)
(11, 3, 26)
(11, 4, 19)
(11, 5, 12)
(11, 6, 7)
(11, 7, 5)
(11, 8, 5)
(11, 9, 4)
(11, 10, 4)
(11, 11, 4)
(11, 12, 4)
(11, 13, 4)
(11, 14, 4)
(11, 15, 4)
(11, 16, 4)
(11, 17, 4)
(11, 18, 4)
(11, 19, 4)
(11, 20, 4)
(11, 21, 4)
(11, 22, 4)
(11, 23, 4)
(11, 24, 4)
(11, 25, 4)
(11, 26, 4)
(11, 27, 4)
(11, 28, 4)
(11, 29, 4)
(11, 30, 4)
(11, 31, 4)
(11, 32, 4)
(11, 33, 4)
(11, 34, 4)
(11, 35, 4)
(11, 36, 4)
(11, 37, 4)
(11, 38, 4)
(11, 39, 4)

(12, 0, 53)
(12, 1, 49)
(12, 2, 35)
(12, 3, 33)
(12, 4, 23)
(12, 5, 13)
(12, 6, 8)
(12, 7, 6)
(12, 8, 6)
(12, 9, 4)
(12, 10, 4)
(12, 11, 4)
(12, 12, 4)
(12, 13, 4)
(12, 14, 4)
(12, 15, 4)
(12, 16, 4)
(12, 17, 4)
(12, 18, 4)
(12, 19, 4)
(12, 20, 4)
(12, 21, 4)
(12, 22, 4)
(12, 23, 4)
(12, 24, 4)
(12, 25, 4)
(12, 26, 4)
(12, 27, 4)
(12, 28, 4)
(12, 29, 4)
(12, 30, 4)
(12, 31, 4)
(12, 32, 4)
(12, 33, 4)
(12, 34, 4)
(12, 35, 4)
(12, 36, 4)
(12, 37, 4)
(12, 38, 4)
(12, 39, 4)

(13, 0, 57)
(13, 1, 53)
(13, 2, 38)
(13, 3, 35)
(13, 4, 23)
(13, 5, 12)
(13, 6, 7)
(13, 7, 5)
(13, 8, 5)
(13, 9, 4)
(13, 10, 4)
(13, 11, 4)
(13, 12, 4)
(13, 13, 4)
(13, 14, 4)
(13, 15, 4)
(13, 16, 4)
(13, 17, 4)
(13, 18, 4)
(13, 19, 4)
(13, 20, 4)
(13, 21, 4)
(13, 22, 4)
(13, 23, 4)
(13, 24, 4)
(13, 25, 4)
(13, 26, 4)
(13, 27, 4)
(13, 28, 4)
(13, 29, 4)
(13, 30, 4)
(13, 31, 4)
(13, 32, 4)
(13, 33, 4)
(13, 34, 4)
(13, 35, 4)
(13, 36, 4)
(13, 37, 4)
(13, 38, 4)
(13, 39, 4)

(14, 0, 65)
(14, 1, 60)
(14, 2, 44)
(14, 3, 41)
(14, 4, 28)
(14, 5, 15)
(14, 6, 10)
(14, 7, 7)
(14, 8, 7)
(14, 9, 6)
(14, 10, 6)
(14, 11, 6)
(14, 12, 6)
(14, 13, 6)
(14, 14, 6)
(14, 15, 6)
(14, 16, 6)
(14, 17, 6)
(14, 18, 5)
(14, 19, 5)
(14, 20, 5)
(14, 21, 5)
(14, 22, 5)
(14, 23, 5)
(14, 24, 5)
(14, 25, 5)
(14, 26, 5)
(14, 27, 5)
(14, 28, 5)
(14, 29, 5)
(14, 30, 5)
(14, 31, 5)
(14, 32, 5)
(14, 33, 5)
(14, 34, 5)
(14, 35, 5)
(14, 36, 5)
(14, 37, 5)
(14, 38, 5)
(14, 39, 5)

(15, 0, 80)
(15, 1, 71)
(15, 2, 51)
(15, 3, 47)
(15, 4, 31)
(15, 5, 19)
(15, 6, 13)
(15, 7, 10)
(15, 8, 10)
(15, 9, 9)
(15, 10, 8)
(15, 11, 8)
(15, 12, 8)
(15, 13, 8)
(15, 14, 8)
(15, 15, 8)
(15, 16, 8)
(15, 17, 8)
(15, 18, 7)
(15, 19, 7)
(15, 20, 7)
(15, 21, 7)
(15, 22, 7)
(15, 23, 7)
(15, 24, 7)
(15, 25, 7)
(15, 26, 7)
(15, 27, 7)
(15, 28, 7)
(15, 29, 7)
(15, 30, 7)
(15, 31, 7)
(15, 32, 7)
(15, 33, 7)
(15, 34, 7)
(15, 35, 7)
(15, 36, 7)
(15, 37, 7)
(15, 38, 7)
(15, 39, 7)

(16, 0, 92)
(16, 1, 82)
(16, 2, 56)
(16, 3, 52)
(16, 4, 35)
(16, 5, 21)
(16, 6, 15)
(16, 7, 12)
(16, 8, 12)
(16, 9, 9)
(16, 10, 8)
(16, 11, 7)
(16, 12, 7)
(16, 13, 7)
(16, 14, 7)
(16, 15, 7)
(16, 16, 7)
(16, 17, 7)
(16, 18, 7)
(16, 19, 7)
(16, 20, 7)
(16, 21, 7)
(16, 22, 7)
(16, 23, 7)
(16, 24, 7)
(16, 25, 7)
(16, 26, 7)
(16, 27, 7)
(16, 28, 7)
(16, 29, 7)
(16, 30, 7)
(16, 31, 7)
(16, 32, 7)
(16, 33, 7)
(16, 34, 7)
(16, 35, 7)
(16, 36, 7)
(16, 37, 7)
(16, 38, 7)
(16, 39, 7)

(17, 0, 104)
(17, 1, 92)
(17, 2, 63)
(17, 3, 59)
(17, 4, 41)
(17, 5, 24)
(17, 6, 16)
(17, 7, 13)
(17, 8, 13)
(17, 9, 9)
(17, 10, 7)
(17, 11, 7)
(17, 12, 7)
(17, 13, 7)
(17, 14, 7)
(17, 15, 7)
(17, 16, 7)
(17, 17, 7)
(17, 18, 7)
(17, 19, 7)
(17, 20, 7)
(17, 21, 7)
(17, 22, 7)
(17, 23, 7)
(17, 24, 7)
(17, 25, 7)
(17, 26, 7)
(17, 27, 7)
(17, 28, 7)
(17, 29, 7)
(17, 30, 7)
(17, 31, 7)
(17, 32, 7)
(17, 33, 7)
(17, 34, 7)
(17, 35, 7)
(17, 36, 7)
(17, 37, 7)
(17, 38, 7)
(17, 39, 7)

(18, 0, 113)
(18, 1, 100)
(18, 2, 68)
(18, 3, 63)
(18, 4, 43)
(18, 5, 26)
(18, 6, 18)
(18, 7, 15)
(18, 8, 14)
(18, 9, 8)
(18, 10, 7)
(18, 11, 7)
(18, 12, 7)
(18, 13, 7)
(18, 14, 7)
(18, 15, 7)
(18, 16, 7)
(18, 17, 7)
(18, 18, 7)
(18, 19, 7)
(18, 20, 7)
(18, 21, 7)
(18, 22, 7)
(18, 23, 7)
(18, 24, 7)
(18, 25, 7)
(18, 26, 7)
(18, 27, 7)
(18, 28, 7)
(18, 29, 7)
(18, 30, 7)
(18, 31, 7)
(18, 32, 7)
(18, 33, 7)
(18, 34, 7)
(18, 35, 7)
(18, 36, 7)
(18, 37, 7)
(18, 38, 7)
(18, 39, 7)

(19, 0, 125)
(19, 1, 112)
(19, 2, 77)
(19, 3, 72)
(19, 4, 49)
(19, 5, 28)
(19, 6, 19)
(19, 7, 13)
(19, 8, 13)
(19, 9, 9)
(19, 10, 7)
(19, 11, 7)
(19, 12, 7)
(19, 13, 7)
(19, 14, 7)
(19, 15, 7)
(19, 16, 7)
(19, 17, 7)
(19, 18, 7)
(19, 19, 7)
(19, 20, 7)
(19, 21, 7)
(19, 22, 7)
(19, 23, 7)
(19, 24, 7)
(19, 25, 7)
(19, 26, 7)
(19, 27, 7)
(19, 28, 7)
(19, 29, 7)
(19, 30, 7)
(19, 31, 7)
(19, 32, 7)
(19, 33, 7)
(19, 34, 7)
(19, 35, 7)
(19, 36, 7)
(19, 37, 7)
(19, 38, 7)
(19, 39, 7)

(20, 0, 133)
(20, 1, 120)
(20, 2, 82)
(20, 3, 77)
(20, 4, 52)
(20, 5, 28)
(20, 6, 17)
(20, 7, 12)
(20, 8, 12)
(20, 9, 8)
(20, 10, 7)
(20, 11, 7)
(20, 12, 7)
(20, 13, 7)
(20, 14, 7)
(20, 15, 7)
(20, 16, 7)
(20, 17, 7)
(20, 18, 7)
(20, 19, 7)
(20, 20, 7)
(20, 21, 7)
(20, 22, 7)
(20, 23, 7)
(20, 24, 7)
(20, 25, 7)
(20, 26, 7)
(20, 27, 7)
(20, 28, 7)
(20, 29, 7)
(20, 30, 7)
(20, 31, 7)
(20, 32, 7)
(20, 33, 7)
(20, 34, 7)
(20, 35, 7)
(20, 36, 7)
(20, 37, 7)
(20, 38, 7)
(20, 39, 7)

(21, 0, 149)
(21, 1, 136)
(21, 2, 93)
(21, 3, 88)
(21, 4, 58)
(21, 5, 32)
(21, 6, 20)
(21, 7, 13)
(21, 8, 12)
(21, 9, 7)
(21, 10, 7)
(21, 11, 7)
(21, 12, 7)
(21, 13, 7)
(21, 14, 7)
(21, 15, 7)
(21, 16, 7)
(21, 17, 7)
(21, 18, 7)
(21, 19, 7)
(21, 20, 7)
(21, 21, 7)
(21, 22, 7)
(21, 23, 7)
(21, 24, 7)
(21, 25, 7)
(21, 26, 7)
(21, 27, 7)
(21, 28, 7)
(21, 29, 7)
(21, 30, 7)
(21, 31, 7)
(21, 32, 7)
(21, 33, 7)
(21, 34, 7)
(21, 35, 7)
(21, 36, 7)
(21, 37, 7)
(21, 38, 7)
(21, 39, 7)

(22, 0, 165)
(22, 1, 151)
(22, 2, 99)
(22, 3, 93)
(22, 4, 60)
(22, 5, 33)
(22, 6, 21)
(22, 7, 14)
(22, 8, 12)
(22, 9, 7)
(22, 10, 7)
(22, 11, 7)
(22, 12, 7)
(22, 13, 7)
(22, 14, 7)
(22, 15, 7)
(22, 16, 7)
(22, 17, 7)
(22, 18, 7)
(22, 19, 7)
(22, 20, 7)
(22, 21, 7)
(22, 22, 7)
(22, 23, 7)
(22, 24, 7)
(22, 25, 7)
(22, 26, 7)
(22, 27, 7)
(22, 28, 7)
(22, 29, 7)
(22, 30, 7)
(22, 31, 7)
(22, 32, 7)
(22, 33, 7)
(22, 34, 7)
(22, 35, 7)
(22, 36, 7)
(22, 37, 7)
(22, 38, 7)
(22, 39, 7)

(23, 0, 182)
(23, 1, 168)
(23, 2, 113)
(23, 3, 107)
(23, 4, 67)
(23, 5, 36)
(23, 6, 24)
(23, 7, 16)
(23, 8, 14)
(23, 9, 8)
(23, 10, 8)
(23, 11, 8)
(23, 12, 6)
(23, 13, 6)
(23, 14, 6)
(23, 15, 6)
(23, 16, 6)
(23, 17, 6)
(23, 18, 6)
(23, 19, 6)
(23, 20, 6)
(23, 21, 6)
(23, 22, 6)
(23, 23, 6)
(23, 24, 6)
(23, 25, 6)
(23, 26, 6)
(23, 27, 6)
(23, 28, 6)
(23, 29, 6)
(23, 30, 6)
(23, 31, 6)
(23, 32, 6)
(23, 33, 6)
(23, 34, 6)
(23, 35, 6)
(23, 36, 6)
(23, 37, 6)
(23, 38, 6)
(23, 39, 6)

(24, 0, 196)
(24, 1, 182)
(24, 2, 124)
(24, 3, 118)
(24, 4, 76)
(24, 5, 39)
(24, 6, 25)
(24, 7, 16)
(24, 8, 12)
(24, 9, 7)
(24, 10, 7)
(24, 11, 7)
(24, 12, 6)
(24, 13, 6)
(24, 14, 6)
(24, 15, 6)
(24, 16, 6)
(24, 17, 6)
(24, 18, 6)
(24, 19, 6)
(24, 20, 6)
(24, 21, 6)
(24, 22, 6)
(24, 23, 6)
(24, 24, 6)
(24, 25, 6)
(24, 26, 6)
(24, 27, 6)
(24, 28, 6)
(24, 29, 6)
(24, 30, 6)
(24, 31, 6)
(24, 32, 6)
(24, 33, 6)
(24, 34, 6)
(24, 35, 6)
(24, 36, 6)
(24, 37, 6)
(24, 38, 6)
(24, 39, 6)

(25, 0, 217)
(25, 1, 202)
(25, 2, 141)
(25, 3, 134)
(25, 4, 82)
(25, 5, 37)
(25, 6, 22)
(25, 7, 14)
(25, 8, 10)
(25, 9, 6)
(25, 10, 6)
(25, 11, 6)
(25, 12, 6)
(25, 13, 6)
(25, 14, 6)
(25, 15, 6)
(25, 16, 6)
(25, 17, 6)
(25, 18, 6)
(25, 19, 6)
(25, 20, 6)
(25, 21, 6)
(25, 22, 6)
(25, 23, 6)
(25, 24, 6)
(25, 25, 6)
(25, 26, 6)
(25, 27, 6)
(25, 28, 6)
(25, 29, 6)
(25, 30, 6)
(25, 31, 6)
(25, 32, 6)
(25, 33, 6)
(25, 34, 6)
(25, 35, 6)
(25, 36, 6)
(25, 37, 6)
(25, 38, 6)
(25, 39, 6)

(26, 0, 238)
(26, 1, 223)
(26, 2, 155)
(26, 3, 148)
(26, 4, 85)
(26, 5, 36)
(26, 6, 20)
(26, 7, 13)
(26, 8, 10)
(26, 9, 6)
(26, 10, 6)
(26, 11, 6)
(26, 12, 6)
(26, 13, 6)
(26, 14, 6)
(26, 15, 6)
(26, 16, 6)
(26, 17, 6)
(26, 18, 6)
(26, 19, 6)
(26, 20, 6)
(26, 21, 6)
(26, 22, 6)
(26, 23, 6)
(26, 24, 6)
(26, 25, 6)
(26, 26, 6)
(26, 27, 6)
(26, 28, 6)
(26, 29, 6)
(26, 30, 6)
(26, 31, 6)
(26, 32, 6)
(26, 33, 6)
(26, 34, 6)
(26, 35, 6)
(26, 36, 6)
(26, 37, 6)
(26, 38, 6)
(26, 39, 6)

(27, 0, 256)
(27, 1, 241)
(27, 2, 166)
(27, 3, 158)
(27, 4, 87)
(27, 5, 36)
(27, 6, 21)
(27, 7, 13)
(27, 8, 10)
(27, 9, 6)
(27, 10, 6)
(27, 11, 6)
(27, 12, 6)
(27, 13, 6)
(27, 14, 6)
(27, 15, 6)
(27, 16, 6)
(27, 17, 6)
(27, 18, 6)
(27, 19, 6)
(27, 20, 6)
(27, 21, 6)
(27, 22, 6)
(27, 23, 6)
(27, 24, 6)
(27, 25, 6)
(27, 26, 6)
(27, 27, 6)
(27, 28, 6)
(27, 29, 6)
(27, 30, 6)
(27, 31, 6)
(27, 32, 6)
(27, 33, 6)
(27, 34, 6)
(27, 35, 6)
(27, 36, 6)
(27, 37, 6)
(27, 38, 6)
(27, 39, 6)

(28, 0, 281)
(28, 1, 266)
(28, 2, 181)
(28, 3, 173)
(28, 4, 97)
(28, 5, 40)
(28, 6, 25)
(28, 7, 14)
(28, 8, 10)
(28, 9, 6)
(28, 10, 6)
(28, 11, 6)
(28, 12, 6)
(28, 13, 6)
(28, 14, 6)
(28, 15, 6)
(28, 16, 6)
(28, 17, 6)
(28, 18, 6)
(28, 19, 6)
(28, 20, 6)
(28, 21, 6)
(28, 22, 6)
(28, 23, 6)
(28, 24, 6)
(28, 25, 6)
(28, 26, 6)
(28, 27, 6)
(28, 28, 6)
(28, 29, 6)
(28, 30, 6)
(28, 31, 6)
(28, 32, 6)
(28, 33, 6)
(28, 34, 6)
(28, 35, 6)
(28, 36, 6)
(28, 37, 6)
(28, 38, 6)
(28, 39, 6)

(29, 0, 315)
(29, 1, 296)
(29, 2, 204)
(29, 3, 195)
(29, 4, 105)
(29, 5, 42)
(29, 6, 27)
(29, 7, 15)
(29, 8, 12)
(29, 9, 8)
(29, 10, 8)
(29, 11, 8)
(29, 12, 7)
(29, 13, 7)
(29, 14, 7)
(29, 15, 7)
(29, 16, 7)
(29, 17, 7)
(29, 18, 7)
(29, 19, 7)
(29, 20, 7)
(29, 21, 7)
(29, 22, 7)
(29, 23, 7)
(29, 24, 7)
(29, 25, 7)
(29, 26, 7)
(29, 27, 7)
(29, 28, 7)
(29, 29, 7)
(29, 30, 7)
(29, 31, 7)
(29, 32, 7)
(29, 33, 7)
(29, 34, 7)
(29, 35, 7)
(29, 36, 7)
(29, 37, 7)
(29, 38, 7)
(29, 39, 7)

(30, 0, 335)
(30, 1, 313)
(30, 2, 214)
(30, 3, 204)
(30, 4, 112)
(30, 5, 45)
(30, 6, 29)
(30, 7, 17)
(30, 8, 15)
(30, 9, 10)
(30, 10, 9)
(30, 11, 7)
(30, 12, 7)
(30, 13, 7)
(30, 14, 7)
(30, 15, 7)
(30, 16, 7)
(30, 17, 7)
(30, 18, 7)
(30, 19, 7)
(30, 20, 7)
(30, 21, 7)
(30, 22, 7)
(30, 23, 7)
(30, 24, 7)
(30, 25, 7)
(30, 26, 7)
(30, 27, 7)
(30, 28, 7)
(30, 29, 7)
(30, 30, 7)
(30, 31, 7)
(30, 32, 7)
(30, 33, 7)
(30, 34, 7)
(30, 35, 7)
(30, 36, 7)
(30, 37, 7)
(30, 38, 7)
(30, 39, 7)

(31, 0, 376)
(31, 1, 348)
(31, 2, 241)
(31, 3, 228)
(31, 4, 126)
(31, 5, 51)
(31, 6, 31)
(31, 7, 17)
(31, 8, 13)
(31, 9, 8)
(31, 10, 8)
(31, 11, 7)
(31, 12, 7)
(31, 13, 7)
(31, 14, 7)
(31, 15, 7)
(31, 16, 7)
(31, 17, 7)
(31, 18, 7)
(31, 19, 7)
(31, 20, 7)
(31, 21, 7)
(31, 22, 7)
(31, 23, 7)
(31, 24, 7)
(31, 25, 7)
(31, 26, 7)
(31, 27, 6)
(31, 28, 6)
(31, 29, 6)
(31, 30, 6)
(31, 31, 6)
(31, 32, 6)
(31, 33, 6)
(31, 34, 6)
(31, 35, 6)
(31, 36, 6)
(31, 37, 6)
(31, 38, 6)
(31, 39, 6)

(32, 0, 413)
(32, 1, 382)
(32, 2, 268)
(32, 3, 253)
(32, 4, 133)
(32, 5, 53)
(32, 6, 31)
(32, 7, 15)
(32, 8, 12)
(32, 9, 7)
(32, 10, 7)
(32, 11, 7)
(32, 12, 7)
(32, 13, 7)
(32, 14, 7)
(32, 15, 7)
(32, 16, 7)
(32, 17, 7)
(32, 18, 7)
(32, 19, 7)
(32, 20, 7)
(32, 21, 6)
(32, 22, 6)
(32, 23, 6)
(32, 24, 6)
(32, 25, 6)
(32, 26, 6)
(32, 27, 6)
(32, 28, 6)
(32, 29, 6)
(32, 30, 6)
(32, 31, 5)
(32, 32, 5)
(32, 33, 5)
(32, 34, 5)
(32, 35, 5)
(32, 36, 5)
(32, 37, 5)
(32, 38, 5)
(32, 39, 5)

(33, 0, 448)
(33, 1, 415)
(33, 2, 299)
(33, 3, 280)
(33, 4, 147)
(33, 5, 56)
(33, 6, 29)
(33, 7, 14)
(33, 8, 11)
(33, 9, 8)
(33, 10, 7)
(33, 11, 6)
(33, 12, 6)
(33, 13, 6)
(33, 14, 6)
(33, 15, 6)
(33, 16, 6)
(33, 17, 5)
(33, 18, 5)
(33, 19, 5)
(33, 20, 5)
(33, 21, 5)
(33, 22, 5)
(33, 23, 5)
(33, 24, 5)
(33, 25, 5)
(33, 26, 5)
(33, 27, 5)
(33, 28, 5)
(33, 29, 5)
(33, 30, 5)
(33, 31, 5)
(33, 32, 5)
(33, 33, 5)
(33, 34, 5)
(33, 35, 5)
(33, 36, 5)
(33, 37, 5)
(33, 38, 5)
(33, 39, 5)

(34, 0, 501)
(34, 1, 456)
(34, 2, 333)
(34, 3, 307)
(34, 4, 158)
(34, 5, 57)
(34, 6, 27)
(34, 7, 12)
(34, 8, 9)
(34, 9, 6)
(34, 10, 5)
(34, 11, 5)
(34, 12, 5)
(34, 13, 5)
(34, 14, 5)
(34, 15, 5)
(34, 16, 5)
(34, 17, 5)
(34, 18, 5)
(34, 19, 5)
(34, 20, 5)
(34, 21, 5)
(34, 22, 5)
(34, 23, 5)
(34, 24, 5)
(34, 25, 5)
(34, 26, 5)
(34, 27, 5)
(34, 28, 5)
(34, 29, 5)
(34, 30, 5)
(34, 31, 5)
(34, 32, 5)
(34, 33, 5)
(34, 34, 5)
(34, 35, 5)
(34, 36, 5)
(34, 37, 5)
(34, 38, 5)
(34, 39, 5)

(35, 0, 549)
(35, 1, 502)
(35, 2, 370)
(35, 3, 342)
(35, 4, 175)
(35, 5, 61)
(35, 6, 28)
(35, 7, 11)
(35, 8, 9)
(35, 9, 6)
(35, 10, 6)
(35, 11, 5)
(35, 12, 5)
(35, 13, 5)
(35, 14, 5)
(35, 15, 5)
(35, 16, 5)
(35, 17, 5)
(35, 18, 5)
(35, 19, 5)
(35, 20, 5)
(35, 21, 5)
(35, 22, 5)
(35, 23, 5)
(35, 24, 5)
(35, 25, 5)
(35, 26, 5)
(35, 27, 5)
(35, 28, 5)
(35, 29, 5)
(35, 30, 5)
(35, 31, 5)
(35, 32, 5)
(35, 33, 5)
(35, 34, 5)
(35, 35, 5)
(35, 36, 5)
(35, 37, 5)
(35, 38, 5)
(35, 39, 5)

(36, 0, 626)
(36, 1, 563)
(36, 2, 418)
(36, 3, 381)
(36, 4, 195)
(36, 5, 61)
(36, 6, 26)
(36, 7, 13)
(36, 8, 10)
(36, 9, 7)
(36, 10, 7)
(36, 11, 6)
(36, 12, 6)
(36, 13, 5)
(36, 14, 5)
(36, 15, 5)
(36, 16, 5)
(36, 17, 5)
(36, 18, 5)
(36, 19, 5)
(36, 20, 5)
(36, 21, 5)
(36, 22, 5)
(36, 23, 5)
(36, 24, 5)
(36, 25, 5)
(36, 26, 5)
(36, 27, 5)
(36, 28, 5)
(36, 29, 5)
(36, 30, 5)
(36, 31, 5)
(36, 32, 5)
(36, 33, 5)
(36, 34, 5)
(36, 35, 5)
(36, 36, 5)
(36, 37, 5)
(36, 38, 5)
(36, 39, 5)

(37, 0, 738)
(37, 1, 648)
(37, 2, 487)
(37, 3, 440)
(37, 4, 231)
(37, 5, 57)
(37, 6, 23)
(37, 7, 10)
(37, 8, 8)
(37, 9, 5)
(37, 10, 5)
(37, 11, 5)
(37, 12, 5)
(37, 13, 5)
(37, 14, 5)
(37, 15, 5)
(37, 16, 5)
(37, 17, 5)
(37, 18, 5)
(37, 19, 5)
(37, 20, 5)
(37, 21, 5)
(37, 22, 5)
(37, 23, 5)
(37, 24, 5)
(37, 25, 5)
(37, 26, 5)
(37, 27, 5)
(37, 28, 5)
(37, 29, 5)
(37, 30, 5)
(37, 31, 5)
(37, 32, 5)
(37, 33, 5)
(37, 34, 5)
(37, 35, 5)
(37, 36, 5)
(37, 37, 5)
(37, 38, 5)
(37, 39, 5)

(38, 0, 796)
(38, 1, 695)
(38, 2, 524)
(38, 3, 471)
(38, 4, 242)
(38, 5, 56)
(38, 6, 23)
(38, 7, 10)
(38, 8, 8)
(38, 9, 5)
(38, 10, 5)
(38, 11, 5)
(38, 12, 5)
(38, 13, 5)
(38, 14, 5)
(38, 15, 5)
(38, 16, 5)
(38, 17, 5)
(38, 18, 5)
(38, 19, 5)
(38, 20, 5)
(38, 21, 5)
(38, 22, 5)
(38, 23, 5)
(38, 24, 5)
(38, 25, 5)
(38, 26, 5)
(38, 27, 5)
(38, 28, 5)
(38, 29, 5)
(38, 30, 5)
(38, 31, 5)
(38, 32, 5)
(38, 33, 5)
(38, 34, 5)
(38, 35, 5)
(38, 36, 5)
(38, 37, 5)
(38, 38, 5)
(38, 39, 5)

(39, 0, 838)
(39, 1, 731)
(39, 2, 555)
(39, 3, 494)
(39, 4, 245)
(39, 5, 55)
(39, 6, 22)
(39, 7, 9)
(39, 8, 8)
(39, 9, 5)
(39, 10, 5)
(39, 11, 5)
(39, 12, 5)
(39, 13, 5)
(39, 14, 5)
(39, 15, 5)
(39, 16, 5)
(39, 17, 5)
(39, 18, 5)
(39, 19, 5)
(39, 20, 5)
(39, 21, 5)
(39, 22, 5)
(39, 23, 5)
(39, 24, 5)
(39, 25, 5)
(39, 26, 5)
(39, 27, 5)
(39, 28, 5)
(39, 29, 5)
(39, 30, 5)
(39, 31, 5)
(39, 32, 5)
(39, 33, 5)
(39, 34, 5)
(39, 35, 5)
(39, 36, 5)
(39, 37, 5)
(39, 38, 5)
(39, 39, 5)


Betti numbers:
xi_0:
(0, 0, 2)
(1, 0, 2)
(2, 0, 1)
(3, 0, 4)
(4, 0, 1)
(5, 0, 2)
(6, 0, 3)
(7, 0, 4)
(8, 0, 3)
(9, 0, 2)
(10, 0, 2)
(11, 0, 15)
(12, 0, 12)
(13, 0, 4)
(14, 0, 8)
(15, 0, 15)
(16, 0, 12)
(17, 0, 12)
(18, 0, 9)
(19, 0, 12)
(20, 0, 8)
(21, 0, 16)
(22, 0, 16)
(23, 0, 17)
(24, 0, 14)
(25, 0, 21)
(26, 0, 21)
(27, 0, 18)
(28, 0, 25)
(29, 0, 34)
(30, 0, 20)
(31, 0, 41)
(32, 0, 37)
(33, 0, 35)
(34, 0, 53)
(35, 0, 48)
(36, 0, 77)
(37, 0, 112)
(38, 0, 58)
(39, 0, 42)
xi_1:
(0, 4, 1)
(1, 3, 1)
(1, 11, 1)
(2, 4, 1)
(3, 2, 1)
(3, 4, 1)
(3, 5, 2)
(3, 9, 1)
(4, 5, 1)
(4, 6, 1)
(5, 5, 1)
(5, 6, 1)
(6, 2, 1)
(6, 4, 1)
(6, 5, 2)
(7, 2, 1)
(7, 5, 1)
(7, 7, 1)
(8, 2, 1)
(8, 4, 1)
(8, 5, 1)
(8, 6, 1)
(9, 4, 1)
(9, 7, 1)
(10, 1, 1)
(11, 1, 1)
(11, 2, 7)
(11, 3, 1)
(11, 4, 1)
(11, 6, 3)
(11, 9, 1)
(12, 1, 2)
(12, 2, 3)
(12, 4, 3)
(12, 5, 3)
(12, 9, 1)
(13, 2, 1)
(13, 3, 1)
(13, 4, 2)
(13, 5, 1)
(14, 1, 1)
(14, 2, 1)
(14, 4, 1)
(14, 5, 2)
(14, 7, 1)
(14, 18, 1)
(15, 1, 4)
(15, 2, 4)
(15, 3, 1)
(15, 4, 3)
(15, 6, 1)
(15, 10, 1)
(16, 1, 1)
(16, 2, 6)
(16, 4, 1)
(16, 5, 2)
(16, 9, 2)
(16, 11, 1)
(17, 1, 2)
(17, 2, 4)
(17, 4, 1)
(17, 5, 4)
(17, 6, 2)
(17, 9, 1)
(17, 10, 1)
(18, 1, 1)
(18, 2, 3)
(18, 3, 1)
(18, 4, 2)
(18, 6, 1)
(18, 8, 1)
(18, 9, 2)
(19, 2, 3)
(19, 4, 3)
(19, 5, 4)
(19, 6, 2)
(19, 7, 3)
(19, 10, 1)
(20, 2, 3)
(20, 4, 2)
(20, 5, 3)
(20, 6, 2)
(20, 9, 1)
(21, 2, 5)
(21, 4, 5)
(21, 5, 4)
(21, 6, 1)
(21, 7, 2)
(21, 8, 1)
(21, 9, 1)
(22, 1, 1)
(22, 2, 9)
(22, 3, 1)
(22, 4, 3)
(22, 5, 2)
(22, 6, 1)
(22, 8, 1)
(23, 2, 3)
(23, 4, 7)
(23, 5, 4)
(23, 7, 1)
(23, 9, 1)
(23, 12, 2)
(24, 2, 3)
(24, 4, 2)
(24, 5, 6)
(24, 6, 2)
(24, 7, 1)
(24, 8, 2)
(25, 1, 1)
(25, 2, 3)
(25, 3, 1)
(25, 4, 10)
(25, 5, 9)
(25, 6, 2)
(26, 2, 7)
(26, 4, 11)
(26, 5, 5)
(26, 6, 1)
(27, 2, 7)
(27, 3, 1)
(27, 4, 8)
(27, 5, 4)
(27, 7, 1)
(27, 8, 1)
(28, 2, 10)
(28, 4, 5)
(28, 5, 7)
(28, 7, 3)
(28, 8, 2)
(29, 1, 4)
(29, 2, 7)
(29, 3, 1)
(29, 4, 14)
(29, 5, 6)
(29, 7, 1)
(29, 12, 1)
(30, 1, 3)
(30, 2, 7)
(30, 3, 1)
(30, 4, 2)
(30, 5, 4)
(30, 6, 1)
(30, 9, 1)
(30, 10, 1)
(30, 11, 2)
(31, 1, 6)
(31, 2, 8)
(31, 3, 3)
(31, 4, 10)
(31, 5, 9)
(31, 6, 4)
(31, 7, 3)
(31, 8, 2)
(31, 11, 1)
(31, 27, 1)
(32, 1, 3)
(32, 2, 7)
(32, 3, 2)
(32, 4, 18)
(32, 5, 6)
(32, 6, 2)
(32, 7, 2)
(32, 9, 1)
(32, 21, 1)
(32, 31, 1)
(33, 1, 2)
(33, 2, 2)
(33, 3, 4)
(33, 4, 13)
(33, 5, 11)
(33, 6, 7)
(33, 7, 1)
(33, 8, 1)
(33, 10, 1)
(33, 11, 1)
(33, 17, 1)
(34, 1, 12)
(34, 2, 7)
(34, 3, 7)
(34, 4, 16)
(34, 5, 13)
(34, 6, 5)
(34, 7, 1)
(34, 8, 1)
(34, 10, 1)
(35, 1, 2)
(35, 2, 9)
(35, 3, 2)
(35, 4, 18)
(35, 5, 14)
(35, 6, 6)
(35, 7, 3)
(35, 11, 1)
(36, 1, 16)
(36, 2, 13)
(36, 3, 9)
(36, 4, 19)
(36, 5, 21)
(36, 6, 5)
(36, 8, 1)
(36, 13, 1)
(37, 1, 27)
(37, 2, 16)
(37, 3, 10)
(37, 4, 23)
(37, 5, 41)
(37, 6, 3)
(37, 7, 1)
(38, 1, 11)
(38, 2, 10)
(38, 3, 6)
(38, 4, 20)
(38, 5, 12)
(39, 1, 6)
(39, 2, 5)
(39, 3, 8)
(39, 4, 20)
(39, 5, 4)
(39, 7, 1)
xi_2:
(3, 11, 1)
(4, 9, 1)
(6, 6, 1)
(8, 5, 1)
(13, 9, 1)
(15, 5, 1)
(16, 18, 1)
(17, 2, 1)
(17, 5, 1)
(17, 11, 1)
(18, 6, 1)
(18, 10, 1)
(19, 6, 1)
(19, 8, 1)
(19, 9, 2)
(20, 7, 1)
(20, 9, 1)
(20, 10, 1)
(21, 5, 2)
(21, 10, 1)
(22, 5, 1)
(22, 6, 1)
(24, 9, 1)
(24, 12, 1)
(25, 5, 1)
(25, 6, 1)
(25, 7, 1)
(25, 9, 1)
(25, 12, 1)
(26, 5, 1)
(26, 7, 1)
(26, 8, 1)
(27, 5, 2)
(27, 6, 1)
(27, 8, 1)
(28, 5, 1)
(28, 8, 1)
(29, 8, 1)
(30, 8, 1)
(30, 12, 1)
(31, 5, 1)
(31, 7, 1)
(31, 10, 1)
(31, 11, 2)
(32, 5, 1)
(32, 8, 1)
(32, 9, 1)
(32, 11, 1)
(32, 27, 1)
(33, 6, 2)
(33, 7, 2)
(33, 8, 1)
(33, 9, 2)
(33, 21, 1)
(33, 31, 1)
(34, 5, 3)
(34, 6, 2)
(34, 7, 1)
(34, 8, 1)
(34, 10, 1)
(34, 11, 1)
(34, 17, 1)
(35, 5, 1)
(35, 6, 3)
(35, 7, 1)
(35, 8, 1)
(35, 10, 1)
(36, 5, 1)
(36, 6, 3)
(36, 7, 4)
(37, 5, 1)
(37, 6, 4)
(37, 7, 1)
(37, 8, 1)
(37, 11, 1)
(37, 13, 1)
(38, 6, 1)
(39, 7, 1)
(39, 8, 1)
