x-grades
-580047865002111527/1000000000000000000
-284235244087569727/500000000000000000
-556893111348167381/1000000000000000000
-136328933630298827/250000000000000000
-106747671538844647/200000000000000000
-261080490433625581/500000000000000000
-510583604040279089/1000000000000000000
-62375778401663377/125000000000000000
-487428850386334943/1000000000000000000
-47585147355936287/100000000000000000
-464274096732390797/1000000000000000000
-113174179976354681/250000000000000000
-441119343078446651/1000000000000000000
-214770983125737289/500000000000000000
-83592917884900501/200000000000000000
-6349800196836413/15625000000000000
-394809835770558359/1000000000000000000
-191616229471793143/500000000000000000
-371655082116614213/1000000000000000000
-18003885264482107/50000000000000000
-348500328462670067/1000000000000000000
-168461475817848997/500000000000000000
-325345574808725921/1000000000000000000
-39221024747719231/125000000000000000
-12087632846191271/40000000000000000
-145306722163904851/500000000000000000
-279036067500837629/1000000000000000000
-66864672668466389/250000000000000000
-255881313846893483/1000000000000000000
-24430393701992141/100000000000000000
-232726560192949337/1000000000000000000
-13821823960373579/62500000000000000
-209571806539005191/1000000000000000000
-98997214856016559/500000000000000000
-37283410577012209/200000000000000000
-43709919014522243/250000000000000000
-163262299231116899/1000000000000000000
-75842461202072413/500000000000000000
-140107545577172753/1000000000000000000
-3213254218755017/25000000000000000

y-grades
199787/800000
199787/400000
599361/800000
199787/200000
199787/160000
599361/400000
1398509/800000
199787/100000
1798083/800000
199787/80000
2197657/800000
599361/200000
2597231/800000
1398509/400000
599361/160000
199787/50000
3396379/800000
1798083/400000
3795953/800000
199787/40000
4195527/800000
2197657/400000
4595101/800000
599361/100000
199787/32000
2597231/400000
5394249/800000
1398509/200000
5793823/800000
599361/80000
6193397/800000
199787/25000
6592971/800000
3396379/400000
1398509/160000
1798083/200000
7392119/800000
3795953/400000
7791693/800000
199787/20000

Dimensions > 0:
(0, 0, 3)
(0, 1, 1)
(0, 2, 1)
(0, 3, 1)
(0, 4, 1)
(0, 5, 1)
(0, 6, 1)
(0, 7, 1)
(0, 8, 1)
(0, 9, 1)
(0, 10, 1)
(0, 11, 1)
(0, 12, 1)
(0, 13, 1)
(0, 14, 1)
(0, 15, 1)
(0, 16, 1)
(0, 17, 1)
(0, 18, 1)
(0, 19, 1)
(0, 20, 1)
(0, 21, 1)
(0, 22, 1)
(0, 23, 1)
(0, 24, 1)
(0, 25, 1)
(0, 26, 1)
(0, 27, 1)
(0, 28, 1)
(0, 29, 1)
(0, 30, 1)
(0, 31, 1)
(0, 32, 1)
(0, 33, 1)
(0, 34, 1)
(0, 35, 1)
(0, 36, 1)
(0, 37, 1)
(0, 38, 1)
(0, 39, 1)

(1, 0, 3)
(1, 1, 1)
(1, 2, 1)
(1, 3, 1)
(1, 4, 1)
(1, 5, 1)
(1, 6, 1)
(1, 7, 1)
(1, 8, 1)
(1, 9, 1)
(1, 10, 1)
(1, 11, 1)
(1, 12, 1)
(1, 13, 1)
(1, 14, 1)
(1, 15, 1)
(1, 16, 1)
(1, 17, 1)
(1, 18, 1)
(1, 19, 1)
(1, 20, 1)
(1, 21, 1)
(1, 22, 1)
(1, 23, 1)
(1, 24, 1)
(1, 25, 1)
(1, 26, 1)
(1, 27, 1)
(1, 28, 1)
(1, 29, 1)
(1, 30, 1)
(1, 31, 1)
(1, 32, 1)
(1, 33, 1)
(1, 34, 1)
(1, 35, 1)
(1, 36, 1)
(1, 37, 1)
(1, 38, 1)
(1, 39, 1)

(2, 0, 6)
(2, 1, 2)
(2, 2, 2)
(2, 3, 2)
(2, 4, 2)
(2, 5, 2)
(2, 6, 2)
(2, 7, 2)
(2, 8, 2)
(2, 9, 2)
(2, 10, 2)
(2, 11, 2)
(2, 12, 2)
(2, 13, 2)
(2, 14, 2)
(2, 15, 2)
(2, 16, 2)
(2, 17, 2)
(2, 18, 2)
(2, 19, 2)
(2, 20, 2)
(2, 21, 2)
(2, 22, 2)
(2, 23, 2)
(2, 24, 2)
(2, 25, 2)
(2, 26, 2)
(2, 27, 2)
(2, 28, 2)
(2, 29, 2)
(2, 30, 2)
(2, 31, 2)
(2, 32, 2)
(2, 33, 2)
(2, 34, 2)
(2, 35, 2)
(2, 36, 2)
(2, 37, 2)
(2, 38, 2)
(2, 39, 2)

(3, 0, 6)
(3, 1, 2)
(3, 2, 2)
(3, 3, 2)
(3, 4, 2)
(3, 5, 2)
(3, 6, 2)
(3, 7, 2)
(3, 8, 2)
(3, 9, 2)
(3, 10, 2)
(3, 11, 2)
(3, 12, 2)
(3, 13, 2)
(3, 14, 2)
(3, 15, 2)
(3, 16, 2)
(3, 17, 2)
(3, 18, 2)
(3, 19, 2)
(3, 20, 2)
(3, 21, 2)
(3, 22, 2)
(3, 23, 2)
(3, 24, 2)
(3, 25, 2)
(3, 26, 2)
(3, 27, 2)
(3, 28, 2)
(3, 29, 2)
(3, 30, 2)
(3, 31, 2)
(3, 32, 2)
(3, 33, 2)
(3, 34, 2)
(3, 35, 2)
(3, 36, 2)
(3, 37, 2)
(3, 38, 2)
(3, 39, 2)

(4, 0, 6)
(4, 1, 2)
(4, 2, 2)
(4, 3, 2)
(4, 4, 2)
(4, 5, 2)
(4, 6, 2)
(4, 7, 2)
(4, 8, 2)
(4, 9, 2)
(4, 10, 2)
(4, 11, 2)
(4, 12, 2)
(4, 13, 2)
(4, 14, 2)
(4, 15, 2)
(4, 16, 2)
(4, 17, 2)
(4, 18, 2)
(4, 19, 2)
(4, 20, 2)
(4, 21, 2)
(4, 22, 2)
(4, 23, 2)
(4, 24, 2)
(4, 25, 2)
(4, 26, 2)
(4, 27, 2)
(4, 28, 2)
(4, 29, 2)
(4, 30, 2)
(4, 31, 2)
(4, 32, 2)
(4, 33, 2)
(4, 34, 2)
(4, 35, 2)
(4, 36, 2)
(4, 37, 2)
(4, 38, 2)
(4, 39, 2)

(5, 0, 6)
(5, 1, 2)
(5, 2, 2)
(5, 3, 2)
(5, 4, 2)
(5, 5, 2)
(5, 6, 2)
(5, 7, 2)
(5, 8, 2)
(5, 9, 2)
(5, 10, 2)
(5, 11, 2)
(5, 12, 2)
(5, 13, 2)
(5, 14, 2)
(5, 15, 2)
(5, 16, 2)
(5, 17, 2)
(5, 18, 2)
(5, 19, 2)
(5, 20, 2)
(5, 21, 2)
(5, 22, 2)
(5, 23, 2)
(5, 24, 2)
(5, 25, 2)
(5, 26, 2)
(5, 27, 2)
(5, 28, 2)
(5, 29, 2)
(5, 30, 2)
(5, 31, 2)
(5, 32, 2)
(5, 33, 2)
(5, 34, 2)
(5, 35, 2)
(5, 36, 2)
(5, 37, 2)
(5, 38, 2)
(5, 39, 2)

(6, 0, 6)
(6, 1, 2)
(6, 2, 2)
(6, 3, 2)
(6, 4, 2)
(6, 5, 2)
(6, 6, 2)
(6, 7, 2)
(6, 8, 2)
(6, 9, 2)
(6, 10, 2)
(6, 11, 2)
(6, 12, 2)
(6, 13, 2)
(6, 14, 2)
(6, 15, 2)
(6, 16, 2)
(6, 17, 2)
(6, 18, 2)
(6, 19, 2)
(6, 20, 2)
(6, 21, 2)
(6, 22, 2)
(6, 23, 2)
(6, 24, 2)
(6, 25, 2)
(6, 26, 2)
(6, 27, 2)
(6, 28, 2)
(6, 29, 2)
(6, 30, 2)
(6, 31, 2)
(6, 32, 2)
(6, 33, 2)
(6, 34, 2)
(6, 35, 2)
(6, 36, 2)
(6, 37, 2)
(6, 38, 2)
(6, 39, 2)

(7, 0, 6)
(7, 1, 2)
(7, 2, 2)
(7, 3, 2)
(7, 4, 2)
(7, 5, 2)
(7, 6, 2)
(7, 7, 2)
(7, 8, 2)
(7, 9, 2)
(7, 10, 2)
(7, 11, 2)
(7, 12, 2)
(7, 13, 2)
(7, 14, 2)
(7, 15, 2)
(7, 16, 2)
(7, 17, 2)
(7, 18, 2)
(7, 19, 2)
(7, 20, 2)
(7, 21, 2)
(7, 22, 2)
(7, 23, 2)
(7, 24, 2)
(7, 25, 2)
(7, 26, 2)
(7, 27, 2)
(7, 28, 2)
(7, 29, 2)
(7, 30, 2)
(7, 31, 2)
(7, 32, 2)
(7, 33, 2)
(7, 34, 2)
(7, 35, 2)
(7, 36, 2)
(7, 37, 2)
(7, 38, 2)
(7, 39, 2)

(8, 0, 6)
(8, 1, 2)
(8, 2, 2)
(8, 3, 2)
(8, 4, 2)
(8, 5, 2)
(8, 6, 2)
(8, 7, 2)
(8, 8, 2)
(8, 9, 2)
(8, 10, 2)
(8, 11, 2)
(8, 12, 2)
(8, 13, 2)
(8, 14, 2)
(8, 15, 2)
(8, 16, 2)
(8, 17, 2)
(8, 18, 2)
(8, 19, 2)
(8, 20, 2)
(8, 21, 2)
(8, 22, 2)
(8, 23, 2)
(8, 24, 2)
(8, 25, 2)
(8, 26, 2)
(8, 27, 2)
(8, 28, 2)
(8, 29, 2)
(8, 30, 2)
(8, 31, 2)
(8, 32, 2)
(8, 33, 2)
(8, 34, 2)
(8, 35, 2)
(8, 36, 2)
(8, 37, 2)
(8, 38, 2)
(8, 39, 2)

(9, 0, 6)
(9, 1, 2)
(9, 2, 2)
(9, 3, 2)
(9, 4, 2)
(9, 5, 2)
(9, 6, 2)
(9, 7, 2)
(9, 8, 2)
(9, 9, 2)
(9, 10, 2)
(9, 11, 2)
(9, 12, 2)
(9, 13, 2)
(9, 14, 2)
(9, 15, 2)
(9, 16, 2)
(9, 17, 2)
(9, 18, 2)
(9, 19, 2)
(9, 20, 2)
(9, 21, 2)
(9, 22, 2)
(9, 23, 2)
(9, 24, 2)
(9, 25, 2)
(9, 26, 2)
(9, 27, 2)
(9, 28, 2)
(9, 29, 2)
(9, 30, 2)
(9, 31, 2)
(9, 32, 2)
(9, 33, 2)
(9, 34, 2)
(9, 35, 2)
(9, 36, 2)
(9, 37, 2)
(9, 38, 2)
(9, 39, 2)

(10, 0, 6)
(10, 1, 2)
(10, 2, 2)
(10, 3, 2)
(10, 4, 2)
(10, 5, 2)
(10, 6, 2)
(10, 7, 2)
(10, 8, 2)
(10, 9, 2)
(10, 10, 2)
(10, 11, 2)
(10, 12, 2)
(10, 13, 2)
(10, 14, 2)
(10, 15, 2)
(10, 16, 2)
(10, 17, 2)
(10, 18, 2)
(10, 19, 2)
(10, 20, 2)
(10, 21, 2)
(10, 22, 2)
(10, 23, 2)
(10, 24, 2)
(10, 25, 2)
(10, 26, 2)
(10, 27, 2)
(10, 28, 2)
(10, 29, 2)
(10, 30, 2)
(10, 31, 2)
(10, 32, 2)
(10, 33, 2)
(10, 34, 2)
(10, 35, 2)
(10, 36, 2)
(10, 37, 2)
(10, 38, 2)
(10, 39, 2)

(11, 0, 6)
(11, 1, 2)
(11, 2, 2)
(11, 3, 2)
(11, 4, 2)
(11, 5, 2)
(11, 6, 2)
(11, 7, 2)
(11, 8, 2)
(11, 9, 2)
(11, 10, 2)
(11, 11, 2)
(11, 12, 2)
(11, 13, 2)
(11, 14, 2)
(11, 15, 2)
(11, 16, 2)
(11, 17, 2)
(11, 18, 2)
(11, 19, 2)
(11, 20, 2)
(11, 21, 2)
(11, 22, 2)
(11, 23, 2)
(11, 24, 2)
(11, 25, 2)
(11, 26, 2)
(11, 27, 2)
(11, 28, 2)
(11, 29, 2)
(11, 30, 2)
(11, 31, 2)
(11, 32, 2)
(11, 33, 2)
(11, 34, 2)
(11, 35, 2)
(11, 36, 2)
(11, 37, 2)
(11, 38, 2)
(11, 39, 2)

(12, 0, 8)
(12, 1, 3)
(12, 2, 3)
(12, 3, 3)
(12, 4, 3)
(12, 5, 3)
(12, 6, 3)
(12, 7, 3)
(12, 8, 3)
(12, 9, 3)
(12, 10, 3)
(12, 11, 3)
(12, 12, 3)
(12, 13, 3)
(12, 14, 3)
(12, 15, 3)
(12, 16, 3)
(12, 17, 3)
(12, 18, 3)
(12, 19, 3)
(12, 20, 3)
(12, 21, 3)
(12, 22, 3)
(12, 23, 3)
(12, 24, 3)
(12, 25, 3)
(12, 26, 3)
(12, 27, 3)
(12, 28, 3)
(12, 29, 3)
(12, 30, 3)
(12, 31, 3)
(12, 32, 3)
(12, 33, 3)
(12, 34, 3)
(12, 35, 3)
(12, 36, 3)
(12, 37, 3)
(12, 38, 3)
(12, 39, 3)

(13, 0, 9)
(13, 1, 3)
(13, 2, 3)
(13, 3, 3)
(13, 4, 3)
(13, 5, 3)
(13, 6, 3)
(13, 7, 3)
(13, 8, 3)
(13, 9, 3)
(13, 10, 3)
(13, 11, 3)
(13, 12, 3)
(13, 13, 3)
(13, 14, 3)
(13, 15, 3)
(13, 16, 3)
(13, 17, 3)
(13, 18, 3)
(13, 19, 3)
(13, 20, 3)
(13, 21, 3)
(13, 22, 3)
(13, 23, 3)
(13, 24, 3)
(13, 25, 3)
(13, 26, 3)
(13, 27, 3)
(13, 28, 3)
(13, 29, 3)
(13, 30, 3)
(13, 31, 3)
(13, 32, 3)
(13, 33, 3)
(13, 34, 3)
(13, 35, 3)
(13, 36, 3)
(13, 37, 3)
(13, 38, 3)
(13, 39, 3)

(14, 0, 11)
(14, 1, 4)
(14, 2, 4)
(14, 3, 4)
(14, 4, 4)
(14, 5, 4)
(14, 6, 4)
(14, 7, 4)
(14, 8, 4)
(14, 9, 4)
(14, 10, 4)
(14, 11, 4)
(14, 12, 4)
(14, 13, 4)
(14, 14, 4)
(14, 15, 4)
(14, 16, 4)
(14, 17, 4)
(14, 18, 4)
(14, 19, 4)
(14, 20, 4)
(14, 21, 4)
(14, 22, 4)
(14, 23, 4)
(14, 24, 4)
(14, 25, 4)
(14, 26, 4)
(14, 27, 4)
(14, 28, 4)
(14, 29, 4)
(14, 30, 4)
(14, 31, 4)
(14, 32, 4)
(14, 33, 4)
(14, 34, 4)
(14, 35, 4)
(14, 36, 4)
(14, 37, 4)
(14, 38, 4)
(14, 39, 4)

(15, 0, 14)
(15, 1, 6)
(15, 2, 6)
(15, 3, 5)
(15, 4, 5)
(15, 5, 5)
(15, 6, 5)
(15, 7, 5)
(15, 8, 5)
(15, 9, 5)
(15, 10, 5)
(15, 11, 5)
(15, 12, 5)
(15, 13, 5)
(15, 14, 5)
(15, 15, 5)
(15, 16, 5)
(15, 17, 5)
(15, 18, 5)
(15, 19, 5)
(15, 20, 5)
(15, 21, 5)
(15, 22, 5)
(15, 23, 4)
(15, 24, 4)
(15, 25, 4)
(15, 26, 4)
(15, 27, 4)
(15, 28, 4)
(15, 29, 4)
(15, 30, 4)
(15, 31, 4)
(15, 32, 4)
(15, 33, 4)
(15, 34, 4)
(15, 35, 4)
(15, 36, 4)
(15, 37, 4)
(15, 38, 4)
(15, 39, 4)

(16, 0, 14)
(16, 1, 6)
(16, 2, 6)
(16, 3, 5)
(16, 4, 5)
(16, 5, 5)
(16, 6, 5)
(16, 7, 5)
(16, 8, 5)
(16, 9, 5)
(16, 10, 5)
(16, 11, 5)
(16, 12, 5)
(16, 13, 5)
(16, 14, 5)
(16, 15, 5)
(16, 16, 5)
(16, 17, 5)
(16, 18, 5)
(16, 19, 5)
(16, 20, 5)
(16, 21, 5)
(16, 22, 5)
(16, 23, 4)
(16, 24, 4)
(16, 25, 4)
(16, 26, 4)
(16, 27, 4)
(16, 28, 4)
(16, 29, 4)
(16, 30, 4)
(16, 31, 4)
(16, 32, 4)
(16, 33, 4)
(16, 34, 4)
(16, 35, 4)
(16, 36, 4)
(16, 37, 4)
(16, 38, 4)
(16, 39, 4)

(17, 0, 16)
(17, 1, 8)
(17, 2, 8)
(17, 3, 6)
(17, 4, 6)
(17, 5, 6)
(17, 6, 6)
(17, 7, 6)
(17, 8, 6)
(17, 9, 6)
(17, 10, 6)
(17, 11, 6)
(17, 12, 6)
(17, 13, 6)
(17, 14, 6)
(17, 15, 6)
(17, 16, 6)
(17, 17, 6)
(17, 18, 6)
(17, 19, 6)
(17, 20, 6)
(17, 21, 6)
(17, 22, 6)
(17, 23, 4)
(17, 24, 4)
(17, 25, 4)
(17, 26, 4)
(17, 27, 4)
(17, 28, 4)
(17, 29, 4)
(17, 30, 4)
(17, 31, 4)
(17, 32, 4)
(17, 33, 4)
(17, 34, 4)
(17, 35, 4)
(17, 36, 4)
(17, 37, 4)
(17, 38, 4)
(17, 39, 4)

(18, 0, 16)
(18, 1, 8)
(18, 2, 8)
(18, 3, 6)
(18, 4, 6)
(18, 5, 6)
(18, 6, 6)
(18, 7, 6)
(18, 8, 6)
(18, 9, 6)
(18, 10, 6)
(18, 11, 6)
(18, 12, 6)
(18, 13, 6)
(18, 14, 6)
(18, 15, 6)
(18, 16, 6)
(18, 17, 6)
(18, 18, 6)
(18, 19, 6)
(18, 20, 6)
(18, 21, 6)
(18, 22, 6)
(18, 23, 4)
(18, 24, 4)
(18, 25, 4)
(18, 26, 4)
(18, 27, 4)
(18, 28, 4)
(18, 29, 4)
(18, 30, 4)
(18, 31, 4)
(18, 32, 4)
(18, 33, 4)
(18, 34, 4)
(18, 35, 4)
(18, 36, 4)
(18, 37, 4)
(18, 38, 4)
(18, 39, 4)

(19, 0, 16)
(19, 1, 8)
(19, 2, 8)
(19, 3, 6)
(19, 4, 6)
(19, 5, 6)
(19, 6, 6)
(19, 7, 6)
(19, 8, 6)
(19, 9, 6)
(19, 10, 6)
(19, 11, 6)
(19, 12, 6)
(19, 13, 6)
(19, 14, 6)
(19, 15, 6)
(19, 16, 6)
(19, 17, 6)
(19, 18, 6)
(19, 19, 6)
(19, 20, 6)
(19, 21, 6)
(19, 22, 6)
(19, 23, 4)
(19, 24, 4)
(19, 25, 4)
(19, 26, 4)
(19, 27, 4)
(19, 28, 4)
(19, 29, 4)
(19, 30, 4)
(19, 31, 4)
(19, 32, 4)
(19, 33, 4)
(19, 34, 4)
(19, 35, 4)
(19, 36, 4)
(19, 37, 4)
(19, 38, 4)
(19, 39, 4)

(20, 0, 17)
(20, 1, 9)
(20, 2, 9)
(20, 3, 7)
(20, 4, 7)
(20, 5, 7)
(20, 6, 7)
(20, 7, 7)
(20, 8, 7)
(20, 9, 7)
(20, 10, 7)
(20, 11, 7)
(20, 12, 7)
(20, 13, 7)
(20, 14, 7)
(20, 15, 7)
(20, 16, 7)
(20, 17, 7)
(20, 18, 7)
(20, 19, 7)
(20, 20, 7)
(20, 21, 7)
(20, 22, 7)
(20, 23, 5)
(20, 24, 5)
(20, 25, 5)
(20, 26, 5)
(20, 27, 5)
(20, 28, 5)
(20, 29, 5)
(20, 30, 5)
(20, 31, 5)
(20, 32, 5)
(20, 33, 5)
(20, 34, 5)
(20, 35, 4)
(20, 36, 4)
(20, 37, 4)
(20, 38, 4)
(20, 39, 4)

(21, 0, 21)
(21, 1, 11)
(21, 2, 10)
(21, 3, 8)
(21, 4, 8)
(21, 5, 8)
(21, 6, 8)
(21, 7, 8)
(21, 8, 8)
(21, 9, 8)
(21, 10, 8)
(21, 11, 8)
(21, 12, 8)
(21, 13, 8)
(21, 14, 8)
(21, 15, 8)
(21, 16, 8)
(21, 17, 8)
(21, 18, 8)
(21, 19, 8)
(21, 20, 8)
(21, 21, 8)
(21, 22, 8)
(21, 23, 6)
(21, 24, 6)
(21, 25, 6)
(21, 26, 6)
(21, 27, 6)
(21, 28, 6)
(21, 29, 6)
(21, 30, 6)
(21, 31, 6)
(21, 32, 6)
(21, 33, 6)
(21, 34, 6)
(21, 35, 5)
(21, 36, 4)
(21, 37, 4)
(21, 38, 4)
(21, 39, 4)

(22, 0, 27)
(22, 1, 14)
(22, 2, 12)
(22, 3, 9)
(22, 4, 9)
(22, 5, 9)
(22, 6, 9)
(22, 7, 9)
(22, 8, 9)
(22, 9, 9)
(22, 10, 9)
(22, 11, 9)
(22, 12, 9)
(22, 13, 9)
(22, 14, 9)
(22, 15, 9)
(22, 16, 9)
(22, 17, 9)
(22, 18, 9)
(22, 19, 9)
(22, 20, 9)
(22, 21, 9)
(22, 22, 9)
(22, 23, 6)
(22, 24, 6)
(22, 25, 6)
(22, 26, 6)
(22, 27, 6)
(22, 28, 5)
(22, 29, 5)
(22, 30, 5)
(22, 31, 5)
(22, 32, 5)
(22, 33, 5)
(22, 34, 5)
(22, 35, 4)
(22, 36, 3)
(22, 37, 3)
(22, 38, 3)
(22, 39, 2)

(23, 0, 28)
(23, 1, 14)
(23, 2, 12)
(23, 3, 9)
(23, 4, 9)
(23, 5, 9)
(23, 6, 9)
(23, 7, 9)
(23, 8, 9)
(23, 9, 9)
(23, 10, 9)
(23, 11, 9)
(23, 12, 9)
(23, 13, 9)
(23, 14, 9)
(23, 15, 9)
(23, 16, 9)
(23, 17, 9)
(23, 18, 9)
(23, 19, 9)
(23, 20, 9)
(23, 21, 9)
(23, 22, 9)
(23, 23, 6)
(23, 24, 6)
(23, 25, 6)
(23, 26, 6)
(23, 27, 6)
(23, 28, 5)
(23, 29, 5)
(23, 30, 5)
(23, 31, 5)
(23, 32, 5)
(23, 33, 5)
(23, 34, 5)
(23, 35, 4)
(23, 36, 3)
(23, 37, 3)
(23, 38, 3)
(23, 39, 2)

(24, 0, 30)
(24, 1, 16)
(24, 2, 14)
(24, 3, 10)
(24, 4, 10)
(24, 5, 10)
(24, 6, 10)
(24, 7, 10)
(24, 8, 10)
(24, 9, 10)
(24, 10, 10)
(24, 11, 10)
(24, 12, 10)
(24, 13, 10)
(24, 14, 10)
(24, 15, 10)
(24, 16, 10)
(24, 17, 10)
(24, 18, 10)
(24, 19, 10)
(24, 20, 10)
(24, 21, 10)
(24, 22, 10)
(24, 23, 6)
(24, 24, 6)
(24, 25, 6)
(24, 26, 6)
(24, 27, 6)
(24, 28, 4)
(24, 29, 4)
(24, 30, 4)
(24, 31, 4)
(24, 32, 4)
(24, 33, 4)
(24, 34, 4)
(24, 35, 3)
(24, 36, 2)
(24, 37, 2)
(24, 38, 2)
(24, 39, 1)

(25, 0, 33)
(25, 1, 18)
(25, 2, 15)
(25, 3, 11)
(25, 4, 11)
(25, 5, 11)
(25, 6, 11)
(25, 7, 11)
(25, 8, 11)
(25, 9, 11)
(25, 10, 11)
(25, 11, 11)
(25, 12, 11)
(25, 13, 11)
(25, 14, 11)
(25, 15, 11)
(25, 16, 11)
(25, 17, 11)
(25, 18, 11)
(25, 19, 11)
(25, 20, 11)
(25, 21, 11)
(25, 22, 11)
(25, 23, 6)
(25, 24, 6)
(25, 25, 6)
(25, 26, 6)
(25, 27, 6)
(25, 28, 4)
(25, 29, 4)
(25, 30, 4)
(25, 31, 4)
(25, 32, 4)
(25, 33, 4)
(25, 34, 4)
(25, 35, 3)
(25, 36, 2)
(25, 37, 2)
(25, 38, 2)
(25, 39, 1)

(26, 0, 38)
(26, 1, 20)
(26, 2, 17)
(26, 3, 13)
(26, 4, 13)
(26, 5, 13)
(26, 6, 13)
(26, 7, 13)
(26, 8, 13)
(26, 9, 13)
(26, 10, 13)
(26, 11, 13)
(26, 12, 13)
(26, 13, 13)
(26, 14, 13)
(26, 15, 13)
(26, 16, 13)
(26, 17, 13)
(26, 18, 13)
(26, 19, 13)
(26, 20, 13)
(26, 21, 13)
(26, 22, 13)
(26, 23, 8)
(26, 24, 8)
(26, 25, 8)
(26, 26, 7)
(26, 27, 7)
(26, 28, 5)
(26, 29, 5)
(26, 30, 5)
(26, 31, 4)
(26, 32, 4)
(26, 33, 4)
(26, 34, 4)
(26, 35, 2)
(26, 36, 2)
(26, 37, 2)
(26, 38, 2)
(26, 39, 1)

(27, 0, 47)
(27, 1, 24)
(27, 2, 20)
(27, 3, 13)
(27, 4, 13)
(27, 5, 13)
(27, 6, 13)
(27, 7, 13)
(27, 8, 13)
(27, 9, 13)
(27, 10, 13)
(27, 11, 13)
(27, 12, 13)
(27, 13, 13)
(27, 14, 13)
(27, 15, 13)
(27, 16, 13)
(27, 17, 13)
(27, 18, 13)
(27, 19, 13)
(27, 20, 13)
(27, 21, 13)
(27, 22, 13)
(27, 23, 7)
(27, 24, 7)
(27, 25, 7)
(27, 26, 7)
(27, 27, 7)
(27, 28, 5)
(27, 29, 5)
(27, 30, 5)
(27, 31, 4)
(27, 32, 3)
(27, 33, 3)
(27, 34, 3)
(27, 35, 1)
(27, 36, 1)
(27, 37, 1)
(27, 38, 1)
(27, 39, 1)

(28, 0, 48)
(28, 1, 24)
(28, 2, 20)
(28, 3, 13)
(28, 4, 13)
(28, 5, 13)
(28, 6, 13)
(28, 7, 13)
(28, 8, 13)
(28, 9, 13)
(28, 10, 13)
(28, 11, 13)
(28, 12, 13)
(28, 13, 13)
(28, 14, 13)
(28, 15, 13)
(28, 16, 13)
(28, 17, 13)
(28, 18, 13)
(28, 19, 13)
(28, 20, 13)
(28, 21, 13)
(28, 22, 13)
(28, 23, 7)
(28, 24, 7)
(28, 25, 7)
(28, 26, 7)
(28, 27, 7)
(28, 28, 5)
(28, 29, 5)
(28, 30, 5)
(28, 31, 4)
(28, 32, 3)
(28, 33, 3)
(28, 34, 3)
(28, 35, 1)
(28, 36, 1)
(28, 37, 1)
(28, 38, 1)
(28, 39, 1)

(29, 0, 64)
(29, 1, 25)
(29, 2, 21)
(29, 3, 14)
(29, 4, 14)
(29, 5, 14)
(29, 6, 14)
(29, 7, 14)
(29, 8, 14)
(29, 9, 14)
(29, 10, 14)
(29, 11, 14)
(29, 12, 14)
(29, 13, 14)
(29, 14, 14)
(29, 15, 13)
(29, 16, 11)
(29, 17, 11)
(29, 18, 11)
(29, 19, 11)
(29, 20, 10)
(29, 21, 10)
(29, 22, 10)
(29, 23, 6)
(29, 24, 6)
(29, 25, 6)
(29, 26, 6)
(29, 27, 6)
(29, 28, 4)
(29, 29, 4)
(29, 30, 4)
(29, 31, 3)
(29, 32, 2)
(29, 33, 2)
(29, 34, 2)
(29, 35, 1)
(29, 36, 1)
(29, 37, 1)
(29, 38, 1)
(29, 39, 1)

(30, 0, 73)
(30, 1, 26)
(30, 2, 22)
(30, 3, 15)
(30, 4, 15)
(30, 5, 15)
(30, 6, 15)
(30, 7, 15)
(30, 8, 15)
(30, 9, 15)
(30, 10, 14)
(30, 11, 14)
(30, 12, 13)
(30, 13, 13)
(30, 14, 13)
(30, 15, 12)
(30, 16, 10)
(30, 17, 10)
(30, 18, 10)
(30, 19, 10)
(30, 20, 10)
(30, 21, 10)
(30, 22, 10)
(30, 23, 6)
(30, 24, 6)
(30, 25, 6)
(30, 26, 6)
(30, 27, 6)
(30, 28, 4)
(30, 29, 4)
(30, 30, 3)
(30, 31, 3)
(30, 32, 2)
(30, 33, 2)
(30, 34, 2)
(30, 35, 1)
(30, 36, 1)
(30, 37, 1)
(30, 38, 1)
(30, 39, 1)

(31, 0, 90)
(31, 1, 32)
(31, 2, 26)
(31, 3, 16)
(31, 4, 15)
(31, 5, 15)
(31, 6, 15)
(31, 7, 15)
(31, 8, 14)
(31, 9, 14)
(31, 10, 14)
(31, 11, 14)
(31, 12, 12)
(31, 13, 12)
(31, 14, 12)
(31, 15, 12)
(31, 16, 10)
(31, 17, 10)
(31, 18, 10)
(31, 19, 10)
(31, 20, 10)
(31, 21, 10)
(31, 22, 10)
(31, 23, 6)
(31, 24, 6)
(31, 25, 6)
(31, 26, 6)
(31, 27, 6)
(31, 28, 4)
(31, 29, 4)
(31, 30, 3)
(31, 31, 3)
(31, 32, 2)
(31, 33, 2)
(31, 34, 2)
(31, 35, 1)
(31, 36, 1)
(31, 37, 1)
(31, 38, 1)
(31, 39, 1)

(32, 0, 111)
(32, 1, 38)
(32, 2, 30)
(32, 3, 16)
(32, 4, 15)
(32, 5, 15)
(32, 6, 15)
(32, 7, 14)
(32, 8, 14)
(32, 9, 14)
(32, 10, 14)
(32, 11, 14)
(32, 12, 12)
(32, 13, 12)
(32, 14, 12)
(32, 15, 12)
(32, 16, 10)
(32, 17, 10)
(32, 18, 10)
(32, 19, 10)
(32, 20, 10)
(32, 21, 10)
(32, 22, 10)
(32, 23, 6)
(32, 24, 6)
(32, 25, 6)
(32, 26, 6)
(32, 27, 6)
(32, 28, 4)
(32, 29, 4)
(32, 30, 3)
(32, 31, 2)
(32, 32, 2)
(32, 33, 2)
(32, 34, 2)
(32, 35, 1)
(32, 36, 1)
(32, 37, 1)
(32, 38, 1)
(32, 39, 1)

(33, 0, 122)
(33, 1, 38)
(33, 2, 30)
(33, 3, 16)
(33, 4, 15)
(33, 5, 15)
(33, 6, 15)
(33, 7, 14)
(33, 8, 14)
(33, 9, 14)
(33, 10, 14)
(33, 11, 14)
(33, 12, 12)
(33, 13, 12)
(33, 14, 12)
(33, 15, 12)
(33, 16, 10)
(33, 17, 10)
(33, 18, 10)
(33, 19, 10)
(33, 20, 10)
(33, 21, 10)
(33, 22, 10)
(33, 23, 6)
(33, 24, 6)
(33, 25, 6)
(33, 26, 6)
(33, 27, 6)
(33, 28, 4)
(33, 29, 4)
(33, 30, 3)
(33, 31, 2)
(33, 32, 2)
(33, 33, 2)
(33, 34, 2)
(33, 35, 1)
(33, 36, 1)
(33, 37, 1)
(33, 38, 1)
(33, 39, 1)

(34, 0, 134)
(34, 1, 40)
(34, 2, 31)
(34, 3, 16)
(34, 4, 15)
(34, 5, 15)
(34, 6, 15)
(34, 7, 14)
(34, 8, 14)
(34, 9, 14)
(34, 10, 14)
(34, 11, 14)
(34, 12, 12)
(34, 13, 12)
(34, 14, 12)
(34, 15, 12)
(34, 16, 10)
(34, 17, 10)
(34, 18, 10)
(34, 19, 10)
(34, 20, 10)
(34, 21, 10)
(34, 22, 10)
(34, 23, 6)
(34, 24, 6)
(34, 25, 6)
(34, 26, 6)
(34, 27, 6)
(34, 28, 4)
(34, 29, 4)
(34, 30, 3)
(34, 31, 2)
(34, 32, 2)
(34, 33, 2)
(34, 34, 2)
(34, 35, 1)
(34, 36, 1)
(34, 37, 1)
(34, 38, 1)
(34, 39, 1)

(35, 0, 148)
(35, 1, 41)
(35, 2, 31)
(35, 3, 16)
(35, 4, 15)
(35, 5, 15)
(35, 6, 15)
(35, 7, 14)
(35, 8, 14)
(35, 9, 14)
(35, 10, 14)
(35, 11, 14)
(35, 12, 12)
(35, 13, 12)
(35, 14, 12)
(35, 15, 12)
(35, 16, 10)
(35, 17, 10)
(35, 18, 10)
(35, 19, 10)
(35, 20, 10)
(35, 21, 10)
(35, 22, 10)
(35, 23, 6)
(35, 24, 6)
(35, 25, 6)
(35, 26, 6)
(35, 27, 6)
(35, 28, 4)
(35, 29, 4)
(35, 30, 3)
(35, 31, 2)
(35, 32, 2)
(35, 33, 2)
(35, 34, 2)
(35, 35, 1)
(35, 36, 1)
(35, 37, 1)
(35, 38, 1)
(35, 39, 1)

(36, 0, 162)
(36, 1, 41)
(36, 2, 31)
(36, 3, 16)
(36, 4, 15)
(36, 5, 15)
(36, 6, 15)
(36, 7, 14)
(36, 8, 14)
(36, 9, 14)
(36, 10, 14)
(36, 11, 14)
(36, 12, 12)
(36, 13, 12)
(36, 14, 12)
(36, 15, 12)
(36, 16, 10)
(36, 17, 10)
(36, 18, 10)
(36, 19, 10)
(36, 20, 10)
(36, 21, 10)
(36, 22, 10)
(36, 23, 6)
(36, 24, 6)
(36, 25, 6)
(36, 26, 6)
(36, 27, 6)
(36, 28, 4)
(36, 29, 4)
(36, 30, 3)
(36, 31, 2)
(36, 32, 2)
(36, 33, 2)
(36, 34, 2)
(36, 35, 1)
(36, 36, 1)
(36, 37, 1)
(36, 38, 1)
(36, 39, 1)

(37, 0, 175)
(37, 1, 46)
(37, 2, 35)
(37, 3, 18)
(37, 4, 17)
(37, 5, 17)
(37, 6, 17)
(37, 7, 16)
(37, 8, 16)
(37, 9, 15)
(37, 10, 15)
(37, 11, 15)
(37, 12, 13)
(37, 13, 13)
(37, 14, 13)
(37, 15, 13)
(37, 16, 11)
(37, 17, 11)
(37, 18, 11)
(37, 19, 10)
(37, 20, 10)
(37, 21, 9)
(37, 22, 9)
(37, 23, 5)
(37, 24, 5)
(37, 25, 5)
(37, 26, 5)
(37, 27, 5)
(37, 28, 3)
(37, 29, 3)
(37, 30, 2)
(37, 31, 1)
(37, 32, 1)
(37, 33, 1)
(37, 34, 1)
(37, 35, 1)
(37, 36, 1)
(37, 37, 1)
(37, 38, 1)
(37, 39, 1)

(38, 0, 179)
(38, 1, 48)
(38, 2, 37)
(38, 3, 18)
(38, 4, 17)
(38, 5, 17)
(38, 6, 17)
(38, 7, 16)
(38, 8, 16)
(38, 9, 15)
(38, 10, 15)
(38, 11, 15)
(38, 12, 13)
(38, 13, 13)
(38, 14, 13)
(38, 15, 13)
(38, 16, 11)
(38, 17, 10)
(38, 18, 10)
(38, 19, 9)
(38, 20, 9)
(38, 21, 9)
(38, 22, 9)
(38, 23, 5)
(38, 24, 5)
(38, 25, 5)
(38, 26, 5)
(38, 27, 5)
(38, 28, 3)
(38, 29, 3)
(38, 30, 2)
(38, 31, 1)
(38, 32, 1)
(38, 33, 1)
(38, 34, 1)
(38, 35, 1)
(38, 36, 1)
(38, 37, 1)
(38, 38, 1)
(38, 39, 1)

(39, 0, 183)
(39, 1, 50)
(39, 2, 39)
(39, 3, 19)
(39, 4, 18)
(39, 5, 18)
(39, 6, 18)
(39, 7, 16)
(39, 8, 16)
(39, 9, 14)
(39, 10, 14)
(39, 11, 14)
(39, 12, 12)
(39, 13, 12)
(39, 14, 12)
(39, 15, 12)
(39, 16, 10)
(39, 17, 10)
(39, 18, 10)
(39, 19, 9)
(39, 20, 9)
(39, 21, 9)
(39, 22, 9)
(39, 23, 5)
(39, 24, 5)
(39, 25, 5)
(39, 26, 5)
(39, 27, 5)
(39, 28, 3)
(39, 29, 3)
(39, 30, 2)
(39, 31, 1)
(39, 32, 1)
(39, 33, 1)
(39, 34, 1)
(39, 35, 1)
(39, 36, 1)
(39, 37, 1)
(39, 38, 1)
(39, 39, 1)


Betti numbers:
xi_0:
(0, 0, 3)
(2, 0, 3)
(12, 0, 2)
(13, 0, 1)
(14, 0, 2)
(15, 0, 3)
(17, 0, 2)
(20, 0, 1)
(21, 0, 4)
(22, 0, 6)
(23, 0, 1)
(24, 0, 2)
(25, 0, 3)
(26, 0, 5)
(27, 0, 9)
(28, 0, 1)
(29, 0, 16)
(30, 0, 9)
(31, 0, 17)
(32, 0, 21)
(33, 0, 11)
(34, 0, 12)
(35, 0, 14)
(36, 0, 14)
(37, 0, 13)
(38, 0, 4)
(39, 0, 4)
xi_1:
(0, 1, 2)
(2, 1, 2)
(12, 1, 1)
(13, 1, 1)
(14, 1, 1)
(15, 1, 1)
(15, 3, 1)
(15, 23, 1)
(17, 3, 1)
(17, 23, 1)
(20, 35, 1)
(21, 1, 2)
(21, 2, 1)
(21, 36, 1)
(22, 1, 3)
(22, 2, 1)
(22, 3, 1)
(22, 23, 1)
(22, 28, 1)
(22, 39, 1)
(23, 1, 1)
(24, 3, 1)
(24, 23, 1)
(24, 28, 1)
(25, 1, 1)
(25, 2, 1)
(25, 23, 1)
(26, 1, 3)
(26, 26, 1)
(26, 31, 1)
(26, 35, 1)
(27, 1, 5)
(27, 2, 1)
(27, 3, 3)
(27, 23, 1)
(27, 32, 1)
(28, 1, 1)
(29, 1, 15)
(29, 15, 1)
(29, 16, 2)
(29, 20, 1)
(30, 1, 8)
(30, 10, 1)
(30, 12, 1)
(30, 15, 1)
(30, 30, 1)
(31, 1, 11)
(31, 2, 2)
(31, 3, 3)
(31, 4, 1)
(31, 8, 1)
(31, 12, 1)
(32, 1, 15)
(32, 2, 2)
(32, 3, 4)
(32, 7, 1)
(32, 31, 1)
(33, 1, 11)
(34, 1, 10)
(34, 2, 1)
(34, 3, 1)
(35, 1, 13)
(35, 2, 1)
(36, 1, 14)
(37, 1, 8)
(37, 2, 1)
(37, 3, 2)
(37, 9, 1)
(37, 19, 1)
(37, 21, 1)
(38, 1, 2)
(38, 3, 2)
(38, 17, 1)
(39, 1, 2)
(39, 3, 1)
(39, 7, 1)
(39, 9, 1)
xi_2:
(26, 36, 1)
(27, 26, 1)
(27, 39, 1)
(29, 23, 2)
(29, 35, 1)
(30, 15, 1)
(30, 20, 1)
(30, 31, 1)
(31, 10, 1)
(31, 15, 1)
(32, 8, 1)
(32, 32, 1)
(37, 35, 1)
(38, 21, 1)
(39, 17, 1)
