x-grades
-3706073227435219393/4000000000000000000
-1825281500440457393/2000000000000000000
-3595052774326610179/4000000000000000000
-884885636943076393/1000000000000000000
-696806464243600193/800000000000000000
-1714261047331848179/2000000000000000000
-3373011868109391751/4000000000000000000
-414687705194385893/500000000000000000
-3261991415000782537/4000000000000000000
-320648118844647793/400000000000000000
-3150970961892173323/4000000000000000000
-773865183834467179/1000000000000000000
-3039950508783564109/4000000000000000000
-1492220141114629751/2000000000000000000
-585786011134990979/800000000000000000
-179588739320040643/250000000000000000
-2817909602566345681/4000000000000000000
-1381199688006020537/2000000000000000000
-2706889149457736467/4000000000000000000
-132568946145171593/200000000000000000
-2595868696349127253/4000000000000000000
-1270179234897411323/2000000000000000000
-2484848243240518039/4000000000000000000
-303667252085776679/500000000000000000
-94953111605276353/160000000000000000
-1159158781788802109/2000000000000000000
-2262807337023299611/4000000000000000000
-551824277617248751/1000000000000000000
-2151786883914690397/4000000000000000000
-209627665736038579/400000000000000000
-2040766430806081183/4000000000000000000
-31019628191434009/62500000000000000
-1929745977697471969/4000000000000000000
-937117875571583681/2000000000000000000
-363745104917772551/800000000000000000
-440803824508639537/1000000000000000000
-1707705071480253541/4000000000000000000
-826097422462974467/2000000000000000000
-1596684618371644327/4000000000000000000
-38529359795433493/100000000000000000

y-grades
999657/4000000
999657/2000000
2998971/4000000
999657/1000000
999657/800000
2998971/2000000
6997599/4000000
999657/500000
8996913/4000000
999657/400000
10996227/4000000
2998971/1000000
12995541/4000000
6997599/2000000
2998971/800000
999657/250000
16994169/4000000
8996913/2000000
18993483/4000000
999657/200000
20992797/4000000
10996227/2000000
22992111/4000000
2998971/500000
999657/160000
12995541/2000000
26990739/4000000
6997599/1000000
28990053/4000000
2998971/400000
30989367/4000000
999657/125000
32988681/4000000
16994169/2000000
6997599/800000
8996913/1000000
36987309/4000000
18993483/2000000
38986623/4000000
999657/100000

Dimensions > 0:
(0, 0, 3)
(0, 1, 3)
(0, 2, 3)
(0, 3, 3)
(0, 4, 1)
(0, 5, 1)
(0, 6, 1)
(0, 7, 1)
(0, 8, 1)
(0, 9, 1)
(0, 10, 1)
(0, 11, 1)
(0, 12, 1)
(0, 13, 1)
(0, 14, 1)
(0, 15, 1)
(0, 16, 1)
(0, 17, 1)
(0, 18, 1)
(0, 19, 1)
(0, 20, 1)
(0, 21, 1)
(0, 22, 1)
(0, 23, 1)
(0, 24, 1)
(0, 25, 1)
(0, 26, 1)
(0, 27, 1)
(0, 28, 1)
(0, 29, 1)
(0, 30, 1)
(0, 31, 1)
(0, 32, 1)
(0, 33, 1)
(0, 34, 1)
(0, 35, 1)
(0, 36, 1)
(0, 37, 1)
(0, 38, 1)
(0, 39, 1)

(1, 0, 4)
(1, 1, 4)
(1, 2, 4)
(1, 3, 4)
(1, 4, 1)
(1, 5, 1)
(1, 6, 1)
(1, 7, 1)
(1, 8, 1)
(1, 9, 1)
(1, 10, 1)
(1, 11, 1)
(1, 12, 1)
(1, 13, 1)
(1, 14, 1)
(1, 15, 1)
(1, 16, 1)
(1, 17, 1)
(1, 18, 1)
(1, 19, 1)
(1, 20, 1)
(1, 21, 1)
(1, 22, 1)
(1, 23, 1)
(1, 24, 1)
(1, 25, 1)
(1, 26, 1)
(1, 27, 1)
(1, 28, 1)
(1, 29, 1)
(1, 30, 1)
(1, 31, 1)
(1, 32, 1)
(1, 33, 1)
(1, 34, 1)
(1, 35, 1)
(1, 36, 1)
(1, 37, 1)
(1, 38, 1)
(1, 39, 1)

(2, 0, 4)
(2, 1, 4)
(2, 2, 4)
(2, 3, 4)
(2, 4, 1)
(2, 5, 1)
(2, 6, 1)
(2, 7, 1)
(2, 8, 1)
(2, 9, 1)
(2, 10, 1)
(2, 11, 1)
(2, 12, 1)
(2, 13, 1)
(2, 14, 1)
(2, 15, 1)
(2, 16, 1)
(2, 17, 1)
(2, 18, 1)
(2, 19, 1)
(2, 20, 1)
(2, 21, 1)
(2, 22, 1)
(2, 23, 1)
(2, 24, 1)
(2, 25, 1)
(2, 26, 1)
(2, 27, 1)
(2, 28, 1)
(2, 29, 1)
(2, 30, 1)
(2, 31, 1)
(2, 32, 1)
(2, 33, 1)
(2, 34, 1)
(2, 35, 1)
(2, 36, 1)
(2, 37, 1)
(2, 38, 1)
(2, 39, 1)

(3, 0, 5)
(3, 1, 5)
(3, 2, 5)
(3, 3, 5)
(3, 4, 2)
(3, 5, 2)
(3, 6, 2)
(3, 7, 2)
(3, 8, 1)
(3, 9, 1)
(3, 10, 1)
(3, 11, 1)
(3, 12, 1)
(3, 13, 1)
(3, 14, 1)
(3, 15, 1)
(3, 16, 1)
(3, 17, 1)
(3, 18, 1)
(3, 19, 1)
(3, 20, 1)
(3, 21, 1)
(3, 22, 1)
(3, 23, 1)
(3, 24, 1)
(3, 25, 1)
(3, 26, 1)
(3, 27, 1)
(3, 28, 1)
(3, 29, 1)
(3, 30, 1)
(3, 31, 1)
(3, 32, 1)
(3, 33, 1)
(3, 34, 1)
(3, 35, 1)
(3, 36, 1)
(3, 37, 1)
(3, 38, 1)
(3, 39, 1)

(4, 0, 9)
(4, 1, 9)
(4, 2, 9)
(4, 3, 9)
(4, 4, 4)
(4, 5, 3)
(4, 6, 3)
(4, 7, 3)
(4, 8, 2)
(4, 9, 2)
(4, 10, 2)
(4, 11, 2)
(4, 12, 2)
(4, 13, 2)
(4, 14, 2)
(4, 15, 2)
(4, 16, 2)
(4, 17, 2)
(4, 18, 2)
(4, 19, 2)
(4, 20, 2)
(4, 21, 2)
(4, 22, 2)
(4, 23, 2)
(4, 24, 2)
(4, 25, 2)
(4, 26, 2)
(4, 27, 2)
(4, 28, 2)
(4, 29, 2)
(4, 30, 2)
(4, 31, 2)
(4, 32, 2)
(4, 33, 2)
(4, 34, 2)
(4, 35, 2)
(4, 36, 2)
(4, 37, 2)
(4, 38, 2)
(4, 39, 2)

(5, 0, 13)
(5, 1, 13)
(5, 2, 13)
(5, 3, 13)
(5, 4, 5)
(5, 5, 4)
(5, 6, 4)
(5, 7, 4)
(5, 8, 3)
(5, 9, 3)
(5, 10, 3)
(5, 11, 3)
(5, 12, 3)
(5, 13, 3)
(5, 14, 3)
(5, 15, 3)
(5, 16, 3)
(5, 17, 3)
(5, 18, 3)
(5, 19, 3)
(5, 20, 3)
(5, 21, 3)
(5, 22, 3)
(5, 23, 3)
(5, 24, 3)
(5, 25, 3)
(5, 26, 3)
(5, 27, 3)
(5, 28, 3)
(5, 29, 3)
(5, 30, 3)
(5, 31, 3)
(5, 32, 3)
(5, 33, 3)
(5, 34, 3)
(5, 35, 3)
(5, 36, 3)
(5, 37, 3)
(5, 38, 3)
(5, 39, 3)

(6, 0, 15)
(6, 1, 15)
(6, 2, 15)
(6, 3, 15)
(6, 4, 5)
(6, 5, 4)
(6, 6, 4)
(6, 7, 4)
(6, 8, 3)
(6, 9, 3)
(6, 10, 3)
(6, 11, 3)
(6, 12, 3)
(6, 13, 3)
(6, 14, 3)
(6, 15, 3)
(6, 16, 3)
(6, 17, 3)
(6, 18, 3)
(6, 19, 3)
(6, 20, 3)
(6, 21, 3)
(6, 22, 3)
(6, 23, 3)
(6, 24, 3)
(6, 25, 3)
(6, 26, 3)
(6, 27, 3)
(6, 28, 3)
(6, 29, 3)
(6, 30, 3)
(6, 31, 3)
(6, 32, 3)
(6, 33, 3)
(6, 34, 3)
(6, 35, 3)
(6, 36, 3)
(6, 37, 3)
(6, 38, 3)
(6, 39, 3)

(7, 0, 15)
(7, 1, 15)
(7, 2, 15)
(7, 3, 15)
(7, 4, 5)
(7, 5, 4)
(7, 6, 4)
(7, 7, 4)
(7, 8, 3)
(7, 9, 3)
(7, 10, 3)
(7, 11, 3)
(7, 12, 3)
(7, 13, 3)
(7, 14, 3)
(7, 15, 3)
(7, 16, 3)
(7, 17, 3)
(7, 18, 3)
(7, 19, 3)
(7, 20, 3)
(7, 21, 3)
(7, 22, 3)
(7, 23, 3)
(7, 24, 3)
(7, 25, 3)
(7, 26, 3)
(7, 27, 3)
(7, 28, 3)
(7, 29, 3)
(7, 30, 3)
(7, 31, 3)
(7, 32, 3)
(7, 33, 3)
(7, 34, 3)
(7, 35, 3)
(7, 36, 3)
(7, 37, 3)
(7, 38, 3)
(7, 39, 3)

(8, 0, 17)
(8, 1, 17)
(8, 2, 17)
(8, 3, 17)
(8, 4, 7)
(8, 5, 6)
(8, 6, 5)
(8, 7, 5)
(8, 8, 3)
(8, 9, 3)
(8, 10, 3)
(8, 11, 3)
(8, 12, 3)
(8, 13, 3)
(8, 14, 3)
(8, 15, 3)
(8, 16, 3)
(8, 17, 3)
(8, 18, 3)
(8, 19, 3)
(8, 20, 3)
(8, 21, 3)
(8, 22, 3)
(8, 23, 3)
(8, 24, 3)
(8, 25, 3)
(8, 26, 3)
(8, 27, 3)
(8, 28, 3)
(8, 29, 3)
(8, 30, 3)
(8, 31, 3)
(8, 32, 3)
(8, 33, 3)
(8, 34, 3)
(8, 35, 3)
(8, 36, 3)
(8, 37, 3)
(8, 38, 3)
(8, 39, 3)

(9, 0, 22)
(9, 1, 22)
(9, 2, 22)
(9, 3, 22)
(9, 4, 9)
(9, 5, 7)
(9, 6, 7)
(9, 7, 7)
(9, 8, 4)
(9, 9, 4)
(9, 10, 4)
(9, 11, 4)
(9, 12, 4)
(9, 13, 4)
(9, 14, 4)
(9, 15, 4)
(9, 16, 4)
(9, 17, 4)
(9, 18, 4)
(9, 19, 4)
(9, 20, 4)
(9, 21, 4)
(9, 22, 4)
(9, 23, 4)
(9, 24, 4)
(9, 25, 4)
(9, 26, 4)
(9, 27, 4)
(9, 28, 4)
(9, 29, 4)
(9, 30, 4)
(9, 31, 4)
(9, 32, 4)
(9, 33, 4)
(9, 34, 4)
(9, 35, 4)
(9, 36, 4)
(9, 37, 4)
(9, 38, 4)
(9, 39, 4)

(10, 0, 25)
(10, 1, 25)
(10, 2, 25)
(10, 3, 25)
(10, 4, 10)
(10, 5, 7)
(10, 6, 7)
(10, 7, 7)
(10, 8, 4)
(10, 9, 4)
(10, 10, 4)
(10, 11, 4)
(10, 12, 4)
(10, 13, 4)
(10, 14, 4)
(10, 15, 4)
(10, 16, 4)
(10, 17, 4)
(10, 18, 4)
(10, 19, 4)
(10, 20, 4)
(10, 21, 4)
(10, 22, 4)
(10, 23, 4)
(10, 24, 4)
(10, 25, 4)
(10, 26, 4)
(10, 27, 4)
(10, 28, 4)
(10, 29, 4)
(10, 30, 4)
(10, 31, 4)
(10, 32, 4)
(10, 33, 4)
(10, 34, 4)
(10, 35, 4)
(10, 36, 4)
(10, 37, 4)
(10, 38, 4)
(10, 39, 4)

(11, 0, 25)
(11, 1, 25)
(11, 2, 25)
(11, 3, 25)
(11, 4, 10)
(11, 5, 7)
(11, 6, 7)
(11, 7, 7)
(11, 8, 4)
(11, 9, 4)
(11, 10, 4)
(11, 11, 4)
(11, 12, 4)
(11, 13, 4)
(11, 14, 4)
(11, 15, 4)
(11, 16, 4)
(11, 17, 4)
(11, 18, 4)
(11, 19, 4)
(11, 20, 4)
(11, 21, 4)
(11, 22, 4)
(11, 23, 4)
(11, 24, 4)
(11, 25, 4)
(11, 26, 4)
(11, 27, 4)
(11, 28, 4)
(11, 29, 4)
(11, 30, 4)
(11, 31, 4)
(11, 32, 4)
(11, 33, 4)
(11, 34, 4)
(11, 35, 4)
(11, 36, 4)
(11, 37, 4)
(11, 38, 4)
(11, 39, 4)

(12, 0, 25)
(12, 1, 25)
(12, 2, 25)
(12, 3, 25)
(12, 4, 10)
(12, 5, 7)
(12, 6, 7)
(12, 7, 7)
(12, 8, 4)
(12, 9, 4)
(12, 10, 4)
(12, 11, 4)
(12, 12, 4)
(12, 13, 4)
(12, 14, 4)
(12, 15, 4)
(12, 16, 4)
(12, 17, 4)
(12, 18, 4)
(12, 19, 4)
(12, 20, 4)
(12, 21, 4)
(12, 22, 4)
(12, 23, 4)
(12, 24, 4)
(12, 25, 4)
(12, 26, 4)
(12, 27, 4)
(12, 28, 4)
(12, 29, 4)
(12, 30, 4)
(12, 31, 4)
(12, 32, 4)
(12, 33, 4)
(12, 34, 4)
(12, 35, 4)
(12, 36, 4)
(12, 37, 4)
(12, 38, 4)
(12, 39, 4)

(13, 0, 29)
(13, 1, 29)
(13, 2, 29)
(13, 3, 29)
(13, 4, 13)
(13, 5, 9)
(13, 6, 9)
(13, 7, 9)
(13, 8, 4)
(13, 9, 4)
(13, 10, 4)
(13, 11, 4)
(13, 12, 4)
(13, 13, 4)
(13, 14, 4)
(13, 15, 4)
(13, 16, 4)
(13, 17, 4)
(13, 18, 4)
(13, 19, 4)
(13, 20, 4)
(13, 21, 4)
(13, 22, 4)
(13, 23, 4)
(13, 24, 4)
(13, 25, 4)
(13, 26, 4)
(13, 27, 4)
(13, 28, 4)
(13, 29, 4)
(13, 30, 4)
(13, 31, 4)
(13, 32, 4)
(13, 33, 4)
(13, 34, 4)
(13, 35, 4)
(13, 36, 4)
(13, 37, 4)
(13, 38, 4)
(13, 39, 4)

(14, 0, 29)
(14, 1, 29)
(14, 2, 29)
(14, 3, 29)
(14, 4, 13)
(14, 5, 9)
(14, 6, 9)
(14, 7, 9)
(14, 8, 4)
(14, 9, 4)
(14, 10, 4)
(14, 11, 4)
(14, 12, 4)
(14, 13, 4)
(14, 14, 4)
(14, 15, 4)
(14, 16, 4)
(14, 17, 4)
(14, 18, 4)
(14, 19, 4)
(14, 20, 4)
(14, 21, 4)
(14, 22, 4)
(14, 23, 4)
(14, 24, 4)
(14, 25, 4)
(14, 26, 4)
(14, 27, 4)
(14, 28, 4)
(14, 29, 4)
(14, 30, 4)
(14, 31, 4)
(14, 32, 4)
(14, 33, 4)
(14, 34, 4)
(14, 35, 4)
(14, 36, 4)
(14, 37, 4)
(14, 38, 4)
(14, 39, 4)

(15, 0, 29)
(15, 1, 29)
(15, 2, 29)
(15, 3, 29)
(15, 4, 13)
(15, 5, 9)
(15, 6, 9)
(15, 7, 9)
(15, 8, 4)
(15, 9, 4)
(15, 10, 4)
(15, 11, 4)
(15, 12, 4)
(15, 13, 4)
(15, 14, 4)
(15, 15, 4)
(15, 16, 4)
(15, 17, 4)
(15, 18, 4)
(15, 19, 4)
(15, 20, 4)
(15, 21, 4)
(15, 22, 4)
(15, 23, 4)
(15, 24, 4)
(15, 25, 4)
(15, 26, 4)
(15, 27, 4)
(15, 28, 4)
(15, 29, 4)
(15, 30, 4)
(15, 31, 4)
(15, 32, 4)
(15, 33, 4)
(15, 34, 4)
(15, 35, 4)
(15, 36, 4)
(15, 37, 4)
(15, 38, 4)
(15, 39, 4)

(16, 0, 29)
(16, 1, 29)
(16, 2, 29)
(16, 3, 29)
(16, 4, 13)
(16, 5, 9)
(16, 6, 9)
(16, 7, 9)
(16, 8, 4)
(16, 9, 4)
(16, 10, 4)
(16, 11, 4)
(16, 12, 4)
(16, 13, 4)
(16, 14, 4)
(16, 15, 4)
(16, 16, 4)
(16, 17, 4)
(16, 18, 4)
(16, 19, 4)
(16, 20, 4)
(16, 21, 4)
(16, 22, 4)
(16, 23, 4)
(16, 24, 4)
(16, 25, 4)
(16, 26, 4)
(16, 27, 4)
(16, 28, 4)
(16, 29, 4)
(16, 30, 4)
(16, 31, 4)
(16, 32, 4)
(16, 33, 4)
(16, 34, 4)
(16, 35, 4)
(16, 36, 4)
(16, 37, 4)
(16, 38, 4)
(16, 39, 4)

(17, 0, 30)
(17, 1, 30)
(17, 2, 30)
(17, 3, 30)
(17, 4, 14)
(17, 5, 10)
(17, 6, 10)
(17, 7, 10)
(17, 8, 4)
(17, 9, 4)
(17, 10, 4)
(17, 11, 4)
(17, 12, 4)
(17, 13, 4)
(17, 14, 4)
(17, 15, 4)
(17, 16, 4)
(17, 17, 4)
(17, 18, 4)
(17, 19, 4)
(17, 20, 4)
(17, 21, 4)
(17, 22, 4)
(17, 23, 4)
(17, 24, 4)
(17, 25, 4)
(17, 26, 4)
(17, 27, 4)
(17, 28, 4)
(17, 29, 4)
(17, 30, 4)
(17, 31, 4)
(17, 32, 4)
(17, 33, 4)
(17, 34, 4)
(17, 35, 4)
(17, 36, 4)
(17, 37, 4)
(17, 38, 4)
(17, 39, 4)

(18, 0, 30)
(18, 1, 30)
(18, 2, 30)
(18, 3, 30)
(18, 4, 14)
(18, 5, 10)
(18, 6, 10)
(18, 7, 10)
(18, 8, 4)
(18, 9, 4)
(18, 10, 4)
(18, 11, 4)
(18, 12, 4)
(18, 13, 4)
(18, 14, 4)
(18, 15, 4)
(18, 16, 4)
(18, 17, 4)
(18, 18, 4)
(18, 19, 4)
(18, 20, 4)
(18, 21, 4)
(18, 22, 4)
(18, 23, 4)
(18, 24, 4)
(18, 25, 4)
(18, 26, 4)
(18, 27, 4)
(18, 28, 4)
(18, 29, 4)
(18, 30, 4)
(18, 31, 4)
(18, 32, 4)
(18, 33, 4)
(18, 34, 4)
(18, 35, 4)
(18, 36, 4)
(18, 37, 4)
(18, 38, 4)
(18, 39, 4)

(19, 0, 30)
(19, 1, 30)
(19, 2, 30)
(19, 3, 30)
(19, 4, 14)
(19, 5, 10)
(19, 6, 10)
(19, 7, 10)
(19, 8, 4)
(19, 9, 4)
(19, 10, 4)
(19, 11, 4)
(19, 12, 4)
(19, 13, 4)
(19, 14, 4)
(19, 15, 4)
(19, 16, 4)
(19, 17, 4)
(19, 18, 4)
(19, 19, 4)
(19, 20, 4)
(19, 21, 4)
(19, 22, 4)
(19, 23, 4)
(19, 24, 4)
(19, 25, 4)
(19, 26, 4)
(19, 27, 4)
(19, 28, 4)
(19, 29, 4)
(19, 30, 4)
(19, 31, 4)
(19, 32, 4)
(19, 33, 4)
(19, 34, 4)
(19, 35, 4)
(19, 36, 4)
(19, 37, 4)
(19, 38, 4)
(19, 39, 4)

(20, 0, 33)
(20, 1, 33)
(20, 2, 33)
(20, 3, 32)
(20, 4, 15)
(20, 5, 11)
(20, 6, 11)
(20, 7, 11)
(20, 8, 5)
(20, 9, 5)
(20, 10, 5)
(20, 11, 5)
(20, 12, 5)
(20, 13, 5)
(20, 14, 5)
(20, 15, 5)
(20, 16, 5)
(20, 17, 5)
(20, 18, 5)
(20, 19, 5)
(20, 20, 5)
(20, 21, 5)
(20, 22, 5)
(20, 23, 5)
(20, 24, 5)
(20, 25, 5)
(20, 26, 5)
(20, 27, 5)
(20, 28, 5)
(20, 29, 5)
(20, 30, 5)
(20, 31, 5)
(20, 32, 5)
(20, 33, 5)
(20, 34, 5)
(20, 35, 5)
(20, 36, 5)
(20, 37, 5)
(20, 38, 5)
(20, 39, 5)

(21, 0, 33)
(21, 1, 33)
(21, 2, 33)
(21, 3, 32)
(21, 4, 15)
(21, 5, 11)
(21, 6, 11)
(21, 7, 11)
(21, 8, 5)
(21, 9, 5)
(21, 10, 5)
(21, 11, 5)
(21, 12, 5)
(21, 13, 5)
(21, 14, 5)
(21, 15, 5)
(21, 16, 5)
(21, 17, 5)
(21, 18, 5)
(21, 19, 5)
(21, 20, 5)
(21, 21, 5)
(21, 22, 5)
(21, 23, 5)
(21, 24, 5)
(21, 25, 5)
(21, 26, 5)
(21, 27, 5)
(21, 28, 5)
(21, 29, 5)
(21, 30, 5)
(21, 31, 5)
(21, 32, 5)
(21, 33, 5)
(21, 34, 5)
(21, 35, 5)
(21, 36, 5)
(21, 37, 5)
(21, 38, 5)
(21, 39, 5)

(22, 0, 33)
(22, 1, 33)
(22, 2, 33)
(22, 3, 32)
(22, 4, 15)
(22, 5, 11)
(22, 6, 11)
(22, 7, 11)
(22, 8, 5)
(22, 9, 5)
(22, 10, 5)
(22, 11, 5)
(22, 12, 5)
(22, 13, 5)
(22, 14, 5)
(22, 15, 5)
(22, 16, 5)
(22, 17, 5)
(22, 18, 5)
(22, 19, 5)
(22, 20, 5)
(22, 21, 5)
(22, 22, 5)
(22, 23, 5)
(22, 24, 5)
(22, 25, 5)
(22, 26, 5)
(22, 27, 5)
(22, 28, 5)
(22, 29, 5)
(22, 30, 5)
(22, 31, 5)
(22, 32, 5)
(22, 33, 5)
(22, 34, 5)
(22, 35, 5)
(22, 36, 5)
(22, 37, 5)
(22, 38, 5)
(22, 39, 5)

(23, 0, 36)
(23, 1, 34)
(23, 2, 34)
(23, 3, 33)
(23, 4, 16)
(23, 5, 12)
(23, 6, 12)
(23, 7, 12)
(23, 8, 6)
(23, 9, 6)
(23, 10, 6)
(23, 11, 6)
(23, 12, 6)
(23, 13, 6)
(23, 14, 6)
(23, 15, 6)
(23, 16, 6)
(23, 17, 6)
(23, 18, 6)
(23, 19, 6)
(23, 20, 6)
(23, 21, 6)
(23, 22, 6)
(23, 23, 6)
(23, 24, 6)
(23, 25, 6)
(23, 26, 6)
(23, 27, 6)
(23, 28, 6)
(23, 29, 6)
(23, 30, 6)
(23, 31, 4)
(23, 32, 4)
(23, 33, 4)
(23, 34, 4)
(23, 35, 4)
(23, 36, 4)
(23, 37, 4)
(23, 38, 4)
(23, 39, 4)

(24, 0, 37)
(24, 1, 35)
(24, 2, 34)
(24, 3, 33)
(24, 4, 16)
(24, 5, 12)
(24, 6, 12)
(24, 7, 12)
(24, 8, 6)
(24, 9, 6)
(24, 10, 6)
(24, 11, 6)
(24, 12, 6)
(24, 13, 6)
(24, 14, 6)
(24, 15, 6)
(24, 16, 6)
(24, 17, 6)
(24, 18, 6)
(24, 19, 6)
(24, 20, 6)
(24, 21, 6)
(24, 22, 6)
(24, 23, 6)
(24, 24, 6)
(24, 25, 6)
(24, 26, 6)
(24, 27, 6)
(24, 28, 6)
(24, 29, 6)
(24, 30, 6)
(24, 31, 4)
(24, 32, 4)
(24, 33, 4)
(24, 34, 4)
(24, 35, 4)
(24, 36, 4)
(24, 37, 4)
(24, 38, 4)
(24, 39, 4)

(25, 0, 37)
(25, 1, 35)
(25, 2, 34)
(25, 3, 33)
(25, 4, 16)
(25, 5, 12)
(25, 6, 12)
(25, 7, 12)
(25, 8, 6)
(25, 9, 6)
(25, 10, 6)
(25, 11, 6)
(25, 12, 6)
(25, 13, 6)
(25, 14, 6)
(25, 15, 6)
(25, 16, 6)
(25, 17, 6)
(25, 18, 6)
(25, 19, 6)
(25, 20, 6)
(25, 21, 6)
(25, 22, 6)
(25, 23, 6)
(25, 24, 6)
(25, 25, 6)
(25, 26, 6)
(25, 27, 6)
(25, 28, 6)
(25, 29, 6)
(25, 30, 6)
(25, 31, 4)
(25, 32, 4)
(25, 33, 4)
(25, 34, 4)
(25, 35, 4)
(25, 36, 4)
(25, 37, 4)
(25, 38, 4)
(25, 39, 4)

(26, 0, 38)
(26, 1, 36)
(26, 2, 35)
(26, 3, 34)
(26, 4, 17)
(26, 5, 13)
(26, 6, 13)
(26, 7, 13)
(26, 8, 7)
(26, 9, 7)
(26, 10, 7)
(26, 11, 7)
(26, 12, 7)
(26, 13, 7)
(26, 14, 7)
(26, 15, 7)
(26, 16, 7)
(26, 17, 7)
(26, 18, 7)
(26, 19, 7)
(26, 20, 7)
(26, 21, 7)
(26, 22, 7)
(26, 23, 7)
(26, 24, 7)
(26, 25, 7)
(26, 26, 7)
(26, 27, 7)
(26, 28, 7)
(26, 29, 7)
(26, 30, 7)
(26, 31, 4)
(26, 32, 4)
(26, 33, 4)
(26, 34, 4)
(26, 35, 4)
(26, 36, 4)
(26, 37, 4)
(26, 38, 4)
(26, 39, 4)

(27, 0, 38)
(27, 1, 36)
(27, 2, 35)
(27, 3, 34)
(27, 4, 17)
(27, 5, 13)
(27, 6, 13)
(27, 7, 13)
(27, 8, 7)
(27, 9, 7)
(27, 10, 7)
(27, 11, 7)
(27, 12, 7)
(27, 13, 7)
(27, 14, 7)
(27, 15, 7)
(27, 16, 7)
(27, 17, 7)
(27, 18, 7)
(27, 19, 7)
(27, 20, 7)
(27, 21, 7)
(27, 22, 7)
(27, 23, 7)
(27, 24, 7)
(27, 25, 7)
(27, 26, 7)
(27, 27, 7)
(27, 28, 7)
(27, 29, 7)
(27, 30, 7)
(27, 31, 4)
(27, 32, 4)
(27, 33, 4)
(27, 34, 4)
(27, 35, 4)
(27, 36, 4)
(27, 37, 4)
(27, 38, 4)
(27, 39, 4)

(28, 0, 38)
(28, 1, 36)
(28, 2, 35)
(28, 3, 34)
(28, 4, 17)
(28, 5, 13)
(28, 6, 13)
(28, 7, 13)
(28, 8, 7)
(28, 9, 7)
(28, 10, 7)
(28, 11, 7)
(28, 12, 7)
(28, 13, 7)
(28, 14, 7)
(28, 15, 7)
(28, 16, 7)
(28, 17, 7)
(28, 18, 7)
(28, 19, 7)
(28, 20, 7)
(28, 21, 7)
(28, 22, 7)
(28, 23, 7)
(28, 24, 7)
(28, 25, 7)
(28, 26, 7)
(28, 27, 7)
(28, 28, 7)
(28, 29, 7)
(28, 30, 7)
(28, 31, 4)
(28, 32, 4)
(28, 33, 4)
(28, 34, 4)
(28, 35, 4)
(28, 36, 4)
(28, 37, 4)
(28, 38, 4)
(28, 39, 4)

(29, 0, 38)
(29, 1, 36)
(29, 2, 35)
(29, 3, 34)
(29, 4, 17)
(29, 5, 13)
(29, 6, 13)
(29, 7, 13)
(29, 8, 7)
(29, 9, 7)
(29, 10, 7)
(29, 11, 7)
(29, 12, 7)
(29, 13, 7)
(29, 14, 7)
(29, 15, 7)
(29, 16, 7)
(29, 17, 7)
(29, 18, 7)
(29, 19, 7)
(29, 20, 7)
(29, 21, 7)
(29, 22, 7)
(29, 23, 7)
(29, 24, 7)
(29, 25, 7)
(29, 26, 7)
(29, 27, 7)
(29, 28, 7)
(29, 29, 7)
(29, 30, 7)
(29, 31, 4)
(29, 32, 4)
(29, 33, 4)
(29, 34, 4)
(29, 35, 4)
(29, 36, 4)
(29, 37, 4)
(29, 38, 4)
(29, 39, 4)

(30, 0, 39)
(30, 1, 37)
(30, 2, 36)
(30, 3, 35)
(30, 4, 18)
(30, 5, 14)
(30, 6, 14)
(30, 7, 14)
(30, 8, 8)
(30, 9, 8)
(30, 10, 8)
(30, 11, 8)
(30, 12, 8)
(30, 13, 8)
(30, 14, 8)
(30, 15, 8)
(30, 16, 8)
(30, 17, 8)
(30, 18, 8)
(30, 19, 8)
(30, 20, 8)
(30, 21, 8)
(30, 22, 8)
(30, 23, 8)
(30, 24, 8)
(30, 25, 8)
(30, 26, 8)
(30, 27, 8)
(30, 28, 8)
(30, 29, 8)
(30, 30, 8)
(30, 31, 4)
(30, 32, 4)
(30, 33, 4)
(30, 34, 4)
(30, 35, 4)
(30, 36, 4)
(30, 37, 4)
(30, 38, 4)
(30, 39, 4)

(31, 0, 39)
(31, 1, 37)
(31, 2, 36)
(31, 3, 35)
(31, 4, 18)
(31, 5, 14)
(31, 6, 14)
(31, 7, 14)
(31, 8, 8)
(31, 9, 8)
(31, 10, 8)
(31, 11, 8)
(31, 12, 8)
(31, 13, 8)
(31, 14, 8)
(31, 15, 8)
(31, 16, 8)
(31, 17, 8)
(31, 18, 8)
(31, 19, 8)
(31, 20, 8)
(31, 21, 8)
(31, 22, 8)
(31, 23, 8)
(31, 24, 8)
(31, 25, 8)
(31, 26, 8)
(31, 27, 8)
(31, 28, 8)
(31, 29, 8)
(31, 30, 8)
(31, 31, 4)
(31, 32, 4)
(31, 33, 4)
(31, 34, 4)
(31, 35, 4)
(31, 36, 4)
(31, 37, 4)
(31, 38, 4)
(31, 39, 4)

(32, 0, 39)
(32, 1, 37)
(32, 2, 36)
(32, 3, 35)
(32, 4, 18)
(32, 5, 14)
(32, 6, 14)
(32, 7, 14)
(32, 8, 8)
(32, 9, 8)
(32, 10, 8)
(32, 11, 8)
(32, 12, 8)
(32, 13, 8)
(32, 14, 8)
(32, 15, 8)
(32, 16, 8)
(32, 17, 8)
(32, 18, 8)
(32, 19, 8)
(32, 20, 8)
(32, 21, 8)
(32, 22, 8)
(32, 23, 8)
(32, 24, 8)
(32, 25, 8)
(32, 26, 8)
(32, 27, 8)
(32, 28, 8)
(32, 29, 8)
(32, 30, 8)
(32, 31, 4)
(32, 32, 4)
(32, 33, 4)
(32, 34, 4)
(32, 35, 4)
(32, 36, 4)
(32, 37, 4)
(32, 38, 4)
(32, 39, 4)

(33, 0, 43)
(33, 1, 41)
(33, 2, 40)
(33, 3, 38)
(33, 4, 20)
(33, 5, 16)
(33, 6, 16)
(33, 7, 16)
(33, 8, 10)
(33, 9, 10)
(33, 10, 10)
(33, 11, 10)
(33, 12, 10)
(33, 13, 10)
(33, 14, 10)
(33, 15, 10)
(33, 16, 10)
(33, 17, 10)
(33, 18, 10)
(33, 19, 10)
(33, 20, 10)
(33, 21, 10)
(33, 22, 10)
(33, 23, 10)
(33, 24, 10)
(33, 25, 10)
(33, 26, 10)
(33, 27, 10)
(33, 28, 10)
(33, 29, 10)
(33, 30, 10)
(33, 31, 6)
(33, 32, 6)
(33, 33, 6)
(33, 34, 6)
(33, 35, 6)
(33, 36, 6)
(33, 37, 6)
(33, 38, 5)
(33, 39, 5)

(34, 0, 47)
(34, 1, 44)
(34, 2, 43)
(34, 3, 41)
(34, 4, 21)
(34, 5, 17)
(34, 6, 17)
(34, 7, 17)
(34, 8, 11)
(34, 9, 11)
(34, 10, 11)
(34, 11, 11)
(34, 12, 11)
(34, 13, 11)
(34, 14, 11)
(34, 15, 11)
(34, 16, 11)
(34, 17, 11)
(34, 18, 11)
(34, 19, 11)
(34, 20, 11)
(34, 21, 11)
(34, 22, 11)
(34, 23, 11)
(34, 24, 11)
(34, 25, 11)
(34, 26, 11)
(34, 27, 11)
(34, 28, 10)
(34, 29, 10)
(34, 30, 10)
(34, 31, 6)
(34, 32, 6)
(34, 33, 6)
(34, 34, 6)
(34, 35, 6)
(34, 36, 6)
(34, 37, 5)
(34, 38, 5)
(34, 39, 5)

(35, 0, 51)
(35, 1, 47)
(35, 2, 45)
(35, 3, 43)
(35, 4, 22)
(35, 5, 18)
(35, 6, 17)
(35, 7, 17)
(35, 8, 11)
(35, 9, 11)
(35, 10, 11)
(35, 11, 11)
(35, 12, 11)
(35, 13, 11)
(35, 14, 11)
(35, 15, 11)
(35, 16, 11)
(35, 17, 11)
(35, 18, 11)
(35, 19, 11)
(35, 20, 11)
(35, 21, 11)
(35, 22, 11)
(35, 23, 11)
(35, 24, 11)
(35, 25, 11)
(35, 26, 11)
(35, 27, 11)
(35, 28, 10)
(35, 29, 10)
(35, 30, 10)
(35, 31, 5)
(35, 32, 5)
(35, 33, 5)
(35, 34, 5)
(35, 35, 5)
(35, 36, 5)
(35, 37, 5)
(35, 38, 5)
(35, 39, 5)

(36, 0, 51)
(36, 1, 47)
(36, 2, 45)
(36, 3, 43)
(36, 4, 22)
(36, 5, 18)
(36, 6, 17)
(36, 7, 17)
(36, 8, 11)
(36, 9, 11)
(36, 10, 11)
(36, 11, 11)
(36, 12, 11)
(36, 13, 11)
(36, 14, 11)
(36, 15, 11)
(36, 16, 11)
(36, 17, 11)
(36, 18, 11)
(36, 19, 11)
(36, 20, 11)
(36, 21, 11)
(36, 22, 11)
(36, 23, 11)
(36, 24, 11)
(36, 25, 11)
(36, 26, 11)
(36, 27, 11)
(36, 28, 10)
(36, 29, 10)
(36, 30, 10)
(36, 31, 5)
(36, 32, 5)
(36, 33, 5)
(36, 34, 5)
(36, 35, 5)
(36, 36, 5)
(36, 37, 5)
(36, 38, 5)
(36, 39, 5)

(37, 0, 51)
(37, 1, 47)
(37, 2, 45)
(37, 3, 43)
(37, 4, 22)
(37, 5, 18)
(37, 6, 17)
(37, 7, 17)
(37, 8, 11)
(37, 9, 11)
(37, 10, 11)
(37, 11, 11)
(37, 12, 11)
(37, 13, 11)
(37, 14, 11)
(37, 15, 11)
(37, 16, 11)
(37, 17, 11)
(37, 18, 11)
(37, 19, 11)
(37, 20, 11)
(37, 21, 11)
(37, 22, 11)
(37, 23, 11)
(37, 24, 11)
(37, 25, 11)
(37, 26, 11)
(37, 27, 11)
(37, 28, 10)
(37, 29, 10)
(37, 30, 10)
(37, 31, 5)
(37, 32, 5)
(37, 33, 5)
(37, 34, 5)
(37, 35, 5)
(37, 36, 5)
(37, 37, 5)
(37, 38, 5)
(37, 39, 5)

(38, 0, 51)
(38, 1, 47)
(38, 2, 45)
(38, 3, 43)
(38, 4, 22)
(38, 5, 18)
(38, 6, 17)
(38, 7, 17)
(38, 8, 11)
(38, 9, 11)
(38, 10, 11)
(38, 11, 11)
(38, 12, 11)
(38, 13, 11)
(38, 14, 11)
(38, 15, 11)
(38, 16, 11)
(38, 17, 11)
(38, 18, 11)
(38, 19, 11)
(38, 20, 11)
(38, 21, 11)
(38, 22, 11)
(38, 23, 11)
(38, 24, 11)
(38, 25, 11)
(38, 26, 11)
(38, 27, 11)
(38, 28, 10)
(38, 29, 10)
(38, 30, 10)
(38, 31, 5)
(38, 32, 5)
(38, 33, 5)
(38, 34, 5)
(38, 35, 5)
(38, 36, 5)
(38, 37, 5)
(38, 38, 5)
(38, 39, 5)

(39, 0, 56)
(39, 1, 52)
(39, 2, 50)
(39, 3, 48)
(39, 4, 24)
(39, 5, 20)
(39, 6, 18)
(39, 7, 18)
(39, 8, 12)
(39, 9, 12)
(39, 10, 12)
(39, 11, 12)
(39, 12, 12)
(39, 13, 12)
(39, 14, 12)
(39, 15, 12)
(39, 16, 12)
(39, 17, 12)
(39, 18, 12)
(39, 19, 12)
(39, 20, 12)
(39, 21, 12)
(39, 22, 12)
(39, 23, 12)
(39, 24, 12)
(39, 25, 12)
(39, 26, 12)
(39, 27, 12)
(39, 28, 11)
(39, 29, 11)
(39, 30, 11)
(39, 31, 5)
(39, 32, 5)
(39, 33, 5)
(39, 34, 5)
(39, 35, 5)
(39, 36, 5)
(39, 37, 5)
(39, 38, 5)
(39, 39, 5)


Betti numbers:
xi_0:
(0, 0, 3)
(1, 0, 1)
(3, 0, 1)
(4, 0, 4)
(5, 0, 4)
(6, 0, 2)
(8, 0, 2)
(9, 0, 5)
(10, 0, 3)
(13, 0, 4)
(17, 0, 1)
(20, 0, 3)
(23, 0, 3)
(24, 0, 1)
(26, 0, 1)
(30, 0, 1)
(33, 0, 4)
(34, 0, 4)
(35, 0, 4)
(39, 0, 5)
xi_1:
(0, 4, 2)
(1, 4, 1)
(3, 8, 1)
(4, 4, 2)
(4, 5, 1)
(5, 4, 3)
(6, 4, 2)
(8, 6, 1)
(8, 8, 1)
(9, 4, 3)
(9, 5, 1)
(9, 8, 1)
(10, 4, 2)
(10, 5, 1)
(13, 4, 1)
(13, 5, 1)
(13, 8, 2)
(17, 8, 1)
(20, 3, 1)
(20, 4, 1)
(23, 1, 2)
(23, 31, 2)
(24, 2, 1)
(26, 31, 1)
(30, 31, 1)
(33, 3, 1)
(33, 4, 1)
(33, 38, 1)
(34, 1, 1)
(34, 4, 2)
(34, 28, 1)
(34, 37, 1)
(35, 1, 1)
(35, 2, 1)
(35, 4, 1)
(35, 6, 1)
(35, 31, 1)
(39, 4, 3)
(39, 6, 1)
(39, 31, 1)
xi_2:
(9, 6, 1)
(34, 38, 1)
(35, 37, 1)
