x-grades
-466658843450637137/200000000000000000
-229914196813018107/100000000000000000
-452997943801435291/200000000000000000
-6971367093388037/3125000000000000
-87867408830446689/40000000000000000
-216253297163816261/100000000000000000
-425676144503031599/200000000000000000
-104711423669607669/50000000000000000
-412015244853829753/200000000000000000
-40518479502922883/20000000000000000
-398354345204627907/200000000000000000
-48940486922503373/25000000000000000
-384693445555426061/200000000000000000
-188931497865412569/100000000000000000
-74206509181244843/40000000000000000
-91050524020405823/50000000000000000
-357371646257022369/200000000000000000
-175270598216210723/100000000000000000
-343710746607820523/200000000000000000
-842200741958049/500000000000000
-330049846958618677/200000000000000000
-161609698567008877/100000000000000000
-316388947309416831/200000000000000000
-77389624371203977/50000000000000000
-60545609532042997/40000000000000000
-147948798917807031/100000000000000000
-289067148011013139/200000000000000000
-35279587273301527/25000000000000000
-275406248361811293/200000000000000000
-26857579853721037/20000000000000000
-261745348712609447/200000000000000000
-63728724722002131/50000000000000000
-248084449063407601/200000000000000000
-120626999619403339/100000000000000000
-46884709882841151/40000000000000000
-7112284362175151/6250000000000000
-220762649765003909/200000000000000000
-106966099970201493/100000000000000000
-207101750115802063/200000000000000000
-10013565014560057/10000000000000000

y-grades
1/4
1/2
3/4
1
5/4
3/2
7/4
2
9/4
5/2
11/4
3
13/4
7/2
15/4
4
17/4
9/2
19/4
5
21/4
11/2
23/4
6
25/4
13/2
27/4
7
29/4
15/2
31/4
8
33/4
17/2
35/4
9
37/4
19/2
39/4
10

Dimensions > 0:
(0, 0, 16)
(0, 1, 16)
(0, 2, 9)
(0, 3, 6)
(0, 4, 4)
(0, 5, 4)
(0, 6, 4)
(0, 7, 3)
(0, 8, 3)
(0, 9, 3)
(0, 10, 3)
(0, 11, 3)
(0, 12, 2)
(0, 13, 2)
(0, 14, 2)
(0, 15, 1)
(0, 16, 1)
(0, 17, 1)
(0, 18, 1)
(0, 19, 1)
(0, 20, 1)
(0, 21, 1)
(0, 22, 1)
(0, 23, 1)
(0, 24, 1)
(0, 25, 1)
(0, 26, 1)
(0, 27, 1)
(0, 28, 1)
(0, 29, 1)
(0, 30, 1)
(0, 31, 1)
(0, 32, 1)
(0, 33, 1)
(0, 34, 1)
(0, 35, 1)
(0, 36, 1)
(0, 37, 1)
(0, 38, 1)
(0, 39, 1)

(1, 0, 20)
(1, 1, 19)
(1, 2, 11)
(1, 3, 6)
(1, 4, 4)
(1, 5, 4)
(1, 6, 4)
(1, 7, 3)
(1, 8, 3)
(1, 9, 3)
(1, 10, 3)
(1, 11, 3)
(1, 12, 2)
(1, 13, 2)
(1, 14, 2)
(1, 15, 1)
(1, 16, 1)
(1, 17, 1)
(1, 18, 1)
(1, 19, 1)
(1, 20, 1)
(1, 21, 1)
(1, 22, 1)
(1, 23, 1)
(1, 24, 1)
(1, 25, 1)
(1, 26, 1)
(1, 27, 1)
(1, 28, 1)
(1, 29, 1)
(1, 30, 1)
(1, 31, 1)
(1, 32, 1)
(1, 33, 1)
(1, 34, 1)
(1, 35, 1)
(1, 36, 1)
(1, 37, 1)
(1, 38, 1)
(1, 39, 1)

(2, 0, 26)
(2, 1, 24)
(2, 2, 16)
(2, 3, 10)
(2, 4, 6)
(2, 5, 6)
(2, 6, 6)
(2, 7, 5)
(2, 8, 5)
(2, 9, 4)
(2, 10, 4)
(2, 11, 4)
(2, 12, 3)
(2, 13, 3)
(2, 14, 3)
(2, 15, 2)
(2, 16, 2)
(2, 17, 2)
(2, 18, 2)
(2, 19, 2)
(2, 20, 2)
(2, 21, 2)
(2, 22, 2)
(2, 23, 1)
(2, 24, 1)
(2, 25, 1)
(2, 26, 1)
(2, 27, 1)
(2, 28, 1)
(2, 29, 1)
(2, 30, 1)
(2, 31, 1)
(2, 32, 1)
(2, 33, 1)
(2, 34, 1)
(2, 35, 1)
(2, 36, 1)
(2, 37, 1)
(2, 38, 1)
(2, 39, 1)

(3, 0, 41)
(3, 1, 30)
(3, 2, 21)
(3, 3, 12)
(3, 4, 7)
(3, 5, 6)
(3, 6, 6)
(3, 7, 5)
(3, 8, 5)
(3, 9, 4)
(3, 10, 4)
(3, 11, 4)
(3, 12, 3)
(3, 13, 3)
(3, 14, 3)
(3, 15, 2)
(3, 16, 2)
(3, 17, 2)
(3, 18, 2)
(3, 19, 2)
(3, 20, 2)
(3, 21, 1)
(3, 22, 1)
(3, 23, 1)
(3, 24, 1)
(3, 25, 1)
(3, 26, 1)
(3, 27, 1)
(3, 28, 1)
(3, 29, 1)
(3, 30, 1)
(3, 31, 1)
(3, 32, 1)
(3, 33, 1)
(3, 34, 1)
(3, 35, 1)
(3, 36, 1)
(3, 37, 1)
(3, 38, 1)
(3, 39, 1)

(4, 0, 58)
(4, 1, 38)
(4, 2, 26)
(4, 3, 15)
(4, 4, 8)
(4, 5, 7)
(4, 6, 7)
(4, 7, 5)
(4, 8, 5)
(4, 9, 4)
(4, 10, 4)
(4, 11, 4)
(4, 12, 3)
(4, 13, 3)
(4, 14, 3)
(4, 15, 2)
(4, 16, 2)
(4, 17, 2)
(4, 18, 2)
(4, 19, 2)
(4, 20, 2)
(4, 21, 1)
(4, 22, 1)
(4, 23, 1)
(4, 24, 1)
(4, 25, 1)
(4, 26, 1)
(4, 27, 1)
(4, 28, 1)
(4, 29, 1)
(4, 30, 1)
(4, 31, 1)
(4, 32, 1)
(4, 33, 1)
(4, 34, 1)
(4, 35, 1)
(4, 36, 1)
(4, 37, 1)
(4, 38, 1)
(4, 39, 1)

(5, 0, 65)
(5, 1, 42)
(5, 2, 27)
(5, 3, 16)
(5, 4, 7)
(5, 5, 6)
(5, 6, 6)
(5, 7, 5)
(5, 8, 5)
(5, 9, 4)
(5, 10, 4)
(5, 11, 4)
(5, 12, 3)
(5, 13, 3)
(5, 14, 3)
(5, 15, 2)
(5, 16, 2)
(5, 17, 2)
(5, 18, 2)
(5, 19, 2)
(5, 20, 2)
(5, 21, 1)
(5, 22, 1)
(5, 23, 1)
(5, 24, 1)
(5, 25, 1)
(5, 26, 1)
(5, 27, 1)
(5, 28, 1)
(5, 29, 1)
(5, 30, 1)
(5, 31, 1)
(5, 32, 1)
(5, 33, 1)
(5, 34, 1)
(5, 35, 1)
(5, 36, 1)
(5, 37, 1)
(5, 38, 1)
(5, 39, 1)

(6, 0, 65)
(6, 1, 42)
(6, 2, 27)
(6, 3, 16)
(6, 4, 7)
(6, 5, 6)
(6, 6, 6)
(6, 7, 5)
(6, 8, 5)
(6, 9, 4)
(6, 10, 4)
(6, 11, 4)
(6, 12, 3)
(6, 13, 3)
(6, 14, 3)
(6, 15, 2)
(6, 16, 2)
(6, 17, 2)
(6, 18, 2)
(6, 19, 2)
(6, 20, 2)
(6, 21, 1)
(6, 22, 1)
(6, 23, 1)
(6, 24, 1)
(6, 25, 1)
(6, 26, 1)
(6, 27, 1)
(6, 28, 1)
(6, 29, 1)
(6, 30, 1)
(6, 31, 1)
(6, 32, 1)
(6, 33, 1)
(6, 34, 1)
(6, 35, 1)
(6, 36, 1)
(6, 37, 1)
(6, 38, 1)
(6, 39, 1)

(7, 0, 65)
(7, 1, 42)
(7, 2, 27)
(7, 3, 16)
(7, 4, 7)
(7, 5, 6)
(7, 6, 6)
(7, 7, 5)
(7, 8, 5)
(7, 9, 4)
(7, 10, 4)
(7, 11, 4)
(7, 12, 3)
(7, 13, 3)
(7, 14, 3)
(7, 15, 2)
(7, 16, 2)
(7, 17, 2)
(7, 18, 2)
(7, 19, 2)
(7, 20, 2)
(7, 21, 1)
(7, 22, 1)
(7, 23, 1)
(7, 24, 1)
(7, 25, 1)
(7, 26, 1)
(7, 27, 1)
(7, 28, 1)
(7, 29, 1)
(7, 30, 1)
(7, 31, 1)
(7, 32, 1)
(7, 33, 1)
(7, 34, 1)
(7, 35, 1)
(7, 36, 1)
(7, 37, 1)
(7, 38, 1)
(7, 39, 1)

(8, 0, 65)
(8, 1, 42)
(8, 2, 27)
(8, 3, 16)
(8, 4, 7)
(8, 5, 6)
(8, 6, 6)
(8, 7, 5)
(8, 8, 5)
(8, 9, 4)
(8, 10, 4)
(8, 11, 4)
(8, 12, 3)
(8, 13, 3)
(8, 14, 3)
(8, 15, 2)
(8, 16, 2)
(8, 17, 2)
(8, 18, 2)
(8, 19, 2)
(8, 20, 2)
(8, 21, 1)
(8, 22, 1)
(8, 23, 1)
(8, 24, 1)
(8, 25, 1)
(8, 26, 1)
(8, 27, 1)
(8, 28, 1)
(8, 29, 1)
(8, 30, 1)
(8, 31, 1)
(8, 32, 1)
(8, 33, 1)
(8, 34, 1)
(8, 35, 1)
(8, 36, 1)
(8, 37, 1)
(8, 38, 1)
(8, 39, 1)

(9, 0, 65)
(9, 1, 42)
(9, 2, 27)
(9, 3, 16)
(9, 4, 7)
(9, 5, 6)
(9, 6, 6)
(9, 7, 5)
(9, 8, 5)
(9, 9, 4)
(9, 10, 4)
(9, 11, 4)
(9, 12, 3)
(9, 13, 3)
(9, 14, 3)
(9, 15, 2)
(9, 16, 2)
(9, 17, 2)
(9, 18, 2)
(9, 19, 2)
(9, 20, 2)
(9, 21, 1)
(9, 22, 1)
(9, 23, 1)
(9, 24, 1)
(9, 25, 1)
(9, 26, 1)
(9, 27, 1)
(9, 28, 1)
(9, 29, 1)
(9, 30, 1)
(9, 31, 1)
(9, 32, 1)
(9, 33, 1)
(9, 34, 1)
(9, 35, 1)
(9, 36, 1)
(9, 37, 1)
(9, 38, 1)
(9, 39, 1)

(10, 0, 72)
(10, 1, 47)
(10, 2, 32)
(10, 3, 20)
(10, 4, 11)
(10, 5, 8)
(10, 6, 8)
(10, 7, 6)
(10, 8, 6)
(10, 9, 5)
(10, 10, 5)
(10, 11, 5)
(10, 12, 4)
(10, 13, 4)
(10, 14, 4)
(10, 15, 3)
(10, 16, 3)
(10, 17, 3)
(10, 18, 3)
(10, 19, 3)
(10, 20, 3)
(10, 21, 2)
(10, 22, 2)
(10, 23, 2)
(10, 24, 2)
(10, 25, 2)
(10, 26, 2)
(10, 27, 2)
(10, 28, 2)
(10, 29, 2)
(10, 30, 2)
(10, 31, 2)
(10, 32, 2)
(10, 33, 2)
(10, 34, 2)
(10, 35, 2)
(10, 36, 2)
(10, 37, 2)
(10, 38, 2)
(10, 39, 2)

(11, 0, 79)
(11, 1, 53)
(11, 2, 37)
(11, 3, 22)
(11, 4, 13)
(11, 5, 10)
(11, 6, 10)
(11, 7, 8)
(11, 8, 8)
(11, 9, 7)
(11, 10, 7)
(11, 11, 7)
(11, 12, 6)
(11, 13, 6)
(11, 14, 6)
(11, 15, 5)
(11, 16, 5)
(11, 17, 5)
(11, 18, 5)
(11, 19, 5)
(11, 20, 4)
(11, 21, 3)
(11, 22, 3)
(11, 23, 3)
(11, 24, 3)
(11, 25, 3)
(11, 26, 3)
(11, 27, 3)
(11, 28, 3)
(11, 29, 3)
(11, 30, 3)
(11, 31, 3)
(11, 32, 3)
(11, 33, 3)
(11, 34, 3)
(11, 35, 3)
(11, 36, 3)
(11, 37, 3)
(11, 38, 3)
(11, 39, 3)

(12, 0, 97)
(12, 1, 68)
(12, 2, 52)
(12, 3, 33)
(12, 4, 22)
(12, 5, 19)
(12, 6, 19)
(12, 7, 14)
(12, 8, 14)
(12, 9, 13)
(12, 10, 13)
(12, 11, 11)
(12, 12, 8)
(12, 13, 7)
(12, 14, 7)
(12, 15, 6)
(12, 16, 6)
(12, 17, 6)
(12, 18, 6)
(12, 19, 5)
(12, 20, 5)
(12, 21, 4)
(12, 22, 4)
(12, 23, 4)
(12, 24, 4)
(12, 25, 4)
(12, 26, 4)
(12, 27, 4)
(12, 28, 4)
(12, 29, 4)
(12, 30, 4)
(12, 31, 4)
(12, 32, 4)
(12, 33, 4)
(12, 34, 4)
(12, 35, 4)
(12, 36, 4)
(12, 37, 4)
(12, 38, 4)
(12, 39, 4)

(13, 0, 110)
(13, 1, 78)
(13, 2, 62)
(13, 3, 34)
(13, 4, 24)
(13, 5, 20)
(13, 6, 20)
(13, 7, 15)
(13, 8, 15)
(13, 9, 14)
(13, 10, 14)
(13, 11, 12)
(13, 12, 9)
(13, 13, 8)
(13, 14, 8)
(13, 15, 7)
(13, 16, 7)
(13, 17, 7)
(13, 18, 7)
(13, 19, 6)
(13, 20, 6)
(13, 21, 5)
(13, 22, 4)
(13, 23, 4)
(13, 24, 4)
(13, 25, 4)
(13, 26, 4)
(13, 27, 4)
(13, 28, 4)
(13, 29, 4)
(13, 30, 4)
(13, 31, 4)
(13, 32, 4)
(13, 33, 4)
(13, 34, 4)
(13, 35, 4)
(13, 36, 4)
(13, 37, 3)
(13, 38, 3)
(13, 39, 3)

(14, 0, 130)
(14, 1, 91)
(14, 2, 72)
(14, 3, 40)
(14, 4, 29)
(14, 5, 24)
(14, 6, 24)
(14, 7, 19)
(14, 8, 17)
(14, 9, 16)
(14, 10, 16)
(14, 11, 14)
(14, 12, 11)
(14, 13, 10)
(14, 14, 10)
(14, 15, 9)
(14, 16, 9)
(14, 17, 9)
(14, 18, 9)
(14, 19, 8)
(14, 20, 8)
(14, 21, 6)
(14, 22, 6)
(14, 23, 6)
(14, 24, 6)
(14, 25, 6)
(14, 26, 6)
(14, 27, 6)
(14, 28, 6)
(14, 29, 6)
(14, 30, 6)
(14, 31, 6)
(14, 32, 6)
(14, 33, 6)
(14, 34, 6)
(14, 35, 6)
(14, 36, 6)
(14, 37, 5)
(14, 38, 5)
(14, 39, 5)

(15, 0, 170)
(15, 1, 120)
(15, 2, 93)
(15, 3, 52)
(15, 4, 38)
(15, 5, 32)
(15, 6, 30)
(15, 7, 24)
(15, 8, 22)
(15, 9, 20)
(15, 10, 20)
(15, 11, 18)
(15, 12, 15)
(15, 13, 14)
(15, 14, 14)
(15, 15, 12)
(15, 16, 11)
(15, 17, 10)
(15, 18, 10)
(15, 19, 9)
(15, 20, 9)
(15, 21, 7)
(15, 22, 7)
(15, 23, 7)
(15, 24, 7)
(15, 25, 7)
(15, 26, 7)
(15, 27, 7)
(15, 28, 7)
(15, 29, 6)
(15, 30, 6)
(15, 31, 6)
(15, 32, 6)
(15, 33, 5)
(15, 34, 5)
(15, 35, 5)
(15, 36, 5)
(15, 37, 4)
(15, 38, 4)
(15, 39, 4)

(16, 0, 225)
(16, 1, 167)
(16, 2, 126)
(16, 3, 67)
(16, 4, 43)
(16, 5, 35)
(16, 6, 34)
(16, 7, 28)
(16, 8, 26)
(16, 9, 25)
(16, 10, 25)
(16, 11, 22)
(16, 12, 18)
(16, 13, 16)
(16, 14, 16)
(16, 15, 14)
(16, 16, 12)
(16, 17, 12)
(16, 18, 12)
(16, 19, 11)
(16, 20, 10)
(16, 21, 8)
(16, 22, 7)
(16, 23, 6)
(16, 24, 6)
(16, 25, 6)
(16, 26, 6)
(16, 27, 6)
(16, 28, 6)
(16, 29, 6)
(16, 30, 6)
(16, 31, 6)
(16, 32, 5)
(16, 33, 5)
(16, 34, 5)
(16, 35, 5)
(16, 36, 5)
(16, 37, 4)
(16, 38, 4)
(16, 39, 4)

(17, 0, 286)
(17, 1, 210)
(17, 2, 162)
(17, 3, 86)
(17, 4, 53)
(17, 5, 43)
(17, 6, 39)
(17, 7, 33)
(17, 8, 31)
(17, 9, 29)
(17, 10, 29)
(17, 11, 25)
(17, 12, 20)
(17, 13, 18)
(17, 14, 18)
(17, 15, 16)
(17, 16, 15)
(17, 17, 14)
(17, 18, 14)
(17, 19, 13)
(17, 20, 12)
(17, 21, 9)
(17, 22, 9)
(17, 23, 8)
(17, 24, 8)
(17, 25, 8)
(17, 26, 8)
(17, 27, 8)
(17, 28, 8)
(17, 29, 8)
(17, 30, 8)
(17, 31, 8)
(17, 32, 7)
(17, 33, 7)
(17, 34, 7)
(17, 35, 7)
(17, 36, 7)
(17, 37, 6)
(17, 38, 6)
(17, 39, 5)

(18, 0, 368)
(18, 1, 266)
(18, 2, 199)
(18, 3, 100)
(18, 4, 59)
(18, 5, 48)
(18, 6, 41)
(18, 7, 34)
(18, 8, 31)
(18, 9, 30)
(18, 10, 30)
(18, 11, 26)
(18, 12, 21)
(18, 13, 19)
(18, 14, 19)
(18, 15, 17)
(18, 16, 16)
(18, 17, 14)
(18, 18, 14)
(18, 19, 13)
(18, 20, 12)
(18, 21, 8)
(18, 22, 8)
(18, 23, 8)
(18, 24, 8)
(18, 25, 8)
(18, 26, 8)
(18, 27, 8)
(18, 28, 8)
(18, 29, 8)
(18, 30, 8)
(18, 31, 8)
(18, 32, 7)
(18, 33, 7)
(18, 34, 7)
(18, 35, 7)
(18, 36, 7)
(18, 37, 6)
(18, 38, 6)
(18, 39, 6)

(19, 0, 403)
(19, 1, 281)
(19, 2, 209)
(19, 3, 106)
(19, 4, 63)
(19, 5, 51)
(19, 6, 44)
(19, 7, 36)
(19, 8, 32)
(19, 9, 31)
(19, 10, 31)
(19, 11, 26)
(19, 12, 21)
(19, 13, 19)
(19, 14, 19)
(19, 15, 17)
(19, 16, 16)
(19, 17, 14)
(19, 18, 14)
(19, 19, 13)
(19, 20, 12)
(19, 21, 8)
(19, 22, 8)
(19, 23, 8)
(19, 24, 8)
(19, 25, 8)
(19, 26, 8)
(19, 27, 8)
(19, 28, 8)
(19, 29, 8)
(19, 30, 8)
(19, 31, 8)
(19, 32, 7)
(19, 33, 7)
(19, 34, 7)
(19, 35, 7)
(19, 36, 7)
(19, 37, 6)
(19, 38, 6)
(19, 39, 6)

(20, 0, 418)
(20, 1, 289)
(20, 2, 215)
(20, 3, 107)
(20, 4, 64)
(20, 5, 52)
(20, 6, 45)
(20, 7, 37)
(20, 8, 33)
(20, 9, 31)
(20, 10, 31)
(20, 11, 26)
(20, 12, 21)
(20, 13, 19)
(20, 14, 19)
(20, 15, 17)
(20, 16, 16)
(20, 17, 14)
(20, 18, 14)
(20, 19, 13)
(20, 20, 12)
(20, 21, 8)
(20, 22, 8)
(20, 23, 8)
(20, 24, 8)
(20, 25, 8)
(20, 26, 8)
(20, 27, 8)
(20, 28, 8)
(20, 29, 8)
(20, 30, 8)
(20, 31, 8)
(20, 32, 7)
(20, 33, 7)
(20, 34, 7)
(20, 35, 7)
(20, 36, 7)
(20, 37, 6)
(20, 38, 6)
(20, 39, 6)

(21, 0, 425)
(21, 1, 295)
(21, 2, 221)
(21, 3, 113)
(21, 4, 70)
(21, 5, 56)
(21, 6, 47)
(21, 7, 38)
(21, 8, 34)
(21, 9, 32)
(21, 10, 32)
(21, 11, 27)
(21, 12, 22)
(21, 13, 20)
(21, 14, 20)
(21, 15, 18)
(21, 16, 16)
(21, 17, 14)
(21, 18, 14)
(21, 19, 13)
(21, 20, 12)
(21, 21, 8)
(21, 22, 8)
(21, 23, 8)
(21, 24, 8)
(21, 25, 8)
(21, 26, 8)
(21, 27, 8)
(21, 28, 8)
(21, 29, 8)
(21, 30, 8)
(21, 31, 8)
(21, 32, 7)
(21, 33, 7)
(21, 34, 7)
(21, 35, 7)
(21, 36, 7)
(21, 37, 6)
(21, 38, 6)
(21, 39, 6)

(22, 0, 431)
(22, 1, 300)
(22, 2, 226)
(22, 3, 117)
(22, 4, 73)
(22, 5, 58)
(22, 6, 49)
(22, 7, 40)
(22, 8, 36)
(22, 9, 34)
(22, 10, 34)
(22, 11, 29)
(22, 12, 24)
(22, 13, 22)
(22, 14, 22)
(22, 15, 20)
(22, 16, 18)
(22, 17, 16)
(22, 18, 15)
(22, 19, 14)
(22, 20, 13)
(22, 21, 9)
(22, 22, 9)
(22, 23, 8)
(22, 24, 8)
(22, 25, 8)
(22, 26, 8)
(22, 27, 8)
(22, 28, 8)
(22, 29, 8)
(22, 30, 7)
(22, 31, 7)
(22, 32, 6)
(22, 33, 6)
(22, 34, 6)
(22, 35, 6)
(22, 36, 6)
(22, 37, 5)
(22, 38, 5)
(22, 39, 5)

(23, 0, 458)
(23, 1, 320)
(23, 2, 243)
(23, 3, 130)
(23, 4, 85)
(23, 5, 67)
(23, 6, 57)
(23, 7, 44)
(23, 8, 39)
(23, 9, 36)
(23, 10, 36)
(23, 11, 31)
(23, 12, 26)
(23, 13, 23)
(23, 14, 22)
(23, 15, 20)
(23, 16, 18)
(23, 17, 16)
(23, 18, 16)
(23, 19, 14)
(23, 20, 13)
(23, 21, 8)
(23, 22, 7)
(23, 23, 7)
(23, 24, 7)
(23, 25, 7)
(23, 26, 7)
(23, 27, 7)
(23, 28, 7)
(23, 29, 7)
(23, 30, 7)
(23, 31, 7)
(23, 32, 6)
(23, 33, 6)
(23, 34, 6)
(23, 35, 6)
(23, 36, 6)
(23, 37, 5)
(23, 38, 5)
(23, 39, 5)

(24, 0, 482)
(24, 1, 339)
(24, 2, 258)
(24, 3, 141)
(24, 4, 91)
(24, 5, 70)
(24, 6, 58)
(24, 7, 45)
(24, 8, 40)
(24, 9, 37)
(24, 10, 37)
(24, 11, 32)
(24, 12, 26)
(24, 13, 22)
(24, 14, 21)
(24, 15, 19)
(24, 16, 17)
(24, 17, 15)
(24, 18, 15)
(24, 19, 14)
(24, 20, 13)
(24, 21, 8)
(24, 22, 7)
(24, 23, 7)
(24, 24, 7)
(24, 25, 7)
(24, 26, 7)
(24, 27, 7)
(24, 28, 7)
(24, 29, 7)
(24, 30, 7)
(24, 31, 7)
(24, 32, 6)
(24, 33, 6)
(24, 34, 6)
(24, 35, 6)
(24, 36, 6)
(24, 37, 5)
(24, 38, 5)
(24, 39, 5)

(25, 0, 490)
(25, 1, 346)
(25, 2, 262)
(25, 3, 142)
(25, 4, 92)
(25, 5, 70)
(25, 6, 58)
(25, 7, 45)
(25, 8, 40)
(25, 9, 37)
(25, 10, 37)
(25, 11, 31)
(25, 12, 26)
(25, 13, 22)
(25, 14, 21)
(25, 15, 19)
(25, 16, 17)
(25, 17, 15)
(25, 18, 15)
(25, 19, 14)
(25, 20, 13)
(25, 21, 8)
(25, 22, 7)
(25, 23, 7)
(25, 24, 7)
(25, 25, 7)
(25, 26, 7)
(25, 27, 7)
(25, 28, 7)
(25, 29, 7)
(25, 30, 7)
(25, 31, 7)
(25, 32, 6)
(25, 33, 6)
(25, 34, 6)
(25, 35, 6)
(25, 36, 6)
(25, 37, 5)
(25, 38, 5)
(25, 39, 5)

(26, 0, 491)
(26, 1, 346)
(26, 2, 262)
(26, 3, 142)
(26, 4, 92)
(26, 5, 70)
(26, 6, 58)
(26, 7, 45)
(26, 8, 40)
(26, 9, 37)
(26, 10, 37)
(26, 11, 31)
(26, 12, 26)
(26, 13, 22)
(26, 14, 21)
(26, 15, 19)
(26, 16, 17)
(26, 17, 15)
(26, 18, 15)
(26, 19, 14)
(26, 20, 13)
(26, 21, 8)
(26, 22, 7)
(26, 23, 7)
(26, 24, 7)
(26, 25, 7)
(26, 26, 7)
(26, 27, 7)
(26, 28, 7)
(26, 29, 7)
(26, 30, 7)
(26, 31, 7)
(26, 32, 6)
(26, 33, 6)
(26, 34, 6)
(26, 35, 6)
(26, 36, 6)
(26, 37, 5)
(26, 38, 5)
(26, 39, 5)

(27, 0, 493)
(27, 1, 348)
(27, 2, 263)
(27, 3, 143)
(27, 4, 93)
(27, 5, 71)
(27, 6, 59)
(27, 7, 46)
(27, 8, 41)
(27, 9, 37)
(27, 10, 37)
(27, 11, 31)
(27, 12, 26)
(27, 13, 22)
(27, 14, 21)
(27, 15, 19)
(27, 16, 17)
(27, 17, 15)
(27, 18, 15)
(27, 19, 14)
(27, 20, 13)
(27, 21, 8)
(27, 22, 7)
(27, 23, 7)
(27, 24, 7)
(27, 25, 7)
(27, 26, 7)
(27, 27, 7)
(27, 28, 7)
(27, 29, 7)
(27, 30, 7)
(27, 31, 7)
(27, 32, 6)
(27, 33, 6)
(27, 34, 6)
(27, 35, 6)
(27, 36, 6)
(27, 37, 5)
(27, 38, 5)
(27, 39, 5)

(28, 0, 496)
(28, 1, 351)
(28, 2, 265)
(28, 3, 145)
(28, 4, 94)
(28, 5, 71)
(28, 6, 59)
(28, 7, 46)
(28, 8, 41)
(28, 9, 37)
(28, 10, 37)
(28, 11, 31)
(28, 12, 26)
(28, 13, 22)
(28, 14, 21)
(28, 15, 19)
(28, 16, 17)
(28, 17, 15)
(28, 18, 15)
(28, 19, 14)
(28, 20, 13)
(28, 21, 8)
(28, 22, 7)
(28, 23, 7)
(28, 24, 7)
(28, 25, 7)
(28, 26, 7)
(28, 27, 7)
(28, 28, 7)
(28, 29, 7)
(28, 30, 7)
(28, 31, 7)
(28, 32, 6)
(28, 33, 6)
(28, 34, 6)
(28, 35, 6)
(28, 36, 6)
(28, 37, 5)
(28, 38, 5)
(28, 39, 5)

(29, 0, 505)
(29, 1, 360)
(29, 2, 272)
(29, 3, 152)
(29, 4, 101)
(29, 5, 74)
(29, 6, 61)
(29, 7, 48)
(29, 8, 43)
(29, 9, 39)
(29, 10, 39)
(29, 11, 32)
(29, 12, 27)
(29, 13, 23)
(29, 14, 22)
(29, 15, 20)
(29, 16, 18)
(29, 17, 16)
(29, 18, 16)
(29, 19, 15)
(29, 20, 14)
(29, 21, 9)
(29, 22, 8)
(29, 23, 8)
(29, 24, 8)
(29, 25, 8)
(29, 26, 8)
(29, 27, 8)
(29, 28, 8)
(29, 29, 8)
(29, 30, 8)
(29, 31, 8)
(29, 32, 7)
(29, 33, 7)
(29, 34, 7)
(29, 35, 7)
(29, 36, 7)
(29, 37, 6)
(29, 38, 6)
(29, 39, 6)

(30, 0, 517)
(30, 1, 369)
(30, 2, 278)
(30, 3, 155)
(30, 4, 103)
(30, 5, 75)
(30, 6, 62)
(30, 7, 48)
(30, 8, 43)
(30, 9, 39)
(30, 10, 39)
(30, 11, 32)
(30, 12, 27)
(30, 13, 23)
(30, 14, 22)
(30, 15, 20)
(30, 16, 18)
(30, 17, 16)
(30, 18, 16)
(30, 19, 15)
(30, 20, 14)
(30, 21, 9)
(30, 22, 8)
(30, 23, 8)
(30, 24, 8)
(30, 25, 8)
(30, 26, 8)
(30, 27, 8)
(30, 28, 8)
(30, 29, 8)
(30, 30, 8)
(30, 31, 8)
(30, 32, 7)
(30, 33, 7)
(30, 34, 7)
(30, 35, 7)
(30, 36, 7)
(30, 37, 6)
(30, 38, 6)
(30, 39, 6)

(31, 0, 517)
(31, 1, 369)
(31, 2, 278)
(31, 3, 155)
(31, 4, 103)
(31, 5, 75)
(31, 6, 62)
(31, 7, 48)
(31, 8, 43)
(31, 9, 39)
(31, 10, 39)
(31, 11, 32)
(31, 12, 27)
(31, 13, 23)
(31, 14, 22)
(31, 15, 20)
(31, 16, 18)
(31, 17, 16)
(31, 18, 16)
(31, 19, 15)
(31, 20, 14)
(31, 21, 9)
(31, 22, 8)
(31, 23, 8)
(31, 24, 8)
(31, 25, 8)
(31, 26, 8)
(31, 27, 8)
(31, 28, 8)
(31, 29, 8)
(31, 30, 8)
(31, 31, 8)
(31, 32, 7)
(31, 33, 7)
(31, 34, 7)
(31, 35, 7)
(31, 36, 7)
(31, 37, 6)
(31, 38, 6)
(31, 39, 6)

(32, 0, 517)
(32, 1, 369)
(32, 2, 278)
(32, 3, 155)
(32, 4, 103)
(32, 5, 75)
(32, 6, 62)
(32, 7, 48)
(32, 8, 43)
(32, 9, 39)
(32, 10, 39)
(32, 11, 32)
(32, 12, 27)
(32, 13, 23)
(32, 14, 22)
(32, 15, 20)
(32, 16, 18)
(32, 17, 16)
(32, 18, 16)
(32, 19, 15)
(32, 20, 14)
(32, 21, 9)
(32, 22, 8)
(32, 23, 8)
(32, 24, 8)
(32, 25, 8)
(32, 26, 8)
(32, 27, 8)
(32, 28, 8)
(32, 29, 8)
(32, 30, 8)
(32, 31, 8)
(32, 32, 7)
(32, 33, 7)
(32, 34, 7)
(32, 35, 7)
(32, 36, 7)
(32, 37, 6)
(32, 38, 6)
(32, 39, 6)

(33, 0, 520)
(33, 1, 372)
(33, 2, 281)
(33, 3, 158)
(33, 4, 106)
(33, 5, 78)
(33, 6, 65)
(33, 7, 50)
(33, 8, 44)
(33, 9, 40)
(33, 10, 40)
(33, 11, 33)
(33, 12, 28)
(33, 13, 24)
(33, 14, 23)
(33, 15, 21)
(33, 16, 19)
(33, 17, 17)
(33, 18, 17)
(33, 19, 16)
(33, 20, 15)
(33, 21, 10)
(33, 22, 9)
(33, 23, 9)
(33, 24, 9)
(33, 25, 9)
(33, 26, 9)
(33, 27, 9)
(33, 28, 9)
(33, 29, 9)
(33, 30, 9)
(33, 31, 9)
(33, 32, 8)
(33, 33, 8)
(33, 34, 8)
(33, 35, 8)
(33, 36, 8)
(33, 37, 7)
(33, 38, 7)
(33, 39, 7)

(34, 0, 522)
(34, 1, 374)
(34, 2, 283)
(34, 3, 160)
(34, 4, 108)
(34, 5, 79)
(34, 6, 66)
(34, 7, 51)
(34, 8, 45)
(34, 9, 41)
(34, 10, 41)
(34, 11, 34)
(34, 12, 28)
(34, 13, 24)
(34, 14, 23)
(34, 15, 21)
(34, 16, 19)
(34, 17, 17)
(34, 18, 17)
(34, 19, 16)
(34, 20, 15)
(34, 21, 10)
(34, 22, 9)
(34, 23, 9)
(34, 24, 9)
(34, 25, 9)
(34, 26, 9)
(34, 27, 9)
(34, 28, 9)
(34, 29, 9)
(34, 30, 9)
(34, 31, 9)
(34, 32, 8)
(34, 33, 8)
(34, 34, 8)
(34, 35, 8)
(34, 36, 8)
(34, 37, 7)
(34, 38, 7)
(34, 39, 7)

(35, 0, 536)
(35, 1, 385)
(35, 2, 292)
(35, 3, 165)
(35, 4, 111)
(35, 5, 82)
(35, 6, 69)
(35, 7, 54)
(35, 8, 48)
(35, 9, 44)
(35, 10, 44)
(35, 11, 37)
(35, 12, 31)
(35, 13, 27)
(35, 14, 25)
(35, 15, 23)
(35, 16, 21)
(35, 17, 19)
(35, 18, 19)
(35, 19, 18)
(35, 20, 17)
(35, 21, 12)
(35, 22, 11)
(35, 23, 11)
(35, 24, 11)
(35, 25, 11)
(35, 26, 11)
(35, 27, 11)
(35, 28, 11)
(35, 29, 11)
(35, 30, 11)
(35, 31, 11)
(35, 32, 10)
(35, 33, 10)
(35, 34, 10)
(35, 35, 10)
(35, 36, 10)
(35, 37, 9)
(35, 38, 9)
(35, 39, 9)

(36, 0, 568)
(36, 1, 413)
(36, 2, 311)
(36, 3, 171)
(36, 4, 114)
(36, 5, 83)
(36, 6, 70)
(36, 7, 55)
(36, 8, 49)
(36, 9, 45)
(36, 10, 45)
(36, 11, 38)
(36, 12, 32)
(36, 13, 28)
(36, 14, 27)
(36, 15, 25)
(36, 16, 22)
(36, 17, 20)
(36, 18, 20)
(36, 19, 19)
(36, 20, 18)
(36, 21, 13)
(36, 22, 12)
(36, 23, 11)
(36, 24, 11)
(36, 25, 11)
(36, 26, 11)
(36, 27, 11)
(36, 28, 11)
(36, 29, 11)
(36, 30, 11)
(36, 31, 11)
(36, 32, 10)
(36, 33, 10)
(36, 34, 10)
(36, 35, 10)
(36, 36, 10)
(36, 37, 9)
(36, 38, 9)
(36, 39, 9)

(37, 0, 592)
(37, 1, 433)
(37, 2, 324)
(37, 3, 179)
(37, 4, 119)
(37, 5, 88)
(37, 6, 75)
(37, 7, 60)
(37, 8, 53)
(37, 9, 49)
(37, 10, 49)
(37, 11, 40)
(37, 12, 33)
(37, 13, 29)
(37, 14, 28)
(37, 15, 24)
(37, 16, 21)
(37, 17, 19)
(37, 18, 19)
(37, 19, 18)
(37, 20, 17)
(37, 21, 12)
(37, 22, 11)
(37, 23, 11)
(37, 24, 11)
(37, 25, 11)
(37, 26, 11)
(37, 27, 11)
(37, 28, 11)
(37, 29, 11)
(37, 30, 11)
(37, 31, 11)
(37, 32, 10)
(37, 33, 10)
(37, 34, 10)
(37, 35, 10)
(37, 36, 10)
(37, 37, 9)
(37, 38, 9)
(37, 39, 9)

(38, 0, 651)
(38, 1, 472)
(38, 2, 346)
(38, 3, 196)
(38, 4, 125)
(38, 5, 92)
(38, 6, 79)
(38, 7, 64)
(38, 8, 57)
(38, 9, 52)
(38, 10, 52)
(38, 11, 43)
(38, 12, 36)
(38, 13, 32)
(38, 14, 30)
(38, 15, 27)
(38, 16, 24)
(38, 17, 22)
(38, 18, 22)
(38, 19, 21)
(38, 20, 20)
(38, 21, 14)
(38, 22, 11)
(38, 23, 11)
(38, 24, 11)
(38, 25, 11)
(38, 26, 11)
(38, 27, 11)
(38, 28, 11)
(38, 29, 11)
(38, 30, 11)
(38, 31, 11)
(38, 32, 10)
(38, 33, 10)
(38, 34, 10)
(38, 35, 10)
(38, 36, 10)
(38, 37, 9)
(38, 38, 9)
(38, 39, 9)

(39, 0, 718)
(39, 1, 506)
(39, 2, 364)
(39, 3, 206)
(39, 4, 125)
(39, 5, 92)
(39, 6, 79)
(39, 7, 64)
(39, 8, 57)
(39, 9, 52)
(39, 10, 52)
(39, 11, 43)
(39, 12, 36)
(39, 13, 32)
(39, 14, 30)
(39, 15, 27)
(39, 16, 24)
(39, 17, 22)
(39, 18, 22)
(39, 19, 21)
(39, 20, 19)
(39, 21, 12)
(39, 22, 11)
(39, 23, 11)
(39, 24, 11)
(39, 25, 11)
(39, 26, 11)
(39, 27, 11)
(39, 28, 11)
(39, 29, 11)
(39, 30, 11)
(39, 31, 11)
(39, 32, 10)
(39, 33, 10)
(39, 34, 10)
(39, 35, 10)
(39, 36, 10)
(39, 37, 9)
(39, 38, 9)
(39, 39, 9)


Betti numbers:
xi_0:
(0, 0, 16)
(1, 0, 4)
(2, 0, 6)
(3, 0, 15)
(4, 0, 17)
(5, 0, 7)
(10, 0, 7)
(11, 0, 7)
(12, 0, 18)
(13, 0, 13)
(14, 0, 20)
(15, 0, 40)
(16, 0, 55)
(17, 0, 61)
(18, 0, 82)
(19, 0, 35)
(20, 0, 15)
(21, 0, 7)
(22, 0, 6)
(23, 0, 27)
(24, 0, 24)
(25, 0, 8)
(26, 0, 1)
(27, 0, 2)
(28, 0, 3)
(29, 0, 9)
(30, 0, 12)
(33, 0, 3)
(34, 0, 2)
(35, 0, 14)
(36, 0, 32)
(37, 0, 24)
(38, 0, 59)
(39, 0, 67)
xi_1:
(0, 2, 7)
(0, 3, 3)
(0, 4, 2)
(0, 7, 1)
(0, 12, 1)
(0, 15, 1)
(1, 1, 1)
(1, 2, 1)
(1, 3, 2)
(2, 1, 1)
(2, 3, 1)
(2, 4, 2)
(2, 9, 1)
(2, 23, 1)
(3, 1, 9)
(3, 2, 1)
(3, 3, 3)
(3, 4, 1)
(3, 5, 1)
(3, 21, 1)
(4, 1, 9)
(4, 2, 3)
(4, 3, 2)
(4, 4, 2)
(4, 7, 1)
(5, 1, 3)
(5, 2, 3)
(5, 4, 2)
(10, 1, 2)
(10, 3, 1)
(10, 5, 2)
(10, 7, 1)
(11, 1, 1)
(11, 2, 1)
(11, 3, 3)
(11, 20, 1)
(12, 1, 3)
(12, 3, 4)
(12, 4, 2)
(12, 7, 3)
(12, 11, 2)
(12, 12, 2)
(12, 13, 1)
(12, 19, 1)
(13, 1, 3)
(13, 3, 9)
(13, 5, 1)
(13, 22, 1)
(13, 37, 1)
(14, 1, 7)
(14, 2, 3)
(14, 3, 4)
(14, 4, 1)
(14, 5, 1)
(14, 8, 2)
(14, 21, 1)
(15, 1, 11)
(15, 2, 8)
(15, 3, 9)
(15, 4, 3)
(15, 5, 1)
(15, 6, 2)
(15, 7, 1)
(15, 9, 1)
(15, 15, 1)
(15, 16, 1)
(15, 17, 1)
(15, 29, 1)
(15, 33, 1)
(16, 1, 8)
(16, 2, 14)
(16, 3, 18)
(16, 4, 11)
(16, 5, 2)
(16, 7, 1)
(16, 11, 1)
(16, 12, 1)
(16, 13, 1)
(16, 15, 1)
(16, 16, 1)
(16, 20, 1)
(16, 22, 1)
(16, 23, 1)
(16, 32, 1)
(17, 1, 18)
(17, 2, 7)
(17, 3, 17)
(17, 4, 10)
(17, 5, 2)
(17, 6, 3)
(17, 7, 1)
(17, 9, 1)
(17, 11, 1)
(17, 12, 1)
(17, 13, 1)
(17, 17, 1)
(17, 20, 1)
(17, 21, 1)
(17, 23, 1)
(17, 39, 1)
(18, 1, 26)
(18, 2, 19)
(18, 3, 23)
(18, 4, 10)
(18, 5, 1)
(18, 6, 3)
(18, 7, 1)
(18, 8, 1)
(18, 17, 1)
(18, 21, 1)
(19, 1, 20)
(19, 2, 6)
(19, 3, 5)
(19, 4, 2)
(19, 5, 1)
(19, 7, 1)
(19, 8, 1)
(19, 11, 1)
(20, 1, 7)
(20, 2, 2)
(20, 3, 5)
(20, 4, 1)
(20, 9, 1)
(21, 1, 1)
(21, 5, 2)
(21, 6, 2)
(21, 7, 1)
(21, 16, 1)
(22, 1, 1)
(22, 3, 1)
(22, 4, 1)
(22, 5, 1)
(22, 18, 1)
(22, 23, 1)
(22, 30, 1)
(23, 1, 7)
(23, 2, 3)
(23, 3, 4)
(23, 4, 1)
(23, 5, 3)
(23, 6, 1)
(23, 7, 4)
(23, 8, 1)
(23, 9, 1)
(23, 13, 1)
(23, 14, 1)
(23, 19, 1)
(23, 21, 1)
(23, 22, 1)
(24, 1, 5)
(24, 2, 4)
(24, 3, 4)
(24, 4, 5)
(24, 5, 3)
(24, 6, 3)
(24, 8, 1)
(24, 12, 1)
(24, 13, 1)
(25, 1, 1)
(25, 2, 3)
(25, 3, 3)
(25, 5, 1)
(25, 11, 1)
(26, 1, 1)
(27, 2, 1)
(27, 9, 1)
(28, 2, 1)
(28, 4, 1)
(28, 5, 1)
(29, 2, 2)
(29, 5, 4)
(29, 6, 1)
(29, 11, 1)
(30, 1, 3)
(30, 2, 3)
(30, 3, 3)
(30, 4, 1)
(30, 5, 1)
(30, 6, 1)
(30, 7, 1)
(33, 7, 1)
(33, 8, 1)
(34, 5, 1)
(34, 12, 1)
(35, 1, 3)
(35, 2, 2)
(35, 3, 4)
(35, 4, 2)
(35, 14, 1)
(36, 1, 4)
(36, 2, 9)
(36, 3, 13)
(36, 4, 3)
(36, 5, 2)
(36, 16, 1)
(36, 23, 1)
(37, 1, 4)
(37, 2, 7)
(37, 3, 5)
(37, 4, 3)
(37, 8, 1)
(37, 11, 2)
(37, 12, 1)
(37, 15, 2)
(38, 1, 20)
(38, 2, 17)
(38, 3, 5)
(38, 4, 11)
(38, 5, 2)
(38, 9, 1)
(38, 11, 1)
(38, 14, 1)
(38, 21, 1)
(38, 22, 2)
(39, 1, 33)
(39, 2, 16)
(39, 3, 8)
(39, 4, 11)
(39, 20, 1)
(39, 21, 1)
xi_2:
(3, 23, 1)
(5, 7, 1)
(12, 20, 1)
(13, 4, 1)
(14, 22, 1)
(16, 4, 1)
(16, 6, 1)
(16, 7, 1)
(16, 9, 1)
(16, 15, 1)
(16, 17, 1)
(16, 29, 1)
(16, 33, 1)
(17, 4, 1)
(17, 7, 1)
(17, 13, 1)
(17, 16, 1)
(17, 20, 1)
(17, 22, 1)
(17, 23, 1)
(18, 4, 2)
(18, 9, 1)
(18, 23, 1)
(18, 39, 1)
(19, 2, 1)
(19, 3, 1)
(20, 4, 1)
(23, 18, 1)
(23, 23, 1)
(23, 30, 1)
(24, 6, 1)
(24, 8, 1)
(24, 19, 1)
(25, 12, 1)
(30, 6, 1)
(36, 14, 1)
(37, 23, 1)
(38, 11, 1)
(38, 15, 1)
(39, 4, 1)
(39, 22, 2)
