x-grades
-19334993081150674103/4000000000000000000
-9443650731842636103/2000000000000000000
-18439609846219870309/4000000000000000000
-4497979557188617103/1000000000000000000
-3508845322257813303/800000000000000000
-8548267496911832309/2000000000000000000
-16648843376358262721/4000000000000000000
-2025143969861607603/500000000000000000
-15753460141427458927/4000000000000000000
-1530576852396205703/400000000000000000
-14858076906496655133/4000000000000000000
-3602596322257813309/1000000000000000000
-13962693671565851339/4000000000000000000
-6757501027050224721/2000000000000000000
-2613462087327009509/800000000000000000
-788726176198102853/250000000000000000
-12171927201704243751/4000000000000000000
-5862117792119420927/2000000000000000000
-11276543966773439957/4000000000000000000
-541442617465401903/200000000000000000
-10381160731842636163/4000000000000000000
-4966734557188617133/2000000000000000000
-9485777496911832369/4000000000000000000
-1129760734930803809/500000000000000000
-343615770479241143/160000000000000000
-4071351322257813339/2000000000000000000
-7695011027050224781/4000000000000000000
-1811829852396205721/1000000000000000000
-6799627792119420987/4000000000000000000
-635193617465401909/400000000000000000
-5904244557188617193/4000000000000000000
-85258639683175239/62500000000000000
-5008861322257813399/4000000000000000000
-2280584852396205751/2000000000000000000
-822695617465401921/800000000000000000
-916446617465401927/1000000000000000000
-3218094852396205811/4000000000000000000
-1385201617465401957/2000000000000000000
-2322711617465402017/4000000000000000000
-46875500000000003/100000000000000000

y-grades
9982881/40000000
9982881/20000000
29948643/40000000
9982881/10000000
9982881/8000000
29948643/20000000
69880167/40000000
9982881/5000000
89845929/40000000
9982881/4000000
109811691/40000000
29948643/10000000
129777453/40000000
69880167/20000000
29948643/8000000
9982881/2500000
169708977/40000000
89845929/20000000
189674739/40000000
9982881/2000000
209640501/40000000
109811691/20000000
229606263/40000000
29948643/5000000
9982881/1600000
129777453/20000000
269537787/40000000
69880167/10000000
289503549/40000000
29948643/4000000
309469311/40000000
9982881/1250000
329435073/40000000
169708977/20000000
69880167/8000000
89845929/10000000
369366597/40000000
189674739/20000000
389332359/40000000
9982881/1000000

Dimensions > 0:
(0, 0, 2)
(0, 1, 2)
(0, 2, 2)
(0, 3, 2)
(0, 4, 2)
(0, 5, 2)
(0, 6, 2)
(0, 7, 2)
(0, 8, 2)
(0, 9, 2)
(0, 10, 2)
(0, 11, 2)
(0, 12, 2)
(0, 13, 2)
(0, 14, 2)
(0, 15, 2)
(0, 16, 2)
(0, 17, 2)
(0, 18, 2)
(0, 19, 2)
(0, 20, 2)
(0, 21, 2)
(0, 22, 2)
(0, 23, 2)
(0, 24, 2)
(0, 25, 2)
(0, 26, 2)
(0, 27, 2)
(0, 28, 2)
(0, 29, 2)
(0, 30, 2)
(0, 31, 2)
(0, 32, 2)
(0, 33, 2)
(0, 34, 2)
(0, 35, 2)
(0, 36, 2)
(0, 37, 2)
(0, 38, 2)
(0, 39, 2)

(1, 0, 13)
(1, 1, 11)
(1, 2, 11)
(1, 3, 11)
(1, 4, 11)
(1, 5, 11)
(1, 6, 11)
(1, 7, 11)
(1, 8, 11)
(1, 9, 11)
(1, 10, 11)
(1, 11, 11)
(1, 12, 11)
(1, 13, 11)
(1, 14, 11)
(1, 15, 11)
(1, 16, 11)
(1, 17, 11)
(1, 18, 11)
(1, 19, 11)
(1, 20, 11)
(1, 21, 11)
(1, 22, 10)
(1, 23, 10)
(1, 24, 10)
(1, 25, 10)
(1, 26, 10)
(1, 27, 9)
(1, 28, 9)
(1, 29, 9)
(1, 30, 9)
(1, 31, 9)
(1, 32, 9)
(1, 33, 9)
(1, 34, 7)
(1, 35, 7)
(1, 36, 7)
(1, 37, 7)
(1, 38, 7)
(1, 39, 7)

(2, 0, 20)
(2, 1, 14)
(2, 2, 14)
(2, 3, 14)
(2, 4, 14)
(2, 5, 14)
(2, 6, 14)
(2, 7, 14)
(2, 8, 14)
(2, 9, 14)
(2, 10, 14)
(2, 11, 14)
(2, 12, 14)
(2, 13, 14)
(2, 14, 14)
(2, 15, 14)
(2, 16, 14)
(2, 17, 12)
(2, 18, 12)
(2, 19, 12)
(2, 20, 12)
(2, 21, 12)
(2, 22, 11)
(2, 23, 11)
(2, 24, 11)
(2, 25, 11)
(2, 26, 11)
(2, 27, 10)
(2, 28, 10)
(2, 29, 10)
(2, 30, 10)
(2, 31, 10)
(2, 32, 10)
(2, 33, 10)
(2, 34, 8)
(2, 35, 8)
(2, 36, 8)
(2, 37, 8)
(2, 38, 8)
(2, 39, 8)

(3, 0, 25)
(3, 1, 16)
(3, 2, 16)
(3, 3, 16)
(3, 4, 16)
(3, 5, 16)
(3, 6, 16)
(3, 7, 16)
(3, 8, 16)
(3, 9, 16)
(3, 10, 16)
(3, 11, 16)
(3, 12, 16)
(3, 13, 16)
(3, 14, 16)
(3, 15, 16)
(3, 16, 16)
(3, 17, 13)
(3, 18, 13)
(3, 19, 13)
(3, 20, 13)
(3, 21, 13)
(3, 22, 12)
(3, 23, 12)
(3, 24, 12)
(3, 25, 12)
(3, 26, 12)
(3, 27, 11)
(3, 28, 11)
(3, 29, 10)
(3, 30, 10)
(3, 31, 10)
(3, 32, 10)
(3, 33, 10)
(3, 34, 8)
(3, 35, 8)
(3, 36, 8)
(3, 37, 8)
(3, 38, 8)
(3, 39, 8)

(4, 0, 31)
(4, 1, 20)
(4, 2, 20)
(4, 3, 20)
(4, 4, 20)
(4, 5, 20)
(4, 6, 20)
(4, 7, 20)
(4, 8, 20)
(4, 9, 20)
(4, 10, 20)
(4, 11, 20)
(4, 12, 20)
(4, 13, 20)
(4, 14, 20)
(4, 15, 20)
(4, 16, 20)
(4, 17, 16)
(4, 18, 16)
(4, 19, 16)
(4, 20, 16)
(4, 21, 16)
(4, 22, 14)
(4, 23, 14)
(4, 24, 14)
(4, 25, 14)
(4, 26, 14)
(4, 27, 13)
(4, 28, 13)
(4, 29, 12)
(4, 30, 12)
(4, 31, 12)
(4, 32, 12)
(4, 33, 12)
(4, 34, 10)
(4, 35, 10)
(4, 36, 10)
(4, 37, 10)
(4, 38, 10)
(4, 39, 10)

(5, 0, 33)
(5, 1, 22)
(5, 2, 22)
(5, 3, 22)
(5, 4, 22)
(5, 5, 22)
(5, 6, 22)
(5, 7, 22)
(5, 8, 22)
(5, 9, 22)
(5, 10, 22)
(5, 11, 22)
(5, 12, 22)
(5, 13, 22)
(5, 14, 22)
(5, 15, 22)
(5, 16, 22)
(5, 17, 18)
(5, 18, 18)
(5, 19, 18)
(5, 20, 18)
(5, 21, 18)
(5, 22, 16)
(5, 23, 16)
(5, 24, 16)
(5, 25, 16)
(5, 26, 16)
(5, 27, 15)
(5, 28, 15)
(5, 29, 14)
(5, 30, 14)
(5, 31, 14)
(5, 32, 14)
(5, 33, 14)
(5, 34, 12)
(5, 35, 11)
(5, 36, 11)
(5, 37, 11)
(5, 38, 11)
(5, 39, 11)

(6, 0, 38)
(6, 1, 27)
(6, 2, 27)
(6, 3, 27)
(6, 4, 27)
(6, 5, 27)
(6, 6, 27)
(6, 7, 27)
(6, 8, 27)
(6, 9, 27)
(6, 10, 26)
(6, 11, 26)
(6, 12, 26)
(6, 13, 26)
(6, 14, 26)
(6, 15, 26)
(6, 16, 26)
(6, 17, 22)
(6, 18, 22)
(6, 19, 22)
(6, 20, 22)
(6, 21, 22)
(6, 22, 19)
(6, 23, 19)
(6, 24, 19)
(6, 25, 19)
(6, 26, 19)
(6, 27, 18)
(6, 28, 18)
(6, 29, 17)
(6, 30, 17)
(6, 31, 17)
(6, 32, 17)
(6, 33, 17)
(6, 34, 15)
(6, 35, 14)
(6, 36, 14)
(6, 37, 14)
(6, 38, 14)
(6, 39, 14)

(7, 0, 44)
(7, 1, 33)
(7, 2, 33)
(7, 3, 33)
(7, 4, 33)
(7, 5, 33)
(7, 6, 33)
(7, 7, 33)
(7, 8, 33)
(7, 9, 33)
(7, 10, 31)
(7, 11, 31)
(7, 12, 31)
(7, 13, 31)
(7, 14, 31)
(7, 15, 28)
(7, 16, 28)
(7, 17, 24)
(7, 18, 24)
(7, 19, 24)
(7, 20, 24)
(7, 21, 24)
(7, 22, 19)
(7, 23, 19)
(7, 24, 19)
(7, 25, 19)
(7, 26, 19)
(7, 27, 18)
(7, 28, 18)
(7, 29, 17)
(7, 30, 17)
(7, 31, 17)
(7, 32, 17)
(7, 33, 17)
(7, 34, 15)
(7, 35, 14)
(7, 36, 13)
(7, 37, 13)
(7, 38, 13)
(7, 39, 13)

(8, 0, 44)
(8, 1, 33)
(8, 2, 33)
(8, 3, 33)
(8, 4, 33)
(8, 5, 33)
(8, 6, 33)
(8, 7, 33)
(8, 8, 33)
(8, 9, 33)
(8, 10, 31)
(8, 11, 31)
(8, 12, 31)
(8, 13, 31)
(8, 14, 31)
(8, 15, 28)
(8, 16, 28)
(8, 17, 24)
(8, 18, 24)
(8, 19, 24)
(8, 20, 24)
(8, 21, 24)
(8, 22, 19)
(8, 23, 19)
(8, 24, 19)
(8, 25, 19)
(8, 26, 19)
(8, 27, 18)
(8, 28, 18)
(8, 29, 17)
(8, 30, 17)
(8, 31, 17)
(8, 32, 17)
(8, 33, 17)
(8, 34, 15)
(8, 35, 14)
(8, 36, 13)
(8, 37, 13)
(8, 38, 13)
(8, 39, 13)

(9, 0, 44)
(9, 1, 33)
(9, 2, 33)
(9, 3, 33)
(9, 4, 33)
(9, 5, 33)
(9, 6, 33)
(9, 7, 33)
(9, 8, 33)
(9, 9, 33)
(9, 10, 31)
(9, 11, 31)
(9, 12, 31)
(9, 13, 31)
(9, 14, 31)
(9, 15, 28)
(9, 16, 28)
(9, 17, 24)
(9, 18, 24)
(9, 19, 24)
(9, 20, 24)
(9, 21, 24)
(9, 22, 19)
(9, 23, 19)
(9, 24, 19)
(9, 25, 19)
(9, 26, 19)
(9, 27, 18)
(9, 28, 18)
(9, 29, 17)
(9, 30, 17)
(9, 31, 17)
(9, 32, 17)
(9, 33, 17)
(9, 34, 15)
(9, 35, 14)
(9, 36, 13)
(9, 37, 13)
(9, 38, 13)
(9, 39, 13)

(10, 0, 44)
(10, 1, 33)
(10, 2, 33)
(10, 3, 33)
(10, 4, 33)
(10, 5, 33)
(10, 6, 33)
(10, 7, 33)
(10, 8, 33)
(10, 9, 33)
(10, 10, 31)
(10, 11, 31)
(10, 12, 31)
(10, 13, 31)
(10, 14, 31)
(10, 15, 28)
(10, 16, 28)
(10, 17, 24)
(10, 18, 24)
(10, 19, 24)
(10, 20, 24)
(10, 21, 24)
(10, 22, 19)
(10, 23, 19)
(10, 24, 19)
(10, 25, 19)
(10, 26, 19)
(10, 27, 18)
(10, 28, 18)
(10, 29, 17)
(10, 30, 17)
(10, 31, 17)
(10, 32, 17)
(10, 33, 17)
(10, 34, 15)
(10, 35, 14)
(10, 36, 13)
(10, 37, 13)
(10, 38, 13)
(10, 39, 13)

(11, 0, 44)
(11, 1, 33)
(11, 2, 33)
(11, 3, 33)
(11, 4, 33)
(11, 5, 33)
(11, 6, 33)
(11, 7, 33)
(11, 8, 33)
(11, 9, 33)
(11, 10, 31)
(11, 11, 31)
(11, 12, 31)
(11, 13, 31)
(11, 14, 31)
(11, 15, 28)
(11, 16, 28)
(11, 17, 24)
(11, 18, 24)
(11, 19, 24)
(11, 20, 24)
(11, 21, 24)
(11, 22, 19)
(11, 23, 19)
(11, 24, 19)
(11, 25, 19)
(11, 26, 19)
(11, 27, 18)
(11, 28, 18)
(11, 29, 17)
(11, 30, 17)
(11, 31, 17)
(11, 32, 17)
(11, 33, 17)
(11, 34, 15)
(11, 35, 14)
(11, 36, 13)
(11, 37, 13)
(11, 38, 13)
(11, 39, 13)

(12, 0, 44)
(12, 1, 33)
(12, 2, 33)
(12, 3, 33)
(12, 4, 33)
(12, 5, 33)
(12, 6, 33)
(12, 7, 33)
(12, 8, 33)
(12, 9, 33)
(12, 10, 31)
(12, 11, 31)
(12, 12, 31)
(12, 13, 31)
(12, 14, 31)
(12, 15, 28)
(12, 16, 28)
(12, 17, 24)
(12, 18, 24)
(12, 19, 24)
(12, 20, 24)
(12, 21, 24)
(12, 22, 19)
(12, 23, 19)
(12, 24, 19)
(12, 25, 19)
(12, 26, 19)
(12, 27, 18)
(12, 28, 18)
(12, 29, 17)
(12, 30, 17)
(12, 31, 17)
(12, 32, 17)
(12, 33, 17)
(12, 34, 15)
(12, 35, 14)
(12, 36, 13)
(12, 37, 13)
(12, 38, 13)
(12, 39, 13)

(13, 0, 44)
(13, 1, 33)
(13, 2, 33)
(13, 3, 33)
(13, 4, 33)
(13, 5, 33)
(13, 6, 33)
(13, 7, 33)
(13, 8, 33)
(13, 9, 33)
(13, 10, 31)
(13, 11, 31)
(13, 12, 31)
(13, 13, 31)
(13, 14, 31)
(13, 15, 28)
(13, 16, 28)
(13, 17, 24)
(13, 18, 24)
(13, 19, 24)
(13, 20, 24)
(13, 21, 24)
(13, 22, 19)
(13, 23, 19)
(13, 24, 19)
(13, 25, 19)
(13, 26, 19)
(13, 27, 18)
(13, 28, 18)
(13, 29, 17)
(13, 30, 17)
(13, 31, 17)
(13, 32, 17)
(13, 33, 17)
(13, 34, 15)
(13, 35, 14)
(13, 36, 13)
(13, 37, 13)
(13, 38, 13)
(13, 39, 13)

(14, 0, 44)
(14, 1, 33)
(14, 2, 33)
(14, 3, 33)
(14, 4, 33)
(14, 5, 33)
(14, 6, 33)
(14, 7, 33)
(14, 8, 33)
(14, 9, 33)
(14, 10, 31)
(14, 11, 31)
(14, 12, 31)
(14, 13, 31)
(14, 14, 31)
(14, 15, 28)
(14, 16, 28)
(14, 17, 24)
(14, 18, 24)
(14, 19, 24)
(14, 20, 24)
(14, 21, 24)
(14, 22, 19)
(14, 23, 19)
(14, 24, 19)
(14, 25, 19)
(14, 26, 19)
(14, 27, 18)
(14, 28, 18)
(14, 29, 17)
(14, 30, 17)
(14, 31, 17)
(14, 32, 17)
(14, 33, 17)
(14, 34, 15)
(14, 35, 14)
(14, 36, 13)
(14, 37, 13)
(14, 38, 13)
(14, 39, 13)

(15, 0, 44)
(15, 1, 33)
(15, 2, 33)
(15, 3, 33)
(15, 4, 33)
(15, 5, 33)
(15, 6, 33)
(15, 7, 33)
(15, 8, 33)
(15, 9, 33)
(15, 10, 31)
(15, 11, 31)
(15, 12, 31)
(15, 13, 31)
(15, 14, 31)
(15, 15, 28)
(15, 16, 28)
(15, 17, 24)
(15, 18, 24)
(15, 19, 24)
(15, 20, 24)
(15, 21, 24)
(15, 22, 19)
(15, 23, 19)
(15, 24, 19)
(15, 25, 19)
(15, 26, 19)
(15, 27, 18)
(15, 28, 18)
(15, 29, 17)
(15, 30, 17)
(15, 31, 17)
(15, 32, 17)
(15, 33, 17)
(15, 34, 15)
(15, 35, 14)
(15, 36, 13)
(15, 37, 13)
(15, 38, 13)
(15, 39, 13)

(16, 0, 44)
(16, 1, 33)
(16, 2, 33)
(16, 3, 33)
(16, 4, 33)
(16, 5, 33)
(16, 6, 33)
(16, 7, 33)
(16, 8, 33)
(16, 9, 33)
(16, 10, 31)
(16, 11, 31)
(16, 12, 31)
(16, 13, 31)
(16, 14, 31)
(16, 15, 28)
(16, 16, 28)
(16, 17, 24)
(16, 18, 24)
(16, 19, 24)
(16, 20, 24)
(16, 21, 24)
(16, 22, 19)
(16, 23, 19)
(16, 24, 19)
(16, 25, 19)
(16, 26, 19)
(16, 27, 18)
(16, 28, 18)
(16, 29, 17)
(16, 30, 17)
(16, 31, 17)
(16, 32, 17)
(16, 33, 17)
(16, 34, 15)
(16, 35, 14)
(16, 36, 13)
(16, 37, 13)
(16, 38, 13)
(16, 39, 13)

(17, 0, 44)
(17, 1, 33)
(17, 2, 33)
(17, 3, 33)
(17, 4, 33)
(17, 5, 33)
(17, 6, 33)
(17, 7, 33)
(17, 8, 33)
(17, 9, 33)
(17, 10, 31)
(17, 11, 31)
(17, 12, 31)
(17, 13, 31)
(17, 14, 31)
(17, 15, 28)
(17, 16, 28)
(17, 17, 24)
(17, 18, 24)
(17, 19, 24)
(17, 20, 24)
(17, 21, 24)
(17, 22, 19)
(17, 23, 19)
(17, 24, 19)
(17, 25, 19)
(17, 26, 19)
(17, 27, 18)
(17, 28, 18)
(17, 29, 17)
(17, 30, 17)
(17, 31, 17)
(17, 32, 17)
(17, 33, 17)
(17, 34, 15)
(17, 35, 14)
(17, 36, 13)
(17, 37, 13)
(17, 38, 13)
(17, 39, 13)

(18, 0, 45)
(18, 1, 34)
(18, 2, 34)
(18, 3, 34)
(18, 4, 34)
(18, 5, 34)
(18, 6, 34)
(18, 7, 34)
(18, 8, 34)
(18, 9, 34)
(18, 10, 32)
(18, 11, 32)
(18, 12, 32)
(18, 13, 32)
(18, 14, 32)
(18, 15, 29)
(18, 16, 29)
(18, 17, 25)
(18, 18, 25)
(18, 19, 25)
(18, 20, 25)
(18, 21, 25)
(18, 22, 20)
(18, 23, 20)
(18, 24, 20)
(18, 25, 20)
(18, 26, 20)
(18, 27, 19)
(18, 28, 19)
(18, 29, 18)
(18, 30, 18)
(18, 31, 18)
(18, 32, 18)
(18, 33, 18)
(18, 34, 16)
(18, 35, 15)
(18, 36, 14)
(18, 37, 14)
(18, 38, 14)
(18, 39, 14)

(19, 0, 46)
(19, 1, 35)
(19, 2, 35)
(19, 3, 35)
(19, 4, 35)
(19, 5, 35)
(19, 6, 35)
(19, 7, 35)
(19, 8, 35)
(19, 9, 35)
(19, 10, 33)
(19, 11, 33)
(19, 12, 33)
(19, 13, 33)
(19, 14, 33)
(19, 15, 30)
(19, 16, 30)
(19, 17, 26)
(19, 18, 26)
(19, 19, 26)
(19, 20, 26)
(19, 21, 26)
(19, 22, 21)
(19, 23, 21)
(19, 24, 21)
(19, 25, 21)
(19, 26, 21)
(19, 27, 20)
(19, 28, 20)
(19, 29, 19)
(19, 30, 19)
(19, 31, 19)
(19, 32, 19)
(19, 33, 19)
(19, 34, 17)
(19, 35, 16)
(19, 36, 15)
(19, 37, 15)
(19, 38, 15)
(19, 39, 15)

(20, 0, 46)
(20, 1, 35)
(20, 2, 35)
(20, 3, 35)
(20, 4, 35)
(20, 5, 35)
(20, 6, 35)
(20, 7, 35)
(20, 8, 35)
(20, 9, 35)
(20, 10, 33)
(20, 11, 33)
(20, 12, 33)
(20, 13, 33)
(20, 14, 33)
(20, 15, 30)
(20, 16, 30)
(20, 17, 26)
(20, 18, 26)
(20, 19, 26)
(20, 20, 26)
(20, 21, 26)
(20, 22, 21)
(20, 23, 21)
(20, 24, 21)
(20, 25, 21)
(20, 26, 21)
(20, 27, 20)
(20, 28, 20)
(20, 29, 19)
(20, 30, 19)
(20, 31, 19)
(20, 32, 19)
(20, 33, 19)
(20, 34, 17)
(20, 35, 16)
(20, 36, 15)
(20, 37, 15)
(20, 38, 15)
(20, 39, 15)

(21, 0, 49)
(21, 1, 38)
(21, 2, 38)
(21, 3, 38)
(21, 4, 38)
(21, 5, 38)
(21, 6, 38)
(21, 7, 38)
(21, 8, 38)
(21, 9, 38)
(21, 10, 35)
(21, 11, 35)
(21, 12, 35)
(21, 13, 35)
(21, 14, 35)
(21, 15, 32)
(21, 16, 32)
(21, 17, 28)
(21, 18, 28)
(21, 19, 28)
(21, 20, 28)
(21, 21, 28)
(21, 22, 23)
(21, 23, 23)
(21, 24, 23)
(21, 25, 23)
(21, 26, 23)
(21, 27, 22)
(21, 28, 22)
(21, 29, 21)
(21, 30, 21)
(21, 31, 21)
(21, 32, 21)
(21, 33, 21)
(21, 34, 19)
(21, 35, 18)
(21, 36, 17)
(21, 37, 17)
(21, 38, 17)
(21, 39, 17)

(22, 0, 54)
(22, 1, 43)
(22, 2, 43)
(22, 3, 43)
(22, 4, 43)
(22, 5, 43)
(22, 6, 43)
(22, 7, 43)
(22, 8, 43)
(22, 9, 43)
(22, 10, 39)
(22, 11, 39)
(22, 12, 39)
(22, 13, 38)
(22, 14, 37)
(22, 15, 34)
(22, 16, 34)
(22, 17, 30)
(22, 18, 30)
(22, 19, 30)
(22, 20, 30)
(22, 21, 30)
(22, 22, 25)
(22, 23, 25)
(22, 24, 25)
(22, 25, 25)
(22, 26, 25)
(22, 27, 24)
(22, 28, 24)
(22, 29, 23)
(22, 30, 23)
(22, 31, 23)
(22, 32, 23)
(22, 33, 23)
(22, 34, 21)
(22, 35, 20)
(22, 36, 19)
(22, 37, 19)
(22, 38, 19)
(22, 39, 19)

(23, 0, 54)
(23, 1, 43)
(23, 2, 43)
(23, 3, 43)
(23, 4, 43)
(23, 5, 43)
(23, 6, 43)
(23, 7, 43)
(23, 8, 43)
(23, 9, 43)
(23, 10, 39)
(23, 11, 39)
(23, 12, 39)
(23, 13, 38)
(23, 14, 37)
(23, 15, 34)
(23, 16, 34)
(23, 17, 30)
(23, 18, 30)
(23, 19, 30)
(23, 20, 30)
(23, 21, 30)
(23, 22, 25)
(23, 23, 25)
(23, 24, 25)
(23, 25, 25)
(23, 26, 25)
(23, 27, 24)
(23, 28, 24)
(23, 29, 23)
(23, 30, 23)
(23, 31, 23)
(23, 32, 23)
(23, 33, 23)
(23, 34, 21)
(23, 35, 20)
(23, 36, 19)
(23, 37, 19)
(23, 38, 19)
(23, 39, 19)

(24, 0, 54)
(24, 1, 43)
(24, 2, 43)
(24, 3, 43)
(24, 4, 43)
(24, 5, 43)
(24, 6, 43)
(24, 7, 43)
(24, 8, 43)
(24, 9, 43)
(24, 10, 39)
(24, 11, 39)
(24, 12, 39)
(24, 13, 38)
(24, 14, 37)
(24, 15, 34)
(24, 16, 34)
(24, 17, 30)
(24, 18, 30)
(24, 19, 30)
(24, 20, 30)
(24, 21, 30)
(24, 22, 25)
(24, 23, 25)
(24, 24, 25)
(24, 25, 25)
(24, 26, 25)
(24, 27, 24)
(24, 28, 24)
(24, 29, 23)
(24, 30, 23)
(24, 31, 23)
(24, 32, 23)
(24, 33, 23)
(24, 34, 21)
(24, 35, 20)
(24, 36, 19)
(24, 37, 19)
(24, 38, 19)
(24, 39, 19)

(25, 0, 54)
(25, 1, 43)
(25, 2, 43)
(25, 3, 43)
(25, 4, 43)
(25, 5, 43)
(25, 6, 43)
(25, 7, 43)
(25, 8, 43)
(25, 9, 43)
(25, 10, 39)
(25, 11, 39)
(25, 12, 39)
(25, 13, 38)
(25, 14, 37)
(25, 15, 34)
(25, 16, 34)
(25, 17, 30)
(25, 18, 30)
(25, 19, 30)
(25, 20, 30)
(25, 21, 30)
(25, 22, 25)
(25, 23, 25)
(25, 24, 25)
(25, 25, 25)
(25, 26, 25)
(25, 27, 24)
(25, 28, 24)
(25, 29, 23)
(25, 30, 23)
(25, 31, 23)
(25, 32, 23)
(25, 33, 23)
(25, 34, 21)
(25, 35, 20)
(25, 36, 19)
(25, 37, 19)
(25, 38, 19)
(25, 39, 19)

(26, 0, 54)
(26, 1, 43)
(26, 2, 43)
(26, 3, 43)
(26, 4, 43)
(26, 5, 43)
(26, 6, 43)
(26, 7, 43)
(26, 8, 43)
(26, 9, 43)
(26, 10, 39)
(26, 11, 39)
(26, 12, 39)
(26, 13, 38)
(26, 14, 37)
(26, 15, 34)
(26, 16, 34)
(26, 17, 30)
(26, 18, 30)
(26, 19, 30)
(26, 20, 30)
(26, 21, 30)
(26, 22, 25)
(26, 23, 25)
(26, 24, 25)
(26, 25, 25)
(26, 26, 25)
(26, 27, 24)
(26, 28, 24)
(26, 29, 23)
(26, 30, 23)
(26, 31, 23)
(26, 32, 23)
(26, 33, 23)
(26, 34, 21)
(26, 35, 20)
(26, 36, 19)
(26, 37, 19)
(26, 38, 19)
(26, 39, 19)

(27, 0, 54)
(27, 1, 43)
(27, 2, 43)
(27, 3, 43)
(27, 4, 43)
(27, 5, 43)
(27, 6, 43)
(27, 7, 43)
(27, 8, 43)
(27, 9, 43)
(27, 10, 39)
(27, 11, 39)
(27, 12, 39)
(27, 13, 38)
(27, 14, 37)
(27, 15, 34)
(27, 16, 34)
(27, 17, 30)
(27, 18, 30)
(27, 19, 30)
(27, 20, 30)
(27, 21, 30)
(27, 22, 25)
(27, 23, 25)
(27, 24, 25)
(27, 25, 25)
(27, 26, 25)
(27, 27, 24)
(27, 28, 24)
(27, 29, 23)
(27, 30, 23)
(27, 31, 23)
(27, 32, 23)
(27, 33, 23)
(27, 34, 21)
(27, 35, 20)
(27, 36, 19)
(27, 37, 19)
(27, 38, 19)
(27, 39, 19)

(28, 0, 56)
(28, 1, 44)
(28, 2, 44)
(28, 3, 44)
(28, 4, 44)
(28, 5, 44)
(28, 6, 44)
(28, 7, 44)
(28, 8, 44)
(28, 9, 44)
(28, 10, 40)
(28, 11, 40)
(28, 12, 40)
(28, 13, 39)
(28, 14, 38)
(28, 15, 35)
(28, 16, 35)
(28, 17, 31)
(28, 18, 31)
(28, 19, 31)
(28, 20, 31)
(28, 21, 31)
(28, 22, 26)
(28, 23, 26)
(28, 24, 26)
(28, 25, 26)
(28, 26, 26)
(28, 27, 25)
(28, 28, 25)
(28, 29, 24)
(28, 30, 24)
(28, 31, 24)
(28, 32, 24)
(28, 33, 24)
(28, 34, 22)
(28, 35, 21)
(28, 36, 20)
(28, 37, 20)
(28, 38, 20)
(28, 39, 20)

(29, 0, 59)
(29, 1, 46)
(29, 2, 46)
(29, 3, 46)
(29, 4, 46)
(29, 5, 46)
(29, 6, 46)
(29, 7, 46)
(29, 8, 46)
(29, 9, 46)
(29, 10, 42)
(29, 11, 42)
(29, 12, 42)
(29, 13, 41)
(29, 14, 40)
(29, 15, 37)
(29, 16, 37)
(29, 17, 32)
(29, 18, 32)
(29, 19, 32)
(29, 20, 32)
(29, 21, 32)
(29, 22, 27)
(29, 23, 27)
(29, 24, 27)
(29, 25, 27)
(29, 26, 27)
(29, 27, 26)
(29, 28, 26)
(29, 29, 25)
(29, 30, 25)
(29, 31, 25)
(29, 32, 25)
(29, 33, 25)
(29, 34, 23)
(29, 35, 22)
(29, 36, 21)
(29, 37, 21)
(29, 38, 21)
(29, 39, 21)

(30, 0, 66)
(30, 1, 50)
(30, 2, 50)
(30, 3, 50)
(30, 4, 50)
(30, 5, 50)
(30, 6, 50)
(30, 7, 50)
(30, 8, 50)
(30, 9, 50)
(30, 10, 46)
(30, 11, 46)
(30, 12, 46)
(30, 13, 45)
(30, 14, 44)
(30, 15, 41)
(30, 16, 41)
(30, 17, 35)
(30, 18, 35)
(30, 19, 35)
(30, 20, 34)
(30, 21, 34)
(30, 22, 29)
(30, 23, 29)
(30, 24, 29)
(30, 25, 29)
(30, 26, 29)
(30, 27, 28)
(30, 28, 28)
(30, 29, 27)
(30, 30, 26)
(30, 31, 26)
(30, 32, 26)
(30, 33, 26)
(30, 34, 24)
(30, 35, 23)
(30, 36, 22)
(30, 37, 22)
(30, 38, 22)
(30, 39, 22)

(31, 0, 67)
(31, 1, 51)
(31, 2, 51)
(31, 3, 51)
(31, 4, 51)
(31, 5, 51)
(31, 6, 51)
(31, 7, 51)
(31, 8, 51)
(31, 9, 51)
(31, 10, 47)
(31, 11, 47)
(31, 12, 47)
(31, 13, 46)
(31, 14, 45)
(31, 15, 42)
(31, 16, 42)
(31, 17, 36)
(31, 18, 36)
(31, 19, 36)
(31, 20, 35)
(31, 21, 35)
(31, 22, 30)
(31, 23, 30)
(31, 24, 30)
(31, 25, 30)
(31, 26, 30)
(31, 27, 29)
(31, 28, 29)
(31, 29, 28)
(31, 30, 27)
(31, 31, 27)
(31, 32, 27)
(31, 33, 27)
(31, 34, 25)
(31, 35, 24)
(31, 36, 23)
(31, 37, 23)
(31, 38, 23)
(31, 39, 23)

(32, 0, 68)
(32, 1, 52)
(32, 2, 52)
(32, 3, 52)
(32, 4, 52)
(32, 5, 52)
(32, 6, 52)
(32, 7, 52)
(32, 8, 52)
(32, 9, 52)
(32, 10, 48)
(32, 11, 48)
(32, 12, 48)
(32, 13, 47)
(32, 14, 46)
(32, 15, 43)
(32, 16, 43)
(32, 17, 37)
(32, 18, 37)
(32, 19, 37)
(32, 20, 36)
(32, 21, 36)
(32, 22, 31)
(32, 23, 31)
(32, 24, 31)
(32, 25, 31)
(32, 26, 31)
(32, 27, 30)
(32, 28, 30)
(32, 29, 29)
(32, 30, 28)
(32, 31, 28)
(32, 32, 28)
(32, 33, 28)
(32, 34, 26)
(32, 35, 25)
(32, 36, 24)
(32, 37, 24)
(32, 38, 24)
(32, 39, 24)

(33, 0, 73)
(33, 1, 55)
(33, 2, 55)
(33, 3, 55)
(33, 4, 55)
(33, 5, 55)
(33, 6, 55)
(33, 7, 55)
(33, 8, 55)
(33, 9, 55)
(33, 10, 51)
(33, 11, 51)
(33, 12, 51)
(33, 13, 50)
(33, 14, 49)
(33, 15, 46)
(33, 16, 46)
(33, 17, 39)
(33, 18, 39)
(33, 19, 39)
(33, 20, 38)
(33, 21, 38)
(33, 22, 33)
(33, 23, 33)
(33, 24, 33)
(33, 25, 33)
(33, 26, 33)
(33, 27, 32)
(33, 28, 32)
(33, 29, 31)
(33, 30, 30)
(33, 31, 30)
(33, 32, 30)
(33, 33, 30)
(33, 34, 28)
(33, 35, 27)
(33, 36, 26)
(33, 37, 26)
(33, 38, 26)
(33, 39, 26)

(34, 0, 77)
(34, 1, 59)
(34, 2, 59)
(34, 3, 59)
(34, 4, 59)
(34, 5, 59)
(34, 6, 59)
(34, 7, 59)
(34, 8, 59)
(34, 9, 59)
(34, 10, 54)
(34, 11, 54)
(34, 12, 54)
(34, 13, 53)
(34, 14, 52)
(34, 15, 49)
(34, 16, 49)
(34, 17, 42)
(34, 18, 42)
(34, 19, 42)
(34, 20, 41)
(34, 21, 41)
(34, 22, 36)
(34, 23, 36)
(34, 24, 36)
(34, 25, 36)
(34, 26, 36)
(34, 27, 35)
(34, 28, 35)
(34, 29, 34)
(34, 30, 33)
(34, 31, 33)
(34, 32, 32)
(34, 33, 32)
(34, 34, 30)
(34, 35, 29)
(34, 36, 28)
(34, 37, 28)
(34, 38, 28)
(34, 39, 28)

(35, 0, 87)
(35, 1, 65)
(35, 2, 65)
(35, 3, 65)
(35, 4, 65)
(35, 5, 65)
(35, 6, 65)
(35, 7, 65)
(35, 8, 65)
(35, 9, 65)
(35, 10, 59)
(35, 11, 59)
(35, 12, 59)
(35, 13, 58)
(35, 14, 57)
(35, 15, 54)
(35, 16, 54)
(35, 17, 46)
(35, 18, 46)
(35, 19, 46)
(35, 20, 44)
(35, 21, 44)
(35, 22, 39)
(35, 23, 39)
(35, 24, 39)
(35, 25, 39)
(35, 26, 39)
(35, 27, 38)
(35, 28, 38)
(35, 29, 37)
(35, 30, 36)
(35, 31, 36)
(35, 32, 35)
(35, 33, 35)
(35, 34, 33)
(35, 35, 32)
(35, 36, 31)
(35, 37, 31)
(35, 38, 31)
(35, 39, 31)

(36, 0, 96)
(36, 1, 74)
(36, 2, 74)
(36, 3, 74)
(36, 4, 74)
(36, 5, 74)
(36, 6, 74)
(36, 7, 74)
(36, 8, 74)
(36, 9, 74)
(36, 10, 66)
(36, 11, 66)
(36, 12, 66)
(36, 13, 65)
(36, 14, 64)
(36, 15, 61)
(36, 16, 61)
(36, 17, 53)
(36, 18, 53)
(36, 19, 52)
(36, 20, 48)
(36, 21, 47)
(36, 22, 40)
(36, 23, 40)
(36, 24, 40)
(36, 25, 40)
(36, 26, 40)
(36, 27, 39)
(36, 28, 39)
(36, 29, 38)
(36, 30, 37)
(36, 31, 37)
(36, 32, 35)
(36, 33, 35)
(36, 34, 33)
(36, 35, 32)
(36, 36, 31)
(36, 37, 31)
(36, 38, 31)
(36, 39, 31)

(37, 0, 98)
(37, 1, 76)
(37, 2, 76)
(37, 3, 76)
(37, 4, 76)
(37, 5, 76)
(37, 6, 76)
(37, 7, 76)
(37, 8, 76)
(37, 9, 76)
(37, 10, 68)
(37, 11, 68)
(37, 12, 68)
(37, 13, 67)
(37, 14, 64)
(37, 15, 61)
(37, 16, 61)
(37, 17, 53)
(37, 18, 53)
(37, 19, 52)
(37, 20, 48)
(37, 21, 47)
(37, 22, 40)
(37, 23, 40)
(37, 24, 40)
(37, 25, 40)
(37, 26, 40)
(37, 27, 39)
(37, 28, 39)
(37, 29, 38)
(37, 30, 37)
(37, 31, 37)
(37, 32, 35)
(37, 33, 35)
(37, 34, 33)
(37, 35, 32)
(37, 36, 31)
(37, 37, 31)
(37, 38, 31)
(37, 39, 31)

(38, 0, 99)
(38, 1, 77)
(38, 2, 77)
(38, 3, 77)
(38, 4, 77)
(38, 5, 77)
(38, 6, 77)
(38, 7, 77)
(38, 8, 77)
(38, 9, 77)
(38, 10, 69)
(38, 11, 69)
(38, 12, 69)
(38, 13, 68)
(38, 14, 65)
(38, 15, 62)
(38, 16, 62)
(38, 17, 54)
(38, 18, 54)
(38, 19, 53)
(38, 20, 49)
(38, 21, 48)
(38, 22, 41)
(38, 23, 41)
(38, 24, 41)
(38, 25, 41)
(38, 26, 41)
(38, 27, 40)
(38, 28, 40)
(38, 29, 39)
(38, 30, 38)
(38, 31, 38)
(38, 32, 36)
(38, 33, 36)
(38, 34, 34)
(38, 35, 33)
(38, 36, 32)
(38, 37, 32)
(38, 38, 32)
(38, 39, 32)

(39, 0, 101)
(39, 1, 79)
(39, 2, 79)
(39, 3, 79)
(39, 4, 79)
(39, 5, 79)
(39, 6, 79)
(39, 7, 79)
(39, 8, 79)
(39, 9, 79)
(39, 10, 71)
(39, 11, 71)
(39, 12, 71)
(39, 13, 70)
(39, 14, 67)
(39, 15, 64)
(39, 16, 64)
(39, 17, 56)
(39, 18, 56)
(39, 19, 55)
(39, 20, 51)
(39, 21, 50)
(39, 22, 42)
(39, 23, 42)
(39, 24, 42)
(39, 25, 42)
(39, 26, 42)
(39, 27, 41)
(39, 28, 41)
(39, 29, 40)
(39, 30, 39)
(39, 31, 39)
(39, 32, 36)
(39, 33, 36)
(39, 34, 34)
(39, 35, 33)
(39, 36, 32)
(39, 37, 32)
(39, 38, 32)
(39, 39, 32)


Betti numbers:
xi_0:
(0, 0, 2)
(1, 0, 11)
(2, 0, 7)
(3, 0, 5)
(4, 0, 6)
(5, 0, 2)
(6, 0, 5)
(7, 0, 6)
(18, 0, 1)
(19, 0, 1)
(21, 0, 3)
(22, 0, 5)
(28, 0, 2)
(29, 0, 3)
(30, 0, 7)
(31, 0, 1)
(32, 0, 1)
(33, 0, 5)
(34, 0, 4)
(35, 0, 10)
(36, 0, 9)
(37, 0, 2)
(38, 0, 1)
(39, 0, 2)
xi_1:
(1, 1, 2)
(1, 22, 1)
(1, 27, 1)
(1, 34, 2)
(2, 1, 4)
(2, 17, 2)
(3, 1, 3)
(3, 17, 1)
(3, 29, 1)
(4, 1, 2)
(4, 17, 1)
(4, 22, 1)
(5, 35, 1)
(6, 10, 1)
(6, 22, 1)
(7, 10, 1)
(7, 15, 3)
(7, 22, 2)
(7, 36, 1)
(21, 10, 1)
(22, 10, 1)
(22, 13, 1)
(22, 14, 1)
(28, 1, 1)
(29, 1, 1)
(29, 17, 1)
(30, 1, 3)
(30, 17, 1)
(30, 20, 1)
(30, 30, 1)
(33, 1, 2)
(33, 17, 1)
(34, 10, 1)
(34, 32, 1)
(35, 1, 4)
(35, 10, 1)
(35, 17, 1)
(35, 20, 1)
(36, 10, 2)
(36, 19, 1)
(36, 20, 2)
(36, 21, 1)
(36, 22, 2)
(36, 32, 1)
(37, 14, 2)
(39, 22, 1)
(39, 32, 1)
xi_2:
