x-grades
-676852253249063361/400000000000000000
-333606620186727401/200000000000000000
-657574227497846243/400000000000000000
-161983803655559421/100000000000000000
-5106369613973033/3200000000000000
-314328594435510283/200000000000000000
-619018175995412007/400000000000000000
-76172395389975431/50000000000000000
-599740150244194889/400000000000000000
-59010113736858633/40000000000000000
-580462124492977771/400000000000000000
-142705777904342303/100000000000000000
-561184098741760653/400000000000000000
-275772542933076047/200000000000000000
-108381214598108707/80000000000000000
-8316672814295859/6250000000000000
-522628047239326417/400000000000000000
-256494517181858929/200000000000000000
-503350021488109299/400000000000000000
-24685550430625037/20000000000000000
-484071995736892181/400000000000000000
-237216491430641811/200000000000000000
-464793969985675063/400000000000000000
-56894369638758313/50000000000000000
-89103188846891589/80000000000000000
-217938465679424693/200000000000000000
-426237918483240827/400000000000000000
-104149726401908067/100000000000000000
-406959892732023709/400000000000000000
-7946417597128303/8000000000000000
-387681866980806591/400000000000000000
-23627678381574877/25000000000000000
-368403841229589473/400000000000000000
-179382414176990457/200000000000000000
-69825163095674471/80000000000000000
-84871700650690949/100000000000000000
-329847789727155237/400000000000000000
-160104388425773339/200000000000000000
-310569763975938119/400000000000000000
-7523268777508239/10000000000000000

y-grades
99999/400000
99999/200000
299997/400000
99999/100000
99999/80000
299997/200000
699993/400000
99999/50000
899991/400000
99999/40000
1099989/400000
299997/100000
1299987/400000
699993/200000
299997/80000
99999/25000
1699983/400000
899991/200000
1899981/400000
99999/20000
2099979/400000
1099989/200000
2299977/400000
299997/50000
99999/16000
1299987/200000
2699973/400000
699993/100000
2899971/400000
299997/40000
3099969/400000
99999/12500
3299967/400000
1699983/200000
699993/80000
899991/100000
3699963/400000
1899981/200000
3899961/400000
99999/10000

Dimensions > 0:
(0, 0, 1)
(0, 1, 1)
(0, 2, 1)
(0, 3, 1)
(0, 4, 1)
(0, 5, 1)
(0, 6, 1)
(0, 7, 1)
(0, 8, 1)
(0, 9, 1)
(0, 10, 1)
(0, 11, 1)
(0, 12, 1)
(0, 13, 1)
(0, 14, 1)
(0, 15, 1)
(0, 16, 1)
(0, 17, 1)
(0, 18, 1)
(0, 19, 1)
(0, 20, 1)
(0, 21, 1)
(0, 22, 1)
(0, 23, 1)
(0, 24, 1)
(0, 25, 1)
(0, 26, 1)
(0, 27, 1)
(0, 28, 1)
(0, 29, 1)
(0, 30, 1)
(0, 31, 1)
(0, 32, 1)
(0, 33, 1)
(0, 34, 1)
(0, 35, 1)
(0, 36, 1)
(0, 37, 1)
(0, 38, 1)
(0, 39, 1)

(1, 0, 2)
(1, 1, 2)
(1, 2, 2)
(1, 3, 2)
(1, 4, 2)
(1, 5, 2)
(1, 6, 2)
(1, 7, 2)
(1, 8, 2)
(1, 9, 1)
(1, 10, 1)
(1, 11, 1)
(1, 12, 1)
(1, 13, 1)
(1, 14, 1)
(1, 15, 1)
(1, 16, 1)
(1, 17, 1)
(1, 18, 1)
(1, 19, 1)
(1, 20, 1)
(1, 21, 1)
(1, 22, 1)
(1, 23, 1)
(1, 24, 1)
(1, 25, 1)
(1, 26, 1)
(1, 27, 1)
(1, 28, 1)
(1, 29, 1)
(1, 30, 1)
(1, 31, 1)
(1, 32, 1)
(1, 33, 1)
(1, 34, 1)
(1, 35, 1)
(1, 36, 1)
(1, 37, 1)
(1, 38, 1)
(1, 39, 1)

(2, 0, 7)
(2, 1, 6)
(2, 2, 4)
(2, 3, 3)
(2, 4, 3)
(2, 5, 3)
(2, 6, 3)
(2, 7, 3)
(2, 8, 3)
(2, 9, 2)
(2, 10, 2)
(2, 11, 2)
(2, 12, 2)
(2, 13, 2)
(2, 14, 2)
(2, 15, 2)
(2, 16, 2)
(2, 17, 2)
(2, 18, 2)
(2, 19, 2)
(2, 20, 2)
(2, 21, 2)
(2, 22, 2)
(2, 23, 2)
(2, 24, 2)
(2, 25, 2)
(2, 26, 2)
(2, 27, 2)
(2, 28, 2)
(2, 29, 2)
(2, 30, 2)
(2, 31, 2)
(2, 32, 2)
(2, 33, 2)
(2, 34, 2)
(2, 35, 2)
(2, 36, 2)
(2, 37, 2)
(2, 38, 2)
(2, 39, 2)

(3, 0, 15)
(3, 1, 13)
(3, 2, 11)
(3, 3, 9)
(3, 4, 7)
(3, 5, 6)
(3, 6, 5)
(3, 7, 5)
(3, 8, 5)
(3, 9, 3)
(3, 10, 2)
(3, 11, 2)
(3, 12, 2)
(3, 13, 2)
(3, 14, 2)
(3, 15, 2)
(3, 16, 2)
(3, 17, 2)
(3, 18, 2)
(3, 19, 2)
(3, 20, 2)
(3, 21, 2)
(3, 22, 2)
(3, 23, 2)
(3, 24, 2)
(3, 25, 2)
(3, 26, 2)
(3, 27, 2)
(3, 28, 2)
(3, 29, 2)
(3, 30, 2)
(3, 31, 2)
(3, 32, 2)
(3, 33, 2)
(3, 34, 2)
(3, 35, 2)
(3, 36, 2)
(3, 37, 2)
(3, 38, 2)
(3, 39, 2)

(4, 0, 29)
(4, 1, 26)
(4, 2, 22)
(4, 3, 16)
(4, 4, 12)
(4, 5, 10)
(4, 6, 9)
(4, 7, 7)
(4, 8, 6)
(4, 9, 4)
(4, 10, 3)
(4, 11, 3)
(4, 12, 3)
(4, 13, 2)
(4, 14, 2)
(4, 15, 1)
(4, 16, 1)
(4, 17, 1)
(4, 18, 1)
(4, 19, 1)
(4, 20, 1)
(4, 21, 1)
(4, 22, 1)
(4, 23, 1)
(4, 24, 1)
(4, 25, 1)
(4, 26, 1)
(4, 27, 1)
(4, 28, 1)
(4, 29, 1)
(4, 30, 1)
(4, 31, 1)
(4, 32, 1)
(4, 33, 1)
(4, 34, 1)
(4, 35, 1)
(4, 36, 1)
(4, 37, 1)
(4, 38, 1)
(4, 39, 1)

(5, 0, 36)
(5, 1, 31)
(5, 2, 27)
(5, 3, 21)
(5, 4, 16)
(5, 5, 11)
(5, 6, 9)
(5, 7, 7)
(5, 8, 6)
(5, 9, 3)
(5, 10, 3)
(5, 11, 3)
(5, 12, 3)
(5, 13, 2)
(5, 14, 2)
(5, 15, 1)
(5, 16, 1)
(5, 17, 1)
(5, 18, 1)
(5, 19, 1)
(5, 20, 1)
(5, 21, 1)
(5, 22, 1)
(5, 23, 1)
(5, 24, 1)
(5, 25, 1)
(5, 26, 1)
(5, 27, 1)
(5, 28, 1)
(5, 29, 1)
(5, 30, 1)
(5, 31, 1)
(5, 32, 1)
(5, 33, 1)
(5, 34, 1)
(5, 35, 1)
(5, 36, 1)
(5, 37, 1)
(5, 38, 1)
(5, 39, 1)

(6, 0, 45)
(6, 1, 39)
(6, 2, 34)
(6, 3, 28)
(6, 4, 21)
(6, 5, 15)
(6, 6, 11)
(6, 7, 8)
(6, 8, 7)
(6, 9, 4)
(6, 10, 4)
(6, 11, 3)
(6, 12, 3)
(6, 13, 2)
(6, 14, 1)
(6, 15, 1)
(6, 16, 1)
(6, 17, 1)
(6, 18, 1)
(6, 19, 1)
(6, 20, 1)
(6, 21, 1)
(6, 22, 1)
(6, 23, 1)
(6, 24, 1)
(6, 25, 1)
(6, 26, 1)
(6, 27, 1)
(6, 28, 1)
(6, 29, 1)
(6, 30, 1)
(6, 31, 1)
(6, 32, 1)
(6, 33, 1)
(6, 34, 1)
(6, 35, 1)
(6, 36, 1)
(6, 37, 1)
(6, 38, 1)
(6, 39, 1)

(7, 0, 63)
(7, 1, 52)
(7, 2, 43)
(7, 3, 36)
(7, 4, 26)
(7, 5, 19)
(7, 6, 13)
(7, 7, 10)
(7, 8, 9)
(7, 9, 6)
(7, 10, 6)
(7, 11, 5)
(7, 12, 5)
(7, 13, 4)
(7, 14, 3)
(7, 15, 3)
(7, 16, 3)
(7, 17, 3)
(7, 18, 3)
(7, 19, 3)
(7, 20, 3)
(7, 21, 3)
(7, 22, 3)
(7, 23, 3)
(7, 24, 3)
(7, 25, 3)
(7, 26, 3)
(7, 27, 3)
(7, 28, 3)
(7, 29, 3)
(7, 30, 3)
(7, 31, 2)
(7, 32, 2)
(7, 33, 2)
(7, 34, 2)
(7, 35, 2)
(7, 36, 2)
(7, 37, 2)
(7, 38, 2)
(7, 39, 2)

(8, 0, 95)
(8, 1, 67)
(8, 2, 54)
(8, 3, 47)
(8, 4, 36)
(8, 5, 27)
(8, 6, 17)
(8, 7, 12)
(8, 8, 11)
(8, 9, 8)
(8, 10, 8)
(8, 11, 6)
(8, 12, 6)
(8, 13, 5)
(8, 14, 4)
(8, 15, 4)
(8, 16, 4)
(8, 17, 4)
(8, 18, 3)
(8, 19, 3)
(8, 20, 3)
(8, 21, 3)
(8, 22, 3)
(8, 23, 3)
(8, 24, 3)
(8, 25, 3)
(8, 26, 3)
(8, 27, 3)
(8, 28, 3)
(8, 29, 3)
(8, 30, 3)
(8, 31, 3)
(8, 32, 3)
(8, 33, 3)
(8, 34, 3)
(8, 35, 3)
(8, 36, 3)
(8, 37, 3)
(8, 38, 3)
(8, 39, 3)

(9, 0, 118)
(9, 1, 84)
(9, 2, 64)
(9, 3, 55)
(9, 4, 42)
(9, 5, 30)
(9, 6, 18)
(9, 7, 13)
(9, 8, 12)
(9, 9, 8)
(9, 10, 7)
(9, 11, 5)
(9, 12, 5)
(9, 13, 4)
(9, 14, 3)
(9, 15, 3)
(9, 16, 3)
(9, 17, 3)
(9, 18, 3)
(9, 19, 3)
(9, 20, 3)
(9, 21, 3)
(9, 22, 3)
(9, 23, 3)
(9, 24, 3)
(9, 25, 3)
(9, 26, 3)
(9, 27, 3)
(9, 28, 3)
(9, 29, 3)
(9, 30, 3)
(9, 31, 3)
(9, 32, 3)
(9, 33, 3)
(9, 34, 3)
(9, 35, 3)
(9, 36, 3)
(9, 37, 3)
(9, 38, 3)
(9, 39, 3)

(10, 0, 136)
(10, 1, 97)
(10, 2, 77)
(10, 3, 64)
(10, 4, 49)
(10, 5, 36)
(10, 6, 20)
(10, 7, 14)
(10, 8, 12)
(10, 9, 8)
(10, 10, 8)
(10, 11, 6)
(10, 12, 6)
(10, 13, 4)
(10, 14, 3)
(10, 15, 3)
(10, 16, 3)
(10, 17, 3)
(10, 18, 3)
(10, 19, 3)
(10, 20, 3)
(10, 21, 3)
(10, 22, 3)
(10, 23, 3)
(10, 24, 3)
(10, 25, 3)
(10, 26, 3)
(10, 27, 3)
(10, 28, 3)
(10, 29, 3)
(10, 30, 3)
(10, 31, 3)
(10, 32, 3)
(10, 33, 3)
(10, 34, 3)
(10, 35, 3)
(10, 36, 3)
(10, 37, 3)
(10, 38, 3)
(10, 39, 3)

(11, 0, 163)
(11, 1, 119)
(11, 2, 92)
(11, 3, 74)
(11, 4, 56)
(11, 5, 43)
(11, 6, 24)
(11, 7, 18)
(11, 8, 15)
(11, 9, 11)
(11, 10, 11)
(11, 11, 9)
(11, 12, 9)
(11, 13, 7)
(11, 14, 6)
(11, 15, 6)
(11, 16, 6)
(11, 17, 4)
(11, 18, 4)
(11, 19, 4)
(11, 20, 4)
(11, 21, 4)
(11, 22, 4)
(11, 23, 3)
(11, 24, 3)
(11, 25, 3)
(11, 26, 3)
(11, 27, 3)
(11, 28, 3)
(11, 29, 3)
(11, 30, 3)
(11, 31, 3)
(11, 32, 3)
(11, 33, 3)
(11, 34, 2)
(11, 35, 2)
(11, 36, 2)
(11, 37, 2)
(11, 38, 2)
(11, 39, 2)

(12, 0, 186)
(12, 1, 136)
(12, 2, 104)
(12, 3, 85)
(12, 4, 65)
(12, 5, 49)
(12, 6, 27)
(12, 7, 19)
(12, 8, 16)
(12, 9, 11)
(12, 10, 11)
(12, 11, 9)
(12, 12, 9)
(12, 13, 7)
(12, 14, 6)
(12, 15, 5)
(12, 16, 4)
(12, 17, 4)
(12, 18, 4)
(12, 19, 4)
(12, 20, 4)
(12, 21, 4)
(12, 22, 4)
(12, 23, 4)
(12, 24, 4)
(12, 25, 4)
(12, 26, 4)
(12, 27, 4)
(12, 28, 3)
(12, 29, 3)
(12, 30, 3)
(12, 31, 3)
(12, 32, 3)
(12, 33, 3)
(12, 34, 3)
(12, 35, 3)
(12, 36, 3)
(12, 37, 3)
(12, 38, 3)
(12, 39, 3)

(13, 0, 211)
(13, 1, 153)
(13, 2, 114)
(13, 3, 93)
(13, 4, 70)
(13, 5, 54)
(13, 6, 29)
(13, 7, 21)
(13, 8, 17)
(13, 9, 12)
(13, 10, 12)
(13, 11, 10)
(13, 12, 10)
(13, 13, 8)
(13, 14, 7)
(13, 15, 6)
(13, 16, 5)
(13, 17, 5)
(13, 18, 5)
(13, 19, 5)
(13, 20, 5)
(13, 21, 5)
(13, 22, 4)
(13, 23, 4)
(13, 24, 4)
(13, 25, 4)
(13, 26, 4)
(13, 27, 4)
(13, 28, 4)
(13, 29, 4)
(13, 30, 4)
(13, 31, 4)
(13, 32, 4)
(13, 33, 4)
(13, 34, 4)
(13, 35, 4)
(13, 36, 4)
(13, 37, 4)
(13, 38, 4)
(13, 39, 4)

(14, 0, 251)
(14, 1, 180)
(14, 2, 135)
(14, 3, 110)
(14, 4, 84)
(14, 5, 65)
(14, 6, 38)
(14, 7, 26)
(14, 8, 22)
(14, 9, 16)
(14, 10, 15)
(14, 11, 13)
(14, 12, 11)
(14, 13, 9)
(14, 14, 8)
(14, 15, 7)
(14, 16, 5)
(14, 17, 5)
(14, 18, 5)
(14, 19, 5)
(14, 20, 5)
(14, 21, 5)
(14, 22, 5)
(14, 23, 5)
(14, 24, 5)
(14, 25, 4)
(14, 26, 4)
(14, 27, 4)
(14, 28, 4)
(14, 29, 4)
(14, 30, 4)
(14, 31, 4)
(14, 32, 4)
(14, 33, 4)
(14, 34, 4)
(14, 35, 4)
(14, 36, 4)
(14, 37, 4)
(14, 38, 4)
(14, 39, 4)

(15, 0, 279)
(15, 1, 206)
(15, 2, 151)
(15, 3, 122)
(15, 4, 94)
(15, 5, 71)
(15, 6, 39)
(15, 7, 27)
(15, 8, 22)
(15, 9, 16)
(15, 10, 15)
(15, 11, 12)
(15, 12, 10)
(15, 13, 7)
(15, 14, 6)
(15, 15, 5)
(15, 16, 5)
(15, 17, 5)
(15, 18, 5)
(15, 19, 5)
(15, 20, 5)
(15, 21, 5)
(15, 22, 5)
(15, 23, 4)
(15, 24, 4)
(15, 25, 4)
(15, 26, 4)
(15, 27, 4)
(15, 28, 4)
(15, 29, 4)
(15, 30, 4)
(15, 31, 4)
(15, 32, 4)
(15, 33, 4)
(15, 34, 4)
(15, 35, 4)
(15, 36, 4)
(15, 37, 4)
(15, 38, 4)
(15, 39, 4)

(16, 0, 310)
(16, 1, 229)
(16, 2, 168)
(16, 3, 134)
(16, 4, 99)
(16, 5, 77)
(16, 6, 44)
(16, 7, 28)
(16, 8, 23)
(16, 9, 16)
(16, 10, 15)
(16, 11, 12)
(16, 12, 10)
(16, 13, 7)
(16, 14, 6)
(16, 15, 5)
(16, 16, 5)
(16, 17, 5)
(16, 18, 5)
(16, 19, 5)
(16, 20, 5)
(16, 21, 5)
(16, 22, 5)
(16, 23, 4)
(16, 24, 4)
(16, 25, 4)
(16, 26, 4)
(16, 27, 4)
(16, 28, 4)
(16, 29, 4)
(16, 30, 4)
(16, 31, 4)
(16, 32, 4)
(16, 33, 4)
(16, 34, 4)
(16, 35, 4)
(16, 36, 4)
(16, 37, 4)
(16, 38, 4)
(16, 39, 4)

(17, 0, 338)
(17, 1, 250)
(17, 2, 183)
(17, 3, 141)
(17, 4, 107)
(17, 5, 83)
(17, 6, 50)
(17, 7, 33)
(17, 8, 27)
(17, 9, 18)
(17, 10, 15)
(17, 11, 12)
(17, 12, 10)
(17, 13, 7)
(17, 14, 6)
(17, 15, 5)
(17, 16, 5)
(17, 17, 5)
(17, 18, 5)
(17, 19, 5)
(17, 20, 5)
(17, 21, 5)
(17, 22, 5)
(17, 23, 4)
(17, 24, 4)
(17, 25, 4)
(17, 26, 4)
(17, 27, 4)
(17, 28, 4)
(17, 29, 4)
(17, 30, 4)
(17, 31, 4)
(17, 32, 4)
(17, 33, 4)
(17, 34, 4)
(17, 35, 4)
(17, 36, 4)
(17, 37, 4)
(17, 38, 4)
(17, 39, 4)

(18, 0, 361)
(18, 1, 264)
(18, 2, 193)
(18, 3, 150)
(18, 4, 116)
(18, 5, 91)
(18, 6, 58)
(18, 7, 38)
(18, 8, 32)
(18, 9, 22)
(18, 10, 18)
(18, 11, 15)
(18, 12, 12)
(18, 13, 8)
(18, 14, 7)
(18, 15, 6)
(18, 16, 6)
(18, 17, 6)
(18, 18, 6)
(18, 19, 6)
(18, 20, 6)
(18, 21, 6)
(18, 22, 6)
(18, 23, 5)
(18, 24, 5)
(18, 25, 5)
(18, 26, 5)
(18, 27, 5)
(18, 28, 5)
(18, 29, 4)
(18, 30, 4)
(18, 31, 4)
(18, 32, 4)
(18, 33, 4)
(18, 34, 4)
(18, 35, 4)
(18, 36, 4)
(18, 37, 4)
(18, 38, 4)
(18, 39, 4)

(19, 0, 391)
(19, 1, 286)
(19, 2, 206)
(19, 3, 161)
(19, 4, 125)
(19, 5, 97)
(19, 6, 62)
(19, 7, 38)
(19, 8, 32)
(19, 9, 23)
(19, 10, 18)
(19, 11, 14)
(19, 12, 12)
(19, 13, 8)
(19, 14, 7)
(19, 15, 6)
(19, 16, 6)
(19, 17, 6)
(19, 18, 6)
(19, 19, 6)
(19, 20, 5)
(19, 21, 5)
(19, 22, 5)
(19, 23, 4)
(19, 24, 4)
(19, 25, 4)
(19, 26, 4)
(19, 27, 4)
(19, 28, 4)
(19, 29, 4)
(19, 30, 4)
(19, 31, 4)
(19, 32, 4)
(19, 33, 4)
(19, 34, 4)
(19, 35, 4)
(19, 36, 4)
(19, 37, 4)
(19, 38, 4)
(19, 39, 4)

(20, 0, 435)
(20, 1, 313)
(20, 2, 223)
(20, 3, 170)
(20, 4, 134)
(20, 5, 105)
(20, 6, 68)
(20, 7, 44)
(20, 8, 38)
(20, 9, 28)
(20, 10, 23)
(20, 11, 19)
(20, 12, 16)
(20, 13, 12)
(20, 14, 11)
(20, 15, 9)
(20, 16, 9)
(20, 17, 9)
(20, 18, 8)
(20, 19, 8)
(20, 20, 7)
(20, 21, 7)
(20, 22, 7)
(20, 23, 6)
(20, 24, 6)
(20, 25, 6)
(20, 26, 6)
(20, 27, 6)
(20, 28, 6)
(20, 29, 6)
(20, 30, 6)
(20, 31, 6)
(20, 32, 6)
(20, 33, 6)
(20, 34, 6)
(20, 35, 6)
(20, 36, 6)
(20, 37, 6)
(20, 38, 6)
(20, 39, 6)

(21, 0, 468)
(21, 1, 334)
(21, 2, 236)
(21, 3, 182)
(21, 4, 142)
(21, 5, 111)
(21, 6, 72)
(21, 7, 47)
(21, 8, 40)
(21, 9, 30)
(21, 10, 24)
(21, 11, 20)
(21, 12, 17)
(21, 13, 13)
(21, 14, 12)
(21, 15, 11)
(21, 16, 11)
(21, 17, 11)
(21, 18, 9)
(21, 19, 9)
(21, 20, 9)
(21, 21, 9)
(21, 22, 9)
(21, 23, 8)
(21, 24, 8)
(21, 25, 8)
(21, 26, 8)
(21, 27, 8)
(21, 28, 8)
(21, 29, 8)
(21, 30, 7)
(21, 31, 7)
(21, 32, 7)
(21, 33, 7)
(21, 34, 7)
(21, 35, 7)
(21, 36, 7)
(21, 37, 7)
(21, 38, 7)
(21, 39, 7)

(22, 0, 490)
(22, 1, 354)
(22, 2, 255)
(22, 3, 201)
(22, 4, 158)
(22, 5, 121)
(22, 6, 79)
(22, 7, 53)
(22, 8, 43)
(22, 9, 32)
(22, 10, 25)
(22, 11, 21)
(22, 12, 18)
(22, 13, 14)
(22, 14, 13)
(22, 15, 12)
(22, 16, 12)
(22, 17, 12)
(22, 18, 10)
(22, 19, 10)
(22, 20, 10)
(22, 21, 10)
(22, 22, 10)
(22, 23, 9)
(22, 24, 9)
(22, 25, 9)
(22, 26, 9)
(22, 27, 9)
(22, 28, 9)
(22, 29, 8)
(22, 30, 8)
(22, 31, 7)
(22, 32, 7)
(22, 33, 7)
(22, 34, 7)
(22, 35, 7)
(22, 36, 7)
(22, 37, 7)
(22, 38, 7)
(22, 39, 7)

(23, 0, 515)
(23, 1, 376)
(23, 2, 273)
(23, 3, 218)
(23, 4, 169)
(23, 5, 131)
(23, 6, 85)
(23, 7, 57)
(23, 8, 48)
(23, 9, 36)
(23, 10, 29)
(23, 11, 21)
(23, 12, 18)
(23, 13, 14)
(23, 14, 13)
(23, 15, 12)
(23, 16, 12)
(23, 17, 12)
(23, 18, 10)
(23, 19, 10)
(23, 20, 10)
(23, 21, 10)
(23, 22, 10)
(23, 23, 9)
(23, 24, 9)
(23, 25, 9)
(23, 26, 9)
(23, 27, 9)
(23, 28, 9)
(23, 29, 8)
(23, 30, 8)
(23, 31, 7)
(23, 32, 7)
(23, 33, 7)
(23, 34, 7)
(23, 35, 7)
(23, 36, 7)
(23, 37, 7)
(23, 38, 7)
(23, 39, 7)

(24, 0, 540)
(24, 1, 394)
(24, 2, 289)
(24, 3, 230)
(24, 4, 181)
(24, 5, 140)
(24, 6, 92)
(24, 7, 64)
(24, 8, 53)
(24, 9, 41)
(24, 10, 32)
(24, 11, 23)
(24, 12, 19)
(24, 13, 15)
(24, 14, 14)
(24, 15, 13)
(24, 16, 13)
(24, 17, 13)
(24, 18, 10)
(24, 19, 10)
(24, 20, 10)
(24, 21, 10)
(24, 22, 10)
(24, 23, 9)
(24, 24, 9)
(24, 25, 9)
(24, 26, 9)
(24, 27, 9)
(24, 28, 9)
(24, 29, 8)
(24, 30, 8)
(24, 31, 7)
(24, 32, 7)
(24, 33, 7)
(24, 34, 7)
(24, 35, 7)
(24, 36, 7)
(24, 37, 7)
(24, 38, 7)
(24, 39, 7)

(25, 0, 568)
(25, 1, 414)
(25, 2, 304)
(25, 3, 239)
(25, 4, 188)
(25, 5, 147)
(25, 6, 97)
(25, 7, 67)
(25, 8, 56)
(25, 9, 44)
(25, 10, 36)
(25, 11, 25)
(25, 12, 20)
(25, 13, 15)
(25, 14, 14)
(25, 15, 13)
(25, 16, 12)
(25, 17, 12)
(25, 18, 10)
(25, 19, 10)
(25, 20, 10)
(25, 21, 10)
(25, 22, 10)
(25, 23, 9)
(25, 24, 9)
(25, 25, 9)
(25, 26, 9)
(25, 27, 9)
(25, 28, 9)
(25, 29, 8)
(25, 30, 8)
(25, 31, 7)
(25, 32, 7)
(25, 33, 7)
(25, 34, 7)
(25, 35, 7)
(25, 36, 7)
(25, 37, 7)
(25, 38, 7)
(25, 39, 7)

(26, 0, 609)
(26, 1, 438)
(26, 2, 317)
(26, 3, 250)
(26, 4, 199)
(26, 5, 156)
(26, 6, 105)
(26, 7, 74)
(26, 8, 62)
(26, 9, 50)
(26, 10, 42)
(26, 11, 29)
(26, 12, 23)
(26, 13, 19)
(26, 14, 17)
(26, 15, 16)
(26, 16, 16)
(26, 17, 14)
(26, 18, 12)
(26, 19, 11)
(26, 20, 11)
(26, 21, 11)
(26, 22, 11)
(26, 23, 10)
(26, 24, 10)
(26, 25, 10)
(26, 26, 9)
(26, 27, 9)
(26, 28, 9)
(26, 29, 8)
(26, 30, 7)
(26, 31, 6)
(26, 32, 6)
(26, 33, 6)
(26, 34, 6)
(26, 35, 6)
(26, 36, 6)
(26, 37, 6)
(26, 38, 6)
(26, 39, 6)

(27, 0, 636)
(27, 1, 462)
(27, 2, 335)
(27, 3, 264)
(27, 4, 212)
(27, 5, 168)
(27, 6, 113)
(27, 7, 82)
(27, 8, 69)
(27, 9, 55)
(27, 10, 47)
(27, 11, 32)
(27, 12, 25)
(27, 13, 20)
(27, 14, 18)
(27, 15, 17)
(27, 16, 16)
(27, 17, 14)
(27, 18, 11)
(27, 19, 10)
(27, 20, 10)
(27, 21, 10)
(27, 22, 10)
(27, 23, 8)
(27, 24, 8)
(27, 25, 8)
(27, 26, 8)
(27, 27, 8)
(27, 28, 8)
(27, 29, 7)
(27, 30, 7)
(27, 31, 6)
(27, 32, 6)
(27, 33, 6)
(27, 34, 6)
(27, 35, 6)
(27, 36, 6)
(27, 37, 6)
(27, 38, 6)
(27, 39, 6)

(28, 0, 652)
(28, 1, 477)
(28, 2, 348)
(28, 3, 272)
(28, 4, 216)
(28, 5, 171)
(28, 6, 116)
(28, 7, 85)
(28, 8, 72)
(28, 9, 58)
(28, 10, 49)
(28, 11, 31)
(28, 12, 23)
(28, 13, 20)
(28, 14, 18)
(28, 15, 17)
(28, 16, 16)
(28, 17, 14)
(28, 18, 11)
(28, 19, 10)
(28, 20, 10)
(28, 21, 10)
(28, 22, 10)
(28, 23, 8)
(28, 24, 8)
(28, 25, 8)
(28, 26, 8)
(28, 27, 8)
(28, 28, 8)
(28, 29, 6)
(28, 30, 6)
(28, 31, 5)
(28, 32, 5)
(28, 33, 5)
(28, 34, 5)
(28, 35, 5)
(28, 36, 5)
(28, 37, 5)
(28, 38, 5)
(28, 39, 5)

(29, 0, 662)
(29, 1, 485)
(29, 2, 356)
(29, 3, 279)
(29, 4, 221)
(29, 5, 174)
(29, 6, 117)
(29, 7, 86)
(29, 8, 73)
(29, 9, 59)
(29, 10, 49)
(29, 11, 32)
(29, 12, 24)
(29, 13, 21)
(29, 14, 19)
(29, 15, 18)
(29, 16, 17)
(29, 17, 15)
(29, 18, 12)
(29, 19, 11)
(29, 20, 11)
(29, 21, 11)
(29, 22, 11)
(29, 23, 9)
(29, 24, 9)
(29, 25, 9)
(29, 26, 8)
(29, 27, 8)
(29, 28, 8)
(29, 29, 6)
(29, 30, 6)
(29, 31, 5)
(29, 32, 5)
(29, 33, 5)
(29, 34, 5)
(29, 35, 5)
(29, 36, 5)
(29, 37, 5)
(29, 38, 5)
(29, 39, 5)

(30, 0, 667)
(30, 1, 489)
(30, 2, 358)
(30, 3, 279)
(30, 4, 222)
(30, 5, 174)
(30, 6, 117)
(30, 7, 86)
(30, 8, 73)
(30, 9, 59)
(30, 10, 49)
(30, 11, 32)
(30, 12, 24)
(30, 13, 21)
(30, 14, 19)
(30, 15, 18)
(30, 16, 17)
(30, 17, 15)
(30, 18, 12)
(30, 19, 11)
(30, 20, 11)
(30, 21, 11)
(30, 22, 11)
(30, 23, 9)
(30, 24, 9)
(30, 25, 9)
(30, 26, 8)
(30, 27, 8)
(30, 28, 8)
(30, 29, 6)
(30, 30, 6)
(30, 31, 5)
(30, 32, 5)
(30, 33, 5)
(30, 34, 5)
(30, 35, 5)
(30, 36, 5)
(30, 37, 5)
(30, 38, 5)
(30, 39, 5)

(31, 0, 670)
(31, 1, 491)
(31, 2, 360)
(31, 3, 281)
(31, 4, 224)
(31, 5, 176)
(31, 6, 119)
(31, 7, 88)
(31, 8, 75)
(31, 9, 61)
(31, 10, 51)
(31, 11, 34)
(31, 12, 25)
(31, 13, 22)
(31, 14, 20)
(31, 15, 19)
(31, 16, 18)
(31, 17, 16)
(31, 18, 13)
(31, 19, 12)
(31, 20, 12)
(31, 21, 12)
(31, 22, 12)
(31, 23, 10)
(31, 24, 10)
(31, 25, 10)
(31, 26, 9)
(31, 27, 9)
(31, 28, 9)
(31, 29, 6)
(31, 30, 6)
(31, 31, 5)
(31, 32, 5)
(31, 33, 5)
(31, 34, 5)
(31, 35, 5)
(31, 36, 5)
(31, 37, 5)
(31, 38, 5)
(31, 39, 5)

(32, 0, 673)
(32, 1, 493)
(32, 2, 362)
(32, 3, 283)
(32, 4, 226)
(32, 5, 178)
(32, 6, 121)
(32, 7, 90)
(32, 8, 77)
(32, 9, 63)
(32, 10, 53)
(32, 11, 36)
(32, 12, 27)
(32, 13, 24)
(32, 14, 22)
(32, 15, 21)
(32, 16, 20)
(32, 17, 18)
(32, 18, 15)
(32, 19, 14)
(32, 20, 14)
(32, 21, 14)
(32, 22, 14)
(32, 23, 12)
(32, 24, 12)
(32, 25, 12)
(32, 26, 11)
(32, 27, 11)
(32, 28, 11)
(32, 29, 7)
(32, 30, 7)
(32, 31, 6)
(32, 32, 5)
(32, 33, 5)
(32, 34, 5)
(32, 35, 5)
(32, 36, 5)
(32, 37, 5)
(32, 38, 5)
(32, 39, 5)

(33, 0, 677)
(33, 1, 496)
(33, 2, 365)
(33, 3, 286)
(33, 4, 229)
(33, 5, 180)
(33, 6, 123)
(33, 7, 92)
(33, 8, 79)
(33, 9, 65)
(33, 10, 55)
(33, 11, 37)
(33, 12, 27)
(33, 13, 24)
(33, 14, 22)
(33, 15, 21)
(33, 16, 20)
(33, 17, 18)
(33, 18, 15)
(33, 19, 14)
(33, 20, 14)
(33, 21, 14)
(33, 22, 14)
(33, 23, 12)
(33, 24, 12)
(33, 25, 12)
(33, 26, 11)
(33, 27, 11)
(33, 28, 11)
(33, 29, 7)
(33, 30, 7)
(33, 31, 6)
(33, 32, 5)
(33, 33, 5)
(33, 34, 5)
(33, 35, 5)
(33, 36, 5)
(33, 37, 5)
(33, 38, 5)
(33, 39, 5)

(34, 0, 678)
(34, 1, 497)
(34, 2, 366)
(34, 3, 287)
(34, 4, 230)
(34, 5, 181)
(34, 6, 124)
(34, 7, 93)
(34, 8, 80)
(34, 9, 66)
(34, 10, 56)
(34, 11, 38)
(34, 12, 28)
(34, 13, 25)
(34, 14, 23)
(34, 15, 22)
(34, 16, 21)
(34, 17, 19)
(34, 18, 16)
(34, 19, 15)
(34, 20, 15)
(34, 21, 15)
(34, 22, 15)
(34, 23, 12)
(34, 24, 12)
(34, 25, 12)
(34, 26, 11)
(34, 27, 11)
(34, 28, 11)
(34, 29, 7)
(34, 30, 7)
(34, 31, 6)
(34, 32, 5)
(34, 33, 5)
(34, 34, 5)
(34, 35, 5)
(34, 36, 5)
(34, 37, 5)
(34, 38, 5)
(34, 39, 5)

(35, 0, 683)
(35, 1, 501)
(35, 2, 370)
(35, 3, 291)
(35, 4, 234)
(35, 5, 185)
(35, 6, 128)
(35, 7, 97)
(35, 8, 83)
(35, 9, 69)
(35, 10, 59)
(35, 11, 41)
(35, 12, 31)
(35, 13, 28)
(35, 14, 26)
(35, 15, 25)
(35, 16, 24)
(35, 17, 20)
(35, 18, 17)
(35, 19, 16)
(35, 20, 16)
(35, 21, 16)
(35, 22, 16)
(35, 23, 13)
(35, 24, 13)
(35, 25, 13)
(35, 26, 12)
(35, 27, 12)
(35, 28, 12)
(35, 29, 8)
(35, 30, 8)
(35, 31, 7)
(35, 32, 5)
(35, 33, 5)
(35, 34, 5)
(35, 35, 5)
(35, 36, 5)
(35, 37, 5)
(35, 38, 5)
(35, 39, 5)

(36, 0, 692)
(36, 1, 510)
(36, 2, 379)
(36, 3, 300)
(36, 4, 242)
(36, 5, 193)
(36, 6, 136)
(36, 7, 102)
(36, 8, 85)
(36, 9, 70)
(36, 10, 60)
(36, 11, 42)
(36, 12, 32)
(36, 13, 29)
(36, 14, 27)
(36, 15, 26)
(36, 16, 25)
(36, 17, 21)
(36, 18, 18)
(36, 19, 17)
(36, 20, 16)
(36, 21, 16)
(36, 22, 16)
(36, 23, 13)
(36, 24, 13)
(36, 25, 13)
(36, 26, 11)
(36, 27, 10)
(36, 28, 10)
(36, 29, 6)
(36, 30, 6)
(36, 31, 5)
(36, 32, 4)
(36, 33, 4)
(36, 34, 4)
(36, 35, 4)
(36, 36, 4)
(36, 37, 4)
(36, 38, 4)
(36, 39, 4)

(37, 0, 700)
(37, 1, 514)
(37, 2, 382)
(37, 3, 303)
(37, 4, 244)
(37, 5, 194)
(37, 6, 136)
(37, 7, 102)
(37, 8, 85)
(37, 9, 70)
(37, 10, 60)
(37, 11, 42)
(37, 12, 31)
(37, 13, 28)
(37, 14, 26)
(37, 15, 25)
(37, 16, 24)
(37, 17, 20)
(37, 18, 17)
(37, 19, 16)
(37, 20, 15)
(37, 21, 15)
(37, 22, 15)
(37, 23, 12)
(37, 24, 12)
(37, 25, 12)
(37, 26, 11)
(37, 27, 10)
(37, 28, 9)
(37, 29, 5)
(37, 30, 5)
(37, 31, 4)
(37, 32, 4)
(37, 33, 4)
(37, 34, 4)
(37, 35, 4)
(37, 36, 4)
(37, 37, 4)
(37, 38, 4)
(37, 39, 4)

(38, 0, 706)
(38, 1, 520)
(38, 2, 387)
(38, 3, 308)
(38, 4, 248)
(38, 5, 198)
(38, 6, 139)
(38, 7, 104)
(38, 8, 87)
(38, 9, 72)
(38, 10, 62)
(38, 11, 44)
(38, 12, 32)
(38, 13, 28)
(38, 14, 25)
(38, 15, 24)
(38, 16, 23)
(38, 17, 19)
(38, 18, 16)
(38, 19, 14)
(38, 20, 13)
(38, 21, 13)
(38, 22, 13)
(38, 23, 10)
(38, 24, 10)
(38, 25, 10)
(38, 26, 9)
(38, 27, 9)
(38, 28, 9)
(38, 29, 5)
(38, 30, 5)
(38, 31, 4)
(38, 32, 4)
(38, 33, 4)
(38, 34, 4)
(38, 35, 4)
(38, 36, 4)
(38, 37, 4)
(38, 38, 4)
(38, 39, 4)

(39, 0, 710)
(39, 1, 523)
(39, 2, 389)
(39, 3, 310)
(39, 4, 249)
(39, 5, 199)
(39, 6, 138)
(39, 7, 103)
(39, 8, 86)
(39, 9, 71)
(39, 10, 61)
(39, 11, 43)
(39, 12, 31)
(39, 13, 27)
(39, 14, 25)
(39, 15, 24)
(39, 16, 23)
(39, 17, 19)
(39, 18, 16)
(39, 19, 14)
(39, 20, 13)
(39, 21, 13)
(39, 22, 13)
(39, 23, 10)
(39, 24, 10)
(39, 25, 10)
(39, 26, 9)
(39, 27, 9)
(39, 28, 9)
(39, 29, 5)
(39, 30, 5)
(39, 31, 4)
(39, 32, 4)
(39, 33, 4)
(39, 34, 4)
(39, 35, 4)
(39, 36, 4)
(39, 37, 4)
(39, 38, 4)
(39, 39, 4)


Betti numbers:
xi_0:
(0, 0, 1)
(1, 0, 1)
(2, 0, 5)
(3, 0, 8)
(4, 0, 14)
(5, 0, 7)
(6, 0, 9)
(7, 0, 18)
(8, 0, 32)
(9, 0, 23)
(10, 0, 18)
(11, 0, 27)
(12, 0, 23)
(13, 0, 25)
(14, 0, 40)
(15, 0, 28)
(16, 0, 31)
(17, 0, 28)
(18, 0, 23)
(19, 0, 30)
(20, 0, 44)
(21, 0, 33)
(22, 0, 22)
(23, 0, 25)
(24, 0, 25)
(25, 0, 28)
(26, 0, 41)
(27, 0, 27)
(28, 0, 16)
(29, 0, 10)
(30, 0, 5)
(31, 0, 3)
(32, 0, 3)
(33, 0, 4)
(34, 0, 1)
(35, 0, 5)
(36, 0, 9)
(37, 0, 8)
(38, 0, 6)
(39, 0, 4)
xi_1:
(1, 9, 1)
(2, 1, 1)
(2, 2, 2)
(2, 3, 1)
(3, 1, 1)
(3, 3, 1)
(3, 4, 2)
(3, 5, 1)
(3, 6, 1)
(3, 9, 1)
(3, 10, 1)
(4, 1, 1)
(4, 2, 2)
(4, 3, 4)
(4, 4, 2)
(4, 5, 1)
(4, 7, 2)
(4, 8, 1)
(4, 9, 1)
(4, 13, 1)
(4, 15, 1)
(5, 1, 2)
(5, 4, 1)
(5, 5, 3)
(5, 6, 1)
(5, 9, 1)
(6, 1, 1)
(6, 2, 1)
(6, 4, 2)
(6, 5, 1)
(6, 6, 2)
(6, 7, 1)
(6, 9, 1)
(6, 11, 1)
(6, 14, 1)
(7, 1, 5)
(7, 2, 4)
(7, 3, 1)
(7, 4, 3)
(7, 5, 1)
(7, 6, 2)
(7, 31, 1)
(8, 1, 17)
(8, 2, 4)
(8, 4, 1)
(8, 5, 2)
(8, 6, 4)
(8, 7, 2)
(8, 11, 1)
(8, 18, 1)
(9, 1, 6)
(9, 2, 7)
(9, 3, 2)
(9, 4, 3)
(9, 5, 3)
(9, 6, 2)
(9, 7, 1)
(9, 9, 1)
(9, 10, 1)
(9, 11, 1)
(9, 14, 1)
(10, 1, 5)
(10, 3, 4)
(10, 4, 2)
(10, 5, 1)
(10, 6, 4)
(10, 7, 1)
(10, 8, 1)
(10, 13, 1)
(11, 1, 5)
(11, 2, 7)
(11, 3, 6)
(11, 4, 3)
(11, 6, 3)
(11, 8, 1)
(11, 17, 2)
(11, 23, 1)
(11, 34, 1)
(12, 1, 6)
(12, 2, 6)
(12, 3, 1)
(12, 4, 2)
(12, 5, 3)
(12, 6, 3)
(12, 7, 2)
(12, 9, 1)
(12, 15, 1)
(12, 16, 1)
(12, 28, 1)
(13, 1, 8)
(13, 2, 7)
(13, 3, 2)
(13, 4, 3)
(13, 6, 3)
(13, 8, 1)
(13, 22, 1)
(14, 1, 13)
(14, 2, 7)
(14, 3, 4)
(14, 4, 3)
(14, 5, 3)
(14, 6, 3)
(14, 7, 4)
(14, 8, 1)
(14, 9, 1)
(14, 10, 1)
(14, 12, 2)
(14, 16, 1)
(14, 25, 1)
(15, 1, 2)
(15, 2, 10)
(15, 3, 4)
(15, 4, 2)
(15, 5, 4)
(15, 6, 5)
(15, 7, 1)
(15, 8, 1)
(15, 11, 1)
(15, 13, 1)
(15, 23, 1)
(16, 1, 8)
(16, 2, 6)
(16, 3, 5)
(16, 4, 7)
(16, 6, 1)
(16, 7, 4)
(16, 9, 1)
(16, 12, 1)
(17, 1, 7)
(17, 2, 6)
(17, 3, 8)
(17, 4, 1)
(17, 5, 2)
(17, 7, 2)
(17, 8, 1)
(17, 9, 2)
(17, 10, 2)
(18, 1, 9)
(18, 2, 4)
(18, 3, 1)
(18, 5, 1)
(18, 7, 3)
(18, 9, 1)
(18, 10, 1)
(18, 12, 1)
(18, 13, 1)
(18, 29, 1)
(19, 1, 8)
(19, 2, 9)
(19, 3, 2)
(19, 4, 2)
(19, 5, 3)
(19, 6, 2)
(19, 7, 4)
(19, 10, 1)
(19, 11, 1)
(19, 13, 1)
(19, 20, 1)
(20, 1, 17)
(20, 2, 10)
(20, 3, 8)
(20, 5, 1)
(20, 6, 2)
(20, 9, 1)
(20, 12, 1)
(20, 15, 1)
(20, 18, 1)
(20, 20, 1)
(21, 1, 12)
(21, 2, 8)
(21, 3, 3)
(21, 4, 4)
(21, 5, 2)
(21, 6, 2)
(21, 7, 1)
(21, 8, 1)
(21, 10, 1)
(21, 18, 1)
(21, 30, 1)
(22, 1, 2)
(22, 2, 1)
(22, 4, 3)
(22, 5, 6)
(22, 6, 3)
(22, 7, 2)
(22, 8, 3)
(22, 9, 2)
(22, 10, 1)
(22, 11, 1)
(22, 13, 1)
(22, 29, 1)
(22, 31, 1)
(23, 1, 3)
(23, 2, 4)
(23, 3, 1)
(23, 4, 6)
(23, 5, 1)
(23, 6, 4)
(23, 7, 3)
(23, 9, 1)
(23, 11, 4)
(24, 1, 7)
(24, 2, 2)
(24, 3, 4)
(24, 5, 3)
(24, 6, 2)
(24, 8, 2)
(24, 9, 1)
(24, 10, 2)
(24, 11, 2)
(24, 12, 1)
(24, 18, 1)
(25, 1, 8)
(25, 2, 5)
(25, 3, 6)
(25, 4, 2)
(25, 5, 1)
(25, 6, 2)
(25, 7, 2)
(25, 8, 1)
(25, 11, 2)
(25, 12, 1)
(25, 13, 1)
(25, 16, 1)
(26, 1, 17)
(26, 2, 11)
(26, 3, 2)
(26, 5, 2)
(26, 6, 1)
(26, 7, 1)
(26, 8, 1)
(26, 11, 2)
(26, 12, 1)
(26, 14, 1)
(26, 17, 2)
(26, 19, 1)
(26, 26, 1)
(26, 30, 1)
(27, 1, 3)
(27, 2, 6)
(27, 3, 4)
(27, 4, 1)
(27, 5, 1)
(27, 6, 4)
(27, 8, 1)
(27, 9, 2)
(27, 11, 2)
(27, 12, 1)
(27, 13, 1)
(27, 16, 1)
(27, 18, 1)
(27, 19, 1)
(27, 23, 1)
(28, 1, 1)
(28, 2, 2)
(28, 3, 5)
(28, 4, 4)
(28, 5, 1)
(28, 6, 2)
(28, 10, 1)
(28, 11, 3)
(28, 12, 1)
(28, 29, 1)
(29, 1, 2)
(29, 3, 1)
(29, 4, 2)
(29, 5, 2)
(29, 6, 2)
(29, 10, 1)
(29, 26, 1)
(30, 1, 1)
(30, 2, 2)
(30, 3, 2)
(30, 5, 1)
(31, 1, 1)
(31, 12, 1)
(31, 29, 1)
(32, 1, 1)
(32, 29, 1)
(32, 32, 1)
(33, 1, 1)
(33, 5, 1)
(33, 11, 1)
(33, 12, 1)
(34, 23, 1)
(35, 1, 1)
(35, 8, 1)
(35, 17, 2)
(35, 32, 1)
(36, 4, 1)
(36, 7, 3)
(36, 8, 3)
(36, 9, 1)
(36, 20, 1)
(36, 26, 1)
(36, 27, 1)
(37, 1, 4)
(37, 2, 1)
(37, 4, 1)
(37, 5, 1)
(37, 6, 1)
(37, 12, 1)
(37, 28, 1)
(38, 2, 1)
(38, 4, 1)
(38, 6, 1)
(38, 7, 1)
(38, 12, 1)
(38, 13, 1)
(38, 14, 1)
(38, 19, 1)
(39, 1, 1)
(39, 2, 1)
(39, 4, 1)
(39, 6, 2)
xi_2:
(4, 9, 1)
(5, 10, 1)
(6, 9, 1)
(6, 15, 1)
(8, 31, 1)
(9, 4, 1)
(9, 7, 1)
(9, 11, 1)
(9, 14, 1)
(9, 18, 1)
(10, 10, 1)
(11, 3, 1)
(12, 2, 1)
(12, 17, 2)
(12, 23, 1)
(12, 34, 1)
(13, 28, 1)
(14, 2, 1)
(14, 6, 1)
(14, 8, 1)
(14, 22, 1)
(15, 7, 1)
(15, 16, 2)
(15, 25, 1)
(16, 5, 1)
(16, 12, 1)
(17, 4, 2)
(17, 7, 1)
(19, 9, 1)
(19, 12, 1)
(19, 13, 1)
(19, 29, 1)
(20, 20, 1)
(21, 3, 2)
(21, 15, 1)
(21, 20, 1)
(22, 7, 1)
(22, 9, 1)
(22, 11, 1)
(22, 13, 1)
(22, 30, 1)
(23, 7, 1)
(23, 8, 1)
(24, 9, 1)
(24, 11, 1)
(25, 5, 1)
(25, 8, 1)
(25, 10, 1)
(25, 18, 1)
(26, 13, 1)
(26, 16, 1)
(27, 19, 1)
(27, 26, 1)
(27, 30, 1)
(28, 6, 2)
(28, 13, 2)
(29, 11, 1)
(30, 4, 1)
(36, 32, 1)
(37, 26, 1)
(37, 32, 1)
(38, 27, 1)
(38, 28, 1)
(39, 14, 1)
