x-grades
-202225804050312159/80000000000000000
-99628125051394691/40000000000000000
-39257339231053321/16000000000000000
-48329285551935957/20000000000000000
-190347588260221051/80000000000000000
-93689017156349137/40000000000000000
-184408480365175497/80000000000000000
-2267986580220659/1000000000000000
-178469372470129943/80000000000000000
-87749909261303583/40000000000000000
-172530264575084389/80000000000000000
-42390177656890403/20000000000000000
-33318231336007767/16000000000000000
-81810801366258029/40000000000000000
-160652048784993281/80000000000000000
-19710311854683813/10000000000000000
-154712940889947727/80000000000000000
-3034867738848499/1600000000000000
-148773832994902173/80000000000000000
-36451069761844849/20000000000000000
-142834725099856619/80000000000000000
-69932585576166921/40000000000000000
-27379123440962213/16000000000000000
-4185189476790259/2500000000000000
-130956509309765511/80000000000000000
-63993477681121367/40000000000000000
-125017401414719957/80000000000000000
-6102392373359859/4000000000000000
-119078293519674403/80000000000000000
-58054369786075813/40000000000000000
-113139185624628849/80000000000000000
-13771203959638259/10000000000000000
-21440015545916659/16000000000000000
-52115261891030259/40000000000000000
-101260969834537741/80000000000000000
-24572853971753741/20000000000000000
-95321861939492187/80000000000000000
-9235230799196941/8000000000000000
-89382754044446633/80000000000000000
-5400825006057741/5000000000000000

y-grades
9999769/40000000
9999769/20000000
29999307/40000000
9999769/10000000
9999769/8000000
29999307/20000000
69998383/40000000
9999769/5000000
89997921/40000000
9999769/4000000
109997459/40000000
29999307/10000000
129996997/40000000
69998383/20000000
29999307/8000000
9999769/2500000
169996073/40000000
89997921/20000000
189995611/40000000
9999769/2000000
209995149/40000000
109997459/20000000
229994687/40000000
29999307/5000000
9999769/1600000
129996997/20000000
269993763/40000000
69998383/10000000
289993301/40000000
29999307/4000000
309992839/40000000
9999769/1250000
329992377/40000000
169996073/20000000
69998383/8000000
89997921/10000000
369991453/40000000
189995611/20000000
389990991/40000000
9999769/1000000

Dimensions > 0:
(0, 0, 3)
(0, 1, 2)
(0, 2, 2)
(0, 3, 2)
(0, 4, 1)
(0, 5, 1)
(0, 6, 1)
(0, 7, 1)
(0, 8, 1)
(0, 9, 1)
(0, 10, 1)
(0, 11, 1)
(0, 12, 1)
(0, 13, 1)
(0, 14, 1)
(0, 15, 1)
(0, 16, 1)
(0, 17, 1)
(0, 18, 1)
(0, 19, 1)
(0, 20, 1)
(0, 21, 1)
(0, 22, 1)
(0, 23, 1)
(0, 24, 1)
(0, 25, 1)
(0, 26, 1)
(0, 27, 1)
(0, 28, 1)
(0, 29, 1)
(0, 30, 1)
(0, 31, 1)
(0, 32, 1)
(0, 33, 1)
(0, 34, 1)
(0, 35, 1)
(0, 36, 1)
(0, 37, 1)
(0, 38, 1)
(0, 39, 1)

(1, 0, 4)
(1, 1, 3)
(1, 2, 3)
(1, 3, 3)
(1, 4, 2)
(1, 5, 2)
(1, 6, 2)
(1, 7, 2)
(1, 8, 2)
(1, 9, 2)
(1, 10, 2)
(1, 11, 2)
(1, 12, 2)
(1, 13, 2)
(1, 14, 2)
(1, 15, 2)
(1, 16, 2)
(1, 17, 2)
(1, 18, 2)
(1, 19, 2)
(1, 20, 2)
(1, 21, 2)
(1, 22, 2)
(1, 23, 2)
(1, 24, 2)
(1, 25, 2)
(1, 26, 2)
(1, 27, 2)
(1, 28, 2)
(1, 29, 2)
(1, 30, 2)
(1, 31, 2)
(1, 32, 2)
(1, 33, 2)
(1, 34, 2)
(1, 35, 2)
(1, 36, 2)
(1, 37, 2)
(1, 38, 2)
(1, 39, 2)

(2, 0, 9)
(2, 1, 7)
(2, 2, 6)
(2, 3, 6)
(2, 4, 5)
(2, 5, 5)
(2, 6, 5)
(2, 7, 5)
(2, 8, 5)
(2, 9, 4)
(2, 10, 4)
(2, 11, 4)
(2, 12, 4)
(2, 13, 4)
(2, 14, 4)
(2, 15, 4)
(2, 16, 4)
(2, 17, 4)
(2, 18, 4)
(2, 19, 4)
(2, 20, 4)
(2, 21, 4)
(2, 22, 4)
(2, 23, 4)
(2, 24, 4)
(2, 25, 4)
(2, 26, 3)
(2, 27, 3)
(2, 28, 3)
(2, 29, 3)
(2, 30, 3)
(2, 31, 3)
(2, 32, 3)
(2, 33, 3)
(2, 34, 3)
(2, 35, 3)
(2, 36, 3)
(2, 37, 3)
(2, 38, 3)
(2, 39, 3)

(3, 0, 12)
(3, 1, 9)
(3, 2, 8)
(3, 3, 7)
(3, 4, 6)
(3, 5, 6)
(3, 6, 6)
(3, 7, 6)
(3, 8, 6)
(3, 9, 5)
(3, 10, 5)
(3, 11, 5)
(3, 12, 5)
(3, 13, 5)
(3, 14, 5)
(3, 15, 5)
(3, 16, 5)
(3, 17, 5)
(3, 18, 4)
(3, 19, 4)
(3, 20, 4)
(3, 21, 4)
(3, 22, 4)
(3, 23, 4)
(3, 24, 4)
(3, 25, 4)
(3, 26, 3)
(3, 27, 3)
(3, 28, 3)
(3, 29, 3)
(3, 30, 3)
(3, 31, 3)
(3, 32, 3)
(3, 33, 3)
(3, 34, 3)
(3, 35, 3)
(3, 36, 3)
(3, 37, 3)
(3, 38, 3)
(3, 39, 3)

(4, 0, 15)
(4, 1, 12)
(4, 2, 11)
(4, 3, 10)
(4, 4, 7)
(4, 5, 7)
(4, 6, 7)
(4, 7, 7)
(4, 8, 7)
(4, 9, 6)
(4, 10, 6)
(4, 11, 6)
(4, 12, 6)
(4, 13, 6)
(4, 14, 6)
(4, 15, 6)
(4, 16, 6)
(4, 17, 6)
(4, 18, 5)
(4, 19, 5)
(4, 20, 5)
(4, 21, 5)
(4, 22, 5)
(4, 23, 5)
(4, 24, 5)
(4, 25, 5)
(4, 26, 4)
(4, 27, 4)
(4, 28, 4)
(4, 29, 4)
(4, 30, 4)
(4, 31, 4)
(4, 32, 4)
(4, 33, 4)
(4, 34, 4)
(4, 35, 4)
(4, 36, 4)
(4, 37, 4)
(4, 38, 4)
(4, 39, 4)

(5, 0, 19)
(5, 1, 16)
(5, 2, 15)
(5, 3, 14)
(5, 4, 10)
(5, 5, 10)
(5, 6, 10)
(5, 7, 10)
(5, 8, 10)
(5, 9, 9)
(5, 10, 9)
(5, 11, 9)
(5, 12, 8)
(5, 13, 7)
(5, 14, 7)
(5, 15, 7)
(5, 16, 7)
(5, 17, 7)
(5, 18, 6)
(5, 19, 5)
(5, 20, 5)
(5, 21, 5)
(5, 22, 5)
(5, 23, 5)
(5, 24, 5)
(5, 25, 5)
(5, 26, 4)
(5, 27, 4)
(5, 28, 4)
(5, 29, 4)
(5, 30, 4)
(5, 31, 4)
(5, 32, 4)
(5, 33, 4)
(5, 34, 4)
(5, 35, 4)
(5, 36, 4)
(5, 37, 4)
(5, 38, 4)
(5, 39, 4)

(6, 0, 21)
(6, 1, 18)
(6, 2, 17)
(6, 3, 16)
(6, 4, 12)
(6, 5, 12)
(6, 6, 12)
(6, 7, 12)
(6, 8, 12)
(6, 9, 11)
(6, 10, 11)
(6, 11, 10)
(6, 12, 9)
(6, 13, 8)
(6, 14, 8)
(6, 15, 8)
(6, 16, 8)
(6, 17, 8)
(6, 18, 7)
(6, 19, 6)
(6, 20, 5)
(6, 21, 5)
(6, 22, 5)
(6, 23, 5)
(6, 24, 5)
(6, 25, 5)
(6, 26, 4)
(6, 27, 4)
(6, 28, 4)
(6, 29, 4)
(6, 30, 4)
(6, 31, 4)
(6, 32, 4)
(6, 33, 4)
(6, 34, 4)
(6, 35, 4)
(6, 36, 4)
(6, 37, 4)
(6, 38, 4)
(6, 39, 4)

(7, 0, 27)
(7, 1, 24)
(7, 2, 23)
(7, 3, 22)
(7, 4, 18)
(7, 5, 18)
(7, 6, 18)
(7, 7, 18)
(7, 8, 17)
(7, 9, 16)
(7, 10, 16)
(7, 11, 14)
(7, 12, 13)
(7, 13, 12)
(7, 14, 12)
(7, 15, 12)
(7, 16, 12)
(7, 17, 12)
(7, 18, 11)
(7, 19, 10)
(7, 20, 9)
(7, 21, 9)
(7, 22, 9)
(7, 23, 9)
(7, 24, 9)
(7, 25, 9)
(7, 26, 8)
(7, 27, 8)
(7, 28, 8)
(7, 29, 7)
(7, 30, 7)
(7, 31, 6)
(7, 32, 6)
(7, 33, 6)
(7, 34, 6)
(7, 35, 6)
(7, 36, 6)
(7, 37, 6)
(7, 38, 5)
(7, 39, 5)

(8, 0, 31)
(8, 1, 28)
(8, 2, 26)
(8, 3, 25)
(8, 4, 21)
(8, 5, 21)
(8, 6, 21)
(8, 7, 20)
(8, 8, 20)
(8, 9, 19)
(8, 10, 19)
(8, 11, 17)
(8, 12, 16)
(8, 13, 15)
(8, 14, 15)
(8, 15, 15)
(8, 16, 14)
(8, 17, 14)
(8, 18, 12)
(8, 19, 11)
(8, 20, 10)
(8, 21, 10)
(8, 22, 10)
(8, 23, 10)
(8, 24, 10)
(8, 25, 10)
(8, 26, 9)
(8, 27, 9)
(8, 28, 9)
(8, 29, 8)
(8, 30, 8)
(8, 31, 6)
(8, 32, 6)
(8, 33, 6)
(8, 34, 6)
(8, 35, 6)
(8, 36, 6)
(8, 37, 6)
(8, 38, 5)
(8, 39, 5)

(9, 0, 37)
(9, 1, 33)
(9, 2, 31)
(9, 3, 30)
(9, 4, 26)
(9, 5, 26)
(9, 6, 26)
(9, 7, 25)
(9, 8, 25)
(9, 9, 24)
(9, 10, 24)
(9, 11, 22)
(9, 12, 20)
(9, 13, 19)
(9, 14, 19)
(9, 15, 18)
(9, 16, 15)
(9, 17, 15)
(9, 18, 12)
(9, 19, 11)
(9, 20, 10)
(9, 21, 10)
(9, 22, 10)
(9, 23, 10)
(9, 24, 10)
(9, 25, 9)
(9, 26, 8)
(9, 27, 8)
(9, 28, 7)
(9, 29, 6)
(9, 30, 6)
(9, 31, 6)
(9, 32, 6)
(9, 33, 6)
(9, 34, 6)
(9, 35, 5)
(9, 36, 5)
(9, 37, 5)
(9, 38, 4)
(9, 39, 4)

(10, 0, 38)
(10, 1, 34)
(10, 2, 32)
(10, 3, 31)
(10, 4, 27)
(10, 5, 27)
(10, 6, 27)
(10, 7, 26)
(10, 8, 26)
(10, 9, 25)
(10, 10, 25)
(10, 11, 23)
(10, 12, 21)
(10, 13, 20)
(10, 14, 20)
(10, 15, 19)
(10, 16, 16)
(10, 17, 16)
(10, 18, 13)
(10, 19, 12)
(10, 20, 10)
(10, 21, 10)
(10, 22, 10)
(10, 23, 10)
(10, 24, 10)
(10, 25, 9)
(10, 26, 8)
(10, 27, 8)
(10, 28, 7)
(10, 29, 5)
(10, 30, 5)
(10, 31, 5)
(10, 32, 5)
(10, 33, 5)
(10, 34, 5)
(10, 35, 5)
(10, 36, 5)
(10, 37, 5)
(10, 38, 4)
(10, 39, 4)

(11, 0, 42)
(11, 1, 38)
(11, 2, 36)
(11, 3, 35)
(11, 4, 31)
(11, 5, 31)
(11, 6, 31)
(11, 7, 30)
(11, 8, 30)
(11, 9, 29)
(11, 10, 29)
(11, 11, 27)
(11, 12, 25)
(11, 13, 24)
(11, 14, 24)
(11, 15, 23)
(11, 16, 18)
(11, 17, 18)
(11, 18, 15)
(11, 19, 14)
(11, 20, 12)
(11, 21, 12)
(11, 22, 12)
(11, 23, 12)
(11, 24, 12)
(11, 25, 11)
(11, 26, 10)
(11, 27, 10)
(11, 28, 9)
(11, 29, 7)
(11, 30, 7)
(11, 31, 7)
(11, 32, 7)
(11, 33, 7)
(11, 34, 7)
(11, 35, 7)
(11, 36, 7)
(11, 37, 7)
(11, 38, 6)
(11, 39, 6)

(12, 0, 47)
(12, 1, 43)
(12, 2, 40)
(12, 3, 39)
(12, 4, 35)
(12, 5, 34)
(12, 6, 34)
(12, 7, 33)
(12, 8, 33)
(12, 9, 32)
(12, 10, 32)
(12, 11, 30)
(12, 12, 28)
(12, 13, 27)
(12, 14, 26)
(12, 15, 25)
(12, 16, 20)
(12, 17, 20)
(12, 18, 17)
(12, 19, 16)
(12, 20, 13)
(12, 21, 13)
(12, 22, 13)
(12, 23, 13)
(12, 24, 13)
(12, 25, 12)
(12, 26, 11)
(12, 27, 10)
(12, 28, 9)
(12, 29, 7)
(12, 30, 7)
(12, 31, 7)
(12, 32, 7)
(12, 33, 7)
(12, 34, 7)
(12, 35, 7)
(12, 36, 7)
(12, 37, 7)
(12, 38, 6)
(12, 39, 6)

(13, 0, 50)
(13, 1, 46)
(13, 2, 43)
(13, 3, 42)
(13, 4, 38)
(13, 5, 37)
(13, 6, 37)
(13, 7, 36)
(13, 8, 36)
(13, 9, 35)
(13, 10, 35)
(13, 11, 33)
(13, 12, 30)
(13, 13, 29)
(13, 14, 28)
(13, 15, 27)
(13, 16, 22)
(13, 17, 22)
(13, 18, 19)
(13, 19, 17)
(13, 20, 14)
(13, 21, 14)
(13, 22, 13)
(13, 23, 12)
(13, 24, 12)
(13, 25, 11)
(13, 26, 10)
(13, 27, 9)
(13, 28, 9)
(13, 29, 7)
(13, 30, 7)
(13, 31, 7)
(13, 32, 7)
(13, 33, 7)
(13, 34, 7)
(13, 35, 7)
(13, 36, 7)
(13, 37, 7)
(13, 38, 6)
(13, 39, 6)

(14, 0, 55)
(14, 1, 51)
(14, 2, 48)
(14, 3, 47)
(14, 4, 43)
(14, 5, 42)
(14, 6, 42)
(14, 7, 41)
(14, 8, 41)
(14, 9, 40)
(14, 10, 39)
(14, 11, 37)
(14, 12, 34)
(14, 13, 33)
(14, 14, 32)
(14, 15, 31)
(14, 16, 24)
(14, 17, 24)
(14, 18, 21)
(14, 19, 19)
(14, 20, 16)
(14, 21, 16)
(14, 22, 14)
(14, 23, 13)
(14, 24, 13)
(14, 25, 12)
(14, 26, 11)
(14, 27, 10)
(14, 28, 10)
(14, 29, 8)
(14, 30, 8)
(14, 31, 8)
(14, 32, 8)
(14, 33, 8)
(14, 34, 8)
(14, 35, 8)
(14, 36, 8)
(14, 37, 8)
(14, 38, 7)
(14, 39, 7)

(15, 0, 60)
(15, 1, 54)
(15, 2, 51)
(15, 3, 50)
(15, 4, 46)
(15, 5, 45)
(15, 6, 45)
(15, 7, 44)
(15, 8, 44)
(15, 9, 43)
(15, 10, 42)
(15, 11, 40)
(15, 12, 37)
(15, 13, 36)
(15, 14, 35)
(15, 15, 34)
(15, 16, 27)
(15, 17, 27)
(15, 18, 24)
(15, 19, 22)
(15, 20, 19)
(15, 21, 19)
(15, 22, 17)
(15, 23, 15)
(15, 24, 15)
(15, 25, 14)
(15, 26, 13)
(15, 27, 12)
(15, 28, 12)
(15, 29, 10)
(15, 30, 10)
(15, 31, 10)
(15, 32, 10)
(15, 33, 10)
(15, 34, 10)
(15, 35, 10)
(15, 36, 10)
(15, 37, 10)
(15, 38, 9)
(15, 39, 9)

(16, 0, 64)
(16, 1, 58)
(16, 2, 55)
(16, 3, 54)
(16, 4, 50)
(16, 5, 49)
(16, 6, 49)
(16, 7, 48)
(16, 8, 48)
(16, 9, 47)
(16, 10, 46)
(16, 11, 44)
(16, 12, 41)
(16, 13, 40)
(16, 14, 39)
(16, 15, 38)
(16, 16, 31)
(16, 17, 30)
(16, 18, 27)
(16, 19, 25)
(16, 20, 21)
(16, 21, 21)
(16, 22, 19)
(16, 23, 17)
(16, 24, 17)
(16, 25, 14)
(16, 26, 13)
(16, 27, 10)
(16, 28, 10)
(16, 29, 8)
(16, 30, 8)
(16, 31, 8)
(16, 32, 8)
(16, 33, 8)
(16, 34, 8)
(16, 35, 8)
(16, 36, 8)
(16, 37, 8)
(16, 38, 7)
(16, 39, 7)

(17, 0, 69)
(17, 1, 62)
(17, 2, 59)
(17, 3, 58)
(17, 4, 54)
(17, 5, 53)
(17, 6, 53)
(17, 7, 52)
(17, 8, 52)
(17, 9, 49)
(17, 10, 48)
(17, 11, 46)
(17, 12, 43)
(17, 13, 41)
(17, 14, 40)
(17, 15, 39)
(17, 16, 32)
(17, 17, 32)
(17, 18, 29)
(17, 19, 27)
(17, 20, 23)
(17, 21, 23)
(17, 22, 21)
(17, 23, 18)
(17, 24, 18)
(17, 25, 14)
(17, 26, 13)
(17, 27, 11)
(17, 28, 11)
(17, 29, 9)
(17, 30, 9)
(17, 31, 9)
(17, 32, 9)
(17, 33, 9)
(17, 34, 9)
(17, 35, 9)
(17, 36, 9)
(17, 37, 9)
(17, 38, 8)
(17, 39, 8)

(18, 0, 74)
(18, 1, 65)
(18, 2, 59)
(18, 3, 58)
(18, 4, 54)
(18, 5, 53)
(18, 6, 53)
(18, 7, 52)
(18, 8, 52)
(18, 9, 49)
(18, 10, 48)
(18, 11, 46)
(18, 12, 43)
(18, 13, 41)
(18, 14, 40)
(18, 15, 39)
(18, 16, 32)
(18, 17, 32)
(18, 18, 29)
(18, 19, 27)
(18, 20, 23)
(18, 21, 23)
(18, 22, 21)
(18, 23, 18)
(18, 24, 18)
(18, 25, 14)
(18, 26, 13)
(18, 27, 11)
(18, 28, 11)
(18, 29, 9)
(18, 30, 9)
(18, 31, 9)
(18, 32, 9)
(18, 33, 9)
(18, 34, 9)
(18, 35, 9)
(18, 36, 9)
(18, 37, 9)
(18, 38, 8)
(18, 39, 8)

(19, 0, 83)
(19, 1, 73)
(19, 2, 67)
(19, 3, 66)
(19, 4, 58)
(19, 5, 57)
(19, 6, 57)
(19, 7, 56)
(19, 8, 56)
(19, 9, 53)
(19, 10, 52)
(19, 11, 50)
(19, 12, 47)
(19, 13, 45)
(19, 14, 44)
(19, 15, 43)
(19, 16, 34)
(19, 17, 34)
(19, 18, 31)
(19, 19, 29)
(19, 20, 25)
(19, 21, 25)
(19, 22, 23)
(19, 23, 19)
(19, 24, 19)
(19, 25, 15)
(19, 26, 14)
(19, 27, 12)
(19, 28, 12)
(19, 29, 10)
(19, 30, 10)
(19, 31, 10)
(19, 32, 10)
(19, 33, 10)
(19, 34, 10)
(19, 35, 10)
(19, 36, 10)
(19, 37, 10)
(19, 38, 9)
(19, 39, 9)

(20, 0, 90)
(20, 1, 75)
(20, 2, 69)
(20, 3, 68)
(20, 4, 58)
(20, 5, 57)
(20, 6, 57)
(20, 7, 56)
(20, 8, 56)
(20, 9, 53)
(20, 10, 52)
(20, 11, 50)
(20, 12, 47)
(20, 13, 45)
(20, 14, 44)
(20, 15, 43)
(20, 16, 34)
(20, 17, 34)
(20, 18, 31)
(20, 19, 29)
(20, 20, 25)
(20, 21, 25)
(20, 22, 23)
(20, 23, 19)
(20, 24, 19)
(20, 25, 15)
(20, 26, 14)
(20, 27, 12)
(20, 28, 12)
(20, 29, 10)
(20, 30, 10)
(20, 31, 10)
(20, 32, 10)
(20, 33, 10)
(20, 34, 10)
(20, 35, 10)
(20, 36, 10)
(20, 37, 10)
(20, 38, 9)
(20, 39, 9)

(21, 0, 94)
(21, 1, 78)
(21, 2, 72)
(21, 3, 70)
(21, 4, 59)
(21, 5, 58)
(21, 6, 58)
(21, 7, 57)
(21, 8, 57)
(21, 9, 54)
(21, 10, 53)
(21, 11, 51)
(21, 12, 48)
(21, 13, 46)
(21, 14, 45)
(21, 15, 44)
(21, 16, 35)
(21, 17, 35)
(21, 18, 32)
(21, 19, 30)
(21, 20, 26)
(21, 21, 26)
(21, 22, 24)
(21, 23, 20)
(21, 24, 20)
(21, 25, 16)
(21, 26, 15)
(21, 27, 13)
(21, 28, 13)
(21, 29, 11)
(21, 30, 11)
(21, 31, 11)
(21, 32, 11)
(21, 33, 11)
(21, 34, 11)
(21, 35, 11)
(21, 36, 11)
(21, 37, 10)
(21, 38, 9)
(21, 39, 9)

(22, 0, 101)
(22, 1, 80)
(22, 2, 74)
(22, 3, 72)
(22, 4, 60)
(22, 5, 59)
(22, 6, 59)
(22, 7, 58)
(22, 8, 58)
(22, 9, 55)
(22, 10, 54)
(22, 11, 52)
(22, 12, 49)
(22, 13, 47)
(22, 14, 46)
(22, 15, 45)
(22, 16, 36)
(22, 17, 36)
(22, 18, 33)
(22, 19, 31)
(22, 20, 27)
(22, 21, 27)
(22, 22, 25)
(22, 23, 21)
(22, 24, 21)
(22, 25, 17)
(22, 26, 16)
(22, 27, 14)
(22, 28, 14)
(22, 29, 12)
(22, 30, 11)
(22, 31, 11)
(22, 32, 11)
(22, 33, 11)
(22, 34, 11)
(22, 35, 11)
(22, 36, 10)
(22, 37, 9)
(22, 38, 8)
(22, 39, 8)

(23, 0, 106)
(23, 1, 84)
(23, 2, 78)
(23, 3, 76)
(23, 4, 63)
(23, 5, 62)
(23, 6, 62)
(23, 7, 61)
(23, 8, 61)
(23, 9, 58)
(23, 10, 57)
(23, 11, 55)
(23, 12, 52)
(23, 13, 50)
(23, 14, 49)
(23, 15, 48)
(23, 16, 39)
(23, 17, 39)
(23, 18, 36)
(23, 19, 34)
(23, 20, 30)
(23, 21, 30)
(23, 22, 27)
(23, 23, 23)
(23, 24, 22)
(23, 25, 18)
(23, 26, 17)
(23, 27, 14)
(23, 28, 13)
(23, 29, 11)
(23, 30, 11)
(23, 31, 11)
(23, 32, 11)
(23, 33, 11)
(23, 34, 11)
(23, 35, 11)
(23, 36, 11)
(23, 37, 10)
(23, 38, 9)
(23, 39, 9)

(24, 0, 111)
(24, 1, 88)
(24, 2, 82)
(24, 3, 80)
(24, 4, 65)
(24, 5, 64)
(24, 6, 64)
(24, 7, 63)
(24, 8, 63)
(24, 9, 60)
(24, 10, 59)
(24, 11, 57)
(24, 12, 53)
(24, 13, 50)
(24, 14, 49)
(24, 15, 47)
(24, 16, 38)
(24, 17, 38)
(24, 18, 35)
(24, 19, 33)
(24, 20, 28)
(24, 21, 28)
(24, 22, 25)
(24, 23, 20)
(24, 24, 20)
(24, 25, 16)
(24, 26, 15)
(24, 27, 13)
(24, 28, 13)
(24, 29, 11)
(24, 30, 11)
(24, 31, 11)
(24, 32, 11)
(24, 33, 11)
(24, 34, 11)
(24, 35, 11)
(24, 36, 11)
(24, 37, 10)
(24, 38, 9)
(24, 39, 9)

(25, 0, 117)
(25, 1, 92)
(25, 2, 86)
(25, 3, 84)
(25, 4, 66)
(25, 5, 65)
(25, 6, 65)
(25, 7, 64)
(25, 8, 64)
(25, 9, 61)
(25, 10, 60)
(25, 11, 58)
(25, 12, 55)
(25, 13, 52)
(25, 14, 51)
(25, 15, 49)
(25, 16, 40)
(25, 17, 40)
(25, 18, 37)
(25, 19, 35)
(25, 20, 30)
(25, 21, 30)
(25, 22, 26)
(25, 23, 22)
(25, 24, 22)
(25, 25, 18)
(25, 26, 17)
(25, 27, 15)
(25, 28, 13)
(25, 29, 11)
(25, 30, 11)
(25, 31, 11)
(25, 32, 11)
(25, 33, 11)
(25, 34, 11)
(25, 35, 11)
(25, 36, 11)
(25, 37, 10)
(25, 38, 9)
(25, 39, 9)

(26, 0, 119)
(26, 1, 94)
(26, 2, 88)
(26, 3, 86)
(26, 4, 68)
(26, 5, 67)
(26, 6, 67)
(26, 7, 66)
(26, 8, 66)
(26, 9, 62)
(26, 10, 61)
(26, 11, 59)
(26, 12, 56)
(26, 13, 53)
(26, 14, 52)
(26, 15, 50)
(26, 16, 41)
(26, 17, 41)
(26, 18, 38)
(26, 19, 36)
(26, 20, 31)
(26, 21, 31)
(26, 22, 27)
(26, 23, 23)
(26, 24, 23)
(26, 25, 18)
(26, 26, 17)
(26, 27, 15)
(26, 28, 14)
(26, 29, 12)
(26, 30, 12)
(26, 31, 12)
(26, 32, 12)
(26, 33, 12)
(26, 34, 12)
(26, 35, 12)
(26, 36, 12)
(26, 37, 11)
(26, 38, 10)
(26, 39, 10)

(27, 0, 127)
(27, 1, 102)
(27, 2, 94)
(27, 3, 92)
(27, 4, 73)
(27, 5, 72)
(27, 6, 72)
(27, 7, 71)
(27, 8, 71)
(27, 9, 67)
(27, 10, 66)
(27, 11, 64)
(27, 12, 61)
(27, 13, 58)
(27, 14, 56)
(27, 15, 51)
(27, 16, 42)
(27, 17, 42)
(27, 18, 39)
(27, 19, 37)
(27, 20, 32)
(27, 21, 32)
(27, 22, 28)
(27, 23, 24)
(27, 24, 24)
(27, 25, 19)
(27, 26, 18)
(27, 27, 16)
(27, 28, 15)
(27, 29, 13)
(27, 30, 13)
(27, 31, 13)
(27, 32, 13)
(27, 33, 13)
(27, 34, 13)
(27, 35, 13)
(27, 36, 13)
(27, 37, 12)
(27, 38, 11)
(27, 39, 11)

(28, 0, 145)
(28, 1, 115)
(28, 2, 102)
(28, 3, 99)
(28, 4, 80)
(28, 5, 79)
(28, 6, 78)
(28, 7, 77)
(28, 8, 77)
(28, 9, 73)
(28, 10, 72)
(28, 11, 70)
(28, 12, 67)
(28, 13, 64)
(28, 14, 60)
(28, 15, 55)
(28, 16, 46)
(28, 17, 46)
(28, 18, 43)
(28, 19, 41)
(28, 20, 36)
(28, 21, 36)
(28, 22, 31)
(28, 23, 27)
(28, 24, 27)
(28, 25, 22)
(28, 26, 21)
(28, 27, 19)
(28, 28, 18)
(28, 29, 16)
(28, 30, 16)
(28, 31, 16)
(28, 32, 16)
(28, 33, 16)
(28, 34, 16)
(28, 35, 16)
(28, 36, 16)
(28, 37, 15)
(28, 38, 14)
(28, 39, 14)

(29, 0, 168)
(29, 1, 126)
(29, 2, 109)
(29, 3, 107)
(29, 4, 87)
(29, 5, 86)
(29, 6, 85)
(29, 7, 84)
(29, 8, 84)
(29, 9, 80)
(29, 10, 79)
(29, 11, 77)
(29, 12, 74)
(29, 13, 71)
(29, 14, 66)
(29, 15, 61)
(29, 16, 50)
(29, 17, 50)
(29, 18, 47)
(29, 19, 45)
(29, 20, 40)
(29, 21, 39)
(29, 22, 33)
(29, 23, 29)
(29, 24, 29)
(29, 25, 24)
(29, 26, 23)
(29, 27, 21)
(29, 28, 20)
(29, 29, 18)
(29, 30, 18)
(29, 31, 18)
(29, 32, 18)
(29, 33, 18)
(29, 34, 18)
(29, 35, 18)
(29, 36, 18)
(29, 37, 17)
(29, 38, 15)
(29, 39, 15)

(30, 0, 183)
(30, 1, 134)
(30, 2, 116)
(30, 3, 114)
(30, 4, 91)
(30, 5, 90)
(30, 6, 89)
(30, 7, 88)
(30, 8, 88)
(30, 9, 84)
(30, 10, 83)
(30, 11, 81)
(30, 12, 78)
(30, 13, 75)
(30, 14, 70)
(30, 15, 62)
(30, 16, 52)
(30, 17, 52)
(30, 18, 49)
(30, 19, 47)
(30, 20, 42)
(30, 21, 41)
(30, 22, 35)
(30, 23, 30)
(30, 24, 30)
(30, 25, 25)
(30, 26, 24)
(30, 27, 22)
(30, 28, 21)
(30, 29, 19)
(30, 30, 19)
(30, 31, 19)
(30, 32, 19)
(30, 33, 19)
(30, 34, 19)
(30, 35, 19)
(30, 36, 19)
(30, 37, 17)
(30, 38, 16)
(30, 39, 16)

(31, 0, 201)
(31, 1, 149)
(31, 2, 129)
(31, 3, 126)
(31, 4, 103)
(31, 5, 102)
(31, 6, 100)
(31, 7, 99)
(31, 8, 99)
(31, 9, 95)
(31, 10, 94)
(31, 11, 92)
(31, 12, 89)
(31, 13, 86)
(31, 14, 81)
(31, 15, 65)
(31, 16, 54)
(31, 17, 54)
(31, 18, 51)
(31, 19, 49)
(31, 20, 44)
(31, 21, 44)
(31, 22, 37)
(31, 23, 33)
(31, 24, 32)
(31, 25, 27)
(31, 26, 26)
(31, 27, 24)
(31, 28, 23)
(31, 29, 20)
(31, 30, 20)
(31, 31, 20)
(31, 32, 20)
(31, 33, 20)
(31, 34, 20)
(31, 35, 20)
(31, 36, 20)
(31, 37, 18)
(31, 38, 17)
(31, 39, 17)

(32, 0, 207)
(32, 1, 153)
(32, 2, 133)
(32, 3, 130)
(32, 4, 107)
(32, 5, 105)
(32, 6, 103)
(32, 7, 102)
(32, 8, 102)
(32, 9, 98)
(32, 10, 97)
(32, 11, 95)
(32, 12, 92)
(32, 13, 89)
(32, 14, 83)
(32, 15, 66)
(32, 16, 54)
(32, 17, 54)
(32, 18, 51)
(32, 19, 49)
(32, 20, 44)
(32, 21, 44)
(32, 22, 37)
(32, 23, 33)
(32, 24, 32)
(32, 25, 27)
(32, 26, 26)
(32, 27, 24)
(32, 28, 23)
(32, 29, 20)
(32, 30, 20)
(32, 31, 20)
(32, 32, 20)
(32, 33, 20)
(32, 34, 20)
(32, 35, 20)
(32, 36, 20)
(32, 37, 18)
(32, 38, 17)
(32, 39, 17)

(33, 0, 218)
(33, 1, 160)
(33, 2, 138)
(33, 3, 135)
(33, 4, 112)
(33, 5, 109)
(33, 6, 107)
(33, 7, 106)
(33, 8, 106)
(33, 9, 102)
(33, 10, 101)
(33, 11, 99)
(33, 12, 96)
(33, 13, 93)
(33, 14, 87)
(33, 15, 69)
(33, 16, 56)
(33, 17, 56)
(33, 18, 53)
(33, 19, 51)
(33, 20, 46)
(33, 21, 46)
(33, 22, 39)
(33, 23, 35)
(33, 24, 34)
(33, 25, 29)
(33, 26, 28)
(33, 27, 26)
(33, 28, 25)
(33, 29, 22)
(33, 30, 22)
(33, 31, 22)
(33, 32, 22)
(33, 33, 22)
(33, 34, 22)
(33, 35, 22)
(33, 36, 22)
(33, 37, 20)
(33, 38, 19)
(33, 39, 18)

(34, 0, 226)
(34, 1, 167)
(34, 2, 143)
(34, 3, 138)
(34, 4, 115)
(34, 5, 112)
(34, 6, 110)
(34, 7, 109)
(34, 8, 109)
(34, 9, 105)
(34, 10, 104)
(34, 11, 102)
(34, 12, 99)
(34, 13, 96)
(34, 14, 90)
(34, 15, 69)
(34, 16, 56)
(34, 17, 56)
(34, 18, 53)
(34, 19, 51)
(34, 20, 46)
(34, 21, 46)
(34, 22, 39)
(34, 23, 35)
(34, 24, 34)
(34, 25, 29)
(34, 26, 28)
(34, 27, 26)
(34, 28, 25)
(34, 29, 22)
(34, 30, 22)
(34, 31, 22)
(34, 32, 22)
(34, 33, 22)
(34, 34, 22)
(34, 35, 22)
(34, 36, 22)
(34, 37, 20)
(34, 38, 19)
(34, 39, 18)

(35, 0, 230)
(35, 1, 171)
(35, 2, 146)
(35, 3, 141)
(35, 4, 118)
(35, 5, 115)
(35, 6, 113)
(35, 7, 112)
(35, 8, 112)
(35, 9, 108)
(35, 10, 107)
(35, 11, 105)
(35, 12, 102)
(35, 13, 99)
(35, 14, 93)
(35, 15, 70)
(35, 16, 57)
(35, 17, 57)
(35, 18, 54)
(35, 19, 52)
(35, 20, 47)
(35, 21, 47)
(35, 22, 39)
(35, 23, 34)
(35, 24, 33)
(35, 25, 28)
(35, 26, 27)
(35, 27, 25)
(35, 28, 24)
(35, 29, 21)
(35, 30, 21)
(35, 31, 21)
(35, 32, 21)
(35, 33, 21)
(35, 34, 21)
(35, 35, 21)
(35, 36, 21)
(35, 37, 19)
(35, 38, 18)
(35, 39, 17)

(36, 0, 238)
(36, 1, 179)
(36, 2, 151)
(36, 3, 145)
(36, 4, 122)
(36, 5, 119)
(36, 6, 117)
(36, 7, 116)
(36, 8, 116)
(36, 9, 112)
(36, 10, 111)
(36, 11, 109)
(36, 12, 106)
(36, 13, 103)
(36, 14, 97)
(36, 15, 73)
(36, 16, 60)
(36, 17, 60)
(36, 18, 57)
(36, 19, 55)
(36, 20, 49)
(36, 21, 49)
(36, 22, 40)
(36, 23, 34)
(36, 24, 33)
(36, 25, 28)
(36, 26, 27)
(36, 27, 25)
(36, 28, 24)
(36, 29, 21)
(36, 30, 21)
(36, 31, 21)
(36, 32, 21)
(36, 33, 21)
(36, 34, 21)
(36, 35, 21)
(36, 36, 21)
(36, 37, 19)
(36, 38, 18)
(36, 39, 17)

(37, 0, 241)
(37, 1, 182)
(37, 2, 154)
(37, 3, 148)
(37, 4, 125)
(37, 5, 122)
(37, 6, 120)
(37, 7, 119)
(37, 8, 119)
(37, 9, 115)
(37, 10, 114)
(37, 11, 112)
(37, 12, 109)
(37, 13, 106)
(37, 14, 100)
(37, 15, 72)
(37, 16, 59)
(37, 17, 59)
(37, 18, 56)
(37, 19, 54)
(37, 20, 48)
(37, 21, 48)
(37, 22, 40)
(37, 23, 34)
(37, 24, 33)
(37, 25, 28)
(37, 26, 27)
(37, 27, 25)
(37, 28, 24)
(37, 29, 21)
(37, 30, 21)
(37, 31, 21)
(37, 32, 21)
(37, 33, 21)
(37, 34, 21)
(37, 35, 21)
(37, 36, 21)
(37, 37, 19)
(37, 38, 18)
(37, 39, 17)

(38, 0, 248)
(38, 1, 188)
(38, 2, 157)
(38, 3, 151)
(38, 4, 128)
(38, 5, 124)
(38, 6, 122)
(38, 7, 121)
(38, 8, 121)
(38, 9, 117)
(38, 10, 116)
(38, 11, 114)
(38, 12, 111)
(38, 13, 108)
(38, 14, 102)
(38, 15, 73)
(38, 16, 59)
(38, 17, 59)
(38, 18, 56)
(38, 19, 54)
(38, 20, 48)
(38, 21, 48)
(38, 22, 40)
(38, 23, 34)
(38, 24, 33)
(38, 25, 28)
(38, 26, 27)
(38, 27, 25)
(38, 28, 24)
(38, 29, 21)
(38, 30, 21)
(38, 31, 21)
(38, 32, 21)
(38, 33, 21)
(38, 34, 21)
(38, 35, 21)
(38, 36, 21)
(38, 37, 19)
(38, 38, 18)
(38, 39, 17)

(39, 0, 253)
(39, 1, 192)
(39, 2, 161)
(39, 3, 154)
(39, 4, 131)
(39, 5, 127)
(39, 6, 125)
(39, 7, 124)
(39, 8, 124)
(39, 9, 120)
(39, 10, 119)
(39, 11, 117)
(39, 12, 114)
(39, 13, 111)
(39, 14, 105)
(39, 15, 72)
(39, 16, 59)
(39, 17, 59)
(39, 18, 56)
(39, 19, 54)
(39, 20, 48)
(39, 21, 48)
(39, 22, 40)
(39, 23, 34)
(39, 24, 33)
(39, 25, 28)
(39, 26, 27)
(39, 27, 25)
(39, 28, 24)
(39, 29, 21)
(39, 30, 21)
(39, 31, 21)
(39, 32, 21)
(39, 33, 21)
(39, 34, 21)
(39, 35, 21)
(39, 36, 21)
(39, 37, 19)
(39, 38, 18)
(39, 39, 17)


Betti numbers:
xi_0:
(0, 0, 3)
(1, 0, 1)
(2, 0, 5)
(3, 0, 3)
(4, 0, 3)
(5, 0, 4)
(6, 0, 2)
(7, 0, 6)
(8, 0, 4)
(9, 0, 6)
(10, 0, 1)
(11, 0, 4)
(12, 0, 5)
(13, 0, 3)
(14, 0, 5)
(15, 0, 5)
(16, 0, 4)
(17, 0, 5)
(18, 0, 5)
(19, 0, 9)
(20, 0, 7)
(21, 0, 4)
(22, 0, 7)
(23, 0, 5)
(24, 0, 5)
(25, 0, 6)
(26, 0, 2)
(27, 0, 8)
(28, 0, 18)
(29, 0, 23)
(30, 0, 15)
(31, 0, 18)
(32, 0, 6)
(33, 0, 11)
(34, 0, 8)
(35, 0, 4)
(36, 0, 8)
(37, 0, 3)
(38, 0, 7)
(39, 0, 5)
xi_1:
(0, 1, 1)
(0, 4, 1)
(2, 1, 1)
(2, 2, 1)
(2, 9, 1)
(2, 26, 1)
(3, 1, 1)
(3, 3, 1)
(3, 18, 1)
(4, 4, 2)
(5, 4, 1)
(5, 12, 1)
(5, 13, 1)
(5, 19, 1)
(6, 11, 1)
(6, 20, 1)
(7, 8, 1)
(7, 11, 1)
(7, 29, 1)
(7, 31, 1)
(7, 38, 1)
(8, 2, 1)
(8, 7, 1)
(8, 16, 1)
(8, 18, 1)
(8, 31, 1)
(9, 1, 1)
(9, 12, 1)
(9, 15, 1)
(9, 16, 2)
(9, 18, 1)
(9, 25, 1)
(9, 28, 1)
(9, 35, 1)
(10, 20, 1)
(10, 29, 1)
(11, 16, 2)
(12, 2, 1)
(12, 5, 1)
(12, 14, 1)
(12, 20, 1)
(12, 27, 1)
(13, 12, 1)
(13, 19, 1)
(13, 22, 1)
(13, 23, 1)
(14, 10, 1)
(14, 16, 2)
(14, 22, 1)
(15, 1, 2)
(15, 23, 1)
(16, 17, 1)
(16, 20, 1)
(16, 25, 2)
(16, 27, 2)
(17, 1, 1)
(17, 9, 2)
(17, 13, 1)
(17, 23, 1)
(17, 25, 1)
(18, 1, 2)
(18, 2, 3)
(19, 1, 1)
(19, 4, 4)
(19, 16, 2)
(19, 23, 1)
(20, 1, 5)
(20, 4, 2)
(21, 1, 1)
(21, 3, 1)
(21, 4, 1)
(21, 37, 1)
(22, 1, 5)
(22, 4, 1)
(22, 30, 1)
(22, 36, 1)
(23, 1, 1)
(23, 4, 1)
(23, 22, 1)
(23, 24, 1)
(23, 27, 1)
(23, 28, 1)
(24, 1, 1)
(24, 4, 2)
(24, 12, 1)
(24, 13, 1)
(24, 15, 1)
(24, 20, 1)
(24, 23, 1)
(25, 1, 2)
(25, 4, 3)
(25, 22, 1)
(25, 28, 2)
(26, 9, 1)
(26, 25, 1)
(27, 2, 2)
(27, 4, 1)
(27, 14, 1)
(27, 15, 3)
(28, 1, 5)
(28, 2, 5)
(28, 3, 1)
(28, 6, 1)
(28, 14, 2)
(28, 15, 1)
(28, 22, 1)
(29, 1, 12)
(29, 2, 4)
(29, 4, 1)
(29, 14, 1)
(29, 16, 2)
(29, 21, 1)
(29, 22, 1)
(29, 38, 1)
(30, 1, 7)
(30, 2, 1)
(30, 4, 3)
(30, 15, 3)
(30, 23, 1)
(30, 37, 1)
(31, 1, 3)
(31, 2, 2)
(31, 3, 1)
(31, 6, 1)
(31, 15, 8)
(31, 16, 1)
(31, 22, 1)
(31, 24, 1)
(31, 29, 1)
(32, 1, 2)
(32, 5, 1)
(32, 14, 1)
(32, 15, 2)
(32, 16, 1)
(33, 1, 4)
(33, 2, 2)
(33, 5, 1)
(33, 15, 1)
(33, 16, 1)
(33, 39, 1)
(34, 1, 1)
(34, 2, 2)
(34, 3, 2)
(34, 15, 3)
(35, 2, 1)
(35, 15, 2)
(35, 22, 1)
(35, 23, 1)
(36, 2, 3)
(36, 3, 1)
(36, 15, 1)
(36, 20, 1)
(36, 22, 1)
(36, 23, 1)
(37, 15, 4)
(38, 1, 1)
(38, 2, 3)
(38, 5, 1)
(38, 15, 1)
(38, 16, 1)
(39, 1, 1)
(39, 3, 1)
(39, 15, 4)
xi_2:
(8, 8, 1)
(9, 31, 2)
(10, 35, 1)
(13, 28, 1)
(17, 17, 1)
(17, 27, 1)
(23, 30, 1)
(23, 36, 1)
(24, 24, 1)
(24, 27, 1)
(24, 28, 1)
(25, 12, 1)
(25, 23, 1)
(26, 28, 1)
(28, 15, 1)
(29, 3, 1)
(30, 16, 1)
(30, 38, 1)
(31, 21, 1)
(31, 23, 1)
(32, 15, 1)
(37, 22, 1)
(39, 16, 1)
