x-grades
-12497688244998980197/4000000000000000000
-6094277046025144197/2000000000000000000
-11879419939101596591/4000000000000000000
-2892571446538226197/1000000000000000000
-2252230326640842597/800000000000000000
-5476008740127760591/2000000000000000000
-10642883327306829379/4000000000000000000
-1291718646794767197/500000000000000000
-10024615021409445773/4000000000000000000
-971548086846075397/400000000000000000
-9406346715512062167/4000000000000000000
-2274303140640842591/1000000000000000000
-8788078409614678561/4000000000000000000
-4239472128332993379/2000000000000000000
-1633962020743458991/800000000000000000
-491292246923037697/250000000000000000
-7551541797819911349/4000000000000000000
-3621203822435609773/2000000000000000000
-6933273491922527743/4000000000000000000
-331206966948691797/200000000000000000
-6315005186025144137/4000000000000000000
-3002935516538226167/2000000000000000000
-5696736880127760531/4000000000000000000
-673450340897383591/500000000000000000
-203138742969215077/160000000000000000
-2384667210640842561/2000000000000000000
-4460200268332993319/4000000000000000000
-1037766528846075379/1000000000000000000
-3841931962435609713/4000000000000000000
-353279780948691791/400000000000000000
-3223663656538226107/4000000000000000000
-91079046987172947/125000000000000000
-2605395350640842501/4000000000000000000
-1148130598846075349/2000000000000000000
-397425408948691779/800000000000000000
-419498222948691773/1000000000000000000
-1368858738846075289/4000000000000000000
-529862292948691743/2000000000000000000
-750590432948691683/4000000000000000000
-11036406999999997/100000000000000000

y-grades
4997917/20000000
4997917/10000000
14993751/20000000
4997917/5000000
4997917/4000000
14993751/10000000
34985419/20000000
4997917/2500000
44981253/20000000
4997917/2000000
54977087/20000000
14993751/5000000
64972921/20000000
34985419/10000000
14993751/4000000
4997917/1250000
84964589/20000000
44981253/10000000
94960423/20000000
4997917/1000000
104956257/20000000
54977087/10000000
114952091/20000000
14993751/2500000
4997917/800000
64972921/10000000
134943759/20000000
34985419/5000000
144939593/20000000
14993751/2000000
154935427/20000000
4997917/625000
164931261/20000000
84964589/10000000
34985419/4000000
44981253/5000000
184922929/20000000
94960423/10000000
194918763/20000000
4997917/500000

Dimensions > 0:
(0, 0, 2)
(0, 1, 2)
(0, 2, 2)
(0, 3, 2)
(0, 4, 2)
(0, 5, 2)
(0, 6, 2)
(0, 7, 2)
(0, 8, 2)
(0, 9, 2)
(0, 10, 2)
(0, 11, 2)
(0, 12, 2)
(0, 13, 2)
(0, 14, 2)
(0, 15, 2)
(0, 16, 2)
(0, 17, 2)
(0, 18, 2)
(0, 19, 2)
(0, 20, 2)
(0, 21, 2)
(0, 22, 2)
(0, 23, 2)
(0, 24, 2)
(0, 25, 2)
(0, 26, 2)
(0, 27, 2)
(0, 28, 2)
(0, 29, 2)
(0, 30, 2)
(0, 31, 2)
(0, 32, 2)
(0, 33, 2)
(0, 34, 2)
(0, 35, 2)
(0, 36, 2)
(0, 37, 2)
(0, 38, 2)
(0, 39, 2)

(1, 0, 15)
(1, 1, 15)
(1, 2, 15)
(1, 3, 15)
(1, 4, 11)
(1, 5, 9)
(1, 6, 9)
(1, 7, 9)
(1, 8, 8)
(1, 9, 8)
(1, 10, 8)
(1, 11, 8)
(1, 12, 7)
(1, 13, 7)
(1, 14, 6)
(1, 15, 3)
(1, 16, 3)
(1, 17, 3)
(1, 18, 3)
(1, 19, 2)
(1, 20, 2)
(1, 21, 2)
(1, 22, 2)
(1, 23, 2)
(1, 24, 1)
(1, 25, 1)
(1, 26, 1)
(1, 27, 1)
(1, 28, 1)
(1, 29, 1)
(1, 30, 1)
(1, 31, 1)
(1, 32, 1)
(1, 33, 1)
(1, 34, 1)
(1, 35, 1)
(1, 36, 1)
(1, 37, 1)
(1, 38, 1)
(1, 39, 1)

(2, 0, 24)
(2, 1, 24)
(2, 2, 24)
(2, 3, 19)
(2, 4, 14)
(2, 5, 11)
(2, 6, 11)
(2, 7, 11)
(2, 8, 10)
(2, 9, 10)
(2, 10, 10)
(2, 11, 9)
(2, 12, 8)
(2, 13, 8)
(2, 14, 7)
(2, 15, 4)
(2, 16, 4)
(2, 17, 4)
(2, 18, 4)
(2, 19, 3)
(2, 20, 2)
(2, 21, 2)
(2, 22, 2)
(2, 23, 2)
(2, 24, 2)
(2, 25, 2)
(2, 26, 1)
(2, 27, 1)
(2, 28, 1)
(2, 29, 1)
(2, 30, 1)
(2, 31, 1)
(2, 32, 1)
(2, 33, 1)
(2, 34, 1)
(2, 35, 1)
(2, 36, 1)
(2, 37, 1)
(2, 38, 1)
(2, 39, 1)

(3, 0, 44)
(3, 1, 44)
(3, 2, 44)
(3, 3, 20)
(3, 4, 15)
(3, 5, 12)
(3, 6, 12)
(3, 7, 12)
(3, 8, 11)
(3, 9, 11)
(3, 10, 11)
(3, 11, 10)
(3, 12, 9)
(3, 13, 9)
(3, 14, 7)
(3, 15, 4)
(3, 16, 4)
(3, 17, 4)
(3, 18, 4)
(3, 19, 3)
(3, 20, 2)
(3, 21, 2)
(3, 22, 2)
(3, 23, 2)
(3, 24, 2)
(3, 25, 2)
(3, 26, 1)
(3, 27, 1)
(3, 28, 1)
(3, 29, 1)
(3, 30, 1)
(3, 31, 1)
(3, 32, 1)
(3, 33, 1)
(3, 34, 1)
(3, 35, 1)
(3, 36, 1)
(3, 37, 1)
(3, 38, 1)
(3, 39, 1)

(4, 0, 46)
(4, 1, 46)
(4, 2, 46)
(4, 3, 20)
(4, 4, 15)
(4, 5, 12)
(4, 6, 12)
(4, 7, 12)
(4, 8, 11)
(4, 9, 11)
(4, 10, 11)
(4, 11, 10)
(4, 12, 9)
(4, 13, 9)
(4, 14, 7)
(4, 15, 4)
(4, 16, 4)
(4, 17, 4)
(4, 18, 4)
(4, 19, 3)
(4, 20, 2)
(4, 21, 2)
(4, 22, 2)
(4, 23, 2)
(4, 24, 2)
(4, 25, 2)
(4, 26, 1)
(4, 27, 1)
(4, 28, 1)
(4, 29, 1)
(4, 30, 1)
(4, 31, 1)
(4, 32, 1)
(4, 33, 1)
(4, 34, 1)
(4, 35, 1)
(4, 36, 1)
(4, 37, 1)
(4, 38, 1)
(4, 39, 1)

(5, 0, 46)
(5, 1, 46)
(5, 2, 46)
(5, 3, 20)
(5, 4, 15)
(5, 5, 12)
(5, 6, 12)
(5, 7, 12)
(5, 8, 11)
(5, 9, 11)
(5, 10, 11)
(5, 11, 10)
(5, 12, 9)
(5, 13, 9)
(5, 14, 7)
(5, 15, 4)
(5, 16, 4)
(5, 17, 4)
(5, 18, 4)
(5, 19, 3)
(5, 20, 2)
(5, 21, 2)
(5, 22, 2)
(5, 23, 2)
(5, 24, 2)
(5, 25, 2)
(5, 26, 1)
(5, 27, 1)
(5, 28, 1)
(5, 29, 1)
(5, 30, 1)
(5, 31, 1)
(5, 32, 1)
(5, 33, 1)
(5, 34, 1)
(5, 35, 1)
(5, 36, 1)
(5, 37, 1)
(5, 38, 1)
(5, 39, 1)

(6, 0, 46)
(6, 1, 46)
(6, 2, 46)
(6, 3, 20)
(6, 4, 15)
(6, 5, 12)
(6, 6, 12)
(6, 7, 12)
(6, 8, 11)
(6, 9, 11)
(6, 10, 11)
(6, 11, 10)
(6, 12, 9)
(6, 13, 9)
(6, 14, 7)
(6, 15, 4)
(6, 16, 4)
(6, 17, 4)
(6, 18, 4)
(6, 19, 3)
(6, 20, 2)
(6, 21, 2)
(6, 22, 2)
(6, 23, 2)
(6, 24, 2)
(6, 25, 2)
(6, 26, 1)
(6, 27, 1)
(6, 28, 1)
(6, 29, 1)
(6, 30, 1)
(6, 31, 1)
(6, 32, 1)
(6, 33, 1)
(6, 34, 1)
(6, 35, 1)
(6, 36, 1)
(6, 37, 1)
(6, 38, 1)
(6, 39, 1)

(7, 0, 47)
(7, 1, 47)
(7, 2, 47)
(7, 3, 21)
(7, 4, 16)
(7, 5, 13)
(7, 6, 13)
(7, 7, 13)
(7, 8, 12)
(7, 9, 12)
(7, 10, 12)
(7, 11, 11)
(7, 12, 10)
(7, 13, 10)
(7, 14, 8)
(7, 15, 5)
(7, 16, 5)
(7, 17, 5)
(7, 18, 5)
(7, 19, 4)
(7, 20, 3)
(7, 21, 3)
(7, 22, 3)
(7, 23, 3)
(7, 24, 3)
(7, 25, 3)
(7, 26, 2)
(7, 27, 2)
(7, 28, 2)
(7, 29, 2)
(7, 30, 2)
(7, 31, 2)
(7, 32, 2)
(7, 33, 2)
(7, 34, 2)
(7, 35, 2)
(7, 36, 2)
(7, 37, 2)
(7, 38, 2)
(7, 39, 2)

(8, 0, 54)
(8, 1, 54)
(8, 2, 54)
(8, 3, 28)
(8, 4, 22)
(8, 5, 17)
(8, 6, 17)
(8, 7, 17)
(8, 8, 16)
(8, 9, 16)
(8, 10, 16)
(8, 11, 15)
(8, 12, 13)
(8, 13, 13)
(8, 14, 11)
(8, 15, 7)
(8, 16, 7)
(8, 17, 7)
(8, 18, 7)
(8, 19, 6)
(8, 20, 5)
(8, 21, 5)
(8, 22, 4)
(8, 23, 4)
(8, 24, 4)
(8, 25, 4)
(8, 26, 3)
(8, 27, 3)
(8, 28, 3)
(8, 29, 3)
(8, 30, 2)
(8, 31, 2)
(8, 32, 2)
(8, 33, 2)
(8, 34, 2)
(8, 35, 2)
(8, 36, 2)
(8, 37, 2)
(8, 38, 2)
(8, 39, 2)

(9, 0, 65)
(9, 1, 65)
(9, 2, 65)
(9, 3, 35)
(9, 4, 27)
(9, 5, 21)
(9, 6, 21)
(9, 7, 21)
(9, 8, 19)
(9, 9, 19)
(9, 10, 19)
(9, 11, 18)
(9, 12, 16)
(9, 13, 16)
(9, 14, 13)
(9, 15, 8)
(9, 16, 8)
(9, 17, 8)
(9, 18, 8)
(9, 19, 6)
(9, 20, 4)
(9, 21, 4)
(9, 22, 4)
(9, 23, 4)
(9, 24, 4)
(9, 25, 4)
(9, 26, 3)
(9, 27, 3)
(9, 28, 3)
(9, 29, 2)
(9, 30, 2)
(9, 31, 2)
(9, 32, 2)
(9, 33, 2)
(9, 34, 2)
(9, 35, 2)
(9, 36, 2)
(9, 37, 2)
(9, 38, 2)
(9, 39, 2)

(10, 0, 81)
(10, 1, 81)
(10, 2, 81)
(10, 3, 40)
(10, 4, 30)
(10, 5, 24)
(10, 6, 24)
(10, 7, 24)
(10, 8, 22)
(10, 9, 22)
(10, 10, 22)
(10, 11, 20)
(10, 12, 18)
(10, 13, 18)
(10, 14, 15)
(10, 15, 9)
(10, 16, 8)
(10, 17, 8)
(10, 18, 8)
(10, 19, 6)
(10, 20, 4)
(10, 21, 4)
(10, 22, 4)
(10, 23, 4)
(10, 24, 4)
(10, 25, 4)
(10, 26, 3)
(10, 27, 3)
(10, 28, 2)
(10, 29, 2)
(10, 30, 2)
(10, 31, 2)
(10, 32, 2)
(10, 33, 2)
(10, 34, 2)
(10, 35, 2)
(10, 36, 2)
(10, 37, 2)
(10, 38, 2)
(10, 39, 2)

(11, 0, 92)
(11, 1, 92)
(11, 2, 92)
(11, 3, 42)
(11, 4, 32)
(11, 5, 26)
(11, 6, 26)
(11, 7, 26)
(11, 8, 24)
(11, 9, 24)
(11, 10, 24)
(11, 11, 22)
(11, 12, 20)
(11, 13, 20)
(11, 14, 17)
(11, 15, 11)
(11, 16, 10)
(11, 17, 10)
(11, 18, 10)
(11, 19, 8)
(11, 20, 6)
(11, 21, 6)
(11, 22, 5)
(11, 23, 5)
(11, 24, 5)
(11, 25, 5)
(11, 26, 4)
(11, 27, 4)
(11, 28, 3)
(11, 29, 3)
(11, 30, 3)
(11, 31, 3)
(11, 32, 3)
(11, 33, 3)
(11, 34, 3)
(11, 35, 3)
(11, 36, 3)
(11, 37, 3)
(11, 38, 3)
(11, 39, 3)

(12, 0, 94)
(12, 1, 94)
(12, 2, 94)
(12, 3, 42)
(12, 4, 32)
(12, 5, 26)
(12, 6, 26)
(12, 7, 26)
(12, 8, 24)
(12, 9, 24)
(12, 10, 24)
(12, 11, 22)
(12, 12, 20)
(12, 13, 20)
(12, 14, 17)
(12, 15, 11)
(12, 16, 10)
(12, 17, 10)
(12, 18, 10)
(12, 19, 8)
(12, 20, 6)
(12, 21, 6)
(12, 22, 5)
(12, 23, 5)
(12, 24, 5)
(12, 25, 5)
(12, 26, 4)
(12, 27, 4)
(12, 28, 3)
(12, 29, 3)
(12, 30, 3)
(12, 31, 3)
(12, 32, 3)
(12, 33, 3)
(12, 34, 3)
(12, 35, 3)
(12, 36, 3)
(12, 37, 3)
(12, 38, 3)
(12, 39, 3)

(13, 0, 94)
(13, 1, 94)
(13, 2, 94)
(13, 3, 42)
(13, 4, 32)
(13, 5, 26)
(13, 6, 26)
(13, 7, 26)
(13, 8, 24)
(13, 9, 24)
(13, 10, 24)
(13, 11, 22)
(13, 12, 20)
(13, 13, 20)
(13, 14, 17)
(13, 15, 11)
(13, 16, 10)
(13, 17, 10)
(13, 18, 10)
(13, 19, 8)
(13, 20, 6)
(13, 21, 6)
(13, 22, 5)
(13, 23, 5)
(13, 24, 5)
(13, 25, 5)
(13, 26, 4)
(13, 27, 4)
(13, 28, 3)
(13, 29, 3)
(13, 30, 3)
(13, 31, 3)
(13, 32, 3)
(13, 33, 3)
(13, 34, 3)
(13, 35, 3)
(13, 36, 3)
(13, 37, 3)
(13, 38, 3)
(13, 39, 3)

(14, 0, 96)
(14, 1, 96)
(14, 2, 96)
(14, 3, 44)
(14, 4, 33)
(14, 5, 27)
(14, 6, 27)
(14, 7, 27)
(14, 8, 25)
(14, 9, 25)
(14, 10, 25)
(14, 11, 23)
(14, 12, 21)
(14, 13, 21)
(14, 14, 18)
(14, 15, 12)
(14, 16, 11)
(14, 17, 11)
(14, 18, 11)
(14, 19, 9)
(14, 20, 7)
(14, 21, 7)
(14, 22, 6)
(14, 23, 6)
(14, 24, 6)
(14, 25, 6)
(14, 26, 5)
(14, 27, 5)
(14, 28, 4)
(14, 29, 4)
(14, 30, 3)
(14, 31, 3)
(14, 32, 3)
(14, 33, 3)
(14, 34, 3)
(14, 35, 3)
(14, 36, 3)
(14, 37, 3)
(14, 38, 3)
(14, 39, 3)

(15, 0, 96)
(15, 1, 96)
(15, 2, 96)
(15, 3, 44)
(15, 4, 33)
(15, 5, 27)
(15, 6, 27)
(15, 7, 27)
(15, 8, 25)
(15, 9, 25)
(15, 10, 25)
(15, 11, 23)
(15, 12, 21)
(15, 13, 21)
(15, 14, 18)
(15, 15, 12)
(15, 16, 11)
(15, 17, 11)
(15, 18, 11)
(15, 19, 9)
(15, 20, 7)
(15, 21, 7)
(15, 22, 6)
(15, 23, 6)
(15, 24, 6)
(15, 25, 6)
(15, 26, 5)
(15, 27, 5)
(15, 28, 4)
(15, 29, 4)
(15, 30, 3)
(15, 31, 3)
(15, 32, 3)
(15, 33, 3)
(15, 34, 3)
(15, 35, 3)
(15, 36, 3)
(15, 37, 3)
(15, 38, 3)
(15, 39, 3)

(16, 0, 104)
(16, 1, 104)
(16, 2, 104)
(16, 3, 48)
(16, 4, 37)
(16, 5, 31)
(16, 6, 31)
(16, 7, 31)
(16, 8, 29)
(16, 9, 29)
(16, 10, 29)
(16, 11, 27)
(16, 12, 25)
(16, 13, 25)
(16, 14, 22)
(16, 15, 16)
(16, 16, 15)
(16, 17, 15)
(16, 18, 15)
(16, 19, 13)
(16, 20, 11)
(16, 21, 11)
(16, 22, 9)
(16, 23, 9)
(16, 24, 9)
(16, 25, 9)
(16, 26, 8)
(16, 27, 8)
(16, 28, 6)
(16, 29, 6)
(16, 30, 5)
(16, 31, 5)
(16, 32, 5)
(16, 33, 5)
(16, 34, 5)
(16, 35, 5)
(16, 36, 5)
(16, 37, 5)
(16, 38, 5)
(16, 39, 5)

(17, 0, 116)
(17, 1, 116)
(17, 2, 116)
(17, 3, 53)
(17, 4, 40)
(17, 5, 33)
(17, 6, 33)
(17, 7, 33)
(17, 8, 31)
(17, 9, 31)
(17, 10, 31)
(17, 11, 29)
(17, 12, 27)
(17, 13, 27)
(17, 14, 23)
(17, 15, 17)
(17, 16, 16)
(17, 17, 16)
(17, 18, 16)
(17, 19, 14)
(17, 20, 12)
(17, 21, 12)
(17, 22, 10)
(17, 23, 9)
(17, 24, 9)
(17, 25, 9)
(17, 26, 7)
(17, 27, 7)
(17, 28, 5)
(17, 29, 5)
(17, 30, 4)
(17, 31, 4)
(17, 32, 4)
(17, 33, 4)
(17, 34, 4)
(17, 35, 4)
(17, 36, 4)
(17, 37, 4)
(17, 38, 4)
(17, 39, 4)

(18, 0, 126)
(18, 1, 126)
(18, 2, 125)
(18, 3, 55)
(18, 4, 41)
(18, 5, 34)
(18, 6, 34)
(18, 7, 34)
(18, 8, 32)
(18, 9, 32)
(18, 10, 32)
(18, 11, 30)
(18, 12, 26)
(18, 13, 26)
(18, 14, 23)
(18, 15, 17)
(18, 16, 16)
(18, 17, 16)
(18, 18, 16)
(18, 19, 14)
(18, 20, 11)
(18, 21, 11)
(18, 22, 9)
(18, 23, 9)
(18, 24, 9)
(18, 25, 8)
(18, 26, 7)
(18, 27, 7)
(18, 28, 5)
(18, 29, 5)
(18, 30, 4)
(18, 31, 4)
(18, 32, 4)
(18, 33, 4)
(18, 34, 4)
(18, 35, 4)
(18, 36, 4)
(18, 37, 4)
(18, 38, 4)
(18, 39, 4)

(19, 0, 135)
(19, 1, 135)
(19, 2, 134)
(19, 3, 59)
(19, 4, 45)
(19, 5, 38)
(19, 6, 38)
(19, 7, 38)
(19, 8, 36)
(19, 9, 36)
(19, 10, 36)
(19, 11, 34)
(19, 12, 30)
(19, 13, 30)
(19, 14, 27)
(19, 15, 19)
(19, 16, 18)
(19, 17, 17)
(19, 18, 16)
(19, 19, 13)
(19, 20, 11)
(19, 21, 11)
(19, 22, 8)
(19, 23, 8)
(19, 24, 8)
(19, 25, 7)
(19, 26, 6)
(19, 27, 6)
(19, 28, 5)
(19, 29, 5)
(19, 30, 4)
(19, 31, 4)
(19, 32, 4)
(19, 33, 4)
(19, 34, 4)
(19, 35, 4)
(19, 36, 4)
(19, 37, 4)
(19, 38, 4)
(19, 39, 4)

(20, 0, 137)
(20, 1, 137)
(20, 2, 136)
(20, 3, 59)
(20, 4, 45)
(20, 5, 38)
(20, 6, 38)
(20, 7, 38)
(20, 8, 36)
(20, 9, 36)
(20, 10, 36)
(20, 11, 34)
(20, 12, 30)
(20, 13, 30)
(20, 14, 27)
(20, 15, 19)
(20, 16, 18)
(20, 17, 17)
(20, 18, 16)
(20, 19, 13)
(20, 20, 11)
(20, 21, 11)
(20, 22, 8)
(20, 23, 8)
(20, 24, 8)
(20, 25, 7)
(20, 26, 6)
(20, 27, 6)
(20, 28, 5)
(20, 29, 5)
(20, 30, 4)
(20, 31, 4)
(20, 32, 4)
(20, 33, 4)
(20, 34, 4)
(20, 35, 4)
(20, 36, 4)
(20, 37, 4)
(20, 38, 4)
(20, 39, 4)

(21, 0, 137)
(21, 1, 137)
(21, 2, 136)
(21, 3, 59)
(21, 4, 45)
(21, 5, 38)
(21, 6, 38)
(21, 7, 38)
(21, 8, 36)
(21, 9, 36)
(21, 10, 36)
(21, 11, 34)
(21, 12, 30)
(21, 13, 30)
(21, 14, 27)
(21, 15, 19)
(21, 16, 18)
(21, 17, 17)
(21, 18, 16)
(21, 19, 13)
(21, 20, 11)
(21, 21, 11)
(21, 22, 8)
(21, 23, 8)
(21, 24, 8)
(21, 25, 7)
(21, 26, 6)
(21, 27, 6)
(21, 28, 5)
(21, 29, 5)
(21, 30, 4)
(21, 31, 4)
(21, 32, 4)
(21, 33, 4)
(21, 34, 4)
(21, 35, 4)
(21, 36, 4)
(21, 37, 4)
(21, 38, 4)
(21, 39, 4)

(22, 0, 137)
(22, 1, 137)
(22, 2, 136)
(22, 3, 59)
(22, 4, 45)
(22, 5, 38)
(22, 6, 38)
(22, 7, 38)
(22, 8, 36)
(22, 9, 36)
(22, 10, 36)
(22, 11, 34)
(22, 12, 30)
(22, 13, 30)
(22, 14, 27)
(22, 15, 19)
(22, 16, 18)
(22, 17, 17)
(22, 18, 16)
(22, 19, 13)
(22, 20, 11)
(22, 21, 11)
(22, 22, 8)
(22, 23, 8)
(22, 24, 8)
(22, 25, 7)
(22, 26, 6)
(22, 27, 6)
(22, 28, 5)
(22, 29, 5)
(22, 30, 4)
(22, 31, 4)
(22, 32, 4)
(22, 33, 4)
(22, 34, 4)
(22, 35, 4)
(22, 36, 4)
(22, 37, 4)
(22, 38, 4)
(22, 39, 4)

(23, 0, 137)
(23, 1, 137)
(23, 2, 136)
(23, 3, 59)
(23, 4, 45)
(23, 5, 38)
(23, 6, 38)
(23, 7, 38)
(23, 8, 36)
(23, 9, 36)
(23, 10, 36)
(23, 11, 34)
(23, 12, 30)
(23, 13, 30)
(23, 14, 27)
(23, 15, 19)
(23, 16, 18)
(23, 17, 17)
(23, 18, 16)
(23, 19, 13)
(23, 20, 11)
(23, 21, 11)
(23, 22, 8)
(23, 23, 8)
(23, 24, 8)
(23, 25, 7)
(23, 26, 6)
(23, 27, 6)
(23, 28, 5)
(23, 29, 5)
(23, 30, 4)
(23, 31, 4)
(23, 32, 4)
(23, 33, 4)
(23, 34, 4)
(23, 35, 4)
(23, 36, 4)
(23, 37, 4)
(23, 38, 4)
(23, 39, 4)

(24, 0, 139)
(24, 1, 139)
(24, 2, 138)
(24, 3, 61)
(24, 4, 47)
(24, 5, 40)
(24, 6, 40)
(24, 7, 40)
(24, 8, 38)
(24, 9, 38)
(24, 10, 38)
(24, 11, 36)
(24, 12, 32)
(24, 13, 32)
(24, 14, 29)
(24, 15, 21)
(24, 16, 20)
(24, 17, 19)
(24, 18, 18)
(24, 19, 15)
(24, 20, 13)
(24, 21, 13)
(24, 22, 9)
(24, 23, 9)
(24, 24, 9)
(24, 25, 8)
(24, 26, 7)
(24, 27, 7)
(24, 28, 6)
(24, 29, 6)
(24, 30, 5)
(24, 31, 5)
(24, 32, 5)
(24, 33, 5)
(24, 34, 5)
(24, 35, 5)
(24, 36, 5)
(24, 37, 5)
(24, 38, 5)
(24, 39, 5)

(25, 0, 139)
(25, 1, 139)
(25, 2, 138)
(25, 3, 61)
(25, 4, 47)
(25, 5, 40)
(25, 6, 40)
(25, 7, 40)
(25, 8, 38)
(25, 9, 38)
(25, 10, 38)
(25, 11, 36)
(25, 12, 32)
(25, 13, 32)
(25, 14, 29)
(25, 15, 21)
(25, 16, 20)
(25, 17, 19)
(25, 18, 18)
(25, 19, 15)
(25, 20, 13)
(25, 21, 13)
(25, 22, 9)
(25, 23, 9)
(25, 24, 9)
(25, 25, 8)
(25, 26, 7)
(25, 27, 7)
(25, 28, 6)
(25, 29, 6)
(25, 30, 5)
(25, 31, 5)
(25, 32, 5)
(25, 33, 5)
(25, 34, 5)
(25, 35, 5)
(25, 36, 5)
(25, 37, 5)
(25, 38, 5)
(25, 39, 5)

(26, 0, 141)
(26, 1, 141)
(26, 2, 140)
(26, 3, 63)
(26, 4, 48)
(26, 5, 41)
(26, 6, 41)
(26, 7, 41)
(26, 8, 39)
(26, 9, 39)
(26, 10, 39)
(26, 11, 37)
(26, 12, 33)
(26, 13, 33)
(26, 14, 30)
(26, 15, 22)
(26, 16, 21)
(26, 17, 20)
(26, 18, 19)
(26, 19, 16)
(26, 20, 14)
(26, 21, 14)
(26, 22, 10)
(26, 23, 10)
(26, 24, 10)
(26, 25, 9)
(26, 26, 8)
(26, 27, 8)
(26, 28, 7)
(26, 29, 7)
(26, 30, 5)
(26, 31, 5)
(26, 32, 5)
(26, 33, 5)
(26, 34, 5)
(26, 35, 5)
(26, 36, 5)
(26, 37, 5)
(26, 38, 5)
(26, 39, 5)

(27, 0, 141)
(27, 1, 141)
(27, 2, 140)
(27, 3, 63)
(27, 4, 48)
(27, 5, 41)
(27, 6, 41)
(27, 7, 41)
(27, 8, 39)
(27, 9, 39)
(27, 10, 39)
(27, 11, 37)
(27, 12, 33)
(27, 13, 33)
(27, 14, 30)
(27, 15, 22)
(27, 16, 21)
(27, 17, 20)
(27, 18, 19)
(27, 19, 16)
(27, 20, 14)
(27, 21, 14)
(27, 22, 10)
(27, 23, 10)
(27, 24, 10)
(27, 25, 9)
(27, 26, 8)
(27, 27, 8)
(27, 28, 7)
(27, 29, 7)
(27, 30, 5)
(27, 31, 5)
(27, 32, 5)
(27, 33, 5)
(27, 34, 5)
(27, 35, 5)
(27, 36, 5)
(27, 37, 5)
(27, 38, 5)
(27, 39, 5)

(28, 0, 141)
(28, 1, 141)
(28, 2, 140)
(28, 3, 63)
(28, 4, 48)
(28, 5, 41)
(28, 6, 41)
(28, 7, 41)
(28, 8, 39)
(28, 9, 39)
(28, 10, 39)
(28, 11, 37)
(28, 12, 33)
(28, 13, 33)
(28, 14, 30)
(28, 15, 22)
(28, 16, 21)
(28, 17, 20)
(28, 18, 19)
(28, 19, 16)
(28, 20, 14)
(28, 21, 14)
(28, 22, 10)
(28, 23, 10)
(28, 24, 10)
(28, 25, 9)
(28, 26, 8)
(28, 27, 8)
(28, 28, 7)
(28, 29, 7)
(28, 30, 5)
(28, 31, 5)
(28, 32, 5)
(28, 33, 5)
(28, 34, 5)
(28, 35, 5)
(28, 36, 5)
(28, 37, 5)
(28, 38, 5)
(28, 39, 5)

(29, 0, 141)
(29, 1, 141)
(29, 2, 140)
(29, 3, 63)
(29, 4, 48)
(29, 5, 41)
(29, 6, 41)
(29, 7, 41)
(29, 8, 39)
(29, 9, 39)
(29, 10, 39)
(29, 11, 37)
(29, 12, 33)
(29, 13, 33)
(29, 14, 30)
(29, 15, 22)
(29, 16, 21)
(29, 17, 20)
(29, 18, 19)
(29, 19, 16)
(29, 20, 14)
(29, 21, 14)
(29, 22, 10)
(29, 23, 10)
(29, 24, 10)
(29, 25, 9)
(29, 26, 8)
(29, 27, 8)
(29, 28, 7)
(29, 29, 7)
(29, 30, 5)
(29, 31, 5)
(29, 32, 5)
(29, 33, 5)
(29, 34, 5)
(29, 35, 5)
(29, 36, 5)
(29, 37, 5)
(29, 38, 5)
(29, 39, 5)

(30, 0, 141)
(30, 1, 141)
(30, 2, 140)
(30, 3, 63)
(30, 4, 48)
(30, 5, 41)
(30, 6, 41)
(30, 7, 41)
(30, 8, 39)
(30, 9, 39)
(30, 10, 39)
(30, 11, 37)
(30, 12, 33)
(30, 13, 33)
(30, 14, 30)
(30, 15, 22)
(30, 16, 21)
(30, 17, 20)
(30, 18, 19)
(30, 19, 16)
(30, 20, 14)
(30, 21, 14)
(30, 22, 10)
(30, 23, 10)
(30, 24, 10)
(30, 25, 9)
(30, 26, 8)
(30, 27, 8)
(30, 28, 7)
(30, 29, 7)
(30, 30, 5)
(30, 31, 5)
(30, 32, 5)
(30, 33, 5)
(30, 34, 5)
(30, 35, 5)
(30, 36, 5)
(30, 37, 5)
(30, 38, 5)
(30, 39, 5)

(31, 0, 141)
(31, 1, 141)
(31, 2, 140)
(31, 3, 63)
(31, 4, 48)
(31, 5, 41)
(31, 6, 41)
(31, 7, 41)
(31, 8, 39)
(31, 9, 39)
(31, 10, 39)
(31, 11, 37)
(31, 12, 33)
(31, 13, 33)
(31, 14, 30)
(31, 15, 22)
(31, 16, 21)
(31, 17, 20)
(31, 18, 19)
(31, 19, 16)
(31, 20, 14)
(31, 21, 14)
(31, 22, 10)
(31, 23, 10)
(31, 24, 10)
(31, 25, 9)
(31, 26, 8)
(31, 27, 8)
(31, 28, 7)
(31, 29, 7)
(31, 30, 5)
(31, 31, 5)
(31, 32, 5)
(31, 33, 5)
(31, 34, 5)
(31, 35, 5)
(31, 36, 5)
(31, 37, 5)
(31, 38, 5)
(31, 39, 5)

(32, 0, 144)
(32, 1, 144)
(32, 2, 143)
(32, 3, 64)
(32, 4, 49)
(32, 5, 42)
(32, 6, 42)
(32, 7, 42)
(32, 8, 40)
(32, 9, 40)
(32, 10, 40)
(32, 11, 38)
(32, 12, 34)
(32, 13, 34)
(32, 14, 31)
(32, 15, 23)
(32, 16, 22)
(32, 17, 21)
(32, 18, 20)
(32, 19, 17)
(32, 20, 15)
(32, 21, 15)
(32, 22, 11)
(32, 23, 11)
(32, 24, 11)
(32, 25, 10)
(32, 26, 9)
(32, 27, 9)
(32, 28, 8)
(32, 29, 8)
(32, 30, 6)
(32, 31, 6)
(32, 32, 6)
(32, 33, 6)
(32, 34, 6)
(32, 35, 6)
(32, 36, 6)
(32, 37, 6)
(32, 38, 6)
(32, 39, 6)

(33, 0, 154)
(33, 1, 154)
(33, 2, 153)
(33, 3, 64)
(33, 4, 49)
(33, 5, 42)
(33, 6, 42)
(33, 7, 42)
(33, 8, 40)
(33, 9, 40)
(33, 10, 40)
(33, 11, 38)
(33, 12, 34)
(33, 13, 34)
(33, 14, 31)
(33, 15, 23)
(33, 16, 22)
(33, 17, 21)
(33, 18, 20)
(33, 19, 17)
(33, 20, 15)
(33, 21, 15)
(33, 22, 11)
(33, 23, 11)
(33, 24, 11)
(33, 25, 10)
(33, 26, 9)
(33, 27, 9)
(33, 28, 8)
(33, 29, 8)
(33, 30, 6)
(33, 31, 6)
(33, 32, 6)
(33, 33, 6)
(33, 34, 6)
(33, 35, 6)
(33, 36, 6)
(33, 37, 6)
(33, 38, 6)
(33, 39, 6)

(34, 0, 154)
(34, 1, 154)
(34, 2, 153)
(34, 3, 64)
(34, 4, 49)
(34, 5, 42)
(34, 6, 42)
(34, 7, 42)
(34, 8, 40)
(34, 9, 40)
(34, 10, 40)
(34, 11, 38)
(34, 12, 34)
(34, 13, 34)
(34, 14, 31)
(34, 15, 23)
(34, 16, 22)
(34, 17, 21)
(34, 18, 20)
(34, 19, 17)
(34, 20, 15)
(34, 21, 15)
(34, 22, 11)
(34, 23, 11)
(34, 24, 11)
(34, 25, 10)
(34, 26, 9)
(34, 27, 9)
(34, 28, 8)
(34, 29, 8)
(34, 30, 6)
(34, 31, 6)
(34, 32, 6)
(34, 33, 6)
(34, 34, 6)
(34, 35, 6)
(34, 36, 6)
(34, 37, 6)
(34, 38, 6)
(34, 39, 6)

(35, 0, 159)
(35, 1, 159)
(35, 2, 158)
(35, 3, 69)
(35, 4, 52)
(35, 5, 45)
(35, 6, 45)
(35, 7, 45)
(35, 8, 43)
(35, 9, 43)
(35, 10, 43)
(35, 11, 41)
(35, 12, 36)
(35, 13, 36)
(35, 14, 33)
(35, 15, 25)
(35, 16, 24)
(35, 17, 23)
(35, 18, 22)
(35, 19, 19)
(35, 20, 17)
(35, 21, 17)
(35, 22, 13)
(35, 23, 13)
(35, 24, 13)
(35, 25, 11)
(35, 26, 10)
(35, 27, 10)
(35, 28, 9)
(35, 29, 9)
(35, 30, 7)
(35, 31, 7)
(35, 32, 7)
(35, 33, 7)
(35, 34, 7)
(35, 35, 6)
(35, 36, 6)
(35, 37, 6)
(35, 38, 6)
(35, 39, 6)

(36, 0, 165)
(36, 1, 165)
(36, 2, 164)
(36, 3, 70)
(36, 4, 53)
(36, 5, 46)
(36, 6, 46)
(36, 7, 46)
(36, 8, 44)
(36, 9, 44)
(36, 10, 44)
(36, 11, 42)
(36, 12, 37)
(36, 13, 37)
(36, 14, 34)
(36, 15, 26)
(36, 16, 25)
(36, 17, 24)
(36, 18, 23)
(36, 19, 20)
(36, 20, 18)
(36, 21, 18)
(36, 22, 14)
(36, 23, 14)
(36, 24, 13)
(36, 25, 11)
(36, 26, 9)
(36, 27, 9)
(36, 28, 8)
(36, 29, 8)
(36, 30, 6)
(36, 31, 6)
(36, 32, 6)
(36, 33, 6)
(36, 34, 6)
(36, 35, 6)
(36, 36, 6)
(36, 37, 6)
(36, 38, 6)
(36, 39, 6)

(37, 0, 175)
(37, 1, 175)
(37, 2, 174)
(37, 3, 71)
(37, 4, 54)
(37, 5, 46)
(37, 6, 46)
(37, 7, 46)
(37, 8, 44)
(37, 9, 44)
(37, 10, 44)
(37, 11, 42)
(37, 12, 37)
(37, 13, 37)
(37, 14, 34)
(37, 15, 25)
(37, 16, 24)
(37, 17, 23)
(37, 18, 22)
(37, 19, 19)
(37, 20, 16)
(37, 21, 16)
(37, 22, 12)
(37, 23, 12)
(37, 24, 12)
(37, 25, 10)
(37, 26, 9)
(37, 27, 9)
(37, 28, 8)
(37, 29, 8)
(37, 30, 6)
(37, 31, 6)
(37, 32, 6)
(37, 33, 6)
(37, 34, 6)
(37, 35, 6)
(37, 36, 6)
(37, 37, 6)
(37, 38, 6)
(37, 39, 6)

(38, 0, 177)
(38, 1, 177)
(38, 2, 176)
(38, 3, 73)
(38, 4, 56)
(38, 5, 48)
(38, 6, 48)
(38, 7, 48)
(38, 8, 46)
(38, 9, 46)
(38, 10, 46)
(38, 11, 44)
(38, 12, 39)
(38, 13, 39)
(38, 14, 36)
(38, 15, 27)
(38, 16, 26)
(38, 17, 24)
(38, 18, 23)
(38, 19, 20)
(38, 20, 17)
(38, 21, 17)
(38, 22, 13)
(38, 23, 13)
(38, 24, 13)
(38, 25, 11)
(38, 26, 10)
(38, 27, 9)
(38, 28, 8)
(38, 29, 8)
(38, 30, 6)
(38, 31, 6)
(38, 32, 6)
(38, 33, 6)
(38, 34, 6)
(38, 35, 6)
(38, 36, 6)
(38, 37, 6)
(38, 38, 6)
(38, 39, 6)

(39, 0, 181)
(39, 1, 181)
(39, 2, 180)
(39, 3, 77)
(39, 4, 60)
(39, 5, 52)
(39, 6, 52)
(39, 7, 52)
(39, 8, 50)
(39, 9, 50)
(39, 10, 50)
(39, 11, 48)
(39, 12, 43)
(39, 13, 43)
(39, 14, 40)
(39, 15, 29)
(39, 16, 28)
(39, 17, 26)
(39, 18, 25)
(39, 19, 22)
(39, 20, 19)
(39, 21, 19)
(39, 22, 12)
(39, 23, 12)
(39, 24, 12)
(39, 25, 10)
(39, 26, 9)
(39, 27, 9)
(39, 28, 8)
(39, 29, 8)
(39, 30, 6)
(39, 31, 6)
(39, 32, 6)
(39, 33, 6)
(39, 34, 6)
(39, 35, 6)
(39, 36, 6)
(39, 37, 6)
(39, 38, 6)
(39, 39, 6)


Betti numbers:
xi_0:
(0, 0, 2)
(1, 0, 13)
(2, 0, 9)
(3, 0, 20)
(4, 0, 2)
(7, 0, 1)
(8, 0, 7)
(9, 0, 11)
(10, 0, 16)
(11, 0, 11)
(12, 0, 2)
(14, 0, 2)
(16, 0, 8)
(17, 0, 12)
(18, 0, 10)
(19, 0, 9)
(20, 0, 2)
(24, 0, 2)
(26, 0, 2)
(32, 0, 3)
(33, 0, 10)
(35, 0, 5)
(36, 0, 6)
(37, 0, 10)
(38, 0, 2)
(39, 0, 4)
xi_1:
(1, 4, 4)
(1, 5, 2)
(1, 8, 1)
(1, 12, 1)
(1, 14, 1)
(1, 15, 3)
(1, 19, 1)
(1, 24, 1)
(2, 3, 5)
(2, 4, 1)
(2, 5, 1)
(2, 11, 1)
(2, 20, 1)
(2, 26, 1)
(3, 3, 19)
(3, 14, 1)
(4, 3, 2)
(8, 4, 1)
(8, 5, 2)
(8, 12, 1)
(8, 15, 1)
(8, 22, 1)
(8, 30, 1)
(9, 3, 4)
(9, 4, 2)
(9, 5, 1)
(9, 8, 1)
(9, 14, 1)
(9, 15, 1)
(9, 19, 1)
(9, 20, 1)
(9, 29, 1)
(10, 3, 11)
(10, 4, 2)
(10, 11, 1)
(10, 15, 1)
(10, 16, 1)
(10, 28, 1)
(11, 3, 9)
(11, 22, 1)
(12, 3, 2)
(14, 4, 1)
(14, 30, 1)
(16, 3, 4)
(16, 22, 1)
(16, 28, 1)
(17, 3, 7)
(17, 4, 2)
(17, 5, 1)
(17, 14, 1)
(17, 23, 1)
(17, 26, 1)
(17, 28, 1)
(18, 2, 1)
(18, 3, 7)
(18, 4, 1)
(18, 12, 2)
(18, 20, 1)
(18, 25, 1)
(19, 3, 5)
(19, 15, 2)
(19, 17, 1)
(19, 18, 1)
(19, 19, 1)
(19, 22, 1)
(20, 3, 2)
(24, 22, 1)
(26, 4, 1)
(26, 30, 1)
(32, 3, 2)
(33, 3, 10)
(35, 4, 2)
(35, 12, 1)
(35, 25, 1)
(35, 35, 1)
(36, 3, 5)
(36, 24, 1)
(36, 26, 1)
(37, 3, 9)
(37, 5, 1)
(37, 15, 1)
(37, 20, 1)
(38, 17, 1)
(38, 27, 1)
(39, 15, 2)
(39, 22, 3)
xi_2:
(2, 24, 1)
(9, 22, 1)
(9, 30, 1)
(10, 29, 1)
(17, 28, 1)
(18, 14, 1)
(18, 23, 1)
(18, 26, 1)
(19, 20, 1)
(19, 28, 1)
(36, 35, 1)
(37, 24, 1)
(37, 26, 1)
(39, 27, 1)
