x-grades
-3432776962785211923/2000000000000000000
-1675861376730782223/1000000000000000000
-3270668544137916969/2000000000000000000
-797403583703567373/500000000000000000
-621712025098124403/400000000000000000
-1513752958083487269/1000000000000000000
-2946451706843327061/2000000000000000000
-89543671797489987/62500000000000000
-2784343288196032107/2000000000000000000
-270328907887238463/200000000000000000
-2622234869548737153/2000000000000000000
-635295165056272419/500000000000000000
-2460126450901442199/2000000000000000000
-1189536120788897361/1000000000000000000
-459603606450829449/400000000000000000
-277120477866312471/250000000000000000
-2135909613606852291/2000000000000000000
-1027427702141602407/1000000000000000000
-1973801194959557337/2000000000000000000
-94637349281795493/100000000000000000
-1811692776312262383/2000000000000000000
-865319283494307453/1000000000000000000
-1649584357664967429/2000000000000000000
-98033134271332497/125000000000000000
-59499037560706899/80000000000000000
-703210864847012499/1000000000000000000
-1325367520370377521/2000000000000000000
-311078327761682511/500000000000000000
-1163259101723082567/2000000000000000000
-108220489239943509/200000000000000000
-1001150683075787613/2000000000000000000
-115012059219017517/250000000000000000
-839042264428492659/2000000000000000000
-378994027552422591/1000000000000000000
-135386769156239541/400000000000000000
-148969909114387557/500000000000000000
-514825427133902751/2000000000000000000
-216885608905127637/1000000000000000000
-352717008486607797/2000000000000000000
-848946247384251/6250000000000000

y-grades
9909711/40000000
9909711/20000000
29729133/40000000
9909711/10000000
9909711/8000000
29729133/20000000
69367977/40000000
9909711/5000000
89187399/40000000
9909711/4000000
109006821/40000000
29729133/10000000
128826243/40000000
69367977/20000000
29729133/8000000
9909711/2500000
168465087/40000000
89187399/20000000
188284509/40000000
9909711/2000000
208103931/40000000
109006821/20000000
227923353/40000000
29729133/5000000
9909711/1600000
128826243/20000000
267562197/40000000
69367977/10000000
287381619/40000000
29729133/4000000
307201041/40000000
9909711/1250000
327020463/40000000
168465087/20000000
69367977/8000000
89187399/10000000
366659307/40000000
188284509/20000000
386478729/40000000
9909711/1000000

Dimensions > 0:
(0, 0, 8)
(0, 1, 8)
(0, 2, 8)
(0, 3, 3)
(0, 4, 2)
(0, 5, 2)
(0, 6, 2)
(0, 7, 2)
(0, 8, 2)
(0, 9, 2)
(0, 10, 2)
(0, 11, 2)
(0, 12, 2)
(0, 13, 2)
(0, 14, 2)
(0, 15, 2)
(0, 16, 2)
(0, 17, 2)
(0, 18, 2)
(0, 19, 2)
(0, 20, 2)
(0, 21, 2)
(0, 22, 2)
(0, 23, 2)
(0, 24, 2)
(0, 25, 2)
(0, 26, 2)
(0, 27, 2)
(0, 28, 2)
(0, 29, 2)
(0, 30, 2)
(0, 31, 2)
(0, 32, 2)
(0, 33, 2)
(0, 34, 2)
(0, 35, 2)
(0, 36, 2)
(0, 37, 2)
(0, 38, 2)
(0, 39, 2)

(1, 0, 9)
(1, 1, 9)
(1, 2, 9)
(1, 3, 3)
(1, 4, 2)
(1, 5, 2)
(1, 6, 2)
(1, 7, 2)
(1, 8, 2)
(1, 9, 2)
(1, 10, 2)
(1, 11, 2)
(1, 12, 2)
(1, 13, 2)
(1, 14, 2)
(1, 15, 2)
(1, 16, 2)
(1, 17, 2)
(1, 18, 2)
(1, 19, 2)
(1, 20, 2)
(1, 21, 2)
(1, 22, 2)
(1, 23, 2)
(1, 24, 2)
(1, 25, 2)
(1, 26, 2)
(1, 27, 2)
(1, 28, 2)
(1, 29, 2)
(1, 30, 2)
(1, 31, 2)
(1, 32, 2)
(1, 33, 2)
(1, 34, 2)
(1, 35, 2)
(1, 36, 2)
(1, 37, 2)
(1, 38, 2)
(1, 39, 2)

(2, 0, 17)
(2, 1, 17)
(2, 2, 17)
(2, 3, 6)
(2, 4, 5)
(2, 5, 5)
(2, 6, 5)
(2, 7, 5)
(2, 8, 5)
(2, 9, 5)
(2, 10, 5)
(2, 11, 5)
(2, 12, 5)
(2, 13, 5)
(2, 14, 5)
(2, 15, 5)
(2, 16, 5)
(2, 17, 5)
(2, 18, 5)
(2, 19, 5)
(2, 20, 5)
(2, 21, 5)
(2, 22, 5)
(2, 23, 5)
(2, 24, 5)
(2, 25, 5)
(2, 26, 5)
(2, 27, 5)
(2, 28, 5)
(2, 29, 5)
(2, 30, 5)
(2, 31, 5)
(2, 32, 5)
(2, 33, 5)
(2, 34, 5)
(2, 35, 4)
(2, 36, 4)
(2, 37, 4)
(2, 38, 3)
(2, 39, 3)

(3, 0, 23)
(3, 1, 23)
(3, 2, 23)
(3, 3, 8)
(3, 4, 6)
(3, 5, 5)
(3, 6, 5)
(3, 7, 5)
(3, 8, 5)
(3, 9, 5)
(3, 10, 5)
(3, 11, 5)
(3, 12, 5)
(3, 13, 5)
(3, 14, 5)
(3, 15, 5)
(3, 16, 5)
(3, 17, 5)
(3, 18, 5)
(3, 19, 5)
(3, 20, 5)
(3, 21, 5)
(3, 22, 5)
(3, 23, 5)
(3, 24, 5)
(3, 25, 5)
(3, 26, 5)
(3, 27, 5)
(3, 28, 5)
(3, 29, 5)
(3, 30, 5)
(3, 31, 5)
(3, 32, 5)
(3, 33, 5)
(3, 34, 5)
(3, 35, 3)
(3, 36, 3)
(3, 37, 3)
(3, 38, 3)
(3, 39, 3)

(4, 0, 24)
(4, 1, 24)
(4, 2, 24)
(4, 3, 8)
(4, 4, 6)
(4, 5, 5)
(4, 6, 5)
(4, 7, 5)
(4, 8, 5)
(4, 9, 5)
(4, 10, 5)
(4, 11, 5)
(4, 12, 5)
(4, 13, 5)
(4, 14, 5)
(4, 15, 5)
(4, 16, 5)
(4, 17, 5)
(4, 18, 5)
(4, 19, 5)
(4, 20, 5)
(4, 21, 5)
(4, 22, 5)
(4, 23, 5)
(4, 24, 5)
(4, 25, 5)
(4, 26, 5)
(4, 27, 5)
(4, 28, 5)
(4, 29, 5)
(4, 30, 5)
(4, 31, 5)
(4, 32, 5)
(4, 33, 5)
(4, 34, 5)
(4, 35, 3)
(4, 36, 3)
(4, 37, 3)
(4, 38, 3)
(4, 39, 3)

(5, 0, 24)
(5, 1, 24)
(5, 2, 24)
(5, 3, 8)
(5, 4, 6)
(5, 5, 5)
(5, 6, 5)
(5, 7, 5)
(5, 8, 5)
(5, 9, 5)
(5, 10, 5)
(5, 11, 5)
(5, 12, 5)
(5, 13, 5)
(5, 14, 5)
(5, 15, 5)
(5, 16, 5)
(5, 17, 5)
(5, 18, 5)
(5, 19, 5)
(5, 20, 5)
(5, 21, 5)
(5, 22, 5)
(5, 23, 5)
(5, 24, 5)
(5, 25, 5)
(5, 26, 5)
(5, 27, 5)
(5, 28, 5)
(5, 29, 5)
(5, 30, 5)
(5, 31, 5)
(5, 32, 5)
(5, 33, 5)
(5, 34, 5)
(5, 35, 3)
(5, 36, 3)
(5, 37, 3)
(5, 38, 3)
(5, 39, 3)

(6, 0, 24)
(6, 1, 24)
(6, 2, 24)
(6, 3, 8)
(6, 4, 6)
(6, 5, 5)
(6, 6, 5)
(6, 7, 5)
(6, 8, 5)
(6, 9, 5)
(6, 10, 5)
(6, 11, 5)
(6, 12, 5)
(6, 13, 5)
(6, 14, 5)
(6, 15, 5)
(6, 16, 5)
(6, 17, 5)
(6, 18, 5)
(6, 19, 5)
(6, 20, 5)
(6, 21, 5)
(6, 22, 5)
(6, 23, 5)
(6, 24, 5)
(6, 25, 5)
(6, 26, 5)
(6, 27, 5)
(6, 28, 5)
(6, 29, 5)
(6, 30, 5)
(6, 31, 5)
(6, 32, 5)
(6, 33, 5)
(6, 34, 5)
(6, 35, 3)
(6, 36, 3)
(6, 37, 3)
(6, 38, 3)
(6, 39, 3)

(7, 0, 24)
(7, 1, 24)
(7, 2, 24)
(7, 3, 8)
(7, 4, 6)
(7, 5, 5)
(7, 6, 5)
(7, 7, 5)
(7, 8, 5)
(7, 9, 5)
(7, 10, 5)
(7, 11, 5)
(7, 12, 5)
(7, 13, 5)
(7, 14, 5)
(7, 15, 5)
(7, 16, 5)
(7, 17, 5)
(7, 18, 5)
(7, 19, 5)
(7, 20, 5)
(7, 21, 5)
(7, 22, 5)
(7, 23, 5)
(7, 24, 5)
(7, 25, 5)
(7, 26, 5)
(7, 27, 5)
(7, 28, 5)
(7, 29, 5)
(7, 30, 5)
(7, 31, 5)
(7, 32, 5)
(7, 33, 5)
(7, 34, 5)
(7, 35, 3)
(7, 36, 3)
(7, 37, 3)
(7, 38, 3)
(7, 39, 3)

(8, 0, 24)
(8, 1, 24)
(8, 2, 24)
(8, 3, 8)
(8, 4, 6)
(8, 5, 5)
(8, 6, 5)
(8, 7, 5)
(8, 8, 5)
(8, 9, 5)
(8, 10, 5)
(8, 11, 5)
(8, 12, 5)
(8, 13, 5)
(8, 14, 5)
(8, 15, 5)
(8, 16, 5)
(8, 17, 5)
(8, 18, 5)
(8, 19, 5)
(8, 20, 5)
(8, 21, 5)
(8, 22, 5)
(8, 23, 5)
(8, 24, 5)
(8, 25, 5)
(8, 26, 5)
(8, 27, 5)
(8, 28, 5)
(8, 29, 5)
(8, 30, 5)
(8, 31, 5)
(8, 32, 5)
(8, 33, 5)
(8, 34, 5)
(8, 35, 3)
(8, 36, 3)
(8, 37, 3)
(8, 38, 3)
(8, 39, 3)

(9, 0, 24)
(9, 1, 24)
(9, 2, 24)
(9, 3, 8)
(9, 4, 6)
(9, 5, 5)
(9, 6, 5)
(9, 7, 5)
(9, 8, 5)
(9, 9, 5)
(9, 10, 5)
(9, 11, 5)
(9, 12, 5)
(9, 13, 5)
(9, 14, 5)
(9, 15, 5)
(9, 16, 5)
(9, 17, 5)
(9, 18, 5)
(9, 19, 5)
(9, 20, 5)
(9, 21, 5)
(9, 22, 5)
(9, 23, 5)
(9, 24, 5)
(9, 25, 5)
(9, 26, 5)
(9, 27, 5)
(9, 28, 5)
(9, 29, 5)
(9, 30, 5)
(9, 31, 5)
(9, 32, 5)
(9, 33, 5)
(9, 34, 5)
(9, 35, 3)
(9, 36, 3)
(9, 37, 3)
(9, 38, 3)
(9, 39, 3)

(10, 0, 24)
(10, 1, 24)
(10, 2, 24)
(10, 3, 8)
(10, 4, 6)
(10, 5, 5)
(10, 6, 5)
(10, 7, 5)
(10, 8, 5)
(10, 9, 5)
(10, 10, 5)
(10, 11, 5)
(10, 12, 5)
(10, 13, 5)
(10, 14, 5)
(10, 15, 5)
(10, 16, 5)
(10, 17, 5)
(10, 18, 5)
(10, 19, 5)
(10, 20, 5)
(10, 21, 5)
(10, 22, 5)
(10, 23, 5)
(10, 24, 5)
(10, 25, 5)
(10, 26, 5)
(10, 27, 5)
(10, 28, 5)
(10, 29, 5)
(10, 30, 5)
(10, 31, 5)
(10, 32, 5)
(10, 33, 5)
(10, 34, 5)
(10, 35, 3)
(10, 36, 3)
(10, 37, 3)
(10, 38, 3)
(10, 39, 3)

(11, 0, 24)
(11, 1, 24)
(11, 2, 24)
(11, 3, 8)
(11, 4, 6)
(11, 5, 5)
(11, 6, 5)
(11, 7, 5)
(11, 8, 5)
(11, 9, 5)
(11, 10, 5)
(11, 11, 5)
(11, 12, 5)
(11, 13, 5)
(11, 14, 5)
(11, 15, 5)
(11, 16, 5)
(11, 17, 5)
(11, 18, 5)
(11, 19, 5)
(11, 20, 5)
(11, 21, 5)
(11, 22, 5)
(11, 23, 5)
(11, 24, 5)
(11, 25, 5)
(11, 26, 5)
(11, 27, 5)
(11, 28, 5)
(11, 29, 5)
(11, 30, 5)
(11, 31, 5)
(11, 32, 5)
(11, 33, 5)
(11, 34, 5)
(11, 35, 3)
(11, 36, 3)
(11, 37, 3)
(11, 38, 3)
(11, 39, 3)

(12, 0, 24)
(12, 1, 24)
(12, 2, 24)
(12, 3, 8)
(12, 4, 6)
(12, 5, 5)
(12, 6, 5)
(12, 7, 5)
(12, 8, 5)
(12, 9, 5)
(12, 10, 5)
(12, 11, 5)
(12, 12, 5)
(12, 13, 5)
(12, 14, 5)
(12, 15, 5)
(12, 16, 5)
(12, 17, 5)
(12, 18, 5)
(12, 19, 5)
(12, 20, 5)
(12, 21, 5)
(12, 22, 5)
(12, 23, 5)
(12, 24, 5)
(12, 25, 5)
(12, 26, 5)
(12, 27, 5)
(12, 28, 5)
(12, 29, 5)
(12, 30, 5)
(12, 31, 5)
(12, 32, 5)
(12, 33, 5)
(12, 34, 5)
(12, 35, 3)
(12, 36, 3)
(12, 37, 3)
(12, 38, 3)
(12, 39, 3)

(13, 0, 24)
(13, 1, 24)
(13, 2, 24)
(13, 3, 8)
(13, 4, 6)
(13, 5, 5)
(13, 6, 5)
(13, 7, 5)
(13, 8, 5)
(13, 9, 5)
(13, 10, 5)
(13, 11, 5)
(13, 12, 5)
(13, 13, 5)
(13, 14, 5)
(13, 15, 5)
(13, 16, 5)
(13, 17, 5)
(13, 18, 5)
(13, 19, 5)
(13, 20, 5)
(13, 21, 5)
(13, 22, 5)
(13, 23, 5)
(13, 24, 5)
(13, 25, 5)
(13, 26, 5)
(13, 27, 5)
(13, 28, 5)
(13, 29, 5)
(13, 30, 5)
(13, 31, 5)
(13, 32, 5)
(13, 33, 5)
(13, 34, 5)
(13, 35, 3)
(13, 36, 3)
(13, 37, 3)
(13, 38, 3)
(13, 39, 3)

(14, 0, 24)
(14, 1, 24)
(14, 2, 24)
(14, 3, 8)
(14, 4, 6)
(14, 5, 5)
(14, 6, 5)
(14, 7, 5)
(14, 8, 5)
(14, 9, 5)
(14, 10, 5)
(14, 11, 5)
(14, 12, 5)
(14, 13, 5)
(14, 14, 5)
(14, 15, 5)
(14, 16, 5)
(14, 17, 5)
(14, 18, 5)
(14, 19, 5)
(14, 20, 5)
(14, 21, 5)
(14, 22, 5)
(14, 23, 5)
(14, 24, 5)
(14, 25, 5)
(14, 26, 5)
(14, 27, 5)
(14, 28, 5)
(14, 29, 5)
(14, 30, 5)
(14, 31, 5)
(14, 32, 5)
(14, 33, 5)
(14, 34, 5)
(14, 35, 3)
(14, 36, 3)
(14, 37, 3)
(14, 38, 3)
(14, 39, 3)

(15, 0, 24)
(15, 1, 24)
(15, 2, 24)
(15, 3, 8)
(15, 4, 6)
(15, 5, 5)
(15, 6, 5)
(15, 7, 5)
(15, 8, 5)
(15, 9, 5)
(15, 10, 5)
(15, 11, 5)
(15, 12, 5)
(15, 13, 5)
(15, 14, 5)
(15, 15, 5)
(15, 16, 5)
(15, 17, 5)
(15, 18, 5)
(15, 19, 5)
(15, 20, 5)
(15, 21, 5)
(15, 22, 5)
(15, 23, 5)
(15, 24, 5)
(15, 25, 5)
(15, 26, 5)
(15, 27, 5)
(15, 28, 5)
(15, 29, 5)
(15, 30, 5)
(15, 31, 5)
(15, 32, 5)
(15, 33, 5)
(15, 34, 5)
(15, 35, 3)
(15, 36, 3)
(15, 37, 3)
(15, 38, 3)
(15, 39, 3)

(16, 0, 24)
(16, 1, 24)
(16, 2, 24)
(16, 3, 8)
(16, 4, 6)
(16, 5, 5)
(16, 6, 5)
(16, 7, 5)
(16, 8, 5)
(16, 9, 5)
(16, 10, 5)
(16, 11, 5)
(16, 12, 5)
(16, 13, 5)
(16, 14, 5)
(16, 15, 5)
(16, 16, 5)
(16, 17, 5)
(16, 18, 5)
(16, 19, 5)
(16, 20, 5)
(16, 21, 5)
(16, 22, 5)
(16, 23, 5)
(16, 24, 5)
(16, 25, 5)
(16, 26, 5)
(16, 27, 5)
(16, 28, 5)
(16, 29, 5)
(16, 30, 5)
(16, 31, 5)
(16, 32, 5)
(16, 33, 5)
(16, 34, 5)
(16, 35, 3)
(16, 36, 3)
(16, 37, 3)
(16, 38, 3)
(16, 39, 3)

(17, 0, 24)
(17, 1, 24)
(17, 2, 24)
(17, 3, 8)
(17, 4, 6)
(17, 5, 5)
(17, 6, 5)
(17, 7, 5)
(17, 8, 5)
(17, 9, 5)
(17, 10, 5)
(17, 11, 5)
(17, 12, 5)
(17, 13, 5)
(17, 14, 5)
(17, 15, 5)
(17, 16, 5)
(17, 17, 5)
(17, 18, 5)
(17, 19, 5)
(17, 20, 5)
(17, 21, 5)
(17, 22, 5)
(17, 23, 5)
(17, 24, 5)
(17, 25, 5)
(17, 26, 5)
(17, 27, 5)
(17, 28, 5)
(17, 29, 5)
(17, 30, 5)
(17, 31, 5)
(17, 32, 5)
(17, 33, 5)
(17, 34, 5)
(17, 35, 3)
(17, 36, 3)
(17, 37, 3)
(17, 38, 3)
(17, 39, 3)

(18, 0, 24)
(18, 1, 24)
(18, 2, 24)
(18, 3, 8)
(18, 4, 6)
(18, 5, 5)
(18, 6, 5)
(18, 7, 5)
(18, 8, 5)
(18, 9, 5)
(18, 10, 5)
(18, 11, 5)
(18, 12, 5)
(18, 13, 5)
(18, 14, 5)
(18, 15, 5)
(18, 16, 5)
(18, 17, 5)
(18, 18, 5)
(18, 19, 5)
(18, 20, 5)
(18, 21, 5)
(18, 22, 5)
(18, 23, 5)
(18, 24, 5)
(18, 25, 5)
(18, 26, 5)
(18, 27, 5)
(18, 28, 5)
(18, 29, 5)
(18, 30, 5)
(18, 31, 5)
(18, 32, 5)
(18, 33, 5)
(18, 34, 5)
(18, 35, 3)
(18, 36, 3)
(18, 37, 3)
(18, 38, 3)
(18, 39, 3)

(19, 0, 26)
(19, 1, 26)
(19, 2, 26)
(19, 3, 9)
(19, 4, 7)
(19, 5, 6)
(19, 6, 6)
(19, 7, 6)
(19, 8, 6)
(19, 9, 6)
(19, 10, 6)
(19, 11, 6)
(19, 12, 6)
(19, 13, 6)
(19, 14, 6)
(19, 15, 6)
(19, 16, 6)
(19, 17, 6)
(19, 18, 6)
(19, 19, 6)
(19, 20, 6)
(19, 21, 6)
(19, 22, 6)
(19, 23, 6)
(19, 24, 6)
(19, 25, 6)
(19, 26, 6)
(19, 27, 6)
(19, 28, 6)
(19, 29, 6)
(19, 30, 6)
(19, 31, 6)
(19, 32, 6)
(19, 33, 6)
(19, 34, 6)
(19, 35, 4)
(19, 36, 4)
(19, 37, 4)
(19, 38, 4)
(19, 39, 4)

(20, 0, 28)
(20, 1, 28)
(20, 2, 28)
(20, 3, 10)
(20, 4, 8)
(20, 5, 7)
(20, 6, 6)
(20, 7, 6)
(20, 8, 6)
(20, 9, 6)
(20, 10, 6)
(20, 11, 6)
(20, 12, 6)
(20, 13, 6)
(20, 14, 6)
(20, 15, 6)
(20, 16, 6)
(20, 17, 6)
(20, 18, 6)
(20, 19, 6)
(20, 20, 6)
(20, 21, 6)
(20, 22, 6)
(20, 23, 6)
(20, 24, 6)
(20, 25, 6)
(20, 26, 6)
(20, 27, 6)
(20, 28, 6)
(20, 29, 6)
(20, 30, 6)
(20, 31, 6)
(20, 32, 6)
(20, 33, 6)
(20, 34, 6)
(20, 35, 4)
(20, 36, 4)
(20, 37, 4)
(20, 38, 4)
(20, 39, 4)

(21, 0, 30)
(21, 1, 30)
(21, 2, 30)
(21, 3, 11)
(21, 4, 9)
(21, 5, 8)
(21, 6, 6)
(21, 7, 6)
(21, 8, 6)
(21, 9, 6)
(21, 10, 6)
(21, 11, 6)
(21, 12, 6)
(21, 13, 6)
(21, 14, 6)
(21, 15, 6)
(21, 16, 6)
(21, 17, 6)
(21, 18, 6)
(21, 19, 6)
(21, 20, 6)
(21, 21, 6)
(21, 22, 6)
(21, 23, 6)
(21, 24, 6)
(21, 25, 6)
(21, 26, 6)
(21, 27, 6)
(21, 28, 6)
(21, 29, 6)
(21, 30, 6)
(21, 31, 6)
(21, 32, 6)
(21, 33, 6)
(21, 34, 6)
(21, 35, 4)
(21, 36, 4)
(21, 37, 4)
(21, 38, 4)
(21, 39, 4)

(22, 0, 30)
(22, 1, 30)
(22, 2, 30)
(22, 3, 11)
(22, 4, 9)
(22, 5, 8)
(22, 6, 6)
(22, 7, 6)
(22, 8, 6)
(22, 9, 6)
(22, 10, 6)
(22, 11, 6)
(22, 12, 6)
(22, 13, 6)
(22, 14, 6)
(22, 15, 6)
(22, 16, 6)
(22, 17, 6)
(22, 18, 6)
(22, 19, 6)
(22, 20, 6)
(22, 21, 6)
(22, 22, 6)
(22, 23, 6)
(22, 24, 6)
(22, 25, 6)
(22, 26, 6)
(22, 27, 6)
(22, 28, 6)
(22, 29, 6)
(22, 30, 6)
(22, 31, 6)
(22, 32, 6)
(22, 33, 6)
(22, 34, 6)
(22, 35, 4)
(22, 36, 4)
(22, 37, 4)
(22, 38, 4)
(22, 39, 4)

(23, 0, 30)
(23, 1, 30)
(23, 2, 30)
(23, 3, 11)
(23, 4, 9)
(23, 5, 8)
(23, 6, 6)
(23, 7, 6)
(23, 8, 6)
(23, 9, 6)
(23, 10, 6)
(23, 11, 6)
(23, 12, 6)
(23, 13, 6)
(23, 14, 6)
(23, 15, 6)
(23, 16, 6)
(23, 17, 6)
(23, 18, 6)
(23, 19, 6)
(23, 20, 6)
(23, 21, 6)
(23, 22, 6)
(23, 23, 6)
(23, 24, 6)
(23, 25, 6)
(23, 26, 6)
(23, 27, 6)
(23, 28, 6)
(23, 29, 6)
(23, 30, 6)
(23, 31, 6)
(23, 32, 6)
(23, 33, 6)
(23, 34, 6)
(23, 35, 4)
(23, 36, 4)
(23, 37, 4)
(23, 38, 4)
(23, 39, 4)

(24, 0, 30)
(24, 1, 30)
(24, 2, 30)
(24, 3, 11)
(24, 4, 9)
(24, 5, 8)
(24, 6, 6)
(24, 7, 6)
(24, 8, 6)
(24, 9, 6)
(24, 10, 6)
(24, 11, 6)
(24, 12, 6)
(24, 13, 6)
(24, 14, 6)
(24, 15, 6)
(24, 16, 6)
(24, 17, 6)
(24, 18, 6)
(24, 19, 6)
(24, 20, 6)
(24, 21, 6)
(24, 22, 6)
(24, 23, 6)
(24, 24, 6)
(24, 25, 6)
(24, 26, 6)
(24, 27, 6)
(24, 28, 6)
(24, 29, 6)
(24, 30, 6)
(24, 31, 6)
(24, 32, 6)
(24, 33, 6)
(24, 34, 6)
(24, 35, 4)
(24, 36, 4)
(24, 37, 4)
(24, 38, 4)
(24, 39, 4)

(25, 0, 30)
(25, 1, 30)
(25, 2, 30)
(25, 3, 11)
(25, 4, 9)
(25, 5, 8)
(25, 6, 6)
(25, 7, 6)
(25, 8, 6)
(25, 9, 6)
(25, 10, 6)
(25, 11, 6)
(25, 12, 6)
(25, 13, 6)
(25, 14, 6)
(25, 15, 6)
(25, 16, 6)
(25, 17, 6)
(25, 18, 6)
(25, 19, 6)
(25, 20, 6)
(25, 21, 6)
(25, 22, 6)
(25, 23, 6)
(25, 24, 6)
(25, 25, 6)
(25, 26, 6)
(25, 27, 6)
(25, 28, 6)
(25, 29, 6)
(25, 30, 6)
(25, 31, 6)
(25, 32, 6)
(25, 33, 6)
(25, 34, 6)
(25, 35, 4)
(25, 36, 4)
(25, 37, 4)
(25, 38, 4)
(25, 39, 4)

(26, 0, 33)
(26, 1, 33)
(26, 2, 33)
(26, 3, 12)
(26, 4, 10)
(26, 5, 9)
(26, 6, 7)
(26, 7, 7)
(26, 8, 7)
(26, 9, 7)
(26, 10, 7)
(26, 11, 7)
(26, 12, 7)
(26, 13, 7)
(26, 14, 7)
(26, 15, 7)
(26, 16, 7)
(26, 17, 7)
(26, 18, 7)
(26, 19, 7)
(26, 20, 7)
(26, 21, 7)
(26, 22, 7)
(26, 23, 7)
(26, 24, 7)
(26, 25, 7)
(26, 26, 7)
(26, 27, 7)
(26, 28, 7)
(26, 29, 7)
(26, 30, 7)
(26, 31, 7)
(26, 32, 7)
(26, 33, 7)
(26, 34, 7)
(26, 35, 5)
(26, 36, 5)
(26, 37, 5)
(26, 38, 5)
(26, 39, 5)

(27, 0, 37)
(27, 1, 37)
(27, 2, 37)
(27, 3, 13)
(27, 4, 11)
(27, 5, 10)
(27, 6, 8)
(27, 7, 8)
(27, 8, 8)
(27, 9, 8)
(27, 10, 8)
(27, 11, 8)
(27, 12, 8)
(27, 13, 8)
(27, 14, 8)
(27, 15, 8)
(27, 16, 8)
(27, 17, 8)
(27, 18, 8)
(27, 19, 8)
(27, 20, 8)
(27, 21, 8)
(27, 22, 8)
(27, 23, 8)
(27, 24, 8)
(27, 25, 8)
(27, 26, 8)
(27, 27, 8)
(27, 28, 8)
(27, 29, 8)
(27, 30, 8)
(27, 31, 8)
(27, 32, 8)
(27, 33, 8)
(27, 34, 8)
(27, 35, 6)
(27, 36, 6)
(27, 37, 6)
(27, 38, 6)
(27, 39, 6)

(28, 0, 39)
(28, 1, 39)
(28, 2, 39)
(28, 3, 14)
(28, 4, 11)
(28, 5, 10)
(28, 6, 8)
(28, 7, 8)
(28, 8, 8)
(28, 9, 8)
(28, 10, 8)
(28, 11, 8)
(28, 12, 8)
(28, 13, 8)
(28, 14, 8)
(28, 15, 8)
(28, 16, 8)
(28, 17, 8)
(28, 18, 8)
(28, 19, 8)
(28, 20, 8)
(28, 21, 8)
(28, 22, 8)
(28, 23, 8)
(28, 24, 8)
(28, 25, 8)
(28, 26, 8)
(28, 27, 8)
(28, 28, 8)
(28, 29, 8)
(28, 30, 8)
(28, 31, 8)
(28, 32, 8)
(28, 33, 8)
(28, 34, 8)
(28, 35, 6)
(28, 36, 6)
(28, 37, 6)
(28, 38, 6)
(28, 39, 6)

(29, 0, 39)
(29, 1, 39)
(29, 2, 39)
(29, 3, 14)
(29, 4, 11)
(29, 5, 10)
(29, 6, 8)
(29, 7, 8)
(29, 8, 8)
(29, 9, 8)
(29, 10, 8)
(29, 11, 8)
(29, 12, 8)
(29, 13, 8)
(29, 14, 8)
(29, 15, 8)
(29, 16, 8)
(29, 17, 8)
(29, 18, 8)
(29, 19, 8)
(29, 20, 8)
(29, 21, 8)
(29, 22, 8)
(29, 23, 8)
(29, 24, 8)
(29, 25, 8)
(29, 26, 8)
(29, 27, 8)
(29, 28, 8)
(29, 29, 8)
(29, 30, 8)
(29, 31, 8)
(29, 32, 8)
(29, 33, 8)
(29, 34, 8)
(29, 35, 6)
(29, 36, 6)
(29, 37, 6)
(29, 38, 6)
(29, 39, 6)

(30, 0, 39)
(30, 1, 39)
(30, 2, 39)
(30, 3, 14)
(30, 4, 11)
(30, 5, 10)
(30, 6, 8)
(30, 7, 8)
(30, 8, 8)
(30, 9, 8)
(30, 10, 8)
(30, 11, 8)
(30, 12, 8)
(30, 13, 8)
(30, 14, 8)
(30, 15, 8)
(30, 16, 8)
(30, 17, 8)
(30, 18, 8)
(30, 19, 8)
(30, 20, 8)
(30, 21, 8)
(30, 22, 8)
(30, 23, 8)
(30, 24, 8)
(30, 25, 8)
(30, 26, 8)
(30, 27, 8)
(30, 28, 8)
(30, 29, 8)
(30, 30, 8)
(30, 31, 8)
(30, 32, 8)
(30, 33, 8)
(30, 34, 8)
(30, 35, 6)
(30, 36, 6)
(30, 37, 6)
(30, 38, 6)
(30, 39, 6)

(31, 0, 39)
(31, 1, 39)
(31, 2, 39)
(31, 3, 14)
(31, 4, 11)
(31, 5, 10)
(31, 6, 8)
(31, 7, 8)
(31, 8, 8)
(31, 9, 8)
(31, 10, 8)
(31, 11, 8)
(31, 12, 8)
(31, 13, 8)
(31, 14, 8)
(31, 15, 8)
(31, 16, 8)
(31, 17, 8)
(31, 18, 8)
(31, 19, 8)
(31, 20, 8)
(31, 21, 8)
(31, 22, 8)
(31, 23, 8)
(31, 24, 8)
(31, 25, 8)
(31, 26, 8)
(31, 27, 8)
(31, 28, 8)
(31, 29, 8)
(31, 30, 8)
(31, 31, 8)
(31, 32, 8)
(31, 33, 8)
(31, 34, 8)
(31, 35, 6)
(31, 36, 6)
(31, 37, 6)
(31, 38, 6)
(31, 39, 6)

(32, 0, 39)
(32, 1, 39)
(32, 2, 39)
(32, 3, 14)
(32, 4, 11)
(32, 5, 10)
(32, 6, 8)
(32, 7, 8)
(32, 8, 8)
(32, 9, 8)
(32, 10, 8)
(32, 11, 8)
(32, 12, 8)
(32, 13, 8)
(32, 14, 8)
(32, 15, 8)
(32, 16, 8)
(32, 17, 8)
(32, 18, 8)
(32, 19, 8)
(32, 20, 8)
(32, 21, 8)
(32, 22, 8)
(32, 23, 8)
(32, 24, 8)
(32, 25, 8)
(32, 26, 8)
(32, 27, 8)
(32, 28, 8)
(32, 29, 8)
(32, 30, 8)
(32, 31, 8)
(32, 32, 8)
(32, 33, 8)
(32, 34, 8)
(32, 35, 6)
(32, 36, 6)
(32, 37, 6)
(32, 38, 6)
(32, 39, 6)

(33, 0, 39)
(33, 1, 39)
(33, 2, 39)
(33, 3, 14)
(33, 4, 11)
(33, 5, 10)
(33, 6, 8)
(33, 7, 8)
(33, 8, 8)
(33, 9, 8)
(33, 10, 8)
(33, 11, 8)
(33, 12, 8)
(33, 13, 8)
(33, 14, 8)
(33, 15, 8)
(33, 16, 8)
(33, 17, 8)
(33, 18, 8)
(33, 19, 8)
(33, 20, 8)
(33, 21, 8)
(33, 22, 8)
(33, 23, 8)
(33, 24, 8)
(33, 25, 8)
(33, 26, 8)
(33, 27, 8)
(33, 28, 8)
(33, 29, 8)
(33, 30, 8)
(33, 31, 8)
(33, 32, 8)
(33, 33, 8)
(33, 34, 8)
(33, 35, 6)
(33, 36, 6)
(33, 37, 6)
(33, 38, 6)
(33, 39, 6)

(34, 0, 45)
(34, 1, 45)
(34, 2, 45)
(34, 3, 16)
(34, 4, 13)
(34, 5, 11)
(34, 6, 9)
(34, 7, 9)
(34, 8, 9)
(34, 9, 9)
(34, 10, 9)
(34, 11, 9)
(34, 12, 9)
(34, 13, 9)
(34, 14, 9)
(34, 15, 9)
(34, 16, 9)
(34, 17, 9)
(34, 18, 9)
(34, 19, 9)
(34, 20, 9)
(34, 21, 9)
(34, 22, 9)
(34, 23, 9)
(34, 24, 9)
(34, 25, 9)
(34, 26, 9)
(34, 27, 9)
(34, 28, 9)
(34, 29, 9)
(34, 30, 9)
(34, 31, 9)
(34, 32, 9)
(34, 33, 9)
(34, 34, 9)
(34, 35, 6)
(34, 36, 6)
(34, 37, 6)
(34, 38, 6)
(34, 39, 6)

(35, 0, 45)
(35, 1, 45)
(35, 2, 45)
(35, 3, 16)
(35, 4, 13)
(35, 5, 11)
(35, 6, 9)
(35, 7, 9)
(35, 8, 9)
(35, 9, 9)
(35, 10, 9)
(35, 11, 9)
(35, 12, 9)
(35, 13, 9)
(35, 14, 9)
(35, 15, 9)
(35, 16, 9)
(35, 17, 9)
(35, 18, 9)
(35, 19, 9)
(35, 20, 9)
(35, 21, 9)
(35, 22, 9)
(35, 23, 9)
(35, 24, 9)
(35, 25, 9)
(35, 26, 9)
(35, 27, 9)
(35, 28, 9)
(35, 29, 9)
(35, 30, 9)
(35, 31, 9)
(35, 32, 9)
(35, 33, 9)
(35, 34, 9)
(35, 35, 6)
(35, 36, 6)
(35, 37, 6)
(35, 38, 6)
(35, 39, 6)

(36, 0, 50)
(36, 1, 50)
(36, 2, 50)
(36, 3, 17)
(36, 4, 14)
(36, 5, 12)
(36, 6, 10)
(36, 7, 10)
(36, 8, 10)
(36, 9, 10)
(36, 10, 10)
(36, 11, 10)
(36, 12, 10)
(36, 13, 10)
(36, 14, 10)
(36, 15, 10)
(36, 16, 10)
(36, 17, 10)
(36, 18, 10)
(36, 19, 10)
(36, 20, 10)
(36, 21, 10)
(36, 22, 10)
(36, 23, 10)
(36, 24, 10)
(36, 25, 10)
(36, 26, 10)
(36, 27, 10)
(36, 28, 10)
(36, 29, 10)
(36, 30, 10)
(36, 31, 10)
(36, 32, 10)
(36, 33, 10)
(36, 34, 10)
(36, 35, 7)
(36, 36, 7)
(36, 37, 7)
(36, 38, 7)
(36, 39, 7)

(37, 0, 50)
(37, 1, 50)
(37, 2, 50)
(37, 3, 17)
(37, 4, 14)
(37, 5, 12)
(37, 6, 10)
(37, 7, 10)
(37, 8, 10)
(37, 9, 10)
(37, 10, 10)
(37, 11, 10)
(37, 12, 10)
(37, 13, 10)
(37, 14, 10)
(37, 15, 10)
(37, 16, 10)
(37, 17, 10)
(37, 18, 10)
(37, 19, 10)
(37, 20, 10)
(37, 21, 10)
(37, 22, 10)
(37, 23, 10)
(37, 24, 10)
(37, 25, 10)
(37, 26, 10)
(37, 27, 10)
(37, 28, 10)
(37, 29, 10)
(37, 30, 10)
(37, 31, 10)
(37, 32, 10)
(37, 33, 10)
(37, 34, 10)
(37, 35, 7)
(37, 36, 7)
(37, 37, 7)
(37, 38, 7)
(37, 39, 7)

(38, 0, 50)
(38, 1, 50)
(38, 2, 50)
(38, 3, 17)
(38, 4, 14)
(38, 5, 12)
(38, 6, 10)
(38, 7, 10)
(38, 8, 10)
(38, 9, 10)
(38, 10, 10)
(38, 11, 10)
(38, 12, 10)
(38, 13, 10)
(38, 14, 10)
(38, 15, 10)
(38, 16, 10)
(38, 17, 10)
(38, 18, 10)
(38, 19, 10)
(38, 20, 10)
(38, 21, 10)
(38, 22, 10)
(38, 23, 10)
(38, 24, 10)
(38, 25, 10)
(38, 26, 10)
(38, 27, 10)
(38, 28, 10)
(38, 29, 10)
(38, 30, 10)
(38, 31, 10)
(38, 32, 10)
(38, 33, 10)
(38, 34, 10)
(38, 35, 7)
(38, 36, 7)
(38, 37, 7)
(38, 38, 7)
(38, 39, 7)

(39, 0, 54)
(39, 1, 54)
(39, 2, 54)
(39, 3, 19)
(39, 4, 15)
(39, 5, 13)
(39, 6, 11)
(39, 7, 11)
(39, 8, 11)
(39, 9, 11)
(39, 10, 11)
(39, 11, 11)
(39, 12, 11)
(39, 13, 11)
(39, 14, 11)
(39, 15, 11)
(39, 16, 11)
(39, 17, 11)
(39, 18, 11)
(39, 19, 11)
(39, 20, 11)
(39, 21, 11)
(39, 22, 11)
(39, 23, 11)
(39, 24, 11)
(39, 25, 11)
(39, 26, 11)
(39, 27, 11)
(39, 28, 11)
(39, 29, 11)
(39, 30, 11)
(39, 31, 11)
(39, 32, 11)
(39, 33, 11)
(39, 34, 11)
(39, 35, 7)
(39, 36, 7)
(39, 37, 7)
(39, 38, 7)
(39, 39, 7)


Betti numbers:
xi_0:
(0, 0, 8)
(1, 0, 1)
(2, 0, 8)
(3, 0, 6)
(4, 0, 1)
(19, 0, 2)
(20, 0, 2)
(21, 0, 2)
(26, 0, 3)
(27, 0, 4)
(28, 0, 2)
(34, 0, 6)
(36, 0, 5)
(39, 0, 4)
xi_1:
(0, 3, 5)
(0, 4, 1)
(1, 3, 1)
(2, 3, 5)
(2, 35, 1)
(2, 38, 1)
(3, 3, 4)
(3, 4, 1)
(3, 5, 1)
(3, 35, 1)
(4, 3, 1)
(19, 3, 1)
(20, 3, 1)
(20, 6, 1)
(21, 3, 1)
(21, 6, 1)
(26, 3, 2)
(27, 3, 3)
(28, 3, 1)
(28, 4, 1)
(34, 3, 4)
(34, 5, 1)
(34, 35, 1)
(36, 3, 4)
(39, 3, 2)
(39, 4, 1)
(39, 35, 1)
xi_2:
(3, 38, 1)
