x-grades
-1448024366542059103/2000000000000000000
-709896903385785503/1000000000000000000
-1391563247001082909/2000000000000000000
-340833171807648703/500000000000000000
-267020425492021343/400000000000000000
-653435783844809309/1000000000000000000
-1278641007919130521/2000000000000000000
-156301306018580303/250000000000000000
-1222179888378154327/2000000000000000000
-119394932860766623/200000000000000000
-1165718768837178133/2000000000000000000
-284372052266672509/500000000000000000
-1109257649296201939/2000000000000000000
-540513544762856921/1000000000000000000
-210559305951045149/400000000000000000
-64035373124046103/125000000000000000
-996335410214249551/2000000000000000000
-484052425221880727/1000000000000000000
-939874290673273357/2000000000000000000
-45582186545139263/100000000000000000
-883413171132297163/2000000000000000000
-427591305680904533/1000000000000000000
-826952051591320969/2000000000000000000
-99840186477604109/250000000000000000
-30819637282013791/80000000000000000
-371130186139928339/1000000000000000000
-714029812509368581/2000000000000000000
-171449813184720121/500000000000000000
-657568692968392387/2000000000000000000
-62933813319790429/200000000000000000
-601107573427416193/2000000000000000000
-17902406676779003/62500000000000000
-544646453886439999/2000000000000000000
-258207947057975951/1000000000000000000
-97637066869092761/400000000000000000
-114988693643743927/500000000000000000
-431724214804487611/2000000000000000000
-201746827516999757/1000000000000000000
-375263095263511417/2000000000000000000
-8675813387325583/50000000000000000

y-grades
4999959/20000000
4999959/10000000
14999877/20000000
4999959/5000000
4999959/4000000
14999877/10000000
34999713/20000000
4999959/2500000
44999631/20000000
4999959/2000000
54999549/20000000
14999877/5000000
64999467/20000000
34999713/10000000
14999877/4000000
4999959/1250000
84999303/20000000
44999631/10000000
94999221/20000000
4999959/1000000
104999139/20000000
54999549/10000000
114999057/20000000
14999877/2500000
4999959/800000
64999467/10000000
134998893/20000000
34999713/5000000
144998811/20000000
14999877/2000000
154998729/20000000
4999959/625000
164998647/20000000
84999303/10000000
34999713/4000000
44999631/5000000
184998483/20000000
94999221/10000000
194998401/20000000
4999959/500000

Dimensions > 0:
(0, 0, 1)
(0, 1, 1)
(0, 2, 1)
(0, 3, 1)
(0, 4, 1)
(0, 5, 1)
(0, 6, 1)
(0, 7, 1)
(0, 8, 1)
(0, 9, 1)
(0, 10, 1)
(0, 11, 1)
(0, 12, 1)
(0, 13, 1)
(0, 14, 1)
(0, 15, 1)
(0, 16, 1)
(0, 17, 1)
(0, 18, 1)
(0, 19, 1)
(0, 20, 1)
(0, 21, 1)
(0, 22, 1)
(0, 23, 1)
(0, 24, 1)
(0, 25, 1)
(0, 26, 1)
(0, 27, 1)
(0, 28, 1)
(0, 29, 1)
(0, 30, 1)
(0, 31, 1)
(0, 32, 1)
(0, 33, 1)
(0, 34, 1)
(0, 35, 1)
(0, 36, 1)
(0, 37, 1)
(0, 38, 1)
(0, 39, 1)

(1, 0, 3)
(1, 1, 3)
(1, 2, 3)
(1, 3, 3)
(1, 4, 3)
(1, 5, 1)
(1, 6, 1)
(1, 7, 1)
(1, 8, 1)
(1, 9, 1)
(1, 10, 1)
(1, 11, 1)
(1, 12, 1)
(1, 13, 1)
(1, 14, 1)
(1, 15, 1)
(1, 16, 1)
(1, 17, 1)
(1, 18, 1)
(1, 19, 1)
(1, 20, 1)
(1, 21, 1)
(1, 22, 1)
(1, 23, 1)
(1, 24, 1)
(1, 25, 1)
(1, 26, 1)
(1, 27, 1)
(1, 28, 1)
(1, 29, 1)
(1, 30, 1)
(1, 31, 1)
(1, 32, 1)
(1, 33, 1)
(1, 34, 1)
(1, 35, 1)
(1, 36, 1)
(1, 37, 1)
(1, 38, 1)
(1, 39, 1)

(2, 0, 4)
(2, 1, 4)
(2, 2, 4)
(2, 3, 4)
(2, 4, 4)
(2, 5, 1)
(2, 6, 1)
(2, 7, 1)
(2, 8, 1)
(2, 9, 1)
(2, 10, 1)
(2, 11, 1)
(2, 12, 1)
(2, 13, 1)
(2, 14, 1)
(2, 15, 1)
(2, 16, 1)
(2, 17, 1)
(2, 18, 1)
(2, 19, 1)
(2, 20, 1)
(2, 21, 1)
(2, 22, 1)
(2, 23, 1)
(2, 24, 1)
(2, 25, 1)
(2, 26, 1)
(2, 27, 1)
(2, 28, 1)
(2, 29, 1)
(2, 30, 1)
(2, 31, 1)
(2, 32, 1)
(2, 33, 1)
(2, 34, 1)
(2, 35, 1)
(2, 36, 1)
(2, 37, 1)
(2, 38, 1)
(2, 39, 1)

(3, 0, 4)
(3, 1, 4)
(3, 2, 4)
(3, 3, 4)
(3, 4, 4)
(3, 5, 1)
(3, 6, 1)
(3, 7, 1)
(3, 8, 1)
(3, 9, 1)
(3, 10, 1)
(3, 11, 1)
(3, 12, 1)
(3, 13, 1)
(3, 14, 1)
(3, 15, 1)
(3, 16, 1)
(3, 17, 1)
(3, 18, 1)
(3, 19, 1)
(3, 20, 1)
(3, 21, 1)
(3, 22, 1)
(3, 23, 1)
(3, 24, 1)
(3, 25, 1)
(3, 26, 1)
(3, 27, 1)
(3, 28, 1)
(3, 29, 1)
(3, 30, 1)
(3, 31, 1)
(3, 32, 1)
(3, 33, 1)
(3, 34, 1)
(3, 35, 1)
(3, 36, 1)
(3, 37, 1)
(3, 38, 1)
(3, 39, 1)

(4, 0, 4)
(4, 1, 4)
(4, 2, 4)
(4, 3, 4)
(4, 4, 4)
(4, 5, 1)
(4, 6, 1)
(4, 7, 1)
(4, 8, 1)
(4, 9, 1)
(4, 10, 1)
(4, 11, 1)
(4, 12, 1)
(4, 13, 1)
(4, 14, 1)
(4, 15, 1)
(4, 16, 1)
(4, 17, 1)
(4, 18, 1)
(4, 19, 1)
(4, 20, 1)
(4, 21, 1)
(4, 22, 1)
(4, 23, 1)
(4, 24, 1)
(4, 25, 1)
(4, 26, 1)
(4, 27, 1)
(4, 28, 1)
(4, 29, 1)
(4, 30, 1)
(4, 31, 1)
(4, 32, 1)
(4, 33, 1)
(4, 34, 1)
(4, 35, 1)
(4, 36, 1)
(4, 37, 1)
(4, 38, 1)
(4, 39, 1)

(5, 0, 8)
(5, 1, 8)
(5, 2, 8)
(5, 3, 8)
(5, 4, 8)
(5, 5, 3)
(5, 6, 3)
(5, 7, 3)
(5, 8, 3)
(5, 9, 3)
(5, 10, 3)
(5, 11, 3)
(5, 12, 3)
(5, 13, 3)
(5, 14, 3)
(5, 15, 3)
(5, 16, 3)
(5, 17, 3)
(5, 18, 3)
(5, 19, 3)
(5, 20, 3)
(5, 21, 3)
(5, 22, 3)
(5, 23, 3)
(5, 24, 3)
(5, 25, 3)
(5, 26, 3)
(5, 27, 3)
(5, 28, 3)
(5, 29, 3)
(5, 30, 3)
(5, 31, 3)
(5, 32, 3)
(5, 33, 3)
(5, 34, 3)
(5, 35, 3)
(5, 36, 3)
(5, 37, 3)
(5, 38, 3)
(5, 39, 3)

(6, 0, 10)
(6, 1, 10)
(6, 2, 10)
(6, 3, 10)
(6, 4, 10)
(6, 5, 3)
(6, 6, 3)
(6, 7, 3)
(6, 8, 3)
(6, 9, 3)
(6, 10, 3)
(6, 11, 3)
(6, 12, 3)
(6, 13, 3)
(6, 14, 3)
(6, 15, 3)
(6, 16, 3)
(6, 17, 3)
(6, 18, 3)
(6, 19, 3)
(6, 20, 3)
(6, 21, 3)
(6, 22, 3)
(6, 23, 3)
(6, 24, 3)
(6, 25, 3)
(6, 26, 3)
(6, 27, 3)
(6, 28, 3)
(6, 29, 3)
(6, 30, 3)
(6, 31, 3)
(6, 32, 3)
(6, 33, 3)
(6, 34, 3)
(6, 35, 3)
(6, 36, 3)
(6, 37, 3)
(6, 38, 3)
(6, 39, 3)

(7, 0, 11)
(7, 1, 11)
(7, 2, 11)
(7, 3, 11)
(7, 4, 11)
(7, 5, 3)
(7, 6, 3)
(7, 7, 3)
(7, 8, 3)
(7, 9, 3)
(7, 10, 3)
(7, 11, 3)
(7, 12, 3)
(7, 13, 3)
(7, 14, 3)
(7, 15, 3)
(7, 16, 3)
(7, 17, 3)
(7, 18, 3)
(7, 19, 3)
(7, 20, 3)
(7, 21, 3)
(7, 22, 3)
(7, 23, 3)
(7, 24, 3)
(7, 25, 3)
(7, 26, 3)
(7, 27, 3)
(7, 28, 3)
(7, 29, 3)
(7, 30, 3)
(7, 31, 3)
(7, 32, 3)
(7, 33, 3)
(7, 34, 3)
(7, 35, 3)
(7, 36, 3)
(7, 37, 3)
(7, 38, 3)
(7, 39, 3)

(8, 0, 11)
(8, 1, 11)
(8, 2, 11)
(8, 3, 11)
(8, 4, 11)
(8, 5, 3)
(8, 6, 3)
(8, 7, 3)
(8, 8, 3)
(8, 9, 3)
(8, 10, 3)
(8, 11, 3)
(8, 12, 3)
(8, 13, 3)
(8, 14, 3)
(8, 15, 3)
(8, 16, 3)
(8, 17, 3)
(8, 18, 3)
(8, 19, 3)
(8, 20, 3)
(8, 21, 3)
(8, 22, 3)
(8, 23, 3)
(8, 24, 3)
(8, 25, 3)
(8, 26, 3)
(8, 27, 3)
(8, 28, 3)
(8, 29, 3)
(8, 30, 3)
(8, 31, 3)
(8, 32, 3)
(8, 33, 3)
(8, 34, 3)
(8, 35, 3)
(8, 36, 3)
(8, 37, 3)
(8, 38, 3)
(8, 39, 3)

(9, 0, 11)
(9, 1, 11)
(9, 2, 11)
(9, 3, 11)
(9, 4, 11)
(9, 5, 3)
(9, 6, 3)
(9, 7, 3)
(9, 8, 3)
(9, 9, 3)
(9, 10, 3)
(9, 11, 3)
(9, 12, 3)
(9, 13, 3)
(9, 14, 3)
(9, 15, 3)
(9, 16, 3)
(9, 17, 3)
(9, 18, 3)
(9, 19, 3)
(9, 20, 3)
(9, 21, 3)
(9, 22, 3)
(9, 23, 3)
(9, 24, 3)
(9, 25, 3)
(9, 26, 3)
(9, 27, 3)
(9, 28, 3)
(9, 29, 3)
(9, 30, 3)
(9, 31, 3)
(9, 32, 3)
(9, 33, 3)
(9, 34, 3)
(9, 35, 3)
(9, 36, 3)
(9, 37, 3)
(9, 38, 3)
(9, 39, 3)

(10, 0, 11)
(10, 1, 11)
(10, 2, 11)
(10, 3, 11)
(10, 4, 11)
(10, 5, 3)
(10, 6, 3)
(10, 7, 3)
(10, 8, 3)
(10, 9, 3)
(10, 10, 3)
(10, 11, 3)
(10, 12, 3)
(10, 13, 3)
(10, 14, 3)
(10, 15, 3)
(10, 16, 3)
(10, 17, 3)
(10, 18, 3)
(10, 19, 3)
(10, 20, 3)
(10, 21, 3)
(10, 22, 3)
(10, 23, 3)
(10, 24, 3)
(10, 25, 3)
(10, 26, 3)
(10, 27, 3)
(10, 28, 3)
(10, 29, 3)
(10, 30, 3)
(10, 31, 3)
(10, 32, 3)
(10, 33, 3)
(10, 34, 3)
(10, 35, 3)
(10, 36, 3)
(10, 37, 3)
(10, 38, 3)
(10, 39, 3)

(11, 0, 15)
(11, 1, 15)
(11, 2, 15)
(11, 3, 15)
(11, 4, 15)
(11, 5, 6)
(11, 6, 6)
(11, 7, 6)
(11, 8, 5)
(11, 9, 4)
(11, 10, 4)
(11, 11, 4)
(11, 12, 4)
(11, 13, 4)
(11, 14, 4)
(11, 15, 4)
(11, 16, 4)
(11, 17, 4)
(11, 18, 4)
(11, 19, 4)
(11, 20, 4)
(11, 21, 4)
(11, 22, 4)
(11, 23, 4)
(11, 24, 4)
(11, 25, 4)
(11, 26, 4)
(11, 27, 4)
(11, 28, 4)
(11, 29, 4)
(11, 30, 4)
(11, 31, 4)
(11, 32, 4)
(11, 33, 4)
(11, 34, 4)
(11, 35, 4)
(11, 36, 4)
(11, 37, 4)
(11, 38, 4)
(11, 39, 4)

(12, 0, 18)
(12, 1, 18)
(12, 2, 18)
(12, 3, 18)
(12, 4, 18)
(12, 5, 6)
(12, 6, 6)
(12, 7, 6)
(12, 8, 6)
(12, 9, 5)
(12, 10, 5)
(12, 11, 5)
(12, 12, 5)
(12, 13, 5)
(12, 14, 5)
(12, 15, 5)
(12, 16, 5)
(12, 17, 5)
(12, 18, 5)
(12, 19, 5)
(12, 20, 5)
(12, 21, 5)
(12, 22, 5)
(12, 23, 5)
(12, 24, 5)
(12, 25, 5)
(12, 26, 5)
(12, 27, 5)
(12, 28, 5)
(12, 29, 5)
(12, 30, 5)
(12, 31, 5)
(12, 32, 5)
(12, 33, 5)
(12, 34, 5)
(12, 35, 5)
(12, 36, 5)
(12, 37, 5)
(12, 38, 5)
(12, 39, 5)

(13, 0, 21)
(13, 1, 21)
(13, 2, 21)
(13, 3, 21)
(13, 4, 21)
(13, 5, 7)
(13, 6, 7)
(13, 7, 7)
(13, 8, 7)
(13, 9, 6)
(13, 10, 6)
(13, 11, 6)
(13, 12, 6)
(13, 13, 6)
(13, 14, 6)
(13, 15, 6)
(13, 16, 6)
(13, 17, 6)
(13, 18, 6)
(13, 19, 6)
(13, 20, 6)
(13, 21, 6)
(13, 22, 6)
(13, 23, 6)
(13, 24, 6)
(13, 25, 6)
(13, 26, 6)
(13, 27, 6)
(13, 28, 6)
(13, 29, 6)
(13, 30, 6)
(13, 31, 6)
(13, 32, 6)
(13, 33, 6)
(13, 34, 6)
(13, 35, 6)
(13, 36, 6)
(13, 37, 6)
(13, 38, 6)
(13, 39, 6)

(14, 0, 22)
(14, 1, 22)
(14, 2, 22)
(14, 3, 22)
(14, 4, 22)
(14, 5, 7)
(14, 6, 7)
(14, 7, 7)
(14, 8, 7)
(14, 9, 6)
(14, 10, 6)
(14, 11, 6)
(14, 12, 6)
(14, 13, 6)
(14, 14, 6)
(14, 15, 6)
(14, 16, 6)
(14, 17, 6)
(14, 18, 6)
(14, 19, 6)
(14, 20, 6)
(14, 21, 6)
(14, 22, 6)
(14, 23, 6)
(14, 24, 6)
(14, 25, 6)
(14, 26, 6)
(14, 27, 6)
(14, 28, 6)
(14, 29, 6)
(14, 30, 6)
(14, 31, 6)
(14, 32, 6)
(14, 33, 6)
(14, 34, 6)
(14, 35, 6)
(14, 36, 6)
(14, 37, 6)
(14, 38, 6)
(14, 39, 6)

(15, 0, 26)
(15, 1, 26)
(15, 2, 24)
(15, 3, 24)
(15, 4, 21)
(15, 5, 7)
(15, 6, 7)
(15, 7, 7)
(15, 8, 7)
(15, 9, 6)
(15, 10, 6)
(15, 11, 6)
(15, 12, 6)
(15, 13, 6)
(15, 14, 6)
(15, 15, 6)
(15, 16, 6)
(15, 17, 6)
(15, 18, 6)
(15, 19, 6)
(15, 20, 6)
(15, 21, 6)
(15, 22, 6)
(15, 23, 6)
(15, 24, 6)
(15, 25, 6)
(15, 26, 6)
(15, 27, 6)
(15, 28, 6)
(15, 29, 6)
(15, 30, 6)
(15, 31, 6)
(15, 32, 6)
(15, 33, 6)
(15, 34, 6)
(15, 35, 6)
(15, 36, 6)
(15, 37, 6)
(15, 38, 6)
(15, 39, 6)

(16, 0, 28)
(16, 1, 28)
(16, 2, 25)
(16, 3, 25)
(16, 4, 22)
(16, 5, 8)
(16, 6, 8)
(16, 7, 8)
(16, 8, 8)
(16, 9, 7)
(16, 10, 6)
(16, 11, 6)
(16, 12, 6)
(16, 13, 6)
(16, 14, 6)
(16, 15, 6)
(16, 16, 6)
(16, 17, 6)
(16, 18, 6)
(16, 19, 6)
(16, 20, 6)
(16, 21, 6)
(16, 22, 6)
(16, 23, 6)
(16, 24, 6)
(16, 25, 6)
(16, 26, 6)
(16, 27, 6)
(16, 28, 6)
(16, 29, 6)
(16, 30, 6)
(16, 31, 6)
(16, 32, 6)
(16, 33, 6)
(16, 34, 6)
(16, 35, 6)
(16, 36, 6)
(16, 37, 6)
(16, 38, 6)
(16, 39, 6)

(17, 0, 40)
(17, 1, 40)
(17, 2, 36)
(17, 3, 36)
(17, 4, 29)
(17, 5, 11)
(17, 6, 10)
(17, 7, 10)
(17, 8, 9)
(17, 9, 8)
(17, 10, 7)
(17, 11, 6)
(17, 12, 6)
(17, 13, 6)
(17, 14, 6)
(17, 15, 6)
(17, 16, 6)
(17, 17, 6)
(17, 18, 6)
(17, 19, 6)
(17, 20, 6)
(17, 21, 6)
(17, 22, 6)
(17, 23, 6)
(17, 24, 6)
(17, 25, 6)
(17, 26, 6)
(17, 27, 6)
(17, 28, 6)
(17, 29, 6)
(17, 30, 6)
(17, 31, 6)
(17, 32, 6)
(17, 33, 6)
(17, 34, 6)
(17, 35, 6)
(17, 36, 6)
(17, 37, 6)
(17, 38, 6)
(17, 39, 5)

(18, 0, 46)
(18, 1, 45)
(18, 2, 40)
(18, 3, 38)
(18, 4, 32)
(18, 5, 12)
(18, 6, 11)
(18, 7, 10)
(18, 8, 9)
(18, 9, 8)
(18, 10, 7)
(18, 11, 6)
(18, 12, 6)
(18, 13, 6)
(18, 14, 6)
(18, 15, 6)
(18, 16, 6)
(18, 17, 6)
(18, 18, 6)
(18, 19, 6)
(18, 20, 6)
(18, 21, 6)
(18, 22, 6)
(18, 23, 6)
(18, 24, 6)
(18, 25, 6)
(18, 26, 6)
(18, 27, 6)
(18, 28, 6)
(18, 29, 6)
(18, 30, 6)
(18, 31, 6)
(18, 32, 6)
(18, 33, 6)
(18, 34, 6)
(18, 35, 6)
(18, 36, 6)
(18, 37, 6)
(18, 38, 5)
(18, 39, 5)

(19, 0, 58)
(19, 1, 53)
(19, 2, 42)
(19, 3, 41)
(19, 4, 33)
(19, 5, 11)
(19, 6, 10)
(19, 7, 9)
(19, 8, 9)
(19, 9, 8)
(19, 10, 7)
(19, 11, 6)
(19, 12, 6)
(19, 13, 6)
(19, 14, 6)
(19, 15, 6)
(19, 16, 6)
(19, 17, 6)
(19, 18, 6)
(19, 19, 6)
(19, 20, 6)
(19, 21, 6)
(19, 22, 6)
(19, 23, 6)
(19, 24, 6)
(19, 25, 6)
(19, 26, 6)
(19, 27, 6)
(19, 28, 6)
(19, 29, 6)
(19, 30, 6)
(19, 31, 6)
(19, 32, 6)
(19, 33, 6)
(19, 34, 6)
(19, 35, 6)
(19, 36, 6)
(19, 37, 6)
(19, 38, 5)
(19, 39, 5)

(20, 0, 63)
(20, 1, 56)
(20, 2, 44)
(20, 3, 42)
(20, 4, 34)
(20, 5, 12)
(20, 6, 11)
(20, 7, 10)
(20, 8, 10)
(20, 9, 9)
(20, 10, 7)
(20, 11, 6)
(20, 12, 6)
(20, 13, 6)
(20, 14, 6)
(20, 15, 6)
(20, 16, 6)
(20, 17, 6)
(20, 18, 6)
(20, 19, 6)
(20, 20, 6)
(20, 21, 6)
(20, 22, 6)
(20, 23, 6)
(20, 24, 6)
(20, 25, 6)
(20, 26, 6)
(20, 27, 6)
(20, 28, 6)
(20, 29, 6)
(20, 30, 6)
(20, 31, 6)
(20, 32, 6)
(20, 33, 6)
(20, 34, 6)
(20, 35, 6)
(20, 36, 6)
(20, 37, 6)
(20, 38, 5)
(20, 39, 5)

(21, 0, 78)
(21, 1, 70)
(21, 2, 55)
(21, 3, 48)
(21, 4, 39)
(21, 5, 15)
(21, 6, 14)
(21, 7, 13)
(21, 8, 13)
(21, 9, 12)
(21, 10, 10)
(21, 11, 9)
(21, 12, 9)
(21, 13, 9)
(21, 14, 9)
(21, 15, 9)
(21, 16, 9)
(21, 17, 9)
(21, 18, 8)
(21, 19, 7)
(21, 20, 7)
(21, 21, 7)
(21, 22, 7)
(21, 23, 7)
(21, 24, 7)
(21, 25, 7)
(21, 26, 7)
(21, 27, 7)
(21, 28, 7)
(21, 29, 7)
(21, 30, 7)
(21, 31, 7)
(21, 32, 7)
(21, 33, 7)
(21, 34, 7)
(21, 35, 7)
(21, 36, 7)
(21, 37, 7)
(21, 38, 6)
(21, 39, 6)

(22, 0, 96)
(22, 1, 83)
(22, 2, 61)
(22, 3, 53)
(22, 4, 43)
(22, 5, 17)
(22, 6, 16)
(22, 7, 15)
(22, 8, 15)
(22, 9, 14)
(22, 10, 11)
(22, 11, 9)
(22, 12, 9)
(22, 13, 9)
(22, 14, 9)
(22, 15, 8)
(22, 16, 8)
(22, 17, 8)
(22, 18, 7)
(22, 19, 7)
(22, 20, 7)
(22, 21, 7)
(22, 22, 7)
(22, 23, 7)
(22, 24, 7)
(22, 25, 7)
(22, 26, 7)
(22, 27, 7)
(22, 28, 7)
(22, 29, 7)
(22, 30, 7)
(22, 31, 7)
(22, 32, 7)
(22, 33, 7)
(22, 34, 7)
(22, 35, 7)
(22, 36, 7)
(22, 37, 7)
(22, 38, 6)
(22, 39, 6)

(23, 0, 128)
(23, 1, 100)
(23, 2, 72)
(23, 3, 64)
(23, 4, 48)
(23, 5, 19)
(23, 6, 17)
(23, 7, 16)
(23, 8, 14)
(23, 9, 13)
(23, 10, 9)
(23, 11, 8)
(23, 12, 8)
(23, 13, 8)
(23, 14, 8)
(23, 15, 8)
(23, 16, 8)
(23, 17, 8)
(23, 18, 7)
(23, 19, 7)
(23, 20, 7)
(23, 21, 7)
(23, 22, 7)
(23, 23, 7)
(23, 24, 7)
(23, 25, 7)
(23, 26, 7)
(23, 27, 7)
(23, 28, 7)
(23, 29, 7)
(23, 30, 7)
(23, 31, 6)
(23, 32, 6)
(23, 33, 5)
(23, 34, 5)
(23, 35, 5)
(23, 36, 5)
(23, 37, 5)
(23, 38, 5)
(23, 39, 5)

(24, 0, 149)
(24, 1, 110)
(24, 2, 76)
(24, 3, 65)
(24, 4, 49)
(24, 5, 19)
(24, 6, 17)
(24, 7, 16)
(24, 8, 14)
(24, 9, 13)
(24, 10, 9)
(24, 11, 8)
(24, 12, 8)
(24, 13, 8)
(24, 14, 8)
(24, 15, 8)
(24, 16, 8)
(24, 17, 8)
(24, 18, 7)
(24, 19, 7)
(24, 20, 7)
(24, 21, 7)
(24, 22, 7)
(24, 23, 7)
(24, 24, 7)
(24, 25, 7)
(24, 26, 7)
(24, 27, 7)
(24, 28, 6)
(24, 29, 6)
(24, 30, 6)
(24, 31, 6)
(24, 32, 6)
(24, 33, 5)
(24, 34, 5)
(24, 35, 5)
(24, 36, 5)
(24, 37, 5)
(24, 38, 5)
(24, 39, 5)

(25, 0, 179)
(25, 1, 126)
(25, 2, 80)
(25, 3, 68)
(25, 4, 52)
(25, 5, 22)
(25, 6, 19)
(25, 7, 17)
(25, 8, 14)
(25, 9, 13)
(25, 10, 9)
(25, 11, 8)
(25, 12, 8)
(25, 13, 8)
(25, 14, 8)
(25, 15, 8)
(25, 16, 8)
(25, 17, 8)
(25, 18, 7)
(25, 19, 7)
(25, 20, 7)
(25, 21, 7)
(25, 22, 7)
(25, 23, 7)
(25, 24, 7)
(25, 25, 7)
(25, 26, 7)
(25, 27, 7)
(25, 28, 6)
(25, 29, 5)
(25, 30, 5)
(25, 31, 5)
(25, 32, 5)
(25, 33, 4)
(25, 34, 4)
(25, 35, 4)
(25, 36, 4)
(25, 37, 4)
(25, 38, 4)
(25, 39, 4)

(26, 0, 201)
(26, 1, 137)
(26, 2, 90)
(26, 3, 75)
(26, 4, 57)
(26, 5, 24)
(26, 6, 20)
(26, 7, 17)
(26, 8, 15)
(26, 9, 14)
(26, 10, 10)
(26, 11, 8)
(26, 12, 8)
(26, 13, 8)
(26, 14, 8)
(26, 15, 8)
(26, 16, 7)
(26, 17, 7)
(26, 18, 6)
(26, 19, 6)
(26, 20, 6)
(26, 21, 6)
(26, 22, 6)
(26, 23, 6)
(26, 24, 6)
(26, 25, 6)
(26, 26, 6)
(26, 27, 6)
(26, 28, 6)
(26, 29, 5)
(26, 30, 5)
(26, 31, 5)
(26, 32, 5)
(26, 33, 4)
(26, 34, 4)
(26, 35, 4)
(26, 36, 4)
(26, 37, 4)
(26, 38, 4)
(26, 39, 4)

(27, 0, 222)
(27, 1, 147)
(27, 2, 94)
(27, 3, 78)
(27, 4, 60)
(27, 5, 25)
(27, 6, 21)
(27, 7, 17)
(27, 8, 15)
(27, 9, 14)
(27, 10, 10)
(27, 11, 8)
(27, 12, 8)
(27, 13, 8)
(27, 14, 8)
(27, 15, 7)
(27, 16, 7)
(27, 17, 7)
(27, 18, 6)
(27, 19, 6)
(27, 20, 6)
(27, 21, 6)
(27, 22, 6)
(27, 23, 6)
(27, 24, 6)
(27, 25, 6)
(27, 26, 6)
(27, 27, 6)
(27, 28, 6)
(27, 29, 5)
(27, 30, 5)
(27, 31, 5)
(27, 32, 5)
(27, 33, 4)
(27, 34, 4)
(27, 35, 4)
(27, 36, 4)
(27, 37, 4)
(27, 38, 4)
(27, 39, 4)

(28, 0, 238)
(28, 1, 156)
(28, 2, 100)
(28, 3, 84)
(28, 4, 66)
(28, 5, 28)
(28, 6, 24)
(28, 7, 19)
(28, 8, 16)
(28, 9, 15)
(28, 10, 10)
(28, 11, 7)
(28, 12, 7)
(28, 13, 7)
(28, 14, 7)
(28, 15, 7)
(28, 16, 7)
(28, 17, 7)
(28, 18, 6)
(28, 19, 6)
(28, 20, 6)
(28, 21, 6)
(28, 22, 6)
(28, 23, 6)
(28, 24, 6)
(28, 25, 6)
(28, 26, 6)
(28, 27, 6)
(28, 28, 6)
(28, 29, 5)
(28, 30, 5)
(28, 31, 5)
(28, 32, 5)
(28, 33, 4)
(28, 34, 4)
(28, 35, 4)
(28, 36, 4)
(28, 37, 4)
(28, 38, 4)
(28, 39, 4)

(29, 0, 256)
(29, 1, 165)
(29, 2, 108)
(29, 3, 91)
(29, 4, 70)
(29, 5, 28)
(29, 6, 22)
(29, 7, 18)
(29, 8, 17)
(29, 9, 16)
(29, 10, 11)
(29, 11, 7)
(29, 12, 6)
(29, 13, 6)
(29, 14, 6)
(29, 15, 6)
(29, 16, 6)
(29, 17, 6)
(29, 18, 5)
(29, 19, 5)
(29, 20, 5)
(29, 21, 5)
(29, 22, 5)
(29, 23, 5)
(29, 24, 5)
(29, 25, 5)
(29, 26, 5)
(29, 27, 5)
(29, 28, 5)
(29, 29, 4)
(29, 30, 4)
(29, 31, 4)
(29, 32, 4)
(29, 33, 4)
(29, 34, 4)
(29, 35, 4)
(29, 36, 4)
(29, 37, 4)
(29, 38, 4)
(29, 39, 4)

(30, 0, 262)
(30, 1, 169)
(30, 2, 111)
(30, 3, 94)
(30, 4, 73)
(30, 5, 28)
(30, 6, 22)
(30, 7, 18)
(30, 8, 17)
(30, 9, 16)
(30, 10, 11)
(30, 11, 6)
(30, 12, 6)
(30, 13, 6)
(30, 14, 6)
(30, 15, 6)
(30, 16, 6)
(30, 17, 6)
(30, 18, 5)
(30, 19, 5)
(30, 20, 5)
(30, 21, 5)
(30, 22, 5)
(30, 23, 5)
(30, 24, 5)
(30, 25, 5)
(30, 26, 5)
(30, 27, 5)
(30, 28, 5)
(30, 29, 4)
(30, 30, 4)
(30, 31, 4)
(30, 32, 4)
(30, 33, 4)
(30, 34, 4)
(30, 35, 4)
(30, 36, 4)
(30, 37, 4)
(30, 38, 4)
(30, 39, 4)

(31, 0, 273)
(31, 1, 177)
(31, 2, 119)
(31, 3, 99)
(31, 4, 75)
(31, 5, 28)
(31, 6, 22)
(31, 7, 18)
(31, 8, 17)
(31, 9, 16)
(31, 10, 11)
(31, 11, 6)
(31, 12, 6)
(31, 13, 6)
(31, 14, 6)
(31, 15, 6)
(31, 16, 6)
(31, 17, 6)
(31, 18, 5)
(31, 19, 5)
(31, 20, 5)
(31, 21, 5)
(31, 22, 5)
(31, 23, 5)
(31, 24, 5)
(31, 25, 5)
(31, 26, 5)
(31, 27, 5)
(31, 28, 5)
(31, 29, 4)
(31, 30, 4)
(31, 31, 4)
(31, 32, 4)
(31, 33, 4)
(31, 34, 4)
(31, 35, 4)
(31, 36, 4)
(31, 37, 4)
(31, 38, 4)
(31, 39, 4)

(32, 0, 281)
(32, 1, 183)
(32, 2, 124)
(32, 3, 102)
(32, 4, 78)
(32, 5, 29)
(32, 6, 23)
(32, 7, 19)
(32, 8, 17)
(32, 9, 16)
(32, 10, 11)
(32, 11, 6)
(32, 12, 6)
(32, 13, 6)
(32, 14, 6)
(32, 15, 6)
(32, 16, 6)
(32, 17, 6)
(32, 18, 5)
(32, 19, 5)
(32, 20, 5)
(32, 21, 5)
(32, 22, 5)
(32, 23, 5)
(32, 24, 5)
(32, 25, 5)
(32, 26, 5)
(32, 27, 5)
(32, 28, 5)
(32, 29, 4)
(32, 30, 4)
(32, 31, 4)
(32, 32, 4)
(32, 33, 4)
(32, 34, 4)
(32, 35, 4)
(32, 36, 4)
(32, 37, 4)
(32, 38, 4)
(32, 39, 4)

(33, 0, 285)
(33, 1, 187)
(33, 2, 127)
(33, 3, 104)
(33, 4, 79)
(33, 5, 28)
(33, 6, 22)
(33, 7, 18)
(33, 8, 17)
(33, 9, 16)
(33, 10, 11)
(33, 11, 6)
(33, 12, 6)
(33, 13, 6)
(33, 14, 6)
(33, 15, 6)
(33, 16, 6)
(33, 17, 6)
(33, 18, 5)
(33, 19, 5)
(33, 20, 5)
(33, 21, 5)
(33, 22, 5)
(33, 23, 5)
(33, 24, 5)
(33, 25, 5)
(33, 26, 5)
(33, 27, 5)
(33, 28, 5)
(33, 29, 4)
(33, 30, 4)
(33, 31, 4)
(33, 32, 4)
(33, 33, 4)
(33, 34, 4)
(33, 35, 4)
(33, 36, 4)
(33, 37, 4)
(33, 38, 4)
(33, 39, 4)

(34, 0, 293)
(34, 1, 193)
(34, 2, 133)
(34, 3, 110)
(34, 4, 85)
(34, 5, 31)
(34, 6, 24)
(34, 7, 20)
(34, 8, 19)
(34, 9, 18)
(34, 10, 13)
(34, 11, 7)
(34, 12, 7)
(34, 13, 7)
(34, 14, 7)
(34, 15, 7)
(34, 16, 7)
(34, 17, 7)
(34, 18, 6)
(34, 19, 5)
(34, 20, 5)
(34, 21, 5)
(34, 22, 5)
(34, 23, 4)
(34, 24, 3)
(34, 25, 3)
(34, 26, 3)
(34, 27, 3)
(34, 28, 3)
(34, 29, 3)
(34, 30, 3)
(34, 31, 3)
(34, 32, 3)
(34, 33, 3)
(34, 34, 3)
(34, 35, 3)
(34, 36, 3)
(34, 37, 3)
(34, 38, 3)
(34, 39, 3)

(35, 0, 297)
(35, 1, 197)
(35, 2, 137)
(35, 3, 114)
(35, 4, 89)
(35, 5, 33)
(35, 6, 26)
(35, 7, 22)
(35, 8, 21)
(35, 9, 19)
(35, 10, 13)
(35, 11, 7)
(35, 12, 7)
(35, 13, 7)
(35, 14, 7)
(35, 15, 7)
(35, 16, 7)
(35, 17, 7)
(35, 18, 6)
(35, 19, 5)
(35, 20, 5)
(35, 21, 5)
(35, 22, 5)
(35, 23, 4)
(35, 24, 3)
(35, 25, 3)
(35, 26, 3)
(35, 27, 3)
(35, 28, 3)
(35, 29, 3)
(35, 30, 3)
(35, 31, 3)
(35, 32, 3)
(35, 33, 3)
(35, 34, 3)
(35, 35, 3)
(35, 36, 3)
(35, 37, 3)
(35, 38, 3)
(35, 39, 3)

(36, 0, 303)
(36, 1, 201)
(36, 2, 140)
(36, 3, 117)
(36, 4, 92)
(36, 5, 36)
(36, 6, 27)
(36, 7, 21)
(36, 8, 20)
(36, 9, 19)
(36, 10, 13)
(36, 11, 7)
(36, 12, 7)
(36, 13, 7)
(36, 14, 7)
(36, 15, 7)
(36, 16, 7)
(36, 17, 7)
(36, 18, 5)
(36, 19, 3)
(36, 20, 3)
(36, 21, 3)
(36, 22, 3)
(36, 23, 3)
(36, 24, 3)
(36, 25, 3)
(36, 26, 3)
(36, 27, 3)
(36, 28, 3)
(36, 29, 3)
(36, 30, 3)
(36, 31, 3)
(36, 32, 3)
(36, 33, 3)
(36, 34, 3)
(36, 35, 3)
(36, 36, 3)
(36, 37, 3)
(36, 38, 3)
(36, 39, 3)

(37, 0, 310)
(37, 1, 205)
(37, 2, 144)
(37, 3, 121)
(37, 4, 96)
(37, 5, 38)
(37, 6, 28)
(37, 7, 23)
(37, 8, 22)
(37, 9, 20)
(37, 10, 14)
(37, 11, 7)
(37, 12, 7)
(37, 13, 7)
(37, 14, 7)
(37, 15, 7)
(37, 16, 7)
(37, 17, 7)
(37, 18, 5)
(37, 19, 3)
(37, 20, 3)
(37, 21, 3)
(37, 22, 3)
(37, 23, 3)
(37, 24, 3)
(37, 25, 3)
(37, 26, 3)
(37, 27, 3)
(37, 28, 3)
(37, 29, 3)
(37, 30, 3)
(37, 31, 3)
(37, 32, 3)
(37, 33, 3)
(37, 34, 3)
(37, 35, 3)
(37, 36, 3)
(37, 37, 3)
(37, 38, 3)
(37, 39, 3)

(38, 0, 318)
(38, 1, 213)
(38, 2, 152)
(38, 3, 129)
(38, 4, 102)
(38, 5, 41)
(38, 6, 31)
(38, 7, 26)
(38, 8, 23)
(38, 9, 22)
(38, 10, 16)
(38, 11, 6)
(38, 12, 6)
(38, 13, 5)
(38, 14, 5)
(38, 15, 5)
(38, 16, 5)
(38, 17, 5)
(38, 18, 4)
(38, 19, 3)
(38, 20, 3)
(38, 21, 3)
(38, 22, 3)
(38, 23, 3)
(38, 24, 3)
(38, 25, 3)
(38, 26, 3)
(38, 27, 3)
(38, 28, 3)
(38, 29, 3)
(38, 30, 3)
(38, 31, 3)
(38, 32, 3)
(38, 33, 3)
(38, 34, 3)
(38, 35, 3)
(38, 36, 3)
(38, 37, 3)
(38, 38, 3)
(38, 39, 3)

(39, 0, 339)
(39, 1, 228)
(39, 2, 164)
(39, 3, 140)
(39, 4, 109)
(39, 5, 43)
(39, 6, 27)
(39, 7, 21)
(39, 8, 20)
(39, 9, 19)
(39, 10, 13)
(39, 11, 5)
(39, 12, 5)
(39, 13, 5)
(39, 14, 5)
(39, 15, 5)
(39, 16, 5)
(39, 17, 5)
(39, 18, 4)
(39, 19, 3)
(39, 20, 3)
(39, 21, 3)
(39, 22, 3)
(39, 23, 3)
(39, 24, 3)
(39, 25, 3)
(39, 26, 3)
(39, 27, 3)
(39, 28, 3)
(39, 29, 3)
(39, 30, 3)
(39, 31, 3)
(39, 32, 3)
(39, 33, 3)
(39, 34, 3)
(39, 35, 3)
(39, 36, 3)
(39, 37, 3)
(39, 38, 3)
(39, 39, 3)


Betti numbers:
xi_0:
(0, 0, 1)
(1, 0, 2)
(2, 0, 1)
(5, 0, 4)
(6, 0, 2)
(7, 0, 1)
(11, 0, 4)
(12, 0, 3)
(13, 0, 3)
(14, 0, 1)
(15, 0, 4)
(16, 0, 2)
(17, 0, 12)
(18, 0, 6)
(19, 0, 12)
(20, 0, 5)
(21, 0, 15)
(22, 0, 18)
(23, 0, 32)
(24, 0, 21)
(25, 0, 30)
(26, 0, 23)
(27, 0, 21)
(28, 0, 16)
(29, 0, 18)
(30, 0, 7)
(31, 0, 11)
(32, 0, 8)
(33, 0, 4)
(34, 0, 8)
(35, 0, 4)
(36, 0, 6)
(37, 0, 7)
(38, 0, 8)
(39, 0, 21)
xi_1:
(1, 5, 2)
(2, 5, 1)
(5, 5, 2)
(6, 5, 2)
(7, 5, 1)
(11, 5, 1)
(11, 8, 1)
(11, 9, 1)
(12, 5, 3)
(13, 5, 2)
(14, 5, 1)
(15, 2, 2)
(15, 4, 3)
(16, 2, 1)
(16, 10, 1)
(17, 2, 1)
(17, 4, 4)
(17, 5, 4)
(17, 6, 1)
(17, 8, 1)
(17, 11, 1)
(17, 39, 1)
(18, 1, 1)
(18, 2, 1)
(18, 3, 2)
(18, 5, 2)
(18, 7, 1)
(18, 8, 1)
(18, 38, 1)
(19, 1, 4)
(19, 2, 6)
(19, 4, 2)
(19, 5, 2)
(20, 1, 2)
(20, 2, 1)
(20, 3, 1)
(20, 4, 1)
(20, 10, 1)
(21, 1, 1)
(21, 2, 3)
(21, 3, 5)
(21, 4, 2)
(21, 5, 2)
(21, 18, 1)
(21, 19, 1)
(22, 1, 5)
(22, 2, 7)
(22, 3, 2)
(22, 4, 1)
(22, 5, 3)
(22, 10, 1)
(22, 11, 1)
(22, 15, 1)
(23, 1, 15)
(23, 2, 7)
(23, 3, 1)
(23, 4, 7)
(23, 5, 3)
(23, 6, 1)
(23, 8, 2)
(23, 10, 1)
(23, 31, 1)
(23, 33, 1)
(24, 1, 11)
(24, 2, 6)
(24, 3, 3)
(24, 4, 1)
(24, 5, 1)
(24, 6, 1)
(24, 28, 1)
(25, 1, 14)
(25, 2, 12)
(25, 3, 1)
(25, 4, 1)
(25, 6, 1)
(25, 7, 1)
(25, 8, 2)
(25, 10, 1)
(25, 29, 1)
(26, 0, 1)
(26, 1, 12)
(26, 2, 2)
(26, 3, 3)
(26, 4, 2)
(26, 5, 3)
(26, 6, 2)
(26, 7, 1)
(26, 8, 1)
(26, 11, 1)
(26, 16, 1)
(27, 1, 11)
(27, 2, 6)
(27, 3, 1)
(27, 5, 2)
(27, 7, 1)
(27, 15, 1)
(28, 1, 7)
(28, 2, 3)
(28, 5, 3)
(28, 7, 1)
(28, 8, 2)
(28, 10, 1)
(28, 11, 1)
(29, 1, 9)
(29, 2, 2)
(29, 3, 1)
(29, 4, 3)
(29, 5, 4)
(29, 6, 2)
(29, 11, 1)
(29, 12, 1)
(29, 29, 1)
(30, 0, 1)
(30, 1, 3)
(30, 2, 2)
(30, 5, 3)
(30, 11, 1)
(31, 1, 3)
(31, 3, 3)
(31, 4, 3)
(31, 5, 2)
(32, 1, 2)
(32, 2, 1)
(32, 3, 2)
(32, 5, 2)
(32, 8, 1)
(33, 2, 1)
(33, 3, 1)
(33, 4, 1)
(33, 5, 2)
(34, 1, 2)
(34, 5, 3)
(34, 6, 1)
(34, 11, 1)
(34, 19, 1)
(34, 23, 1)
(34, 24, 1)
(35, 5, 2)
(35, 9, 1)
(35, 10, 1)
(36, 1, 2)
(36, 2, 1)
(36, 6, 2)
(36, 7, 2)
(36, 18, 1)
(36, 19, 1)
(37, 1, 3)
(37, 5, 2)
(37, 6, 1)
(37, 9, 1)
(37, 11, 1)
(38, 4, 2)
(38, 5, 3)
(38, 8, 2)
(38, 11, 3)
(38, 13, 1)
(39, 1, 6)
(39, 2, 3)
(39, 3, 1)
(39, 4, 4)
(39, 5, 5)
(39, 6, 6)
(39, 7, 1)
xi_2:
(12, 8, 1)
(15, 5, 1)
(18, 4, 1)
(18, 8, 1)
(18, 39, 1)
(19, 3, 1)
(19, 8, 1)
(20, 4, 1)
(21, 4, 1)
(22, 3, 1)
(22, 5, 1)
(22, 19, 1)
(23, 2, 1)
(23, 3, 1)
(23, 4, 1)
(23, 11, 1)
(23, 15, 1)
(23, 38, 1)
(24, 4, 1)
(24, 6, 1)
(24, 31, 1)
(25, 4, 1)
(25, 8, 1)
(25, 10, 1)
(26, 1, 1)
(26, 2, 1)
(26, 6, 1)
(26, 8, 2)
(26, 28, 1)
(27, 16, 1)
(28, 8, 1)
(28, 15, 1)
(29, 2, 1)
(29, 7, 1)
(29, 8, 2)
(29, 29, 1)
(29, 33, 1)
(30, 1, 1)
(30, 2, 1)
(30, 12, 1)
(33, 8, 1)
(34, 29, 1)
(36, 9, 1)
(36, 23, 1)
(36, 24, 1)
(37, 7, 1)
(38, 9, 1)
(38, 18, 1)
(38, 19, 1)
(39, 8, 2)
(39, 11, 2)
(39, 13, 1)
