x-grades
-2573578411094293233/4000000000000000000
-1260941610545578633/2000000000000000000
-2470188031088021299/4000000000000000000
-604623210271221333/1000000000000000000
-473359530216349873/800000000000000000
-1157551230539306699/2000000000000000000
-2263407271075477431/4000000000000000000
-276464010134042683/500000000000000000
-2160016891069205497/4000000000000000000
-210832170106606953/400000000000000000
-2056626511062933563/4000000000000000000
-501232830264949399/1000000000000000000
-1953236131056661629/4000000000000000000
-950770470526762831/2000000000000000000
-369969150210077939/800000000000000000
-56192205032726679/125000000000000000
-1746455371044117761/4000000000000000000
-847380090520490897/2000000000000000000
-1643064991037845827/4000000000000000000
-79568490051735493/200000000000000000
-1539674611031573893/4000000000000000000
-743989710514218963/2000000000000000000
-1436284231025301959/4000000000000000000
-173073630127770749/500000000000000000
-53315754040761201/160000000000000000
-640599330507947029/2000000000000000000
-1229503471012758091/4000000000000000000
-294452070252405531/1000000000000000000
-1126113091006486157/4000000000000000000
-107441790100335019/400000000000000000
-1022722711000214223/4000000000000000000
-60689220062317391/250000000000000000
-919332330993942289/4000000000000000000
-433818570495403161/2000000000000000000
-163188390197534071/800000000000000000
-191061690246133597/1000000000000000000
-712551570981398421/4000000000000000000
-330428190489131227/2000000000000000000
-609161190975126487/4000000000000000000
-13936650024299763/100000000000000000

y-grades
1249989/5000000
1249989/2500000
3749967/5000000
1249989/1250000
1249989/1000000
3749967/2500000
8749923/5000000
1249989/625000
11249901/5000000
1249989/500000
13749879/5000000
3749967/1250000
16249857/5000000
8749923/2500000
3749967/1000000
1249989/312500
21249813/5000000
11249901/2500000
23749791/5000000
1249989/250000
26249769/5000000
13749879/2500000
28749747/5000000
3749967/625000
1249989/200000
16249857/2500000
33749703/5000000
8749923/1250000
36249681/5000000
3749967/500000
38749659/5000000
1249989/156250
41249637/5000000
21249813/2500000
8749923/1000000
11249901/1250000
46249593/5000000
23749791/2500000
48749571/5000000
1249989/125000

Dimensions > 0:
(0, 0, 3)
(0, 1, 3)
(0, 2, 3)
(0, 3, 3)
(0, 4, 2)
(0, 5, 2)
(0, 6, 2)
(0, 7, 2)
(0, 8, 2)
(0, 9, 2)
(0, 10, 2)
(0, 11, 2)
(0, 12, 2)
(0, 13, 2)
(0, 14, 2)
(0, 15, 2)
(0, 16, 2)
(0, 17, 2)
(0, 18, 2)
(0, 19, 2)
(0, 20, 2)
(0, 21, 2)
(0, 22, 2)
(0, 23, 2)
(0, 24, 2)
(0, 25, 2)
(0, 26, 2)
(0, 27, 2)
(0, 28, 2)
(0, 29, 2)
(0, 30, 2)
(0, 31, 2)
(0, 32, 2)
(0, 33, 2)
(0, 34, 2)
(0, 35, 2)
(0, 36, 2)
(0, 37, 2)
(0, 38, 2)
(0, 39, 2)

(1, 0, 5)
(1, 1, 5)
(1, 2, 5)
(1, 3, 5)
(1, 4, 2)
(1, 5, 2)
(1, 6, 2)
(1, 7, 2)
(1, 8, 2)
(1, 9, 2)
(1, 10, 2)
(1, 11, 2)
(1, 12, 2)
(1, 13, 2)
(1, 14, 2)
(1, 15, 2)
(1, 16, 2)
(1, 17, 2)
(1, 18, 2)
(1, 19, 2)
(1, 20, 2)
(1, 21, 2)
(1, 22, 2)
(1, 23, 2)
(1, 24, 2)
(1, 25, 2)
(1, 26, 2)
(1, 27, 2)
(1, 28, 2)
(1, 29, 2)
(1, 30, 2)
(1, 31, 2)
(1, 32, 2)
(1, 33, 2)
(1, 34, 2)
(1, 35, 2)
(1, 36, 2)
(1, 37, 2)
(1, 38, 2)
(1, 39, 2)

(2, 0, 7)
(2, 1, 7)
(2, 2, 7)
(2, 3, 7)
(2, 4, 2)
(2, 5, 2)
(2, 6, 2)
(2, 7, 2)
(2, 8, 2)
(2, 9, 2)
(2, 10, 2)
(2, 11, 2)
(2, 12, 2)
(2, 13, 2)
(2, 14, 2)
(2, 15, 2)
(2, 16, 2)
(2, 17, 2)
(2, 18, 2)
(2, 19, 2)
(2, 20, 2)
(2, 21, 2)
(2, 22, 2)
(2, 23, 2)
(2, 24, 2)
(2, 25, 2)
(2, 26, 2)
(2, 27, 2)
(2, 28, 2)
(2, 29, 2)
(2, 30, 2)
(2, 31, 2)
(2, 32, 2)
(2, 33, 2)
(2, 34, 2)
(2, 35, 2)
(2, 36, 2)
(2, 37, 2)
(2, 38, 2)
(2, 39, 2)

(3, 0, 7)
(3, 1, 7)
(3, 2, 7)
(3, 3, 7)
(3, 4, 2)
(3, 5, 2)
(3, 6, 2)
(3, 7, 2)
(3, 8, 2)
(3, 9, 2)
(3, 10, 2)
(3, 11, 2)
(3, 12, 2)
(3, 13, 2)
(3, 14, 2)
(3, 15, 2)
(3, 16, 2)
(3, 17, 2)
(3, 18, 2)
(3, 19, 2)
(3, 20, 2)
(3, 21, 2)
(3, 22, 2)
(3, 23, 2)
(3, 24, 2)
(3, 25, 2)
(3, 26, 2)
(3, 27, 2)
(3, 28, 2)
(3, 29, 2)
(3, 30, 2)
(3, 31, 2)
(3, 32, 2)
(3, 33, 2)
(3, 34, 2)
(3, 35, 2)
(3, 36, 2)
(3, 37, 2)
(3, 38, 2)
(3, 39, 2)

(4, 0, 7)
(4, 1, 7)
(4, 2, 7)
(4, 3, 7)
(4, 4, 2)
(4, 5, 2)
(4, 6, 2)
(4, 7, 2)
(4, 8, 2)
(4, 9, 2)
(4, 10, 2)
(4, 11, 2)
(4, 12, 2)
(4, 13, 2)
(4, 14, 2)
(4, 15, 2)
(4, 16, 2)
(4, 17, 2)
(4, 18, 2)
(4, 19, 2)
(4, 20, 2)
(4, 21, 2)
(4, 22, 2)
(4, 23, 2)
(4, 24, 2)
(4, 25, 2)
(4, 26, 2)
(4, 27, 2)
(4, 28, 2)
(4, 29, 2)
(4, 30, 2)
(4, 31, 2)
(4, 32, 2)
(4, 33, 2)
(4, 34, 2)
(4, 35, 2)
(4, 36, 2)
(4, 37, 2)
(4, 38, 2)
(4, 39, 2)

(5, 0, 8)
(5, 1, 8)
(5, 2, 8)
(5, 3, 8)
(5, 4, 3)
(5, 5, 3)
(5, 6, 3)
(5, 7, 3)
(5, 8, 3)
(5, 9, 3)
(5, 10, 3)
(5, 11, 3)
(5, 12, 3)
(5, 13, 3)
(5, 14, 3)
(5, 15, 3)
(5, 16, 3)
(5, 17, 3)
(5, 18, 3)
(5, 19, 3)
(5, 20, 3)
(5, 21, 3)
(5, 22, 3)
(5, 23, 3)
(5, 24, 3)
(5, 25, 3)
(5, 26, 3)
(5, 27, 3)
(5, 28, 3)
(5, 29, 3)
(5, 30, 3)
(5, 31, 3)
(5, 32, 3)
(5, 33, 3)
(5, 34, 3)
(5, 35, 3)
(5, 36, 3)
(5, 37, 3)
(5, 38, 3)
(5, 39, 3)

(6, 0, 12)
(6, 1, 12)
(6, 2, 12)
(6, 3, 12)
(6, 4, 4)
(6, 5, 4)
(6, 6, 4)
(6, 7, 4)
(6, 8, 4)
(6, 9, 4)
(6, 10, 4)
(6, 11, 4)
(6, 12, 4)
(6, 13, 4)
(6, 14, 4)
(6, 15, 4)
(6, 16, 4)
(6, 17, 4)
(6, 18, 4)
(6, 19, 4)
(6, 20, 4)
(6, 21, 4)
(6, 22, 4)
(6, 23, 4)
(6, 24, 4)
(6, 25, 4)
(6, 26, 4)
(6, 27, 4)
(6, 28, 4)
(6, 29, 4)
(6, 30, 4)
(6, 31, 4)
(6, 32, 4)
(6, 33, 4)
(6, 34, 4)
(6, 35, 4)
(6, 36, 4)
(6, 37, 4)
(6, 38, 4)
(6, 39, 4)

(7, 0, 12)
(7, 1, 12)
(7, 2, 12)
(7, 3, 12)
(7, 4, 4)
(7, 5, 4)
(7, 6, 4)
(7, 7, 4)
(7, 8, 4)
(7, 9, 4)
(7, 10, 4)
(7, 11, 4)
(7, 12, 4)
(7, 13, 4)
(7, 14, 4)
(7, 15, 4)
(7, 16, 4)
(7, 17, 4)
(7, 18, 4)
(7, 19, 4)
(7, 20, 4)
(7, 21, 4)
(7, 22, 4)
(7, 23, 4)
(7, 24, 4)
(7, 25, 4)
(7, 26, 4)
(7, 27, 4)
(7, 28, 4)
(7, 29, 4)
(7, 30, 4)
(7, 31, 4)
(7, 32, 4)
(7, 33, 4)
(7, 34, 4)
(7, 35, 4)
(7, 36, 4)
(7, 37, 4)
(7, 38, 4)
(7, 39, 4)

(8, 0, 12)
(8, 1, 12)
(8, 2, 12)
(8, 3, 12)
(8, 4, 4)
(8, 5, 4)
(8, 6, 4)
(8, 7, 4)
(8, 8, 4)
(8, 9, 4)
(8, 10, 4)
(8, 11, 4)
(8, 12, 4)
(8, 13, 4)
(8, 14, 4)
(8, 15, 4)
(8, 16, 4)
(8, 17, 4)
(8, 18, 4)
(8, 19, 4)
(8, 20, 4)
(8, 21, 4)
(8, 22, 4)
(8, 23, 4)
(8, 24, 4)
(8, 25, 4)
(8, 26, 4)
(8, 27, 4)
(8, 28, 4)
(8, 29, 4)
(8, 30, 4)
(8, 31, 4)
(8, 32, 4)
(8, 33, 4)
(8, 34, 4)
(8, 35, 4)
(8, 36, 4)
(8, 37, 4)
(8, 38, 4)
(8, 39, 4)

(9, 0, 12)
(9, 1, 12)
(9, 2, 12)
(9, 3, 12)
(9, 4, 4)
(9, 5, 4)
(9, 6, 4)
(9, 7, 4)
(9, 8, 4)
(9, 9, 4)
(9, 10, 4)
(9, 11, 4)
(9, 12, 4)
(9, 13, 4)
(9, 14, 4)
(9, 15, 4)
(9, 16, 4)
(9, 17, 4)
(9, 18, 4)
(9, 19, 4)
(9, 20, 4)
(9, 21, 4)
(9, 22, 4)
(9, 23, 4)
(9, 24, 4)
(9, 25, 4)
(9, 26, 4)
(9, 27, 4)
(9, 28, 4)
(9, 29, 4)
(9, 30, 4)
(9, 31, 4)
(9, 32, 4)
(9, 33, 4)
(9, 34, 4)
(9, 35, 4)
(9, 36, 4)
(9, 37, 4)
(9, 38, 4)
(9, 39, 4)

(10, 0, 13)
(10, 1, 13)
(10, 2, 13)
(10, 3, 13)
(10, 4, 5)
(10, 5, 5)
(10, 6, 5)
(10, 7, 5)
(10, 8, 5)
(10, 9, 5)
(10, 10, 5)
(10, 11, 5)
(10, 12, 5)
(10, 13, 5)
(10, 14, 5)
(10, 15, 5)
(10, 16, 5)
(10, 17, 5)
(10, 18, 5)
(10, 19, 5)
(10, 20, 4)
(10, 21, 4)
(10, 22, 4)
(10, 23, 4)
(10, 24, 4)
(10, 25, 4)
(10, 26, 4)
(10, 27, 4)
(10, 28, 4)
(10, 29, 4)
(10, 30, 4)
(10, 31, 4)
(10, 32, 4)
(10, 33, 4)
(10, 34, 4)
(10, 35, 4)
(10, 36, 4)
(10, 37, 4)
(10, 38, 4)
(10, 39, 4)

(11, 0, 16)
(11, 1, 15)
(11, 2, 15)
(11, 3, 14)
(11, 4, 6)
(11, 5, 6)
(11, 6, 6)
(11, 7, 6)
(11, 8, 6)
(11, 9, 6)
(11, 10, 6)
(11, 11, 6)
(11, 12, 6)
(11, 13, 6)
(11, 14, 6)
(11, 15, 6)
(11, 16, 6)
(11, 17, 6)
(11, 18, 6)
(11, 19, 6)
(11, 20, 4)
(11, 21, 4)
(11, 22, 4)
(11, 23, 4)
(11, 24, 4)
(11, 25, 4)
(11, 26, 4)
(11, 27, 4)
(11, 28, 4)
(11, 29, 4)
(11, 30, 4)
(11, 31, 4)
(11, 32, 4)
(11, 33, 4)
(11, 34, 4)
(11, 35, 4)
(11, 36, 4)
(11, 37, 4)
(11, 38, 4)
(11, 39, 4)

(12, 0, 20)
(12, 1, 19)
(12, 2, 19)
(12, 3, 16)
(12, 4, 8)
(12, 5, 8)
(12, 6, 8)
(12, 7, 8)
(12, 8, 8)
(12, 9, 7)
(12, 10, 7)
(12, 11, 7)
(12, 12, 7)
(12, 13, 7)
(12, 14, 7)
(12, 15, 7)
(12, 16, 7)
(12, 17, 7)
(12, 18, 7)
(12, 19, 7)
(12, 20, 5)
(12, 21, 5)
(12, 22, 5)
(12, 23, 5)
(12, 24, 5)
(12, 25, 5)
(12, 26, 5)
(12, 27, 5)
(12, 28, 5)
(12, 29, 5)
(12, 30, 5)
(12, 31, 5)
(12, 32, 5)
(12, 33, 5)
(12, 34, 5)
(12, 35, 5)
(12, 36, 5)
(12, 37, 5)
(12, 38, 4)
(12, 39, 4)

(13, 0, 23)
(13, 1, 22)
(13, 2, 22)
(13, 3, 17)
(13, 4, 9)
(13, 5, 9)
(13, 6, 9)
(13, 7, 9)
(13, 8, 9)
(13, 9, 8)
(13, 10, 7)
(13, 11, 7)
(13, 12, 7)
(13, 13, 7)
(13, 14, 7)
(13, 15, 7)
(13, 16, 7)
(13, 17, 7)
(13, 18, 7)
(13, 19, 7)
(13, 20, 5)
(13, 21, 5)
(13, 22, 5)
(13, 23, 5)
(13, 24, 5)
(13, 25, 5)
(13, 26, 5)
(13, 27, 5)
(13, 28, 5)
(13, 29, 5)
(13, 30, 5)
(13, 31, 5)
(13, 32, 5)
(13, 33, 5)
(13, 34, 5)
(13, 35, 5)
(13, 36, 5)
(13, 37, 5)
(13, 38, 3)
(13, 39, 3)

(14, 0, 31)
(14, 1, 27)
(14, 2, 24)
(14, 3, 18)
(14, 4, 10)
(14, 5, 9)
(14, 6, 9)
(14, 7, 9)
(14, 8, 9)
(14, 9, 7)
(14, 10, 7)
(14, 11, 7)
(14, 12, 7)
(14, 13, 7)
(14, 14, 7)
(14, 15, 7)
(14, 16, 7)
(14, 17, 7)
(14, 18, 7)
(14, 19, 7)
(14, 20, 5)
(14, 21, 5)
(14, 22, 5)
(14, 23, 5)
(14, 24, 5)
(14, 25, 5)
(14, 26, 5)
(14, 27, 5)
(14, 28, 5)
(14, 29, 5)
(14, 30, 5)
(14, 31, 5)
(14, 32, 5)
(14, 33, 5)
(14, 34, 5)
(14, 35, 5)
(14, 36, 4)
(14, 37, 4)
(14, 38, 3)
(14, 39, 3)

(15, 0, 40)
(15, 1, 31)
(15, 2, 27)
(15, 3, 20)
(15, 4, 12)
(15, 5, 11)
(15, 6, 10)
(15, 7, 10)
(15, 8, 10)
(15, 9, 8)
(15, 10, 8)
(15, 11, 8)
(15, 12, 8)
(15, 13, 8)
(15, 14, 8)
(15, 15, 8)
(15, 16, 8)
(15, 17, 8)
(15, 18, 8)
(15, 19, 8)
(15, 20, 6)
(15, 21, 6)
(15, 22, 6)
(15, 23, 6)
(15, 24, 6)
(15, 25, 6)
(15, 26, 6)
(15, 27, 6)
(15, 28, 6)
(15, 29, 6)
(15, 30, 6)
(15, 31, 6)
(15, 32, 6)
(15, 33, 6)
(15, 34, 6)
(15, 35, 6)
(15, 36, 5)
(15, 37, 4)
(15, 38, 4)
(15, 39, 4)

(16, 0, 61)
(16, 1, 44)
(16, 2, 39)
(16, 3, 26)
(16, 4, 18)
(16, 5, 16)
(16, 6, 14)
(16, 7, 13)
(16, 8, 13)
(16, 9, 9)
(16, 10, 9)
(16, 11, 8)
(16, 12, 8)
(16, 13, 8)
(16, 14, 8)
(16, 15, 8)
(16, 16, 8)
(16, 17, 8)
(16, 18, 8)
(16, 19, 8)
(16, 20, 4)
(16, 21, 4)
(16, 22, 4)
(16, 23, 4)
(16, 24, 4)
(16, 25, 4)
(16, 26, 4)
(16, 27, 4)
(16, 28, 4)
(16, 29, 4)
(16, 30, 4)
(16, 31, 4)
(16, 32, 4)
(16, 33, 4)
(16, 34, 4)
(16, 35, 4)
(16, 36, 4)
(16, 37, 4)
(16, 38, 4)
(16, 39, 4)

(17, 0, 81)
(17, 1, 51)
(17, 2, 44)
(17, 3, 27)
(17, 4, 19)
(17, 5, 17)
(17, 6, 13)
(17, 7, 12)
(17, 8, 12)
(17, 9, 8)
(17, 10, 8)
(17, 11, 8)
(17, 12, 8)
(17, 13, 8)
(17, 14, 8)
(17, 15, 8)
(17, 16, 8)
(17, 17, 8)
(17, 18, 8)
(17, 19, 8)
(17, 20, 4)
(17, 21, 4)
(17, 22, 4)
(17, 23, 4)
(17, 24, 4)
(17, 25, 4)
(17, 26, 4)
(17, 27, 4)
(17, 28, 4)
(17, 29, 4)
(17, 30, 4)
(17, 31, 4)
(17, 32, 4)
(17, 33, 4)
(17, 34, 4)
(17, 35, 4)
(17, 36, 4)
(17, 37, 4)
(17, 38, 4)
(17, 39, 4)

(18, 0, 91)
(18, 1, 58)
(18, 2, 46)
(18, 3, 27)
(18, 4, 19)
(18, 5, 17)
(18, 6, 13)
(18, 7, 12)
(18, 8, 12)
(18, 9, 8)
(18, 10, 8)
(18, 11, 8)
(18, 12, 8)
(18, 13, 8)
(18, 14, 8)
(18, 15, 8)
(18, 16, 8)
(18, 17, 8)
(18, 18, 8)
(18, 19, 8)
(18, 20, 4)
(18, 21, 4)
(18, 22, 4)
(18, 23, 4)
(18, 24, 4)
(18, 25, 4)
(18, 26, 4)
(18, 27, 4)
(18, 28, 4)
(18, 29, 4)
(18, 30, 4)
(18, 31, 4)
(18, 32, 4)
(18, 33, 4)
(18, 34, 4)
(18, 35, 4)
(18, 36, 4)
(18, 37, 4)
(18, 38, 4)
(18, 39, 4)

(19, 0, 101)
(19, 1, 64)
(19, 2, 51)
(19, 3, 30)
(19, 4, 20)
(19, 5, 18)
(19, 6, 13)
(19, 7, 12)
(19, 8, 12)
(19, 9, 8)
(19, 10, 8)
(19, 11, 8)
(19, 12, 8)
(19, 13, 8)
(19, 14, 8)
(19, 15, 8)
(19, 16, 8)
(19, 17, 8)
(19, 18, 8)
(19, 19, 8)
(19, 20, 4)
(19, 21, 4)
(19, 22, 4)
(19, 23, 4)
(19, 24, 4)
(19, 25, 4)
(19, 26, 4)
(19, 27, 4)
(19, 28, 4)
(19, 29, 4)
(19, 30, 4)
(19, 31, 4)
(19, 32, 4)
(19, 33, 4)
(19, 34, 4)
(19, 35, 4)
(19, 36, 4)
(19, 37, 4)
(19, 38, 4)
(19, 39, 4)

(20, 0, 118)
(20, 1, 69)
(20, 2, 56)
(20, 3, 31)
(20, 4, 21)
(20, 5, 18)
(20, 6, 14)
(20, 7, 13)
(20, 8, 12)
(20, 9, 8)
(20, 10, 8)
(20, 11, 8)
(20, 12, 8)
(20, 13, 8)
(20, 14, 8)
(20, 15, 8)
(20, 16, 8)
(20, 17, 8)
(20, 18, 8)
(20, 19, 8)
(20, 20, 4)
(20, 21, 4)
(20, 22, 4)
(20, 23, 4)
(20, 24, 4)
(20, 25, 4)
(20, 26, 4)
(20, 27, 4)
(20, 28, 4)
(20, 29, 4)
(20, 30, 4)
(20, 31, 4)
(20, 32, 4)
(20, 33, 4)
(20, 34, 4)
(20, 35, 4)
(20, 36, 4)
(20, 37, 4)
(20, 38, 4)
(20, 39, 4)

(21, 0, 129)
(21, 1, 73)
(21, 2, 58)
(21, 3, 29)
(21, 4, 20)
(21, 5, 17)
(21, 6, 13)
(21, 7, 12)
(21, 8, 12)
(21, 9, 8)
(21, 10, 8)
(21, 11, 8)
(21, 12, 8)
(21, 13, 8)
(21, 14, 8)
(21, 15, 8)
(21, 16, 8)
(21, 17, 8)
(21, 18, 8)
(21, 19, 8)
(21, 20, 4)
(21, 21, 4)
(21, 22, 4)
(21, 23, 4)
(21, 24, 4)
(21, 25, 4)
(21, 26, 4)
(21, 27, 4)
(21, 28, 4)
(21, 29, 4)
(21, 30, 4)
(21, 31, 4)
(21, 32, 4)
(21, 33, 4)
(21, 34, 4)
(21, 35, 4)
(21, 36, 4)
(21, 37, 4)
(21, 38, 4)
(21, 39, 4)

(22, 0, 136)
(22, 1, 77)
(22, 2, 61)
(22, 3, 33)
(22, 4, 24)
(22, 5, 21)
(22, 6, 16)
(22, 7, 15)
(22, 8, 15)
(22, 9, 10)
(22, 10, 10)
(22, 11, 10)
(22, 12, 10)
(22, 13, 10)
(22, 14, 10)
(22, 15, 10)
(22, 16, 10)
(22, 17, 10)
(22, 18, 10)
(22, 19, 10)
(22, 20, 6)
(22, 21, 6)
(22, 22, 6)
(22, 23, 6)
(22, 24, 6)
(22, 25, 6)
(22, 26, 6)
(22, 27, 6)
(22, 28, 6)
(22, 29, 6)
(22, 30, 6)
(22, 31, 6)
(22, 32, 6)
(22, 33, 6)
(22, 34, 6)
(22, 35, 6)
(22, 36, 6)
(22, 37, 6)
(22, 38, 6)
(22, 39, 6)

(23, 0, 150)
(23, 1, 83)
(23, 2, 66)
(23, 3, 36)
(23, 4, 26)
(23, 5, 22)
(23, 6, 18)
(23, 7, 17)
(23, 8, 15)
(23, 9, 10)
(23, 10, 10)
(23, 11, 10)
(23, 12, 10)
(23, 13, 10)
(23, 14, 10)
(23, 15, 10)
(23, 16, 10)
(23, 17, 10)
(23, 18, 10)
(23, 19, 10)
(23, 20, 6)
(23, 21, 6)
(23, 22, 6)
(23, 23, 6)
(23, 24, 6)
(23, 25, 6)
(23, 26, 6)
(23, 27, 6)
(23, 28, 6)
(23, 29, 6)
(23, 30, 6)
(23, 31, 6)
(23, 32, 6)
(23, 33, 5)
(23, 34, 5)
(23, 35, 5)
(23, 36, 5)
(23, 37, 5)
(23, 38, 5)
(23, 39, 4)

(24, 0, 171)
(24, 1, 95)
(24, 2, 75)
(24, 3, 40)
(24, 4, 28)
(24, 5, 24)
(24, 6, 20)
(24, 7, 19)
(24, 8, 16)
(24, 9, 10)
(24, 10, 10)
(24, 11, 10)
(24, 12, 10)
(24, 13, 10)
(24, 14, 10)
(24, 15, 10)
(24, 16, 10)
(24, 17, 10)
(24, 18, 10)
(24, 19, 10)
(24, 20, 6)
(24, 21, 6)
(24, 22, 5)
(24, 23, 5)
(24, 24, 5)
(24, 25, 5)
(24, 26, 5)
(24, 27, 5)
(24, 28, 5)
(24, 29, 5)
(24, 30, 5)
(24, 31, 5)
(24, 32, 5)
(24, 33, 5)
(24, 34, 5)
(24, 35, 5)
(24, 36, 5)
(24, 37, 4)
(24, 38, 3)
(24, 39, 3)

(25, 0, 195)
(25, 1, 102)
(25, 2, 81)
(25, 3, 44)
(25, 4, 32)
(25, 5, 27)
(25, 6, 21)
(25, 7, 20)
(25, 8, 16)
(25, 9, 10)
(25, 10, 10)
(25, 11, 10)
(25, 12, 10)
(25, 13, 9)
(25, 14, 9)
(25, 15, 9)
(25, 16, 9)
(25, 17, 9)
(25, 18, 9)
(25, 19, 9)
(25, 20, 5)
(25, 21, 5)
(25, 22, 5)
(25, 23, 5)
(25, 24, 5)
(25, 25, 4)
(25, 26, 4)
(25, 27, 4)
(25, 28, 4)
(25, 29, 4)
(25, 30, 4)
(25, 31, 4)
(25, 32, 4)
(25, 33, 4)
(25, 34, 4)
(25, 35, 4)
(25, 36, 4)
(25, 37, 4)
(25, 38, 3)
(25, 39, 3)

(26, 0, 213)
(26, 1, 112)
(26, 2, 90)
(26, 3, 49)
(26, 4, 36)
(26, 5, 29)
(26, 6, 24)
(26, 7, 23)
(26, 8, 18)
(26, 9, 9)
(26, 10, 9)
(26, 11, 9)
(26, 12, 9)
(26, 13, 9)
(26, 14, 9)
(26, 15, 9)
(26, 16, 9)
(26, 17, 9)
(26, 18, 8)
(26, 19, 8)
(26, 20, 4)
(26, 21, 4)
(26, 22, 4)
(26, 23, 4)
(26, 24, 4)
(26, 25, 3)
(26, 26, 3)
(26, 27, 3)
(26, 28, 3)
(26, 29, 3)
(26, 30, 3)
(26, 31, 3)
(26, 32, 3)
(26, 33, 3)
(26, 34, 3)
(26, 35, 3)
(26, 36, 3)
(26, 37, 3)
(26, 38, 2)
(26, 39, 1)

(27, 0, 227)
(27, 1, 121)
(27, 2, 99)
(27, 3, 51)
(27, 4, 37)
(27, 5, 29)
(27, 6, 25)
(27, 7, 24)
(27, 8, 18)
(27, 9, 8)
(27, 10, 8)
(27, 11, 8)
(27, 12, 8)
(27, 13, 8)
(27, 14, 8)
(27, 15, 8)
(27, 16, 8)
(27, 17, 8)
(27, 18, 8)
(27, 19, 8)
(27, 20, 4)
(27, 21, 4)
(27, 22, 4)
(27, 23, 4)
(27, 24, 4)
(27, 25, 3)
(27, 26, 3)
(27, 27, 3)
(27, 28, 3)
(27, 29, 3)
(27, 30, 3)
(27, 31, 3)
(27, 32, 3)
(27, 33, 3)
(27, 34, 3)
(27, 35, 3)
(27, 36, 3)
(27, 37, 3)
(27, 38, 2)
(27, 39, 1)

(28, 0, 236)
(28, 1, 126)
(28, 2, 102)
(28, 3, 52)
(28, 4, 38)
(28, 5, 30)
(28, 6, 26)
(28, 7, 25)
(28, 8, 18)
(28, 9, 8)
(28, 10, 8)
(28, 11, 8)
(28, 12, 8)
(28, 13, 8)
(28, 14, 8)
(28, 15, 8)
(28, 16, 8)
(28, 17, 8)
(28, 18, 8)
(28, 19, 8)
(28, 20, 4)
(28, 21, 4)
(28, 22, 4)
(28, 23, 4)
(28, 24, 4)
(28, 25, 3)
(28, 26, 3)
(28, 27, 3)
(28, 28, 3)
(28, 29, 3)
(28, 30, 3)
(28, 31, 3)
(28, 32, 3)
(28, 33, 3)
(28, 34, 3)
(28, 35, 3)
(28, 36, 3)
(28, 37, 3)
(28, 38, 1)
(28, 39, 1)

(29, 0, 246)
(29, 1, 132)
(29, 2, 107)
(29, 3, 53)
(29, 4, 39)
(29, 5, 31)
(29, 6, 27)
(29, 7, 25)
(29, 8, 19)
(29, 9, 8)
(29, 10, 8)
(29, 11, 8)
(29, 12, 8)
(29, 13, 8)
(29, 14, 8)
(29, 15, 8)
(29, 16, 8)
(29, 17, 8)
(29, 18, 8)
(29, 19, 8)
(29, 20, 4)
(29, 21, 4)
(29, 22, 4)
(29, 23, 4)
(29, 24, 4)
(29, 25, 3)
(29, 26, 3)
(29, 27, 3)
(29, 28, 3)
(29, 29, 3)
(29, 30, 3)
(29, 31, 3)
(29, 32, 3)
(29, 33, 3)
(29, 34, 3)
(29, 35, 3)
(29, 36, 3)
(29, 37, 3)
(29, 38, 1)
(29, 39, 1)

(30, 0, 279)
(30, 1, 145)
(30, 2, 113)
(30, 3, 54)
(30, 4, 40)
(30, 5, 32)
(30, 6, 27)
(30, 7, 25)
(30, 8, 18)
(30, 9, 8)
(30, 10, 8)
(30, 11, 8)
(30, 12, 8)
(30, 13, 8)
(30, 14, 8)
(30, 15, 8)
(30, 16, 8)
(30, 17, 8)
(30, 18, 8)
(30, 19, 8)
(30, 20, 4)
(30, 21, 4)
(30, 22, 4)
(30, 23, 4)
(30, 24, 4)
(30, 25, 3)
(30, 26, 3)
(30, 27, 3)
(30, 28, 3)
(30, 29, 3)
(30, 30, 3)
(30, 31, 3)
(30, 32, 3)
(30, 33, 3)
(30, 34, 3)
(30, 35, 3)
(30, 36, 3)
(30, 37, 3)
(30, 38, 1)
(30, 39, 1)

(31, 0, 309)
(31, 1, 161)
(31, 2, 123)
(31, 3, 60)
(31, 4, 43)
(31, 5, 35)
(31, 6, 30)
(31, 7, 28)
(31, 8, 18)
(31, 9, 8)
(31, 10, 8)
(31, 11, 8)
(31, 12, 8)
(31, 13, 8)
(31, 14, 8)
(31, 15, 8)
(31, 16, 8)
(31, 17, 8)
(31, 18, 8)
(31, 19, 8)
(31, 20, 4)
(31, 21, 4)
(31, 22, 4)
(31, 23, 4)
(31, 24, 4)
(31, 25, 3)
(31, 26, 3)
(31, 27, 3)
(31, 28, 3)
(31, 29, 3)
(31, 30, 3)
(31, 31, 3)
(31, 32, 3)
(31, 33, 3)
(31, 34, 3)
(31, 35, 3)
(31, 36, 3)
(31, 37, 3)
(31, 38, 1)
(31, 39, 1)

(32, 0, 337)
(32, 1, 171)
(32, 2, 130)
(32, 3, 63)
(32, 4, 43)
(32, 5, 35)
(32, 6, 31)
(32, 7, 29)
(32, 8, 16)
(32, 9, 8)
(32, 10, 8)
(32, 11, 8)
(32, 12, 8)
(32, 13, 8)
(32, 14, 8)
(32, 15, 8)
(32, 16, 8)
(32, 17, 8)
(32, 18, 8)
(32, 19, 8)
(32, 20, 4)
(32, 21, 4)
(32, 22, 4)
(32, 23, 4)
(32, 24, 4)
(32, 25, 3)
(32, 26, 3)
(32, 27, 3)
(32, 28, 3)
(32, 29, 3)
(32, 30, 3)
(32, 31, 3)
(32, 32, 3)
(32, 33, 3)
(32, 34, 3)
(32, 35, 3)
(32, 36, 3)
(32, 37, 3)
(32, 38, 1)
(32, 39, 1)

(33, 0, 345)
(33, 1, 176)
(33, 2, 129)
(33, 3, 62)
(33, 4, 43)
(33, 5, 35)
(33, 6, 31)
(33, 7, 28)
(33, 8, 16)
(33, 9, 8)
(33, 10, 8)
(33, 11, 8)
(33, 12, 8)
(33, 13, 8)
(33, 14, 8)
(33, 15, 8)
(33, 16, 8)
(33, 17, 8)
(33, 18, 8)
(33, 19, 8)
(33, 20, 4)
(33, 21, 4)
(33, 22, 4)
(33, 23, 4)
(33, 24, 4)
(33, 25, 3)
(33, 26, 3)
(33, 27, 3)
(33, 28, 3)
(33, 29, 3)
(33, 30, 3)
(33, 31, 3)
(33, 32, 3)
(33, 33, 3)
(33, 34, 3)
(33, 35, 3)
(33, 36, 3)
(33, 37, 3)
(33, 38, 1)
(33, 39, 1)

(34, 0, 348)
(34, 1, 177)
(34, 2, 130)
(34, 3, 63)
(34, 4, 44)
(34, 5, 36)
(34, 6, 32)
(34, 7, 28)
(34, 8, 16)
(34, 9, 8)
(34, 10, 8)
(34, 11, 8)
(34, 12, 8)
(34, 13, 8)
(34, 14, 8)
(34, 15, 8)
(34, 16, 8)
(34, 17, 8)
(34, 18, 8)
(34, 19, 8)
(34, 20, 4)
(34, 21, 4)
(34, 22, 4)
(34, 23, 4)
(34, 24, 4)
(34, 25, 3)
(34, 26, 3)
(34, 27, 3)
(34, 28, 3)
(34, 29, 3)
(34, 30, 3)
(34, 31, 3)
(34, 32, 3)
(34, 33, 3)
(34, 34, 3)
(34, 35, 3)
(34, 36, 3)
(34, 37, 3)
(34, 38, 1)
(34, 39, 1)

(35, 0, 351)
(35, 1, 180)
(35, 2, 133)
(35, 3, 64)
(35, 4, 45)
(35, 5, 37)
(35, 6, 33)
(35, 7, 29)
(35, 8, 17)
(35, 9, 9)
(35, 10, 9)
(35, 11, 8)
(35, 12, 8)
(35, 13, 8)
(35, 14, 8)
(35, 15, 8)
(35, 16, 8)
(35, 17, 8)
(35, 18, 8)
(35, 19, 8)
(35, 20, 4)
(35, 21, 4)
(35, 22, 4)
(35, 23, 4)
(35, 24, 4)
(35, 25, 3)
(35, 26, 3)
(35, 27, 3)
(35, 28, 3)
(35, 29, 3)
(35, 30, 3)
(35, 31, 3)
(35, 32, 3)
(35, 33, 3)
(35, 34, 3)
(35, 35, 3)
(35, 36, 3)
(35, 37, 3)
(35, 38, 1)
(35, 39, 1)

(36, 0, 359)
(36, 1, 184)
(36, 2, 136)
(36, 3, 64)
(36, 4, 45)
(36, 5, 37)
(36, 6, 33)
(36, 7, 29)
(36, 8, 17)
(36, 9, 8)
(36, 10, 8)
(36, 11, 8)
(36, 12, 8)
(36, 13, 8)
(36, 14, 8)
(36, 15, 8)
(36, 16, 8)
(36, 17, 8)
(36, 18, 8)
(36, 19, 8)
(36, 20, 4)
(36, 21, 4)
(36, 22, 3)
(36, 23, 3)
(36, 24, 3)
(36, 25, 3)
(36, 26, 3)
(36, 27, 3)
(36, 28, 3)
(36, 29, 3)
(36, 30, 3)
(36, 31, 3)
(36, 32, 3)
(36, 33, 3)
(36, 34, 3)
(36, 35, 3)
(36, 36, 3)
(36, 37, 3)
(36, 38, 1)
(36, 39, 1)

(37, 0, 382)
(37, 1, 193)
(37, 2, 138)
(37, 3, 66)
(37, 4, 46)
(37, 5, 38)
(37, 6, 34)
(37, 7, 30)
(37, 8, 17)
(37, 9, 7)
(37, 10, 7)
(37, 11, 7)
(37, 12, 7)
(37, 13, 7)
(37, 14, 7)
(37, 15, 7)
(37, 16, 7)
(37, 17, 7)
(37, 18, 7)
(37, 19, 7)
(37, 20, 3)
(37, 21, 3)
(37, 22, 3)
(37, 23, 3)
(37, 24, 3)
(37, 25, 3)
(37, 26, 3)
(37, 27, 3)
(37, 28, 3)
(37, 29, 3)
(37, 30, 3)
(37, 31, 3)
(37, 32, 3)
(37, 33, 3)
(37, 34, 3)
(37, 35, 3)
(37, 36, 3)
(37, 37, 3)
(37, 38, 1)
(37, 39, 1)

(38, 0, 396)
(38, 1, 194)
(38, 2, 137)
(38, 3, 65)
(38, 4, 46)
(38, 5, 38)
(38, 6, 34)
(38, 7, 30)
(38, 8, 17)
(38, 9, 7)
(38, 10, 7)
(38, 11, 7)
(38, 12, 7)
(38, 13, 7)
(38, 14, 7)
(38, 15, 7)
(38, 16, 7)
(38, 17, 7)
(38, 18, 7)
(38, 19, 7)
(38, 20, 3)
(38, 21, 3)
(38, 22, 3)
(38, 23, 3)
(38, 24, 3)
(38, 25, 3)
(38, 26, 3)
(38, 27, 3)
(38, 28, 3)
(38, 29, 3)
(38, 30, 3)
(38, 31, 3)
(38, 32, 3)
(38, 33, 3)
(38, 34, 3)
(38, 35, 3)
(38, 36, 3)
(38, 37, 3)
(38, 38, 1)
(38, 39, 1)

(39, 0, 405)
(39, 1, 195)
(39, 2, 136)
(39, 3, 65)
(39, 4, 46)
(39, 5, 38)
(39, 6, 34)
(39, 7, 30)
(39, 8, 17)
(39, 9, 7)
(39, 10, 7)
(39, 11, 7)
(39, 12, 7)
(39, 13, 7)
(39, 14, 7)
(39, 15, 7)
(39, 16, 7)
(39, 17, 7)
(39, 18, 7)
(39, 19, 7)
(39, 20, 3)
(39, 21, 3)
(39, 22, 3)
(39, 23, 3)
(39, 24, 3)
(39, 25, 3)
(39, 26, 3)
(39, 27, 3)
(39, 28, 3)
(39, 29, 3)
(39, 30, 3)
(39, 31, 3)
(39, 32, 3)
(39, 33, 3)
(39, 34, 3)
(39, 35, 3)
(39, 36, 3)
(39, 37, 3)
(39, 38, 1)
(39, 39, 1)


Betti numbers:
xi_0:
(0, 0, 3)
(1, 0, 2)
(2, 0, 2)
(5, 0, 1)
(6, 0, 4)
(10, 0, 1)
(11, 0, 3)
(12, 0, 4)
(13, 0, 3)
(14, 0, 8)
(15, 0, 9)
(16, 0, 21)
(17, 0, 20)
(18, 0, 10)
(19, 0, 10)
(20, 0, 17)
(21, 0, 11)
(22, 0, 7)
(23, 0, 14)
(24, 0, 21)
(25, 0, 24)
(26, 0, 18)
(27, 0, 14)
(28, 0, 9)
(29, 0, 10)
(30, 0, 33)
(31, 0, 30)
(32, 0, 28)
(33, 0, 8)
(34, 0, 3)
(35, 0, 3)
(36, 0, 8)
(37, 0, 23)
(38, 0, 15)
(39, 0, 9)
xi_1:
(0, 4, 1)
(1, 4, 2)
(2, 4, 2)
(6, 4, 3)
(10, 20, 1)
(11, 1, 1)
(11, 3, 1)
(11, 20, 1)
(12, 3, 2)
(12, 9, 1)
(12, 38, 1)
(13, 3, 2)
(13, 10, 1)
(13, 38, 1)
(14, 1, 3)
(14, 2, 3)
(14, 3, 1)
(14, 5, 1)
(14, 9, 1)
(14, 36, 1)
(15, 1, 5)
(15, 2, 2)
(15, 3, 1)
(15, 6, 1)
(15, 37, 1)
(16, 1, 8)
(16, 2, 2)
(16, 3, 6)
(16, 5, 1)
(16, 6, 2)
(16, 7, 1)
(16, 9, 2)
(16, 11, 1)
(16, 20, 2)
(17, 1, 13)
(17, 2, 2)
(17, 3, 4)
(17, 6, 2)
(18, 1, 3)
(18, 2, 5)
(18, 3, 2)
(19, 1, 4)
(19, 2, 1)
(19, 3, 2)
(19, 4, 2)
(19, 6, 1)
(20, 1, 12)
(20, 3, 4)
(20, 4, 1)
(20, 5, 1)
(20, 8, 1)
(21, 1, 7)
(21, 2, 2)
(21, 3, 4)
(22, 1, 3)
(22, 2, 1)
(22, 6, 1)
(22, 9, 1)
(23, 1, 8)
(23, 2, 1)
(23, 3, 2)
(23, 4, 1)
(23, 5, 1)
(23, 8, 2)
(23, 33, 1)
(23, 39, 1)
(24, 1, 9)
(24, 2, 3)
(24, 3, 5)
(24, 4, 2)
(24, 5, 1)
(24, 8, 1)
(24, 9, 1)
(24, 22, 1)
(24, 37, 1)
(24, 38, 1)
(25, 1, 17)
(25, 2, 2)
(25, 3, 2)
(25, 4, 1)
(25, 5, 1)
(25, 6, 2)
(25, 8, 1)
(25, 9, 1)
(25, 13, 1)
(25, 25, 1)
(26, 1, 8)
(26, 2, 1)
(26, 3, 4)
(26, 4, 1)
(26, 5, 2)
(26, 8, 1)
(26, 9, 3)
(26, 18, 1)
(26, 39, 1)
(27, 1, 5)
(27, 3, 7)
(27, 4, 1)
(27, 5, 2)
(27, 8, 1)
(27, 9, 2)
(28, 1, 4)
(28, 2, 2)
(28, 3, 2)
(28, 8, 1)
(28, 38, 1)
(29, 1, 4)
(29, 2, 1)
(29, 3, 4)
(29, 7, 1)
(29, 9, 1)
(30, 1, 20)
(30, 2, 7)
(30, 3, 5)
(30, 4, 1)
(30, 6, 1)
(30, 8, 1)
(31, 1, 14)
(31, 2, 7)
(31, 3, 4)
(31, 4, 3)
(31, 6, 1)
(31, 8, 3)
(32, 1, 18)
(32, 2, 3)
(32, 3, 5)
(32, 4, 3)
(32, 8, 3)
(33, 1, 3)
(33, 2, 6)
(33, 3, 2)
(33, 7, 1)
(34, 1, 2)
(34, 7, 1)
(35, 3, 2)
(35, 11, 1)
(36, 1, 4)
(36, 2, 1)
(36, 3, 3)
(36, 9, 1)
(36, 22, 1)
(37, 1, 14)
(37, 2, 7)
(37, 3, 2)
(37, 4, 1)
(37, 8, 1)
(37, 9, 1)
(38, 0, 1)
(38, 1, 14)
(38, 2, 4)
(38, 3, 1)
(39, 1, 8)
(39, 2, 2)
xi_2:
(14, 10, 1)
(14, 38, 1)
(15, 2, 1)
(15, 38, 1)
(16, 2, 1)
(16, 6, 1)
(16, 36, 1)
(16, 37, 1)
(17, 11, 1)
(20, 4, 1)
(20, 6, 1)
(21, 4, 1)
(21, 8, 1)
(22, 3, 1)
(23, 6, 1)
(24, 5, 1)
(24, 33, 1)
(24, 39, 1)
(25, 2, 1)
(25, 4, 1)
(25, 9, 1)
(25, 22, 1)
(25, 37, 1)
(26, 6, 1)
(26, 13, 1)
(27, 5, 1)
(27, 6, 1)
(27, 9, 1)
(27, 18, 1)
(28, 39, 1)
(29, 8, 1)
(30, 4, 1)
(30, 9, 1)
(31, 2, 1)
(31, 6, 1)
(32, 3, 1)
(32, 6, 1)
(32, 9, 2)
(33, 3, 2)
(33, 4, 1)
(33, 8, 1)
(36, 11, 1)
(36, 25, 1)
(37, 3, 2)
(37, 22, 1)
(38, 1, 1)
(38, 2, 2)
(38, 3, 1)
(38, 4, 1)
(39, 3, 1)
