x-grades
-8798162725578102263/4000000000000000000
-4302176101337167463/2000000000000000000
-8410541679770567589/4000000000000000000
-2054182789216700063/1000000000000000000
-1604584126792606583/800000000000000000
-3914555055529632789/2000000000000000000
-7635299588155498241/4000000000000000000
-930186133156466363/500000000000000000
-7247678542347963567/4000000000000000000
-705386801944419623/400000000000000000
-6860057496540428893/4000000000000000000
-1666561743409165389/1000000000000000000
-6472436450732894219/4000000000000000000
-3139312963914563441/2000000000000000000
-1216963080985071909/800000000000000000
-368187805126349513/250000000000000000
-5697194359117824871/4000000000000000000
-2751691918107028767/2000000000000000000
-5309573313310290197/4000000000000000000
-255788139520326143/200000000000000000
-4921952267502755523/4000000000000000000
-2364070872299494093/2000000000000000000
-4534331221695220849/4000000000000000000
-542565087348931689/500000000000000000
-165868407035507447/160000000000000000
-1976449826491959419/2000000000000000000
-3759089130080151501/4000000000000000000
-891319651794096041/1000000000000000000
-3371468084272616827/4000000000000000000
-317765756136884949/400000000000000000
-2983847038465082153/4000000000000000000
-5449290069455693/7812500000000000
-2596225992657547479/4000000000000000000
-1201207734876890071/2000000000000000000
-441720989370002561/800000000000000000
-503698605986561367/1000000000000000000
-1820983901042478131/4000000000000000000
-813586689069355397/2000000000000000000
-1433362855234943457/4000000000000000000
-30988808308279403/100000000000000000

y-grades
999569/4000000
999569/2000000
2998707/4000000
999569/1000000
999569/800000
2998707/2000000
6996983/4000000
999569/500000
8996121/4000000
999569/400000
10995259/4000000
2998707/1000000
12994397/4000000
6996983/2000000
2998707/800000
999569/250000
16992673/4000000
8996121/2000000
18991811/4000000
999569/200000
20990949/4000000
10995259/2000000
22990087/4000000
2998707/500000
999569/160000
12994397/2000000
26988363/4000000
6996983/1000000
28987501/4000000
2998707/400000
30986639/4000000
999569/125000
32985777/4000000
16992673/2000000
6996983/800000
8996121/1000000
36984053/4000000
18991811/2000000
38983191/4000000
999569/100000

Dimensions > 0:
(0, 0, 6)
(0, 1, 6)
(0, 2, 6)
(0, 3, 3)
(0, 4, 3)
(0, 5, 3)
(0, 6, 1)
(0, 7, 1)
(0, 8, 1)
(0, 9, 1)
(0, 10, 1)
(0, 11, 1)
(0, 12, 1)
(0, 13, 1)
(0, 14, 1)
(0, 15, 1)
(0, 16, 1)
(0, 17, 1)
(0, 18, 1)
(0, 19, 1)
(0, 20, 1)
(0, 21, 1)
(0, 22, 1)
(0, 23, 1)
(0, 24, 1)
(0, 25, 1)
(0, 26, 1)
(0, 27, 1)
(0, 28, 1)
(0, 29, 1)
(0, 30, 1)
(0, 31, 1)
(0, 32, 1)
(0, 33, 1)
(0, 34, 1)
(0, 35, 1)
(0, 36, 1)
(0, 37, 1)
(0, 38, 1)
(0, 39, 1)

(1, 0, 14)
(1, 1, 14)
(1, 2, 14)
(1, 3, 8)
(1, 4, 8)
(1, 5, 7)
(1, 6, 3)
(1, 7, 3)
(1, 8, 3)
(1, 9, 3)
(1, 10, 3)
(1, 11, 3)
(1, 12, 3)
(1, 13, 3)
(1, 14, 3)
(1, 15, 3)
(1, 16, 3)
(1, 17, 3)
(1, 18, 3)
(1, 19, 3)
(1, 20, 2)
(1, 21, 2)
(1, 22, 2)
(1, 23, 2)
(1, 24, 2)
(1, 25, 2)
(1, 26, 2)
(1, 27, 2)
(1, 28, 2)
(1, 29, 2)
(1, 30, 2)
(1, 31, 2)
(1, 32, 2)
(1, 33, 2)
(1, 34, 2)
(1, 35, 2)
(1, 36, 2)
(1, 37, 2)
(1, 38, 2)
(1, 39, 2)

(2, 0, 21)
(2, 1, 20)
(2, 2, 20)
(2, 3, 14)
(2, 4, 14)
(2, 5, 11)
(2, 6, 4)
(2, 7, 4)
(2, 8, 4)
(2, 9, 4)
(2, 10, 4)
(2, 11, 4)
(2, 12, 4)
(2, 13, 4)
(2, 14, 4)
(2, 15, 4)
(2, 16, 4)
(2, 17, 4)
(2, 18, 4)
(2, 19, 4)
(2, 20, 3)
(2, 21, 3)
(2, 22, 3)
(2, 23, 3)
(2, 24, 3)
(2, 25, 3)
(2, 26, 3)
(2, 27, 3)
(2, 28, 3)
(2, 29, 3)
(2, 30, 3)
(2, 31, 3)
(2, 32, 3)
(2, 33, 3)
(2, 34, 3)
(2, 35, 3)
(2, 36, 3)
(2, 37, 3)
(2, 38, 3)
(2, 39, 3)

(3, 0, 27)
(3, 1, 25)
(3, 2, 24)
(3, 3, 15)
(3, 4, 15)
(3, 5, 12)
(3, 6, 5)
(3, 7, 5)
(3, 8, 5)
(3, 9, 5)
(3, 10, 5)
(3, 11, 5)
(3, 12, 5)
(3, 13, 5)
(3, 14, 5)
(3, 15, 5)
(3, 16, 5)
(3, 17, 5)
(3, 18, 5)
(3, 19, 5)
(3, 20, 4)
(3, 21, 4)
(3, 22, 4)
(3, 23, 4)
(3, 24, 4)
(3, 25, 4)
(3, 26, 4)
(3, 27, 4)
(3, 28, 4)
(3, 29, 4)
(3, 30, 4)
(3, 31, 3)
(3, 32, 3)
(3, 33, 3)
(3, 34, 3)
(3, 35, 3)
(3, 36, 3)
(3, 37, 3)
(3, 38, 3)
(3, 39, 3)

(4, 0, 45)
(4, 1, 37)
(4, 2, 34)
(4, 3, 22)
(4, 4, 21)
(4, 5, 16)
(4, 6, 7)
(4, 7, 7)
(4, 8, 7)
(4, 9, 7)
(4, 10, 7)
(4, 11, 7)
(4, 12, 7)
(4, 13, 7)
(4, 14, 7)
(4, 15, 7)
(4, 16, 7)
(4, 17, 7)
(4, 18, 7)
(4, 19, 7)
(4, 20, 5)
(4, 21, 5)
(4, 22, 5)
(4, 23, 5)
(4, 24, 5)
(4, 25, 5)
(4, 26, 5)
(4, 27, 5)
(4, 28, 5)
(4, 29, 5)
(4, 30, 5)
(4, 31, 4)
(4, 32, 4)
(4, 33, 4)
(4, 34, 4)
(4, 35, 4)
(4, 36, 4)
(4, 37, 4)
(4, 38, 4)
(4, 39, 4)

(5, 0, 51)
(5, 1, 43)
(5, 2, 40)
(5, 3, 26)
(5, 4, 25)
(5, 5, 18)
(5, 6, 7)
(5, 7, 7)
(5, 8, 7)
(5, 9, 7)
(5, 10, 7)
(5, 11, 7)
(5, 12, 7)
(5, 13, 7)
(5, 14, 7)
(5, 15, 7)
(5, 16, 7)
(5, 17, 7)
(5, 18, 7)
(5, 19, 7)
(5, 20, 5)
(5, 21, 5)
(5, 22, 5)
(5, 23, 5)
(5, 24, 5)
(5, 25, 5)
(5, 26, 5)
(5, 27, 5)
(5, 28, 5)
(5, 29, 5)
(5, 30, 5)
(5, 31, 4)
(5, 32, 4)
(5, 33, 4)
(5, 34, 4)
(5, 35, 4)
(5, 36, 4)
(5, 37, 4)
(5, 38, 4)
(5, 39, 4)

(6, 0, 51)
(6, 1, 43)
(6, 2, 40)
(6, 3, 26)
(6, 4, 25)
(6, 5, 18)
(6, 6, 7)
(6, 7, 7)
(6, 8, 7)
(6, 9, 7)
(6, 10, 7)
(6, 11, 7)
(6, 12, 7)
(6, 13, 7)
(6, 14, 7)
(6, 15, 7)
(6, 16, 7)
(6, 17, 7)
(6, 18, 7)
(6, 19, 7)
(6, 20, 5)
(6, 21, 5)
(6, 22, 5)
(6, 23, 5)
(6, 24, 5)
(6, 25, 5)
(6, 26, 5)
(6, 27, 5)
(6, 28, 5)
(6, 29, 5)
(6, 30, 5)
(6, 31, 4)
(6, 32, 4)
(6, 33, 4)
(6, 34, 4)
(6, 35, 4)
(6, 36, 4)
(6, 37, 4)
(6, 38, 4)
(6, 39, 4)

(7, 0, 51)
(7, 1, 43)
(7, 2, 40)
(7, 3, 26)
(7, 4, 25)
(7, 5, 18)
(7, 6, 7)
(7, 7, 7)
(7, 8, 7)
(7, 9, 7)
(7, 10, 7)
(7, 11, 7)
(7, 12, 7)
(7, 13, 7)
(7, 14, 7)
(7, 15, 7)
(7, 16, 7)
(7, 17, 7)
(7, 18, 7)
(7, 19, 7)
(7, 20, 5)
(7, 21, 5)
(7, 22, 5)
(7, 23, 5)
(7, 24, 5)
(7, 25, 5)
(7, 26, 5)
(7, 27, 5)
(7, 28, 5)
(7, 29, 5)
(7, 30, 5)
(7, 31, 4)
(7, 32, 4)
(7, 33, 4)
(7, 34, 4)
(7, 35, 4)
(7, 36, 4)
(7, 37, 4)
(7, 38, 4)
(7, 39, 4)

(8, 0, 51)
(8, 1, 43)
(8, 2, 40)
(8, 3, 26)
(8, 4, 25)
(8, 5, 18)
(8, 6, 7)
(8, 7, 7)
(8, 8, 7)
(8, 9, 7)
(8, 10, 7)
(8, 11, 7)
(8, 12, 7)
(8, 13, 7)
(8, 14, 7)
(8, 15, 7)
(8, 16, 7)
(8, 17, 7)
(8, 18, 7)
(8, 19, 7)
(8, 20, 5)
(8, 21, 5)
(8, 22, 5)
(8, 23, 5)
(8, 24, 5)
(8, 25, 5)
(8, 26, 5)
(8, 27, 5)
(8, 28, 5)
(8, 29, 5)
(8, 30, 5)
(8, 31, 4)
(8, 32, 4)
(8, 33, 4)
(8, 34, 4)
(8, 35, 4)
(8, 36, 4)
(8, 37, 4)
(8, 38, 4)
(8, 39, 4)

(9, 0, 51)
(9, 1, 43)
(9, 2, 40)
(9, 3, 26)
(9, 4, 25)
(9, 5, 18)
(9, 6, 7)
(9, 7, 7)
(9, 8, 7)
(9, 9, 7)
(9, 10, 7)
(9, 11, 7)
(9, 12, 7)
(9, 13, 7)
(9, 14, 7)
(9, 15, 7)
(9, 16, 7)
(9, 17, 7)
(9, 18, 7)
(9, 19, 7)
(9, 20, 5)
(9, 21, 5)
(9, 22, 5)
(9, 23, 5)
(9, 24, 5)
(9, 25, 5)
(9, 26, 5)
(9, 27, 5)
(9, 28, 5)
(9, 29, 5)
(9, 30, 5)
(9, 31, 4)
(9, 32, 4)
(9, 33, 4)
(9, 34, 4)
(9, 35, 4)
(9, 36, 4)
(9, 37, 4)
(9, 38, 4)
(9, 39, 4)

(10, 0, 51)
(10, 1, 43)
(10, 2, 40)
(10, 3, 26)
(10, 4, 25)
(10, 5, 18)
(10, 6, 7)
(10, 7, 7)
(10, 8, 7)
(10, 9, 7)
(10, 10, 7)
(10, 11, 7)
(10, 12, 7)
(10, 13, 7)
(10, 14, 7)
(10, 15, 7)
(10, 16, 7)
(10, 17, 7)
(10, 18, 7)
(10, 19, 7)
(10, 20, 5)
(10, 21, 5)
(10, 22, 5)
(10, 23, 5)
(10, 24, 5)
(10, 25, 5)
(10, 26, 5)
(10, 27, 5)
(10, 28, 5)
(10, 29, 5)
(10, 30, 5)
(10, 31, 4)
(10, 32, 4)
(10, 33, 4)
(10, 34, 4)
(10, 35, 4)
(10, 36, 4)
(10, 37, 4)
(10, 38, 4)
(10, 39, 4)

(11, 0, 51)
(11, 1, 43)
(11, 2, 40)
(11, 3, 26)
(11, 4, 25)
(11, 5, 18)
(11, 6, 7)
(11, 7, 7)
(11, 8, 7)
(11, 9, 7)
(11, 10, 7)
(11, 11, 7)
(11, 12, 7)
(11, 13, 7)
(11, 14, 7)
(11, 15, 7)
(11, 16, 7)
(11, 17, 7)
(11, 18, 7)
(11, 19, 7)
(11, 20, 5)
(11, 21, 5)
(11, 22, 5)
(11, 23, 5)
(11, 24, 5)
(11, 25, 5)
(11, 26, 5)
(11, 27, 5)
(11, 28, 5)
(11, 29, 5)
(11, 30, 5)
(11, 31, 4)
(11, 32, 4)
(11, 33, 4)
(11, 34, 4)
(11, 35, 4)
(11, 36, 4)
(11, 37, 4)
(11, 38, 4)
(11, 39, 4)

(12, 0, 51)
(12, 1, 43)
(12, 2, 40)
(12, 3, 26)
(12, 4, 25)
(12, 5, 18)
(12, 6, 7)
(12, 7, 7)
(12, 8, 7)
(12, 9, 7)
(12, 10, 7)
(12, 11, 7)
(12, 12, 7)
(12, 13, 7)
(12, 14, 7)
(12, 15, 7)
(12, 16, 7)
(12, 17, 7)
(12, 18, 7)
(12, 19, 7)
(12, 20, 5)
(12, 21, 5)
(12, 22, 5)
(12, 23, 5)
(12, 24, 5)
(12, 25, 5)
(12, 26, 5)
(12, 27, 5)
(12, 28, 5)
(12, 29, 5)
(12, 30, 5)
(12, 31, 4)
(12, 32, 4)
(12, 33, 4)
(12, 34, 4)
(12, 35, 4)
(12, 36, 4)
(12, 37, 4)
(12, 38, 4)
(12, 39, 4)

(13, 0, 51)
(13, 1, 43)
(13, 2, 40)
(13, 3, 26)
(13, 4, 25)
(13, 5, 18)
(13, 6, 7)
(13, 7, 7)
(13, 8, 7)
(13, 9, 7)
(13, 10, 7)
(13, 11, 7)
(13, 12, 7)
(13, 13, 7)
(13, 14, 7)
(13, 15, 7)
(13, 16, 7)
(13, 17, 7)
(13, 18, 7)
(13, 19, 7)
(13, 20, 5)
(13, 21, 5)
(13, 22, 5)
(13, 23, 5)
(13, 24, 5)
(13, 25, 5)
(13, 26, 5)
(13, 27, 5)
(13, 28, 5)
(13, 29, 5)
(13, 30, 5)
(13, 31, 4)
(13, 32, 4)
(13, 33, 4)
(13, 34, 4)
(13, 35, 4)
(13, 36, 4)
(13, 37, 4)
(13, 38, 4)
(13, 39, 4)

(14, 0, 51)
(14, 1, 43)
(14, 2, 40)
(14, 3, 26)
(14, 4, 25)
(14, 5, 18)
(14, 6, 7)
(14, 7, 7)
(14, 8, 7)
(14, 9, 7)
(14, 10, 7)
(14, 11, 7)
(14, 12, 7)
(14, 13, 7)
(14, 14, 7)
(14, 15, 7)
(14, 16, 7)
(14, 17, 7)
(14, 18, 7)
(14, 19, 7)
(14, 20, 5)
(14, 21, 5)
(14, 22, 5)
(14, 23, 5)
(14, 24, 5)
(14, 25, 5)
(14, 26, 5)
(14, 27, 5)
(14, 28, 5)
(14, 29, 5)
(14, 30, 5)
(14, 31, 4)
(14, 32, 4)
(14, 33, 4)
(14, 34, 4)
(14, 35, 4)
(14, 36, 4)
(14, 37, 4)
(14, 38, 4)
(14, 39, 4)

(15, 0, 51)
(15, 1, 43)
(15, 2, 40)
(15, 3, 26)
(15, 4, 25)
(15, 5, 18)
(15, 6, 7)
(15, 7, 7)
(15, 8, 7)
(15, 9, 7)
(15, 10, 7)
(15, 11, 7)
(15, 12, 7)
(15, 13, 7)
(15, 14, 7)
(15, 15, 7)
(15, 16, 7)
(15, 17, 7)
(15, 18, 7)
(15, 19, 7)
(15, 20, 5)
(15, 21, 5)
(15, 22, 5)
(15, 23, 5)
(15, 24, 5)
(15, 25, 5)
(15, 26, 5)
(15, 27, 5)
(15, 28, 5)
(15, 29, 5)
(15, 30, 5)
(15, 31, 4)
(15, 32, 4)
(15, 33, 4)
(15, 34, 4)
(15, 35, 4)
(15, 36, 4)
(15, 37, 4)
(15, 38, 4)
(15, 39, 4)

(16, 0, 51)
(16, 1, 43)
(16, 2, 40)
(16, 3, 26)
(16, 4, 25)
(16, 5, 18)
(16, 6, 7)
(16, 7, 7)
(16, 8, 7)
(16, 9, 7)
(16, 10, 7)
(16, 11, 7)
(16, 12, 7)
(16, 13, 7)
(16, 14, 7)
(16, 15, 7)
(16, 16, 7)
(16, 17, 7)
(16, 18, 7)
(16, 19, 7)
(16, 20, 5)
(16, 21, 5)
(16, 22, 5)
(16, 23, 5)
(16, 24, 5)
(16, 25, 5)
(16, 26, 5)
(16, 27, 5)
(16, 28, 5)
(16, 29, 5)
(16, 30, 5)
(16, 31, 4)
(16, 32, 4)
(16, 33, 4)
(16, 34, 4)
(16, 35, 4)
(16, 36, 4)
(16, 37, 4)
(16, 38, 4)
(16, 39, 4)

(17, 0, 51)
(17, 1, 43)
(17, 2, 40)
(17, 3, 26)
(17, 4, 25)
(17, 5, 18)
(17, 6, 7)
(17, 7, 7)
(17, 8, 7)
(17, 9, 7)
(17, 10, 7)
(17, 11, 7)
(17, 12, 7)
(17, 13, 7)
(17, 14, 7)
(17, 15, 7)
(17, 16, 7)
(17, 17, 7)
(17, 18, 7)
(17, 19, 7)
(17, 20, 5)
(17, 21, 5)
(17, 22, 5)
(17, 23, 5)
(17, 24, 5)
(17, 25, 5)
(17, 26, 5)
(17, 27, 5)
(17, 28, 5)
(17, 29, 5)
(17, 30, 5)
(17, 31, 4)
(17, 32, 4)
(17, 33, 4)
(17, 34, 4)
(17, 35, 4)
(17, 36, 4)
(17, 37, 4)
(17, 38, 4)
(17, 39, 4)

(18, 0, 51)
(18, 1, 43)
(18, 2, 40)
(18, 3, 26)
(18, 4, 25)
(18, 5, 18)
(18, 6, 7)
(18, 7, 7)
(18, 8, 7)
(18, 9, 7)
(18, 10, 7)
(18, 11, 7)
(18, 12, 7)
(18, 13, 7)
(18, 14, 7)
(18, 15, 7)
(18, 16, 7)
(18, 17, 7)
(18, 18, 7)
(18, 19, 7)
(18, 20, 5)
(18, 21, 5)
(18, 22, 5)
(18, 23, 5)
(18, 24, 5)
(18, 25, 5)
(18, 26, 5)
(18, 27, 5)
(18, 28, 5)
(18, 29, 5)
(18, 30, 5)
(18, 31, 4)
(18, 32, 4)
(18, 33, 4)
(18, 34, 4)
(18, 35, 4)
(18, 36, 4)
(18, 37, 4)
(18, 38, 4)
(18, 39, 4)

(19, 0, 51)
(19, 1, 43)
(19, 2, 40)
(19, 3, 26)
(19, 4, 25)
(19, 5, 18)
(19, 6, 7)
(19, 7, 7)
(19, 8, 7)
(19, 9, 7)
(19, 10, 7)
(19, 11, 7)
(19, 12, 7)
(19, 13, 7)
(19, 14, 7)
(19, 15, 7)
(19, 16, 7)
(19, 17, 7)
(19, 18, 7)
(19, 19, 7)
(19, 20, 5)
(19, 21, 5)
(19, 22, 5)
(19, 23, 5)
(19, 24, 5)
(19, 25, 5)
(19, 26, 5)
(19, 27, 5)
(19, 28, 5)
(19, 29, 5)
(19, 30, 5)
(19, 31, 4)
(19, 32, 4)
(19, 33, 4)
(19, 34, 4)
(19, 35, 4)
(19, 36, 4)
(19, 37, 4)
(19, 38, 4)
(19, 39, 4)

(20, 0, 51)
(20, 1, 43)
(20, 2, 40)
(20, 3, 26)
(20, 4, 25)
(20, 5, 18)
(20, 6, 7)
(20, 7, 7)
(20, 8, 7)
(20, 9, 7)
(20, 10, 7)
(20, 11, 7)
(20, 12, 7)
(20, 13, 7)
(20, 14, 7)
(20, 15, 7)
(20, 16, 7)
(20, 17, 7)
(20, 18, 7)
(20, 19, 7)
(20, 20, 5)
(20, 21, 5)
(20, 22, 5)
(20, 23, 5)
(20, 24, 5)
(20, 25, 5)
(20, 26, 5)
(20, 27, 5)
(20, 28, 5)
(20, 29, 5)
(20, 30, 5)
(20, 31, 4)
(20, 32, 4)
(20, 33, 4)
(20, 34, 4)
(20, 35, 4)
(20, 36, 4)
(20, 37, 4)
(20, 38, 4)
(20, 39, 4)

(21, 0, 51)
(21, 1, 43)
(21, 2, 40)
(21, 3, 26)
(21, 4, 25)
(21, 5, 18)
(21, 6, 7)
(21, 7, 7)
(21, 8, 7)
(21, 9, 7)
(21, 10, 7)
(21, 11, 7)
(21, 12, 7)
(21, 13, 7)
(21, 14, 7)
(21, 15, 7)
(21, 16, 7)
(21, 17, 7)
(21, 18, 7)
(21, 19, 7)
(21, 20, 5)
(21, 21, 5)
(21, 22, 5)
(21, 23, 5)
(21, 24, 5)
(21, 25, 5)
(21, 26, 5)
(21, 27, 5)
(21, 28, 5)
(21, 29, 5)
(21, 30, 5)
(21, 31, 4)
(21, 32, 4)
(21, 33, 4)
(21, 34, 4)
(21, 35, 4)
(21, 36, 4)
(21, 37, 4)
(21, 38, 4)
(21, 39, 4)

(22, 0, 51)
(22, 1, 43)
(22, 2, 40)
(22, 3, 26)
(22, 4, 25)
(22, 5, 18)
(22, 6, 7)
(22, 7, 7)
(22, 8, 7)
(22, 9, 7)
(22, 10, 7)
(22, 11, 7)
(22, 12, 7)
(22, 13, 7)
(22, 14, 7)
(22, 15, 7)
(22, 16, 7)
(22, 17, 7)
(22, 18, 7)
(22, 19, 7)
(22, 20, 5)
(22, 21, 5)
(22, 22, 5)
(22, 23, 5)
(22, 24, 5)
(22, 25, 5)
(22, 26, 5)
(22, 27, 5)
(22, 28, 5)
(22, 29, 5)
(22, 30, 5)
(22, 31, 4)
(22, 32, 4)
(22, 33, 4)
(22, 34, 4)
(22, 35, 4)
(22, 36, 4)
(22, 37, 4)
(22, 38, 4)
(22, 39, 4)

(23, 0, 51)
(23, 1, 43)
(23, 2, 40)
(23, 3, 26)
(23, 4, 25)
(23, 5, 18)
(23, 6, 7)
(23, 7, 7)
(23, 8, 7)
(23, 9, 7)
(23, 10, 7)
(23, 11, 7)
(23, 12, 7)
(23, 13, 7)
(23, 14, 7)
(23, 15, 7)
(23, 16, 7)
(23, 17, 7)
(23, 18, 7)
(23, 19, 7)
(23, 20, 5)
(23, 21, 5)
(23, 22, 5)
(23, 23, 5)
(23, 24, 5)
(23, 25, 5)
(23, 26, 5)
(23, 27, 5)
(23, 28, 5)
(23, 29, 5)
(23, 30, 5)
(23, 31, 4)
(23, 32, 4)
(23, 33, 4)
(23, 34, 4)
(23, 35, 4)
(23, 36, 4)
(23, 37, 4)
(23, 38, 4)
(23, 39, 4)

(24, 0, 55)
(24, 1, 47)
(24, 2, 44)
(24, 3, 28)
(24, 4, 27)
(24, 5, 20)
(24, 6, 8)
(24, 7, 8)
(24, 8, 8)
(24, 9, 8)
(24, 10, 8)
(24, 11, 8)
(24, 12, 8)
(24, 13, 8)
(24, 14, 8)
(24, 15, 8)
(24, 16, 8)
(24, 17, 8)
(24, 18, 8)
(24, 19, 8)
(24, 20, 6)
(24, 21, 6)
(24, 22, 6)
(24, 23, 6)
(24, 24, 6)
(24, 25, 6)
(24, 26, 6)
(24, 27, 6)
(24, 28, 6)
(24, 29, 6)
(24, 30, 6)
(24, 31, 5)
(24, 32, 5)
(24, 33, 5)
(24, 34, 5)
(24, 35, 5)
(24, 36, 5)
(24, 37, 5)
(24, 38, 5)
(24, 39, 5)

(25, 0, 58)
(25, 1, 50)
(25, 2, 47)
(25, 3, 30)
(25, 4, 29)
(25, 5, 22)
(25, 6, 9)
(25, 7, 9)
(25, 8, 9)
(25, 9, 9)
(25, 10, 9)
(25, 11, 9)
(25, 12, 9)
(25, 13, 9)
(25, 14, 9)
(25, 15, 9)
(25, 16, 9)
(25, 17, 9)
(25, 18, 9)
(25, 19, 9)
(25, 20, 7)
(25, 21, 7)
(25, 22, 7)
(25, 23, 7)
(25, 24, 7)
(25, 25, 7)
(25, 26, 7)
(25, 27, 7)
(25, 28, 7)
(25, 29, 7)
(25, 30, 7)
(25, 31, 6)
(25, 32, 6)
(25, 33, 6)
(25, 34, 6)
(25, 35, 6)
(25, 36, 6)
(25, 37, 6)
(25, 38, 6)
(25, 39, 6)

(26, 0, 65)
(26, 1, 54)
(26, 2, 51)
(26, 3, 34)
(26, 4, 31)
(26, 5, 24)
(26, 6, 11)
(26, 7, 10)
(26, 8, 10)
(26, 9, 10)
(26, 10, 10)
(26, 11, 10)
(26, 12, 10)
(26, 13, 10)
(26, 14, 10)
(26, 15, 10)
(26, 16, 10)
(26, 17, 10)
(26, 18, 10)
(26, 19, 10)
(26, 20, 8)
(26, 21, 8)
(26, 22, 8)
(26, 23, 8)
(26, 24, 8)
(26, 25, 8)
(26, 26, 8)
(26, 27, 8)
(26, 28, 8)
(26, 29, 8)
(26, 30, 8)
(26, 31, 7)
(26, 32, 6)
(26, 33, 6)
(26, 34, 6)
(26, 35, 6)
(26, 36, 6)
(26, 37, 6)
(26, 38, 6)
(26, 39, 6)

(27, 0, 86)
(27, 1, 70)
(27, 2, 67)
(27, 3, 42)
(27, 4, 37)
(27, 5, 30)
(27, 6, 14)
(27, 7, 12)
(27, 8, 11)
(27, 9, 11)
(27, 10, 11)
(27, 11, 11)
(27, 12, 11)
(27, 13, 11)
(27, 14, 11)
(27, 15, 11)
(27, 16, 11)
(27, 17, 11)
(27, 18, 11)
(27, 19, 11)
(27, 20, 9)
(27, 21, 9)
(27, 22, 9)
(27, 23, 9)
(27, 24, 8)
(27, 25, 8)
(27, 26, 8)
(27, 27, 8)
(27, 28, 8)
(27, 29, 8)
(27, 30, 8)
(27, 31, 7)
(27, 32, 7)
(27, 33, 7)
(27, 34, 7)
(27, 35, 7)
(27, 36, 7)
(27, 37, 7)
(27, 38, 7)
(27, 39, 7)

(28, 0, 98)
(28, 1, 82)
(28, 2, 79)
(28, 3, 51)
(28, 4, 45)
(28, 5, 34)
(28, 6, 17)
(28, 7, 15)
(28, 8, 14)
(28, 9, 13)
(28, 10, 13)
(28, 11, 13)
(28, 12, 13)
(28, 13, 13)
(28, 14, 13)
(28, 15, 13)
(28, 16, 13)
(28, 17, 13)
(28, 18, 13)
(28, 19, 13)
(28, 20, 10)
(28, 21, 10)
(28, 22, 9)
(28, 23, 9)
(28, 24, 9)
(28, 25, 9)
(28, 26, 9)
(28, 27, 9)
(28, 28, 9)
(28, 29, 9)
(28, 30, 9)
(28, 31, 8)
(28, 32, 7)
(28, 33, 7)
(28, 34, 7)
(28, 35, 7)
(28, 36, 7)
(28, 37, 7)
(28, 38, 7)
(28, 39, 7)

(29, 0, 108)
(29, 1, 90)
(29, 2, 87)
(29, 3, 59)
(29, 4, 51)
(29, 5, 38)
(29, 6, 21)
(29, 7, 18)
(29, 8, 16)
(29, 9, 16)
(29, 10, 16)
(29, 11, 15)
(29, 12, 15)
(29, 13, 15)
(29, 14, 15)
(29, 15, 15)
(29, 16, 15)
(29, 17, 15)
(29, 18, 15)
(29, 19, 15)
(29, 20, 11)
(29, 21, 11)
(29, 22, 10)
(29, 23, 10)
(29, 24, 10)
(29, 25, 10)
(29, 26, 10)
(29, 27, 10)
(29, 28, 10)
(29, 29, 10)
(29, 30, 10)
(29, 31, 9)
(29, 32, 8)
(29, 33, 8)
(29, 34, 8)
(29, 35, 8)
(29, 36, 8)
(29, 37, 8)
(29, 38, 8)
(29, 39, 8)

(30, 0, 119)
(30, 1, 97)
(30, 2, 94)
(30, 3, 64)
(30, 4, 54)
(30, 5, 41)
(30, 6, 24)
(30, 7, 20)
(30, 8, 18)
(30, 9, 18)
(30, 10, 18)
(30, 11, 17)
(30, 12, 17)
(30, 13, 17)
(30, 14, 17)
(30, 15, 17)
(30, 16, 16)
(30, 17, 16)
(30, 18, 16)
(30, 19, 16)
(30, 20, 12)
(30, 21, 12)
(30, 22, 11)
(30, 23, 11)
(30, 24, 11)
(30, 25, 11)
(30, 26, 11)
(30, 27, 11)
(30, 28, 11)
(30, 29, 11)
(30, 30, 10)
(30, 31, 9)
(30, 32, 8)
(30, 33, 8)
(30, 34, 8)
(30, 35, 8)
(30, 36, 8)
(30, 37, 8)
(30, 38, 8)
(30, 39, 8)

(31, 0, 132)
(31, 1, 105)
(31, 2, 102)
(31, 3, 69)
(31, 4, 55)
(31, 5, 42)
(31, 6, 25)
(31, 7, 20)
(31, 8, 17)
(31, 9, 17)
(31, 10, 17)
(31, 11, 16)
(31, 12, 16)
(31, 13, 16)
(31, 14, 16)
(31, 15, 16)
(31, 16, 16)
(31, 17, 16)
(31, 18, 16)
(31, 19, 16)
(31, 20, 12)
(31, 21, 12)
(31, 22, 10)
(31, 23, 10)
(31, 24, 10)
(31, 25, 10)
(31, 26, 10)
(31, 27, 10)
(31, 28, 10)
(31, 29, 10)
(31, 30, 10)
(31, 31, 9)
(31, 32, 8)
(31, 33, 8)
(31, 34, 8)
(31, 35, 8)
(31, 36, 8)
(31, 37, 8)
(31, 38, 8)
(31, 39, 8)

(32, 0, 144)
(32, 1, 114)
(32, 2, 111)
(32, 3, 76)
(32, 4, 62)
(32, 5, 47)
(32, 6, 30)
(32, 7, 24)
(32, 8, 21)
(32, 9, 21)
(32, 10, 21)
(32, 11, 20)
(32, 12, 20)
(32, 13, 20)
(32, 14, 20)
(32, 15, 19)
(32, 16, 19)
(32, 17, 19)
(32, 18, 19)
(32, 19, 19)
(32, 20, 15)
(32, 21, 15)
(32, 22, 13)
(32, 23, 13)
(32, 24, 13)
(32, 25, 13)
(32, 26, 13)
(32, 27, 13)
(32, 28, 12)
(32, 29, 11)
(32, 30, 11)
(32, 31, 9)
(32, 32, 8)
(32, 33, 8)
(32, 34, 8)
(32, 35, 8)
(32, 36, 8)
(32, 37, 8)
(32, 38, 8)
(32, 39, 8)

(33, 0, 151)
(33, 1, 120)
(33, 2, 117)
(33, 3, 82)
(33, 4, 66)
(33, 5, 49)
(33, 6, 32)
(33, 7, 26)
(33, 8, 22)
(33, 9, 22)
(33, 10, 22)
(33, 11, 20)
(33, 12, 20)
(33, 13, 20)
(33, 14, 20)
(33, 15, 20)
(33, 16, 20)
(33, 17, 19)
(33, 18, 19)
(33, 19, 19)
(33, 20, 15)
(33, 21, 15)
(33, 22, 13)
(33, 23, 13)
(33, 24, 13)
(33, 25, 13)
(33, 26, 13)
(33, 27, 13)
(33, 28, 12)
(33, 29, 11)
(33, 30, 11)
(33, 31, 9)
(33, 32, 8)
(33, 33, 8)
(33, 34, 8)
(33, 35, 8)
(33, 36, 8)
(33, 37, 8)
(33, 38, 8)
(33, 39, 8)

(34, 0, 168)
(34, 1, 130)
(34, 2, 123)
(34, 3, 85)
(34, 4, 68)
(34, 5, 51)
(34, 6, 32)
(34, 7, 25)
(34, 8, 22)
(34, 9, 22)
(34, 10, 22)
(34, 11, 20)
(34, 12, 20)
(34, 13, 20)
(34, 14, 20)
(34, 15, 20)
(34, 16, 20)
(34, 17, 19)
(34, 18, 19)
(34, 19, 19)
(34, 20, 15)
(34, 21, 15)
(34, 22, 13)
(34, 23, 13)
(34, 24, 13)
(34, 25, 13)
(34, 26, 13)
(34, 27, 13)
(34, 28, 12)
(34, 29, 11)
(34, 30, 11)
(34, 31, 9)
(34, 32, 8)
(34, 33, 8)
(34, 34, 8)
(34, 35, 8)
(34, 36, 8)
(34, 37, 8)
(34, 38, 8)
(34, 39, 8)

(35, 0, 168)
(35, 1, 130)
(35, 2, 123)
(35, 3, 85)
(35, 4, 68)
(35, 5, 51)
(35, 6, 32)
(35, 7, 25)
(35, 8, 22)
(35, 9, 22)
(35, 10, 22)
(35, 11, 20)
(35, 12, 20)
(35, 13, 20)
(35, 14, 20)
(35, 15, 20)
(35, 16, 20)
(35, 17, 19)
(35, 18, 19)
(35, 19, 19)
(35, 20, 15)
(35, 21, 15)
(35, 22, 13)
(35, 23, 13)
(35, 24, 13)
(35, 25, 13)
(35, 26, 13)
(35, 27, 13)
(35, 28, 12)
(35, 29, 11)
(35, 30, 11)
(35, 31, 9)
(35, 32, 8)
(35, 33, 8)
(35, 34, 8)
(35, 35, 8)
(35, 36, 8)
(35, 37, 8)
(35, 38, 8)
(35, 39, 8)

(36, 0, 173)
(36, 1, 134)
(36, 2, 127)
(36, 3, 89)
(36, 4, 72)
(36, 5, 54)
(36, 6, 35)
(36, 7, 26)
(36, 8, 23)
(36, 9, 23)
(36, 10, 23)
(36, 11, 21)
(36, 12, 21)
(36, 13, 21)
(36, 14, 21)
(36, 15, 21)
(36, 16, 21)
(36, 17, 20)
(36, 18, 20)
(36, 19, 20)
(36, 20, 16)
(36, 21, 16)
(36, 22, 14)
(36, 23, 14)
(36, 24, 14)
(36, 25, 14)
(36, 26, 14)
(36, 27, 14)
(36, 28, 13)
(36, 29, 11)
(36, 30, 11)
(36, 31, 9)
(36, 32, 8)
(36, 33, 8)
(36, 34, 8)
(36, 35, 8)
(36, 36, 8)
(36, 37, 8)
(36, 38, 8)
(36, 39, 8)

(37, 0, 176)
(37, 1, 135)
(37, 2, 128)
(37, 3, 90)
(37, 4, 71)
(37, 5, 53)
(37, 6, 34)
(37, 7, 26)
(37, 8, 23)
(37, 9, 23)
(37, 10, 23)
(37, 11, 21)
(37, 12, 21)
(37, 13, 21)
(37, 14, 21)
(37, 15, 21)
(37, 16, 21)
(37, 17, 20)
(37, 18, 20)
(37, 19, 20)
(37, 20, 16)
(37, 21, 16)
(37, 22, 14)
(37, 23, 14)
(37, 24, 14)
(37, 25, 14)
(37, 26, 14)
(37, 27, 14)
(37, 28, 13)
(37, 29, 11)
(37, 30, 11)
(37, 31, 9)
(37, 32, 8)
(37, 33, 8)
(37, 34, 8)
(37, 35, 8)
(37, 36, 8)
(37, 37, 8)
(37, 38, 8)
(37, 39, 8)

(38, 0, 184)
(38, 1, 143)
(38, 2, 136)
(38, 3, 94)
(38, 4, 74)
(38, 5, 54)
(38, 6, 35)
(38, 7, 27)
(38, 8, 24)
(38, 9, 24)
(38, 10, 24)
(38, 11, 22)
(38, 12, 22)
(38, 13, 22)
(38, 14, 22)
(38, 15, 22)
(38, 16, 22)
(38, 17, 21)
(38, 18, 21)
(38, 19, 21)
(38, 20, 17)
(38, 21, 17)
(38, 22, 14)
(38, 23, 14)
(38, 24, 14)
(38, 25, 14)
(38, 26, 14)
(38, 27, 14)
(38, 28, 13)
(38, 29, 11)
(38, 30, 11)
(38, 31, 9)
(38, 32, 8)
(38, 33, 8)
(38, 34, 8)
(38, 35, 8)
(38, 36, 8)
(38, 37, 8)
(38, 38, 8)
(38, 39, 8)

(39, 0, 197)
(39, 1, 154)
(39, 2, 146)
(39, 3, 100)
(39, 4, 80)
(39, 5, 58)
(39, 6, 36)
(39, 7, 28)
(39, 8, 25)
(39, 9, 25)
(39, 10, 25)
(39, 11, 23)
(39, 12, 23)
(39, 13, 23)
(39, 14, 23)
(39, 15, 23)
(39, 16, 23)
(39, 17, 22)
(39, 18, 22)
(39, 19, 22)
(39, 20, 17)
(39, 21, 17)
(39, 22, 14)
(39, 23, 14)
(39, 24, 14)
(39, 25, 14)
(39, 26, 14)
(39, 27, 14)
(39, 28, 13)
(39, 29, 11)
(39, 30, 11)
(39, 31, 9)
(39, 32, 8)
(39, 33, 8)
(39, 34, 8)
(39, 35, 8)
(39, 36, 8)
(39, 37, 8)
(39, 38, 8)
(39, 39, 8)


Betti numbers:
xi_0:
(0, 0, 6)
(1, 0, 8)
(2, 0, 7)
(3, 0, 6)
(4, 0, 18)
(5, 0, 6)
(24, 0, 4)
(25, 0, 3)
(26, 0, 7)
(27, 0, 21)
(28, 0, 12)
(29, 0, 10)
(30, 0, 11)
(31, 0, 13)
(32, 0, 12)
(33, 0, 7)
(34, 0, 17)
(36, 0, 5)
(37, 0, 3)
(38, 0, 8)
(39, 0, 13)
xi_1:
(0, 3, 3)
(0, 6, 2)
(1, 3, 3)
(1, 5, 1)
(1, 6, 2)
(1, 20, 1)
(2, 1, 1)
(2, 5, 2)
(2, 6, 3)
(3, 1, 1)
(3, 2, 1)
(3, 3, 3)
(3, 31, 1)
(4, 1, 6)
(4, 2, 2)
(4, 3, 3)
(4, 4, 1)
(4, 5, 2)
(4, 6, 2)
(4, 20, 1)
(5, 3, 2)
(5, 5, 2)
(5, 6, 2)
(24, 3, 2)
(24, 6, 1)
(25, 3, 1)
(25, 6, 1)
(26, 1, 3)
(26, 4, 2)
(26, 7, 1)
(26, 32, 1)
(27, 1, 5)
(27, 3, 8)
(27, 4, 2)
(27, 6, 3)
(27, 7, 1)
(27, 8, 1)
(27, 24, 1)
(28, 3, 3)
(28, 4, 1)
(28, 5, 4)
(28, 6, 1)
(28, 9, 1)
(28, 20, 1)
(28, 22, 1)
(28, 32, 1)
(29, 1, 2)
(29, 4, 2)
(29, 5, 2)
(29, 7, 1)
(29, 8, 1)
(29, 11, 1)
(29, 20, 1)
(30, 1, 4)
(30, 3, 2)
(30, 4, 2)
(30, 5, 1)
(30, 7, 1)
(30, 16, 1)
(30, 30, 1)
(31, 1, 5)
(31, 3, 3)
(31, 4, 4)
(31, 7, 1)
(31, 8, 1)
(31, 22, 1)
(32, 1, 3)
(32, 3, 2)
(32, 4, 1)
(32, 5, 2)
(32, 7, 1)
(32, 15, 1)
(32, 28, 1)
(32, 29, 1)
(32, 31, 1)
(33, 1, 1)
(33, 4, 2)
(33, 5, 2)
(33, 8, 1)
(33, 11, 1)
(33, 17, 1)
(34, 1, 7)
(34, 2, 4)
(34, 3, 3)
(34, 4, 2)
(34, 6, 2)
(34, 7, 1)
(36, 1, 1)
(36, 5, 1)
(36, 7, 2)
(36, 29, 1)
(37, 1, 2)
(37, 4, 2)
(38, 3, 4)
(38, 4, 1)
(38, 5, 2)
(38, 22, 1)
(39, 1, 2)
(39, 2, 1)
(39, 3, 4)
(39, 5, 2)
(39, 6, 3)
(39, 20, 1)
xi_2:
(27, 32, 1)
(28, 24, 1)
(29, 9, 1)
(30, 5, 1)
(31, 16, 1)
(31, 30, 1)
(32, 4, 1)
(33, 15, 1)
(34, 4, 1)
(34, 8, 1)
(37, 7, 1)
