x-grades
-1281208153777813687/400000000000000000
-631360724947435887/200000000000000000
-1244234746011929861/400000000000000000
-306437010532246987/100000000000000000
-241452267649209207/80000000000000000
-594387317181552061/200000000000000000
-1170287930480162209/400000000000000000
-143975153324652537/50000000000000000
-1133314522714278383/400000000000000000
-111482781883133647/40000000000000000
-1096341114948394557/400000000000000000
-269463602766363161/100000000000000000
-1059367707182510731/400000000000000000
-520440501649784409/200000000000000000
-204478859883325381/80000000000000000
-3921514045053457/1562500000000000
-985420891650743079/400000000000000000
-483467093883900583/200000000000000000
-948447483884859253/400000000000000000
-46498039000095867/20000000000000000
-911474076118975427/400000000000000000
-446493686118016757/200000000000000000
-874500668353091601/400000000000000000
-107001745558768711/50000000000000000
-33501090423488311/16000000000000000
-409520278352132931/200000000000000000
-800553852821323949/400000000000000000
-195516787234595509/100000000000000000
-763580445055440123/400000000000000000
-74509374117249821/40000000000000000
-726607037289556297/400000000000000000
-44257520837913399/25000000000000000
-689633629523672471/400000000000000000
-335573462820365279/200000000000000000
-130532044351557729/80000000000000000
-158543379468711683/100000000000000000
-615686813991904819/400000000000000000
-298600055054481453/200000000000000000
-578713406226020993/400000000000000000
-14005667558576977/10000000000000000

y-grades
9960119/40000000
9960119/20000000
29880357/40000000
9960119/10000000
9960119/8000000
29880357/20000000
69720833/40000000
9960119/5000000
89641071/40000000
9960119/4000000
109561309/40000000
29880357/10000000
129481547/40000000
69720833/20000000
29880357/8000000
9960119/2500000
169322023/40000000
89641071/20000000
189242261/40000000
9960119/2000000
209162499/40000000
109561309/20000000
229082737/40000000
29880357/5000000
9960119/1600000
129481547/20000000
268923213/40000000
69720833/10000000
288843451/40000000
29880357/4000000
308763689/40000000
9960119/1250000
328683927/40000000
169322023/20000000
69720833/8000000
89641071/10000000
368524403/40000000
189242261/20000000
388444641/40000000
9960119/1000000

Dimensions > 0:
(0, 0, 1)
(0, 1, 1)
(0, 2, 1)
(0, 3, 1)
(0, 4, 1)
(0, 5, 1)
(0, 6, 1)
(0, 7, 1)
(0, 8, 1)
(0, 9, 1)
(0, 10, 1)
(0, 11, 1)
(0, 12, 1)
(0, 13, 1)
(0, 14, 1)
(0, 15, 1)
(0, 16, 1)
(0, 17, 1)
(0, 18, 1)
(0, 19, 1)
(0, 20, 1)
(0, 21, 1)
(0, 22, 1)
(0, 23, 1)
(0, 24, 1)
(0, 25, 1)
(0, 26, 1)
(0, 27, 1)
(0, 28, 1)
(0, 29, 1)
(0, 30, 1)
(0, 31, 1)
(0, 32, 1)
(0, 33, 1)
(0, 34, 1)
(0, 35, 1)
(0, 36, 1)
(0, 37, 1)
(0, 38, 1)
(0, 39, 1)

(1, 0, 1)
(1, 1, 1)
(1, 2, 1)
(1, 3, 1)
(1, 4, 1)
(1, 5, 1)
(1, 6, 1)
(1, 7, 1)
(1, 8, 1)
(1, 9, 1)
(1, 10, 1)
(1, 11, 1)
(1, 12, 1)
(1, 13, 1)
(1, 14, 1)
(1, 15, 1)
(1, 16, 1)
(1, 17, 1)
(1, 18, 1)
(1, 19, 1)
(1, 20, 1)
(1, 21, 1)
(1, 22, 1)
(1, 23, 1)
(1, 24, 1)
(1, 25, 1)
(1, 26, 1)
(1, 27, 1)
(1, 28, 1)
(1, 29, 1)
(1, 30, 1)
(1, 31, 1)
(1, 32, 1)
(1, 33, 1)
(1, 34, 1)
(1, 35, 1)
(1, 36, 1)
(1, 37, 1)
(1, 38, 1)
(1, 39, 1)

(2, 0, 1)
(2, 1, 1)
(2, 2, 1)
(2, 3, 1)
(2, 4, 1)
(2, 5, 1)
(2, 6, 1)
(2, 7, 1)
(2, 8, 1)
(2, 9, 1)
(2, 10, 1)
(2, 11, 1)
(2, 12, 1)
(2, 13, 1)
(2, 14, 1)
(2, 15, 1)
(2, 16, 1)
(2, 17, 1)
(2, 18, 1)
(2, 19, 1)
(2, 20, 1)
(2, 21, 1)
(2, 22, 1)
(2, 23, 1)
(2, 24, 1)
(2, 25, 1)
(2, 26, 1)
(2, 27, 1)
(2, 28, 1)
(2, 29, 1)
(2, 30, 1)
(2, 31, 1)
(2, 32, 1)
(2, 33, 1)
(2, 34, 1)
(2, 35, 1)
(2, 36, 1)
(2, 37, 1)
(2, 38, 1)
(2, 39, 1)

(3, 0, 2)
(3, 1, 2)
(3, 2, 2)
(3, 3, 2)
(3, 4, 2)
(3, 5, 2)
(3, 6, 2)
(3, 7, 2)
(3, 8, 2)
(3, 9, 2)
(3, 10, 2)
(3, 11, 2)
(3, 12, 2)
(3, 13, 2)
(3, 14, 2)
(3, 15, 2)
(3, 16, 2)
(3, 17, 2)
(3, 18, 2)
(3, 19, 2)
(3, 20, 2)
(3, 21, 2)
(3, 22, 2)
(3, 23, 2)
(3, 24, 2)
(3, 25, 2)
(3, 26, 2)
(3, 27, 2)
(3, 28, 2)
(3, 29, 2)
(3, 30, 2)
(3, 31, 2)
(3, 32, 2)
(3, 33, 2)
(3, 34, 2)
(3, 35, 2)
(3, 36, 2)
(3, 37, 2)
(3, 38, 2)
(3, 39, 2)

(4, 0, 2)
(4, 1, 2)
(4, 2, 2)
(4, 3, 2)
(4, 4, 2)
(4, 5, 2)
(4, 6, 2)
(4, 7, 2)
(4, 8, 2)
(4, 9, 2)
(4, 10, 2)
(4, 11, 2)
(4, 12, 2)
(4, 13, 2)
(4, 14, 2)
(4, 15, 2)
(4, 16, 2)
(4, 17, 2)
(4, 18, 2)
(4, 19, 2)
(4, 20, 2)
(4, 21, 2)
(4, 22, 2)
(4, 23, 2)
(4, 24, 2)
(4, 25, 2)
(4, 26, 2)
(4, 27, 2)
(4, 28, 2)
(4, 29, 2)
(4, 30, 2)
(4, 31, 2)
(4, 32, 2)
(4, 33, 2)
(4, 34, 2)
(4, 35, 2)
(4, 36, 2)
(4, 37, 2)
(4, 38, 2)
(4, 39, 2)

(5, 0, 2)
(5, 1, 2)
(5, 2, 2)
(5, 3, 2)
(5, 4, 2)
(5, 5, 2)
(5, 6, 2)
(5, 7, 2)
(5, 8, 2)
(5, 9, 2)
(5, 10, 2)
(5, 11, 2)
(5, 12, 2)
(5, 13, 2)
(5, 14, 2)
(5, 15, 2)
(5, 16, 2)
(5, 17, 2)
(5, 18, 2)
(5, 19, 2)
(5, 20, 2)
(5, 21, 2)
(5, 22, 2)
(5, 23, 2)
(5, 24, 2)
(5, 25, 2)
(5, 26, 2)
(5, 27, 2)
(5, 28, 2)
(5, 29, 2)
(5, 30, 2)
(5, 31, 2)
(5, 32, 2)
(5, 33, 2)
(5, 34, 2)
(5, 35, 2)
(5, 36, 2)
(5, 37, 2)
(5, 38, 2)
(5, 39, 2)

(6, 0, 2)
(6, 1, 2)
(6, 2, 2)
(6, 3, 2)
(6, 4, 2)
(6, 5, 2)
(6, 6, 2)
(6, 7, 2)
(6, 8, 2)
(6, 9, 2)
(6, 10, 2)
(6, 11, 2)
(6, 12, 2)
(6, 13, 2)
(6, 14, 2)
(6, 15, 2)
(6, 16, 2)
(6, 17, 2)
(6, 18, 2)
(6, 19, 2)
(6, 20, 2)
(6, 21, 2)
(6, 22, 2)
(6, 23, 2)
(6, 24, 2)
(6, 25, 2)
(6, 26, 2)
(6, 27, 2)
(6, 28, 2)
(6, 29, 2)
(6, 30, 2)
(6, 31, 2)
(6, 32, 2)
(6, 33, 2)
(6, 34, 2)
(6, 35, 2)
(6, 36, 2)
(6, 37, 2)
(6, 38, 2)
(6, 39, 2)

(7, 0, 3)
(7, 1, 3)
(7, 2, 3)
(7, 3, 3)
(7, 4, 3)
(7, 5, 3)
(7, 6, 3)
(7, 7, 3)
(7, 8, 3)
(7, 9, 3)
(7, 10, 3)
(7, 11, 3)
(7, 12, 3)
(7, 13, 3)
(7, 14, 3)
(7, 15, 3)
(7, 16, 3)
(7, 17, 3)
(7, 18, 3)
(7, 19, 3)
(7, 20, 3)
(7, 21, 3)
(7, 22, 3)
(7, 23, 3)
(7, 24, 3)
(7, 25, 3)
(7, 26, 3)
(7, 27, 3)
(7, 28, 3)
(7, 29, 3)
(7, 30, 3)
(7, 31, 3)
(7, 32, 3)
(7, 33, 3)
(7, 34, 3)
(7, 35, 3)
(7, 36, 3)
(7, 37, 3)
(7, 38, 3)
(7, 39, 3)

(8, 0, 3)
(8, 1, 3)
(8, 2, 3)
(8, 3, 3)
(8, 4, 3)
(8, 5, 3)
(8, 6, 3)
(8, 7, 3)
(8, 8, 3)
(8, 9, 3)
(8, 10, 3)
(8, 11, 3)
(8, 12, 3)
(8, 13, 3)
(8, 14, 3)
(8, 15, 3)
(8, 16, 3)
(8, 17, 3)
(8, 18, 3)
(8, 19, 3)
(8, 20, 3)
(8, 21, 3)
(8, 22, 3)
(8, 23, 3)
(8, 24, 3)
(8, 25, 3)
(8, 26, 3)
(8, 27, 3)
(8, 28, 3)
(8, 29, 3)
(8, 30, 3)
(8, 31, 3)
(8, 32, 3)
(8, 33, 3)
(8, 34, 3)
(8, 35, 3)
(8, 36, 3)
(8, 37, 3)
(8, 38, 3)
(8, 39, 3)

(9, 0, 5)
(9, 1, 5)
(9, 2, 5)
(9, 3, 5)
(9, 4, 5)
(9, 5, 5)
(9, 6, 5)
(9, 7, 5)
(9, 8, 5)
(9, 9, 5)
(9, 10, 5)
(9, 11, 4)
(9, 12, 4)
(9, 13, 4)
(9, 14, 4)
(9, 15, 4)
(9, 16, 4)
(9, 17, 4)
(9, 18, 4)
(9, 19, 4)
(9, 20, 4)
(9, 21, 4)
(9, 22, 4)
(9, 23, 4)
(9, 24, 4)
(9, 25, 4)
(9, 26, 4)
(9, 27, 4)
(9, 28, 4)
(9, 29, 4)
(9, 30, 4)
(9, 31, 4)
(9, 32, 4)
(9, 33, 4)
(9, 34, 4)
(9, 35, 4)
(9, 36, 4)
(9, 37, 4)
(9, 38, 4)
(9, 39, 4)

(10, 0, 36)
(10, 1, 13)
(10, 2, 13)
(10, 3, 11)
(10, 4, 11)
(10, 5, 10)
(10, 6, 10)
(10, 7, 9)
(10, 8, 8)
(10, 9, 6)
(10, 10, 6)
(10, 11, 4)
(10, 12, 4)
(10, 13, 4)
(10, 14, 4)
(10, 15, 4)
(10, 16, 4)
(10, 17, 4)
(10, 18, 4)
(10, 19, 4)
(10, 20, 4)
(10, 21, 4)
(10, 22, 4)
(10, 23, 4)
(10, 24, 4)
(10, 25, 4)
(10, 26, 4)
(10, 27, 4)
(10, 28, 4)
(10, 29, 4)
(10, 30, 4)
(10, 31, 4)
(10, 32, 4)
(10, 33, 4)
(10, 34, 4)
(10, 35, 4)
(10, 36, 4)
(10, 37, 4)
(10, 38, 4)
(10, 39, 4)

(11, 0, 46)
(11, 1, 20)
(11, 2, 18)
(11, 3, 15)
(11, 4, 13)
(11, 5, 13)
(11, 6, 13)
(11, 7, 11)
(11, 8, 10)
(11, 9, 8)
(11, 10, 8)
(11, 11, 6)
(11, 12, 6)
(11, 13, 6)
(11, 14, 5)
(11, 15, 5)
(11, 16, 5)
(11, 17, 5)
(11, 18, 5)
(11, 19, 5)
(11, 20, 5)
(11, 21, 5)
(11, 22, 5)
(11, 23, 5)
(11, 24, 5)
(11, 25, 5)
(11, 26, 5)
(11, 27, 5)
(11, 28, 5)
(11, 29, 5)
(11, 30, 5)
(11, 31, 5)
(11, 32, 5)
(11, 33, 5)
(11, 34, 5)
(11, 35, 5)
(11, 36, 5)
(11, 37, 5)
(11, 38, 5)
(11, 39, 5)

(12, 0, 63)
(12, 1, 27)
(12, 2, 21)
(12, 3, 17)
(12, 4, 15)
(12, 5, 14)
(12, 6, 14)
(12, 7, 12)
(12, 8, 11)
(12, 9, 9)
(12, 10, 9)
(12, 11, 7)
(12, 12, 7)
(12, 13, 7)
(12, 14, 6)
(12, 15, 6)
(12, 16, 6)
(12, 17, 6)
(12, 18, 6)
(12, 19, 6)
(12, 20, 6)
(12, 21, 6)
(12, 22, 6)
(12, 23, 6)
(12, 24, 6)
(12, 25, 6)
(12, 26, 6)
(12, 27, 6)
(12, 28, 6)
(12, 29, 6)
(12, 30, 6)
(12, 31, 6)
(12, 32, 6)
(12, 33, 6)
(12, 34, 6)
(12, 35, 6)
(12, 36, 6)
(12, 37, 6)
(12, 38, 6)
(12, 39, 6)

(13, 0, 75)
(13, 1, 32)
(13, 2, 27)
(13, 3, 21)
(13, 4, 18)
(13, 5, 17)
(13, 6, 17)
(13, 7, 15)
(13, 8, 13)
(13, 9, 11)
(13, 10, 11)
(13, 11, 9)
(13, 12, 9)
(13, 13, 9)
(13, 14, 7)
(13, 15, 7)
(13, 16, 7)
(13, 17, 7)
(13, 18, 7)
(13, 19, 6)
(13, 20, 6)
(13, 21, 6)
(13, 22, 6)
(13, 23, 6)
(13, 24, 6)
(13, 25, 6)
(13, 26, 6)
(13, 27, 6)
(13, 28, 6)
(13, 29, 6)
(13, 30, 6)
(13, 31, 6)
(13, 32, 6)
(13, 33, 6)
(13, 34, 6)
(13, 35, 6)
(13, 36, 6)
(13, 37, 6)
(13, 38, 6)
(13, 39, 6)

(14, 0, 81)
(14, 1, 37)
(14, 2, 30)
(14, 3, 23)
(14, 4, 19)
(14, 5, 18)
(14, 6, 18)
(14, 7, 16)
(14, 8, 14)
(14, 9, 12)
(14, 10, 12)
(14, 11, 10)
(14, 12, 10)
(14, 13, 10)
(14, 14, 8)
(14, 15, 8)
(14, 16, 8)
(14, 17, 7)
(14, 18, 7)
(14, 19, 6)
(14, 20, 6)
(14, 21, 6)
(14, 22, 6)
(14, 23, 6)
(14, 24, 6)
(14, 25, 6)
(14, 26, 6)
(14, 27, 6)
(14, 28, 6)
(14, 29, 6)
(14, 30, 6)
(14, 31, 6)
(14, 32, 6)
(14, 33, 6)
(14, 34, 6)
(14, 35, 6)
(14, 36, 6)
(14, 37, 6)
(14, 38, 6)
(14, 39, 6)

(15, 0, 81)
(15, 1, 37)
(15, 2, 30)
(15, 3, 23)
(15, 4, 19)
(15, 5, 18)
(15, 6, 18)
(15, 7, 16)
(15, 8, 14)
(15, 9, 12)
(15, 10, 12)
(15, 11, 10)
(15, 12, 10)
(15, 13, 10)
(15, 14, 8)
(15, 15, 8)
(15, 16, 8)
(15, 17, 7)
(15, 18, 7)
(15, 19, 6)
(15, 20, 6)
(15, 21, 6)
(15, 22, 6)
(15, 23, 6)
(15, 24, 6)
(15, 25, 6)
(15, 26, 6)
(15, 27, 6)
(15, 28, 6)
(15, 29, 6)
(15, 30, 6)
(15, 31, 6)
(15, 32, 6)
(15, 33, 6)
(15, 34, 6)
(15, 35, 6)
(15, 36, 6)
(15, 37, 6)
(15, 38, 6)
(15, 39, 6)

(16, 0, 81)
(16, 1, 37)
(16, 2, 30)
(16, 3, 23)
(16, 4, 19)
(16, 5, 18)
(16, 6, 18)
(16, 7, 16)
(16, 8, 14)
(16, 9, 12)
(16, 10, 12)
(16, 11, 10)
(16, 12, 10)
(16, 13, 10)
(16, 14, 8)
(16, 15, 8)
(16, 16, 8)
(16, 17, 7)
(16, 18, 7)
(16, 19, 6)
(16, 20, 6)
(16, 21, 6)
(16, 22, 6)
(16, 23, 6)
(16, 24, 6)
(16, 25, 6)
(16, 26, 6)
(16, 27, 6)
(16, 28, 6)
(16, 29, 6)
(16, 30, 6)
(16, 31, 6)
(16, 32, 6)
(16, 33, 6)
(16, 34, 6)
(16, 35, 6)
(16, 36, 6)
(16, 37, 6)
(16, 38, 6)
(16, 39, 6)

(17, 0, 81)
(17, 1, 37)
(17, 2, 30)
(17, 3, 23)
(17, 4, 19)
(17, 5, 18)
(17, 6, 18)
(17, 7, 16)
(17, 8, 14)
(17, 9, 12)
(17, 10, 12)
(17, 11, 10)
(17, 12, 10)
(17, 13, 10)
(17, 14, 8)
(17, 15, 8)
(17, 16, 8)
(17, 17, 7)
(17, 18, 7)
(17, 19, 6)
(17, 20, 6)
(17, 21, 6)
(17, 22, 6)
(17, 23, 6)
(17, 24, 6)
(17, 25, 6)
(17, 26, 6)
(17, 27, 6)
(17, 28, 6)
(17, 29, 6)
(17, 30, 6)
(17, 31, 6)
(17, 32, 6)
(17, 33, 6)
(17, 34, 6)
(17, 35, 6)
(17, 36, 6)
(17, 37, 6)
(17, 38, 6)
(17, 39, 6)

(18, 0, 90)
(18, 1, 46)
(18, 2, 37)
(18, 3, 27)
(18, 4, 22)
(18, 5, 21)
(18, 6, 21)
(18, 7, 19)
(18, 8, 17)
(18, 9, 14)
(18, 10, 14)
(18, 11, 12)
(18, 12, 12)
(18, 13, 12)
(18, 14, 10)
(18, 15, 10)
(18, 16, 10)
(18, 17, 9)
(18, 18, 9)
(18, 19, 8)
(18, 20, 8)
(18, 21, 8)
(18, 22, 8)
(18, 23, 8)
(18, 24, 8)
(18, 25, 8)
(18, 26, 8)
(18, 27, 8)
(18, 28, 8)
(18, 29, 8)
(18, 30, 8)
(18, 31, 8)
(18, 32, 8)
(18, 33, 8)
(18, 34, 8)
(18, 35, 8)
(18, 36, 8)
(18, 37, 8)
(18, 38, 8)
(18, 39, 8)

(19, 0, 92)
(19, 1, 48)
(19, 2, 39)
(19, 3, 28)
(19, 4, 23)
(19, 5, 22)
(19, 6, 22)
(19, 7, 20)
(19, 8, 17)
(19, 9, 14)
(19, 10, 14)
(19, 11, 12)
(19, 12, 12)
(19, 13, 12)
(19, 14, 10)
(19, 15, 10)
(19, 16, 10)
(19, 17, 9)
(19, 18, 9)
(19, 19, 8)
(19, 20, 8)
(19, 21, 8)
(19, 22, 8)
(19, 23, 8)
(19, 24, 8)
(19, 25, 8)
(19, 26, 8)
(19, 27, 8)
(19, 28, 8)
(19, 29, 8)
(19, 30, 8)
(19, 31, 8)
(19, 32, 8)
(19, 33, 8)
(19, 34, 8)
(19, 35, 8)
(19, 36, 8)
(19, 37, 8)
(19, 38, 8)
(19, 39, 8)

(20, 0, 101)
(20, 1, 56)
(20, 2, 45)
(20, 3, 31)
(20, 4, 26)
(20, 5, 25)
(20, 6, 24)
(20, 7, 22)
(20, 8, 19)
(20, 9, 16)
(20, 10, 16)
(20, 11, 13)
(20, 12, 13)
(20, 13, 13)
(20, 14, 11)
(20, 15, 11)
(20, 16, 11)
(20, 17, 10)
(20, 18, 10)
(20, 19, 8)
(20, 20, 8)
(20, 21, 8)
(20, 22, 8)
(20, 23, 8)
(20, 24, 8)
(20, 25, 8)
(20, 26, 8)
(20, 27, 8)
(20, 28, 8)
(20, 29, 8)
(20, 30, 8)
(20, 31, 8)
(20, 32, 8)
(20, 33, 8)
(20, 34, 8)
(20, 35, 8)
(20, 36, 8)
(20, 37, 8)
(20, 38, 8)
(20, 39, 8)

(21, 0, 104)
(21, 1, 59)
(21, 2, 48)
(21, 3, 32)
(21, 4, 27)
(21, 5, 26)
(21, 6, 25)
(21, 7, 23)
(21, 8, 20)
(21, 9, 17)
(21, 10, 17)
(21, 11, 14)
(21, 12, 14)
(21, 13, 14)
(21, 14, 12)
(21, 15, 12)
(21, 16, 12)
(21, 17, 11)
(21, 18, 11)
(21, 19, 9)
(21, 20, 9)
(21, 21, 9)
(21, 22, 9)
(21, 23, 9)
(21, 24, 9)
(21, 25, 9)
(21, 26, 9)
(21, 27, 9)
(21, 28, 9)
(21, 29, 9)
(21, 30, 9)
(21, 31, 9)
(21, 32, 9)
(21, 33, 9)
(21, 34, 9)
(21, 35, 9)
(21, 36, 9)
(21, 37, 9)
(21, 38, 9)
(21, 39, 9)

(22, 0, 116)
(22, 1, 63)
(22, 2, 51)
(22, 3, 35)
(22, 4, 30)
(22, 5, 29)
(22, 6, 28)
(22, 7, 26)
(22, 8, 23)
(22, 9, 18)
(22, 10, 18)
(22, 11, 15)
(22, 12, 14)
(22, 13, 14)
(22, 14, 12)
(22, 15, 12)
(22, 16, 12)
(22, 17, 11)
(22, 18, 11)
(22, 19, 9)
(22, 20, 9)
(22, 21, 9)
(22, 22, 9)
(22, 23, 9)
(22, 24, 9)
(22, 25, 9)
(22, 26, 9)
(22, 27, 9)
(22, 28, 9)
(22, 29, 9)
(22, 30, 9)
(22, 31, 9)
(22, 32, 9)
(22, 33, 9)
(22, 34, 9)
(22, 35, 9)
(22, 36, 9)
(22, 37, 9)
(22, 38, 9)
(22, 39, 9)

(23, 0, 131)
(23, 1, 66)
(23, 2, 54)
(23, 3, 38)
(23, 4, 33)
(23, 5, 32)
(23, 6, 31)
(23, 7, 29)
(23, 8, 26)
(23, 9, 21)
(23, 10, 21)
(23, 11, 18)
(23, 12, 17)
(23, 13, 17)
(23, 14, 15)
(23, 15, 15)
(23, 16, 15)
(23, 17, 14)
(23, 18, 14)
(23, 19, 12)
(23, 20, 12)
(23, 21, 12)
(23, 22, 12)
(23, 23, 12)
(23, 24, 12)
(23, 25, 12)
(23, 26, 12)
(23, 27, 12)
(23, 28, 12)
(23, 29, 12)
(23, 30, 12)
(23, 31, 12)
(23, 32, 12)
(23, 33, 12)
(23, 34, 12)
(23, 35, 12)
(23, 36, 12)
(23, 37, 12)
(23, 38, 12)
(23, 39, 12)

(24, 0, 132)
(24, 1, 67)
(24, 2, 55)
(24, 3, 39)
(24, 4, 34)
(24, 5, 33)
(24, 6, 32)
(24, 7, 30)
(24, 8, 27)
(24, 9, 22)
(24, 10, 22)
(24, 11, 18)
(24, 12, 17)
(24, 13, 17)
(24, 14, 15)
(24, 15, 15)
(24, 16, 15)
(24, 17, 14)
(24, 18, 14)
(24, 19, 12)
(24, 20, 12)
(24, 21, 12)
(24, 22, 12)
(24, 23, 12)
(24, 24, 12)
(24, 25, 12)
(24, 26, 12)
(24, 27, 12)
(24, 28, 12)
(24, 29, 12)
(24, 30, 12)
(24, 31, 12)
(24, 32, 12)
(24, 33, 12)
(24, 34, 12)
(24, 35, 12)
(24, 36, 12)
(24, 37, 12)
(24, 38, 12)
(24, 39, 12)

(25, 0, 165)
(25, 1, 76)
(25, 2, 63)
(25, 3, 47)
(25, 4, 42)
(25, 5, 40)
(25, 6, 39)
(25, 7, 37)
(25, 8, 32)
(25, 9, 27)
(25, 10, 27)
(25, 11, 22)
(25, 12, 20)
(25, 13, 20)
(25, 14, 17)
(25, 15, 17)
(25, 16, 17)
(25, 17, 16)
(25, 18, 16)
(25, 19, 14)
(25, 20, 14)
(25, 21, 14)
(25, 22, 14)
(25, 23, 14)
(25, 24, 14)
(25, 25, 14)
(25, 26, 14)
(25, 27, 14)
(25, 28, 14)
(25, 29, 14)
(25, 30, 14)
(25, 31, 14)
(25, 32, 14)
(25, 33, 14)
(25, 34, 14)
(25, 35, 14)
(25, 36, 14)
(25, 37, 14)
(25, 38, 14)
(25, 39, 14)

(26, 0, 171)
(26, 1, 81)
(26, 2, 66)
(26, 3, 48)
(26, 4, 42)
(26, 5, 41)
(26, 6, 40)
(26, 7, 38)
(26, 8, 33)
(26, 9, 27)
(26, 10, 26)
(26, 11, 22)
(26, 12, 20)
(26, 13, 20)
(26, 14, 17)
(26, 15, 17)
(26, 16, 17)
(26, 17, 16)
(26, 18, 16)
(26, 19, 14)
(26, 20, 14)
(26, 21, 14)
(26, 22, 14)
(26, 23, 14)
(26, 24, 14)
(26, 25, 14)
(26, 26, 14)
(26, 27, 14)
(26, 28, 14)
(26, 29, 14)
(26, 30, 14)
(26, 31, 14)
(26, 32, 14)
(26, 33, 14)
(26, 34, 14)
(26, 35, 14)
(26, 36, 14)
(26, 37, 14)
(26, 38, 14)
(26, 39, 14)

(27, 0, 176)
(27, 1, 86)
(27, 2, 69)
(27, 3, 51)
(27, 4, 45)
(27, 5, 43)
(27, 6, 42)
(27, 7, 40)
(27, 8, 35)
(27, 9, 29)
(27, 10, 28)
(27, 11, 24)
(27, 12, 22)
(27, 13, 22)
(27, 14, 18)
(27, 15, 18)
(27, 16, 17)
(27, 17, 16)
(27, 18, 16)
(27, 19, 14)
(27, 20, 14)
(27, 21, 14)
(27, 22, 14)
(27, 23, 14)
(27, 24, 14)
(27, 25, 14)
(27, 26, 14)
(27, 27, 14)
(27, 28, 14)
(27, 29, 14)
(27, 30, 14)
(27, 31, 14)
(27, 32, 14)
(27, 33, 14)
(27, 34, 14)
(27, 35, 14)
(27, 36, 14)
(27, 37, 14)
(27, 38, 14)
(27, 39, 14)

(28, 0, 183)
(28, 1, 92)
(28, 2, 73)
(28, 3, 54)
(28, 4, 48)
(28, 5, 45)
(28, 6, 44)
(28, 7, 42)
(28, 8, 37)
(28, 9, 31)
(28, 10, 30)
(28, 11, 26)
(28, 12, 24)
(28, 13, 24)
(28, 14, 20)
(28, 15, 20)
(28, 16, 19)
(28, 17, 18)
(28, 18, 18)
(28, 19, 16)
(28, 20, 16)
(28, 21, 16)
(28, 22, 16)
(28, 23, 16)
(28, 24, 16)
(28, 25, 16)
(28, 26, 16)
(28, 27, 16)
(28, 28, 16)
(28, 29, 16)
(28, 30, 16)
(28, 31, 16)
(28, 32, 16)
(28, 33, 16)
(28, 34, 16)
(28, 35, 16)
(28, 36, 16)
(28, 37, 16)
(28, 38, 16)
(28, 39, 16)

(29, 0, 189)
(29, 1, 97)
(29, 2, 77)
(29, 3, 57)
(29, 4, 50)
(29, 5, 47)
(29, 6, 46)
(29, 7, 44)
(29, 8, 39)
(29, 9, 33)
(29, 10, 31)
(29, 11, 27)
(29, 12, 25)
(29, 13, 25)
(29, 14, 21)
(29, 15, 21)
(29, 16, 20)
(29, 17, 19)
(29, 18, 19)
(29, 19, 17)
(29, 20, 17)
(29, 21, 17)
(29, 22, 17)
(29, 23, 17)
(29, 24, 17)
(29, 25, 17)
(29, 26, 17)
(29, 27, 17)
(29, 28, 17)
(29, 29, 17)
(29, 30, 17)
(29, 31, 17)
(29, 32, 17)
(29, 33, 17)
(29, 34, 17)
(29, 35, 17)
(29, 36, 17)
(29, 37, 17)
(29, 38, 17)
(29, 39, 17)

(30, 0, 192)
(30, 1, 100)
(30, 2, 79)
(30, 3, 59)
(30, 4, 51)
(30, 5, 48)
(30, 6, 47)
(30, 7, 45)
(30, 8, 38)
(30, 9, 32)
(30, 10, 31)
(30, 11, 27)
(30, 12, 25)
(30, 13, 25)
(30, 14, 21)
(30, 15, 21)
(30, 16, 20)
(30, 17, 19)
(30, 18, 19)
(30, 19, 17)
(30, 20, 17)
(30, 21, 17)
(30, 22, 17)
(30, 23, 17)
(30, 24, 17)
(30, 25, 17)
(30, 26, 17)
(30, 27, 17)
(30, 28, 17)
(30, 29, 17)
(30, 30, 17)
(30, 31, 17)
(30, 32, 17)
(30, 33, 17)
(30, 34, 17)
(30, 35, 17)
(30, 36, 17)
(30, 37, 17)
(30, 38, 17)
(30, 39, 17)

(31, 0, 206)
(31, 1, 112)
(31, 2, 88)
(31, 3, 67)
(31, 4, 58)
(31, 5, 54)
(31, 6, 53)
(31, 7, 51)
(31, 8, 44)
(31, 9, 38)
(31, 10, 36)
(31, 11, 31)
(31, 12, 29)
(31, 13, 29)
(31, 14, 25)
(31, 15, 24)
(31, 16, 23)
(31, 17, 22)
(31, 18, 22)
(31, 19, 19)
(31, 20, 19)
(31, 21, 19)
(31, 22, 19)
(31, 23, 19)
(31, 24, 19)
(31, 25, 19)
(31, 26, 19)
(31, 27, 19)
(31, 28, 19)
(31, 29, 19)
(31, 30, 19)
(31, 31, 19)
(31, 32, 19)
(31, 33, 19)
(31, 34, 19)
(31, 35, 19)
(31, 36, 19)
(31, 37, 19)
(31, 38, 19)
(31, 39, 19)

(32, 0, 234)
(32, 1, 118)
(32, 2, 93)
(32, 3, 72)
(32, 4, 62)
(32, 5, 57)
(32, 6, 56)
(32, 7, 54)
(32, 8, 47)
(32, 9, 41)
(32, 10, 39)
(32, 11, 34)
(32, 12, 31)
(32, 13, 31)
(32, 14, 25)
(32, 15, 25)
(32, 16, 24)
(32, 17, 23)
(32, 18, 22)
(32, 19, 20)
(32, 20, 20)
(32, 21, 20)
(32, 22, 20)
(32, 23, 20)
(32, 24, 20)
(32, 25, 20)
(32, 26, 20)
(32, 27, 20)
(32, 28, 20)
(32, 29, 20)
(32, 30, 20)
(32, 31, 20)
(32, 32, 20)
(32, 33, 20)
(32, 34, 20)
(32, 35, 20)
(32, 36, 20)
(32, 37, 20)
(32, 38, 20)
(32, 39, 20)

(33, 0, 254)
(33, 1, 122)
(33, 2, 96)
(33, 3, 75)
(33, 4, 65)
(33, 5, 60)
(33, 6, 57)
(33, 7, 55)
(33, 8, 48)
(33, 9, 42)
(33, 10, 40)
(33, 11, 35)
(33, 12, 32)
(33, 13, 32)
(33, 14, 25)
(33, 15, 25)
(33, 16, 24)
(33, 17, 23)
(33, 18, 23)
(33, 19, 21)
(33, 20, 21)
(33, 21, 21)
(33, 22, 21)
(33, 23, 21)
(33, 24, 21)
(33, 25, 21)
(33, 26, 21)
(33, 27, 21)
(33, 28, 21)
(33, 29, 21)
(33, 30, 21)
(33, 31, 21)
(33, 32, 21)
(33, 33, 21)
(33, 34, 21)
(33, 35, 21)
(33, 36, 21)
(33, 37, 21)
(33, 38, 21)
(33, 39, 21)

(34, 0, 261)
(34, 1, 122)
(34, 2, 97)
(34, 3, 76)
(34, 4, 66)
(34, 5, 61)
(34, 6, 58)
(34, 7, 56)
(34, 8, 49)
(34, 9, 43)
(34, 10, 41)
(34, 11, 36)
(34, 12, 33)
(34, 13, 33)
(34, 14, 25)
(34, 15, 25)
(34, 16, 24)
(34, 17, 23)
(34, 18, 23)
(34, 19, 21)
(34, 20, 21)
(34, 21, 21)
(34, 22, 21)
(34, 23, 21)
(34, 24, 21)
(34, 25, 21)
(34, 26, 21)
(34, 27, 21)
(34, 28, 21)
(34, 29, 21)
(34, 30, 21)
(34, 31, 21)
(34, 32, 21)
(34, 33, 21)
(34, 34, 21)
(34, 35, 21)
(34, 36, 21)
(34, 37, 21)
(34, 38, 21)
(34, 39, 21)

(35, 0, 261)
(35, 1, 122)
(35, 2, 97)
(35, 3, 76)
(35, 4, 66)
(35, 5, 61)
(35, 6, 58)
(35, 7, 56)
(35, 8, 49)
(35, 9, 43)
(35, 10, 41)
(35, 11, 36)
(35, 12, 33)
(35, 13, 33)
(35, 14, 25)
(35, 15, 25)
(35, 16, 24)
(35, 17, 23)
(35, 18, 23)
(35, 19, 21)
(35, 20, 21)
(35, 21, 21)
(35, 22, 21)
(35, 23, 21)
(35, 24, 21)
(35, 25, 21)
(35, 26, 21)
(35, 27, 21)
(35, 28, 21)
(35, 29, 21)
(35, 30, 21)
(35, 31, 21)
(35, 32, 21)
(35, 33, 21)
(35, 34, 21)
(35, 35, 21)
(35, 36, 21)
(35, 37, 21)
(35, 38, 21)
(35, 39, 21)

(36, 0, 261)
(36, 1, 122)
(36, 2, 97)
(36, 3, 76)
(36, 4, 66)
(36, 5, 61)
(36, 6, 58)
(36, 7, 56)
(36, 8, 49)
(36, 9, 43)
(36, 10, 41)
(36, 11, 36)
(36, 12, 33)
(36, 13, 33)
(36, 14, 25)
(36, 15, 25)
(36, 16, 24)
(36, 17, 23)
(36, 18, 23)
(36, 19, 21)
(36, 20, 21)
(36, 21, 21)
(36, 22, 21)
(36, 23, 21)
(36, 24, 21)
(36, 25, 21)
(36, 26, 21)
(36, 27, 21)
(36, 28, 21)
(36, 29, 21)
(36, 30, 21)
(36, 31, 21)
(36, 32, 21)
(36, 33, 21)
(36, 34, 21)
(36, 35, 21)
(36, 36, 21)
(36, 37, 21)
(36, 38, 21)
(36, 39, 21)

(37, 0, 292)
(37, 1, 130)
(37, 2, 103)
(37, 3, 82)
(37, 4, 71)
(37, 5, 65)
(37, 6, 62)
(37, 7, 60)
(37, 8, 53)
(37, 9, 47)
(37, 10, 45)
(37, 11, 40)
(37, 12, 37)
(37, 13, 37)
(37, 14, 29)
(37, 15, 29)
(37, 16, 28)
(37, 17, 26)
(37, 18, 26)
(37, 19, 24)
(37, 20, 24)
(37, 21, 24)
(37, 22, 24)
(37, 23, 24)
(37, 24, 24)
(37, 25, 24)
(37, 26, 24)
(37, 27, 24)
(37, 28, 24)
(37, 29, 24)
(37, 30, 24)
(37, 31, 24)
(37, 32, 24)
(37, 33, 24)
(37, 34, 24)
(37, 35, 24)
(37, 36, 24)
(37, 37, 24)
(37, 38, 24)
(37, 39, 24)

(38, 0, 309)
(38, 1, 132)
(38, 2, 104)
(38, 3, 83)
(38, 4, 72)
(38, 5, 66)
(38, 6, 62)
(38, 7, 60)
(38, 8, 53)
(38, 9, 47)
(38, 10, 45)
(38, 11, 40)
(38, 12, 37)
(38, 13, 37)
(38, 14, 29)
(38, 15, 29)
(38, 16, 28)
(38, 17, 26)
(38, 18, 26)
(38, 19, 24)
(38, 20, 24)
(38, 21, 24)
(38, 22, 24)
(38, 23, 24)
(38, 24, 24)
(38, 25, 24)
(38, 26, 24)
(38, 27, 24)
(38, 28, 24)
(38, 29, 24)
(38, 30, 24)
(38, 31, 24)
(38, 32, 24)
(38, 33, 24)
(38, 34, 24)
(38, 35, 24)
(38, 36, 24)
(38, 37, 24)
(38, 38, 24)
(38, 39, 24)

(39, 0, 311)
(39, 1, 134)
(39, 2, 106)
(39, 3, 85)
(39, 4, 74)
(39, 5, 68)
(39, 6, 63)
(39, 7, 61)
(39, 8, 54)
(39, 9, 48)
(39, 10, 46)
(39, 11, 41)
(39, 12, 38)
(39, 13, 38)
(39, 14, 30)
(39, 15, 30)
(39, 16, 29)
(39, 17, 26)
(39, 18, 26)
(39, 19, 24)
(39, 20, 24)
(39, 21, 24)
(39, 22, 24)
(39, 23, 24)
(39, 24, 24)
(39, 25, 24)
(39, 26, 24)
(39, 27, 24)
(39, 28, 24)
(39, 29, 24)
(39, 30, 24)
(39, 31, 24)
(39, 32, 24)
(39, 33, 24)
(39, 34, 24)
(39, 35, 24)
(39, 36, 24)
(39, 37, 24)
(39, 38, 24)
(39, 39, 24)


Betti numbers:
xi_0:
(0, 0, 1)
(3, 0, 1)
(7, 0, 1)
(9, 0, 2)
(10, 0, 31)
(11, 0, 10)
(12, 0, 17)
(13, 0, 12)
(14, 0, 6)
(18, 0, 9)
(19, 0, 2)
(20, 0, 9)
(21, 0, 3)
(22, 0, 12)
(23, 0, 15)
(24, 0, 1)
(25, 0, 33)
(26, 0, 6)
(27, 0, 5)
(28, 0, 7)
(29, 0, 6)
(30, 0, 3)
(31, 0, 14)
(32, 0, 28)
(33, 0, 20)
(34, 0, 7)
(37, 0, 31)
(38, 0, 17)
(39, 0, 2)
xi_1:
(9, 11, 1)
(10, 1, 23)
(10, 3, 2)
(10, 5, 1)
(10, 7, 1)
(10, 8, 1)
(10, 9, 2)
(10, 11, 1)
(11, 1, 3)
(11, 2, 2)
(11, 3, 1)
(11, 4, 2)
(11, 7, 1)
(11, 14, 1)
(12, 1, 10)
(12, 2, 4)
(12, 3, 1)
(12, 5, 1)
(13, 1, 7)
(13, 3, 2)
(13, 4, 1)
(13, 8, 1)
(13, 14, 1)
(13, 19, 1)
(14, 1, 1)
(14, 2, 2)
(14, 3, 1)
(14, 4, 1)
(14, 17, 1)
(18, 2, 2)
(18, 3, 3)
(18, 4, 1)
(18, 9, 1)
(19, 3, 1)
(19, 8, 1)
(20, 1, 1)
(20, 2, 2)
(20, 3, 3)
(20, 6, 1)
(20, 11, 1)
(20, 19, 1)
(21, 3, 2)
(22, 1, 8)
(22, 2, 1)
(22, 9, 2)
(22, 12, 1)
(23, 1, 12)
(24, 11, 1)
(25, 1, 24)
(25, 2, 1)
(25, 5, 1)
(25, 8, 2)
(25, 11, 1)
(25, 12, 1)
(25, 14, 1)
(26, 1, 1)
(26, 2, 2)
(26, 3, 2)
(26, 4, 1)
(26, 9, 1)
(26, 10, 1)
(27, 2, 2)
(27, 5, 1)
(27, 14, 1)
(27, 16, 1)
(28, 1, 1)
(28, 2, 2)
(28, 3, 1)
(28, 5, 1)
(29, 1, 1)
(29, 2, 1)
(29, 3, 1)
(29, 4, 1)
(29, 10, 1)
(30, 2, 1)
(30, 4, 1)
(30, 8, 2)
(31, 1, 2)
(31, 2, 3)
(31, 3, 1)
(31, 4, 1)
(31, 5, 1)
(31, 10, 1)
(31, 11, 1)
(31, 15, 1)
(31, 19, 1)
(32, 1, 22)
(32, 2, 1)
(32, 4, 1)
(32, 5, 1)
(32, 12, 1)
(32, 14, 2)
(32, 18, 1)
(33, 1, 16)
(33, 2, 1)
(33, 6, 2)
(33, 14, 1)
(34, 1, 7)
(34, 14, 1)
(37, 1, 23)
(37, 2, 2)
(37, 4, 1)
(37, 5, 1)
(37, 17, 1)
(38, 1, 15)
(38, 2, 1)
(38, 6, 1)
(39, 6, 1)
(39, 17, 1)
xi_2:
(11, 5, 1)
(13, 2, 1)
(26, 5, 1)
(26, 11, 1)
(30, 10, 1)
(32, 15, 1)
(32, 19, 1)
(33, 18, 1)
(34, 2, 1)
