x-grades
-430720880548309749/400000000000000000
-211487886933791929/200000000000000000
-415230667186857967/400000000000000000
-101871390126533019/100000000000000000
-79948090765081237/80000000000000000
-195997673572340147/200000000000000000
-384250240463954403/400000000000000000
-11765785430725891/12500000000000000
-368760027102502621/400000000000000000
-36101492042177673/40000000000000000
-353269813741050839/400000000000000000
-86381176765081237/100000000000000000
-337779600379599057/400000000000000000
-165017246849436583/200000000000000000
-12891575480725891/16000000000000000
-39318035042177673/50000000000000000
-306799173656695493/400000000000000000
-149527033487984801/200000000000000000
-291308960295243711/400000000000000000
-14178192680725891/20000000000000000
-275818746933791929/400000000000000000
-134036820126533019/200000000000000000
-260328533572340147/400000000000000000
-15786464180725891/25000000000000000
-48967664042177673/80000000000000000
-118546606765081237/200000000000000000
-229348106849436583/400000000000000000
-55400750042177673/100000000000000000
-213857893487984801/400000000000000000
-20611278680725891/40000000000000000
-198367680126533019/400000000000000000
-23827821680725891/50000000000000000
-182877466765081237/400000000000000000
-87566180042177673/200000000000000000
-33477450680725891/80000000000000000
-39910536680725891/100000000000000000
-151897040042177673/400000000000000000
-72075966680725891/200000000000000000
-136406826680725891/400000000000000000
-3216543/10000000

y-grades
9996127/40000000
9996127/20000000
29988381/40000000
9996127/10000000
9996127/8000000
29988381/20000000
69972889/40000000
9996127/5000000
89965143/40000000
9996127/4000000
109957397/40000000
29988381/10000000
129949651/40000000
69972889/20000000
29988381/8000000
9996127/2500000
169934159/40000000
89965143/20000000
189926413/40000000
9996127/2000000
209918667/40000000
109957397/20000000
229910921/40000000
29988381/5000000
9996127/1600000
129949651/20000000
269895429/40000000
69972889/10000000
289887683/40000000
29988381/4000000
309879937/40000000
9996127/1250000
329872191/40000000
169934159/20000000
69972889/8000000
89965143/10000000
369856699/40000000
189926413/20000000
389848953/40000000
9996127/1000000

Dimensions > 0:
(0, 0, 4)
(0, 1, 3)
(0, 2, 3)
(0, 3, 3)
(0, 4, 3)
(0, 5, 3)
(0, 6, 3)
(0, 7, 3)
(0, 8, 3)
(0, 9, 3)
(0, 10, 3)
(0, 11, 3)
(0, 12, 3)
(0, 13, 3)
(0, 14, 3)
(0, 15, 3)
(0, 16, 3)
(0, 17, 3)
(0, 18, 3)
(0, 19, 3)
(0, 20, 3)
(0, 21, 3)
(0, 22, 3)
(0, 23, 3)
(0, 24, 3)
(0, 25, 3)
(0, 26, 3)
(0, 27, 3)
(0, 28, 3)
(0, 29, 3)
(0, 30, 3)
(0, 31, 3)
(0, 32, 3)
(0, 33, 3)
(0, 34, 3)
(0, 35, 3)
(0, 36, 3)
(0, 37, 3)
(0, 38, 2)
(0, 39, 2)

(1, 0, 6)
(1, 1, 5)
(1, 2, 5)
(1, 3, 5)
(1, 4, 4)
(1, 5, 3)
(1, 6, 3)
(1, 7, 3)
(1, 8, 3)
(1, 9, 3)
(1, 10, 3)
(1, 11, 3)
(1, 12, 3)
(1, 13, 3)
(1, 14, 3)
(1, 15, 3)
(1, 16, 3)
(1, 17, 3)
(1, 18, 3)
(1, 19, 3)
(1, 20, 3)
(1, 21, 3)
(1, 22, 3)
(1, 23, 3)
(1, 24, 3)
(1, 25, 3)
(1, 26, 3)
(1, 27, 3)
(1, 28, 3)
(1, 29, 3)
(1, 30, 3)
(1, 31, 3)
(1, 32, 3)
(1, 33, 3)
(1, 34, 2)
(1, 35, 2)
(1, 36, 2)
(1, 37, 2)
(1, 38, 2)
(1, 39, 1)

(2, 0, 11)
(2, 1, 10)
(2, 2, 10)
(2, 3, 10)
(2, 4, 8)
(2, 5, 7)
(2, 6, 7)
(2, 7, 5)
(2, 8, 5)
(2, 9, 5)
(2, 10, 5)
(2, 11, 5)
(2, 12, 5)
(2, 13, 5)
(2, 14, 5)
(2, 15, 5)
(2, 16, 5)
(2, 17, 5)
(2, 18, 5)
(2, 19, 5)
(2, 20, 5)
(2, 21, 4)
(2, 22, 4)
(2, 23, 4)
(2, 24, 4)
(2, 25, 4)
(2, 26, 4)
(2, 27, 4)
(2, 28, 4)
(2, 29, 4)
(2, 30, 4)
(2, 31, 4)
(2, 32, 4)
(2, 33, 4)
(2, 34, 3)
(2, 35, 3)
(2, 36, 3)
(2, 37, 3)
(2, 38, 2)
(2, 39, 2)

(3, 0, 14)
(3, 1, 12)
(3, 2, 12)
(3, 3, 12)
(3, 4, 9)
(3, 5, 8)
(3, 6, 8)
(3, 7, 6)
(3, 8, 6)
(3, 9, 6)
(3, 10, 6)
(3, 11, 6)
(3, 12, 6)
(3, 13, 6)
(3, 14, 6)
(3, 15, 6)
(3, 16, 6)
(3, 17, 6)
(3, 18, 5)
(3, 19, 5)
(3, 20, 5)
(3, 21, 5)
(3, 22, 5)
(3, 23, 5)
(3, 24, 5)
(3, 25, 5)
(3, 26, 5)
(3, 27, 5)
(3, 28, 5)
(3, 29, 5)
(3, 30, 5)
(3, 31, 5)
(3, 32, 5)
(3, 33, 5)
(3, 34, 4)
(3, 35, 4)
(3, 36, 4)
(3, 37, 4)
(3, 38, 3)
(3, 39, 3)

(4, 0, 16)
(4, 1, 14)
(4, 2, 14)
(4, 3, 13)
(4, 4, 10)
(4, 5, 9)
(4, 6, 9)
(4, 7, 7)
(4, 8, 7)
(4, 9, 7)
(4, 10, 7)
(4, 11, 7)
(4, 12, 7)
(4, 13, 7)
(4, 14, 7)
(4, 15, 7)
(4, 16, 7)
(4, 17, 7)
(4, 18, 6)
(4, 19, 6)
(4, 20, 6)
(4, 21, 6)
(4, 22, 6)
(4, 23, 6)
(4, 24, 6)
(4, 25, 6)
(4, 26, 6)
(4, 27, 6)
(4, 28, 6)
(4, 29, 6)
(4, 30, 6)
(4, 31, 6)
(4, 32, 6)
(4, 33, 6)
(4, 34, 5)
(4, 35, 5)
(4, 36, 5)
(4, 37, 5)
(4, 38, 3)
(4, 39, 2)

(5, 0, 18)
(5, 1, 16)
(5, 2, 16)
(5, 3, 15)
(5, 4, 12)
(5, 5, 10)
(5, 6, 10)
(5, 7, 8)
(5, 8, 8)
(5, 9, 8)
(5, 10, 8)
(5, 11, 8)
(5, 12, 8)
(5, 13, 8)
(5, 14, 8)
(5, 15, 8)
(5, 16, 8)
(5, 17, 8)
(5, 18, 7)
(5, 19, 7)
(5, 20, 7)
(5, 21, 6)
(5, 22, 6)
(5, 23, 6)
(5, 24, 6)
(5, 25, 6)
(5, 26, 6)
(5, 27, 6)
(5, 28, 6)
(5, 29, 6)
(5, 30, 6)
(5, 31, 6)
(5, 32, 6)
(5, 33, 6)
(5, 34, 4)
(5, 35, 4)
(5, 36, 4)
(5, 37, 4)
(5, 38, 3)
(5, 39, 2)

(6, 0, 21)
(6, 1, 19)
(6, 2, 19)
(6, 3, 17)
(6, 4, 13)
(6, 5, 11)
(6, 6, 11)
(6, 7, 8)
(6, 8, 8)
(6, 9, 8)
(6, 10, 8)
(6, 11, 8)
(6, 12, 8)
(6, 13, 8)
(6, 14, 8)
(6, 15, 8)
(6, 16, 8)
(6, 17, 8)
(6, 18, 6)
(6, 19, 6)
(6, 20, 6)
(6, 21, 6)
(6, 22, 6)
(6, 23, 6)
(6, 24, 6)
(6, 25, 6)
(6, 26, 6)
(6, 27, 6)
(6, 28, 6)
(6, 29, 6)
(6, 30, 6)
(6, 31, 6)
(6, 32, 6)
(6, 33, 6)
(6, 34, 4)
(6, 35, 4)
(6, 36, 4)
(6, 37, 4)
(6, 38, 3)
(6, 39, 2)

(7, 0, 21)
(7, 1, 19)
(7, 2, 19)
(7, 3, 17)
(7, 4, 13)
(7, 5, 11)
(7, 6, 11)
(7, 7, 8)
(7, 8, 8)
(7, 9, 8)
(7, 10, 8)
(7, 11, 8)
(7, 12, 8)
(7, 13, 8)
(7, 14, 8)
(7, 15, 8)
(7, 16, 8)
(7, 17, 8)
(7, 18, 6)
(7, 19, 6)
(7, 20, 6)
(7, 21, 6)
(7, 22, 6)
(7, 23, 6)
(7, 24, 6)
(7, 25, 6)
(7, 26, 6)
(7, 27, 6)
(7, 28, 6)
(7, 29, 6)
(7, 30, 6)
(7, 31, 6)
(7, 32, 6)
(7, 33, 6)
(7, 34, 4)
(7, 35, 4)
(7, 36, 4)
(7, 37, 4)
(7, 38, 3)
(7, 39, 2)

(8, 0, 21)
(8, 1, 19)
(8, 2, 19)
(8, 3, 17)
(8, 4, 13)
(8, 5, 11)
(8, 6, 11)
(8, 7, 8)
(8, 8, 8)
(8, 9, 8)
(8, 10, 8)
(8, 11, 8)
(8, 12, 8)
(8, 13, 8)
(8, 14, 8)
(8, 15, 8)
(8, 16, 8)
(8, 17, 8)
(8, 18, 6)
(8, 19, 6)
(8, 20, 6)
(8, 21, 6)
(8, 22, 6)
(8, 23, 6)
(8, 24, 6)
(8, 25, 6)
(8, 26, 6)
(8, 27, 6)
(8, 28, 6)
(8, 29, 6)
(8, 30, 6)
(8, 31, 6)
(8, 32, 6)
(8, 33, 6)
(8, 34, 4)
(8, 35, 4)
(8, 36, 4)
(8, 37, 4)
(8, 38, 3)
(8, 39, 2)

(9, 0, 21)
(9, 1, 19)
(9, 2, 19)
(9, 3, 17)
(9, 4, 13)
(9, 5, 11)
(9, 6, 11)
(9, 7, 8)
(9, 8, 8)
(9, 9, 8)
(9, 10, 8)
(9, 11, 8)
(9, 12, 8)
(9, 13, 8)
(9, 14, 8)
(9, 15, 8)
(9, 16, 8)
(9, 17, 8)
(9, 18, 6)
(9, 19, 6)
(9, 20, 6)
(9, 21, 6)
(9, 22, 6)
(9, 23, 6)
(9, 24, 6)
(9, 25, 6)
(9, 26, 6)
(9, 27, 6)
(9, 28, 6)
(9, 29, 6)
(9, 30, 6)
(9, 31, 6)
(9, 32, 6)
(9, 33, 6)
(9, 34, 4)
(9, 35, 4)
(9, 36, 4)
(9, 37, 4)
(9, 38, 3)
(9, 39, 2)

(10, 0, 21)
(10, 1, 19)
(10, 2, 19)
(10, 3, 17)
(10, 4, 13)
(10, 5, 11)
(10, 6, 11)
(10, 7, 8)
(10, 8, 8)
(10, 9, 8)
(10, 10, 8)
(10, 11, 8)
(10, 12, 8)
(10, 13, 8)
(10, 14, 8)
(10, 15, 8)
(10, 16, 8)
(10, 17, 8)
(10, 18, 6)
(10, 19, 6)
(10, 20, 6)
(10, 21, 6)
(10, 22, 6)
(10, 23, 6)
(10, 24, 6)
(10, 25, 6)
(10, 26, 6)
(10, 27, 6)
(10, 28, 6)
(10, 29, 6)
(10, 30, 6)
(10, 31, 6)
(10, 32, 6)
(10, 33, 6)
(10, 34, 4)
(10, 35, 4)
(10, 36, 4)
(10, 37, 4)
(10, 38, 3)
(10, 39, 2)

(11, 0, 21)
(11, 1, 19)
(11, 2, 19)
(11, 3, 17)
(11, 4, 13)
(11, 5, 11)
(11, 6, 11)
(11, 7, 8)
(11, 8, 8)
(11, 9, 8)
(11, 10, 8)
(11, 11, 8)
(11, 12, 8)
(11, 13, 8)
(11, 14, 8)
(11, 15, 8)
(11, 16, 8)
(11, 17, 8)
(11, 18, 6)
(11, 19, 6)
(11, 20, 6)
(11, 21, 6)
(11, 22, 6)
(11, 23, 6)
(11, 24, 6)
(11, 25, 6)
(11, 26, 6)
(11, 27, 6)
(11, 28, 6)
(11, 29, 6)
(11, 30, 6)
(11, 31, 6)
(11, 32, 6)
(11, 33, 6)
(11, 34, 4)
(11, 35, 4)
(11, 36, 4)
(11, 37, 4)
(11, 38, 3)
(11, 39, 2)

(12, 0, 21)
(12, 1, 19)
(12, 2, 19)
(12, 3, 17)
(12, 4, 13)
(12, 5, 11)
(12, 6, 11)
(12, 7, 8)
(12, 8, 8)
(12, 9, 8)
(12, 10, 8)
(12, 11, 8)
(12, 12, 8)
(12, 13, 8)
(12, 14, 8)
(12, 15, 8)
(12, 16, 8)
(12, 17, 8)
(12, 18, 6)
(12, 19, 6)
(12, 20, 6)
(12, 21, 6)
(12, 22, 6)
(12, 23, 6)
(12, 24, 6)
(12, 25, 6)
(12, 26, 6)
(12, 27, 6)
(12, 28, 6)
(12, 29, 6)
(12, 30, 6)
(12, 31, 6)
(12, 32, 6)
(12, 33, 6)
(12, 34, 4)
(12, 35, 4)
(12, 36, 4)
(12, 37, 4)
(12, 38, 3)
(12, 39, 2)

(13, 0, 21)
(13, 1, 19)
(13, 2, 19)
(13, 3, 17)
(13, 4, 13)
(13, 5, 11)
(13, 6, 11)
(13, 7, 8)
(13, 8, 8)
(13, 9, 8)
(13, 10, 8)
(13, 11, 8)
(13, 12, 8)
(13, 13, 8)
(13, 14, 8)
(13, 15, 8)
(13, 16, 8)
(13, 17, 8)
(13, 18, 6)
(13, 19, 6)
(13, 20, 6)
(13, 21, 6)
(13, 22, 6)
(13, 23, 6)
(13, 24, 6)
(13, 25, 6)
(13, 26, 6)
(13, 27, 6)
(13, 28, 6)
(13, 29, 6)
(13, 30, 6)
(13, 31, 6)
(13, 32, 6)
(13, 33, 6)
(13, 34, 4)
(13, 35, 4)
(13, 36, 4)
(13, 37, 4)
(13, 38, 3)
(13, 39, 2)

(14, 0, 21)
(14, 1, 19)
(14, 2, 19)
(14, 3, 17)
(14, 4, 13)
(14, 5, 11)
(14, 6, 11)
(14, 7, 8)
(14, 8, 8)
(14, 9, 8)
(14, 10, 8)
(14, 11, 8)
(14, 12, 8)
(14, 13, 8)
(14, 14, 8)
(14, 15, 8)
(14, 16, 8)
(14, 17, 8)
(14, 18, 6)
(14, 19, 6)
(14, 20, 6)
(14, 21, 6)
(14, 22, 6)
(14, 23, 6)
(14, 24, 6)
(14, 25, 6)
(14, 26, 6)
(14, 27, 6)
(14, 28, 6)
(14, 29, 6)
(14, 30, 6)
(14, 31, 6)
(14, 32, 6)
(14, 33, 6)
(14, 34, 4)
(14, 35, 4)
(14, 36, 4)
(14, 37, 4)
(14, 38, 3)
(14, 39, 2)

(15, 0, 21)
(15, 1, 19)
(15, 2, 19)
(15, 3, 17)
(15, 4, 13)
(15, 5, 11)
(15, 6, 11)
(15, 7, 8)
(15, 8, 8)
(15, 9, 8)
(15, 10, 8)
(15, 11, 8)
(15, 12, 8)
(15, 13, 8)
(15, 14, 8)
(15, 15, 8)
(15, 16, 8)
(15, 17, 8)
(15, 18, 6)
(15, 19, 6)
(15, 20, 6)
(15, 21, 6)
(15, 22, 6)
(15, 23, 6)
(15, 24, 6)
(15, 25, 6)
(15, 26, 6)
(15, 27, 6)
(15, 28, 6)
(15, 29, 6)
(15, 30, 6)
(15, 31, 6)
(15, 32, 6)
(15, 33, 6)
(15, 34, 4)
(15, 35, 4)
(15, 36, 4)
(15, 37, 4)
(15, 38, 3)
(15, 39, 2)

(16, 0, 21)
(16, 1, 19)
(16, 2, 19)
(16, 3, 17)
(16, 4, 13)
(16, 5, 11)
(16, 6, 11)
(16, 7, 8)
(16, 8, 8)
(16, 9, 8)
(16, 10, 8)
(16, 11, 8)
(16, 12, 8)
(16, 13, 8)
(16, 14, 8)
(16, 15, 8)
(16, 16, 8)
(16, 17, 8)
(16, 18, 6)
(16, 19, 6)
(16, 20, 6)
(16, 21, 6)
(16, 22, 6)
(16, 23, 6)
(16, 24, 6)
(16, 25, 6)
(16, 26, 6)
(16, 27, 6)
(16, 28, 6)
(16, 29, 6)
(16, 30, 6)
(16, 31, 6)
(16, 32, 6)
(16, 33, 6)
(16, 34, 4)
(16, 35, 4)
(16, 36, 4)
(16, 37, 4)
(16, 38, 3)
(16, 39, 2)

(17, 0, 21)
(17, 1, 19)
(17, 2, 19)
(17, 3, 17)
(17, 4, 13)
(17, 5, 11)
(17, 6, 11)
(17, 7, 8)
(17, 8, 8)
(17, 9, 8)
(17, 10, 8)
(17, 11, 8)
(17, 12, 8)
(17, 13, 8)
(17, 14, 8)
(17, 15, 8)
(17, 16, 8)
(17, 17, 8)
(17, 18, 6)
(17, 19, 6)
(17, 20, 6)
(17, 21, 6)
(17, 22, 6)
(17, 23, 6)
(17, 24, 6)
(17, 25, 6)
(17, 26, 6)
(17, 27, 6)
(17, 28, 6)
(17, 29, 6)
(17, 30, 6)
(17, 31, 6)
(17, 32, 6)
(17, 33, 6)
(17, 34, 4)
(17, 35, 4)
(17, 36, 4)
(17, 37, 4)
(17, 38, 3)
(17, 39, 2)

(18, 0, 21)
(18, 1, 19)
(18, 2, 19)
(18, 3, 17)
(18, 4, 13)
(18, 5, 11)
(18, 6, 11)
(18, 7, 8)
(18, 8, 8)
(18, 9, 8)
(18, 10, 8)
(18, 11, 8)
(18, 12, 8)
(18, 13, 8)
(18, 14, 8)
(18, 15, 8)
(18, 16, 8)
(18, 17, 8)
(18, 18, 6)
(18, 19, 6)
(18, 20, 6)
(18, 21, 6)
(18, 22, 6)
(18, 23, 6)
(18, 24, 6)
(18, 25, 6)
(18, 26, 6)
(18, 27, 6)
(18, 28, 6)
(18, 29, 6)
(18, 30, 6)
(18, 31, 6)
(18, 32, 6)
(18, 33, 6)
(18, 34, 4)
(18, 35, 4)
(18, 36, 4)
(18, 37, 4)
(18, 38, 3)
(18, 39, 2)

(19, 0, 21)
(19, 1, 19)
(19, 2, 19)
(19, 3, 17)
(19, 4, 13)
(19, 5, 11)
(19, 6, 11)
(19, 7, 8)
(19, 8, 8)
(19, 9, 8)
(19, 10, 8)
(19, 11, 8)
(19, 12, 8)
(19, 13, 8)
(19, 14, 8)
(19, 15, 8)
(19, 16, 8)
(19, 17, 8)
(19, 18, 6)
(19, 19, 6)
(19, 20, 6)
(19, 21, 6)
(19, 22, 6)
(19, 23, 6)
(19, 24, 6)
(19, 25, 6)
(19, 26, 6)
(19, 27, 6)
(19, 28, 6)
(19, 29, 6)
(19, 30, 6)
(19, 31, 6)
(19, 32, 6)
(19, 33, 6)
(19, 34, 4)
(19, 35, 4)
(19, 36, 4)
(19, 37, 4)
(19, 38, 3)
(19, 39, 2)

(20, 0, 21)
(20, 1, 19)
(20, 2, 19)
(20, 3, 17)
(20, 4, 13)
(20, 5, 11)
(20, 6, 11)
(20, 7, 8)
(20, 8, 8)
(20, 9, 8)
(20, 10, 8)
(20, 11, 8)
(20, 12, 8)
(20, 13, 8)
(20, 14, 8)
(20, 15, 8)
(20, 16, 8)
(20, 17, 8)
(20, 18, 6)
(20, 19, 6)
(20, 20, 6)
(20, 21, 6)
(20, 22, 6)
(20, 23, 6)
(20, 24, 6)
(20, 25, 6)
(20, 26, 6)
(20, 27, 6)
(20, 28, 6)
(20, 29, 6)
(20, 30, 6)
(20, 31, 6)
(20, 32, 6)
(20, 33, 6)
(20, 34, 4)
(20, 35, 4)
(20, 36, 4)
(20, 37, 4)
(20, 38, 3)
(20, 39, 2)

(21, 0, 21)
(21, 1, 19)
(21, 2, 19)
(21, 3, 17)
(21, 4, 13)
(21, 5, 11)
(21, 6, 11)
(21, 7, 8)
(21, 8, 8)
(21, 9, 8)
(21, 10, 8)
(21, 11, 8)
(21, 12, 8)
(21, 13, 8)
(21, 14, 8)
(21, 15, 8)
(21, 16, 8)
(21, 17, 8)
(21, 18, 6)
(21, 19, 6)
(21, 20, 6)
(21, 21, 6)
(21, 22, 6)
(21, 23, 6)
(21, 24, 6)
(21, 25, 6)
(21, 26, 6)
(21, 27, 6)
(21, 28, 6)
(21, 29, 6)
(21, 30, 6)
(21, 31, 6)
(21, 32, 6)
(21, 33, 6)
(21, 34, 4)
(21, 35, 4)
(21, 36, 4)
(21, 37, 4)
(21, 38, 3)
(21, 39, 2)

(22, 0, 21)
(22, 1, 19)
(22, 2, 19)
(22, 3, 17)
(22, 4, 13)
(22, 5, 11)
(22, 6, 11)
(22, 7, 8)
(22, 8, 8)
(22, 9, 8)
(22, 10, 8)
(22, 11, 8)
(22, 12, 8)
(22, 13, 8)
(22, 14, 8)
(22, 15, 8)
(22, 16, 8)
(22, 17, 8)
(22, 18, 6)
(22, 19, 6)
(22, 20, 6)
(22, 21, 6)
(22, 22, 6)
(22, 23, 6)
(22, 24, 6)
(22, 25, 6)
(22, 26, 6)
(22, 27, 6)
(22, 28, 6)
(22, 29, 6)
(22, 30, 6)
(22, 31, 6)
(22, 32, 6)
(22, 33, 6)
(22, 34, 4)
(22, 35, 4)
(22, 36, 4)
(22, 37, 4)
(22, 38, 3)
(22, 39, 2)

(23, 0, 21)
(23, 1, 19)
(23, 2, 19)
(23, 3, 17)
(23, 4, 13)
(23, 5, 11)
(23, 6, 11)
(23, 7, 8)
(23, 8, 8)
(23, 9, 8)
(23, 10, 8)
(23, 11, 8)
(23, 12, 8)
(23, 13, 8)
(23, 14, 8)
(23, 15, 8)
(23, 16, 8)
(23, 17, 8)
(23, 18, 6)
(23, 19, 6)
(23, 20, 6)
(23, 21, 6)
(23, 22, 6)
(23, 23, 6)
(23, 24, 6)
(23, 25, 6)
(23, 26, 6)
(23, 27, 6)
(23, 28, 6)
(23, 29, 6)
(23, 30, 6)
(23, 31, 6)
(23, 32, 6)
(23, 33, 6)
(23, 34, 4)
(23, 35, 4)
(23, 36, 4)
(23, 37, 4)
(23, 38, 3)
(23, 39, 2)

(24, 0, 23)
(24, 1, 21)
(24, 2, 21)
(24, 3, 19)
(24, 4, 15)
(24, 5, 13)
(24, 6, 12)
(24, 7, 9)
(24, 8, 9)
(24, 9, 9)
(24, 10, 9)
(24, 11, 9)
(24, 12, 9)
(24, 13, 9)
(24, 14, 9)
(24, 15, 9)
(24, 16, 9)
(24, 17, 9)
(24, 18, 7)
(24, 19, 7)
(24, 20, 7)
(24, 21, 7)
(24, 22, 7)
(24, 23, 7)
(24, 24, 7)
(24, 25, 7)
(24, 26, 7)
(24, 27, 7)
(24, 28, 7)
(24, 29, 7)
(24, 30, 7)
(24, 31, 7)
(24, 32, 7)
(24, 33, 7)
(24, 34, 5)
(24, 35, 5)
(24, 36, 5)
(24, 37, 5)
(24, 38, 4)
(24, 39, 3)

(25, 0, 24)
(25, 1, 21)
(25, 2, 21)
(25, 3, 19)
(25, 4, 15)
(25, 5, 12)
(25, 6, 12)
(25, 7, 9)
(25, 8, 9)
(25, 9, 9)
(25, 10, 9)
(25, 11, 9)
(25, 12, 9)
(25, 13, 9)
(25, 14, 9)
(25, 15, 9)
(25, 16, 9)
(25, 17, 9)
(25, 18, 7)
(25, 19, 7)
(25, 20, 7)
(25, 21, 7)
(25, 22, 7)
(25, 23, 7)
(25, 24, 7)
(25, 25, 7)
(25, 26, 7)
(25, 27, 7)
(25, 28, 7)
(25, 29, 7)
(25, 30, 7)
(25, 31, 7)
(25, 32, 7)
(25, 33, 7)
(25, 34, 5)
(25, 35, 5)
(25, 36, 5)
(25, 37, 5)
(25, 38, 4)
(25, 39, 3)

(26, 0, 25)
(26, 1, 22)
(26, 2, 22)
(26, 3, 20)
(26, 4, 14)
(26, 5, 12)
(26, 6, 12)
(26, 7, 9)
(26, 8, 9)
(26, 9, 9)
(26, 10, 9)
(26, 11, 9)
(26, 12, 9)
(26, 13, 9)
(26, 14, 9)
(26, 15, 9)
(26, 16, 9)
(26, 17, 9)
(26, 18, 7)
(26, 19, 7)
(26, 20, 7)
(26, 21, 7)
(26, 22, 7)
(26, 23, 7)
(26, 24, 7)
(26, 25, 7)
(26, 26, 7)
(26, 27, 7)
(26, 28, 7)
(26, 29, 7)
(26, 30, 7)
(26, 31, 7)
(26, 32, 7)
(26, 33, 7)
(26, 34, 5)
(26, 35, 5)
(26, 36, 5)
(26, 37, 5)
(26, 38, 4)
(26, 39, 3)

(27, 0, 27)
(27, 1, 24)
(27, 2, 24)
(27, 3, 22)
(27, 4, 16)
(27, 5, 13)
(27, 6, 13)
(27, 7, 10)
(27, 8, 10)
(27, 9, 10)
(27, 10, 10)
(27, 11, 10)
(27, 12, 10)
(27, 13, 10)
(27, 14, 10)
(27, 15, 10)
(27, 16, 10)
(27, 17, 10)
(27, 18, 8)
(27, 19, 8)
(27, 20, 8)
(27, 21, 8)
(27, 22, 8)
(27, 23, 8)
(27, 24, 8)
(27, 25, 8)
(27, 26, 8)
(27, 27, 8)
(27, 28, 8)
(27, 29, 8)
(27, 30, 8)
(27, 31, 8)
(27, 32, 8)
(27, 33, 8)
(27, 34, 6)
(27, 35, 6)
(27, 36, 6)
(27, 37, 6)
(27, 38, 5)
(27, 39, 4)

(28, 0, 30)
(28, 1, 27)
(28, 2, 27)
(28, 3, 25)
(28, 4, 18)
(28, 5, 15)
(28, 6, 15)
(28, 7, 12)
(28, 8, 12)
(28, 9, 12)
(28, 10, 12)
(28, 11, 12)
(28, 12, 12)
(28, 13, 12)
(28, 14, 12)
(28, 15, 12)
(28, 16, 12)
(28, 17, 12)
(28, 18, 9)
(28, 19, 9)
(28, 20, 9)
(28, 21, 9)
(28, 22, 9)
(28, 23, 9)
(28, 24, 9)
(28, 25, 9)
(28, 26, 9)
(28, 27, 9)
(28, 28, 9)
(28, 29, 9)
(28, 30, 9)
(28, 31, 9)
(28, 32, 9)
(28, 33, 9)
(28, 34, 7)
(28, 35, 7)
(28, 36, 7)
(28, 37, 7)
(28, 38, 6)
(28, 39, 5)

(29, 0, 32)
(29, 1, 29)
(29, 2, 29)
(29, 3, 27)
(29, 4, 20)
(29, 5, 17)
(29, 6, 17)
(29, 7, 12)
(29, 8, 12)
(29, 9, 12)
(29, 10, 12)
(29, 11, 12)
(29, 12, 12)
(29, 13, 12)
(29, 14, 12)
(29, 15, 12)
(29, 16, 12)
(29, 17, 12)
(29, 18, 9)
(29, 19, 9)
(29, 20, 9)
(29, 21, 9)
(29, 22, 9)
(29, 23, 9)
(29, 24, 9)
(29, 25, 9)
(29, 26, 9)
(29, 27, 9)
(29, 28, 9)
(29, 29, 9)
(29, 30, 9)
(29, 31, 9)
(29, 32, 9)
(29, 33, 9)
(29, 34, 7)
(29, 35, 7)
(29, 36, 7)
(29, 37, 7)
(29, 38, 6)
(29, 39, 5)

(30, 0, 34)
(30, 1, 30)
(30, 2, 30)
(30, 3, 27)
(30, 4, 20)
(30, 5, 17)
(30, 6, 17)
(30, 7, 12)
(30, 8, 12)
(30, 9, 12)
(30, 10, 12)
(30, 11, 12)
(30, 12, 12)
(30, 13, 12)
(30, 14, 12)
(30, 15, 12)
(30, 16, 12)
(30, 17, 12)
(30, 18, 9)
(30, 19, 9)
(30, 20, 9)
(30, 21, 9)
(30, 22, 9)
(30, 23, 9)
(30, 24, 9)
(30, 25, 9)
(30, 26, 9)
(30, 27, 9)
(30, 28, 9)
(30, 29, 9)
(30, 30, 9)
(30, 31, 9)
(30, 32, 9)
(30, 33, 9)
(30, 34, 7)
(30, 35, 7)
(30, 36, 7)
(30, 37, 7)
(30, 38, 6)
(30, 39, 5)

(31, 0, 35)
(31, 1, 31)
(31, 2, 31)
(31, 3, 28)
(31, 4, 21)
(31, 5, 18)
(31, 6, 18)
(31, 7, 13)
(31, 8, 13)
(31, 9, 13)
(31, 10, 13)
(31, 11, 13)
(31, 12, 13)
(31, 13, 13)
(31, 14, 13)
(31, 15, 13)
(31, 16, 13)
(31, 17, 13)
(31, 18, 10)
(31, 19, 10)
(31, 20, 10)
(31, 21, 10)
(31, 22, 10)
(31, 23, 10)
(31, 24, 10)
(31, 25, 10)
(31, 26, 10)
(31, 27, 10)
(31, 28, 10)
(31, 29, 10)
(31, 30, 10)
(31, 31, 10)
(31, 32, 10)
(31, 33, 10)
(31, 34, 7)
(31, 35, 7)
(31, 36, 7)
(31, 37, 7)
(31, 38, 5)
(31, 39, 4)

(32, 0, 36)
(32, 1, 32)
(32, 2, 32)
(32, 3, 29)
(32, 4, 21)
(32, 5, 18)
(32, 6, 18)
(32, 7, 13)
(32, 8, 13)
(32, 9, 13)
(32, 10, 13)
(32, 11, 13)
(32, 12, 13)
(32, 13, 13)
(32, 14, 13)
(32, 15, 13)
(32, 16, 13)
(32, 17, 13)
(32, 18, 10)
(32, 19, 10)
(32, 20, 10)
(32, 21, 10)
(32, 22, 10)
(32, 23, 10)
(32, 24, 10)
(32, 25, 10)
(32, 26, 10)
(32, 27, 10)
(32, 28, 10)
(32, 29, 10)
(32, 30, 10)
(32, 31, 10)
(32, 32, 10)
(32, 33, 10)
(32, 34, 7)
(32, 35, 7)
(32, 36, 7)
(32, 37, 7)
(32, 38, 5)
(32, 39, 4)

(33, 0, 36)
(33, 1, 32)
(33, 2, 32)
(33, 3, 29)
(33, 4, 21)
(33, 5, 18)
(33, 6, 18)
(33, 7, 13)
(33, 8, 13)
(33, 9, 13)
(33, 10, 13)
(33, 11, 13)
(33, 12, 13)
(33, 13, 13)
(33, 14, 13)
(33, 15, 13)
(33, 16, 13)
(33, 17, 13)
(33, 18, 10)
(33, 19, 10)
(33, 20, 10)
(33, 21, 10)
(33, 22, 10)
(33, 23, 10)
(33, 24, 10)
(33, 25, 10)
(33, 26, 10)
(33, 27, 10)
(33, 28, 10)
(33, 29, 10)
(33, 30, 10)
(33, 31, 10)
(33, 32, 10)
(33, 33, 10)
(33, 34, 7)
(33, 35, 7)
(33, 36, 7)
(33, 37, 7)
(33, 38, 5)
(33, 39, 4)

(34, 0, 38)
(34, 1, 34)
(34, 2, 34)
(34, 3, 30)
(34, 4, 22)
(34, 5, 19)
(34, 6, 19)
(34, 7, 14)
(34, 8, 14)
(34, 9, 14)
(34, 10, 14)
(34, 11, 14)
(34, 12, 14)
(34, 13, 14)
(34, 14, 14)
(34, 15, 14)
(34, 16, 14)
(34, 17, 14)
(34, 18, 10)
(34, 19, 10)
(34, 20, 10)
(34, 21, 10)
(34, 22, 10)
(34, 23, 10)
(34, 24, 10)
(34, 25, 10)
(34, 26, 10)
(34, 27, 10)
(34, 28, 10)
(34, 29, 10)
(34, 30, 10)
(34, 31, 10)
(34, 32, 10)
(34, 33, 10)
(34, 34, 7)
(34, 35, 7)
(34, 36, 7)
(34, 37, 7)
(34, 38, 5)
(34, 39, 4)

(35, 0, 38)
(35, 1, 34)
(35, 2, 34)
(35, 3, 30)
(35, 4, 22)
(35, 5, 19)
(35, 6, 19)
(35, 7, 14)
(35, 8, 14)
(35, 9, 14)
(35, 10, 14)
(35, 11, 14)
(35, 12, 14)
(35, 13, 14)
(35, 14, 14)
(35, 15, 14)
(35, 16, 14)
(35, 17, 14)
(35, 18, 10)
(35, 19, 10)
(35, 20, 10)
(35, 21, 10)
(35, 22, 10)
(35, 23, 10)
(35, 24, 10)
(35, 25, 10)
(35, 26, 10)
(35, 27, 10)
(35, 28, 10)
(35, 29, 10)
(35, 30, 10)
(35, 31, 10)
(35, 32, 10)
(35, 33, 10)
(35, 34, 7)
(35, 35, 7)
(35, 36, 7)
(35, 37, 7)
(35, 38, 5)
(35, 39, 4)

(36, 0, 38)
(36, 1, 34)
(36, 2, 34)
(36, 3, 30)
(36, 4, 22)
(36, 5, 19)
(36, 6, 19)
(36, 7, 14)
(36, 8, 14)
(36, 9, 14)
(36, 10, 14)
(36, 11, 14)
(36, 12, 14)
(36, 13, 14)
(36, 14, 14)
(36, 15, 14)
(36, 16, 14)
(36, 17, 14)
(36, 18, 10)
(36, 19, 10)
(36, 20, 10)
(36, 21, 10)
(36, 22, 10)
(36, 23, 10)
(36, 24, 10)
(36, 25, 10)
(36, 26, 10)
(36, 27, 10)
(36, 28, 10)
(36, 29, 10)
(36, 30, 10)
(36, 31, 10)
(36, 32, 10)
(36, 33, 10)
(36, 34, 7)
(36, 35, 7)
(36, 36, 7)
(36, 37, 7)
(36, 38, 5)
(36, 39, 4)

(37, 0, 38)
(37, 1, 34)
(37, 2, 34)
(37, 3, 30)
(37, 4, 22)
(37, 5, 19)
(37, 6, 19)
(37, 7, 14)
(37, 8, 14)
(37, 9, 14)
(37, 10, 14)
(37, 11, 14)
(37, 12, 14)
(37, 13, 14)
(37, 14, 14)
(37, 15, 14)
(37, 16, 14)
(37, 17, 14)
(37, 18, 10)
(37, 19, 10)
(37, 20, 10)
(37, 21, 10)
(37, 22, 10)
(37, 23, 10)
(37, 24, 10)
(37, 25, 10)
(37, 26, 10)
(37, 27, 10)
(37, 28, 10)
(37, 29, 10)
(37, 30, 10)
(37, 31, 10)
(37, 32, 10)
(37, 33, 10)
(37, 34, 7)
(37, 35, 7)
(37, 36, 7)
(37, 37, 7)
(37, 38, 5)
(37, 39, 4)

(38, 0, 40)
(38, 1, 36)
(38, 2, 36)
(38, 3, 32)
(38, 4, 24)
(38, 5, 20)
(38, 6, 20)
(38, 7, 15)
(38, 8, 15)
(38, 9, 15)
(38, 10, 15)
(38, 11, 15)
(38, 12, 15)
(38, 13, 15)
(38, 14, 15)
(38, 15, 15)
(38, 16, 15)
(38, 17, 15)
(38, 18, 11)
(38, 19, 11)
(38, 20, 11)
(38, 21, 11)
(38, 22, 11)
(38, 23, 11)
(38, 24, 11)
(38, 25, 11)
(38, 26, 11)
(38, 27, 11)
(38, 28, 11)
(38, 29, 11)
(38, 30, 11)
(38, 31, 11)
(38, 32, 11)
(38, 33, 11)
(38, 34, 8)
(38, 35, 8)
(38, 36, 8)
(38, 37, 8)
(38, 38, 6)
(38, 39, 5)

(39, 0, 43)
(39, 1, 39)
(39, 2, 39)
(39, 3, 35)
(39, 4, 26)
(39, 5, 22)
(39, 6, 22)
(39, 7, 16)
(39, 8, 16)
(39, 9, 16)
(39, 10, 16)
(39, 11, 16)
(39, 12, 16)
(39, 13, 16)
(39, 14, 16)
(39, 15, 16)
(39, 16, 16)
(39, 17, 16)
(39, 18, 12)
(39, 19, 12)
(39, 20, 12)
(39, 21, 12)
(39, 22, 12)
(39, 23, 12)
(39, 24, 12)
(39, 25, 12)
(39, 26, 12)
(39, 27, 12)
(39, 28, 12)
(39, 29, 12)
(39, 30, 12)
(39, 31, 12)
(39, 32, 12)
(39, 33, 12)
(39, 34, 8)
(39, 35, 8)
(39, 36, 8)
(39, 37, 8)
(39, 38, 6)
(39, 39, 4)


Betti numbers:
xi_0:
(0, 0, 4)
(1, 0, 2)
(2, 0, 5)
(3, 0, 3)
(4, 0, 2)
(5, 0, 2)
(6, 0, 3)
(24, 0, 2)
(25, 0, 1)
(26, 0, 1)
(27, 0, 2)
(28, 0, 3)
(29, 0, 2)
(30, 0, 2)
(31, 0, 1)
(32, 0, 1)
(34, 0, 2)
(38, 0, 2)
(39, 0, 3)
xi_1:
(0, 1, 1)
(0, 38, 1)
(1, 4, 1)
(1, 5, 1)
(1, 34, 1)
(1, 39, 1)
(2, 4, 1)
(2, 7, 2)
(2, 21, 1)
(2, 38, 1)
(3, 1, 1)
(3, 4, 1)
(3, 18, 1)
(4, 3, 1)
(4, 38, 1)
(4, 39, 1)
(5, 5, 1)
(5, 21, 1)
(5, 34, 1)
(6, 3, 1)
(6, 4, 1)
(6, 7, 1)
(6, 18, 1)
(24, 6, 1)
(25, 1, 1)
(25, 5, 1)
(26, 4, 2)
(27, 5, 1)
(28, 4, 1)
(28, 18, 1)
(29, 7, 2)
(30, 1, 1)
(30, 3, 1)
(31, 34, 1)
(31, 38, 1)
(32, 4, 1)
(34, 3, 1)
(34, 18, 1)
(38, 5, 1)
(39, 4, 1)
(39, 7, 1)
(39, 34, 1)
(39, 39, 1)
xi_2:
(1, 38, 1)
(2, 39, 1)
(3, 21, 1)
(5, 38, 1)
(6, 21, 1)
(25, 6, 1)
(26, 5, 1)
