x-grades
-531880331476603319/400000000000000000
-261039212770652899/200000000000000000
-512276519606008277/400000000000000000
-125618653417677689/100000000000000000
-98534541547082647/80000000000000000
-241435400900057857/200000000000000000
-473068895864818193/400000000000000000
-14477093435297521/12500000000000000
-453465083994223151/400000000000000000
-44366317805892563/40000000000000000
-433861272123628109/400000000000000000
-106014841547082647/100000000000000000
-414257460253033067/400000000000000000
-202227777158867773/200000000000000000
-15786145935297521/16000000000000000
-48106467805892563/50000000000000000
-375049836511842983/400000000000000000
-182623965288272731/200000000000000000
-355446024641247941/400000000000000000
-17282205935297521/20000000000000000
-335842212770652899/400000000000000000
-163020153417677689/200000000000000000
-316238400900057857/400000000000000000
-19152280935297521/25000000000000000
-59326917805892563/80000000000000000
-143416341547082647/200000000000000000
-277030777158867773/400000000000000000
-66807217805892563/100000000000000000
-257426965288272731/400000000000000000
-24762505935297521/40000000000000000
-237823153417677689/400000000000000000
-28502655935297521/50000000000000000
-218219341547082647/400000000000000000
-104208717805892563/200000000000000000
-39723105935297521/80000000000000000
-47203405935297521/100000000000000000
-179011717805892563/400000000000000000
-84604905935297521/200000000000000000
-159407905935297521/400000000000000000
-74803/200000

y-grades
79383/320000
79383/160000
238149/320000
79383/80000
79383/64000
238149/160000
555681/320000
79383/40000
714447/320000
79383/32000
873213/320000
238149/80000
1031979/320000
555681/160000
238149/64000
79383/20000
1349511/320000
714447/160000
1508277/320000
79383/16000
1667043/320000
873213/160000
1825809/320000
238149/40000
79383/12800
1031979/160000
2143341/320000
555681/80000
2302107/320000
238149/32000
2460873/320000
79383/10000
2619639/320000
1349511/160000
555681/64000
714447/80000
2937171/320000
1508277/160000
3095937/320000
79383/8000

Dimensions > 0:
(0, 0, 4)
(0, 1, 3)
(0, 2, 3)
(0, 3, 1)
(0, 4, 1)
(0, 5, 1)
(0, 6, 1)
(0, 7, 1)
(0, 8, 1)
(0, 9, 1)
(0, 10, 1)
(0, 11, 1)
(0, 12, 1)
(0, 13, 1)
(0, 14, 1)
(0, 15, 1)
(0, 16, 1)
(0, 17, 1)
(0, 18, 1)
(0, 19, 1)
(0, 20, 1)
(0, 21, 1)
(0, 22, 1)
(0, 23, 1)
(0, 24, 1)
(0, 25, 1)
(0, 26, 1)
(0, 27, 1)
(0, 28, 1)
(0, 29, 1)
(0, 30, 1)
(0, 31, 1)
(0, 32, 1)
(0, 33, 1)
(0, 34, 1)
(0, 35, 1)
(0, 36, 1)
(0, 37, 1)
(0, 38, 1)
(0, 39, 1)

(1, 0, 6)
(1, 1, 4)
(1, 2, 4)
(1, 3, 1)
(1, 4, 1)
(1, 5, 1)
(1, 6, 1)
(1, 7, 1)
(1, 8, 1)
(1, 9, 1)
(1, 10, 1)
(1, 11, 1)
(1, 12, 1)
(1, 13, 1)
(1, 14, 1)
(1, 15, 1)
(1, 16, 1)
(1, 17, 1)
(1, 18, 1)
(1, 19, 1)
(1, 20, 1)
(1, 21, 1)
(1, 22, 1)
(1, 23, 1)
(1, 24, 1)
(1, 25, 1)
(1, 26, 1)
(1, 27, 1)
(1, 28, 1)
(1, 29, 1)
(1, 30, 1)
(1, 31, 1)
(1, 32, 1)
(1, 33, 1)
(1, 34, 1)
(1, 35, 1)
(1, 36, 1)
(1, 37, 1)
(1, 38, 1)
(1, 39, 1)

(2, 0, 11)
(2, 1, 9)
(2, 2, 9)
(2, 3, 5)
(2, 4, 3)
(2, 5, 3)
(2, 6, 3)
(2, 7, 3)
(2, 8, 3)
(2, 9, 3)
(2, 10, 3)
(2, 11, 3)
(2, 12, 3)
(2, 13, 3)
(2, 14, 3)
(2, 15, 3)
(2, 16, 3)
(2, 17, 3)
(2, 18, 3)
(2, 19, 3)
(2, 20, 3)
(2, 21, 2)
(2, 22, 2)
(2, 23, 2)
(2, 24, 2)
(2, 25, 2)
(2, 26, 2)
(2, 27, 2)
(2, 28, 2)
(2, 29, 2)
(2, 30, 2)
(2, 31, 2)
(2, 32, 2)
(2, 33, 2)
(2, 34, 2)
(2, 35, 2)
(2, 36, 2)
(2, 37, 2)
(2, 38, 2)
(2, 39, 2)

(3, 0, 17)
(3, 1, 15)
(3, 2, 15)
(3, 3, 5)
(3, 4, 4)
(3, 5, 4)
(3, 6, 4)
(3, 7, 4)
(3, 8, 4)
(3, 9, 4)
(3, 10, 4)
(3, 11, 4)
(3, 12, 4)
(3, 13, 4)
(3, 14, 4)
(3, 15, 4)
(3, 16, 4)
(3, 17, 4)
(3, 18, 4)
(3, 19, 4)
(3, 20, 4)
(3, 21, 3)
(3, 22, 3)
(3, 23, 3)
(3, 24, 3)
(3, 25, 3)
(3, 26, 3)
(3, 27, 3)
(3, 28, 3)
(3, 29, 3)
(3, 30, 3)
(3, 31, 3)
(3, 32, 3)
(3, 33, 2)
(3, 34, 2)
(3, 35, 2)
(3, 36, 2)
(3, 37, 2)
(3, 38, 2)
(3, 39, 2)

(4, 0, 19)
(4, 1, 16)
(4, 2, 16)
(4, 3, 5)
(4, 4, 4)
(4, 5, 4)
(4, 6, 4)
(4, 7, 4)
(4, 8, 4)
(4, 9, 4)
(4, 10, 4)
(4, 11, 4)
(4, 12, 4)
(4, 13, 4)
(4, 14, 4)
(4, 15, 4)
(4, 16, 4)
(4, 17, 4)
(4, 18, 4)
(4, 19, 4)
(4, 20, 4)
(4, 21, 3)
(4, 22, 3)
(4, 23, 3)
(4, 24, 3)
(4, 25, 3)
(4, 26, 3)
(4, 27, 3)
(4, 28, 3)
(4, 29, 3)
(4, 30, 3)
(4, 31, 3)
(4, 32, 2)
(4, 33, 2)
(4, 34, 2)
(4, 35, 2)
(4, 36, 2)
(4, 37, 2)
(4, 38, 2)
(4, 39, 2)

(5, 0, 23)
(5, 1, 20)
(5, 2, 20)
(5, 3, 8)
(5, 4, 5)
(5, 5, 5)
(5, 6, 5)
(5, 7, 5)
(5, 8, 5)
(5, 9, 5)
(5, 10, 5)
(5, 11, 5)
(5, 12, 5)
(5, 13, 5)
(5, 14, 5)
(5, 15, 5)
(5, 16, 5)
(5, 17, 5)
(5, 18, 5)
(5, 19, 5)
(5, 20, 5)
(5, 21, 3)
(5, 22, 3)
(5, 23, 3)
(5, 24, 3)
(5, 25, 3)
(5, 26, 3)
(5, 27, 3)
(5, 28, 3)
(5, 29, 3)
(5, 30, 3)
(5, 31, 3)
(5, 32, 2)
(5, 33, 2)
(5, 34, 2)
(5, 35, 2)
(5, 36, 2)
(5, 37, 2)
(5, 38, 2)
(5, 39, 2)

(6, 0, 26)
(6, 1, 23)
(6, 2, 23)
(6, 3, 8)
(6, 4, 6)
(6, 5, 6)
(6, 6, 6)
(6, 7, 6)
(6, 8, 6)
(6, 9, 6)
(6, 10, 6)
(6, 11, 6)
(6, 12, 6)
(6, 13, 6)
(6, 14, 6)
(6, 15, 6)
(6, 16, 6)
(6, 17, 6)
(6, 18, 6)
(6, 19, 6)
(6, 20, 6)
(6, 21, 4)
(6, 22, 4)
(6, 23, 4)
(6, 24, 4)
(6, 25, 4)
(6, 26, 4)
(6, 27, 4)
(6, 28, 4)
(6, 29, 4)
(6, 30, 4)
(6, 31, 4)
(6, 32, 3)
(6, 33, 2)
(6, 34, 2)
(6, 35, 2)
(6, 36, 2)
(6, 37, 2)
(6, 38, 2)
(6, 39, 2)

(7, 0, 28)
(7, 1, 24)
(7, 2, 24)
(7, 3, 8)
(7, 4, 6)
(7, 5, 6)
(7, 6, 6)
(7, 7, 6)
(7, 8, 6)
(7, 9, 6)
(7, 10, 6)
(7, 11, 6)
(7, 12, 6)
(7, 13, 6)
(7, 14, 6)
(7, 15, 6)
(7, 16, 6)
(7, 17, 6)
(7, 18, 6)
(7, 19, 6)
(7, 20, 6)
(7, 21, 4)
(7, 22, 4)
(7, 23, 4)
(7, 24, 4)
(7, 25, 4)
(7, 26, 4)
(7, 27, 4)
(7, 28, 4)
(7, 29, 4)
(7, 30, 4)
(7, 31, 4)
(7, 32, 2)
(7, 33, 2)
(7, 34, 2)
(7, 35, 2)
(7, 36, 2)
(7, 37, 2)
(7, 38, 2)
(7, 39, 2)

(8, 0, 28)
(8, 1, 24)
(8, 2, 24)
(8, 3, 8)
(8, 4, 6)
(8, 5, 6)
(8, 6, 6)
(8, 7, 6)
(8, 8, 6)
(8, 9, 6)
(8, 10, 6)
(8, 11, 6)
(8, 12, 6)
(8, 13, 6)
(8, 14, 6)
(8, 15, 6)
(8, 16, 6)
(8, 17, 6)
(8, 18, 6)
(8, 19, 6)
(8, 20, 6)
(8, 21, 4)
(8, 22, 4)
(8, 23, 4)
(8, 24, 4)
(8, 25, 4)
(8, 26, 4)
(8, 27, 4)
(8, 28, 4)
(8, 29, 4)
(8, 30, 4)
(8, 31, 4)
(8, 32, 2)
(8, 33, 2)
(8, 34, 2)
(8, 35, 2)
(8, 36, 2)
(8, 37, 2)
(8, 38, 2)
(8, 39, 2)

(9, 0, 28)
(9, 1, 24)
(9, 2, 24)
(9, 3, 8)
(9, 4, 6)
(9, 5, 6)
(9, 6, 6)
(9, 7, 6)
(9, 8, 6)
(9, 9, 6)
(9, 10, 6)
(9, 11, 6)
(9, 12, 6)
(9, 13, 6)
(9, 14, 6)
(9, 15, 6)
(9, 16, 6)
(9, 17, 6)
(9, 18, 6)
(9, 19, 6)
(9, 20, 6)
(9, 21, 4)
(9, 22, 4)
(9, 23, 4)
(9, 24, 4)
(9, 25, 4)
(9, 26, 4)
(9, 27, 4)
(9, 28, 4)
(9, 29, 4)
(9, 30, 4)
(9, 31, 4)
(9, 32, 2)
(9, 33, 2)
(9, 34, 2)
(9, 35, 2)
(9, 36, 2)
(9, 37, 2)
(9, 38, 2)
(9, 39, 2)

(10, 0, 28)
(10, 1, 24)
(10, 2, 24)
(10, 3, 8)
(10, 4, 6)
(10, 5, 6)
(10, 6, 6)
(10, 7, 6)
(10, 8, 6)
(10, 9, 6)
(10, 10, 6)
(10, 11, 6)
(10, 12, 6)
(10, 13, 6)
(10, 14, 6)
(10, 15, 6)
(10, 16, 6)
(10, 17, 6)
(10, 18, 6)
(10, 19, 6)
(10, 20, 6)
(10, 21, 4)
(10, 22, 4)
(10, 23, 4)
(10, 24, 4)
(10, 25, 4)
(10, 26, 4)
(10, 27, 4)
(10, 28, 4)
(10, 29, 4)
(10, 30, 4)
(10, 31, 4)
(10, 32, 2)
(10, 33, 2)
(10, 34, 2)
(10, 35, 2)
(10, 36, 2)
(10, 37, 2)
(10, 38, 2)
(10, 39, 2)

(11, 0, 28)
(11, 1, 24)
(11, 2, 24)
(11, 3, 8)
(11, 4, 6)
(11, 5, 6)
(11, 6, 6)
(11, 7, 6)
(11, 8, 6)
(11, 9, 6)
(11, 10, 6)
(11, 11, 6)
(11, 12, 6)
(11, 13, 6)
(11, 14, 6)
(11, 15, 6)
(11, 16, 6)
(11, 17, 6)
(11, 18, 6)
(11, 19, 6)
(11, 20, 6)
(11, 21, 4)
(11, 22, 4)
(11, 23, 4)
(11, 24, 4)
(11, 25, 4)
(11, 26, 4)
(11, 27, 4)
(11, 28, 4)
(11, 29, 4)
(11, 30, 4)
(11, 31, 4)
(11, 32, 2)
(11, 33, 2)
(11, 34, 2)
(11, 35, 2)
(11, 36, 2)
(11, 37, 2)
(11, 38, 2)
(11, 39, 2)

(12, 0, 28)
(12, 1, 24)
(12, 2, 24)
(12, 3, 8)
(12, 4, 6)
(12, 5, 6)
(12, 6, 6)
(12, 7, 6)
(12, 8, 6)
(12, 9, 6)
(12, 10, 6)
(12, 11, 6)
(12, 12, 6)
(12, 13, 6)
(12, 14, 6)
(12, 15, 6)
(12, 16, 6)
(12, 17, 6)
(12, 18, 6)
(12, 19, 6)
(12, 20, 6)
(12, 21, 4)
(12, 22, 4)
(12, 23, 4)
(12, 24, 4)
(12, 25, 4)
(12, 26, 4)
(12, 27, 4)
(12, 28, 4)
(12, 29, 4)
(12, 30, 4)
(12, 31, 4)
(12, 32, 2)
(12, 33, 2)
(12, 34, 2)
(12, 35, 2)
(12, 36, 2)
(12, 37, 2)
(12, 38, 2)
(12, 39, 2)

(13, 0, 28)
(13, 1, 24)
(13, 2, 24)
(13, 3, 8)
(13, 4, 6)
(13, 5, 6)
(13, 6, 6)
(13, 7, 6)
(13, 8, 6)
(13, 9, 6)
(13, 10, 6)
(13, 11, 6)
(13, 12, 6)
(13, 13, 6)
(13, 14, 6)
(13, 15, 6)
(13, 16, 6)
(13, 17, 6)
(13, 18, 6)
(13, 19, 6)
(13, 20, 6)
(13, 21, 4)
(13, 22, 4)
(13, 23, 4)
(13, 24, 4)
(13, 25, 4)
(13, 26, 4)
(13, 27, 4)
(13, 28, 4)
(13, 29, 4)
(13, 30, 4)
(13, 31, 4)
(13, 32, 2)
(13, 33, 2)
(13, 34, 2)
(13, 35, 2)
(13, 36, 2)
(13, 37, 2)
(13, 38, 2)
(13, 39, 2)

(14, 0, 28)
(14, 1, 24)
(14, 2, 24)
(14, 3, 8)
(14, 4, 6)
(14, 5, 6)
(14, 6, 6)
(14, 7, 6)
(14, 8, 6)
(14, 9, 6)
(14, 10, 6)
(14, 11, 6)
(14, 12, 6)
(14, 13, 6)
(14, 14, 6)
(14, 15, 6)
(14, 16, 6)
(14, 17, 6)
(14, 18, 6)
(14, 19, 6)
(14, 20, 6)
(14, 21, 4)
(14, 22, 4)
(14, 23, 4)
(14, 24, 4)
(14, 25, 4)
(14, 26, 4)
(14, 27, 4)
(14, 28, 4)
(14, 29, 4)
(14, 30, 4)
(14, 31, 4)
(14, 32, 2)
(14, 33, 2)
(14, 34, 2)
(14, 35, 2)
(14, 36, 2)
(14, 37, 2)
(14, 38, 2)
(14, 39, 2)

(15, 0, 28)
(15, 1, 24)
(15, 2, 24)
(15, 3, 8)
(15, 4, 6)
(15, 5, 6)
(15, 6, 6)
(15, 7, 6)
(15, 8, 6)
(15, 9, 6)
(15, 10, 6)
(15, 11, 6)
(15, 12, 6)
(15, 13, 6)
(15, 14, 6)
(15, 15, 6)
(15, 16, 6)
(15, 17, 6)
(15, 18, 6)
(15, 19, 6)
(15, 20, 6)
(15, 21, 4)
(15, 22, 4)
(15, 23, 4)
(15, 24, 4)
(15, 25, 4)
(15, 26, 4)
(15, 27, 4)
(15, 28, 4)
(15, 29, 4)
(15, 30, 4)
(15, 31, 4)
(15, 32, 2)
(15, 33, 2)
(15, 34, 2)
(15, 35, 2)
(15, 36, 2)
(15, 37, 2)
(15, 38, 2)
(15, 39, 2)

(16, 0, 28)
(16, 1, 24)
(16, 2, 24)
(16, 3, 8)
(16, 4, 6)
(16, 5, 6)
(16, 6, 6)
(16, 7, 6)
(16, 8, 6)
(16, 9, 6)
(16, 10, 6)
(16, 11, 6)
(16, 12, 6)
(16, 13, 6)
(16, 14, 6)
(16, 15, 6)
(16, 16, 6)
(16, 17, 6)
(16, 18, 6)
(16, 19, 6)
(16, 20, 6)
(16, 21, 4)
(16, 22, 4)
(16, 23, 4)
(16, 24, 4)
(16, 25, 4)
(16, 26, 4)
(16, 27, 4)
(16, 28, 4)
(16, 29, 4)
(16, 30, 4)
(16, 31, 4)
(16, 32, 2)
(16, 33, 2)
(16, 34, 2)
(16, 35, 2)
(16, 36, 2)
(16, 37, 2)
(16, 38, 2)
(16, 39, 2)

(17, 0, 28)
(17, 1, 24)
(17, 2, 24)
(17, 3, 8)
(17, 4, 6)
(17, 5, 6)
(17, 6, 6)
(17, 7, 6)
(17, 8, 6)
(17, 9, 6)
(17, 10, 6)
(17, 11, 6)
(17, 12, 6)
(17, 13, 6)
(17, 14, 6)
(17, 15, 6)
(17, 16, 6)
(17, 17, 6)
(17, 18, 6)
(17, 19, 6)
(17, 20, 6)
(17, 21, 4)
(17, 22, 4)
(17, 23, 4)
(17, 24, 4)
(17, 25, 4)
(17, 26, 4)
(17, 27, 4)
(17, 28, 4)
(17, 29, 4)
(17, 30, 4)
(17, 31, 4)
(17, 32, 2)
(17, 33, 2)
(17, 34, 2)
(17, 35, 2)
(17, 36, 2)
(17, 37, 2)
(17, 38, 2)
(17, 39, 2)

(18, 0, 28)
(18, 1, 24)
(18, 2, 24)
(18, 3, 8)
(18, 4, 6)
(18, 5, 6)
(18, 6, 6)
(18, 7, 6)
(18, 8, 6)
(18, 9, 6)
(18, 10, 6)
(18, 11, 6)
(18, 12, 6)
(18, 13, 6)
(18, 14, 6)
(18, 15, 6)
(18, 16, 6)
(18, 17, 6)
(18, 18, 6)
(18, 19, 6)
(18, 20, 6)
(18, 21, 4)
(18, 22, 4)
(18, 23, 4)
(18, 24, 4)
(18, 25, 4)
(18, 26, 4)
(18, 27, 4)
(18, 28, 4)
(18, 29, 4)
(18, 30, 4)
(18, 31, 4)
(18, 32, 2)
(18, 33, 2)
(18, 34, 2)
(18, 35, 2)
(18, 36, 2)
(18, 37, 2)
(18, 38, 2)
(18, 39, 2)

(19, 0, 28)
(19, 1, 24)
(19, 2, 24)
(19, 3, 8)
(19, 4, 6)
(19, 5, 6)
(19, 6, 6)
(19, 7, 6)
(19, 8, 6)
(19, 9, 6)
(19, 10, 6)
(19, 11, 6)
(19, 12, 6)
(19, 13, 6)
(19, 14, 6)
(19, 15, 6)
(19, 16, 6)
(19, 17, 6)
(19, 18, 6)
(19, 19, 6)
(19, 20, 6)
(19, 21, 4)
(19, 22, 4)
(19, 23, 4)
(19, 24, 4)
(19, 25, 4)
(19, 26, 4)
(19, 27, 4)
(19, 28, 4)
(19, 29, 4)
(19, 30, 4)
(19, 31, 4)
(19, 32, 2)
(19, 33, 2)
(19, 34, 2)
(19, 35, 2)
(19, 36, 2)
(19, 37, 2)
(19, 38, 2)
(19, 39, 2)

(20, 0, 28)
(20, 1, 24)
(20, 2, 24)
(20, 3, 8)
(20, 4, 6)
(20, 5, 6)
(20, 6, 6)
(20, 7, 6)
(20, 8, 6)
(20, 9, 6)
(20, 10, 6)
(20, 11, 6)
(20, 12, 6)
(20, 13, 6)
(20, 14, 6)
(20, 15, 6)
(20, 16, 6)
(20, 17, 6)
(20, 18, 6)
(20, 19, 6)
(20, 20, 6)
(20, 21, 4)
(20, 22, 4)
(20, 23, 4)
(20, 24, 4)
(20, 25, 4)
(20, 26, 4)
(20, 27, 4)
(20, 28, 4)
(20, 29, 4)
(20, 30, 4)
(20, 31, 4)
(20, 32, 2)
(20, 33, 2)
(20, 34, 2)
(20, 35, 2)
(20, 36, 2)
(20, 37, 2)
(20, 38, 2)
(20, 39, 2)

(21, 0, 28)
(21, 1, 24)
(21, 2, 24)
(21, 3, 8)
(21, 4, 6)
(21, 5, 6)
(21, 6, 6)
(21, 7, 6)
(21, 8, 6)
(21, 9, 6)
(21, 10, 6)
(21, 11, 6)
(21, 12, 6)
(21, 13, 6)
(21, 14, 6)
(21, 15, 6)
(21, 16, 6)
(21, 17, 6)
(21, 18, 6)
(21, 19, 6)
(21, 20, 6)
(21, 21, 4)
(21, 22, 4)
(21, 23, 4)
(21, 24, 4)
(21, 25, 4)
(21, 26, 4)
(21, 27, 4)
(21, 28, 4)
(21, 29, 4)
(21, 30, 4)
(21, 31, 4)
(21, 32, 2)
(21, 33, 2)
(21, 34, 2)
(21, 35, 2)
(21, 36, 2)
(21, 37, 2)
(21, 38, 2)
(21, 39, 2)

(22, 0, 28)
(22, 1, 24)
(22, 2, 24)
(22, 3, 8)
(22, 4, 6)
(22, 5, 6)
(22, 6, 6)
(22, 7, 6)
(22, 8, 6)
(22, 9, 6)
(22, 10, 6)
(22, 11, 6)
(22, 12, 6)
(22, 13, 6)
(22, 14, 6)
(22, 15, 6)
(22, 16, 6)
(22, 17, 6)
(22, 18, 6)
(22, 19, 6)
(22, 20, 6)
(22, 21, 4)
(22, 22, 4)
(22, 23, 4)
(22, 24, 4)
(22, 25, 4)
(22, 26, 4)
(22, 27, 4)
(22, 28, 4)
(22, 29, 4)
(22, 30, 4)
(22, 31, 4)
(22, 32, 2)
(22, 33, 2)
(22, 34, 2)
(22, 35, 2)
(22, 36, 2)
(22, 37, 2)
(22, 38, 2)
(22, 39, 2)

(23, 0, 28)
(23, 1, 24)
(23, 2, 24)
(23, 3, 8)
(23, 4, 6)
(23, 5, 6)
(23, 6, 6)
(23, 7, 6)
(23, 8, 6)
(23, 9, 6)
(23, 10, 6)
(23, 11, 6)
(23, 12, 6)
(23, 13, 6)
(23, 14, 6)
(23, 15, 6)
(23, 16, 6)
(23, 17, 6)
(23, 18, 6)
(23, 19, 6)
(23, 20, 6)
(23, 21, 4)
(23, 22, 4)
(23, 23, 4)
(23, 24, 4)
(23, 25, 4)
(23, 26, 4)
(23, 27, 4)
(23, 28, 4)
(23, 29, 4)
(23, 30, 4)
(23, 31, 4)
(23, 32, 2)
(23, 33, 2)
(23, 34, 2)
(23, 35, 2)
(23, 36, 2)
(23, 37, 2)
(23, 38, 2)
(23, 39, 2)

(24, 0, 28)
(24, 1, 24)
(24, 2, 24)
(24, 3, 8)
(24, 4, 6)
(24, 5, 6)
(24, 6, 6)
(24, 7, 6)
(24, 8, 6)
(24, 9, 6)
(24, 10, 6)
(24, 11, 6)
(24, 12, 6)
(24, 13, 6)
(24, 14, 6)
(24, 15, 6)
(24, 16, 6)
(24, 17, 6)
(24, 18, 6)
(24, 19, 6)
(24, 20, 6)
(24, 21, 4)
(24, 22, 4)
(24, 23, 4)
(24, 24, 4)
(24, 25, 4)
(24, 26, 4)
(24, 27, 4)
(24, 28, 4)
(24, 29, 4)
(24, 30, 4)
(24, 31, 4)
(24, 32, 2)
(24, 33, 2)
(24, 34, 2)
(24, 35, 2)
(24, 36, 2)
(24, 37, 2)
(24, 38, 2)
(24, 39, 2)

(25, 0, 30)
(25, 1, 26)
(25, 2, 26)
(25, 3, 9)
(25, 4, 7)
(25, 5, 7)
(25, 6, 7)
(25, 7, 7)
(25, 8, 7)
(25, 9, 7)
(25, 10, 7)
(25, 11, 7)
(25, 12, 7)
(25, 13, 7)
(25, 14, 7)
(25, 15, 7)
(25, 16, 7)
(25, 17, 7)
(25, 18, 7)
(25, 19, 7)
(25, 20, 7)
(25, 21, 5)
(25, 22, 5)
(25, 23, 5)
(25, 24, 5)
(25, 25, 5)
(25, 26, 5)
(25, 27, 5)
(25, 28, 5)
(25, 29, 5)
(25, 30, 5)
(25, 31, 5)
(25, 32, 3)
(25, 33, 3)
(25, 34, 3)
(25, 35, 3)
(25, 36, 3)
(25, 37, 3)
(25, 38, 3)
(25, 39, 3)

(26, 0, 32)
(26, 1, 28)
(26, 2, 28)
(26, 3, 9)
(26, 4, 7)
(26, 5, 7)
(26, 6, 7)
(26, 7, 7)
(26, 8, 7)
(26, 9, 7)
(26, 10, 7)
(26, 11, 7)
(26, 12, 7)
(26, 13, 7)
(26, 14, 7)
(26, 15, 7)
(26, 16, 7)
(26, 17, 7)
(26, 18, 7)
(26, 19, 7)
(26, 20, 7)
(26, 21, 5)
(26, 22, 5)
(26, 23, 5)
(26, 24, 5)
(26, 25, 5)
(26, 26, 5)
(26, 27, 5)
(26, 28, 5)
(26, 29, 5)
(26, 30, 5)
(26, 31, 5)
(26, 32, 3)
(26, 33, 3)
(26, 34, 3)
(26, 35, 3)
(26, 36, 3)
(26, 37, 3)
(26, 38, 3)
(26, 39, 3)

(27, 0, 33)
(27, 1, 29)
(27, 2, 29)
(27, 3, 10)
(27, 4, 8)
(27, 5, 8)
(27, 6, 8)
(27, 7, 8)
(27, 8, 8)
(27, 9, 8)
(27, 10, 8)
(27, 11, 8)
(27, 12, 8)
(27, 13, 8)
(27, 14, 8)
(27, 15, 8)
(27, 16, 8)
(27, 17, 8)
(27, 18, 8)
(27, 19, 8)
(27, 20, 8)
(27, 21, 6)
(27, 22, 6)
(27, 23, 6)
(27, 24, 6)
(27, 25, 6)
(27, 26, 6)
(27, 27, 6)
(27, 28, 6)
(27, 29, 6)
(27, 30, 6)
(27, 31, 6)
(27, 32, 4)
(27, 33, 4)
(27, 34, 4)
(27, 35, 4)
(27, 36, 4)
(27, 37, 4)
(27, 38, 4)
(27, 39, 4)

(28, 0, 34)
(28, 1, 30)
(28, 2, 30)
(28, 3, 11)
(28, 4, 9)
(28, 5, 9)
(28, 6, 9)
(28, 7, 9)
(28, 8, 9)
(28, 9, 9)
(28, 10, 9)
(28, 11, 9)
(28, 12, 9)
(28, 13, 9)
(28, 14, 9)
(28, 15, 9)
(28, 16, 9)
(28, 17, 9)
(28, 18, 9)
(28, 19, 9)
(28, 20, 9)
(28, 21, 7)
(28, 22, 7)
(28, 23, 7)
(28, 24, 7)
(28, 25, 7)
(28, 26, 7)
(28, 27, 7)
(28, 28, 7)
(28, 29, 7)
(28, 30, 7)
(28, 31, 7)
(28, 32, 5)
(28, 33, 5)
(28, 34, 5)
(28, 35, 5)
(28, 36, 5)
(28, 37, 5)
(28, 38, 5)
(28, 39, 5)

(29, 0, 42)
(29, 1, 35)
(29, 2, 34)
(29, 3, 12)
(29, 4, 10)
(29, 5, 10)
(29, 6, 10)
(29, 7, 10)
(29, 8, 10)
(29, 9, 10)
(29, 10, 10)
(29, 11, 10)
(29, 12, 10)
(29, 13, 10)
(29, 14, 10)
(29, 15, 10)
(29, 16, 10)
(29, 17, 10)
(29, 18, 10)
(29, 19, 10)
(29, 20, 10)
(29, 21, 8)
(29, 22, 8)
(29, 23, 8)
(29, 24, 8)
(29, 25, 8)
(29, 26, 8)
(29, 27, 8)
(29, 28, 8)
(29, 29, 7)
(29, 30, 7)
(29, 31, 7)
(29, 32, 5)
(29, 33, 5)
(29, 34, 5)
(29, 35, 5)
(29, 36, 5)
(29, 37, 5)
(29, 38, 5)
(29, 39, 5)

(30, 0, 47)
(30, 1, 40)
(30, 2, 39)
(30, 3, 14)
(30, 4, 11)
(30, 5, 11)
(30, 6, 11)
(30, 7, 11)
(30, 8, 11)
(30, 9, 11)
(30, 10, 11)
(30, 11, 11)
(30, 12, 11)
(30, 13, 11)
(30, 14, 11)
(30, 15, 11)
(30, 16, 11)
(30, 17, 11)
(30, 18, 11)
(30, 19, 11)
(30, 20, 11)
(30, 21, 8)
(30, 22, 8)
(30, 23, 8)
(30, 24, 8)
(30, 25, 8)
(30, 26, 8)
(30, 27, 8)
(30, 28, 8)
(30, 29, 7)
(30, 30, 7)
(30, 31, 7)
(30, 32, 5)
(30, 33, 5)
(30, 34, 5)
(30, 35, 5)
(30, 36, 5)
(30, 37, 5)
(30, 38, 5)
(30, 39, 5)

(31, 0, 47)
(31, 1, 40)
(31, 2, 39)
(31, 3, 14)
(31, 4, 11)
(31, 5, 11)
(31, 6, 11)
(31, 7, 11)
(31, 8, 11)
(31, 9, 11)
(31, 10, 11)
(31, 11, 11)
(31, 12, 11)
(31, 13, 11)
(31, 14, 11)
(31, 15, 11)
(31, 16, 11)
(31, 17, 11)
(31, 18, 11)
(31, 19, 11)
(31, 20, 11)
(31, 21, 8)
(31, 22, 8)
(31, 23, 8)
(31, 24, 8)
(31, 25, 8)
(31, 26, 8)
(31, 27, 8)
(31, 28, 8)
(31, 29, 7)
(31, 30, 7)
(31, 31, 7)
(31, 32, 5)
(31, 33, 5)
(31, 34, 5)
(31, 35, 5)
(31, 36, 5)
(31, 37, 5)
(31, 38, 5)
(31, 39, 5)

(32, 0, 47)
(32, 1, 40)
(32, 2, 39)
(32, 3, 14)
(32, 4, 11)
(32, 5, 11)
(32, 6, 11)
(32, 7, 11)
(32, 8, 11)
(32, 9, 11)
(32, 10, 11)
(32, 11, 11)
(32, 12, 11)
(32, 13, 11)
(32, 14, 11)
(32, 15, 11)
(32, 16, 11)
(32, 17, 11)
(32, 18, 11)
(32, 19, 11)
(32, 20, 11)
(32, 21, 8)
(32, 22, 8)
(32, 23, 8)
(32, 24, 8)
(32, 25, 8)
(32, 26, 8)
(32, 27, 8)
(32, 28, 8)
(32, 29, 7)
(32, 30, 7)
(32, 31, 7)
(32, 32, 5)
(32, 33, 5)
(32, 34, 5)
(32, 35, 5)
(32, 36, 5)
(32, 37, 5)
(32, 38, 5)
(32, 39, 5)

(33, 0, 49)
(33, 1, 42)
(33, 2, 41)
(33, 3, 15)
(33, 4, 12)
(33, 5, 12)
(33, 6, 12)
(33, 7, 12)
(33, 8, 12)
(33, 9, 12)
(33, 10, 12)
(33, 11, 12)
(33, 12, 12)
(33, 13, 12)
(33, 14, 12)
(33, 15, 12)
(33, 16, 12)
(33, 17, 12)
(33, 18, 12)
(33, 19, 12)
(33, 20, 12)
(33, 21, 9)
(33, 22, 9)
(33, 23, 9)
(33, 24, 9)
(33, 25, 9)
(33, 26, 9)
(33, 27, 9)
(33, 28, 9)
(33, 29, 8)
(33, 30, 8)
(33, 31, 8)
(33, 32, 6)
(33, 33, 6)
(33, 34, 6)
(33, 35, 6)
(33, 36, 6)
(33, 37, 6)
(33, 38, 6)
(33, 39, 6)

(34, 0, 53)
(34, 1, 46)
(34, 2, 45)
(34, 3, 17)
(34, 4, 13)
(34, 5, 13)
(34, 6, 13)
(34, 7, 13)
(34, 8, 13)
(34, 9, 13)
(34, 10, 13)
(34, 11, 13)
(34, 12, 13)
(34, 13, 13)
(34, 14, 13)
(34, 15, 13)
(34, 16, 13)
(34, 17, 13)
(34, 18, 13)
(34, 19, 13)
(34, 20, 13)
(34, 21, 9)
(34, 22, 9)
(34, 23, 9)
(34, 24, 9)
(34, 25, 9)
(34, 26, 9)
(34, 27, 9)
(34, 28, 9)
(34, 29, 8)
(34, 30, 8)
(34, 31, 8)
(34, 32, 6)
(34, 33, 6)
(34, 34, 6)
(34, 35, 6)
(34, 36, 6)
(34, 37, 6)
(34, 38, 6)
(34, 39, 6)

(35, 0, 57)
(35, 1, 50)
(35, 2, 49)
(35, 3, 18)
(35, 4, 14)
(35, 5, 14)
(35, 6, 14)
(35, 7, 14)
(35, 8, 14)
(35, 9, 14)
(35, 10, 14)
(35, 11, 14)
(35, 12, 14)
(35, 13, 14)
(35, 14, 14)
(35, 15, 14)
(35, 16, 14)
(35, 17, 14)
(35, 18, 14)
(35, 19, 14)
(35, 20, 14)
(35, 21, 10)
(35, 22, 10)
(35, 23, 10)
(35, 24, 10)
(35, 25, 10)
(35, 26, 10)
(35, 27, 10)
(35, 28, 10)
(35, 29, 8)
(35, 30, 8)
(35, 31, 8)
(35, 32, 6)
(35, 33, 6)
(35, 34, 6)
(35, 35, 6)
(35, 36, 6)
(35, 37, 6)
(35, 38, 6)
(35, 39, 6)

(36, 0, 57)
(36, 1, 50)
(36, 2, 49)
(36, 3, 18)
(36, 4, 14)
(36, 5, 14)
(36, 6, 14)
(36, 7, 14)
(36, 8, 14)
(36, 9, 14)
(36, 10, 14)
(36, 11, 14)
(36, 12, 14)
(36, 13, 14)
(36, 14, 14)
(36, 15, 14)
(36, 16, 14)
(36, 17, 14)
(36, 18, 14)
(36, 19, 14)
(36, 20, 14)
(36, 21, 10)
(36, 22, 10)
(36, 23, 10)
(36, 24, 10)
(36, 25, 10)
(36, 26, 10)
(36, 27, 10)
(36, 28, 10)
(36, 29, 8)
(36, 30, 8)
(36, 31, 8)
(36, 32, 6)
(36, 33, 6)
(36, 34, 6)
(36, 35, 6)
(36, 36, 6)
(36, 37, 6)
(36, 38, 6)
(36, 39, 6)

(37, 0, 61)
(37, 1, 53)
(37, 2, 51)
(37, 3, 19)
(37, 4, 15)
(37, 5, 15)
(37, 6, 15)
(37, 7, 15)
(37, 8, 15)
(37, 9, 15)
(37, 10, 15)
(37, 11, 15)
(37, 12, 15)
(37, 13, 15)
(37, 14, 15)
(37, 15, 15)
(37, 16, 15)
(37, 17, 15)
(37, 18, 15)
(37, 19, 15)
(37, 20, 15)
(37, 21, 11)
(37, 22, 11)
(37, 23, 11)
(37, 24, 11)
(37, 25, 11)
(37, 26, 11)
(37, 27, 11)
(37, 28, 11)
(37, 29, 8)
(37, 30, 8)
(37, 31, 8)
(37, 32, 6)
(37, 33, 6)
(37, 34, 6)
(37, 35, 6)
(37, 36, 6)
(37, 37, 6)
(37, 38, 6)
(37, 39, 6)

(38, 0, 68)
(38, 1, 55)
(38, 2, 53)
(38, 3, 21)
(38, 4, 17)
(38, 5, 17)
(38, 6, 17)
(38, 7, 17)
(38, 8, 17)
(38, 9, 17)
(38, 10, 17)
(38, 11, 17)
(38, 12, 17)
(38, 13, 17)
(38, 14, 17)
(38, 15, 17)
(38, 16, 16)
(38, 17, 16)
(38, 18, 16)
(38, 19, 16)
(38, 20, 16)
(38, 21, 12)
(38, 22, 12)
(38, 23, 12)
(38, 24, 12)
(38, 25, 11)
(38, 26, 11)
(38, 27, 11)
(38, 28, 11)
(38, 29, 7)
(38, 30, 7)
(38, 31, 7)
(38, 32, 5)
(38, 33, 5)
(38, 34, 5)
(38, 35, 5)
(38, 36, 5)
(38, 37, 5)
(38, 38, 5)
(38, 39, 5)

(39, 0, 72)
(39, 1, 58)
(39, 2, 56)
(39, 3, 22)
(39, 4, 18)
(39, 5, 18)
(39, 6, 18)
(39, 7, 18)
(39, 8, 18)
(39, 9, 18)
(39, 10, 18)
(39, 11, 18)
(39, 12, 18)
(39, 13, 18)
(39, 14, 18)
(39, 15, 18)
(39, 16, 17)
(39, 17, 17)
(39, 18, 17)
(39, 19, 17)
(39, 20, 17)
(39, 21, 13)
(39, 22, 13)
(39, 23, 13)
(39, 24, 12)
(39, 25, 11)
(39, 26, 11)
(39, 27, 11)
(39, 28, 11)
(39, 29, 7)
(39, 30, 7)
(39, 31, 7)
(39, 32, 5)
(39, 33, 5)
(39, 34, 5)
(39, 35, 5)
(39, 36, 5)
(39, 37, 5)
(39, 38, 5)
(39, 39, 5)


Betti numbers:
xi_0:
(0, 0, 4)
(1, 0, 2)
(2, 0, 5)
(3, 0, 6)
(4, 0, 2)
(5, 0, 4)
(6, 0, 3)
(7, 0, 2)
(25, 0, 2)
(26, 0, 2)
(27, 0, 1)
(28, 0, 1)
(29, 0, 8)
(30, 0, 5)
(33, 0, 2)
(34, 0, 4)
(35, 0, 4)
(37, 0, 4)
(38, 0, 7)
(39, 0, 4)
xi_1:
(0, 1, 1)
(0, 3, 2)
(1, 1, 1)
(1, 3, 1)
(2, 3, 1)
(2, 4, 2)
(2, 21, 1)
(3, 3, 6)
(3, 33, 1)
(4, 1, 1)
(4, 3, 1)
(4, 32, 1)
(5, 3, 1)
(5, 4, 2)
(5, 21, 1)
(6, 3, 3)
(6, 33, 1)
(7, 1, 1)
(7, 3, 1)
(7, 32, 1)
(25, 3, 1)
(26, 3, 2)
(29, 1, 3)
(29, 2, 1)
(29, 3, 3)
(29, 29, 1)
(30, 3, 3)
(30, 4, 1)
(30, 21, 1)
(33, 3, 1)
(34, 3, 2)
(34, 4, 1)
(34, 21, 1)
(35, 3, 3)
(35, 29, 1)
(37, 1, 1)
(37, 2, 1)
(37, 3, 1)
(37, 29, 1)
(38, 1, 5)
(38, 16, 1)
(38, 25, 1)
(38, 29, 1)
(39, 1, 1)
(39, 3, 2)
(39, 24, 1)
xi_2:
(3, 4, 1)
(4, 33, 1)
(6, 4, 1)
(7, 33, 1)
