x-grades
-293361630947239973/40000000000000000
-144272897435451793/20000000000000000
-283729958794567199/40000000000000000
-69728530679557703/10000000000000000
-10963931465675777/1600000000000000
-134641225282779019/20000000000000000
-264466614489221651/40000000000000000
-16228173650805329/2500000000000000
-254834942336548877/40000000000000000
-25001910626021249/4000000000000000
-245203270183876103/40000000000000000
-60096858526884929/10000000000000000
-235571598031203329/40000000000000000
-115377880977433471/20000000000000000
-45187985175706111/8000000000000000
-27640511225274271/5000000000000000
-216308253725857781/40000000000000000
-105746208824760697/20000000000000000
-206676581573185007/40000000000000000
-10093037274842431/2000000000000000
-197044909420512233/40000000000000000
-96114536672087923/20000000000000000
-187413237267839459/40000000000000000
-5706168787234471/1250000000000000
-35556313023033337/8000000000000000
-86482864519415149/20000000000000000
-168149892962493911/40000000000000000
-40833514221539381/10000000000000000
-158518220809821137/40000000000000000
-614809538933939/160000000000000
-148886548657148363/40000000000000000
-18008839072601497/5000000000000000
-139254876504475589/40000000000000000
-67219520214069601/20000000000000000
-25924640870360563/8000000000000000
-31201842068866607/10000000000000000
-119991532199130041/40000000000000000
-57587848061396827/20000000000000000
-110359860046457267/40000000000000000
-1319300299626511/500000000000000

y-grades
249781/1000000
249781/500000
749343/1000000
249781/250000
249781/200000
749343/500000
1748467/1000000
249781/125000
2248029/1000000
249781/100000
2747591/1000000
749343/250000
3247153/1000000
1748467/500000
749343/200000
249781/62500
4246277/1000000
2248029/500000
4745839/1000000
249781/50000
5245401/1000000
2747591/500000
5744963/1000000
749343/125000
249781/40000
3247153/500000
6744087/1000000
1748467/250000
7243649/1000000
749343/100000
7743211/1000000
249781/31250
8242773/1000000
4246277/500000
1748467/200000
2248029/250000
9241897/1000000
4745839/500000
9741459/1000000
249781/25000

Dimensions > 0:
(0, 0, 2)
(0, 1, 2)
(0, 2, 2)
(0, 3, 2)
(0, 4, 2)
(0, 5, 2)
(0, 6, 2)
(0, 7, 2)
(0, 8, 2)
(0, 9, 2)
(0, 10, 2)
(0, 11, 2)
(0, 12, 2)
(0, 13, 2)
(0, 14, 2)
(0, 15, 2)
(0, 16, 2)
(0, 17, 2)
(0, 18, 2)
(0, 19, 2)
(0, 20, 1)
(0, 21, 1)
(0, 22, 1)
(0, 23, 1)
(0, 24, 1)
(0, 25, 1)
(0, 26, 1)
(0, 27, 1)
(0, 28, 1)
(0, 29, 1)
(0, 30, 1)
(0, 31, 1)
(0, 32, 1)
(0, 33, 1)
(0, 34, 1)
(0, 35, 1)
(0, 36, 1)
(0, 37, 1)
(0, 38, 1)
(0, 39, 1)

(1, 0, 2)
(1, 1, 2)
(1, 2, 2)
(1, 3, 2)
(1, 4, 2)
(1, 5, 2)
(1, 6, 2)
(1, 7, 2)
(1, 8, 2)
(1, 9, 2)
(1, 10, 2)
(1, 11, 2)
(1, 12, 2)
(1, 13, 2)
(1, 14, 2)
(1, 15, 2)
(1, 16, 2)
(1, 17, 2)
(1, 18, 2)
(1, 19, 2)
(1, 20, 1)
(1, 21, 1)
(1, 22, 1)
(1, 23, 1)
(1, 24, 1)
(1, 25, 1)
(1, 26, 1)
(1, 27, 1)
(1, 28, 1)
(1, 29, 1)
(1, 30, 1)
(1, 31, 1)
(1, 32, 1)
(1, 33, 1)
(1, 34, 1)
(1, 35, 1)
(1, 36, 1)
(1, 37, 1)
(1, 38, 1)
(1, 39, 1)

(2, 0, 2)
(2, 1, 2)
(2, 2, 2)
(2, 3, 2)
(2, 4, 2)
(2, 5, 2)
(2, 6, 2)
(2, 7, 2)
(2, 8, 2)
(2, 9, 2)
(2, 10, 2)
(2, 11, 2)
(2, 12, 2)
(2, 13, 2)
(2, 14, 2)
(2, 15, 2)
(2, 16, 2)
(2, 17, 2)
(2, 18, 2)
(2, 19, 2)
(2, 20, 1)
(2, 21, 1)
(2, 22, 1)
(2, 23, 1)
(2, 24, 1)
(2, 25, 1)
(2, 26, 1)
(2, 27, 1)
(2, 28, 1)
(2, 29, 1)
(2, 30, 1)
(2, 31, 1)
(2, 32, 1)
(2, 33, 1)
(2, 34, 1)
(2, 35, 1)
(2, 36, 1)
(2, 37, 1)
(2, 38, 1)
(2, 39, 1)

(3, 0, 3)
(3, 1, 3)
(3, 2, 3)
(3, 3, 3)
(3, 4, 3)
(3, 5, 3)
(3, 6, 3)
(3, 7, 3)
(3, 8, 3)
(3, 9, 3)
(3, 10, 3)
(3, 11, 3)
(3, 12, 3)
(3, 13, 3)
(3, 14, 3)
(3, 15, 3)
(3, 16, 3)
(3, 17, 3)
(3, 18, 3)
(3, 19, 3)
(3, 20, 2)
(3, 21, 2)
(3, 22, 2)
(3, 23, 2)
(3, 24, 2)
(3, 25, 2)
(3, 26, 2)
(3, 27, 2)
(3, 28, 2)
(3, 29, 2)
(3, 30, 2)
(3, 31, 2)
(3, 32, 2)
(3, 33, 2)
(3, 34, 2)
(3, 35, 2)
(3, 36, 2)
(3, 37, 2)
(3, 38, 2)
(3, 39, 2)

(4, 0, 4)
(4, 1, 4)
(4, 2, 4)
(4, 3, 4)
(4, 4, 4)
(4, 5, 4)
(4, 6, 4)
(4, 7, 4)
(4, 8, 4)
(4, 9, 4)
(4, 10, 4)
(4, 11, 4)
(4, 12, 4)
(4, 13, 4)
(4, 14, 4)
(4, 15, 4)
(4, 16, 4)
(4, 17, 4)
(4, 18, 4)
(4, 19, 4)
(4, 20, 3)
(4, 21, 3)
(4, 22, 3)
(4, 23, 3)
(4, 24, 3)
(4, 25, 3)
(4, 26, 3)
(4, 27, 3)
(4, 28, 3)
(4, 29, 3)
(4, 30, 3)
(4, 31, 3)
(4, 32, 3)
(4, 33, 3)
(4, 34, 3)
(4, 35, 3)
(4, 36, 3)
(4, 37, 3)
(4, 38, 3)
(4, 39, 3)

(5, 0, 6)
(5, 1, 6)
(5, 2, 6)
(5, 3, 6)
(5, 4, 6)
(5, 5, 6)
(5, 6, 6)
(5, 7, 6)
(5, 8, 6)
(5, 9, 6)
(5, 10, 6)
(5, 11, 6)
(5, 12, 6)
(5, 13, 6)
(5, 14, 6)
(5, 15, 6)
(5, 16, 6)
(5, 17, 6)
(5, 18, 6)
(5, 19, 6)
(5, 20, 5)
(5, 21, 5)
(5, 22, 5)
(5, 23, 5)
(5, 24, 5)
(5, 25, 5)
(5, 26, 5)
(5, 27, 5)
(5, 28, 5)
(5, 29, 5)
(5, 30, 5)
(5, 31, 5)
(5, 32, 5)
(5, 33, 5)
(5, 34, 5)
(5, 35, 5)
(5, 36, 5)
(5, 37, 5)
(5, 38, 5)
(5, 39, 5)

(6, 0, 8)
(6, 1, 8)
(6, 2, 8)
(6, 3, 8)
(6, 4, 8)
(6, 5, 8)
(6, 6, 8)
(6, 7, 8)
(6, 8, 8)
(6, 9, 8)
(6, 10, 8)
(6, 11, 8)
(6, 12, 8)
(6, 13, 8)
(6, 14, 8)
(6, 15, 8)
(6, 16, 8)
(6, 17, 8)
(6, 18, 8)
(6, 19, 8)
(6, 20, 6)
(6, 21, 6)
(6, 22, 6)
(6, 23, 6)
(6, 24, 6)
(6, 25, 6)
(6, 26, 6)
(6, 27, 6)
(6, 28, 6)
(6, 29, 6)
(6, 30, 6)
(6, 31, 6)
(6, 32, 6)
(6, 33, 6)
(6, 34, 6)
(6, 35, 6)
(6, 36, 6)
(6, 37, 6)
(6, 38, 6)
(6, 39, 6)

(7, 0, 19)
(7, 1, 19)
(7, 2, 19)
(7, 3, 19)
(7, 4, 19)
(7, 5, 10)
(7, 6, 10)
(7, 7, 10)
(7, 8, 10)
(7, 9, 10)
(7, 10, 10)
(7, 11, 10)
(7, 12, 10)
(7, 13, 10)
(7, 14, 10)
(7, 15, 10)
(7, 16, 10)
(7, 17, 10)
(7, 18, 10)
(7, 19, 10)
(7, 20, 8)
(7, 21, 8)
(7, 22, 8)
(7, 23, 7)
(7, 24, 7)
(7, 25, 7)
(7, 26, 7)
(7, 27, 7)
(7, 28, 7)
(7, 29, 7)
(7, 30, 7)
(7, 31, 7)
(7, 32, 7)
(7, 33, 7)
(7, 34, 7)
(7, 35, 7)
(7, 36, 7)
(7, 37, 7)
(7, 38, 7)
(7, 39, 7)

(8, 0, 32)
(8, 1, 32)
(8, 2, 32)
(8, 3, 32)
(8, 4, 32)
(8, 5, 12)
(8, 6, 12)
(8, 7, 12)
(8, 8, 12)
(8, 9, 12)
(8, 10, 12)
(8, 11, 12)
(8, 12, 12)
(8, 13, 12)
(8, 14, 12)
(8, 15, 12)
(8, 16, 12)
(8, 17, 12)
(8, 18, 12)
(8, 19, 12)
(8, 20, 10)
(8, 21, 10)
(8, 22, 10)
(8, 23, 9)
(8, 24, 9)
(8, 25, 9)
(8, 26, 9)
(8, 27, 9)
(8, 28, 9)
(8, 29, 9)
(8, 30, 9)
(8, 31, 9)
(8, 32, 9)
(8, 33, 9)
(8, 34, 9)
(8, 35, 9)
(8, 36, 9)
(8, 37, 9)
(8, 38, 9)
(8, 39, 9)

(9, 0, 36)
(9, 1, 36)
(9, 2, 36)
(9, 3, 36)
(9, 4, 36)
(9, 5, 12)
(9, 6, 12)
(9, 7, 12)
(9, 8, 12)
(9, 9, 12)
(9, 10, 12)
(9, 11, 12)
(9, 12, 12)
(9, 13, 12)
(9, 14, 12)
(9, 15, 12)
(9, 16, 12)
(9, 17, 12)
(9, 18, 12)
(9, 19, 12)
(9, 20, 10)
(9, 21, 10)
(9, 22, 10)
(9, 23, 9)
(9, 24, 9)
(9, 25, 9)
(9, 26, 9)
(9, 27, 9)
(9, 28, 9)
(9, 29, 9)
(9, 30, 9)
(9, 31, 9)
(9, 32, 9)
(9, 33, 9)
(9, 34, 9)
(9, 35, 9)
(9, 36, 9)
(9, 37, 9)
(9, 38, 9)
(9, 39, 9)

(10, 0, 39)
(10, 1, 39)
(10, 2, 39)
(10, 3, 39)
(10, 4, 39)
(10, 5, 15)
(10, 6, 15)
(10, 7, 15)
(10, 8, 15)
(10, 9, 15)
(10, 10, 15)
(10, 11, 15)
(10, 12, 15)
(10, 13, 15)
(10, 14, 15)
(10, 15, 15)
(10, 16, 15)
(10, 17, 15)
(10, 18, 15)
(10, 19, 15)
(10, 20, 12)
(10, 21, 12)
(10, 22, 12)
(10, 23, 11)
(10, 24, 11)
(10, 25, 11)
(10, 26, 11)
(10, 27, 11)
(10, 28, 11)
(10, 29, 11)
(10, 30, 11)
(10, 31, 11)
(10, 32, 11)
(10, 33, 11)
(10, 34, 11)
(10, 35, 11)
(10, 36, 11)
(10, 37, 11)
(10, 38, 11)
(10, 39, 11)

(11, 0, 42)
(11, 1, 42)
(11, 2, 42)
(11, 3, 42)
(11, 4, 42)
(11, 5, 18)
(11, 6, 18)
(11, 7, 18)
(11, 8, 18)
(11, 9, 18)
(11, 10, 18)
(11, 11, 18)
(11, 12, 18)
(11, 13, 18)
(11, 14, 18)
(11, 15, 18)
(11, 16, 18)
(11, 17, 18)
(11, 18, 18)
(11, 19, 18)
(11, 20, 14)
(11, 21, 14)
(11, 22, 14)
(11, 23, 13)
(11, 24, 13)
(11, 25, 13)
(11, 26, 13)
(11, 27, 13)
(11, 28, 13)
(11, 29, 13)
(11, 30, 13)
(11, 31, 13)
(11, 32, 13)
(11, 33, 13)
(11, 34, 13)
(11, 35, 13)
(11, 36, 13)
(11, 37, 12)
(11, 38, 12)
(11, 39, 12)

(12, 0, 42)
(12, 1, 42)
(12, 2, 42)
(12, 3, 42)
(12, 4, 42)
(12, 5, 18)
(12, 6, 18)
(12, 7, 18)
(12, 8, 18)
(12, 9, 18)
(12, 10, 18)
(12, 11, 18)
(12, 12, 18)
(12, 13, 18)
(12, 14, 18)
(12, 15, 18)
(12, 16, 18)
(12, 17, 18)
(12, 18, 18)
(12, 19, 18)
(12, 20, 14)
(12, 21, 14)
(12, 22, 14)
(12, 23, 13)
(12, 24, 13)
(12, 25, 13)
(12, 26, 13)
(12, 27, 13)
(12, 28, 13)
(12, 29, 13)
(12, 30, 13)
(12, 31, 13)
(12, 32, 13)
(12, 33, 13)
(12, 34, 13)
(12, 35, 13)
(12, 36, 13)
(12, 37, 12)
(12, 38, 12)
(12, 39, 12)

(13, 0, 43)
(13, 1, 43)
(13, 2, 43)
(13, 3, 43)
(13, 4, 43)
(13, 5, 19)
(13, 6, 19)
(13, 7, 19)
(13, 8, 19)
(13, 9, 19)
(13, 10, 19)
(13, 11, 19)
(13, 12, 19)
(13, 13, 19)
(13, 14, 19)
(13, 15, 19)
(13, 16, 19)
(13, 17, 19)
(13, 18, 19)
(13, 19, 19)
(13, 20, 15)
(13, 21, 15)
(13, 22, 15)
(13, 23, 14)
(13, 24, 14)
(13, 25, 14)
(13, 26, 14)
(13, 27, 14)
(13, 28, 14)
(13, 29, 14)
(13, 30, 14)
(13, 31, 14)
(13, 32, 14)
(13, 33, 14)
(13, 34, 14)
(13, 35, 14)
(13, 36, 14)
(13, 37, 13)
(13, 38, 13)
(13, 39, 13)

(14, 0, 48)
(14, 1, 48)
(14, 2, 48)
(14, 3, 48)
(14, 4, 48)
(14, 5, 24)
(14, 6, 24)
(14, 7, 24)
(14, 8, 24)
(14, 9, 24)
(14, 10, 24)
(14, 11, 24)
(14, 12, 24)
(14, 13, 24)
(14, 14, 24)
(14, 15, 24)
(14, 16, 24)
(14, 17, 24)
(14, 18, 24)
(14, 19, 24)
(14, 20, 20)
(14, 21, 20)
(14, 22, 20)
(14, 23, 19)
(14, 24, 19)
(14, 25, 19)
(14, 26, 19)
(14, 27, 19)
(14, 28, 19)
(14, 29, 19)
(14, 30, 19)
(14, 31, 19)
(14, 32, 19)
(14, 33, 19)
(14, 34, 19)
(14, 35, 19)
(14, 36, 19)
(14, 37, 18)
(14, 38, 18)
(14, 39, 18)

(15, 0, 48)
(15, 1, 48)
(15, 2, 48)
(15, 3, 48)
(15, 4, 48)
(15, 5, 24)
(15, 6, 24)
(15, 7, 24)
(15, 8, 24)
(15, 9, 24)
(15, 10, 24)
(15, 11, 24)
(15, 12, 24)
(15, 13, 24)
(15, 14, 24)
(15, 15, 24)
(15, 16, 24)
(15, 17, 24)
(15, 18, 24)
(15, 19, 24)
(15, 20, 20)
(15, 21, 20)
(15, 22, 20)
(15, 23, 19)
(15, 24, 19)
(15, 25, 19)
(15, 26, 19)
(15, 27, 19)
(15, 28, 19)
(15, 29, 19)
(15, 30, 19)
(15, 31, 19)
(15, 32, 19)
(15, 33, 19)
(15, 34, 19)
(15, 35, 19)
(15, 36, 19)
(15, 37, 18)
(15, 38, 18)
(15, 39, 18)

(16, 0, 61)
(16, 1, 61)
(16, 2, 61)
(16, 3, 61)
(16, 4, 61)
(16, 5, 28)
(16, 6, 28)
(16, 7, 28)
(16, 8, 28)
(16, 9, 28)
(16, 10, 28)
(16, 11, 28)
(16, 12, 28)
(16, 13, 28)
(16, 14, 28)
(16, 15, 28)
(16, 16, 28)
(16, 17, 28)
(16, 18, 28)
(16, 19, 28)
(16, 20, 23)
(16, 21, 23)
(16, 22, 23)
(16, 23, 21)
(16, 24, 21)
(16, 25, 21)
(16, 26, 21)
(16, 27, 21)
(16, 28, 21)
(16, 29, 21)
(16, 30, 21)
(16, 31, 21)
(16, 32, 21)
(16, 33, 21)
(16, 34, 21)
(16, 35, 21)
(16, 36, 21)
(16, 37, 20)
(16, 38, 20)
(16, 39, 20)

(17, 0, 77)
(17, 1, 77)
(17, 2, 77)
(17, 3, 77)
(17, 4, 77)
(17, 5, 34)
(17, 6, 34)
(17, 7, 34)
(17, 8, 33)
(17, 9, 33)
(17, 10, 33)
(17, 11, 33)
(17, 12, 33)
(17, 13, 33)
(17, 14, 33)
(17, 15, 33)
(17, 16, 33)
(17, 17, 33)
(17, 18, 33)
(17, 19, 33)
(17, 20, 28)
(17, 21, 28)
(17, 22, 28)
(17, 23, 26)
(17, 24, 26)
(17, 25, 26)
(17, 26, 26)
(17, 27, 26)
(17, 28, 26)
(17, 29, 26)
(17, 30, 26)
(17, 31, 26)
(17, 32, 26)
(17, 33, 26)
(17, 34, 26)
(17, 35, 26)
(17, 36, 26)
(17, 37, 25)
(17, 38, 25)
(17, 39, 25)

(18, 0, 84)
(18, 1, 84)
(18, 2, 84)
(18, 3, 84)
(18, 4, 84)
(18, 5, 36)
(18, 6, 36)
(18, 7, 36)
(18, 8, 35)
(18, 9, 35)
(18, 10, 35)
(18, 11, 35)
(18, 12, 35)
(18, 13, 35)
(18, 14, 35)
(18, 15, 35)
(18, 16, 35)
(18, 17, 35)
(18, 18, 35)
(18, 19, 35)
(18, 20, 29)
(18, 21, 29)
(18, 22, 29)
(18, 23, 27)
(18, 24, 27)
(18, 25, 27)
(18, 26, 27)
(18, 27, 27)
(18, 28, 27)
(18, 29, 27)
(18, 30, 27)
(18, 31, 27)
(18, 32, 27)
(18, 33, 27)
(18, 34, 27)
(18, 35, 27)
(18, 36, 27)
(18, 37, 26)
(18, 38, 26)
(18, 39, 26)

(19, 0, 95)
(19, 1, 95)
(19, 2, 95)
(19, 3, 93)
(19, 4, 93)
(19, 5, 45)
(19, 6, 45)
(19, 7, 45)
(19, 8, 44)
(19, 9, 44)
(19, 10, 44)
(19, 11, 44)
(19, 12, 44)
(19, 13, 44)
(19, 14, 44)
(19, 15, 44)
(19, 16, 44)
(19, 17, 44)
(19, 18, 44)
(19, 19, 44)
(19, 20, 36)
(19, 21, 36)
(19, 22, 36)
(19, 23, 34)
(19, 24, 34)
(19, 25, 34)
(19, 26, 34)
(19, 27, 34)
(19, 28, 34)
(19, 29, 34)
(19, 30, 34)
(19, 31, 34)
(19, 32, 34)
(19, 33, 34)
(19, 34, 33)
(19, 35, 33)
(19, 36, 33)
(19, 37, 32)
(19, 38, 32)
(19, 39, 32)

(20, 0, 126)
(20, 1, 126)
(20, 2, 126)
(20, 3, 101)
(20, 4, 99)
(20, 5, 51)
(20, 6, 51)
(20, 7, 51)
(20, 8, 50)
(20, 9, 50)
(20, 10, 50)
(20, 11, 50)
(20, 12, 49)
(20, 13, 49)
(20, 14, 49)
(20, 15, 49)
(20, 16, 49)
(20, 17, 49)
(20, 18, 49)
(20, 19, 49)
(20, 20, 40)
(20, 21, 40)
(20, 22, 40)
(20, 23, 38)
(20, 24, 38)
(20, 25, 38)
(20, 26, 38)
(20, 27, 38)
(20, 28, 38)
(20, 29, 38)
(20, 30, 38)
(20, 31, 38)
(20, 32, 36)
(20, 33, 36)
(20, 34, 35)
(20, 35, 35)
(20, 36, 35)
(20, 37, 34)
(20, 38, 33)
(20, 39, 33)

(21, 0, 134)
(21, 1, 134)
(21, 2, 134)
(21, 3, 109)
(21, 4, 107)
(21, 5, 59)
(21, 6, 59)
(21, 7, 59)
(21, 8, 58)
(21, 9, 58)
(21, 10, 58)
(21, 11, 58)
(21, 12, 57)
(21, 13, 57)
(21, 14, 57)
(21, 15, 57)
(21, 16, 56)
(21, 17, 56)
(21, 18, 55)
(21, 19, 55)
(21, 20, 46)
(21, 21, 46)
(21, 22, 46)
(21, 23, 44)
(21, 24, 44)
(21, 25, 44)
(21, 26, 44)
(21, 27, 44)
(21, 28, 43)
(21, 29, 43)
(21, 30, 43)
(21, 31, 43)
(21, 32, 40)
(21, 33, 40)
(21, 34, 39)
(21, 35, 39)
(21, 36, 39)
(21, 37, 38)
(21, 38, 37)
(21, 39, 36)

(22, 0, 138)
(22, 1, 138)
(22, 2, 138)
(22, 3, 113)
(22, 4, 111)
(22, 5, 63)
(22, 6, 63)
(22, 7, 63)
(22, 8, 62)
(22, 9, 62)
(22, 10, 62)
(22, 11, 62)
(22, 12, 61)
(22, 13, 61)
(22, 14, 61)
(22, 15, 61)
(22, 16, 60)
(22, 17, 60)
(22, 18, 59)
(22, 19, 59)
(22, 20, 50)
(22, 21, 50)
(22, 22, 50)
(22, 23, 48)
(22, 24, 48)
(22, 25, 48)
(22, 26, 48)
(22, 27, 48)
(22, 28, 47)
(22, 29, 47)
(22, 30, 46)
(22, 31, 46)
(22, 32, 42)
(22, 33, 42)
(22, 34, 41)
(22, 35, 41)
(22, 36, 41)
(22, 37, 40)
(22, 38, 38)
(22, 39, 37)

(23, 0, 151)
(23, 1, 151)
(23, 2, 151)
(23, 3, 126)
(23, 4, 119)
(23, 5, 71)
(23, 6, 70)
(23, 7, 70)
(23, 8, 69)
(23, 9, 69)
(23, 10, 69)
(23, 11, 69)
(23, 12, 68)
(23, 13, 68)
(23, 14, 68)
(23, 15, 68)
(23, 16, 67)
(23, 17, 67)
(23, 18, 66)
(23, 19, 66)
(23, 20, 56)
(23, 21, 56)
(23, 22, 56)
(23, 23, 54)
(23, 24, 54)
(23, 25, 54)
(23, 26, 54)
(23, 27, 54)
(23, 28, 53)
(23, 29, 53)
(23, 30, 52)
(23, 31, 52)
(23, 32, 48)
(23, 33, 48)
(23, 34, 47)
(23, 35, 47)
(23, 36, 47)
(23, 37, 46)
(23, 38, 44)
(23, 39, 43)

(24, 0, 181)
(24, 1, 181)
(24, 2, 181)
(24, 3, 156)
(24, 4, 140)
(24, 5, 92)
(24, 6, 80)
(24, 7, 80)
(24, 8, 78)
(24, 9, 78)
(24, 10, 78)
(24, 11, 78)
(24, 12, 77)
(24, 13, 77)
(24, 14, 77)
(24, 15, 77)
(24, 16, 76)
(24, 17, 76)
(24, 18, 75)
(24, 19, 74)
(24, 20, 64)
(24, 21, 64)
(24, 22, 64)
(24, 23, 62)
(24, 24, 62)
(24, 25, 62)
(24, 26, 62)
(24, 27, 62)
(24, 28, 61)
(24, 29, 61)
(24, 30, 60)
(24, 31, 60)
(24, 32, 54)
(24, 33, 54)
(24, 34, 52)
(24, 35, 51)
(24, 36, 51)
(24, 37, 50)
(24, 38, 48)
(24, 39, 46)

(25, 0, 195)
(25, 1, 195)
(25, 2, 195)
(25, 3, 169)
(25, 4, 153)
(25, 5, 105)
(25, 6, 93)
(25, 7, 93)
(25, 8, 91)
(25, 9, 91)
(25, 10, 91)
(25, 11, 91)
(25, 12, 90)
(25, 13, 90)
(25, 14, 90)
(25, 15, 90)
(25, 16, 88)
(25, 17, 87)
(25, 18, 85)
(25, 19, 84)
(25, 20, 73)
(25, 21, 73)
(25, 22, 73)
(25, 23, 71)
(25, 24, 71)
(25, 25, 70)
(25, 26, 70)
(25, 27, 70)
(25, 28, 68)
(25, 29, 68)
(25, 30, 67)
(25, 31, 67)
(25, 32, 60)
(25, 33, 60)
(25, 34, 58)
(25, 35, 57)
(25, 36, 57)
(25, 37, 56)
(25, 38, 53)
(25, 39, 52)

(26, 0, 202)
(26, 1, 202)
(26, 2, 201)
(26, 3, 175)
(26, 4, 158)
(26, 5, 110)
(26, 6, 98)
(26, 7, 98)
(26, 8, 96)
(26, 9, 96)
(26, 10, 95)
(26, 11, 95)
(26, 12, 94)
(26, 13, 94)
(26, 14, 94)
(26, 15, 94)
(26, 16, 92)
(26, 17, 91)
(26, 18, 89)
(26, 19, 88)
(26, 20, 77)
(26, 21, 77)
(26, 22, 77)
(26, 23, 73)
(26, 24, 73)
(26, 25, 72)
(26, 26, 71)
(26, 27, 71)
(26, 28, 68)
(26, 29, 68)
(26, 30, 67)
(26, 31, 67)
(26, 32, 60)
(26, 33, 60)
(26, 34, 59)
(26, 35, 58)
(26, 36, 58)
(26, 37, 57)
(26, 38, 55)
(26, 39, 54)

(27, 0, 209)
(27, 1, 209)
(27, 2, 208)
(27, 3, 181)
(27, 4, 163)
(27, 5, 115)
(27, 6, 103)
(27, 7, 103)
(27, 8, 101)
(27, 9, 101)
(27, 10, 100)
(27, 11, 100)
(27, 12, 99)
(27, 13, 99)
(27, 14, 99)
(27, 15, 99)
(27, 16, 97)
(27, 17, 95)
(27, 18, 93)
(27, 19, 92)
(27, 20, 81)
(27, 21, 81)
(27, 22, 81)
(27, 23, 76)
(27, 24, 76)
(27, 25, 75)
(27, 26, 74)
(27, 27, 74)
(27, 28, 71)
(27, 29, 71)
(27, 30, 69)
(27, 31, 68)
(27, 32, 61)
(27, 33, 61)
(27, 34, 60)
(27, 35, 59)
(27, 36, 59)
(27, 37, 58)
(27, 38, 54)
(27, 39, 53)

(28, 0, 213)
(28, 1, 213)
(28, 2, 212)
(28, 3, 185)
(28, 4, 167)
(28, 5, 119)
(28, 6, 107)
(28, 7, 107)
(28, 8, 105)
(28, 9, 105)
(28, 10, 104)
(28, 11, 104)
(28, 12, 103)
(28, 13, 103)
(28, 14, 103)
(28, 15, 103)
(28, 16, 101)
(28, 17, 99)
(28, 18, 97)
(28, 19, 96)
(28, 20, 85)
(28, 21, 85)
(28, 22, 85)
(28, 23, 80)
(28, 24, 80)
(28, 25, 79)
(28, 26, 77)
(28, 27, 77)
(28, 28, 74)
(28, 29, 74)
(28, 30, 72)
(28, 31, 70)
(28, 32, 63)
(28, 33, 63)
(28, 34, 62)
(28, 35, 61)
(28, 36, 61)
(28, 37, 60)
(28, 38, 56)
(28, 39, 55)

(29, 0, 214)
(29, 1, 214)
(29, 2, 213)
(29, 3, 186)
(29, 4, 168)
(29, 5, 120)
(29, 6, 108)
(29, 7, 108)
(29, 8, 106)
(29, 9, 106)
(29, 10, 105)
(29, 11, 105)
(29, 12, 104)
(29, 13, 104)
(29, 14, 104)
(29, 15, 104)
(29, 16, 102)
(29, 17, 100)
(29, 18, 98)
(29, 19, 97)
(29, 20, 86)
(29, 21, 86)
(29, 22, 86)
(29, 23, 81)
(29, 24, 81)
(29, 25, 80)
(29, 26, 78)
(29, 27, 78)
(29, 28, 75)
(29, 29, 75)
(29, 30, 73)
(29, 31, 71)
(29, 32, 64)
(29, 33, 64)
(29, 34, 63)
(29, 35, 62)
(29, 36, 62)
(29, 37, 61)
(29, 38, 57)
(29, 39, 56)

(30, 0, 220)
(30, 1, 220)
(30, 2, 219)
(30, 3, 192)
(30, 4, 174)
(30, 5, 126)
(30, 6, 114)
(30, 7, 114)
(30, 8, 111)
(30, 9, 111)
(30, 10, 110)
(30, 11, 110)
(30, 12, 109)
(30, 13, 109)
(30, 14, 109)
(30, 15, 109)
(30, 16, 107)
(30, 17, 105)
(30, 18, 103)
(30, 19, 102)
(30, 20, 91)
(30, 21, 91)
(30, 22, 91)
(30, 23, 86)
(30, 24, 86)
(30, 25, 84)
(30, 26, 82)
(30, 27, 82)
(30, 28, 79)
(30, 29, 79)
(30, 30, 77)
(30, 31, 75)
(30, 32, 68)
(30, 33, 68)
(30, 34, 67)
(30, 35, 66)
(30, 36, 66)
(30, 37, 65)
(30, 38, 60)
(30, 39, 58)

(31, 0, 234)
(31, 1, 234)
(31, 2, 232)
(31, 3, 204)
(31, 4, 184)
(31, 5, 136)
(31, 6, 124)
(31, 7, 124)
(31, 8, 121)
(31, 9, 121)
(31, 10, 120)
(31, 11, 120)
(31, 12, 119)
(31, 13, 119)
(31, 14, 119)
(31, 15, 119)
(31, 16, 117)
(31, 17, 114)
(31, 18, 112)
(31, 19, 111)
(31, 20, 99)
(31, 21, 99)
(31, 22, 99)
(31, 23, 92)
(31, 24, 92)
(31, 25, 90)
(31, 26, 88)
(31, 27, 88)
(31, 28, 83)
(31, 29, 83)
(31, 30, 81)
(31, 31, 77)
(31, 32, 70)
(31, 33, 70)
(31, 34, 69)
(31, 35, 68)
(31, 36, 68)
(31, 37, 67)
(31, 38, 62)
(31, 39, 61)

(32, 0, 236)
(32, 1, 236)
(32, 2, 234)
(32, 3, 206)
(32, 4, 186)
(32, 5, 138)
(32, 6, 126)
(32, 7, 126)
(32, 8, 122)
(32, 9, 122)
(32, 10, 121)
(32, 11, 121)
(32, 12, 120)
(32, 13, 120)
(32, 14, 120)
(32, 15, 120)
(32, 16, 118)
(32, 17, 115)
(32, 18, 113)
(32, 19, 112)
(32, 20, 100)
(32, 21, 100)
(32, 22, 100)
(32, 23, 93)
(32, 24, 93)
(32, 25, 91)
(32, 26, 88)
(32, 27, 88)
(32, 28, 83)
(32, 29, 83)
(32, 30, 81)
(32, 31, 77)
(32, 32, 70)
(32, 33, 70)
(32, 34, 69)
(32, 35, 68)
(32, 36, 68)
(32, 37, 67)
(32, 38, 62)
(32, 39, 61)

(33, 0, 236)
(33, 1, 236)
(33, 2, 234)
(33, 3, 206)
(33, 4, 186)
(33, 5, 138)
(33, 6, 126)
(33, 7, 126)
(33, 8, 122)
(33, 9, 122)
(33, 10, 121)
(33, 11, 121)
(33, 12, 120)
(33, 13, 120)
(33, 14, 120)
(33, 15, 120)
(33, 16, 118)
(33, 17, 115)
(33, 18, 113)
(33, 19, 112)
(33, 20, 100)
(33, 21, 100)
(33, 22, 100)
(33, 23, 93)
(33, 24, 93)
(33, 25, 91)
(33, 26, 88)
(33, 27, 88)
(33, 28, 83)
(33, 29, 83)
(33, 30, 81)
(33, 31, 77)
(33, 32, 70)
(33, 33, 70)
(33, 34, 69)
(33, 35, 68)
(33, 36, 68)
(33, 37, 67)
(33, 38, 62)
(33, 39, 61)

(34, 0, 240)
(34, 1, 240)
(34, 2, 238)
(34, 3, 210)
(34, 4, 190)
(34, 5, 142)
(34, 6, 130)
(34, 7, 130)
(34, 8, 126)
(34, 9, 126)
(34, 10, 125)
(34, 11, 125)
(34, 12, 124)
(34, 13, 124)
(34, 14, 124)
(34, 15, 124)
(34, 16, 122)
(34, 17, 119)
(34, 18, 117)
(34, 19, 116)
(34, 20, 103)
(34, 21, 103)
(34, 22, 103)
(34, 23, 96)
(34, 24, 96)
(34, 25, 94)
(34, 26, 91)
(34, 27, 91)
(34, 28, 86)
(34, 29, 86)
(34, 30, 84)
(34, 31, 80)
(34, 32, 73)
(34, 33, 73)
(34, 34, 72)
(34, 35, 71)
(34, 36, 71)
(34, 37, 70)
(34, 38, 65)
(34, 39, 64)

(35, 0, 248)
(35, 1, 248)
(35, 2, 246)
(35, 3, 211)
(35, 4, 191)
(35, 5, 143)
(35, 6, 131)
(35, 7, 131)
(35, 8, 127)
(35, 9, 127)
(35, 10, 126)
(35, 11, 126)
(35, 12, 125)
(35, 13, 125)
(35, 14, 125)
(35, 15, 125)
(35, 16, 123)
(35, 17, 120)
(35, 18, 118)
(35, 19, 117)
(35, 20, 104)
(35, 21, 104)
(35, 22, 104)
(35, 23, 97)
(35, 24, 97)
(35, 25, 95)
(35, 26, 92)
(35, 27, 92)
(35, 28, 87)
(35, 29, 87)
(35, 30, 85)
(35, 31, 81)
(35, 32, 74)
(35, 33, 74)
(35, 34, 73)
(35, 35, 72)
(35, 36, 72)
(35, 37, 71)
(35, 38, 66)
(35, 39, 65)

(36, 0, 268)
(36, 1, 268)
(36, 2, 266)
(36, 3, 214)
(36, 4, 194)
(36, 5, 146)
(36, 6, 134)
(36, 7, 134)
(36, 8, 130)
(36, 9, 130)
(36, 10, 129)
(36, 11, 129)
(36, 12, 128)
(36, 13, 128)
(36, 14, 128)
(36, 15, 128)
(36, 16, 126)
(36, 17, 123)
(36, 18, 121)
(36, 19, 120)
(36, 20, 107)
(36, 21, 107)
(36, 22, 107)
(36, 23, 100)
(36, 24, 100)
(36, 25, 98)
(36, 26, 95)
(36, 27, 95)
(36, 28, 90)
(36, 29, 90)
(36, 30, 88)
(36, 31, 84)
(36, 32, 77)
(36, 33, 77)
(36, 34, 76)
(36, 35, 75)
(36, 36, 75)
(36, 37, 74)
(36, 38, 69)
(36, 39, 68)

(37, 0, 278)
(37, 1, 278)
(37, 2, 276)
(37, 3, 224)
(37, 4, 201)
(37, 5, 153)
(37, 6, 141)
(37, 7, 141)
(37, 8, 137)
(37, 9, 137)
(37, 10, 136)
(37, 11, 136)
(37, 12, 134)
(37, 13, 134)
(37, 14, 134)
(37, 15, 134)
(37, 16, 132)
(37, 17, 129)
(37, 18, 127)
(37, 19, 126)
(37, 20, 112)
(37, 21, 112)
(37, 22, 112)
(37, 23, 105)
(37, 24, 105)
(37, 25, 103)
(37, 26, 100)
(37, 27, 100)
(37, 28, 95)
(37, 29, 95)
(37, 30, 93)
(37, 31, 89)
(37, 32, 82)
(37, 33, 82)
(37, 34, 81)
(37, 35, 80)
(37, 36, 80)
(37, 37, 79)
(37, 38, 74)
(37, 39, 73)

(38, 0, 289)
(38, 1, 289)
(38, 2, 287)
(38, 3, 235)
(38, 4, 205)
(38, 5, 157)
(38, 6, 145)
(38, 7, 145)
(38, 8, 141)
(38, 9, 141)
(38, 10, 140)
(38, 11, 140)
(38, 12, 138)
(38, 13, 138)
(38, 14, 138)
(38, 15, 138)
(38, 16, 136)
(38, 17, 133)
(38, 18, 131)
(38, 19, 130)
(38, 20, 116)
(38, 21, 116)
(38, 22, 116)
(38, 23, 109)
(38, 24, 109)
(38, 25, 107)
(38, 26, 104)
(38, 27, 104)
(38, 28, 99)
(38, 29, 99)
(38, 30, 97)
(38, 31, 93)
(38, 32, 86)
(38, 33, 86)
(38, 34, 85)
(38, 35, 84)
(38, 36, 84)
(38, 37, 83)
(38, 38, 78)
(38, 39, 77)

(39, 0, 308)
(39, 1, 308)
(39, 2, 306)
(39, 3, 254)
(39, 4, 222)
(39, 5, 174)
(39, 6, 150)
(39, 7, 150)
(39, 8, 146)
(39, 9, 146)
(39, 10, 145)
(39, 11, 145)
(39, 12, 143)
(39, 13, 143)
(39, 14, 143)
(39, 15, 143)
(39, 16, 141)
(39, 17, 138)
(39, 18, 136)
(39, 19, 135)
(39, 20, 119)
(39, 21, 119)
(39, 22, 119)
(39, 23, 112)
(39, 24, 112)
(39, 25, 110)
(39, 26, 107)
(39, 27, 107)
(39, 28, 102)
(39, 29, 102)
(39, 30, 100)
(39, 31, 96)
(39, 32, 89)
(39, 33, 89)
(39, 34, 88)
(39, 35, 86)
(39, 36, 86)
(39, 37, 85)
(39, 38, 80)
(39, 39, 79)


Betti numbers:
xi_0:
(0, 0, 2)
(3, 0, 1)
(4, 0, 1)
(5, 0, 2)
(6, 0, 2)
(7, 0, 11)
(8, 0, 13)
(9, 0, 4)
(10, 0, 3)
(11, 0, 3)
(13, 0, 1)
(14, 0, 5)
(16, 0, 13)
(17, 0, 16)
(18, 0, 7)
(19, 0, 11)
(20, 0, 31)
(21, 0, 8)
(22, 0, 4)
(23, 0, 13)
(24, 0, 30)
(25, 0, 14)
(26, 0, 7)
(27, 0, 7)
(28, 0, 4)
(29, 0, 1)
(30, 0, 6)
(31, 0, 14)
(32, 0, 2)
(34, 0, 4)
(35, 0, 8)
(36, 0, 20)
(37, 0, 10)
(38, 0, 11)
(39, 0, 19)
xi_1:
(0, 20, 1)
(6, 20, 1)
(7, 5, 9)
(7, 23, 1)
(8, 5, 11)
(9, 5, 4)
(10, 20, 1)
(11, 20, 1)
(11, 37, 1)
(16, 5, 9)
(16, 20, 1)
(16, 23, 1)
(17, 5, 10)
(17, 8, 1)
(18, 5, 5)
(18, 20, 1)
(19, 3, 2)
(19, 20, 2)
(19, 34, 1)
(20, 3, 23)
(20, 4, 2)
(20, 12, 1)
(20, 20, 1)
(20, 32, 2)
(20, 38, 1)
(21, 16, 1)
(21, 18, 1)
(21, 28, 1)
(21, 32, 1)
(21, 39, 1)
(22, 30, 1)
(22, 32, 1)
(22, 38, 1)
(23, 4, 5)
(23, 6, 1)
(23, 20, 1)
(24, 4, 9)
(24, 6, 11)
(24, 8, 1)
(24, 19, 1)
(24, 32, 2)
(24, 34, 1)
(24, 35, 1)
(24, 39, 1)
(25, 3, 1)
(25, 16, 1)
(25, 17, 1)
(25, 18, 1)
(25, 20, 1)
(25, 25, 1)
(25, 28, 1)
(25, 32, 1)
(25, 38, 1)
(26, 2, 1)
(26, 4, 1)
(26, 10, 1)
(26, 23, 2)
(26, 26, 1)
(26, 28, 1)
(27, 3, 1)
(27, 4, 1)
(27, 17, 1)
(27, 23, 1)
(27, 30, 1)
(27, 31, 1)
(27, 38, 2)
(28, 26, 1)
(28, 31, 1)
(30, 8, 1)
(30, 25, 1)
(30, 38, 1)
(30, 39, 1)
(31, 2, 1)
(31, 3, 1)
(31, 4, 2)
(31, 17, 1)
(31, 20, 1)
(31, 23, 2)
(31, 28, 2)
(31, 31, 2)
(31, 38, 1)
(32, 8, 1)
(32, 26, 1)
(34, 20, 1)
(35, 3, 7)
(36, 3, 17)
(37, 4, 3)
(37, 12, 1)
(37, 20, 1)
(38, 4, 7)
(39, 4, 2)
(39, 6, 12)
(39, 20, 2)
(39, 35, 1)
xi_2:
(25, 39, 1)
(26, 34, 1)
(26, 38, 1)
(31, 38, 1)
(31, 39, 1)
