x-grades
-16261029006060366699/20000000000000000000
-7925487063200555699/10000000000000000000
-15440919246741856097/20000000000000000000
-3757716091770650199/5000000000000000000
-2924161897484669099/4000000000000000000
-7105377303882045097/10000000000000000000
-13800699728104834893/20000000000000000000
-1673830606055697449/2500000000000000000
-12980589968786324291/20000000000000000000
-1257053508912706899/2000000000000000000
-12160480209467813689/20000000000000000000
-2937606332452139597/5000000000000000000
-11340370450149303087/20000000000000000000
-5465157785245023893/10000000000000000000
-2104052138166158497/4000000000000000000
-315943931599110537/625000000000000000
-9700150931512281883/20000000000000000000
-4645048025926513291/10000000000000000000
-8880041172193771281/20000000000000000000
-423499314626725799/1000000000000000000
-8059931412875260679/20000000000000000000
-3824938266608002689/10000000000000000000
-7239821653556750077/20000000000000000000
-853720846737186847/2500000000000000000
-256788475769529579/800000000000000000
-3004828507289492087/10000000000000000000
-5599602134919728873/20000000000000000000
-1297386813815118393/5000000000000000000
-4779492375601218271/20000000000000000000
-436943749594196297/2000000000000000000
-3959382616282707669/20000000000000000000
-221832983538965773/1250000000000000000
-3139272856964197067/20000000000000000000
-1364608988652470883/10000000000000000000
-463832619529137293/4000000000000000000
-477277054496607791/5000000000000000000
-1499053338327175863/20000000000000000000
-544499229333960281/10000000000000000000
-678943579008665261/20000000000000000000
-6722217483735249/500000000000000000

y-grades
9999979/40000000
9999979/20000000
29999937/40000000
9999979/10000000
9999979/8000000
29999937/20000000
69999853/40000000
9999979/5000000
89999811/40000000
9999979/4000000
109999769/40000000
29999937/10000000
129999727/40000000
69999853/20000000
29999937/8000000
9999979/2500000
169999643/40000000
89999811/20000000
189999601/40000000
9999979/2000000
209999559/40000000
109999769/20000000
229999517/40000000
29999937/5000000
9999979/1600000
129999727/20000000
269999433/40000000
69999853/10000000
289999391/40000000
29999937/4000000
309999349/40000000
9999979/1250000
329999307/40000000
169999643/20000000
69999853/8000000
89999811/10000000
369999223/40000000
189999601/20000000
389999181/40000000
9999979/1000000

Dimensions > 0:
(0, 0, 5)
(0, 1, 5)
(0, 2, 5)
(0, 3, 3)
(0, 4, 2)
(0, 5, 2)
(0, 6, 2)
(0, 7, 2)
(0, 8, 2)
(0, 9, 2)
(0, 10, 2)
(0, 11, 2)
(0, 12, 2)
(0, 13, 2)
(0, 14, 2)
(0, 15, 2)
(0, 16, 2)
(0, 17, 2)
(0, 18, 2)
(0, 19, 2)
(0, 20, 2)
(0, 21, 2)
(0, 22, 2)
(0, 23, 2)
(0, 24, 2)
(0, 25, 2)
(0, 26, 2)
(0, 27, 2)
(0, 28, 2)
(0, 29, 2)
(0, 30, 2)
(0, 31, 2)
(0, 32, 2)
(0, 33, 2)
(0, 34, 2)
(0, 35, 2)
(0, 36, 2)
(0, 37, 2)
(0, 38, 2)
(0, 39, 2)

(1, 0, 12)
(1, 1, 12)
(1, 2, 9)
(1, 3, 5)
(1, 4, 2)
(1, 5, 2)
(1, 6, 2)
(1, 7, 2)
(1, 8, 2)
(1, 9, 2)
(1, 10, 2)
(1, 11, 2)
(1, 12, 2)
(1, 13, 2)
(1, 14, 2)
(1, 15, 2)
(1, 16, 2)
(1, 17, 2)
(1, 18, 2)
(1, 19, 2)
(1, 20, 2)
(1, 21, 2)
(1, 22, 2)
(1, 23, 2)
(1, 24, 2)
(1, 25, 2)
(1, 26, 2)
(1, 27, 2)
(1, 28, 2)
(1, 29, 2)
(1, 30, 2)
(1, 31, 2)
(1, 32, 2)
(1, 33, 2)
(1, 34, 2)
(1, 35, 2)
(1, 36, 2)
(1, 37, 2)
(1, 38, 2)
(1, 39, 2)

(2, 0, 22)
(2, 1, 18)
(2, 2, 15)
(2, 3, 7)
(2, 4, 2)
(2, 5, 2)
(2, 6, 2)
(2, 7, 2)
(2, 8, 2)
(2, 9, 2)
(2, 10, 2)
(2, 11, 2)
(2, 12, 2)
(2, 13, 2)
(2, 14, 2)
(2, 15, 2)
(2, 16, 2)
(2, 17, 2)
(2, 18, 2)
(2, 19, 2)
(2, 20, 2)
(2, 21, 2)
(2, 22, 2)
(2, 23, 2)
(2, 24, 2)
(2, 25, 2)
(2, 26, 2)
(2, 27, 2)
(2, 28, 2)
(2, 29, 2)
(2, 30, 2)
(2, 31, 2)
(2, 32, 2)
(2, 33, 2)
(2, 34, 2)
(2, 35, 2)
(2, 36, 2)
(2, 37, 2)
(2, 38, 2)
(2, 39, 2)

(3, 0, 47)
(3, 1, 25)
(3, 2, 22)
(3, 3, 10)
(3, 4, 3)
(3, 5, 3)
(3, 6, 3)
(3, 7, 3)
(3, 8, 3)
(3, 9, 3)
(3, 10, 3)
(3, 11, 3)
(3, 12, 3)
(3, 13, 2)
(3, 14, 2)
(3, 15, 1)
(3, 16, 1)
(3, 17, 1)
(3, 18, 1)
(3, 19, 1)
(3, 20, 1)
(3, 21, 1)
(3, 22, 1)
(3, 23, 1)
(3, 24, 1)
(3, 25, 1)
(3, 26, 1)
(3, 27, 1)
(3, 28, 1)
(3, 29, 1)
(3, 30, 1)
(3, 31, 1)
(3, 32, 1)
(3, 33, 1)
(3, 34, 1)
(3, 35, 1)
(3, 36, 1)
(3, 37, 1)
(3, 38, 1)
(3, 39, 1)

(4, 0, 81)
(4, 1, 37)
(4, 2, 34)
(4, 3, 12)
(4, 4, 3)
(4, 5, 3)
(4, 6, 3)
(4, 7, 3)
(4, 8, 3)
(4, 9, 3)
(4, 10, 3)
(4, 11, 3)
(4, 12, 2)
(4, 13, 1)
(4, 14, 1)
(4, 15, 1)
(4, 16, 1)
(4, 17, 1)
(4, 18, 1)
(4, 19, 1)
(4, 20, 1)
(4, 21, 1)
(4, 22, 1)
(4, 23, 1)
(4, 24, 1)
(4, 25, 1)
(4, 26, 1)
(4, 27, 1)
(4, 28, 1)
(4, 29, 1)
(4, 30, 1)
(4, 31, 1)
(4, 32, 1)
(4, 33, 1)
(4, 34, 1)
(4, 35, 1)
(4, 36, 1)
(4, 37, 1)
(4, 38, 1)
(4, 39, 1)

(5, 0, 91)
(5, 1, 46)
(5, 2, 40)
(5, 3, 17)
(5, 4, 6)
(5, 5, 5)
(5, 6, 4)
(5, 7, 2)
(5, 8, 2)
(5, 9, 2)
(5, 10, 2)
(5, 11, 2)
(5, 12, 2)
(5, 13, 2)
(5, 14, 2)
(5, 15, 2)
(5, 16, 2)
(5, 17, 2)
(5, 18, 2)
(5, 19, 2)
(5, 20, 2)
(5, 21, 2)
(5, 22, 2)
(5, 23, 2)
(5, 24, 2)
(5, 25, 2)
(5, 26, 2)
(5, 27, 2)
(5, 28, 2)
(5, 29, 1)
(5, 30, 1)
(5, 31, 1)
(5, 32, 1)
(5, 33, 1)
(5, 34, 1)
(5, 35, 1)
(5, 36, 1)
(5, 37, 1)
(5, 38, 1)
(5, 39, 1)

(6, 0, 111)
(6, 1, 64)
(6, 2, 55)
(6, 3, 24)
(6, 4, 8)
(6, 5, 7)
(6, 6, 6)
(6, 7, 4)
(6, 8, 3)
(6, 9, 3)
(6, 10, 3)
(6, 11, 3)
(6, 12, 2)
(6, 13, 2)
(6, 14, 2)
(6, 15, 2)
(6, 16, 2)
(6, 17, 2)
(6, 18, 2)
(6, 19, 2)
(6, 20, 2)
(6, 21, 2)
(6, 22, 2)
(6, 23, 2)
(6, 24, 2)
(6, 25, 1)
(6, 26, 1)
(6, 27, 1)
(6, 28, 1)
(6, 29, 1)
(6, 30, 1)
(6, 31, 1)
(6, 32, 1)
(6, 33, 1)
(6, 34, 1)
(6, 35, 1)
(6, 36, 1)
(6, 37, 1)
(6, 38, 1)
(6, 39, 1)

(7, 0, 124)
(7, 1, 77)
(7, 2, 68)
(7, 3, 31)
(7, 4, 7)
(7, 5, 6)
(7, 6, 5)
(7, 7, 3)
(7, 8, 1)
(7, 9, 1)
(7, 10, 1)
(7, 11, 1)
(7, 12, 1)
(7, 13, 1)
(7, 14, 1)
(7, 15, 1)
(7, 16, 1)
(7, 17, 1)
(7, 18, 1)
(7, 19, 1)
(7, 20, 1)
(7, 21, 1)
(7, 22, 1)
(7, 23, 1)
(7, 24, 1)
(7, 25, 1)
(7, 26, 1)
(7, 27, 1)
(7, 28, 1)
(7, 29, 1)
(7, 30, 1)
(7, 31, 1)
(7, 32, 1)
(7, 33, 1)
(7, 34, 1)
(7, 35, 1)
(7, 36, 1)
(7, 37, 1)
(7, 38, 1)
(7, 39, 1)

(8, 0, 131)
(8, 1, 79)
(8, 2, 70)
(8, 3, 32)
(8, 4, 7)
(8, 5, 6)
(8, 6, 5)
(8, 7, 3)
(8, 8, 1)
(8, 9, 1)
(8, 10, 1)
(8, 11, 1)
(8, 12, 1)
(8, 13, 1)
(8, 14, 1)
(8, 15, 1)
(8, 16, 1)
(8, 17, 1)
(8, 18, 1)
(8, 19, 1)
(8, 20, 1)
(8, 21, 1)
(8, 22, 1)
(8, 23, 1)
(8, 24, 1)
(8, 25, 1)
(8, 26, 1)
(8, 27, 1)
(8, 28, 1)
(8, 29, 1)
(8, 30, 1)
(8, 31, 1)
(8, 32, 1)
(8, 33, 1)
(8, 34, 1)
(8, 35, 1)
(8, 36, 1)
(8, 37, 1)
(8, 38, 1)
(8, 39, 1)

(9, 0, 140)
(9, 1, 80)
(9, 2, 71)
(9, 3, 32)
(9, 4, 7)
(9, 5, 6)
(9, 6, 5)
(9, 7, 3)
(9, 8, 1)
(9, 9, 1)
(9, 10, 1)
(9, 11, 1)
(9, 12, 1)
(9, 13, 1)
(9, 14, 1)
(9, 15, 1)
(9, 16, 1)
(9, 17, 1)
(9, 18, 1)
(9, 19, 1)
(9, 20, 1)
(9, 21, 1)
(9, 22, 1)
(9, 23, 1)
(9, 24, 1)
(9, 25, 1)
(9, 26, 1)
(9, 27, 1)
(9, 28, 1)
(9, 29, 1)
(9, 30, 1)
(9, 31, 1)
(9, 32, 1)
(9, 33, 1)
(9, 34, 1)
(9, 35, 1)
(9, 36, 1)
(9, 37, 1)
(9, 38, 1)
(9, 39, 1)

(10, 0, 179)
(10, 1, 91)
(10, 2, 82)
(10, 3, 31)
(10, 4, 6)
(10, 5, 5)
(10, 6, 4)
(10, 7, 2)
(10, 8, 1)
(10, 9, 1)
(10, 10, 1)
(10, 11, 1)
(10, 12, 1)
(10, 13, 1)
(10, 14, 1)
(10, 15, 1)
(10, 16, 1)
(10, 17, 1)
(10, 18, 1)
(10, 19, 1)
(10, 20, 1)
(10, 21, 1)
(10, 22, 1)
(10, 23, 1)
(10, 24, 1)
(10, 25, 1)
(10, 26, 1)
(10, 27, 1)
(10, 28, 1)
(10, 29, 1)
(10, 30, 1)
(10, 31, 1)
(10, 32, 1)
(10, 33, 1)
(10, 34, 1)
(10, 35, 1)
(10, 36, 1)
(10, 37, 1)
(10, 38, 1)
(10, 39, 1)

(11, 0, 187)
(11, 1, 99)
(11, 2, 88)
(11, 3, 35)
(11, 4, 10)
(11, 5, 7)
(11, 6, 6)
(11, 7, 2)
(11, 8, 1)
(11, 9, 1)
(11, 10, 1)
(11, 11, 1)
(11, 12, 1)
(11, 13, 1)
(11, 14, 1)
(11, 15, 1)
(11, 16, 1)
(11, 17, 1)
(11, 18, 1)
(11, 19, 1)
(11, 20, 1)
(11, 21, 1)
(11, 22, 1)
(11, 23, 1)
(11, 24, 1)
(11, 25, 1)
(11, 26, 1)
(11, 27, 1)
(11, 28, 1)
(11, 29, 1)
(11, 30, 1)
(11, 31, 1)
(11, 32, 1)
(11, 33, 1)
(11, 34, 1)
(11, 35, 1)
(11, 36, 1)
(11, 37, 1)
(11, 38, 1)
(11, 39, 1)

(12, 0, 190)
(12, 1, 102)
(12, 2, 90)
(12, 3, 36)
(12, 4, 10)
(12, 5, 7)
(12, 6, 6)
(12, 7, 2)
(12, 8, 1)
(12, 9, 1)
(12, 10, 1)
(12, 11, 1)
(12, 12, 1)
(12, 13, 1)
(12, 14, 1)
(12, 15, 1)
(12, 16, 1)
(12, 17, 1)
(12, 18, 1)
(12, 19, 1)
(12, 20, 1)
(12, 21, 1)
(12, 22, 1)
(12, 23, 1)
(12, 24, 1)
(12, 25, 1)
(12, 26, 1)
(12, 27, 1)
(12, 28, 1)
(12, 29, 1)
(12, 30, 1)
(12, 31, 1)
(12, 32, 1)
(12, 33, 1)
(12, 34, 1)
(12, 35, 1)
(12, 36, 1)
(12, 37, 1)
(12, 38, 1)
(12, 39, 1)

(13, 0, 194)
(13, 1, 104)
(13, 2, 92)
(13, 3, 38)
(13, 4, 12)
(13, 5, 9)
(13, 6, 8)
(13, 7, 4)
(13, 8, 3)
(13, 9, 3)
(13, 10, 3)
(13, 11, 3)
(13, 12, 3)
(13, 13, 3)
(13, 14, 3)
(13, 15, 3)
(13, 16, 3)
(13, 17, 3)
(13, 18, 3)
(13, 19, 3)
(13, 20, 3)
(13, 21, 3)
(13, 22, 3)
(13, 23, 3)
(13, 24, 3)
(13, 25, 3)
(13, 26, 3)
(13, 27, 3)
(13, 28, 3)
(13, 29, 3)
(13, 30, 3)
(13, 31, 3)
(13, 32, 3)
(13, 33, 3)
(13, 34, 3)
(13, 35, 3)
(13, 36, 3)
(13, 37, 3)
(13, 38, 3)
(13, 39, 3)

(14, 0, 197)
(14, 1, 105)
(14, 2, 92)
(14, 3, 38)
(14, 4, 12)
(14, 5, 9)
(14, 6, 8)
(14, 7, 4)
(14, 8, 3)
(14, 9, 3)
(14, 10, 3)
(14, 11, 3)
(14, 12, 3)
(14, 13, 3)
(14, 14, 3)
(14, 15, 3)
(14, 16, 3)
(14, 17, 3)
(14, 18, 3)
(14, 19, 3)
(14, 20, 3)
(14, 21, 3)
(14, 22, 3)
(14, 23, 3)
(14, 24, 3)
(14, 25, 3)
(14, 26, 3)
(14, 27, 3)
(14, 28, 3)
(14, 29, 3)
(14, 30, 3)
(14, 31, 3)
(14, 32, 3)
(14, 33, 3)
(14, 34, 3)
(14, 35, 3)
(14, 36, 3)
(14, 37, 3)
(14, 38, 3)
(14, 39, 3)

(15, 0, 201)
(15, 1, 107)
(15, 2, 94)
(15, 3, 38)
(15, 4, 12)
(15, 5, 9)
(15, 6, 8)
(15, 7, 4)
(15, 8, 3)
(15, 9, 3)
(15, 10, 3)
(15, 11, 3)
(15, 12, 3)
(15, 13, 3)
(15, 14, 3)
(15, 15, 3)
(15, 16, 3)
(15, 17, 3)
(15, 18, 3)
(15, 19, 3)
(15, 20, 3)
(15, 21, 3)
(15, 22, 3)
(15, 23, 3)
(15, 24, 3)
(15, 25, 3)
(15, 26, 3)
(15, 27, 3)
(15, 28, 3)
(15, 29, 3)
(15, 30, 3)
(15, 31, 3)
(15, 32, 3)
(15, 33, 3)
(15, 34, 3)
(15, 35, 3)
(15, 36, 3)
(15, 37, 3)
(15, 38, 3)
(15, 39, 3)

(16, 0, 204)
(16, 1, 110)
(16, 2, 97)
(16, 3, 41)
(16, 4, 14)
(16, 5, 11)
(16, 6, 10)
(16, 7, 6)
(16, 8, 5)
(16, 9, 5)
(16, 10, 5)
(16, 11, 5)
(16, 12, 5)
(16, 13, 5)
(16, 14, 5)
(16, 15, 5)
(16, 16, 5)
(16, 17, 5)
(16, 18, 5)
(16, 19, 5)
(16, 20, 5)
(16, 21, 5)
(16, 22, 5)
(16, 23, 5)
(16, 24, 4)
(16, 25, 4)
(16, 26, 4)
(16, 27, 4)
(16, 28, 3)
(16, 29, 3)
(16, 30, 3)
(16, 31, 3)
(16, 32, 3)
(16, 33, 3)
(16, 34, 3)
(16, 35, 3)
(16, 36, 3)
(16, 37, 3)
(16, 38, 3)
(16, 39, 3)

(17, 0, 208)
(17, 1, 114)
(17, 2, 101)
(17, 3, 44)
(17, 4, 16)
(17, 5, 13)
(17, 6, 10)
(17, 7, 6)
(17, 8, 5)
(17, 9, 5)
(17, 10, 5)
(17, 11, 5)
(17, 12, 5)
(17, 13, 5)
(17, 14, 5)
(17, 15, 5)
(17, 16, 5)
(17, 17, 5)
(17, 18, 5)
(17, 19, 5)
(17, 20, 5)
(17, 21, 5)
(17, 22, 3)
(17, 23, 3)
(17, 24, 3)
(17, 25, 3)
(17, 26, 3)
(17, 27, 3)
(17, 28, 3)
(17, 29, 3)
(17, 30, 3)
(17, 31, 3)
(17, 32, 3)
(17, 33, 3)
(17, 34, 3)
(17, 35, 3)
(17, 36, 3)
(17, 37, 3)
(17, 38, 3)
(17, 39, 3)

(18, 0, 210)
(18, 1, 116)
(18, 2, 103)
(18, 3, 44)
(18, 4, 16)
(18, 5, 13)
(18, 6, 10)
(18, 7, 6)
(18, 8, 5)
(18, 9, 5)
(18, 10, 5)
(18, 11, 5)
(18, 12, 5)
(18, 13, 5)
(18, 14, 5)
(18, 15, 5)
(18, 16, 5)
(18, 17, 5)
(18, 18, 5)
(18, 19, 5)
(18, 20, 5)
(18, 21, 5)
(18, 22, 3)
(18, 23, 3)
(18, 24, 3)
(18, 25, 3)
(18, 26, 3)
(18, 27, 3)
(18, 28, 3)
(18, 29, 3)
(18, 30, 3)
(18, 31, 3)
(18, 32, 3)
(18, 33, 3)
(18, 34, 3)
(18, 35, 3)
(18, 36, 3)
(18, 37, 3)
(18, 38, 3)
(18, 39, 3)

(19, 0, 210)
(19, 1, 116)
(19, 2, 103)
(19, 3, 44)
(19, 4, 16)
(19, 5, 13)
(19, 6, 10)
(19, 7, 6)
(19, 8, 5)
(19, 9, 5)
(19, 10, 5)
(19, 11, 5)
(19, 12, 5)
(19, 13, 5)
(19, 14, 5)
(19, 15, 5)
(19, 16, 5)
(19, 17, 5)
(19, 18, 5)
(19, 19, 5)
(19, 20, 5)
(19, 21, 5)
(19, 22, 3)
(19, 23, 3)
(19, 24, 3)
(19, 25, 3)
(19, 26, 3)
(19, 27, 3)
(19, 28, 3)
(19, 29, 3)
(19, 30, 3)
(19, 31, 3)
(19, 32, 3)
(19, 33, 3)
(19, 34, 3)
(19, 35, 3)
(19, 36, 3)
(19, 37, 3)
(19, 38, 3)
(19, 39, 3)

(20, 0, 210)
(20, 1, 116)
(20, 2, 103)
(20, 3, 44)
(20, 4, 16)
(20, 5, 13)
(20, 6, 10)
(20, 7, 6)
(20, 8, 5)
(20, 9, 5)
(20, 10, 5)
(20, 11, 5)
(20, 12, 5)
(20, 13, 5)
(20, 14, 5)
(20, 15, 5)
(20, 16, 5)
(20, 17, 5)
(20, 18, 5)
(20, 19, 5)
(20, 20, 5)
(20, 21, 5)
(20, 22, 3)
(20, 23, 3)
(20, 24, 3)
(20, 25, 3)
(20, 26, 3)
(20, 27, 3)
(20, 28, 3)
(20, 29, 3)
(20, 30, 3)
(20, 31, 3)
(20, 32, 3)
(20, 33, 3)
(20, 34, 3)
(20, 35, 3)
(20, 36, 3)
(20, 37, 3)
(20, 38, 3)
(20, 39, 3)

(21, 0, 210)
(21, 1, 116)
(21, 2, 103)
(21, 3, 44)
(21, 4, 16)
(21, 5, 13)
(21, 6, 10)
(21, 7, 6)
(21, 8, 5)
(21, 9, 5)
(21, 10, 5)
(21, 11, 5)
(21, 12, 5)
(21, 13, 5)
(21, 14, 5)
(21, 15, 5)
(21, 16, 5)
(21, 17, 5)
(21, 18, 5)
(21, 19, 5)
(21, 20, 5)
(21, 21, 5)
(21, 22, 3)
(21, 23, 3)
(21, 24, 3)
(21, 25, 3)
(21, 26, 3)
(21, 27, 3)
(21, 28, 3)
(21, 29, 3)
(21, 30, 3)
(21, 31, 3)
(21, 32, 3)
(21, 33, 3)
(21, 34, 3)
(21, 35, 3)
(21, 36, 3)
(21, 37, 3)
(21, 38, 3)
(21, 39, 3)

(22, 0, 210)
(22, 1, 116)
(22, 2, 103)
(22, 3, 44)
(22, 4, 16)
(22, 5, 13)
(22, 6, 10)
(22, 7, 6)
(22, 8, 5)
(22, 9, 5)
(22, 10, 5)
(22, 11, 5)
(22, 12, 5)
(22, 13, 5)
(22, 14, 5)
(22, 15, 5)
(22, 16, 5)
(22, 17, 5)
(22, 18, 5)
(22, 19, 5)
(22, 20, 5)
(22, 21, 5)
(22, 22, 3)
(22, 23, 3)
(22, 24, 3)
(22, 25, 3)
(22, 26, 3)
(22, 27, 3)
(22, 28, 3)
(22, 29, 3)
(22, 30, 3)
(22, 31, 3)
(22, 32, 3)
(22, 33, 3)
(22, 34, 3)
(22, 35, 3)
(22, 36, 3)
(22, 37, 3)
(22, 38, 3)
(22, 39, 3)

(23, 0, 210)
(23, 1, 116)
(23, 2, 103)
(23, 3, 44)
(23, 4, 16)
(23, 5, 13)
(23, 6, 10)
(23, 7, 6)
(23, 8, 5)
(23, 9, 5)
(23, 10, 5)
(23, 11, 5)
(23, 12, 5)
(23, 13, 5)
(23, 14, 5)
(23, 15, 5)
(23, 16, 5)
(23, 17, 5)
(23, 18, 5)
(23, 19, 5)
(23, 20, 5)
(23, 21, 5)
(23, 22, 3)
(23, 23, 3)
(23, 24, 3)
(23, 25, 3)
(23, 26, 3)
(23, 27, 3)
(23, 28, 3)
(23, 29, 3)
(23, 30, 3)
(23, 31, 3)
(23, 32, 3)
(23, 33, 3)
(23, 34, 3)
(23, 35, 3)
(23, 36, 3)
(23, 37, 3)
(23, 38, 3)
(23, 39, 3)

(24, 0, 213)
(24, 1, 117)
(24, 2, 104)
(24, 3, 45)
(24, 4, 17)
(24, 5, 14)
(24, 6, 11)
(24, 7, 7)
(24, 8, 6)
(24, 9, 6)
(24, 10, 6)
(24, 11, 6)
(24, 12, 6)
(24, 13, 6)
(24, 14, 6)
(24, 15, 6)
(24, 16, 6)
(24, 17, 6)
(24, 18, 6)
(24, 19, 6)
(24, 20, 6)
(24, 21, 6)
(24, 22, 4)
(24, 23, 4)
(24, 24, 4)
(24, 25, 4)
(24, 26, 4)
(24, 27, 4)
(24, 28, 4)
(24, 29, 4)
(24, 30, 4)
(24, 31, 4)
(24, 32, 4)
(24, 33, 4)
(24, 34, 4)
(24, 35, 4)
(24, 36, 4)
(24, 37, 4)
(24, 38, 4)
(24, 39, 4)

(25, 0, 216)
(25, 1, 118)
(25, 2, 105)
(25, 3, 46)
(25, 4, 18)
(25, 5, 15)
(25, 6, 12)
(25, 7, 8)
(25, 8, 7)
(25, 9, 7)
(25, 10, 7)
(25, 11, 7)
(25, 12, 7)
(25, 13, 7)
(25, 14, 7)
(25, 15, 7)
(25, 16, 7)
(25, 17, 7)
(25, 18, 7)
(25, 19, 7)
(25, 20, 7)
(25, 21, 7)
(25, 22, 5)
(25, 23, 5)
(25, 24, 5)
(25, 25, 5)
(25, 26, 5)
(25, 27, 5)
(25, 28, 5)
(25, 29, 5)
(25, 30, 5)
(25, 31, 5)
(25, 32, 5)
(25, 33, 5)
(25, 34, 5)
(25, 35, 5)
(25, 36, 5)
(25, 37, 5)
(25, 38, 5)
(25, 39, 5)

(26, 0, 219)
(26, 1, 118)
(26, 2, 105)
(26, 3, 46)
(26, 4, 18)
(26, 5, 15)
(26, 6, 12)
(26, 7, 8)
(26, 8, 7)
(26, 9, 7)
(26, 10, 7)
(26, 11, 7)
(26, 12, 7)
(26, 13, 7)
(26, 14, 7)
(26, 15, 7)
(26, 16, 7)
(26, 17, 7)
(26, 18, 7)
(26, 19, 7)
(26, 20, 7)
(26, 21, 7)
(26, 22, 5)
(26, 23, 5)
(26, 24, 5)
(26, 25, 5)
(26, 26, 5)
(26, 27, 5)
(26, 28, 5)
(26, 29, 5)
(26, 30, 5)
(26, 31, 5)
(26, 32, 5)
(26, 33, 5)
(26, 34, 5)
(26, 35, 5)
(26, 36, 5)
(26, 37, 5)
(26, 38, 5)
(26, 39, 5)

(27, 0, 220)
(27, 1, 119)
(27, 2, 106)
(27, 3, 47)
(27, 4, 19)
(27, 5, 16)
(27, 6, 13)
(27, 7, 9)
(27, 8, 8)
(27, 9, 8)
(27, 10, 8)
(27, 11, 8)
(27, 12, 8)
(27, 13, 8)
(27, 14, 8)
(27, 15, 8)
(27, 16, 8)
(27, 17, 8)
(27, 18, 8)
(27, 19, 8)
(27, 20, 8)
(27, 21, 8)
(27, 22, 6)
(27, 23, 6)
(27, 24, 6)
(27, 25, 6)
(27, 26, 6)
(27, 27, 6)
(27, 28, 5)
(27, 29, 5)
(27, 30, 5)
(27, 31, 5)
(27, 32, 5)
(27, 33, 5)
(27, 34, 5)
(27, 35, 5)
(27, 36, 5)
(27, 37, 5)
(27, 38, 5)
(27, 39, 5)

(28, 0, 227)
(28, 1, 126)
(28, 2, 113)
(28, 3, 51)
(28, 4, 21)
(28, 5, 18)
(28, 6, 14)
(28, 7, 10)
(28, 8, 9)
(28, 9, 9)
(28, 10, 9)
(28, 11, 9)
(28, 12, 9)
(28, 13, 9)
(28, 14, 9)
(28, 15, 9)
(28, 16, 9)
(28, 17, 9)
(28, 18, 9)
(28, 19, 9)
(28, 20, 9)
(28, 21, 9)
(28, 22, 6)
(28, 23, 6)
(28, 24, 5)
(28, 25, 5)
(28, 26, 5)
(28, 27, 5)
(28, 28, 5)
(28, 29, 5)
(28, 30, 5)
(28, 31, 5)
(28, 32, 5)
(28, 33, 5)
(28, 34, 5)
(28, 35, 5)
(28, 36, 5)
(28, 37, 5)
(28, 38, 5)
(28, 39, 5)

(29, 0, 227)
(29, 1, 126)
(29, 2, 113)
(29, 3, 51)
(29, 4, 21)
(29, 5, 18)
(29, 6, 14)
(29, 7, 10)
(29, 8, 9)
(29, 9, 9)
(29, 10, 9)
(29, 11, 9)
(29, 12, 9)
(29, 13, 9)
(29, 14, 9)
(29, 15, 9)
(29, 16, 9)
(29, 17, 9)
(29, 18, 9)
(29, 19, 9)
(29, 20, 9)
(29, 21, 9)
(29, 22, 6)
(29, 23, 6)
(29, 24, 5)
(29, 25, 5)
(29, 26, 5)
(29, 27, 5)
(29, 28, 5)
(29, 29, 5)
(29, 30, 5)
(29, 31, 5)
(29, 32, 5)
(29, 33, 5)
(29, 34, 5)
(29, 35, 5)
(29, 36, 5)
(29, 37, 5)
(29, 38, 5)
(29, 39, 5)

(30, 0, 227)
(30, 1, 126)
(30, 2, 113)
(30, 3, 51)
(30, 4, 21)
(30, 5, 18)
(30, 6, 14)
(30, 7, 10)
(30, 8, 9)
(30, 9, 9)
(30, 10, 9)
(30, 11, 9)
(30, 12, 9)
(30, 13, 9)
(30, 14, 9)
(30, 15, 9)
(30, 16, 9)
(30, 17, 9)
(30, 18, 9)
(30, 19, 9)
(30, 20, 9)
(30, 21, 9)
(30, 22, 6)
(30, 23, 6)
(30, 24, 5)
(30, 25, 5)
(30, 26, 5)
(30, 27, 5)
(30, 28, 5)
(30, 29, 5)
(30, 30, 5)
(30, 31, 5)
(30, 32, 5)
(30, 33, 5)
(30, 34, 5)
(30, 35, 5)
(30, 36, 5)
(30, 37, 5)
(30, 38, 5)
(30, 39, 5)

(31, 0, 227)
(31, 1, 126)
(31, 2, 113)
(31, 3, 51)
(31, 4, 21)
(31, 5, 18)
(31, 6, 14)
(31, 7, 10)
(31, 8, 9)
(31, 9, 9)
(31, 10, 9)
(31, 11, 9)
(31, 12, 9)
(31, 13, 9)
(31, 14, 9)
(31, 15, 9)
(31, 16, 9)
(31, 17, 9)
(31, 18, 9)
(31, 19, 9)
(31, 20, 9)
(31, 21, 9)
(31, 22, 6)
(31, 23, 6)
(31, 24, 5)
(31, 25, 5)
(31, 26, 5)
(31, 27, 5)
(31, 28, 5)
(31, 29, 5)
(31, 30, 5)
(31, 31, 5)
(31, 32, 5)
(31, 33, 5)
(31, 34, 5)
(31, 35, 5)
(31, 36, 5)
(31, 37, 5)
(31, 38, 5)
(31, 39, 5)

(32, 0, 227)
(32, 1, 126)
(32, 2, 113)
(32, 3, 51)
(32, 4, 21)
(32, 5, 18)
(32, 6, 14)
(32, 7, 10)
(32, 8, 9)
(32, 9, 9)
(32, 10, 9)
(32, 11, 9)
(32, 12, 9)
(32, 13, 9)
(32, 14, 9)
(32, 15, 9)
(32, 16, 9)
(32, 17, 9)
(32, 18, 9)
(32, 19, 9)
(32, 20, 9)
(32, 21, 9)
(32, 22, 6)
(32, 23, 6)
(32, 24, 5)
(32, 25, 5)
(32, 26, 5)
(32, 27, 5)
(32, 28, 5)
(32, 29, 5)
(32, 30, 5)
(32, 31, 5)
(32, 32, 5)
(32, 33, 5)
(32, 34, 5)
(32, 35, 5)
(32, 36, 5)
(32, 37, 5)
(32, 38, 5)
(32, 39, 5)

(33, 0, 227)
(33, 1, 126)
(33, 2, 113)
(33, 3, 51)
(33, 4, 21)
(33, 5, 18)
(33, 6, 14)
(33, 7, 10)
(33, 8, 9)
(33, 9, 9)
(33, 10, 9)
(33, 11, 9)
(33, 12, 9)
(33, 13, 9)
(33, 14, 9)
(33, 15, 9)
(33, 16, 9)
(33, 17, 9)
(33, 18, 9)
(33, 19, 9)
(33, 20, 9)
(33, 21, 9)
(33, 22, 6)
(33, 23, 6)
(33, 24, 5)
(33, 25, 5)
(33, 26, 5)
(33, 27, 5)
(33, 28, 5)
(33, 29, 5)
(33, 30, 5)
(33, 31, 5)
(33, 32, 5)
(33, 33, 5)
(33, 34, 5)
(33, 35, 5)
(33, 36, 5)
(33, 37, 5)
(33, 38, 5)
(33, 39, 5)

(34, 0, 227)
(34, 1, 126)
(34, 2, 113)
(34, 3, 51)
(34, 4, 21)
(34, 5, 18)
(34, 6, 14)
(34, 7, 10)
(34, 8, 9)
(34, 9, 9)
(34, 10, 9)
(34, 11, 9)
(34, 12, 9)
(34, 13, 9)
(34, 14, 9)
(34, 15, 9)
(34, 16, 9)
(34, 17, 9)
(34, 18, 9)
(34, 19, 9)
(34, 20, 9)
(34, 21, 9)
(34, 22, 6)
(34, 23, 6)
(34, 24, 5)
(34, 25, 5)
(34, 26, 5)
(34, 27, 5)
(34, 28, 5)
(34, 29, 5)
(34, 30, 5)
(34, 31, 5)
(34, 32, 5)
(34, 33, 5)
(34, 34, 5)
(34, 35, 5)
(34, 36, 5)
(34, 37, 5)
(34, 38, 5)
(34, 39, 5)

(35, 0, 227)
(35, 1, 126)
(35, 2, 113)
(35, 3, 51)
(35, 4, 21)
(35, 5, 18)
(35, 6, 14)
(35, 7, 10)
(35, 8, 9)
(35, 9, 9)
(35, 10, 9)
(35, 11, 9)
(35, 12, 9)
(35, 13, 9)
(35, 14, 9)
(35, 15, 9)
(35, 16, 9)
(35, 17, 9)
(35, 18, 9)
(35, 19, 9)
(35, 20, 9)
(35, 21, 9)
(35, 22, 6)
(35, 23, 6)
(35, 24, 5)
(35, 25, 5)
(35, 26, 5)
(35, 27, 5)
(35, 28, 5)
(35, 29, 5)
(35, 30, 5)
(35, 31, 5)
(35, 32, 5)
(35, 33, 5)
(35, 34, 5)
(35, 35, 5)
(35, 36, 5)
(35, 37, 5)
(35, 38, 5)
(35, 39, 5)

(36, 0, 227)
(36, 1, 126)
(36, 2, 113)
(36, 3, 51)
(36, 4, 21)
(36, 5, 18)
(36, 6, 14)
(36, 7, 10)
(36, 8, 9)
(36, 9, 9)
(36, 10, 9)
(36, 11, 9)
(36, 12, 9)
(36, 13, 9)
(36, 14, 9)
(36, 15, 9)
(36, 16, 9)
(36, 17, 9)
(36, 18, 9)
(36, 19, 9)
(36, 20, 9)
(36, 21, 9)
(36, 22, 6)
(36, 23, 6)
(36, 24, 5)
(36, 25, 5)
(36, 26, 5)
(36, 27, 5)
(36, 28, 5)
(36, 29, 5)
(36, 30, 5)
(36, 31, 5)
(36, 32, 5)
(36, 33, 5)
(36, 34, 5)
(36, 35, 5)
(36, 36, 5)
(36, 37, 5)
(36, 38, 5)
(36, 39, 5)

(37, 0, 227)
(37, 1, 126)
(37, 2, 113)
(37, 3, 51)
(37, 4, 21)
(37, 5, 18)
(37, 6, 14)
(37, 7, 10)
(37, 8, 9)
(37, 9, 9)
(37, 10, 9)
(37, 11, 9)
(37, 12, 9)
(37, 13, 9)
(37, 14, 9)
(37, 15, 9)
(37, 16, 9)
(37, 17, 9)
(37, 18, 9)
(37, 19, 9)
(37, 20, 9)
(37, 21, 9)
(37, 22, 6)
(37, 23, 6)
(37, 24, 5)
(37, 25, 5)
(37, 26, 5)
(37, 27, 5)
(37, 28, 5)
(37, 29, 5)
(37, 30, 5)
(37, 31, 5)
(37, 32, 5)
(37, 33, 5)
(37, 34, 5)
(37, 35, 5)
(37, 36, 5)
(37, 37, 5)
(37, 38, 5)
(37, 39, 5)

(38, 0, 228)
(38, 1, 127)
(38, 2, 114)
(38, 3, 52)
(38, 4, 22)
(38, 5, 19)
(38, 6, 15)
(38, 7, 11)
(38, 8, 10)
(38, 9, 10)
(38, 10, 10)
(38, 11, 10)
(38, 12, 10)
(38, 13, 10)
(38, 14, 10)
(38, 15, 10)
(38, 16, 10)
(38, 17, 10)
(38, 18, 10)
(38, 19, 10)
(38, 20, 10)
(38, 21, 10)
(38, 22, 7)
(38, 23, 7)
(38, 24, 6)
(38, 25, 6)
(38, 26, 6)
(38, 27, 6)
(38, 28, 6)
(38, 29, 6)
(38, 30, 6)
(38, 31, 5)
(38, 32, 4)
(38, 33, 4)
(38, 34, 4)
(38, 35, 4)
(38, 36, 4)
(38, 37, 4)
(38, 38, 4)
(38, 39, 4)

(39, 0, 230)
(39, 1, 128)
(39, 2, 115)
(39, 3, 53)
(39, 4, 22)
(39, 5, 19)
(39, 6, 15)
(39, 7, 11)
(39, 8, 10)
(39, 9, 10)
(39, 10, 10)
(39, 11, 10)
(39, 12, 10)
(39, 13, 10)
(39, 14, 10)
(39, 15, 10)
(39, 16, 10)
(39, 17, 10)
(39, 18, 10)
(39, 19, 10)
(39, 20, 10)
(39, 21, 10)
(39, 22, 7)
(39, 23, 7)
(39, 24, 6)
(39, 25, 6)
(39, 26, 6)
(39, 27, 6)
(39, 28, 6)
(39, 29, 5)
(39, 30, 4)
(39, 31, 4)
(39, 32, 4)
(39, 33, 4)
(39, 34, 4)
(39, 35, 4)
(39, 36, 4)
(39, 37, 4)
(39, 38, 4)
(39, 39, 4)


Betti numbers:
xi_0:
(0, 0, 5)
(1, 0, 7)
(2, 0, 10)
(3, 0, 25)
(4, 0, 34)
(5, 0, 10)
(6, 0, 20)
(7, 0, 13)
(8, 0, 7)
(9, 0, 9)
(10, 0, 39)
(11, 0, 8)
(12, 0, 3)
(13, 0, 4)
(14, 0, 3)
(15, 0, 4)
(16, 0, 3)
(17, 0, 4)
(18, 0, 2)
(24, 0, 3)
(25, 0, 3)
(26, 0, 3)
(27, 0, 1)
(28, 0, 7)
(38, 0, 1)
(39, 0, 2)
xi_1:
(0, 3, 2)
(0, 4, 1)
(1, 2, 3)
(1, 3, 2)
(1, 4, 2)
(2, 1, 4)
(2, 3, 4)
(2, 4, 2)
(3, 1, 18)
(3, 3, 4)
(3, 4, 2)
(3, 13, 1)
(3, 15, 1)
(4, 1, 22)
(4, 3, 10)
(4, 4, 2)
(4, 12, 1)
(4, 13, 1)
(5, 1, 1)
(5, 2, 3)
(5, 3, 1)
(5, 4, 2)
(5, 5, 1)
(5, 6, 1)
(5, 7, 2)
(5, 29, 1)
(6, 1, 2)
(6, 2, 3)
(6, 3, 8)
(6, 4, 5)
(6, 8, 1)
(6, 12, 1)
(6, 25, 1)
(7, 3, 6)
(7, 4, 8)
(7, 8, 1)
(8, 1, 5)
(8, 3, 1)
(8, 4, 1)
(9, 1, 8)
(9, 3, 1)
(10, 1, 28)
(10, 3, 12)
(11, 2, 2)
(11, 3, 2)
(11, 5, 2)
(11, 7, 2)
(12, 2, 1)
(12, 3, 1)
(12, 4, 1)
(13, 1, 2)
(14, 1, 2)
(14, 2, 1)
(15, 1, 2)
(15, 3, 2)
(16, 4, 1)
(16, 24, 1)
(16, 28, 1)
(17, 3, 1)
(17, 4, 1)
(17, 6, 2)
(17, 22, 2)
(18, 3, 2)
(24, 1, 2)
(25, 1, 2)
(26, 1, 3)
(27, 28, 1)
(28, 3, 3)
(28, 4, 2)
(28, 6, 1)
(28, 22, 1)
(28, 24, 1)
(38, 31, 1)
(38, 32, 1)
(39, 1, 1)
(39, 4, 1)
(39, 29, 1)
(39, 30, 1)
xi_2:
(4, 13, 1)
(4, 15, 1)
(5, 12, 1)
(5, 13, 1)
(6, 29, 1)
(7, 12, 1)
(7, 25, 1)
(10, 8, 1)
(17, 24, 1)
(17, 28, 1)
(28, 28, 1)
(39, 31, 1)
(39, 32, 1)
