x-grades
-72136222946791391/50000000000000000
-35168929127924011/25000000000000000
-68539493564904653/50000000000000000
-16685282218490321/12500000000000000
-12988552836603583/10000000000000000
-31572199746037273/25000000000000000
-61346034801131177/50000000000000000
-1860864690943369/1562500000000000
-57749305419244439/50000000000000000
-5595094072830107/5000000000000000
-54152576037357701/50000000000000000
-13088552836603583/12500000000000000
-50555846655470963/50000000000000000
-24378740982263797/25000000000000000
-1878364690943369/2000000000000000
-5645094072830107/6250000000000000
-43362387891697487/50000000000000000
-20782011600377059/25000000000000000
-39765658509810749/50000000000000000
-1898364690943369/2500000000000000
-36168929127924011/50000000000000000
-17185282218490321/25000000000000000
-32572199746037273/50000000000000000
-1923364690943369/3125000000000000
-5795094072830107/10000000000000000
-13588552836603583/25000000000000000
-25378740982263797/50000000000000000
-5895094072830107/12500000000000000
-21782011600377059/50000000000000000
-1998364690943369/5000000000000000
-18185282218490321/50000000000000000
-2048364690943369/6250000000000000
-14588552836603583/50000000000000000
-6395094072830107/25000000000000000
-2198364690943369/10000000000000000
-2298364690943369/12500000000000000
-7395094072830107/50000000000000000
-2798364690943369/25000000000000000
-3798364690943369/50000000000000000
-1/25

y-grades
9999071/40000000
9999071/20000000
29997213/40000000
9999071/10000000
9999071/8000000
29997213/20000000
69993497/40000000
9999071/5000000
89991639/40000000
9999071/4000000
109989781/40000000
29997213/10000000
129987923/40000000
69993497/20000000
29997213/8000000
9999071/2500000
169984207/40000000
89991639/20000000
189982349/40000000
9999071/2000000
209980491/40000000
109989781/20000000
229978633/40000000
29997213/5000000
9999071/1600000
129987923/20000000
269974917/40000000
69993497/10000000
289973059/40000000
29997213/4000000
309971201/40000000
9999071/1250000
329969343/40000000
169984207/20000000
69993497/8000000
89991639/10000000
369965627/40000000
189982349/20000000
389963769/40000000
9999071/1000000

Dimensions > 0:
(0, 0, 4)
(0, 1, 4)
(0, 2, 1)
(0, 3, 1)
(0, 4, 1)
(0, 5, 1)
(0, 6, 1)
(0, 7, 1)
(0, 8, 1)
(0, 9, 1)
(0, 10, 1)
(0, 11, 1)
(0, 12, 1)
(0, 13, 1)
(0, 14, 1)
(0, 15, 1)
(0, 16, 1)
(0, 17, 1)
(0, 18, 1)
(0, 19, 1)
(0, 20, 1)
(0, 21, 1)
(0, 22, 1)
(0, 23, 1)
(0, 24, 1)
(0, 25, 1)
(0, 26, 1)
(0, 27, 1)
(0, 28, 1)
(0, 29, 1)
(0, 30, 1)
(0, 31, 1)
(0, 32, 1)
(0, 33, 1)
(0, 34, 1)
(0, 35, 1)
(0, 36, 1)
(0, 37, 1)
(0, 38, 1)
(0, 39, 1)

(1, 0, 4)
(1, 1, 4)
(1, 2, 1)
(1, 3, 1)
(1, 4, 1)
(1, 5, 1)
(1, 6, 1)
(1, 7, 1)
(1, 8, 1)
(1, 9, 1)
(1, 10, 1)
(1, 11, 1)
(1, 12, 1)
(1, 13, 1)
(1, 14, 1)
(1, 15, 1)
(1, 16, 1)
(1, 17, 1)
(1, 18, 1)
(1, 19, 1)
(1, 20, 1)
(1, 21, 1)
(1, 22, 1)
(1, 23, 1)
(1, 24, 1)
(1, 25, 1)
(1, 26, 1)
(1, 27, 1)
(1, 28, 1)
(1, 29, 1)
(1, 30, 1)
(1, 31, 1)
(1, 32, 1)
(1, 33, 1)
(1, 34, 1)
(1, 35, 1)
(1, 36, 1)
(1, 37, 1)
(1, 38, 1)
(1, 39, 1)

(2, 0, 4)
(2, 1, 4)
(2, 2, 1)
(2, 3, 1)
(2, 4, 1)
(2, 5, 1)
(2, 6, 1)
(2, 7, 1)
(2, 8, 1)
(2, 9, 1)
(2, 10, 1)
(2, 11, 1)
(2, 12, 1)
(2, 13, 1)
(2, 14, 1)
(2, 15, 1)
(2, 16, 1)
(2, 17, 1)
(2, 18, 1)
(2, 19, 1)
(2, 20, 1)
(2, 21, 1)
(2, 22, 1)
(2, 23, 1)
(2, 24, 1)
(2, 25, 1)
(2, 26, 1)
(2, 27, 1)
(2, 28, 1)
(2, 29, 1)
(2, 30, 1)
(2, 31, 1)
(2, 32, 1)
(2, 33, 1)
(2, 34, 1)
(2, 35, 1)
(2, 36, 1)
(2, 37, 1)
(2, 38, 1)
(2, 39, 1)

(3, 0, 6)
(3, 1, 6)
(3, 2, 2)
(3, 3, 2)
(3, 4, 2)
(3, 5, 2)
(3, 6, 2)
(3, 7, 2)
(3, 8, 2)
(3, 9, 2)
(3, 10, 2)
(3, 11, 2)
(3, 12, 2)
(3, 13, 2)
(3, 14, 2)
(3, 15, 2)
(3, 16, 2)
(3, 17, 2)
(3, 18, 1)
(3, 19, 1)
(3, 20, 1)
(3, 21, 1)
(3, 22, 1)
(3, 23, 1)
(3, 24, 1)
(3, 25, 1)
(3, 26, 1)
(3, 27, 1)
(3, 28, 1)
(3, 29, 1)
(3, 30, 1)
(3, 31, 1)
(3, 32, 1)
(3, 33, 1)
(3, 34, 1)
(3, 35, 1)
(3, 36, 1)
(3, 37, 1)
(3, 38, 1)
(3, 39, 1)

(4, 0, 8)
(4, 1, 8)
(4, 2, 4)
(4, 3, 4)
(4, 4, 4)
(4, 5, 4)
(4, 6, 4)
(4, 7, 4)
(4, 8, 3)
(4, 9, 3)
(4, 10, 3)
(4, 11, 3)
(4, 12, 3)
(4, 13, 3)
(4, 14, 3)
(4, 15, 3)
(4, 16, 3)
(4, 17, 3)
(4, 18, 2)
(4, 19, 2)
(4, 20, 2)
(4, 21, 2)
(4, 22, 2)
(4, 23, 2)
(4, 24, 2)
(4, 25, 2)
(4, 26, 2)
(4, 27, 2)
(4, 28, 2)
(4, 29, 2)
(4, 30, 2)
(4, 31, 2)
(4, 32, 2)
(4, 33, 2)
(4, 34, 2)
(4, 35, 2)
(4, 36, 2)
(4, 37, 2)
(4, 38, 2)
(4, 39, 2)

(5, 0, 15)
(5, 1, 15)
(5, 2, 9)
(5, 3, 8)
(5, 4, 7)
(5, 5, 6)
(5, 6, 6)
(5, 7, 6)
(5, 8, 5)
(5, 9, 5)
(5, 10, 5)
(5, 11, 5)
(5, 12, 5)
(5, 13, 5)
(5, 14, 5)
(5, 15, 5)
(5, 16, 5)
(5, 17, 5)
(5, 18, 4)
(5, 19, 4)
(5, 20, 4)
(5, 21, 4)
(5, 22, 4)
(5, 23, 4)
(5, 24, 4)
(5, 25, 4)
(5, 26, 4)
(5, 27, 4)
(5, 28, 4)
(5, 29, 3)
(5, 30, 3)
(5, 31, 3)
(5, 32, 3)
(5, 33, 3)
(5, 34, 3)
(5, 35, 3)
(5, 36, 3)
(5, 37, 3)
(5, 38, 3)
(5, 39, 3)

(6, 0, 47)
(6, 1, 21)
(6, 2, 12)
(6, 3, 11)
(6, 4, 10)
(6, 5, 9)
(6, 6, 9)
(6, 7, 9)
(6, 8, 6)
(6, 9, 6)
(6, 10, 6)
(6, 11, 6)
(6, 12, 6)
(6, 13, 6)
(6, 14, 6)
(6, 15, 5)
(6, 16, 4)
(6, 17, 4)
(6, 18, 3)
(6, 19, 3)
(6, 20, 3)
(6, 21, 3)
(6, 22, 3)
(6, 23, 3)
(6, 24, 3)
(6, 25, 3)
(6, 26, 3)
(6, 27, 3)
(6, 28, 3)
(6, 29, 3)
(6, 30, 3)
(6, 31, 3)
(6, 32, 3)
(6, 33, 3)
(6, 34, 3)
(6, 35, 3)
(6, 36, 3)
(6, 37, 3)
(6, 38, 3)
(6, 39, 3)

(7, 0, 70)
(7, 1, 24)
(7, 2, 14)
(7, 3, 13)
(7, 4, 12)
(7, 5, 11)
(7, 6, 11)
(7, 7, 11)
(7, 8, 7)
(7, 9, 7)
(7, 10, 7)
(7, 11, 7)
(7, 12, 7)
(7, 13, 6)
(7, 14, 6)
(7, 15, 5)
(7, 16, 4)
(7, 17, 4)
(7, 18, 3)
(7, 19, 3)
(7, 20, 3)
(7, 21, 3)
(7, 22, 3)
(7, 23, 3)
(7, 24, 3)
(7, 25, 3)
(7, 26, 3)
(7, 27, 3)
(7, 28, 3)
(7, 29, 2)
(7, 30, 2)
(7, 31, 2)
(7, 32, 2)
(7, 33, 2)
(7, 34, 2)
(7, 35, 2)
(7, 36, 2)
(7, 37, 2)
(7, 38, 2)
(7, 39, 2)

(8, 0, 96)
(8, 1, 26)
(8, 2, 15)
(8, 3, 14)
(8, 4, 13)
(8, 5, 12)
(8, 6, 12)
(8, 7, 12)
(8, 8, 8)
(8, 9, 8)
(8, 10, 8)
(8, 11, 8)
(8, 12, 8)
(8, 13, 7)
(8, 14, 7)
(8, 15, 4)
(8, 16, 3)
(8, 17, 3)
(8, 18, 2)
(8, 19, 2)
(8, 20, 2)
(8, 21, 2)
(8, 22, 2)
(8, 23, 2)
(8, 24, 2)
(8, 25, 2)
(8, 26, 2)
(8, 27, 2)
(8, 28, 2)
(8, 29, 2)
(8, 30, 2)
(8, 31, 2)
(8, 32, 2)
(8, 33, 2)
(8, 34, 2)
(8, 35, 2)
(8, 36, 2)
(8, 37, 2)
(8, 38, 2)
(8, 39, 2)

(9, 0, 118)
(9, 1, 26)
(9, 2, 15)
(9, 3, 14)
(9, 4, 13)
(9, 5, 12)
(9, 6, 12)
(9, 7, 12)
(9, 8, 8)
(9, 9, 8)
(9, 10, 8)
(9, 11, 8)
(9, 12, 8)
(9, 13, 7)
(9, 14, 7)
(9, 15, 4)
(9, 16, 3)
(9, 17, 3)
(9, 18, 2)
(9, 19, 2)
(9, 20, 2)
(9, 21, 2)
(9, 22, 2)
(9, 23, 2)
(9, 24, 2)
(9, 25, 2)
(9, 26, 2)
(9, 27, 2)
(9, 28, 2)
(9, 29, 2)
(9, 30, 2)
(9, 31, 2)
(9, 32, 2)
(9, 33, 2)
(9, 34, 2)
(9, 35, 2)
(9, 36, 2)
(9, 37, 2)
(9, 38, 2)
(9, 39, 2)

(10, 0, 120)
(10, 1, 28)
(10, 2, 17)
(10, 3, 16)
(10, 4, 15)
(10, 5, 14)
(10, 6, 14)
(10, 7, 14)
(10, 8, 9)
(10, 9, 9)
(10, 10, 9)
(10, 11, 9)
(10, 12, 9)
(10, 13, 8)
(10, 14, 8)
(10, 15, 5)
(10, 16, 4)
(10, 17, 4)
(10, 18, 3)
(10, 19, 3)
(10, 20, 3)
(10, 21, 3)
(10, 22, 3)
(10, 23, 3)
(10, 24, 3)
(10, 25, 3)
(10, 26, 3)
(10, 27, 3)
(10, 28, 3)
(10, 29, 3)
(10, 30, 3)
(10, 31, 3)
(10, 32, 3)
(10, 33, 3)
(10, 34, 3)
(10, 35, 3)
(10, 36, 3)
(10, 37, 3)
(10, 38, 3)
(10, 39, 3)

(11, 0, 124)
(11, 1, 32)
(11, 2, 21)
(11, 3, 20)
(11, 4, 17)
(11, 5, 15)
(11, 6, 15)
(11, 7, 14)
(11, 8, 9)
(11, 9, 9)
(11, 10, 9)
(11, 11, 9)
(11, 12, 9)
(11, 13, 8)
(11, 14, 8)
(11, 15, 5)
(11, 16, 4)
(11, 17, 4)
(11, 18, 3)
(11, 19, 3)
(11, 20, 3)
(11, 21, 3)
(11, 22, 3)
(11, 23, 3)
(11, 24, 3)
(11, 25, 3)
(11, 26, 3)
(11, 27, 3)
(11, 28, 3)
(11, 29, 3)
(11, 30, 3)
(11, 31, 3)
(11, 32, 3)
(11, 33, 3)
(11, 34, 3)
(11, 35, 3)
(11, 36, 3)
(11, 37, 3)
(11, 38, 3)
(11, 39, 3)

(12, 0, 125)
(12, 1, 33)
(12, 2, 22)
(12, 3, 21)
(12, 4, 18)
(12, 5, 16)
(12, 6, 16)
(12, 7, 15)
(12, 8, 10)
(12, 9, 10)
(12, 10, 10)
(12, 11, 10)
(12, 12, 10)
(12, 13, 9)
(12, 14, 9)
(12, 15, 6)
(12, 16, 5)
(12, 17, 5)
(12, 18, 4)
(12, 19, 4)
(12, 20, 4)
(12, 21, 4)
(12, 22, 4)
(12, 23, 4)
(12, 24, 4)
(12, 25, 4)
(12, 26, 4)
(12, 27, 4)
(12, 28, 4)
(12, 29, 4)
(12, 30, 4)
(12, 31, 4)
(12, 32, 4)
(12, 33, 4)
(12, 34, 4)
(12, 35, 4)
(12, 36, 4)
(12, 37, 4)
(12, 38, 4)
(12, 39, 4)

(13, 0, 129)
(13, 1, 37)
(13, 2, 23)
(13, 3, 22)
(13, 4, 19)
(13, 5, 17)
(13, 6, 17)
(13, 7, 16)
(13, 8, 10)
(13, 9, 10)
(13, 10, 10)
(13, 11, 10)
(13, 12, 10)
(13, 13, 9)
(13, 14, 9)
(13, 15, 6)
(13, 16, 5)
(13, 17, 5)
(13, 18, 4)
(13, 19, 4)
(13, 20, 4)
(13, 21, 4)
(13, 22, 4)
(13, 23, 4)
(13, 24, 4)
(13, 25, 4)
(13, 26, 4)
(13, 27, 4)
(13, 28, 4)
(13, 29, 4)
(13, 30, 4)
(13, 31, 4)
(13, 32, 4)
(13, 33, 4)
(13, 34, 4)
(13, 35, 4)
(13, 36, 4)
(13, 37, 4)
(13, 38, 4)
(13, 39, 4)

(14, 0, 129)
(14, 1, 37)
(14, 2, 23)
(14, 3, 22)
(14, 4, 19)
(14, 5, 17)
(14, 6, 17)
(14, 7, 16)
(14, 8, 10)
(14, 9, 10)
(14, 10, 10)
(14, 11, 10)
(14, 12, 10)
(14, 13, 9)
(14, 14, 9)
(14, 15, 6)
(14, 16, 5)
(14, 17, 5)
(14, 18, 4)
(14, 19, 4)
(14, 20, 4)
(14, 21, 4)
(14, 22, 4)
(14, 23, 4)
(14, 24, 4)
(14, 25, 4)
(14, 26, 4)
(14, 27, 4)
(14, 28, 4)
(14, 29, 4)
(14, 30, 4)
(14, 31, 4)
(14, 32, 4)
(14, 33, 4)
(14, 34, 4)
(14, 35, 4)
(14, 36, 4)
(14, 37, 4)
(14, 38, 4)
(14, 39, 4)

(15, 0, 139)
(15, 1, 40)
(15, 2, 25)
(15, 3, 24)
(15, 4, 21)
(15, 5, 19)
(15, 6, 19)
(15, 7, 18)
(15, 8, 12)
(15, 9, 12)
(15, 10, 12)
(15, 11, 12)
(15, 12, 12)
(15, 13, 11)
(15, 14, 11)
(15, 15, 8)
(15, 16, 6)
(15, 17, 6)
(15, 18, 4)
(15, 19, 4)
(15, 20, 4)
(15, 21, 4)
(15, 22, 4)
(15, 23, 4)
(15, 24, 4)
(15, 25, 4)
(15, 26, 4)
(15, 27, 4)
(15, 28, 4)
(15, 29, 4)
(15, 30, 4)
(15, 31, 4)
(15, 32, 4)
(15, 33, 4)
(15, 34, 4)
(15, 35, 4)
(15, 36, 4)
(15, 37, 4)
(15, 38, 4)
(15, 39, 4)

(16, 0, 175)
(16, 1, 41)
(16, 2, 25)
(16, 3, 24)
(16, 4, 21)
(16, 5, 19)
(16, 6, 19)
(16, 7, 18)
(16, 8, 12)
(16, 9, 12)
(16, 10, 12)
(16, 11, 12)
(16, 12, 12)
(16, 13, 11)
(16, 14, 11)
(16, 15, 8)
(16, 16, 6)
(16, 17, 6)
(16, 18, 4)
(16, 19, 4)
(16, 20, 4)
(16, 21, 4)
(16, 22, 4)
(16, 23, 4)
(16, 24, 4)
(16, 25, 4)
(16, 26, 4)
(16, 27, 4)
(16, 28, 4)
(16, 29, 4)
(16, 30, 4)
(16, 31, 4)
(16, 32, 4)
(16, 33, 4)
(16, 34, 4)
(16, 35, 4)
(16, 36, 4)
(16, 37, 4)
(16, 38, 4)
(16, 39, 4)

(17, 0, 179)
(17, 1, 41)
(17, 2, 25)
(17, 3, 24)
(17, 4, 21)
(17, 5, 19)
(17, 6, 19)
(17, 7, 18)
(17, 8, 12)
(17, 9, 12)
(17, 10, 12)
(17, 11, 12)
(17, 12, 12)
(17, 13, 11)
(17, 14, 11)
(17, 15, 8)
(17, 16, 6)
(17, 17, 6)
(17, 18, 4)
(17, 19, 4)
(17, 20, 4)
(17, 21, 4)
(17, 22, 4)
(17, 23, 4)
(17, 24, 4)
(17, 25, 4)
(17, 26, 4)
(17, 27, 4)
(17, 28, 4)
(17, 29, 4)
(17, 30, 4)
(17, 31, 4)
(17, 32, 4)
(17, 33, 4)
(17, 34, 4)
(17, 35, 4)
(17, 36, 4)
(17, 37, 4)
(17, 38, 4)
(17, 39, 4)

(18, 0, 181)
(18, 1, 43)
(18, 2, 26)
(18, 3, 25)
(18, 4, 22)
(18, 5, 20)
(18, 6, 20)
(18, 7, 19)
(18, 8, 13)
(18, 9, 13)
(18, 10, 13)
(18, 11, 13)
(18, 12, 13)
(18, 13, 12)
(18, 14, 12)
(18, 15, 8)
(18, 16, 6)
(18, 17, 6)
(18, 18, 4)
(18, 19, 4)
(18, 20, 4)
(18, 21, 4)
(18, 22, 4)
(18, 23, 4)
(18, 24, 4)
(18, 25, 4)
(18, 26, 4)
(18, 27, 4)
(18, 28, 4)
(18, 29, 4)
(18, 30, 4)
(18, 31, 4)
(18, 32, 4)
(18, 33, 4)
(18, 34, 4)
(18, 35, 4)
(18, 36, 4)
(18, 37, 4)
(18, 38, 4)
(18, 39, 4)

(19, 0, 224)
(19, 1, 47)
(19, 2, 28)
(19, 3, 27)
(19, 4, 24)
(19, 5, 22)
(19, 6, 22)
(19, 7, 21)
(19, 8, 14)
(19, 9, 14)
(19, 10, 14)
(19, 11, 14)
(19, 12, 14)
(19, 13, 13)
(19, 14, 13)
(19, 15, 9)
(19, 16, 6)
(19, 17, 6)
(19, 18, 4)
(19, 19, 4)
(19, 20, 4)
(19, 21, 4)
(19, 22, 4)
(19, 23, 4)
(19, 24, 4)
(19, 25, 4)
(19, 26, 4)
(19, 27, 4)
(19, 28, 4)
(19, 29, 4)
(19, 30, 4)
(19, 31, 4)
(19, 32, 4)
(19, 33, 4)
(19, 34, 4)
(19, 35, 4)
(19, 36, 4)
(19, 37, 4)
(19, 38, 4)
(19, 39, 4)

(20, 0, 234)
(20, 1, 50)
(20, 2, 31)
(20, 3, 30)
(20, 4, 27)
(20, 5, 25)
(20, 6, 25)
(20, 7, 24)
(20, 8, 16)
(20, 9, 16)
(20, 10, 16)
(20, 11, 16)
(20, 12, 16)
(20, 13, 15)
(20, 14, 15)
(20, 15, 10)
(20, 16, 7)
(20, 17, 7)
(20, 18, 5)
(20, 19, 5)
(20, 20, 5)
(20, 21, 4)
(20, 22, 4)
(20, 23, 4)
(20, 24, 4)
(20, 25, 4)
(20, 26, 4)
(20, 27, 4)
(20, 28, 4)
(20, 29, 4)
(20, 30, 4)
(20, 31, 4)
(20, 32, 4)
(20, 33, 4)
(20, 34, 4)
(20, 35, 4)
(20, 36, 4)
(20, 37, 4)
(20, 38, 4)
(20, 39, 4)

(21, 0, 242)
(21, 1, 58)
(21, 2, 36)
(21, 3, 34)
(21, 4, 30)
(21, 5, 27)
(21, 6, 27)
(21, 7, 26)
(21, 8, 17)
(21, 9, 17)
(21, 10, 17)
(21, 11, 17)
(21, 12, 17)
(21, 13, 16)
(21, 14, 15)
(21, 15, 10)
(21, 16, 7)
(21, 17, 7)
(21, 18, 5)
(21, 19, 5)
(21, 20, 5)
(21, 21, 5)
(21, 22, 5)
(21, 23, 5)
(21, 24, 5)
(21, 25, 5)
(21, 26, 5)
(21, 27, 5)
(21, 28, 5)
(21, 29, 5)
(21, 30, 5)
(21, 31, 5)
(21, 32, 5)
(21, 33, 5)
(21, 34, 5)
(21, 35, 5)
(21, 36, 5)
(21, 37, 5)
(21, 38, 5)
(21, 39, 5)

(22, 0, 242)
(22, 1, 58)
(22, 2, 36)
(22, 3, 34)
(22, 4, 30)
(22, 5, 27)
(22, 6, 27)
(22, 7, 26)
(22, 8, 17)
(22, 9, 17)
(22, 10, 17)
(22, 11, 17)
(22, 12, 17)
(22, 13, 16)
(22, 14, 15)
(22, 15, 10)
(22, 16, 7)
(22, 17, 7)
(22, 18, 5)
(22, 19, 5)
(22, 20, 5)
(22, 21, 5)
(22, 22, 5)
(22, 23, 5)
(22, 24, 5)
(22, 25, 5)
(22, 26, 5)
(22, 27, 5)
(22, 28, 5)
(22, 29, 5)
(22, 30, 5)
(22, 31, 5)
(22, 32, 5)
(22, 33, 5)
(22, 34, 5)
(22, 35, 5)
(22, 36, 5)
(22, 37, 5)
(22, 38, 5)
(22, 39, 5)

(23, 0, 243)
(23, 1, 59)
(23, 2, 37)
(23, 3, 35)
(23, 4, 31)
(23, 5, 28)
(23, 6, 28)
(23, 7, 27)
(23, 8, 17)
(23, 9, 17)
(23, 10, 17)
(23, 11, 17)
(23, 12, 17)
(23, 13, 16)
(23, 14, 15)
(23, 15, 10)
(23, 16, 7)
(23, 17, 7)
(23, 18, 5)
(23, 19, 5)
(23, 20, 5)
(23, 21, 5)
(23, 22, 5)
(23, 23, 5)
(23, 24, 5)
(23, 25, 5)
(23, 26, 5)
(23, 27, 5)
(23, 28, 5)
(23, 29, 5)
(23, 30, 5)
(23, 31, 5)
(23, 32, 5)
(23, 33, 5)
(23, 34, 5)
(23, 35, 5)
(23, 36, 5)
(23, 37, 5)
(23, 38, 5)
(23, 39, 5)

(24, 0, 243)
(24, 1, 59)
(24, 2, 37)
(24, 3, 35)
(24, 4, 31)
(24, 5, 28)
(24, 6, 28)
(24, 7, 27)
(24, 8, 17)
(24, 9, 17)
(24, 10, 17)
(24, 11, 17)
(24, 12, 17)
(24, 13, 16)
(24, 14, 15)
(24, 15, 10)
(24, 16, 7)
(24, 17, 7)
(24, 18, 5)
(24, 19, 5)
(24, 20, 5)
(24, 21, 5)
(24, 22, 5)
(24, 23, 5)
(24, 24, 5)
(24, 25, 5)
(24, 26, 5)
(24, 27, 5)
(24, 28, 5)
(24, 29, 5)
(24, 30, 5)
(24, 31, 5)
(24, 32, 5)
(24, 33, 5)
(24, 34, 5)
(24, 35, 5)
(24, 36, 5)
(24, 37, 5)
(24, 38, 5)
(24, 39, 5)

(25, 0, 243)
(25, 1, 59)
(25, 2, 37)
(25, 3, 35)
(25, 4, 31)
(25, 5, 28)
(25, 6, 28)
(25, 7, 27)
(25, 8, 17)
(25, 9, 17)
(25, 10, 17)
(25, 11, 17)
(25, 12, 17)
(25, 13, 16)
(25, 14, 15)
(25, 15, 10)
(25, 16, 7)
(25, 17, 7)
(25, 18, 5)
(25, 19, 5)
(25, 20, 5)
(25, 21, 5)
(25, 22, 5)
(25, 23, 5)
(25, 24, 5)
(25, 25, 5)
(25, 26, 5)
(25, 27, 5)
(25, 28, 5)
(25, 29, 5)
(25, 30, 5)
(25, 31, 5)
(25, 32, 5)
(25, 33, 5)
(25, 34, 5)
(25, 35, 5)
(25, 36, 5)
(25, 37, 5)
(25, 38, 5)
(25, 39, 5)

(26, 0, 243)
(26, 1, 59)
(26, 2, 37)
(26, 3, 35)
(26, 4, 31)
(26, 5, 28)
(26, 6, 28)
(26, 7, 27)
(26, 8, 17)
(26, 9, 17)
(26, 10, 17)
(26, 11, 17)
(26, 12, 17)
(26, 13, 16)
(26, 14, 15)
(26, 15, 10)
(26, 16, 7)
(26, 17, 7)
(26, 18, 5)
(26, 19, 5)
(26, 20, 5)
(26, 21, 5)
(26, 22, 5)
(26, 23, 5)
(26, 24, 5)
(26, 25, 5)
(26, 26, 5)
(26, 27, 5)
(26, 28, 5)
(26, 29, 5)
(26, 30, 5)
(26, 31, 5)
(26, 32, 5)
(26, 33, 5)
(26, 34, 5)
(26, 35, 5)
(26, 36, 5)
(26, 37, 5)
(26, 38, 5)
(26, 39, 5)

(27, 0, 243)
(27, 1, 59)
(27, 2, 37)
(27, 3, 35)
(27, 4, 31)
(27, 5, 28)
(27, 6, 28)
(27, 7, 27)
(27, 8, 17)
(27, 9, 17)
(27, 10, 17)
(27, 11, 17)
(27, 12, 17)
(27, 13, 16)
(27, 14, 15)
(27, 15, 10)
(27, 16, 7)
(27, 17, 7)
(27, 18, 5)
(27, 19, 5)
(27, 20, 5)
(27, 21, 5)
(27, 22, 5)
(27, 23, 5)
(27, 24, 5)
(27, 25, 5)
(27, 26, 5)
(27, 27, 5)
(27, 28, 5)
(27, 29, 5)
(27, 30, 5)
(27, 31, 5)
(27, 32, 5)
(27, 33, 5)
(27, 34, 5)
(27, 35, 5)
(27, 36, 5)
(27, 37, 5)
(27, 38, 5)
(27, 39, 5)

(28, 0, 243)
(28, 1, 59)
(28, 2, 37)
(28, 3, 35)
(28, 4, 31)
(28, 5, 28)
(28, 6, 28)
(28, 7, 27)
(28, 8, 17)
(28, 9, 17)
(28, 10, 17)
(28, 11, 17)
(28, 12, 17)
(28, 13, 16)
(28, 14, 15)
(28, 15, 10)
(28, 16, 7)
(28, 17, 7)
(28, 18, 5)
(28, 19, 5)
(28, 20, 5)
(28, 21, 5)
(28, 22, 5)
(28, 23, 5)
(28, 24, 5)
(28, 25, 5)
(28, 26, 5)
(28, 27, 5)
(28, 28, 5)
(28, 29, 5)
(28, 30, 5)
(28, 31, 5)
(28, 32, 5)
(28, 33, 5)
(28, 34, 5)
(28, 35, 5)
(28, 36, 5)
(28, 37, 5)
(28, 38, 5)
(28, 39, 5)

(29, 0, 243)
(29, 1, 59)
(29, 2, 37)
(29, 3, 35)
(29, 4, 31)
(29, 5, 28)
(29, 6, 28)
(29, 7, 27)
(29, 8, 17)
(29, 9, 17)
(29, 10, 17)
(29, 11, 17)
(29, 12, 17)
(29, 13, 16)
(29, 14, 15)
(29, 15, 10)
(29, 16, 7)
(29, 17, 7)
(29, 18, 5)
(29, 19, 5)
(29, 20, 5)
(29, 21, 5)
(29, 22, 5)
(29, 23, 5)
(29, 24, 5)
(29, 25, 5)
(29, 26, 5)
(29, 27, 5)
(29, 28, 5)
(29, 29, 5)
(29, 30, 5)
(29, 31, 5)
(29, 32, 5)
(29, 33, 5)
(29, 34, 5)
(29, 35, 5)
(29, 36, 5)
(29, 37, 5)
(29, 38, 5)
(29, 39, 5)

(30, 0, 243)
(30, 1, 59)
(30, 2, 37)
(30, 3, 35)
(30, 4, 31)
(30, 5, 28)
(30, 6, 28)
(30, 7, 27)
(30, 8, 17)
(30, 9, 17)
(30, 10, 17)
(30, 11, 17)
(30, 12, 17)
(30, 13, 16)
(30, 14, 15)
(30, 15, 10)
(30, 16, 7)
(30, 17, 7)
(30, 18, 5)
(30, 19, 5)
(30, 20, 5)
(30, 21, 5)
(30, 22, 5)
(30, 23, 5)
(30, 24, 5)
(30, 25, 5)
(30, 26, 5)
(30, 27, 5)
(30, 28, 5)
(30, 29, 5)
(30, 30, 5)
(30, 31, 5)
(30, 32, 5)
(30, 33, 5)
(30, 34, 5)
(30, 35, 5)
(30, 36, 5)
(30, 37, 5)
(30, 38, 5)
(30, 39, 5)

(31, 0, 243)
(31, 1, 59)
(31, 2, 37)
(31, 3, 35)
(31, 4, 31)
(31, 5, 28)
(31, 6, 28)
(31, 7, 27)
(31, 8, 17)
(31, 9, 17)
(31, 10, 17)
(31, 11, 17)
(31, 12, 17)
(31, 13, 16)
(31, 14, 15)
(31, 15, 10)
(31, 16, 7)
(31, 17, 7)
(31, 18, 5)
(31, 19, 5)
(31, 20, 5)
(31, 21, 5)
(31, 22, 5)
(31, 23, 5)
(31, 24, 5)
(31, 25, 5)
(31, 26, 5)
(31, 27, 5)
(31, 28, 5)
(31, 29, 5)
(31, 30, 5)
(31, 31, 5)
(31, 32, 5)
(31, 33, 5)
(31, 34, 5)
(31, 35, 5)
(31, 36, 5)
(31, 37, 5)
(31, 38, 5)
(31, 39, 5)

(32, 0, 243)
(32, 1, 59)
(32, 2, 37)
(32, 3, 35)
(32, 4, 31)
(32, 5, 28)
(32, 6, 28)
(32, 7, 27)
(32, 8, 17)
(32, 9, 17)
(32, 10, 17)
(32, 11, 17)
(32, 12, 17)
(32, 13, 16)
(32, 14, 15)
(32, 15, 10)
(32, 16, 7)
(32, 17, 7)
(32, 18, 5)
(32, 19, 5)
(32, 20, 5)
(32, 21, 5)
(32, 22, 5)
(32, 23, 5)
(32, 24, 5)
(32, 25, 5)
(32, 26, 5)
(32, 27, 5)
(32, 28, 5)
(32, 29, 5)
(32, 30, 5)
(32, 31, 5)
(32, 32, 5)
(32, 33, 5)
(32, 34, 5)
(32, 35, 5)
(32, 36, 5)
(32, 37, 5)
(32, 38, 5)
(32, 39, 5)

(33, 0, 243)
(33, 1, 59)
(33, 2, 37)
(33, 3, 35)
(33, 4, 31)
(33, 5, 28)
(33, 6, 28)
(33, 7, 27)
(33, 8, 17)
(33, 9, 17)
(33, 10, 17)
(33, 11, 17)
(33, 12, 17)
(33, 13, 16)
(33, 14, 15)
(33, 15, 10)
(33, 16, 7)
(33, 17, 7)
(33, 18, 5)
(33, 19, 5)
(33, 20, 5)
(33, 21, 5)
(33, 22, 5)
(33, 23, 5)
(33, 24, 5)
(33, 25, 5)
(33, 26, 5)
(33, 27, 5)
(33, 28, 5)
(33, 29, 5)
(33, 30, 5)
(33, 31, 5)
(33, 32, 5)
(33, 33, 5)
(33, 34, 5)
(33, 35, 5)
(33, 36, 5)
(33, 37, 5)
(33, 38, 5)
(33, 39, 5)

(34, 0, 243)
(34, 1, 59)
(34, 2, 37)
(34, 3, 35)
(34, 4, 31)
(34, 5, 28)
(34, 6, 28)
(34, 7, 27)
(34, 8, 17)
(34, 9, 17)
(34, 10, 17)
(34, 11, 17)
(34, 12, 17)
(34, 13, 16)
(34, 14, 15)
(34, 15, 10)
(34, 16, 7)
(34, 17, 7)
(34, 18, 5)
(34, 19, 5)
(34, 20, 5)
(34, 21, 5)
(34, 22, 5)
(34, 23, 5)
(34, 24, 5)
(34, 25, 5)
(34, 26, 5)
(34, 27, 5)
(34, 28, 5)
(34, 29, 5)
(34, 30, 5)
(34, 31, 5)
(34, 32, 5)
(34, 33, 5)
(34, 34, 5)
(34, 35, 5)
(34, 36, 5)
(34, 37, 5)
(34, 38, 5)
(34, 39, 5)

(35, 0, 243)
(35, 1, 59)
(35, 2, 37)
(35, 3, 35)
(35, 4, 31)
(35, 5, 28)
(35, 6, 28)
(35, 7, 27)
(35, 8, 17)
(35, 9, 17)
(35, 10, 17)
(35, 11, 17)
(35, 12, 17)
(35, 13, 16)
(35, 14, 15)
(35, 15, 10)
(35, 16, 7)
(35, 17, 7)
(35, 18, 5)
(35, 19, 5)
(35, 20, 5)
(35, 21, 5)
(35, 22, 5)
(35, 23, 5)
(35, 24, 5)
(35, 25, 5)
(35, 26, 5)
(35, 27, 5)
(35, 28, 5)
(35, 29, 5)
(35, 30, 5)
(35, 31, 5)
(35, 32, 5)
(35, 33, 5)
(35, 34, 5)
(35, 35, 5)
(35, 36, 5)
(35, 37, 5)
(35, 38, 5)
(35, 39, 5)

(36, 0, 243)
(36, 1, 59)
(36, 2, 37)
(36, 3, 35)
(36, 4, 31)
(36, 5, 28)
(36, 6, 28)
(36, 7, 27)
(36, 8, 17)
(36, 9, 17)
(36, 10, 17)
(36, 11, 17)
(36, 12, 17)
(36, 13, 16)
(36, 14, 15)
(36, 15, 10)
(36, 16, 7)
(36, 17, 7)
(36, 18, 5)
(36, 19, 5)
(36, 20, 5)
(36, 21, 5)
(36, 22, 5)
(36, 23, 5)
(36, 24, 5)
(36, 25, 5)
(36, 26, 5)
(36, 27, 5)
(36, 28, 5)
(36, 29, 5)
(36, 30, 5)
(36, 31, 5)
(36, 32, 5)
(36, 33, 5)
(36, 34, 5)
(36, 35, 5)
(36, 36, 5)
(36, 37, 5)
(36, 38, 5)
(36, 39, 5)

(37, 0, 243)
(37, 1, 59)
(37, 2, 37)
(37, 3, 35)
(37, 4, 31)
(37, 5, 28)
(37, 6, 28)
(37, 7, 27)
(37, 8, 17)
(37, 9, 17)
(37, 10, 17)
(37, 11, 17)
(37, 12, 17)
(37, 13, 16)
(37, 14, 15)
(37, 15, 10)
(37, 16, 7)
(37, 17, 7)
(37, 18, 5)
(37, 19, 5)
(37, 20, 5)
(37, 21, 5)
(37, 22, 5)
(37, 23, 5)
(37, 24, 5)
(37, 25, 5)
(37, 26, 5)
(37, 27, 5)
(37, 28, 5)
(37, 29, 5)
(37, 30, 5)
(37, 31, 5)
(37, 32, 5)
(37, 33, 5)
(37, 34, 5)
(37, 35, 5)
(37, 36, 5)
(37, 37, 5)
(37, 38, 5)
(37, 39, 5)

(38, 0, 247)
(38, 1, 63)
(38, 2, 41)
(38, 3, 38)
(38, 4, 33)
(38, 5, 30)
(38, 6, 30)
(38, 7, 29)
(38, 8, 18)
(38, 9, 18)
(38, 10, 18)
(38, 11, 18)
(38, 12, 18)
(38, 13, 17)
(38, 14, 16)
(38, 15, 11)
(38, 16, 8)
(38, 17, 8)
(38, 18, 6)
(38, 19, 6)
(38, 20, 6)
(38, 21, 6)
(38, 22, 6)
(38, 23, 6)
(38, 24, 6)
(38, 25, 6)
(38, 26, 6)
(38, 27, 6)
(38, 28, 6)
(38, 29, 6)
(38, 30, 6)
(38, 31, 6)
(38, 32, 6)
(38, 33, 6)
(38, 34, 6)
(38, 35, 6)
(38, 36, 6)
(38, 37, 6)
(38, 38, 6)
(38, 39, 6)

(39, 0, 250)
(39, 1, 66)
(39, 2, 44)
(39, 3, 41)
(39, 4, 36)
(39, 5, 32)
(39, 6, 32)
(39, 7, 31)
(39, 8, 18)
(39, 9, 18)
(39, 10, 18)
(39, 11, 18)
(39, 12, 18)
(39, 13, 17)
(39, 14, 16)
(39, 15, 11)
(39, 16, 8)
(39, 17, 8)
(39, 18, 6)
(39, 19, 6)
(39, 20, 6)
(39, 21, 6)
(39, 22, 6)
(39, 23, 6)
(39, 24, 6)
(39, 25, 6)
(39, 26, 6)
(39, 27, 6)
(39, 28, 6)
(39, 29, 6)
(39, 30, 6)
(39, 31, 6)
(39, 32, 6)
(39, 33, 6)
(39, 34, 6)
(39, 35, 6)
(39, 36, 6)
(39, 37, 6)
(39, 38, 6)
(39, 39, 6)


Betti numbers:
xi_0:
(0, 0, 4)
(3, 0, 2)
(4, 0, 2)
(5, 0, 7)
(6, 0, 32)
(7, 0, 23)
(8, 0, 26)
(9, 0, 22)
(10, 0, 2)
(11, 0, 4)
(12, 0, 1)
(13, 0, 4)
(15, 0, 10)
(16, 0, 36)
(17, 0, 4)
(18, 0, 2)
(19, 0, 43)
(20, 0, 10)
(21, 0, 8)
(23, 0, 1)
(38, 0, 4)
(39, 0, 3)
xi_1:
(0, 2, 3)
(3, 2, 1)
(3, 18, 1)
(4, 8, 1)
(5, 2, 2)
(5, 3, 1)
(5, 4, 1)
(5, 5, 1)
(5, 29, 1)
(6, 1, 26)
(6, 2, 3)
(6, 8, 2)
(6, 15, 1)
(6, 16, 1)
(7, 1, 20)
(7, 2, 1)
(7, 8, 1)
(7, 13, 1)
(7, 29, 1)
(8, 1, 24)
(8, 2, 1)
(8, 15, 2)
(9, 1, 22)
(10, 8, 1)
(11, 4, 2)
(11, 5, 1)
(11, 7, 1)
(11, 8, 1)
(13, 2, 3)
(13, 8, 1)
(15, 1, 7)
(15, 2, 1)
(15, 16, 1)
(15, 18, 1)
(16, 1, 35)
(16, 2, 1)
(17, 1, 4)
(18, 2, 1)
(18, 15, 1)
(19, 1, 39)
(19, 2, 2)
(19, 8, 1)
(19, 16, 1)
(20, 1, 7)
(20, 8, 1)
(20, 15, 1)
(20, 21, 1)
(21, 2, 3)
(21, 3, 1)
(21, 4, 1)
(21, 5, 1)
(21, 8, 1)
(21, 14, 1)
(23, 8, 1)
(38, 3, 1)
(38, 4, 1)
(38, 8, 1)
(39, 5, 1)
(39, 8, 2)
xi_2:
(6, 29, 1)
(8, 29, 1)
(11, 8, 1)
(21, 21, 1)
