x-grades
-32455891828296429/12500000000000000
-64149033725623291/25000000000000000
-15846570948663431/6250000000000000
-62623533863684157/25000000000000000
-6186078393271459/2500000000000000
-61098034001745023/25000000000000000
-1885477627211733/781250000000000
-59572534139805889/25000000000000000
-29404892104418161/12500000000000000
-11609406855573351/5000000000000000
-14321071086724297/6250000000000000
-56521534415927621/25000000000000000
-27879392242479027/12500000000000000
-54996034553988487/25000000000000000
-1355832115575473/625000000000000
-53470534692049353/25000000000000000
-26353892380539893/12500000000000000
-51945034830110219/25000000000000000
-12795571224785163/6250000000000000
-10083906993634217/5000000000000000
-24828392518600759/12500000000000000
-48894035106231951/25000000000000000
-3008205323453899/1562500000000000
-47368535244292817/25000000000000000
-186423141253293/100000000000000
-45843035382353683/25000000000000000
-11270071362846029/6250000000000000
-44317535520414549/25000000000000000
-21777392794722491/12500000000000000
-8558407131695083/5000000000000000
-5253660715938231/3125000000000000
-41266535796536281/25000000000000000
-20251892932783357/12500000000000000
-39741035934597147/25000000000000000
-1948914300181379/1250000000000000
-38215536072658013/25000000000000000
-18726393070844223/12500000000000000
-36690036210718879/25000000000000000
-561363848121083/390625000000000
-7032907269755949/5000000000000000

y-grades
4742763/20000000
4742763/10000000
14228289/20000000
4742763/5000000
4742763/4000000
14228289/10000000
33199341/20000000
4742763/2500000
42684867/20000000
4742763/2000000
52170393/20000000
14228289/5000000
61655919/20000000
33199341/10000000
14228289/4000000
4742763/1250000
80626971/20000000
42684867/10000000
90112497/20000000
4742763/1000000
99598023/20000000
52170393/10000000
109083549/20000000
14228289/2500000
4742763/800000
61655919/10000000
128054601/20000000
33199341/5000000
137540127/20000000
14228289/2000000
147025653/20000000
4742763/625000
156511179/20000000
80626971/10000000
33199341/4000000
42684867/5000000
175482231/20000000
90112497/10000000
184967757/20000000
4742763/500000

Dimensions > 0:
(0, 0, 1)
(0, 1, 1)
(0, 2, 1)
(0, 3, 1)
(0, 4, 1)
(0, 5, 1)
(0, 6, 1)
(0, 7, 1)
(0, 8, 1)
(0, 9, 1)
(0, 10, 1)
(0, 11, 1)
(0, 12, 1)
(0, 13, 1)
(0, 14, 1)
(0, 15, 1)
(0, 16, 1)
(0, 17, 1)
(0, 18, 1)
(0, 19, 1)
(0, 20, 1)
(0, 21, 1)
(0, 22, 1)
(0, 23, 1)
(0, 24, 1)
(0, 25, 1)
(0, 26, 1)
(0, 27, 1)
(0, 28, 1)
(0, 29, 1)
(0, 30, 1)
(0, 31, 1)
(0, 32, 1)
(0, 33, 1)
(0, 34, 1)
(0, 35, 1)
(0, 36, 1)
(0, 37, 1)
(0, 38, 1)
(0, 39, 1)

(1, 0, 2)
(1, 1, 2)
(1, 2, 2)
(1, 3, 2)
(1, 4, 2)
(1, 5, 2)
(1, 6, 2)
(1, 7, 2)
(1, 8, 2)
(1, 9, 2)
(1, 10, 2)
(1, 11, 2)
(1, 12, 2)
(1, 13, 2)
(1, 14, 2)
(1, 15, 2)
(1, 16, 1)
(1, 17, 1)
(1, 18, 1)
(1, 19, 1)
(1, 20, 1)
(1, 21, 1)
(1, 22, 1)
(1, 23, 1)
(1, 24, 1)
(1, 25, 1)
(1, 26, 1)
(1, 27, 1)
(1, 28, 1)
(1, 29, 1)
(1, 30, 1)
(1, 31, 1)
(1, 32, 1)
(1, 33, 1)
(1, 34, 1)
(1, 35, 1)
(1, 36, 1)
(1, 37, 1)
(1, 38, 1)
(1, 39, 1)

(2, 0, 3)
(2, 1, 3)
(2, 2, 3)
(2, 3, 3)
(2, 4, 3)
(2, 5, 3)
(2, 6, 3)
(2, 7, 3)
(2, 8, 3)
(2, 9, 3)
(2, 10, 3)
(2, 11, 3)
(2, 12, 3)
(2, 13, 3)
(2, 14, 3)
(2, 15, 3)
(2, 16, 1)
(2, 17, 1)
(2, 18, 1)
(2, 19, 1)
(2, 20, 1)
(2, 21, 1)
(2, 22, 1)
(2, 23, 1)
(2, 24, 1)
(2, 25, 1)
(2, 26, 1)
(2, 27, 1)
(2, 28, 1)
(2, 29, 1)
(2, 30, 1)
(2, 31, 1)
(2, 32, 1)
(2, 33, 1)
(2, 34, 1)
(2, 35, 1)
(2, 36, 1)
(2, 37, 1)
(2, 38, 1)
(2, 39, 1)

(3, 0, 6)
(3, 1, 6)
(3, 2, 6)
(3, 3, 6)
(3, 4, 6)
(3, 5, 6)
(3, 6, 6)
(3, 7, 5)
(3, 8, 5)
(3, 9, 5)
(3, 10, 5)
(3, 11, 5)
(3, 12, 5)
(3, 13, 5)
(3, 14, 5)
(3, 15, 5)
(3, 16, 2)
(3, 17, 2)
(3, 18, 2)
(3, 19, 2)
(3, 20, 2)
(3, 21, 2)
(3, 22, 2)
(3, 23, 2)
(3, 24, 2)
(3, 25, 2)
(3, 26, 2)
(3, 27, 2)
(3, 28, 2)
(3, 29, 2)
(3, 30, 2)
(3, 31, 2)
(3, 32, 2)
(3, 33, 2)
(3, 34, 2)
(3, 35, 2)
(3, 36, 2)
(3, 37, 2)
(3, 38, 2)
(3, 39, 2)

(4, 0, 6)
(4, 1, 6)
(4, 2, 6)
(4, 3, 6)
(4, 4, 6)
(4, 5, 6)
(4, 6, 6)
(4, 7, 5)
(4, 8, 5)
(4, 9, 5)
(4, 10, 5)
(4, 11, 5)
(4, 12, 5)
(4, 13, 5)
(4, 14, 5)
(4, 15, 5)
(4, 16, 2)
(4, 17, 2)
(4, 18, 2)
(4, 19, 2)
(4, 20, 2)
(4, 21, 2)
(4, 22, 2)
(4, 23, 2)
(4, 24, 2)
(4, 25, 2)
(4, 26, 2)
(4, 27, 2)
(4, 28, 2)
(4, 29, 2)
(4, 30, 2)
(4, 31, 2)
(4, 32, 2)
(4, 33, 2)
(4, 34, 2)
(4, 35, 2)
(4, 36, 2)
(4, 37, 2)
(4, 38, 2)
(4, 39, 2)

(5, 0, 7)
(5, 1, 7)
(5, 2, 7)
(5, 3, 7)
(5, 4, 7)
(5, 5, 7)
(5, 6, 7)
(5, 7, 6)
(5, 8, 6)
(5, 9, 6)
(5, 10, 6)
(5, 11, 6)
(5, 12, 6)
(5, 13, 6)
(5, 14, 6)
(5, 15, 6)
(5, 16, 3)
(5, 17, 3)
(5, 18, 3)
(5, 19, 3)
(5, 20, 3)
(5, 21, 3)
(5, 22, 3)
(5, 23, 3)
(5, 24, 3)
(5, 25, 3)
(5, 26, 2)
(5, 27, 2)
(5, 28, 2)
(5, 29, 2)
(5, 30, 2)
(5, 31, 2)
(5, 32, 2)
(5, 33, 2)
(5, 34, 2)
(5, 35, 2)
(5, 36, 2)
(5, 37, 2)
(5, 38, 2)
(5, 39, 2)

(6, 0, 9)
(6, 1, 8)
(6, 2, 8)
(6, 3, 8)
(6, 4, 8)
(6, 5, 8)
(6, 6, 8)
(6, 7, 7)
(6, 8, 7)
(6, 9, 7)
(6, 10, 7)
(6, 11, 7)
(6, 12, 7)
(6, 13, 7)
(6, 14, 7)
(6, 15, 7)
(6, 16, 4)
(6, 17, 4)
(6, 18, 4)
(6, 19, 4)
(6, 20, 4)
(6, 21, 4)
(6, 22, 4)
(6, 23, 4)
(6, 24, 4)
(6, 25, 3)
(6, 26, 3)
(6, 27, 3)
(6, 28, 3)
(6, 29, 3)
(6, 30, 3)
(6, 31, 3)
(6, 32, 3)
(6, 33, 3)
(6, 34, 3)
(6, 35, 3)
(6, 36, 3)
(6, 37, 3)
(6, 38, 3)
(6, 39, 3)

(7, 0, 11)
(7, 1, 10)
(7, 2, 10)
(7, 3, 10)
(7, 4, 10)
(7, 5, 10)
(7, 6, 10)
(7, 7, 9)
(7, 8, 9)
(7, 9, 9)
(7, 10, 9)
(7, 11, 9)
(7, 12, 9)
(7, 13, 9)
(7, 14, 9)
(7, 15, 9)
(7, 16, 5)
(7, 17, 5)
(7, 18, 5)
(7, 19, 5)
(7, 20, 5)
(7, 21, 5)
(7, 22, 5)
(7, 23, 4)
(7, 24, 4)
(7, 25, 3)
(7, 26, 3)
(7, 27, 3)
(7, 28, 3)
(7, 29, 3)
(7, 30, 3)
(7, 31, 3)
(7, 32, 3)
(7, 33, 3)
(7, 34, 3)
(7, 35, 3)
(7, 36, 3)
(7, 37, 3)
(7, 38, 3)
(7, 39, 3)

(8, 0, 12)
(8, 1, 11)
(8, 2, 11)
(8, 3, 11)
(8, 4, 11)
(8, 5, 11)
(8, 6, 11)
(8, 7, 10)
(8, 8, 10)
(8, 9, 10)
(8, 10, 10)
(8, 11, 10)
(8, 12, 10)
(8, 13, 10)
(8, 14, 10)
(8, 15, 10)
(8, 16, 5)
(8, 17, 5)
(8, 18, 5)
(8, 19, 5)
(8, 20, 5)
(8, 21, 5)
(8, 22, 5)
(8, 23, 4)
(8, 24, 4)
(8, 25, 3)
(8, 26, 3)
(8, 27, 3)
(8, 28, 3)
(8, 29, 3)
(8, 30, 3)
(8, 31, 3)
(8, 32, 3)
(8, 33, 3)
(8, 34, 3)
(8, 35, 3)
(8, 36, 3)
(8, 37, 3)
(8, 38, 3)
(8, 39, 3)

(9, 0, 14)
(9, 1, 13)
(9, 2, 13)
(9, 3, 13)
(9, 4, 13)
(9, 5, 13)
(9, 6, 13)
(9, 7, 12)
(9, 8, 12)
(9, 9, 12)
(9, 10, 12)
(9, 11, 12)
(9, 12, 12)
(9, 13, 12)
(9, 14, 12)
(9, 15, 12)
(9, 16, 5)
(9, 17, 5)
(9, 18, 5)
(9, 19, 5)
(9, 20, 5)
(9, 21, 5)
(9, 22, 5)
(9, 23, 4)
(9, 24, 4)
(9, 25, 3)
(9, 26, 3)
(9, 27, 3)
(9, 28, 3)
(9, 29, 3)
(9, 30, 3)
(9, 31, 3)
(9, 32, 3)
(9, 33, 3)
(9, 34, 3)
(9, 35, 3)
(9, 36, 3)
(9, 37, 3)
(9, 38, 3)
(9, 39, 3)

(10, 0, 15)
(10, 1, 14)
(10, 2, 14)
(10, 3, 14)
(10, 4, 14)
(10, 5, 14)
(10, 6, 14)
(10, 7, 13)
(10, 8, 13)
(10, 9, 13)
(10, 10, 13)
(10, 11, 13)
(10, 12, 13)
(10, 13, 13)
(10, 14, 13)
(10, 15, 13)
(10, 16, 5)
(10, 17, 5)
(10, 18, 5)
(10, 19, 5)
(10, 20, 5)
(10, 21, 5)
(10, 22, 5)
(10, 23, 4)
(10, 24, 4)
(10, 25, 3)
(10, 26, 3)
(10, 27, 3)
(10, 28, 3)
(10, 29, 3)
(10, 30, 3)
(10, 31, 3)
(10, 32, 3)
(10, 33, 3)
(10, 34, 3)
(10, 35, 3)
(10, 36, 3)
(10, 37, 3)
(10, 38, 3)
(10, 39, 3)

(11, 0, 20)
(11, 1, 19)
(11, 2, 16)
(11, 3, 16)
(11, 4, 16)
(11, 5, 16)
(11, 6, 16)
(11, 7, 14)
(11, 8, 14)
(11, 9, 14)
(11, 10, 14)
(11, 11, 14)
(11, 12, 14)
(11, 13, 14)
(11, 14, 12)
(11, 15, 12)
(11, 16, 5)
(11, 17, 5)
(11, 18, 5)
(11, 19, 5)
(11, 20, 5)
(11, 21, 5)
(11, 22, 5)
(11, 23, 4)
(11, 24, 4)
(11, 25, 3)
(11, 26, 3)
(11, 27, 3)
(11, 28, 3)
(11, 29, 3)
(11, 30, 3)
(11, 31, 3)
(11, 32, 3)
(11, 33, 3)
(11, 34, 3)
(11, 35, 3)
(11, 36, 3)
(11, 37, 3)
(11, 38, 3)
(11, 39, 3)

(12, 0, 22)
(12, 1, 21)
(12, 2, 17)
(12, 3, 17)
(12, 4, 17)
(12, 5, 17)
(12, 6, 17)
(12, 7, 15)
(12, 8, 15)
(12, 9, 15)
(12, 10, 15)
(12, 11, 15)
(12, 12, 15)
(12, 13, 15)
(12, 14, 13)
(12, 15, 13)
(12, 16, 6)
(12, 17, 6)
(12, 18, 6)
(12, 19, 6)
(12, 20, 6)
(12, 21, 6)
(12, 22, 6)
(12, 23, 5)
(12, 24, 5)
(12, 25, 3)
(12, 26, 3)
(12, 27, 3)
(12, 28, 3)
(12, 29, 3)
(12, 30, 3)
(12, 31, 3)
(12, 32, 3)
(12, 33, 3)
(12, 34, 3)
(12, 35, 3)
(12, 36, 3)
(12, 37, 3)
(12, 38, 3)
(12, 39, 3)

(13, 0, 22)
(13, 1, 21)
(13, 2, 17)
(13, 3, 17)
(13, 4, 17)
(13, 5, 17)
(13, 6, 17)
(13, 7, 15)
(13, 8, 15)
(13, 9, 15)
(13, 10, 15)
(13, 11, 15)
(13, 12, 15)
(13, 13, 15)
(13, 14, 13)
(13, 15, 13)
(13, 16, 6)
(13, 17, 6)
(13, 18, 6)
(13, 19, 6)
(13, 20, 6)
(13, 21, 6)
(13, 22, 6)
(13, 23, 5)
(13, 24, 5)
(13, 25, 3)
(13, 26, 3)
(13, 27, 3)
(13, 28, 3)
(13, 29, 3)
(13, 30, 3)
(13, 31, 3)
(13, 32, 3)
(13, 33, 3)
(13, 34, 3)
(13, 35, 3)
(13, 36, 3)
(13, 37, 3)
(13, 38, 3)
(13, 39, 3)

(14, 0, 22)
(14, 1, 21)
(14, 2, 17)
(14, 3, 17)
(14, 4, 17)
(14, 5, 17)
(14, 6, 17)
(14, 7, 15)
(14, 8, 15)
(14, 9, 15)
(14, 10, 15)
(14, 11, 15)
(14, 12, 15)
(14, 13, 15)
(14, 14, 13)
(14, 15, 13)
(14, 16, 6)
(14, 17, 6)
(14, 18, 6)
(14, 19, 6)
(14, 20, 6)
(14, 21, 6)
(14, 22, 6)
(14, 23, 5)
(14, 24, 5)
(14, 25, 3)
(14, 26, 3)
(14, 27, 3)
(14, 28, 3)
(14, 29, 3)
(14, 30, 3)
(14, 31, 3)
(14, 32, 3)
(14, 33, 3)
(14, 34, 3)
(14, 35, 3)
(14, 36, 3)
(14, 37, 3)
(14, 38, 3)
(14, 39, 3)

(15, 0, 22)
(15, 1, 21)
(15, 2, 17)
(15, 3, 17)
(15, 4, 17)
(15, 5, 17)
(15, 6, 17)
(15, 7, 15)
(15, 8, 15)
(15, 9, 15)
(15, 10, 15)
(15, 11, 15)
(15, 12, 15)
(15, 13, 15)
(15, 14, 13)
(15, 15, 13)
(15, 16, 6)
(15, 17, 6)
(15, 18, 6)
(15, 19, 6)
(15, 20, 6)
(15, 21, 6)
(15, 22, 6)
(15, 23, 5)
(15, 24, 5)
(15, 25, 3)
(15, 26, 3)
(15, 27, 3)
(15, 28, 3)
(15, 29, 3)
(15, 30, 3)
(15, 31, 3)
(15, 32, 3)
(15, 33, 3)
(15, 34, 3)
(15, 35, 3)
(15, 36, 3)
(15, 37, 3)
(15, 38, 3)
(15, 39, 3)

(16, 0, 22)
(16, 1, 21)
(16, 2, 17)
(16, 3, 17)
(16, 4, 17)
(16, 5, 17)
(16, 6, 17)
(16, 7, 15)
(16, 8, 15)
(16, 9, 15)
(16, 10, 15)
(16, 11, 15)
(16, 12, 15)
(16, 13, 15)
(16, 14, 13)
(16, 15, 13)
(16, 16, 6)
(16, 17, 6)
(16, 18, 6)
(16, 19, 6)
(16, 20, 6)
(16, 21, 6)
(16, 22, 6)
(16, 23, 5)
(16, 24, 5)
(16, 25, 3)
(16, 26, 3)
(16, 27, 3)
(16, 28, 3)
(16, 29, 3)
(16, 30, 3)
(16, 31, 3)
(16, 32, 3)
(16, 33, 3)
(16, 34, 3)
(16, 35, 3)
(16, 36, 3)
(16, 37, 3)
(16, 38, 3)
(16, 39, 3)

(17, 0, 22)
(17, 1, 21)
(17, 2, 17)
(17, 3, 17)
(17, 4, 17)
(17, 5, 17)
(17, 6, 17)
(17, 7, 15)
(17, 8, 15)
(17, 9, 15)
(17, 10, 15)
(17, 11, 15)
(17, 12, 15)
(17, 13, 15)
(17, 14, 13)
(17, 15, 13)
(17, 16, 6)
(17, 17, 6)
(17, 18, 6)
(17, 19, 6)
(17, 20, 6)
(17, 21, 6)
(17, 22, 6)
(17, 23, 5)
(17, 24, 5)
(17, 25, 3)
(17, 26, 3)
(17, 27, 3)
(17, 28, 3)
(17, 29, 3)
(17, 30, 3)
(17, 31, 3)
(17, 32, 3)
(17, 33, 3)
(17, 34, 3)
(17, 35, 3)
(17, 36, 3)
(17, 37, 3)
(17, 38, 3)
(17, 39, 3)

(18, 0, 23)
(18, 1, 22)
(18, 2, 18)
(18, 3, 18)
(18, 4, 18)
(18, 5, 18)
(18, 6, 18)
(18, 7, 16)
(18, 8, 16)
(18, 9, 16)
(18, 10, 16)
(18, 11, 16)
(18, 12, 16)
(18, 13, 16)
(18, 14, 14)
(18, 15, 14)
(18, 16, 7)
(18, 17, 7)
(18, 18, 7)
(18, 19, 7)
(18, 20, 7)
(18, 21, 7)
(18, 22, 7)
(18, 23, 6)
(18, 24, 6)
(18, 25, 4)
(18, 26, 4)
(18, 27, 4)
(18, 28, 4)
(18, 29, 4)
(18, 30, 4)
(18, 31, 4)
(18, 32, 4)
(18, 33, 4)
(18, 34, 4)
(18, 35, 4)
(18, 36, 4)
(18, 37, 4)
(18, 38, 4)
(18, 39, 4)

(19, 0, 25)
(19, 1, 24)
(19, 2, 20)
(19, 3, 20)
(19, 4, 20)
(19, 5, 20)
(19, 6, 20)
(19, 7, 17)
(19, 8, 17)
(19, 9, 17)
(19, 10, 17)
(19, 11, 17)
(19, 12, 17)
(19, 13, 17)
(19, 14, 15)
(19, 15, 15)
(19, 16, 8)
(19, 17, 8)
(19, 18, 8)
(19, 19, 8)
(19, 20, 8)
(19, 21, 8)
(19, 22, 8)
(19, 23, 7)
(19, 24, 7)
(19, 25, 5)
(19, 26, 5)
(19, 27, 5)
(19, 28, 5)
(19, 29, 5)
(19, 30, 5)
(19, 31, 5)
(19, 32, 5)
(19, 33, 5)
(19, 34, 5)
(19, 35, 5)
(19, 36, 5)
(19, 37, 4)
(19, 38, 4)
(19, 39, 4)

(20, 0, 28)
(20, 1, 27)
(20, 2, 23)
(20, 3, 23)
(20, 4, 23)
(20, 5, 23)
(20, 6, 23)
(20, 7, 20)
(20, 8, 20)
(20, 9, 20)
(20, 10, 20)
(20, 11, 20)
(20, 12, 20)
(20, 13, 20)
(20, 14, 18)
(20, 15, 18)
(20, 16, 10)
(20, 17, 10)
(20, 18, 10)
(20, 19, 10)
(20, 20, 10)
(20, 21, 10)
(20, 22, 10)
(20, 23, 8)
(20, 24, 8)
(20, 25, 6)
(20, 26, 6)
(20, 27, 6)
(20, 28, 6)
(20, 29, 6)
(20, 30, 6)
(20, 31, 6)
(20, 32, 6)
(20, 33, 6)
(20, 34, 6)
(20, 35, 6)
(20, 36, 6)
(20, 37, 6)
(20, 38, 6)
(20, 39, 6)

(21, 0, 37)
(21, 1, 36)
(21, 2, 28)
(21, 3, 28)
(21, 4, 28)
(21, 5, 28)
(21, 6, 28)
(21, 7, 24)
(21, 8, 24)
(21, 9, 24)
(21, 10, 24)
(21, 11, 24)
(21, 12, 24)
(21, 13, 24)
(21, 14, 20)
(21, 15, 20)
(21, 16, 10)
(21, 17, 10)
(21, 18, 10)
(21, 19, 10)
(21, 20, 10)
(21, 21, 10)
(21, 22, 10)
(21, 23, 8)
(21, 24, 8)
(21, 25, 6)
(21, 26, 6)
(21, 27, 6)
(21, 28, 6)
(21, 29, 6)
(21, 30, 6)
(21, 31, 6)
(21, 32, 6)
(21, 33, 6)
(21, 34, 6)
(21, 35, 6)
(21, 36, 6)
(21, 37, 6)
(21, 38, 6)
(21, 39, 6)

(22, 0, 38)
(22, 1, 37)
(22, 2, 29)
(22, 3, 29)
(22, 4, 29)
(22, 5, 29)
(22, 6, 29)
(22, 7, 25)
(22, 8, 25)
(22, 9, 25)
(22, 10, 25)
(22, 11, 25)
(22, 12, 25)
(22, 13, 25)
(22, 14, 21)
(22, 15, 21)
(22, 16, 10)
(22, 17, 10)
(22, 18, 10)
(22, 19, 10)
(22, 20, 10)
(22, 21, 10)
(22, 22, 10)
(22, 23, 8)
(22, 24, 8)
(22, 25, 6)
(22, 26, 6)
(22, 27, 6)
(22, 28, 6)
(22, 29, 6)
(22, 30, 6)
(22, 31, 6)
(22, 32, 6)
(22, 33, 6)
(22, 34, 6)
(22, 35, 6)
(22, 36, 6)
(22, 37, 6)
(22, 38, 6)
(22, 39, 6)

(23, 0, 39)
(23, 1, 38)
(23, 2, 30)
(23, 3, 30)
(23, 4, 30)
(23, 5, 30)
(23, 6, 30)
(23, 7, 26)
(23, 8, 26)
(23, 9, 26)
(23, 10, 26)
(23, 11, 26)
(23, 12, 26)
(23, 13, 26)
(23, 14, 22)
(23, 15, 22)
(23, 16, 11)
(23, 17, 11)
(23, 18, 11)
(23, 19, 11)
(23, 20, 11)
(23, 21, 11)
(23, 22, 11)
(23, 23, 8)
(23, 24, 8)
(23, 25, 6)
(23, 26, 6)
(23, 27, 6)
(23, 28, 6)
(23, 29, 6)
(23, 30, 6)
(23, 31, 6)
(23, 32, 6)
(23, 33, 6)
(23, 34, 6)
(23, 35, 6)
(23, 36, 6)
(23, 37, 6)
(23, 38, 6)
(23, 39, 6)

(24, 0, 41)
(24, 1, 40)
(24, 2, 32)
(24, 3, 32)
(24, 4, 32)
(24, 5, 32)
(24, 6, 32)
(24, 7, 28)
(24, 8, 28)
(24, 9, 28)
(24, 10, 28)
(24, 11, 28)
(24, 12, 28)
(24, 13, 28)
(24, 14, 24)
(24, 15, 24)
(24, 16, 11)
(24, 17, 11)
(24, 18, 11)
(24, 19, 11)
(24, 20, 11)
(24, 21, 11)
(24, 22, 11)
(24, 23, 8)
(24, 24, 8)
(24, 25, 6)
(24, 26, 6)
(24, 27, 6)
(24, 28, 6)
(24, 29, 6)
(24, 30, 6)
(24, 31, 6)
(24, 32, 6)
(24, 33, 6)
(24, 34, 6)
(24, 35, 6)
(24, 36, 6)
(24, 37, 6)
(24, 38, 6)
(24, 39, 6)

(25, 0, 42)
(25, 1, 41)
(25, 2, 33)
(25, 3, 33)
(25, 4, 33)
(25, 5, 33)
(25, 6, 33)
(25, 7, 29)
(25, 8, 29)
(25, 9, 29)
(25, 10, 29)
(25, 11, 29)
(25, 12, 29)
(25, 13, 29)
(25, 14, 25)
(25, 15, 25)
(25, 16, 11)
(25, 17, 11)
(25, 18, 11)
(25, 19, 11)
(25, 20, 11)
(25, 21, 11)
(25, 22, 11)
(25, 23, 8)
(25, 24, 8)
(25, 25, 6)
(25, 26, 6)
(25, 27, 6)
(25, 28, 6)
(25, 29, 6)
(25, 30, 6)
(25, 31, 6)
(25, 32, 6)
(25, 33, 6)
(25, 34, 6)
(25, 35, 6)
(25, 36, 6)
(25, 37, 6)
(25, 38, 6)
(25, 39, 6)

(26, 0, 44)
(26, 1, 43)
(26, 2, 35)
(26, 3, 35)
(26, 4, 35)
(26, 5, 35)
(26, 6, 35)
(26, 7, 31)
(26, 8, 31)
(26, 9, 31)
(26, 10, 31)
(26, 11, 31)
(26, 12, 31)
(26, 13, 31)
(26, 14, 27)
(26, 15, 27)
(26, 16, 13)
(26, 17, 13)
(26, 18, 13)
(26, 19, 13)
(26, 20, 13)
(26, 21, 13)
(26, 22, 13)
(26, 23, 10)
(26, 24, 10)
(26, 25, 7)
(26, 26, 7)
(26, 27, 7)
(26, 28, 7)
(26, 29, 7)
(26, 30, 7)
(26, 31, 7)
(26, 32, 7)
(26, 33, 7)
(26, 34, 7)
(26, 35, 7)
(26, 36, 7)
(26, 37, 7)
(26, 38, 7)
(26, 39, 7)

(27, 0, 44)
(27, 1, 43)
(27, 2, 35)
(27, 3, 35)
(27, 4, 35)
(27, 5, 35)
(27, 6, 35)
(27, 7, 31)
(27, 8, 31)
(27, 9, 31)
(27, 10, 31)
(27, 11, 31)
(27, 12, 31)
(27, 13, 31)
(27, 14, 27)
(27, 15, 27)
(27, 16, 13)
(27, 17, 13)
(27, 18, 13)
(27, 19, 13)
(27, 20, 13)
(27, 21, 13)
(27, 22, 13)
(27, 23, 10)
(27, 24, 10)
(27, 25, 7)
(27, 26, 7)
(27, 27, 7)
(27, 28, 7)
(27, 29, 7)
(27, 30, 7)
(27, 31, 7)
(27, 32, 7)
(27, 33, 7)
(27, 34, 7)
(27, 35, 7)
(27, 36, 7)
(27, 37, 7)
(27, 38, 7)
(27, 39, 7)

(28, 0, 44)
(28, 1, 43)
(28, 2, 35)
(28, 3, 35)
(28, 4, 35)
(28, 5, 35)
(28, 6, 35)
(28, 7, 31)
(28, 8, 31)
(28, 9, 31)
(28, 10, 31)
(28, 11, 31)
(28, 12, 31)
(28, 13, 31)
(28, 14, 27)
(28, 15, 27)
(28, 16, 13)
(28, 17, 13)
(28, 18, 13)
(28, 19, 13)
(28, 20, 13)
(28, 21, 13)
(28, 22, 13)
(28, 23, 10)
(28, 24, 10)
(28, 25, 7)
(28, 26, 7)
(28, 27, 7)
(28, 28, 7)
(28, 29, 7)
(28, 30, 7)
(28, 31, 7)
(28, 32, 7)
(28, 33, 7)
(28, 34, 7)
(28, 35, 7)
(28, 36, 7)
(28, 37, 7)
(28, 38, 7)
(28, 39, 7)

(29, 0, 45)
(29, 1, 44)
(29, 2, 36)
(29, 3, 36)
(29, 4, 36)
(29, 5, 36)
(29, 6, 36)
(29, 7, 32)
(29, 8, 32)
(29, 9, 32)
(29, 10, 32)
(29, 11, 32)
(29, 12, 32)
(29, 13, 32)
(29, 14, 28)
(29, 15, 28)
(29, 16, 14)
(29, 17, 14)
(29, 18, 14)
(29, 19, 14)
(29, 20, 14)
(29, 21, 14)
(29, 22, 14)
(29, 23, 11)
(29, 24, 11)
(29, 25, 7)
(29, 26, 7)
(29, 27, 7)
(29, 28, 7)
(29, 29, 7)
(29, 30, 7)
(29, 31, 7)
(29, 32, 7)
(29, 33, 7)
(29, 34, 7)
(29, 35, 7)
(29, 36, 7)
(29, 37, 7)
(29, 38, 7)
(29, 39, 7)

(30, 0, 45)
(30, 1, 44)
(30, 2, 36)
(30, 3, 36)
(30, 4, 36)
(30, 5, 36)
(30, 6, 36)
(30, 7, 32)
(30, 8, 32)
(30, 9, 32)
(30, 10, 32)
(30, 11, 32)
(30, 12, 32)
(30, 13, 32)
(30, 14, 28)
(30, 15, 28)
(30, 16, 14)
(30, 17, 14)
(30, 18, 14)
(30, 19, 14)
(30, 20, 14)
(30, 21, 14)
(30, 22, 14)
(30, 23, 11)
(30, 24, 11)
(30, 25, 7)
(30, 26, 7)
(30, 27, 7)
(30, 28, 7)
(30, 29, 7)
(30, 30, 7)
(30, 31, 7)
(30, 32, 7)
(30, 33, 7)
(30, 34, 7)
(30, 35, 7)
(30, 36, 7)
(30, 37, 7)
(30, 38, 7)
(30, 39, 7)

(31, 0, 45)
(31, 1, 44)
(31, 2, 36)
(31, 3, 36)
(31, 4, 36)
(31, 5, 36)
(31, 6, 36)
(31, 7, 32)
(31, 8, 32)
(31, 9, 32)
(31, 10, 32)
(31, 11, 32)
(31, 12, 32)
(31, 13, 32)
(31, 14, 28)
(31, 15, 28)
(31, 16, 14)
(31, 17, 14)
(31, 18, 14)
(31, 19, 14)
(31, 20, 14)
(31, 21, 14)
(31, 22, 14)
(31, 23, 11)
(31, 24, 11)
(31, 25, 7)
(31, 26, 7)
(31, 27, 7)
(31, 28, 7)
(31, 29, 7)
(31, 30, 7)
(31, 31, 7)
(31, 32, 7)
(31, 33, 7)
(31, 34, 7)
(31, 35, 7)
(31, 36, 7)
(31, 37, 7)
(31, 38, 7)
(31, 39, 7)

(32, 0, 45)
(32, 1, 44)
(32, 2, 36)
(32, 3, 36)
(32, 4, 36)
(32, 5, 36)
(32, 6, 36)
(32, 7, 32)
(32, 8, 32)
(32, 9, 32)
(32, 10, 32)
(32, 11, 32)
(32, 12, 32)
(32, 13, 32)
(32, 14, 28)
(32, 15, 28)
(32, 16, 14)
(32, 17, 14)
(32, 18, 14)
(32, 19, 14)
(32, 20, 14)
(32, 21, 14)
(32, 22, 14)
(32, 23, 11)
(32, 24, 11)
(32, 25, 7)
(32, 26, 7)
(32, 27, 7)
(32, 28, 7)
(32, 29, 7)
(32, 30, 7)
(32, 31, 7)
(32, 32, 7)
(32, 33, 7)
(32, 34, 7)
(32, 35, 7)
(32, 36, 7)
(32, 37, 7)
(32, 38, 7)
(32, 39, 7)

(33, 0, 45)
(33, 1, 44)
(33, 2, 36)
(33, 3, 36)
(33, 4, 36)
(33, 5, 36)
(33, 6, 36)
(33, 7, 32)
(33, 8, 32)
(33, 9, 32)
(33, 10, 32)
(33, 11, 32)
(33, 12, 32)
(33, 13, 32)
(33, 14, 28)
(33, 15, 28)
(33, 16, 14)
(33, 17, 14)
(33, 18, 14)
(33, 19, 14)
(33, 20, 14)
(33, 21, 14)
(33, 22, 14)
(33, 23, 11)
(33, 24, 11)
(33, 25, 7)
(33, 26, 7)
(33, 27, 7)
(33, 28, 7)
(33, 29, 7)
(33, 30, 7)
(33, 31, 7)
(33, 32, 7)
(33, 33, 7)
(33, 34, 7)
(33, 35, 7)
(33, 36, 7)
(33, 37, 7)
(33, 38, 7)
(33, 39, 7)

(34, 0, 46)
(34, 1, 45)
(34, 2, 37)
(34, 3, 37)
(34, 4, 37)
(34, 5, 37)
(34, 6, 37)
(34, 7, 33)
(34, 8, 33)
(34, 9, 33)
(34, 10, 33)
(34, 11, 33)
(34, 12, 33)
(34, 13, 33)
(34, 14, 29)
(34, 15, 29)
(34, 16, 15)
(34, 17, 15)
(34, 18, 15)
(34, 19, 15)
(34, 20, 15)
(34, 21, 15)
(34, 22, 15)
(34, 23, 12)
(34, 24, 12)
(34, 25, 8)
(34, 26, 8)
(34, 27, 8)
(34, 28, 8)
(34, 29, 8)
(34, 30, 8)
(34, 31, 8)
(34, 32, 8)
(34, 33, 8)
(34, 34, 8)
(34, 35, 8)
(34, 36, 8)
(34, 37, 8)
(34, 38, 8)
(34, 39, 8)

(35, 0, 47)
(35, 1, 46)
(35, 2, 38)
(35, 3, 38)
(35, 4, 38)
(35, 5, 38)
(35, 6, 38)
(35, 7, 33)
(35, 8, 33)
(35, 9, 33)
(35, 10, 33)
(35, 11, 33)
(35, 12, 33)
(35, 13, 33)
(35, 14, 29)
(35, 15, 29)
(35, 16, 15)
(35, 17, 15)
(35, 18, 15)
(35, 19, 15)
(35, 20, 15)
(35, 21, 15)
(35, 22, 15)
(35, 23, 12)
(35, 24, 12)
(35, 25, 8)
(35, 26, 8)
(35, 27, 8)
(35, 28, 8)
(35, 29, 8)
(35, 30, 8)
(35, 31, 8)
(35, 32, 8)
(35, 33, 8)
(35, 34, 8)
(35, 35, 8)
(35, 36, 8)
(35, 37, 8)
(35, 38, 8)
(35, 39, 8)

(36, 0, 50)
(36, 1, 49)
(36, 2, 41)
(36, 3, 41)
(36, 4, 41)
(36, 5, 41)
(36, 6, 41)
(36, 7, 36)
(36, 8, 36)
(36, 9, 36)
(36, 10, 36)
(36, 11, 36)
(36, 12, 36)
(36, 13, 36)
(36, 14, 32)
(36, 15, 32)
(36, 16, 16)
(36, 17, 16)
(36, 18, 16)
(36, 19, 16)
(36, 20, 16)
(36, 21, 16)
(36, 22, 16)
(36, 23, 12)
(36, 24, 12)
(36, 25, 8)
(36, 26, 8)
(36, 27, 8)
(36, 28, 8)
(36, 29, 8)
(36, 30, 8)
(36, 31, 8)
(36, 32, 8)
(36, 33, 8)
(36, 34, 8)
(36, 35, 8)
(36, 36, 8)
(36, 37, 8)
(36, 38, 8)
(36, 39, 8)

(37, 0, 56)
(37, 1, 55)
(37, 2, 43)
(37, 3, 43)
(37, 4, 43)
(37, 5, 43)
(37, 6, 43)
(37, 7, 37)
(37, 8, 37)
(37, 9, 37)
(37, 10, 37)
(37, 11, 37)
(37, 12, 37)
(37, 13, 37)
(37, 14, 31)
(37, 15, 31)
(37, 16, 16)
(37, 17, 16)
(37, 18, 16)
(37, 19, 16)
(37, 20, 16)
(37, 21, 16)
(37, 22, 16)
(37, 23, 12)
(37, 24, 12)
(37, 25, 8)
(37, 26, 8)
(37, 27, 8)
(37, 28, 8)
(37, 29, 8)
(37, 30, 8)
(37, 31, 8)
(37, 32, 8)
(37, 33, 8)
(37, 34, 8)
(37, 35, 8)
(37, 36, 8)
(37, 37, 8)
(37, 38, 8)
(37, 39, 8)

(38, 0, 58)
(38, 1, 57)
(38, 2, 45)
(38, 3, 45)
(38, 4, 45)
(38, 5, 45)
(38, 6, 45)
(38, 7, 38)
(38, 8, 38)
(38, 9, 38)
(38, 10, 38)
(38, 11, 38)
(38, 12, 38)
(38, 13, 38)
(38, 14, 32)
(38, 15, 32)
(38, 16, 17)
(38, 17, 17)
(38, 18, 17)
(38, 19, 17)
(38, 20, 17)
(38, 21, 17)
(38, 22, 17)
(38, 23, 13)
(38, 24, 13)
(38, 25, 9)
(38, 26, 9)
(38, 27, 9)
(38, 28, 9)
(38, 29, 9)
(38, 30, 9)
(38, 31, 9)
(38, 32, 9)
(38, 33, 9)
(38, 34, 9)
(38, 35, 9)
(38, 36, 9)
(38, 37, 9)
(38, 38, 9)
(38, 39, 9)

(39, 0, 67)
(39, 1, 66)
(39, 2, 50)
(39, 3, 50)
(39, 4, 50)
(39, 5, 50)
(39, 6, 50)
(39, 7, 42)
(39, 8, 42)
(39, 9, 42)
(39, 10, 42)
(39, 11, 42)
(39, 12, 42)
(39, 13, 42)
(39, 14, 34)
(39, 15, 34)
(39, 16, 18)
(39, 17, 18)
(39, 18, 18)
(39, 19, 18)
(39, 20, 18)
(39, 21, 18)
(39, 22, 18)
(39, 23, 13)
(39, 24, 13)
(39, 25, 9)
(39, 26, 9)
(39, 27, 9)
(39, 28, 9)
(39, 29, 9)
(39, 30, 9)
(39, 31, 9)
(39, 32, 9)
(39, 33, 9)
(39, 34, 9)
(39, 35, 9)
(39, 36, 9)
(39, 37, 9)
(39, 38, 9)
(39, 39, 9)


Betti numbers:
xi_0:
(0, 0, 1)
(1, 0, 1)
(2, 0, 1)
(3, 0, 3)
(5, 0, 1)
(6, 0, 2)
(7, 0, 2)
(8, 0, 1)
(9, 0, 2)
(10, 0, 1)
(11, 0, 5)
(12, 0, 2)
(18, 0, 1)
(19, 0, 2)
(20, 0, 3)
(21, 0, 9)
(22, 0, 1)
(23, 0, 1)
(24, 0, 2)
(25, 0, 1)
(26, 0, 2)
(29, 0, 1)
(34, 0, 1)
(35, 0, 1)
(36, 0, 3)
(37, 0, 6)
(38, 0, 2)
(39, 0, 9)
xi_1:
(1, 16, 1)
(2, 16, 1)
(3, 7, 1)
(3, 16, 1)
(5, 26, 1)
(6, 1, 1)
(6, 25, 1)
(7, 16, 1)
(7, 23, 1)
(8, 16, 1)
(9, 16, 2)
(10, 16, 1)
(11, 2, 3)
(11, 7, 1)
(11, 14, 2)
(12, 2, 1)
(12, 25, 1)
(19, 7, 1)
(19, 37, 1)
(20, 16, 1)
(20, 23, 1)
(21, 2, 4)
(21, 7, 1)
(21, 14, 2)
(21, 16, 2)
(22, 16, 1)
(23, 23, 1)
(24, 16, 2)
(25, 16, 1)
(26, 25, 1)
(29, 25, 1)
(35, 7, 1)
(36, 16, 2)
(36, 23, 1)
(37, 2, 4)
(37, 7, 1)
(37, 14, 2)
(38, 7, 1)
(39, 2, 4)
(39, 7, 1)
(39, 14, 2)
(39, 16, 1)
(39, 23, 1)
xi_2:
(6, 26, 1)
(11, 16, 1)
(20, 37, 1)
(37, 16, 1)
