x-grades
-35208808634054723/20000000000000000
-17347720212438307/10000000000000000
-6836414443139701/4000000000000000
-8417176001630099/5000000000000000
-33155335797342287/20000000000000000
-16320983794082089/10000000000000000
-32128599378986069/20000000000000000
-790380779245199/500000000000000
-31101862960629851/20000000000000000
-15294247375725871/10000000000000000
-30075126542273633/20000000000000000
-7390439583273881/5000000000000000
-5809678024783483/4000000000000000
-14267510957369653/10000000000000000
-28021653705561197/20000000000000000
-1719267843523943/1250000000000000
-26994917287204979/20000000000000000
-2648154907802687/2000000000000000
-25968180868848761/20000000000000000
-6363703164917663/5000000000000000
-24941444450492543/20000000000000000
-12214038120657217/10000000000000000
-956588321285453/800000000000000
-2925167477869777/2500000000000000
-22887971613780107/20000000000000000
-11187301702300999/10000000000000000
-21861235195423889/20000000000000000
-1067393349312289/1000000000000000
-20834498777067671/20000000000000000
-10160565283944781/10000000000000000
-19807762358711453/20000000000000000
-602949817172917/625000000000000
-3756205188071047/4000000000000000
-9133828865588563/10000000000000000
-17754289521999017/20000000000000000
-4310230328205227/5000000000000000
-16727553103642799/20000000000000000
-1621418489446469/2000000000000000
-15700816685286581/20000000000000000
-1898431059513559/2500000000000000

y-grades
156249/625000
156249/312500
468747/625000
156249/156250
156249/125000
468747/312500
1093743/625000
156249/78125
1406241/625000
156249/62500
1718739/625000
468747/156250
2031237/625000
1093743/312500
468747/125000
312498/78125
2656233/625000
1406241/312500
2968731/625000
156249/31250
3281229/625000
1718739/312500
3593727/625000
468747/78125
156249/25000
2031237/312500
4218723/625000
1093743/156250
4531221/625000
468747/62500
4843719/625000
624996/78125
5156217/625000
2656233/312500
1093743/125000
1406241/156250
5781213/625000
2968731/312500
6093711/625000
156249/15625

Dimensions > 0:
(0, 0, 1)
(0, 1, 1)
(0, 2, 1)
(0, 3, 1)
(0, 4, 1)
(0, 5, 1)
(0, 6, 1)
(0, 7, 1)
(0, 8, 1)
(0, 9, 1)
(0, 10, 1)
(0, 11, 1)
(0, 12, 1)
(0, 13, 1)
(0, 14, 1)
(0, 15, 1)
(0, 16, 1)
(0, 17, 1)
(0, 18, 1)
(0, 19, 1)
(0, 20, 1)
(0, 21, 1)
(0, 22, 1)
(0, 23, 1)
(0, 24, 1)
(0, 25, 1)
(0, 26, 1)
(0, 27, 1)
(0, 28, 1)
(0, 29, 1)
(0, 30, 1)
(0, 31, 1)
(0, 32, 1)
(0, 33, 1)
(0, 34, 1)
(0, 35, 1)
(0, 36, 1)
(0, 37, 1)
(0, 38, 1)
(0, 39, 1)

(1, 0, 2)
(1, 1, 2)
(1, 2, 2)
(1, 3, 2)
(1, 4, 1)
(1, 5, 1)
(1, 6, 1)
(1, 7, 1)
(1, 8, 1)
(1, 9, 1)
(1, 10, 1)
(1, 11, 1)
(1, 12, 1)
(1, 13, 1)
(1, 14, 1)
(1, 15, 1)
(1, 16, 1)
(1, 17, 1)
(1, 18, 1)
(1, 19, 1)
(1, 20, 1)
(1, 21, 1)
(1, 22, 1)
(1, 23, 1)
(1, 24, 1)
(1, 25, 1)
(1, 26, 1)
(1, 27, 1)
(1, 28, 1)
(1, 29, 1)
(1, 30, 1)
(1, 31, 1)
(1, 32, 1)
(1, 33, 1)
(1, 34, 1)
(1, 35, 1)
(1, 36, 1)
(1, 37, 1)
(1, 38, 1)
(1, 39, 1)

(2, 0, 5)
(2, 1, 5)
(2, 2, 5)
(2, 3, 5)
(2, 4, 4)
(2, 5, 4)
(2, 6, 4)
(2, 7, 4)
(2, 8, 4)
(2, 9, 4)
(2, 10, 4)
(2, 11, 4)
(2, 12, 4)
(2, 13, 4)
(2, 14, 2)
(2, 15, 2)
(2, 16, 2)
(2, 17, 2)
(2, 18, 2)
(2, 19, 2)
(2, 20, 2)
(2, 21, 2)
(2, 22, 2)
(2, 23, 2)
(2, 24, 2)
(2, 25, 2)
(2, 26, 2)
(2, 27, 2)
(2, 28, 2)
(2, 29, 2)
(2, 30, 2)
(2, 31, 2)
(2, 32, 2)
(2, 33, 2)
(2, 34, 2)
(2, 35, 2)
(2, 36, 2)
(2, 37, 2)
(2, 38, 2)
(2, 39, 2)

(3, 0, 9)
(3, 1, 9)
(3, 2, 9)
(3, 3, 9)
(3, 4, 7)
(3, 5, 7)
(3, 6, 7)
(3, 7, 6)
(3, 8, 6)
(3, 9, 6)
(3, 10, 6)
(3, 11, 6)
(3, 12, 6)
(3, 13, 6)
(3, 14, 4)
(3, 15, 4)
(3, 16, 4)
(3, 17, 4)
(3, 18, 4)
(3, 19, 4)
(3, 20, 4)
(3, 21, 4)
(3, 22, 4)
(3, 23, 4)
(3, 24, 3)
(3, 25, 3)
(3, 26, 3)
(3, 27, 3)
(3, 28, 3)
(3, 29, 3)
(3, 30, 3)
(3, 31, 3)
(3, 32, 3)
(3, 33, 3)
(3, 34, 3)
(3, 35, 3)
(3, 36, 3)
(3, 37, 3)
(3, 38, 3)
(3, 39, 3)

(4, 0, 14)
(4, 1, 13)
(4, 2, 13)
(4, 3, 12)
(4, 4, 10)
(4, 5, 10)
(4, 6, 10)
(4, 7, 9)
(4, 8, 8)
(4, 9, 8)
(4, 10, 8)
(4, 11, 8)
(4, 12, 8)
(4, 13, 8)
(4, 14, 5)
(4, 15, 5)
(4, 16, 4)
(4, 17, 4)
(4, 18, 4)
(4, 19, 4)
(4, 20, 4)
(4, 21, 4)
(4, 22, 4)
(4, 23, 4)
(4, 24, 3)
(4, 25, 3)
(4, 26, 3)
(4, 27, 3)
(4, 28, 2)
(4, 29, 2)
(4, 30, 2)
(4, 31, 2)
(4, 32, 2)
(4, 33, 2)
(4, 34, 2)
(4, 35, 2)
(4, 36, 2)
(4, 37, 2)
(4, 38, 2)
(4, 39, 2)

(5, 0, 25)
(5, 1, 20)
(5, 2, 20)
(5, 3, 18)
(5, 4, 15)
(5, 5, 15)
(5, 6, 14)
(5, 7, 12)
(5, 8, 10)
(5, 9, 10)
(5, 10, 10)
(5, 11, 9)
(5, 12, 9)
(5, 13, 9)
(5, 14, 6)
(5, 15, 5)
(5, 16, 4)
(5, 17, 4)
(5, 18, 4)
(5, 19, 4)
(5, 20, 4)
(5, 21, 4)
(5, 22, 4)
(5, 23, 4)
(5, 24, 3)
(5, 25, 3)
(5, 26, 3)
(5, 27, 3)
(5, 28, 3)
(5, 29, 3)
(5, 30, 3)
(5, 31, 3)
(5, 32, 3)
(5, 33, 3)
(5, 34, 3)
(5, 35, 3)
(5, 36, 3)
(5, 37, 2)
(5, 38, 2)
(5, 39, 2)

(6, 0, 35)
(6, 1, 29)
(6, 2, 28)
(6, 3, 24)
(6, 4, 20)
(6, 5, 20)
(6, 6, 18)
(6, 7, 16)
(6, 8, 13)
(6, 9, 12)
(6, 10, 11)
(6, 11, 10)
(6, 12, 10)
(6, 13, 10)
(6, 14, 6)
(6, 15, 5)
(6, 16, 3)
(6, 17, 3)
(6, 18, 3)
(6, 19, 3)
(6, 20, 3)
(6, 21, 3)
(6, 22, 3)
(6, 23, 3)
(6, 24, 2)
(6, 25, 2)
(6, 26, 2)
(6, 27, 2)
(6, 28, 2)
(6, 29, 2)
(6, 30, 2)
(6, 31, 2)
(6, 32, 2)
(6, 33, 2)
(6, 34, 2)
(6, 35, 2)
(6, 36, 2)
(6, 37, 2)
(6, 38, 2)
(6, 39, 2)

(7, 0, 42)
(7, 1, 36)
(7, 2, 35)
(7, 3, 28)
(7, 4, 24)
(7, 5, 23)
(7, 6, 21)
(7, 7, 16)
(7, 8, 13)
(7, 9, 13)
(7, 10, 11)
(7, 11, 9)
(7, 12, 9)
(7, 13, 9)
(7, 14, 6)
(7, 15, 5)
(7, 16, 3)
(7, 17, 3)
(7, 18, 3)
(7, 19, 3)
(7, 20, 3)
(7, 21, 3)
(7, 22, 3)
(7, 23, 3)
(7, 24, 2)
(7, 25, 2)
(7, 26, 2)
(7, 27, 2)
(7, 28, 2)
(7, 29, 2)
(7, 30, 2)
(7, 31, 2)
(7, 32, 2)
(7, 33, 2)
(7, 34, 2)
(7, 35, 2)
(7, 36, 2)
(7, 37, 2)
(7, 38, 2)
(7, 39, 2)

(8, 0, 48)
(8, 1, 42)
(8, 2, 40)
(8, 3, 32)
(8, 4, 26)
(8, 5, 25)
(8, 6, 23)
(8, 7, 18)
(8, 8, 15)
(8, 9, 15)
(8, 10, 13)
(8, 11, 10)
(8, 12, 10)
(8, 13, 10)
(8, 14, 7)
(8, 15, 6)
(8, 16, 4)
(8, 17, 4)
(8, 18, 4)
(8, 19, 4)
(8, 20, 4)
(8, 21, 4)
(8, 22, 3)
(8, 23, 3)
(8, 24, 2)
(8, 25, 2)
(8, 26, 2)
(8, 27, 2)
(8, 28, 2)
(8, 29, 2)
(8, 30, 2)
(8, 31, 2)
(8, 32, 2)
(8, 33, 2)
(8, 34, 2)
(8, 35, 2)
(8, 36, 2)
(8, 37, 2)
(8, 38, 2)
(8, 39, 2)

(9, 0, 58)
(9, 1, 52)
(9, 2, 47)
(9, 3, 37)
(9, 4, 31)
(9, 5, 30)
(9, 6, 27)
(9, 7, 22)
(9, 8, 18)
(9, 9, 18)
(9, 10, 17)
(9, 11, 10)
(9, 12, 10)
(9, 13, 10)
(9, 14, 7)
(9, 15, 6)
(9, 16, 4)
(9, 17, 4)
(9, 18, 4)
(9, 19, 4)
(9, 20, 4)
(9, 21, 4)
(9, 22, 3)
(9, 23, 3)
(9, 24, 2)
(9, 25, 2)
(9, 26, 2)
(9, 27, 2)
(9, 28, 2)
(9, 29, 2)
(9, 30, 2)
(9, 31, 2)
(9, 32, 2)
(9, 33, 1)
(9, 34, 1)
(9, 35, 1)
(9, 36, 1)
(9, 37, 1)
(9, 38, 1)
(9, 39, 1)

(10, 0, 65)
(10, 1, 58)
(10, 2, 51)
(10, 3, 40)
(10, 4, 34)
(10, 5, 31)
(10, 6, 28)
(10, 7, 23)
(10, 8, 19)
(10, 9, 19)
(10, 10, 18)
(10, 11, 11)
(10, 12, 11)
(10, 13, 11)
(10, 14, 7)
(10, 15, 6)
(10, 16, 4)
(10, 17, 4)
(10, 18, 4)
(10, 19, 4)
(10, 20, 4)
(10, 21, 4)
(10, 22, 3)
(10, 23, 3)
(10, 24, 2)
(10, 25, 2)
(10, 26, 2)
(10, 27, 2)
(10, 28, 2)
(10, 29, 2)
(10, 30, 2)
(10, 31, 2)
(10, 32, 2)
(10, 33, 1)
(10, 34, 1)
(10, 35, 1)
(10, 36, 1)
(10, 37, 1)
(10, 38, 1)
(10, 39, 1)

(11, 0, 73)
(11, 1, 65)
(11, 2, 57)
(11, 3, 44)
(11, 4, 38)
(11, 5, 35)
(11, 6, 31)
(11, 7, 26)
(11, 8, 22)
(11, 9, 22)
(11, 10, 21)
(11, 11, 13)
(11, 12, 13)
(11, 13, 12)
(11, 14, 8)
(11, 15, 7)
(11, 16, 5)
(11, 17, 5)
(11, 18, 5)
(11, 19, 5)
(11, 20, 5)
(11, 21, 5)
(11, 22, 4)
(11, 23, 4)
(11, 24, 3)
(11, 25, 3)
(11, 26, 3)
(11, 27, 3)
(11, 28, 3)
(11, 29, 3)
(11, 30, 2)
(11, 31, 2)
(11, 32, 2)
(11, 33, 2)
(11, 34, 2)
(11, 35, 2)
(11, 36, 2)
(11, 37, 2)
(11, 38, 2)
(11, 39, 2)

(12, 0, 87)
(12, 1, 78)
(12, 2, 69)
(12, 3, 53)
(12, 4, 46)
(12, 5, 43)
(12, 6, 37)
(12, 7, 30)
(12, 8, 26)
(12, 9, 26)
(12, 10, 22)
(12, 11, 13)
(12, 12, 13)
(12, 13, 12)
(12, 14, 9)
(12, 15, 7)
(12, 16, 5)
(12, 17, 5)
(12, 18, 4)
(12, 19, 4)
(12, 20, 4)
(12, 21, 4)
(12, 22, 4)
(12, 23, 4)
(12, 24, 3)
(12, 25, 3)
(12, 26, 3)
(12, 27, 2)
(12, 28, 2)
(12, 29, 2)
(12, 30, 2)
(12, 31, 2)
(12, 32, 2)
(12, 33, 2)
(12, 34, 2)
(12, 35, 2)
(12, 36, 2)
(12, 37, 2)
(12, 38, 2)
(12, 39, 2)

(13, 0, 110)
(13, 1, 97)
(13, 2, 85)
(13, 3, 64)
(13, 4, 52)
(13, 5, 48)
(13, 6, 37)
(13, 7, 31)
(13, 8, 27)
(13, 9, 24)
(13, 10, 21)
(13, 11, 12)
(13, 12, 12)
(13, 13, 11)
(13, 14, 8)
(13, 15, 5)
(13, 16, 3)
(13, 17, 3)
(13, 18, 3)
(13, 19, 3)
(13, 20, 3)
(13, 21, 3)
(13, 22, 3)
(13, 23, 3)
(13, 24, 2)
(13, 25, 2)
(13, 26, 2)
(13, 27, 2)
(13, 28, 2)
(13, 29, 2)
(13, 30, 2)
(13, 31, 2)
(13, 32, 2)
(13, 33, 2)
(13, 34, 2)
(13, 35, 2)
(13, 36, 2)
(13, 37, 2)
(13, 38, 2)
(13, 39, 2)

(14, 0, 121)
(14, 1, 108)
(14, 2, 94)
(14, 3, 71)
(14, 4, 57)
(14, 5, 52)
(14, 6, 41)
(14, 7, 34)
(14, 8, 28)
(14, 9, 24)
(14, 10, 21)
(14, 11, 12)
(14, 12, 11)
(14, 13, 10)
(14, 14, 7)
(14, 15, 5)
(14, 16, 3)
(14, 17, 3)
(14, 18, 3)
(14, 19, 3)
(14, 20, 3)
(14, 21, 3)
(14, 22, 3)
(14, 23, 3)
(14, 24, 2)
(14, 25, 2)
(14, 26, 2)
(14, 27, 2)
(14, 28, 2)
(14, 29, 2)
(14, 30, 2)
(14, 31, 2)
(14, 32, 2)
(14, 33, 2)
(14, 34, 2)
(14, 35, 2)
(14, 36, 2)
(14, 37, 2)
(14, 38, 2)
(14, 39, 2)

(15, 0, 131)
(15, 1, 118)
(15, 2, 103)
(15, 3, 79)
(15, 4, 64)
(15, 5, 59)
(15, 6, 48)
(15, 7, 40)
(15, 8, 31)
(15, 9, 27)
(15, 10, 24)
(15, 11, 15)
(15, 12, 14)
(15, 13, 13)
(15, 14, 10)
(15, 15, 8)
(15, 16, 6)
(15, 17, 6)
(15, 18, 6)
(15, 19, 6)
(15, 20, 6)
(15, 21, 6)
(15, 22, 6)
(15, 23, 6)
(15, 24, 5)
(15, 25, 5)
(15, 26, 5)
(15, 27, 5)
(15, 28, 5)
(15, 29, 5)
(15, 30, 5)
(15, 31, 5)
(15, 32, 5)
(15, 33, 5)
(15, 34, 5)
(15, 35, 5)
(15, 36, 4)
(15, 37, 4)
(15, 38, 4)
(15, 39, 4)

(16, 0, 137)
(16, 1, 124)
(16, 2, 109)
(16, 3, 84)
(16, 4, 69)
(16, 5, 63)
(16, 6, 52)
(16, 7, 43)
(16, 8, 34)
(16, 9, 29)
(16, 10, 26)
(16, 11, 17)
(16, 12, 16)
(16, 13, 14)
(16, 14, 11)
(16, 15, 9)
(16, 16, 6)
(16, 17, 6)
(16, 18, 6)
(16, 19, 6)
(16, 20, 6)
(16, 21, 6)
(16, 22, 6)
(16, 23, 6)
(16, 24, 5)
(16, 25, 5)
(16, 26, 5)
(16, 27, 5)
(16, 28, 5)
(16, 29, 5)
(16, 30, 5)
(16, 31, 5)
(16, 32, 5)
(16, 33, 5)
(16, 34, 5)
(16, 35, 4)
(16, 36, 3)
(16, 37, 3)
(16, 38, 3)
(16, 39, 3)

(17, 0, 141)
(17, 1, 126)
(17, 2, 111)
(17, 3, 86)
(17, 4, 71)
(17, 5, 65)
(17, 6, 54)
(17, 7, 45)
(17, 8, 36)
(17, 9, 30)
(17, 10, 27)
(17, 11, 18)
(17, 12, 17)
(17, 13, 15)
(17, 14, 12)
(17, 15, 10)
(17, 16, 7)
(17, 17, 7)
(17, 18, 7)
(17, 19, 7)
(17, 20, 6)
(17, 21, 5)
(17, 22, 5)
(17, 23, 5)
(17, 24, 4)
(17, 25, 4)
(17, 26, 4)
(17, 27, 4)
(17, 28, 4)
(17, 29, 4)
(17, 30, 4)
(17, 31, 4)
(17, 32, 4)
(17, 33, 4)
(17, 34, 4)
(17, 35, 4)
(17, 36, 3)
(17, 37, 3)
(17, 38, 3)
(17, 39, 3)

(18, 0, 151)
(18, 1, 136)
(18, 2, 120)
(18, 3, 93)
(18, 4, 78)
(18, 5, 72)
(18, 6, 61)
(18, 7, 51)
(18, 8, 41)
(18, 9, 35)
(18, 10, 32)
(18, 11, 21)
(18, 12, 19)
(18, 13, 16)
(18, 14, 13)
(18, 15, 9)
(18, 16, 6)
(18, 17, 6)
(18, 18, 6)
(18, 19, 6)
(18, 20, 5)
(18, 21, 5)
(18, 22, 5)
(18, 23, 5)
(18, 24, 4)
(18, 25, 4)
(18, 26, 4)
(18, 27, 4)
(18, 28, 4)
(18, 29, 4)
(18, 30, 4)
(18, 31, 4)
(18, 32, 4)
(18, 33, 4)
(18, 34, 4)
(18, 35, 4)
(18, 36, 3)
(18, 37, 3)
(18, 38, 3)
(18, 39, 3)

(19, 0, 156)
(19, 1, 141)
(19, 2, 125)
(19, 3, 97)
(19, 4, 82)
(19, 5, 76)
(19, 6, 64)
(19, 7, 53)
(19, 8, 43)
(19, 9, 36)
(19, 10, 32)
(19, 11, 21)
(19, 12, 19)
(19, 13, 16)
(19, 14, 13)
(19, 15, 9)
(19, 16, 6)
(19, 17, 6)
(19, 18, 6)
(19, 19, 6)
(19, 20, 5)
(19, 21, 5)
(19, 22, 5)
(19, 23, 5)
(19, 24, 4)
(19, 25, 4)
(19, 26, 4)
(19, 27, 4)
(19, 28, 4)
(19, 29, 4)
(19, 30, 4)
(19, 31, 4)
(19, 32, 4)
(19, 33, 4)
(19, 34, 4)
(19, 35, 4)
(19, 36, 3)
(19, 37, 3)
(19, 38, 3)
(19, 39, 3)

(20, 0, 163)
(20, 1, 148)
(20, 2, 131)
(20, 3, 103)
(20, 4, 88)
(20, 5, 82)
(20, 6, 66)
(20, 7, 54)
(20, 8, 44)
(20, 9, 37)
(20, 10, 32)
(20, 11, 21)
(20, 12, 19)
(20, 13, 17)
(20, 14, 14)
(20, 15, 10)
(20, 16, 7)
(20, 17, 6)
(20, 18, 6)
(20, 19, 6)
(20, 20, 5)
(20, 21, 5)
(20, 22, 5)
(20, 23, 5)
(20, 24, 4)
(20, 25, 4)
(20, 26, 4)
(20, 27, 4)
(20, 28, 4)
(20, 29, 4)
(20, 30, 4)
(20, 31, 4)
(20, 32, 4)
(20, 33, 4)
(20, 34, 4)
(20, 35, 4)
(20, 36, 3)
(20, 37, 3)
(20, 38, 3)
(20, 39, 3)

(21, 0, 170)
(21, 1, 155)
(21, 2, 136)
(21, 3, 108)
(21, 4, 93)
(21, 5, 84)
(21, 6, 67)
(21, 7, 55)
(21, 8, 45)
(21, 9, 38)
(21, 10, 33)
(21, 11, 22)
(21, 12, 20)
(21, 13, 18)
(21, 14, 15)
(21, 15, 11)
(21, 16, 8)
(21, 17, 6)
(21, 18, 6)
(21, 19, 6)
(21, 20, 5)
(21, 21, 5)
(21, 22, 5)
(21, 23, 5)
(21, 24, 4)
(21, 25, 4)
(21, 26, 4)
(21, 27, 4)
(21, 28, 4)
(21, 29, 4)
(21, 30, 4)
(21, 31, 4)
(21, 32, 4)
(21, 33, 4)
(21, 34, 4)
(21, 35, 4)
(21, 36, 3)
(21, 37, 3)
(21, 38, 3)
(21, 39, 3)

(22, 0, 183)
(22, 1, 167)
(22, 2, 146)
(22, 3, 115)
(22, 4, 98)
(22, 5, 87)
(22, 6, 69)
(22, 7, 58)
(22, 8, 48)
(22, 9, 41)
(22, 10, 36)
(22, 11, 24)
(22, 12, 22)
(22, 13, 20)
(22, 14, 17)
(22, 15, 13)
(22, 16, 8)
(22, 17, 7)
(22, 18, 7)
(22, 19, 7)
(22, 20, 6)
(22, 21, 6)
(22, 22, 6)
(22, 23, 6)
(22, 24, 5)
(22, 25, 5)
(22, 26, 5)
(22, 27, 5)
(22, 28, 5)
(22, 29, 5)
(22, 30, 5)
(22, 31, 5)
(22, 32, 5)
(22, 33, 5)
(22, 34, 5)
(22, 35, 5)
(22, 36, 4)
(22, 37, 3)
(22, 38, 3)
(22, 39, 3)

(23, 0, 199)
(23, 1, 182)
(23, 2, 160)
(23, 3, 125)
(23, 4, 102)
(23, 5, 90)
(23, 6, 72)
(23, 7, 62)
(23, 8, 52)
(23, 9, 45)
(23, 10, 39)
(23, 11, 26)
(23, 12, 24)
(23, 13, 21)
(23, 14, 18)
(23, 15, 14)
(23, 16, 10)
(23, 17, 9)
(23, 18, 9)
(23, 19, 8)
(23, 20, 7)
(23, 21, 7)
(23, 22, 7)
(23, 23, 7)
(23, 24, 6)
(23, 25, 6)
(23, 26, 6)
(23, 27, 6)
(23, 28, 6)
(23, 29, 6)
(23, 30, 6)
(23, 31, 6)
(23, 32, 6)
(23, 33, 5)
(23, 34, 5)
(23, 35, 5)
(23, 36, 4)
(23, 37, 3)
(23, 38, 3)
(23, 39, 3)

(24, 0, 221)
(24, 1, 200)
(24, 2, 170)
(24, 3, 132)
(24, 4, 108)
(24, 5, 92)
(24, 6, 73)
(24, 7, 63)
(24, 8, 52)
(24, 9, 45)
(24, 10, 39)
(24, 11, 27)
(24, 12, 25)
(24, 13, 22)
(24, 14, 19)
(24, 15, 15)
(24, 16, 10)
(24, 17, 9)
(24, 18, 9)
(24, 19, 8)
(24, 20, 7)
(24, 21, 7)
(24, 22, 7)
(24, 23, 7)
(24, 24, 6)
(24, 25, 6)
(24, 26, 6)
(24, 27, 6)
(24, 28, 6)
(24, 29, 6)
(24, 30, 6)
(24, 31, 6)
(24, 32, 5)
(24, 33, 5)
(24, 34, 5)
(24, 35, 5)
(24, 36, 4)
(24, 37, 3)
(24, 38, 3)
(24, 39, 3)

(25, 0, 229)
(25, 1, 208)
(25, 2, 178)
(25, 3, 139)
(25, 4, 115)
(25, 5, 98)
(25, 6, 74)
(25, 7, 64)
(25, 8, 53)
(25, 9, 46)
(25, 10, 40)
(25, 11, 28)
(25, 12, 26)
(25, 13, 23)
(25, 14, 20)
(25, 15, 16)
(25, 16, 11)
(25, 17, 9)
(25, 18, 9)
(25, 19, 8)
(25, 20, 7)
(25, 21, 7)
(25, 22, 7)
(25, 23, 7)
(25, 24, 6)
(25, 25, 6)
(25, 26, 6)
(25, 27, 6)
(25, 28, 6)
(25, 29, 6)
(25, 30, 6)
(25, 31, 6)
(25, 32, 5)
(25, 33, 5)
(25, 34, 5)
(25, 35, 5)
(25, 36, 4)
(25, 37, 3)
(25, 38, 3)
(25, 39, 3)

(26, 0, 245)
(26, 1, 222)
(26, 2, 188)
(26, 3, 146)
(26, 4, 121)
(26, 5, 103)
(26, 6, 79)
(26, 7, 68)
(26, 8, 57)
(26, 9, 49)
(26, 10, 43)
(26, 11, 29)
(26, 12, 27)
(26, 13, 24)
(26, 14, 21)
(26, 15, 17)
(26, 16, 11)
(26, 17, 10)
(26, 18, 10)
(26, 19, 8)
(26, 20, 7)
(26, 21, 7)
(26, 22, 7)
(26, 23, 7)
(26, 24, 6)
(26, 25, 6)
(26, 26, 6)
(26, 27, 6)
(26, 28, 6)
(26, 29, 6)
(26, 30, 6)
(26, 31, 6)
(26, 32, 5)
(26, 33, 5)
(26, 34, 5)
(26, 35, 5)
(26, 36, 4)
(26, 37, 3)
(26, 38, 3)
(26, 39, 3)

(27, 0, 259)
(27, 1, 235)
(27, 2, 200)
(27, 3, 155)
(27, 4, 129)
(27, 5, 110)
(27, 6, 85)
(27, 7, 72)
(27, 8, 60)
(27, 9, 52)
(27, 10, 45)
(27, 11, 30)
(27, 12, 28)
(27, 13, 25)
(27, 14, 22)
(27, 15, 18)
(27, 16, 12)
(27, 17, 11)
(27, 18, 11)
(27, 19, 9)
(27, 20, 8)
(27, 21, 8)
(27, 22, 8)
(27, 23, 8)
(27, 24, 7)
(27, 25, 7)
(27, 26, 7)
(27, 27, 7)
(27, 28, 7)
(27, 29, 7)
(27, 30, 7)
(27, 31, 7)
(27, 32, 6)
(27, 33, 6)
(27, 34, 6)
(27, 35, 6)
(27, 36, 5)
(27, 37, 4)
(27, 38, 4)
(27, 39, 4)

(28, 0, 270)
(28, 1, 245)
(28, 2, 208)
(28, 3, 163)
(28, 4, 136)
(28, 5, 117)
(28, 6, 89)
(28, 7, 76)
(28, 8, 62)
(28, 9, 54)
(28, 10, 46)
(28, 11, 31)
(28, 12, 29)
(28, 13, 26)
(28, 14, 23)
(28, 15, 19)
(28, 16, 13)
(28, 17, 12)
(28, 18, 12)
(28, 19, 9)
(28, 20, 8)
(28, 21, 8)
(28, 22, 8)
(28, 23, 8)
(28, 24, 7)
(28, 25, 7)
(28, 26, 7)
(28, 27, 7)
(28, 28, 7)
(28, 29, 7)
(28, 30, 7)
(28, 31, 7)
(28, 32, 6)
(28, 33, 5)
(28, 34, 5)
(28, 35, 5)
(28, 36, 4)
(28, 37, 3)
(28, 38, 3)
(28, 39, 3)

(29, 0, 283)
(29, 1, 257)
(29, 2, 219)
(29, 3, 172)
(29, 4, 144)
(29, 5, 125)
(29, 6, 97)
(29, 7, 84)
(29, 8, 70)
(29, 9, 59)
(29, 10, 51)
(29, 11, 35)
(29, 12, 31)
(29, 13, 28)
(29, 14, 25)
(29, 15, 21)
(29, 16, 15)
(29, 17, 13)
(29, 18, 13)
(29, 19, 10)
(29, 20, 9)
(29, 21, 9)
(29, 22, 8)
(29, 23, 7)
(29, 24, 6)
(29, 25, 6)
(29, 26, 6)
(29, 27, 6)
(29, 28, 6)
(29, 29, 6)
(29, 30, 6)
(29, 31, 6)
(29, 32, 5)
(29, 33, 5)
(29, 34, 5)
(29, 35, 5)
(29, 36, 4)
(29, 37, 3)
(29, 38, 3)
(29, 39, 3)

(30, 0, 300)
(30, 1, 272)
(30, 2, 229)
(30, 3, 179)
(30, 4, 149)
(30, 5, 130)
(30, 6, 101)
(30, 7, 87)
(30, 8, 70)
(30, 9, 58)
(30, 10, 50)
(30, 11, 34)
(30, 12, 29)
(30, 13, 26)
(30, 14, 23)
(30, 15, 19)
(30, 16, 13)
(30, 17, 11)
(30, 18, 11)
(30, 19, 9)
(30, 20, 8)
(30, 21, 7)
(30, 22, 7)
(30, 23, 7)
(30, 24, 6)
(30, 25, 6)
(30, 26, 6)
(30, 27, 6)
(30, 28, 6)
(30, 29, 6)
(30, 30, 6)
(30, 31, 6)
(30, 32, 5)
(30, 33, 5)
(30, 34, 5)
(30, 35, 5)
(30, 36, 4)
(30, 37, 3)
(30, 38, 3)
(30, 39, 3)

(31, 0, 319)
(31, 1, 289)
(31, 2, 243)
(31, 3, 190)
(31, 4, 158)
(31, 5, 137)
(31, 6, 106)
(31, 7, 90)
(31, 8, 71)
(31, 9, 59)
(31, 10, 50)
(31, 11, 34)
(31, 12, 30)
(31, 13, 27)
(31, 14, 24)
(31, 15, 20)
(31, 16, 14)
(31, 17, 12)
(31, 18, 12)
(31, 19, 9)
(31, 20, 8)
(31, 21, 7)
(31, 22, 7)
(31, 23, 7)
(31, 24, 6)
(31, 25, 6)
(31, 26, 6)
(31, 27, 6)
(31, 28, 6)
(31, 29, 6)
(31, 30, 6)
(31, 31, 6)
(31, 32, 5)
(31, 33, 5)
(31, 34, 5)
(31, 35, 5)
(31, 36, 4)
(31, 37, 3)
(31, 38, 3)
(31, 39, 3)

(32, 0, 366)
(32, 1, 331)
(32, 2, 278)
(32, 3, 214)
(32, 4, 177)
(32, 5, 153)
(32, 6, 117)
(32, 7, 95)
(32, 8, 76)
(32, 9, 62)
(32, 10, 54)
(32, 11, 37)
(32, 12, 33)
(32, 13, 29)
(32, 14, 26)
(32, 15, 22)
(32, 16, 15)
(32, 17, 13)
(32, 18, 13)
(32, 19, 11)
(32, 20, 10)
(32, 21, 9)
(32, 22, 9)
(32, 23, 9)
(32, 24, 8)
(32, 25, 8)
(32, 26, 8)
(32, 27, 8)
(32, 28, 8)
(32, 29, 8)
(32, 30, 8)
(32, 31, 8)
(32, 32, 7)
(32, 33, 7)
(32, 34, 7)
(32, 35, 7)
(32, 36, 6)
(32, 37, 5)
(32, 38, 5)
(32, 39, 5)

(33, 0, 419)
(33, 1, 377)
(33, 2, 312)
(33, 3, 238)
(33, 4, 194)
(33, 5, 162)
(33, 6, 123)
(33, 7, 99)
(33, 8, 79)
(33, 9, 64)
(33, 10, 55)
(33, 11, 39)
(33, 12, 33)
(33, 13, 30)
(33, 14, 27)
(33, 15, 23)
(33, 16, 16)
(33, 17, 14)
(33, 18, 14)
(33, 19, 12)
(33, 20, 11)
(33, 21, 10)
(33, 22, 10)
(33, 23, 10)
(33, 24, 9)
(33, 25, 9)
(33, 26, 9)
(33, 27, 9)
(33, 28, 9)
(33, 29, 9)
(33, 30, 8)
(33, 31, 8)
(33, 32, 7)
(33, 33, 7)
(33, 34, 7)
(33, 35, 6)
(33, 36, 5)
(33, 37, 4)
(33, 38, 4)
(33, 39, 4)

(34, 0, 492)
(34, 1, 447)
(34, 2, 361)
(34, 3, 277)
(34, 4, 222)
(34, 5, 176)
(34, 6, 132)
(34, 7, 103)
(34, 8, 80)
(34, 9, 65)
(34, 10, 55)
(34, 11, 39)
(34, 12, 35)
(34, 13, 32)
(34, 14, 29)
(34, 15, 25)
(34, 16, 18)
(34, 17, 15)
(34, 18, 14)
(34, 19, 12)
(34, 20, 11)
(34, 21, 10)
(34, 22, 10)
(34, 23, 9)
(34, 24, 7)
(34, 25, 7)
(34, 26, 7)
(34, 27, 7)
(34, 28, 7)
(34, 29, 6)
(34, 30, 6)
(34, 31, 6)
(34, 32, 5)
(34, 33, 5)
(34, 34, 5)
(34, 35, 5)
(34, 36, 4)
(34, 37, 3)
(34, 38, 3)
(34, 39, 3)

(35, 0, 560)
(35, 1, 508)
(35, 2, 416)
(35, 3, 317)
(35, 4, 250)
(35, 5, 193)
(35, 6, 140)
(35, 7, 107)
(35, 8, 81)
(35, 9, 63)
(35, 10, 53)
(35, 11, 37)
(35, 12, 33)
(35, 13, 30)
(35, 14, 27)
(35, 15, 23)
(35, 16, 16)
(35, 17, 14)
(35, 18, 13)
(35, 19, 11)
(35, 20, 10)
(35, 21, 9)
(35, 22, 9)
(35, 23, 9)
(35, 24, 7)
(35, 25, 7)
(35, 26, 7)
(35, 27, 7)
(35, 28, 7)
(35, 29, 6)
(35, 30, 6)
(35, 31, 6)
(35, 32, 5)
(35, 33, 5)
(35, 34, 5)
(35, 35, 5)
(35, 36, 4)
(35, 37, 3)
(35, 38, 3)
(35, 39, 3)

(36, 0, 605)
(36, 1, 550)
(36, 2, 457)
(36, 3, 346)
(36, 4, 269)
(36, 5, 206)
(36, 6, 150)
(36, 7, 112)
(36, 8, 83)
(36, 9, 68)
(36, 10, 55)
(36, 11, 39)
(36, 12, 35)
(36, 13, 32)
(36, 14, 29)
(36, 15, 25)
(36, 16, 18)
(36, 17, 16)
(36, 18, 15)
(36, 19, 13)
(36, 20, 12)
(36, 21, 11)
(36, 22, 9)
(36, 23, 9)
(36, 24, 7)
(36, 25, 7)
(36, 26, 7)
(36, 27, 7)
(36, 28, 7)
(36, 29, 6)
(36, 30, 6)
(36, 31, 6)
(36, 32, 5)
(36, 33, 5)
(36, 34, 4)
(36, 35, 4)
(36, 36, 3)
(36, 37, 2)
(36, 38, 2)
(36, 39, 2)

(37, 0, 656)
(37, 1, 599)
(37, 2, 498)
(37, 3, 374)
(37, 4, 294)
(37, 5, 228)
(37, 6, 164)
(37, 7, 122)
(37, 8, 93)
(37, 9, 73)
(37, 10, 61)
(37, 11, 44)
(37, 12, 37)
(37, 13, 31)
(37, 14, 28)
(37, 15, 24)
(37, 16, 16)
(37, 17, 13)
(37, 18, 12)
(37, 19, 10)
(37, 20, 9)
(37, 21, 8)
(37, 22, 8)
(37, 23, 8)
(37, 24, 6)
(37, 25, 6)
(37, 26, 6)
(37, 27, 6)
(37, 28, 6)
(37, 29, 5)
(37, 30, 5)
(37, 31, 5)
(37, 32, 4)
(37, 33, 4)
(37, 34, 4)
(37, 35, 4)
(37, 36, 3)
(37, 37, 2)
(37, 38, 2)
(37, 39, 2)

(38, 0, 717)
(38, 1, 659)
(38, 2, 550)
(38, 3, 416)
(38, 4, 331)
(38, 5, 253)
(38, 6, 181)
(38, 7, 131)
(38, 8, 96)
(38, 9, 73)
(38, 10, 59)
(38, 11, 40)
(38, 12, 34)
(38, 13, 28)
(38, 14, 25)
(38, 15, 21)
(38, 16, 14)
(38, 17, 12)
(38, 18, 11)
(38, 19, 10)
(38, 20, 9)
(38, 21, 8)
(38, 22, 8)
(38, 23, 8)
(38, 24, 6)
(38, 25, 6)
(38, 26, 6)
(38, 27, 6)
(38, 28, 6)
(38, 29, 5)
(38, 30, 5)
(38, 31, 5)
(38, 32, 4)
(38, 33, 4)
(38, 34, 4)
(38, 35, 4)
(38, 36, 3)
(38, 37, 2)
(38, 38, 2)
(38, 39, 2)

(39, 0, 815)
(39, 1, 754)
(39, 2, 628)
(39, 3, 463)
(39, 4, 360)
(39, 5, 268)
(39, 6, 181)
(39, 7, 131)
(39, 8, 91)
(39, 9, 69)
(39, 10, 56)
(39, 11, 38)
(39, 12, 33)
(39, 13, 28)
(39, 14, 25)
(39, 15, 21)
(39, 16, 14)
(39, 17, 12)
(39, 18, 11)
(39, 19, 10)
(39, 20, 9)
(39, 21, 8)
(39, 22, 8)
(39, 23, 8)
(39, 24, 6)
(39, 25, 6)
(39, 26, 6)
(39, 27, 6)
(39, 28, 6)
(39, 29, 5)
(39, 30, 5)
(39, 31, 5)
(39, 32, 4)
(39, 33, 4)
(39, 34, 4)
(39, 35, 4)
(39, 36, 3)
(39, 37, 2)
(39, 38, 2)
(39, 39, 2)


Betti numbers:
xi_0:
(0, 0, 1)
(1, 0, 1)
(2, 0, 3)
(3, 0, 4)
(4, 0, 5)
(5, 0, 11)
(6, 0, 10)
(7, 0, 7)
(8, 0, 6)
(9, 0, 10)
(10, 0, 7)
(11, 0, 8)
(12, 0, 14)
(13, 0, 23)
(14, 0, 11)
(15, 0, 10)
(16, 0, 6)
(17, 0, 4)
(18, 0, 10)
(19, 0, 5)
(20, 0, 7)
(21, 0, 7)
(22, 0, 13)
(23, 0, 16)
(24, 0, 22)
(25, 0, 8)
(26, 0, 16)
(27, 0, 14)
(28, 0, 11)
(29, 0, 13)
(30, 0, 17)
(31, 0, 19)
(32, 0, 47)
(33, 0, 53)
(34, 0, 73)
(35, 0, 68)
(36, 0, 45)
(37, 0, 51)
(38, 0, 61)
(39, 0, 98)
xi_1:
(1, 4, 1)
(2, 14, 2)
(3, 4, 1)
(3, 7, 1)
(3, 24, 1)
(4, 1, 1)
(4, 3, 1)
(4, 8, 1)
(4, 14, 1)
(4, 16, 1)
(4, 28, 1)
(5, 1, 4)
(5, 3, 1)
(5, 4, 1)
(5, 6, 1)
(5, 7, 1)
(5, 8, 1)
(5, 11, 1)
(5, 15, 1)
(5, 37, 1)
(6, 1, 1)
(6, 2, 1)
(6, 3, 2)
(6, 4, 1)
(6, 6, 1)
(6, 8, 1)
(6, 9, 1)
(6, 10, 1)
(6, 14, 1)
(6, 16, 1)
(7, 3, 3)
(7, 5, 1)
(7, 7, 3)
(7, 10, 1)
(7, 11, 1)
(8, 2, 1)
(8, 3, 1)
(8, 4, 2)
(8, 11, 1)
(8, 22, 1)
(9, 2, 3)
(9, 3, 2)
(9, 6, 1)
(9, 8, 1)
(9, 11, 4)
(9, 22, 1)
(9, 33, 1)
(10, 1, 1)
(10, 2, 2)
(10, 3, 1)
(10, 5, 2)
(10, 14, 1)
(11, 1, 1)
(11, 2, 1)
(11, 3, 2)
(11, 6, 1)
(11, 11, 1)
(11, 13, 1)
(11, 14, 1)
(11, 30, 1)
(12, 1, 1)
(12, 2, 1)
(12, 3, 3)
(12, 4, 1)
(12, 6, 2)
(12, 7, 2)
(12, 10, 3)
(12, 11, 1)
(12, 15, 1)
(12, 18, 1)
(12, 27, 1)
(13, 1, 4)
(13, 2, 3)
(13, 3, 5)
(13, 4, 5)
(13, 5, 1)
(13, 6, 5)
(13, 9, 3)
(13, 15, 1)
(14, 2, 2)
(14, 3, 2)
(14, 4, 2)
(14, 5, 1)
(14, 6, 1)
(14, 7, 1)
(14, 8, 2)
(14, 9, 1)
(14, 12, 1)
(15, 2, 1)
(15, 3, 1)
(15, 4, 1)
(15, 7, 1)
(15, 8, 3)
(15, 36, 1)
(16, 3, 1)
(16, 5, 1)
(16, 7, 1)
(16, 9, 1)
(16, 13, 1)
(16, 16, 1)
(16, 35, 1)
(17, 1, 2)
(17, 9, 1)
(17, 20, 1)
(17, 21, 1)
(18, 2, 1)
(18, 3, 2)
(18, 7, 1)
(18, 8, 1)
(18, 11, 2)
(18, 12, 1)
(18, 13, 1)
(18, 15, 2)
(19, 3, 1)
(19, 6, 1)
(19, 7, 1)
(19, 9, 1)
(19, 10, 1)
(19, 12, 1)
(20, 2, 1)
(20, 6, 4)
(20, 7, 1)
(20, 10, 1)
(20, 12, 1)
(20, 17, 1)
(21, 2, 2)
(21, 5, 3)
(21, 6, 1)
(21, 7, 1)
(21, 17, 1)
(22, 1, 1)
(22, 2, 2)
(22, 3, 3)
(22, 4, 2)
(22, 5, 2)
(22, 6, 1)
(22, 11, 1)
(22, 16, 2)
(22, 37, 1)
(23, 1, 1)
(23, 2, 1)
(23, 3, 4)
(23, 4, 6)
(23, 5, 1)
(23, 6, 1)
(23, 10, 1)
(23, 11, 1)
(23, 13, 1)
(23, 19, 1)
(23, 33, 1)
(24, 1, 4)
(24, 2, 8)
(24, 3, 4)
(24, 4, 2)
(24, 5, 4)
(24, 6, 2)
(24, 8, 1)
(24, 11, 1)
(24, 16, 1)
(24, 32, 1)
(25, 3, 1)
(25, 5, 1)
(25, 6, 5)
(25, 17, 1)
(26, 1, 2)
(26, 2, 4)
(26, 3, 3)
(26, 4, 1)
(26, 5, 1)
(26, 7, 1)
(26, 9, 1)
(26, 11, 2)
(26, 16, 1)
(26, 19, 1)
(27, 1, 1)
(27, 2, 1)
(27, 3, 3)
(27, 4, 1)
(27, 5, 1)
(27, 6, 1)
(27, 7, 2)
(27, 8, 1)
(27, 10, 1)
(27, 11, 1)
(28, 1, 1)
(28, 2, 2)
(28, 4, 1)
(28, 6, 3)
(28, 8, 2)
(28, 10, 1)
(28, 11, 1)
(28, 19, 1)
(28, 33, 1)
(29, 1, 1)
(29, 2, 1)
(29, 3, 2)
(29, 4, 1)
(29, 9, 3)
(29, 11, 1)
(29, 12, 2)
(29, 17, 1)
(29, 19, 1)
(29, 22, 1)
(29, 23, 1)
(30, 1, 2)
(30, 2, 5)
(30, 3, 3)
(30, 4, 3)
(30, 6, 1)
(30, 7, 1)
(30, 8, 3)
(30, 9, 1)
(30, 12, 1)
(30, 21, 1)
(31, 1, 2)
(31, 2, 3)
(31, 3, 3)
(31, 4, 2)
(31, 5, 2)
(31, 6, 2)
(31, 7, 3)
(31, 8, 2)
(31, 9, 1)
(31, 10, 1)
(31, 19, 1)
(32, 1, 5)
(32, 2, 7)
(32, 3, 11)
(32, 4, 5)
(32, 5, 5)
(32, 6, 5)
(32, 7, 6)
(32, 8, 1)
(32, 9, 3)
(32, 11, 1)
(32, 13, 1)
(32, 16, 1)
(33, 1, 7)
(33, 2, 12)
(33, 3, 10)
(33, 4, 7)
(33, 5, 8)
(33, 6, 7)
(33, 7, 3)
(33, 8, 2)
(33, 9, 1)
(33, 10, 1)
(33, 12, 2)
(33, 30, 1)
(33, 35, 1)
(34, 1, 3)
(34, 2, 21)
(34, 3, 11)
(34, 4, 11)
(34, 5, 15)
(34, 6, 6)
(34, 7, 5)
(34, 8, 3)
(34, 9, 1)
(34, 10, 2)
(34, 17, 1)
(34, 18, 1)
(34, 23, 1)
(34, 24, 1)
(34, 29, 1)
(35, 1, 7)
(35, 2, 6)
(35, 3, 15)
(35, 4, 12)
(35, 5, 12)
(35, 6, 9)
(35, 7, 5)
(35, 8, 3)
(35, 9, 4)
(36, 1, 3)
(36, 2, 1)
(36, 3, 12)
(36, 4, 10)
(36, 5, 6)
(36, 6, 3)
(36, 7, 5)
(36, 8, 3)
(36, 10, 3)
(36, 22, 2)
(36, 34, 1)
(37, 1, 2)
(37, 2, 8)
(37, 3, 13)
(37, 4, 3)
(37, 5, 4)
(37, 6, 8)
(37, 7, 5)
(37, 8, 1)
(37, 9, 5)
(37, 11, 1)
(37, 12, 3)
(37, 13, 3)
(37, 16, 1)
(37, 17, 1)
(38, 1, 1)
(38, 2, 8)
(38, 3, 10)
(38, 4, 5)
(38, 5, 12)
(38, 6, 8)
(38, 7, 9)
(38, 8, 6)
(38, 9, 4)
(38, 10, 2)
(38, 11, 2)
(39, 1, 3)
(39, 2, 17)
(39, 3, 31)
(39, 4, 18)
(39, 5, 14)
(39, 6, 16)
(39, 7, 3)
(39, 8, 5)
xi_2:
(5, 28, 1)
(6, 37, 1)
(7, 9, 1)
(7, 14, 1)
(9, 10, 1)
(9, 22, 1)
(11, 14, 1)
(11, 33, 1)
(12, 14, 1)
(12, 22, 1)
(12, 30, 1)
(13, 7, 1)
(13, 10, 1)
(13, 18, 1)
(13, 27, 1)
(14, 6, 1)
(14, 15, 1)
(17, 35, 1)
(18, 21, 1)
(19, 12, 1)
(20, 12, 1)
(20, 13, 1)
(21, 7, 1)
(22, 7, 1)
(22, 17, 1)
(23, 6, 1)
(23, 7, 1)
(23, 16, 1)
(24, 3, 1)
(24, 4, 1)
(24, 6, 1)
(24, 11, 2)
(24, 33, 1)
(26, 17, 1)
(28, 11, 1)
(29, 19, 1)
(29, 33, 1)
(30, 4, 1)
(30, 19, 1)
(30, 22, 1)
(30, 23, 1)
(31, 7, 1)
(31, 9, 1)
(31, 12, 1)
(32, 5, 2)
(32, 8, 1)
(32, 9, 1)
(32, 10, 1)
(32, 19, 1)
(33, 6, 4)
(33, 7, 1)
(33, 8, 1)
(33, 11, 1)
(33, 13, 1)
(34, 3, 1)
(34, 5, 1)
(34, 6, 1)
(34, 9, 1)
(34, 10, 1)
(34, 12, 2)
(34, 30, 1)
(34, 35, 1)
(35, 5, 1)
(35, 7, 1)
(35, 9, 1)
(35, 17, 1)
(35, 23, 1)
(36, 9, 3)
(37, 5, 1)
(37, 7, 1)
(37, 8, 1)
(37, 10, 1)
(37, 22, 2)
(37, 34, 1)
(38, 7, 1)
(38, 9, 1)
(38, 12, 1)
(38, 16, 1)
(38, 17, 1)
(38, 19, 1)
(39, 6, 1)
(39, 7, 3)
(39, 9, 1)
(39, 10, 1)
(39, 11, 1)
(39, 12, 1)
(39, 13, 1)
