x-grades
-1961891458525800597/2000000000000000000
-966920700022138897/1000000000000000000
-1905791341562754991/2000000000000000000
-469435320770308047/500000000000000000
-369938244919941877/400000000000000000
-910820583059093291/1000000000000000000
-1793591107636663779/2000000000000000000
-110346315572196311/125000000000000000
-1737490990673618173/2000000000000000000
-170944093219209537/200000000000000000
-1681390873710572567/2000000000000000000
-413335203807262441/500000000000000000
-1625290756747526961/2000000000000000000
-798620349133002079/1000000000000000000
-313838127956896271/400000000000000000
-192642572662869819/250000000000000000
-1513090522821435749/2000000000000000000
-742520232169956473/1000000000000000000
-1456990405858390143/2000000000000000000
-71447017368843367/100000000000000000
-1400890288895344537/2000000000000000000
-686420115206910867/1000000000000000000
-1344790171932298931/2000000000000000000
-20574064272668377/31250000000000000
-51547602198770133/80000000000000000
-630319998243865261/1000000000000000000
-1232589938006207719/2000000000000000000
-301134969881171229/500000000000000000
-1176489821043162113/2000000000000000000
-114843976256163931/200000000000000000
-1120389704080116507/2000000000000000000
-136542455699824213/250000000000000000
-1064289587117070901/2000000000000000000
-518119764317774049/1000000000000000000
-201637894030805059/400000000000000000
-245034852918125623/500000000000000000
-952089353190979689/2000000000000000000
-462019647354728443/1000000000000000000
-895989236227934083/2000000000000000000
-10849239721830141/25000000000000000

y-grades
1/4
1/2
3/4
1
5/4
3/2
7/4
2
9/4
5/2
11/4
3
13/4
7/2
15/4
4
17/4
9/2
19/4
5
21/4
11/2
23/4
6
25/4
13/2
27/4
7
29/4
15/2
31/4
8
33/4
17/2
35/4
9
37/4
19/2
39/4
10

Dimensions > 0:
(0, 0, 2)
(0, 1, 2)
(0, 2, 2)
(0, 3, 2)
(0, 4, 2)
(0, 5, 1)
(0, 6, 1)
(0, 7, 1)
(0, 8, 1)
(0, 9, 1)
(0, 10, 1)
(0, 11, 1)
(0, 12, 1)
(0, 13, 1)
(0, 14, 1)
(0, 15, 1)
(0, 16, 1)
(0, 17, 1)
(0, 18, 1)
(0, 19, 1)
(0, 20, 1)
(0, 21, 1)
(0, 22, 1)
(0, 23, 1)
(0, 24, 1)
(0, 25, 1)
(0, 26, 1)
(0, 27, 1)
(0, 28, 1)
(0, 29, 1)
(0, 30, 1)
(0, 31, 1)
(0, 32, 1)
(0, 33, 1)
(0, 34, 1)
(0, 35, 1)
(0, 36, 1)
(0, 37, 1)
(0, 38, 1)
(0, 39, 1)

(1, 0, 2)
(1, 1, 2)
(1, 2, 2)
(1, 3, 2)
(1, 4, 2)
(1, 5, 1)
(1, 6, 1)
(1, 7, 1)
(1, 8, 1)
(1, 9, 1)
(1, 10, 1)
(1, 11, 1)
(1, 12, 1)
(1, 13, 1)
(1, 14, 1)
(1, 15, 1)
(1, 16, 1)
(1, 17, 1)
(1, 18, 1)
(1, 19, 1)
(1, 20, 1)
(1, 21, 1)
(1, 22, 1)
(1, 23, 1)
(1, 24, 1)
(1, 25, 1)
(1, 26, 1)
(1, 27, 1)
(1, 28, 1)
(1, 29, 1)
(1, 30, 1)
(1, 31, 1)
(1, 32, 1)
(1, 33, 1)
(1, 34, 1)
(1, 35, 1)
(1, 36, 1)
(1, 37, 1)
(1, 38, 1)
(1, 39, 1)

(2, 0, 4)
(2, 1, 4)
(2, 2, 4)
(2, 3, 4)
(2, 4, 4)
(2, 5, 2)
(2, 6, 2)
(2, 7, 2)
(2, 8, 2)
(2, 9, 2)
(2, 10, 2)
(2, 11, 2)
(2, 12, 2)
(2, 13, 2)
(2, 14, 2)
(2, 15, 2)
(2, 16, 2)
(2, 17, 2)
(2, 18, 2)
(2, 19, 2)
(2, 20, 2)
(2, 21, 2)
(2, 22, 2)
(2, 23, 2)
(2, 24, 2)
(2, 25, 2)
(2, 26, 2)
(2, 27, 2)
(2, 28, 2)
(2, 29, 2)
(2, 30, 2)
(2, 31, 2)
(2, 32, 2)
(2, 33, 2)
(2, 34, 2)
(2, 35, 2)
(2, 36, 2)
(2, 37, 2)
(2, 38, 2)
(2, 39, 2)

(3, 0, 6)
(3, 1, 6)
(3, 2, 6)
(3, 3, 6)
(3, 4, 6)
(3, 5, 3)
(3, 6, 3)
(3, 7, 2)
(3, 8, 2)
(3, 9, 2)
(3, 10, 2)
(3, 11, 2)
(3, 12, 2)
(3, 13, 2)
(3, 14, 2)
(3, 15, 2)
(3, 16, 2)
(3, 17, 2)
(3, 18, 2)
(3, 19, 2)
(3, 20, 2)
(3, 21, 2)
(3, 22, 2)
(3, 23, 2)
(3, 24, 2)
(3, 25, 2)
(3, 26, 2)
(3, 27, 2)
(3, 28, 2)
(3, 29, 2)
(3, 30, 2)
(3, 31, 2)
(3, 32, 2)
(3, 33, 2)
(3, 34, 2)
(3, 35, 2)
(3, 36, 2)
(3, 37, 2)
(3, 38, 2)
(3, 39, 2)

(4, 0, 9)
(4, 1, 9)
(4, 2, 8)
(4, 3, 8)
(4, 4, 8)
(4, 5, 4)
(4, 6, 4)
(4, 7, 3)
(4, 8, 3)
(4, 9, 3)
(4, 10, 2)
(4, 11, 2)
(4, 12, 2)
(4, 13, 2)
(4, 14, 2)
(4, 15, 2)
(4, 16, 2)
(4, 17, 2)
(4, 18, 2)
(4, 19, 2)
(4, 20, 2)
(4, 21, 2)
(4, 22, 2)
(4, 23, 2)
(4, 24, 2)
(4, 25, 2)
(4, 26, 2)
(4, 27, 2)
(4, 28, 2)
(4, 29, 2)
(4, 30, 2)
(4, 31, 2)
(4, 32, 2)
(4, 33, 2)
(4, 34, 2)
(4, 35, 2)
(4, 36, 2)
(4, 37, 2)
(4, 38, 2)
(4, 39, 2)

(5, 0, 14)
(5, 1, 14)
(5, 2, 11)
(5, 3, 7)
(5, 4, 7)
(5, 5, 4)
(5, 6, 4)
(5, 7, 2)
(5, 8, 2)
(5, 9, 2)
(5, 10, 2)
(5, 11, 2)
(5, 12, 2)
(5, 13, 2)
(5, 14, 2)
(5, 15, 2)
(5, 16, 2)
(5, 17, 2)
(5, 18, 2)
(5, 19, 2)
(5, 20, 2)
(5, 21, 2)
(5, 22, 2)
(5, 23, 2)
(5, 24, 2)
(5, 25, 2)
(5, 26, 2)
(5, 27, 2)
(5, 28, 2)
(5, 29, 2)
(5, 30, 2)
(5, 31, 2)
(5, 32, 2)
(5, 33, 2)
(5, 34, 2)
(5, 35, 2)
(5, 36, 2)
(5, 37, 2)
(5, 38, 2)
(5, 39, 2)

(6, 0, 17)
(6, 1, 17)
(6, 2, 12)
(6, 3, 8)
(6, 4, 8)
(6, 5, 5)
(6, 6, 5)
(6, 7, 3)
(6, 8, 3)
(6, 9, 3)
(6, 10, 3)
(6, 11, 3)
(6, 12, 3)
(6, 13, 3)
(6, 14, 3)
(6, 15, 3)
(6, 16, 3)
(6, 17, 3)
(6, 18, 3)
(6, 19, 3)
(6, 20, 3)
(6, 21, 3)
(6, 22, 3)
(6, 23, 3)
(6, 24, 3)
(6, 25, 3)
(6, 26, 3)
(6, 27, 3)
(6, 28, 3)
(6, 29, 1)
(6, 30, 1)
(6, 31, 1)
(6, 32, 1)
(6, 33, 1)
(6, 34, 1)
(6, 35, 1)
(6, 36, 1)
(6, 37, 1)
(6, 38, 1)
(6, 39, 1)

(7, 0, 23)
(7, 1, 21)
(7, 2, 15)
(7, 3, 8)
(7, 4, 8)
(7, 5, 5)
(7, 6, 5)
(7, 7, 3)
(7, 8, 3)
(7, 9, 3)
(7, 10, 3)
(7, 11, 3)
(7, 12, 3)
(7, 13, 3)
(7, 14, 3)
(7, 15, 3)
(7, 16, 3)
(7, 17, 3)
(7, 18, 3)
(7, 19, 3)
(7, 20, 3)
(7, 21, 3)
(7, 22, 3)
(7, 23, 3)
(7, 24, 3)
(7, 25, 1)
(7, 26, 1)
(7, 27, 1)
(7, 28, 1)
(7, 29, 1)
(7, 30, 1)
(7, 31, 1)
(7, 32, 1)
(7, 33, 1)
(7, 34, 1)
(7, 35, 1)
(7, 36, 1)
(7, 37, 1)
(7, 38, 1)
(7, 39, 1)

(8, 0, 28)
(8, 1, 24)
(8, 2, 13)
(8, 3, 8)
(8, 4, 8)
(8, 5, 5)
(8, 6, 5)
(8, 7, 3)
(8, 8, 3)
(8, 9, 3)
(8, 10, 3)
(8, 11, 3)
(8, 12, 3)
(8, 13, 3)
(8, 14, 3)
(8, 15, 3)
(8, 16, 3)
(8, 17, 3)
(8, 18, 3)
(8, 19, 3)
(8, 20, 3)
(8, 21, 3)
(8, 22, 3)
(8, 23, 3)
(8, 24, 1)
(8, 25, 1)
(8, 26, 1)
(8, 27, 1)
(8, 28, 1)
(8, 29, 1)
(8, 30, 1)
(8, 31, 1)
(8, 32, 1)
(8, 33, 1)
(8, 34, 1)
(8, 35, 1)
(8, 36, 1)
(8, 37, 1)
(8, 38, 1)
(8, 39, 1)

(9, 0, 34)
(9, 1, 30)
(9, 2, 18)
(9, 3, 13)
(9, 4, 13)
(9, 5, 8)
(9, 6, 8)
(9, 7, 5)
(9, 8, 5)
(9, 9, 5)
(9, 10, 5)
(9, 11, 5)
(9, 12, 5)
(9, 13, 5)
(9, 14, 5)
(9, 15, 5)
(9, 16, 5)
(9, 17, 5)
(9, 18, 5)
(9, 19, 5)
(9, 20, 5)
(9, 21, 5)
(9, 22, 5)
(9, 23, 5)
(9, 24, 3)
(9, 25, 3)
(9, 26, 3)
(9, 27, 3)
(9, 28, 3)
(9, 29, 3)
(9, 30, 3)
(9, 31, 3)
(9, 32, 3)
(9, 33, 3)
(9, 34, 3)
(9, 35, 3)
(9, 36, 3)
(9, 37, 3)
(9, 38, 3)
(9, 39, 3)

(10, 0, 40)
(10, 1, 34)
(10, 2, 21)
(10, 3, 16)
(10, 4, 16)
(10, 5, 8)
(10, 6, 8)
(10, 7, 5)
(10, 8, 5)
(10, 9, 5)
(10, 10, 5)
(10, 11, 5)
(10, 12, 5)
(10, 13, 5)
(10, 14, 5)
(10, 15, 5)
(10, 16, 5)
(10, 17, 5)
(10, 18, 5)
(10, 19, 5)
(10, 20, 5)
(10, 21, 5)
(10, 22, 5)
(10, 23, 5)
(10, 24, 3)
(10, 25, 3)
(10, 26, 3)
(10, 27, 3)
(10, 28, 3)
(10, 29, 3)
(10, 30, 3)
(10, 31, 3)
(10, 32, 3)
(10, 33, 3)
(10, 34, 3)
(10, 35, 3)
(10, 36, 3)
(10, 37, 3)
(10, 38, 3)
(10, 39, 3)

(11, 0, 45)
(11, 1, 38)
(11, 2, 21)
(11, 3, 15)
(11, 4, 15)
(11, 5, 8)
(11, 6, 8)
(11, 7, 5)
(11, 8, 5)
(11, 9, 5)
(11, 10, 5)
(11, 11, 5)
(11, 12, 5)
(11, 13, 5)
(11, 14, 5)
(11, 15, 5)
(11, 16, 5)
(11, 17, 5)
(11, 18, 5)
(11, 19, 5)
(11, 20, 5)
(11, 21, 5)
(11, 22, 5)
(11, 23, 5)
(11, 24, 3)
(11, 25, 3)
(11, 26, 3)
(11, 27, 3)
(11, 28, 3)
(11, 29, 3)
(11, 30, 3)
(11, 31, 3)
(11, 32, 3)
(11, 33, 3)
(11, 34, 3)
(11, 35, 3)
(11, 36, 3)
(11, 37, 3)
(11, 38, 3)
(11, 39, 3)

(12, 0, 52)
(12, 1, 44)
(12, 2, 25)
(12, 3, 19)
(12, 4, 19)
(12, 5, 12)
(12, 6, 12)
(12, 7, 7)
(12, 8, 7)
(12, 9, 7)
(12, 10, 7)
(12, 11, 7)
(12, 12, 7)
(12, 13, 7)
(12, 14, 7)
(12, 15, 7)
(12, 16, 7)
(12, 17, 7)
(12, 18, 7)
(12, 19, 7)
(12, 20, 7)
(12, 21, 7)
(12, 22, 7)
(12, 23, 7)
(12, 24, 5)
(12, 25, 5)
(12, 26, 5)
(12, 27, 5)
(12, 28, 5)
(12, 29, 5)
(12, 30, 5)
(12, 31, 5)
(12, 32, 5)
(12, 33, 5)
(12, 34, 5)
(12, 35, 5)
(12, 36, 5)
(12, 37, 4)
(12, 38, 4)
(12, 39, 4)

(13, 0, 64)
(13, 1, 54)
(13, 2, 30)
(13, 3, 24)
(13, 4, 24)
(13, 5, 16)
(13, 6, 16)
(13, 7, 7)
(13, 8, 7)
(13, 9, 7)
(13, 10, 7)
(13, 11, 7)
(13, 12, 7)
(13, 13, 7)
(13, 14, 7)
(13, 15, 7)
(13, 16, 7)
(13, 17, 7)
(13, 18, 7)
(13, 19, 7)
(13, 20, 7)
(13, 21, 7)
(13, 22, 7)
(13, 23, 7)
(13, 24, 5)
(13, 25, 5)
(13, 26, 5)
(13, 27, 5)
(13, 28, 5)
(13, 29, 5)
(13, 30, 5)
(13, 31, 5)
(13, 32, 5)
(13, 33, 5)
(13, 34, 5)
(13, 35, 5)
(13, 36, 5)
(13, 37, 4)
(13, 38, 3)
(13, 39, 3)

(14, 0, 71)
(14, 1, 61)
(14, 2, 32)
(14, 3, 26)
(14, 4, 26)
(14, 5, 18)
(14, 6, 18)
(14, 7, 7)
(14, 8, 7)
(14, 9, 7)
(14, 10, 7)
(14, 11, 7)
(14, 12, 7)
(14, 13, 7)
(14, 14, 7)
(14, 15, 7)
(14, 16, 7)
(14, 17, 7)
(14, 18, 7)
(14, 19, 7)
(14, 20, 7)
(14, 21, 7)
(14, 22, 7)
(14, 23, 7)
(14, 24, 5)
(14, 25, 5)
(14, 26, 5)
(14, 27, 5)
(14, 28, 5)
(14, 29, 5)
(14, 30, 5)
(14, 31, 3)
(14, 32, 3)
(14, 33, 3)
(14, 34, 3)
(14, 35, 3)
(14, 36, 3)
(14, 37, 3)
(14, 38, 3)
(14, 39, 3)

(15, 0, 88)
(15, 1, 78)
(15, 2, 42)
(15, 3, 36)
(15, 4, 36)
(15, 5, 22)
(15, 6, 22)
(15, 7, 12)
(15, 8, 11)
(15, 9, 11)
(15, 10, 11)
(15, 11, 11)
(15, 12, 11)
(15, 13, 11)
(15, 14, 11)
(15, 15, 11)
(15, 16, 11)
(15, 17, 11)
(15, 18, 11)
(15, 19, 9)
(15, 20, 8)
(15, 21, 8)
(15, 22, 8)
(15, 23, 8)
(15, 24, 6)
(15, 25, 6)
(15, 26, 6)
(15, 27, 6)
(15, 28, 5)
(15, 29, 4)
(15, 30, 4)
(15, 31, 4)
(15, 32, 4)
(15, 33, 4)
(15, 34, 4)
(15, 35, 4)
(15, 36, 4)
(15, 37, 4)
(15, 38, 4)
(15, 39, 4)

(16, 0, 102)
(16, 1, 88)
(16, 2, 49)
(16, 3, 43)
(16, 4, 41)
(16, 5, 23)
(16, 6, 23)
(16, 7, 13)
(16, 8, 13)
(16, 9, 13)
(16, 10, 11)
(16, 11, 11)
(16, 12, 11)
(16, 13, 9)
(16, 14, 9)
(16, 15, 9)
(16, 16, 9)
(16, 17, 9)
(16, 18, 9)
(16, 19, 9)
(16, 20, 8)
(16, 21, 8)
(16, 22, 8)
(16, 23, 8)
(16, 24, 6)
(16, 25, 4)
(16, 26, 4)
(16, 27, 4)
(16, 28, 4)
(16, 29, 4)
(16, 30, 4)
(16, 31, 4)
(16, 32, 4)
(16, 33, 4)
(16, 34, 4)
(16, 35, 4)
(16, 36, 4)
(16, 37, 4)
(16, 38, 4)
(16, 39, 4)

(17, 0, 117)
(17, 1, 100)
(17, 2, 53)
(17, 3, 47)
(17, 4, 45)
(17, 5, 24)
(17, 6, 24)
(17, 7, 14)
(17, 8, 14)
(17, 9, 12)
(17, 10, 10)
(17, 11, 10)
(17, 12, 10)
(17, 13, 8)
(17, 14, 8)
(17, 15, 8)
(17, 16, 8)
(17, 17, 8)
(17, 18, 8)
(17, 19, 8)
(17, 20, 8)
(17, 21, 8)
(17, 22, 8)
(17, 23, 8)
(17, 24, 4)
(17, 25, 4)
(17, 26, 4)
(17, 27, 4)
(17, 28, 4)
(17, 29, 4)
(17, 30, 4)
(17, 31, 4)
(17, 32, 4)
(17, 33, 4)
(17, 34, 4)
(17, 35, 4)
(17, 36, 4)
(17, 37, 4)
(17, 38, 4)
(17, 39, 4)

(18, 0, 128)
(18, 1, 108)
(18, 2, 56)
(18, 3, 50)
(18, 4, 47)
(18, 5, 25)
(18, 6, 25)
(18, 7, 12)
(18, 8, 12)
(18, 9, 10)
(18, 10, 10)
(18, 11, 10)
(18, 12, 10)
(18, 13, 8)
(18, 14, 8)
(18, 15, 8)
(18, 16, 8)
(18, 17, 8)
(18, 18, 8)
(18, 19, 8)
(18, 20, 8)
(18, 21, 8)
(18, 22, 8)
(18, 23, 8)
(18, 24, 4)
(18, 25, 4)
(18, 26, 4)
(18, 27, 4)
(18, 28, 4)
(18, 29, 4)
(18, 30, 4)
(18, 31, 4)
(18, 32, 4)
(18, 33, 4)
(18, 34, 4)
(18, 35, 4)
(18, 36, 4)
(18, 37, 4)
(18, 38, 4)
(18, 39, 4)

(19, 0, 137)
(19, 1, 117)
(19, 2, 59)
(19, 3, 52)
(19, 4, 49)
(19, 5, 26)
(19, 6, 26)
(19, 7, 12)
(19, 8, 12)
(19, 9, 10)
(19, 10, 10)
(19, 11, 10)
(19, 12, 10)
(19, 13, 8)
(19, 14, 8)
(19, 15, 8)
(19, 16, 8)
(19, 17, 8)
(19, 18, 8)
(19, 19, 8)
(19, 20, 8)
(19, 21, 8)
(19, 22, 8)
(19, 23, 8)
(19, 24, 4)
(19, 25, 4)
(19, 26, 4)
(19, 27, 4)
(19, 28, 4)
(19, 29, 4)
(19, 30, 4)
(19, 31, 4)
(19, 32, 4)
(19, 33, 4)
(19, 34, 4)
(19, 35, 4)
(19, 36, 4)
(19, 37, 4)
(19, 38, 4)
(19, 39, 4)

(20, 0, 152)
(20, 1, 127)
(20, 2, 62)
(20, 3, 54)
(20, 4, 51)
(20, 5, 28)
(20, 6, 28)
(20, 7, 14)
(20, 8, 14)
(20, 9, 12)
(20, 10, 12)
(20, 11, 12)
(20, 12, 10)
(20, 13, 8)
(20, 14, 8)
(20, 15, 8)
(20, 16, 8)
(20, 17, 8)
(20, 18, 8)
(20, 19, 8)
(20, 20, 8)
(20, 21, 8)
(20, 22, 8)
(20, 23, 8)
(20, 24, 4)
(20, 25, 4)
(20, 26, 4)
(20, 27, 4)
(20, 28, 4)
(20, 29, 3)
(20, 30, 3)
(20, 31, 3)
(20, 32, 3)
(20, 33, 3)
(20, 34, 3)
(20, 35, 3)
(20, 36, 3)
(20, 37, 3)
(20, 38, 3)
(20, 39, 3)

(21, 0, 164)
(21, 1, 138)
(21, 2, 66)
(21, 3, 57)
(21, 4, 54)
(21, 5, 31)
(21, 6, 30)
(21, 7, 15)
(21, 8, 15)
(21, 9, 12)
(21, 10, 11)
(21, 11, 11)
(21, 12, 9)
(21, 13, 7)
(21, 14, 7)
(21, 15, 7)
(21, 16, 7)
(21, 17, 7)
(21, 18, 7)
(21, 19, 7)
(21, 20, 7)
(21, 21, 7)
(21, 22, 7)
(21, 23, 7)
(21, 24, 3)
(21, 25, 3)
(21, 26, 3)
(21, 27, 3)
(21, 28, 3)
(21, 29, 3)
(21, 30, 3)
(21, 31, 3)
(21, 32, 3)
(21, 33, 3)
(21, 34, 3)
(21, 35, 3)
(21, 36, 3)
(21, 37, 3)
(21, 38, 3)
(21, 39, 3)

(22, 0, 170)
(22, 1, 139)
(22, 2, 65)
(22, 3, 57)
(22, 4, 54)
(22, 5, 30)
(22, 6, 30)
(22, 7, 15)
(22, 8, 15)
(22, 9, 12)
(22, 10, 11)
(22, 11, 11)
(22, 12, 9)
(22, 13, 7)
(22, 14, 7)
(22, 15, 7)
(22, 16, 7)
(22, 17, 7)
(22, 18, 7)
(22, 19, 7)
(22, 20, 7)
(22, 21, 7)
(22, 22, 7)
(22, 23, 7)
(22, 24, 3)
(22, 25, 3)
(22, 26, 3)
(22, 27, 3)
(22, 28, 3)
(22, 29, 3)
(22, 30, 3)
(22, 31, 3)
(22, 32, 3)
(22, 33, 3)
(22, 34, 3)
(22, 35, 3)
(22, 36, 3)
(22, 37, 3)
(22, 38, 3)
(22, 39, 3)

(23, 0, 182)
(23, 1, 145)
(23, 2, 66)
(23, 3, 58)
(23, 4, 55)
(23, 5, 31)
(23, 6, 31)
(23, 7, 15)
(23, 8, 15)
(23, 9, 12)
(23, 10, 11)
(23, 11, 11)
(23, 12, 9)
(23, 13, 7)
(23, 14, 7)
(23, 15, 7)
(23, 16, 7)
(23, 17, 7)
(23, 18, 7)
(23, 19, 7)
(23, 20, 7)
(23, 21, 7)
(23, 22, 7)
(23, 23, 7)
(23, 24, 3)
(23, 25, 3)
(23, 26, 3)
(23, 27, 3)
(23, 28, 3)
(23, 29, 3)
(23, 30, 3)
(23, 31, 3)
(23, 32, 3)
(23, 33, 3)
(23, 34, 3)
(23, 35, 3)
(23, 36, 3)
(23, 37, 3)
(23, 38, 3)
(23, 39, 3)

(24, 0, 187)
(24, 1, 150)
(24, 2, 67)
(24, 3, 59)
(24, 4, 56)
(24, 5, 31)
(24, 6, 31)
(24, 7, 15)
(24, 8, 15)
(24, 9, 12)
(24, 10, 11)
(24, 11, 11)
(24, 12, 9)
(24, 13, 7)
(24, 14, 7)
(24, 15, 7)
(24, 16, 7)
(24, 17, 7)
(24, 18, 7)
(24, 19, 7)
(24, 20, 7)
(24, 21, 7)
(24, 22, 7)
(24, 23, 7)
(24, 24, 3)
(24, 25, 3)
(24, 26, 3)
(24, 27, 3)
(24, 28, 3)
(24, 29, 3)
(24, 30, 3)
(24, 31, 3)
(24, 32, 3)
(24, 33, 3)
(24, 34, 3)
(24, 35, 3)
(24, 36, 3)
(24, 37, 3)
(24, 38, 3)
(24, 39, 3)

(25, 0, 201)
(25, 1, 157)
(25, 2, 68)
(25, 3, 60)
(25, 4, 57)
(25, 5, 32)
(25, 6, 32)
(25, 7, 15)
(25, 8, 15)
(25, 9, 12)
(25, 10, 11)
(25, 11, 11)
(25, 12, 9)
(25, 13, 7)
(25, 14, 7)
(25, 15, 7)
(25, 16, 7)
(25, 17, 7)
(25, 18, 7)
(25, 19, 7)
(25, 20, 7)
(25, 21, 7)
(25, 22, 7)
(25, 23, 7)
(25, 24, 3)
(25, 25, 3)
(25, 26, 3)
(25, 27, 3)
(25, 28, 3)
(25, 29, 3)
(25, 30, 3)
(25, 31, 3)
(25, 32, 3)
(25, 33, 3)
(25, 34, 3)
(25, 35, 3)
(25, 36, 3)
(25, 37, 3)
(25, 38, 3)
(25, 39, 3)

(26, 0, 204)
(26, 1, 157)
(26, 2, 68)
(26, 3, 60)
(26, 4, 57)
(26, 5, 32)
(26, 6, 32)
(26, 7, 15)
(26, 8, 15)
(26, 9, 12)
(26, 10, 11)
(26, 11, 11)
(26, 12, 9)
(26, 13, 7)
(26, 14, 7)
(26, 15, 7)
(26, 16, 7)
(26, 17, 7)
(26, 18, 7)
(26, 19, 7)
(26, 20, 7)
(26, 21, 7)
(26, 22, 7)
(26, 23, 7)
(26, 24, 3)
(26, 25, 3)
(26, 26, 3)
(26, 27, 3)
(26, 28, 3)
(26, 29, 3)
(26, 30, 3)
(26, 31, 3)
(26, 32, 3)
(26, 33, 3)
(26, 34, 3)
(26, 35, 3)
(26, 36, 3)
(26, 37, 3)
(26, 38, 3)
(26, 39, 3)

(27, 0, 213)
(27, 1, 162)
(27, 2, 69)
(27, 3, 61)
(27, 4, 58)
(27, 5, 33)
(27, 6, 33)
(27, 7, 15)
(27, 8, 15)
(27, 9, 12)
(27, 10, 11)
(27, 11, 11)
(27, 12, 9)
(27, 13, 7)
(27, 14, 7)
(27, 15, 7)
(27, 16, 7)
(27, 17, 7)
(27, 18, 7)
(27, 19, 7)
(27, 20, 7)
(27, 21, 7)
(27, 22, 7)
(27, 23, 7)
(27, 24, 3)
(27, 25, 3)
(27, 26, 3)
(27, 27, 3)
(27, 28, 3)
(27, 29, 3)
(27, 30, 3)
(27, 31, 3)
(27, 32, 3)
(27, 33, 3)
(27, 34, 3)
(27, 35, 3)
(27, 36, 3)
(27, 37, 3)
(27, 38, 3)
(27, 39, 3)

(28, 0, 219)
(28, 1, 168)
(28, 2, 70)
(28, 3, 62)
(28, 4, 59)
(28, 5, 34)
(28, 6, 34)
(28, 7, 15)
(28, 8, 15)
(28, 9, 12)
(28, 10, 11)
(28, 11, 11)
(28, 12, 9)
(28, 13, 7)
(28, 14, 7)
(28, 15, 7)
(28, 16, 7)
(28, 17, 7)
(28, 18, 7)
(28, 19, 7)
(28, 20, 7)
(28, 21, 7)
(28, 22, 7)
(28, 23, 7)
(28, 24, 3)
(28, 25, 3)
(28, 26, 3)
(28, 27, 3)
(28, 28, 3)
(28, 29, 3)
(28, 30, 3)
(28, 31, 3)
(28, 32, 3)
(28, 33, 3)
(28, 34, 3)
(28, 35, 3)
(28, 36, 3)
(28, 37, 3)
(28, 38, 3)
(28, 39, 3)

(29, 0, 229)
(29, 1, 171)
(29, 2, 73)
(29, 3, 65)
(29, 4, 62)
(29, 5, 36)
(29, 6, 36)
(29, 7, 16)
(29, 8, 16)
(29, 9, 13)
(29, 10, 12)
(29, 11, 12)
(29, 12, 10)
(29, 13, 8)
(29, 14, 8)
(29, 15, 8)
(29, 16, 8)
(29, 17, 8)
(29, 18, 8)
(29, 19, 8)
(29, 20, 8)
(29, 21, 8)
(29, 22, 8)
(29, 23, 8)
(29, 24, 4)
(29, 25, 4)
(29, 26, 4)
(29, 27, 4)
(29, 28, 4)
(29, 29, 4)
(29, 30, 4)
(29, 31, 4)
(29, 32, 4)
(29, 33, 4)
(29, 34, 4)
(29, 35, 4)
(29, 36, 4)
(29, 37, 4)
(29, 38, 4)
(29, 39, 4)

(30, 0, 246)
(30, 1, 184)
(30, 2, 76)
(30, 3, 68)
(30, 4, 65)
(30, 5, 38)
(30, 6, 38)
(30, 7, 17)
(30, 8, 17)
(30, 9, 14)
(30, 10, 13)
(30, 11, 13)
(30, 12, 11)
(30, 13, 9)
(30, 14, 9)
(30, 15, 9)
(30, 16, 9)
(30, 17, 9)
(30, 18, 9)
(30, 19, 9)
(30, 20, 9)
(30, 21, 9)
(30, 22, 9)
(30, 23, 9)
(30, 24, 5)
(30, 25, 5)
(30, 26, 5)
(30, 27, 5)
(30, 28, 5)
(30, 29, 5)
(30, 30, 5)
(30, 31, 5)
(30, 32, 5)
(30, 33, 5)
(30, 34, 5)
(30, 35, 5)
(30, 36, 5)
(30, 37, 5)
(30, 38, 5)
(30, 39, 5)

(31, 0, 259)
(31, 1, 189)
(31, 2, 81)
(31, 3, 73)
(31, 4, 70)
(31, 5, 38)
(31, 6, 38)
(31, 7, 17)
(31, 8, 17)
(31, 9, 14)
(31, 10, 13)
(31, 11, 13)
(31, 12, 11)
(31, 13, 9)
(31, 14, 9)
(31, 15, 9)
(31, 16, 9)
(31, 17, 9)
(31, 18, 9)
(31, 19, 9)
(31, 20, 9)
(31, 21, 9)
(31, 22, 9)
(31, 23, 9)
(31, 24, 5)
(31, 25, 5)
(31, 26, 5)
(31, 27, 5)
(31, 28, 5)
(31, 29, 5)
(31, 30, 5)
(31, 31, 5)
(31, 32, 5)
(31, 33, 5)
(31, 34, 5)
(31, 35, 5)
(31, 36, 5)
(31, 37, 5)
(31, 38, 5)
(31, 39, 5)

(32, 0, 279)
(32, 1, 204)
(32, 2, 86)
(32, 3, 78)
(32, 4, 75)
(32, 5, 40)
(32, 6, 40)
(32, 7, 17)
(32, 8, 17)
(32, 9, 14)
(32, 10, 13)
(32, 11, 13)
(32, 12, 11)
(32, 13, 9)
(32, 14, 9)
(32, 15, 9)
(32, 16, 9)
(32, 17, 9)
(32, 18, 9)
(32, 19, 9)
(32, 20, 9)
(32, 21, 9)
(32, 22, 9)
(32, 23, 9)
(32, 24, 5)
(32, 25, 5)
(32, 26, 5)
(32, 27, 5)
(32, 28, 5)
(32, 29, 5)
(32, 30, 5)
(32, 31, 5)
(32, 32, 5)
(32, 33, 5)
(32, 34, 5)
(32, 35, 5)
(32, 36, 5)
(32, 37, 5)
(32, 38, 5)
(32, 39, 5)

(33, 0, 285)
(33, 1, 204)
(33, 2, 86)
(33, 3, 78)
(33, 4, 75)
(33, 5, 40)
(33, 6, 40)
(33, 7, 17)
(33, 8, 17)
(33, 9, 14)
(33, 10, 13)
(33, 11, 13)
(33, 12, 11)
(33, 13, 9)
(33, 14, 9)
(33, 15, 9)
(33, 16, 9)
(33, 17, 9)
(33, 18, 9)
(33, 19, 9)
(33, 20, 9)
(33, 21, 9)
(33, 22, 9)
(33, 23, 9)
(33, 24, 5)
(33, 25, 5)
(33, 26, 5)
(33, 27, 5)
(33, 28, 5)
(33, 29, 5)
(33, 30, 5)
(33, 31, 5)
(33, 32, 5)
(33, 33, 5)
(33, 34, 5)
(33, 35, 5)
(33, 36, 5)
(33, 37, 5)
(33, 38, 5)
(33, 39, 3)

(34, 0, 306)
(34, 1, 215)
(34, 2, 88)
(34, 3, 80)
(34, 4, 77)
(34, 5, 42)
(34, 6, 42)
(34, 7, 17)
(34, 8, 17)
(34, 9, 14)
(34, 10, 13)
(34, 11, 13)
(34, 12, 11)
(34, 13, 9)
(34, 14, 9)
(34, 15, 9)
(34, 16, 9)
(34, 17, 9)
(34, 18, 9)
(34, 19, 9)
(34, 20, 9)
(34, 21, 9)
(34, 22, 9)
(34, 23, 9)
(34, 24, 5)
(34, 25, 5)
(34, 26, 5)
(34, 27, 5)
(34, 28, 5)
(34, 29, 5)
(34, 30, 5)
(34, 31, 5)
(34, 32, 4)
(34, 33, 3)
(34, 34, 3)
(34, 35, 3)
(34, 36, 3)
(34, 37, 3)
(34, 38, 3)
(34, 39, 3)

(35, 0, 309)
(35, 1, 217)
(35, 2, 89)
(35, 3, 81)
(35, 4, 78)
(35, 5, 43)
(35, 6, 43)
(35, 7, 17)
(35, 8, 17)
(35, 9, 14)
(35, 10, 13)
(35, 11, 13)
(35, 12, 11)
(35, 13, 9)
(35, 14, 9)
(35, 15, 9)
(35, 16, 9)
(35, 17, 9)
(35, 18, 9)
(35, 19, 9)
(35, 20, 9)
(35, 21, 9)
(35, 22, 9)
(35, 23, 9)
(35, 24, 5)
(35, 25, 5)
(35, 26, 5)
(35, 27, 5)
(35, 28, 5)
(35, 29, 5)
(35, 30, 5)
(35, 31, 5)
(35, 32, 4)
(35, 33, 3)
(35, 34, 3)
(35, 35, 3)
(35, 36, 3)
(35, 37, 2)
(35, 38, 2)
(35, 39, 2)

(36, 0, 330)
(36, 1, 227)
(36, 2, 90)
(36, 3, 82)
(36, 4, 79)
(36, 5, 44)
(36, 6, 44)
(36, 7, 18)
(36, 8, 17)
(36, 9, 14)
(36, 10, 13)
(36, 11, 13)
(36, 12, 11)
(36, 13, 9)
(36, 14, 9)
(36, 15, 9)
(36, 16, 9)
(36, 17, 9)
(36, 18, 9)
(36, 19, 9)
(36, 20, 9)
(36, 21, 9)
(36, 22, 9)
(36, 23, 9)
(36, 24, 5)
(36, 25, 5)
(36, 26, 5)
(36, 27, 5)
(36, 28, 3)
(36, 29, 3)
(36, 30, 3)
(36, 31, 3)
(36, 32, 3)
(36, 33, 3)
(36, 34, 3)
(36, 35, 2)
(36, 36, 2)
(36, 37, 2)
(36, 38, 2)
(36, 39, 2)

(37, 0, 340)
(37, 1, 235)
(37, 2, 93)
(37, 3, 85)
(37, 4, 82)
(37, 5, 47)
(37, 6, 47)
(37, 7, 19)
(37, 8, 18)
(37, 9, 14)
(37, 10, 13)
(37, 11, 13)
(37, 12, 11)
(37, 13, 9)
(37, 14, 9)
(37, 15, 8)
(37, 16, 8)
(37, 17, 8)
(37, 18, 8)
(37, 19, 8)
(37, 20, 8)
(37, 21, 8)
(37, 22, 8)
(37, 23, 8)
(37, 24, 4)
(37, 25, 4)
(37, 26, 4)
(37, 27, 3)
(37, 28, 2)
(37, 29, 2)
(37, 30, 2)
(37, 31, 2)
(37, 32, 2)
(37, 33, 2)
(37, 34, 2)
(37, 35, 2)
(37, 36, 2)
(37, 37, 2)
(37, 38, 2)
(37, 39, 2)

(38, 0, 358)
(38, 1, 243)
(38, 2, 95)
(38, 3, 87)
(38, 4, 84)
(38, 5, 48)
(38, 6, 48)
(38, 7, 17)
(38, 8, 16)
(38, 9, 13)
(38, 10, 12)
(38, 11, 12)
(38, 12, 10)
(38, 13, 8)
(38, 14, 8)
(38, 15, 8)
(38, 16, 8)
(38, 17, 8)
(38, 18, 8)
(38, 19, 8)
(38, 20, 8)
(38, 21, 8)
(38, 22, 8)
(38, 23, 8)
(38, 24, 4)
(38, 25, 4)
(38, 26, 4)
(38, 27, 2)
(38, 28, 2)
(38, 29, 2)
(38, 30, 2)
(38, 31, 2)
(38, 32, 2)
(38, 33, 2)
(38, 34, 2)
(38, 35, 2)
(38, 36, 2)
(38, 37, 2)
(38, 38, 2)
(38, 39, 2)

(39, 0, 367)
(39, 1, 248)
(39, 2, 96)
(39, 3, 87)
(39, 4, 83)
(39, 5, 47)
(39, 6, 46)
(39, 7, 17)
(39, 8, 16)
(39, 9, 13)
(39, 10, 12)
(39, 11, 12)
(39, 12, 10)
(39, 13, 8)
(39, 14, 8)
(39, 15, 8)
(39, 16, 8)
(39, 17, 8)
(39, 18, 8)
(39, 19, 8)
(39, 20, 8)
(39, 21, 8)
(39, 22, 8)
(39, 23, 8)
(39, 24, 4)
(39, 25, 4)
(39, 26, 4)
(39, 27, 2)
(39, 28, 2)
(39, 29, 2)
(39, 30, 2)
(39, 31, 2)
(39, 32, 2)
(39, 33, 2)
(39, 34, 2)
(39, 35, 2)
(39, 36, 2)
(39, 37, 2)
(39, 38, 2)
(39, 39, 2)


Betti numbers:
xi_0:
(0, 0, 2)
(2, 0, 2)
(3, 0, 2)
(4, 0, 3)
(5, 0, 5)
(6, 0, 3)
(7, 0, 6)
(8, 0, 5)
(9, 0, 6)
(10, 0, 6)
(11, 0, 5)
(12, 0, 7)
(13, 0, 12)
(14, 0, 7)
(15, 0, 17)
(16, 0, 14)
(17, 0, 15)
(18, 0, 11)
(19, 0, 9)
(20, 0, 15)
(21, 0, 12)
(22, 0, 6)
(23, 0, 12)
(24, 0, 5)
(25, 0, 14)
(26, 0, 3)
(27, 0, 9)
(28, 0, 6)
(29, 0, 10)
(30, 0, 17)
(31, 0, 13)
(32, 0, 20)
(33, 0, 6)
(34, 0, 21)
(35, 0, 3)
(36, 0, 21)
(37, 0, 10)
(38, 0, 18)
(39, 0, 9)
xi_1:
(0, 5, 1)
(2, 5, 1)
(3, 5, 1)
(3, 7, 1)
(4, 2, 1)
(4, 5, 1)
(4, 10, 1)
(5, 2, 2)
(5, 3, 4)
(5, 7, 1)
(6, 2, 2)
(6, 29, 2)
(7, 1, 2)
(7, 2, 1)
(7, 3, 3)
(7, 25, 2)
(8, 1, 2)
(8, 2, 5)
(8, 24, 2)
(9, 2, 1)
(9, 5, 2)
(9, 7, 1)
(10, 1, 2)
(10, 2, 1)
(10, 5, 3)
(11, 1, 1)
(11, 2, 4)
(11, 3, 1)
(12, 1, 1)
(12, 2, 2)
(12, 7, 2)
(12, 37, 1)
(13, 1, 2)
(13, 2, 5)
(13, 5, 1)
(13, 7, 4)
(13, 38, 1)
(14, 2, 5)
(14, 7, 2)
(14, 31, 2)
(15, 2, 7)
(15, 5, 6)
(15, 7, 1)
(15, 8, 1)
(15, 19, 2)
(15, 20, 1)
(15, 28, 1)
(15, 29, 1)
(16, 1, 4)
(16, 2, 3)
(16, 4, 2)
(16, 5, 4)
(16, 10, 2)
(16, 13, 2)
(16, 25, 2)
(17, 1, 3)
(17, 2, 8)
(17, 5, 3)
(17, 9, 2)
(17, 10, 2)
(17, 24, 2)
(18, 1, 3)
(18, 2, 5)
(18, 4, 1)
(18, 5, 1)
(18, 7, 3)
(18, 9, 1)
(19, 2, 6)
(19, 3, 1)
(19, 5, 1)
(19, 7, 1)
(20, 1, 5)
(20, 2, 7)
(20, 3, 1)
(20, 12, 2)
(20, 29, 1)
(21, 1, 1)
(21, 2, 7)
(21, 3, 1)
(21, 6, 1)
(21, 7, 1)
(21, 9, 1)
(21, 10, 1)
(22, 1, 5)
(22, 2, 2)
(22, 5, 1)
(23, 1, 6)
(23, 2, 5)
(23, 7, 1)
(24, 2, 4)
(24, 5, 1)
(25, 1, 7)
(25, 2, 6)
(25, 7, 1)
(26, 1, 3)
(27, 1, 4)
(27, 2, 4)
(27, 7, 1)
(28, 2, 5)
(28, 7, 1)
(29, 1, 7)
(29, 5, 1)
(29, 7, 1)
(30, 1, 4)
(30, 2, 10)
(30, 5, 2)
(30, 7, 1)
(31, 1, 8)
(31, 5, 5)
(32, 1, 5)
(32, 2, 10)
(32, 5, 3)
(32, 7, 2)
(33, 1, 6)
(33, 39, 2)
(34, 1, 10)
(34, 2, 9)
(34, 7, 2)
(34, 32, 1)
(34, 33, 1)
(35, 1, 1)
(35, 2, 1)
(35, 7, 1)
(35, 37, 1)
(36, 1, 11)
(36, 2, 9)
(36, 8, 1)
(36, 28, 2)
(36, 35, 1)
(37, 1, 2)
(37, 2, 5)
(37, 7, 2)
(37, 9, 1)
(37, 15, 1)
(37, 27, 1)
(38, 1, 10)
(38, 2, 6)
(38, 5, 1)
(38, 7, 3)
(38, 27, 1)
(39, 1, 4)
(39, 2, 4)
(39, 3, 1)
(39, 4, 1)
(39, 6, 1)
xi_2:
(5, 5, 1)
(5, 10, 1)
(7, 29, 2)
(8, 3, 2)
(8, 25, 2)
(11, 5, 1)
(14, 37, 1)
(14, 38, 1)
(15, 7, 2)
(15, 31, 2)
(16, 8, 1)
(16, 19, 2)
(16, 28, 1)
(16, 29, 1)
(17, 10, 2)
(17, 20, 1)
(17, 25, 2)
(18, 9, 1)
(18, 10, 2)
(21, 29, 1)
(22, 3, 1)
(22, 6, 1)
(30, 5, 1)
(34, 39, 2)
(36, 32, 1)
(36, 33, 1)
(36, 37, 1)
(37, 28, 1)
(37, 35, 1)
(38, 9, 1)
(38, 15, 1)
(38, 28, 1)
(39, 7, 2)
