x-grades
-408414981668167953/200000000000000000
-200896220894463433/100000000000000000
-395169901909685779/200000000000000000
-97136840507611173/50000000000000000
-76384964430240721/40000000000000000
-187651141135981259/100000000000000000
-368679742392721431/200000000000000000
-45257150314185043/25000000000000000
-355434662634239257/200000000000000000
-34881212275499817/20000000000000000
-342189582875757083/200000000000000000
-83891760749128999/50000000000000000
-328944503117274909/200000000000000000
-161160981619016911/100000000000000000
-63139884671758547/40000000000000000
-9658652608735989/6250000000000000
-302454343600310561/200000000000000000
-147915901860534737/100000000000000000
-289209263841828387/200000000000000000
-2825867239625873/2000000000000000
-275964184083346213/200000000000000000
-134670822102052563/100000000000000000
-262719104324864039/200000000000000000
-32012070555702869/25000000000000000
-49894804913276373/40000000000000000
-121425742343570389/100000000000000000
-236228944807899691/200000000000000000
-57401601232164651/50000000000000000
-222983865049417517/200000000000000000
-21636132517017643/20000000000000000
-209738785290935343/200000000000000000
-12694765338230891/12500000000000000
-196493705532453169/200000000000000000
-94935582826606041/100000000000000000
-36649725154794199/40000000000000000
-44156521473682477/50000000000000000
-170003546015488821/200000000000000000
-81690503068123867/100000000000000000
-156758466257006647/200000000000000000
-3753398159444139/5000000000000000

y-grades
9999181/40000000
9999181/20000000
29997543/40000000
9999181/10000000
9999181/8000000
29997543/20000000
69994267/40000000
9999181/5000000
89992629/40000000
9999181/4000000
109990991/40000000
29997543/10000000
129989353/40000000
69994267/20000000
29997543/8000000
9999181/2500000
169986077/40000000
89992629/20000000
189984439/40000000
9999181/2000000
209982801/40000000
109990991/20000000
229981163/40000000
29997543/5000000
9999181/1600000
129989353/20000000
269977887/40000000
69994267/10000000
289976249/40000000
29997543/4000000
309974611/40000000
9999181/1250000
329972973/40000000
169986077/20000000
69994267/8000000
89992629/10000000
369969697/40000000
189984439/20000000
389968059/40000000
9999181/1000000

Dimensions > 0:
(0, 0, 2)
(0, 1, 2)
(0, 2, 2)
(0, 3, 2)
(0, 4, 2)
(0, 5, 2)
(0, 6, 2)
(0, 7, 2)
(0, 8, 2)
(0, 9, 2)
(0, 10, 2)
(0, 11, 2)
(0, 12, 2)
(0, 13, 2)
(0, 14, 2)
(0, 15, 2)
(0, 16, 2)
(0, 17, 2)
(0, 18, 2)
(0, 19, 2)
(0, 20, 2)
(0, 21, 2)
(0, 22, 2)
(0, 23, 2)
(0, 24, 2)
(0, 25, 2)
(0, 26, 2)
(0, 27, 2)
(0, 28, 2)
(0, 29, 2)
(0, 30, 2)
(0, 31, 2)
(0, 32, 2)
(0, 33, 2)
(0, 34, 2)
(0, 35, 2)
(0, 36, 2)
(0, 37, 2)
(0, 38, 2)
(0, 39, 2)

(1, 0, 6)
(1, 1, 5)
(1, 2, 5)
(1, 3, 2)
(1, 4, 2)
(1, 5, 2)
(1, 6, 2)
(1, 7, 2)
(1, 8, 2)
(1, 9, 2)
(1, 10, 2)
(1, 11, 2)
(1, 12, 2)
(1, 13, 2)
(1, 14, 2)
(1, 15, 2)
(1, 16, 2)
(1, 17, 2)
(1, 18, 2)
(1, 19, 2)
(1, 20, 2)
(1, 21, 2)
(1, 22, 2)
(1, 23, 2)
(1, 24, 2)
(1, 25, 2)
(1, 26, 2)
(1, 27, 2)
(1, 28, 2)
(1, 29, 2)
(1, 30, 2)
(1, 31, 2)
(1, 32, 2)
(1, 33, 2)
(1, 34, 2)
(1, 35, 2)
(1, 36, 2)
(1, 37, 2)
(1, 38, 2)
(1, 39, 2)

(2, 0, 10)
(2, 1, 7)
(2, 2, 7)
(2, 3, 4)
(2, 4, 4)
(2, 5, 4)
(2, 6, 4)
(2, 7, 4)
(2, 8, 4)
(2, 9, 4)
(2, 10, 4)
(2, 11, 4)
(2, 12, 4)
(2, 13, 4)
(2, 14, 4)
(2, 15, 4)
(2, 16, 4)
(2, 17, 4)
(2, 18, 4)
(2, 19, 4)
(2, 20, 4)
(2, 21, 4)
(2, 22, 4)
(2, 23, 4)
(2, 24, 4)
(2, 25, 4)
(2, 26, 4)
(2, 27, 4)
(2, 28, 4)
(2, 29, 4)
(2, 30, 3)
(2, 31, 3)
(2, 32, 3)
(2, 33, 3)
(2, 34, 3)
(2, 35, 3)
(2, 36, 3)
(2, 37, 3)
(2, 38, 3)
(2, 39, 3)

(3, 0, 17)
(3, 1, 14)
(3, 2, 14)
(3, 3, 7)
(3, 4, 6)
(3, 5, 5)
(3, 6, 5)
(3, 7, 5)
(3, 8, 5)
(3, 9, 5)
(3, 10, 4)
(3, 11, 4)
(3, 12, 4)
(3, 13, 4)
(3, 14, 4)
(3, 15, 4)
(3, 16, 4)
(3, 17, 4)
(3, 18, 4)
(3, 19, 4)
(3, 20, 4)
(3, 21, 3)
(3, 22, 3)
(3, 23, 3)
(3, 24, 3)
(3, 25, 3)
(3, 26, 3)
(3, 27, 3)
(3, 28, 3)
(3, 29, 3)
(3, 30, 3)
(3, 31, 3)
(3, 32, 3)
(3, 33, 3)
(3, 34, 3)
(3, 35, 3)
(3, 36, 3)
(3, 37, 3)
(3, 38, 3)
(3, 39, 3)

(4, 0, 26)
(4, 1, 21)
(4, 2, 21)
(4, 3, 10)
(4, 4, 9)
(4, 5, 9)
(4, 6, 8)
(4, 7, 8)
(4, 8, 8)
(4, 9, 7)
(4, 10, 6)
(4, 11, 6)
(4, 12, 6)
(4, 13, 6)
(4, 14, 6)
(4, 15, 6)
(4, 16, 6)
(4, 17, 6)
(4, 18, 6)
(4, 19, 6)
(4, 20, 6)
(4, 21, 4)
(4, 22, 4)
(4, 23, 4)
(4, 24, 4)
(4, 25, 4)
(4, 26, 4)
(4, 27, 4)
(4, 28, 4)
(4, 29, 4)
(4, 30, 4)
(4, 31, 4)
(4, 32, 4)
(4, 33, 4)
(4, 34, 4)
(4, 35, 4)
(4, 36, 4)
(4, 37, 4)
(4, 38, 4)
(4, 39, 4)

(5, 0, 39)
(5, 1, 27)
(5, 2, 25)
(5, 3, 14)
(5, 4, 13)
(5, 5, 13)
(5, 6, 11)
(5, 7, 10)
(5, 8, 10)
(5, 9, 9)
(5, 10, 8)
(5, 11, 8)
(5, 12, 8)
(5, 13, 8)
(5, 14, 8)
(5, 15, 8)
(5, 16, 8)
(5, 17, 8)
(5, 18, 8)
(5, 19, 8)
(5, 20, 8)
(5, 21, 6)
(5, 22, 6)
(5, 23, 6)
(5, 24, 6)
(5, 25, 6)
(5, 26, 6)
(5, 27, 6)
(5, 28, 6)
(5, 29, 6)
(5, 30, 6)
(5, 31, 6)
(5, 32, 6)
(5, 33, 6)
(5, 34, 6)
(5, 35, 5)
(5, 36, 5)
(5, 37, 5)
(5, 38, 5)
(5, 39, 5)

(6, 0, 60)
(6, 1, 36)
(6, 2, 33)
(6, 3, 18)
(6, 4, 17)
(6, 5, 17)
(6, 6, 14)
(6, 7, 13)
(6, 8, 13)
(6, 9, 10)
(6, 10, 9)
(6, 11, 9)
(6, 12, 9)
(6, 13, 9)
(6, 14, 9)
(6, 15, 9)
(6, 16, 9)
(6, 17, 9)
(6, 18, 9)
(6, 19, 9)
(6, 20, 9)
(6, 21, 7)
(6, 22, 7)
(6, 23, 6)
(6, 24, 6)
(6, 25, 6)
(6, 26, 6)
(6, 27, 6)
(6, 28, 6)
(6, 29, 6)
(6, 30, 6)
(6, 31, 6)
(6, 32, 6)
(6, 33, 5)
(6, 34, 5)
(6, 35, 5)
(6, 36, 5)
(6, 37, 5)
(6, 38, 5)
(6, 39, 5)

(7, 0, 77)
(7, 1, 42)
(7, 2, 38)
(7, 3, 21)
(7, 4, 20)
(7, 5, 20)
(7, 6, 17)
(7, 7, 16)
(7, 8, 16)
(7, 9, 12)
(7, 10, 11)
(7, 11, 11)
(7, 12, 11)
(7, 13, 11)
(7, 14, 11)
(7, 15, 11)
(7, 16, 11)
(7, 17, 10)
(7, 18, 10)
(7, 19, 10)
(7, 20, 10)
(7, 21, 8)
(7, 22, 8)
(7, 23, 7)
(7, 24, 6)
(7, 25, 6)
(7, 26, 6)
(7, 27, 6)
(7, 28, 6)
(7, 29, 6)
(7, 30, 6)
(7, 31, 6)
(7, 32, 6)
(7, 33, 5)
(7, 34, 5)
(7, 35, 5)
(7, 36, 5)
(7, 37, 5)
(7, 38, 5)
(7, 39, 5)

(8, 0, 115)
(8, 1, 51)
(8, 2, 44)
(8, 3, 25)
(8, 4, 24)
(8, 5, 23)
(8, 6, 20)
(8, 7, 19)
(8, 8, 18)
(8, 9, 13)
(8, 10, 12)
(8, 11, 11)
(8, 12, 11)
(8, 13, 11)
(8, 14, 11)
(8, 15, 11)
(8, 16, 11)
(8, 17, 10)
(8, 18, 10)
(8, 19, 10)
(8, 20, 10)
(8, 21, 8)
(8, 22, 7)
(8, 23, 6)
(8, 24, 5)
(8, 25, 5)
(8, 26, 5)
(8, 27, 5)
(8, 28, 5)
(8, 29, 5)
(8, 30, 5)
(8, 31, 5)
(8, 32, 5)
(8, 33, 4)
(8, 34, 4)
(8, 35, 4)
(8, 36, 4)
(8, 37, 4)
(8, 38, 4)
(8, 39, 4)

(9, 0, 136)
(9, 1, 59)
(9, 2, 47)
(9, 3, 26)
(9, 4, 24)
(9, 5, 23)
(9, 6, 20)
(9, 7, 19)
(9, 8, 19)
(9, 9, 14)
(9, 10, 12)
(9, 11, 12)
(9, 12, 12)
(9, 13, 12)
(9, 14, 12)
(9, 15, 12)
(9, 16, 12)
(9, 17, 11)
(9, 18, 11)
(9, 19, 11)
(9, 20, 11)
(9, 21, 8)
(9, 22, 7)
(9, 23, 6)
(9, 24, 5)
(9, 25, 5)
(9, 26, 5)
(9, 27, 5)
(9, 28, 5)
(9, 29, 5)
(9, 30, 5)
(9, 31, 5)
(9, 32, 5)
(9, 33, 4)
(9, 34, 3)
(9, 35, 3)
(9, 36, 3)
(9, 37, 3)
(9, 38, 3)
(9, 39, 3)

(10, 0, 152)
(10, 1, 59)
(10, 2, 47)
(10, 3, 26)
(10, 4, 24)
(10, 5, 23)
(10, 6, 20)
(10, 7, 19)
(10, 8, 19)
(10, 9, 14)
(10, 10, 12)
(10, 11, 12)
(10, 12, 12)
(10, 13, 12)
(10, 14, 12)
(10, 15, 12)
(10, 16, 12)
(10, 17, 11)
(10, 18, 11)
(10, 19, 11)
(10, 20, 11)
(10, 21, 8)
(10, 22, 7)
(10, 23, 6)
(10, 24, 5)
(10, 25, 5)
(10, 26, 5)
(10, 27, 5)
(10, 28, 5)
(10, 29, 5)
(10, 30, 5)
(10, 31, 5)
(10, 32, 5)
(10, 33, 4)
(10, 34, 3)
(10, 35, 3)
(10, 36, 3)
(10, 37, 3)
(10, 38, 3)
(10, 39, 3)

(11, 0, 170)
(11, 1, 68)
(11, 2, 52)
(11, 3, 29)
(11, 4, 27)
(11, 5, 25)
(11, 6, 21)
(11, 7, 20)
(11, 8, 20)
(11, 9, 15)
(11, 10, 13)
(11, 11, 13)
(11, 12, 13)
(11, 13, 13)
(11, 14, 13)
(11, 15, 13)
(11, 16, 13)
(11, 17, 11)
(11, 18, 11)
(11, 19, 11)
(11, 20, 11)
(11, 21, 8)
(11, 22, 7)
(11, 23, 6)
(11, 24, 5)
(11, 25, 5)
(11, 26, 5)
(11, 27, 5)
(11, 28, 5)
(11, 29, 5)
(11, 30, 5)
(11, 31, 5)
(11, 32, 5)
(11, 33, 4)
(11, 34, 3)
(11, 35, 3)
(11, 36, 3)
(11, 37, 3)
(11, 38, 3)
(11, 39, 3)

(12, 0, 187)
(12, 1, 79)
(12, 2, 55)
(12, 3, 30)
(12, 4, 28)
(12, 5, 27)
(12, 6, 24)
(12, 7, 22)
(12, 8, 21)
(12, 9, 16)
(12, 10, 14)
(12, 11, 14)
(12, 12, 14)
(12, 13, 14)
(12, 14, 14)
(12, 15, 14)
(12, 16, 14)
(12, 17, 12)
(12, 18, 12)
(12, 19, 12)
(12, 20, 12)
(12, 21, 9)
(12, 22, 8)
(12, 23, 7)
(12, 24, 6)
(12, 25, 6)
(12, 26, 6)
(12, 27, 5)
(12, 28, 5)
(12, 29, 5)
(12, 30, 5)
(12, 31, 5)
(12, 32, 5)
(12, 33, 4)
(12, 34, 3)
(12, 35, 3)
(12, 36, 3)
(12, 37, 3)
(12, 38, 3)
(12, 39, 3)

(13, 0, 206)
(13, 1, 85)
(13, 2, 57)
(13, 3, 31)
(13, 4, 29)
(13, 5, 26)
(13, 6, 23)
(13, 7, 22)
(13, 8, 21)
(13, 9, 16)
(13, 10, 14)
(13, 11, 14)
(13, 12, 14)
(13, 13, 14)
(13, 14, 14)
(13, 15, 14)
(13, 16, 14)
(13, 17, 12)
(13, 18, 12)
(13, 19, 12)
(13, 20, 12)
(13, 21, 9)
(13, 22, 8)
(13, 23, 7)
(13, 24, 6)
(13, 25, 6)
(13, 26, 6)
(13, 27, 5)
(13, 28, 5)
(13, 29, 5)
(13, 30, 5)
(13, 31, 5)
(13, 32, 5)
(13, 33, 4)
(13, 34, 3)
(13, 35, 3)
(13, 36, 3)
(13, 37, 3)
(13, 38, 3)
(13, 39, 3)

(14, 0, 212)
(14, 1, 88)
(14, 2, 57)
(14, 3, 31)
(14, 4, 29)
(14, 5, 26)
(14, 6, 23)
(14, 7, 22)
(14, 8, 21)
(14, 9, 16)
(14, 10, 14)
(14, 11, 14)
(14, 12, 14)
(14, 13, 14)
(14, 14, 14)
(14, 15, 14)
(14, 16, 14)
(14, 17, 12)
(14, 18, 12)
(14, 19, 12)
(14, 20, 12)
(14, 21, 9)
(14, 22, 8)
(14, 23, 7)
(14, 24, 6)
(14, 25, 6)
(14, 26, 6)
(14, 27, 5)
(14, 28, 5)
(14, 29, 5)
(14, 30, 5)
(14, 31, 5)
(14, 32, 5)
(14, 33, 4)
(14, 34, 3)
(14, 35, 3)
(14, 36, 3)
(14, 37, 3)
(14, 38, 3)
(14, 39, 3)

(15, 0, 222)
(15, 1, 92)
(15, 2, 58)
(15, 3, 31)
(15, 4, 29)
(15, 5, 26)
(15, 6, 23)
(15, 7, 22)
(15, 8, 21)
(15, 9, 16)
(15, 10, 14)
(15, 11, 14)
(15, 12, 14)
(15, 13, 14)
(15, 14, 14)
(15, 15, 14)
(15, 16, 14)
(15, 17, 12)
(15, 18, 12)
(15, 19, 12)
(15, 20, 12)
(15, 21, 9)
(15, 22, 8)
(15, 23, 7)
(15, 24, 6)
(15, 25, 6)
(15, 26, 6)
(15, 27, 5)
(15, 28, 5)
(15, 29, 5)
(15, 30, 5)
(15, 31, 5)
(15, 32, 5)
(15, 33, 4)
(15, 34, 3)
(15, 35, 3)
(15, 36, 3)
(15, 37, 3)
(15, 38, 3)
(15, 39, 3)

(16, 0, 235)
(16, 1, 97)
(16, 2, 60)
(16, 3, 33)
(16, 4, 31)
(16, 5, 28)
(16, 6, 25)
(16, 7, 24)
(16, 8, 23)
(16, 9, 18)
(16, 10, 16)
(16, 11, 16)
(16, 12, 16)
(16, 13, 16)
(16, 14, 16)
(16, 15, 16)
(16, 16, 16)
(16, 17, 14)
(16, 18, 14)
(16, 19, 14)
(16, 20, 14)
(16, 21, 11)
(16, 22, 10)
(16, 23, 9)
(16, 24, 8)
(16, 25, 8)
(16, 26, 8)
(16, 27, 7)
(16, 28, 7)
(16, 29, 7)
(16, 30, 7)
(16, 31, 7)
(16, 32, 7)
(16, 33, 6)
(16, 34, 5)
(16, 35, 5)
(16, 36, 5)
(16, 37, 5)
(16, 38, 5)
(16, 39, 5)

(17, 0, 265)
(17, 1, 110)
(17, 2, 69)
(17, 3, 34)
(17, 4, 31)
(17, 5, 28)
(17, 6, 25)
(17, 7, 24)
(17, 8, 24)
(17, 9, 19)
(17, 10, 17)
(17, 11, 17)
(17, 12, 17)
(17, 13, 17)
(17, 14, 17)
(17, 15, 17)
(17, 16, 17)
(17, 17, 15)
(17, 18, 15)
(17, 19, 15)
(17, 20, 15)
(17, 21, 12)
(17, 22, 11)
(17, 23, 10)
(17, 24, 9)
(17, 25, 9)
(17, 26, 9)
(17, 27, 8)
(17, 28, 8)
(17, 29, 8)
(17, 30, 8)
(17, 31, 8)
(17, 32, 8)
(17, 33, 7)
(17, 34, 6)
(17, 35, 6)
(17, 36, 5)
(17, 37, 5)
(17, 38, 5)
(17, 39, 5)

(18, 0, 283)
(18, 1, 118)
(18, 2, 77)
(18, 3, 38)
(18, 4, 35)
(18, 5, 32)
(18, 6, 29)
(18, 7, 28)
(18, 8, 28)
(18, 9, 22)
(18, 10, 19)
(18, 11, 19)
(18, 12, 19)
(18, 13, 19)
(18, 14, 19)
(18, 15, 19)
(18, 16, 19)
(18, 17, 17)
(18, 18, 17)
(18, 19, 17)
(18, 20, 17)
(18, 21, 13)
(18, 22, 12)
(18, 23, 11)
(18, 24, 10)
(18, 25, 10)
(18, 26, 10)
(18, 27, 9)
(18, 28, 9)
(18, 29, 9)
(18, 30, 9)
(18, 31, 9)
(18, 32, 9)
(18, 33, 7)
(18, 34, 6)
(18, 35, 6)
(18, 36, 6)
(18, 37, 6)
(18, 38, 6)
(18, 39, 6)

(19, 0, 302)
(19, 1, 125)
(19, 2, 82)
(19, 3, 42)
(19, 4, 38)
(19, 5, 35)
(19, 6, 31)
(19, 7, 29)
(19, 8, 29)
(19, 9, 24)
(19, 10, 21)
(19, 11, 21)
(19, 12, 21)
(19, 13, 21)
(19, 14, 21)
(19, 15, 21)
(19, 16, 21)
(19, 17, 18)
(19, 18, 18)
(19, 19, 18)
(19, 20, 18)
(19, 21, 14)
(19, 22, 12)
(19, 23, 11)
(19, 24, 10)
(19, 25, 10)
(19, 26, 10)
(19, 27, 9)
(19, 28, 9)
(19, 29, 9)
(19, 30, 9)
(19, 31, 9)
(19, 32, 9)
(19, 33, 7)
(19, 34, 6)
(19, 35, 6)
(19, 36, 6)
(19, 37, 6)
(19, 38, 6)
(19, 39, 6)

(20, 0, 318)
(20, 1, 132)
(20, 2, 87)
(20, 3, 44)
(20, 4, 39)
(20, 5, 36)
(20, 6, 32)
(20, 7, 30)
(20, 8, 30)
(20, 9, 25)
(20, 10, 22)
(20, 11, 22)
(20, 12, 22)
(20, 13, 22)
(20, 14, 22)
(20, 15, 22)
(20, 16, 22)
(20, 17, 18)
(20, 18, 18)
(20, 19, 18)
(20, 20, 18)
(20, 21, 14)
(20, 22, 12)
(20, 23, 11)
(20, 24, 10)
(20, 25, 10)
(20, 26, 10)
(20, 27, 9)
(20, 28, 9)
(20, 29, 9)
(20, 30, 9)
(20, 31, 9)
(20, 32, 9)
(20, 33, 7)
(20, 34, 6)
(20, 35, 6)
(20, 36, 6)
(20, 37, 6)
(20, 38, 6)
(20, 39, 6)

(21, 0, 320)
(21, 1, 132)
(21, 2, 86)
(21, 3, 43)
(21, 4, 39)
(21, 5, 36)
(21, 6, 32)
(21, 7, 30)
(21, 8, 30)
(21, 9, 25)
(21, 10, 22)
(21, 11, 22)
(21, 12, 22)
(21, 13, 22)
(21, 14, 22)
(21, 15, 22)
(21, 16, 22)
(21, 17, 18)
(21, 18, 18)
(21, 19, 18)
(21, 20, 18)
(21, 21, 14)
(21, 22, 12)
(21, 23, 11)
(21, 24, 10)
(21, 25, 10)
(21, 26, 10)
(21, 27, 9)
(21, 28, 9)
(21, 29, 9)
(21, 30, 9)
(21, 31, 9)
(21, 32, 9)
(21, 33, 7)
(21, 34, 6)
(21, 35, 6)
(21, 36, 6)
(21, 37, 6)
(21, 38, 6)
(21, 39, 6)

(22, 0, 358)
(22, 1, 140)
(22, 2, 91)
(22, 3, 47)
(22, 4, 43)
(22, 5, 40)
(22, 6, 36)
(22, 7, 34)
(22, 8, 34)
(22, 9, 29)
(22, 10, 25)
(22, 11, 25)
(22, 12, 25)
(22, 13, 25)
(22, 14, 25)
(22, 15, 25)
(22, 16, 25)
(22, 17, 21)
(22, 18, 21)
(22, 19, 21)
(22, 20, 21)
(22, 21, 17)
(22, 22, 13)
(22, 23, 12)
(22, 24, 11)
(22, 25, 11)
(22, 26, 11)
(22, 27, 10)
(22, 28, 10)
(22, 29, 10)
(22, 30, 10)
(22, 31, 10)
(22, 32, 10)
(22, 33, 7)
(22, 34, 6)
(22, 35, 6)
(22, 36, 6)
(22, 37, 6)
(22, 38, 6)
(22, 39, 6)

(23, 0, 374)
(23, 1, 138)
(23, 2, 90)
(23, 3, 47)
(23, 4, 43)
(23, 5, 40)
(23, 6, 36)
(23, 7, 34)
(23, 8, 34)
(23, 9, 29)
(23, 10, 25)
(23, 11, 25)
(23, 12, 25)
(23, 13, 25)
(23, 14, 25)
(23, 15, 25)
(23, 16, 25)
(23, 17, 21)
(23, 18, 21)
(23, 19, 21)
(23, 20, 21)
(23, 21, 17)
(23, 22, 13)
(23, 23, 12)
(23, 24, 11)
(23, 25, 11)
(23, 26, 11)
(23, 27, 10)
(23, 28, 10)
(23, 29, 10)
(23, 30, 10)
(23, 31, 10)
(23, 32, 10)
(23, 33, 7)
(23, 34, 6)
(23, 35, 6)
(23, 36, 6)
(23, 37, 6)
(23, 38, 6)
(23, 39, 6)

(24, 0, 382)
(24, 1, 140)
(24, 2, 91)
(24, 3, 48)
(24, 4, 44)
(24, 5, 41)
(24, 6, 37)
(24, 7, 35)
(24, 8, 35)
(24, 9, 30)
(24, 10, 26)
(24, 11, 26)
(24, 12, 26)
(24, 13, 26)
(24, 14, 26)
(24, 15, 26)
(24, 16, 26)
(24, 17, 21)
(24, 18, 21)
(24, 19, 21)
(24, 20, 21)
(24, 21, 17)
(24, 22, 13)
(24, 23, 12)
(24, 24, 11)
(24, 25, 11)
(24, 26, 11)
(24, 27, 10)
(24, 28, 10)
(24, 29, 10)
(24, 30, 10)
(24, 31, 10)
(24, 32, 10)
(24, 33, 7)
(24, 34, 6)
(24, 35, 6)
(24, 36, 6)
(24, 37, 6)
(24, 38, 6)
(24, 39, 6)

(25, 0, 413)
(25, 1, 156)
(25, 2, 96)
(25, 3, 51)
(25, 4, 46)
(25, 5, 43)
(25, 6, 38)
(25, 7, 36)
(25, 8, 36)
(25, 9, 31)
(25, 10, 27)
(25, 11, 27)
(25, 12, 27)
(25, 13, 27)
(25, 14, 27)
(25, 15, 27)
(25, 16, 27)
(25, 17, 21)
(25, 18, 21)
(25, 19, 21)
(25, 20, 21)
(25, 21, 17)
(25, 22, 13)
(25, 23, 12)
(25, 24, 11)
(25, 25, 11)
(25, 26, 11)
(25, 27, 10)
(25, 28, 10)
(25, 29, 10)
(25, 30, 10)
(25, 31, 10)
(25, 32, 10)
(25, 33, 7)
(25, 34, 6)
(25, 35, 6)
(25, 36, 6)
(25, 37, 6)
(25, 38, 6)
(25, 39, 6)

(26, 0, 441)
(26, 1, 168)
(26, 2, 103)
(26, 3, 53)
(26, 4, 49)
(26, 5, 45)
(26, 6, 41)
(26, 7, 39)
(26, 8, 39)
(26, 9, 34)
(26, 10, 30)
(26, 11, 30)
(26, 12, 30)
(26, 13, 30)
(26, 14, 30)
(26, 15, 30)
(26, 16, 30)
(26, 17, 24)
(26, 18, 24)
(26, 19, 24)
(26, 20, 24)
(26, 21, 20)
(26, 22, 15)
(26, 23, 14)
(26, 24, 13)
(26, 25, 13)
(26, 26, 13)
(26, 27, 12)
(26, 28, 11)
(26, 29, 11)
(26, 30, 11)
(26, 31, 11)
(26, 32, 11)
(26, 33, 8)
(26, 34, 7)
(26, 35, 7)
(26, 36, 7)
(26, 37, 7)
(26, 38, 7)
(26, 39, 7)

(27, 0, 471)
(27, 1, 174)
(27, 2, 108)
(27, 3, 56)
(27, 4, 52)
(27, 5, 47)
(27, 6, 42)
(27, 7, 39)
(27, 8, 39)
(27, 9, 34)
(27, 10, 30)
(27, 11, 30)
(27, 12, 30)
(27, 13, 30)
(27, 14, 30)
(27, 15, 30)
(27, 16, 30)
(27, 17, 24)
(27, 18, 24)
(27, 19, 24)
(27, 20, 24)
(27, 21, 20)
(27, 22, 15)
(27, 23, 14)
(27, 24, 13)
(27, 25, 13)
(27, 26, 13)
(27, 27, 12)
(27, 28, 11)
(27, 29, 11)
(27, 30, 11)
(27, 31, 11)
(27, 32, 11)
(27, 33, 8)
(27, 34, 7)
(27, 35, 7)
(27, 36, 7)
(27, 37, 7)
(27, 38, 7)
(27, 39, 7)

(28, 0, 471)
(28, 1, 174)
(28, 2, 108)
(28, 3, 56)
(28, 4, 52)
(28, 5, 47)
(28, 6, 42)
(28, 7, 39)
(28, 8, 39)
(28, 9, 34)
(28, 10, 30)
(28, 11, 30)
(28, 12, 30)
(28, 13, 30)
(28, 14, 30)
(28, 15, 30)
(28, 16, 30)
(28, 17, 24)
(28, 18, 24)
(28, 19, 24)
(28, 20, 24)
(28, 21, 20)
(28, 22, 15)
(28, 23, 14)
(28, 24, 13)
(28, 25, 13)
(28, 26, 13)
(28, 27, 12)
(28, 28, 11)
(28, 29, 11)
(28, 30, 11)
(28, 31, 11)
(28, 32, 11)
(28, 33, 8)
(28, 34, 7)
(28, 35, 7)
(28, 36, 7)
(28, 37, 7)
(28, 38, 7)
(28, 39, 7)

(29, 0, 471)
(29, 1, 174)
(29, 2, 108)
(29, 3, 56)
(29, 4, 52)
(29, 5, 47)
(29, 6, 42)
(29, 7, 39)
(29, 8, 39)
(29, 9, 34)
(29, 10, 30)
(29, 11, 30)
(29, 12, 30)
(29, 13, 30)
(29, 14, 30)
(29, 15, 30)
(29, 16, 30)
(29, 17, 24)
(29, 18, 24)
(29, 19, 24)
(29, 20, 24)
(29, 21, 20)
(29, 22, 15)
(29, 23, 14)
(29, 24, 13)
(29, 25, 13)
(29, 26, 13)
(29, 27, 12)
(29, 28, 11)
(29, 29, 11)
(29, 30, 11)
(29, 31, 11)
(29, 32, 11)
(29, 33, 8)
(29, 34, 7)
(29, 35, 7)
(29, 36, 7)
(29, 37, 7)
(29, 38, 7)
(29, 39, 7)

(30, 0, 481)
(30, 1, 181)
(30, 2, 114)
(30, 3, 60)
(30, 4, 55)
(30, 5, 50)
(30, 6, 45)
(30, 7, 42)
(30, 8, 42)
(30, 9, 37)
(30, 10, 33)
(30, 11, 33)
(30, 12, 33)
(30, 13, 33)
(30, 14, 33)
(30, 15, 33)
(30, 16, 33)
(30, 17, 27)
(30, 18, 27)
(30, 19, 27)
(30, 20, 27)
(30, 21, 23)
(30, 22, 18)
(30, 23, 17)
(30, 24, 16)
(30, 25, 16)
(30, 26, 16)
(30, 27, 14)
(30, 28, 13)
(30, 29, 13)
(30, 30, 13)
(30, 31, 13)
(30, 32, 13)
(30, 33, 10)
(30, 34, 9)
(30, 35, 9)
(30, 36, 9)
(30, 37, 9)
(30, 38, 9)
(30, 39, 9)

(31, 0, 483)
(31, 1, 182)
(31, 2, 115)
(31, 3, 61)
(31, 4, 56)
(31, 5, 51)
(31, 6, 46)
(31, 7, 43)
(31, 8, 43)
(31, 9, 37)
(31, 10, 33)
(31, 11, 33)
(31, 12, 33)
(31, 13, 33)
(31, 14, 33)
(31, 15, 33)
(31, 16, 33)
(31, 17, 27)
(31, 18, 27)
(31, 19, 27)
(31, 20, 27)
(31, 21, 23)
(31, 22, 18)
(31, 23, 17)
(31, 24, 16)
(31, 25, 16)
(31, 26, 16)
(31, 27, 14)
(31, 28, 13)
(31, 29, 13)
(31, 30, 13)
(31, 31, 13)
(31, 32, 13)
(31, 33, 10)
(31, 34, 9)
(31, 35, 9)
(31, 36, 9)
(31, 37, 9)
(31, 38, 9)
(31, 39, 9)

(32, 0, 492)
(32, 1, 186)
(32, 2, 117)
(32, 3, 62)
(32, 4, 57)
(32, 5, 52)
(32, 6, 47)
(32, 7, 43)
(32, 8, 43)
(32, 9, 37)
(32, 10, 33)
(32, 11, 33)
(32, 12, 33)
(32, 13, 33)
(32, 14, 33)
(32, 15, 33)
(32, 16, 33)
(32, 17, 27)
(32, 18, 27)
(32, 19, 27)
(32, 20, 27)
(32, 21, 23)
(32, 22, 18)
(32, 23, 17)
(32, 24, 16)
(32, 25, 16)
(32, 26, 16)
(32, 27, 14)
(32, 28, 13)
(32, 29, 13)
(32, 30, 13)
(32, 31, 13)
(32, 32, 13)
(32, 33, 10)
(32, 34, 9)
(32, 35, 9)
(32, 36, 9)
(32, 37, 9)
(32, 38, 9)
(32, 39, 9)

(33, 0, 514)
(33, 1, 192)
(33, 2, 120)
(33, 3, 63)
(33, 4, 58)
(33, 5, 53)
(33, 6, 47)
(33, 7, 44)
(33, 8, 44)
(33, 9, 38)
(33, 10, 34)
(33, 11, 34)
(33, 12, 34)
(33, 13, 34)
(33, 14, 34)
(33, 15, 34)
(33, 16, 34)
(33, 17, 28)
(33, 18, 28)
(33, 19, 28)
(33, 20, 28)
(33, 21, 23)
(33, 22, 18)
(33, 23, 17)
(33, 24, 16)
(33, 25, 16)
(33, 26, 16)
(33, 27, 14)
(33, 28, 13)
(33, 29, 13)
(33, 30, 13)
(33, 31, 13)
(33, 32, 13)
(33, 33, 10)
(33, 34, 9)
(33, 35, 9)
(33, 36, 9)
(33, 37, 9)
(33, 38, 9)
(33, 39, 9)

(34, 0, 536)
(34, 1, 201)
(34, 2, 126)
(34, 3, 65)
(34, 4, 59)
(34, 5, 54)
(34, 6, 48)
(34, 7, 45)
(34, 8, 45)
(34, 9, 38)
(34, 10, 34)
(34, 11, 34)
(34, 12, 34)
(34, 13, 34)
(34, 14, 34)
(34, 15, 34)
(34, 16, 34)
(34, 17, 28)
(34, 18, 28)
(34, 19, 28)
(34, 20, 28)
(34, 21, 23)
(34, 22, 18)
(34, 23, 17)
(34, 24, 16)
(34, 25, 16)
(34, 26, 16)
(34, 27, 14)
(34, 28, 13)
(34, 29, 13)
(34, 30, 13)
(34, 31, 13)
(34, 32, 13)
(34, 33, 10)
(34, 34, 9)
(34, 35, 9)
(34, 36, 9)
(34, 37, 9)
(34, 38, 9)
(34, 39, 9)

(35, 0, 545)
(35, 1, 206)
(35, 2, 128)
(35, 3, 66)
(35, 4, 60)
(35, 5, 55)
(35, 6, 48)
(35, 7, 45)
(35, 8, 45)
(35, 9, 38)
(35, 10, 34)
(35, 11, 34)
(35, 12, 34)
(35, 13, 34)
(35, 14, 34)
(35, 15, 34)
(35, 16, 34)
(35, 17, 28)
(35, 18, 28)
(35, 19, 28)
(35, 20, 28)
(35, 21, 23)
(35, 22, 18)
(35, 23, 17)
(35, 24, 16)
(35, 25, 16)
(35, 26, 16)
(35, 27, 14)
(35, 28, 13)
(35, 29, 13)
(35, 30, 13)
(35, 31, 13)
(35, 32, 13)
(35, 33, 10)
(35, 34, 9)
(35, 35, 9)
(35, 36, 9)
(35, 37, 9)
(35, 38, 9)
(35, 39, 9)

(36, 0, 569)
(36, 1, 213)
(36, 2, 129)
(36, 3, 67)
(36, 4, 60)
(36, 5, 55)
(36, 6, 48)
(36, 7, 45)
(36, 8, 45)
(36, 9, 38)
(36, 10, 34)
(36, 11, 34)
(36, 12, 34)
(36, 13, 34)
(36, 14, 34)
(36, 15, 34)
(36, 16, 34)
(36, 17, 28)
(36, 18, 28)
(36, 19, 28)
(36, 20, 28)
(36, 21, 23)
(36, 22, 18)
(36, 23, 17)
(36, 24, 16)
(36, 25, 16)
(36, 26, 16)
(36, 27, 14)
(36, 28, 13)
(36, 29, 13)
(36, 30, 13)
(36, 31, 13)
(36, 32, 13)
(36, 33, 10)
(36, 34, 9)
(36, 35, 9)
(36, 36, 9)
(36, 37, 9)
(36, 38, 9)
(36, 39, 9)

(37, 0, 575)
(37, 1, 213)
(37, 2, 129)
(37, 3, 67)
(37, 4, 60)
(37, 5, 55)
(37, 6, 48)
(37, 7, 45)
(37, 8, 45)
(37, 9, 38)
(37, 10, 34)
(37, 11, 34)
(37, 12, 34)
(37, 13, 34)
(37, 14, 34)
(37, 15, 34)
(37, 16, 34)
(37, 17, 28)
(37, 18, 28)
(37, 19, 28)
(37, 20, 28)
(37, 21, 23)
(37, 22, 18)
(37, 23, 17)
(37, 24, 16)
(37, 25, 16)
(37, 26, 16)
(37, 27, 14)
(37, 28, 13)
(37, 29, 13)
(37, 30, 13)
(37, 31, 13)
(37, 32, 13)
(37, 33, 10)
(37, 34, 9)
(37, 35, 9)
(37, 36, 9)
(37, 37, 9)
(37, 38, 9)
(37, 39, 9)

(38, 0, 575)
(38, 1, 213)
(38, 2, 129)
(38, 3, 67)
(38, 4, 60)
(38, 5, 55)
(38, 6, 48)
(38, 7, 45)
(38, 8, 45)
(38, 9, 38)
(38, 10, 34)
(38, 11, 34)
(38, 12, 34)
(38, 13, 34)
(38, 14, 34)
(38, 15, 34)
(38, 16, 34)
(38, 17, 28)
(38, 18, 28)
(38, 19, 28)
(38, 20, 28)
(38, 21, 23)
(38, 22, 18)
(38, 23, 17)
(38, 24, 16)
(38, 25, 16)
(38, 26, 16)
(38, 27, 14)
(38, 28, 13)
(38, 29, 13)
(38, 30, 13)
(38, 31, 13)
(38, 32, 13)
(38, 33, 10)
(38, 34, 9)
(38, 35, 9)
(38, 36, 9)
(38, 37, 9)
(38, 38, 9)
(38, 39, 9)

(39, 0, 588)
(39, 1, 216)
(39, 2, 131)
(39, 3, 68)
(39, 4, 61)
(39, 5, 56)
(39, 6, 49)
(39, 7, 46)
(39, 8, 46)
(39, 9, 39)
(39, 10, 35)
(39, 11, 35)
(39, 12, 35)
(39, 13, 35)
(39, 14, 35)
(39, 15, 35)
(39, 16, 35)
(39, 17, 29)
(39, 18, 29)
(39, 19, 29)
(39, 20, 29)
(39, 21, 24)
(39, 22, 18)
(39, 23, 16)
(39, 24, 15)
(39, 25, 15)
(39, 26, 15)
(39, 27, 13)
(39, 28, 12)
(39, 29, 12)
(39, 30, 12)
(39, 31, 12)
(39, 32, 12)
(39, 33, 9)
(39, 34, 8)
(39, 35, 8)
(39, 36, 8)
(39, 37, 8)
(39, 38, 8)
(39, 39, 8)


Betti numbers:
xi_0:
(0, 0, 2)
(1, 0, 4)
(2, 0, 4)
(3, 0, 7)
(4, 0, 9)
(5, 0, 13)
(6, 0, 21)
(7, 0, 17)
(8, 0, 38)
(9, 0, 21)
(10, 0, 16)
(11, 0, 18)
(12, 0, 17)
(13, 0, 19)
(14, 0, 6)
(15, 0, 10)
(16, 0, 13)
(17, 0, 30)
(18, 0, 18)
(19, 0, 19)
(20, 0, 16)
(21, 0, 2)
(22, 0, 38)
(23, 0, 16)
(24, 0, 8)
(25, 0, 31)
(26, 0, 28)
(27, 0, 30)
(30, 0, 10)
(31, 0, 2)
(32, 0, 9)
(33, 0, 22)
(34, 0, 22)
(35, 0, 9)
(36, 0, 24)
(37, 0, 6)
(39, 0, 13)
xi_1:
(1, 1, 1)
(1, 3, 3)
(2, 1, 2)
(2, 30, 1)
(3, 3, 4)
(3, 4, 1)
(3, 5, 1)
(3, 10, 1)
(3, 21, 1)
(4, 1, 2)
(4, 3, 4)
(4, 6, 1)
(4, 9, 1)
(4, 21, 1)
(5, 1, 7)
(5, 2, 2)
(5, 6, 1)
(5, 7, 1)
(5, 35, 1)
(6, 1, 12)
(6, 2, 1)
(6, 3, 4)
(6, 6, 1)
(6, 9, 2)
(6, 23, 1)
(6, 33, 1)
(7, 1, 11)
(7, 2, 1)
(7, 3, 2)
(7, 9, 1)
(7, 17, 1)
(7, 24, 1)
(8, 1, 29)
(8, 2, 3)
(8, 3, 2)
(8, 5, 1)
(8, 8, 1)
(8, 9, 1)
(8, 11, 1)
(8, 22, 1)
(9, 1, 13)
(9, 2, 5)
(9, 3, 2)
(9, 4, 1)
(9, 10, 1)
(9, 21, 1)
(9, 34, 1)
(10, 1, 16)
(10, 2, 1)
(10, 3, 1)
(11, 1, 9)
(11, 2, 4)
(11, 3, 2)
(11, 5, 1)
(11, 6, 1)
(11, 17, 1)
(12, 1, 6)
(12, 2, 8)
(12, 3, 2)
(12, 7, 1)
(12, 8, 1)
(12, 27, 1)
(13, 1, 13)
(13, 2, 4)
(13, 3, 1)
(13, 5, 2)
(14, 1, 3)
(14, 2, 3)
(15, 1, 6)
(15, 2, 3)
(15, 3, 1)
(16, 1, 8)
(16, 2, 3)
(17, 1, 17)
(17, 2, 5)
(17, 3, 8)
(17, 4, 1)
(17, 36, 1)
(18, 1, 10)
(18, 3, 4)
(18, 9, 1)
(18, 10, 1)
(18, 21, 1)
(18, 33, 1)
(19, 1, 12)
(19, 2, 2)
(19, 3, 3)
(19, 4, 1)
(19, 6, 1)
(19, 7, 1)
(19, 17, 1)
(19, 22, 1)
(20, 1, 9)
(20, 2, 2)
(20, 3, 3)
(20, 4, 1)
(20, 17, 1)
(21, 1, 2)
(21, 2, 1)
(22, 1, 30)
(22, 2, 3)
(22, 3, 1)
(22, 10, 1)
(22, 22, 2)
(22, 33, 1)
(23, 1, 18)
(24, 1, 6)
(24, 2, 1)
(24, 17, 1)
(25, 1, 15)
(25, 2, 12)
(25, 3, 2)
(25, 4, 1)
(25, 6, 1)
(25, 17, 1)
(26, 1, 16)
(26, 2, 6)
(26, 3, 5)
(26, 5, 1)
(26, 22, 1)
(26, 28, 1)
(27, 1, 24)
(27, 2, 2)
(27, 3, 2)
(27, 5, 1)
(27, 6, 1)
(27, 7, 1)
(30, 1, 3)
(30, 2, 1)
(30, 3, 2)
(30, 4, 1)
(30, 27, 1)
(31, 1, 1)
(31, 9, 1)
(32, 1, 5)
(32, 2, 2)
(32, 3, 1)
(32, 7, 1)
(33, 1, 16)
(33, 2, 3)
(33, 3, 2)
(33, 6, 1)
(33, 21, 1)
(34, 1, 13)
(34, 2, 3)
(34, 3, 4)
(34, 4, 1)
(34, 9, 1)
(35, 1, 4)
(35, 2, 3)
(35, 3, 1)
(35, 6, 1)
(36, 1, 17)
(36, 2, 6)
(36, 4, 1)
(37, 1, 6)
(37, 2, 1)
(39, 1, 10)
(39, 2, 1)
(39, 3, 1)
(39, 22, 1)
(39, 23, 1)
xi_2:
(3, 30, 1)
(4, 5, 1)
(6, 35, 1)
(9, 8, 1)
(9, 11, 1)
(10, 2, 1)
(10, 3, 1)
(12, 5, 1)
(12, 6, 1)
(13, 7, 1)
(17, 2, 1)
(17, 8, 1)
(18, 36, 1)
(19, 3, 2)
(19, 9, 1)
(21, 4, 1)
(23, 2, 1)
(23, 3, 1)
(25, 2, 1)
(26, 2, 1)
(26, 4, 1)
(26, 6, 1)
(27, 2, 1)
(33, 7, 1)
(37, 2, 1)
