x-grades
-433899128321312839/200000000000000000
-212891108412414219/100000000000000000
-417665305328344037/200000000000000000
-102387098457964909/50000000000000000
-80286296467075047/40000000000000000
-196657285419445417/100000000000000000
-385197659342406433/200000000000000000
-23567546740370127/12500000000000000
-368963836349437631/200000000000000000
-36084692485295323/20000000000000000
-352730013356468829/200000000000000000
-86153275464996107/50000000000000000
-336496190363500027/200000000000000000
-164189639433507813/100000000000000000
-12810494694821249/8000000000000000
-39018181984255853/25000000000000000
-304028544377562423/200000000000000000
-147955816440539011/100000000000000000
-287794721384593621/200000000000000000
-13983890494405461/10000000000000000
-271560898391624819/200000000000000000
-131721993447570209/100000000000000000
-255327075398656017/200000000000000000
-7725317621942863/6250000000000000
-47818650481137443/40000000000000000
-115488170454601407/100000000000000000
-222859429412718413/200000000000000000
-53685629479058503/50000000000000000
-206625606419749611/200000000000000000
-19850869492326521/20000000000000000
-190391783426780809/200000000000000000
-22784358991287051/25000000000000000
-174157960433812007/200000000000000000
-83020524468663803/100000000000000000
-31584827488168641/40000000000000000
-37451806486089701/50000000000000000
-141690314447874403/200000000000000000
-66786701475695001/100000000000000000
-125456491454905601/200000000000000000
-293348949896053/500000000000000

y-grades
9999959/40000000
9999959/20000000
29999877/40000000
9999959/10000000
9999959/8000000
29999877/20000000
69999713/40000000
9999959/5000000
89999631/40000000
9999959/4000000
109999549/40000000
29999877/10000000
129999467/40000000
69999713/20000000
29999877/8000000
9999959/2500000
169999303/40000000
89999631/20000000
189999221/40000000
9999959/2000000
209999139/40000000
109999549/20000000
229999057/40000000
29999877/5000000
9999959/1600000
129999467/20000000
269998893/40000000
69999713/10000000
289998811/40000000
29999877/4000000
309998729/40000000
9999959/1250000
329998647/40000000
169999303/20000000
69999713/8000000
89999631/10000000
369998483/40000000
189999221/20000000
389998401/40000000
9999959/1000000

Dimensions > 0:
(0, 0, 13)
(0, 1, 12)
(0, 2, 11)
(0, 3, 9)
(0, 4, 7)
(0, 5, 5)
(0, 6, 5)
(0, 7, 5)
(0, 8, 5)
(0, 9, 5)
(0, 10, 5)
(0, 11, 5)
(0, 12, 4)
(0, 13, 3)
(0, 14, 3)
(0, 15, 3)
(0, 16, 3)
(0, 17, 3)
(0, 18, 3)
(0, 19, 3)
(0, 20, 3)
(0, 21, 3)
(0, 22, 3)
(0, 23, 3)
(0, 24, 2)
(0, 25, 2)
(0, 26, 2)
(0, 27, 2)
(0, 28, 2)
(0, 29, 2)
(0, 30, 2)
(0, 31, 2)
(0, 32, 2)
(0, 33, 2)
(0, 34, 2)
(0, 35, 2)
(0, 36, 2)
(0, 37, 2)
(0, 38, 2)
(0, 39, 2)

(1, 0, 26)
(1, 1, 25)
(1, 2, 24)
(1, 3, 22)
(1, 4, 20)
(1, 5, 17)
(1, 6, 16)
(1, 7, 15)
(1, 8, 15)
(1, 9, 14)
(1, 10, 11)
(1, 11, 11)
(1, 12, 9)
(1, 13, 7)
(1, 14, 7)
(1, 15, 7)
(1, 16, 7)
(1, 17, 6)
(1, 18, 6)
(1, 19, 6)
(1, 20, 6)
(1, 21, 5)
(1, 22, 4)
(1, 23, 4)
(1, 24, 2)
(1, 25, 2)
(1, 26, 2)
(1, 27, 2)
(1, 28, 2)
(1, 29, 2)
(1, 30, 2)
(1, 31, 2)
(1, 32, 2)
(1, 33, 2)
(1, 34, 2)
(1, 35, 2)
(1, 36, 2)
(1, 37, 2)
(1, 38, 2)
(1, 39, 2)

(2, 0, 40)
(2, 1, 39)
(2, 2, 36)
(2, 3, 33)
(2, 4, 31)
(2, 5, 27)
(2, 6, 24)
(2, 7, 21)
(2, 8, 20)
(2, 9, 18)
(2, 10, 14)
(2, 11, 14)
(2, 12, 11)
(2, 13, 10)
(2, 14, 10)
(2, 15, 9)
(2, 16, 8)
(2, 17, 7)
(2, 18, 6)
(2, 19, 6)
(2, 20, 6)
(2, 21, 5)
(2, 22, 4)
(2, 23, 4)
(2, 24, 3)
(2, 25, 2)
(2, 26, 2)
(2, 27, 2)
(2, 28, 2)
(2, 29, 2)
(2, 30, 1)
(2, 31, 1)
(2, 32, 1)
(2, 33, 1)
(2, 34, 1)
(2, 35, 1)
(2, 36, 1)
(2, 37, 1)
(2, 38, 1)
(2, 39, 1)

(3, 0, 55)
(3, 1, 53)
(3, 2, 48)
(3, 3, 44)
(3, 4, 40)
(3, 5, 36)
(3, 6, 33)
(3, 7, 30)
(3, 8, 29)
(3, 9, 25)
(3, 10, 21)
(3, 11, 20)
(3, 12, 17)
(3, 13, 16)
(3, 14, 15)
(3, 15, 15)
(3, 16, 13)
(3, 17, 10)
(3, 18, 9)
(3, 19, 9)
(3, 20, 9)
(3, 21, 7)
(3, 22, 5)
(3, 23, 4)
(3, 24, 4)
(3, 25, 4)
(3, 26, 4)
(3, 27, 4)
(3, 28, 4)
(3, 29, 3)
(3, 30, 3)
(3, 31, 3)
(3, 32, 3)
(3, 33, 3)
(3, 34, 3)
(3, 35, 3)
(3, 36, 3)
(3, 37, 3)
(3, 38, 3)
(3, 39, 3)

(4, 0, 68)
(4, 1, 64)
(4, 2, 59)
(4, 3, 52)
(4, 4, 46)
(4, 5, 42)
(4, 6, 37)
(4, 7, 34)
(4, 8, 32)
(4, 9, 29)
(4, 10, 25)
(4, 11, 24)
(4, 12, 21)
(4, 13, 20)
(4, 14, 17)
(4, 15, 16)
(4, 16, 14)
(4, 17, 11)
(4, 18, 9)
(4, 19, 9)
(4, 20, 9)
(4, 21, 8)
(4, 22, 6)
(4, 23, 5)
(4, 24, 5)
(4, 25, 4)
(4, 26, 4)
(4, 27, 4)
(4, 28, 4)
(4, 29, 4)
(4, 30, 4)
(4, 31, 3)
(4, 32, 3)
(4, 33, 3)
(4, 34, 3)
(4, 35, 3)
(4, 36, 3)
(4, 37, 3)
(4, 38, 3)
(4, 39, 3)

(5, 0, 82)
(5, 1, 76)
(5, 2, 71)
(5, 3, 64)
(5, 4, 57)
(5, 5, 53)
(5, 6, 47)
(5, 7, 43)
(5, 8, 40)
(5, 9, 37)
(5, 10, 29)
(5, 11, 28)
(5, 12, 25)
(5, 13, 24)
(5, 14, 21)
(5, 15, 20)
(5, 16, 17)
(5, 17, 13)
(5, 18, 10)
(5, 19, 7)
(5, 20, 7)
(5, 21, 7)
(5, 22, 4)
(5, 23, 4)
(5, 24, 4)
(5, 25, 4)
(5, 26, 3)
(5, 27, 3)
(5, 28, 3)
(5, 29, 3)
(5, 30, 3)
(5, 31, 2)
(5, 32, 2)
(5, 33, 2)
(5, 34, 2)
(5, 35, 2)
(5, 36, 2)
(5, 37, 2)
(5, 38, 2)
(5, 39, 2)

(6, 0, 97)
(6, 1, 89)
(6, 2, 84)
(6, 3, 76)
(6, 4, 67)
(6, 5, 60)
(6, 6, 53)
(6, 7, 48)
(6, 8, 43)
(6, 9, 40)
(6, 10, 32)
(6, 11, 29)
(6, 12, 25)
(6, 13, 24)
(6, 14, 20)
(6, 15, 19)
(6, 16, 16)
(6, 17, 13)
(6, 18, 10)
(6, 19, 7)
(6, 20, 7)
(6, 21, 7)
(6, 22, 4)
(6, 23, 4)
(6, 24, 4)
(6, 25, 4)
(6, 26, 3)
(6, 27, 3)
(6, 28, 3)
(6, 29, 3)
(6, 30, 3)
(6, 31, 2)
(6, 32, 2)
(6, 33, 2)
(6, 34, 2)
(6, 35, 2)
(6, 36, 2)
(6, 37, 2)
(6, 38, 2)
(6, 39, 2)

(7, 0, 125)
(7, 1, 114)
(7, 2, 107)
(7, 3, 95)
(7, 4, 81)
(7, 5, 71)
(7, 6, 61)
(7, 7, 56)
(7, 8, 52)
(7, 9, 48)
(7, 10, 37)
(7, 11, 32)
(7, 12, 25)
(7, 13, 24)
(7, 14, 20)
(7, 15, 19)
(7, 16, 17)
(7, 17, 13)
(7, 18, 11)
(7, 19, 8)
(7, 20, 8)
(7, 21, 8)
(7, 22, 4)
(7, 23, 3)
(7, 24, 3)
(7, 25, 3)
(7, 26, 3)
(7, 27, 3)
(7, 28, 3)
(7, 29, 3)
(7, 30, 3)
(7, 31, 2)
(7, 32, 2)
(7, 33, 2)
(7, 34, 2)
(7, 35, 2)
(7, 36, 2)
(7, 37, 2)
(7, 38, 2)
(7, 39, 2)

(8, 0, 140)
(8, 1, 128)
(8, 2, 120)
(8, 3, 108)
(8, 4, 92)
(8, 5, 79)
(8, 6, 67)
(8, 7, 61)
(8, 8, 55)
(8, 9, 51)
(8, 10, 41)
(8, 11, 34)
(8, 12, 29)
(8, 13, 28)
(8, 14, 24)
(8, 15, 22)
(8, 16, 20)
(8, 17, 15)
(8, 18, 13)
(8, 19, 10)
(8, 20, 9)
(8, 21, 9)
(8, 22, 4)
(8, 23, 4)
(8, 24, 4)
(8, 25, 4)
(8, 26, 4)
(8, 27, 4)
(8, 28, 4)
(8, 29, 4)
(8, 30, 3)
(8, 31, 2)
(8, 32, 2)
(8, 33, 2)
(8, 34, 2)
(8, 35, 2)
(8, 36, 2)
(8, 37, 2)
(8, 38, 2)
(8, 39, 2)

(9, 0, 160)
(9, 1, 147)
(9, 2, 137)
(9, 3, 123)
(9, 4, 105)
(9, 5, 91)
(9, 6, 77)
(9, 7, 70)
(9, 8, 64)
(9, 9, 60)
(9, 10, 49)
(9, 11, 40)
(9, 12, 35)
(9, 13, 31)
(9, 14, 26)
(9, 15, 23)
(9, 16, 21)
(9, 17, 16)
(9, 18, 14)
(9, 19, 11)
(9, 20, 11)
(9, 21, 11)
(9, 22, 6)
(9, 23, 6)
(9, 24, 6)
(9, 25, 6)
(9, 26, 4)
(9, 27, 4)
(9, 28, 4)
(9, 29, 3)
(9, 30, 3)
(9, 31, 2)
(9, 32, 2)
(9, 33, 2)
(9, 34, 2)
(9, 35, 2)
(9, 36, 2)
(9, 37, 2)
(9, 38, 2)
(9, 39, 2)

(10, 0, 202)
(10, 1, 181)
(10, 2, 167)
(10, 3, 147)
(10, 4, 127)
(10, 5, 108)
(10, 6, 92)
(10, 7, 82)
(10, 8, 70)
(10, 9, 65)
(10, 10, 53)
(10, 11, 42)
(10, 12, 35)
(10, 13, 30)
(10, 14, 25)
(10, 15, 20)
(10, 16, 17)
(10, 17, 13)
(10, 18, 11)
(10, 19, 7)
(10, 20, 7)
(10, 21, 7)
(10, 22, 3)
(10, 23, 3)
(10, 24, 3)
(10, 25, 3)
(10, 26, 3)
(10, 27, 3)
(10, 28, 3)
(10, 29, 3)
(10, 30, 3)
(10, 31, 2)
(10, 32, 2)
(10, 33, 2)
(10, 34, 2)
(10, 35, 2)
(10, 36, 2)
(10, 37, 2)
(10, 38, 2)
(10, 39, 2)

(11, 0, 210)
(11, 1, 189)
(11, 2, 174)
(11, 3, 154)
(11, 4, 132)
(11, 5, 113)
(11, 6, 97)
(11, 7, 87)
(11, 8, 75)
(11, 9, 69)
(11, 10, 56)
(11, 11, 44)
(11, 12, 35)
(11, 13, 29)
(11, 14, 24)
(11, 15, 20)
(11, 16, 16)
(11, 17, 12)
(11, 18, 10)
(11, 19, 6)
(11, 20, 6)
(11, 21, 6)
(11, 22, 3)
(11, 23, 3)
(11, 24, 3)
(11, 25, 3)
(11, 26, 3)
(11, 27, 3)
(11, 28, 3)
(11, 29, 3)
(11, 30, 3)
(11, 31, 2)
(11, 32, 2)
(11, 33, 2)
(11, 34, 2)
(11, 35, 2)
(11, 36, 2)
(11, 37, 2)
(11, 38, 2)
(11, 39, 2)

(12, 0, 224)
(12, 1, 202)
(12, 2, 186)
(12, 3, 166)
(12, 4, 142)
(12, 5, 121)
(12, 6, 104)
(12, 7, 94)
(12, 8, 81)
(12, 9, 74)
(12, 10, 61)
(12, 11, 48)
(12, 12, 38)
(12, 13, 32)
(12, 14, 27)
(12, 15, 22)
(12, 16, 19)
(12, 17, 15)
(12, 18, 12)
(12, 19, 9)
(12, 20, 8)
(12, 21, 8)
(12, 22, 5)
(12, 23, 5)
(12, 24, 5)
(12, 25, 5)
(12, 26, 4)
(12, 27, 4)
(12, 28, 4)
(12, 29, 4)
(12, 30, 4)
(12, 31, 3)
(12, 32, 3)
(12, 33, 3)
(12, 34, 3)
(12, 35, 3)
(12, 36, 3)
(12, 37, 2)
(12, 38, 2)
(12, 39, 2)

(13, 0, 232)
(13, 1, 210)
(13, 2, 194)
(13, 3, 173)
(13, 4, 147)
(13, 5, 124)
(13, 6, 107)
(13, 7, 95)
(13, 8, 82)
(13, 9, 75)
(13, 10, 62)
(13, 11, 49)
(13, 12, 40)
(13, 13, 34)
(13, 14, 29)
(13, 15, 23)
(13, 16, 20)
(13, 17, 16)
(13, 18, 13)
(13, 19, 10)
(13, 20, 8)
(13, 21, 7)
(13, 22, 4)
(13, 23, 4)
(13, 24, 4)
(13, 25, 4)
(13, 26, 4)
(13, 27, 4)
(13, 28, 4)
(13, 29, 4)
(13, 30, 4)
(13, 31, 3)
(13, 32, 3)
(13, 33, 3)
(13, 34, 3)
(13, 35, 2)
(13, 36, 2)
(13, 37, 2)
(13, 38, 2)
(13, 39, 2)

(14, 0, 237)
(14, 1, 215)
(14, 2, 198)
(14, 3, 176)
(14, 4, 149)
(14, 5, 125)
(14, 6, 108)
(14, 7, 96)
(14, 8, 83)
(14, 9, 76)
(14, 10, 63)
(14, 11, 50)
(14, 12, 41)
(14, 13, 35)
(14, 14, 29)
(14, 15, 23)
(14, 16, 20)
(14, 17, 15)
(14, 18, 12)
(14, 19, 9)
(14, 20, 7)
(14, 21, 7)
(14, 22, 4)
(14, 23, 4)
(14, 24, 4)
(14, 25, 4)
(14, 26, 4)
(14, 27, 4)
(14, 28, 4)
(14, 29, 4)
(14, 30, 4)
(14, 31, 3)
(14, 32, 3)
(14, 33, 3)
(14, 34, 3)
(14, 35, 2)
(14, 36, 2)
(14, 37, 2)
(14, 38, 2)
(14, 39, 2)

(15, 0, 241)
(15, 1, 219)
(15, 2, 202)
(15, 3, 179)
(15, 4, 151)
(15, 5, 127)
(15, 6, 110)
(15, 7, 97)
(15, 8, 84)
(15, 9, 77)
(15, 10, 64)
(15, 11, 51)
(15, 12, 42)
(15, 13, 36)
(15, 14, 30)
(15, 15, 24)
(15, 16, 21)
(15, 17, 16)
(15, 18, 13)
(15, 19, 10)
(15, 20, 8)
(15, 21, 8)
(15, 22, 4)
(15, 23, 4)
(15, 24, 4)
(15, 25, 4)
(15, 26, 4)
(15, 27, 4)
(15, 28, 4)
(15, 29, 4)
(15, 30, 4)
(15, 31, 3)
(15, 32, 3)
(15, 33, 3)
(15, 34, 3)
(15, 35, 2)
(15, 36, 2)
(15, 37, 2)
(15, 38, 2)
(15, 39, 2)

(16, 0, 251)
(16, 1, 227)
(16, 2, 210)
(16, 3, 185)
(16, 4, 157)
(16, 5, 132)
(16, 6, 114)
(16, 7, 101)
(16, 8, 88)
(16, 9, 81)
(16, 10, 68)
(16, 11, 55)
(16, 12, 46)
(16, 13, 40)
(16, 14, 34)
(16, 15, 27)
(16, 16, 23)
(16, 17, 18)
(16, 18, 14)
(16, 19, 10)
(16, 20, 9)
(16, 21, 9)
(16, 22, 5)
(16, 23, 5)
(16, 24, 5)
(16, 25, 4)
(16, 26, 4)
(16, 27, 4)
(16, 28, 4)
(16, 29, 4)
(16, 30, 4)
(16, 31, 3)
(16, 32, 3)
(16, 33, 3)
(16, 34, 3)
(16, 35, 2)
(16, 36, 2)
(16, 37, 2)
(16, 38, 2)
(16, 39, 2)

(17, 0, 264)
(17, 1, 239)
(17, 2, 220)
(17, 3, 192)
(17, 4, 163)
(17, 5, 137)
(17, 6, 119)
(17, 7, 106)
(17, 8, 93)
(17, 9, 86)
(17, 10, 73)
(17, 11, 60)
(17, 12, 51)
(17, 13, 45)
(17, 14, 39)
(17, 15, 32)
(17, 16, 27)
(17, 17, 22)
(17, 18, 17)
(17, 19, 12)
(17, 20, 11)
(17, 21, 11)
(17, 22, 6)
(17, 23, 6)
(17, 24, 5)
(17, 25, 5)
(17, 26, 5)
(17, 27, 5)
(17, 28, 5)
(17, 29, 5)
(17, 30, 5)
(17, 31, 4)
(17, 32, 3)
(17, 33, 3)
(17, 34, 3)
(17, 35, 2)
(17, 36, 2)
(17, 37, 2)
(17, 38, 2)
(17, 39, 2)

(18, 0, 277)
(18, 1, 250)
(18, 2, 230)
(18, 3, 201)
(18, 4, 171)
(18, 5, 144)
(18, 6, 125)
(18, 7, 111)
(18, 8, 96)
(18, 9, 89)
(18, 10, 76)
(18, 11, 62)
(18, 12, 52)
(18, 13, 45)
(18, 14, 39)
(18, 15, 31)
(18, 16, 27)
(18, 17, 22)
(18, 18, 18)
(18, 19, 12)
(18, 20, 11)
(18, 21, 11)
(18, 22, 6)
(18, 23, 6)
(18, 24, 5)
(18, 25, 5)
(18, 26, 5)
(18, 27, 4)
(18, 28, 4)
(18, 29, 4)
(18, 30, 4)
(18, 31, 3)
(18, 32, 3)
(18, 33, 3)
(18, 34, 3)
(18, 35, 2)
(18, 36, 2)
(18, 37, 2)
(18, 38, 2)
(18, 39, 2)

(19, 0, 282)
(19, 1, 255)
(19, 2, 235)
(19, 3, 206)
(19, 4, 176)
(19, 5, 149)
(19, 6, 130)
(19, 7, 116)
(19, 8, 100)
(19, 9, 92)
(19, 10, 79)
(19, 11, 63)
(19, 12, 52)
(19, 13, 45)
(19, 14, 39)
(19, 15, 31)
(19, 16, 27)
(19, 17, 21)
(19, 18, 17)
(19, 19, 12)
(19, 20, 11)
(19, 21, 11)
(19, 22, 6)
(19, 23, 6)
(19, 24, 5)
(19, 25, 5)
(19, 26, 5)
(19, 27, 4)
(19, 28, 4)
(19, 29, 4)
(19, 30, 4)
(19, 31, 3)
(19, 32, 3)
(19, 33, 3)
(19, 34, 3)
(19, 35, 2)
(19, 36, 2)
(19, 37, 2)
(19, 38, 2)
(19, 39, 2)

(20, 0, 293)
(20, 1, 265)
(20, 2, 242)
(20, 3, 212)
(20, 4, 181)
(20, 5, 154)
(20, 6, 135)
(20, 7, 120)
(20, 8, 102)
(20, 9, 95)
(20, 10, 82)
(20, 11, 65)
(20, 12, 54)
(20, 13, 47)
(20, 14, 41)
(20, 15, 33)
(20, 16, 29)
(20, 17, 22)
(20, 18, 18)
(20, 19, 13)
(20, 20, 12)
(20, 21, 11)
(20, 22, 7)
(20, 23, 7)
(20, 24, 6)
(20, 25, 6)
(20, 26, 6)
(20, 27, 5)
(20, 28, 5)
(20, 29, 5)
(20, 30, 5)
(20, 31, 4)
(20, 32, 4)
(20, 33, 4)
(20, 34, 4)
(20, 35, 3)
(20, 36, 3)
(20, 37, 3)
(20, 38, 3)
(20, 39, 3)

(21, 0, 297)
(21, 1, 269)
(21, 2, 246)
(21, 3, 216)
(21, 4, 185)
(21, 5, 158)
(21, 6, 139)
(21, 7, 123)
(21, 8, 105)
(21, 9, 98)
(21, 10, 83)
(21, 11, 65)
(21, 12, 53)
(21, 13, 46)
(21, 14, 40)
(21, 15, 32)
(21, 16, 28)
(21, 17, 21)
(21, 18, 17)
(21, 19, 12)
(21, 20, 11)
(21, 21, 11)
(21, 22, 7)
(21, 23, 7)
(21, 24, 6)
(21, 25, 6)
(21, 26, 6)
(21, 27, 5)
(21, 28, 5)
(21, 29, 5)
(21, 30, 5)
(21, 31, 4)
(21, 32, 4)
(21, 33, 4)
(21, 34, 4)
(21, 35, 3)
(21, 36, 3)
(21, 37, 3)
(21, 38, 3)
(21, 39, 3)

(22, 0, 314)
(22, 1, 283)
(22, 2, 257)
(22, 3, 226)
(22, 4, 195)
(22, 5, 166)
(22, 6, 147)
(22, 7, 130)
(22, 8, 112)
(22, 9, 103)
(22, 10, 89)
(22, 11, 68)
(22, 12, 56)
(22, 13, 49)
(22, 14, 43)
(22, 15, 35)
(22, 16, 29)
(22, 17, 23)
(22, 18, 19)
(22, 19, 14)
(22, 20, 13)
(22, 21, 13)
(22, 22, 9)
(22, 23, 9)
(22, 24, 8)
(22, 25, 8)
(22, 26, 8)
(22, 27, 6)
(22, 28, 6)
(22, 29, 6)
(22, 30, 6)
(22, 31, 5)
(22, 32, 5)
(22, 33, 5)
(22, 34, 5)
(22, 35, 3)
(22, 36, 3)
(22, 37, 3)
(22, 38, 3)
(22, 39, 3)

(23, 0, 331)
(23, 1, 299)
(23, 2, 273)
(23, 3, 242)
(23, 4, 208)
(23, 5, 178)
(23, 6, 159)
(23, 7, 142)
(23, 8, 123)
(23, 9, 110)
(23, 10, 96)
(23, 11, 76)
(23, 12, 64)
(23, 13, 56)
(23, 14, 50)
(23, 15, 40)
(23, 16, 33)
(23, 17, 26)
(23, 18, 22)
(23, 19, 17)
(23, 20, 16)
(23, 21, 15)
(23, 22, 10)
(23, 23, 10)
(23, 24, 9)
(23, 25, 8)
(23, 26, 8)
(23, 27, 7)
(23, 28, 7)
(23, 29, 7)
(23, 30, 7)
(23, 31, 6)
(23, 32, 6)
(23, 33, 6)
(23, 34, 6)
(23, 35, 5)
(23, 36, 5)
(23, 37, 5)
(23, 38, 5)
(23, 39, 5)

(24, 0, 349)
(24, 1, 317)
(24, 2, 290)
(24, 3, 258)
(24, 4, 224)
(24, 5, 194)
(24, 6, 173)
(24, 7, 154)
(24, 8, 132)
(24, 9, 117)
(24, 10, 102)
(24, 11, 82)
(24, 12, 69)
(24, 13, 60)
(24, 14, 52)
(24, 15, 42)
(24, 16, 35)
(24, 17, 28)
(24, 18, 24)
(24, 19, 19)
(24, 20, 17)
(24, 21, 15)
(24, 22, 10)
(24, 23, 10)
(24, 24, 9)
(24, 25, 9)
(24, 26, 9)
(24, 27, 8)
(24, 28, 8)
(24, 29, 8)
(24, 30, 8)
(24, 31, 7)
(24, 32, 7)
(24, 33, 7)
(24, 34, 7)
(24, 35, 6)
(24, 36, 6)
(24, 37, 6)
(24, 38, 6)
(24, 39, 6)

(25, 0, 362)
(25, 1, 330)
(25, 2, 302)
(25, 3, 269)
(25, 4, 235)
(25, 5, 203)
(25, 6, 182)
(25, 7, 161)
(25, 8, 139)
(25, 9, 124)
(25, 10, 107)
(25, 11, 86)
(25, 12, 70)
(25, 13, 61)
(25, 14, 54)
(25, 15, 44)
(25, 16, 37)
(25, 17, 30)
(25, 18, 26)
(25, 19, 21)
(25, 20, 18)
(25, 21, 17)
(25, 22, 12)
(25, 23, 11)
(25, 24, 10)
(25, 25, 10)
(25, 26, 10)
(25, 27, 9)
(25, 28, 8)
(25, 29, 8)
(25, 30, 8)
(25, 31, 7)
(25, 32, 7)
(25, 33, 7)
(25, 34, 7)
(25, 35, 6)
(25, 36, 6)
(25, 37, 6)
(25, 38, 6)
(25, 39, 6)

(26, 0, 385)
(26, 1, 352)
(26, 2, 323)
(26, 3, 289)
(26, 4, 254)
(26, 5, 220)
(26, 6, 199)
(26, 7, 175)
(26, 8, 151)
(26, 9, 136)
(26, 10, 119)
(26, 11, 96)
(26, 12, 79)
(26, 13, 70)
(26, 14, 62)
(26, 15, 50)
(26, 16, 43)
(26, 17, 34)
(26, 18, 29)
(26, 19, 23)
(26, 20, 20)
(26, 21, 19)
(26, 22, 14)
(26, 23, 14)
(26, 24, 12)
(26, 25, 12)
(26, 26, 12)
(26, 27, 11)
(26, 28, 10)
(26, 29, 10)
(26, 30, 10)
(26, 31, 8)
(26, 32, 8)
(26, 33, 8)
(26, 34, 8)
(26, 35, 7)
(26, 36, 7)
(26, 37, 7)
(26, 38, 7)
(26, 39, 7)

(27, 0, 424)
(27, 1, 386)
(27, 2, 353)
(27, 3, 316)
(27, 4, 278)
(27, 5, 241)
(27, 6, 217)
(27, 7, 189)
(27, 8, 164)
(27, 9, 149)
(27, 10, 131)
(27, 11, 106)
(27, 12, 88)
(27, 13, 76)
(27, 14, 68)
(27, 15, 55)
(27, 16, 46)
(27, 17, 38)
(27, 18, 34)
(27, 19, 28)
(27, 20, 25)
(27, 21, 24)
(27, 22, 18)
(27, 23, 16)
(27, 24, 14)
(27, 25, 12)
(27, 26, 12)
(27, 27, 11)
(27, 28, 11)
(27, 29, 11)
(27, 30, 10)
(27, 31, 8)
(27, 32, 8)
(27, 33, 8)
(27, 34, 8)
(27, 35, 7)
(27, 36, 6)
(27, 37, 5)
(27, 38, 5)
(27, 39, 5)

(28, 0, 457)
(28, 1, 411)
(28, 2, 377)
(28, 3, 336)
(28, 4, 298)
(28, 5, 258)
(28, 6, 234)
(28, 7, 202)
(28, 8, 175)
(28, 9, 157)
(28, 10, 137)
(28, 11, 111)
(28, 12, 91)
(28, 13, 79)
(28, 14, 70)
(28, 15, 57)
(28, 16, 47)
(28, 17, 39)
(28, 18, 34)
(28, 19, 27)
(28, 20, 24)
(28, 21, 23)
(28, 22, 18)
(28, 23, 16)
(28, 24, 15)
(28, 25, 13)
(28, 26, 13)
(28, 27, 12)
(28, 28, 12)
(28, 29, 10)
(28, 30, 10)
(28, 31, 9)
(28, 32, 9)
(28, 33, 8)
(28, 34, 8)
(28, 35, 6)
(28, 36, 6)
(28, 37, 5)
(28, 38, 5)
(28, 39, 5)

(29, 0, 478)
(29, 1, 430)
(29, 2, 395)
(29, 3, 353)
(29, 4, 314)
(29, 5, 272)
(29, 6, 246)
(29, 7, 213)
(29, 8, 184)
(29, 9, 166)
(29, 10, 146)
(29, 11, 119)
(29, 12, 98)
(29, 13, 86)
(29, 14, 75)
(29, 15, 62)
(29, 16, 52)
(29, 17, 42)
(29, 18, 37)
(29, 19, 30)
(29, 20, 27)
(29, 21, 25)
(29, 22, 21)
(29, 23, 19)
(29, 24, 17)
(29, 25, 15)
(29, 26, 14)
(29, 27, 12)
(29, 28, 11)
(29, 29, 10)
(29, 30, 10)
(29, 31, 8)
(29, 32, 8)
(29, 33, 8)
(29, 34, 8)
(29, 35, 6)
(29, 36, 6)
(29, 37, 5)
(29, 38, 4)
(29, 39, 4)

(30, 0, 502)
(30, 1, 451)
(30, 2, 414)
(30, 3, 369)
(30, 4, 328)
(30, 5, 286)
(30, 6, 260)
(30, 7, 224)
(30, 8, 195)
(30, 9, 177)
(30, 10, 156)
(30, 11, 125)
(30, 12, 104)
(30, 13, 91)
(30, 14, 81)
(30, 15, 64)
(30, 16, 54)
(30, 17, 44)
(30, 18, 39)
(30, 19, 32)
(30, 20, 29)
(30, 21, 27)
(30, 22, 22)
(30, 23, 20)
(30, 24, 18)
(30, 25, 16)
(30, 26, 14)
(30, 27, 13)
(30, 28, 11)
(30, 29, 10)
(30, 30, 10)
(30, 31, 9)
(30, 32, 9)
(30, 33, 9)
(30, 34, 9)
(30, 35, 7)
(30, 36, 5)
(30, 37, 3)
(30, 38, 3)
(30, 39, 3)

(31, 0, 535)
(31, 1, 481)
(31, 2, 442)
(31, 3, 396)
(31, 4, 352)
(31, 5, 306)
(31, 6, 279)
(31, 7, 241)
(31, 8, 212)
(31, 9, 193)
(31, 10, 170)
(31, 11, 136)
(31, 12, 114)
(31, 13, 99)
(31, 14, 89)
(31, 15, 70)
(31, 16, 59)
(31, 17, 47)
(31, 18, 39)
(31, 19, 32)
(31, 20, 29)
(31, 21, 27)
(31, 22, 23)
(31, 23, 19)
(31, 24, 17)
(31, 25, 15)
(31, 26, 15)
(31, 27, 14)
(31, 28, 13)
(31, 29, 12)
(31, 30, 12)
(31, 31, 11)
(31, 32, 10)
(31, 33, 10)
(31, 34, 10)
(31, 35, 8)
(31, 36, 6)
(31, 37, 3)
(31, 38, 3)
(31, 39, 3)

(32, 0, 582)
(32, 1, 523)
(32, 2, 480)
(32, 3, 431)
(32, 4, 382)
(32, 5, 325)
(32, 6, 294)
(32, 7, 255)
(32, 8, 225)
(32, 9, 206)
(32, 10, 180)
(32, 11, 143)
(32, 12, 121)
(32, 13, 104)
(32, 14, 93)
(32, 15, 68)
(32, 16, 57)
(32, 17, 46)
(32, 18, 42)
(32, 19, 35)
(32, 20, 30)
(32, 21, 28)
(32, 22, 23)
(32, 23, 19)
(32, 24, 16)
(32, 25, 13)
(32, 26, 11)
(32, 27, 10)
(32, 28, 9)
(32, 29, 8)
(32, 30, 8)
(32, 31, 7)
(32, 32, 7)
(32, 33, 7)
(32, 34, 7)
(32, 35, 5)
(32, 36, 4)
(32, 37, 3)
(32, 38, 3)
(32, 39, 3)

(33, 0, 629)
(33, 1, 563)
(33, 2, 515)
(33, 3, 463)
(33, 4, 404)
(33, 5, 345)
(33, 6, 313)
(33, 7, 272)
(33, 8, 241)
(33, 9, 220)
(33, 10, 194)
(33, 11, 154)
(33, 12, 132)
(33, 13, 115)
(33, 14, 103)
(33, 15, 79)
(33, 16, 67)
(33, 17, 55)
(33, 18, 49)
(33, 19, 40)
(33, 20, 36)
(33, 21, 32)
(33, 22, 26)
(33, 23, 20)
(33, 24, 18)
(33, 25, 16)
(33, 26, 15)
(33, 27, 14)
(33, 28, 12)
(33, 29, 10)
(33, 30, 8)
(33, 31, 7)
(33, 32, 7)
(33, 33, 7)
(33, 34, 7)
(33, 35, 5)
(33, 36, 4)
(33, 37, 3)
(33, 38, 3)
(33, 39, 3)

(34, 0, 663)
(34, 1, 595)
(34, 2, 546)
(34, 3, 489)
(34, 4, 424)
(34, 5, 362)
(34, 6, 326)
(34, 7, 283)
(34, 8, 250)
(34, 9, 227)
(34, 10, 201)
(34, 11, 160)
(34, 12, 135)
(34, 13, 116)
(34, 14, 103)
(34, 15, 78)
(34, 16, 66)
(34, 17, 54)
(34, 18, 48)
(34, 19, 39)
(34, 20, 36)
(34, 21, 33)
(34, 22, 26)
(34, 23, 20)
(34, 24, 18)
(34, 25, 16)
(34, 26, 14)
(34, 27, 13)
(34, 28, 12)
(34, 29, 11)
(34, 30, 8)
(34, 31, 7)
(34, 32, 7)
(34, 33, 6)
(34, 34, 6)
(34, 35, 4)
(34, 36, 4)
(34, 37, 3)
(34, 38, 3)
(34, 39, 3)

(35, 0, 707)
(35, 1, 636)
(35, 2, 582)
(35, 3, 517)
(35, 4, 450)
(35, 5, 384)
(35, 6, 344)
(35, 7, 300)
(35, 8, 265)
(35, 9, 240)
(35, 10, 212)
(35, 11, 171)
(35, 12, 147)
(35, 13, 125)
(35, 14, 109)
(35, 15, 84)
(35, 16, 72)
(35, 17, 58)
(35, 18, 51)
(35, 19, 41)
(35, 20, 38)
(35, 21, 35)
(35, 22, 27)
(35, 23, 21)
(35, 24, 19)
(35, 25, 17)
(35, 26, 15)
(35, 27, 14)
(35, 28, 12)
(35, 29, 10)
(35, 30, 8)
(35, 31, 6)
(35, 32, 6)
(35, 33, 6)
(35, 34, 6)
(35, 35, 4)
(35, 36, 4)
(35, 37, 3)
(35, 38, 3)
(35, 39, 3)

(36, 0, 747)
(36, 1, 673)
(36, 2, 617)
(36, 3, 544)
(36, 4, 473)
(36, 5, 402)
(36, 6, 359)
(36, 7, 310)
(36, 8, 275)
(36, 9, 249)
(36, 10, 220)
(36, 11, 178)
(36, 12, 152)
(36, 13, 128)
(36, 14, 109)
(36, 15, 83)
(36, 16, 71)
(36, 17, 56)
(36, 18, 50)
(36, 19, 41)
(36, 20, 38)
(36, 21, 36)
(36, 22, 27)
(36, 23, 22)
(36, 24, 20)
(36, 25, 18)
(36, 26, 16)
(36, 27, 15)
(36, 28, 12)
(36, 29, 9)
(36, 30, 8)
(36, 31, 6)
(36, 32, 6)
(36, 33, 6)
(36, 34, 6)
(36, 35, 4)
(36, 36, 4)
(36, 37, 3)
(36, 38, 3)
(36, 39, 3)

(37, 0, 783)
(37, 1, 705)
(37, 2, 647)
(37, 3, 570)
(37, 4, 499)
(37, 5, 424)
(37, 6, 379)
(37, 7, 326)
(37, 8, 289)
(37, 9, 259)
(37, 10, 227)
(37, 11, 182)
(37, 12, 157)
(37, 13, 132)
(37, 14, 114)
(37, 15, 87)
(37, 16, 74)
(37, 17, 59)
(37, 18, 50)
(37, 19, 39)
(37, 20, 34)
(37, 21, 32)
(37, 22, 24)
(37, 23, 19)
(37, 24, 17)
(37, 25, 15)
(37, 26, 13)
(37, 27, 12)
(37, 28, 10)
(37, 29, 9)
(37, 30, 7)
(37, 31, 6)
(37, 32, 6)
(37, 33, 6)
(37, 34, 6)
(37, 35, 4)
(37, 36, 4)
(37, 37, 3)
(37, 38, 3)
(37, 39, 3)

(38, 0, 829)
(38, 1, 745)
(38, 2, 680)
(38, 3, 594)
(38, 4, 514)
(38, 5, 435)
(38, 6, 386)
(38, 7, 332)
(38, 8, 293)
(38, 9, 263)
(38, 10, 229)
(38, 11, 180)
(38, 12, 155)
(38, 13, 130)
(38, 14, 111)
(38, 15, 84)
(38, 16, 72)
(38, 17, 55)
(38, 18, 48)
(38, 19, 38)
(38, 20, 34)
(38, 21, 32)
(38, 22, 24)
(38, 23, 19)
(38, 24, 17)
(38, 25, 15)
(38, 26, 13)
(38, 27, 12)
(38, 28, 10)
(38, 29, 9)
(38, 30, 7)
(38, 31, 6)
(38, 32, 6)
(38, 33, 6)
(38, 34, 6)
(38, 35, 4)
(38, 36, 4)
(38, 37, 3)
(38, 38, 3)
(38, 39, 3)

(39, 0, 853)
(39, 1, 768)
(39, 2, 703)
(39, 3, 614)
(39, 4, 531)
(39, 5, 443)
(39, 6, 392)
(39, 7, 337)
(39, 8, 297)
(39, 9, 263)
(39, 10, 228)
(39, 11, 178)
(39, 12, 153)
(39, 13, 129)
(39, 14, 108)
(39, 15, 81)
(39, 16, 69)
(39, 17, 53)
(39, 18, 46)
(39, 19, 38)
(39, 20, 34)
(39, 21, 32)
(39, 22, 24)
(39, 23, 19)
(39, 24, 17)
(39, 25, 15)
(39, 26, 13)
(39, 27, 12)
(39, 28, 10)
(39, 29, 9)
(39, 30, 7)
(39, 31, 6)
(39, 32, 6)
(39, 33, 6)
(39, 34, 6)
(39, 35, 4)
(39, 36, 4)
(39, 37, 3)
(39, 38, 3)
(39, 39, 3)


Betti numbers:
xi_0:
(0, 0, 13)
(1, 0, 13)
(2, 0, 14)
(3, 0, 15)
(4, 0, 13)
(5, 0, 14)
(6, 0, 15)
(7, 0, 28)
(8, 0, 15)
(9, 0, 20)
(10, 0, 42)
(11, 0, 8)
(12, 0, 14)
(13, 0, 8)
(14, 0, 5)
(15, 0, 4)
(16, 0, 10)
(17, 0, 13)
(18, 0, 13)
(19, 0, 5)
(20, 0, 11)
(21, 0, 4)
(22, 0, 17)
(23, 0, 17)
(24, 0, 18)
(25, 0, 13)
(26, 0, 23)
(27, 0, 39)
(28, 0, 33)
(29, 0, 21)
(30, 0, 24)
(31, 0, 33)
(32, 0, 47)
(33, 0, 47)
(34, 0, 34)
(35, 0, 44)
(36, 0, 40)
(37, 0, 36)
(38, 0, 46)
(39, 0, 24)
xi_1:
(0, 1, 1)
(0, 2, 1)
(0, 3, 2)
(0, 4, 2)
(0, 5, 2)
(0, 12, 1)
(0, 13, 1)
(0, 24, 1)
(1, 5, 1)
(1, 6, 1)
(1, 7, 1)
(1, 9, 1)
(1, 10, 3)
(1, 12, 1)
(1, 13, 1)
(1, 17, 1)
(1, 21, 1)
(1, 22, 1)
(1, 24, 1)
(2, 2, 2)
(2, 3, 1)
(2, 5, 1)
(2, 6, 2)
(2, 7, 2)
(2, 8, 1)
(2, 9, 2)
(2, 10, 1)
(2, 12, 1)
(2, 15, 1)
(2, 16, 1)
(2, 18, 1)
(2, 21, 1)
(2, 25, 1)
(2, 30, 1)
(3, 1, 1)
(3, 2, 2)
(3, 3, 1)
(3, 4, 2)
(3, 9, 2)
(3, 11, 1)
(3, 14, 1)
(3, 16, 1)
(3, 17, 2)
(3, 21, 1)
(3, 22, 1)
(3, 23, 1)
(3, 29, 1)
(4, 1, 2)
(4, 3, 3)
(4, 4, 2)
(4, 6, 2)
(4, 8, 1)
(4, 14, 2)
(4, 15, 1)
(4, 18, 1)
(4, 25, 1)
(4, 31, 1)
(5, 1, 2)
(5, 4, 1)
(5, 6, 1)
(5, 7, 1)
(5, 8, 1)
(5, 10, 4)
(5, 16, 1)
(5, 17, 1)
(5, 18, 1)
(5, 19, 3)
(5, 22, 1)
(5, 26, 1)
(6, 1, 2)
(6, 3, 1)
(6, 4, 2)
(6, 5, 3)
(6, 6, 1)
(6, 7, 1)
(6, 8, 2)
(6, 11, 2)
(6, 12, 1)
(6, 14, 1)
(6, 18, 1)
(7, 1, 3)
(7, 2, 2)
(7, 3, 4)
(7, 4, 5)
(7, 5, 3)
(7, 6, 3)
(7, 9, 1)
(7, 10, 3)
(7, 11, 2)
(7, 12, 3)
(7, 17, 1)
(7, 22, 1)
(7, 23, 1)
(8, 1, 1)
(8, 2, 1)
(8, 4, 2)
(8, 5, 3)
(8, 6, 2)
(8, 7, 1)
(8, 8, 2)
(8, 11, 2)
(8, 15, 1)
(8, 17, 1)
(8, 20, 1)
(8, 22, 1)
(8, 30, 1)
(9, 1, 1)
(9, 2, 2)
(9, 3, 2)
(9, 4, 2)
(9, 5, 1)
(9, 6, 2)
(9, 7, 1)
(9, 10, 1)
(9, 11, 2)
(9, 13, 3)
(9, 14, 1)
(9, 15, 1)
(9, 26, 2)
(9, 29, 1)
(10, 1, 8)
(10, 2, 4)
(10, 3, 6)
(10, 4, 2)
(10, 5, 5)
(10, 6, 3)
(10, 7, 3)
(10, 8, 6)
(10, 9, 1)
(10, 10, 1)
(10, 11, 2)
(10, 12, 2)
(10, 13, 1)
(10, 15, 3)
(10, 16, 1)
(10, 19, 1)
(11, 2, 1)
(11, 4, 2)
(11, 9, 1)
(11, 10, 1)
(11, 11, 1)
(11, 12, 2)
(11, 13, 1)
(11, 16, 2)
(12, 1, 1)
(12, 2, 1)
(12, 4, 2)
(12, 5, 2)
(12, 6, 1)
(12, 8, 1)
(12, 9, 1)
(12, 11, 1)
(12, 12, 1)
(12, 15, 1)
(12, 18, 1)
(12, 20, 1)
(12, 26, 1)
(12, 37, 1)
(13, 3, 1)
(13, 4, 2)
(13, 5, 2)
(13, 7, 2)
(13, 15, 1)
(13, 20, 1)
(13, 21, 1)
(13, 35, 1)
(14, 2, 1)
(14, 3, 1)
(14, 4, 1)
(14, 5, 1)
(14, 14, 1)
(14, 17, 1)
(15, 3, 1)
(15, 4, 1)
(15, 7, 1)
(15, 22, 1)
(16, 1, 2)
(16, 3, 2)
(16, 5, 1)
(16, 6, 1)
(16, 15, 1)
(16, 16, 1)
(16, 18, 1)
(16, 19, 1)
(16, 25, 1)
(17, 1, 1)
(17, 2, 2)
(17, 3, 3)
(17, 4, 1)
(17, 5, 1)
(17, 16, 1)
(17, 18, 1)
(17, 19, 1)
(17, 22, 1)
(17, 24, 1)
(17, 32, 1)
(18, 1, 2)
(18, 2, 1)
(18, 3, 1)
(18, 4, 1)
(18, 5, 1)
(18, 6, 1)
(18, 7, 1)
(18, 8, 2)
(18, 11, 1)
(18, 12, 1)
(18, 13, 1)
(18, 15, 1)
(18, 19, 1)
(18, 27, 1)
(19, 8, 1)
(19, 9, 1)
(19, 11, 2)
(19, 12, 1)
(19, 13, 1)
(19, 17, 1)
(20, 1, 1)
(20, 2, 3)
(20, 3, 1)
(20, 4, 1)
(20, 7, 1)
(20, 8, 2)
(20, 11, 1)
(20, 17, 1)
(20, 18, 1)
(20, 21, 1)
(21, 7, 1)
(21, 10, 2)
(21, 11, 1)
(21, 12, 1)
(22, 1, 3)
(22, 2, 3)
(22, 3, 1)
(22, 5, 2)
(22, 7, 1)
(22, 9, 2)
(22, 10, 1)
(22, 11, 3)
(22, 16, 2)
(22, 27, 1)
(22, 35, 1)
(23, 1, 1)
(23, 4, 3)
(23, 5, 1)
(23, 8, 1)
(23, 9, 4)
(23, 13, 1)
(23, 15, 2)
(23, 16, 1)
(23, 17, 1)
(23, 21, 1)
(23, 22, 1)
(23, 25, 1)
(24, 2, 1)
(24, 3, 1)
(24, 6, 2)
(24, 7, 2)
(24, 8, 3)
(24, 9, 2)
(24, 10, 1)
(24, 12, 1)
(24, 13, 1)
(24, 14, 2)
(24, 15, 1)
(24, 20, 1)
(24, 21, 1)
(25, 2, 1)
(25, 3, 1)
(25, 5, 2)
(25, 7, 2)
(25, 10, 2)
(25, 11, 1)
(25, 12, 3)
(25, 20, 1)
(25, 23, 1)
(25, 28, 1)
(26, 1, 1)
(26, 2, 1)
(26, 3, 1)
(26, 4, 1)
(26, 5, 2)
(26, 7, 3)
(26, 8, 2)
(26, 11, 2)
(26, 12, 1)
(26, 14, 1)
(26, 15, 2)
(26, 17, 2)
(26, 18, 1)
(26, 19, 1)
(26, 24, 1)
(26, 28, 1)
(26, 31, 1)
(27, 1, 5)
(27, 2, 4)
(27, 3, 3)
(27, 4, 3)
(27, 5, 3)
(27, 6, 3)
(27, 7, 4)
(27, 8, 1)
(27, 10, 1)
(27, 11, 2)
(27, 12, 1)
(27, 13, 3)
(27, 14, 1)
(27, 15, 1)
(27, 16, 2)
(27, 22, 2)
(27, 23, 2)
(27, 25, 2)
(27, 30, 1)
(27, 36, 1)
(27, 37, 1)
(28, 1, 8)
(28, 2, 1)
(28, 3, 4)
(28, 4, 1)
(28, 5, 3)
(28, 7, 4)
(28, 8, 2)
(28, 9, 3)
(28, 10, 2)
(28, 11, 2)
(28, 12, 2)
(28, 13, 1)
(28, 14, 1)
(28, 16, 1)
(28, 18, 1)
(28, 19, 1)
(28, 29, 2)
(28, 33, 1)
(28, 35, 1)
(29, 1, 2)
(29, 2, 1)
(29, 3, 1)
(29, 4, 1)
(29, 5, 2)
(29, 6, 2)
(29, 7, 1)
(29, 8, 2)
(29, 11, 1)
(29, 12, 1)
(29, 14, 2)
(29, 17, 2)
(29, 21, 1)
(29, 24, 1)
(29, 26, 1)
(29, 27, 1)
(29, 28, 1)
(29, 31, 1)
(29, 38, 1)
(30, 1, 3)
(30, 2, 2)
(30, 3, 3)
(30, 4, 2)
(30, 7, 3)
(30, 10, 1)
(30, 11, 4)
(30, 13, 1)
(30, 15, 4)
(30, 22, 1)
(30, 26, 1)
(30, 28, 1)
(30, 36, 2)
(30, 37, 1)
(31, 1, 3)
(31, 2, 2)
(31, 3, 1)
(31, 4, 3)
(31, 5, 4)
(31, 6, 1)
(31, 7, 2)
(31, 9, 1)
(31, 10, 2)
(31, 11, 3)
(31, 12, 1)
(31, 13, 2)
(31, 15, 2)
(31, 16, 1)
(31, 17, 2)
(31, 18, 3)
(31, 23, 2)
(31, 32, 1)
(31, 37, 1)
(32, 1, 5)
(32, 2, 4)
(32, 3, 3)
(32, 4, 5)
(32, 5, 11)
(32, 6, 4)
(32, 7, 2)
(32, 8, 1)
(32, 10, 3)
(32, 11, 3)
(32, 13, 2)
(32, 14, 1)
(32, 15, 6)
(32, 20, 2)
(32, 22, 1)
(32, 24, 1)
(32, 25, 1)
(32, 26, 2)
(33, 1, 7)
(33, 2, 5)
(33, 3, 3)
(33, 4, 10)
(33, 5, 4)
(33, 6, 1)
(33, 7, 2)
(33, 8, 1)
(33, 9, 2)
(33, 11, 3)
(33, 14, 1)
(33, 16, 1)
(33, 17, 1)
(33, 18, 2)
(33, 19, 2)
(33, 20, 1)
(33, 21, 3)
(33, 22, 1)
(33, 23, 2)
(33, 28, 1)
(33, 29, 1)
(33, 30, 2)
(34, 1, 2)
(34, 2, 1)
(34, 3, 5)
(34, 4, 6)
(34, 5, 4)
(34, 6, 4)
(34, 7, 2)
(34, 8, 2)
(34, 9, 2)
(34, 11, 1)
(34, 12, 3)
(34, 13, 2)
(34, 14, 1)
(34, 15, 2)
(34, 16, 1)
(34, 17, 1)
(34, 18, 1)
(34, 22, 1)
(34, 23, 1)
(34, 26, 1)
(34, 30, 1)
(34, 33, 1)
(35, 1, 3)
(35, 2, 5)
(35, 3, 8)
(35, 4, 2)
(35, 5, 4)
(35, 6, 4)
(35, 7, 1)
(35, 8, 2)
(35, 9, 2)
(35, 10, 2)
(35, 13, 3)
(35, 14, 3)
(35, 17, 2)
(35, 18, 1)
(35, 19, 1)
(35, 22, 1)
(35, 23, 1)
(35, 26, 1)
(35, 28, 1)
(35, 29, 1)
(35, 31, 1)
(36, 1, 3)
(36, 2, 2)
(36, 3, 8)
(36, 4, 4)
(36, 5, 5)
(36, 6, 3)
(36, 7, 5)
(36, 9, 1)
(36, 10, 1)
(36, 11, 1)
(36, 12, 2)
(36, 13, 2)
(36, 14, 3)
(36, 15, 1)
(36, 17, 1)
(36, 22, 1)
(36, 28, 1)
(36, 29, 1)
(37, 1, 4)
(37, 2, 2)
(37, 3, 4)
(37, 5, 5)
(37, 6, 2)
(37, 7, 4)
(37, 8, 2)
(37, 9, 4)
(37, 10, 3)
(37, 11, 3)
(37, 12, 1)
(37, 13, 1)
(37, 15, 1)
(37, 16, 1)
(37, 18, 3)
(37, 19, 2)
(37, 20, 2)
(37, 30, 1)
(38, 1, 6)
(38, 2, 7)
(38, 3, 9)
(38, 4, 9)
(38, 5, 4)
(38, 6, 4)
(38, 7, 1)
(38, 8, 2)
(38, 10, 2)
(38, 11, 4)
(38, 13, 1)
(38, 14, 1)
(38, 17, 2)
(39, 1, 1)
(39, 3, 3)
(39, 4, 3)
(39, 5, 9)
(39, 6, 2)
(39, 7, 1)
(39, 8, 1)
(39, 9, 4)
(39, 10, 1)
(39, 11, 2)
(39, 14, 2)
xi_2:
(2, 9, 1)
(2, 13, 1)
(2, 21, 1)
(2, 24, 1)
(3, 15, 1)
(3, 24, 1)
(3, 25, 1)
(3, 30, 1)
(4, 9, 1)
(4, 21, 1)
(4, 29, 1)
(5, 21, 1)
(5, 23, 1)
(5, 25, 1)
(6, 17, 1)
(6, 18, 1)
(7, 8, 1)
(7, 16, 1)
(7, 18, 1)
(7, 26, 1)
(8, 10, 1)
(8, 12, 2)
(8, 23, 1)
(9, 20, 1)
(9, 30, 1)
(10, 6, 1)
(10, 15, 1)
(10, 17, 1)
(10, 22, 1)
(10, 26, 2)
(10, 29, 1)
(11, 15, 1)
(11, 16, 1)
(11, 22, 1)
(12, 16, 1)
(12, 19, 1)
(13, 12, 1)
(13, 26, 1)
(13, 37, 1)
(14, 21, 1)
(16, 20, 1)
(17, 25, 1)
(18, 16, 1)
(18, 18, 1)
(18, 32, 1)
(19, 13, 1)
(19, 19, 1)
(20, 9, 1)
(20, 18, 1)
(20, 22, 1)
(21, 21, 1)
(22, 10, 2)
(22, 17, 1)
(23, 11, 1)
(23, 27, 1)
(23, 35, 1)
(24, 15, 1)
(24, 25, 1)
(25, 14, 1)
(25, 21, 1)
(26, 23, 1)
(26, 28, 1)
(27, 14, 1)
(27, 17, 1)
(27, 18, 1)
(27, 22, 1)
(27, 28, 1)
(28, 4, 1)
(28, 11, 1)
(28, 13, 1)
(28, 22, 1)
(28, 24, 1)
(28, 30, 1)
(28, 31, 1)
(28, 36, 1)
(29, 22, 1)
(29, 29, 1)
(29, 33, 1)
(30, 14, 1)
(30, 27, 1)
(30, 31, 1)
(30, 38, 1)
(31, 22, 1)
(31, 26, 2)
(31, 28, 1)
(32, 7, 1)
(32, 17, 1)
(32, 18, 4)
(32, 32, 1)
(32, 36, 1)
(32, 37, 2)
(33, 5, 2)
(33, 15, 1)
(33, 20, 2)
(33, 21, 1)
(33, 24, 1)
(33, 25, 1)
(33, 26, 1)
(34, 5, 1)
(34, 15, 1)
(34, 16, 1)
(34, 17, 1)
(34, 18, 1)
(34, 20, 1)
(34, 21, 1)
(34, 23, 1)
(34, 28, 1)
(34, 29, 1)
(34, 36, 1)
(35, 12, 1)
(35, 23, 1)
(35, 26, 1)
(35, 30, 1)
(35, 33, 1)
(36, 18, 1)
(36, 19, 1)
(36, 21, 1)
(36, 23, 1)
(36, 30, 1)
(37, 5, 1)
(37, 12, 2)
(37, 14, 1)
(37, 22, 1)
(37, 28, 1)
(37, 29, 2)
(37, 31, 1)
(38, 13, 1)
(38, 16, 1)
(38, 18, 2)
(38, 19, 1)
(38, 20, 1)
(39, 11, 1)
(39, 13, 1)
(39, 17, 1)
(39, 19, 2)
