x-grades
-686346463976524447/50000000000000000
-21050474364416517/1562500000000000
-660883895346132641/50000000000000000
-324076305515468369/25000000000000000
-127084265343148167/10000000000000000
-155672510600136233/12500000000000000
-609958758085349029/50000000000000000
-298613736885076563/25000000000000000
-584496189454957223/50000000000000000
-14294122628494033/1250000000000000
-559033620824565417/50000000000000000
-273151168254684757/25000000000000000
-533571052194173611/50000000000000000
-130209941969744427/12500000000000000
-101621696712756361/10000000000000000
-247688599624292951/25000000000000000
-482645914933389999/50000000000000000
-29369664413637131/3125000000000000
-457183346302998193/50000000000000000
-44445206198780229/5000000000000000
-431720777672606387/50000000000000000
-104747373339352621/12500000000000000
-406258209042214581/50000000000000000
-196763462363509339/25000000000000000
-15231825616472911/2000000000000000
-46008044512078359/6250000000000000
-355333071781430969/50000000000000000
-171300893733117533/25000000000000000
-329870503151039163/50000000000000000
-15856960941792163/2500000000000000
-304407934520647357/50000000000000000
-145838325102725727/25000000000000000
-278945365890255551/50000000000000000
-4159595024610307/781250000000000
-50696559451972749/10000000000000000
-120375756472333921/25000000000000000
-228020228629471939/50000000000000000
-53822236078569009/12500000000000000
-202557659999080133/50000000000000000
-18982637568388423/5000000000000000

y-grades
4999353/20000000
4999353/10000000
14998059/20000000
4999353/5000000
4999353/4000000
14998059/10000000
34995471/20000000
4999353/2500000
44994177/20000000
4999353/2000000
54992883/20000000
14998059/5000000
64991589/20000000
34995471/10000000
14998059/4000000
4999353/1250000
84989001/20000000
44994177/10000000
94987707/20000000
4999353/1000000
104986413/20000000
54992883/10000000
114985119/20000000
14998059/2500000
4999353/800000
64991589/10000000
134982531/20000000
34995471/5000000
144981237/20000000
14998059/2000000
154979943/20000000
4999353/625000
164978649/20000000
84989001/10000000
34995471/4000000
44994177/5000000
184976061/20000000
94987707/10000000
194974767/20000000
4999353/500000

Dimensions > 0:
(0, 0, 3)
(0, 1, 3)
(0, 2, 3)
(0, 3, 3)
(0, 4, 3)
(0, 5, 3)
(0, 6, 3)
(0, 7, 3)
(0, 8, 3)
(0, 9, 3)
(0, 10, 3)
(0, 11, 3)
(0, 12, 3)
(0, 13, 3)
(0, 14, 3)
(0, 15, 3)
(0, 16, 3)
(0, 17, 3)
(0, 18, 3)
(0, 19, 3)
(0, 20, 3)
(0, 21, 3)
(0, 22, 3)
(0, 23, 3)
(0, 24, 3)
(0, 25, 3)
(0, 26, 3)
(0, 27, 3)
(0, 28, 3)
(0, 29, 3)
(0, 30, 3)
(0, 31, 3)
(0, 32, 3)
(0, 33, 3)
(0, 34, 3)
(0, 35, 3)
(0, 36, 3)
(0, 37, 3)
(0, 38, 3)
(0, 39, 3)

(1, 0, 3)
(1, 1, 3)
(1, 2, 3)
(1, 3, 3)
(1, 4, 3)
(1, 5, 3)
(1, 6, 3)
(1, 7, 3)
(1, 8, 3)
(1, 9, 3)
(1, 10, 3)
(1, 11, 3)
(1, 12, 3)
(1, 13, 3)
(1, 14, 3)
(1, 15, 3)
(1, 16, 3)
(1, 17, 3)
(1, 18, 3)
(1, 19, 3)
(1, 20, 3)
(1, 21, 3)
(1, 22, 3)
(1, 23, 3)
(1, 24, 3)
(1, 25, 3)
(1, 26, 3)
(1, 27, 3)
(1, 28, 3)
(1, 29, 3)
(1, 30, 3)
(1, 31, 3)
(1, 32, 3)
(1, 33, 3)
(1, 34, 3)
(1, 35, 3)
(1, 36, 3)
(1, 37, 3)
(1, 38, 3)
(1, 39, 3)

(2, 0, 6)
(2, 1, 6)
(2, 2, 6)
(2, 3, 6)
(2, 4, 6)
(2, 5, 6)
(2, 6, 6)
(2, 7, 6)
(2, 8, 6)
(2, 9, 6)
(2, 10, 6)
(2, 11, 6)
(2, 12, 6)
(2, 13, 6)
(2, 14, 6)
(2, 15, 6)
(2, 16, 6)
(2, 17, 6)
(2, 18, 6)
(2, 19, 6)
(2, 20, 6)
(2, 21, 6)
(2, 22, 6)
(2, 23, 6)
(2, 24, 6)
(2, 25, 6)
(2, 26, 6)
(2, 27, 6)
(2, 28, 6)
(2, 29, 6)
(2, 30, 6)
(2, 31, 6)
(2, 32, 6)
(2, 33, 6)
(2, 34, 5)
(2, 35, 5)
(2, 36, 5)
(2, 37, 5)
(2, 38, 5)
(2, 39, 5)

(3, 0, 6)
(3, 1, 6)
(3, 2, 6)
(3, 3, 6)
(3, 4, 6)
(3, 5, 6)
(3, 6, 6)
(3, 7, 6)
(3, 8, 6)
(3, 9, 6)
(3, 10, 6)
(3, 11, 6)
(3, 12, 6)
(3, 13, 6)
(3, 14, 6)
(3, 15, 6)
(3, 16, 6)
(3, 17, 6)
(3, 18, 6)
(3, 19, 6)
(3, 20, 6)
(3, 21, 6)
(3, 22, 6)
(3, 23, 6)
(3, 24, 6)
(3, 25, 6)
(3, 26, 6)
(3, 27, 6)
(3, 28, 6)
(3, 29, 6)
(3, 30, 6)
(3, 31, 6)
(3, 32, 6)
(3, 33, 6)
(3, 34, 5)
(3, 35, 5)
(3, 36, 5)
(3, 37, 5)
(3, 38, 5)
(3, 39, 5)

(4, 0, 7)
(4, 1, 7)
(4, 2, 7)
(4, 3, 7)
(4, 4, 7)
(4, 5, 7)
(4, 6, 7)
(4, 7, 7)
(4, 8, 7)
(4, 9, 7)
(4, 10, 7)
(4, 11, 7)
(4, 12, 7)
(4, 13, 7)
(4, 14, 7)
(4, 15, 7)
(4, 16, 7)
(4, 17, 7)
(4, 18, 7)
(4, 19, 7)
(4, 20, 7)
(4, 21, 7)
(4, 22, 7)
(4, 23, 7)
(4, 24, 7)
(4, 25, 7)
(4, 26, 7)
(4, 27, 7)
(4, 28, 7)
(4, 29, 7)
(4, 30, 7)
(4, 31, 7)
(4, 32, 7)
(4, 33, 7)
(4, 34, 6)
(4, 35, 6)
(4, 36, 6)
(4, 37, 6)
(4, 38, 6)
(4, 39, 6)

(5, 0, 9)
(5, 1, 9)
(5, 2, 9)
(5, 3, 9)
(5, 4, 9)
(5, 5, 9)
(5, 6, 9)
(5, 7, 9)
(5, 8, 9)
(5, 9, 9)
(5, 10, 9)
(5, 11, 9)
(5, 12, 8)
(5, 13, 8)
(5, 14, 8)
(5, 15, 8)
(5, 16, 8)
(5, 17, 8)
(5, 18, 8)
(5, 19, 8)
(5, 20, 8)
(5, 21, 8)
(5, 22, 8)
(5, 23, 8)
(5, 24, 8)
(5, 25, 8)
(5, 26, 8)
(5, 27, 8)
(5, 28, 8)
(5, 29, 8)
(5, 30, 8)
(5, 31, 8)
(5, 32, 8)
(5, 33, 8)
(5, 34, 7)
(5, 35, 7)
(5, 36, 7)
(5, 37, 7)
(5, 38, 7)
(5, 39, 7)

(6, 0, 11)
(6, 1, 11)
(6, 2, 11)
(6, 3, 11)
(6, 4, 11)
(6, 5, 11)
(6, 6, 11)
(6, 7, 11)
(6, 8, 11)
(6, 9, 11)
(6, 10, 11)
(6, 11, 11)
(6, 12, 9)
(6, 13, 9)
(6, 14, 9)
(6, 15, 9)
(6, 16, 9)
(6, 17, 9)
(6, 18, 9)
(6, 19, 9)
(6, 20, 9)
(6, 21, 9)
(6, 22, 9)
(6, 23, 9)
(6, 24, 9)
(6, 25, 9)
(6, 26, 9)
(6, 27, 9)
(6, 28, 9)
(6, 29, 9)
(6, 30, 9)
(6, 31, 9)
(6, 32, 9)
(6, 33, 9)
(6, 34, 8)
(6, 35, 8)
(6, 36, 8)
(6, 37, 8)
(6, 38, 8)
(6, 39, 8)

(7, 0, 14)
(7, 1, 14)
(7, 2, 14)
(7, 3, 14)
(7, 4, 14)
(7, 5, 14)
(7, 6, 14)
(7, 7, 14)
(7, 8, 14)
(7, 9, 14)
(7, 10, 14)
(7, 11, 14)
(7, 12, 12)
(7, 13, 12)
(7, 14, 12)
(7, 15, 11)
(7, 16, 11)
(7, 17, 11)
(7, 18, 11)
(7, 19, 11)
(7, 20, 11)
(7, 21, 11)
(7, 22, 11)
(7, 23, 11)
(7, 24, 11)
(7, 25, 11)
(7, 26, 11)
(7, 27, 11)
(7, 28, 11)
(7, 29, 11)
(7, 30, 11)
(7, 31, 11)
(7, 32, 11)
(7, 33, 11)
(7, 34, 10)
(7, 35, 10)
(7, 36, 10)
(7, 37, 10)
(7, 38, 10)
(7, 39, 9)

(8, 0, 17)
(8, 1, 17)
(8, 2, 17)
(8, 3, 17)
(8, 4, 17)
(8, 5, 17)
(8, 6, 17)
(8, 7, 17)
(8, 8, 17)
(8, 9, 17)
(8, 10, 17)
(8, 11, 17)
(8, 12, 15)
(8, 13, 14)
(8, 14, 14)
(8, 15, 13)
(8, 16, 13)
(8, 17, 13)
(8, 18, 13)
(8, 19, 13)
(8, 20, 13)
(8, 21, 13)
(8, 22, 13)
(8, 23, 13)
(8, 24, 13)
(8, 25, 13)
(8, 26, 13)
(8, 27, 13)
(8, 28, 13)
(8, 29, 13)
(8, 30, 13)
(8, 31, 13)
(8, 32, 13)
(8, 33, 13)
(8, 34, 12)
(8, 35, 12)
(8, 36, 12)
(8, 37, 12)
(8, 38, 12)
(8, 39, 10)

(9, 0, 18)
(9, 1, 18)
(9, 2, 18)
(9, 3, 18)
(9, 4, 18)
(9, 5, 18)
(9, 6, 18)
(9, 7, 18)
(9, 8, 18)
(9, 9, 18)
(9, 10, 18)
(9, 11, 18)
(9, 12, 16)
(9, 13, 15)
(9, 14, 15)
(9, 15, 14)
(9, 16, 14)
(9, 17, 14)
(9, 18, 14)
(9, 19, 14)
(9, 20, 14)
(9, 21, 14)
(9, 22, 14)
(9, 23, 14)
(9, 24, 14)
(9, 25, 14)
(9, 26, 14)
(9, 27, 14)
(9, 28, 14)
(9, 29, 14)
(9, 30, 14)
(9, 31, 14)
(9, 32, 14)
(9, 33, 14)
(9, 34, 13)
(9, 35, 13)
(9, 36, 13)
(9, 37, 13)
(9, 38, 13)
(9, 39, 11)

(10, 0, 18)
(10, 1, 18)
(10, 2, 18)
(10, 3, 18)
(10, 4, 18)
(10, 5, 18)
(10, 6, 18)
(10, 7, 18)
(10, 8, 18)
(10, 9, 18)
(10, 10, 18)
(10, 11, 18)
(10, 12, 16)
(10, 13, 15)
(10, 14, 15)
(10, 15, 14)
(10, 16, 14)
(10, 17, 14)
(10, 18, 14)
(10, 19, 14)
(10, 20, 14)
(10, 21, 14)
(10, 22, 14)
(10, 23, 14)
(10, 24, 14)
(10, 25, 14)
(10, 26, 14)
(10, 27, 14)
(10, 28, 14)
(10, 29, 14)
(10, 30, 14)
(10, 31, 14)
(10, 32, 14)
(10, 33, 14)
(10, 34, 13)
(10, 35, 13)
(10, 36, 13)
(10, 37, 13)
(10, 38, 13)
(10, 39, 11)

(11, 0, 20)
(11, 1, 20)
(11, 2, 20)
(11, 3, 20)
(11, 4, 20)
(11, 5, 20)
(11, 6, 20)
(11, 7, 20)
(11, 8, 20)
(11, 9, 20)
(11, 10, 20)
(11, 11, 20)
(11, 12, 18)
(11, 13, 17)
(11, 14, 17)
(11, 15, 16)
(11, 16, 16)
(11, 17, 16)
(11, 18, 16)
(11, 19, 16)
(11, 20, 16)
(11, 21, 16)
(11, 22, 16)
(11, 23, 16)
(11, 24, 16)
(11, 25, 16)
(11, 26, 16)
(11, 27, 16)
(11, 28, 16)
(11, 29, 16)
(11, 30, 16)
(11, 31, 16)
(11, 32, 16)
(11, 33, 16)
(11, 34, 15)
(11, 35, 15)
(11, 36, 15)
(11, 37, 15)
(11, 38, 15)
(11, 39, 13)

(12, 0, 21)
(12, 1, 21)
(12, 2, 21)
(12, 3, 21)
(12, 4, 21)
(12, 5, 21)
(12, 6, 21)
(12, 7, 21)
(12, 8, 21)
(12, 9, 21)
(12, 10, 21)
(12, 11, 21)
(12, 12, 19)
(12, 13, 18)
(12, 14, 18)
(12, 15, 17)
(12, 16, 17)
(12, 17, 17)
(12, 18, 17)
(12, 19, 17)
(12, 20, 17)
(12, 21, 17)
(12, 22, 17)
(12, 23, 17)
(12, 24, 17)
(12, 25, 17)
(12, 26, 16)
(12, 27, 16)
(12, 28, 16)
(12, 29, 16)
(12, 30, 16)
(12, 31, 16)
(12, 32, 16)
(12, 33, 16)
(12, 34, 15)
(12, 35, 15)
(12, 36, 15)
(12, 37, 15)
(12, 38, 15)
(12, 39, 13)

(13, 0, 38)
(13, 1, 35)
(13, 2, 30)
(13, 3, 25)
(13, 4, 25)
(13, 5, 25)
(13, 6, 25)
(13, 7, 25)
(13, 8, 25)
(13, 9, 25)
(13, 10, 25)
(13, 11, 25)
(13, 12, 23)
(13, 13, 22)
(13, 14, 22)
(13, 15, 21)
(13, 16, 21)
(13, 17, 21)
(13, 18, 21)
(13, 19, 21)
(13, 20, 21)
(13, 21, 21)
(13, 22, 21)
(13, 23, 21)
(13, 24, 21)
(13, 25, 21)
(13, 26, 20)
(13, 27, 20)
(13, 28, 20)
(13, 29, 20)
(13, 30, 20)
(13, 31, 20)
(13, 32, 20)
(13, 33, 20)
(13, 34, 19)
(13, 35, 19)
(13, 36, 19)
(13, 37, 19)
(13, 38, 19)
(13, 39, 17)

(14, 0, 59)
(14, 1, 56)
(14, 2, 51)
(14, 3, 46)
(14, 4, 46)
(14, 5, 44)
(14, 6, 43)
(14, 7, 41)
(14, 8, 40)
(14, 9, 39)
(14, 10, 38)
(14, 11, 37)
(14, 12, 33)
(14, 13, 32)
(14, 14, 32)
(14, 15, 31)
(14, 16, 31)
(14, 17, 30)
(14, 18, 30)
(14, 19, 30)
(14, 20, 30)
(14, 21, 30)
(14, 22, 30)
(14, 23, 30)
(14, 24, 30)
(14, 25, 30)
(14, 26, 29)
(14, 27, 29)
(14, 28, 29)
(14, 29, 28)
(14, 30, 27)
(14, 31, 26)
(14, 32, 26)
(14, 33, 26)
(14, 34, 25)
(14, 35, 25)
(14, 36, 25)
(14, 37, 25)
(14, 38, 25)
(14, 39, 23)

(15, 0, 86)
(15, 1, 83)
(15, 2, 77)
(15, 3, 72)
(15, 4, 70)
(15, 5, 67)
(15, 6, 63)
(15, 7, 61)
(15, 8, 60)
(15, 9, 58)
(15, 10, 57)
(15, 11, 56)
(15, 12, 51)
(15, 13, 50)
(15, 14, 50)
(15, 15, 49)
(15, 16, 49)
(15, 17, 47)
(15, 18, 47)
(15, 19, 47)
(15, 20, 47)
(15, 21, 47)
(15, 22, 45)
(15, 23, 45)
(15, 24, 43)
(15, 25, 42)
(15, 26, 41)
(15, 27, 40)
(15, 28, 39)
(15, 29, 38)
(15, 30, 37)
(15, 31, 36)
(15, 32, 36)
(15, 33, 36)
(15, 34, 35)
(15, 35, 34)
(15, 36, 34)
(15, 37, 34)
(15, 38, 34)
(15, 39, 31)

(16, 0, 132)
(16, 1, 128)
(16, 2, 121)
(16, 3, 113)
(16, 4, 109)
(16, 5, 103)
(16, 6, 98)
(16, 7, 92)
(16, 8, 90)
(16, 9, 87)
(16, 10, 85)
(16, 11, 83)
(16, 12, 78)
(16, 13, 76)
(16, 14, 73)
(16, 15, 72)
(16, 16, 72)
(16, 17, 68)
(16, 18, 68)
(16, 19, 67)
(16, 20, 66)
(16, 21, 66)
(16, 22, 64)
(16, 23, 62)
(16, 24, 59)
(16, 25, 57)
(16, 26, 55)
(16, 27, 52)
(16, 28, 50)
(16, 29, 46)
(16, 30, 45)
(16, 31, 44)
(16, 32, 44)
(16, 33, 43)
(16, 34, 42)
(16, 35, 40)
(16, 36, 39)
(16, 37, 37)
(16, 38, 37)
(16, 39, 33)

(17, 0, 153)
(17, 1, 149)
(17, 2, 142)
(17, 3, 134)
(17, 4, 130)
(17, 5, 124)
(17, 6, 118)
(17, 7, 112)
(17, 8, 109)
(17, 9, 106)
(17, 10, 104)
(17, 11, 102)
(17, 12, 97)
(17, 13, 94)
(17, 14, 91)
(17, 15, 89)
(17, 16, 88)
(17, 17, 83)
(17, 18, 82)
(17, 19, 81)
(17, 20, 80)
(17, 21, 79)
(17, 22, 77)
(17, 23, 75)
(17, 24, 72)
(17, 25, 70)
(17, 26, 68)
(17, 27, 64)
(17, 28, 62)
(17, 29, 58)
(17, 30, 56)
(17, 31, 54)
(17, 32, 54)
(17, 33, 53)
(17, 34, 52)
(17, 35, 49)
(17, 36, 47)
(17, 37, 44)
(17, 38, 44)
(17, 39, 40)

(18, 0, 170)
(18, 1, 166)
(18, 2, 159)
(18, 3, 151)
(18, 4, 147)
(18, 5, 140)
(18, 6, 133)
(18, 7, 125)
(18, 8, 121)
(18, 9, 118)
(18, 10, 116)
(18, 11, 114)
(18, 12, 109)
(18, 13, 106)
(18, 14, 102)
(18, 15, 99)
(18, 16, 97)
(18, 17, 93)
(18, 18, 92)
(18, 19, 91)
(18, 20, 90)
(18, 21, 88)
(18, 22, 86)
(18, 23, 83)
(18, 24, 80)
(18, 25, 76)
(18, 26, 74)
(18, 27, 69)
(18, 28, 67)
(18, 29, 63)
(18, 30, 61)
(18, 31, 59)
(18, 32, 59)
(18, 33, 58)
(18, 34, 57)
(18, 35, 54)
(18, 36, 52)
(18, 37, 49)
(18, 38, 49)
(18, 39, 45)

(19, 0, 184)
(19, 1, 180)
(19, 2, 173)
(19, 3, 165)
(19, 4, 161)
(19, 5, 154)
(19, 6, 146)
(19, 7, 138)
(19, 8, 134)
(19, 9, 131)
(19, 10, 129)
(19, 11, 127)
(19, 12, 122)
(19, 13, 117)
(19, 14, 113)
(19, 15, 110)
(19, 16, 108)
(19, 17, 104)
(19, 18, 103)
(19, 19, 102)
(19, 20, 100)
(19, 21, 98)
(19, 22, 96)
(19, 23, 92)
(19, 24, 89)
(19, 25, 85)
(19, 26, 83)
(19, 27, 78)
(19, 28, 75)
(19, 29, 71)
(19, 30, 68)
(19, 31, 66)
(19, 32, 66)
(19, 33, 65)
(19, 34, 63)
(19, 35, 60)
(19, 36, 58)
(19, 37, 55)
(19, 38, 55)
(19, 39, 51)

(20, 0, 198)
(20, 1, 194)
(20, 2, 187)
(20, 3, 179)
(20, 4, 175)
(20, 5, 167)
(20, 6, 159)
(20, 7, 150)
(20, 8, 146)
(20, 9, 142)
(20, 10, 140)
(20, 11, 138)
(20, 12, 133)
(20, 13, 128)
(20, 14, 124)
(20, 15, 121)
(20, 16, 119)
(20, 17, 114)
(20, 18, 113)
(20, 19, 112)
(20, 20, 110)
(20, 21, 107)
(20, 22, 105)
(20, 23, 101)
(20, 24, 98)
(20, 25, 94)
(20, 26, 91)
(20, 27, 86)
(20, 28, 83)
(20, 29, 79)
(20, 30, 76)
(20, 31, 74)
(20, 32, 73)
(20, 33, 72)
(20, 34, 70)
(20, 35, 67)
(20, 36, 65)
(20, 37, 62)
(20, 38, 61)
(20, 39, 57)

(21, 0, 210)
(21, 1, 206)
(21, 2, 199)
(21, 3, 191)
(21, 4, 187)
(21, 5, 178)
(21, 6, 170)
(21, 7, 161)
(21, 8, 157)
(21, 9, 152)
(21, 10, 150)
(21, 11, 148)
(21, 12, 143)
(21, 13, 138)
(21, 14, 133)
(21, 15, 129)
(21, 16, 127)
(21, 17, 122)
(21, 18, 121)
(21, 19, 120)
(21, 20, 118)
(21, 21, 114)
(21, 22, 111)
(21, 23, 107)
(21, 24, 104)
(21, 25, 100)
(21, 26, 97)
(21, 27, 92)
(21, 28, 89)
(21, 29, 84)
(21, 30, 81)
(21, 31, 79)
(21, 32, 78)
(21, 33, 77)
(21, 34, 75)
(21, 35, 72)
(21, 36, 70)
(21, 37, 67)
(21, 38, 66)
(21, 39, 62)

(22, 0, 226)
(22, 1, 222)
(22, 2, 215)
(22, 3, 207)
(22, 4, 203)
(22, 5, 194)
(22, 6, 186)
(22, 7, 177)
(22, 8, 173)
(22, 9, 168)
(22, 10, 166)
(22, 11, 164)
(22, 12, 159)
(22, 13, 154)
(22, 14, 148)
(22, 15, 144)
(22, 16, 142)
(22, 17, 136)
(22, 18, 134)
(22, 19, 133)
(22, 20, 130)
(22, 21, 126)
(22, 22, 123)
(22, 23, 118)
(22, 24, 115)
(22, 25, 111)
(22, 26, 107)
(22, 27, 102)
(22, 28, 99)
(22, 29, 93)
(22, 30, 90)
(22, 31, 88)
(22, 32, 87)
(22, 33, 86)
(22, 34, 84)
(22, 35, 81)
(22, 36, 79)
(22, 37, 75)
(22, 38, 73)
(22, 39, 69)

(23, 0, 258)
(23, 1, 248)
(23, 2, 241)
(23, 3, 229)
(23, 4, 224)
(23, 5, 212)
(23, 6, 201)
(23, 7, 190)
(23, 8, 186)
(23, 9, 181)
(23, 10, 179)
(23, 11, 177)
(23, 12, 172)
(23, 13, 167)
(23, 14, 161)
(23, 15, 155)
(23, 16, 153)
(23, 17, 146)
(23, 18, 143)
(23, 19, 142)
(23, 20, 137)
(23, 21, 132)
(23, 22, 128)
(23, 23, 123)
(23, 24, 120)
(23, 25, 116)
(23, 26, 112)
(23, 27, 107)
(23, 28, 104)
(23, 29, 98)
(23, 30, 95)
(23, 31, 93)
(23, 32, 92)
(23, 33, 91)
(23, 34, 89)
(23, 35, 86)
(23, 36, 84)
(23, 37, 79)
(23, 38, 77)
(23, 39, 73)

(24, 0, 276)
(24, 1, 266)
(24, 2, 259)
(24, 3, 244)
(24, 4, 236)
(24, 5, 223)
(24, 6, 212)
(24, 7, 201)
(24, 8, 197)
(24, 9, 192)
(24, 10, 190)
(24, 11, 188)
(24, 12, 183)
(24, 13, 177)
(24, 14, 171)
(24, 15, 165)
(24, 16, 162)
(24, 17, 155)
(24, 18, 151)
(24, 19, 149)
(24, 20, 145)
(24, 21, 140)
(24, 22, 136)
(24, 23, 130)
(24, 24, 127)
(24, 25, 123)
(24, 26, 119)
(24, 27, 114)
(24, 28, 110)
(24, 29, 103)
(24, 30, 100)
(24, 31, 98)
(24, 32, 97)
(24, 33, 96)
(24, 34, 93)
(24, 35, 90)
(24, 36, 88)
(24, 37, 83)
(24, 38, 81)
(24, 39, 77)

(25, 0, 287)
(25, 1, 277)
(25, 2, 270)
(25, 3, 255)
(25, 4, 247)
(25, 5, 234)
(25, 6, 223)
(25, 7, 209)
(25, 8, 205)
(25, 9, 200)
(25, 10, 198)
(25, 11, 196)
(25, 12, 190)
(25, 13, 184)
(25, 14, 178)
(25, 15, 172)
(25, 16, 169)
(25, 17, 162)
(25, 18, 158)
(25, 19, 156)
(25, 20, 152)
(25, 21, 147)
(25, 22, 143)
(25, 23, 137)
(25, 24, 134)
(25, 25, 128)
(25, 26, 123)
(25, 27, 118)
(25, 28, 114)
(25, 29, 108)
(25, 30, 105)
(25, 31, 103)
(25, 32, 102)
(25, 33, 100)
(25, 34, 97)
(25, 35, 93)
(25, 36, 91)
(25, 37, 86)
(25, 38, 84)
(25, 39, 80)

(26, 0, 299)
(26, 1, 289)
(26, 2, 282)
(26, 3, 267)
(26, 4, 259)
(26, 5, 246)
(26, 6, 235)
(26, 7, 221)
(26, 8, 217)
(26, 9, 212)
(26, 10, 210)
(26, 11, 208)
(26, 12, 202)
(26, 13, 196)
(26, 14, 189)
(26, 15, 182)
(26, 16, 179)
(26, 17, 172)
(26, 18, 168)
(26, 19, 166)
(26, 20, 162)
(26, 21, 157)
(26, 22, 151)
(26, 23, 145)
(26, 24, 141)
(26, 25, 134)
(26, 26, 128)
(26, 27, 122)
(26, 28, 118)
(26, 29, 111)
(26, 30, 108)
(26, 31, 105)
(26, 32, 104)
(26, 33, 102)
(26, 34, 99)
(26, 35, 96)
(26, 36, 94)
(26, 37, 89)
(26, 38, 87)
(26, 39, 83)

(27, 0, 321)
(27, 1, 311)
(27, 2, 304)
(27, 3, 289)
(27, 4, 281)
(27, 5, 267)
(27, 6, 255)
(27, 7, 240)
(27, 8, 235)
(27, 9, 226)
(27, 10, 223)
(27, 11, 221)
(27, 12, 215)
(27, 13, 209)
(27, 14, 201)
(27, 15, 193)
(27, 16, 190)
(27, 17, 182)
(27, 18, 177)
(27, 19, 175)
(27, 20, 171)
(27, 21, 166)
(27, 22, 159)
(27, 23, 153)
(27, 24, 149)
(27, 25, 142)
(27, 26, 135)
(27, 27, 128)
(27, 28, 122)
(27, 29, 115)
(27, 30, 112)
(27, 31, 109)
(27, 32, 108)
(27, 33, 105)
(27, 34, 102)
(27, 35, 99)
(27, 36, 97)
(27, 37, 92)
(27, 38, 90)
(27, 39, 86)

(28, 0, 352)
(28, 1, 341)
(28, 2, 329)
(28, 3, 310)
(28, 4, 298)
(28, 5, 279)
(28, 6, 266)
(28, 7, 249)
(28, 8, 242)
(28, 9, 233)
(28, 10, 230)
(28, 11, 226)
(28, 12, 220)
(28, 13, 213)
(28, 14, 205)
(28, 15, 197)
(28, 16, 193)
(28, 17, 185)
(28, 18, 180)
(28, 19, 177)
(28, 20, 173)
(28, 21, 168)
(28, 22, 161)
(28, 23, 155)
(28, 24, 151)
(28, 25, 144)
(28, 26, 137)
(28, 27, 130)
(28, 28, 124)
(28, 29, 117)
(28, 30, 114)
(28, 31, 111)
(28, 32, 110)
(28, 33, 107)
(28, 34, 104)
(28, 35, 101)
(28, 36, 99)
(28, 37, 94)
(28, 38, 92)
(28, 39, 88)

(29, 0, 374)
(29, 1, 362)
(29, 2, 350)
(29, 3, 330)
(29, 4, 316)
(29, 5, 296)
(29, 6, 281)
(29, 7, 261)
(29, 8, 254)
(29, 9, 244)
(29, 10, 241)
(29, 11, 237)
(29, 12, 230)
(29, 13, 223)
(29, 14, 215)
(29, 15, 207)
(29, 16, 202)
(29, 17, 194)
(29, 18, 188)
(29, 19, 183)
(29, 20, 179)
(29, 21, 173)
(29, 22, 166)
(29, 23, 160)
(29, 24, 154)
(29, 25, 147)
(29, 26, 140)
(29, 27, 133)
(29, 28, 127)
(29, 29, 119)
(29, 30, 116)
(29, 31, 113)
(29, 32, 112)
(29, 33, 109)
(29, 34, 106)
(29, 35, 103)
(29, 36, 101)
(29, 37, 96)
(29, 38, 94)
(29, 39, 90)

(30, 0, 390)
(30, 1, 378)
(30, 2, 366)
(30, 3, 346)
(30, 4, 332)
(30, 5, 312)
(30, 6, 297)
(30, 7, 275)
(30, 8, 268)
(30, 9, 258)
(30, 10, 255)
(30, 11, 251)
(30, 12, 244)
(30, 13, 237)
(30, 14, 228)
(30, 15, 220)
(30, 16, 215)
(30, 17, 207)
(30, 18, 199)
(30, 19, 193)
(30, 20, 188)
(30, 21, 182)
(30, 22, 174)
(30, 23, 168)
(30, 24, 162)
(30, 25, 155)
(30, 26, 148)
(30, 27, 140)
(30, 28, 134)
(30, 29, 125)
(30, 30, 121)
(30, 31, 117)
(30, 32, 114)
(30, 33, 110)
(30, 34, 107)
(30, 35, 104)
(30, 36, 102)
(30, 37, 97)
(30, 38, 95)
(30, 39, 90)

(31, 0, 421)
(31, 1, 409)
(31, 2, 397)
(31, 3, 377)
(31, 4, 363)
(31, 5, 342)
(31, 6, 327)
(31, 7, 303)
(31, 8, 294)
(31, 9, 282)
(31, 10, 278)
(31, 11, 274)
(31, 12, 267)
(31, 13, 260)
(31, 14, 250)
(31, 15, 240)
(31, 16, 234)
(31, 17, 226)
(31, 18, 218)
(31, 19, 212)
(31, 20, 206)
(31, 21, 198)
(31, 22, 187)
(31, 23, 181)
(31, 24, 173)
(31, 25, 166)
(31, 26, 157)
(31, 27, 149)
(31, 28, 141)
(31, 29, 131)
(31, 30, 127)
(31, 31, 123)
(31, 32, 120)
(31, 33, 116)
(31, 34, 113)
(31, 35, 110)
(31, 36, 108)
(31, 37, 103)
(31, 38, 101)
(31, 39, 96)

(32, 0, 477)
(32, 1, 456)
(32, 2, 443)
(32, 3, 415)
(32, 4, 400)
(32, 5, 377)
(32, 6, 358)
(32, 7, 331)
(32, 8, 322)
(32, 9, 307)
(32, 10, 303)
(32, 11, 297)
(32, 12, 290)
(32, 13, 282)
(32, 14, 271)
(32, 15, 260)
(32, 16, 254)
(32, 17, 246)
(32, 18, 238)
(32, 19, 231)
(32, 20, 221)
(32, 21, 211)
(32, 22, 200)
(32, 23, 194)
(32, 24, 186)
(32, 25, 177)
(32, 26, 168)
(32, 27, 159)
(32, 28, 149)
(32, 29, 139)
(32, 30, 135)
(32, 31, 130)
(32, 32, 127)
(32, 33, 122)
(32, 34, 117)
(32, 35, 114)
(32, 36, 112)
(32, 37, 107)
(32, 38, 105)
(32, 39, 99)

(33, 0, 491)
(33, 1, 470)
(33, 2, 457)
(33, 3, 429)
(33, 4, 414)
(33, 5, 391)
(33, 6, 372)
(33, 7, 345)
(33, 8, 336)
(33, 9, 321)
(33, 10, 317)
(33, 11, 311)
(33, 12, 303)
(33, 13, 295)
(33, 14, 284)
(33, 15, 273)
(33, 16, 266)
(33, 17, 258)
(33, 18, 250)
(33, 19, 242)
(33, 20, 232)
(33, 21, 220)
(33, 22, 208)
(33, 23, 201)
(33, 24, 193)
(33, 25, 183)
(33, 26, 174)
(33, 27, 165)
(33, 28, 154)
(33, 29, 144)
(33, 30, 140)
(33, 31, 135)
(33, 32, 132)
(33, 33, 127)
(33, 34, 122)
(33, 35, 119)
(33, 36, 117)
(33, 37, 112)
(33, 38, 110)
(33, 39, 104)

(34, 0, 530)
(34, 1, 506)
(34, 2, 492)
(34, 3, 462)
(34, 4, 445)
(34, 5, 418)
(34, 6, 397)
(34, 7, 369)
(34, 8, 358)
(34, 9, 342)
(34, 10, 337)
(34, 11, 331)
(34, 12, 322)
(34, 13, 313)
(34, 14, 301)
(34, 15, 289)
(34, 16, 282)
(34, 17, 273)
(34, 18, 265)
(34, 19, 256)
(34, 20, 246)
(34, 21, 234)
(34, 22, 222)
(34, 23, 213)
(34, 24, 205)
(34, 25, 194)
(34, 26, 184)
(34, 27, 175)
(34, 28, 163)
(34, 29, 152)
(34, 30, 148)
(34, 31, 143)
(34, 32, 140)
(34, 33, 135)
(34, 34, 130)
(34, 35, 127)
(34, 36, 124)
(34, 37, 119)
(34, 38, 117)
(34, 39, 111)

(35, 0, 545)
(35, 1, 521)
(35, 2, 507)
(35, 3, 477)
(35, 4, 460)
(35, 5, 433)
(35, 6, 411)
(35, 7, 383)
(35, 8, 372)
(35, 9, 356)
(35, 10, 351)
(35, 11, 345)
(35, 12, 336)
(35, 13, 327)
(35, 14, 315)
(35, 15, 303)
(35, 16, 296)
(35, 17, 286)
(35, 18, 278)
(35, 19, 269)
(35, 20, 259)
(35, 21, 246)
(35, 22, 234)
(35, 23, 225)
(35, 24, 216)
(35, 25, 205)
(35, 26, 194)
(35, 27, 183)
(35, 28, 170)
(35, 29, 159)
(35, 30, 155)
(35, 31, 150)
(35, 32, 147)
(35, 33, 142)
(35, 34, 137)
(35, 35, 134)
(35, 36, 131)
(35, 37, 125)
(35, 38, 123)
(35, 39, 117)

(36, 0, 565)
(36, 1, 541)
(36, 2, 527)
(36, 3, 497)
(36, 4, 480)
(36, 5, 453)
(36, 6, 430)
(36, 7, 402)
(36, 8, 391)
(36, 9, 374)
(36, 10, 369)
(36, 11, 363)
(36, 12, 354)
(36, 13, 345)
(36, 14, 333)
(36, 15, 320)
(36, 16, 313)
(36, 17, 303)
(36, 18, 295)
(36, 19, 286)
(36, 20, 275)
(36, 21, 262)
(36, 22, 250)
(36, 23, 241)
(36, 24, 232)
(36, 25, 220)
(36, 26, 209)
(36, 27, 198)
(36, 28, 185)
(36, 29, 173)
(36, 30, 168)
(36, 31, 163)
(36, 32, 160)
(36, 33, 155)
(36, 34, 150)
(36, 35, 147)
(36, 36, 144)
(36, 37, 137)
(36, 38, 135)
(36, 39, 128)

(37, 0, 584)
(37, 1, 560)
(37, 2, 546)
(37, 3, 516)
(37, 4, 499)
(37, 5, 472)
(37, 6, 447)
(37, 7, 419)
(37, 8, 407)
(37, 9, 390)
(37, 10, 385)
(37, 11, 379)
(37, 12, 369)
(37, 13, 360)
(37, 14, 347)
(37, 15, 334)
(37, 16, 327)
(37, 17, 317)
(37, 18, 309)
(37, 19, 300)
(37, 20, 288)
(37, 21, 274)
(37, 22, 262)
(37, 23, 253)
(37, 24, 244)
(37, 25, 232)
(37, 26, 220)
(37, 27, 209)
(37, 28, 196)
(37, 29, 184)
(37, 30, 179)
(37, 31, 174)
(37, 32, 171)
(37, 33, 165)
(37, 34, 160)
(37, 35, 155)
(37, 36, 152)
(37, 37, 144)
(37, 38, 142)
(37, 39, 135)

(38, 0, 612)
(38, 1, 588)
(38, 2, 574)
(38, 3, 543)
(38, 4, 526)
(38, 5, 499)
(38, 6, 472)
(38, 7, 443)
(38, 8, 430)
(38, 9, 411)
(38, 10, 405)
(38, 11, 399)
(38, 12, 389)
(38, 13, 380)
(38, 14, 367)
(38, 15, 354)
(38, 16, 347)
(38, 17, 337)
(38, 18, 329)
(38, 19, 319)
(38, 20, 305)
(38, 21, 291)
(38, 22, 274)
(38, 23, 262)
(38, 24, 253)
(38, 25, 241)
(38, 26, 228)
(38, 27, 217)
(38, 28, 204)
(38, 29, 192)
(38, 30, 187)
(38, 31, 182)
(38, 32, 179)
(38, 33, 173)
(38, 34, 168)
(38, 35, 163)
(38, 36, 159)
(38, 37, 149)
(38, 38, 147)
(38, 39, 140)

(39, 0, 662)
(39, 1, 637)
(39, 2, 622)
(39, 3, 589)
(39, 4, 571)
(39, 5, 541)
(39, 6, 511)
(39, 7, 479)
(39, 8, 464)
(39, 9, 442)
(39, 10, 436)
(39, 11, 429)
(39, 12, 418)
(39, 13, 408)
(39, 14, 394)
(39, 15, 379)
(39, 16, 368)
(39, 17, 356)
(39, 18, 346)
(39, 19, 335)
(39, 20, 321)
(39, 21, 307)
(39, 22, 288)
(39, 23, 276)
(39, 24, 267)
(39, 25, 254)
(39, 26, 240)
(39, 27, 229)
(39, 28, 213)
(39, 29, 201)
(39, 30, 196)
(39, 31, 191)
(39, 32, 188)
(39, 33, 182)
(39, 34, 177)
(39, 35, 172)
(39, 36, 168)
(39, 37, 158)
(39, 38, 156)
(39, 39, 148)


Betti numbers:
xi_0:
(0, 0, 3)
(2, 0, 3)
(4, 0, 1)
(5, 0, 2)
(6, 0, 2)
(7, 0, 3)
(8, 0, 3)
(9, 0, 1)
(11, 0, 2)
(12, 0, 1)
(13, 0, 17)
(14, 0, 21)
(15, 0, 27)
(16, 0, 46)
(17, 0, 21)
(18, 0, 17)
(19, 0, 14)
(20, 0, 14)
(21, 0, 12)
(22, 0, 16)
(23, 0, 32)
(24, 0, 18)
(25, 0, 11)
(26, 0, 12)
(27, 0, 22)
(28, 0, 31)
(29, 0, 22)
(30, 0, 16)
(31, 0, 31)
(32, 0, 56)
(33, 0, 14)
(34, 0, 39)
(35, 0, 15)
(36, 0, 20)
(37, 0, 19)
(38, 0, 28)
(39, 0, 50)
xi_1:
(2, 34, 1)
(5, 12, 1)
(6, 12, 1)
(7, 15, 1)
(7, 39, 1)
(8, 13, 1)
(8, 39, 1)
(12, 26, 1)
(13, 1, 3)
(13, 2, 5)
(13, 3, 5)
(14, 5, 2)
(14, 6, 1)
(14, 7, 2)
(14, 8, 1)
(14, 9, 1)
(14, 10, 1)
(14, 11, 1)
(14, 12, 2)
(14, 17, 1)
(14, 29, 1)
(14, 30, 1)
(14, 31, 1)
(15, 2, 1)
(15, 4, 2)
(15, 5, 1)
(15, 6, 3)
(15, 9, 1)
(15, 12, 1)
(15, 17, 1)
(15, 22, 2)
(15, 24, 2)
(15, 25, 1)
(15, 27, 1)
(15, 28, 1)
(15, 35, 1)
(15, 39, 1)
(16, 1, 1)
(16, 2, 1)
(16, 3, 3)
(16, 4, 2)
(16, 5, 3)
(16, 6, 1)
(16, 7, 4)
(16, 8, 1)
(16, 9, 1)
(16, 10, 1)
(16, 11, 1)
(16, 13, 1)
(16, 14, 3)
(16, 17, 2)
(16, 19, 1)
(16, 20, 1)
(16, 23, 2)
(16, 24, 2)
(16, 25, 1)
(16, 26, 1)
(16, 27, 2)
(16, 28, 1)
(16, 29, 3)
(16, 33, 1)
(16, 35, 1)
(16, 36, 1)
(16, 37, 2)
(16, 39, 1)
(17, 6, 1)
(17, 8, 1)
(17, 13, 1)
(17, 15, 1)
(17, 16, 1)
(17, 17, 1)
(17, 18, 1)
(17, 21, 1)
(17, 23, 1)
(17, 27, 1)
(17, 30, 1)
(17, 31, 1)
(17, 35, 1)
(17, 36, 1)
(17, 37, 1)
(18, 5, 1)
(18, 6, 1)
(18, 7, 2)
(18, 8, 1)
(18, 14, 1)
(18, 15, 1)
(18, 16, 1)
(18, 21, 1)
(18, 23, 1)
(18, 25, 2)
(18, 27, 1)
(19, 6, 1)
(19, 13, 2)
(19, 20, 1)
(19, 23, 1)
(19, 28, 1)
(19, 30, 1)
(19, 34, 1)
(20, 5, 1)
(20, 7, 1)
(20, 9, 1)
(20, 17, 1)
(20, 21, 1)
(20, 26, 1)
(20, 32, 1)
(20, 38, 1)
(21, 5, 1)
(21, 9, 1)
(21, 14, 1)
(21, 15, 1)
(21, 21, 1)
(21, 22, 1)
(21, 29, 1)
(22, 14, 1)
(22, 17, 1)
(22, 18, 1)
(22, 20, 1)
(22, 23, 1)
(22, 26, 1)
(22, 29, 1)
(22, 37, 1)
(22, 38, 1)
(23, 1, 6)
(23, 3, 4)
(23, 4, 1)
(23, 5, 3)
(23, 6, 3)
(23, 7, 2)
(23, 15, 2)
(23, 17, 1)
(23, 18, 1)
(23, 20, 2)
(23, 21, 1)
(23, 22, 1)
(23, 37, 1)
(24, 3, 3)
(24, 4, 3)
(24, 5, 1)
(24, 6, 1)
(24, 13, 1)
(24, 16, 1)
(24, 18, 1)
(24, 19, 1)
(24, 20, 1)
(24, 23, 1)
(24, 28, 1)
(24, 29, 1)
(24, 34, 1)
(25, 7, 3)
(25, 12, 1)
(25, 25, 2)
(25, 26, 1)
(25, 33, 1)
(25, 35, 1)
(26, 14, 1)
(26, 15, 1)
(26, 22, 2)
(26, 24, 1)
(26, 25, 1)
(26, 26, 1)
(26, 27, 1)
(26, 29, 1)
(26, 31, 1)
(27, 5, 1)
(27, 6, 1)
(27, 7, 1)
(27, 8, 1)
(27, 9, 4)
(27, 10, 1)
(27, 14, 1)
(27, 15, 1)
(27, 17, 1)
(27, 18, 1)
(27, 22, 1)
(27, 24, 1)
(27, 26, 1)
(27, 27, 1)
(27, 28, 2)
(27, 33, 1)
(28, 1, 1)
(28, 2, 5)
(28, 3, 4)
(28, 4, 4)
(28, 5, 5)
(28, 6, 1)
(28, 7, 2)
(28, 8, 2)
(28, 11, 2)
(28, 13, 1)
(28, 16, 1)
(28, 19, 1)
(29, 1, 1)
(29, 3, 1)
(29, 4, 2)
(29, 5, 2)
(29, 6, 2)
(29, 7, 3)
(29, 9, 1)
(29, 12, 1)
(29, 16, 1)
(29, 18, 1)
(29, 19, 2)
(29, 21, 1)
(29, 24, 2)
(29, 29, 1)
(30, 7, 2)
(30, 14, 1)
(30, 18, 2)
(30, 19, 1)
(30, 20, 1)
(30, 22, 1)
(30, 27, 1)
(30, 29, 1)
(30, 30, 1)
(30, 31, 1)
(30, 32, 2)
(30, 33, 1)
(30, 39, 1)
(31, 5, 1)
(31, 7, 2)
(31, 8, 2)
(31, 9, 2)
(31, 10, 1)
(31, 14, 1)
(31, 15, 2)
(31, 16, 1)
(31, 20, 1)
(31, 21, 2)
(31, 22, 3)
(31, 24, 2)
(31, 26, 2)
(31, 28, 2)
(31, 29, 1)
(32, 1, 9)
(32, 2, 1)
(32, 3, 8)
(32, 4, 1)
(32, 5, 2)
(32, 6, 4)
(32, 7, 3)
(32, 9, 3)
(32, 11, 2)
(32, 13, 1)
(32, 14, 1)
(32, 15, 1)
(32, 19, 1)
(32, 20, 4)
(32, 21, 2)
(32, 25, 2)
(32, 27, 1)
(32, 28, 2)
(32, 31, 1)
(32, 33, 1)
(32, 34, 2)
(32, 39, 1)
(33, 12, 1)
(33, 16, 1)
(33, 19, 1)
(33, 21, 2)
(33, 22, 1)
(33, 23, 1)
(33, 25, 1)
(33, 28, 1)
(34, 1, 3)
(34, 2, 1)
(34, 3, 2)
(34, 4, 2)
(34, 5, 4)
(34, 6, 2)
(34, 7, 1)
(34, 8, 2)
(34, 9, 1)
(34, 10, 1)
(34, 12, 1)
(34, 13, 1)
(34, 14, 1)
(34, 15, 1)
(34, 17, 1)
(34, 19, 1)
(34, 23, 2)
(34, 25, 1)
(34, 26, 1)
(34, 28, 1)
(34, 29, 1)
(34, 36, 1)
(35, 6, 1)
(35, 17, 1)
(35, 21, 1)
(35, 24, 1)
(35, 26, 1)
(35, 27, 2)
(35, 28, 1)
(35, 37, 1)
(36, 6, 1)
(36, 9, 1)
(36, 15, 1)
(36, 20, 1)
(36, 25, 1)
(36, 29, 1)
(36, 30, 1)
(36, 37, 1)
(36, 39, 1)
(37, 6, 2)
(37, 8, 1)
(37, 12, 1)
(37, 14, 1)
(37, 20, 1)
(37, 21, 1)
(37, 26, 1)
(37, 33, 1)
(37, 35, 2)
(37, 37, 1)
(38, 3, 1)
(38, 6, 2)
(38, 7, 1)
(38, 8, 1)
(38, 9, 2)
(38, 10, 1)
(38, 19, 1)
(38, 20, 2)
(38, 22, 5)
(38, 23, 3)
(38, 26, 1)
(38, 36, 1)
(38, 37, 2)
(39, 1, 1)
(39, 2, 1)
(39, 3, 2)
(39, 4, 1)
(39, 5, 3)
(39, 6, 3)
(39, 7, 3)
(39, 8, 2)
(39, 9, 3)
(39, 11, 1)
(39, 12, 1)
(39, 13, 1)
(39, 14, 1)
(39, 15, 2)
(39, 16, 4)
(39, 17, 2)
(39, 18, 2)
(39, 19, 1)
(39, 22, 2)
(39, 25, 1)
(39, 26, 1)
(39, 28, 3)
(39, 39, 1)
xi_2:
(16, 24, 1)
(17, 23, 1)
(18, 17, 1)
(24, 6, 1)
(24, 20, 2)
(25, 29, 1)
(26, 35, 1)
(27, 24, 1)
(29, 5, 1)
