x-grades
-2990593054001388783/200000000000000000
-1466339262610211083/100000000000000000
-2874763996439455549/200000000000000000
-704212366914622233/50000000000000000
-551786987775504463/40000000000000000
-1350510205048277849/100000000000000000
-2643105881315589081/200000000000000000
-10098403720838369/781250000000000
-2527276823753655847/200000000000000000
-246936229497268923/20000000000000000
-2411447766191722613/200000000000000000
-588383309352688999/50000000000000000
-2295618708629789379/200000000000000000
-1118852089924411381/100000000000000000
-435957930213571229/40000000000000000
-265234390285861191/25000000000000000
-2063960593505922911/200000000000000000
-1003023032362478147/100000000000000000
-1948131535943989677/200000000000000000
-94510850358151153/10000000000000000
-1832302478382056443/200000000000000000
-887193974800544913/100000000000000000
-1716473420820123209/200000000000000000
-103659930752447287/12500000000000000
-64025774530327599/8000000000000000
-771364917238611679/100000000000000000
-1484815305696256741/200000000000000000
-356725194228822531/50000000000000000
-1368986248134323507/200000000000000000
-131107171935335689/20000000000000000
-1253157190572390273/200000000000000000
-149405332723927957/25000000000000000
-1137328133010457039/200000000000000000
-539706802114745211/100000000000000000
-204299815089704761/40000000000000000
-240896136666889297/50000000000000000
-905670017886590571/200000000000000000
-423877744552811977/100000000000000000
-789840960324657337/200000000000000000
-4574540197148067/1250000000000000

y-grades
624971/2500000
624971/1250000
1874913/2500000
624971/625000
624971/500000
1874913/1250000
4374797/2500000
624971/312500
5624739/2500000
624971/250000
6874681/2500000
1874913/625000
8124623/2500000
4374797/1250000
1874913/500000
624971/156250
10624507/2500000
5624739/1250000
11874449/2500000
624971/125000
13124391/2500000
6874681/1250000
14374333/2500000
1874913/312500
624971/100000
8124623/1250000
16874217/2500000
4374797/625000
18124159/2500000
1874913/250000
19374101/2500000
624971/78125
20624043/2500000
10624507/1250000
4374797/500000
5624739/625000
23123927/2500000
11874449/1250000
24373869/2500000
624971/62500

Dimensions > 0:
(0, 0, 1)
(0, 1, 1)
(0, 2, 1)
(0, 3, 1)
(0, 4, 1)
(0, 5, 1)
(0, 6, 1)
(0, 7, 1)
(0, 8, 1)
(0, 9, 1)
(0, 10, 1)
(0, 11, 1)
(0, 12, 1)
(0, 13, 1)
(0, 14, 1)
(0, 15, 1)
(0, 16, 1)
(0, 17, 1)
(0, 18, 1)
(0, 19, 1)
(0, 20, 1)
(0, 21, 1)
(0, 22, 1)
(0, 23, 1)
(0, 24, 1)
(0, 25, 1)
(0, 26, 1)
(0, 27, 1)
(0, 28, 1)
(0, 29, 1)
(0, 30, 1)
(0, 31, 1)
(0, 32, 1)
(0, 33, 1)
(0, 34, 1)
(0, 35, 1)
(0, 36, 1)
(0, 37, 1)
(0, 38, 1)
(0, 39, 1)

(1, 0, 1)
(1, 1, 1)
(1, 2, 1)
(1, 3, 1)
(1, 4, 1)
(1, 5, 1)
(1, 6, 1)
(1, 7, 1)
(1, 8, 1)
(1, 9, 1)
(1, 10, 1)
(1, 11, 1)
(1, 12, 1)
(1, 13, 1)
(1, 14, 1)
(1, 15, 1)
(1, 16, 1)
(1, 17, 1)
(1, 18, 1)
(1, 19, 1)
(1, 20, 1)
(1, 21, 1)
(1, 22, 1)
(1, 23, 1)
(1, 24, 1)
(1, 25, 1)
(1, 26, 1)
(1, 27, 1)
(1, 28, 1)
(1, 29, 1)
(1, 30, 1)
(1, 31, 1)
(1, 32, 1)
(1, 33, 1)
(1, 34, 1)
(1, 35, 1)
(1, 36, 1)
(1, 37, 1)
(1, 38, 1)
(1, 39, 1)

(2, 0, 10)
(2, 1, 10)
(2, 2, 10)
(2, 3, 10)
(2, 4, 10)
(2, 5, 10)
(2, 6, 10)
(2, 7, 10)
(2, 8, 9)
(2, 9, 9)
(2, 10, 9)
(2, 11, 7)
(2, 12, 6)
(2, 13, 6)
(2, 14, 6)
(2, 15, 6)
(2, 16, 6)
(2, 17, 6)
(2, 18, 5)
(2, 19, 5)
(2, 20, 5)
(2, 21, 5)
(2, 22, 5)
(2, 23, 5)
(2, 24, 5)
(2, 25, 5)
(2, 26, 5)
(2, 27, 5)
(2, 28, 5)
(2, 29, 5)
(2, 30, 5)
(2, 31, 5)
(2, 32, 5)
(2, 33, 5)
(2, 34, 5)
(2, 35, 5)
(2, 36, 5)
(2, 37, 5)
(2, 38, 5)
(2, 39, 5)

(3, 0, 44)
(3, 1, 44)
(3, 2, 44)
(3, 3, 44)
(3, 4, 44)
(3, 5, 43)
(3, 6, 42)
(3, 7, 42)
(3, 8, 38)
(3, 9, 36)
(3, 10, 36)
(3, 11, 22)
(3, 12, 20)
(3, 13, 20)
(3, 14, 19)
(3, 15, 18)
(3, 16, 17)
(3, 17, 17)
(3, 18, 14)
(3, 19, 14)
(3, 20, 14)
(3, 21, 12)
(3, 22, 11)
(3, 23, 10)
(3, 24, 10)
(3, 25, 9)
(3, 26, 9)
(3, 27, 9)
(3, 28, 8)
(3, 29, 7)
(3, 30, 7)
(3, 31, 6)
(3, 32, 6)
(3, 33, 6)
(3, 34, 6)
(3, 35, 6)
(3, 36, 6)
(3, 37, 6)
(3, 38, 6)
(3, 39, 6)

(4, 0, 84)
(4, 1, 84)
(4, 2, 84)
(4, 3, 84)
(4, 4, 84)
(4, 5, 83)
(4, 6, 82)
(4, 7, 82)
(4, 8, 78)
(4, 9, 75)
(4, 10, 75)
(4, 11, 51)
(4, 12, 48)
(4, 13, 47)
(4, 14, 45)
(4, 15, 44)
(4, 16, 42)
(4, 17, 41)
(4, 18, 38)
(4, 19, 38)
(4, 20, 37)
(4, 21, 35)
(4, 22, 31)
(4, 23, 28)
(4, 24, 26)
(4, 25, 25)
(4, 26, 22)
(4, 27, 21)
(4, 28, 19)
(4, 29, 18)
(4, 30, 18)
(4, 31, 16)
(4, 32, 16)
(4, 33, 14)
(4, 34, 13)
(4, 35, 13)
(4, 36, 13)
(4, 37, 13)
(4, 38, 12)
(4, 39, 11)

(5, 0, 197)
(5, 1, 197)
(5, 2, 197)
(5, 3, 197)
(5, 4, 196)
(5, 5, 192)
(5, 6, 188)
(5, 7, 188)
(5, 8, 183)
(5, 9, 178)
(5, 10, 177)
(5, 11, 127)
(5, 12, 109)
(5, 13, 101)
(5, 14, 95)
(5, 15, 93)
(5, 16, 86)
(5, 17, 83)
(5, 18, 78)
(5, 19, 77)
(5, 20, 75)
(5, 21, 71)
(5, 22, 59)
(5, 23, 53)
(5, 24, 48)
(5, 25, 47)
(5, 26, 38)
(5, 27, 35)
(5, 28, 34)
(5, 29, 34)
(5, 30, 32)
(5, 31, 27)
(5, 32, 24)
(5, 33, 20)
(5, 34, 19)
(5, 35, 19)
(5, 36, 19)
(5, 37, 19)
(5, 38, 13)
(5, 39, 11)

(6, 0, 301)
(6, 1, 298)
(6, 2, 297)
(6, 3, 296)
(6, 4, 294)
(6, 5, 290)
(6, 6, 285)
(6, 7, 283)
(6, 8, 276)
(6, 9, 269)
(6, 10, 263)
(6, 11, 194)
(6, 12, 170)
(6, 13, 158)
(6, 14, 147)
(6, 15, 138)
(6, 16, 129)
(6, 17, 124)
(6, 18, 112)
(6, 19, 110)
(6, 20, 105)
(6, 21, 100)
(6, 22, 85)
(6, 23, 74)
(6, 24, 65)
(6, 25, 62)
(6, 26, 52)
(6, 27, 50)
(6, 28, 47)
(6, 29, 47)
(6, 30, 40)
(6, 31, 35)
(6, 32, 31)
(6, 33, 26)
(6, 34, 24)
(6, 35, 24)
(6, 36, 23)
(6, 37, 23)
(6, 38, 18)
(6, 39, 16)

(7, 0, 406)
(7, 1, 402)
(7, 2, 400)
(7, 3, 398)
(7, 4, 395)
(7, 5, 391)
(7, 6, 385)
(7, 7, 382)
(7, 8, 370)
(7, 9, 363)
(7, 10, 351)
(7, 11, 261)
(7, 12, 230)
(7, 13, 212)
(7, 14, 195)
(7, 15, 179)
(7, 16, 166)
(7, 17, 157)
(7, 18, 140)
(7, 19, 136)
(7, 20, 130)
(7, 21, 123)
(7, 22, 107)
(7, 23, 92)
(7, 24, 78)
(7, 25, 73)
(7, 26, 64)
(7, 27, 62)
(7, 28, 58)
(7, 29, 58)
(7, 30, 51)
(7, 31, 44)
(7, 32, 37)
(7, 33, 29)
(7, 34, 27)
(7, 35, 26)
(7, 36, 26)
(7, 37, 26)
(7, 38, 20)
(7, 39, 17)

(8, 0, 483)
(8, 1, 479)
(8, 2, 477)
(8, 3, 475)
(8, 4, 470)
(8, 5, 462)
(8, 6, 456)
(8, 7, 452)
(8, 8, 440)
(8, 9, 433)
(8, 10, 417)
(8, 11, 318)
(8, 12, 275)
(8, 13, 252)
(8, 14, 233)
(8, 15, 217)
(8, 16, 198)
(8, 17, 186)
(8, 18, 165)
(8, 19, 161)
(8, 20, 155)
(8, 21, 147)
(8, 22, 131)
(8, 23, 110)
(8, 24, 93)
(8, 25, 88)
(8, 26, 78)
(8, 27, 76)
(8, 28, 71)
(8, 29, 71)
(8, 30, 62)
(8, 31, 52)
(8, 32, 43)
(8, 33, 33)
(8, 34, 31)
(8, 35, 28)
(8, 36, 28)
(8, 37, 28)
(8, 38, 22)
(8, 39, 19)

(9, 0, 543)
(9, 1, 538)
(9, 2, 536)
(9, 3, 534)
(9, 4, 529)
(9, 5, 521)
(9, 6, 515)
(9, 7, 511)
(9, 8, 498)
(9, 9, 486)
(9, 10, 469)
(9, 11, 358)
(9, 12, 312)
(9, 13, 285)
(9, 14, 261)
(9, 15, 243)
(9, 16, 222)
(9, 17, 210)
(9, 18, 188)
(9, 19, 181)
(9, 20, 174)
(9, 21, 167)
(9, 22, 149)
(9, 23, 120)
(9, 24, 102)
(9, 25, 97)
(9, 26, 86)
(9, 27, 84)
(9, 28, 78)
(9, 29, 78)
(9, 30, 66)
(9, 31, 55)
(9, 32, 44)
(9, 33, 35)
(9, 34, 32)
(9, 35, 30)
(9, 36, 29)
(9, 37, 29)
(9, 38, 21)
(9, 39, 19)

(10, 0, 617)
(10, 1, 609)
(10, 2, 606)
(10, 3, 604)
(10, 4, 599)
(10, 5, 591)
(10, 6, 582)
(10, 7, 574)
(10, 8, 559)
(10, 9, 546)
(10, 10, 522)
(10, 11, 403)
(10, 12, 344)
(10, 13, 311)
(10, 14, 284)
(10, 15, 263)
(10, 16, 240)
(10, 17, 227)
(10, 18, 204)
(10, 19, 193)
(10, 20, 185)
(10, 21, 177)
(10, 22, 158)
(10, 23, 128)
(10, 24, 109)
(10, 25, 104)
(10, 26, 93)
(10, 27, 91)
(10, 28, 85)
(10, 29, 85)
(10, 30, 72)
(10, 31, 60)
(10, 32, 49)
(10, 33, 40)
(10, 34, 38)
(10, 35, 36)
(10, 36, 34)
(10, 37, 34)
(10, 38, 26)
(10, 39, 24)

(11, 0, 619)
(11, 1, 611)
(11, 2, 608)
(11, 3, 606)
(11, 4, 601)
(11, 5, 593)
(11, 6, 584)
(11, 7, 576)
(11, 8, 561)
(11, 9, 548)
(11, 10, 524)
(11, 11, 405)
(11, 12, 346)
(11, 13, 313)
(11, 14, 286)
(11, 15, 265)
(11, 16, 242)
(11, 17, 229)
(11, 18, 206)
(11, 19, 195)
(11, 20, 187)
(11, 21, 179)
(11, 22, 160)
(11, 23, 130)
(11, 24, 111)
(11, 25, 106)
(11, 26, 95)
(11, 27, 93)
(11, 28, 87)
(11, 29, 87)
(11, 30, 74)
(11, 31, 62)
(11, 32, 51)
(11, 33, 41)
(11, 34, 39)
(11, 35, 37)
(11, 36, 35)
(11, 37, 35)
(11, 38, 27)
(11, 39, 25)

(12, 0, 620)
(12, 1, 612)
(12, 2, 609)
(12, 3, 607)
(12, 4, 602)
(12, 5, 594)
(12, 6, 585)
(12, 7, 577)
(12, 8, 562)
(12, 9, 549)
(12, 10, 525)
(12, 11, 406)
(12, 12, 347)
(12, 13, 314)
(12, 14, 287)
(12, 15, 266)
(12, 16, 243)
(12, 17, 230)
(12, 18, 207)
(12, 19, 196)
(12, 20, 188)
(12, 21, 180)
(12, 22, 161)
(12, 23, 131)
(12, 24, 112)
(12, 25, 107)
(12, 26, 96)
(12, 27, 94)
(12, 28, 88)
(12, 29, 88)
(12, 30, 75)
(12, 31, 63)
(12, 32, 52)
(12, 33, 42)
(12, 34, 40)
(12, 35, 38)
(12, 36, 36)
(12, 37, 36)
(12, 38, 28)
(12, 39, 26)

(13, 0, 621)
(13, 1, 613)
(13, 2, 610)
(13, 3, 608)
(13, 4, 603)
(13, 5, 595)
(13, 6, 586)
(13, 7, 578)
(13, 8, 563)
(13, 9, 550)
(13, 10, 526)
(13, 11, 407)
(13, 12, 348)
(13, 13, 315)
(13, 14, 288)
(13, 15, 267)
(13, 16, 244)
(13, 17, 231)
(13, 18, 208)
(13, 19, 197)
(13, 20, 189)
(13, 21, 181)
(13, 22, 162)
(13, 23, 132)
(13, 24, 113)
(13, 25, 108)
(13, 26, 97)
(13, 27, 95)
(13, 28, 89)
(13, 29, 89)
(13, 30, 76)
(13, 31, 64)
(13, 32, 53)
(13, 33, 43)
(13, 34, 41)
(13, 35, 39)
(13, 36, 37)
(13, 37, 37)
(13, 38, 29)
(13, 39, 27)

(14, 0, 622)
(14, 1, 614)
(14, 2, 611)
(14, 3, 609)
(14, 4, 604)
(14, 5, 596)
(14, 6, 587)
(14, 7, 579)
(14, 8, 564)
(14, 9, 551)
(14, 10, 527)
(14, 11, 408)
(14, 12, 349)
(14, 13, 316)
(14, 14, 289)
(14, 15, 268)
(14, 16, 245)
(14, 17, 232)
(14, 18, 209)
(14, 19, 198)
(14, 20, 190)
(14, 21, 182)
(14, 22, 163)
(14, 23, 132)
(14, 24, 113)
(14, 25, 108)
(14, 26, 97)
(14, 27, 95)
(14, 28, 89)
(14, 29, 89)
(14, 30, 76)
(14, 31, 64)
(14, 32, 53)
(14, 33, 43)
(14, 34, 41)
(14, 35, 39)
(14, 36, 37)
(14, 37, 37)
(14, 38, 29)
(14, 39, 27)

(15, 0, 622)
(15, 1, 614)
(15, 2, 611)
(15, 3, 609)
(15, 4, 604)
(15, 5, 596)
(15, 6, 587)
(15, 7, 579)
(15, 8, 564)
(15, 9, 551)
(15, 10, 527)
(15, 11, 408)
(15, 12, 349)
(15, 13, 316)
(15, 14, 289)
(15, 15, 268)
(15, 16, 245)
(15, 17, 232)
(15, 18, 209)
(15, 19, 198)
(15, 20, 190)
(15, 21, 182)
(15, 22, 163)
(15, 23, 132)
(15, 24, 113)
(15, 25, 108)
(15, 26, 97)
(15, 27, 95)
(15, 28, 89)
(15, 29, 89)
(15, 30, 76)
(15, 31, 64)
(15, 32, 53)
(15, 33, 43)
(15, 34, 41)
(15, 35, 39)
(15, 36, 37)
(15, 37, 37)
(15, 38, 29)
(15, 39, 27)

(16, 0, 622)
(16, 1, 614)
(16, 2, 611)
(16, 3, 609)
(16, 4, 604)
(16, 5, 596)
(16, 6, 587)
(16, 7, 579)
(16, 8, 564)
(16, 9, 551)
(16, 10, 527)
(16, 11, 408)
(16, 12, 349)
(16, 13, 316)
(16, 14, 289)
(16, 15, 268)
(16, 16, 245)
(16, 17, 232)
(16, 18, 209)
(16, 19, 198)
(16, 20, 190)
(16, 21, 182)
(16, 22, 163)
(16, 23, 132)
(16, 24, 113)
(16, 25, 108)
(16, 26, 97)
(16, 27, 95)
(16, 28, 89)
(16, 29, 89)
(16, 30, 76)
(16, 31, 64)
(16, 32, 53)
(16, 33, 43)
(16, 34, 41)
(16, 35, 39)
(16, 36, 37)
(16, 37, 37)
(16, 38, 29)
(16, 39, 27)

(17, 0, 622)
(17, 1, 614)
(17, 2, 611)
(17, 3, 609)
(17, 4, 604)
(17, 5, 596)
(17, 6, 587)
(17, 7, 579)
(17, 8, 564)
(17, 9, 551)
(17, 10, 527)
(17, 11, 408)
(17, 12, 349)
(17, 13, 316)
(17, 14, 289)
(17, 15, 268)
(17, 16, 245)
(17, 17, 232)
(17, 18, 209)
(17, 19, 198)
(17, 20, 190)
(17, 21, 182)
(17, 22, 163)
(17, 23, 132)
(17, 24, 113)
(17, 25, 108)
(17, 26, 97)
(17, 27, 95)
(17, 28, 89)
(17, 29, 89)
(17, 30, 76)
(17, 31, 64)
(17, 32, 53)
(17, 33, 43)
(17, 34, 41)
(17, 35, 39)
(17, 36, 37)
(17, 37, 37)
(17, 38, 29)
(17, 39, 27)

(18, 0, 622)
(18, 1, 614)
(18, 2, 611)
(18, 3, 609)
(18, 4, 604)
(18, 5, 596)
(18, 6, 587)
(18, 7, 579)
(18, 8, 564)
(18, 9, 551)
(18, 10, 527)
(18, 11, 408)
(18, 12, 349)
(18, 13, 316)
(18, 14, 289)
(18, 15, 268)
(18, 16, 245)
(18, 17, 232)
(18, 18, 209)
(18, 19, 198)
(18, 20, 190)
(18, 21, 182)
(18, 22, 163)
(18, 23, 132)
(18, 24, 113)
(18, 25, 108)
(18, 26, 97)
(18, 27, 95)
(18, 28, 89)
(18, 29, 89)
(18, 30, 76)
(18, 31, 64)
(18, 32, 53)
(18, 33, 43)
(18, 34, 41)
(18, 35, 39)
(18, 36, 37)
(18, 37, 37)
(18, 38, 29)
(18, 39, 27)

(19, 0, 622)
(19, 1, 614)
(19, 2, 611)
(19, 3, 609)
(19, 4, 604)
(19, 5, 596)
(19, 6, 587)
(19, 7, 579)
(19, 8, 564)
(19, 9, 551)
(19, 10, 527)
(19, 11, 408)
(19, 12, 349)
(19, 13, 316)
(19, 14, 289)
(19, 15, 268)
(19, 16, 245)
(19, 17, 232)
(19, 18, 209)
(19, 19, 198)
(19, 20, 190)
(19, 21, 182)
(19, 22, 163)
(19, 23, 132)
(19, 24, 113)
(19, 25, 108)
(19, 26, 97)
(19, 27, 95)
(19, 28, 89)
(19, 29, 89)
(19, 30, 76)
(19, 31, 64)
(19, 32, 53)
(19, 33, 43)
(19, 34, 41)
(19, 35, 39)
(19, 36, 37)
(19, 37, 37)
(19, 38, 29)
(19, 39, 27)

(20, 0, 622)
(20, 1, 614)
(20, 2, 611)
(20, 3, 609)
(20, 4, 604)
(20, 5, 596)
(20, 6, 587)
(20, 7, 579)
(20, 8, 564)
(20, 9, 551)
(20, 10, 527)
(20, 11, 408)
(20, 12, 349)
(20, 13, 316)
(20, 14, 289)
(20, 15, 268)
(20, 16, 245)
(20, 17, 232)
(20, 18, 209)
(20, 19, 198)
(20, 20, 190)
(20, 21, 182)
(20, 22, 163)
(20, 23, 132)
(20, 24, 113)
(20, 25, 108)
(20, 26, 97)
(20, 27, 95)
(20, 28, 89)
(20, 29, 89)
(20, 30, 76)
(20, 31, 64)
(20, 32, 53)
(20, 33, 43)
(20, 34, 41)
(20, 35, 39)
(20, 36, 37)
(20, 37, 37)
(20, 38, 29)
(20, 39, 27)

(21, 0, 624)
(21, 1, 616)
(21, 2, 613)
(21, 3, 611)
(21, 4, 606)
(21, 5, 598)
(21, 6, 589)
(21, 7, 581)
(21, 8, 566)
(21, 9, 553)
(21, 10, 529)
(21, 11, 410)
(21, 12, 351)
(21, 13, 318)
(21, 14, 291)
(21, 15, 270)
(21, 16, 247)
(21, 17, 234)
(21, 18, 211)
(21, 19, 200)
(21, 20, 192)
(21, 21, 184)
(21, 22, 165)
(21, 23, 134)
(21, 24, 115)
(21, 25, 110)
(21, 26, 99)
(21, 27, 97)
(21, 28, 91)
(21, 29, 91)
(21, 30, 78)
(21, 31, 66)
(21, 32, 55)
(21, 33, 45)
(21, 34, 43)
(21, 35, 41)
(21, 36, 39)
(21, 37, 39)
(21, 38, 31)
(21, 39, 29)

(22, 0, 624)
(22, 1, 616)
(22, 2, 613)
(22, 3, 611)
(22, 4, 606)
(22, 5, 598)
(22, 6, 589)
(22, 7, 581)
(22, 8, 566)
(22, 9, 553)
(22, 10, 529)
(22, 11, 410)
(22, 12, 351)
(22, 13, 318)
(22, 14, 291)
(22, 15, 270)
(22, 16, 247)
(22, 17, 234)
(22, 18, 211)
(22, 19, 200)
(22, 20, 192)
(22, 21, 184)
(22, 22, 165)
(22, 23, 134)
(22, 24, 115)
(22, 25, 110)
(22, 26, 99)
(22, 27, 97)
(22, 28, 91)
(22, 29, 91)
(22, 30, 78)
(22, 31, 66)
(22, 32, 55)
(22, 33, 45)
(22, 34, 43)
(22, 35, 41)
(22, 36, 39)
(22, 37, 39)
(22, 38, 31)
(22, 39, 29)

(23, 0, 624)
(23, 1, 616)
(23, 2, 613)
(23, 3, 611)
(23, 4, 606)
(23, 5, 598)
(23, 6, 589)
(23, 7, 581)
(23, 8, 566)
(23, 9, 553)
(23, 10, 529)
(23, 11, 410)
(23, 12, 351)
(23, 13, 318)
(23, 14, 291)
(23, 15, 270)
(23, 16, 247)
(23, 17, 234)
(23, 18, 211)
(23, 19, 200)
(23, 20, 192)
(23, 21, 184)
(23, 22, 165)
(23, 23, 134)
(23, 24, 115)
(23, 25, 110)
(23, 26, 99)
(23, 27, 97)
(23, 28, 91)
(23, 29, 91)
(23, 30, 78)
(23, 31, 66)
(23, 32, 55)
(23, 33, 45)
(23, 34, 43)
(23, 35, 41)
(23, 36, 39)
(23, 37, 39)
(23, 38, 31)
(23, 39, 29)

(24, 0, 625)
(24, 1, 617)
(24, 2, 614)
(24, 3, 612)
(24, 4, 607)
(24, 5, 599)
(24, 6, 590)
(24, 7, 582)
(24, 8, 567)
(24, 9, 554)
(24, 10, 530)
(24, 11, 411)
(24, 12, 352)
(24, 13, 319)
(24, 14, 292)
(24, 15, 271)
(24, 16, 248)
(24, 17, 235)
(24, 18, 212)
(24, 19, 201)
(24, 20, 193)
(24, 21, 185)
(24, 22, 166)
(24, 23, 135)
(24, 24, 116)
(24, 25, 111)
(24, 26, 100)
(24, 27, 98)
(24, 28, 92)
(24, 29, 92)
(24, 30, 79)
(24, 31, 67)
(24, 32, 56)
(24, 33, 46)
(24, 34, 44)
(24, 35, 42)
(24, 36, 40)
(24, 37, 40)
(24, 38, 32)
(24, 39, 30)

(25, 0, 625)
(25, 1, 617)
(25, 2, 614)
(25, 3, 612)
(25, 4, 607)
(25, 5, 599)
(25, 6, 590)
(25, 7, 582)
(25, 8, 567)
(25, 9, 554)
(25, 10, 530)
(25, 11, 411)
(25, 12, 352)
(25, 13, 319)
(25, 14, 292)
(25, 15, 271)
(25, 16, 248)
(25, 17, 235)
(25, 18, 212)
(25, 19, 201)
(25, 20, 193)
(25, 21, 185)
(25, 22, 166)
(25, 23, 135)
(25, 24, 116)
(25, 25, 111)
(25, 26, 100)
(25, 27, 98)
(25, 28, 92)
(25, 29, 92)
(25, 30, 79)
(25, 31, 67)
(25, 32, 56)
(25, 33, 46)
(25, 34, 44)
(25, 35, 42)
(25, 36, 40)
(25, 37, 40)
(25, 38, 32)
(25, 39, 30)

(26, 0, 626)
(26, 1, 618)
(26, 2, 615)
(26, 3, 613)
(26, 4, 608)
(26, 5, 600)
(26, 6, 591)
(26, 7, 583)
(26, 8, 568)
(26, 9, 555)
(26, 10, 531)
(26, 11, 412)
(26, 12, 353)
(26, 13, 320)
(26, 14, 293)
(26, 15, 272)
(26, 16, 249)
(26, 17, 236)
(26, 18, 213)
(26, 19, 202)
(26, 20, 194)
(26, 21, 186)
(26, 22, 167)
(26, 23, 136)
(26, 24, 117)
(26, 25, 112)
(26, 26, 101)
(26, 27, 99)
(26, 28, 93)
(26, 29, 93)
(26, 30, 80)
(26, 31, 68)
(26, 32, 57)
(26, 33, 47)
(26, 34, 45)
(26, 35, 43)
(26, 36, 41)
(26, 37, 41)
(26, 38, 33)
(26, 39, 31)

(27, 0, 640)
(27, 1, 632)
(27, 2, 629)
(27, 3, 627)
(27, 4, 621)
(27, 5, 613)
(27, 6, 602)
(27, 7, 594)
(27, 8, 579)
(27, 9, 564)
(27, 10, 540)
(27, 11, 421)
(27, 12, 362)
(27, 13, 326)
(27, 14, 299)
(27, 15, 278)
(27, 16, 255)
(27, 17, 242)
(27, 18, 218)
(27, 19, 207)
(27, 20, 199)
(27, 21, 191)
(27, 22, 172)
(27, 23, 141)
(27, 24, 122)
(27, 25, 115)
(27, 26, 104)
(27, 27, 102)
(27, 28, 96)
(27, 29, 96)
(27, 30, 83)
(27, 31, 71)
(27, 32, 60)
(27, 33, 50)
(27, 34, 48)
(27, 35, 46)
(27, 36, 44)
(27, 37, 44)
(27, 38, 36)
(27, 39, 34)

(28, 0, 643)
(28, 1, 635)
(28, 2, 632)
(28, 3, 630)
(28, 4, 624)
(28, 5, 616)
(28, 6, 605)
(28, 7, 597)
(28, 8, 581)
(28, 9, 566)
(28, 10, 542)
(28, 11, 423)
(28, 12, 364)
(28, 13, 328)
(28, 14, 301)
(28, 15, 280)
(28, 16, 256)
(28, 17, 243)
(28, 18, 219)
(28, 19, 208)
(28, 20, 200)
(28, 21, 192)
(28, 22, 173)
(28, 23, 142)
(28, 24, 123)
(28, 25, 116)
(28, 26, 105)
(28, 27, 103)
(28, 28, 97)
(28, 29, 97)
(28, 30, 84)
(28, 31, 72)
(28, 32, 61)
(28, 33, 51)
(28, 34, 49)
(28, 35, 47)
(28, 36, 45)
(28, 37, 45)
(28, 38, 37)
(28, 39, 35)

(29, 0, 659)
(29, 1, 651)
(29, 2, 648)
(29, 3, 646)
(29, 4, 640)
(29, 5, 632)
(29, 6, 621)
(29, 7, 612)
(29, 8, 596)
(29, 9, 581)
(29, 10, 557)
(29, 11, 438)
(29, 12, 379)
(29, 13, 343)
(29, 14, 316)
(29, 15, 295)
(29, 16, 271)
(29, 17, 258)
(29, 18, 234)
(29, 19, 223)
(29, 20, 215)
(29, 21, 207)
(29, 22, 188)
(29, 23, 157)
(29, 24, 136)
(29, 25, 129)
(29, 26, 118)
(29, 27, 116)
(29, 28, 108)
(29, 29, 108)
(29, 30, 95)
(29, 31, 82)
(29, 32, 71)
(29, 33, 61)
(29, 34, 59)
(29, 35, 57)
(29, 36, 54)
(29, 37, 54)
(29, 38, 46)
(29, 39, 44)

(30, 0, 699)
(30, 1, 682)
(30, 2, 678)
(30, 3, 673)
(30, 4, 666)
(30, 5, 658)
(30, 6, 647)
(30, 7, 637)
(30, 8, 617)
(30, 9, 593)
(30, 10, 569)
(30, 11, 450)
(30, 12, 391)
(30, 13, 355)
(30, 14, 328)
(30, 15, 307)
(30, 16, 282)
(30, 17, 269)
(30, 18, 243)
(30, 19, 232)
(30, 20, 224)
(30, 21, 216)
(30, 22, 197)
(30, 23, 166)
(30, 24, 145)
(30, 25, 138)
(30, 26, 126)
(30, 27, 124)
(30, 28, 116)
(30, 29, 115)
(30, 30, 102)
(30, 31, 89)
(30, 32, 77)
(30, 33, 67)
(30, 34, 64)
(30, 35, 62)
(30, 36, 59)
(30, 37, 59)
(30, 38, 51)
(30, 39, 49)

(31, 0, 710)
(31, 1, 693)
(31, 2, 689)
(31, 3, 684)
(31, 4, 677)
(31, 5, 669)
(31, 6, 658)
(31, 7, 648)
(31, 8, 627)
(31, 9, 602)
(31, 10, 578)
(31, 11, 459)
(31, 12, 400)
(31, 13, 364)
(31, 14, 337)
(31, 15, 316)
(31, 16, 290)
(31, 17, 277)
(31, 18, 251)
(31, 19, 240)
(31, 20, 232)
(31, 21, 224)
(31, 22, 205)
(31, 23, 174)
(31, 24, 153)
(31, 25, 145)
(31, 26, 133)
(31, 27, 131)
(31, 28, 123)
(31, 29, 122)
(31, 30, 108)
(31, 31, 94)
(31, 32, 82)
(31, 33, 72)
(31, 34, 69)
(31, 35, 67)
(31, 36, 64)
(31, 37, 64)
(31, 38, 56)
(31, 39, 54)

(32, 0, 721)
(32, 1, 704)
(32, 2, 700)
(32, 3, 695)
(32, 4, 687)
(32, 5, 679)
(32, 6, 668)
(32, 7, 658)
(32, 8, 637)
(32, 9, 612)
(32, 10, 588)
(32, 11, 469)
(32, 12, 410)
(32, 13, 374)
(32, 14, 347)
(32, 15, 326)
(32, 16, 298)
(32, 17, 285)
(32, 18, 259)
(32, 19, 248)
(32, 20, 240)
(32, 21, 232)
(32, 22, 213)
(32, 23, 182)
(32, 24, 161)
(32, 25, 153)
(32, 26, 141)
(32, 27, 139)
(32, 28, 131)
(32, 29, 130)
(32, 30, 116)
(32, 31, 102)
(32, 32, 90)
(32, 33, 80)
(32, 34, 77)
(32, 35, 75)
(32, 36, 70)
(32, 37, 70)
(32, 38, 62)
(32, 39, 59)

(33, 0, 740)
(33, 1, 722)
(33, 2, 718)
(33, 3, 713)
(33, 4, 705)
(33, 5, 696)
(33, 6, 685)
(33, 7, 675)
(33, 8, 652)
(33, 9, 627)
(33, 10, 603)
(33, 11, 484)
(33, 12, 423)
(33, 13, 387)
(33, 14, 359)
(33, 15, 338)
(33, 16, 310)
(33, 17, 297)
(33, 18, 271)
(33, 19, 259)
(33, 20, 251)
(33, 21, 243)
(33, 22, 224)
(33, 23, 193)
(33, 24, 171)
(33, 25, 163)
(33, 26, 151)
(33, 27, 149)
(33, 28, 141)
(33, 29, 140)
(33, 30, 126)
(33, 31, 112)
(33, 32, 100)
(33, 33, 90)
(33, 34, 87)
(33, 35, 84)
(33, 36, 79)
(33, 37, 79)
(33, 38, 71)
(33, 39, 68)

(34, 0, 759)
(34, 1, 740)
(34, 2, 736)
(34, 3, 727)
(34, 4, 714)
(34, 5, 705)
(34, 6, 694)
(34, 7, 684)
(34, 8, 659)
(34, 9, 634)
(34, 10, 610)
(34, 11, 491)
(34, 12, 429)
(34, 13, 393)
(34, 14, 365)
(34, 15, 344)
(34, 16, 316)
(34, 17, 303)
(34, 18, 277)
(34, 19, 265)
(34, 20, 257)
(34, 21, 249)
(34, 22, 229)
(34, 23, 198)
(34, 24, 176)
(34, 25, 168)
(34, 26, 156)
(34, 27, 154)
(34, 28, 145)
(34, 29, 144)
(34, 30, 130)
(34, 31, 116)
(34, 32, 104)
(34, 33, 94)
(34, 34, 91)
(34, 35, 88)
(34, 36, 83)
(34, 37, 83)
(34, 38, 75)
(34, 39, 72)

(35, 0, 764)
(35, 1, 745)
(35, 2, 741)
(35, 3, 732)
(35, 4, 719)
(35, 5, 710)
(35, 6, 699)
(35, 7, 689)
(35, 8, 664)
(35, 9, 639)
(35, 10, 614)
(35, 11, 495)
(35, 12, 433)
(35, 13, 397)
(35, 14, 369)
(35, 15, 348)
(35, 16, 320)
(35, 17, 307)
(35, 18, 281)
(35, 19, 269)
(35, 20, 261)
(35, 21, 253)
(35, 22, 233)
(35, 23, 202)
(35, 24, 180)
(35, 25, 172)
(35, 26, 160)
(35, 27, 158)
(35, 28, 149)
(35, 29, 148)
(35, 30, 134)
(35, 31, 120)
(35, 32, 108)
(35, 33, 98)
(35, 34, 95)
(35, 35, 92)
(35, 36, 87)
(35, 37, 87)
(35, 38, 79)
(35, 39, 76)

(36, 0, 768)
(36, 1, 749)
(36, 2, 745)
(36, 3, 736)
(36, 4, 723)
(36, 5, 714)
(36, 6, 703)
(36, 7, 693)
(36, 8, 668)
(36, 9, 643)
(36, 10, 618)
(36, 11, 499)
(36, 12, 437)
(36, 13, 401)
(36, 14, 373)
(36, 15, 352)
(36, 16, 324)
(36, 17, 311)
(36, 18, 285)
(36, 19, 273)
(36, 20, 265)
(36, 21, 257)
(36, 22, 237)
(36, 23, 206)
(36, 24, 184)
(36, 25, 176)
(36, 26, 164)
(36, 27, 162)
(36, 28, 153)
(36, 29, 152)
(36, 30, 138)
(36, 31, 124)
(36, 32, 112)
(36, 33, 102)
(36, 34, 99)
(36, 35, 96)
(36, 36, 91)
(36, 37, 91)
(36, 38, 83)
(36, 39, 80)

(37, 0, 772)
(37, 1, 753)
(37, 2, 749)
(37, 3, 740)
(37, 4, 727)
(37, 5, 718)
(37, 6, 707)
(37, 7, 697)
(37, 8, 671)
(37, 9, 646)
(37, 10, 621)
(37, 11, 502)
(37, 12, 440)
(37, 13, 404)
(37, 14, 376)
(37, 15, 355)
(37, 16, 326)
(37, 17, 313)
(37, 18, 287)
(37, 19, 275)
(37, 20, 267)
(37, 21, 259)
(37, 22, 239)
(37, 23, 208)
(37, 24, 185)
(37, 25, 177)
(37, 26, 165)
(37, 27, 163)
(37, 28, 154)
(37, 29, 153)
(37, 30, 139)
(37, 31, 125)
(37, 32, 113)
(37, 33, 103)
(37, 34, 100)
(37, 35, 97)
(37, 36, 92)
(37, 37, 92)
(37, 38, 84)
(37, 39, 81)

(38, 0, 775)
(38, 1, 756)
(38, 2, 752)
(38, 3, 743)
(38, 4, 730)
(38, 5, 721)
(38, 6, 710)
(38, 7, 700)
(38, 8, 674)
(38, 9, 649)
(38, 10, 624)
(38, 11, 505)
(38, 12, 443)
(38, 13, 407)
(38, 14, 379)
(38, 15, 358)
(38, 16, 329)
(38, 17, 316)
(38, 18, 290)
(38, 19, 278)
(38, 20, 270)
(38, 21, 262)
(38, 22, 242)
(38, 23, 211)
(38, 24, 188)
(38, 25, 180)
(38, 26, 168)
(38, 27, 166)
(38, 28, 157)
(38, 29, 156)
(38, 30, 142)
(38, 31, 127)
(38, 32, 115)
(38, 33, 105)
(38, 34, 102)
(38, 35, 99)
(38, 36, 94)
(38, 37, 94)
(38, 38, 86)
(38, 39, 83)

(39, 0, 795)
(39, 1, 776)
(39, 2, 772)
(39, 3, 762)
(39, 4, 747)
(39, 5, 738)
(39, 6, 725)
(39, 7, 715)
(39, 8, 689)
(39, 9, 662)
(39, 10, 637)
(39, 11, 517)
(39, 12, 455)
(39, 13, 418)
(39, 14, 390)
(39, 15, 368)
(39, 16, 339)
(39, 17, 326)
(39, 18, 299)
(39, 19, 287)
(39, 20, 279)
(39, 21, 271)
(39, 22, 251)
(39, 23, 220)
(39, 24, 197)
(39, 25, 189)
(39, 26, 176)
(39, 27, 174)
(39, 28, 165)
(39, 29, 164)
(39, 30, 150)
(39, 31, 135)
(39, 32, 123)
(39, 33, 111)
(39, 34, 108)
(39, 35, 105)
(39, 36, 100)
(39, 37, 100)
(39, 38, 92)
(39, 39, 89)


Betti numbers:
xi_0:
(0, 0, 1)
(2, 0, 9)
(3, 0, 34)
(4, 0, 40)
(5, 0, 113)
(6, 0, 104)
(7, 0, 105)
(8, 0, 77)
(9, 0, 60)
(10, 0, 74)
(11, 0, 2)
(12, 0, 1)
(13, 0, 1)
(14, 0, 1)
(21, 0, 2)
(24, 0, 1)
(26, 0, 1)
(27, 0, 14)
(28, 0, 3)
(29, 0, 16)
(30, 0, 40)
(31, 0, 11)
(32, 0, 11)
(33, 0, 19)
(34, 0, 19)
(35, 0, 5)
(36, 0, 4)
(37, 0, 4)
(38, 0, 3)
(39, 0, 20)
xi_1:
(2, 8, 1)
(2, 11, 2)
(2, 12, 1)
(2, 18, 1)
(3, 5, 1)
(3, 6, 1)
(3, 8, 3)
(3, 9, 2)
(3, 11, 12)
(3, 12, 1)
(3, 14, 1)
(3, 15, 1)
(3, 16, 1)
(3, 18, 2)
(3, 21, 2)
(3, 22, 1)
(3, 23, 1)
(3, 25, 1)
(3, 28, 1)
(3, 29, 1)
(3, 31, 1)
(4, 9, 1)
(4, 11, 10)
(4, 12, 1)
(4, 13, 1)
(4, 14, 1)
(4, 16, 1)
(4, 17, 1)
(4, 20, 1)
(4, 22, 3)
(4, 23, 2)
(4, 24, 2)
(4, 26, 3)
(4, 27, 1)
(4, 28, 1)
(4, 29, 1)
(4, 31, 2)
(4, 33, 2)
(4, 34, 1)
(4, 38, 1)
(4, 39, 1)
(5, 4, 1)
(5, 5, 3)
(5, 6, 3)
(5, 8, 1)
(5, 9, 2)
(5, 10, 1)
(5, 11, 26)
(5, 12, 15)
(5, 13, 7)
(5, 14, 4)
(5, 15, 1)
(5, 16, 5)
(5, 17, 2)
(5, 18, 2)
(5, 19, 1)
(5, 20, 1)
(5, 21, 2)
(5, 22, 8)
(5, 23, 3)
(5, 24, 3)
(5, 26, 6)
(5, 27, 2)
(5, 30, 2)
(5, 31, 3)
(5, 32, 3)
(5, 33, 2)
(5, 34, 1)
(5, 38, 5)
(5, 39, 1)
(6, 1, 3)
(6, 2, 1)
(6, 3, 1)
(6, 4, 1)
(6, 6, 1)
(6, 7, 2)
(6, 8, 2)
(6, 9, 2)
(6, 10, 5)
(6, 11, 19)
(6, 12, 6)
(6, 13, 4)
(6, 14, 5)
(6, 15, 7)
(6, 16, 2)
(6, 17, 2)
(6, 18, 7)
(6, 19, 1)
(6, 20, 3)
(6, 21, 1)
(6, 22, 4)
(6, 23, 5)
(6, 24, 4)
(6, 25, 2)
(6, 26, 1)
(6, 28, 2)
(6, 30, 5)
(6, 32, 1)
(6, 33, 2)
(6, 34, 1)
(6, 36, 1)
(7, 1, 1)
(7, 2, 1)
(7, 3, 1)
(7, 4, 1)
(7, 6, 1)
(7, 7, 1)
(7, 8, 5)
(7, 10, 6)
(7, 11, 21)
(7, 12, 7)
(7, 13, 6)
(7, 14, 6)
(7, 15, 7)
(7, 16, 4)
(7, 17, 4)
(7, 18, 6)
(7, 19, 2)
(7, 20, 2)
(7, 21, 2)
(7, 22, 2)
(7, 23, 4)
(7, 24, 8)
(7, 25, 2)
(7, 28, 1)
(7, 30, 2)
(7, 31, 2)
(7, 32, 3)
(7, 33, 3)
(7, 35, 1)
(7, 38, 1)
(7, 39, 1)
(8, 4, 2)
(8, 5, 4)
(8, 7, 1)
(8, 10, 4)
(8, 11, 9)
(8, 12, 12)
(8, 13, 5)
(8, 14, 2)
(8, 16, 6)
(8, 17, 3)
(8, 18, 4)
(8, 21, 1)
(8, 23, 6)
(8, 24, 3)
(8, 26, 1)
(8, 28, 1)
(8, 30, 2)
(8, 31, 4)
(8, 32, 2)
(8, 33, 2)
(8, 35, 2)
(9, 1, 1)
(9, 8, 1)
(9, 9, 5)
(9, 10, 1)
(9, 11, 12)
(9, 12, 3)
(9, 13, 4)
(9, 14, 5)
(9, 15, 2)
(9, 16, 2)
(9, 18, 1)
(9, 19, 3)
(9, 20, 1)
(9, 22, 2)
(9, 23, 8)
(9, 24, 1)
(9, 26, 1)
(9, 28, 1)
(9, 30, 4)
(9, 31, 1)
(9, 32, 2)
(9, 34, 1)
(9, 36, 1)
(9, 38, 2)
(10, 1, 3)
(10, 2, 1)
(10, 6, 3)
(10, 7, 4)
(10, 8, 2)
(10, 9, 1)
(10, 10, 7)
(10, 11, 8)
(10, 12, 13)
(10, 13, 6)
(10, 14, 3)
(10, 15, 3)
(10, 16, 2)
(10, 17, 1)
(10, 18, 1)
(10, 19, 4)
(10, 20, 1)
(10, 21, 1)
(10, 22, 2)
(10, 23, 1)
(10, 24, 1)
(10, 30, 1)
(10, 31, 1)
(10, 36, 1)
(11, 33, 1)
(14, 23, 1)
(27, 4, 1)
(27, 6, 2)
(27, 9, 2)
(27, 13, 3)
(27, 18, 1)
(27, 25, 2)
(28, 8, 1)
(28, 16, 1)
(29, 7, 1)
(29, 24, 2)
(29, 28, 2)
(29, 31, 1)
(29, 36, 1)
(30, 1, 9)
(30, 2, 1)
(30, 3, 3)
(30, 4, 1)
(30, 7, 1)
(30, 8, 4)
(30, 9, 9)
(30, 16, 1)
(30, 18, 2)
(30, 26, 1)
(30, 29, 1)
(30, 32, 1)
(30, 34, 1)
(31, 8, 1)
(31, 9, 1)
(31, 16, 1)
(31, 25, 1)
(31, 30, 1)
(31, 31, 1)
(32, 4, 1)
(32, 16, 2)
(32, 36, 2)
(32, 39, 1)
(33, 1, 1)
(33, 5, 1)
(33, 8, 2)
(33, 12, 2)
(33, 14, 1)
(33, 19, 1)
(33, 24, 1)
(33, 35, 1)
(34, 1, 1)
(34, 3, 4)
(34, 4, 5)
(34, 8, 2)
(34, 12, 1)
(34, 22, 1)
(34, 28, 1)
(35, 10, 1)
(37, 8, 1)
(37, 16, 1)
(37, 24, 1)
(38, 31, 1)
(39, 3, 1)
(39, 4, 2)
(39, 6, 2)
(39, 9, 2)
(39, 11, 1)
(39, 13, 1)
(39, 15, 1)
(39, 18, 1)
(39, 26, 1)
(39, 33, 2)
xi_2:
(4, 29, 1)
(4, 31, 1)
(5, 28, 1)
(5, 29, 1)
(5, 34, 1)
(6, 22, 1)
(6, 27, 1)
(6, 33, 1)
(6, 38, 1)
(7, 18, 1)
(7, 20, 1)
(7, 22, 1)
(7, 24, 3)
(7, 26, 1)
(7, 30, 2)
(7, 36, 1)
(8, 31, 1)
(9, 21, 1)
(9, 30, 1)
(9, 33, 1)
(9, 35, 1)
(9, 39, 1)
(10, 22, 1)
(10, 34, 1)
