x-grades
-2408122583889697699/800000000000000000
-1177728979920868499/400000000000000000
-2302793335793776297/800000000000000000
-562532177936453899/200000000000000000
-439492817539570979/160000000000000000
-1072399731824947097/400000000000000000
-2092134839601933493/800000000000000000
-254933776944246599/100000000000000000
-1986805591506012091/800000000000000000
-193414096745805139/80000000000000000
-1881476343410090689/800000000000000000
-457202929840532497/200000000000000000
-1776147095314169287/800000000000000000
-861741235633104293/400000000000000000
-334163569443649577/160000000000000000
-101134576448142949/50000000000000000
-1565488599122326483/800000000000000000
-756411987537182891/400000000000000000
-1460159351026405081/800000000000000000
-70374736348922219/40000000000000000
-1354830102930483679/800000000000000000
-651082739441261489/400000000000000000
-1249500854834562277/800000000000000000
-149604528848325197/100000000000000000
-9153372853909127/6400000000000000
-545753491345340087/400000000000000000
-1038842358642719473/800000000000000000
-246544433648689693/200000000000000000
-933513110546798071/800000000000000000
-88084848649883737/80000000000000000
-828183862450876669/800000000000000000
-6058744050022781/6250000000000000
-722854614354955267/800000000000000000
-335094995153497283/400000000000000000
-123505073251806773/160000000000000000
-141215185552768291/200000000000000000
-512196118163112463/800000000000000000
-229765747057575881/400000000000000000
-406866870067191061/800000000000000000
-8855056150480759/20000000000000000

y-grades
4314809/20000000
4314809/10000000
12944427/20000000
4314809/5000000
4314809/4000000
12944427/10000000
30203663/20000000
4314809/2500000
38833281/20000000
4314809/2000000
47462899/20000000
12944427/5000000
56092517/20000000
30203663/10000000
12944427/4000000
4314809/1250000
73351753/20000000
38833281/10000000
81981371/20000000
4314809/1000000
90610989/20000000
47462899/10000000
99240607/20000000
12944427/2500000
4314809/800000
56092517/10000000
116499843/20000000
30203663/5000000
125129461/20000000
12944427/2000000
133759079/20000000
4314809/625000
142388697/20000000
73351753/10000000
30203663/4000000
38833281/5000000
159647933/20000000
81981371/10000000
168277551/20000000
4314809/500000

Dimensions > 0:
(0, 0, 26)
(0, 1, 2)
(0, 2, 2)
(0, 3, 2)
(0, 4, 1)
(0, 5, 1)
(0, 6, 1)
(0, 7, 1)
(0, 8, 1)
(0, 9, 1)
(0, 10, 1)
(0, 11, 1)
(0, 12, 1)
(0, 13, 1)
(0, 14, 1)
(0, 15, 1)
(0, 16, 1)
(0, 17, 1)
(0, 18, 1)
(0, 19, 1)
(0, 20, 1)
(0, 21, 1)
(0, 22, 1)
(0, 23, 1)
(0, 24, 1)
(0, 25, 1)
(0, 26, 1)
(0, 27, 1)
(0, 28, 1)
(0, 29, 1)
(0, 30, 1)
(0, 31, 1)
(0, 32, 1)
(0, 33, 1)
(0, 34, 1)
(0, 35, 1)
(0, 36, 1)
(0, 37, 1)
(0, 38, 1)
(0, 39, 1)

(1, 0, 46)
(1, 1, 4)
(1, 2, 4)
(1, 3, 4)
(1, 4, 2)
(1, 5, 2)
(1, 6, 2)
(1, 7, 2)
(1, 8, 2)
(1, 9, 2)
(1, 10, 2)
(1, 11, 2)
(1, 12, 2)
(1, 13, 2)
(1, 14, 2)
(1, 15, 2)
(1, 16, 2)
(1, 17, 2)
(1, 18, 2)
(1, 19, 2)
(1, 20, 2)
(1, 21, 2)
(1, 22, 2)
(1, 23, 2)
(1, 24, 2)
(1, 25, 2)
(1, 26, 2)
(1, 27, 2)
(1, 28, 2)
(1, 29, 2)
(1, 30, 2)
(1, 31, 2)
(1, 32, 2)
(1, 33, 2)
(1, 34, 2)
(1, 35, 2)
(1, 36, 2)
(1, 37, 2)
(1, 38, 2)
(1, 39, 2)

(2, 0, 54)
(2, 1, 6)
(2, 2, 6)
(2, 3, 6)
(2, 4, 3)
(2, 5, 3)
(2, 6, 3)
(2, 7, 3)
(2, 8, 3)
(2, 9, 3)
(2, 10, 3)
(2, 11, 3)
(2, 12, 3)
(2, 13, 3)
(2, 14, 3)
(2, 15, 3)
(2, 16, 3)
(2, 17, 3)
(2, 18, 3)
(2, 19, 3)
(2, 20, 3)
(2, 21, 3)
(2, 22, 3)
(2, 23, 3)
(2, 24, 3)
(2, 25, 3)
(2, 26, 3)
(2, 27, 2)
(2, 28, 2)
(2, 29, 2)
(2, 30, 2)
(2, 31, 2)
(2, 32, 2)
(2, 33, 2)
(2, 34, 2)
(2, 35, 2)
(2, 36, 2)
(2, 37, 2)
(2, 38, 2)
(2, 39, 2)

(3, 0, 54)
(3, 1, 6)
(3, 2, 6)
(3, 3, 6)
(3, 4, 3)
(3, 5, 3)
(3, 6, 3)
(3, 7, 3)
(3, 8, 3)
(3, 9, 3)
(3, 10, 3)
(3, 11, 3)
(3, 12, 3)
(3, 13, 3)
(3, 14, 3)
(3, 15, 3)
(3, 16, 3)
(3, 17, 3)
(3, 18, 3)
(3, 19, 3)
(3, 20, 3)
(3, 21, 3)
(3, 22, 3)
(3, 23, 3)
(3, 24, 3)
(3, 25, 3)
(3, 26, 3)
(3, 27, 2)
(3, 28, 2)
(3, 29, 2)
(3, 30, 2)
(3, 31, 2)
(3, 32, 2)
(3, 33, 2)
(3, 34, 2)
(3, 35, 2)
(3, 36, 2)
(3, 37, 2)
(3, 38, 2)
(3, 39, 2)

(4, 0, 94)
(4, 1, 11)
(4, 2, 11)
(4, 3, 10)
(4, 4, 5)
(4, 5, 5)
(4, 6, 5)
(4, 7, 5)
(4, 8, 5)
(4, 9, 5)
(4, 10, 5)
(4, 11, 5)
(4, 12, 5)
(4, 13, 5)
(4, 14, 5)
(4, 15, 5)
(4, 16, 5)
(4, 17, 5)
(4, 18, 5)
(4, 19, 5)
(4, 20, 5)
(4, 21, 5)
(4, 22, 5)
(4, 23, 5)
(4, 24, 5)
(4, 25, 5)
(4, 26, 5)
(4, 27, 3)
(4, 28, 3)
(4, 29, 3)
(4, 30, 3)
(4, 31, 3)
(4, 32, 3)
(4, 33, 3)
(4, 34, 3)
(4, 35, 3)
(4, 36, 3)
(4, 37, 3)
(4, 38, 3)
(4, 39, 3)

(5, 0, 152)
(5, 1, 14)
(5, 2, 14)
(5, 3, 12)
(5, 4, 6)
(5, 5, 6)
(5, 6, 6)
(5, 7, 6)
(5, 8, 6)
(5, 9, 6)
(5, 10, 6)
(5, 11, 6)
(5, 12, 6)
(5, 13, 6)
(5, 14, 6)
(5, 15, 6)
(5, 16, 6)
(5, 17, 6)
(5, 18, 6)
(5, 19, 6)
(5, 20, 6)
(5, 21, 6)
(5, 22, 6)
(5, 23, 6)
(5, 24, 6)
(5, 25, 6)
(5, 26, 6)
(5, 27, 4)
(5, 28, 4)
(5, 29, 4)
(5, 30, 4)
(5, 31, 4)
(5, 32, 4)
(5, 33, 4)
(5, 34, 4)
(5, 35, 4)
(5, 36, 4)
(5, 37, 4)
(5, 38, 4)
(5, 39, 4)

(6, 0, 184)
(6, 1, 17)
(6, 2, 17)
(6, 3, 15)
(6, 4, 8)
(6, 5, 8)
(6, 6, 8)
(6, 7, 8)
(6, 8, 8)
(6, 9, 8)
(6, 10, 8)
(6, 11, 8)
(6, 12, 8)
(6, 13, 8)
(6, 14, 8)
(6, 15, 8)
(6, 16, 8)
(6, 17, 8)
(6, 18, 8)
(6, 19, 8)
(6, 20, 8)
(6, 21, 8)
(6, 22, 8)
(6, 23, 8)
(6, 24, 8)
(6, 25, 8)
(6, 26, 8)
(6, 27, 6)
(6, 28, 6)
(6, 29, 6)
(6, 30, 6)
(6, 31, 6)
(6, 32, 6)
(6, 33, 6)
(6, 34, 6)
(6, 35, 6)
(6, 36, 6)
(6, 37, 5)
(6, 38, 5)
(6, 39, 5)

(7, 0, 193)
(7, 1, 17)
(7, 2, 17)
(7, 3, 15)
(7, 4, 8)
(7, 5, 8)
(7, 6, 8)
(7, 7, 8)
(7, 8, 8)
(7, 9, 8)
(7, 10, 8)
(7, 11, 8)
(7, 12, 8)
(7, 13, 8)
(7, 14, 8)
(7, 15, 8)
(7, 16, 8)
(7, 17, 8)
(7, 18, 8)
(7, 19, 8)
(7, 20, 8)
(7, 21, 8)
(7, 22, 8)
(7, 23, 8)
(7, 24, 8)
(7, 25, 8)
(7, 26, 8)
(7, 27, 6)
(7, 28, 6)
(7, 29, 6)
(7, 30, 6)
(7, 31, 6)
(7, 32, 6)
(7, 33, 6)
(7, 34, 6)
(7, 35, 6)
(7, 36, 6)
(7, 37, 5)
(7, 38, 5)
(7, 39, 5)

(8, 0, 205)
(8, 1, 20)
(8, 2, 20)
(8, 3, 18)
(8, 4, 10)
(8, 5, 10)
(8, 6, 10)
(8, 7, 10)
(8, 8, 10)
(8, 9, 10)
(8, 10, 10)
(8, 11, 10)
(8, 12, 10)
(8, 13, 10)
(8, 14, 10)
(8, 15, 10)
(8, 16, 10)
(8, 17, 10)
(8, 18, 10)
(8, 19, 10)
(8, 20, 10)
(8, 21, 10)
(8, 22, 10)
(8, 23, 10)
(8, 24, 10)
(8, 25, 10)
(8, 26, 10)
(8, 27, 8)
(8, 28, 8)
(8, 29, 8)
(8, 30, 8)
(8, 31, 8)
(8, 32, 8)
(8, 33, 8)
(8, 34, 8)
(8, 35, 8)
(8, 36, 8)
(8, 37, 6)
(8, 38, 6)
(8, 39, 6)

(9, 0, 210)
(9, 1, 22)
(9, 2, 22)
(9, 3, 20)
(9, 4, 11)
(9, 5, 11)
(9, 6, 11)
(9, 7, 11)
(9, 8, 11)
(9, 9, 11)
(9, 10, 11)
(9, 11, 11)
(9, 12, 11)
(9, 13, 11)
(9, 14, 11)
(9, 15, 11)
(9, 16, 11)
(9, 17, 11)
(9, 18, 11)
(9, 19, 11)
(9, 20, 11)
(9, 21, 11)
(9, 22, 11)
(9, 23, 11)
(9, 24, 11)
(9, 25, 11)
(9, 26, 11)
(9, 27, 9)
(9, 28, 9)
(9, 29, 9)
(9, 30, 9)
(9, 31, 9)
(9, 32, 9)
(9, 33, 9)
(9, 34, 9)
(9, 35, 9)
(9, 36, 9)
(9, 37, 6)
(9, 38, 6)
(9, 39, 6)

(10, 0, 210)
(10, 1, 22)
(10, 2, 22)
(10, 3, 20)
(10, 4, 11)
(10, 5, 11)
(10, 6, 11)
(10, 7, 11)
(10, 8, 11)
(10, 9, 11)
(10, 10, 11)
(10, 11, 11)
(10, 12, 11)
(10, 13, 11)
(10, 14, 11)
(10, 15, 11)
(10, 16, 11)
(10, 17, 11)
(10, 18, 11)
(10, 19, 11)
(10, 20, 11)
(10, 21, 11)
(10, 22, 11)
(10, 23, 11)
(10, 24, 11)
(10, 25, 11)
(10, 26, 11)
(10, 27, 9)
(10, 28, 9)
(10, 29, 9)
(10, 30, 9)
(10, 31, 9)
(10, 32, 9)
(10, 33, 9)
(10, 34, 9)
(10, 35, 9)
(10, 36, 9)
(10, 37, 6)
(10, 38, 6)
(10, 39, 6)

(11, 0, 212)
(11, 1, 24)
(11, 2, 24)
(11, 3, 22)
(11, 4, 12)
(11, 5, 12)
(11, 6, 12)
(11, 7, 12)
(11, 8, 12)
(11, 9, 12)
(11, 10, 12)
(11, 11, 12)
(11, 12, 12)
(11, 13, 12)
(11, 14, 12)
(11, 15, 12)
(11, 16, 12)
(11, 17, 12)
(11, 18, 12)
(11, 19, 12)
(11, 20, 12)
(11, 21, 12)
(11, 22, 12)
(11, 23, 12)
(11, 24, 12)
(11, 25, 12)
(11, 26, 12)
(11, 27, 10)
(11, 28, 10)
(11, 29, 10)
(11, 30, 10)
(11, 31, 10)
(11, 32, 10)
(11, 33, 10)
(11, 34, 10)
(11, 35, 10)
(11, 36, 10)
(11, 37, 6)
(11, 38, 6)
(11, 39, 6)

(12, 0, 214)
(12, 1, 26)
(12, 2, 26)
(12, 3, 24)
(12, 4, 13)
(12, 5, 13)
(12, 6, 13)
(12, 7, 13)
(12, 8, 13)
(12, 9, 13)
(12, 10, 13)
(12, 11, 13)
(12, 12, 13)
(12, 13, 13)
(12, 14, 13)
(12, 15, 13)
(12, 16, 13)
(12, 17, 13)
(12, 18, 13)
(12, 19, 13)
(12, 20, 13)
(12, 21, 13)
(12, 22, 13)
(12, 23, 13)
(12, 24, 13)
(12, 25, 13)
(12, 26, 13)
(12, 27, 11)
(12, 28, 11)
(12, 29, 11)
(12, 30, 11)
(12, 31, 11)
(12, 32, 11)
(12, 33, 11)
(12, 34, 11)
(12, 35, 11)
(12, 36, 11)
(12, 37, 6)
(12, 38, 6)
(12, 39, 6)

(13, 0, 214)
(13, 1, 26)
(13, 2, 26)
(13, 3, 24)
(13, 4, 13)
(13, 5, 13)
(13, 6, 13)
(13, 7, 13)
(13, 8, 13)
(13, 9, 13)
(13, 10, 13)
(13, 11, 13)
(13, 12, 13)
(13, 13, 13)
(13, 14, 13)
(13, 15, 13)
(13, 16, 13)
(13, 17, 13)
(13, 18, 13)
(13, 19, 13)
(13, 20, 13)
(13, 21, 13)
(13, 22, 13)
(13, 23, 13)
(13, 24, 13)
(13, 25, 13)
(13, 26, 13)
(13, 27, 11)
(13, 28, 11)
(13, 29, 11)
(13, 30, 11)
(13, 31, 11)
(13, 32, 11)
(13, 33, 11)
(13, 34, 11)
(13, 35, 11)
(13, 36, 11)
(13, 37, 6)
(13, 38, 6)
(13, 39, 6)

(14, 0, 216)
(14, 1, 28)
(14, 2, 28)
(14, 3, 26)
(14, 4, 14)
(14, 5, 14)
(14, 6, 14)
(14, 7, 14)
(14, 8, 14)
(14, 9, 14)
(14, 10, 14)
(14, 11, 14)
(14, 12, 14)
(14, 13, 14)
(14, 14, 14)
(14, 15, 14)
(14, 16, 14)
(14, 17, 14)
(14, 18, 14)
(14, 19, 14)
(14, 20, 14)
(14, 21, 14)
(14, 22, 14)
(14, 23, 14)
(14, 24, 14)
(14, 25, 14)
(14, 26, 14)
(14, 27, 12)
(14, 28, 12)
(14, 29, 12)
(14, 30, 12)
(14, 31, 12)
(14, 32, 12)
(14, 33, 12)
(14, 34, 12)
(14, 35, 12)
(14, 36, 12)
(14, 37, 6)
(14, 38, 6)
(14, 39, 6)

(15, 0, 218)
(15, 1, 30)
(15, 2, 30)
(15, 3, 28)
(15, 4, 15)
(15, 5, 15)
(15, 6, 15)
(15, 7, 15)
(15, 8, 15)
(15, 9, 15)
(15, 10, 15)
(15, 11, 15)
(15, 12, 15)
(15, 13, 15)
(15, 14, 15)
(15, 15, 15)
(15, 16, 15)
(15, 17, 15)
(15, 18, 15)
(15, 19, 15)
(15, 20, 15)
(15, 21, 15)
(15, 22, 15)
(15, 23, 15)
(15, 24, 15)
(15, 25, 15)
(15, 26, 15)
(15, 27, 13)
(15, 28, 13)
(15, 29, 13)
(15, 30, 13)
(15, 31, 13)
(15, 32, 13)
(15, 33, 13)
(15, 34, 13)
(15, 35, 13)
(15, 36, 13)
(15, 37, 6)
(15, 38, 6)
(15, 39, 6)

(16, 0, 218)
(16, 1, 30)
(16, 2, 30)
(16, 3, 28)
(16, 4, 15)
(16, 5, 15)
(16, 6, 15)
(16, 7, 15)
(16, 8, 15)
(16, 9, 15)
(16, 10, 15)
(16, 11, 15)
(16, 12, 15)
(16, 13, 15)
(16, 14, 15)
(16, 15, 15)
(16, 16, 15)
(16, 17, 15)
(16, 18, 15)
(16, 19, 15)
(16, 20, 15)
(16, 21, 15)
(16, 22, 15)
(16, 23, 15)
(16, 24, 15)
(16, 25, 15)
(16, 26, 15)
(16, 27, 13)
(16, 28, 13)
(16, 29, 13)
(16, 30, 13)
(16, 31, 13)
(16, 32, 13)
(16, 33, 13)
(16, 34, 13)
(16, 35, 13)
(16, 36, 13)
(16, 37, 6)
(16, 38, 6)
(16, 39, 6)

(17, 0, 218)
(17, 1, 30)
(17, 2, 30)
(17, 3, 28)
(17, 4, 15)
(17, 5, 15)
(17, 6, 15)
(17, 7, 15)
(17, 8, 15)
(17, 9, 15)
(17, 10, 15)
(17, 11, 15)
(17, 12, 15)
(17, 13, 15)
(17, 14, 15)
(17, 15, 15)
(17, 16, 15)
(17, 17, 15)
(17, 18, 15)
(17, 19, 15)
(17, 20, 15)
(17, 21, 15)
(17, 22, 15)
(17, 23, 15)
(17, 24, 15)
(17, 25, 15)
(17, 26, 15)
(17, 27, 13)
(17, 28, 13)
(17, 29, 13)
(17, 30, 13)
(17, 31, 13)
(17, 32, 13)
(17, 33, 13)
(17, 34, 13)
(17, 35, 13)
(17, 36, 13)
(17, 37, 6)
(17, 38, 6)
(17, 39, 6)

(18, 0, 222)
(18, 1, 34)
(18, 2, 34)
(18, 3, 32)
(18, 4, 17)
(18, 5, 17)
(18, 6, 17)
(18, 7, 17)
(18, 8, 17)
(18, 9, 17)
(18, 10, 17)
(18, 11, 17)
(18, 12, 17)
(18, 13, 17)
(18, 14, 17)
(18, 15, 17)
(18, 16, 17)
(18, 17, 17)
(18, 18, 17)
(18, 19, 17)
(18, 20, 17)
(18, 21, 17)
(18, 22, 17)
(18, 23, 17)
(18, 24, 17)
(18, 25, 17)
(18, 26, 17)
(18, 27, 15)
(18, 28, 15)
(18, 29, 15)
(18, 30, 15)
(18, 31, 15)
(18, 32, 15)
(18, 33, 15)
(18, 34, 15)
(18, 35, 15)
(18, 36, 15)
(18, 37, 6)
(18, 38, 6)
(18, 39, 6)

(19, 0, 222)
(19, 1, 34)
(19, 2, 34)
(19, 3, 32)
(19, 4, 17)
(19, 5, 17)
(19, 6, 17)
(19, 7, 17)
(19, 8, 17)
(19, 9, 17)
(19, 10, 17)
(19, 11, 17)
(19, 12, 17)
(19, 13, 17)
(19, 14, 17)
(19, 15, 17)
(19, 16, 17)
(19, 17, 17)
(19, 18, 17)
(19, 19, 17)
(19, 20, 17)
(19, 21, 17)
(19, 22, 17)
(19, 23, 17)
(19, 24, 17)
(19, 25, 17)
(19, 26, 17)
(19, 27, 15)
(19, 28, 15)
(19, 29, 15)
(19, 30, 15)
(19, 31, 15)
(19, 32, 15)
(19, 33, 15)
(19, 34, 15)
(19, 35, 15)
(19, 36, 15)
(19, 37, 6)
(19, 38, 6)
(19, 39, 6)

(20, 0, 222)
(20, 1, 34)
(20, 2, 34)
(20, 3, 32)
(20, 4, 17)
(20, 5, 17)
(20, 6, 17)
(20, 7, 17)
(20, 8, 17)
(20, 9, 17)
(20, 10, 17)
(20, 11, 17)
(20, 12, 17)
(20, 13, 17)
(20, 14, 17)
(20, 15, 17)
(20, 16, 17)
(20, 17, 17)
(20, 18, 17)
(20, 19, 17)
(20, 20, 17)
(20, 21, 17)
(20, 22, 17)
(20, 23, 17)
(20, 24, 17)
(20, 25, 17)
(20, 26, 17)
(20, 27, 15)
(20, 28, 15)
(20, 29, 15)
(20, 30, 15)
(20, 31, 15)
(20, 32, 15)
(20, 33, 15)
(20, 34, 15)
(20, 35, 15)
(20, 36, 15)
(20, 37, 6)
(20, 38, 6)
(20, 39, 6)

(21, 0, 226)
(21, 1, 38)
(21, 2, 38)
(21, 3, 36)
(21, 4, 19)
(21, 5, 19)
(21, 6, 19)
(21, 7, 19)
(21, 8, 19)
(21, 9, 19)
(21, 10, 19)
(21, 11, 19)
(21, 12, 19)
(21, 13, 19)
(21, 14, 19)
(21, 15, 19)
(21, 16, 19)
(21, 17, 19)
(21, 18, 19)
(21, 19, 19)
(21, 20, 19)
(21, 21, 19)
(21, 22, 19)
(21, 23, 19)
(21, 24, 19)
(21, 25, 19)
(21, 26, 19)
(21, 27, 17)
(21, 28, 17)
(21, 29, 17)
(21, 30, 17)
(21, 31, 17)
(21, 32, 17)
(21, 33, 17)
(21, 34, 17)
(21, 35, 17)
(21, 36, 17)
(21, 37, 6)
(21, 38, 6)
(21, 39, 6)

(22, 0, 226)
(22, 1, 38)
(22, 2, 38)
(22, 3, 36)
(22, 4, 19)
(22, 5, 19)
(22, 6, 19)
(22, 7, 19)
(22, 8, 19)
(22, 9, 19)
(22, 10, 19)
(22, 11, 19)
(22, 12, 19)
(22, 13, 19)
(22, 14, 19)
(22, 15, 19)
(22, 16, 19)
(22, 17, 19)
(22, 18, 19)
(22, 19, 19)
(22, 20, 19)
(22, 21, 19)
(22, 22, 19)
(22, 23, 19)
(22, 24, 19)
(22, 25, 19)
(22, 26, 19)
(22, 27, 17)
(22, 28, 17)
(22, 29, 17)
(22, 30, 17)
(22, 31, 17)
(22, 32, 17)
(22, 33, 17)
(22, 34, 17)
(22, 35, 17)
(22, 36, 17)
(22, 37, 6)
(22, 38, 6)
(22, 39, 6)

(23, 0, 228)
(23, 1, 40)
(23, 2, 40)
(23, 3, 38)
(23, 4, 20)
(23, 5, 20)
(23, 6, 20)
(23, 7, 20)
(23, 8, 20)
(23, 9, 20)
(23, 10, 20)
(23, 11, 20)
(23, 12, 20)
(23, 13, 20)
(23, 14, 20)
(23, 15, 20)
(23, 16, 20)
(23, 17, 20)
(23, 18, 20)
(23, 19, 20)
(23, 20, 20)
(23, 21, 20)
(23, 22, 20)
(23, 23, 20)
(23, 24, 20)
(23, 25, 20)
(23, 26, 20)
(23, 27, 18)
(23, 28, 18)
(23, 29, 18)
(23, 30, 18)
(23, 31, 18)
(23, 32, 18)
(23, 33, 18)
(23, 34, 18)
(23, 35, 18)
(23, 36, 18)
(23, 37, 6)
(23, 38, 6)
(23, 39, 6)

(24, 0, 230)
(24, 1, 42)
(24, 2, 42)
(24, 3, 40)
(24, 4, 21)
(24, 5, 21)
(24, 6, 21)
(24, 7, 21)
(24, 8, 21)
(24, 9, 21)
(24, 10, 21)
(24, 11, 21)
(24, 12, 21)
(24, 13, 21)
(24, 14, 21)
(24, 15, 21)
(24, 16, 21)
(24, 17, 21)
(24, 18, 21)
(24, 19, 21)
(24, 20, 21)
(24, 21, 21)
(24, 22, 21)
(24, 23, 21)
(24, 24, 21)
(24, 25, 21)
(24, 26, 21)
(24, 27, 19)
(24, 28, 19)
(24, 29, 19)
(24, 30, 19)
(24, 31, 19)
(24, 32, 19)
(24, 33, 19)
(24, 34, 19)
(24, 35, 19)
(24, 36, 19)
(24, 37, 6)
(24, 38, 6)
(24, 39, 6)

(25, 0, 282)
(25, 1, 45)
(25, 2, 45)
(25, 3, 42)
(25, 4, 22)
(25, 5, 22)
(25, 6, 22)
(25, 7, 22)
(25, 8, 22)
(25, 9, 22)
(25, 10, 22)
(25, 11, 22)
(25, 12, 22)
(25, 13, 22)
(25, 14, 22)
(25, 15, 22)
(25, 16, 22)
(25, 17, 22)
(25, 18, 22)
(25, 19, 22)
(25, 20, 22)
(25, 21, 22)
(25, 22, 22)
(25, 23, 22)
(25, 24, 22)
(25, 25, 22)
(25, 26, 22)
(25, 27, 20)
(25, 28, 20)
(25, 29, 20)
(25, 30, 20)
(25, 31, 20)
(25, 32, 20)
(25, 33, 20)
(25, 34, 20)
(25, 35, 20)
(25, 36, 20)
(25, 37, 7)
(25, 38, 7)
(25, 39, 7)

(26, 0, 293)
(26, 1, 47)
(26, 2, 47)
(26, 3, 44)
(26, 4, 23)
(26, 5, 23)
(26, 6, 23)
(26, 7, 23)
(26, 8, 23)
(26, 9, 23)
(26, 10, 23)
(26, 11, 23)
(26, 12, 23)
(26, 13, 23)
(26, 14, 23)
(26, 15, 23)
(26, 16, 23)
(26, 17, 23)
(26, 18, 23)
(26, 19, 23)
(26, 20, 23)
(26, 21, 23)
(26, 22, 23)
(26, 23, 23)
(26, 24, 23)
(26, 25, 23)
(26, 26, 23)
(26, 27, 21)
(26, 28, 21)
(26, 29, 21)
(26, 30, 21)
(26, 31, 21)
(26, 32, 21)
(26, 33, 21)
(26, 34, 21)
(26, 35, 21)
(26, 36, 21)
(26, 37, 7)
(26, 38, 7)
(26, 39, 7)

(27, 0, 338)
(27, 1, 52)
(27, 2, 52)
(27, 3, 48)
(27, 4, 25)
(27, 5, 25)
(27, 6, 25)
(27, 7, 25)
(27, 8, 25)
(27, 9, 25)
(27, 10, 25)
(27, 11, 25)
(27, 12, 25)
(27, 13, 25)
(27, 14, 25)
(27, 15, 25)
(27, 16, 25)
(27, 17, 25)
(27, 18, 25)
(27, 19, 25)
(27, 20, 25)
(27, 21, 25)
(27, 22, 25)
(27, 23, 25)
(27, 24, 25)
(27, 25, 25)
(27, 26, 25)
(27, 27, 23)
(27, 28, 23)
(27, 29, 23)
(27, 30, 23)
(27, 31, 23)
(27, 32, 23)
(27, 33, 23)
(27, 34, 23)
(27, 35, 23)
(27, 36, 23)
(27, 37, 8)
(27, 38, 8)
(27, 39, 8)

(28, 0, 358)
(28, 1, 54)
(28, 2, 54)
(28, 3, 50)
(28, 4, 26)
(28, 5, 26)
(28, 6, 26)
(28, 7, 26)
(28, 8, 26)
(28, 9, 26)
(28, 10, 26)
(28, 11, 26)
(28, 12, 26)
(28, 13, 26)
(28, 14, 26)
(28, 15, 26)
(28, 16, 26)
(28, 17, 26)
(28, 18, 26)
(28, 19, 26)
(28, 20, 26)
(28, 21, 26)
(28, 22, 26)
(28, 23, 26)
(28, 24, 26)
(28, 25, 26)
(28, 26, 26)
(28, 27, 24)
(28, 28, 24)
(28, 29, 24)
(28, 30, 24)
(28, 31, 24)
(28, 32, 24)
(28, 33, 24)
(28, 34, 24)
(28, 35, 24)
(28, 36, 24)
(28, 37, 8)
(28, 38, 8)
(28, 39, 8)

(29, 0, 358)
(29, 1, 54)
(29, 2, 54)
(29, 3, 50)
(29, 4, 26)
(29, 5, 26)
(29, 6, 26)
(29, 7, 26)
(29, 8, 26)
(29, 9, 26)
(29, 10, 26)
(29, 11, 26)
(29, 12, 26)
(29, 13, 26)
(29, 14, 26)
(29, 15, 26)
(29, 16, 26)
(29, 17, 26)
(29, 18, 26)
(29, 19, 26)
(29, 20, 26)
(29, 21, 26)
(29, 22, 26)
(29, 23, 26)
(29, 24, 26)
(29, 25, 26)
(29, 26, 26)
(29, 27, 24)
(29, 28, 24)
(29, 29, 24)
(29, 30, 24)
(29, 31, 24)
(29, 32, 24)
(29, 33, 24)
(29, 34, 24)
(29, 35, 24)
(29, 36, 24)
(29, 37, 8)
(29, 38, 8)
(29, 39, 8)

(30, 0, 360)
(30, 1, 56)
(30, 2, 56)
(30, 3, 52)
(30, 4, 27)
(30, 5, 27)
(30, 6, 27)
(30, 7, 27)
(30, 8, 27)
(30, 9, 27)
(30, 10, 27)
(30, 11, 27)
(30, 12, 27)
(30, 13, 27)
(30, 14, 27)
(30, 15, 27)
(30, 16, 27)
(30, 17, 27)
(30, 18, 27)
(30, 19, 27)
(30, 20, 27)
(30, 21, 27)
(30, 22, 27)
(30, 23, 27)
(30, 24, 27)
(30, 25, 27)
(30, 26, 27)
(30, 27, 25)
(30, 28, 25)
(30, 29, 25)
(30, 30, 25)
(30, 31, 25)
(30, 32, 25)
(30, 33, 25)
(30, 34, 25)
(30, 35, 25)
(30, 36, 25)
(30, 37, 8)
(30, 38, 8)
(30, 39, 8)

(31, 0, 371)
(31, 1, 59)
(31, 2, 59)
(31, 3, 55)
(31, 4, 29)
(31, 5, 29)
(31, 6, 29)
(31, 7, 29)
(31, 8, 29)
(31, 9, 29)
(31, 10, 29)
(31, 11, 29)
(31, 12, 29)
(31, 13, 29)
(31, 14, 29)
(31, 15, 29)
(31, 16, 29)
(31, 17, 29)
(31, 18, 29)
(31, 19, 29)
(31, 20, 29)
(31, 21, 29)
(31, 22, 29)
(31, 23, 29)
(31, 24, 29)
(31, 25, 29)
(31, 26, 29)
(31, 27, 27)
(31, 28, 27)
(31, 29, 27)
(31, 30, 27)
(31, 31, 27)
(31, 32, 27)
(31, 33, 27)
(31, 34, 27)
(31, 35, 27)
(31, 36, 27)
(31, 37, 9)
(31, 38, 9)
(31, 39, 9)

(32, 0, 396)
(32, 1, 61)
(32, 2, 61)
(32, 3, 57)
(32, 4, 30)
(32, 5, 30)
(32, 6, 30)
(32, 7, 30)
(32, 8, 30)
(32, 9, 30)
(32, 10, 30)
(32, 11, 30)
(32, 12, 30)
(32, 13, 30)
(32, 14, 30)
(32, 15, 30)
(32, 16, 30)
(32, 17, 30)
(32, 18, 30)
(32, 19, 30)
(32, 20, 30)
(32, 21, 30)
(32, 22, 30)
(32, 23, 30)
(32, 24, 30)
(32, 25, 30)
(32, 26, 30)
(32, 27, 27)
(32, 28, 27)
(32, 29, 27)
(32, 30, 27)
(32, 31, 27)
(32, 32, 27)
(32, 33, 27)
(32, 34, 27)
(32, 35, 27)
(32, 36, 27)
(32, 37, 9)
(32, 38, 9)
(32, 39, 9)

(33, 0, 401)
(33, 1, 61)
(33, 2, 61)
(33, 3, 57)
(33, 4, 30)
(33, 5, 30)
(33, 6, 30)
(33, 7, 30)
(33, 8, 30)
(33, 9, 30)
(33, 10, 30)
(33, 11, 30)
(33, 12, 30)
(33, 13, 30)
(33, 14, 30)
(33, 15, 30)
(33, 16, 30)
(33, 17, 30)
(33, 18, 30)
(33, 19, 30)
(33, 20, 30)
(33, 21, 30)
(33, 22, 30)
(33, 23, 30)
(33, 24, 30)
(33, 25, 30)
(33, 26, 30)
(33, 27, 27)
(33, 28, 27)
(33, 29, 27)
(33, 30, 27)
(33, 31, 27)
(33, 32, 27)
(33, 33, 27)
(33, 34, 27)
(33, 35, 27)
(33, 36, 27)
(33, 37, 9)
(33, 38, 9)
(33, 39, 9)

(34, 0, 403)
(34, 1, 63)
(34, 2, 63)
(34, 3, 59)
(34, 4, 31)
(34, 5, 31)
(34, 6, 31)
(34, 7, 31)
(34, 8, 31)
(34, 9, 31)
(34, 10, 31)
(34, 11, 31)
(34, 12, 31)
(34, 13, 31)
(34, 14, 31)
(34, 15, 31)
(34, 16, 31)
(34, 17, 31)
(34, 18, 31)
(34, 19, 31)
(34, 20, 31)
(34, 21, 31)
(34, 22, 31)
(34, 23, 31)
(34, 24, 31)
(34, 25, 31)
(34, 26, 31)
(34, 27, 28)
(34, 28, 28)
(34, 29, 28)
(34, 30, 28)
(34, 31, 28)
(34, 32, 28)
(34, 33, 28)
(34, 34, 28)
(34, 35, 28)
(34, 36, 28)
(34, 37, 9)
(34, 38, 9)
(34, 39, 9)

(35, 0, 416)
(35, 1, 64)
(35, 2, 64)
(35, 3, 60)
(35, 4, 32)
(35, 5, 32)
(35, 6, 32)
(35, 7, 32)
(35, 8, 32)
(35, 9, 32)
(35, 10, 32)
(35, 11, 32)
(35, 12, 32)
(35, 13, 32)
(35, 14, 32)
(35, 15, 32)
(35, 16, 32)
(35, 17, 32)
(35, 18, 32)
(35, 19, 32)
(35, 20, 32)
(35, 21, 32)
(35, 22, 32)
(35, 23, 32)
(35, 24, 32)
(35, 25, 32)
(35, 26, 32)
(35, 27, 29)
(35, 28, 29)
(35, 29, 29)
(35, 30, 29)
(35, 31, 29)
(35, 32, 29)
(35, 33, 29)
(35, 34, 29)
(35, 35, 29)
(35, 36, 29)
(35, 37, 10)
(35, 38, 10)
(35, 39, 10)

(36, 0, 418)
(36, 1, 66)
(36, 2, 66)
(36, 3, 62)
(36, 4, 33)
(36, 5, 33)
(36, 6, 33)
(36, 7, 33)
(36, 8, 33)
(36, 9, 33)
(36, 10, 33)
(36, 11, 33)
(36, 12, 33)
(36, 13, 33)
(36, 14, 33)
(36, 15, 33)
(36, 16, 33)
(36, 17, 33)
(36, 18, 33)
(36, 19, 33)
(36, 20, 33)
(36, 21, 33)
(36, 22, 33)
(36, 23, 33)
(36, 24, 33)
(36, 25, 33)
(36, 26, 33)
(36, 27, 30)
(36, 28, 30)
(36, 29, 30)
(36, 30, 30)
(36, 31, 30)
(36, 32, 30)
(36, 33, 30)
(36, 34, 30)
(36, 35, 30)
(36, 36, 30)
(36, 37, 10)
(36, 38, 10)
(36, 39, 10)

(37, 0, 418)
(37, 1, 66)
(37, 2, 66)
(37, 3, 62)
(37, 4, 33)
(37, 5, 33)
(37, 6, 33)
(37, 7, 33)
(37, 8, 33)
(37, 9, 33)
(37, 10, 33)
(37, 11, 33)
(37, 12, 33)
(37, 13, 33)
(37, 14, 33)
(37, 15, 33)
(37, 16, 33)
(37, 17, 33)
(37, 18, 33)
(37, 19, 33)
(37, 20, 33)
(37, 21, 33)
(37, 22, 33)
(37, 23, 33)
(37, 24, 33)
(37, 25, 33)
(37, 26, 33)
(37, 27, 30)
(37, 28, 30)
(37, 29, 30)
(37, 30, 30)
(37, 31, 30)
(37, 32, 30)
(37, 33, 30)
(37, 34, 30)
(37, 35, 30)
(37, 36, 30)
(37, 37, 10)
(37, 38, 10)
(37, 39, 10)

(38, 0, 425)
(38, 1, 68)
(38, 2, 68)
(38, 3, 64)
(38, 4, 34)
(38, 5, 34)
(38, 6, 34)
(38, 7, 34)
(38, 8, 34)
(38, 9, 34)
(38, 10, 34)
(38, 11, 34)
(38, 12, 34)
(38, 13, 34)
(38, 14, 34)
(38, 15, 34)
(38, 16, 34)
(38, 17, 34)
(38, 18, 34)
(38, 19, 34)
(38, 20, 34)
(38, 21, 34)
(38, 22, 34)
(38, 23, 34)
(38, 24, 34)
(38, 25, 34)
(38, 26, 34)
(38, 27, 30)
(38, 28, 30)
(38, 29, 30)
(38, 30, 30)
(38, 31, 30)
(38, 32, 30)
(38, 33, 30)
(38, 34, 30)
(38, 35, 30)
(38, 36, 30)
(38, 37, 10)
(38, 38, 10)
(38, 39, 10)

(39, 0, 444)
(39, 1, 68)
(39, 2, 68)
(39, 3, 64)
(39, 4, 34)
(39, 5, 34)
(39, 6, 34)
(39, 7, 34)
(39, 8, 34)
(39, 9, 34)
(39, 10, 34)
(39, 11, 34)
(39, 12, 34)
(39, 13, 34)
(39, 14, 34)
(39, 15, 34)
(39, 16, 34)
(39, 17, 34)
(39, 18, 34)
(39, 19, 34)
(39, 20, 34)
(39, 21, 34)
(39, 22, 34)
(39, 23, 34)
(39, 24, 34)
(39, 25, 34)
(39, 26, 34)
(39, 27, 30)
(39, 28, 30)
(39, 29, 30)
(39, 30, 30)
(39, 31, 30)
(39, 32, 30)
(39, 33, 30)
(39, 34, 30)
(39, 35, 30)
(39, 36, 30)
(39, 37, 10)
(39, 38, 10)
(39, 39, 10)


Betti numbers:
xi_0:
(0, 0, 26)
(1, 0, 20)
(2, 0, 8)
(4, 0, 40)
(5, 0, 58)
(6, 0, 32)
(7, 0, 9)
(8, 0, 12)
(9, 0, 5)
(11, 0, 2)
(12, 0, 2)
(14, 0, 2)
(15, 0, 2)
(18, 0, 4)
(21, 0, 4)
(23, 0, 2)
(24, 0, 2)
(25, 0, 52)
(26, 0, 11)
(27, 0, 45)
(28, 0, 20)
(30, 0, 2)
(31, 0, 11)
(32, 0, 25)
(33, 0, 5)
(34, 0, 2)
(35, 0, 13)
(36, 0, 2)
(38, 0, 7)
(39, 0, 19)
xi_1:
(0, 1, 24)
(0, 4, 1)
(1, 1, 18)
(1, 4, 1)
(2, 1, 6)
(2, 4, 1)
(2, 27, 1)
(4, 1, 35)
(4, 3, 1)
(4, 4, 2)
(4, 27, 1)
(5, 1, 55)
(5, 3, 1)
(5, 4, 1)
(6, 1, 29)
(6, 4, 1)
(6, 37, 1)
(7, 1, 9)
(8, 1, 9)
(8, 4, 1)
(8, 37, 1)
(9, 1, 3)
(9, 4, 1)
(9, 37, 1)
(11, 4, 1)
(11, 37, 1)
(12, 4, 1)
(12, 37, 1)
(14, 4, 1)
(14, 37, 1)
(15, 4, 1)
(15, 37, 1)
(18, 4, 2)
(18, 37, 2)
(21, 4, 2)
(21, 37, 2)
(23, 4, 1)
(23, 37, 1)
(24, 4, 1)
(24, 37, 1)
(25, 1, 49)
(25, 3, 1)
(25, 4, 1)
(26, 1, 9)
(26, 4, 1)
(26, 37, 1)
(27, 1, 40)
(27, 3, 1)
(27, 4, 2)
(27, 37, 1)
(28, 1, 18)
(28, 4, 1)
(28, 37, 1)
(30, 4, 1)
(30, 37, 1)
(31, 1, 8)
(31, 4, 1)
(31, 37, 1)
(32, 1, 23)
(32, 4, 1)
(32, 27, 1)
(33, 1, 5)
(34, 4, 1)
(34, 37, 1)
(35, 1, 12)
(36, 4, 1)
(36, 37, 1)
(38, 1, 5)
(38, 4, 1)
(38, 27, 1)
(39, 1, 19)
xi_2:
