x-grades
-23721402946730151/10000000000000000
-23266701731176497/10000000000000000
-22812000515622843/10000000000000000
-22357299300069189/10000000000000000
-4380519616903107/2000000000000000
-21447896868961881/10000000000000000
-20993195653408227/10000000000000000
-20538494437854573/10000000000000000
-20083793222300919/10000000000000000
-3925818401349453/2000000000000000
-19174390791193611/10000000000000000
-18719689575639957/10000000000000000
-18264988360086303/10000000000000000
-17810287144532649/10000000000000000
-3471117185795799/2000000000000000
-16900884713425341/10000000000000000
-16446183497871687/10000000000000000
-15991482282318033/10000000000000000
-15536781066764379/10000000000000000
-603283194048429/400000000000000
-14627378635657071/10000000000000000
-14172677420103417/10000000000000000
-13717976204549763/10000000000000000
-13263274988996109/10000000000000000
-2561714754688491/2000000000000000
-12353872557888801/10000000000000000
-11899171342335147/10000000000000000
-11444470126781493/10000000000000000
-10989768911227839/10000000000000000
-2107013539134837/2000000000000000
-10080366480120531/10000000000000000
-9625665264566877/10000000000000000
-9170964049013223/10000000000000000
-8716262833459569/10000000000000000
-1652312323581183/2000000000000000
-7806860402352261/10000000000000000
-7352159186798607/10000000000000000
-6897457971244953/10000000000000000
-6442756755691299/10000000000000000
-1197611108027529/2000000000000000

y-grades
9991499/40000000
9991499/20000000
29974497/40000000
9991499/10000000
9991499/8000000
29974497/20000000
69940493/40000000
9991499/5000000
89923491/40000000
9991499/4000000
109906489/40000000
29974497/10000000
129889487/40000000
69940493/20000000
29974497/8000000
9991499/2500000
169855483/40000000
89923491/20000000
189838481/40000000
9991499/2000000
209821479/40000000
109906489/20000000
229804477/40000000
29974497/5000000
9991499/1600000
129889487/20000000
269770473/40000000
69940493/10000000
289753471/40000000
29974497/4000000
309736469/40000000
9991499/1250000
329719467/40000000
169855483/20000000
69940493/8000000
89923491/10000000
369685463/40000000
189838481/20000000
389668461/40000000
9991499/1000000

Dimensions > 0:
(0, 0, 10)
(0, 1, 7)
(0, 2, 7)
(0, 3, 7)
(0, 4, 4)
(0, 5, 4)
(0, 6, 3)
(0, 7, 3)
(0, 8, 3)
(0, 9, 3)
(0, 10, 3)
(0, 11, 3)
(0, 12, 2)
(0, 13, 2)
(0, 14, 2)
(0, 15, 2)
(0, 16, 2)
(0, 17, 2)
(0, 18, 2)
(0, 19, 2)
(0, 20, 2)
(0, 21, 2)
(0, 22, 1)
(0, 23, 1)
(0, 24, 1)
(0, 25, 1)
(0, 26, 1)
(0, 27, 1)
(0, 28, 1)
(0, 29, 1)
(0, 30, 1)
(0, 31, 1)
(0, 32, 1)
(0, 33, 1)
(0, 34, 1)
(0, 35, 1)
(0, 36, 1)
(0, 37, 1)
(0, 38, 1)
(0, 39, 1)

(1, 0, 18)
(1, 1, 11)
(1, 2, 11)
(1, 3, 11)
(1, 4, 6)
(1, 5, 6)
(1, 6, 4)
(1, 7, 4)
(1, 8, 4)
(1, 9, 4)
(1, 10, 4)
(1, 11, 4)
(1, 12, 3)
(1, 13, 2)
(1, 14, 2)
(1, 15, 2)
(1, 16, 2)
(1, 17, 2)
(1, 18, 2)
(1, 19, 2)
(1, 20, 2)
(1, 21, 2)
(1, 22, 1)
(1, 23, 1)
(1, 24, 1)
(1, 25, 1)
(1, 26, 1)
(1, 27, 1)
(1, 28, 1)
(1, 29, 1)
(1, 30, 1)
(1, 31, 1)
(1, 32, 1)
(1, 33, 1)
(1, 34, 1)
(1, 35, 1)
(1, 36, 1)
(1, 37, 1)
(1, 38, 1)
(1, 39, 1)

(2, 0, 18)
(2, 1, 11)
(2, 2, 11)
(2, 3, 11)
(2, 4, 6)
(2, 5, 6)
(2, 6, 4)
(2, 7, 4)
(2, 8, 4)
(2, 9, 4)
(2, 10, 4)
(2, 11, 4)
(2, 12, 3)
(2, 13, 2)
(2, 14, 2)
(2, 15, 2)
(2, 16, 2)
(2, 17, 2)
(2, 18, 2)
(2, 19, 2)
(2, 20, 2)
(2, 21, 2)
(2, 22, 1)
(2, 23, 1)
(2, 24, 1)
(2, 25, 1)
(2, 26, 1)
(2, 27, 1)
(2, 28, 1)
(2, 29, 1)
(2, 30, 1)
(2, 31, 1)
(2, 32, 1)
(2, 33, 1)
(2, 34, 1)
(2, 35, 1)
(2, 36, 1)
(2, 37, 1)
(2, 38, 1)
(2, 39, 1)

(3, 0, 18)
(3, 1, 11)
(3, 2, 11)
(3, 3, 11)
(3, 4, 6)
(3, 5, 6)
(3, 6, 4)
(3, 7, 4)
(3, 8, 4)
(3, 9, 4)
(3, 10, 4)
(3, 11, 4)
(3, 12, 3)
(3, 13, 2)
(3, 14, 2)
(3, 15, 2)
(3, 16, 2)
(3, 17, 2)
(3, 18, 2)
(3, 19, 2)
(3, 20, 2)
(3, 21, 2)
(3, 22, 1)
(3, 23, 1)
(3, 24, 1)
(3, 25, 1)
(3, 26, 1)
(3, 27, 1)
(3, 28, 1)
(3, 29, 1)
(3, 30, 1)
(3, 31, 1)
(3, 32, 1)
(3, 33, 1)
(3, 34, 1)
(3, 35, 1)
(3, 36, 1)
(3, 37, 1)
(3, 38, 1)
(3, 39, 1)

(4, 0, 18)
(4, 1, 11)
(4, 2, 11)
(4, 3, 11)
(4, 4, 6)
(4, 5, 6)
(4, 6, 4)
(4, 7, 4)
(4, 8, 4)
(4, 9, 4)
(4, 10, 4)
(4, 11, 4)
(4, 12, 3)
(4, 13, 2)
(4, 14, 2)
(4, 15, 2)
(4, 16, 2)
(4, 17, 2)
(4, 18, 2)
(4, 19, 2)
(4, 20, 2)
(4, 21, 2)
(4, 22, 1)
(4, 23, 1)
(4, 24, 1)
(4, 25, 1)
(4, 26, 1)
(4, 27, 1)
(4, 28, 1)
(4, 29, 1)
(4, 30, 1)
(4, 31, 1)
(4, 32, 1)
(4, 33, 1)
(4, 34, 1)
(4, 35, 1)
(4, 36, 1)
(4, 37, 1)
(4, 38, 1)
(4, 39, 1)

(5, 0, 21)
(5, 1, 14)
(5, 2, 14)
(5, 3, 14)
(5, 4, 9)
(5, 5, 9)
(5, 6, 7)
(5, 7, 6)
(5, 8, 6)
(5, 9, 6)
(5, 10, 6)
(5, 11, 6)
(5, 12, 4)
(5, 13, 3)
(5, 14, 3)
(5, 15, 3)
(5, 16, 3)
(5, 17, 3)
(5, 18, 3)
(5, 19, 3)
(5, 20, 3)
(5, 21, 3)
(5, 22, 2)
(5, 23, 2)
(5, 24, 2)
(5, 25, 2)
(5, 26, 2)
(5, 27, 2)
(5, 28, 2)
(5, 29, 2)
(5, 30, 2)
(5, 31, 2)
(5, 32, 2)
(5, 33, 2)
(5, 34, 2)
(5, 35, 2)
(5, 36, 2)
(5, 37, 2)
(5, 38, 2)
(5, 39, 2)

(6, 0, 30)
(6, 1, 20)
(6, 2, 20)
(6, 3, 20)
(6, 4, 15)
(6, 5, 15)
(6, 6, 9)
(6, 7, 8)
(6, 8, 8)
(6, 9, 8)
(6, 10, 8)
(6, 11, 8)
(6, 12, 6)
(6, 13, 4)
(6, 14, 4)
(6, 15, 4)
(6, 16, 4)
(6, 17, 4)
(6, 18, 4)
(6, 19, 4)
(6, 20, 4)
(6, 21, 4)
(6, 22, 2)
(6, 23, 2)
(6, 24, 2)
(6, 25, 2)
(6, 26, 2)
(6, 27, 2)
(6, 28, 2)
(6, 29, 2)
(6, 30, 2)
(6, 31, 2)
(6, 32, 2)
(6, 33, 2)
(6, 34, 2)
(6, 35, 2)
(6, 36, 2)
(6, 37, 2)
(6, 38, 2)
(6, 39, 2)

(7, 0, 30)
(7, 1, 20)
(7, 2, 20)
(7, 3, 20)
(7, 4, 15)
(7, 5, 15)
(7, 6, 9)
(7, 7, 8)
(7, 8, 8)
(7, 9, 8)
(7, 10, 8)
(7, 11, 8)
(7, 12, 6)
(7, 13, 4)
(7, 14, 4)
(7, 15, 4)
(7, 16, 4)
(7, 17, 4)
(7, 18, 4)
(7, 19, 4)
(7, 20, 4)
(7, 21, 4)
(7, 22, 2)
(7, 23, 2)
(7, 24, 2)
(7, 25, 2)
(7, 26, 2)
(7, 27, 2)
(7, 28, 2)
(7, 29, 2)
(7, 30, 2)
(7, 31, 2)
(7, 32, 2)
(7, 33, 2)
(7, 34, 2)
(7, 35, 2)
(7, 36, 2)
(7, 37, 2)
(7, 38, 2)
(7, 39, 2)

(8, 0, 30)
(8, 1, 20)
(8, 2, 20)
(8, 3, 20)
(8, 4, 15)
(8, 5, 15)
(8, 6, 9)
(8, 7, 8)
(8, 8, 8)
(8, 9, 8)
(8, 10, 8)
(8, 11, 8)
(8, 12, 6)
(8, 13, 4)
(8, 14, 4)
(8, 15, 4)
(8, 16, 4)
(8, 17, 4)
(8, 18, 4)
(8, 19, 4)
(8, 20, 4)
(8, 21, 4)
(8, 22, 2)
(8, 23, 2)
(8, 24, 2)
(8, 25, 2)
(8, 26, 2)
(8, 27, 2)
(8, 28, 2)
(8, 29, 2)
(8, 30, 2)
(8, 31, 2)
(8, 32, 2)
(8, 33, 2)
(8, 34, 2)
(8, 35, 2)
(8, 36, 2)
(8, 37, 2)
(8, 38, 2)
(8, 39, 2)

(9, 0, 30)
(9, 1, 20)
(9, 2, 20)
(9, 3, 20)
(9, 4, 15)
(9, 5, 15)
(9, 6, 9)
(9, 7, 8)
(9, 8, 8)
(9, 9, 8)
(9, 10, 8)
(9, 11, 8)
(9, 12, 6)
(9, 13, 4)
(9, 14, 4)
(9, 15, 4)
(9, 16, 4)
(9, 17, 4)
(9, 18, 4)
(9, 19, 4)
(9, 20, 4)
(9, 21, 4)
(9, 22, 2)
(9, 23, 2)
(9, 24, 2)
(9, 25, 2)
(9, 26, 2)
(9, 27, 2)
(9, 28, 2)
(9, 29, 2)
(9, 30, 2)
(9, 31, 2)
(9, 32, 2)
(9, 33, 2)
(9, 34, 2)
(9, 35, 2)
(9, 36, 2)
(9, 37, 2)
(9, 38, 2)
(9, 39, 2)

(10, 0, 30)
(10, 1, 20)
(10, 2, 20)
(10, 3, 20)
(10, 4, 15)
(10, 5, 15)
(10, 6, 9)
(10, 7, 8)
(10, 8, 8)
(10, 9, 8)
(10, 10, 8)
(10, 11, 8)
(10, 12, 6)
(10, 13, 4)
(10, 14, 4)
(10, 15, 4)
(10, 16, 4)
(10, 17, 4)
(10, 18, 4)
(10, 19, 4)
(10, 20, 4)
(10, 21, 4)
(10, 22, 2)
(10, 23, 2)
(10, 24, 2)
(10, 25, 2)
(10, 26, 2)
(10, 27, 2)
(10, 28, 2)
(10, 29, 2)
(10, 30, 2)
(10, 31, 2)
(10, 32, 2)
(10, 33, 2)
(10, 34, 2)
(10, 35, 2)
(10, 36, 2)
(10, 37, 2)
(10, 38, 2)
(10, 39, 2)

(11, 0, 30)
(11, 1, 20)
(11, 2, 20)
(11, 3, 20)
(11, 4, 15)
(11, 5, 15)
(11, 6, 9)
(11, 7, 8)
(11, 8, 8)
(11, 9, 8)
(11, 10, 8)
(11, 11, 8)
(11, 12, 6)
(11, 13, 4)
(11, 14, 4)
(11, 15, 4)
(11, 16, 4)
(11, 17, 4)
(11, 18, 4)
(11, 19, 4)
(11, 20, 4)
(11, 21, 4)
(11, 22, 2)
(11, 23, 2)
(11, 24, 2)
(11, 25, 2)
(11, 26, 2)
(11, 27, 2)
(11, 28, 2)
(11, 29, 2)
(11, 30, 2)
(11, 31, 2)
(11, 32, 2)
(11, 33, 2)
(11, 34, 2)
(11, 35, 2)
(11, 36, 2)
(11, 37, 2)
(11, 38, 2)
(11, 39, 2)

(12, 0, 30)
(12, 1, 20)
(12, 2, 20)
(12, 3, 20)
(12, 4, 15)
(12, 5, 15)
(12, 6, 9)
(12, 7, 8)
(12, 8, 8)
(12, 9, 8)
(12, 10, 8)
(12, 11, 8)
(12, 12, 6)
(12, 13, 4)
(12, 14, 4)
(12, 15, 4)
(12, 16, 4)
(12, 17, 4)
(12, 18, 4)
(12, 19, 4)
(12, 20, 4)
(12, 21, 4)
(12, 22, 2)
(12, 23, 2)
(12, 24, 2)
(12, 25, 2)
(12, 26, 2)
(12, 27, 2)
(12, 28, 2)
(12, 29, 2)
(12, 30, 2)
(12, 31, 2)
(12, 32, 2)
(12, 33, 2)
(12, 34, 2)
(12, 35, 2)
(12, 36, 2)
(12, 37, 2)
(12, 38, 2)
(12, 39, 2)

(13, 0, 32)
(13, 1, 21)
(13, 2, 21)
(13, 3, 21)
(13, 4, 16)
(13, 5, 16)
(13, 6, 10)
(13, 7, 9)
(13, 8, 9)
(13, 9, 9)
(13, 10, 9)
(13, 11, 9)
(13, 12, 7)
(13, 13, 5)
(13, 14, 5)
(13, 15, 5)
(13, 16, 5)
(13, 17, 5)
(13, 18, 5)
(13, 19, 5)
(13, 20, 5)
(13, 21, 5)
(13, 22, 3)
(13, 23, 3)
(13, 24, 3)
(13, 25, 3)
(13, 26, 3)
(13, 27, 3)
(13, 28, 3)
(13, 29, 3)
(13, 30, 3)
(13, 31, 3)
(13, 32, 3)
(13, 33, 3)
(13, 34, 3)
(13, 35, 3)
(13, 36, 3)
(13, 37, 3)
(13, 38, 3)
(13, 39, 3)

(14, 0, 32)
(14, 1, 21)
(14, 2, 21)
(14, 3, 21)
(14, 4, 16)
(14, 5, 16)
(14, 6, 10)
(14, 7, 9)
(14, 8, 9)
(14, 9, 9)
(14, 10, 9)
(14, 11, 9)
(14, 12, 7)
(14, 13, 5)
(14, 14, 5)
(14, 15, 5)
(14, 16, 5)
(14, 17, 5)
(14, 18, 5)
(14, 19, 5)
(14, 20, 5)
(14, 21, 5)
(14, 22, 3)
(14, 23, 3)
(14, 24, 3)
(14, 25, 3)
(14, 26, 3)
(14, 27, 3)
(14, 28, 3)
(14, 29, 3)
(14, 30, 3)
(14, 31, 3)
(14, 32, 3)
(14, 33, 3)
(14, 34, 3)
(14, 35, 3)
(14, 36, 3)
(14, 37, 3)
(14, 38, 3)
(14, 39, 3)

(15, 0, 32)
(15, 1, 21)
(15, 2, 21)
(15, 3, 21)
(15, 4, 16)
(15, 5, 16)
(15, 6, 10)
(15, 7, 9)
(15, 8, 9)
(15, 9, 9)
(15, 10, 9)
(15, 11, 9)
(15, 12, 7)
(15, 13, 5)
(15, 14, 5)
(15, 15, 5)
(15, 16, 5)
(15, 17, 5)
(15, 18, 5)
(15, 19, 5)
(15, 20, 5)
(15, 21, 5)
(15, 22, 3)
(15, 23, 3)
(15, 24, 3)
(15, 25, 3)
(15, 26, 3)
(15, 27, 3)
(15, 28, 3)
(15, 29, 3)
(15, 30, 3)
(15, 31, 3)
(15, 32, 3)
(15, 33, 3)
(15, 34, 3)
(15, 35, 3)
(15, 36, 3)
(15, 37, 3)
(15, 38, 3)
(15, 39, 3)

(16, 0, 32)
(16, 1, 21)
(16, 2, 21)
(16, 3, 21)
(16, 4, 16)
(16, 5, 16)
(16, 6, 10)
(16, 7, 9)
(16, 8, 9)
(16, 9, 9)
(16, 10, 9)
(16, 11, 9)
(16, 12, 7)
(16, 13, 5)
(16, 14, 5)
(16, 15, 5)
(16, 16, 5)
(16, 17, 5)
(16, 18, 5)
(16, 19, 5)
(16, 20, 5)
(16, 21, 5)
(16, 22, 3)
(16, 23, 3)
(16, 24, 3)
(16, 25, 3)
(16, 26, 3)
(16, 27, 3)
(16, 28, 3)
(16, 29, 3)
(16, 30, 3)
(16, 31, 3)
(16, 32, 3)
(16, 33, 3)
(16, 34, 3)
(16, 35, 3)
(16, 36, 3)
(16, 37, 3)
(16, 38, 3)
(16, 39, 3)

(17, 0, 32)
(17, 1, 21)
(17, 2, 21)
(17, 3, 21)
(17, 4, 16)
(17, 5, 16)
(17, 6, 10)
(17, 7, 9)
(17, 8, 9)
(17, 9, 9)
(17, 10, 9)
(17, 11, 9)
(17, 12, 7)
(17, 13, 5)
(17, 14, 5)
(17, 15, 5)
(17, 16, 5)
(17, 17, 5)
(17, 18, 5)
(17, 19, 5)
(17, 20, 5)
(17, 21, 5)
(17, 22, 3)
(17, 23, 3)
(17, 24, 3)
(17, 25, 3)
(17, 26, 3)
(17, 27, 3)
(17, 28, 3)
(17, 29, 3)
(17, 30, 3)
(17, 31, 3)
(17, 32, 3)
(17, 33, 3)
(17, 34, 3)
(17, 35, 3)
(17, 36, 3)
(17, 37, 3)
(17, 38, 3)
(17, 39, 3)

(18, 0, 35)
(18, 1, 24)
(18, 2, 24)
(18, 3, 24)
(18, 4, 19)
(18, 5, 19)
(18, 6, 13)
(18, 7, 11)
(18, 8, 10)
(18, 9, 10)
(18, 10, 10)
(18, 11, 10)
(18, 12, 8)
(18, 13, 6)
(18, 14, 6)
(18, 15, 6)
(18, 16, 6)
(18, 17, 6)
(18, 18, 6)
(18, 19, 6)
(18, 20, 6)
(18, 21, 6)
(18, 22, 4)
(18, 23, 4)
(18, 24, 4)
(18, 25, 4)
(18, 26, 4)
(18, 27, 4)
(18, 28, 4)
(18, 29, 4)
(18, 30, 4)
(18, 31, 4)
(18, 32, 4)
(18, 33, 4)
(18, 34, 4)
(18, 35, 4)
(18, 36, 4)
(18, 37, 4)
(18, 38, 4)
(18, 39, 4)

(19, 0, 43)
(19, 1, 29)
(19, 2, 29)
(19, 3, 29)
(19, 4, 24)
(19, 5, 24)
(19, 6, 17)
(19, 7, 14)
(19, 8, 14)
(19, 9, 13)
(19, 10, 13)
(19, 11, 13)
(19, 12, 10)
(19, 13, 8)
(19, 14, 7)
(19, 15, 7)
(19, 16, 7)
(19, 17, 7)
(19, 18, 7)
(19, 19, 7)
(19, 20, 7)
(19, 21, 7)
(19, 22, 4)
(19, 23, 4)
(19, 24, 4)
(19, 25, 4)
(19, 26, 4)
(19, 27, 4)
(19, 28, 4)
(19, 29, 4)
(19, 30, 4)
(19, 31, 4)
(19, 32, 4)
(19, 33, 4)
(19, 34, 4)
(19, 35, 4)
(19, 36, 4)
(19, 37, 4)
(19, 38, 4)
(19, 39, 4)

(20, 0, 45)
(20, 1, 31)
(20, 2, 31)
(20, 3, 31)
(20, 4, 26)
(20, 5, 26)
(20, 6, 18)
(20, 7, 13)
(20, 8, 13)
(20, 9, 13)
(20, 10, 13)
(20, 11, 13)
(20, 12, 10)
(20, 13, 8)
(20, 14, 7)
(20, 15, 7)
(20, 16, 7)
(20, 17, 7)
(20, 18, 7)
(20, 19, 7)
(20, 20, 7)
(20, 21, 7)
(20, 22, 4)
(20, 23, 4)
(20, 24, 4)
(20, 25, 4)
(20, 26, 4)
(20, 27, 4)
(20, 28, 4)
(20, 29, 4)
(20, 30, 4)
(20, 31, 4)
(20, 32, 4)
(20, 33, 4)
(20, 34, 4)
(20, 35, 4)
(20, 36, 4)
(20, 37, 4)
(20, 38, 4)
(20, 39, 4)

(21, 0, 45)
(21, 1, 31)
(21, 2, 31)
(21, 3, 31)
(21, 4, 26)
(21, 5, 26)
(21, 6, 18)
(21, 7, 13)
(21, 8, 13)
(21, 9, 13)
(21, 10, 13)
(21, 11, 13)
(21, 12, 10)
(21, 13, 8)
(21, 14, 7)
(21, 15, 7)
(21, 16, 7)
(21, 17, 7)
(21, 18, 7)
(21, 19, 7)
(21, 20, 7)
(21, 21, 7)
(21, 22, 4)
(21, 23, 4)
(21, 24, 4)
(21, 25, 4)
(21, 26, 4)
(21, 27, 4)
(21, 28, 4)
(21, 29, 4)
(21, 30, 4)
(21, 31, 4)
(21, 32, 4)
(21, 33, 4)
(21, 34, 4)
(21, 35, 4)
(21, 36, 4)
(21, 37, 4)
(21, 38, 4)
(21, 39, 4)

(22, 0, 50)
(22, 1, 35)
(22, 2, 34)
(22, 3, 34)
(22, 4, 29)
(22, 5, 28)
(22, 6, 20)
(22, 7, 15)
(22, 8, 15)
(22, 9, 15)
(22, 10, 15)
(22, 11, 15)
(22, 12, 12)
(22, 13, 10)
(22, 14, 9)
(22, 15, 8)
(22, 16, 8)
(22, 17, 8)
(22, 18, 7)
(22, 19, 7)
(22, 20, 7)
(22, 21, 7)
(22, 22, 4)
(22, 23, 4)
(22, 24, 4)
(22, 25, 4)
(22, 26, 4)
(22, 27, 4)
(22, 28, 4)
(22, 29, 4)
(22, 30, 4)
(22, 31, 4)
(22, 32, 4)
(22, 33, 4)
(22, 34, 4)
(22, 35, 4)
(22, 36, 4)
(22, 37, 4)
(22, 38, 4)
(22, 39, 4)

(23, 0, 51)
(23, 1, 36)
(23, 2, 35)
(23, 3, 35)
(23, 4, 30)
(23, 5, 29)
(23, 6, 21)
(23, 7, 16)
(23, 8, 16)
(23, 9, 16)
(23, 10, 16)
(23, 11, 16)
(23, 12, 13)
(23, 13, 11)
(23, 14, 9)
(23, 15, 8)
(23, 16, 7)
(23, 17, 7)
(23, 18, 7)
(23, 19, 7)
(23, 20, 7)
(23, 21, 7)
(23, 22, 4)
(23, 23, 4)
(23, 24, 4)
(23, 25, 4)
(23, 26, 4)
(23, 27, 4)
(23, 28, 4)
(23, 29, 4)
(23, 30, 4)
(23, 31, 4)
(23, 32, 4)
(23, 33, 4)
(23, 34, 4)
(23, 35, 4)
(23, 36, 4)
(23, 37, 4)
(23, 38, 4)
(23, 39, 4)

(24, 0, 57)
(24, 1, 41)
(24, 2, 38)
(24, 3, 38)
(24, 4, 33)
(24, 5, 32)
(24, 6, 24)
(24, 7, 19)
(24, 8, 19)
(24, 9, 19)
(24, 10, 19)
(24, 11, 19)
(24, 12, 16)
(24, 13, 13)
(24, 14, 11)
(24, 15, 10)
(24, 16, 9)
(24, 17, 9)
(24, 18, 9)
(24, 19, 9)
(24, 20, 9)
(24, 21, 9)
(24, 22, 5)
(24, 23, 5)
(24, 24, 5)
(24, 25, 5)
(24, 26, 5)
(24, 27, 5)
(24, 28, 5)
(24, 29, 5)
(24, 30, 5)
(24, 31, 5)
(24, 32, 5)
(24, 33, 5)
(24, 34, 5)
(24, 35, 5)
(24, 36, 5)
(24, 37, 5)
(24, 38, 5)
(24, 39, 5)

(25, 0, 68)
(25, 1, 47)
(25, 2, 44)
(25, 3, 44)
(25, 4, 39)
(25, 5, 38)
(25, 6, 30)
(25, 7, 25)
(25, 8, 25)
(25, 9, 24)
(25, 10, 24)
(25, 11, 24)
(25, 12, 21)
(25, 13, 16)
(25, 14, 14)
(25, 15, 13)
(25, 16, 11)
(25, 17, 11)
(25, 18, 11)
(25, 19, 11)
(25, 20, 11)
(25, 21, 11)
(25, 22, 6)
(25, 23, 6)
(25, 24, 6)
(25, 25, 6)
(25, 26, 6)
(25, 27, 6)
(25, 28, 6)
(25, 29, 6)
(25, 30, 6)
(25, 31, 5)
(25, 32, 5)
(25, 33, 5)
(25, 34, 5)
(25, 35, 4)
(25, 36, 4)
(25, 37, 4)
(25, 38, 4)
(25, 39, 4)

(26, 0, 78)
(26, 1, 51)
(26, 2, 48)
(26, 3, 48)
(26, 4, 43)
(26, 5, 42)
(26, 6, 34)
(26, 7, 28)
(26, 8, 28)
(26, 9, 27)
(26, 10, 27)
(26, 11, 27)
(26, 12, 24)
(26, 13, 19)
(26, 14, 16)
(26, 15, 15)
(26, 16, 13)
(26, 17, 13)
(26, 18, 13)
(26, 19, 13)
(26, 20, 13)
(26, 21, 13)
(26, 22, 8)
(26, 23, 8)
(26, 24, 8)
(26, 25, 8)
(26, 26, 8)
(26, 27, 8)
(26, 28, 8)
(26, 29, 6)
(26, 30, 6)
(26, 31, 6)
(26, 32, 6)
(26, 33, 6)
(26, 34, 6)
(26, 35, 6)
(26, 36, 6)
(26, 37, 6)
(26, 38, 6)
(26, 39, 6)

(27, 0, 88)
(27, 1, 60)
(27, 2, 57)
(27, 3, 57)
(27, 4, 52)
(27, 5, 51)
(27, 6, 42)
(27, 7, 34)
(27, 8, 34)
(27, 9, 33)
(27, 10, 33)
(27, 11, 33)
(27, 12, 29)
(27, 13, 24)
(27, 14, 21)
(27, 15, 20)
(27, 16, 18)
(27, 17, 17)
(27, 18, 15)
(27, 19, 15)
(27, 20, 15)
(27, 21, 14)
(27, 22, 9)
(27, 23, 8)
(27, 24, 8)
(27, 25, 8)
(27, 26, 8)
(27, 27, 8)
(27, 28, 7)
(27, 29, 6)
(27, 30, 6)
(27, 31, 6)
(27, 32, 6)
(27, 33, 6)
(27, 34, 6)
(27, 35, 6)
(27, 36, 6)
(27, 37, 5)
(27, 38, 5)
(27, 39, 5)

(28, 0, 97)
(28, 1, 66)
(28, 2, 63)
(28, 3, 63)
(28, 4, 58)
(28, 5, 57)
(28, 6, 47)
(28, 7, 38)
(28, 8, 38)
(28, 9, 37)
(28, 10, 37)
(28, 11, 37)
(28, 12, 33)
(28, 13, 27)
(28, 14, 24)
(28, 15, 22)
(28, 16, 20)
(28, 17, 19)
(28, 18, 16)
(28, 19, 16)
(28, 20, 15)
(28, 21, 14)
(28, 22, 9)
(28, 23, 9)
(28, 24, 9)
(28, 25, 9)
(28, 26, 9)
(28, 27, 9)
(28, 28, 7)
(28, 29, 6)
(28, 30, 5)
(28, 31, 5)
(28, 32, 5)
(28, 33, 5)
(28, 34, 5)
(28, 35, 5)
(28, 36, 5)
(28, 37, 5)
(28, 38, 5)
(28, 39, 5)

(29, 0, 105)
(29, 1, 74)
(29, 2, 69)
(29, 3, 69)
(29, 4, 64)
(29, 5, 62)
(29, 6, 52)
(29, 7, 43)
(29, 8, 43)
(29, 9, 41)
(29, 10, 41)
(29, 11, 41)
(29, 12, 37)
(29, 13, 31)
(29, 14, 28)
(29, 15, 26)
(29, 16, 23)
(29, 17, 20)
(29, 18, 16)
(29, 19, 16)
(29, 20, 16)
(29, 21, 15)
(29, 22, 10)
(29, 23, 9)
(29, 24, 9)
(29, 25, 9)
(29, 26, 9)
(29, 27, 9)
(29, 28, 7)
(29, 29, 6)
(29, 30, 5)
(29, 31, 5)
(29, 32, 5)
(29, 33, 5)
(29, 34, 5)
(29, 35, 5)
(29, 36, 5)
(29, 37, 5)
(29, 38, 5)
(29, 39, 5)

(30, 0, 112)
(30, 1, 79)
(30, 2, 73)
(30, 3, 73)
(30, 4, 68)
(30, 5, 66)
(30, 6, 56)
(30, 7, 47)
(30, 8, 47)
(30, 9, 45)
(30, 10, 45)
(30, 11, 45)
(30, 12, 41)
(30, 13, 35)
(30, 14, 31)
(30, 15, 28)
(30, 16, 24)
(30, 17, 21)
(30, 18, 17)
(30, 19, 17)
(30, 20, 17)
(30, 21, 16)
(30, 22, 11)
(30, 23, 10)
(30, 24, 9)
(30, 25, 9)
(30, 26, 9)
(30, 27, 9)
(30, 28, 7)
(30, 29, 6)
(30, 30, 5)
(30, 31, 5)
(30, 32, 5)
(30, 33, 5)
(30, 34, 5)
(30, 35, 5)
(30, 36, 5)
(30, 37, 5)
(30, 38, 5)
(30, 39, 5)

(31, 0, 116)
(31, 1, 83)
(31, 2, 77)
(31, 3, 77)
(31, 4, 72)
(31, 5, 70)
(31, 6, 60)
(31, 7, 51)
(31, 8, 51)
(31, 9, 49)
(31, 10, 48)
(31, 11, 48)
(31, 12, 44)
(31, 13, 37)
(31, 14, 33)
(31, 15, 30)
(31, 16, 25)
(31, 17, 22)
(31, 18, 18)
(31, 19, 18)
(31, 20, 18)
(31, 21, 16)
(31, 22, 10)
(31, 23, 9)
(31, 24, 9)
(31, 25, 9)
(31, 26, 9)
(31, 27, 9)
(31, 28, 7)
(31, 29, 6)
(31, 30, 5)
(31, 31, 5)
(31, 32, 5)
(31, 33, 5)
(31, 34, 5)
(31, 35, 5)
(31, 36, 5)
(31, 37, 5)
(31, 38, 5)
(31, 39, 5)

(32, 0, 127)
(32, 1, 94)
(32, 2, 84)
(32, 3, 84)
(32, 4, 79)
(32, 5, 77)
(32, 6, 67)
(32, 7, 58)
(32, 8, 58)
(32, 9, 56)
(32, 10, 55)
(32, 11, 55)
(32, 12, 51)
(32, 13, 43)
(32, 14, 39)
(32, 15, 36)
(32, 16, 30)
(32, 17, 27)
(32, 18, 19)
(32, 19, 18)
(32, 20, 18)
(32, 21, 16)
(32, 22, 10)
(32, 23, 9)
(32, 24, 9)
(32, 25, 9)
(32, 26, 9)
(32, 27, 9)
(32, 28, 7)
(32, 29, 6)
(32, 30, 5)
(32, 31, 5)
(32, 32, 5)
(32, 33, 5)
(32, 34, 5)
(32, 35, 5)
(32, 36, 5)
(32, 37, 4)
(32, 38, 4)
(32, 39, 4)

(33, 0, 138)
(33, 1, 100)
(33, 2, 90)
(33, 3, 90)
(33, 4, 85)
(33, 5, 83)
(33, 6, 73)
(33, 7, 64)
(33, 8, 64)
(33, 9, 60)
(33, 10, 59)
(33, 11, 59)
(33, 12, 55)
(33, 13, 46)
(33, 14, 41)
(33, 15, 38)
(33, 16, 32)
(33, 17, 28)
(33, 18, 21)
(33, 19, 20)
(33, 20, 20)
(33, 21, 18)
(33, 22, 12)
(33, 23, 11)
(33, 24, 11)
(33, 25, 11)
(33, 26, 11)
(33, 27, 11)
(33, 28, 9)
(33, 29, 8)
(33, 30, 7)
(33, 31, 7)
(33, 32, 7)
(33, 33, 7)
(33, 34, 7)
(33, 35, 7)
(33, 36, 7)
(33, 37, 6)
(33, 38, 6)
(33, 39, 6)

(34, 0, 141)
(34, 1, 103)
(34, 2, 93)
(34, 3, 93)
(34, 4, 88)
(34, 5, 86)
(34, 6, 76)
(34, 7, 67)
(34, 8, 67)
(34, 9, 63)
(34, 10, 62)
(34, 11, 62)
(34, 12, 58)
(34, 13, 49)
(34, 14, 44)
(34, 15, 41)
(34, 16, 35)
(34, 17, 30)
(34, 18, 22)
(34, 19, 22)
(34, 20, 22)
(34, 21, 20)
(34, 22, 13)
(34, 23, 12)
(34, 24, 12)
(34, 25, 12)
(34, 26, 12)
(34, 27, 12)
(34, 28, 9)
(34, 29, 8)
(34, 30, 6)
(34, 31, 6)
(34, 32, 6)
(34, 33, 6)
(34, 34, 6)
(34, 35, 6)
(34, 36, 6)
(34, 37, 6)
(34, 38, 6)
(34, 39, 6)

(35, 0, 143)
(35, 1, 105)
(35, 2, 95)
(35, 3, 95)
(35, 4, 90)
(35, 5, 88)
(35, 6, 78)
(35, 7, 69)
(35, 8, 69)
(35, 9, 65)
(35, 10, 63)
(35, 11, 63)
(35, 12, 59)
(35, 13, 50)
(35, 14, 45)
(35, 15, 42)
(35, 16, 36)
(35, 17, 31)
(35, 18, 23)
(35, 19, 23)
(35, 20, 23)
(35, 21, 21)
(35, 22, 14)
(35, 23, 12)
(35, 24, 12)
(35, 25, 12)
(35, 26, 12)
(35, 27, 12)
(35, 28, 9)
(35, 29, 8)
(35, 30, 6)
(35, 31, 6)
(35, 32, 6)
(35, 33, 6)
(35, 34, 6)
(35, 35, 6)
(35, 36, 6)
(35, 37, 6)
(35, 38, 6)
(35, 39, 6)

(36, 0, 145)
(36, 1, 107)
(36, 2, 97)
(36, 3, 97)
(36, 4, 92)
(36, 5, 90)
(36, 6, 80)
(36, 7, 71)
(36, 8, 71)
(36, 9, 67)
(36, 10, 65)
(36, 11, 65)
(36, 12, 61)
(36, 13, 52)
(36, 14, 47)
(36, 15, 44)
(36, 16, 38)
(36, 17, 33)
(36, 18, 23)
(36, 19, 23)
(36, 20, 23)
(36, 21, 21)
(36, 22, 14)
(36, 23, 12)
(36, 24, 12)
(36, 25, 12)
(36, 26, 12)
(36, 27, 12)
(36, 28, 9)
(36, 29, 8)
(36, 30, 6)
(36, 31, 6)
(36, 32, 6)
(36, 33, 6)
(36, 34, 6)
(36, 35, 6)
(36, 36, 6)
(36, 37, 6)
(36, 38, 6)
(36, 39, 6)

(37, 0, 145)
(37, 1, 107)
(37, 2, 97)
(37, 3, 97)
(37, 4, 92)
(37, 5, 90)
(37, 6, 80)
(37, 7, 71)
(37, 8, 71)
(37, 9, 67)
(37, 10, 65)
(37, 11, 65)
(37, 12, 61)
(37, 13, 52)
(37, 14, 47)
(37, 15, 44)
(37, 16, 38)
(37, 17, 33)
(37, 18, 23)
(37, 19, 23)
(37, 20, 23)
(37, 21, 21)
(37, 22, 14)
(37, 23, 12)
(37, 24, 12)
(37, 25, 12)
(37, 26, 12)
(37, 27, 12)
(37, 28, 9)
(37, 29, 8)
(37, 30, 6)
(37, 31, 6)
(37, 32, 6)
(37, 33, 6)
(37, 34, 6)
(37, 35, 6)
(37, 36, 6)
(37, 37, 6)
(37, 38, 6)
(37, 39, 6)

(38, 0, 153)
(38, 1, 111)
(38, 2, 101)
(38, 3, 100)
(38, 4, 95)
(38, 5, 93)
(38, 6, 83)
(38, 7, 74)
(38, 8, 74)
(38, 9, 70)
(38, 10, 68)
(38, 11, 68)
(38, 12, 64)
(38, 13, 55)
(38, 14, 50)
(38, 15, 47)
(38, 16, 41)
(38, 17, 36)
(38, 18, 26)
(38, 19, 24)
(38, 20, 24)
(38, 21, 22)
(38, 22, 14)
(38, 23, 12)
(38, 24, 12)
(38, 25, 12)
(38, 26, 12)
(38, 27, 12)
(38, 28, 9)
(38, 29, 8)
(38, 30, 6)
(38, 31, 6)
(38, 32, 6)
(38, 33, 6)
(38, 34, 6)
(38, 35, 6)
(38, 36, 6)
(38, 37, 6)
(38, 38, 6)
(38, 39, 5)

(39, 0, 157)
(39, 1, 112)
(39, 2, 102)
(39, 3, 101)
(39, 4, 96)
(39, 5, 94)
(39, 6, 84)
(39, 7, 75)
(39, 8, 75)
(39, 9, 71)
(39, 10, 69)
(39, 11, 69)
(39, 12, 65)
(39, 13, 55)
(39, 14, 48)
(39, 15, 45)
(39, 16, 39)
(39, 17, 34)
(39, 18, 24)
(39, 19, 24)
(39, 20, 24)
(39, 21, 22)
(39, 22, 14)
(39, 23, 12)
(39, 24, 12)
(39, 25, 12)
(39, 26, 12)
(39, 27, 12)
(39, 28, 9)
(39, 29, 8)
(39, 30, 6)
(39, 31, 6)
(39, 32, 6)
(39, 33, 6)
(39, 34, 6)
(39, 35, 6)
(39, 36, 6)
(39, 37, 6)
(39, 38, 6)
(39, 39, 5)


Betti numbers:
xi_0:
(0, 0, 10)
(1, 0, 8)
(5, 0, 3)
(6, 0, 9)
(13, 0, 2)
(18, 0, 3)
(19, 0, 8)
(20, 0, 2)
(22, 0, 5)
(23, 0, 1)
(24, 0, 6)
(25, 0, 11)
(26, 0, 10)
(27, 0, 10)
(28, 0, 9)
(29, 0, 8)
(30, 0, 7)
(31, 0, 4)
(32, 0, 11)
(33, 0, 11)
(34, 0, 3)
(35, 0, 2)
(36, 0, 2)
(38, 0, 8)
(39, 0, 4)
xi_1:
(0, 1, 3)
(0, 4, 3)
(0, 6, 1)
(0, 12, 1)
(0, 22, 1)
(1, 1, 4)
(1, 4, 2)
(1, 6, 1)
(1, 13, 1)
(5, 7, 1)
(5, 12, 1)
(6, 1, 3)
(6, 6, 4)
(6, 13, 1)
(6, 22, 1)
(13, 1, 1)
(18, 7, 1)
(18, 8, 1)
(19, 1, 3)
(19, 6, 1)
(19, 7, 1)
(19, 9, 1)
(19, 12, 1)
(19, 14, 1)
(19, 22, 1)
(20, 6, 1)
(20, 7, 2)
(22, 1, 1)
(22, 2, 1)
(22, 5, 1)
(22, 15, 1)
(22, 18, 1)
(23, 14, 1)
(23, 16, 1)
(24, 1, 1)
(24, 2, 2)
(24, 13, 1)
(24, 22, 1)
(25, 1, 5)
(25, 9, 1)
(25, 13, 2)
(25, 16, 1)
(25, 22, 1)
(25, 31, 1)
(25, 35, 1)
(26, 1, 6)
(26, 7, 1)
(26, 14, 1)
(26, 29, 2)
(27, 1, 1)
(27, 6, 1)
(27, 7, 2)
(27, 12, 1)
(27, 17, 1)
(27, 18, 2)
(27, 21, 1)
(27, 22, 1)
(27, 23, 1)
(27, 28, 1)
(27, 37, 1)
(28, 1, 3)
(28, 6, 1)
(28, 7, 1)
(28, 13, 1)
(28, 15, 1)
(28, 18, 1)
(28, 20, 1)
(28, 22, 1)
(28, 28, 1)
(28, 30, 1)
(29, 2, 2)
(29, 5, 1)
(29, 9, 1)
(29, 16, 1)
(29, 17, 2)
(29, 18, 2)
(29, 23, 1)
(30, 1, 2)
(30, 2, 1)
(30, 14, 1)
(30, 15, 1)
(30, 16, 1)
(30, 18, 1)
(30, 24, 1)
(31, 10, 1)
(31, 13, 1)
(31, 16, 1)
(31, 21, 1)
(31, 22, 1)
(32, 2, 4)
(32, 13, 1)
(32, 16, 1)
(32, 18, 4)
(32, 19, 1)
(32, 21, 1)
(32, 37, 1)
(33, 1, 5)
(33, 9, 2)
(33, 13, 1)
(33, 14, 1)
(33, 17, 1)
(34, 17, 1)
(34, 18, 1)
(34, 22, 1)
(34, 28, 1)
(34, 30, 1)
(35, 10, 1)
(35, 23, 1)
(36, 18, 2)
(38, 1, 4)
(38, 3, 1)
(38, 19, 2)
(38, 22, 1)
(38, 39, 1)
(39, 1, 3)
(39, 13, 1)
(39, 14, 2)
xi_2:
(19, 8, 1)
(20, 9, 1)
(23, 18, 1)
(26, 31, 1)
(26, 35, 1)
(27, 22, 1)
(27, 29, 1)
(28, 22, 1)
(28, 23, 1)
(28, 37, 1)
(29, 18, 1)
(29, 20, 1)
(30, 18, 1)
(31, 24, 1)
(32, 21, 1)
(33, 18, 1)
(34, 19, 1)
(34, 37, 1)
(39, 19, 2)
