x-grades
-370709809271240479/200000000000000000
-182448002212442919/100000000000000000
-359082199578531197/200000000000000000
-88317098683044139/50000000000000000
-69490917977164383/40000000000000000
-170820392519733637/100000000000000000
-335826980193112633/200000000000000000
-41251646918344749/25000000000000000
-324199370500403351/200000000000000000
-31838556565404871/20000000000000000
-312571760807694069/200000000000000000
-76689488990334857/50000000000000000
-300944151114984787/200000000000000000
-147565173134315073/100000000000000000
-57863308284455101/40000000000000000
-8859460517997527/6250000000000000
-277688931729566223/200000000000000000
-135937563441605791/100000000000000000
-266061322036856941/200000000000000000
-2602475171905023/2000000000000000
-254433712344147659/200000000000000000
-124309953748896509/100000000000000000
-242806102651438377/200000000000000000
-29624037225635467/25000000000000000
-46235698591745819/40000000000000000
-112682344056187227/100000000000000000
-219550883266019813/200000000000000000
-53434269604916293/50000000000000000
-207923273573310531/200000000000000000
-20210946872695589/20000000000000000
-196295663880601249/200000000000000000
-11905116189640413/12500000000000000
-184668054187891967/200000000000000000
-89427124670768663/100000000000000000
-34608088899036537/40000000000000000
-41806659912207011/50000000000000000
-161412834802473403/200000000000000000
-77799514978059381/100000000000000000
-149785225109764121/200000000000000000
-3599285506585237/5000000000000000

y-grades
9999591/40000000
9999591/20000000
29998773/40000000
9999591/10000000
9999591/8000000
29998773/20000000
69997137/40000000
9999591/5000000
89996319/40000000
9999591/4000000
109995501/40000000
29998773/10000000
129994683/40000000
69997137/20000000
29998773/8000000
9999591/2500000
169993047/40000000
89996319/20000000
189992229/40000000
9999591/2000000
209991411/40000000
109995501/20000000
229990593/40000000
29998773/5000000
9999591/1600000
129994683/20000000
269988957/40000000
69997137/10000000
289988139/40000000
29998773/4000000
309987321/40000000
9999591/1250000
329986503/40000000
169993047/20000000
69997137/8000000
89996319/10000000
369984867/40000000
189992229/20000000
389984049/40000000
9999591/1000000

Dimensions > 0:
(0, 0, 19)
(0, 1, 2)
(0, 2, 2)
(0, 3, 2)
(0, 4, 2)
(0, 5, 2)
(0, 6, 2)
(0, 7, 2)
(0, 8, 2)
(0, 9, 2)
(0, 10, 2)
(0, 11, 2)
(0, 12, 2)
(0, 13, 2)
(0, 14, 2)
(0, 15, 2)
(0, 16, 2)
(0, 17, 2)
(0, 18, 2)
(0, 19, 2)
(0, 20, 2)
(0, 21, 2)
(0, 22, 2)
(0, 23, 2)
(0, 24, 2)
(0, 25, 2)
(0, 26, 2)
(0, 27, 2)
(0, 28, 2)
(0, 29, 2)
(0, 30, 2)
(0, 31, 2)
(0, 32, 2)
(0, 33, 2)
(0, 34, 2)
(0, 35, 2)
(0, 36, 2)
(0, 37, 2)
(0, 38, 2)
(0, 39, 2)

(1, 0, 29)
(1, 1, 9)
(1, 2, 7)
(1, 3, 7)
(1, 4, 7)
(1, 5, 7)
(1, 6, 7)
(1, 7, 7)
(1, 8, 6)
(1, 9, 6)
(1, 10, 6)
(1, 11, 5)
(1, 12, 5)
(1, 13, 5)
(1, 14, 5)
(1, 15, 5)
(1, 16, 5)
(1, 17, 4)
(1, 18, 4)
(1, 19, 4)
(1, 20, 4)
(1, 21, 4)
(1, 22, 4)
(1, 23, 4)
(1, 24, 4)
(1, 25, 4)
(1, 26, 4)
(1, 27, 3)
(1, 28, 3)
(1, 29, 3)
(1, 30, 3)
(1, 31, 3)
(1, 32, 3)
(1, 33, 3)
(1, 34, 3)
(1, 35, 3)
(1, 36, 3)
(1, 37, 3)
(1, 38, 3)
(1, 39, 3)

(2, 0, 32)
(2, 1, 12)
(2, 2, 10)
(2, 3, 10)
(2, 4, 10)
(2, 5, 10)
(2, 6, 9)
(2, 7, 9)
(2, 8, 8)
(2, 9, 8)
(2, 10, 7)
(2, 11, 6)
(2, 12, 6)
(2, 13, 6)
(2, 14, 6)
(2, 15, 6)
(2, 16, 6)
(2, 17, 5)
(2, 18, 5)
(2, 19, 5)
(2, 20, 5)
(2, 21, 5)
(2, 22, 5)
(2, 23, 5)
(2, 24, 5)
(2, 25, 5)
(2, 26, 5)
(2, 27, 4)
(2, 28, 4)
(2, 29, 4)
(2, 30, 4)
(2, 31, 4)
(2, 32, 4)
(2, 33, 4)
(2, 34, 4)
(2, 35, 4)
(2, 36, 3)
(2, 37, 3)
(2, 38, 3)
(2, 39, 3)

(3, 0, 46)
(3, 1, 14)
(3, 2, 12)
(3, 3, 12)
(3, 4, 12)
(3, 5, 12)
(3, 6, 10)
(3, 7, 10)
(3, 8, 9)
(3, 9, 9)
(3, 10, 8)
(3, 11, 7)
(3, 12, 7)
(3, 13, 7)
(3, 14, 7)
(3, 15, 6)
(3, 16, 5)
(3, 17, 4)
(3, 18, 4)
(3, 19, 4)
(3, 20, 4)
(3, 21, 4)
(3, 22, 4)
(3, 23, 4)
(3, 24, 4)
(3, 25, 4)
(3, 26, 4)
(3, 27, 4)
(3, 28, 4)
(3, 29, 4)
(3, 30, 4)
(3, 31, 4)
(3, 32, 4)
(3, 33, 4)
(3, 34, 4)
(3, 35, 4)
(3, 36, 3)
(3, 37, 3)
(3, 38, 3)
(3, 39, 3)

(4, 0, 48)
(4, 1, 15)
(4, 2, 13)
(4, 3, 12)
(4, 4, 12)
(4, 5, 12)
(4, 6, 10)
(4, 7, 10)
(4, 8, 9)
(4, 9, 9)
(4, 10, 8)
(4, 11, 7)
(4, 12, 7)
(4, 13, 7)
(4, 14, 7)
(4, 15, 6)
(4, 16, 5)
(4, 17, 4)
(4, 18, 4)
(4, 19, 4)
(4, 20, 4)
(4, 21, 4)
(4, 22, 4)
(4, 23, 4)
(4, 24, 4)
(4, 25, 4)
(4, 26, 4)
(4, 27, 4)
(4, 28, 4)
(4, 29, 4)
(4, 30, 4)
(4, 31, 4)
(4, 32, 4)
(4, 33, 4)
(4, 34, 4)
(4, 35, 4)
(4, 36, 3)
(4, 37, 3)
(4, 38, 3)
(4, 39, 3)

(5, 0, 61)
(5, 1, 19)
(5, 2, 17)
(5, 3, 16)
(5, 4, 15)
(5, 5, 15)
(5, 6, 13)
(5, 7, 12)
(5, 8, 11)
(5, 9, 11)
(5, 10, 10)
(5, 11, 9)
(5, 12, 9)
(5, 13, 9)
(5, 14, 9)
(5, 15, 8)
(5, 16, 7)
(5, 17, 6)
(5, 18, 6)
(5, 19, 6)
(5, 20, 6)
(5, 21, 5)
(5, 22, 5)
(5, 23, 5)
(5, 24, 5)
(5, 25, 5)
(5, 26, 5)
(5, 27, 5)
(5, 28, 5)
(5, 29, 5)
(5, 30, 5)
(5, 31, 5)
(5, 32, 5)
(5, 33, 4)
(5, 34, 4)
(5, 35, 4)
(5, 36, 4)
(5, 37, 4)
(5, 38, 4)
(5, 39, 4)

(6, 0, 66)
(6, 1, 22)
(6, 2, 20)
(6, 3, 19)
(6, 4, 18)
(6, 5, 18)
(6, 6, 16)
(6, 7, 15)
(6, 8, 14)
(6, 9, 14)
(6, 10, 13)
(6, 11, 12)
(6, 12, 12)
(6, 13, 12)
(6, 14, 12)
(6, 15, 11)
(6, 16, 10)
(6, 17, 9)
(6, 18, 9)
(6, 19, 9)
(6, 20, 9)
(6, 21, 8)
(6, 22, 8)
(6, 23, 7)
(6, 24, 7)
(6, 25, 6)
(6, 26, 6)
(6, 27, 5)
(6, 28, 5)
(6, 29, 5)
(6, 30, 5)
(6, 31, 5)
(6, 32, 5)
(6, 33, 4)
(6, 34, 4)
(6, 35, 4)
(6, 36, 4)
(6, 37, 4)
(6, 38, 4)
(6, 39, 4)

(7, 0, 70)
(7, 1, 24)
(7, 2, 22)
(7, 3, 21)
(7, 4, 20)
(7, 5, 20)
(7, 6, 18)
(7, 7, 16)
(7, 8, 15)
(7, 9, 15)
(7, 10, 14)
(7, 11, 13)
(7, 12, 13)
(7, 13, 13)
(7, 14, 13)
(7, 15, 12)
(7, 16, 11)
(7, 17, 10)
(7, 18, 10)
(7, 19, 10)
(7, 20, 10)
(7, 21, 9)
(7, 22, 9)
(7, 23, 8)
(7, 24, 8)
(7, 25, 6)
(7, 26, 6)
(7, 27, 5)
(7, 28, 5)
(7, 29, 5)
(7, 30, 5)
(7, 31, 5)
(7, 32, 5)
(7, 33, 4)
(7, 34, 4)
(7, 35, 4)
(7, 36, 4)
(7, 37, 4)
(7, 38, 4)
(7, 39, 4)

(8, 0, 71)
(8, 1, 25)
(8, 2, 23)
(8, 3, 22)
(8, 4, 21)
(8, 5, 21)
(8, 6, 19)
(8, 7, 17)
(8, 8, 16)
(8, 9, 16)
(8, 10, 15)
(8, 11, 14)
(8, 12, 14)
(8, 13, 14)
(8, 14, 14)
(8, 15, 13)
(8, 16, 12)
(8, 17, 11)
(8, 18, 11)
(8, 19, 10)
(8, 20, 10)
(8, 21, 9)
(8, 22, 9)
(8, 23, 8)
(8, 24, 8)
(8, 25, 6)
(8, 26, 6)
(8, 27, 5)
(8, 28, 5)
(8, 29, 5)
(8, 30, 5)
(8, 31, 5)
(8, 32, 5)
(8, 33, 4)
(8, 34, 4)
(8, 35, 4)
(8, 36, 4)
(8, 37, 4)
(8, 38, 4)
(8, 39, 4)

(9, 0, 78)
(9, 1, 30)
(9, 2, 28)
(9, 3, 27)
(9, 4, 26)
(9, 5, 26)
(9, 6, 23)
(9, 7, 20)
(9, 8, 17)
(9, 9, 17)
(9, 10, 16)
(9, 11, 15)
(9, 12, 14)
(9, 13, 14)
(9, 14, 13)
(9, 15, 12)
(9, 16, 11)
(9, 17, 10)
(9, 18, 10)
(9, 19, 10)
(9, 20, 9)
(9, 21, 8)
(9, 22, 8)
(9, 23, 7)
(9, 24, 7)
(9, 25, 5)
(9, 26, 5)
(9, 27, 4)
(9, 28, 4)
(9, 29, 4)
(9, 30, 4)
(9, 31, 4)
(9, 32, 4)
(9, 33, 3)
(9, 34, 3)
(9, 35, 3)
(9, 36, 3)
(9, 37, 3)
(9, 38, 3)
(9, 39, 3)

(10, 0, 78)
(10, 1, 30)
(10, 2, 28)
(10, 3, 27)
(10, 4, 26)
(10, 5, 26)
(10, 6, 23)
(10, 7, 20)
(10, 8, 17)
(10, 9, 17)
(10, 10, 16)
(10, 11, 15)
(10, 12, 14)
(10, 13, 14)
(10, 14, 13)
(10, 15, 12)
(10, 16, 11)
(10, 17, 10)
(10, 18, 10)
(10, 19, 10)
(10, 20, 9)
(10, 21, 8)
(10, 22, 8)
(10, 23, 7)
(10, 24, 7)
(10, 25, 5)
(10, 26, 5)
(10, 27, 4)
(10, 28, 4)
(10, 29, 4)
(10, 30, 4)
(10, 31, 4)
(10, 32, 4)
(10, 33, 3)
(10, 34, 3)
(10, 35, 3)
(10, 36, 3)
(10, 37, 3)
(10, 38, 3)
(10, 39, 3)

(11, 0, 78)
(11, 1, 30)
(11, 2, 28)
(11, 3, 27)
(11, 4, 26)
(11, 5, 26)
(11, 6, 23)
(11, 7, 20)
(11, 8, 17)
(11, 9, 17)
(11, 10, 16)
(11, 11, 15)
(11, 12, 14)
(11, 13, 14)
(11, 14, 13)
(11, 15, 12)
(11, 16, 11)
(11, 17, 10)
(11, 18, 10)
(11, 19, 10)
(11, 20, 9)
(11, 21, 8)
(11, 22, 8)
(11, 23, 7)
(11, 24, 7)
(11, 25, 5)
(11, 26, 5)
(11, 27, 4)
(11, 28, 4)
(11, 29, 4)
(11, 30, 4)
(11, 31, 4)
(11, 32, 4)
(11, 33, 3)
(11, 34, 3)
(11, 35, 3)
(11, 36, 3)
(11, 37, 3)
(11, 38, 3)
(11, 39, 3)

(12, 0, 78)
(12, 1, 30)
(12, 2, 28)
(12, 3, 27)
(12, 4, 26)
(12, 5, 26)
(12, 6, 23)
(12, 7, 20)
(12, 8, 17)
(12, 9, 17)
(12, 10, 16)
(12, 11, 15)
(12, 12, 14)
(12, 13, 14)
(12, 14, 13)
(12, 15, 12)
(12, 16, 11)
(12, 17, 10)
(12, 18, 10)
(12, 19, 10)
(12, 20, 9)
(12, 21, 8)
(12, 22, 8)
(12, 23, 7)
(12, 24, 7)
(12, 25, 5)
(12, 26, 5)
(12, 27, 4)
(12, 28, 4)
(12, 29, 4)
(12, 30, 4)
(12, 31, 4)
(12, 32, 4)
(12, 33, 3)
(12, 34, 3)
(12, 35, 3)
(12, 36, 3)
(12, 37, 3)
(12, 38, 3)
(12, 39, 3)

(13, 0, 78)
(13, 1, 30)
(13, 2, 28)
(13, 3, 27)
(13, 4, 26)
(13, 5, 26)
(13, 6, 23)
(13, 7, 20)
(13, 8, 17)
(13, 9, 17)
(13, 10, 16)
(13, 11, 15)
(13, 12, 14)
(13, 13, 14)
(13, 14, 13)
(13, 15, 12)
(13, 16, 11)
(13, 17, 10)
(13, 18, 10)
(13, 19, 10)
(13, 20, 9)
(13, 21, 8)
(13, 22, 8)
(13, 23, 7)
(13, 24, 7)
(13, 25, 5)
(13, 26, 5)
(13, 27, 4)
(13, 28, 4)
(13, 29, 4)
(13, 30, 4)
(13, 31, 4)
(13, 32, 4)
(13, 33, 3)
(13, 34, 3)
(13, 35, 3)
(13, 36, 3)
(13, 37, 3)
(13, 38, 3)
(13, 39, 3)

(14, 0, 78)
(14, 1, 30)
(14, 2, 28)
(14, 3, 27)
(14, 4, 26)
(14, 5, 26)
(14, 6, 23)
(14, 7, 20)
(14, 8, 17)
(14, 9, 17)
(14, 10, 16)
(14, 11, 15)
(14, 12, 14)
(14, 13, 14)
(14, 14, 13)
(14, 15, 12)
(14, 16, 11)
(14, 17, 10)
(14, 18, 10)
(14, 19, 10)
(14, 20, 9)
(14, 21, 8)
(14, 22, 8)
(14, 23, 7)
(14, 24, 7)
(14, 25, 5)
(14, 26, 5)
(14, 27, 4)
(14, 28, 4)
(14, 29, 4)
(14, 30, 4)
(14, 31, 4)
(14, 32, 4)
(14, 33, 3)
(14, 34, 3)
(14, 35, 3)
(14, 36, 3)
(14, 37, 3)
(14, 38, 3)
(14, 39, 3)

(15, 0, 78)
(15, 1, 30)
(15, 2, 28)
(15, 3, 27)
(15, 4, 26)
(15, 5, 26)
(15, 6, 23)
(15, 7, 20)
(15, 8, 17)
(15, 9, 17)
(15, 10, 16)
(15, 11, 15)
(15, 12, 14)
(15, 13, 14)
(15, 14, 13)
(15, 15, 12)
(15, 16, 11)
(15, 17, 10)
(15, 18, 10)
(15, 19, 10)
(15, 20, 9)
(15, 21, 8)
(15, 22, 8)
(15, 23, 7)
(15, 24, 7)
(15, 25, 5)
(15, 26, 5)
(15, 27, 4)
(15, 28, 4)
(15, 29, 4)
(15, 30, 4)
(15, 31, 4)
(15, 32, 4)
(15, 33, 3)
(15, 34, 3)
(15, 35, 3)
(15, 36, 3)
(15, 37, 3)
(15, 38, 3)
(15, 39, 3)

(16, 0, 79)
(16, 1, 31)
(16, 2, 29)
(16, 3, 28)
(16, 4, 27)
(16, 5, 27)
(16, 6, 24)
(16, 7, 21)
(16, 8, 18)
(16, 9, 18)
(16, 10, 17)
(16, 11, 16)
(16, 12, 15)
(16, 13, 15)
(16, 14, 14)
(16, 15, 13)
(16, 16, 12)
(16, 17, 11)
(16, 18, 11)
(16, 19, 11)
(16, 20, 10)
(16, 21, 9)
(16, 22, 9)
(16, 23, 8)
(16, 24, 8)
(16, 25, 6)
(16, 26, 6)
(16, 27, 5)
(16, 28, 5)
(16, 29, 5)
(16, 30, 5)
(16, 31, 5)
(16, 32, 5)
(16, 33, 4)
(16, 34, 4)
(16, 35, 4)
(16, 36, 4)
(16, 37, 4)
(16, 38, 4)
(16, 39, 4)

(17, 0, 80)
(17, 1, 32)
(17, 2, 30)
(17, 3, 29)
(17, 4, 28)
(17, 5, 28)
(17, 6, 25)
(17, 7, 22)
(17, 8, 19)
(17, 9, 19)
(17, 10, 18)
(17, 11, 16)
(17, 12, 15)
(17, 13, 15)
(17, 14, 14)
(17, 15, 13)
(17, 16, 12)
(17, 17, 11)
(17, 18, 11)
(17, 19, 11)
(17, 20, 10)
(17, 21, 9)
(17, 22, 9)
(17, 23, 8)
(17, 24, 8)
(17, 25, 6)
(17, 26, 6)
(17, 27, 5)
(17, 28, 5)
(17, 29, 5)
(17, 30, 5)
(17, 31, 5)
(17, 32, 5)
(17, 33, 4)
(17, 34, 4)
(17, 35, 4)
(17, 36, 4)
(17, 37, 4)
(17, 38, 4)
(17, 39, 4)

(18, 0, 80)
(18, 1, 32)
(18, 2, 30)
(18, 3, 29)
(18, 4, 28)
(18, 5, 28)
(18, 6, 25)
(18, 7, 22)
(18, 8, 19)
(18, 9, 19)
(18, 10, 18)
(18, 11, 16)
(18, 12, 15)
(18, 13, 15)
(18, 14, 14)
(18, 15, 13)
(18, 16, 12)
(18, 17, 11)
(18, 18, 11)
(18, 19, 11)
(18, 20, 10)
(18, 21, 9)
(18, 22, 9)
(18, 23, 8)
(18, 24, 8)
(18, 25, 6)
(18, 26, 6)
(18, 27, 5)
(18, 28, 5)
(18, 29, 5)
(18, 30, 5)
(18, 31, 5)
(18, 32, 5)
(18, 33, 4)
(18, 34, 4)
(18, 35, 4)
(18, 36, 4)
(18, 37, 4)
(18, 38, 4)
(18, 39, 4)

(19, 0, 84)
(19, 1, 34)
(19, 2, 32)
(19, 3, 31)
(19, 4, 30)
(19, 5, 30)
(19, 6, 27)
(19, 7, 24)
(19, 8, 21)
(19, 9, 21)
(19, 10, 20)
(19, 11, 18)
(19, 12, 16)
(19, 13, 16)
(19, 14, 15)
(19, 15, 14)
(19, 16, 13)
(19, 17, 12)
(19, 18, 12)
(19, 19, 12)
(19, 20, 11)
(19, 21, 10)
(19, 22, 10)
(19, 23, 9)
(19, 24, 9)
(19, 25, 7)
(19, 26, 7)
(19, 27, 6)
(19, 28, 6)
(19, 29, 6)
(19, 30, 6)
(19, 31, 6)
(19, 32, 6)
(19, 33, 5)
(19, 34, 5)
(19, 35, 5)
(19, 36, 5)
(19, 37, 5)
(19, 38, 5)
(19, 39, 5)

(20, 0, 86)
(20, 1, 36)
(20, 2, 34)
(20, 3, 33)
(20, 4, 32)
(20, 5, 32)
(20, 6, 29)
(20, 7, 26)
(20, 8, 23)
(20, 9, 23)
(20, 10, 22)
(20, 11, 20)
(20, 12, 18)
(20, 13, 18)
(20, 14, 17)
(20, 15, 16)
(20, 16, 15)
(20, 17, 14)
(20, 18, 14)
(20, 19, 14)
(20, 20, 13)
(20, 21, 12)
(20, 22, 12)
(20, 23, 11)
(20, 24, 11)
(20, 25, 9)
(20, 26, 9)
(20, 27, 8)
(20, 28, 8)
(20, 29, 8)
(20, 30, 8)
(20, 31, 8)
(20, 32, 8)
(20, 33, 7)
(20, 34, 7)
(20, 35, 7)
(20, 36, 6)
(20, 37, 6)
(20, 38, 6)
(20, 39, 6)

(21, 0, 106)
(21, 1, 41)
(21, 2, 38)
(21, 3, 37)
(21, 4, 36)
(21, 5, 36)
(21, 6, 32)
(21, 7, 29)
(21, 8, 26)
(21, 9, 26)
(21, 10, 25)
(21, 11, 22)
(21, 12, 19)
(21, 13, 19)
(21, 14, 18)
(21, 15, 17)
(21, 16, 16)
(21, 17, 15)
(21, 18, 15)
(21, 19, 15)
(21, 20, 14)
(21, 21, 13)
(21, 22, 13)
(21, 23, 12)
(21, 24, 12)
(21, 25, 10)
(21, 26, 10)
(21, 27, 9)
(21, 28, 9)
(21, 29, 9)
(21, 30, 9)
(21, 31, 9)
(21, 32, 9)
(21, 33, 8)
(21, 34, 8)
(21, 35, 8)
(21, 36, 7)
(21, 37, 7)
(21, 38, 7)
(21, 39, 7)

(22, 0, 126)
(22, 1, 45)
(22, 2, 42)
(22, 3, 40)
(22, 4, 39)
(22, 5, 39)
(22, 6, 35)
(22, 7, 32)
(22, 8, 28)
(22, 9, 28)
(22, 10, 27)
(22, 11, 24)
(22, 12, 21)
(22, 13, 21)
(22, 14, 20)
(22, 15, 18)
(22, 16, 17)
(22, 17, 16)
(22, 18, 16)
(22, 19, 16)
(22, 20, 15)
(22, 21, 14)
(22, 22, 14)
(22, 23, 13)
(22, 24, 13)
(22, 25, 11)
(22, 26, 11)
(22, 27, 10)
(22, 28, 10)
(22, 29, 10)
(22, 30, 10)
(22, 31, 10)
(22, 32, 10)
(22, 33, 8)
(22, 34, 8)
(22, 35, 8)
(22, 36, 8)
(22, 37, 8)
(22, 38, 8)
(22, 39, 8)

(23, 0, 134)
(23, 1, 48)
(23, 2, 45)
(23, 3, 43)
(23, 4, 42)
(23, 5, 42)
(23, 6, 38)
(23, 7, 35)
(23, 8, 30)
(23, 9, 30)
(23, 10, 29)
(23, 11, 26)
(23, 12, 23)
(23, 13, 23)
(23, 14, 22)
(23, 15, 20)
(23, 16, 19)
(23, 17, 17)
(23, 18, 17)
(23, 19, 17)
(23, 20, 16)
(23, 21, 15)
(23, 22, 15)
(23, 23, 14)
(23, 24, 14)
(23, 25, 12)
(23, 26, 12)
(23, 27, 11)
(23, 28, 11)
(23, 29, 11)
(23, 30, 11)
(23, 31, 11)
(23, 32, 11)
(23, 33, 9)
(23, 34, 9)
(23, 35, 9)
(23, 36, 9)
(23, 37, 9)
(23, 38, 9)
(23, 39, 8)

(24, 0, 145)
(24, 1, 52)
(24, 2, 49)
(24, 3, 47)
(24, 4, 46)
(24, 5, 46)
(24, 6, 42)
(24, 7, 39)
(24, 8, 34)
(24, 9, 34)
(24, 10, 33)
(24, 11, 29)
(24, 12, 26)
(24, 13, 26)
(24, 14, 25)
(24, 15, 23)
(24, 16, 22)
(24, 17, 19)
(24, 18, 19)
(24, 19, 19)
(24, 20, 17)
(24, 21, 16)
(24, 22, 16)
(24, 23, 15)
(24, 24, 15)
(24, 25, 13)
(24, 26, 13)
(24, 27, 12)
(24, 28, 12)
(24, 29, 12)
(24, 30, 12)
(24, 31, 12)
(24, 32, 12)
(24, 33, 10)
(24, 34, 10)
(24, 35, 10)
(24, 36, 10)
(24, 37, 10)
(24, 38, 10)
(24, 39, 9)

(25, 0, 152)
(25, 1, 56)
(25, 2, 52)
(25, 3, 50)
(25, 4, 49)
(25, 5, 49)
(25, 6, 45)
(25, 7, 42)
(25, 8, 36)
(25, 9, 36)
(25, 10, 35)
(25, 11, 31)
(25, 12, 28)
(25, 13, 28)
(25, 14, 26)
(25, 15, 24)
(25, 16, 23)
(25, 17, 20)
(25, 18, 20)
(25, 19, 20)
(25, 20, 18)
(25, 21, 17)
(25, 22, 17)
(25, 23, 16)
(25, 24, 16)
(25, 25, 14)
(25, 26, 14)
(25, 27, 12)
(25, 28, 12)
(25, 29, 12)
(25, 30, 12)
(25, 31, 12)
(25, 32, 12)
(25, 33, 10)
(25, 34, 10)
(25, 35, 10)
(25, 36, 10)
(25, 37, 10)
(25, 38, 10)
(25, 39, 9)

(26, 0, 164)
(26, 1, 65)
(26, 2, 60)
(26, 3, 58)
(26, 4, 56)
(26, 5, 56)
(26, 6, 51)
(26, 7, 48)
(26, 8, 42)
(26, 9, 42)
(26, 10, 40)
(26, 11, 36)
(26, 12, 33)
(26, 13, 33)
(26, 14, 30)
(26, 15, 28)
(26, 16, 26)
(26, 17, 23)
(26, 18, 23)
(26, 19, 23)
(26, 20, 20)
(26, 21, 19)
(26, 22, 19)
(26, 23, 18)
(26, 24, 17)
(26, 25, 15)
(26, 26, 15)
(26, 27, 13)
(26, 28, 13)
(26, 29, 13)
(26, 30, 13)
(26, 31, 13)
(26, 32, 13)
(26, 33, 11)
(26, 34, 11)
(26, 35, 11)
(26, 36, 11)
(26, 37, 11)
(26, 38, 11)
(26, 39, 9)

(27, 0, 166)
(27, 1, 67)
(27, 2, 62)
(27, 3, 60)
(27, 4, 58)
(27, 5, 58)
(27, 6, 53)
(27, 7, 50)
(27, 8, 44)
(27, 9, 44)
(27, 10, 42)
(27, 11, 38)
(27, 12, 35)
(27, 13, 34)
(27, 14, 31)
(27, 15, 29)
(27, 16, 27)
(27, 17, 24)
(27, 18, 24)
(27, 19, 24)
(27, 20, 21)
(27, 21, 20)
(27, 22, 19)
(27, 23, 18)
(27, 24, 17)
(27, 25, 15)
(27, 26, 15)
(27, 27, 13)
(27, 28, 13)
(27, 29, 13)
(27, 30, 13)
(27, 31, 13)
(27, 32, 13)
(27, 33, 11)
(27, 34, 11)
(27, 35, 11)
(27, 36, 11)
(27, 37, 11)
(27, 38, 11)
(27, 39, 9)

(28, 0, 193)
(28, 1, 77)
(28, 2, 72)
(28, 3, 70)
(28, 4, 66)
(28, 5, 66)
(28, 6, 61)
(28, 7, 58)
(28, 8, 52)
(28, 9, 52)
(28, 10, 50)
(28, 11, 45)
(28, 12, 41)
(28, 13, 40)
(28, 14, 37)
(28, 15, 35)
(28, 16, 32)
(28, 17, 29)
(28, 18, 29)
(28, 19, 29)
(28, 20, 26)
(28, 21, 24)
(28, 22, 24)
(28, 23, 22)
(28, 24, 21)
(28, 25, 18)
(28, 26, 18)
(28, 27, 15)
(28, 28, 15)
(28, 29, 15)
(28, 30, 15)
(28, 31, 15)
(28, 32, 15)
(28, 33, 13)
(28, 34, 13)
(28, 35, 13)
(28, 36, 13)
(28, 37, 13)
(28, 38, 13)
(28, 39, 10)

(29, 0, 198)
(29, 1, 82)
(29, 2, 76)
(29, 3, 74)
(29, 4, 70)
(29, 5, 70)
(29, 6, 64)
(29, 7, 60)
(29, 8, 53)
(29, 9, 53)
(29, 10, 50)
(29, 11, 46)
(29, 12, 42)
(29, 13, 41)
(29, 14, 37)
(29, 15, 35)
(29, 16, 33)
(29, 17, 29)
(29, 18, 29)
(29, 19, 29)
(29, 20, 26)
(29, 21, 24)
(29, 22, 24)
(29, 23, 22)
(29, 24, 21)
(29, 25, 18)
(29, 26, 18)
(29, 27, 15)
(29, 28, 15)
(29, 29, 15)
(29, 30, 15)
(29, 31, 15)
(29, 32, 15)
(29, 33, 13)
(29, 34, 13)
(29, 35, 13)
(29, 36, 13)
(29, 37, 13)
(29, 38, 13)
(29, 39, 10)

(30, 0, 217)
(30, 1, 86)
(30, 2, 80)
(30, 3, 78)
(30, 4, 74)
(30, 5, 73)
(30, 6, 67)
(30, 7, 62)
(30, 8, 55)
(30, 9, 55)
(30, 10, 52)
(30, 11, 48)
(30, 12, 44)
(30, 13, 43)
(30, 14, 39)
(30, 15, 37)
(30, 16, 35)
(30, 17, 31)
(30, 18, 31)
(30, 19, 31)
(30, 20, 28)
(30, 21, 26)
(30, 22, 26)
(30, 23, 24)
(30, 24, 23)
(30, 25, 20)
(30, 26, 19)
(30, 27, 16)
(30, 28, 16)
(30, 29, 16)
(30, 30, 16)
(30, 31, 16)
(30, 32, 16)
(30, 33, 14)
(30, 34, 14)
(30, 35, 14)
(30, 36, 14)
(30, 37, 14)
(30, 38, 14)
(30, 39, 11)

(31, 0, 218)
(31, 1, 86)
(31, 2, 80)
(31, 3, 78)
(31, 4, 74)
(31, 5, 73)
(31, 6, 67)
(31, 7, 62)
(31, 8, 55)
(31, 9, 55)
(31, 10, 52)
(31, 11, 48)
(31, 12, 44)
(31, 13, 43)
(31, 14, 39)
(31, 15, 37)
(31, 16, 35)
(31, 17, 31)
(31, 18, 31)
(31, 19, 31)
(31, 20, 28)
(31, 21, 26)
(31, 22, 26)
(31, 23, 24)
(31, 24, 23)
(31, 25, 20)
(31, 26, 19)
(31, 27, 16)
(31, 28, 16)
(31, 29, 16)
(31, 30, 16)
(31, 31, 16)
(31, 32, 16)
(31, 33, 14)
(31, 34, 14)
(31, 35, 14)
(31, 36, 14)
(31, 37, 14)
(31, 38, 14)
(31, 39, 11)

(32, 0, 222)
(32, 1, 89)
(32, 2, 82)
(32, 3, 80)
(32, 4, 76)
(32, 5, 75)
(32, 6, 69)
(32, 7, 64)
(32, 8, 57)
(32, 9, 57)
(32, 10, 54)
(32, 11, 50)
(32, 12, 46)
(32, 13, 45)
(32, 14, 41)
(32, 15, 39)
(32, 16, 37)
(32, 17, 33)
(32, 18, 33)
(32, 19, 33)
(32, 20, 30)
(32, 21, 28)
(32, 22, 27)
(32, 23, 25)
(32, 24, 24)
(32, 25, 20)
(32, 26, 19)
(32, 27, 16)
(32, 28, 16)
(32, 29, 16)
(32, 30, 16)
(32, 31, 16)
(32, 32, 16)
(32, 33, 14)
(32, 34, 14)
(32, 35, 14)
(32, 36, 14)
(32, 37, 14)
(32, 38, 14)
(32, 39, 11)

(33, 0, 231)
(33, 1, 94)
(33, 2, 87)
(33, 3, 84)
(33, 4, 79)
(33, 5, 78)
(33, 6, 72)
(33, 7, 67)
(33, 8, 60)
(33, 9, 60)
(33, 10, 57)
(33, 11, 53)
(33, 12, 49)
(33, 13, 48)
(33, 14, 44)
(33, 15, 41)
(33, 16, 39)
(33, 17, 35)
(33, 18, 34)
(33, 19, 34)
(33, 20, 29)
(33, 21, 27)
(33, 22, 27)
(33, 23, 25)
(33, 24, 23)
(33, 25, 19)
(33, 26, 18)
(33, 27, 15)
(33, 28, 15)
(33, 29, 15)
(33, 30, 15)
(33, 31, 15)
(33, 32, 15)
(33, 33, 13)
(33, 34, 13)
(33, 35, 13)
(33, 36, 13)
(33, 37, 13)
(33, 38, 13)
(33, 39, 10)

(34, 0, 236)
(34, 1, 98)
(34, 2, 90)
(34, 3, 87)
(34, 4, 81)
(34, 5, 80)
(34, 6, 74)
(34, 7, 69)
(34, 8, 61)
(34, 9, 61)
(34, 10, 57)
(34, 11, 53)
(34, 12, 49)
(34, 13, 48)
(34, 14, 43)
(34, 15, 40)
(34, 16, 38)
(34, 17, 34)
(34, 18, 34)
(34, 19, 34)
(34, 20, 29)
(34, 21, 27)
(34, 22, 27)
(34, 23, 25)
(34, 24, 23)
(34, 25, 19)
(34, 26, 18)
(34, 27, 15)
(34, 28, 15)
(34, 29, 15)
(34, 30, 15)
(34, 31, 15)
(34, 32, 15)
(34, 33, 13)
(34, 34, 13)
(34, 35, 13)
(34, 36, 13)
(34, 37, 13)
(34, 38, 13)
(34, 39, 10)

(35, 0, 238)
(35, 1, 100)
(35, 2, 92)
(35, 3, 89)
(35, 4, 83)
(35, 5, 82)
(35, 6, 76)
(35, 7, 71)
(35, 8, 63)
(35, 9, 63)
(35, 10, 58)
(35, 11, 54)
(35, 12, 50)
(35, 13, 49)
(35, 14, 44)
(35, 15, 41)
(35, 16, 39)
(35, 17, 35)
(35, 18, 35)
(35, 19, 35)
(35, 20, 30)
(35, 21, 28)
(35, 22, 28)
(35, 23, 26)
(35, 24, 24)
(35, 25, 20)
(35, 26, 19)
(35, 27, 16)
(35, 28, 16)
(35, 29, 16)
(35, 30, 16)
(35, 31, 16)
(35, 32, 15)
(35, 33, 13)
(35, 34, 13)
(35, 35, 13)
(35, 36, 13)
(35, 37, 13)
(35, 38, 13)
(35, 39, 9)

(36, 0, 247)
(36, 1, 102)
(36, 2, 94)
(36, 3, 91)
(36, 4, 85)
(36, 5, 84)
(36, 6, 78)
(36, 7, 73)
(36, 8, 65)
(36, 9, 65)
(36, 10, 60)
(36, 11, 56)
(36, 12, 52)
(36, 13, 51)
(36, 14, 46)
(36, 15, 43)
(36, 16, 41)
(36, 17, 36)
(36, 18, 36)
(36, 19, 36)
(36, 20, 31)
(36, 21, 29)
(36, 22, 29)
(36, 23, 27)
(36, 24, 25)
(36, 25, 21)
(36, 26, 20)
(36, 27, 16)
(36, 28, 16)
(36, 29, 16)
(36, 30, 16)
(36, 31, 16)
(36, 32, 15)
(36, 33, 13)
(36, 34, 13)
(36, 35, 13)
(36, 36, 13)
(36, 37, 13)
(36, 38, 13)
(36, 39, 10)

(37, 0, 247)
(37, 1, 102)
(37, 2, 94)
(37, 3, 91)
(37, 4, 85)
(37, 5, 84)
(37, 6, 78)
(37, 7, 73)
(37, 8, 65)
(37, 9, 65)
(37, 10, 60)
(37, 11, 56)
(37, 12, 52)
(37, 13, 51)
(37, 14, 46)
(37, 15, 43)
(37, 16, 41)
(37, 17, 36)
(37, 18, 36)
(37, 19, 36)
(37, 20, 31)
(37, 21, 29)
(37, 22, 29)
(37, 23, 27)
(37, 24, 25)
(37, 25, 21)
(37, 26, 20)
(37, 27, 16)
(37, 28, 16)
(37, 29, 16)
(37, 30, 16)
(37, 31, 16)
(37, 32, 15)
(37, 33, 13)
(37, 34, 13)
(37, 35, 13)
(37, 36, 13)
(37, 37, 13)
(37, 38, 13)
(37, 39, 10)

(38, 0, 250)
(38, 1, 105)
(38, 2, 96)
(38, 3, 93)
(38, 4, 87)
(38, 5, 86)
(38, 6, 80)
(38, 7, 74)
(38, 8, 66)
(38, 9, 66)
(38, 10, 61)
(38, 11, 57)
(38, 12, 53)
(38, 13, 52)
(38, 14, 47)
(38, 15, 44)
(38, 16, 42)
(38, 17, 37)
(38, 18, 37)
(38, 19, 36)
(38, 20, 31)
(38, 21, 29)
(38, 22, 29)
(38, 23, 27)
(38, 24, 24)
(38, 25, 20)
(38, 26, 19)
(38, 27, 16)
(38, 28, 16)
(38, 29, 16)
(38, 30, 16)
(38, 31, 16)
(38, 32, 15)
(38, 33, 13)
(38, 34, 13)
(38, 35, 13)
(38, 36, 13)
(38, 37, 13)
(38, 38, 13)
(38, 39, 10)

(39, 0, 258)
(39, 1, 110)
(39, 2, 100)
(39, 3, 97)
(39, 4, 90)
(39, 5, 89)
(39, 6, 83)
(39, 7, 76)
(39, 8, 68)
(39, 9, 68)
(39, 10, 63)
(39, 11, 59)
(39, 12, 55)
(39, 13, 54)
(39, 14, 48)
(39, 15, 45)
(39, 16, 43)
(39, 17, 38)
(39, 18, 38)
(39, 19, 37)
(39, 20, 32)
(39, 21, 30)
(39, 22, 30)
(39, 23, 28)
(39, 24, 25)
(39, 25, 20)
(39, 26, 19)
(39, 27, 15)
(39, 28, 15)
(39, 29, 15)
(39, 30, 15)
(39, 31, 15)
(39, 32, 14)
(39, 33, 12)
(39, 34, 12)
(39, 35, 12)
(39, 36, 12)
(39, 37, 12)
(39, 38, 12)
(39, 39, 9)


Betti numbers:
xi_0:
(0, 0, 19)
(1, 0, 10)
(2, 0, 3)
(3, 0, 14)
(4, 0, 2)
(5, 0, 13)
(6, 0, 5)
(7, 0, 4)
(8, 0, 1)
(9, 0, 7)
(16, 0, 1)
(17, 0, 1)
(19, 0, 4)
(20, 0, 2)
(21, 0, 20)
(22, 0, 20)
(23, 0, 8)
(24, 0, 11)
(25, 0, 7)
(26, 0, 12)
(27, 0, 2)
(28, 0, 27)
(29, 0, 5)
(30, 0, 19)
(31, 0, 1)
(32, 0, 4)
(33, 0, 9)
(34, 0, 5)
(35, 0, 2)
(36, 0, 9)
(38, 0, 3)
(39, 0, 8)
xi_1:
(0, 1, 17)
(1, 1, 3)
(1, 2, 2)
(1, 8, 1)
(1, 11, 1)
(1, 17, 1)
(1, 27, 1)
(2, 6, 1)
(2, 10, 1)
(2, 36, 1)
(3, 1, 12)
(3, 6, 1)
(3, 10, 1)
(3, 15, 1)
(3, 16, 1)
(4, 1, 1)
(4, 3, 1)
(5, 1, 9)
(5, 4, 1)
(5, 7, 1)
(5, 21, 1)
(5, 33, 1)
(6, 1, 2)
(6, 23, 1)
(6, 25, 1)
(6, 27, 1)
(7, 1, 2)
(7, 7, 1)
(7, 25, 1)
(8, 19, 1)
(9, 1, 2)
(9, 6, 1)
(9, 7, 1)
(9, 8, 2)
(9, 12, 1)
(9, 14, 1)
(9, 20, 1)
(17, 11, 1)
(19, 1, 2)
(19, 12, 1)
(20, 36, 1)
(21, 1, 15)
(21, 2, 1)
(21, 6, 1)
(21, 11, 1)
(21, 12, 1)
(22, 1, 16)
(22, 3, 1)
(22, 8, 1)
(22, 15, 1)
(22, 33, 1)
(23, 1, 5)
(23, 8, 1)
(23, 17, 1)
(23, 39, 1)
(24, 1, 7)
(24, 11, 1)
(24, 17, 1)
(24, 20, 1)
(25, 1, 3)
(25, 2, 1)
(25, 8, 1)
(25, 14, 1)
(25, 27, 1)
(26, 1, 3)
(26, 2, 1)
(26, 4, 1)
(26, 6, 1)
(26, 10, 1)
(26, 14, 1)
(26, 16, 1)
(26, 20, 2)
(26, 24, 1)
(26, 39, 1)
(27, 13, 1)
(27, 22, 1)
(28, 1, 17)
(28, 4, 2)
(28, 11, 1)
(28, 12, 1)
(28, 16, 1)
(28, 21, 1)
(28, 23, 1)
(28, 25, 1)
(28, 27, 1)
(28, 39, 1)
(29, 2, 1)
(29, 6, 1)
(29, 7, 1)
(29, 8, 1)
(29, 10, 1)
(29, 14, 1)
(29, 17, 1)
(30, 1, 15)
(30, 5, 1)
(30, 7, 1)
(30, 26, 1)
(31, 1, 1)
(32, 1, 1)
(32, 2, 1)
(32, 22, 1)
(32, 25, 1)
(33, 1, 4)
(33, 3, 1)
(33, 4, 1)
(33, 15, 1)
(33, 18, 1)
(33, 20, 2)
(33, 24, 1)
(34, 1, 1)
(34, 2, 1)
(34, 4, 1)
(34, 8, 1)
(34, 10, 1)
(34, 14, 1)
(35, 10, 1)
(35, 32, 1)
(35, 39, 1)
(36, 1, 7)
(36, 17, 1)
(36, 27, 1)
(38, 2, 1)
(38, 7, 1)
(38, 19, 1)
(38, 24, 1)
(39, 1, 3)
(39, 2, 1)
(39, 4, 1)
(39, 7, 1)
(39, 14, 1)
(39, 25, 1)
(39, 27, 1)
xi_2:
(3, 10, 1)
(3, 27, 1)
(5, 36, 1)
(9, 19, 1)
(22, 36, 1)
(26, 20, 1)
(28, 22, 1)
(29, 11, 1)
(29, 16, 1)
(33, 22, 1)
(34, 18, 1)
(36, 39, 1)
(38, 27, 1)
