x-grades
-9620709739626561007/4000000000000000000
-4710345792638581007/2000000000000000000
-9220673430927763021/4000000000000000000
-2255163819144591007/1000000000000000000
-1764127424445793007/800000000000000000
-4310309483939783021/2000000000000000000
-8420600813530167049/4000000000000000000
-1027572832397596007/500000000000000000
-8020564504831369063/4000000000000000000
-782054635048197007/400000000000000000
-7620528196132571077/4000000000000000000
-1855127510445793021/1000000000000000000
-7220491887433773091/4000000000000000000
-3510236866542187049/2000000000000000000
-1364091115746995021/800000000000000000
-413777339024098507/250000000000000000
-6420419270036177119/4000000000000000000
-3110200557843389063/2000000000000000000
-6020382961337379133/4000000000000000000
-291018240349399007/200000000000000000
-5620346652638581147/4000000000000000000
-2710164249144591077/2000000000000000000
-5220310343939783161/4000000000000000000
-627536523698798021/500000000000000000
-192810961409639407/160000000000000000
-2310127940445793091/2000000000000000000
-4420237726542187189/4000000000000000000
-1055054893048197049/1000000000000000000
-4020201417843389203/4000000000000000000
-382018326349399021/400000000000000000
-3620165109144591217/4000000000000000000
-106879592337349757/125000000000000000
-3220128800445793231/4000000000000000000
-1510055323048197119/2000000000000000000
-564018498349399049/800000000000000000
-655018584349399063/1000000000000000000
-2420056183048197259/4000000000000000000
-1110019014349399133/2000000000000000000
-2020019874349399273/4000000000000000000
-45500043000000007/100000000000000000

y-grades
9998509/40000000
9998509/20000000
29995527/40000000
9998509/10000000
9998509/8000000
29995527/20000000
69989563/40000000
9998509/5000000
89986581/40000000
9998509/4000000
109983599/40000000
29995527/10000000
129980617/40000000
69989563/20000000
29995527/8000000
9998509/2500000
169974653/40000000
89986581/20000000
189971671/40000000
9998509/2000000
209968689/40000000
109983599/20000000
229965707/40000000
29995527/5000000
9998509/1600000
129980617/20000000
269959743/40000000
69989563/10000000
289956761/40000000
29995527/4000000
309953779/40000000
9998509/1250000
329950797/40000000
169974653/20000000
69989563/8000000
89986581/10000000
369944833/40000000
189971671/20000000
389941851/40000000
9998509/1000000

Dimensions > 0:
(0, 0, 1)
(0, 1, 1)
(0, 2, 1)
(0, 3, 1)
(0, 4, 1)
(0, 5, 1)
(0, 6, 1)
(0, 7, 1)
(0, 8, 1)
(0, 9, 1)
(0, 10, 1)
(0, 11, 1)
(0, 12, 1)
(0, 13, 1)
(0, 14, 1)
(0, 15, 1)
(0, 16, 1)
(0, 17, 1)
(0, 18, 1)
(0, 19, 1)
(0, 20, 1)
(0, 21, 1)
(0, 22, 1)
(0, 23, 1)
(0, 24, 1)
(0, 25, 1)
(0, 26, 1)
(0, 27, 1)
(0, 28, 1)
(0, 29, 1)
(0, 30, 1)
(0, 31, 1)
(0, 32, 1)
(0, 33, 1)
(0, 34, 1)
(0, 35, 1)
(0, 36, 1)
(0, 37, 1)
(0, 38, 1)
(0, 39, 1)

(1, 0, 4)
(1, 1, 4)
(1, 2, 4)
(1, 3, 4)
(1, 4, 4)
(1, 5, 4)
(1, 6, 4)
(1, 7, 4)
(1, 8, 3)
(1, 9, 3)
(1, 10, 3)
(1, 11, 3)
(1, 12, 3)
(1, 13, 3)
(1, 14, 3)
(1, 15, 3)
(1, 16, 3)
(1, 17, 3)
(1, 18, 3)
(1, 19, 3)
(1, 20, 3)
(1, 21, 3)
(1, 22, 3)
(1, 23, 3)
(1, 24, 3)
(1, 25, 3)
(1, 26, 3)
(1, 27, 3)
(1, 28, 3)
(1, 29, 3)
(1, 30, 3)
(1, 31, 3)
(1, 32, 3)
(1, 33, 3)
(1, 34, 3)
(1, 35, 3)
(1, 36, 2)
(1, 37, 2)
(1, 38, 2)
(1, 39, 2)

(2, 0, 8)
(2, 1, 8)
(2, 2, 8)
(2, 3, 8)
(2, 4, 8)
(2, 5, 8)
(2, 6, 8)
(2, 7, 8)
(2, 8, 6)
(2, 9, 6)
(2, 10, 6)
(2, 11, 6)
(2, 12, 5)
(2, 13, 5)
(2, 14, 5)
(2, 15, 5)
(2, 16, 5)
(2, 17, 5)
(2, 18, 5)
(2, 19, 5)
(2, 20, 5)
(2, 21, 5)
(2, 22, 5)
(2, 23, 5)
(2, 24, 5)
(2, 25, 5)
(2, 26, 5)
(2, 27, 5)
(2, 28, 5)
(2, 29, 5)
(2, 30, 5)
(2, 31, 5)
(2, 32, 5)
(2, 33, 5)
(2, 34, 5)
(2, 35, 5)
(2, 36, 3)
(2, 37, 3)
(2, 38, 3)
(2, 39, 3)

(3, 0, 27)
(3, 1, 26)
(3, 2, 26)
(3, 3, 26)
(3, 4, 26)
(3, 5, 26)
(3, 6, 26)
(3, 7, 26)
(3, 8, 20)
(3, 9, 17)
(3, 10, 16)
(3, 11, 13)
(3, 12, 9)
(3, 13, 9)
(3, 14, 9)
(3, 15, 9)
(3, 16, 9)
(3, 17, 9)
(3, 18, 9)
(3, 19, 7)
(3, 20, 7)
(3, 21, 7)
(3, 22, 7)
(3, 23, 7)
(3, 24, 7)
(3, 25, 7)
(3, 26, 7)
(3, 27, 7)
(3, 28, 6)
(3, 29, 6)
(3, 30, 6)
(3, 31, 6)
(3, 32, 6)
(3, 33, 6)
(3, 34, 6)
(3, 35, 6)
(3, 36, 4)
(3, 37, 4)
(3, 38, 4)
(3, 39, 4)

(4, 0, 37)
(4, 1, 35)
(4, 2, 35)
(4, 3, 34)
(4, 4, 34)
(4, 5, 34)
(4, 6, 34)
(4, 7, 34)
(4, 8, 28)
(4, 9, 23)
(4, 10, 22)
(4, 11, 14)
(4, 12, 9)
(4, 13, 9)
(4, 14, 9)
(4, 15, 9)
(4, 16, 9)
(4, 17, 9)
(4, 18, 9)
(4, 19, 8)
(4, 20, 7)
(4, 21, 7)
(4, 22, 7)
(4, 23, 7)
(4, 24, 7)
(4, 25, 7)
(4, 26, 7)
(4, 27, 7)
(4, 28, 6)
(4, 29, 6)
(4, 30, 6)
(4, 31, 6)
(4, 32, 6)
(4, 33, 6)
(4, 34, 6)
(4, 35, 6)
(4, 36, 4)
(4, 37, 4)
(4, 38, 4)
(4, 39, 4)

(5, 0, 44)
(5, 1, 41)
(5, 2, 41)
(5, 3, 40)
(5, 4, 40)
(5, 5, 40)
(5, 6, 40)
(5, 7, 40)
(5, 8, 32)
(5, 9, 27)
(5, 10, 26)
(5, 11, 18)
(5, 12, 12)
(5, 13, 12)
(5, 14, 12)
(5, 15, 12)
(5, 16, 12)
(5, 17, 12)
(5, 18, 12)
(5, 19, 11)
(5, 20, 9)
(5, 21, 9)
(5, 22, 9)
(5, 23, 9)
(5, 24, 9)
(5, 25, 8)
(5, 26, 8)
(5, 27, 8)
(5, 28, 6)
(5, 29, 6)
(5, 30, 6)
(5, 31, 6)
(5, 32, 6)
(5, 33, 6)
(5, 34, 6)
(5, 35, 6)
(5, 36, 4)
(5, 37, 4)
(5, 38, 4)
(5, 39, 4)

(6, 0, 49)
(6, 1, 45)
(6, 2, 45)
(6, 3, 44)
(6, 4, 44)
(6, 5, 44)
(6, 6, 44)
(6, 7, 44)
(6, 8, 36)
(6, 9, 31)
(6, 10, 30)
(6, 11, 21)
(6, 12, 15)
(6, 13, 15)
(6, 14, 13)
(6, 15, 13)
(6, 16, 13)
(6, 17, 13)
(6, 18, 12)
(6, 19, 10)
(6, 20, 9)
(6, 21, 9)
(6, 22, 9)
(6, 23, 9)
(6, 24, 9)
(6, 25, 8)
(6, 26, 8)
(6, 27, 8)
(6, 28, 6)
(6, 29, 6)
(6, 30, 6)
(6, 31, 6)
(6, 32, 6)
(6, 33, 6)
(6, 34, 6)
(6, 35, 6)
(6, 36, 4)
(6, 37, 4)
(6, 38, 4)
(6, 39, 4)

(7, 0, 51)
(7, 1, 47)
(7, 2, 47)
(7, 3, 46)
(7, 4, 46)
(7, 5, 46)
(7, 6, 46)
(7, 7, 46)
(7, 8, 38)
(7, 9, 33)
(7, 10, 32)
(7, 11, 21)
(7, 12, 15)
(7, 13, 15)
(7, 14, 13)
(7, 15, 13)
(7, 16, 13)
(7, 17, 13)
(7, 18, 12)
(7, 19, 10)
(7, 20, 9)
(7, 21, 9)
(7, 22, 9)
(7, 23, 9)
(7, 24, 9)
(7, 25, 8)
(7, 26, 8)
(7, 27, 8)
(7, 28, 6)
(7, 29, 6)
(7, 30, 6)
(7, 31, 6)
(7, 32, 6)
(7, 33, 6)
(7, 34, 6)
(7, 35, 6)
(7, 36, 4)
(7, 37, 4)
(7, 38, 4)
(7, 39, 4)

(8, 0, 51)
(8, 1, 47)
(8, 2, 47)
(8, 3, 46)
(8, 4, 46)
(8, 5, 46)
(8, 6, 46)
(8, 7, 46)
(8, 8, 38)
(8, 9, 33)
(8, 10, 32)
(8, 11, 21)
(8, 12, 15)
(8, 13, 15)
(8, 14, 13)
(8, 15, 13)
(8, 16, 13)
(8, 17, 13)
(8, 18, 12)
(8, 19, 10)
(8, 20, 9)
(8, 21, 9)
(8, 22, 9)
(8, 23, 9)
(8, 24, 9)
(8, 25, 8)
(8, 26, 8)
(8, 27, 8)
(8, 28, 6)
(8, 29, 6)
(8, 30, 6)
(8, 31, 6)
(8, 32, 6)
(8, 33, 6)
(8, 34, 6)
(8, 35, 6)
(8, 36, 4)
(8, 37, 4)
(8, 38, 4)
(8, 39, 4)

(9, 0, 51)
(9, 1, 47)
(9, 2, 47)
(9, 3, 46)
(9, 4, 46)
(9, 5, 46)
(9, 6, 46)
(9, 7, 46)
(9, 8, 38)
(9, 9, 33)
(9, 10, 32)
(9, 11, 21)
(9, 12, 15)
(9, 13, 15)
(9, 14, 13)
(9, 15, 13)
(9, 16, 13)
(9, 17, 13)
(9, 18, 12)
(9, 19, 10)
(9, 20, 9)
(9, 21, 9)
(9, 22, 9)
(9, 23, 9)
(9, 24, 9)
(9, 25, 8)
(9, 26, 8)
(9, 27, 8)
(9, 28, 6)
(9, 29, 6)
(9, 30, 6)
(9, 31, 6)
(9, 32, 6)
(9, 33, 6)
(9, 34, 6)
(9, 35, 6)
(9, 36, 4)
(9, 37, 4)
(9, 38, 4)
(9, 39, 4)

(10, 0, 51)
(10, 1, 47)
(10, 2, 47)
(10, 3, 46)
(10, 4, 46)
(10, 5, 46)
(10, 6, 46)
(10, 7, 46)
(10, 8, 38)
(10, 9, 33)
(10, 10, 32)
(10, 11, 21)
(10, 12, 15)
(10, 13, 15)
(10, 14, 13)
(10, 15, 13)
(10, 16, 13)
(10, 17, 13)
(10, 18, 12)
(10, 19, 10)
(10, 20, 9)
(10, 21, 9)
(10, 22, 9)
(10, 23, 9)
(10, 24, 9)
(10, 25, 8)
(10, 26, 8)
(10, 27, 8)
(10, 28, 6)
(10, 29, 6)
(10, 30, 6)
(10, 31, 6)
(10, 32, 6)
(10, 33, 6)
(10, 34, 6)
(10, 35, 6)
(10, 36, 4)
(10, 37, 4)
(10, 38, 4)
(10, 39, 4)

(11, 0, 51)
(11, 1, 47)
(11, 2, 47)
(11, 3, 46)
(11, 4, 46)
(11, 5, 46)
(11, 6, 46)
(11, 7, 46)
(11, 8, 38)
(11, 9, 33)
(11, 10, 32)
(11, 11, 21)
(11, 12, 15)
(11, 13, 15)
(11, 14, 13)
(11, 15, 13)
(11, 16, 13)
(11, 17, 13)
(11, 18, 12)
(11, 19, 10)
(11, 20, 9)
(11, 21, 9)
(11, 22, 9)
(11, 23, 9)
(11, 24, 9)
(11, 25, 8)
(11, 26, 8)
(11, 27, 8)
(11, 28, 6)
(11, 29, 6)
(11, 30, 6)
(11, 31, 6)
(11, 32, 6)
(11, 33, 6)
(11, 34, 6)
(11, 35, 6)
(11, 36, 4)
(11, 37, 4)
(11, 38, 4)
(11, 39, 4)

(12, 0, 51)
(12, 1, 47)
(12, 2, 47)
(12, 3, 46)
(12, 4, 46)
(12, 5, 46)
(12, 6, 46)
(12, 7, 46)
(12, 8, 38)
(12, 9, 33)
(12, 10, 32)
(12, 11, 21)
(12, 12, 15)
(12, 13, 15)
(12, 14, 13)
(12, 15, 13)
(12, 16, 13)
(12, 17, 13)
(12, 18, 12)
(12, 19, 10)
(12, 20, 9)
(12, 21, 9)
(12, 22, 9)
(12, 23, 9)
(12, 24, 9)
(12, 25, 8)
(12, 26, 8)
(12, 27, 8)
(12, 28, 6)
(12, 29, 6)
(12, 30, 6)
(12, 31, 6)
(12, 32, 6)
(12, 33, 6)
(12, 34, 6)
(12, 35, 6)
(12, 36, 4)
(12, 37, 4)
(12, 38, 4)
(12, 39, 4)

(13, 0, 51)
(13, 1, 47)
(13, 2, 47)
(13, 3, 46)
(13, 4, 46)
(13, 5, 46)
(13, 6, 46)
(13, 7, 46)
(13, 8, 38)
(13, 9, 33)
(13, 10, 32)
(13, 11, 21)
(13, 12, 15)
(13, 13, 15)
(13, 14, 13)
(13, 15, 13)
(13, 16, 13)
(13, 17, 13)
(13, 18, 12)
(13, 19, 10)
(13, 20, 9)
(13, 21, 9)
(13, 22, 9)
(13, 23, 9)
(13, 24, 9)
(13, 25, 8)
(13, 26, 8)
(13, 27, 8)
(13, 28, 6)
(13, 29, 6)
(13, 30, 6)
(13, 31, 6)
(13, 32, 6)
(13, 33, 6)
(13, 34, 6)
(13, 35, 6)
(13, 36, 4)
(13, 37, 4)
(13, 38, 4)
(13, 39, 4)

(14, 0, 51)
(14, 1, 47)
(14, 2, 47)
(14, 3, 46)
(14, 4, 46)
(14, 5, 46)
(14, 6, 46)
(14, 7, 46)
(14, 8, 38)
(14, 9, 33)
(14, 10, 32)
(14, 11, 21)
(14, 12, 15)
(14, 13, 15)
(14, 14, 13)
(14, 15, 13)
(14, 16, 13)
(14, 17, 13)
(14, 18, 12)
(14, 19, 10)
(14, 20, 9)
(14, 21, 9)
(14, 22, 9)
(14, 23, 9)
(14, 24, 9)
(14, 25, 8)
(14, 26, 8)
(14, 27, 8)
(14, 28, 6)
(14, 29, 6)
(14, 30, 6)
(14, 31, 6)
(14, 32, 6)
(14, 33, 6)
(14, 34, 6)
(14, 35, 6)
(14, 36, 4)
(14, 37, 4)
(14, 38, 4)
(14, 39, 4)

(15, 0, 51)
(15, 1, 47)
(15, 2, 47)
(15, 3, 46)
(15, 4, 46)
(15, 5, 46)
(15, 6, 46)
(15, 7, 46)
(15, 8, 38)
(15, 9, 33)
(15, 10, 32)
(15, 11, 21)
(15, 12, 15)
(15, 13, 15)
(15, 14, 13)
(15, 15, 13)
(15, 16, 13)
(15, 17, 13)
(15, 18, 12)
(15, 19, 10)
(15, 20, 9)
(15, 21, 9)
(15, 22, 9)
(15, 23, 9)
(15, 24, 9)
(15, 25, 8)
(15, 26, 8)
(15, 27, 8)
(15, 28, 6)
(15, 29, 6)
(15, 30, 6)
(15, 31, 6)
(15, 32, 6)
(15, 33, 6)
(15, 34, 6)
(15, 35, 6)
(15, 36, 4)
(15, 37, 4)
(15, 38, 4)
(15, 39, 4)

(16, 0, 53)
(16, 1, 49)
(16, 2, 49)
(16, 3, 47)
(16, 4, 47)
(16, 5, 47)
(16, 6, 47)
(16, 7, 47)
(16, 8, 39)
(16, 9, 34)
(16, 10, 33)
(16, 11, 22)
(16, 12, 16)
(16, 13, 16)
(16, 14, 14)
(16, 15, 14)
(16, 16, 14)
(16, 17, 14)
(16, 18, 13)
(16, 19, 11)
(16, 20, 10)
(16, 21, 10)
(16, 22, 10)
(16, 23, 10)
(16, 24, 10)
(16, 25, 9)
(16, 26, 9)
(16, 27, 9)
(16, 28, 7)
(16, 29, 7)
(16, 30, 7)
(16, 31, 7)
(16, 32, 7)
(16, 33, 7)
(16, 34, 7)
(16, 35, 7)
(16, 36, 5)
(16, 37, 5)
(16, 38, 5)
(16, 39, 5)

(17, 0, 55)
(17, 1, 51)
(17, 2, 51)
(17, 3, 49)
(17, 4, 49)
(17, 5, 49)
(17, 6, 49)
(17, 7, 49)
(17, 8, 41)
(17, 9, 36)
(17, 10, 35)
(17, 11, 23)
(17, 12, 17)
(17, 13, 17)
(17, 14, 14)
(17, 15, 14)
(17, 16, 14)
(17, 17, 14)
(17, 18, 13)
(17, 19, 11)
(17, 20, 10)
(17, 21, 10)
(17, 22, 10)
(17, 23, 10)
(17, 24, 10)
(17, 25, 9)
(17, 26, 9)
(17, 27, 9)
(17, 28, 7)
(17, 29, 7)
(17, 30, 7)
(17, 31, 7)
(17, 32, 7)
(17, 33, 7)
(17, 34, 7)
(17, 35, 7)
(17, 36, 5)
(17, 37, 5)
(17, 38, 5)
(17, 39, 5)

(18, 0, 58)
(18, 1, 54)
(18, 2, 54)
(18, 3, 52)
(18, 4, 50)
(18, 5, 50)
(18, 6, 50)
(18, 7, 50)
(18, 8, 42)
(18, 9, 37)
(18, 10, 36)
(18, 11, 22)
(18, 12, 16)
(18, 13, 16)
(18, 14, 14)
(18, 15, 14)
(18, 16, 14)
(18, 17, 14)
(18, 18, 13)
(18, 19, 11)
(18, 20, 10)
(18, 21, 10)
(18, 22, 10)
(18, 23, 10)
(18, 24, 10)
(18, 25, 9)
(18, 26, 9)
(18, 27, 9)
(18, 28, 7)
(18, 29, 7)
(18, 30, 7)
(18, 31, 7)
(18, 32, 7)
(18, 33, 7)
(18, 34, 7)
(18, 35, 7)
(18, 36, 5)
(18, 37, 5)
(18, 38, 5)
(18, 39, 5)

(19, 0, 60)
(19, 1, 56)
(19, 2, 56)
(19, 3, 53)
(19, 4, 51)
(19, 5, 51)
(19, 6, 51)
(19, 7, 51)
(19, 8, 43)
(19, 9, 38)
(19, 10, 37)
(19, 11, 22)
(19, 12, 16)
(19, 13, 16)
(19, 14, 14)
(19, 15, 14)
(19, 16, 14)
(19, 17, 14)
(19, 18, 13)
(19, 19, 11)
(19, 20, 10)
(19, 21, 10)
(19, 22, 10)
(19, 23, 10)
(19, 24, 10)
(19, 25, 9)
(19, 26, 9)
(19, 27, 9)
(19, 28, 7)
(19, 29, 7)
(19, 30, 7)
(19, 31, 7)
(19, 32, 7)
(19, 33, 7)
(19, 34, 7)
(19, 35, 7)
(19, 36, 5)
(19, 37, 5)
(19, 38, 5)
(19, 39, 5)

(20, 0, 61)
(20, 1, 57)
(20, 2, 57)
(20, 3, 54)
(20, 4, 52)
(20, 5, 52)
(20, 6, 52)
(20, 7, 52)
(20, 8, 44)
(20, 9, 39)
(20, 10, 38)
(20, 11, 22)
(20, 12, 16)
(20, 13, 16)
(20, 14, 14)
(20, 15, 14)
(20, 16, 14)
(20, 17, 14)
(20, 18, 13)
(20, 19, 11)
(20, 20, 10)
(20, 21, 10)
(20, 22, 10)
(20, 23, 10)
(20, 24, 10)
(20, 25, 9)
(20, 26, 9)
(20, 27, 9)
(20, 28, 7)
(20, 29, 7)
(20, 30, 7)
(20, 31, 7)
(20, 32, 7)
(20, 33, 7)
(20, 34, 7)
(20, 35, 7)
(20, 36, 5)
(20, 37, 5)
(20, 38, 5)
(20, 39, 5)

(21, 0, 65)
(21, 1, 60)
(21, 2, 60)
(21, 3, 57)
(21, 4, 55)
(21, 5, 55)
(21, 6, 55)
(21, 7, 55)
(21, 8, 47)
(21, 9, 42)
(21, 10, 41)
(21, 11, 24)
(21, 12, 18)
(21, 13, 18)
(21, 14, 16)
(21, 15, 16)
(21, 16, 16)
(21, 17, 16)
(21, 18, 15)
(21, 19, 13)
(21, 20, 12)
(21, 21, 12)
(21, 22, 12)
(21, 23, 12)
(21, 24, 12)
(21, 25, 11)
(21, 26, 11)
(21, 27, 11)
(21, 28, 9)
(21, 29, 9)
(21, 30, 9)
(21, 31, 9)
(21, 32, 9)
(21, 33, 9)
(21, 34, 9)
(21, 35, 8)
(21, 36, 6)
(21, 37, 6)
(21, 38, 6)
(21, 39, 6)

(22, 0, 73)
(22, 1, 67)
(22, 2, 67)
(22, 3, 64)
(22, 4, 61)
(22, 5, 61)
(22, 6, 61)
(22, 7, 61)
(22, 8, 53)
(22, 9, 47)
(22, 10, 46)
(22, 11, 28)
(22, 12, 22)
(22, 13, 21)
(22, 14, 18)
(22, 15, 18)
(22, 16, 18)
(22, 17, 18)
(22, 18, 17)
(22, 19, 14)
(22, 20, 13)
(22, 21, 13)
(22, 22, 13)
(22, 23, 13)
(22, 24, 13)
(22, 25, 11)
(22, 26, 11)
(22, 27, 11)
(22, 28, 9)
(22, 29, 9)
(22, 30, 9)
(22, 31, 9)
(22, 32, 9)
(22, 33, 9)
(22, 34, 9)
(22, 35, 9)
(22, 36, 7)
(22, 37, 7)
(22, 38, 7)
(22, 39, 7)

(23, 0, 79)
(23, 1, 72)
(23, 2, 72)
(23, 3, 69)
(23, 4, 65)
(23, 5, 65)
(23, 6, 65)
(23, 7, 65)
(23, 8, 57)
(23, 9, 51)
(23, 10, 50)
(23, 11, 27)
(23, 12, 21)
(23, 13, 20)
(23, 14, 18)
(23, 15, 18)
(23, 16, 18)
(23, 17, 18)
(23, 18, 17)
(23, 19, 14)
(23, 20, 13)
(23, 21, 13)
(23, 22, 13)
(23, 23, 13)
(23, 24, 13)
(23, 25, 11)
(23, 26, 11)
(23, 27, 11)
(23, 28, 9)
(23, 29, 9)
(23, 30, 9)
(23, 31, 9)
(23, 32, 9)
(23, 33, 9)
(23, 34, 9)
(23, 35, 9)
(23, 36, 7)
(23, 37, 7)
(23, 38, 7)
(23, 39, 7)

(24, 0, 83)
(24, 1, 75)
(24, 2, 75)
(24, 3, 72)
(24, 4, 68)
(24, 5, 68)
(24, 6, 68)
(24, 7, 68)
(24, 8, 60)
(24, 9, 53)
(24, 10, 52)
(24, 11, 27)
(24, 12, 21)
(24, 13, 20)
(24, 14, 18)
(24, 15, 18)
(24, 16, 18)
(24, 17, 18)
(24, 18, 17)
(24, 19, 14)
(24, 20, 13)
(24, 21, 13)
(24, 22, 13)
(24, 23, 13)
(24, 24, 13)
(24, 25, 11)
(24, 26, 11)
(24, 27, 11)
(24, 28, 9)
(24, 29, 9)
(24, 30, 9)
(24, 31, 9)
(24, 32, 9)
(24, 33, 9)
(24, 34, 9)
(24, 35, 9)
(24, 36, 7)
(24, 37, 7)
(24, 38, 7)
(24, 39, 7)

(25, 0, 83)
(25, 1, 75)
(25, 2, 75)
(25, 3, 72)
(25, 4, 68)
(25, 5, 68)
(25, 6, 68)
(25, 7, 68)
(25, 8, 60)
(25, 9, 53)
(25, 10, 52)
(25, 11, 27)
(25, 12, 21)
(25, 13, 20)
(25, 14, 18)
(25, 15, 18)
(25, 16, 18)
(25, 17, 18)
(25, 18, 17)
(25, 19, 14)
(25, 20, 13)
(25, 21, 13)
(25, 22, 13)
(25, 23, 13)
(25, 24, 13)
(25, 25, 11)
(25, 26, 11)
(25, 27, 11)
(25, 28, 9)
(25, 29, 9)
(25, 30, 9)
(25, 31, 9)
(25, 32, 9)
(25, 33, 9)
(25, 34, 9)
(25, 35, 9)
(25, 36, 7)
(25, 37, 7)
(25, 38, 7)
(25, 39, 7)

(26, 0, 85)
(26, 1, 77)
(26, 2, 77)
(26, 3, 73)
(26, 4, 69)
(26, 5, 69)
(26, 6, 69)
(26, 7, 69)
(26, 8, 61)
(26, 9, 54)
(26, 10, 53)
(26, 11, 28)
(26, 12, 22)
(26, 13, 21)
(26, 14, 19)
(26, 15, 19)
(26, 16, 19)
(26, 17, 19)
(26, 18, 18)
(26, 19, 15)
(26, 20, 14)
(26, 21, 14)
(26, 22, 14)
(26, 23, 14)
(26, 24, 14)
(26, 25, 12)
(26, 26, 12)
(26, 27, 12)
(26, 28, 10)
(26, 29, 10)
(26, 30, 10)
(26, 31, 10)
(26, 32, 10)
(26, 33, 10)
(26, 34, 10)
(26, 35, 10)
(26, 36, 8)
(26, 37, 8)
(26, 38, 8)
(26, 39, 8)

(27, 0, 88)
(27, 1, 80)
(27, 2, 80)
(27, 3, 76)
(27, 4, 72)
(27, 5, 72)
(27, 6, 72)
(27, 7, 72)
(27, 8, 64)
(27, 9, 57)
(27, 10, 56)
(27, 11, 29)
(27, 12, 23)
(27, 13, 22)
(27, 14, 20)
(27, 15, 20)
(27, 16, 20)
(27, 17, 20)
(27, 18, 19)
(27, 19, 16)
(27, 20, 15)
(27, 21, 15)
(27, 22, 15)
(27, 23, 15)
(27, 24, 15)
(27, 25, 13)
(27, 26, 13)
(27, 27, 13)
(27, 28, 11)
(27, 29, 11)
(27, 30, 11)
(27, 31, 11)
(27, 32, 11)
(27, 33, 11)
(27, 34, 11)
(27, 35, 11)
(27, 36, 9)
(27, 37, 8)
(27, 38, 8)
(27, 39, 8)

(28, 0, 89)
(28, 1, 81)
(28, 2, 81)
(28, 3, 77)
(28, 4, 73)
(28, 5, 73)
(28, 6, 73)
(28, 7, 73)
(28, 8, 65)
(28, 9, 58)
(28, 10, 57)
(28, 11, 29)
(28, 12, 23)
(28, 13, 22)
(28, 14, 20)
(28, 15, 20)
(28, 16, 20)
(28, 17, 20)
(28, 18, 19)
(28, 19, 16)
(28, 20, 15)
(28, 21, 15)
(28, 22, 15)
(28, 23, 15)
(28, 24, 15)
(28, 25, 13)
(28, 26, 13)
(28, 27, 13)
(28, 28, 11)
(28, 29, 11)
(28, 30, 11)
(28, 31, 11)
(28, 32, 11)
(28, 33, 11)
(28, 34, 11)
(28, 35, 11)
(28, 36, 9)
(28, 37, 8)
(28, 38, 8)
(28, 39, 8)

(29, 0, 90)
(29, 1, 82)
(29, 2, 82)
(29, 3, 78)
(29, 4, 74)
(29, 5, 74)
(29, 6, 74)
(29, 7, 74)
(29, 8, 66)
(29, 9, 59)
(29, 10, 58)
(29, 11, 30)
(29, 12, 24)
(29, 13, 23)
(29, 14, 21)
(29, 15, 21)
(29, 16, 21)
(29, 17, 21)
(29, 18, 20)
(29, 19, 16)
(29, 20, 15)
(29, 21, 15)
(29, 22, 15)
(29, 23, 15)
(29, 24, 15)
(29, 25, 13)
(29, 26, 13)
(29, 27, 13)
(29, 28, 10)
(29, 29, 10)
(29, 30, 10)
(29, 31, 10)
(29, 32, 10)
(29, 33, 10)
(29, 34, 10)
(29, 35, 10)
(29, 36, 8)
(29, 37, 8)
(29, 38, 8)
(29, 39, 8)

(30, 0, 90)
(30, 1, 82)
(30, 2, 82)
(30, 3, 78)
(30, 4, 74)
(30, 5, 74)
(30, 6, 74)
(30, 7, 74)
(30, 8, 66)
(30, 9, 59)
(30, 10, 58)
(30, 11, 30)
(30, 12, 24)
(30, 13, 23)
(30, 14, 21)
(30, 15, 21)
(30, 16, 21)
(30, 17, 21)
(30, 18, 20)
(30, 19, 16)
(30, 20, 15)
(30, 21, 15)
(30, 22, 15)
(30, 23, 15)
(30, 24, 15)
(30, 25, 13)
(30, 26, 13)
(30, 27, 13)
(30, 28, 10)
(30, 29, 10)
(30, 30, 10)
(30, 31, 10)
(30, 32, 10)
(30, 33, 10)
(30, 34, 10)
(30, 35, 10)
(30, 36, 8)
(30, 37, 8)
(30, 38, 8)
(30, 39, 8)

(31, 0, 93)
(31, 1, 85)
(31, 2, 85)
(31, 3, 81)
(31, 4, 77)
(31, 5, 77)
(31, 6, 77)
(31, 7, 77)
(31, 8, 69)
(31, 9, 62)
(31, 10, 61)
(31, 11, 33)
(31, 12, 26)
(31, 13, 25)
(31, 14, 23)
(31, 15, 23)
(31, 16, 23)
(31, 17, 23)
(31, 18, 22)
(31, 19, 18)
(31, 20, 17)
(31, 21, 17)
(31, 22, 17)
(31, 23, 17)
(31, 24, 17)
(31, 25, 15)
(31, 26, 15)
(31, 27, 15)
(31, 28, 12)
(31, 29, 12)
(31, 30, 12)
(31, 31, 12)
(31, 32, 12)
(31, 33, 12)
(31, 34, 12)
(31, 35, 12)
(31, 36, 10)
(31, 37, 10)
(31, 38, 10)
(31, 39, 10)

(32, 0, 97)
(32, 1, 89)
(32, 2, 89)
(32, 3, 85)
(32, 4, 81)
(32, 5, 81)
(32, 6, 81)
(32, 7, 81)
(32, 8, 71)
(32, 9, 64)
(32, 10, 63)
(32, 11, 35)
(32, 12, 27)
(32, 13, 26)
(32, 14, 24)
(32, 15, 24)
(32, 16, 24)
(32, 17, 24)
(32, 18, 23)
(32, 19, 19)
(32, 20, 17)
(32, 21, 17)
(32, 22, 17)
(32, 23, 17)
(32, 24, 17)
(32, 25, 15)
(32, 26, 15)
(32, 27, 15)
(32, 28, 12)
(32, 29, 12)
(32, 30, 12)
(32, 31, 12)
(32, 32, 12)
(32, 33, 12)
(32, 34, 12)
(32, 35, 12)
(32, 36, 10)
(32, 37, 10)
(32, 38, 10)
(32, 39, 10)

(33, 0, 103)
(33, 1, 95)
(33, 2, 95)
(33, 3, 91)
(33, 4, 87)
(33, 5, 87)
(33, 6, 87)
(33, 7, 87)
(33, 8, 75)
(33, 9, 68)
(33, 10, 67)
(33, 11, 38)
(33, 12, 29)
(33, 13, 28)
(33, 14, 26)
(33, 15, 26)
(33, 16, 26)
(33, 17, 26)
(33, 18, 25)
(33, 19, 21)
(33, 20, 19)
(33, 21, 19)
(33, 22, 19)
(33, 23, 19)
(33, 24, 19)
(33, 25, 17)
(33, 26, 17)
(33, 27, 17)
(33, 28, 14)
(33, 29, 14)
(33, 30, 14)
(33, 31, 14)
(33, 32, 14)
(33, 33, 14)
(33, 34, 14)
(33, 35, 13)
(33, 36, 11)
(33, 37, 11)
(33, 38, 11)
(33, 39, 11)

(34, 0, 108)
(34, 1, 99)
(34, 2, 99)
(34, 3, 95)
(34, 4, 91)
(34, 5, 91)
(34, 6, 91)
(34, 7, 91)
(34, 8, 79)
(34, 9, 72)
(34, 10, 71)
(34, 11, 41)
(34, 12, 32)
(34, 13, 30)
(34, 14, 28)
(34, 15, 28)
(34, 16, 28)
(34, 17, 28)
(34, 18, 27)
(34, 19, 22)
(34, 20, 20)
(34, 21, 20)
(34, 22, 20)
(34, 23, 20)
(34, 24, 20)
(34, 25, 17)
(34, 26, 17)
(34, 27, 17)
(34, 28, 13)
(34, 29, 13)
(34, 30, 13)
(34, 31, 13)
(34, 32, 13)
(34, 33, 13)
(34, 34, 13)
(34, 35, 13)
(34, 36, 10)
(34, 37, 10)
(34, 38, 10)
(34, 39, 10)

(35, 0, 108)
(35, 1, 99)
(35, 2, 99)
(35, 3, 95)
(35, 4, 91)
(35, 5, 91)
(35, 6, 91)
(35, 7, 91)
(35, 8, 79)
(35, 9, 72)
(35, 10, 71)
(35, 11, 41)
(35, 12, 32)
(35, 13, 30)
(35, 14, 28)
(35, 15, 28)
(35, 16, 28)
(35, 17, 28)
(35, 18, 27)
(35, 19, 22)
(35, 20, 20)
(35, 21, 20)
(35, 22, 20)
(35, 23, 20)
(35, 24, 20)
(35, 25, 17)
(35, 26, 17)
(35, 27, 17)
(35, 28, 13)
(35, 29, 13)
(35, 30, 13)
(35, 31, 13)
(35, 32, 13)
(35, 33, 13)
(35, 34, 13)
(35, 35, 13)
(35, 36, 10)
(35, 37, 10)
(35, 38, 10)
(35, 39, 10)

(36, 0, 109)
(36, 1, 100)
(36, 2, 100)
(36, 3, 96)
(36, 4, 92)
(36, 5, 92)
(36, 6, 92)
(36, 7, 92)
(36, 8, 80)
(36, 9, 73)
(36, 10, 72)
(36, 11, 42)
(36, 12, 33)
(36, 13, 31)
(36, 14, 29)
(36, 15, 29)
(36, 16, 29)
(36, 17, 29)
(36, 18, 28)
(36, 19, 23)
(36, 20, 21)
(36, 21, 21)
(36, 22, 21)
(36, 23, 21)
(36, 24, 21)
(36, 25, 18)
(36, 26, 18)
(36, 27, 18)
(36, 28, 14)
(36, 29, 14)
(36, 30, 14)
(36, 31, 14)
(36, 32, 14)
(36, 33, 14)
(36, 34, 14)
(36, 35, 14)
(36, 36, 11)
(36, 37, 11)
(36, 38, 11)
(36, 39, 11)

(37, 0, 115)
(37, 1, 106)
(37, 2, 106)
(37, 3, 102)
(37, 4, 98)
(37, 5, 98)
(37, 6, 98)
(37, 7, 98)
(37, 8, 86)
(37, 9, 78)
(37, 10, 77)
(37, 11, 43)
(37, 12, 34)
(37, 13, 32)
(37, 14, 29)
(37, 15, 29)
(37, 16, 29)
(37, 17, 29)
(37, 18, 28)
(37, 19, 23)
(37, 20, 21)
(37, 21, 21)
(37, 22, 21)
(37, 23, 21)
(37, 24, 21)
(37, 25, 18)
(37, 26, 18)
(37, 27, 18)
(37, 28, 14)
(37, 29, 14)
(37, 30, 14)
(37, 31, 14)
(37, 32, 14)
(37, 33, 14)
(37, 34, 14)
(37, 35, 14)
(37, 36, 11)
(37, 37, 11)
(37, 38, 11)
(37, 39, 11)

(38, 0, 123)
(38, 1, 114)
(38, 2, 113)
(38, 3, 109)
(38, 4, 105)
(38, 5, 105)
(38, 6, 105)
(38, 7, 105)
(38, 8, 93)
(38, 9, 83)
(38, 10, 82)
(38, 11, 47)
(38, 12, 36)
(38, 13, 34)
(38, 14, 31)
(38, 15, 31)
(38, 16, 31)
(38, 17, 31)
(38, 18, 30)
(38, 19, 25)
(38, 20, 23)
(38, 21, 23)
(38, 22, 23)
(38, 23, 23)
(38, 24, 23)
(38, 25, 19)
(38, 26, 19)
(38, 27, 19)
(38, 28, 15)
(38, 29, 15)
(38, 30, 15)
(38, 31, 15)
(38, 32, 15)
(38, 33, 15)
(38, 34, 15)
(38, 35, 15)
(38, 36, 12)
(38, 37, 12)
(38, 38, 12)
(38, 39, 12)

(39, 0, 134)
(39, 1, 125)
(39, 2, 122)
(39, 3, 118)
(39, 4, 114)
(39, 5, 114)
(39, 6, 114)
(39, 7, 114)
(39, 8, 98)
(39, 9, 86)
(39, 10, 84)
(39, 11, 48)
(39, 12, 36)
(39, 13, 34)
(39, 14, 31)
(39, 15, 31)
(39, 16, 31)
(39, 17, 31)
(39, 18, 29)
(39, 19, 24)
(39, 20, 22)
(39, 21, 22)
(39, 22, 22)
(39, 23, 22)
(39, 24, 22)
(39, 25, 19)
(39, 26, 19)
(39, 27, 19)
(39, 28, 15)
(39, 29, 15)
(39, 30, 15)
(39, 31, 15)
(39, 32, 15)
(39, 33, 15)
(39, 34, 15)
(39, 35, 15)
(39, 36, 11)
(39, 37, 11)
(39, 38, 11)
(39, 39, 11)


Betti numbers:
xi_0:
(0, 0, 1)
(1, 0, 3)
(2, 0, 4)
(3, 0, 19)
(4, 0, 10)
(5, 0, 7)
(6, 0, 5)
(7, 0, 2)
(16, 0, 2)
(17, 0, 2)
(18, 0, 3)
(19, 0, 2)
(20, 0, 1)
(21, 0, 4)
(22, 0, 8)
(23, 0, 6)
(24, 0, 4)
(26, 0, 2)
(27, 0, 3)
(28, 0, 1)
(29, 0, 1)
(31, 0, 3)
(32, 0, 4)
(33, 0, 6)
(34, 0, 5)
(36, 0, 1)
(37, 0, 6)
(38, 0, 8)
(39, 0, 11)
xi_1:
(1, 8, 1)
(1, 36, 1)
(2, 8, 1)
(2, 12, 1)
(2, 36, 1)
(3, 1, 1)
(3, 8, 4)
(3, 9, 3)
(3, 10, 1)
(3, 11, 3)
(3, 12, 3)
(3, 19, 2)
(3, 28, 1)
(3, 36, 1)
(4, 1, 1)
(4, 3, 1)
(4, 9, 2)
(4, 11, 5)
(4, 12, 1)
(4, 20, 1)
(5, 1, 1)
(5, 8, 2)
(5, 12, 1)
(5, 20, 1)
(5, 25, 1)
(5, 28, 1)
(6, 1, 1)
(6, 11, 1)
(6, 14, 2)
(6, 18, 1)
(6, 19, 1)
(7, 11, 2)
(16, 3, 1)
(17, 11, 1)
(17, 14, 1)
(18, 4, 2)
(18, 11, 2)
(19, 3, 1)
(19, 11, 1)
(20, 11, 1)
(21, 1, 1)
(21, 11, 1)
(21, 35, 1)
(22, 1, 1)
(22, 4, 1)
(22, 9, 1)
(22, 11, 1)
(22, 13, 1)
(22, 14, 1)
(22, 19, 1)
(22, 25, 1)
(23, 1, 1)
(23, 4, 1)
(23, 11, 5)
(24, 1, 1)
(24, 9, 1)
(24, 11, 2)
(26, 3, 1)
(27, 11, 2)
(27, 37, 1)
(28, 11, 1)
(29, 19, 1)
(29, 28, 1)
(31, 12, 1)
(32, 8, 2)
(32, 12, 1)
(32, 20, 1)
(33, 8, 2)
(33, 11, 1)
(33, 12, 1)
(33, 35, 1)
(34, 1, 1)
(34, 11, 1)
(34, 13, 1)
(34, 19, 1)
(34, 25, 1)
(34, 28, 1)
(34, 36, 1)
(37, 9, 1)
(37, 11, 4)
(37, 14, 1)
(38, 2, 1)
(38, 9, 2)
(38, 11, 1)
(38, 12, 2)
(38, 25, 1)
(39, 2, 2)
(39, 8, 4)
(39, 9, 2)
(39, 10, 1)
(39, 11, 1)
(39, 12, 1)
(39, 18, 1)
(39, 36, 1)
xi_2:
(3, 36, 1)
(4, 19, 1)
(6, 20, 1)
(18, 14, 1)
(22, 35, 1)
(23, 14, 1)
(29, 37, 1)
(34, 35, 1)
(39, 25, 1)
