x-grades
-3913475662018055417/2000000000000000000
-1907014205968754417/1000000000000000000
-3714581161856962251/2000000000000000000
-903783477944103917/500000000000000000
-703137332339173817/400000000000000000
-1708119705807661251/1000000000000000000
-3316792161534775919/2000000000000000000
-402168113931778667/250000000000000000
-3117897661373682753/2000000000000000000
-301845041129313617/200000000000000000
-2919003161212589587/2000000000000000000
-704888977783010751/500000000000000000
-2720108661051496421/2000000000000000000
-1310330705485474919/1000000000000000000
-504242832178080651/400000000000000000
-75680215962808021/62500000000000000
-2322319660729310089/2000000000000000000
-1111436205324381753/1000000000000000000
-2123425160568216923/2000000000000000000
-101198895524383517/100000000000000000
-1924530660407123757/2000000000000000000
-912541705163288587/1000000000000000000
-1725636160246030591/2000000000000000000
-203273613770685501/250000000000000000
-61069666403397497/80000000000000000
-713647205002195421/1000000000000000000
-1327847159923844259/2000000000000000000
-307099977460824419/500000000000000000
-1128952659762751093/2000000000000000000
-102950540968220451/200000000000000000
-930058159601657927/2000000000000000000
-51913181845069459/125000000000000000
-731163659440564761/2000000000000000000
-315858204680009089/1000000000000000000
-106453831855894319/400000000000000000
-108205477299731253/500000000000000000
-333374659118378429/2000000000000000000
-116963704518915923/1000000000000000000
-134480158957285263/2000000000000000000
-875822721918467/50000000000000000

y-grades
9952959/40000000
9952959/20000000
29858877/40000000
9952959/10000000
9952959/8000000
29858877/20000000
69670713/40000000
9952959/5000000
89576631/40000000
9952959/4000000
109482549/40000000
29858877/10000000
129388467/40000000
69670713/20000000
29858877/8000000
9952959/2500000
169200303/40000000
89576631/20000000
189106221/40000000
9952959/2000000
209012139/40000000
109482549/20000000
228918057/40000000
29858877/5000000
9952959/1600000
129388467/20000000
268729893/40000000
69670713/10000000
288635811/40000000
29858877/4000000
308541729/40000000
9952959/1250000
328447647/40000000
169200303/20000000
69670713/8000000
89576631/10000000
368259483/40000000
189106221/20000000
388165401/40000000
9952959/1000000

Dimensions > 0:
(0, 0, 1)
(0, 1, 1)
(0, 2, 1)
(0, 3, 1)
(0, 4, 1)
(0, 5, 1)
(0, 6, 1)
(0, 7, 1)
(0, 8, 1)
(0, 9, 1)
(0, 10, 1)
(0, 11, 1)
(0, 12, 1)
(0, 13, 1)
(0, 14, 1)
(0, 15, 1)
(0, 16, 1)
(0, 17, 1)
(0, 18, 1)
(0, 19, 1)
(0, 20, 1)
(0, 21, 1)
(0, 22, 1)
(0, 23, 1)
(0, 24, 1)
(0, 25, 1)
(0, 26, 1)
(0, 27, 1)
(0, 28, 1)
(0, 29, 1)
(0, 30, 1)
(0, 31, 1)
(0, 32, 1)
(0, 33, 1)
(0, 34, 1)
(0, 35, 1)
(0, 36, 1)
(0, 37, 1)
(0, 38, 1)
(0, 39, 1)

(1, 0, 1)
(1, 1, 1)
(1, 2, 1)
(1, 3, 1)
(1, 4, 1)
(1, 5, 1)
(1, 6, 1)
(1, 7, 1)
(1, 8, 1)
(1, 9, 1)
(1, 10, 1)
(1, 11, 1)
(1, 12, 1)
(1, 13, 1)
(1, 14, 1)
(1, 15, 1)
(1, 16, 1)
(1, 17, 1)
(1, 18, 1)
(1, 19, 1)
(1, 20, 1)
(1, 21, 1)
(1, 22, 1)
(1, 23, 1)
(1, 24, 1)
(1, 25, 1)
(1, 26, 1)
(1, 27, 1)
(1, 28, 1)
(1, 29, 1)
(1, 30, 1)
(1, 31, 1)
(1, 32, 1)
(1, 33, 1)
(1, 34, 1)
(1, 35, 1)
(1, 36, 1)
(1, 37, 1)
(1, 38, 1)
(1, 39, 1)

(2, 0, 1)
(2, 1, 1)
(2, 2, 1)
(2, 3, 1)
(2, 4, 1)
(2, 5, 1)
(2, 6, 1)
(2, 7, 1)
(2, 8, 1)
(2, 9, 1)
(2, 10, 1)
(2, 11, 1)
(2, 12, 1)
(2, 13, 1)
(2, 14, 1)
(2, 15, 1)
(2, 16, 1)
(2, 17, 1)
(2, 18, 1)
(2, 19, 1)
(2, 20, 1)
(2, 21, 1)
(2, 22, 1)
(2, 23, 1)
(2, 24, 1)
(2, 25, 1)
(2, 26, 1)
(2, 27, 1)
(2, 28, 1)
(2, 29, 1)
(2, 30, 1)
(2, 31, 1)
(2, 32, 1)
(2, 33, 1)
(2, 34, 1)
(2, 35, 1)
(2, 36, 1)
(2, 37, 1)
(2, 38, 1)
(2, 39, 1)

(3, 0, 2)
(3, 1, 2)
(3, 2, 2)
(3, 3, 2)
(3, 4, 2)
(3, 5, 2)
(3, 6, 2)
(3, 7, 2)
(3, 8, 2)
(3, 9, 2)
(3, 10, 2)
(3, 11, 2)
(3, 12, 2)
(3, 13, 2)
(3, 14, 2)
(3, 15, 2)
(3, 16, 2)
(3, 17, 2)
(3, 18, 2)
(3, 19, 2)
(3, 20, 2)
(3, 21, 2)
(3, 22, 2)
(3, 23, 2)
(3, 24, 2)
(3, 25, 2)
(3, 26, 2)
(3, 27, 2)
(3, 28, 1)
(3, 29, 1)
(3, 30, 1)
(3, 31, 1)
(3, 32, 1)
(3, 33, 1)
(3, 34, 1)
(3, 35, 1)
(3, 36, 1)
(3, 37, 1)
(3, 38, 1)
(3, 39, 1)

(4, 0, 17)
(4, 1, 9)
(4, 2, 6)
(4, 3, 6)
(4, 4, 4)
(4, 5, 4)
(4, 6, 4)
(4, 7, 4)
(4, 8, 4)
(4, 9, 4)
(4, 10, 4)
(4, 11, 4)
(4, 12, 4)
(4, 13, 4)
(4, 14, 4)
(4, 15, 4)
(4, 16, 4)
(4, 17, 4)
(4, 18, 4)
(4, 19, 4)
(4, 20, 4)
(4, 21, 4)
(4, 22, 4)
(4, 23, 4)
(4, 24, 4)
(4, 25, 4)
(4, 26, 4)
(4, 27, 4)
(4, 28, 3)
(4, 29, 3)
(4, 30, 3)
(4, 31, 3)
(4, 32, 3)
(4, 33, 3)
(4, 34, 3)
(4, 35, 3)
(4, 36, 3)
(4, 37, 3)
(4, 38, 3)
(4, 39, 3)

(5, 0, 50)
(5, 1, 26)
(5, 2, 11)
(5, 3, 8)
(5, 4, 6)
(5, 5, 6)
(5, 6, 6)
(5, 7, 6)
(5, 8, 6)
(5, 9, 6)
(5, 10, 6)
(5, 11, 6)
(5, 12, 6)
(5, 13, 6)
(5, 14, 5)
(5, 15, 5)
(5, 16, 5)
(5, 17, 5)
(5, 18, 5)
(5, 19, 5)
(5, 20, 4)
(5, 21, 4)
(5, 22, 4)
(5, 23, 4)
(5, 24, 4)
(5, 25, 4)
(5, 26, 4)
(5, 27, 4)
(5, 28, 2)
(5, 29, 2)
(5, 30, 2)
(5, 31, 2)
(5, 32, 2)
(5, 33, 2)
(5, 34, 2)
(5, 35, 2)
(5, 36, 2)
(5, 37, 2)
(5, 38, 2)
(5, 39, 2)

(6, 0, 68)
(6, 1, 39)
(6, 2, 15)
(6, 3, 13)
(6, 4, 11)
(6, 5, 11)
(6, 6, 10)
(6, 7, 10)
(6, 8, 10)
(6, 9, 10)
(6, 10, 10)
(6, 11, 10)
(6, 12, 10)
(6, 13, 9)
(6, 14, 7)
(6, 15, 7)
(6, 16, 7)
(6, 17, 7)
(6, 18, 7)
(6, 19, 7)
(6, 20, 6)
(6, 21, 6)
(6, 22, 6)
(6, 23, 6)
(6, 24, 6)
(6, 25, 6)
(6, 26, 6)
(6, 27, 6)
(6, 28, 3)
(6, 29, 3)
(6, 30, 3)
(6, 31, 3)
(6, 32, 3)
(6, 33, 3)
(6, 34, 3)
(6, 35, 3)
(6, 36, 3)
(6, 37, 3)
(6, 38, 3)
(6, 39, 3)

(7, 0, 68)
(7, 1, 39)
(7, 2, 15)
(7, 3, 13)
(7, 4, 11)
(7, 5, 11)
(7, 6, 10)
(7, 7, 10)
(7, 8, 10)
(7, 9, 10)
(7, 10, 10)
(7, 11, 10)
(7, 12, 10)
(7, 13, 9)
(7, 14, 7)
(7, 15, 7)
(7, 16, 7)
(7, 17, 7)
(7, 18, 7)
(7, 19, 7)
(7, 20, 6)
(7, 21, 6)
(7, 22, 6)
(7, 23, 6)
(7, 24, 6)
(7, 25, 6)
(7, 26, 6)
(7, 27, 6)
(7, 28, 3)
(7, 29, 3)
(7, 30, 3)
(7, 31, 3)
(7, 32, 3)
(7, 33, 3)
(7, 34, 3)
(7, 35, 3)
(7, 36, 3)
(7, 37, 3)
(7, 38, 3)
(7, 39, 3)

(8, 0, 89)
(8, 1, 51)
(8, 2, 19)
(8, 3, 16)
(8, 4, 13)
(8, 5, 13)
(8, 6, 12)
(8, 7, 12)
(8, 8, 12)
(8, 9, 12)
(8, 10, 12)
(8, 11, 12)
(8, 12, 12)
(8, 13, 11)
(8, 14, 8)
(8, 15, 8)
(8, 16, 8)
(8, 17, 8)
(8, 18, 8)
(8, 19, 8)
(8, 20, 7)
(8, 21, 7)
(8, 22, 7)
(8, 23, 7)
(8, 24, 7)
(8, 25, 7)
(8, 26, 7)
(8, 27, 7)
(8, 28, 4)
(8, 29, 4)
(8, 30, 4)
(8, 31, 4)
(8, 32, 4)
(8, 33, 4)
(8, 34, 3)
(8, 35, 3)
(8, 36, 3)
(8, 37, 3)
(8, 38, 3)
(8, 39, 3)

(9, 0, 118)
(9, 1, 64)
(9, 2, 19)
(9, 3, 15)
(9, 4, 13)
(9, 5, 13)
(9, 6, 12)
(9, 7, 12)
(9, 8, 12)
(9, 9, 12)
(9, 10, 12)
(9, 11, 12)
(9, 12, 12)
(9, 13, 11)
(9, 14, 8)
(9, 15, 8)
(9, 16, 8)
(9, 17, 8)
(9, 18, 8)
(9, 19, 8)
(9, 20, 7)
(9, 21, 7)
(9, 22, 7)
(9, 23, 7)
(9, 24, 7)
(9, 25, 7)
(9, 26, 7)
(9, 27, 7)
(9, 28, 4)
(9, 29, 4)
(9, 30, 4)
(9, 31, 4)
(9, 32, 4)
(9, 33, 4)
(9, 34, 3)
(9, 35, 3)
(9, 36, 3)
(9, 37, 3)
(9, 38, 3)
(9, 39, 3)

(10, 0, 128)
(10, 1, 64)
(10, 2, 19)
(10, 3, 15)
(10, 4, 13)
(10, 5, 13)
(10, 6, 12)
(10, 7, 12)
(10, 8, 12)
(10, 9, 12)
(10, 10, 12)
(10, 11, 12)
(10, 12, 12)
(10, 13, 11)
(10, 14, 8)
(10, 15, 8)
(10, 16, 8)
(10, 17, 8)
(10, 18, 8)
(10, 19, 8)
(10, 20, 7)
(10, 21, 7)
(10, 22, 7)
(10, 23, 7)
(10, 24, 7)
(10, 25, 7)
(10, 26, 7)
(10, 27, 7)
(10, 28, 4)
(10, 29, 4)
(10, 30, 4)
(10, 31, 4)
(10, 32, 4)
(10, 33, 4)
(10, 34, 3)
(10, 35, 3)
(10, 36, 3)
(10, 37, 3)
(10, 38, 3)
(10, 39, 3)

(11, 0, 128)
(11, 1, 64)
(11, 2, 19)
(11, 3, 15)
(11, 4, 13)
(11, 5, 13)
(11, 6, 12)
(11, 7, 12)
(11, 8, 12)
(11, 9, 12)
(11, 10, 12)
(11, 11, 12)
(11, 12, 12)
(11, 13, 11)
(11, 14, 8)
(11, 15, 8)
(11, 16, 8)
(11, 17, 8)
(11, 18, 8)
(11, 19, 8)
(11, 20, 7)
(11, 21, 7)
(11, 22, 7)
(11, 23, 7)
(11, 24, 7)
(11, 25, 7)
(11, 26, 7)
(11, 27, 7)
(11, 28, 4)
(11, 29, 4)
(11, 30, 4)
(11, 31, 4)
(11, 32, 4)
(11, 33, 4)
(11, 34, 3)
(11, 35, 3)
(11, 36, 3)
(11, 37, 3)
(11, 38, 3)
(11, 39, 3)

(12, 0, 128)
(12, 1, 64)
(12, 2, 19)
(12, 3, 15)
(12, 4, 13)
(12, 5, 13)
(12, 6, 12)
(12, 7, 12)
(12, 8, 12)
(12, 9, 12)
(12, 10, 12)
(12, 11, 12)
(12, 12, 12)
(12, 13, 11)
(12, 14, 8)
(12, 15, 8)
(12, 16, 8)
(12, 17, 8)
(12, 18, 8)
(12, 19, 8)
(12, 20, 7)
(12, 21, 7)
(12, 22, 7)
(12, 23, 7)
(12, 24, 7)
(12, 25, 7)
(12, 26, 7)
(12, 27, 7)
(12, 28, 4)
(12, 29, 4)
(12, 30, 4)
(12, 31, 4)
(12, 32, 4)
(12, 33, 4)
(12, 34, 3)
(12, 35, 3)
(12, 36, 3)
(12, 37, 3)
(12, 38, 3)
(12, 39, 3)

(13, 0, 128)
(13, 1, 64)
(13, 2, 19)
(13, 3, 15)
(13, 4, 13)
(13, 5, 13)
(13, 6, 12)
(13, 7, 12)
(13, 8, 12)
(13, 9, 12)
(13, 10, 12)
(13, 11, 12)
(13, 12, 12)
(13, 13, 11)
(13, 14, 8)
(13, 15, 8)
(13, 16, 8)
(13, 17, 8)
(13, 18, 8)
(13, 19, 8)
(13, 20, 7)
(13, 21, 7)
(13, 22, 7)
(13, 23, 7)
(13, 24, 7)
(13, 25, 7)
(13, 26, 7)
(13, 27, 7)
(13, 28, 4)
(13, 29, 4)
(13, 30, 4)
(13, 31, 4)
(13, 32, 4)
(13, 33, 4)
(13, 34, 3)
(13, 35, 3)
(13, 36, 3)
(13, 37, 3)
(13, 38, 3)
(13, 39, 3)

(14, 0, 128)
(14, 1, 64)
(14, 2, 19)
(14, 3, 15)
(14, 4, 13)
(14, 5, 13)
(14, 6, 12)
(14, 7, 12)
(14, 8, 12)
(14, 9, 12)
(14, 10, 12)
(14, 11, 12)
(14, 12, 12)
(14, 13, 11)
(14, 14, 8)
(14, 15, 8)
(14, 16, 8)
(14, 17, 8)
(14, 18, 8)
(14, 19, 8)
(14, 20, 7)
(14, 21, 7)
(14, 22, 7)
(14, 23, 7)
(14, 24, 7)
(14, 25, 7)
(14, 26, 7)
(14, 27, 7)
(14, 28, 4)
(14, 29, 4)
(14, 30, 4)
(14, 31, 4)
(14, 32, 4)
(14, 33, 4)
(14, 34, 3)
(14, 35, 3)
(14, 36, 3)
(14, 37, 3)
(14, 38, 3)
(14, 39, 3)

(15, 0, 128)
(15, 1, 64)
(15, 2, 19)
(15, 3, 15)
(15, 4, 13)
(15, 5, 13)
(15, 6, 12)
(15, 7, 12)
(15, 8, 12)
(15, 9, 12)
(15, 10, 12)
(15, 11, 12)
(15, 12, 12)
(15, 13, 11)
(15, 14, 8)
(15, 15, 8)
(15, 16, 8)
(15, 17, 8)
(15, 18, 8)
(15, 19, 8)
(15, 20, 7)
(15, 21, 7)
(15, 22, 7)
(15, 23, 7)
(15, 24, 7)
(15, 25, 7)
(15, 26, 7)
(15, 27, 7)
(15, 28, 4)
(15, 29, 4)
(15, 30, 4)
(15, 31, 4)
(15, 32, 4)
(15, 33, 4)
(15, 34, 3)
(15, 35, 3)
(15, 36, 3)
(15, 37, 3)
(15, 38, 3)
(15, 39, 3)

(16, 0, 128)
(16, 1, 64)
(16, 2, 19)
(16, 3, 15)
(16, 4, 13)
(16, 5, 13)
(16, 6, 12)
(16, 7, 12)
(16, 8, 12)
(16, 9, 12)
(16, 10, 12)
(16, 11, 12)
(16, 12, 12)
(16, 13, 11)
(16, 14, 8)
(16, 15, 8)
(16, 16, 8)
(16, 17, 8)
(16, 18, 8)
(16, 19, 8)
(16, 20, 7)
(16, 21, 7)
(16, 22, 7)
(16, 23, 7)
(16, 24, 7)
(16, 25, 7)
(16, 26, 7)
(16, 27, 7)
(16, 28, 4)
(16, 29, 4)
(16, 30, 4)
(16, 31, 4)
(16, 32, 4)
(16, 33, 4)
(16, 34, 3)
(16, 35, 3)
(16, 36, 3)
(16, 37, 3)
(16, 38, 3)
(16, 39, 3)

(17, 0, 128)
(17, 1, 64)
(17, 2, 19)
(17, 3, 15)
(17, 4, 13)
(17, 5, 13)
(17, 6, 12)
(17, 7, 12)
(17, 8, 12)
(17, 9, 12)
(17, 10, 12)
(17, 11, 12)
(17, 12, 12)
(17, 13, 11)
(17, 14, 8)
(17, 15, 8)
(17, 16, 8)
(17, 17, 8)
(17, 18, 8)
(17, 19, 8)
(17, 20, 7)
(17, 21, 7)
(17, 22, 7)
(17, 23, 7)
(17, 24, 7)
(17, 25, 7)
(17, 26, 7)
(17, 27, 7)
(17, 28, 4)
(17, 29, 4)
(17, 30, 4)
(17, 31, 4)
(17, 32, 4)
(17, 33, 4)
(17, 34, 3)
(17, 35, 3)
(17, 36, 3)
(17, 37, 3)
(17, 38, 3)
(17, 39, 3)

(18, 0, 128)
(18, 1, 64)
(18, 2, 19)
(18, 3, 15)
(18, 4, 13)
(18, 5, 13)
(18, 6, 12)
(18, 7, 12)
(18, 8, 12)
(18, 9, 12)
(18, 10, 12)
(18, 11, 12)
(18, 12, 12)
(18, 13, 11)
(18, 14, 8)
(18, 15, 8)
(18, 16, 8)
(18, 17, 8)
(18, 18, 8)
(18, 19, 8)
(18, 20, 7)
(18, 21, 7)
(18, 22, 7)
(18, 23, 7)
(18, 24, 7)
(18, 25, 7)
(18, 26, 7)
(18, 27, 7)
(18, 28, 4)
(18, 29, 4)
(18, 30, 4)
(18, 31, 4)
(18, 32, 4)
(18, 33, 4)
(18, 34, 3)
(18, 35, 3)
(18, 36, 3)
(18, 37, 3)
(18, 38, 3)
(18, 39, 3)

(19, 0, 128)
(19, 1, 64)
(19, 2, 19)
(19, 3, 15)
(19, 4, 13)
(19, 5, 13)
(19, 6, 12)
(19, 7, 12)
(19, 8, 12)
(19, 9, 12)
(19, 10, 12)
(19, 11, 12)
(19, 12, 12)
(19, 13, 11)
(19, 14, 8)
(19, 15, 8)
(19, 16, 8)
(19, 17, 8)
(19, 18, 8)
(19, 19, 8)
(19, 20, 7)
(19, 21, 7)
(19, 22, 7)
(19, 23, 7)
(19, 24, 7)
(19, 25, 7)
(19, 26, 7)
(19, 27, 7)
(19, 28, 4)
(19, 29, 4)
(19, 30, 4)
(19, 31, 4)
(19, 32, 4)
(19, 33, 4)
(19, 34, 3)
(19, 35, 3)
(19, 36, 3)
(19, 37, 3)
(19, 38, 3)
(19, 39, 3)

(20, 0, 128)
(20, 1, 64)
(20, 2, 19)
(20, 3, 15)
(20, 4, 13)
(20, 5, 13)
(20, 6, 12)
(20, 7, 12)
(20, 8, 12)
(20, 9, 12)
(20, 10, 12)
(20, 11, 12)
(20, 12, 12)
(20, 13, 11)
(20, 14, 8)
(20, 15, 8)
(20, 16, 8)
(20, 17, 8)
(20, 18, 8)
(20, 19, 8)
(20, 20, 7)
(20, 21, 7)
(20, 22, 7)
(20, 23, 7)
(20, 24, 7)
(20, 25, 7)
(20, 26, 7)
(20, 27, 7)
(20, 28, 4)
(20, 29, 4)
(20, 30, 4)
(20, 31, 4)
(20, 32, 4)
(20, 33, 4)
(20, 34, 3)
(20, 35, 3)
(20, 36, 3)
(20, 37, 3)
(20, 38, 3)
(20, 39, 3)

(21, 0, 129)
(21, 1, 65)
(21, 2, 20)
(21, 3, 16)
(21, 4, 14)
(21, 5, 14)
(21, 6, 13)
(21, 7, 13)
(21, 8, 13)
(21, 9, 13)
(21, 10, 13)
(21, 11, 13)
(21, 12, 13)
(21, 13, 12)
(21, 14, 9)
(21, 15, 9)
(21, 16, 9)
(21, 17, 9)
(21, 18, 9)
(21, 19, 9)
(21, 20, 8)
(21, 21, 8)
(21, 22, 8)
(21, 23, 8)
(21, 24, 8)
(21, 25, 8)
(21, 26, 8)
(21, 27, 8)
(21, 28, 5)
(21, 29, 5)
(21, 30, 5)
(21, 31, 5)
(21, 32, 5)
(21, 33, 5)
(21, 34, 4)
(21, 35, 4)
(21, 36, 4)
(21, 37, 4)
(21, 38, 4)
(21, 39, 4)

(22, 0, 129)
(22, 1, 65)
(22, 2, 20)
(22, 3, 16)
(22, 4, 14)
(22, 5, 14)
(22, 6, 13)
(22, 7, 13)
(22, 8, 13)
(22, 9, 13)
(22, 10, 13)
(22, 11, 13)
(22, 12, 13)
(22, 13, 12)
(22, 14, 9)
(22, 15, 9)
(22, 16, 9)
(22, 17, 9)
(22, 18, 9)
(22, 19, 9)
(22, 20, 8)
(22, 21, 8)
(22, 22, 8)
(22, 23, 8)
(22, 24, 8)
(22, 25, 8)
(22, 26, 8)
(22, 27, 8)
(22, 28, 5)
(22, 29, 5)
(22, 30, 5)
(22, 31, 5)
(22, 32, 5)
(22, 33, 5)
(22, 34, 4)
(22, 35, 4)
(22, 36, 4)
(22, 37, 4)
(22, 38, 4)
(22, 39, 4)

(23, 0, 133)
(23, 1, 69)
(23, 2, 23)
(23, 3, 19)
(23, 4, 16)
(23, 5, 16)
(23, 6, 15)
(23, 7, 15)
(23, 8, 15)
(23, 9, 15)
(23, 10, 15)
(23, 11, 15)
(23, 12, 15)
(23, 13, 14)
(23, 14, 10)
(23, 15, 10)
(23, 16, 10)
(23, 17, 10)
(23, 18, 10)
(23, 19, 10)
(23, 20, 9)
(23, 21, 9)
(23, 22, 9)
(23, 23, 9)
(23, 24, 9)
(23, 25, 9)
(23, 26, 9)
(23, 27, 9)
(23, 28, 6)
(23, 29, 6)
(23, 30, 6)
(23, 31, 6)
(23, 32, 6)
(23, 33, 6)
(23, 34, 5)
(23, 35, 5)
(23, 36, 5)
(23, 37, 5)
(23, 38, 5)
(23, 39, 5)

(24, 0, 189)
(24, 1, 83)
(24, 2, 24)
(24, 3, 18)
(24, 4, 16)
(24, 5, 16)
(24, 6, 15)
(24, 7, 15)
(24, 8, 15)
(24, 9, 15)
(24, 10, 15)
(24, 11, 15)
(24, 12, 15)
(24, 13, 14)
(24, 14, 10)
(24, 15, 10)
(24, 16, 10)
(24, 17, 10)
(24, 18, 10)
(24, 19, 10)
(24, 20, 9)
(24, 21, 9)
(24, 22, 9)
(24, 23, 9)
(24, 24, 9)
(24, 25, 9)
(24, 26, 9)
(24, 27, 9)
(24, 28, 6)
(24, 29, 6)
(24, 30, 6)
(24, 31, 6)
(24, 32, 6)
(24, 33, 6)
(24, 34, 5)
(24, 35, 5)
(24, 36, 5)
(24, 37, 5)
(24, 38, 5)
(24, 39, 5)

(25, 0, 192)
(25, 1, 84)
(25, 2, 24)
(25, 3, 18)
(25, 4, 16)
(25, 5, 16)
(25, 6, 15)
(25, 7, 15)
(25, 8, 15)
(25, 9, 15)
(25, 10, 15)
(25, 11, 15)
(25, 12, 15)
(25, 13, 14)
(25, 14, 10)
(25, 15, 10)
(25, 16, 10)
(25, 17, 10)
(25, 18, 10)
(25, 19, 10)
(25, 20, 9)
(25, 21, 9)
(25, 22, 9)
(25, 23, 9)
(25, 24, 9)
(25, 25, 9)
(25, 26, 9)
(25, 27, 9)
(25, 28, 6)
(25, 29, 6)
(25, 30, 6)
(25, 31, 6)
(25, 32, 6)
(25, 33, 6)
(25, 34, 5)
(25, 35, 5)
(25, 36, 5)
(25, 37, 5)
(25, 38, 5)
(25, 39, 5)

(26, 0, 192)
(26, 1, 84)
(26, 2, 24)
(26, 3, 18)
(26, 4, 16)
(26, 5, 16)
(26, 6, 15)
(26, 7, 15)
(26, 8, 15)
(26, 9, 15)
(26, 10, 15)
(26, 11, 15)
(26, 12, 15)
(26, 13, 14)
(26, 14, 10)
(26, 15, 10)
(26, 16, 10)
(26, 17, 10)
(26, 18, 10)
(26, 19, 10)
(26, 20, 9)
(26, 21, 9)
(26, 22, 9)
(26, 23, 9)
(26, 24, 9)
(26, 25, 9)
(26, 26, 9)
(26, 27, 9)
(26, 28, 6)
(26, 29, 6)
(26, 30, 6)
(26, 31, 6)
(26, 32, 6)
(26, 33, 6)
(26, 34, 5)
(26, 35, 5)
(26, 36, 5)
(26, 37, 5)
(26, 38, 5)
(26, 39, 5)

(27, 0, 192)
(27, 1, 84)
(27, 2, 24)
(27, 3, 18)
(27, 4, 16)
(27, 5, 16)
(27, 6, 15)
(27, 7, 15)
(27, 8, 15)
(27, 9, 15)
(27, 10, 15)
(27, 11, 15)
(27, 12, 15)
(27, 13, 14)
(27, 14, 10)
(27, 15, 10)
(27, 16, 10)
(27, 17, 10)
(27, 18, 10)
(27, 19, 10)
(27, 20, 9)
(27, 21, 9)
(27, 22, 9)
(27, 23, 9)
(27, 24, 9)
(27, 25, 9)
(27, 26, 9)
(27, 27, 9)
(27, 28, 6)
(27, 29, 6)
(27, 30, 6)
(27, 31, 6)
(27, 32, 6)
(27, 33, 6)
(27, 34, 5)
(27, 35, 5)
(27, 36, 5)
(27, 37, 5)
(27, 38, 5)
(27, 39, 5)

(28, 0, 192)
(28, 1, 84)
(28, 2, 24)
(28, 3, 18)
(28, 4, 16)
(28, 5, 16)
(28, 6, 15)
(28, 7, 15)
(28, 8, 15)
(28, 9, 15)
(28, 10, 15)
(28, 11, 15)
(28, 12, 15)
(28, 13, 14)
(28, 14, 10)
(28, 15, 10)
(28, 16, 10)
(28, 17, 10)
(28, 18, 10)
(28, 19, 10)
(28, 20, 9)
(28, 21, 9)
(28, 22, 9)
(28, 23, 9)
(28, 24, 9)
(28, 25, 9)
(28, 26, 9)
(28, 27, 9)
(28, 28, 6)
(28, 29, 6)
(28, 30, 6)
(28, 31, 6)
(28, 32, 6)
(28, 33, 6)
(28, 34, 5)
(28, 35, 5)
(28, 36, 5)
(28, 37, 5)
(28, 38, 5)
(28, 39, 5)

(29, 0, 192)
(29, 1, 84)
(29, 2, 24)
(29, 3, 18)
(29, 4, 16)
(29, 5, 16)
(29, 6, 15)
(29, 7, 15)
(29, 8, 15)
(29, 9, 15)
(29, 10, 15)
(29, 11, 15)
(29, 12, 15)
(29, 13, 14)
(29, 14, 10)
(29, 15, 10)
(29, 16, 10)
(29, 17, 10)
(29, 18, 10)
(29, 19, 10)
(29, 20, 9)
(29, 21, 9)
(29, 22, 9)
(29, 23, 9)
(29, 24, 9)
(29, 25, 9)
(29, 26, 9)
(29, 27, 9)
(29, 28, 6)
(29, 29, 6)
(29, 30, 6)
(29, 31, 6)
(29, 32, 6)
(29, 33, 6)
(29, 34, 5)
(29, 35, 5)
(29, 36, 5)
(29, 37, 5)
(29, 38, 5)
(29, 39, 5)

(30, 0, 192)
(30, 1, 84)
(30, 2, 24)
(30, 3, 18)
(30, 4, 16)
(30, 5, 16)
(30, 6, 15)
(30, 7, 15)
(30, 8, 15)
(30, 9, 15)
(30, 10, 15)
(30, 11, 15)
(30, 12, 15)
(30, 13, 14)
(30, 14, 10)
(30, 15, 10)
(30, 16, 10)
(30, 17, 10)
(30, 18, 10)
(30, 19, 10)
(30, 20, 9)
(30, 21, 9)
(30, 22, 9)
(30, 23, 9)
(30, 24, 9)
(30, 25, 9)
(30, 26, 9)
(30, 27, 9)
(30, 28, 6)
(30, 29, 6)
(30, 30, 6)
(30, 31, 6)
(30, 32, 6)
(30, 33, 6)
(30, 34, 5)
(30, 35, 5)
(30, 36, 5)
(30, 37, 5)
(30, 38, 5)
(30, 39, 5)

(31, 0, 194)
(31, 1, 86)
(31, 2, 26)
(31, 3, 20)
(31, 4, 18)
(31, 5, 18)
(31, 6, 17)
(31, 7, 17)
(31, 8, 17)
(31, 9, 17)
(31, 10, 17)
(31, 11, 17)
(31, 12, 17)
(31, 13, 16)
(31, 14, 12)
(31, 15, 12)
(31, 16, 12)
(31, 17, 12)
(31, 18, 12)
(31, 19, 11)
(31, 20, 10)
(31, 21, 10)
(31, 22, 10)
(31, 23, 10)
(31, 24, 10)
(31, 25, 10)
(31, 26, 10)
(31, 27, 10)
(31, 28, 7)
(31, 29, 7)
(31, 30, 7)
(31, 31, 7)
(31, 32, 7)
(31, 33, 7)
(31, 34, 6)
(31, 35, 6)
(31, 36, 6)
(31, 37, 6)
(31, 38, 6)
(31, 39, 6)

(32, 0, 194)
(32, 1, 86)
(32, 2, 26)
(32, 3, 20)
(32, 4, 18)
(32, 5, 18)
(32, 6, 17)
(32, 7, 17)
(32, 8, 17)
(32, 9, 17)
(32, 10, 17)
(32, 11, 17)
(32, 12, 17)
(32, 13, 16)
(32, 14, 12)
(32, 15, 12)
(32, 16, 12)
(32, 17, 12)
(32, 18, 12)
(32, 19, 11)
(32, 20, 10)
(32, 21, 10)
(32, 22, 10)
(32, 23, 10)
(32, 24, 10)
(32, 25, 10)
(32, 26, 10)
(32, 27, 10)
(32, 28, 7)
(32, 29, 7)
(32, 30, 7)
(32, 31, 7)
(32, 32, 7)
(32, 33, 7)
(32, 34, 6)
(32, 35, 6)
(32, 36, 6)
(32, 37, 6)
(32, 38, 6)
(32, 39, 6)

(33, 0, 194)
(33, 1, 86)
(33, 2, 26)
(33, 3, 20)
(33, 4, 18)
(33, 5, 18)
(33, 6, 17)
(33, 7, 17)
(33, 8, 17)
(33, 9, 17)
(33, 10, 17)
(33, 11, 17)
(33, 12, 17)
(33, 13, 16)
(33, 14, 12)
(33, 15, 12)
(33, 16, 12)
(33, 17, 12)
(33, 18, 12)
(33, 19, 11)
(33, 20, 10)
(33, 21, 10)
(33, 22, 10)
(33, 23, 10)
(33, 24, 10)
(33, 25, 10)
(33, 26, 10)
(33, 27, 10)
(33, 28, 7)
(33, 29, 7)
(33, 30, 7)
(33, 31, 7)
(33, 32, 7)
(33, 33, 7)
(33, 34, 6)
(33, 35, 6)
(33, 36, 6)
(33, 37, 6)
(33, 38, 6)
(33, 39, 6)

(34, 0, 194)
(34, 1, 86)
(34, 2, 26)
(34, 3, 20)
(34, 4, 18)
(34, 5, 18)
(34, 6, 17)
(34, 7, 17)
(34, 8, 17)
(34, 9, 17)
(34, 10, 17)
(34, 11, 17)
(34, 12, 17)
(34, 13, 16)
(34, 14, 12)
(34, 15, 12)
(34, 16, 12)
(34, 17, 12)
(34, 18, 12)
(34, 19, 11)
(34, 20, 10)
(34, 21, 10)
(34, 22, 10)
(34, 23, 10)
(34, 24, 10)
(34, 25, 10)
(34, 26, 10)
(34, 27, 10)
(34, 28, 7)
(34, 29, 7)
(34, 30, 7)
(34, 31, 7)
(34, 32, 7)
(34, 33, 7)
(34, 34, 6)
(34, 35, 6)
(34, 36, 6)
(34, 37, 6)
(34, 38, 6)
(34, 39, 6)

(35, 0, 194)
(35, 1, 86)
(35, 2, 26)
(35, 3, 20)
(35, 4, 18)
(35, 5, 18)
(35, 6, 17)
(35, 7, 17)
(35, 8, 17)
(35, 9, 17)
(35, 10, 17)
(35, 11, 17)
(35, 12, 17)
(35, 13, 16)
(35, 14, 12)
(35, 15, 12)
(35, 16, 12)
(35, 17, 12)
(35, 18, 12)
(35, 19, 11)
(35, 20, 10)
(35, 21, 10)
(35, 22, 10)
(35, 23, 10)
(35, 24, 10)
(35, 25, 10)
(35, 26, 10)
(35, 27, 10)
(35, 28, 7)
(35, 29, 7)
(35, 30, 7)
(35, 31, 7)
(35, 32, 7)
(35, 33, 7)
(35, 34, 6)
(35, 35, 6)
(35, 36, 6)
(35, 37, 6)
(35, 38, 6)
(35, 39, 6)

(36, 0, 194)
(36, 1, 86)
(36, 2, 26)
(36, 3, 20)
(36, 4, 18)
(36, 5, 18)
(36, 6, 17)
(36, 7, 17)
(36, 8, 17)
(36, 9, 17)
(36, 10, 17)
(36, 11, 17)
(36, 12, 17)
(36, 13, 16)
(36, 14, 12)
(36, 15, 12)
(36, 16, 12)
(36, 17, 12)
(36, 18, 12)
(36, 19, 11)
(36, 20, 10)
(36, 21, 10)
(36, 22, 10)
(36, 23, 10)
(36, 24, 10)
(36, 25, 10)
(36, 26, 10)
(36, 27, 10)
(36, 28, 7)
(36, 29, 7)
(36, 30, 7)
(36, 31, 7)
(36, 32, 7)
(36, 33, 7)
(36, 34, 6)
(36, 35, 6)
(36, 36, 6)
(36, 37, 6)
(36, 38, 6)
(36, 39, 6)

(37, 0, 194)
(37, 1, 86)
(37, 2, 26)
(37, 3, 20)
(37, 4, 18)
(37, 5, 18)
(37, 6, 17)
(37, 7, 17)
(37, 8, 17)
(37, 9, 17)
(37, 10, 17)
(37, 11, 17)
(37, 12, 17)
(37, 13, 16)
(37, 14, 12)
(37, 15, 12)
(37, 16, 12)
(37, 17, 12)
(37, 18, 12)
(37, 19, 11)
(37, 20, 10)
(37, 21, 10)
(37, 22, 10)
(37, 23, 10)
(37, 24, 10)
(37, 25, 10)
(37, 26, 10)
(37, 27, 10)
(37, 28, 7)
(37, 29, 7)
(37, 30, 7)
(37, 31, 7)
(37, 32, 7)
(37, 33, 7)
(37, 34, 6)
(37, 35, 6)
(37, 36, 6)
(37, 37, 6)
(37, 38, 6)
(37, 39, 6)

(38, 0, 214)
(38, 1, 95)
(38, 2, 30)
(38, 3, 23)
(38, 4, 20)
(38, 5, 19)
(38, 6, 18)
(38, 7, 18)
(38, 8, 18)
(38, 9, 18)
(38, 10, 18)
(38, 11, 18)
(38, 12, 18)
(38, 13, 17)
(38, 14, 13)
(38, 15, 13)
(38, 16, 13)
(38, 17, 13)
(38, 18, 13)
(38, 19, 12)
(38, 20, 11)
(38, 21, 11)
(38, 22, 11)
(38, 23, 11)
(38, 24, 11)
(38, 25, 11)
(38, 26, 11)
(38, 27, 11)
(38, 28, 8)
(38, 29, 8)
(38, 30, 8)
(38, 31, 8)
(38, 32, 8)
(38, 33, 8)
(38, 34, 7)
(38, 35, 7)
(38, 36, 7)
(38, 37, 7)
(38, 38, 7)
(38, 39, 7)

(39, 0, 246)
(39, 1, 108)
(39, 2, 29)
(39, 3, 22)
(39, 4, 19)
(39, 5, 19)
(39, 6, 18)
(39, 7, 18)
(39, 8, 18)
(39, 9, 18)
(39, 10, 18)
(39, 11, 18)
(39, 12, 18)
(39, 13, 17)
(39, 14, 13)
(39, 15, 13)
(39, 16, 13)
(39, 17, 13)
(39, 18, 13)
(39, 19, 12)
(39, 20, 11)
(39, 21, 11)
(39, 22, 11)
(39, 23, 11)
(39, 24, 11)
(39, 25, 11)
(39, 26, 11)
(39, 27, 11)
(39, 28, 8)
(39, 29, 8)
(39, 30, 8)
(39, 31, 8)
(39, 32, 8)
(39, 33, 8)
(39, 34, 7)
(39, 35, 7)
(39, 36, 7)
(39, 37, 7)
(39, 38, 7)
(39, 39, 7)


Betti numbers:
xi_0:
(0, 0, 1)
(3, 0, 1)
(4, 0, 15)
(5, 0, 33)
(6, 0, 18)
(8, 0, 21)
(9, 0, 29)
(10, 0, 10)
(21, 0, 1)
(23, 0, 4)
(24, 0, 56)
(25, 0, 3)
(31, 0, 2)
(38, 0, 20)
(39, 0, 32)
xi_1:
(3, 28, 1)
(4, 1, 8)
(4, 2, 3)
(4, 4, 2)
(5, 1, 16)
(5, 2, 12)
(5, 3, 3)
(5, 14, 1)
(5, 20, 1)
(5, 28, 1)
(6, 1, 5)
(6, 2, 9)
(6, 6, 1)
(6, 13, 1)
(6, 14, 1)
(6, 28, 1)
(8, 1, 9)
(8, 2, 8)
(8, 3, 1)
(8, 4, 1)
(8, 14, 1)
(8, 34, 1)
(9, 1, 16)
(9, 2, 13)
(9, 3, 1)
(10, 1, 10)
(23, 2, 1)
(23, 4, 1)
(23, 14, 1)
(24, 1, 42)
(24, 2, 13)
(24, 3, 2)
(25, 1, 2)
(25, 2, 2)
(31, 19, 1)
(38, 1, 11)
(38, 2, 5)
(38, 3, 1)
(38, 4, 1)
(38, 5, 1)
(39, 1, 19)
(39, 2, 14)
xi_2:
(6, 3, 1)
(9, 4, 1)
(24, 4, 1)
(25, 2, 1)
(39, 5, 1)
