x-grades
-62398630780398451/80000000000000000
-30540820534040271/40000000000000000
-59764651355762633/80000000000000000
-14611915410861181/20000000000000000
-11426134386225363/16000000000000000
-27906841109404453/40000000000000000
-54496692506490997/80000000000000000
-1661865712317909/2500000000000000
-51862713081855179/80000000000000000
-5054572336953727/8000000000000000
-49228733657219361/80000000000000000
-11977935986225363/20000000000000000
-46594754232583543/80000000000000000
-22638882260132817/40000000000000000
-1758430992317909/3200000000000000
-5330473136953727/10000000000000000
-41326795383311907/80000000000000000
-20004902835496999/40000000000000000
-38692815958676089/80000000000000000
-1868791312317909/4000000000000000
-36058836534040271/80000000000000000
-17370923410861181/40000000000000000
-33424857109404453/80000000000000000
-2006741712317909/5000000000000000
-6158175536953727/16000000000000000
-14736943986225363/40000000000000000
-28156898260132817/80000000000000000
-6709977136953727/20000000000000000
-25522918835496999/80000000000000000
-2420592912317909/8000000000000000
-22888939410861181/80000000000000000
-2696493712317909/10000000000000000
-20254959986225363/80000000000000000
-9468985136953727/40000000000000000
-3524196112317909/16000000000000000
-4075997712317909/20000000000000000
-14987001136953727/80000000000000000
-6835005712317909/40000000000000000
-12353021712317909/80000000000000000
-86219/625000

y-grades
1996513/8000000
1996513/4000000
5989539/8000000
1996513/2000000
1996513/1600000
5989539/4000000
13975591/8000000
1996513/1000000
17968617/8000000
1996513/800000
21961643/8000000
5989539/2000000
25954669/8000000
13975591/4000000
5989539/1600000
1996513/500000
33940721/8000000
17968617/4000000
37933747/8000000
1996513/400000
41926773/8000000
21961643/4000000
45919799/8000000
5989539/1000000
1996513/320000
25954669/4000000
53905851/8000000
13975591/2000000
57898877/8000000
5989539/800000
61891903/8000000
1996513/250000
65884929/8000000
33940721/4000000
13975591/1600000
17968617/2000000
73870981/8000000
37933747/4000000
77864007/8000000
1996513/200000

Dimensions > 0:
(0, 0, 1)
(0, 1, 1)
(0, 2, 1)
(0, 3, 1)
(0, 4, 1)
(0, 5, 1)
(0, 6, 1)
(0, 7, 1)
(0, 8, 1)
(0, 9, 1)
(0, 10, 1)
(0, 11, 1)
(0, 12, 1)
(0, 13, 1)
(0, 14, 1)
(0, 15, 1)
(0, 16, 1)
(0, 17, 1)
(0, 18, 1)
(0, 19, 1)
(0, 20, 1)
(0, 21, 1)
(0, 22, 1)
(0, 23, 1)
(0, 24, 1)
(0, 25, 1)
(0, 26, 1)
(0, 27, 1)
(0, 28, 1)
(0, 29, 1)
(0, 30, 1)
(0, 31, 1)
(0, 32, 1)
(0, 33, 1)
(0, 34, 1)
(0, 35, 1)
(0, 36, 1)
(0, 37, 1)
(0, 38, 1)
(0, 39, 1)

(1, 0, 2)
(1, 1, 2)
(1, 2, 2)
(1, 3, 1)
(1, 4, 1)
(1, 5, 1)
(1, 6, 1)
(1, 7, 1)
(1, 8, 1)
(1, 9, 1)
(1, 10, 1)
(1, 11, 1)
(1, 12, 1)
(1, 13, 1)
(1, 14, 1)
(1, 15, 1)
(1, 16, 1)
(1, 17, 1)
(1, 18, 1)
(1, 19, 1)
(1, 20, 1)
(1, 21, 1)
(1, 22, 1)
(1, 23, 1)
(1, 24, 1)
(1, 25, 1)
(1, 26, 1)
(1, 27, 1)
(1, 28, 1)
(1, 29, 1)
(1, 30, 1)
(1, 31, 1)
(1, 32, 1)
(1, 33, 1)
(1, 34, 1)
(1, 35, 1)
(1, 36, 1)
(1, 37, 1)
(1, 38, 1)
(1, 39, 1)

(2, 0, 4)
(2, 1, 4)
(2, 2, 4)
(2, 3, 3)
(2, 4, 3)
(2, 5, 2)
(2, 6, 2)
(2, 7, 2)
(2, 8, 2)
(2, 9, 2)
(2, 10, 2)
(2, 11, 2)
(2, 12, 2)
(2, 13, 2)
(2, 14, 2)
(2, 15, 2)
(2, 16, 2)
(2, 17, 2)
(2, 18, 2)
(2, 19, 2)
(2, 20, 2)
(2, 21, 2)
(2, 22, 2)
(2, 23, 2)
(2, 24, 2)
(2, 25, 2)
(2, 26, 2)
(2, 27, 2)
(2, 28, 2)
(2, 29, 2)
(2, 30, 2)
(2, 31, 2)
(2, 32, 2)
(2, 33, 2)
(2, 34, 2)
(2, 35, 2)
(2, 36, 2)
(2, 37, 2)
(2, 38, 2)
(2, 39, 2)

(3, 0, 7)
(3, 1, 6)
(3, 2, 6)
(3, 3, 5)
(3, 4, 5)
(3, 5, 4)
(3, 6, 2)
(3, 7, 2)
(3, 8, 2)
(3, 9, 2)
(3, 10, 2)
(3, 11, 2)
(3, 12, 2)
(3, 13, 2)
(3, 14, 2)
(3, 15, 2)
(3, 16, 2)
(3, 17, 2)
(3, 18, 2)
(3, 19, 2)
(3, 20, 2)
(3, 21, 2)
(3, 22, 2)
(3, 23, 2)
(3, 24, 2)
(3, 25, 2)
(3, 26, 2)
(3, 27, 2)
(3, 28, 2)
(3, 29, 2)
(3, 30, 2)
(3, 31, 2)
(3, 32, 2)
(3, 33, 2)
(3, 34, 2)
(3, 35, 2)
(3, 36, 2)
(3, 37, 2)
(3, 38, 2)
(3, 39, 2)

(4, 0, 9)
(4, 1, 8)
(4, 2, 8)
(4, 3, 5)
(4, 4, 5)
(4, 5, 4)
(4, 6, 2)
(4, 7, 2)
(4, 8, 2)
(4, 9, 2)
(4, 10, 2)
(4, 11, 2)
(4, 12, 2)
(4, 13, 2)
(4, 14, 2)
(4, 15, 2)
(4, 16, 2)
(4, 17, 2)
(4, 18, 2)
(4, 19, 2)
(4, 20, 2)
(4, 21, 2)
(4, 22, 2)
(4, 23, 2)
(4, 24, 2)
(4, 25, 2)
(4, 26, 2)
(4, 27, 2)
(4, 28, 2)
(4, 29, 2)
(4, 30, 2)
(4, 31, 2)
(4, 32, 2)
(4, 33, 2)
(4, 34, 2)
(4, 35, 2)
(4, 36, 2)
(4, 37, 2)
(4, 38, 2)
(4, 39, 2)

(5, 0, 12)
(5, 1, 11)
(5, 2, 11)
(5, 3, 8)
(5, 4, 8)
(5, 5, 6)
(5, 6, 3)
(5, 7, 3)
(5, 8, 3)
(5, 9, 3)
(5, 10, 3)
(5, 11, 3)
(5, 12, 3)
(5, 13, 3)
(5, 14, 3)
(5, 15, 3)
(5, 16, 3)
(5, 17, 3)
(5, 18, 3)
(5, 19, 3)
(5, 20, 3)
(5, 21, 3)
(5, 22, 3)
(5, 23, 3)
(5, 24, 3)
(5, 25, 3)
(5, 26, 3)
(5, 27, 3)
(5, 28, 3)
(5, 29, 3)
(5, 30, 3)
(5, 31, 3)
(5, 32, 3)
(5, 33, 3)
(5, 34, 3)
(5, 35, 3)
(5, 36, 3)
(5, 37, 3)
(5, 38, 3)
(5, 39, 3)

(6, 0, 15)
(6, 1, 13)
(6, 2, 13)
(6, 3, 9)
(6, 4, 9)
(6, 5, 7)
(6, 6, 3)
(6, 7, 3)
(6, 8, 3)
(6, 9, 3)
(6, 10, 3)
(6, 11, 3)
(6, 12, 3)
(6, 13, 3)
(6, 14, 3)
(6, 15, 3)
(6, 16, 3)
(6, 17, 3)
(6, 18, 3)
(6, 19, 3)
(6, 20, 3)
(6, 21, 3)
(6, 22, 3)
(6, 23, 3)
(6, 24, 3)
(6, 25, 3)
(6, 26, 3)
(6, 27, 3)
(6, 28, 3)
(6, 29, 3)
(6, 30, 3)
(6, 31, 3)
(6, 32, 3)
(6, 33, 3)
(6, 34, 3)
(6, 35, 3)
(6, 36, 3)
(6, 37, 3)
(6, 38, 3)
(6, 39, 3)

(7, 0, 19)
(7, 1, 16)
(7, 2, 16)
(7, 3, 11)
(7, 4, 10)
(7, 5, 8)
(7, 6, 3)
(7, 7, 3)
(7, 8, 3)
(7, 9, 3)
(7, 10, 3)
(7, 11, 3)
(7, 12, 3)
(7, 13, 3)
(7, 14, 3)
(7, 15, 3)
(7, 16, 3)
(7, 17, 3)
(7, 18, 3)
(7, 19, 3)
(7, 20, 3)
(7, 21, 3)
(7, 22, 3)
(7, 23, 3)
(7, 24, 3)
(7, 25, 3)
(7, 26, 3)
(7, 27, 3)
(7, 28, 3)
(7, 29, 3)
(7, 30, 3)
(7, 31, 3)
(7, 32, 3)
(7, 33, 3)
(7, 34, 3)
(7, 35, 3)
(7, 36, 3)
(7, 37, 2)
(7, 38, 2)
(7, 39, 2)

(8, 0, 22)
(8, 1, 19)
(8, 2, 19)
(8, 3, 14)
(8, 4, 13)
(8, 5, 11)
(8, 6, 5)
(8, 7, 5)
(8, 8, 5)
(8, 9, 5)
(8, 10, 5)
(8, 11, 5)
(8, 12, 5)
(8, 13, 5)
(8, 14, 5)
(8, 15, 5)
(8, 16, 5)
(8, 17, 5)
(8, 18, 5)
(8, 19, 5)
(8, 20, 5)
(8, 21, 5)
(8, 22, 5)
(8, 23, 5)
(8, 24, 5)
(8, 25, 4)
(8, 26, 3)
(8, 27, 3)
(8, 28, 3)
(8, 29, 3)
(8, 30, 3)
(8, 31, 3)
(8, 32, 3)
(8, 33, 3)
(8, 34, 3)
(8, 35, 3)
(8, 36, 3)
(8, 37, 2)
(8, 38, 2)
(8, 39, 2)

(9, 0, 23)
(9, 1, 20)
(9, 2, 20)
(9, 3, 14)
(9, 4, 13)
(9, 5, 11)
(9, 6, 5)
(9, 7, 5)
(9, 8, 5)
(9, 9, 5)
(9, 10, 5)
(9, 11, 5)
(9, 12, 5)
(9, 13, 5)
(9, 14, 5)
(9, 15, 5)
(9, 16, 5)
(9, 17, 5)
(9, 18, 5)
(9, 19, 5)
(9, 20, 5)
(9, 21, 5)
(9, 22, 5)
(9, 23, 5)
(9, 24, 3)
(9, 25, 3)
(9, 26, 3)
(9, 27, 3)
(9, 28, 3)
(9, 29, 3)
(9, 30, 3)
(9, 31, 3)
(9, 32, 3)
(9, 33, 3)
(9, 34, 3)
(9, 35, 3)
(9, 36, 3)
(9, 37, 2)
(9, 38, 2)
(9, 39, 2)

(10, 0, 29)
(10, 1, 25)
(10, 2, 24)
(10, 3, 18)
(10, 4, 16)
(10, 5, 14)
(10, 6, 6)
(10, 7, 6)
(10, 8, 6)
(10, 9, 6)
(10, 10, 6)
(10, 11, 6)
(10, 12, 6)
(10, 13, 6)
(10, 14, 6)
(10, 15, 5)
(10, 16, 5)
(10, 17, 5)
(10, 18, 5)
(10, 19, 5)
(10, 20, 5)
(10, 21, 5)
(10, 22, 5)
(10, 23, 5)
(10, 24, 3)
(10, 25, 3)
(10, 26, 3)
(10, 27, 3)
(10, 28, 3)
(10, 29, 3)
(10, 30, 3)
(10, 31, 3)
(10, 32, 3)
(10, 33, 3)
(10, 34, 3)
(10, 35, 3)
(10, 36, 3)
(10, 37, 1)
(10, 38, 1)
(10, 39, 1)

(11, 0, 30)
(11, 1, 26)
(11, 2, 25)
(11, 3, 19)
(11, 4, 17)
(11, 5, 15)
(11, 6, 6)
(11, 7, 6)
(11, 8, 6)
(11, 9, 6)
(11, 10, 6)
(11, 11, 6)
(11, 12, 6)
(11, 13, 6)
(11, 14, 6)
(11, 15, 5)
(11, 16, 5)
(11, 17, 5)
(11, 18, 5)
(11, 19, 5)
(11, 20, 5)
(11, 21, 5)
(11, 22, 5)
(11, 23, 5)
(11, 24, 3)
(11, 25, 3)
(11, 26, 3)
(11, 27, 3)
(11, 28, 3)
(11, 29, 3)
(11, 30, 3)
(11, 31, 3)
(11, 32, 3)
(11, 33, 3)
(11, 34, 3)
(11, 35, 3)
(11, 36, 3)
(11, 37, 1)
(11, 38, 1)
(11, 39, 1)

(12, 0, 33)
(12, 1, 28)
(12, 2, 27)
(12, 3, 21)
(12, 4, 19)
(12, 5, 17)
(12, 6, 8)
(12, 7, 7)
(12, 8, 7)
(12, 9, 7)
(12, 10, 7)
(12, 11, 7)
(12, 12, 7)
(12, 13, 7)
(12, 14, 7)
(12, 15, 5)
(12, 16, 5)
(12, 17, 5)
(12, 18, 5)
(12, 19, 5)
(12, 20, 5)
(12, 21, 5)
(12, 22, 5)
(12, 23, 5)
(12, 24, 3)
(12, 25, 3)
(12, 26, 3)
(12, 27, 3)
(12, 28, 3)
(12, 29, 3)
(12, 30, 3)
(12, 31, 3)
(12, 32, 3)
(12, 33, 3)
(12, 34, 3)
(12, 35, 3)
(12, 36, 3)
(12, 37, 1)
(12, 38, 1)
(12, 39, 1)

(13, 0, 34)
(13, 1, 29)
(13, 2, 28)
(13, 3, 22)
(13, 4, 20)
(13, 5, 16)
(13, 6, 7)
(13, 7, 7)
(13, 8, 7)
(13, 9, 7)
(13, 10, 7)
(13, 11, 7)
(13, 12, 7)
(13, 13, 7)
(13, 14, 7)
(13, 15, 5)
(13, 16, 5)
(13, 17, 5)
(13, 18, 5)
(13, 19, 5)
(13, 20, 5)
(13, 21, 5)
(13, 22, 5)
(13, 23, 5)
(13, 24, 3)
(13, 25, 3)
(13, 26, 3)
(13, 27, 3)
(13, 28, 3)
(13, 29, 3)
(13, 30, 3)
(13, 31, 3)
(13, 32, 3)
(13, 33, 3)
(13, 34, 3)
(13, 35, 3)
(13, 36, 3)
(13, 37, 1)
(13, 38, 1)
(13, 39, 1)

(14, 0, 35)
(14, 1, 30)
(14, 2, 29)
(14, 3, 23)
(14, 4, 21)
(14, 5, 17)
(14, 6, 7)
(14, 7, 7)
(14, 8, 7)
(14, 9, 7)
(14, 10, 7)
(14, 11, 7)
(14, 12, 7)
(14, 13, 7)
(14, 14, 7)
(14, 15, 5)
(14, 16, 5)
(14, 17, 5)
(14, 18, 5)
(14, 19, 5)
(14, 20, 5)
(14, 21, 5)
(14, 22, 5)
(14, 23, 5)
(14, 24, 3)
(14, 25, 3)
(14, 26, 3)
(14, 27, 3)
(14, 28, 3)
(14, 29, 3)
(14, 30, 3)
(14, 31, 3)
(14, 32, 3)
(14, 33, 3)
(14, 34, 3)
(14, 35, 3)
(14, 36, 3)
(14, 37, 1)
(14, 38, 1)
(14, 39, 1)

(15, 0, 38)
(15, 1, 32)
(15, 2, 31)
(15, 3, 25)
(15, 4, 23)
(15, 5, 19)
(15, 6, 9)
(15, 7, 8)
(15, 8, 8)
(15, 9, 8)
(15, 10, 8)
(15, 11, 8)
(15, 12, 8)
(15, 13, 8)
(15, 14, 8)
(15, 15, 6)
(15, 16, 6)
(15, 17, 6)
(15, 18, 6)
(15, 19, 6)
(15, 20, 6)
(15, 21, 6)
(15, 22, 6)
(15, 23, 6)
(15, 24, 4)
(15, 25, 4)
(15, 26, 4)
(15, 27, 4)
(15, 28, 4)
(15, 29, 4)
(15, 30, 4)
(15, 31, 4)
(15, 32, 4)
(15, 33, 4)
(15, 34, 4)
(15, 35, 4)
(15, 36, 4)
(15, 37, 2)
(15, 38, 2)
(15, 39, 2)

(16, 0, 43)
(16, 1, 36)
(16, 2, 35)
(16, 3, 28)
(16, 4, 25)
(16, 5, 19)
(16, 6, 9)
(16, 7, 9)
(16, 8, 9)
(16, 9, 9)
(16, 10, 9)
(16, 11, 9)
(16, 12, 9)
(16, 13, 9)
(16, 14, 9)
(16, 15, 7)
(16, 16, 7)
(16, 17, 7)
(16, 18, 7)
(16, 19, 7)
(16, 20, 7)
(16, 21, 7)
(16, 22, 7)
(16, 23, 7)
(16, 24, 4)
(16, 25, 4)
(16, 26, 4)
(16, 27, 4)
(16, 28, 4)
(16, 29, 4)
(16, 30, 4)
(16, 31, 4)
(16, 32, 4)
(16, 33, 4)
(16, 34, 4)
(16, 35, 4)
(16, 36, 4)
(16, 37, 2)
(16, 38, 2)
(16, 39, 2)

(17, 0, 46)
(17, 1, 39)
(17, 2, 38)
(17, 3, 30)
(17, 4, 27)
(17, 5, 19)
(17, 6, 9)
(17, 7, 9)
(17, 8, 9)
(17, 9, 9)
(17, 10, 9)
(17, 11, 9)
(17, 12, 9)
(17, 13, 9)
(17, 14, 9)
(17, 15, 7)
(17, 16, 7)
(17, 17, 7)
(17, 18, 7)
(17, 19, 7)
(17, 20, 7)
(17, 21, 7)
(17, 22, 7)
(17, 23, 7)
(17, 24, 4)
(17, 25, 4)
(17, 26, 4)
(17, 27, 4)
(17, 28, 4)
(17, 29, 4)
(17, 30, 4)
(17, 31, 4)
(17, 32, 4)
(17, 33, 4)
(17, 34, 4)
(17, 35, 4)
(17, 36, 4)
(17, 37, 2)
(17, 38, 2)
(17, 39, 2)

(18, 0, 46)
(18, 1, 39)
(18, 2, 38)
(18, 3, 30)
(18, 4, 27)
(18, 5, 19)
(18, 6, 9)
(18, 7, 9)
(18, 8, 9)
(18, 9, 9)
(18, 10, 9)
(18, 11, 9)
(18, 12, 9)
(18, 13, 9)
(18, 14, 9)
(18, 15, 7)
(18, 16, 7)
(18, 17, 7)
(18, 18, 7)
(18, 19, 7)
(18, 20, 7)
(18, 21, 7)
(18, 22, 7)
(18, 23, 7)
(18, 24, 4)
(18, 25, 4)
(18, 26, 4)
(18, 27, 4)
(18, 28, 4)
(18, 29, 4)
(18, 30, 4)
(18, 31, 4)
(18, 32, 4)
(18, 33, 4)
(18, 34, 4)
(18, 35, 4)
(18, 36, 4)
(18, 37, 2)
(18, 38, 2)
(18, 39, 2)

(19, 0, 47)
(19, 1, 40)
(19, 2, 39)
(19, 3, 31)
(19, 4, 28)
(19, 5, 20)
(19, 6, 10)
(19, 7, 10)
(19, 8, 10)
(19, 9, 10)
(19, 10, 10)
(19, 11, 10)
(19, 12, 10)
(19, 13, 10)
(19, 14, 10)
(19, 15, 8)
(19, 16, 8)
(19, 17, 8)
(19, 18, 8)
(19, 19, 8)
(19, 20, 8)
(19, 21, 8)
(19, 22, 8)
(19, 23, 8)
(19, 24, 5)
(19, 25, 5)
(19, 26, 5)
(19, 27, 5)
(19, 28, 5)
(19, 29, 5)
(19, 30, 5)
(19, 31, 5)
(19, 32, 5)
(19, 33, 5)
(19, 34, 5)
(19, 35, 5)
(19, 36, 5)
(19, 37, 3)
(19, 38, 3)
(19, 39, 3)

(20, 0, 50)
(20, 1, 42)
(20, 2, 41)
(20, 3, 33)
(20, 4, 29)
(20, 5, 21)
(20, 6, 11)
(20, 7, 11)
(20, 8, 11)
(20, 9, 11)
(20, 10, 11)
(20, 11, 11)
(20, 12, 11)
(20, 13, 11)
(20, 14, 11)
(20, 15, 9)
(20, 16, 9)
(20, 17, 9)
(20, 18, 9)
(20, 19, 9)
(20, 20, 9)
(20, 21, 9)
(20, 22, 9)
(20, 23, 9)
(20, 24, 5)
(20, 25, 5)
(20, 26, 5)
(20, 27, 5)
(20, 28, 5)
(20, 29, 5)
(20, 30, 5)
(20, 31, 5)
(20, 32, 5)
(20, 33, 5)
(20, 34, 5)
(20, 35, 5)
(20, 36, 5)
(20, 37, 3)
(20, 38, 3)
(20, 39, 3)

(21, 0, 56)
(21, 1, 48)
(21, 2, 47)
(21, 3, 36)
(21, 4, 32)
(21, 5, 22)
(21, 6, 12)
(21, 7, 12)
(21, 8, 12)
(21, 9, 12)
(21, 10, 12)
(21, 11, 12)
(21, 12, 12)
(21, 13, 12)
(21, 14, 12)
(21, 15, 10)
(21, 16, 10)
(21, 17, 10)
(21, 18, 10)
(21, 19, 10)
(21, 20, 10)
(21, 21, 10)
(21, 22, 10)
(21, 23, 10)
(21, 24, 6)
(21, 25, 6)
(21, 26, 6)
(21, 27, 6)
(21, 28, 6)
(21, 29, 6)
(21, 30, 5)
(21, 31, 5)
(21, 32, 5)
(21, 33, 5)
(21, 34, 5)
(21, 35, 5)
(21, 36, 5)
(21, 37, 3)
(21, 38, 3)
(21, 39, 3)

(22, 0, 56)
(22, 1, 48)
(22, 2, 47)
(22, 3, 36)
(22, 4, 32)
(22, 5, 22)
(22, 6, 12)
(22, 7, 12)
(22, 8, 12)
(22, 9, 12)
(22, 10, 12)
(22, 11, 12)
(22, 12, 12)
(22, 13, 12)
(22, 14, 12)
(22, 15, 10)
(22, 16, 10)
(22, 17, 10)
(22, 18, 10)
(22, 19, 10)
(22, 20, 10)
(22, 21, 10)
(22, 22, 10)
(22, 23, 10)
(22, 24, 6)
(22, 25, 6)
(22, 26, 6)
(22, 27, 6)
(22, 28, 6)
(22, 29, 6)
(22, 30, 5)
(22, 31, 5)
(22, 32, 5)
(22, 33, 5)
(22, 34, 5)
(22, 35, 5)
(22, 36, 5)
(22, 37, 3)
(22, 38, 3)
(22, 39, 3)

(23, 0, 58)
(23, 1, 50)
(23, 2, 49)
(23, 3, 38)
(23, 4, 33)
(23, 5, 23)
(23, 6, 13)
(23, 7, 13)
(23, 8, 13)
(23, 9, 13)
(23, 10, 13)
(23, 11, 13)
(23, 12, 13)
(23, 13, 13)
(23, 14, 13)
(23, 15, 11)
(23, 16, 11)
(23, 17, 11)
(23, 18, 11)
(23, 19, 11)
(23, 20, 11)
(23, 21, 11)
(23, 22, 11)
(23, 23, 11)
(23, 24, 7)
(23, 25, 7)
(23, 26, 7)
(23, 27, 7)
(23, 28, 7)
(23, 29, 7)
(23, 30, 6)
(23, 31, 6)
(23, 32, 6)
(23, 33, 6)
(23, 34, 6)
(23, 35, 6)
(23, 36, 6)
(23, 37, 4)
(23, 38, 4)
(23, 39, 4)

(24, 0, 60)
(24, 1, 52)
(24, 2, 51)
(24, 3, 38)
(24, 4, 33)
(24, 5, 23)
(24, 6, 13)
(24, 7, 13)
(24, 8, 13)
(24, 9, 13)
(24, 10, 13)
(24, 11, 13)
(24, 12, 13)
(24, 13, 13)
(24, 14, 13)
(24, 15, 11)
(24, 16, 11)
(24, 17, 11)
(24, 18, 11)
(24, 19, 11)
(24, 20, 11)
(24, 21, 11)
(24, 22, 11)
(24, 23, 11)
(24, 24, 7)
(24, 25, 7)
(24, 26, 7)
(24, 27, 7)
(24, 28, 7)
(24, 29, 7)
(24, 30, 6)
(24, 31, 6)
(24, 32, 6)
(24, 33, 6)
(24, 34, 6)
(24, 35, 6)
(24, 36, 6)
(24, 37, 4)
(24, 38, 4)
(24, 39, 4)

(25, 0, 60)
(25, 1, 52)
(25, 2, 51)
(25, 3, 38)
(25, 4, 33)
(25, 5, 23)
(25, 6, 13)
(25, 7, 13)
(25, 8, 13)
(25, 9, 13)
(25, 10, 13)
(25, 11, 13)
(25, 12, 13)
(25, 13, 13)
(25, 14, 13)
(25, 15, 11)
(25, 16, 11)
(25, 17, 11)
(25, 18, 11)
(25, 19, 11)
(25, 20, 11)
(25, 21, 11)
(25, 22, 11)
(25, 23, 11)
(25, 24, 7)
(25, 25, 7)
(25, 26, 7)
(25, 27, 7)
(25, 28, 7)
(25, 29, 7)
(25, 30, 6)
(25, 31, 6)
(25, 32, 6)
(25, 33, 6)
(25, 34, 6)
(25, 35, 6)
(25, 36, 6)
(25, 37, 4)
(25, 38, 4)
(25, 39, 4)

(26, 0, 62)
(26, 1, 54)
(26, 2, 53)
(26, 3, 39)
(26, 4, 34)
(26, 5, 24)
(26, 6, 14)
(26, 7, 14)
(26, 8, 14)
(26, 9, 14)
(26, 10, 14)
(26, 11, 14)
(26, 12, 14)
(26, 13, 14)
(26, 14, 14)
(26, 15, 12)
(26, 16, 12)
(26, 17, 12)
(26, 18, 12)
(26, 19, 12)
(26, 20, 12)
(26, 21, 12)
(26, 22, 12)
(26, 23, 12)
(26, 24, 8)
(26, 25, 8)
(26, 26, 8)
(26, 27, 8)
(26, 28, 8)
(26, 29, 8)
(26, 30, 6)
(26, 31, 6)
(26, 32, 6)
(26, 33, 6)
(26, 34, 6)
(26, 35, 6)
(26, 36, 6)
(26, 37, 4)
(26, 38, 4)
(26, 39, 4)

(27, 0, 62)
(27, 1, 54)
(27, 2, 53)
(27, 3, 39)
(27, 4, 34)
(27, 5, 24)
(27, 6, 14)
(27, 7, 14)
(27, 8, 14)
(27, 9, 14)
(27, 10, 14)
(27, 11, 14)
(27, 12, 14)
(27, 13, 14)
(27, 14, 14)
(27, 15, 12)
(27, 16, 12)
(27, 17, 12)
(27, 18, 12)
(27, 19, 12)
(27, 20, 12)
(27, 21, 12)
(27, 22, 12)
(27, 23, 12)
(27, 24, 8)
(27, 25, 8)
(27, 26, 8)
(27, 27, 8)
(27, 28, 8)
(27, 29, 8)
(27, 30, 6)
(27, 31, 6)
(27, 32, 6)
(27, 33, 6)
(27, 34, 6)
(27, 35, 6)
(27, 36, 6)
(27, 37, 4)
(27, 38, 4)
(27, 39, 4)

(28, 0, 64)
(28, 1, 56)
(28, 2, 55)
(28, 3, 41)
(28, 4, 35)
(28, 5, 25)
(28, 6, 15)
(28, 7, 15)
(28, 8, 15)
(28, 9, 15)
(28, 10, 15)
(28, 11, 15)
(28, 12, 15)
(28, 13, 15)
(28, 14, 15)
(28, 15, 13)
(28, 16, 13)
(28, 17, 13)
(28, 18, 13)
(28, 19, 13)
(28, 20, 13)
(28, 21, 13)
(28, 22, 13)
(28, 23, 13)
(28, 24, 9)
(28, 25, 9)
(28, 26, 9)
(28, 27, 9)
(28, 28, 9)
(28, 29, 9)
(28, 30, 7)
(28, 31, 7)
(28, 32, 7)
(28, 33, 7)
(28, 34, 7)
(28, 35, 7)
(28, 36, 7)
(28, 37, 5)
(28, 38, 5)
(28, 39, 5)

(29, 0, 66)
(29, 1, 58)
(29, 2, 57)
(29, 3, 43)
(29, 4, 35)
(29, 5, 25)
(29, 6, 15)
(29, 7, 15)
(29, 8, 15)
(29, 9, 15)
(29, 10, 15)
(29, 11, 15)
(29, 12, 15)
(29, 13, 15)
(29, 14, 15)
(29, 15, 13)
(29, 16, 13)
(29, 17, 13)
(29, 18, 13)
(29, 19, 13)
(29, 20, 13)
(29, 21, 13)
(29, 22, 13)
(29, 23, 13)
(29, 24, 9)
(29, 25, 9)
(29, 26, 9)
(29, 27, 9)
(29, 28, 9)
(29, 29, 9)
(29, 30, 7)
(29, 31, 7)
(29, 32, 7)
(29, 33, 7)
(29, 34, 7)
(29, 35, 7)
(29, 36, 7)
(29, 37, 5)
(29, 38, 5)
(29, 39, 5)

(30, 0, 66)
(30, 1, 58)
(30, 2, 57)
(30, 3, 43)
(30, 4, 35)
(30, 5, 25)
(30, 6, 15)
(30, 7, 15)
(30, 8, 15)
(30, 9, 15)
(30, 10, 15)
(30, 11, 15)
(30, 12, 15)
(30, 13, 15)
(30, 14, 15)
(30, 15, 13)
(30, 16, 13)
(30, 17, 13)
(30, 18, 13)
(30, 19, 13)
(30, 20, 13)
(30, 21, 13)
(30, 22, 13)
(30, 23, 13)
(30, 24, 9)
(30, 25, 9)
(30, 26, 9)
(30, 27, 9)
(30, 28, 9)
(30, 29, 9)
(30, 30, 7)
(30, 31, 7)
(30, 32, 7)
(30, 33, 7)
(30, 34, 7)
(30, 35, 7)
(30, 36, 7)
(30, 37, 5)
(30, 38, 5)
(30, 39, 5)

(31, 0, 68)
(31, 1, 60)
(31, 2, 59)
(31, 3, 44)
(31, 4, 36)
(31, 5, 26)
(31, 6, 16)
(31, 7, 16)
(31, 8, 16)
(31, 9, 16)
(31, 10, 16)
(31, 11, 16)
(31, 12, 16)
(31, 13, 16)
(31, 14, 16)
(31, 15, 14)
(31, 16, 14)
(31, 17, 14)
(31, 18, 14)
(31, 19, 14)
(31, 20, 14)
(31, 21, 14)
(31, 22, 14)
(31, 23, 14)
(31, 24, 10)
(31, 25, 10)
(31, 26, 10)
(31, 27, 10)
(31, 28, 10)
(31, 29, 10)
(31, 30, 7)
(31, 31, 7)
(31, 32, 7)
(31, 33, 7)
(31, 34, 7)
(31, 35, 7)
(31, 36, 7)
(31, 37, 5)
(31, 38, 5)
(31, 39, 4)

(32, 0, 68)
(32, 1, 60)
(32, 2, 59)
(32, 3, 44)
(32, 4, 36)
(32, 5, 26)
(32, 6, 16)
(32, 7, 16)
(32, 8, 16)
(32, 9, 16)
(32, 10, 16)
(32, 11, 16)
(32, 12, 16)
(32, 13, 16)
(32, 14, 16)
(32, 15, 14)
(32, 16, 14)
(32, 17, 14)
(32, 18, 14)
(32, 19, 14)
(32, 20, 14)
(32, 21, 14)
(32, 22, 14)
(32, 23, 14)
(32, 24, 10)
(32, 25, 10)
(32, 26, 10)
(32, 27, 10)
(32, 28, 10)
(32, 29, 10)
(32, 30, 7)
(32, 31, 7)
(32, 32, 7)
(32, 33, 7)
(32, 34, 7)
(32, 35, 7)
(32, 36, 7)
(32, 37, 5)
(32, 38, 5)
(32, 39, 4)

(33, 0, 68)
(33, 1, 60)
(33, 2, 59)
(33, 3, 44)
(33, 4, 36)
(33, 5, 26)
(33, 6, 16)
(33, 7, 16)
(33, 8, 16)
(33, 9, 16)
(33, 10, 16)
(33, 11, 16)
(33, 12, 16)
(33, 13, 16)
(33, 14, 16)
(33, 15, 14)
(33, 16, 14)
(33, 17, 14)
(33, 18, 14)
(33, 19, 14)
(33, 20, 14)
(33, 21, 14)
(33, 22, 14)
(33, 23, 14)
(33, 24, 10)
(33, 25, 10)
(33, 26, 10)
(33, 27, 10)
(33, 28, 10)
(33, 29, 10)
(33, 30, 7)
(33, 31, 7)
(33, 32, 7)
(33, 33, 7)
(33, 34, 7)
(33, 35, 7)
(33, 36, 7)
(33, 37, 5)
(33, 38, 5)
(33, 39, 4)

(34, 0, 68)
(34, 1, 60)
(34, 2, 59)
(34, 3, 44)
(34, 4, 36)
(34, 5, 26)
(34, 6, 16)
(34, 7, 16)
(34, 8, 16)
(34, 9, 16)
(34, 10, 16)
(34, 11, 16)
(34, 12, 16)
(34, 13, 16)
(34, 14, 16)
(34, 15, 14)
(34, 16, 14)
(34, 17, 14)
(34, 18, 14)
(34, 19, 14)
(34, 20, 14)
(34, 21, 14)
(34, 22, 14)
(34, 23, 14)
(34, 24, 10)
(34, 25, 10)
(34, 26, 10)
(34, 27, 10)
(34, 28, 10)
(34, 29, 10)
(34, 30, 7)
(34, 31, 7)
(34, 32, 7)
(34, 33, 7)
(34, 34, 7)
(34, 35, 7)
(34, 36, 7)
(34, 37, 5)
(34, 38, 5)
(34, 39, 4)

(35, 0, 68)
(35, 1, 60)
(35, 2, 59)
(35, 3, 44)
(35, 4, 36)
(35, 5, 26)
(35, 6, 16)
(35, 7, 16)
(35, 8, 16)
(35, 9, 16)
(35, 10, 16)
(35, 11, 16)
(35, 12, 16)
(35, 13, 16)
(35, 14, 16)
(35, 15, 14)
(35, 16, 14)
(35, 17, 14)
(35, 18, 14)
(35, 19, 14)
(35, 20, 14)
(35, 21, 14)
(35, 22, 14)
(35, 23, 14)
(35, 24, 10)
(35, 25, 10)
(35, 26, 10)
(35, 27, 10)
(35, 28, 10)
(35, 29, 10)
(35, 30, 7)
(35, 31, 7)
(35, 32, 7)
(35, 33, 7)
(35, 34, 7)
(35, 35, 7)
(35, 36, 7)
(35, 37, 5)
(35, 38, 5)
(35, 39, 4)

(36, 0, 68)
(36, 1, 60)
(36, 2, 59)
(36, 3, 44)
(36, 4, 36)
(36, 5, 26)
(36, 6, 16)
(36, 7, 16)
(36, 8, 16)
(36, 9, 16)
(36, 10, 16)
(36, 11, 16)
(36, 12, 16)
(36, 13, 16)
(36, 14, 16)
(36, 15, 14)
(36, 16, 14)
(36, 17, 14)
(36, 18, 14)
(36, 19, 14)
(36, 20, 14)
(36, 21, 14)
(36, 22, 14)
(36, 23, 14)
(36, 24, 10)
(36, 25, 10)
(36, 26, 10)
(36, 27, 10)
(36, 28, 10)
(36, 29, 10)
(36, 30, 7)
(36, 31, 7)
(36, 32, 7)
(36, 33, 7)
(36, 34, 7)
(36, 35, 7)
(36, 36, 7)
(36, 37, 5)
(36, 38, 5)
(36, 39, 4)

(37, 0, 68)
(37, 1, 60)
(37, 2, 59)
(37, 3, 44)
(37, 4, 36)
(37, 5, 26)
(37, 6, 16)
(37, 7, 16)
(37, 8, 16)
(37, 9, 16)
(37, 10, 16)
(37, 11, 16)
(37, 12, 16)
(37, 13, 16)
(37, 14, 16)
(37, 15, 14)
(37, 16, 14)
(37, 17, 14)
(37, 18, 14)
(37, 19, 14)
(37, 20, 14)
(37, 21, 14)
(37, 22, 14)
(37, 23, 14)
(37, 24, 10)
(37, 25, 10)
(37, 26, 10)
(37, 27, 10)
(37, 28, 10)
(37, 29, 10)
(37, 30, 7)
(37, 31, 7)
(37, 32, 7)
(37, 33, 7)
(37, 34, 7)
(37, 35, 7)
(37, 36, 7)
(37, 37, 5)
(37, 38, 5)
(37, 39, 4)

(38, 0, 68)
(38, 1, 60)
(38, 2, 59)
(38, 3, 44)
(38, 4, 36)
(38, 5, 26)
(38, 6, 16)
(38, 7, 16)
(38, 8, 16)
(38, 9, 16)
(38, 10, 16)
(38, 11, 16)
(38, 12, 16)
(38, 13, 16)
(38, 14, 16)
(38, 15, 14)
(38, 16, 14)
(38, 17, 14)
(38, 18, 14)
(38, 19, 14)
(38, 20, 14)
(38, 21, 14)
(38, 22, 14)
(38, 23, 14)
(38, 24, 10)
(38, 25, 10)
(38, 26, 10)
(38, 27, 10)
(38, 28, 10)
(38, 29, 10)
(38, 30, 7)
(38, 31, 7)
(38, 32, 7)
(38, 33, 7)
(38, 34, 7)
(38, 35, 7)
(38, 36, 7)
(38, 37, 5)
(38, 38, 5)
(38, 39, 4)

(39, 0, 70)
(39, 1, 62)
(39, 2, 61)
(39, 3, 45)
(39, 4, 37)
(39, 5, 27)
(39, 6, 17)
(39, 7, 17)
(39, 8, 17)
(39, 9, 17)
(39, 10, 17)
(39, 11, 17)
(39, 12, 17)
(39, 13, 17)
(39, 14, 17)
(39, 15, 15)
(39, 16, 15)
(39, 17, 15)
(39, 18, 15)
(39, 19, 15)
(39, 20, 15)
(39, 21, 15)
(39, 22, 15)
(39, 23, 15)
(39, 24, 11)
(39, 25, 11)
(39, 26, 11)
(39, 27, 11)
(39, 28, 11)
(39, 29, 11)
(39, 30, 7)
(39, 31, 7)
(39, 32, 7)
(39, 33, 7)
(39, 34, 7)
(39, 35, 7)
(39, 36, 7)
(39, 37, 5)
(39, 38, 5)
(39, 39, 3)


Betti numbers:
xi_0:
(0, 0, 1)
(1, 0, 1)
(2, 0, 2)
(3, 0, 3)
(4, 0, 2)
(5, 0, 3)
(6, 0, 3)
(7, 0, 4)
(8, 0, 3)
(9, 0, 1)
(10, 0, 6)
(11, 0, 1)
(12, 0, 3)
(13, 0, 1)
(14, 0, 1)
(15, 0, 3)
(16, 0, 5)
(17, 0, 3)
(19, 0, 1)
(20, 0, 3)
(21, 0, 6)
(23, 0, 2)
(24, 0, 2)
(26, 0, 2)
(28, 0, 2)
(29, 0, 2)
(31, 0, 2)
(39, 0, 2)
xi_1:
(1, 3, 1)
(2, 5, 1)
(3, 1, 1)
(3, 6, 2)
(4, 3, 2)
(5, 5, 1)
(5, 6, 1)
(6, 1, 1)
(6, 3, 1)
(6, 6, 1)
(7, 1, 1)
(7, 3, 1)
(7, 4, 1)
(7, 6, 1)
(7, 37, 1)
(8, 6, 1)
(8, 25, 1)
(8, 26, 1)
(9, 3, 1)
(9, 24, 2)
(10, 1, 1)
(10, 2, 1)
(10, 4, 1)
(10, 6, 2)
(10, 15, 1)
(10, 37, 1)
(11, 6, 1)
(12, 1, 1)
(12, 7, 1)
(12, 15, 1)
(13, 5, 2)
(14, 6, 1)
(15, 1, 1)
(15, 7, 1)
(16, 1, 1)
(16, 3, 1)
(16, 4, 1)
(16, 5, 2)
(16, 24, 1)
(17, 3, 1)
(17, 5, 2)
(20, 1, 1)
(20, 4, 1)
(20, 24, 1)
(21, 3, 3)
(21, 5, 2)
(21, 30, 1)
(23, 4, 1)
(24, 3, 2)
(26, 3, 1)
(26, 30, 1)
(28, 4, 1)
(29, 4, 2)
(31, 3, 1)
(31, 30, 1)
(31, 39, 1)
(39, 3, 1)
(39, 30, 1)
(39, 39, 1)
xi_2:
(9, 25, 1)
(9, 26, 1)
(13, 7, 1)
(16, 7, 1)
