x-grades
-1160581626789688383/400000000000000000
-568708178349179583/200000000000000000
-1114251086607029949/400000000000000000
-272771454128925183/100000000000000000
-213584109284874303/80000000000000000
-522377638166521149/200000000000000000
-1021590006241713081/400000000000000000
-124803092018797983/50000000000000000
-975259466059054647/400000000000000000
-95209419596772543/40000000000000000
-928928925876396213/400000000000000000
-226440913946266749/100000000000000000
-882598385693737779/400000000000000000
-429716557801204281/200000000000000000
-167253569102215869/80000000000000000
-50818910963734383/25000000000000000
-789937305328420911/400000000000000000
-383386017618545847/200000000000000000
-743606765145762477/400000000000000000
-36022074752721663/20000000000000000
-697276224963104043/400000000000000000
-337055477435887413/200000000000000000
-650945684780445609/400000000000000000
-78472551836139549/50000000000000000
-24184605783911487/16000000000000000
-290724937253228979/200000000000000000
-558284604415128741/400000000000000000
-133779833580949881/100000000000000000
-511954064232470307/400000000000000000
-48878879414114109/40000000000000000
-465623524049811873/400000000000000000
-13826820436202583/12500000000000000
-419292983867153439/400000000000000000
-198063856887912111/200000000000000000
-74592488736899001/80000000000000000
-87449293398291447/100000000000000000
-326631903501836571/400000000000000000
-151733316705253677/200000000000000000
-280301363319178137/400000000000000000
-6428402330696223/10000000000000000

y-grades
396951/1600000
396951/800000
1190853/1600000
396951/400000
396951/320000
1190853/800000
2778657/1600000
396951/200000
3572559/1600000
396951/160000
4366461/1600000
1190853/400000
5160363/1600000
2778657/800000
1190853/320000
396951/100000
6748167/1600000
3572559/800000
7542069/1600000
396951/80000
8335971/1600000
4366461/800000
9129873/1600000
1190853/200000
396951/64000
5160363/800000
10717677/1600000
2778657/400000
11511579/1600000
1190853/160000
12305481/1600000
396951/50000
13099383/1600000
6748167/800000
2778657/320000
3572559/400000
14687187/1600000
7542069/800000
15481089/1600000
396951/40000

Dimensions > 0:
(0, 0, 3)
(0, 1, 3)
(0, 2, 3)
(0, 3, 3)
(0, 4, 3)
(0, 5, 3)
(0, 6, 3)
(0, 7, 3)
(0, 8, 3)
(0, 9, 1)
(0, 10, 1)
(0, 11, 1)
(0, 12, 1)
(0, 13, 1)
(0, 14, 1)
(0, 15, 1)
(0, 16, 1)
(0, 17, 1)
(0, 18, 1)
(0, 19, 1)
(0, 20, 1)
(0, 21, 1)
(0, 22, 1)
(0, 23, 1)
(0, 24, 1)
(0, 25, 1)
(0, 26, 1)
(0, 27, 1)
(0, 28, 1)
(0, 29, 1)
(0, 30, 1)
(0, 31, 1)
(0, 32, 1)
(0, 33, 1)
(0, 34, 1)
(0, 35, 1)
(0, 36, 1)
(0, 37, 1)
(0, 38, 1)
(0, 39, 1)

(1, 0, 4)
(1, 1, 4)
(1, 2, 4)
(1, 3, 4)
(1, 4, 4)
(1, 5, 4)
(1, 6, 4)
(1, 7, 4)
(1, 8, 4)
(1, 9, 1)
(1, 10, 1)
(1, 11, 1)
(1, 12, 1)
(1, 13, 1)
(1, 14, 1)
(1, 15, 1)
(1, 16, 1)
(1, 17, 1)
(1, 18, 1)
(1, 19, 1)
(1, 20, 1)
(1, 21, 1)
(1, 22, 1)
(1, 23, 1)
(1, 24, 1)
(1, 25, 1)
(1, 26, 1)
(1, 27, 1)
(1, 28, 1)
(1, 29, 1)
(1, 30, 1)
(1, 31, 1)
(1, 32, 1)
(1, 33, 1)
(1, 34, 1)
(1, 35, 1)
(1, 36, 1)
(1, 37, 1)
(1, 38, 1)
(1, 39, 1)

(2, 0, 4)
(2, 1, 4)
(2, 2, 4)
(2, 3, 4)
(2, 4, 4)
(2, 5, 4)
(2, 6, 4)
(2, 7, 4)
(2, 8, 4)
(2, 9, 1)
(2, 10, 1)
(2, 11, 1)
(2, 12, 1)
(2, 13, 1)
(2, 14, 1)
(2, 15, 1)
(2, 16, 1)
(2, 17, 1)
(2, 18, 1)
(2, 19, 1)
(2, 20, 1)
(2, 21, 1)
(2, 22, 1)
(2, 23, 1)
(2, 24, 1)
(2, 25, 1)
(2, 26, 1)
(2, 27, 1)
(2, 28, 1)
(2, 29, 1)
(2, 30, 1)
(2, 31, 1)
(2, 32, 1)
(2, 33, 1)
(2, 34, 1)
(2, 35, 1)
(2, 36, 1)
(2, 37, 1)
(2, 38, 1)
(2, 39, 1)

(3, 0, 6)
(3, 1, 6)
(3, 2, 6)
(3, 3, 6)
(3, 4, 6)
(3, 5, 6)
(3, 6, 6)
(3, 7, 6)
(3, 8, 6)
(3, 9, 2)
(3, 10, 2)
(3, 11, 2)
(3, 12, 2)
(3, 13, 2)
(3, 14, 2)
(3, 15, 2)
(3, 16, 2)
(3, 17, 2)
(3, 18, 2)
(3, 19, 2)
(3, 20, 2)
(3, 21, 2)
(3, 22, 2)
(3, 23, 2)
(3, 24, 2)
(3, 25, 2)
(3, 26, 2)
(3, 27, 2)
(3, 28, 2)
(3, 29, 2)
(3, 30, 2)
(3, 31, 2)
(3, 32, 2)
(3, 33, 2)
(3, 34, 2)
(3, 35, 2)
(3, 36, 2)
(3, 37, 2)
(3, 38, 2)
(3, 39, 2)

(4, 0, 13)
(4, 1, 13)
(4, 2, 13)
(4, 3, 13)
(4, 4, 13)
(4, 5, 13)
(4, 6, 13)
(4, 7, 13)
(4, 8, 13)
(4, 9, 5)
(4, 10, 4)
(4, 11, 4)
(4, 12, 4)
(4, 13, 4)
(4, 14, 4)
(4, 15, 4)
(4, 16, 4)
(4, 17, 4)
(4, 18, 4)
(4, 19, 4)
(4, 20, 4)
(4, 21, 4)
(4, 22, 4)
(4, 23, 4)
(4, 24, 4)
(4, 25, 4)
(4, 26, 4)
(4, 27, 4)
(4, 28, 4)
(4, 29, 4)
(4, 30, 4)
(4, 31, 4)
(4, 32, 4)
(4, 33, 4)
(4, 34, 4)
(4, 35, 4)
(4, 36, 4)
(4, 37, 4)
(4, 38, 4)
(4, 39, 4)

(5, 0, 16)
(5, 1, 16)
(5, 2, 16)
(5, 3, 16)
(5, 4, 15)
(5, 5, 15)
(5, 6, 15)
(5, 7, 15)
(5, 8, 15)
(5, 9, 5)
(5, 10, 5)
(5, 11, 5)
(5, 12, 5)
(5, 13, 5)
(5, 14, 5)
(5, 15, 5)
(5, 16, 5)
(5, 17, 5)
(5, 18, 5)
(5, 19, 5)
(5, 20, 5)
(5, 21, 5)
(5, 22, 5)
(5, 23, 5)
(5, 24, 5)
(5, 25, 5)
(5, 26, 5)
(5, 27, 5)
(5, 28, 5)
(5, 29, 5)
(5, 30, 5)
(5, 31, 5)
(5, 32, 5)
(5, 33, 5)
(5, 34, 5)
(5, 35, 5)
(5, 36, 5)
(5, 37, 5)
(5, 38, 5)
(5, 39, 5)

(6, 0, 19)
(6, 1, 19)
(6, 2, 19)
(6, 3, 19)
(6, 4, 18)
(6, 5, 18)
(6, 6, 18)
(6, 7, 18)
(6, 8, 18)
(6, 9, 5)
(6, 10, 5)
(6, 11, 5)
(6, 12, 5)
(6, 13, 5)
(6, 14, 5)
(6, 15, 5)
(6, 16, 5)
(6, 17, 5)
(6, 18, 5)
(6, 19, 5)
(6, 20, 5)
(6, 21, 5)
(6, 22, 5)
(6, 23, 5)
(6, 24, 5)
(6, 25, 5)
(6, 26, 5)
(6, 27, 5)
(6, 28, 5)
(6, 29, 5)
(6, 30, 5)
(6, 31, 5)
(6, 32, 5)
(6, 33, 5)
(6, 34, 5)
(6, 35, 5)
(6, 36, 5)
(6, 37, 5)
(6, 38, 5)
(6, 39, 5)

(7, 0, 21)
(7, 1, 21)
(7, 2, 21)
(7, 3, 21)
(7, 4, 19)
(7, 5, 19)
(7, 6, 19)
(7, 7, 19)
(7, 8, 19)
(7, 9, 6)
(7, 10, 6)
(7, 11, 6)
(7, 12, 6)
(7, 13, 6)
(7, 14, 6)
(7, 15, 6)
(7, 16, 6)
(7, 17, 6)
(7, 18, 6)
(7, 19, 6)
(7, 20, 6)
(7, 21, 6)
(7, 22, 6)
(7, 23, 6)
(7, 24, 6)
(7, 25, 6)
(7, 26, 6)
(7, 27, 6)
(7, 28, 6)
(7, 29, 6)
(7, 30, 6)
(7, 31, 6)
(7, 32, 6)
(7, 33, 6)
(7, 34, 6)
(7, 35, 6)
(7, 36, 6)
(7, 37, 6)
(7, 38, 5)
(7, 39, 5)

(8, 0, 28)
(8, 1, 28)
(8, 2, 28)
(8, 3, 28)
(8, 4, 24)
(8, 5, 24)
(8, 6, 24)
(8, 7, 24)
(8, 8, 24)
(8, 9, 9)
(8, 10, 9)
(8, 11, 9)
(8, 12, 9)
(8, 13, 9)
(8, 14, 9)
(8, 15, 8)
(8, 16, 8)
(8, 17, 8)
(8, 18, 8)
(8, 19, 8)
(8, 20, 8)
(8, 21, 8)
(8, 22, 8)
(8, 23, 8)
(8, 24, 8)
(8, 25, 8)
(8, 26, 8)
(8, 27, 8)
(8, 28, 8)
(8, 29, 8)
(8, 30, 8)
(8, 31, 8)
(8, 32, 8)
(8, 33, 8)
(8, 34, 8)
(8, 35, 8)
(8, 36, 8)
(8, 37, 8)
(8, 38, 7)
(8, 39, 7)

(9, 0, 33)
(9, 1, 33)
(9, 2, 33)
(9, 3, 32)
(9, 4, 27)
(9, 5, 27)
(9, 6, 27)
(9, 7, 27)
(9, 8, 27)
(9, 9, 9)
(9, 10, 9)
(9, 11, 9)
(9, 12, 9)
(9, 13, 9)
(9, 14, 8)
(9, 15, 8)
(9, 16, 8)
(9, 17, 8)
(9, 18, 8)
(9, 19, 8)
(9, 20, 8)
(9, 21, 8)
(9, 22, 8)
(9, 23, 8)
(9, 24, 8)
(9, 25, 8)
(9, 26, 8)
(9, 27, 8)
(9, 28, 8)
(9, 29, 8)
(9, 30, 8)
(9, 31, 8)
(9, 32, 8)
(9, 33, 8)
(9, 34, 8)
(9, 35, 8)
(9, 36, 8)
(9, 37, 8)
(9, 38, 7)
(9, 39, 7)

(10, 0, 37)
(10, 1, 37)
(10, 2, 37)
(10, 3, 36)
(10, 4, 30)
(10, 5, 30)
(10, 6, 30)
(10, 7, 30)
(10, 8, 30)
(10, 9, 11)
(10, 10, 10)
(10, 11, 10)
(10, 12, 10)
(10, 13, 10)
(10, 14, 8)
(10, 15, 8)
(10, 16, 8)
(10, 17, 8)
(10, 18, 8)
(10, 19, 8)
(10, 20, 8)
(10, 21, 8)
(10, 22, 8)
(10, 23, 8)
(10, 24, 8)
(10, 25, 8)
(10, 26, 8)
(10, 27, 8)
(10, 28, 8)
(10, 29, 8)
(10, 30, 8)
(10, 31, 8)
(10, 32, 8)
(10, 33, 8)
(10, 34, 8)
(10, 35, 8)
(10, 36, 8)
(10, 37, 8)
(10, 38, 7)
(10, 39, 7)

(11, 0, 39)
(11, 1, 39)
(11, 2, 39)
(11, 3, 38)
(11, 4, 31)
(11, 5, 31)
(11, 6, 31)
(11, 7, 31)
(11, 8, 31)
(11, 9, 12)
(11, 10, 11)
(11, 11, 11)
(11, 12, 11)
(11, 13, 11)
(11, 14, 9)
(11, 15, 9)
(11, 16, 9)
(11, 17, 9)
(11, 18, 9)
(11, 19, 9)
(11, 20, 9)
(11, 21, 9)
(11, 22, 9)
(11, 23, 9)
(11, 24, 9)
(11, 25, 9)
(11, 26, 9)
(11, 27, 9)
(11, 28, 9)
(11, 29, 9)
(11, 30, 9)
(11, 31, 9)
(11, 32, 9)
(11, 33, 9)
(11, 34, 9)
(11, 35, 9)
(11, 36, 9)
(11, 37, 9)
(11, 38, 7)
(11, 39, 7)

(12, 0, 44)
(12, 1, 44)
(12, 2, 44)
(12, 3, 43)
(12, 4, 33)
(12, 5, 33)
(12, 6, 33)
(12, 7, 33)
(12, 8, 33)
(12, 9, 13)
(12, 10, 12)
(12, 11, 12)
(12, 12, 12)
(12, 13, 12)
(12, 14, 10)
(12, 15, 10)
(12, 16, 10)
(12, 17, 10)
(12, 18, 10)
(12, 19, 10)
(12, 20, 10)
(12, 21, 10)
(12, 22, 10)
(12, 23, 10)
(12, 24, 10)
(12, 25, 10)
(12, 26, 10)
(12, 27, 10)
(12, 28, 10)
(12, 29, 10)
(12, 30, 10)
(12, 31, 10)
(12, 32, 10)
(12, 33, 10)
(12, 34, 10)
(12, 35, 10)
(12, 36, 10)
(12, 37, 10)
(12, 38, 7)
(12, 39, 7)

(13, 0, 55)
(13, 1, 55)
(13, 2, 55)
(13, 3, 52)
(13, 4, 40)
(13, 5, 40)
(13, 6, 40)
(13, 7, 40)
(13, 8, 40)
(13, 9, 16)
(13, 10, 15)
(13, 11, 15)
(13, 12, 15)
(13, 13, 15)
(13, 14, 13)
(13, 15, 13)
(13, 16, 13)
(13, 17, 13)
(13, 18, 13)
(13, 19, 13)
(13, 20, 13)
(13, 21, 13)
(13, 22, 13)
(13, 23, 13)
(13, 24, 13)
(13, 25, 13)
(13, 26, 13)
(13, 27, 13)
(13, 28, 13)
(13, 29, 13)
(13, 30, 13)
(13, 31, 13)
(13, 32, 13)
(13, 33, 13)
(13, 34, 13)
(13, 35, 13)
(13, 36, 13)
(13, 37, 13)
(13, 38, 9)
(13, 39, 9)

(14, 0, 70)
(14, 1, 70)
(14, 2, 70)
(14, 3, 66)
(14, 4, 50)
(14, 5, 50)
(14, 6, 50)
(14, 7, 49)
(14, 8, 49)
(14, 9, 21)
(14, 10, 19)
(14, 11, 19)
(14, 12, 19)
(14, 13, 19)
(14, 14, 15)
(14, 15, 15)
(14, 16, 15)
(14, 17, 15)
(14, 18, 15)
(14, 19, 15)
(14, 20, 15)
(14, 21, 15)
(14, 22, 15)
(14, 23, 15)
(14, 24, 15)
(14, 25, 15)
(14, 26, 15)
(14, 27, 15)
(14, 28, 15)
(14, 29, 15)
(14, 30, 15)
(14, 31, 15)
(14, 32, 15)
(14, 33, 14)
(14, 34, 14)
(14, 35, 14)
(14, 36, 14)
(14, 37, 14)
(14, 38, 8)
(14, 39, 8)

(15, 0, 82)
(15, 1, 82)
(15, 2, 81)
(15, 3, 71)
(15, 4, 51)
(15, 5, 51)
(15, 6, 51)
(15, 7, 50)
(15, 8, 50)
(15, 9, 20)
(15, 10, 18)
(15, 11, 18)
(15, 12, 18)
(15, 13, 18)
(15, 14, 15)
(15, 15, 15)
(15, 16, 15)
(15, 17, 15)
(15, 18, 15)
(15, 19, 15)
(15, 20, 15)
(15, 21, 15)
(15, 22, 15)
(15, 23, 15)
(15, 24, 15)
(15, 25, 15)
(15, 26, 15)
(15, 27, 15)
(15, 28, 15)
(15, 29, 15)
(15, 30, 15)
(15, 31, 15)
(15, 32, 15)
(15, 33, 14)
(15, 34, 14)
(15, 35, 14)
(15, 36, 14)
(15, 37, 13)
(15, 38, 8)
(15, 39, 8)

(16, 0, 86)
(16, 1, 86)
(16, 2, 84)
(16, 3, 73)
(16, 4, 53)
(16, 5, 53)
(16, 6, 53)
(16, 7, 52)
(16, 8, 51)
(16, 9, 21)
(16, 10, 19)
(16, 11, 19)
(16, 12, 19)
(16, 13, 19)
(16, 14, 16)
(16, 15, 16)
(16, 16, 16)
(16, 17, 16)
(16, 18, 16)
(16, 19, 16)
(16, 20, 16)
(16, 21, 16)
(16, 22, 16)
(16, 23, 16)
(16, 24, 16)
(16, 25, 16)
(16, 26, 16)
(16, 27, 16)
(16, 28, 16)
(16, 29, 16)
(16, 30, 16)
(16, 31, 16)
(16, 32, 16)
(16, 33, 15)
(16, 34, 15)
(16, 35, 15)
(16, 36, 15)
(16, 37, 14)
(16, 38, 9)
(16, 39, 9)

(17, 0, 92)
(17, 1, 92)
(17, 2, 89)
(17, 3, 77)
(17, 4, 56)
(17, 5, 56)
(17, 6, 56)
(17, 7, 55)
(17, 8, 54)
(17, 9, 23)
(17, 10, 21)
(17, 11, 21)
(17, 12, 21)
(17, 13, 21)
(17, 14, 17)
(17, 15, 17)
(17, 16, 17)
(17, 17, 17)
(17, 18, 17)
(17, 19, 17)
(17, 20, 17)
(17, 21, 17)
(17, 22, 17)
(17, 23, 17)
(17, 24, 17)
(17, 25, 17)
(17, 26, 17)
(17, 27, 17)
(17, 28, 17)
(17, 29, 17)
(17, 30, 17)
(17, 31, 17)
(17, 32, 17)
(17, 33, 16)
(17, 34, 16)
(17, 35, 16)
(17, 36, 16)
(17, 37, 15)
(17, 38, 9)
(17, 39, 9)

(18, 0, 97)
(18, 1, 97)
(18, 2, 93)
(18, 3, 81)
(18, 4, 59)
(18, 5, 59)
(18, 6, 59)
(18, 7, 58)
(18, 8, 57)
(18, 9, 25)
(18, 10, 23)
(18, 11, 22)
(18, 12, 22)
(18, 13, 22)
(18, 14, 18)
(18, 15, 18)
(18, 16, 18)
(18, 17, 18)
(18, 18, 18)
(18, 19, 18)
(18, 20, 18)
(18, 21, 18)
(18, 22, 18)
(18, 23, 18)
(18, 24, 18)
(18, 25, 18)
(18, 26, 18)
(18, 27, 18)
(18, 28, 18)
(18, 29, 18)
(18, 30, 18)
(18, 31, 18)
(18, 32, 18)
(18, 33, 17)
(18, 34, 17)
(18, 35, 17)
(18, 36, 17)
(18, 37, 16)
(18, 38, 10)
(18, 39, 10)

(19, 0, 116)
(19, 1, 116)
(19, 2, 110)
(19, 3, 96)
(19, 4, 71)
(19, 5, 71)
(19, 6, 71)
(19, 7, 70)
(19, 8, 69)
(19, 9, 30)
(19, 10, 27)
(19, 11, 25)
(19, 12, 25)
(19, 13, 25)
(19, 14, 21)
(19, 15, 21)
(19, 16, 21)
(19, 17, 21)
(19, 18, 21)
(19, 19, 21)
(19, 20, 21)
(19, 21, 21)
(19, 22, 21)
(19, 23, 21)
(19, 24, 21)
(19, 25, 21)
(19, 26, 21)
(19, 27, 21)
(19, 28, 21)
(19, 29, 21)
(19, 30, 21)
(19, 31, 21)
(19, 32, 21)
(19, 33, 20)
(19, 34, 20)
(19, 35, 20)
(19, 36, 20)
(19, 37, 19)
(19, 38, 12)
(19, 39, 12)

(20, 0, 132)
(20, 1, 132)
(20, 2, 125)
(20, 3, 110)
(20, 4, 83)
(20, 5, 83)
(20, 6, 83)
(20, 7, 82)
(20, 8, 81)
(20, 9, 34)
(20, 10, 31)
(20, 11, 29)
(20, 12, 29)
(20, 13, 29)
(20, 14, 23)
(20, 15, 23)
(20, 16, 23)
(20, 17, 23)
(20, 18, 23)
(20, 19, 23)
(20, 20, 23)
(20, 21, 23)
(20, 22, 23)
(20, 23, 23)
(20, 24, 23)
(20, 25, 23)
(20, 26, 23)
(20, 27, 23)
(20, 28, 23)
(20, 29, 23)
(20, 30, 23)
(20, 31, 23)
(20, 32, 23)
(20, 33, 21)
(20, 34, 21)
(20, 35, 21)
(20, 36, 21)
(20, 37, 20)
(20, 38, 13)
(20, 39, 13)

(21, 0, 145)
(21, 1, 145)
(21, 2, 136)
(21, 3, 114)
(21, 4, 87)
(21, 5, 87)
(21, 6, 87)
(21, 7, 84)
(21, 8, 83)
(21, 9, 35)
(21, 10, 32)
(21, 11, 29)
(21, 12, 29)
(21, 13, 29)
(21, 14, 23)
(21, 15, 23)
(21, 16, 23)
(21, 17, 23)
(21, 18, 23)
(21, 19, 23)
(21, 20, 23)
(21, 21, 23)
(21, 22, 23)
(21, 23, 23)
(21, 24, 23)
(21, 25, 23)
(21, 26, 23)
(21, 27, 23)
(21, 28, 23)
(21, 29, 23)
(21, 30, 23)
(21, 31, 23)
(21, 32, 23)
(21, 33, 21)
(21, 34, 21)
(21, 35, 21)
(21, 36, 21)
(21, 37, 20)
(21, 38, 13)
(21, 39, 13)

(22, 0, 150)
(22, 1, 150)
(22, 2, 139)
(22, 3, 117)
(22, 4, 90)
(22, 5, 90)
(22, 6, 90)
(22, 7, 87)
(22, 8, 86)
(22, 9, 37)
(22, 10, 34)
(22, 11, 30)
(22, 12, 30)
(22, 13, 30)
(22, 14, 24)
(22, 15, 24)
(22, 16, 24)
(22, 17, 24)
(22, 18, 24)
(22, 19, 24)
(22, 20, 24)
(22, 21, 24)
(22, 22, 24)
(22, 23, 24)
(22, 24, 24)
(22, 25, 24)
(22, 26, 24)
(22, 27, 24)
(22, 28, 24)
(22, 29, 24)
(22, 30, 24)
(22, 31, 24)
(22, 32, 24)
(22, 33, 22)
(22, 34, 22)
(22, 35, 22)
(22, 36, 22)
(22, 37, 21)
(22, 38, 14)
(22, 39, 14)

(23, 0, 159)
(23, 1, 159)
(23, 2, 145)
(23, 3, 123)
(23, 4, 96)
(23, 5, 96)
(23, 6, 96)
(23, 7, 93)
(23, 8, 92)
(23, 9, 38)
(23, 10, 35)
(23, 11, 30)
(23, 12, 30)
(23, 13, 30)
(23, 14, 24)
(23, 15, 24)
(23, 16, 24)
(23, 17, 24)
(23, 18, 24)
(23, 19, 24)
(23, 20, 24)
(23, 21, 24)
(23, 22, 24)
(23, 23, 24)
(23, 24, 24)
(23, 25, 24)
(23, 26, 24)
(23, 27, 24)
(23, 28, 24)
(23, 29, 24)
(23, 30, 24)
(23, 31, 24)
(23, 32, 24)
(23, 33, 22)
(23, 34, 22)
(23, 35, 22)
(23, 36, 22)
(23, 37, 21)
(23, 38, 14)
(23, 39, 14)

(24, 0, 168)
(24, 1, 168)
(24, 2, 152)
(24, 3, 130)
(24, 4, 102)
(24, 5, 102)
(24, 6, 102)
(24, 7, 99)
(24, 8, 98)
(24, 9, 41)
(24, 10, 37)
(24, 11, 30)
(24, 12, 30)
(24, 13, 30)
(24, 14, 24)
(24, 15, 24)
(24, 16, 24)
(24, 17, 24)
(24, 18, 24)
(24, 19, 24)
(24, 20, 24)
(24, 21, 24)
(24, 22, 24)
(24, 23, 24)
(24, 24, 24)
(24, 25, 24)
(24, 26, 24)
(24, 27, 24)
(24, 28, 24)
(24, 29, 24)
(24, 30, 24)
(24, 31, 24)
(24, 32, 24)
(24, 33, 22)
(24, 34, 22)
(24, 35, 22)
(24, 36, 22)
(24, 37, 21)
(24, 38, 14)
(24, 39, 14)

(25, 0, 183)
(25, 1, 183)
(25, 2, 163)
(25, 3, 138)
(25, 4, 109)
(25, 5, 109)
(25, 6, 109)
(25, 7, 105)
(25, 8, 104)
(25, 9, 43)
(25, 10, 39)
(25, 11, 31)
(25, 12, 31)
(25, 13, 31)
(25, 14, 25)
(25, 15, 25)
(25, 16, 25)
(25, 17, 25)
(25, 18, 25)
(25, 19, 25)
(25, 20, 25)
(25, 21, 25)
(25, 22, 25)
(25, 23, 25)
(25, 24, 25)
(25, 25, 25)
(25, 26, 25)
(25, 27, 25)
(25, 28, 25)
(25, 29, 25)
(25, 30, 25)
(25, 31, 25)
(25, 32, 25)
(25, 33, 22)
(25, 34, 22)
(25, 35, 22)
(25, 36, 22)
(25, 37, 21)
(25, 38, 14)
(25, 39, 14)

(26, 0, 192)
(26, 1, 192)
(26, 2, 170)
(26, 3, 143)
(26, 4, 113)
(26, 5, 113)
(26, 6, 113)
(26, 7, 109)
(26, 8, 107)
(26, 9, 44)
(26, 10, 40)
(26, 11, 32)
(26, 12, 32)
(26, 13, 32)
(26, 14, 26)
(26, 15, 26)
(26, 16, 26)
(26, 17, 26)
(26, 18, 26)
(26, 19, 26)
(26, 20, 26)
(26, 21, 26)
(26, 22, 26)
(26, 23, 26)
(26, 24, 26)
(26, 25, 26)
(26, 26, 26)
(26, 27, 26)
(26, 28, 26)
(26, 29, 26)
(26, 30, 26)
(26, 31, 26)
(26, 32, 26)
(26, 33, 23)
(26, 34, 23)
(26, 35, 23)
(26, 36, 23)
(26, 37, 22)
(26, 38, 15)
(26, 39, 15)

(27, 0, 208)
(27, 1, 208)
(27, 2, 181)
(27, 3, 154)
(27, 4, 123)
(27, 5, 123)
(27, 6, 123)
(27, 7, 119)
(27, 8, 117)
(27, 9, 48)
(27, 10, 43)
(27, 11, 32)
(27, 12, 32)
(27, 13, 32)
(27, 14, 26)
(27, 15, 26)
(27, 16, 26)
(27, 17, 26)
(27, 18, 26)
(27, 19, 26)
(27, 20, 26)
(27, 21, 26)
(27, 22, 26)
(27, 23, 26)
(27, 24, 26)
(27, 25, 26)
(27, 26, 26)
(27, 27, 26)
(27, 28, 26)
(27, 29, 26)
(27, 30, 26)
(27, 31, 26)
(27, 32, 26)
(27, 33, 23)
(27, 34, 23)
(27, 35, 23)
(27, 36, 23)
(27, 37, 22)
(27, 38, 15)
(27, 39, 15)

(28, 0, 227)
(28, 1, 227)
(28, 2, 196)
(28, 3, 164)
(28, 4, 132)
(28, 5, 132)
(28, 6, 132)
(28, 7, 127)
(28, 8, 125)
(28, 9, 51)
(28, 10, 46)
(28, 11, 33)
(28, 12, 33)
(28, 13, 33)
(28, 14, 27)
(28, 15, 27)
(28, 16, 27)
(28, 17, 27)
(28, 18, 27)
(28, 19, 27)
(28, 20, 27)
(28, 21, 27)
(28, 22, 27)
(28, 23, 27)
(28, 24, 27)
(28, 25, 27)
(28, 26, 27)
(28, 27, 27)
(28, 28, 27)
(28, 29, 27)
(28, 30, 27)
(28, 31, 27)
(28, 32, 27)
(28, 33, 23)
(28, 34, 23)
(28, 35, 23)
(28, 36, 23)
(28, 37, 22)
(28, 38, 15)
(28, 39, 15)

(29, 0, 244)
(29, 1, 244)
(29, 2, 206)
(29, 3, 173)
(29, 4, 140)
(29, 5, 140)
(29, 6, 140)
(29, 7, 135)
(29, 8, 132)
(29, 9, 55)
(29, 10, 50)
(29, 11, 34)
(29, 12, 34)
(29, 13, 34)
(29, 14, 28)
(29, 15, 28)
(29, 16, 28)
(29, 17, 28)
(29, 18, 28)
(29, 19, 28)
(29, 20, 28)
(29, 21, 28)
(29, 22, 28)
(29, 23, 28)
(29, 24, 28)
(29, 25, 28)
(29, 26, 28)
(29, 27, 28)
(29, 28, 28)
(29, 29, 28)
(29, 30, 28)
(29, 31, 28)
(29, 32, 28)
(29, 33, 24)
(29, 34, 24)
(29, 35, 24)
(29, 36, 24)
(29, 37, 23)
(29, 38, 16)
(29, 39, 16)

(30, 0, 256)
(30, 1, 256)
(30, 2, 213)
(30, 3, 179)
(30, 4, 146)
(30, 5, 146)
(30, 6, 146)
(30, 7, 141)
(30, 8, 138)
(30, 9, 57)
(30, 10, 52)
(30, 11, 34)
(30, 12, 34)
(30, 13, 34)
(30, 14, 27)
(30, 15, 27)
(30, 16, 27)
(30, 17, 27)
(30, 18, 27)
(30, 19, 27)
(30, 20, 27)
(30, 21, 27)
(30, 22, 27)
(30, 23, 27)
(30, 24, 27)
(30, 25, 27)
(30, 26, 27)
(30, 27, 27)
(30, 28, 27)
(30, 29, 27)
(30, 30, 27)
(30, 31, 27)
(30, 32, 27)
(30, 33, 23)
(30, 34, 23)
(30, 35, 23)
(30, 36, 23)
(30, 37, 22)
(30, 38, 15)
(30, 39, 15)

(31, 0, 260)
(31, 1, 260)
(31, 2, 215)
(31, 3, 181)
(31, 4, 148)
(31, 5, 148)
(31, 6, 148)
(31, 7, 143)
(31, 8, 140)
(31, 9, 59)
(31, 10, 54)
(31, 11, 34)
(31, 12, 34)
(31, 13, 34)
(31, 14, 27)
(31, 15, 27)
(31, 16, 27)
(31, 17, 27)
(31, 18, 27)
(31, 19, 27)
(31, 20, 27)
(31, 21, 27)
(31, 22, 27)
(31, 23, 27)
(31, 24, 27)
(31, 25, 27)
(31, 26, 27)
(31, 27, 27)
(31, 28, 27)
(31, 29, 27)
(31, 30, 27)
(31, 31, 27)
(31, 32, 27)
(31, 33, 23)
(31, 34, 23)
(31, 35, 23)
(31, 36, 23)
(31, 37, 22)
(31, 38, 15)
(31, 39, 15)

(32, 0, 263)
(32, 1, 263)
(32, 2, 217)
(32, 3, 183)
(32, 4, 150)
(32, 5, 150)
(32, 6, 150)
(32, 7, 145)
(32, 8, 142)
(32, 9, 59)
(32, 10, 54)
(32, 11, 34)
(32, 12, 34)
(32, 13, 34)
(32, 14, 27)
(32, 15, 27)
(32, 16, 27)
(32, 17, 27)
(32, 18, 27)
(32, 19, 27)
(32, 20, 27)
(32, 21, 27)
(32, 22, 27)
(32, 23, 27)
(32, 24, 27)
(32, 25, 27)
(32, 26, 27)
(32, 27, 27)
(32, 28, 27)
(32, 29, 27)
(32, 30, 27)
(32, 31, 27)
(32, 32, 27)
(32, 33, 23)
(32, 34, 23)
(32, 35, 23)
(32, 36, 23)
(32, 37, 22)
(32, 38, 15)
(32, 39, 15)

(33, 0, 266)
(33, 1, 266)
(33, 2, 218)
(33, 3, 184)
(33, 4, 151)
(33, 5, 151)
(33, 6, 151)
(33, 7, 146)
(33, 8, 143)
(33, 9, 60)
(33, 10, 55)
(33, 11, 34)
(33, 12, 34)
(33, 13, 34)
(33, 14, 27)
(33, 15, 27)
(33, 16, 27)
(33, 17, 27)
(33, 18, 27)
(33, 19, 27)
(33, 20, 27)
(33, 21, 27)
(33, 22, 27)
(33, 23, 27)
(33, 24, 27)
(33, 25, 27)
(33, 26, 27)
(33, 27, 27)
(33, 28, 27)
(33, 29, 27)
(33, 30, 27)
(33, 31, 27)
(33, 32, 27)
(33, 33, 23)
(33, 34, 23)
(33, 35, 23)
(33, 36, 23)
(33, 37, 22)
(33, 38, 15)
(33, 39, 15)

(34, 0, 270)
(34, 1, 270)
(34, 2, 220)
(34, 3, 186)
(34, 4, 153)
(34, 5, 153)
(34, 6, 153)
(34, 7, 148)
(34, 8, 145)
(34, 9, 61)
(34, 10, 56)
(34, 11, 34)
(34, 12, 34)
(34, 13, 34)
(34, 14, 27)
(34, 15, 27)
(34, 16, 27)
(34, 17, 27)
(34, 18, 27)
(34, 19, 27)
(34, 20, 27)
(34, 21, 27)
(34, 22, 27)
(34, 23, 27)
(34, 24, 27)
(34, 25, 27)
(34, 26, 27)
(34, 27, 27)
(34, 28, 27)
(34, 29, 27)
(34, 30, 27)
(34, 31, 27)
(34, 32, 27)
(34, 33, 23)
(34, 34, 23)
(34, 35, 23)
(34, 36, 23)
(34, 37, 22)
(34, 38, 15)
(34, 39, 15)

(35, 0, 274)
(35, 1, 274)
(35, 2, 222)
(35, 3, 188)
(35, 4, 155)
(35, 5, 155)
(35, 6, 155)
(35, 7, 150)
(35, 8, 147)
(35, 9, 62)
(35, 10, 57)
(35, 11, 34)
(35, 12, 34)
(35, 13, 34)
(35, 14, 27)
(35, 15, 27)
(35, 16, 27)
(35, 17, 27)
(35, 18, 27)
(35, 19, 27)
(35, 20, 27)
(35, 21, 27)
(35, 22, 27)
(35, 23, 27)
(35, 24, 27)
(35, 25, 27)
(35, 26, 27)
(35, 27, 27)
(35, 28, 27)
(35, 29, 27)
(35, 30, 27)
(35, 31, 27)
(35, 32, 27)
(35, 33, 23)
(35, 34, 23)
(35, 35, 23)
(35, 36, 23)
(35, 37, 22)
(35, 38, 15)
(35, 39, 15)

(36, 0, 280)
(36, 1, 280)
(36, 2, 225)
(36, 3, 191)
(36, 4, 158)
(36, 5, 158)
(36, 6, 158)
(36, 7, 153)
(36, 8, 150)
(36, 9, 64)
(36, 10, 59)
(36, 11, 34)
(36, 12, 34)
(36, 13, 34)
(36, 14, 27)
(36, 15, 27)
(36, 16, 27)
(36, 17, 27)
(36, 18, 27)
(36, 19, 27)
(36, 20, 27)
(36, 21, 27)
(36, 22, 27)
(36, 23, 27)
(36, 24, 27)
(36, 25, 27)
(36, 26, 27)
(36, 27, 27)
(36, 28, 27)
(36, 29, 27)
(36, 30, 27)
(36, 31, 27)
(36, 32, 27)
(36, 33, 23)
(36, 34, 23)
(36, 35, 23)
(36, 36, 23)
(36, 37, 22)
(36, 38, 15)
(36, 39, 15)

(37, 0, 283)
(37, 1, 283)
(37, 2, 227)
(37, 3, 193)
(37, 4, 160)
(37, 5, 160)
(37, 6, 160)
(37, 7, 155)
(37, 8, 152)
(37, 9, 64)
(37, 10, 59)
(37, 11, 34)
(37, 12, 34)
(37, 13, 34)
(37, 14, 27)
(37, 15, 27)
(37, 16, 27)
(37, 17, 27)
(37, 18, 27)
(37, 19, 27)
(37, 20, 27)
(37, 21, 27)
(37, 22, 27)
(37, 23, 27)
(37, 24, 27)
(37, 25, 27)
(37, 26, 27)
(37, 27, 27)
(37, 28, 27)
(37, 29, 27)
(37, 30, 27)
(37, 31, 27)
(37, 32, 27)
(37, 33, 23)
(37, 34, 23)
(37, 35, 23)
(37, 36, 23)
(37, 37, 22)
(37, 38, 15)
(37, 39, 15)

(38, 0, 287)
(38, 1, 287)
(38, 2, 229)
(38, 3, 195)
(38, 4, 162)
(38, 5, 162)
(38, 6, 162)
(38, 7, 157)
(38, 8, 154)
(38, 9, 66)
(38, 10, 61)
(38, 11, 34)
(38, 12, 34)
(38, 13, 34)
(38, 14, 27)
(38, 15, 27)
(38, 16, 27)
(38, 17, 27)
(38, 18, 27)
(38, 19, 27)
(38, 20, 27)
(38, 21, 27)
(38, 22, 27)
(38, 23, 27)
(38, 24, 27)
(38, 25, 27)
(38, 26, 27)
(38, 27, 27)
(38, 28, 27)
(38, 29, 27)
(38, 30, 27)
(38, 31, 27)
(38, 32, 27)
(38, 33, 23)
(38, 34, 23)
(38, 35, 23)
(38, 36, 23)
(38, 37, 22)
(38, 38, 15)
(38, 39, 15)

(39, 0, 295)
(39, 1, 295)
(39, 2, 233)
(39, 3, 199)
(39, 4, 166)
(39, 5, 166)
(39, 6, 166)
(39, 7, 161)
(39, 8, 158)
(39, 9, 67)
(39, 10, 62)
(39, 11, 33)
(39, 12, 33)
(39, 13, 33)
(39, 14, 26)
(39, 15, 26)
(39, 16, 26)
(39, 17, 26)
(39, 18, 26)
(39, 19, 26)
(39, 20, 26)
(39, 21, 26)
(39, 22, 26)
(39, 23, 26)
(39, 24, 26)
(39, 25, 26)
(39, 26, 26)
(39, 27, 26)
(39, 28, 26)
(39, 29, 26)
(39, 30, 26)
(39, 31, 26)
(39, 32, 26)
(39, 33, 22)
(39, 34, 22)
(39, 35, 22)
(39, 36, 22)
(39, 37, 21)
(39, 38, 14)
(39, 39, 14)


Betti numbers:
xi_0:
(0, 0, 3)
(1, 0, 1)
(3, 0, 2)
(4, 0, 7)
(5, 0, 3)
(6, 0, 3)
(7, 0, 2)
(8, 0, 7)
(9, 0, 5)
(10, 0, 4)
(11, 0, 2)
(12, 0, 5)
(13, 0, 11)
(14, 0, 15)
(15, 0, 12)
(16, 0, 4)
(17, 0, 6)
(18, 0, 5)
(19, 0, 19)
(20, 0, 16)
(21, 0, 13)
(22, 0, 5)
(23, 0, 9)
(24, 0, 9)
(25, 0, 15)
(26, 0, 9)
(27, 0, 16)
(28, 0, 19)
(29, 0, 17)
(30, 0, 12)
(31, 0, 4)
(32, 0, 3)
(33, 0, 3)
(34, 0, 4)
(35, 0, 4)
(36, 0, 6)
(37, 0, 3)
(38, 0, 4)
(39, 0, 8)
xi_1:
(0, 9, 2)
(1, 9, 1)
(3, 9, 1)
(4, 9, 4)
(4, 10, 1)
(5, 4, 1)
(5, 9, 2)
(6, 9, 3)
(7, 4, 1)
(7, 38, 1)
(8, 4, 2)
(8, 9, 2)
(8, 15, 1)
(9, 3, 1)
(9, 4, 1)
(9, 9, 3)
(9, 14, 1)
(10, 4, 1)
(10, 9, 1)
(10, 10, 1)
(10, 14, 1)
(11, 4, 1)
(11, 38, 1)
(12, 4, 3)
(12, 9, 1)
(12, 38, 1)
(13, 3, 2)
(13, 4, 2)
(13, 9, 4)
(13, 38, 1)
(14, 3, 1)
(14, 4, 4)
(14, 7, 1)
(14, 9, 4)
(14, 10, 1)
(14, 14, 2)
(14, 33, 1)
(14, 38, 2)
(15, 2, 1)
(15, 3, 6)
(15, 4, 4)
(15, 7, 1)
(15, 9, 2)
(15, 37, 1)
(16, 2, 1)
(16, 3, 1)
(16, 8, 1)
(17, 2, 1)
(17, 3, 1)
(17, 4, 1)
(17, 9, 1)
(17, 14, 1)
(17, 38, 1)
(18, 2, 1)
(18, 4, 1)
(18, 9, 1)
(18, 11, 1)
(19, 2, 2)
(19, 3, 2)
(19, 4, 3)
(19, 9, 7)
(19, 10, 1)
(19, 11, 1)
(19, 38, 1)
(20, 2, 1)
(20, 3, 1)
(20, 4, 2)
(20, 9, 8)
(20, 14, 2)
(20, 33, 1)
(21, 2, 2)
(21, 3, 7)
(21, 7, 2)
(21, 9, 1)
(21, 11, 1)
(21, 14, 1)
(22, 2, 2)
(22, 9, 1)
(22, 11, 1)
(23, 2, 3)
(23, 9, 5)
(23, 11, 1)
(24, 2, 2)
(24, 4, 1)
(24, 9, 3)
(24, 10, 1)
(24, 11, 2)
(25, 2, 4)
(25, 3, 3)
(25, 4, 1)
(25, 7, 1)
(25, 9, 4)
(25, 11, 1)
(25, 33, 1)
(26, 2, 2)
(26, 3, 2)
(26, 4, 1)
(26, 8, 1)
(26, 9, 2)
(27, 2, 5)
(27, 4, 1)
(27, 9, 6)
(27, 10, 1)
(27, 11, 3)
(28, 2, 4)
(28, 3, 5)
(28, 4, 1)
(28, 7, 1)
(28, 9, 5)
(28, 11, 2)
(28, 33, 1)
(29, 2, 7)
(29, 3, 1)
(29, 4, 1)
(29, 8, 1)
(29, 9, 3)
(29, 11, 3)
(30, 2, 5)
(30, 3, 1)
(30, 9, 4)
(30, 11, 2)
(30, 14, 1)
(31, 2, 2)
(31, 11, 2)
(32, 2, 1)
(32, 9, 2)
(33, 2, 2)
(33, 11, 1)
(34, 2, 2)
(34, 9, 1)
(34, 11, 1)
(35, 2, 2)
(35, 9, 1)
(35, 11, 1)
(36, 2, 3)
(36, 9, 1)
(36, 11, 2)
(37, 2, 1)
(37, 9, 2)
(38, 2, 2)
(38, 11, 2)
(39, 2, 4)
(39, 9, 3)
(39, 11, 2)
xi_2:
(5, 10, 1)
(9, 15, 1)
(15, 7, 1)
(15, 14, 1)
(15, 38, 1)
(21, 14, 1)
