x-grades
-291462305894217449/200000000000000000
-143079514672558419/100000000000000000
-280855752796016227/200000000000000000
-8611014882716113/6250000000000000
-54049839939563001/40000000000000000
-132472961574357197/100000000000000000
-259642646599613783/200000000000000000
-63584842512628293/50000000000000000
-249036093501412561/200000000000000000
-4874656339046239/4000000000000000
-238429540403211339/200000000000000000
-29140782981763841/25000000000000000
-227822987305010117/200000000000000000
-111259855377954753/100000000000000000
-43443286841361779/40000000000000000
-52978289414427071/50000000000000000
-206609881108607673/200000000000000000
-100653302279753531/100000000000000000
-196003328010406451/200000000000000000
-2383750643266323/2500000000000000
-185396774912205229/200000000000000000
-90046749181552309/100000000000000000
-174790221814004007/200000000000000000
-42371736316225849/50000000000000000
-32836733743160557/40000000000000000
-79440196083351087/100000000000000000
-153577115617601563/200000000000000000
-18534229883562619/25000000000000000
-142970562519400341/200000000000000000
-13766728597029973/20000000000000000
-132364009421199119/200000000000000000
-31765183218024627/50000000000000000
-121757456322997897/200000000000000000
-58227089886948643/100000000000000000
-4446036128991867/8000000000000000
-1653869166807751/3125000000000000
-100544350126595453/200000000000000000
-47620536788747421/100000000000000000
-89937797028394231/200000000000000000
-4231726023964681/10000000000000000

y-grades
4999953/20000000
4999953/10000000
14999859/20000000
4999953/5000000
4999953/4000000
14999859/10000000
34999671/20000000
4999953/2500000
44999577/20000000
4999953/2000000
54999483/20000000
14999859/5000000
64999389/20000000
34999671/10000000
14999859/4000000
4999953/1250000
84999201/20000000
44999577/10000000
94999107/20000000
4999953/1000000
104999013/20000000
54999483/10000000
114998919/20000000
14999859/2500000
4999953/800000
64999389/10000000
134998731/20000000
34999671/5000000
144998637/20000000
14999859/2000000
154998543/20000000
4999953/625000
164998449/20000000
84999201/10000000
34999671/4000000
44999577/5000000
184998261/20000000
94999107/10000000
194998167/20000000
4999953/500000

Dimensions > 0:
(0, 0, 1)
(0, 1, 1)
(0, 2, 1)
(0, 3, 1)
(0, 4, 1)
(0, 5, 1)
(0, 6, 1)
(0, 7, 1)
(0, 8, 1)
(0, 9, 1)
(0, 10, 1)
(0, 11, 1)
(0, 12, 1)
(0, 13, 1)
(0, 14, 1)
(0, 15, 1)
(0, 16, 1)
(0, 17, 1)
(0, 18, 1)
(0, 19, 1)
(0, 20, 1)
(0, 21, 1)
(0, 22, 1)
(0, 23, 1)
(0, 24, 1)
(0, 25, 1)
(0, 26, 1)
(0, 27, 1)
(0, 28, 1)
(0, 29, 1)
(0, 30, 1)
(0, 31, 1)
(0, 32, 1)
(0, 33, 1)
(0, 34, 1)
(0, 35, 1)
(0, 36, 1)
(0, 37, 1)
(0, 38, 1)
(0, 39, 1)

(1, 0, 1)
(1, 1, 1)
(1, 2, 1)
(1, 3, 1)
(1, 4, 1)
(1, 5, 1)
(1, 6, 1)
(1, 7, 1)
(1, 8, 1)
(1, 9, 1)
(1, 10, 1)
(1, 11, 1)
(1, 12, 1)
(1, 13, 1)
(1, 14, 1)
(1, 15, 1)
(1, 16, 1)
(1, 17, 1)
(1, 18, 1)
(1, 19, 1)
(1, 20, 1)
(1, 21, 1)
(1, 22, 1)
(1, 23, 1)
(1, 24, 1)
(1, 25, 1)
(1, 26, 1)
(1, 27, 1)
(1, 28, 1)
(1, 29, 1)
(1, 30, 1)
(1, 31, 1)
(1, 32, 1)
(1, 33, 1)
(1, 34, 1)
(1, 35, 1)
(1, 36, 1)
(1, 37, 1)
(1, 38, 1)
(1, 39, 1)

(2, 0, 1)
(2, 1, 1)
(2, 2, 1)
(2, 3, 1)
(2, 4, 1)
(2, 5, 1)
(2, 6, 1)
(2, 7, 1)
(2, 8, 1)
(2, 9, 1)
(2, 10, 1)
(2, 11, 1)
(2, 12, 1)
(2, 13, 1)
(2, 14, 1)
(2, 15, 1)
(2, 16, 1)
(2, 17, 1)
(2, 18, 1)
(2, 19, 1)
(2, 20, 1)
(2, 21, 1)
(2, 22, 1)
(2, 23, 1)
(2, 24, 1)
(2, 25, 1)
(2, 26, 1)
(2, 27, 1)
(2, 28, 1)
(2, 29, 1)
(2, 30, 1)
(2, 31, 1)
(2, 32, 1)
(2, 33, 1)
(2, 34, 1)
(2, 35, 1)
(2, 36, 1)
(2, 37, 1)
(2, 38, 1)
(2, 39, 1)

(3, 0, 1)
(3, 1, 1)
(3, 2, 1)
(3, 3, 1)
(3, 4, 1)
(3, 5, 1)
(3, 6, 1)
(3, 7, 1)
(3, 8, 1)
(3, 9, 1)
(3, 10, 1)
(3, 11, 1)
(3, 12, 1)
(3, 13, 1)
(3, 14, 1)
(3, 15, 1)
(3, 16, 1)
(3, 17, 1)
(3, 18, 1)
(3, 19, 1)
(3, 20, 1)
(3, 21, 1)
(3, 22, 1)
(3, 23, 1)
(3, 24, 1)
(3, 25, 1)
(3, 26, 1)
(3, 27, 1)
(3, 28, 1)
(3, 29, 1)
(3, 30, 1)
(3, 31, 1)
(3, 32, 1)
(3, 33, 1)
(3, 34, 1)
(3, 35, 1)
(3, 36, 1)
(3, 37, 1)
(3, 38, 1)
(3, 39, 1)

(4, 0, 1)
(4, 1, 1)
(4, 2, 1)
(4, 3, 1)
(4, 4, 1)
(4, 5, 1)
(4, 6, 1)
(4, 7, 1)
(4, 8, 1)
(4, 9, 1)
(4, 10, 1)
(4, 11, 1)
(4, 12, 1)
(4, 13, 1)
(4, 14, 1)
(4, 15, 1)
(4, 16, 1)
(4, 17, 1)
(4, 18, 1)
(4, 19, 1)
(4, 20, 1)
(4, 21, 1)
(4, 22, 1)
(4, 23, 1)
(4, 24, 1)
(4, 25, 1)
(4, 26, 1)
(4, 27, 1)
(4, 28, 1)
(4, 29, 1)
(4, 30, 1)
(4, 31, 1)
(4, 32, 1)
(4, 33, 1)
(4, 34, 1)
(4, 35, 1)
(4, 36, 1)
(4, 37, 1)
(4, 38, 1)
(4, 39, 1)

(5, 0, 1)
(5, 1, 1)
(5, 2, 1)
(5, 3, 1)
(5, 4, 1)
(5, 5, 1)
(5, 6, 1)
(5, 7, 1)
(5, 8, 1)
(5, 9, 1)
(5, 10, 1)
(5, 11, 1)
(5, 12, 1)
(5, 13, 1)
(5, 14, 1)
(5, 15, 1)
(5, 16, 1)
(5, 17, 1)
(5, 18, 1)
(5, 19, 1)
(5, 20, 1)
(5, 21, 1)
(5, 22, 1)
(5, 23, 1)
(5, 24, 1)
(5, 25, 1)
(5, 26, 1)
(5, 27, 1)
(5, 28, 1)
(5, 29, 1)
(5, 30, 1)
(5, 31, 1)
(5, 32, 1)
(5, 33, 1)
(5, 34, 1)
(5, 35, 1)
(5, 36, 1)
(5, 37, 1)
(5, 38, 1)
(5, 39, 1)

(6, 0, 1)
(6, 1, 1)
(6, 2, 1)
(6, 3, 1)
(6, 4, 1)
(6, 5, 1)
(6, 6, 1)
(6, 7, 1)
(6, 8, 1)
(6, 9, 1)
(6, 10, 1)
(6, 11, 1)
(6, 12, 1)
(6, 13, 1)
(6, 14, 1)
(6, 15, 1)
(6, 16, 1)
(6, 17, 1)
(6, 18, 1)
(6, 19, 1)
(6, 20, 1)
(6, 21, 1)
(6, 22, 1)
(6, 23, 1)
(6, 24, 1)
(6, 25, 1)
(6, 26, 1)
(6, 27, 1)
(6, 28, 1)
(6, 29, 1)
(6, 30, 1)
(6, 31, 1)
(6, 32, 1)
(6, 33, 1)
(6, 34, 1)
(6, 35, 1)
(6, 36, 1)
(6, 37, 1)
(6, 38, 1)
(6, 39, 1)

(7, 0, 2)
(7, 1, 2)
(7, 2, 2)
(7, 3, 2)
(7, 4, 2)
(7, 5, 2)
(7, 6, 2)
(7, 7, 2)
(7, 8, 2)
(7, 9, 2)
(7, 10, 2)
(7, 11, 2)
(7, 12, 2)
(7, 13, 2)
(7, 14, 2)
(7, 15, 2)
(7, 16, 2)
(7, 17, 2)
(7, 18, 2)
(7, 19, 2)
(7, 20, 2)
(7, 21, 2)
(7, 22, 2)
(7, 23, 2)
(7, 24, 2)
(7, 25, 2)
(7, 26, 2)
(7, 27, 2)
(7, 28, 2)
(7, 29, 2)
(7, 30, 2)
(7, 31, 2)
(7, 32, 1)
(7, 33, 1)
(7, 34, 1)
(7, 35, 1)
(7, 36, 1)
(7, 37, 1)
(7, 38, 1)
(7, 39, 1)

(8, 0, 2)
(8, 1, 2)
(8, 2, 2)
(8, 3, 2)
(8, 4, 2)
(8, 5, 2)
(8, 6, 2)
(8, 7, 2)
(8, 8, 2)
(8, 9, 2)
(8, 10, 2)
(8, 11, 2)
(8, 12, 2)
(8, 13, 2)
(8, 14, 2)
(8, 15, 2)
(8, 16, 2)
(8, 17, 2)
(8, 18, 2)
(8, 19, 2)
(8, 20, 2)
(8, 21, 2)
(8, 22, 2)
(8, 23, 2)
(8, 24, 2)
(8, 25, 2)
(8, 26, 2)
(8, 27, 2)
(8, 28, 2)
(8, 29, 2)
(8, 30, 2)
(8, 31, 2)
(8, 32, 1)
(8, 33, 1)
(8, 34, 1)
(8, 35, 1)
(8, 36, 1)
(8, 37, 1)
(8, 38, 1)
(8, 39, 1)

(9, 0, 2)
(9, 1, 2)
(9, 2, 2)
(9, 3, 2)
(9, 4, 2)
(9, 5, 2)
(9, 6, 2)
(9, 7, 2)
(9, 8, 2)
(9, 9, 2)
(9, 10, 2)
(9, 11, 2)
(9, 12, 2)
(9, 13, 2)
(9, 14, 2)
(9, 15, 2)
(9, 16, 2)
(9, 17, 2)
(9, 18, 2)
(9, 19, 2)
(9, 20, 2)
(9, 21, 2)
(9, 22, 2)
(9, 23, 2)
(9, 24, 2)
(9, 25, 2)
(9, 26, 2)
(9, 27, 2)
(9, 28, 2)
(9, 29, 2)
(9, 30, 2)
(9, 31, 2)
(9, 32, 1)
(9, 33, 1)
(9, 34, 1)
(9, 35, 1)
(9, 36, 1)
(9, 37, 1)
(9, 38, 1)
(9, 39, 1)

(10, 0, 3)
(10, 1, 3)
(10, 2, 3)
(10, 3, 3)
(10, 4, 3)
(10, 5, 3)
(10, 6, 3)
(10, 7, 3)
(10, 8, 3)
(10, 9, 3)
(10, 10, 3)
(10, 11, 3)
(10, 12, 3)
(10, 13, 3)
(10, 14, 3)
(10, 15, 3)
(10, 16, 3)
(10, 17, 3)
(10, 18, 3)
(10, 19, 3)
(10, 20, 3)
(10, 21, 3)
(10, 22, 3)
(10, 23, 3)
(10, 24, 3)
(10, 25, 3)
(10, 26, 3)
(10, 27, 3)
(10, 28, 3)
(10, 29, 3)
(10, 30, 3)
(10, 31, 3)
(10, 32, 2)
(10, 33, 2)
(10, 34, 2)
(10, 35, 2)
(10, 36, 2)
(10, 37, 2)
(10, 38, 2)
(10, 39, 2)

(11, 0, 4)
(11, 1, 4)
(11, 2, 4)
(11, 3, 4)
(11, 4, 4)
(11, 5, 4)
(11, 6, 4)
(11, 7, 4)
(11, 8, 4)
(11, 9, 4)
(11, 10, 4)
(11, 11, 4)
(11, 12, 4)
(11, 13, 4)
(11, 14, 4)
(11, 15, 4)
(11, 16, 4)
(11, 17, 4)
(11, 18, 4)
(11, 19, 4)
(11, 20, 4)
(11, 21, 4)
(11, 22, 4)
(11, 23, 4)
(11, 24, 4)
(11, 25, 4)
(11, 26, 4)
(11, 27, 4)
(11, 28, 4)
(11, 29, 4)
(11, 30, 4)
(11, 31, 4)
(11, 32, 3)
(11, 33, 3)
(11, 34, 3)
(11, 35, 3)
(11, 36, 3)
(11, 37, 3)
(11, 38, 3)
(11, 39, 3)

(12, 0, 4)
(12, 1, 4)
(12, 2, 4)
(12, 3, 4)
(12, 4, 4)
(12, 5, 4)
(12, 6, 4)
(12, 7, 4)
(12, 8, 4)
(12, 9, 4)
(12, 10, 4)
(12, 11, 4)
(12, 12, 4)
(12, 13, 4)
(12, 14, 4)
(12, 15, 4)
(12, 16, 4)
(12, 17, 4)
(12, 18, 4)
(12, 19, 4)
(12, 20, 4)
(12, 21, 4)
(12, 22, 4)
(12, 23, 4)
(12, 24, 4)
(12, 25, 4)
(12, 26, 4)
(12, 27, 4)
(12, 28, 4)
(12, 29, 4)
(12, 30, 4)
(12, 31, 4)
(12, 32, 3)
(12, 33, 3)
(12, 34, 3)
(12, 35, 3)
(12, 36, 3)
(12, 37, 3)
(12, 38, 3)
(12, 39, 3)

(13, 0, 10)
(13, 1, 10)
(13, 2, 10)
(13, 3, 10)
(13, 4, 6)
(13, 5, 6)
(13, 6, 6)
(13, 7, 6)
(13, 8, 6)
(13, 9, 6)
(13, 10, 6)
(13, 11, 6)
(13, 12, 6)
(13, 13, 6)
(13, 14, 6)
(13, 15, 6)
(13, 16, 6)
(13, 17, 6)
(13, 18, 6)
(13, 19, 6)
(13, 20, 6)
(13, 21, 6)
(13, 22, 6)
(13, 23, 6)
(13, 24, 6)
(13, 25, 6)
(13, 26, 6)
(13, 27, 6)
(13, 28, 6)
(13, 29, 6)
(13, 30, 6)
(13, 31, 6)
(13, 32, 5)
(13, 33, 5)
(13, 34, 5)
(13, 35, 5)
(13, 36, 5)
(13, 37, 5)
(13, 38, 5)
(13, 39, 5)

(14, 0, 30)
(14, 1, 19)
(14, 2, 6)
(14, 3, 6)
(14, 4, 6)
(14, 5, 6)
(14, 6, 6)
(14, 7, 6)
(14, 8, 6)
(14, 9, 6)
(14, 10, 6)
(14, 11, 6)
(14, 12, 6)
(14, 13, 6)
(14, 14, 6)
(14, 15, 6)
(14, 16, 6)
(14, 17, 6)
(14, 18, 6)
(14, 19, 6)
(14, 20, 6)
(14, 21, 6)
(14, 22, 6)
(14, 23, 6)
(14, 24, 6)
(14, 25, 6)
(14, 26, 6)
(14, 27, 6)
(14, 28, 6)
(14, 29, 6)
(14, 30, 6)
(14, 31, 6)
(14, 32, 5)
(14, 33, 5)
(14, 34, 5)
(14, 35, 5)
(14, 36, 5)
(14, 37, 5)
(14, 38, 5)
(14, 39, 5)

(15, 0, 40)
(15, 1, 18)
(15, 2, 8)
(15, 3, 8)
(15, 4, 8)
(15, 5, 8)
(15, 6, 8)
(15, 7, 8)
(15, 8, 8)
(15, 9, 8)
(15, 10, 8)
(15, 11, 8)
(15, 12, 8)
(15, 13, 8)
(15, 14, 8)
(15, 15, 8)
(15, 16, 8)
(15, 17, 8)
(15, 18, 8)
(15, 19, 8)
(15, 20, 8)
(15, 21, 8)
(15, 22, 8)
(15, 23, 8)
(15, 24, 8)
(15, 25, 8)
(15, 26, 8)
(15, 27, 8)
(15, 28, 8)
(15, 29, 8)
(15, 30, 8)
(15, 31, 8)
(15, 32, 7)
(15, 33, 7)
(15, 34, 7)
(15, 35, 7)
(15, 36, 7)
(15, 37, 7)
(15, 38, 7)
(15, 39, 7)

(16, 0, 49)
(16, 1, 26)
(16, 2, 14)
(16, 3, 14)
(16, 4, 13)
(16, 5, 12)
(16, 6, 11)
(16, 7, 10)
(16, 8, 10)
(16, 9, 10)
(16, 10, 9)
(16, 11, 8)
(16, 12, 8)
(16, 13, 8)
(16, 14, 8)
(16, 15, 8)
(16, 16, 8)
(16, 17, 8)
(16, 18, 8)
(16, 19, 8)
(16, 20, 8)
(16, 21, 8)
(16, 22, 8)
(16, 23, 8)
(16, 24, 8)
(16, 25, 8)
(16, 26, 8)
(16, 27, 8)
(16, 28, 8)
(16, 29, 8)
(16, 30, 8)
(16, 31, 8)
(16, 32, 7)
(16, 33, 7)
(16, 34, 7)
(16, 35, 7)
(16, 36, 7)
(16, 37, 7)
(16, 38, 7)
(16, 39, 7)

(17, 0, 54)
(17, 1, 29)
(17, 2, 15)
(17, 3, 15)
(17, 4, 14)
(17, 5, 13)
(17, 6, 11)
(17, 7, 10)
(17, 8, 10)
(17, 9, 10)
(17, 10, 9)
(17, 11, 8)
(17, 12, 8)
(17, 13, 8)
(17, 14, 8)
(17, 15, 8)
(17, 16, 8)
(17, 17, 8)
(17, 18, 8)
(17, 19, 8)
(17, 20, 8)
(17, 21, 8)
(17, 22, 8)
(17, 23, 8)
(17, 24, 8)
(17, 25, 8)
(17, 26, 8)
(17, 27, 8)
(17, 28, 8)
(17, 29, 8)
(17, 30, 8)
(17, 31, 8)
(17, 32, 7)
(17, 33, 7)
(17, 34, 7)
(17, 35, 7)
(17, 36, 7)
(17, 37, 7)
(17, 38, 7)
(17, 39, 7)

(18, 0, 62)
(18, 1, 34)
(18, 2, 19)
(18, 3, 18)
(18, 4, 17)
(18, 5, 16)
(18, 6, 14)
(18, 7, 11)
(18, 8, 11)
(18, 9, 11)
(18, 10, 10)
(18, 11, 8)
(18, 12, 8)
(18, 13, 8)
(18, 14, 8)
(18, 15, 8)
(18, 16, 8)
(18, 17, 8)
(18, 18, 8)
(18, 19, 8)
(18, 20, 8)
(18, 21, 8)
(18, 22, 8)
(18, 23, 8)
(18, 24, 8)
(18, 25, 8)
(18, 26, 8)
(18, 27, 8)
(18, 28, 8)
(18, 29, 8)
(18, 30, 8)
(18, 31, 8)
(18, 32, 7)
(18, 33, 7)
(18, 34, 7)
(18, 35, 7)
(18, 36, 7)
(18, 37, 7)
(18, 38, 7)
(18, 39, 7)

(19, 0, 71)
(19, 1, 40)
(19, 2, 22)
(19, 3, 21)
(19, 4, 17)
(19, 5, 16)
(19, 6, 13)
(19, 7, 10)
(19, 8, 10)
(19, 9, 10)
(19, 10, 10)
(19, 11, 8)
(19, 12, 8)
(19, 13, 8)
(19, 14, 8)
(19, 15, 8)
(19, 16, 8)
(19, 17, 8)
(19, 18, 8)
(19, 19, 8)
(19, 20, 8)
(19, 21, 8)
(19, 22, 8)
(19, 23, 8)
(19, 24, 8)
(19, 25, 8)
(19, 26, 8)
(19, 27, 8)
(19, 28, 8)
(19, 29, 8)
(19, 30, 8)
(19, 31, 8)
(19, 32, 7)
(19, 33, 7)
(19, 34, 7)
(19, 35, 7)
(19, 36, 7)
(19, 37, 7)
(19, 38, 7)
(19, 39, 7)

(20, 0, 78)
(20, 1, 43)
(20, 2, 24)
(20, 3, 22)
(20, 4, 18)
(20, 5, 17)
(20, 6, 14)
(20, 7, 11)
(20, 8, 11)
(20, 9, 11)
(20, 10, 11)
(20, 11, 9)
(20, 12, 9)
(20, 13, 9)
(20, 14, 9)
(20, 15, 9)
(20, 16, 9)
(20, 17, 9)
(20, 18, 9)
(20, 19, 9)
(20, 20, 9)
(20, 21, 9)
(20, 22, 9)
(20, 23, 9)
(20, 24, 9)
(20, 25, 9)
(20, 26, 9)
(20, 27, 9)
(20, 28, 9)
(20, 29, 9)
(20, 30, 9)
(20, 31, 9)
(20, 32, 8)
(20, 33, 8)
(20, 34, 8)
(20, 35, 8)
(20, 36, 8)
(20, 37, 8)
(20, 38, 8)
(20, 39, 8)

(21, 0, 106)
(21, 1, 53)
(21, 2, 28)
(21, 3, 26)
(21, 4, 22)
(21, 5, 21)
(21, 6, 16)
(21, 7, 13)
(21, 8, 13)
(21, 9, 13)
(21, 10, 13)
(21, 11, 11)
(21, 12, 11)
(21, 13, 11)
(21, 14, 11)
(21, 15, 11)
(21, 16, 11)
(21, 17, 11)
(21, 18, 11)
(21, 19, 11)
(21, 20, 11)
(21, 21, 11)
(21, 22, 11)
(21, 23, 11)
(21, 24, 11)
(21, 25, 11)
(21, 26, 11)
(21, 27, 11)
(21, 28, 11)
(21, 29, 11)
(21, 30, 11)
(21, 31, 11)
(21, 32, 10)
(21, 33, 10)
(21, 34, 10)
(21, 35, 10)
(21, 36, 10)
(21, 37, 10)
(21, 38, 10)
(21, 39, 10)

(22, 0, 152)
(22, 1, 69)
(22, 2, 28)
(22, 3, 26)
(22, 4, 22)
(22, 5, 21)
(22, 6, 16)
(22, 7, 13)
(22, 8, 13)
(22, 9, 13)
(22, 10, 13)
(22, 11, 11)
(22, 12, 11)
(22, 13, 11)
(22, 14, 11)
(22, 15, 11)
(22, 16, 11)
(22, 17, 11)
(22, 18, 11)
(22, 19, 11)
(22, 20, 11)
(22, 21, 11)
(22, 22, 11)
(22, 23, 11)
(22, 24, 11)
(22, 25, 11)
(22, 26, 11)
(22, 27, 11)
(22, 28, 11)
(22, 29, 11)
(22, 30, 11)
(22, 31, 11)
(22, 32, 10)
(22, 33, 10)
(22, 34, 10)
(22, 35, 10)
(22, 36, 10)
(22, 37, 10)
(22, 38, 10)
(22, 39, 10)

(23, 0, 173)
(23, 1, 70)
(23, 2, 28)
(23, 3, 26)
(23, 4, 22)
(23, 5, 21)
(23, 6, 16)
(23, 7, 13)
(23, 8, 13)
(23, 9, 13)
(23, 10, 13)
(23, 11, 11)
(23, 12, 11)
(23, 13, 11)
(23, 14, 11)
(23, 15, 11)
(23, 16, 11)
(23, 17, 11)
(23, 18, 11)
(23, 19, 11)
(23, 20, 11)
(23, 21, 11)
(23, 22, 11)
(23, 23, 11)
(23, 24, 11)
(23, 25, 11)
(23, 26, 11)
(23, 27, 11)
(23, 28, 11)
(23, 29, 11)
(23, 30, 11)
(23, 31, 11)
(23, 32, 10)
(23, 33, 10)
(23, 34, 10)
(23, 35, 10)
(23, 36, 10)
(23, 37, 10)
(23, 38, 10)
(23, 39, 10)

(24, 0, 174)
(24, 1, 71)
(24, 2, 28)
(24, 3, 26)
(24, 4, 22)
(24, 5, 21)
(24, 6, 16)
(24, 7, 13)
(24, 8, 13)
(24, 9, 13)
(24, 10, 13)
(24, 11, 11)
(24, 12, 11)
(24, 13, 11)
(24, 14, 11)
(24, 15, 11)
(24, 16, 11)
(24, 17, 11)
(24, 18, 11)
(24, 19, 11)
(24, 20, 11)
(24, 21, 11)
(24, 22, 11)
(24, 23, 11)
(24, 24, 11)
(24, 25, 11)
(24, 26, 11)
(24, 27, 11)
(24, 28, 11)
(24, 29, 11)
(24, 30, 11)
(24, 31, 11)
(24, 32, 10)
(24, 33, 10)
(24, 34, 10)
(24, 35, 10)
(24, 36, 10)
(24, 37, 10)
(24, 38, 10)
(24, 39, 10)

(25, 0, 174)
(25, 1, 71)
(25, 2, 28)
(25, 3, 26)
(25, 4, 22)
(25, 5, 21)
(25, 6, 16)
(25, 7, 13)
(25, 8, 13)
(25, 9, 13)
(25, 10, 13)
(25, 11, 11)
(25, 12, 11)
(25, 13, 11)
(25, 14, 11)
(25, 15, 11)
(25, 16, 11)
(25, 17, 11)
(25, 18, 11)
(25, 19, 11)
(25, 20, 11)
(25, 21, 11)
(25, 22, 11)
(25, 23, 11)
(25, 24, 11)
(25, 25, 11)
(25, 26, 11)
(25, 27, 11)
(25, 28, 11)
(25, 29, 11)
(25, 30, 11)
(25, 31, 11)
(25, 32, 10)
(25, 33, 10)
(25, 34, 10)
(25, 35, 10)
(25, 36, 10)
(25, 37, 10)
(25, 38, 10)
(25, 39, 10)

(26, 0, 174)
(26, 1, 71)
(26, 2, 28)
(26, 3, 26)
(26, 4, 22)
(26, 5, 21)
(26, 6, 16)
(26, 7, 13)
(26, 8, 13)
(26, 9, 13)
(26, 10, 13)
(26, 11, 11)
(26, 12, 11)
(26, 13, 11)
(26, 14, 11)
(26, 15, 11)
(26, 16, 11)
(26, 17, 11)
(26, 18, 11)
(26, 19, 11)
(26, 20, 11)
(26, 21, 11)
(26, 22, 11)
(26, 23, 11)
(26, 24, 11)
(26, 25, 11)
(26, 26, 11)
(26, 27, 11)
(26, 28, 11)
(26, 29, 11)
(26, 30, 11)
(26, 31, 11)
(26, 32, 10)
(26, 33, 10)
(26, 34, 10)
(26, 35, 10)
(26, 36, 10)
(26, 37, 10)
(26, 38, 10)
(26, 39, 10)

(27, 0, 174)
(27, 1, 71)
(27, 2, 28)
(27, 3, 26)
(27, 4, 22)
(27, 5, 21)
(27, 6, 16)
(27, 7, 13)
(27, 8, 13)
(27, 9, 13)
(27, 10, 13)
(27, 11, 11)
(27, 12, 11)
(27, 13, 11)
(27, 14, 11)
(27, 15, 11)
(27, 16, 11)
(27, 17, 11)
(27, 18, 11)
(27, 19, 11)
(27, 20, 11)
(27, 21, 11)
(27, 22, 11)
(27, 23, 11)
(27, 24, 11)
(27, 25, 11)
(27, 26, 11)
(27, 27, 11)
(27, 28, 11)
(27, 29, 11)
(27, 30, 11)
(27, 31, 11)
(27, 32, 10)
(27, 33, 10)
(27, 34, 10)
(27, 35, 10)
(27, 36, 10)
(27, 37, 10)
(27, 38, 10)
(27, 39, 10)

(28, 0, 174)
(28, 1, 71)
(28, 2, 28)
(28, 3, 26)
(28, 4, 22)
(28, 5, 21)
(28, 6, 16)
(28, 7, 13)
(28, 8, 13)
(28, 9, 13)
(28, 10, 13)
(28, 11, 11)
(28, 12, 11)
(28, 13, 11)
(28, 14, 11)
(28, 15, 11)
(28, 16, 11)
(28, 17, 11)
(28, 18, 11)
(28, 19, 11)
(28, 20, 11)
(28, 21, 11)
(28, 22, 11)
(28, 23, 11)
(28, 24, 11)
(28, 25, 11)
(28, 26, 11)
(28, 27, 11)
(28, 28, 11)
(28, 29, 11)
(28, 30, 11)
(28, 31, 11)
(28, 32, 10)
(28, 33, 10)
(28, 34, 10)
(28, 35, 10)
(28, 36, 10)
(28, 37, 10)
(28, 38, 10)
(28, 39, 10)

(29, 0, 174)
(29, 1, 71)
(29, 2, 28)
(29, 3, 26)
(29, 4, 22)
(29, 5, 21)
(29, 6, 16)
(29, 7, 13)
(29, 8, 13)
(29, 9, 13)
(29, 10, 13)
(29, 11, 11)
(29, 12, 11)
(29, 13, 11)
(29, 14, 11)
(29, 15, 11)
(29, 16, 11)
(29, 17, 11)
(29, 18, 11)
(29, 19, 11)
(29, 20, 11)
(29, 21, 11)
(29, 22, 11)
(29, 23, 11)
(29, 24, 11)
(29, 25, 11)
(29, 26, 11)
(29, 27, 11)
(29, 28, 11)
(29, 29, 11)
(29, 30, 11)
(29, 31, 11)
(29, 32, 10)
(29, 33, 10)
(29, 34, 10)
(29, 35, 10)
(29, 36, 10)
(29, 37, 10)
(29, 38, 10)
(29, 39, 10)

(30, 0, 174)
(30, 1, 71)
(30, 2, 28)
(30, 3, 26)
(30, 4, 22)
(30, 5, 21)
(30, 6, 16)
(30, 7, 13)
(30, 8, 13)
(30, 9, 13)
(30, 10, 13)
(30, 11, 11)
(30, 12, 11)
(30, 13, 11)
(30, 14, 11)
(30, 15, 11)
(30, 16, 11)
(30, 17, 11)
(30, 18, 11)
(30, 19, 11)
(30, 20, 11)
(30, 21, 11)
(30, 22, 11)
(30, 23, 11)
(30, 24, 11)
(30, 25, 11)
(30, 26, 11)
(30, 27, 11)
(30, 28, 11)
(30, 29, 11)
(30, 30, 11)
(30, 31, 11)
(30, 32, 10)
(30, 33, 10)
(30, 34, 10)
(30, 35, 10)
(30, 36, 10)
(30, 37, 10)
(30, 38, 10)
(30, 39, 10)

(31, 0, 177)
(31, 1, 74)
(31, 2, 29)
(31, 3, 27)
(31, 4, 23)
(31, 5, 22)
(31, 6, 17)
(31, 7, 14)
(31, 8, 14)
(31, 9, 14)
(31, 10, 14)
(31, 11, 12)
(31, 12, 12)
(31, 13, 12)
(31, 14, 12)
(31, 15, 12)
(31, 16, 12)
(31, 17, 12)
(31, 18, 12)
(31, 19, 12)
(31, 20, 12)
(31, 21, 12)
(31, 22, 12)
(31, 23, 12)
(31, 24, 12)
(31, 25, 12)
(31, 26, 12)
(31, 27, 12)
(31, 28, 12)
(31, 29, 12)
(31, 30, 12)
(31, 31, 12)
(31, 32, 10)
(31, 33, 10)
(31, 34, 10)
(31, 35, 10)
(31, 36, 10)
(31, 37, 10)
(31, 38, 10)
(31, 39, 10)

(32, 0, 193)
(32, 1, 79)
(32, 2, 30)
(32, 3, 28)
(32, 4, 24)
(32, 5, 23)
(32, 6, 18)
(32, 7, 15)
(32, 8, 15)
(32, 9, 15)
(32, 10, 15)
(32, 11, 13)
(32, 12, 13)
(32, 13, 13)
(32, 14, 13)
(32, 15, 13)
(32, 16, 13)
(32, 17, 13)
(32, 18, 13)
(32, 19, 13)
(32, 20, 13)
(32, 21, 13)
(32, 22, 13)
(32, 23, 13)
(32, 24, 13)
(32, 25, 13)
(32, 26, 13)
(32, 27, 13)
(32, 28, 13)
(32, 29, 13)
(32, 30, 13)
(32, 31, 13)
(32, 32, 11)
(32, 33, 11)
(32, 34, 11)
(32, 35, 11)
(32, 36, 11)
(32, 37, 11)
(32, 38, 11)
(32, 39, 11)

(33, 0, 219)
(33, 1, 89)
(33, 2, 31)
(33, 3, 28)
(33, 4, 24)
(33, 5, 23)
(33, 6, 18)
(33, 7, 15)
(33, 8, 15)
(33, 9, 15)
(33, 10, 15)
(33, 11, 13)
(33, 12, 13)
(33, 13, 13)
(33, 14, 13)
(33, 15, 13)
(33, 16, 13)
(33, 17, 13)
(33, 18, 13)
(33, 19, 13)
(33, 20, 13)
(33, 21, 13)
(33, 22, 13)
(33, 23, 13)
(33, 24, 13)
(33, 25, 13)
(33, 26, 13)
(33, 27, 13)
(33, 28, 13)
(33, 29, 13)
(33, 30, 13)
(33, 31, 13)
(33, 32, 11)
(33, 33, 11)
(33, 34, 11)
(33, 35, 11)
(33, 36, 11)
(33, 37, 11)
(33, 38, 11)
(33, 39, 11)

(34, 0, 250)
(34, 1, 95)
(34, 2, 31)
(34, 3, 29)
(34, 4, 25)
(34, 5, 24)
(34, 6, 19)
(34, 7, 16)
(34, 8, 16)
(34, 9, 16)
(34, 10, 16)
(34, 11, 14)
(34, 12, 14)
(34, 13, 14)
(34, 14, 14)
(34, 15, 14)
(34, 16, 14)
(34, 17, 14)
(34, 18, 14)
(34, 19, 14)
(34, 20, 14)
(34, 21, 14)
(34, 22, 14)
(34, 23, 14)
(34, 24, 14)
(34, 25, 14)
(34, 26, 14)
(34, 27, 14)
(34, 28, 14)
(34, 29, 14)
(34, 30, 14)
(34, 31, 14)
(34, 32, 11)
(34, 33, 11)
(34, 34, 11)
(34, 35, 11)
(34, 36, 11)
(34, 37, 11)
(34, 38, 11)
(34, 39, 11)

(35, 0, 251)
(35, 1, 96)
(35, 2, 31)
(35, 3, 29)
(35, 4, 25)
(35, 5, 24)
(35, 6, 19)
(35, 7, 16)
(35, 8, 16)
(35, 9, 16)
(35, 10, 16)
(35, 11, 14)
(35, 12, 14)
(35, 13, 14)
(35, 14, 14)
(35, 15, 14)
(35, 16, 14)
(35, 17, 14)
(35, 18, 14)
(35, 19, 14)
(35, 20, 14)
(35, 21, 14)
(35, 22, 14)
(35, 23, 14)
(35, 24, 14)
(35, 25, 14)
(35, 26, 14)
(35, 27, 14)
(35, 28, 14)
(35, 29, 14)
(35, 30, 14)
(35, 31, 14)
(35, 32, 11)
(35, 33, 11)
(35, 34, 11)
(35, 35, 11)
(35, 36, 11)
(35, 37, 11)
(35, 38, 11)
(35, 39, 11)

(36, 0, 251)
(36, 1, 96)
(36, 2, 31)
(36, 3, 29)
(36, 4, 25)
(36, 5, 24)
(36, 6, 19)
(36, 7, 16)
(36, 8, 16)
(36, 9, 16)
(36, 10, 16)
(36, 11, 14)
(36, 12, 14)
(36, 13, 14)
(36, 14, 14)
(36, 15, 14)
(36, 16, 14)
(36, 17, 14)
(36, 18, 14)
(36, 19, 14)
(36, 20, 14)
(36, 21, 14)
(36, 22, 14)
(36, 23, 14)
(36, 24, 14)
(36, 25, 14)
(36, 26, 14)
(36, 27, 14)
(36, 28, 14)
(36, 29, 14)
(36, 30, 14)
(36, 31, 14)
(36, 32, 11)
(36, 33, 11)
(36, 34, 11)
(36, 35, 11)
(36, 36, 11)
(36, 37, 11)
(36, 38, 11)
(36, 39, 11)

(37, 0, 275)
(37, 1, 105)
(37, 2, 32)
(37, 3, 30)
(37, 4, 26)
(37, 5, 25)
(37, 6, 20)
(37, 7, 17)
(37, 8, 17)
(37, 9, 17)
(37, 10, 17)
(37, 11, 15)
(37, 12, 15)
(37, 13, 15)
(37, 14, 15)
(37, 15, 15)
(37, 16, 15)
(37, 17, 15)
(37, 18, 15)
(37, 19, 15)
(37, 20, 15)
(37, 21, 15)
(37, 22, 15)
(37, 23, 15)
(37, 24, 15)
(37, 25, 15)
(37, 26, 15)
(37, 27, 15)
(37, 28, 15)
(37, 29, 15)
(37, 30, 15)
(37, 31, 15)
(37, 32, 11)
(37, 33, 11)
(37, 34, 11)
(37, 35, 11)
(37, 36, 11)
(37, 37, 11)
(37, 38, 11)
(37, 39, 11)

(38, 0, 281)
(38, 1, 110)
(38, 2, 33)
(38, 3, 31)
(38, 4, 27)
(38, 5, 26)
(38, 6, 21)
(38, 7, 18)
(38, 8, 18)
(38, 9, 18)
(38, 10, 18)
(38, 11, 16)
(38, 12, 16)
(38, 13, 16)
(38, 14, 16)
(38, 15, 16)
(38, 16, 16)
(38, 17, 16)
(38, 18, 16)
(38, 19, 16)
(38, 20, 16)
(38, 21, 16)
(38, 22, 16)
(38, 23, 16)
(38, 24, 16)
(38, 25, 16)
(38, 26, 16)
(38, 27, 16)
(38, 28, 16)
(38, 29, 16)
(38, 30, 16)
(38, 31, 16)
(38, 32, 12)
(38, 33, 12)
(38, 34, 12)
(38, 35, 12)
(38, 36, 12)
(38, 37, 12)
(38, 38, 12)
(38, 39, 11)

(39, 0, 297)
(39, 1, 112)
(39, 2, 33)
(39, 3, 31)
(39, 4, 27)
(39, 5, 26)
(39, 6, 21)
(39, 7, 18)
(39, 8, 18)
(39, 9, 18)
(39, 10, 18)
(39, 11, 16)
(39, 12, 16)
(39, 13, 16)
(39, 14, 16)
(39, 15, 16)
(39, 16, 16)
(39, 17, 16)
(39, 18, 16)
(39, 19, 16)
(39, 20, 16)
(39, 21, 16)
(39, 22, 16)
(39, 23, 16)
(39, 24, 16)
(39, 25, 16)
(39, 26, 16)
(39, 27, 16)
(39, 28, 16)
(39, 29, 16)
(39, 30, 16)
(39, 31, 16)
(39, 32, 11)
(39, 33, 11)
(39, 34, 11)
(39, 35, 11)
(39, 36, 11)
(39, 37, 11)
(39, 38, 11)
(39, 39, 11)


Betti numbers:
xi_0:
(0, 0, 1)
(7, 0, 1)
(10, 0, 1)
(11, 0, 1)
(13, 0, 6)
(14, 0, 20)
(15, 0, 12)
(16, 0, 9)
(17, 0, 5)
(18, 0, 8)
(19, 0, 9)
(20, 0, 7)
(21, 0, 29)
(22, 0, 46)
(23, 0, 24)
(24, 0, 1)
(31, 0, 3)
(32, 0, 16)
(33, 0, 26)
(34, 0, 31)
(35, 0, 1)
(37, 0, 24)
(38, 0, 6)
(39, 0, 16)
xi_1:
(7, 32, 1)
(13, 4, 4)
(14, 1, 11)
(14, 2, 13)
(15, 0, 2)
(15, 1, 13)
(15, 2, 1)
(16, 1, 1)
(16, 2, 2)
(16, 4, 1)
(16, 5, 1)
(16, 6, 1)
(16, 7, 1)
(16, 10, 1)
(16, 11, 1)
(17, 1, 2)
(17, 2, 2)
(17, 6, 1)
(18, 1, 3)
(18, 2, 1)
(18, 3, 1)
(18, 7, 2)
(18, 11, 1)
(19, 1, 3)
(19, 2, 3)
(19, 4, 3)
(19, 6, 1)
(19, 7, 1)
(20, 1, 4)
(20, 2, 1)
(20, 3, 1)
(21, 0, 1)
(21, 1, 19)
(21, 2, 6)
(21, 6, 2)
(22, 1, 30)
(22, 2, 16)
(23, 0, 3)
(23, 1, 22)
(23, 2, 4)
(24, 2, 1)
(31, 2, 2)
(31, 32, 1)
(32, 1, 11)
(32, 2, 4)
(33, 1, 16)
(33, 2, 10)
(33, 3, 1)
(34, 1, 25)
(34, 2, 8)
(34, 32, 1)
(35, 2, 1)
(37, 1, 15)
(37, 2, 8)
(37, 32, 1)
(38, 1, 1)
(38, 2, 4)
(38, 39, 1)
(39, 1, 14)
(39, 2, 3)
(39, 32, 1)
xi_2:
(14, 4, 4)
(15, 1, 2)
(15, 2, 4)
(19, 7, 1)
(19, 10, 1)
(21, 1, 1)
(23, 1, 2)
(23, 2, 3)
(33, 2, 1)
(34, 2, 2)
(34, 3, 1)
(39, 2, 1)
(39, 39, 1)
