x-grades
-5550625793681991253/2000000000000000000
-2712515644940007753/1000000000000000000
-5299436786078039759/2000000000000000000
-1293460570569016003/500000000000000000
-1009649555694817653/400000000000000000
-2461326637336056259/1000000000000000000
-4797058770870136771/2000000000000000000
-4561976823308751/1953125000000000
-4545869763266185277/2000000000000000000
-442027525946420953/200000000000000000
-4294680755662233783/2000000000000000000
-1042271562965064509/500000000000000000
-4043491748058282289/2000000000000000000
-1958948622128153271/1000000000000000000
-758460548090866159/400000000000000000
-458338529581544381/250000000000000000
-3541113732850379301/2000000000000000000
-1707759614524201777/1000000000000000000
-3289924725246427807/2000000000000000000
-158216511072222603/100000000000000000
-3038735717642476313/2000000000000000000
-1456570606920250283/1000000000000000000
-2787546710038524819/2000000000000000000
-166372012889784317/125000000000000000
-101454308097382933/80000000000000000
-1205381599316298789/1000000000000000000
-2285168694830621831/2000000000000000000
-539893547757161521/500000000000000000
-2033979687226670337/2000000000000000000
-190838518342469459/200000000000000000
-1782790679622718843/2000000000000000000
-207149521977592887/250000000000000000
-1531601672018767349/2000000000000000000
-703003584108395801/1000000000000000000
-256082532882963171/400000000000000000
-288704540153210027/500000000000000000
-1029223656810864361/2000000000000000000
-451814576504444307/1000000000000000000
-778034649206912867/2000000000000000000
-4077750908780857/12500000000000000

y-grades
9998439/40000000
9998439/20000000
29995317/40000000
9998439/10000000
9998439/8000000
29995317/20000000
69989073/40000000
9998439/5000000
89985951/40000000
9998439/4000000
109982829/40000000
29995317/10000000
129979707/40000000
69989073/20000000
29995317/8000000
9998439/2500000
169973463/40000000
89985951/20000000
189970341/40000000
9998439/2000000
209967219/40000000
109982829/20000000
229964097/40000000
29995317/5000000
9998439/1600000
129979707/20000000
269957853/40000000
69989073/10000000
289954731/40000000
29995317/4000000
309951609/40000000
9998439/1250000
329948487/40000000
169973463/20000000
69989073/8000000
89985951/10000000
369942243/40000000
189970341/20000000
389939121/40000000
9998439/1000000

Dimensions > 0:
(0, 0, 5)
(0, 1, 3)
(0, 2, 2)
(0, 3, 2)
(0, 4, 2)
(0, 5, 2)
(0, 6, 2)
(0, 7, 2)
(0, 8, 2)
(0, 9, 2)
(0, 10, 2)
(0, 11, 2)
(0, 12, 2)
(0, 13, 2)
(0, 14, 2)
(0, 15, 2)
(0, 16, 2)
(0, 17, 2)
(0, 18, 2)
(0, 19, 2)
(0, 20, 2)
(0, 21, 2)
(0, 22, 2)
(0, 23, 2)
(0, 24, 2)
(0, 25, 2)
(0, 26, 2)
(0, 27, 2)
(0, 28, 2)
(0, 29, 2)
(0, 30, 2)
(0, 31, 2)
(0, 32, 2)
(0, 33, 2)
(0, 34, 2)
(0, 35, 2)
(0, 36, 2)
(0, 37, 2)
(0, 38, 2)
(0, 39, 2)

(1, 0, 7)
(1, 1, 4)
(1, 2, 2)
(1, 3, 2)
(1, 4, 2)
(1, 5, 2)
(1, 6, 2)
(1, 7, 2)
(1, 8, 2)
(1, 9, 2)
(1, 10, 2)
(1, 11, 2)
(1, 12, 2)
(1, 13, 2)
(1, 14, 2)
(1, 15, 2)
(1, 16, 2)
(1, 17, 2)
(1, 18, 2)
(1, 19, 2)
(1, 20, 2)
(1, 21, 2)
(1, 22, 2)
(1, 23, 2)
(1, 24, 2)
(1, 25, 2)
(1, 26, 2)
(1, 27, 2)
(1, 28, 2)
(1, 29, 2)
(1, 30, 2)
(1, 31, 2)
(1, 32, 2)
(1, 33, 2)
(1, 34, 2)
(1, 35, 2)
(1, 36, 2)
(1, 37, 2)
(1, 38, 2)
(1, 39, 2)

(2, 0, 13)
(2, 1, 9)
(2, 2, 7)
(2, 3, 7)
(2, 4, 6)
(2, 5, 6)
(2, 6, 6)
(2, 7, 6)
(2, 8, 6)
(2, 9, 5)
(2, 10, 5)
(2, 11, 4)
(2, 12, 4)
(2, 13, 4)
(2, 14, 4)
(2, 15, 4)
(2, 16, 3)
(2, 17, 3)
(2, 18, 3)
(2, 19, 3)
(2, 20, 3)
(2, 21, 3)
(2, 22, 3)
(2, 23, 3)
(2, 24, 3)
(2, 25, 3)
(2, 26, 3)
(2, 27, 3)
(2, 28, 3)
(2, 29, 3)
(2, 30, 3)
(2, 31, 3)
(2, 32, 3)
(2, 33, 3)
(2, 34, 3)
(2, 35, 3)
(2, 36, 3)
(2, 37, 3)
(2, 38, 3)
(2, 39, 3)

(3, 0, 20)
(3, 1, 12)
(3, 2, 10)
(3, 3, 10)
(3, 4, 9)
(3, 5, 9)
(3, 6, 9)
(3, 7, 8)
(3, 8, 8)
(3, 9, 7)
(3, 10, 7)
(3, 11, 6)
(3, 12, 6)
(3, 13, 6)
(3, 14, 6)
(3, 15, 6)
(3, 16, 4)
(3, 17, 4)
(3, 18, 4)
(3, 19, 4)
(3, 20, 4)
(3, 21, 4)
(3, 22, 4)
(3, 23, 4)
(3, 24, 4)
(3, 25, 4)
(3, 26, 4)
(3, 27, 4)
(3, 28, 4)
(3, 29, 4)
(3, 30, 4)
(3, 31, 4)
(3, 32, 4)
(3, 33, 4)
(3, 34, 4)
(3, 35, 4)
(3, 36, 4)
(3, 37, 4)
(3, 38, 4)
(3, 39, 4)

(4, 0, 31)
(4, 1, 18)
(4, 2, 16)
(4, 3, 16)
(4, 4, 13)
(4, 5, 13)
(4, 6, 13)
(4, 7, 12)
(4, 8, 12)
(4, 9, 11)
(4, 10, 11)
(4, 11, 9)
(4, 12, 9)
(4, 13, 9)
(4, 14, 9)
(4, 15, 9)
(4, 16, 7)
(4, 17, 6)
(4, 18, 6)
(4, 19, 6)
(4, 20, 6)
(4, 21, 6)
(4, 22, 6)
(4, 23, 6)
(4, 24, 6)
(4, 25, 6)
(4, 26, 6)
(4, 27, 6)
(4, 28, 6)
(4, 29, 6)
(4, 30, 6)
(4, 31, 6)
(4, 32, 6)
(4, 33, 6)
(4, 34, 5)
(4, 35, 4)
(4, 36, 4)
(4, 37, 4)
(4, 38, 4)
(4, 39, 4)

(5, 0, 37)
(5, 1, 23)
(5, 2, 20)
(5, 3, 20)
(5, 4, 16)
(5, 5, 16)
(5, 6, 16)
(5, 7, 13)
(5, 8, 13)
(5, 9, 12)
(5, 10, 12)
(5, 11, 10)
(5, 12, 10)
(5, 13, 10)
(5, 14, 10)
(5, 15, 10)
(5, 16, 8)
(5, 17, 7)
(5, 18, 6)
(5, 19, 6)
(5, 20, 6)
(5, 21, 6)
(5, 22, 5)
(5, 23, 5)
(5, 24, 5)
(5, 25, 5)
(5, 26, 5)
(5, 27, 5)
(5, 28, 5)
(5, 29, 5)
(5, 30, 5)
(5, 31, 5)
(5, 32, 5)
(5, 33, 5)
(5, 34, 4)
(5, 35, 3)
(5, 36, 3)
(5, 37, 3)
(5, 38, 3)
(5, 39, 3)

(6, 0, 37)
(6, 1, 23)
(6, 2, 20)
(6, 3, 20)
(6, 4, 16)
(6, 5, 16)
(6, 6, 16)
(6, 7, 13)
(6, 8, 13)
(6, 9, 12)
(6, 10, 12)
(6, 11, 10)
(6, 12, 10)
(6, 13, 10)
(6, 14, 10)
(6, 15, 10)
(6, 16, 8)
(6, 17, 7)
(6, 18, 6)
(6, 19, 6)
(6, 20, 6)
(6, 21, 6)
(6, 22, 5)
(6, 23, 5)
(6, 24, 5)
(6, 25, 5)
(6, 26, 5)
(6, 27, 5)
(6, 28, 5)
(6, 29, 5)
(6, 30, 5)
(6, 31, 5)
(6, 32, 5)
(6, 33, 5)
(6, 34, 4)
(6, 35, 3)
(6, 36, 3)
(6, 37, 3)
(6, 38, 3)
(6, 39, 3)

(7, 0, 47)
(7, 1, 27)
(7, 2, 24)
(7, 3, 24)
(7, 4, 20)
(7, 5, 20)
(7, 6, 20)
(7, 7, 17)
(7, 8, 17)
(7, 9, 16)
(7, 10, 16)
(7, 11, 14)
(7, 12, 13)
(7, 13, 13)
(7, 14, 13)
(7, 15, 13)
(7, 16, 10)
(7, 17, 9)
(7, 18, 8)
(7, 19, 8)
(7, 20, 7)
(7, 21, 7)
(7, 22, 6)
(7, 23, 6)
(7, 24, 6)
(7, 25, 6)
(7, 26, 6)
(7, 27, 6)
(7, 28, 6)
(7, 29, 6)
(7, 30, 6)
(7, 31, 6)
(7, 32, 6)
(7, 33, 6)
(7, 34, 5)
(7, 35, 4)
(7, 36, 4)
(7, 37, 4)
(7, 38, 4)
(7, 39, 4)

(8, 0, 107)
(8, 1, 54)
(8, 2, 37)
(8, 3, 33)
(8, 4, 27)
(8, 5, 26)
(8, 6, 26)
(8, 7, 23)
(8, 8, 23)
(8, 9, 21)
(8, 10, 19)
(8, 11, 17)
(8, 12, 16)
(8, 13, 16)
(8, 14, 16)
(8, 15, 16)
(8, 16, 13)
(8, 17, 12)
(8, 18, 10)
(8, 19, 9)
(8, 20, 9)
(8, 21, 9)
(8, 22, 8)
(8, 23, 8)
(8, 24, 7)
(8, 25, 7)
(8, 26, 7)
(8, 27, 7)
(8, 28, 7)
(8, 29, 7)
(8, 30, 7)
(8, 31, 7)
(8, 32, 6)
(8, 33, 6)
(8, 34, 4)
(8, 35, 2)
(8, 36, 2)
(8, 37, 2)
(8, 38, 2)
(8, 39, 2)

(9, 0, 107)
(9, 1, 54)
(9, 2, 37)
(9, 3, 33)
(9, 4, 27)
(9, 5, 26)
(9, 6, 26)
(9, 7, 23)
(9, 8, 23)
(9, 9, 21)
(9, 10, 19)
(9, 11, 17)
(9, 12, 16)
(9, 13, 16)
(9, 14, 16)
(9, 15, 16)
(9, 16, 13)
(9, 17, 12)
(9, 18, 10)
(9, 19, 9)
(9, 20, 9)
(9, 21, 9)
(9, 22, 8)
(9, 23, 8)
(9, 24, 7)
(9, 25, 7)
(9, 26, 7)
(9, 27, 7)
(9, 28, 7)
(9, 29, 7)
(9, 30, 7)
(9, 31, 7)
(9, 32, 6)
(9, 33, 6)
(9, 34, 4)
(9, 35, 2)
(9, 36, 2)
(9, 37, 2)
(9, 38, 2)
(9, 39, 2)

(10, 0, 107)
(10, 1, 54)
(10, 2, 37)
(10, 3, 33)
(10, 4, 27)
(10, 5, 26)
(10, 6, 26)
(10, 7, 23)
(10, 8, 23)
(10, 9, 21)
(10, 10, 19)
(10, 11, 17)
(10, 12, 16)
(10, 13, 16)
(10, 14, 16)
(10, 15, 16)
(10, 16, 13)
(10, 17, 12)
(10, 18, 10)
(10, 19, 9)
(10, 20, 9)
(10, 21, 9)
(10, 22, 8)
(10, 23, 8)
(10, 24, 7)
(10, 25, 7)
(10, 26, 7)
(10, 27, 7)
(10, 28, 7)
(10, 29, 7)
(10, 30, 7)
(10, 31, 7)
(10, 32, 6)
(10, 33, 6)
(10, 34, 4)
(10, 35, 2)
(10, 36, 2)
(10, 37, 2)
(10, 38, 2)
(10, 39, 2)

(11, 0, 107)
(11, 1, 54)
(11, 2, 37)
(11, 3, 33)
(11, 4, 27)
(11, 5, 26)
(11, 6, 26)
(11, 7, 23)
(11, 8, 23)
(11, 9, 21)
(11, 10, 19)
(11, 11, 17)
(11, 12, 16)
(11, 13, 16)
(11, 14, 16)
(11, 15, 16)
(11, 16, 13)
(11, 17, 12)
(11, 18, 10)
(11, 19, 9)
(11, 20, 9)
(11, 21, 9)
(11, 22, 8)
(11, 23, 8)
(11, 24, 7)
(11, 25, 7)
(11, 26, 7)
(11, 27, 7)
(11, 28, 7)
(11, 29, 7)
(11, 30, 7)
(11, 31, 7)
(11, 32, 6)
(11, 33, 6)
(11, 34, 4)
(11, 35, 2)
(11, 36, 2)
(11, 37, 2)
(11, 38, 2)
(11, 39, 2)

(12, 0, 107)
(12, 1, 54)
(12, 2, 37)
(12, 3, 33)
(12, 4, 27)
(12, 5, 26)
(12, 6, 26)
(12, 7, 23)
(12, 8, 23)
(12, 9, 21)
(12, 10, 19)
(12, 11, 17)
(12, 12, 16)
(12, 13, 16)
(12, 14, 16)
(12, 15, 16)
(12, 16, 13)
(12, 17, 12)
(12, 18, 10)
(12, 19, 9)
(12, 20, 9)
(12, 21, 9)
(12, 22, 8)
(12, 23, 8)
(12, 24, 7)
(12, 25, 7)
(12, 26, 7)
(12, 27, 7)
(12, 28, 7)
(12, 29, 7)
(12, 30, 7)
(12, 31, 7)
(12, 32, 6)
(12, 33, 6)
(12, 34, 4)
(12, 35, 2)
(12, 36, 2)
(12, 37, 2)
(12, 38, 2)
(12, 39, 2)

(13, 0, 107)
(13, 1, 54)
(13, 2, 37)
(13, 3, 33)
(13, 4, 27)
(13, 5, 26)
(13, 6, 26)
(13, 7, 23)
(13, 8, 23)
(13, 9, 21)
(13, 10, 19)
(13, 11, 17)
(13, 12, 16)
(13, 13, 16)
(13, 14, 16)
(13, 15, 16)
(13, 16, 13)
(13, 17, 12)
(13, 18, 10)
(13, 19, 9)
(13, 20, 9)
(13, 21, 9)
(13, 22, 8)
(13, 23, 8)
(13, 24, 7)
(13, 25, 7)
(13, 26, 7)
(13, 27, 7)
(13, 28, 7)
(13, 29, 7)
(13, 30, 7)
(13, 31, 7)
(13, 32, 6)
(13, 33, 6)
(13, 34, 4)
(13, 35, 2)
(13, 36, 2)
(13, 37, 2)
(13, 38, 2)
(13, 39, 2)

(14, 0, 107)
(14, 1, 54)
(14, 2, 37)
(14, 3, 33)
(14, 4, 27)
(14, 5, 26)
(14, 6, 26)
(14, 7, 23)
(14, 8, 23)
(14, 9, 21)
(14, 10, 19)
(14, 11, 17)
(14, 12, 16)
(14, 13, 16)
(14, 14, 16)
(14, 15, 16)
(14, 16, 13)
(14, 17, 12)
(14, 18, 10)
(14, 19, 9)
(14, 20, 9)
(14, 21, 9)
(14, 22, 8)
(14, 23, 8)
(14, 24, 7)
(14, 25, 7)
(14, 26, 7)
(14, 27, 7)
(14, 28, 7)
(14, 29, 7)
(14, 30, 7)
(14, 31, 7)
(14, 32, 6)
(14, 33, 6)
(14, 34, 4)
(14, 35, 2)
(14, 36, 2)
(14, 37, 2)
(14, 38, 2)
(14, 39, 2)

(15, 0, 107)
(15, 1, 54)
(15, 2, 37)
(15, 3, 33)
(15, 4, 27)
(15, 5, 26)
(15, 6, 26)
(15, 7, 23)
(15, 8, 23)
(15, 9, 21)
(15, 10, 19)
(15, 11, 17)
(15, 12, 16)
(15, 13, 16)
(15, 14, 16)
(15, 15, 16)
(15, 16, 13)
(15, 17, 12)
(15, 18, 10)
(15, 19, 9)
(15, 20, 9)
(15, 21, 9)
(15, 22, 8)
(15, 23, 8)
(15, 24, 7)
(15, 25, 7)
(15, 26, 7)
(15, 27, 7)
(15, 28, 7)
(15, 29, 7)
(15, 30, 7)
(15, 31, 7)
(15, 32, 6)
(15, 33, 6)
(15, 34, 4)
(15, 35, 2)
(15, 36, 2)
(15, 37, 2)
(15, 38, 2)
(15, 39, 2)

(16, 0, 107)
(16, 1, 54)
(16, 2, 37)
(16, 3, 33)
(16, 4, 27)
(16, 5, 26)
(16, 6, 26)
(16, 7, 23)
(16, 8, 23)
(16, 9, 21)
(16, 10, 19)
(16, 11, 17)
(16, 12, 16)
(16, 13, 16)
(16, 14, 16)
(16, 15, 16)
(16, 16, 13)
(16, 17, 12)
(16, 18, 10)
(16, 19, 9)
(16, 20, 9)
(16, 21, 9)
(16, 22, 8)
(16, 23, 8)
(16, 24, 7)
(16, 25, 7)
(16, 26, 7)
(16, 27, 7)
(16, 28, 7)
(16, 29, 7)
(16, 30, 7)
(16, 31, 7)
(16, 32, 6)
(16, 33, 6)
(16, 34, 4)
(16, 35, 2)
(16, 36, 2)
(16, 37, 2)
(16, 38, 2)
(16, 39, 2)

(17, 0, 107)
(17, 1, 54)
(17, 2, 37)
(17, 3, 33)
(17, 4, 27)
(17, 5, 26)
(17, 6, 26)
(17, 7, 23)
(17, 8, 23)
(17, 9, 21)
(17, 10, 19)
(17, 11, 17)
(17, 12, 16)
(17, 13, 16)
(17, 14, 16)
(17, 15, 16)
(17, 16, 13)
(17, 17, 12)
(17, 18, 10)
(17, 19, 9)
(17, 20, 9)
(17, 21, 9)
(17, 22, 8)
(17, 23, 8)
(17, 24, 7)
(17, 25, 7)
(17, 26, 7)
(17, 27, 7)
(17, 28, 7)
(17, 29, 7)
(17, 30, 7)
(17, 31, 7)
(17, 32, 6)
(17, 33, 6)
(17, 34, 4)
(17, 35, 2)
(17, 36, 2)
(17, 37, 2)
(17, 38, 2)
(17, 39, 2)

(18, 0, 107)
(18, 1, 54)
(18, 2, 37)
(18, 3, 33)
(18, 4, 27)
(18, 5, 26)
(18, 6, 26)
(18, 7, 23)
(18, 8, 23)
(18, 9, 21)
(18, 10, 19)
(18, 11, 17)
(18, 12, 16)
(18, 13, 16)
(18, 14, 16)
(18, 15, 16)
(18, 16, 13)
(18, 17, 12)
(18, 18, 10)
(18, 19, 9)
(18, 20, 9)
(18, 21, 9)
(18, 22, 8)
(18, 23, 8)
(18, 24, 7)
(18, 25, 7)
(18, 26, 7)
(18, 27, 7)
(18, 28, 7)
(18, 29, 7)
(18, 30, 7)
(18, 31, 7)
(18, 32, 6)
(18, 33, 6)
(18, 34, 4)
(18, 35, 2)
(18, 36, 2)
(18, 37, 2)
(18, 38, 2)
(18, 39, 2)

(19, 0, 108)
(19, 1, 55)
(19, 2, 38)
(19, 3, 34)
(19, 4, 28)
(19, 5, 27)
(19, 6, 27)
(19, 7, 24)
(19, 8, 24)
(19, 9, 22)
(19, 10, 20)
(19, 11, 18)
(19, 12, 17)
(19, 13, 17)
(19, 14, 17)
(19, 15, 17)
(19, 16, 14)
(19, 17, 13)
(19, 18, 11)
(19, 19, 10)
(19, 20, 10)
(19, 21, 10)
(19, 22, 9)
(19, 23, 9)
(19, 24, 8)
(19, 25, 8)
(19, 26, 8)
(19, 27, 8)
(19, 28, 8)
(19, 29, 8)
(19, 30, 8)
(19, 31, 8)
(19, 32, 7)
(19, 33, 7)
(19, 34, 5)
(19, 35, 3)
(19, 36, 3)
(19, 37, 3)
(19, 38, 3)
(19, 39, 3)

(20, 0, 121)
(20, 1, 56)
(20, 2, 39)
(20, 3, 35)
(20, 4, 29)
(20, 5, 28)
(20, 6, 28)
(20, 7, 25)
(20, 8, 25)
(20, 9, 23)
(20, 10, 21)
(20, 11, 19)
(20, 12, 18)
(20, 13, 18)
(20, 14, 18)
(20, 15, 18)
(20, 16, 15)
(20, 17, 14)
(20, 18, 11)
(20, 19, 10)
(20, 20, 10)
(20, 21, 10)
(20, 22, 9)
(20, 23, 9)
(20, 24, 8)
(20, 25, 8)
(20, 26, 8)
(20, 27, 8)
(20, 28, 8)
(20, 29, 8)
(20, 30, 8)
(20, 31, 8)
(20, 32, 7)
(20, 33, 7)
(20, 34, 5)
(20, 35, 3)
(20, 36, 3)
(20, 37, 3)
(20, 38, 3)
(20, 39, 3)

(21, 0, 121)
(21, 1, 56)
(21, 2, 39)
(21, 3, 35)
(21, 4, 29)
(21, 5, 28)
(21, 6, 28)
(21, 7, 25)
(21, 8, 25)
(21, 9, 23)
(21, 10, 21)
(21, 11, 19)
(21, 12, 18)
(21, 13, 18)
(21, 14, 18)
(21, 15, 18)
(21, 16, 15)
(21, 17, 14)
(21, 18, 11)
(21, 19, 10)
(21, 20, 10)
(21, 21, 10)
(21, 22, 9)
(21, 23, 9)
(21, 24, 8)
(21, 25, 8)
(21, 26, 8)
(21, 27, 8)
(21, 28, 8)
(21, 29, 8)
(21, 30, 8)
(21, 31, 8)
(21, 32, 7)
(21, 33, 7)
(21, 34, 5)
(21, 35, 3)
(21, 36, 3)
(21, 37, 3)
(21, 38, 3)
(21, 39, 3)

(22, 0, 121)
(22, 1, 56)
(22, 2, 39)
(22, 3, 35)
(22, 4, 29)
(22, 5, 28)
(22, 6, 28)
(22, 7, 25)
(22, 8, 25)
(22, 9, 23)
(22, 10, 21)
(22, 11, 19)
(22, 12, 18)
(22, 13, 18)
(22, 14, 18)
(22, 15, 18)
(22, 16, 15)
(22, 17, 14)
(22, 18, 11)
(22, 19, 10)
(22, 20, 10)
(22, 21, 10)
(22, 22, 9)
(22, 23, 9)
(22, 24, 8)
(22, 25, 8)
(22, 26, 8)
(22, 27, 8)
(22, 28, 8)
(22, 29, 8)
(22, 30, 8)
(22, 31, 8)
(22, 32, 7)
(22, 33, 7)
(22, 34, 5)
(22, 35, 3)
(22, 36, 3)
(22, 37, 3)
(22, 38, 3)
(22, 39, 3)

(23, 0, 121)
(23, 1, 56)
(23, 2, 39)
(23, 3, 35)
(23, 4, 29)
(23, 5, 28)
(23, 6, 28)
(23, 7, 25)
(23, 8, 25)
(23, 9, 23)
(23, 10, 21)
(23, 11, 19)
(23, 12, 18)
(23, 13, 18)
(23, 14, 18)
(23, 15, 18)
(23, 16, 15)
(23, 17, 14)
(23, 18, 11)
(23, 19, 10)
(23, 20, 10)
(23, 21, 10)
(23, 22, 9)
(23, 23, 9)
(23, 24, 8)
(23, 25, 8)
(23, 26, 8)
(23, 27, 8)
(23, 28, 8)
(23, 29, 8)
(23, 30, 8)
(23, 31, 8)
(23, 32, 7)
(23, 33, 7)
(23, 34, 5)
(23, 35, 3)
(23, 36, 3)
(23, 37, 3)
(23, 38, 3)
(23, 39, 3)

(24, 0, 126)
(24, 1, 58)
(24, 2, 41)
(24, 3, 37)
(24, 4, 31)
(24, 5, 30)
(24, 6, 30)
(24, 7, 27)
(24, 8, 27)
(24, 9, 25)
(24, 10, 23)
(24, 11, 21)
(24, 12, 20)
(24, 13, 20)
(24, 14, 20)
(24, 15, 20)
(24, 16, 17)
(24, 17, 16)
(24, 18, 13)
(24, 19, 11)
(24, 20, 11)
(24, 21, 11)
(24, 22, 10)
(24, 23, 10)
(24, 24, 9)
(24, 25, 9)
(24, 26, 9)
(24, 27, 9)
(24, 28, 9)
(24, 29, 9)
(24, 30, 9)
(24, 31, 9)
(24, 32, 8)
(24, 33, 8)
(24, 34, 6)
(24, 35, 4)
(24, 36, 4)
(24, 37, 4)
(24, 38, 4)
(24, 39, 4)

(25, 0, 145)
(25, 1, 63)
(25, 2, 46)
(25, 3, 42)
(25, 4, 35)
(25, 5, 34)
(25, 6, 34)
(25, 7, 31)
(25, 8, 31)
(25, 9, 29)
(25, 10, 27)
(25, 11, 25)
(25, 12, 24)
(25, 13, 23)
(25, 14, 23)
(25, 15, 23)
(25, 16, 20)
(25, 17, 19)
(25, 18, 14)
(25, 19, 13)
(25, 20, 13)
(25, 21, 13)
(25, 22, 12)
(25, 23, 12)
(25, 24, 11)
(25, 25, 11)
(25, 26, 11)
(25, 27, 11)
(25, 28, 11)
(25, 29, 11)
(25, 30, 11)
(25, 31, 11)
(25, 32, 10)
(25, 33, 10)
(25, 34, 8)
(25, 35, 6)
(25, 36, 6)
(25, 37, 6)
(25, 38, 6)
(25, 39, 6)

(26, 0, 164)
(26, 1, 65)
(26, 2, 48)
(26, 3, 43)
(26, 4, 37)
(26, 5, 36)
(26, 6, 36)
(26, 7, 33)
(26, 8, 33)
(26, 9, 31)
(26, 10, 29)
(26, 11, 27)
(26, 12, 26)
(26, 13, 25)
(26, 14, 25)
(26, 15, 25)
(26, 16, 22)
(26, 17, 20)
(26, 18, 15)
(26, 19, 14)
(26, 20, 14)
(26, 21, 14)
(26, 22, 12)
(26, 23, 12)
(26, 24, 11)
(26, 25, 11)
(26, 26, 11)
(26, 27, 11)
(26, 28, 11)
(26, 29, 11)
(26, 30, 11)
(26, 31, 11)
(26, 32, 10)
(26, 33, 10)
(26, 34, 8)
(26, 35, 6)
(26, 36, 6)
(26, 37, 6)
(26, 38, 6)
(26, 39, 6)

(27, 0, 172)
(27, 1, 70)
(27, 2, 53)
(27, 3, 48)
(27, 4, 41)
(27, 5, 40)
(27, 6, 40)
(27, 7, 36)
(27, 8, 36)
(27, 9, 34)
(27, 10, 32)
(27, 11, 29)
(27, 12, 28)
(27, 13, 27)
(27, 14, 27)
(27, 15, 26)
(27, 16, 23)
(27, 17, 21)
(27, 18, 16)
(27, 19, 15)
(27, 20, 15)
(27, 21, 15)
(27, 22, 14)
(27, 23, 14)
(27, 24, 13)
(27, 25, 13)
(27, 26, 13)
(27, 27, 13)
(27, 28, 13)
(27, 29, 13)
(27, 30, 13)
(27, 31, 13)
(27, 32, 12)
(27, 33, 12)
(27, 34, 10)
(27, 35, 7)
(27, 36, 7)
(27, 37, 7)
(27, 38, 7)
(27, 39, 7)

(28, 0, 185)
(28, 1, 73)
(28, 2, 56)
(28, 3, 51)
(28, 4, 44)
(28, 5, 43)
(28, 6, 43)
(28, 7, 39)
(28, 8, 39)
(28, 9, 36)
(28, 10, 34)
(28, 11, 31)
(28, 12, 30)
(28, 13, 29)
(28, 14, 29)
(28, 15, 28)
(28, 16, 25)
(28, 17, 23)
(28, 18, 17)
(28, 19, 16)
(28, 20, 16)
(28, 21, 16)
(28, 22, 14)
(28, 23, 14)
(28, 24, 13)
(28, 25, 13)
(28, 26, 13)
(28, 27, 13)
(28, 28, 13)
(28, 29, 13)
(28, 30, 13)
(28, 31, 13)
(28, 32, 12)
(28, 33, 12)
(28, 34, 9)
(28, 35, 6)
(28, 36, 6)
(28, 37, 6)
(28, 38, 6)
(28, 39, 6)

(29, 0, 185)
(29, 1, 73)
(29, 2, 56)
(29, 3, 51)
(29, 4, 44)
(29, 5, 43)
(29, 6, 43)
(29, 7, 39)
(29, 8, 39)
(29, 9, 36)
(29, 10, 34)
(29, 11, 31)
(29, 12, 30)
(29, 13, 29)
(29, 14, 29)
(29, 15, 28)
(29, 16, 25)
(29, 17, 23)
(29, 18, 17)
(29, 19, 16)
(29, 20, 16)
(29, 21, 16)
(29, 22, 14)
(29, 23, 14)
(29, 24, 13)
(29, 25, 13)
(29, 26, 13)
(29, 27, 13)
(29, 28, 13)
(29, 29, 13)
(29, 30, 13)
(29, 31, 13)
(29, 32, 12)
(29, 33, 12)
(29, 34, 9)
(29, 35, 6)
(29, 36, 6)
(29, 37, 6)
(29, 38, 6)
(29, 39, 6)

(30, 0, 185)
(30, 1, 73)
(30, 2, 56)
(30, 3, 51)
(30, 4, 44)
(30, 5, 43)
(30, 6, 43)
(30, 7, 39)
(30, 8, 39)
(30, 9, 36)
(30, 10, 34)
(30, 11, 31)
(30, 12, 30)
(30, 13, 29)
(30, 14, 29)
(30, 15, 28)
(30, 16, 25)
(30, 17, 23)
(30, 18, 17)
(30, 19, 16)
(30, 20, 16)
(30, 21, 16)
(30, 22, 14)
(30, 23, 14)
(30, 24, 13)
(30, 25, 13)
(30, 26, 13)
(30, 27, 13)
(30, 28, 13)
(30, 29, 13)
(30, 30, 13)
(30, 31, 13)
(30, 32, 12)
(30, 33, 12)
(30, 34, 9)
(30, 35, 6)
(30, 36, 6)
(30, 37, 6)
(30, 38, 6)
(30, 39, 6)

(31, 0, 185)
(31, 1, 73)
(31, 2, 56)
(31, 3, 51)
(31, 4, 44)
(31, 5, 43)
(31, 6, 43)
(31, 7, 39)
(31, 8, 39)
(31, 9, 36)
(31, 10, 34)
(31, 11, 31)
(31, 12, 30)
(31, 13, 29)
(31, 14, 29)
(31, 15, 28)
(31, 16, 25)
(31, 17, 23)
(31, 18, 17)
(31, 19, 16)
(31, 20, 16)
(31, 21, 16)
(31, 22, 14)
(31, 23, 14)
(31, 24, 13)
(31, 25, 13)
(31, 26, 13)
(31, 27, 13)
(31, 28, 13)
(31, 29, 13)
(31, 30, 13)
(31, 31, 13)
(31, 32, 12)
(31, 33, 12)
(31, 34, 9)
(31, 35, 6)
(31, 36, 6)
(31, 37, 6)
(31, 38, 6)
(31, 39, 6)

(32, 0, 185)
(32, 1, 73)
(32, 2, 56)
(32, 3, 51)
(32, 4, 44)
(32, 5, 43)
(32, 6, 43)
(32, 7, 39)
(32, 8, 39)
(32, 9, 36)
(32, 10, 34)
(32, 11, 31)
(32, 12, 30)
(32, 13, 29)
(32, 14, 29)
(32, 15, 28)
(32, 16, 25)
(32, 17, 23)
(32, 18, 17)
(32, 19, 16)
(32, 20, 16)
(32, 21, 16)
(32, 22, 14)
(32, 23, 14)
(32, 24, 13)
(32, 25, 13)
(32, 26, 13)
(32, 27, 13)
(32, 28, 13)
(32, 29, 13)
(32, 30, 13)
(32, 31, 13)
(32, 32, 12)
(32, 33, 12)
(32, 34, 9)
(32, 35, 6)
(32, 36, 6)
(32, 37, 6)
(32, 38, 6)
(32, 39, 6)

(33, 0, 185)
(33, 1, 73)
(33, 2, 56)
(33, 3, 51)
(33, 4, 44)
(33, 5, 43)
(33, 6, 43)
(33, 7, 39)
(33, 8, 39)
(33, 9, 36)
(33, 10, 34)
(33, 11, 31)
(33, 12, 30)
(33, 13, 29)
(33, 14, 29)
(33, 15, 28)
(33, 16, 25)
(33, 17, 23)
(33, 18, 17)
(33, 19, 16)
(33, 20, 16)
(33, 21, 16)
(33, 22, 14)
(33, 23, 14)
(33, 24, 13)
(33, 25, 13)
(33, 26, 13)
(33, 27, 13)
(33, 28, 13)
(33, 29, 13)
(33, 30, 13)
(33, 31, 13)
(33, 32, 12)
(33, 33, 12)
(33, 34, 9)
(33, 35, 6)
(33, 36, 6)
(33, 37, 6)
(33, 38, 6)
(33, 39, 6)

(34, 0, 193)
(34, 1, 79)
(34, 2, 62)
(34, 3, 57)
(34, 4, 49)
(34, 5, 48)
(34, 6, 48)
(34, 7, 42)
(34, 8, 42)
(34, 9, 39)
(34, 10, 37)
(34, 11, 33)
(34, 12, 32)
(34, 13, 31)
(34, 14, 31)
(34, 15, 29)
(34, 16, 26)
(34, 17, 24)
(34, 18, 18)
(34, 19, 17)
(34, 20, 17)
(34, 21, 17)
(34, 22, 15)
(34, 23, 15)
(34, 24, 14)
(34, 25, 14)
(34, 26, 14)
(34, 27, 14)
(34, 28, 14)
(34, 29, 14)
(34, 30, 14)
(34, 31, 14)
(34, 32, 13)
(34, 33, 13)
(34, 34, 10)
(34, 35, 7)
(34, 36, 7)
(34, 37, 7)
(34, 38, 7)
(34, 39, 7)

(35, 0, 199)
(35, 1, 81)
(35, 2, 64)
(35, 3, 59)
(35, 4, 50)
(35, 5, 49)
(35, 6, 49)
(35, 7, 43)
(35, 8, 43)
(35, 9, 40)
(35, 10, 38)
(35, 11, 34)
(35, 12, 33)
(35, 13, 32)
(35, 14, 32)
(35, 15, 30)
(35, 16, 27)
(35, 17, 24)
(35, 18, 18)
(35, 19, 17)
(35, 20, 17)
(35, 21, 17)
(35, 22, 15)
(35, 23, 15)
(35, 24, 14)
(35, 25, 14)
(35, 26, 14)
(35, 27, 14)
(35, 28, 14)
(35, 29, 14)
(35, 30, 14)
(35, 31, 14)
(35, 32, 13)
(35, 33, 13)
(35, 34, 10)
(35, 35, 7)
(35, 36, 7)
(35, 37, 7)
(35, 38, 7)
(35, 39, 7)

(36, 0, 202)
(36, 1, 82)
(36, 2, 65)
(36, 3, 60)
(36, 4, 51)
(36, 5, 50)
(36, 6, 50)
(36, 7, 44)
(36, 8, 44)
(36, 9, 41)
(36, 10, 39)
(36, 11, 35)
(36, 12, 34)
(36, 13, 33)
(36, 14, 33)
(36, 15, 31)
(36, 16, 28)
(36, 17, 25)
(36, 18, 19)
(36, 19, 18)
(36, 20, 18)
(36, 21, 18)
(36, 22, 16)
(36, 23, 16)
(36, 24, 15)
(36, 25, 15)
(36, 26, 15)
(36, 27, 15)
(36, 28, 15)
(36, 29, 15)
(36, 30, 15)
(36, 31, 15)
(36, 32, 14)
(36, 33, 14)
(36, 34, 11)
(36, 35, 8)
(36, 36, 8)
(36, 37, 8)
(36, 38, 8)
(36, 39, 8)

(37, 0, 208)
(37, 1, 84)
(37, 2, 67)
(37, 3, 62)
(37, 4, 53)
(37, 5, 52)
(37, 6, 52)
(37, 7, 46)
(37, 8, 46)
(37, 9, 43)
(37, 10, 41)
(37, 11, 37)
(37, 12, 36)
(37, 13, 35)
(37, 14, 35)
(37, 15, 33)
(37, 16, 30)
(37, 17, 27)
(37, 18, 20)
(37, 19, 19)
(37, 20, 19)
(37, 21, 19)
(37, 22, 17)
(37, 23, 17)
(37, 24, 16)
(37, 25, 16)
(37, 26, 16)
(37, 27, 16)
(37, 28, 16)
(37, 29, 16)
(37, 30, 16)
(37, 31, 16)
(37, 32, 15)
(37, 33, 15)
(37, 34, 12)
(37, 35, 9)
(37, 36, 9)
(37, 37, 9)
(37, 38, 9)
(37, 39, 9)

(38, 0, 240)
(38, 1, 106)
(38, 2, 77)
(38, 3, 66)
(38, 4, 56)
(38, 5, 54)
(38, 6, 54)
(38, 7, 48)
(38, 8, 48)
(38, 9, 43)
(38, 10, 41)
(38, 11, 37)
(38, 12, 36)
(38, 13, 35)
(38, 14, 35)
(38, 15, 33)
(38, 16, 30)
(38, 17, 27)
(38, 18, 20)
(38, 19, 19)
(38, 20, 19)
(38, 21, 19)
(38, 22, 17)
(38, 23, 17)
(38, 24, 16)
(38, 25, 16)
(38, 26, 16)
(38, 27, 16)
(38, 28, 16)
(38, 29, 16)
(38, 30, 16)
(38, 31, 16)
(38, 32, 15)
(38, 33, 15)
(38, 34, 12)
(38, 35, 9)
(38, 36, 9)
(38, 37, 9)
(38, 38, 9)
(38, 39, 8)

(39, 0, 270)
(39, 1, 115)
(39, 2, 83)
(39, 3, 71)
(39, 4, 61)
(39, 5, 59)
(39, 6, 59)
(39, 7, 53)
(39, 8, 53)
(39, 9, 48)
(39, 10, 45)
(39, 11, 41)
(39, 12, 39)
(39, 13, 38)
(39, 14, 38)
(39, 15, 36)
(39, 16, 33)
(39, 17, 30)
(39, 18, 22)
(39, 19, 21)
(39, 20, 21)
(39, 21, 21)
(39, 22, 19)
(39, 23, 18)
(39, 24, 17)
(39, 25, 17)
(39, 26, 17)
(39, 27, 17)
(39, 28, 17)
(39, 29, 17)
(39, 30, 17)
(39, 31, 17)
(39, 32, 16)
(39, 33, 15)
(39, 34, 11)
(39, 35, 7)
(39, 36, 7)
(39, 37, 7)
(39, 38, 7)
(39, 39, 7)


Betti numbers:
xi_0:
(0, 0, 5)
(1, 0, 2)
(2, 0, 6)
(3, 0, 7)
(4, 0, 11)
(5, 0, 6)
(7, 0, 10)
(8, 0, 60)
(19, 0, 1)
(20, 0, 13)
(24, 0, 5)
(25, 0, 19)
(26, 0, 19)
(27, 0, 8)
(28, 0, 13)
(34, 0, 8)
(35, 0, 6)
(36, 0, 3)
(37, 0, 6)
(38, 0, 32)
(39, 0, 30)
xi_1:
(0, 1, 2)
(0, 2, 1)
(1, 1, 1)
(1, 2, 1)
(2, 1, 1)
(2, 4, 1)
(2, 9, 1)
(2, 11, 1)
(2, 16, 1)
(3, 1, 4)
(3, 7, 1)
(3, 16, 1)
(4, 1, 5)
(4, 4, 2)
(4, 11, 1)
(4, 17, 1)
(4, 34, 1)
(4, 35, 1)
(5, 1, 1)
(5, 2, 1)
(5, 4, 1)
(5, 7, 2)
(5, 18, 1)
(5, 22, 1)
(7, 1, 6)
(7, 12, 1)
(7, 16, 1)
(7, 20, 1)
(8, 1, 33)
(8, 2, 14)
(8, 3, 4)
(8, 4, 2)
(8, 5, 1)
(8, 9, 1)
(8, 10, 2)
(8, 12, 1)
(8, 18, 1)
(8, 19, 1)
(8, 24, 1)
(8, 32, 1)
(8, 34, 1)
(8, 35, 1)
(20, 1, 12)
(20, 18, 1)
(24, 1, 3)
(24, 19, 1)
(25, 1, 14)
(25, 4, 1)
(25, 13, 1)
(25, 18, 2)
(26, 1, 17)
(26, 3, 1)
(26, 17, 1)
(26, 22, 1)
(27, 1, 3)
(27, 4, 1)
(27, 7, 1)
(27, 11, 1)
(27, 15, 1)
(27, 35, 1)
(28, 1, 10)
(28, 9, 1)
(28, 18, 1)
(28, 22, 1)
(28, 34, 1)
(34, 1, 2)
(34, 4, 1)
(34, 7, 2)
(34, 11, 1)
(34, 15, 1)
(35, 1, 4)
(35, 4, 1)
(35, 17, 1)
(36, 1, 2)
(37, 1, 4)
(37, 18, 1)
(38, 1, 10)
(38, 2, 12)
(38, 3, 6)
(38, 4, 1)
(38, 5, 1)
(38, 9, 2)
(38, 39, 1)
(39, 1, 21)
(39, 2, 3)
(39, 3, 1)
(39, 10, 1)
(39, 12, 1)
(39, 18, 1)
(39, 23, 1)
(39, 33, 1)
(39, 34, 1)
(39, 35, 1)
xi_2:
(8, 12, 1)
(8, 20, 1)
(25, 19, 1)
(26, 4, 1)
(27, 22, 1)
(39, 39, 1)
