x-grades
-1535879653083393413/400000000000000000
-752469937252523753/200000000000000000
-1474000095926701599/400000000000000000
-360765079337088923/100000000000000000
-282424107754001957/80000000000000000
-690590380095831939/200000000000000000
-1350240981613317971/400000000000000000
-41228162594842877/12500000000000000
-1288361424456626157/400000000000000000
-5029686583513121/1600000000000000
-1226481867299934343/400000000000000000
-298885522180397109/100000000000000000
-1164602310143242529/400000000000000000
-566831265782448311/200000000000000000
-220544550597310143/80000000000000000
-133972871801025601/50000000000000000
-1040843195829858901/400000000000000000
-504951708625756497/200000000000000000
-978963638673167087/400000000000000000
-47401193004741059/20000000000000000
-917084081516475273/400000000000000000
-443072151469064683/200000000000000000
-855204524359783459/400000000000000000
-51516546611339847/25000000000000000
-158664993440618329/80000000000000000
-381192594312372869/200000000000000000
-731445410046399831/400000000000000000
-175126407867013481/100000000000000000
-669565852889708017/400000000000000000
-63862607431136211/40000000000000000
-607686295733016203/400000000000000000
-72093314644333787/50000000000000000
-545806738576324389/400000000000000000
-257433479998989241/200000000000000000
-19357087256785303/16000000000000000
-113246850710321667/100000000000000000
-422047624262940761/400000000000000000
-195553922842297427/200000000000000000
-360168067106248947/400000000000000000
-1028838401649697/1250000000000000

y-grades
9999919/40000000
9999919/20000000
29999757/40000000
9999919/10000000
9999919/8000000
29999757/20000000
69999433/40000000
9999919/5000000
89999271/40000000
9999919/4000000
109999109/40000000
29999757/10000000
129998947/40000000
69999433/20000000
29999757/8000000
9999919/2500000
169998623/40000000
89999271/20000000
189998461/40000000
9999919/2000000
209998299/40000000
109999109/20000000
229998137/40000000
29999757/5000000
9999919/1600000
129998947/20000000
269997813/40000000
69999433/10000000
289997651/40000000
29999757/4000000
309997489/40000000
9999919/1250000
329997327/40000000
169998623/20000000
69999433/8000000
89999271/10000000
369997003/40000000
189998461/20000000
389996841/40000000
9999919/1000000

Dimensions > 0:
(0, 0, 8)
(0, 1, 6)
(0, 2, 2)
(0, 3, 1)
(0, 4, 1)
(0, 5, 1)
(0, 6, 1)
(0, 7, 1)
(0, 8, 1)
(0, 9, 1)
(0, 10, 1)
(0, 11, 1)
(0, 12, 1)
(0, 13, 1)
(0, 14, 1)
(0, 15, 1)
(0, 16, 1)
(0, 17, 1)
(0, 18, 1)
(0, 19, 1)
(0, 20, 1)
(0, 21, 1)
(0, 22, 1)
(0, 23, 1)
(0, 24, 1)
(0, 25, 1)
(0, 26, 1)
(0, 27, 1)
(0, 28, 1)
(0, 29, 1)
(0, 30, 1)
(0, 31, 1)
(0, 32, 1)
(0, 33, 1)
(0, 34, 1)
(0, 35, 1)
(0, 36, 1)
(0, 37, 1)
(0, 38, 1)
(0, 39, 1)

(1, 0, 10)
(1, 1, 8)
(1, 2, 3)
(1, 3, 2)
(1, 4, 2)
(1, 5, 2)
(1, 6, 2)
(1, 7, 2)
(1, 8, 2)
(1, 9, 2)
(1, 10, 2)
(1, 11, 2)
(1, 12, 1)
(1, 13, 1)
(1, 14, 1)
(1, 15, 1)
(1, 16, 1)
(1, 17, 1)
(1, 18, 1)
(1, 19, 1)
(1, 20, 1)
(1, 21, 1)
(1, 22, 1)
(1, 23, 1)
(1, 24, 1)
(1, 25, 1)
(1, 26, 1)
(1, 27, 1)
(1, 28, 1)
(1, 29, 1)
(1, 30, 1)
(1, 31, 1)
(1, 32, 1)
(1, 33, 1)
(1, 34, 1)
(1, 35, 1)
(1, 36, 1)
(1, 37, 1)
(1, 38, 1)
(1, 39, 1)

(2, 0, 10)
(2, 1, 8)
(2, 2, 3)
(2, 3, 2)
(2, 4, 2)
(2, 5, 2)
(2, 6, 2)
(2, 7, 2)
(2, 8, 2)
(2, 9, 2)
(2, 10, 2)
(2, 11, 2)
(2, 12, 1)
(2, 13, 1)
(2, 14, 1)
(2, 15, 1)
(2, 16, 1)
(2, 17, 1)
(2, 18, 1)
(2, 19, 1)
(2, 20, 1)
(2, 21, 1)
(2, 22, 1)
(2, 23, 1)
(2, 24, 1)
(2, 25, 1)
(2, 26, 1)
(2, 27, 1)
(2, 28, 1)
(2, 29, 1)
(2, 30, 1)
(2, 31, 1)
(2, 32, 1)
(2, 33, 1)
(2, 34, 1)
(2, 35, 1)
(2, 36, 1)
(2, 37, 1)
(2, 38, 1)
(2, 39, 1)

(3, 0, 25)
(3, 1, 19)
(3, 2, 7)
(3, 3, 6)
(3, 4, 5)
(3, 5, 5)
(3, 6, 5)
(3, 7, 4)
(3, 8, 4)
(3, 9, 4)
(3, 10, 4)
(3, 11, 4)
(3, 12, 3)
(3, 13, 3)
(3, 14, 3)
(3, 15, 3)
(3, 16, 3)
(3, 17, 3)
(3, 18, 3)
(3, 19, 3)
(3, 20, 3)
(3, 21, 3)
(3, 22, 3)
(3, 23, 3)
(3, 24, 3)
(3, 25, 3)
(3, 26, 3)
(3, 27, 3)
(3, 28, 3)
(3, 29, 2)
(3, 30, 2)
(3, 31, 2)
(3, 32, 2)
(3, 33, 2)
(3, 34, 2)
(3, 35, 2)
(3, 36, 2)
(3, 37, 2)
(3, 38, 2)
(3, 39, 2)

(4, 0, 44)
(4, 1, 34)
(4, 2, 18)
(4, 3, 14)
(4, 4, 12)
(4, 5, 11)
(4, 6, 10)
(4, 7, 9)
(4, 8, 8)
(4, 9, 8)
(4, 10, 8)
(4, 11, 7)
(4, 12, 5)
(4, 13, 5)
(4, 14, 5)
(4, 15, 5)
(4, 16, 4)
(4, 17, 4)
(4, 18, 4)
(4, 19, 4)
(4, 20, 4)
(4, 21, 4)
(4, 22, 4)
(4, 23, 4)
(4, 24, 4)
(4, 25, 4)
(4, 26, 4)
(4, 27, 4)
(4, 28, 4)
(4, 29, 3)
(4, 30, 3)
(4, 31, 3)
(4, 32, 3)
(4, 33, 3)
(4, 34, 3)
(4, 35, 3)
(4, 36, 3)
(4, 37, 3)
(4, 38, 3)
(4, 39, 3)

(5, 0, 55)
(5, 1, 41)
(5, 2, 24)
(5, 3, 16)
(5, 4, 12)
(5, 5, 12)
(5, 6, 11)
(5, 7, 10)
(5, 8, 10)
(5, 9, 10)
(5, 10, 9)
(5, 11, 8)
(5, 12, 5)
(5, 13, 5)
(5, 14, 5)
(5, 15, 4)
(5, 16, 4)
(5, 17, 4)
(5, 18, 4)
(5, 19, 4)
(5, 20, 4)
(5, 21, 4)
(5, 22, 4)
(5, 23, 4)
(5, 24, 4)
(5, 25, 4)
(5, 26, 4)
(5, 27, 4)
(5, 28, 4)
(5, 29, 3)
(5, 30, 3)
(5, 31, 3)
(5, 32, 3)
(5, 33, 3)
(5, 34, 3)
(5, 35, 3)
(5, 36, 3)
(5, 37, 3)
(5, 38, 3)
(5, 39, 3)

(6, 0, 97)
(6, 1, 70)
(6, 2, 47)
(6, 3, 30)
(6, 4, 23)
(6, 5, 23)
(6, 6, 22)
(6, 7, 21)
(6, 8, 21)
(6, 9, 19)
(6, 10, 16)
(6, 11, 15)
(6, 12, 10)
(6, 13, 10)
(6, 14, 10)
(6, 15, 9)
(6, 16, 9)
(6, 17, 8)
(6, 18, 8)
(6, 19, 7)
(6, 20, 7)
(6, 21, 7)
(6, 22, 7)
(6, 23, 7)
(6, 24, 7)
(6, 25, 7)
(6, 26, 7)
(6, 27, 6)
(6, 28, 6)
(6, 29, 5)
(6, 30, 5)
(6, 31, 4)
(6, 32, 4)
(6, 33, 4)
(6, 34, 4)
(6, 35, 4)
(6, 36, 4)
(6, 37, 4)
(6, 38, 4)
(6, 39, 4)

(7, 0, 153)
(7, 1, 110)
(7, 2, 80)
(7, 3, 51)
(7, 4, 40)
(7, 5, 40)
(7, 6, 34)
(7, 7, 32)
(7, 8, 28)
(7, 9, 24)
(7, 10, 21)
(7, 11, 20)
(7, 12, 15)
(7, 13, 15)
(7, 14, 15)
(7, 15, 14)
(7, 16, 12)
(7, 17, 11)
(7, 18, 11)
(7, 19, 10)
(7, 20, 10)
(7, 21, 10)
(7, 22, 9)
(7, 23, 8)
(7, 24, 8)
(7, 25, 8)
(7, 26, 7)
(7, 27, 6)
(7, 28, 6)
(7, 29, 5)
(7, 30, 5)
(7, 31, 5)
(7, 32, 5)
(7, 33, 5)
(7, 34, 5)
(7, 35, 5)
(7, 36, 5)
(7, 37, 5)
(7, 38, 5)
(7, 39, 5)

(8, 0, 230)
(8, 1, 163)
(8, 2, 124)
(8, 3, 84)
(8, 4, 71)
(8, 5, 70)
(8, 6, 62)
(8, 7, 59)
(8, 8, 52)
(8, 9, 43)
(8, 10, 30)
(8, 11, 28)
(8, 12, 23)
(8, 13, 23)
(8, 14, 22)
(8, 15, 21)
(8, 16, 19)
(8, 17, 17)
(8, 18, 17)
(8, 19, 16)
(8, 20, 16)
(8, 21, 15)
(8, 22, 15)
(8, 23, 13)
(8, 24, 12)
(8, 25, 12)
(8, 26, 11)
(8, 27, 9)
(8, 28, 7)
(8, 29, 6)
(8, 30, 5)
(8, 31, 5)
(8, 32, 5)
(8, 33, 5)
(8, 34, 5)
(8, 35, 5)
(8, 36, 5)
(8, 37, 5)
(8, 38, 5)
(8, 39, 5)

(9, 0, 283)
(9, 1, 193)
(9, 2, 146)
(9, 3, 99)
(9, 4, 84)
(9, 5, 81)
(9, 6, 71)
(9, 7, 67)
(9, 8, 57)
(9, 9, 46)
(9, 10, 32)
(9, 11, 30)
(9, 12, 24)
(9, 13, 23)
(9, 14, 23)
(9, 15, 22)
(9, 16, 20)
(9, 17, 18)
(9, 18, 18)
(9, 19, 17)
(9, 20, 17)
(9, 21, 16)
(9, 22, 16)
(9, 23, 12)
(9, 24, 11)
(9, 25, 11)
(9, 26, 10)
(9, 27, 8)
(9, 28, 6)
(9, 29, 5)
(9, 30, 5)
(9, 31, 5)
(9, 32, 5)
(9, 33, 5)
(9, 34, 5)
(9, 35, 5)
(9, 36, 5)
(9, 37, 5)
(9, 38, 5)
(9, 39, 5)

(10, 0, 293)
(10, 1, 200)
(10, 2, 149)
(10, 3, 101)
(10, 4, 86)
(10, 5, 83)
(10, 6, 73)
(10, 7, 68)
(10, 8, 58)
(10, 9, 47)
(10, 10, 33)
(10, 11, 31)
(10, 12, 24)
(10, 13, 23)
(10, 14, 23)
(10, 15, 22)
(10, 16, 20)
(10, 17, 18)
(10, 18, 18)
(10, 19, 17)
(10, 20, 17)
(10, 21, 16)
(10, 22, 16)
(10, 23, 12)
(10, 24, 11)
(10, 25, 11)
(10, 26, 10)
(10, 27, 8)
(10, 28, 6)
(10, 29, 5)
(10, 30, 5)
(10, 31, 5)
(10, 32, 5)
(10, 33, 5)
(10, 34, 5)
(10, 35, 5)
(10, 36, 5)
(10, 37, 5)
(10, 38, 5)
(10, 39, 5)

(11, 0, 301)
(11, 1, 208)
(11, 2, 156)
(11, 3, 108)
(11, 4, 93)
(11, 5, 90)
(11, 6, 80)
(11, 7, 75)
(11, 8, 64)
(11, 9, 53)
(11, 10, 37)
(11, 11, 35)
(11, 12, 28)
(11, 13, 25)
(11, 14, 25)
(11, 15, 24)
(11, 16, 22)
(11, 17, 19)
(11, 18, 19)
(11, 19, 18)
(11, 20, 18)
(11, 21, 17)
(11, 22, 17)
(11, 23, 13)
(11, 24, 12)
(11, 25, 12)
(11, 26, 11)
(11, 27, 9)
(11, 28, 7)
(11, 29, 5)
(11, 30, 5)
(11, 31, 5)
(11, 32, 5)
(11, 33, 5)
(11, 34, 5)
(11, 35, 5)
(11, 36, 5)
(11, 37, 5)
(11, 38, 5)
(11, 39, 5)

(12, 0, 302)
(12, 1, 208)
(12, 2, 156)
(12, 3, 108)
(12, 4, 93)
(12, 5, 90)
(12, 6, 80)
(12, 7, 75)
(12, 8, 64)
(12, 9, 53)
(12, 10, 37)
(12, 11, 35)
(12, 12, 28)
(12, 13, 25)
(12, 14, 25)
(12, 15, 24)
(12, 16, 21)
(12, 17, 19)
(12, 18, 19)
(12, 19, 18)
(12, 20, 18)
(12, 21, 17)
(12, 22, 17)
(12, 23, 13)
(12, 24, 12)
(12, 25, 12)
(12, 26, 11)
(12, 27, 9)
(12, 28, 7)
(12, 29, 5)
(12, 30, 5)
(12, 31, 5)
(12, 32, 5)
(12, 33, 5)
(12, 34, 5)
(12, 35, 5)
(12, 36, 5)
(12, 37, 5)
(12, 38, 5)
(12, 39, 5)

(13, 0, 302)
(13, 1, 208)
(13, 2, 156)
(13, 3, 108)
(13, 4, 93)
(13, 5, 90)
(13, 6, 80)
(13, 7, 75)
(13, 8, 64)
(13, 9, 53)
(13, 10, 37)
(13, 11, 35)
(13, 12, 28)
(13, 13, 25)
(13, 14, 25)
(13, 15, 24)
(13, 16, 21)
(13, 17, 19)
(13, 18, 19)
(13, 19, 18)
(13, 20, 18)
(13, 21, 17)
(13, 22, 17)
(13, 23, 13)
(13, 24, 12)
(13, 25, 12)
(13, 26, 11)
(13, 27, 9)
(13, 28, 7)
(13, 29, 5)
(13, 30, 5)
(13, 31, 5)
(13, 32, 5)
(13, 33, 5)
(13, 34, 5)
(13, 35, 5)
(13, 36, 5)
(13, 37, 5)
(13, 38, 5)
(13, 39, 5)

(14, 0, 302)
(14, 1, 208)
(14, 2, 156)
(14, 3, 108)
(14, 4, 93)
(14, 5, 90)
(14, 6, 80)
(14, 7, 75)
(14, 8, 64)
(14, 9, 53)
(14, 10, 37)
(14, 11, 35)
(14, 12, 28)
(14, 13, 25)
(14, 14, 25)
(14, 15, 24)
(14, 16, 21)
(14, 17, 19)
(14, 18, 19)
(14, 19, 18)
(14, 20, 18)
(14, 21, 17)
(14, 22, 17)
(14, 23, 13)
(14, 24, 12)
(14, 25, 12)
(14, 26, 11)
(14, 27, 9)
(14, 28, 7)
(14, 29, 5)
(14, 30, 5)
(14, 31, 5)
(14, 32, 5)
(14, 33, 5)
(14, 34, 5)
(14, 35, 5)
(14, 36, 5)
(14, 37, 5)
(14, 38, 5)
(14, 39, 5)

(15, 0, 302)
(15, 1, 208)
(15, 2, 156)
(15, 3, 108)
(15, 4, 93)
(15, 5, 90)
(15, 6, 80)
(15, 7, 75)
(15, 8, 64)
(15, 9, 53)
(15, 10, 37)
(15, 11, 35)
(15, 12, 28)
(15, 13, 25)
(15, 14, 25)
(15, 15, 24)
(15, 16, 21)
(15, 17, 19)
(15, 18, 19)
(15, 19, 18)
(15, 20, 18)
(15, 21, 17)
(15, 22, 17)
(15, 23, 13)
(15, 24, 12)
(15, 25, 12)
(15, 26, 11)
(15, 27, 9)
(15, 28, 7)
(15, 29, 5)
(15, 30, 5)
(15, 31, 5)
(15, 32, 5)
(15, 33, 5)
(15, 34, 5)
(15, 35, 5)
(15, 36, 5)
(15, 37, 5)
(15, 38, 5)
(15, 39, 5)

(16, 0, 302)
(16, 1, 208)
(16, 2, 156)
(16, 3, 108)
(16, 4, 93)
(16, 5, 90)
(16, 6, 80)
(16, 7, 75)
(16, 8, 64)
(16, 9, 53)
(16, 10, 37)
(16, 11, 35)
(16, 12, 28)
(16, 13, 25)
(16, 14, 25)
(16, 15, 24)
(16, 16, 21)
(16, 17, 19)
(16, 18, 19)
(16, 19, 18)
(16, 20, 18)
(16, 21, 17)
(16, 22, 17)
(16, 23, 13)
(16, 24, 12)
(16, 25, 12)
(16, 26, 11)
(16, 27, 9)
(16, 28, 7)
(16, 29, 5)
(16, 30, 5)
(16, 31, 5)
(16, 32, 5)
(16, 33, 5)
(16, 34, 5)
(16, 35, 5)
(16, 36, 5)
(16, 37, 5)
(16, 38, 5)
(16, 39, 5)

(17, 0, 302)
(17, 1, 208)
(17, 2, 156)
(17, 3, 108)
(17, 4, 93)
(17, 5, 90)
(17, 6, 80)
(17, 7, 75)
(17, 8, 64)
(17, 9, 53)
(17, 10, 37)
(17, 11, 35)
(17, 12, 28)
(17, 13, 25)
(17, 14, 25)
(17, 15, 24)
(17, 16, 21)
(17, 17, 19)
(17, 18, 19)
(17, 19, 18)
(17, 20, 18)
(17, 21, 17)
(17, 22, 17)
(17, 23, 13)
(17, 24, 12)
(17, 25, 12)
(17, 26, 11)
(17, 27, 9)
(17, 28, 7)
(17, 29, 5)
(17, 30, 5)
(17, 31, 5)
(17, 32, 5)
(17, 33, 5)
(17, 34, 5)
(17, 35, 5)
(17, 36, 5)
(17, 37, 5)
(17, 38, 5)
(17, 39, 5)

(18, 0, 302)
(18, 1, 208)
(18, 2, 156)
(18, 3, 108)
(18, 4, 93)
(18, 5, 90)
(18, 6, 80)
(18, 7, 75)
(18, 8, 64)
(18, 9, 53)
(18, 10, 37)
(18, 11, 35)
(18, 12, 28)
(18, 13, 25)
(18, 14, 25)
(18, 15, 24)
(18, 16, 21)
(18, 17, 19)
(18, 18, 19)
(18, 19, 18)
(18, 20, 18)
(18, 21, 17)
(18, 22, 17)
(18, 23, 13)
(18, 24, 12)
(18, 25, 12)
(18, 26, 11)
(18, 27, 9)
(18, 28, 7)
(18, 29, 5)
(18, 30, 5)
(18, 31, 5)
(18, 32, 5)
(18, 33, 5)
(18, 34, 5)
(18, 35, 5)
(18, 36, 5)
(18, 37, 5)
(18, 38, 5)
(18, 39, 5)

(19, 0, 302)
(19, 1, 208)
(19, 2, 156)
(19, 3, 108)
(19, 4, 93)
(19, 5, 90)
(19, 6, 80)
(19, 7, 75)
(19, 8, 64)
(19, 9, 53)
(19, 10, 37)
(19, 11, 35)
(19, 12, 28)
(19, 13, 25)
(19, 14, 25)
(19, 15, 24)
(19, 16, 21)
(19, 17, 19)
(19, 18, 19)
(19, 19, 18)
(19, 20, 18)
(19, 21, 17)
(19, 22, 17)
(19, 23, 13)
(19, 24, 12)
(19, 25, 12)
(19, 26, 11)
(19, 27, 9)
(19, 28, 7)
(19, 29, 5)
(19, 30, 5)
(19, 31, 5)
(19, 32, 5)
(19, 33, 5)
(19, 34, 5)
(19, 35, 5)
(19, 36, 5)
(19, 37, 5)
(19, 38, 5)
(19, 39, 5)

(20, 0, 302)
(20, 1, 208)
(20, 2, 156)
(20, 3, 108)
(20, 4, 93)
(20, 5, 90)
(20, 6, 80)
(20, 7, 75)
(20, 8, 64)
(20, 9, 53)
(20, 10, 37)
(20, 11, 35)
(20, 12, 28)
(20, 13, 25)
(20, 14, 25)
(20, 15, 24)
(20, 16, 21)
(20, 17, 19)
(20, 18, 19)
(20, 19, 18)
(20, 20, 18)
(20, 21, 17)
(20, 22, 17)
(20, 23, 13)
(20, 24, 12)
(20, 25, 12)
(20, 26, 11)
(20, 27, 9)
(20, 28, 7)
(20, 29, 5)
(20, 30, 5)
(20, 31, 5)
(20, 32, 5)
(20, 33, 5)
(20, 34, 5)
(20, 35, 5)
(20, 36, 5)
(20, 37, 5)
(20, 38, 5)
(20, 39, 5)

(21, 0, 302)
(21, 1, 208)
(21, 2, 156)
(21, 3, 108)
(21, 4, 93)
(21, 5, 90)
(21, 6, 80)
(21, 7, 75)
(21, 8, 64)
(21, 9, 53)
(21, 10, 37)
(21, 11, 35)
(21, 12, 28)
(21, 13, 25)
(21, 14, 25)
(21, 15, 24)
(21, 16, 21)
(21, 17, 19)
(21, 18, 19)
(21, 19, 18)
(21, 20, 18)
(21, 21, 17)
(21, 22, 17)
(21, 23, 13)
(21, 24, 12)
(21, 25, 12)
(21, 26, 11)
(21, 27, 9)
(21, 28, 7)
(21, 29, 5)
(21, 30, 5)
(21, 31, 5)
(21, 32, 5)
(21, 33, 5)
(21, 34, 5)
(21, 35, 5)
(21, 36, 5)
(21, 37, 5)
(21, 38, 5)
(21, 39, 5)

(22, 0, 302)
(22, 1, 208)
(22, 2, 156)
(22, 3, 108)
(22, 4, 93)
(22, 5, 90)
(22, 6, 80)
(22, 7, 75)
(22, 8, 64)
(22, 9, 53)
(22, 10, 37)
(22, 11, 35)
(22, 12, 28)
(22, 13, 25)
(22, 14, 25)
(22, 15, 24)
(22, 16, 21)
(22, 17, 19)
(22, 18, 19)
(22, 19, 18)
(22, 20, 18)
(22, 21, 17)
(22, 22, 17)
(22, 23, 13)
(22, 24, 12)
(22, 25, 12)
(22, 26, 11)
(22, 27, 9)
(22, 28, 7)
(22, 29, 5)
(22, 30, 5)
(22, 31, 5)
(22, 32, 5)
(22, 33, 5)
(22, 34, 5)
(22, 35, 5)
(22, 36, 5)
(22, 37, 5)
(22, 38, 5)
(22, 39, 5)

(23, 0, 302)
(23, 1, 208)
(23, 2, 156)
(23, 3, 108)
(23, 4, 93)
(23, 5, 90)
(23, 6, 80)
(23, 7, 75)
(23, 8, 64)
(23, 9, 53)
(23, 10, 37)
(23, 11, 35)
(23, 12, 28)
(23, 13, 25)
(23, 14, 25)
(23, 15, 24)
(23, 16, 21)
(23, 17, 19)
(23, 18, 19)
(23, 19, 18)
(23, 20, 18)
(23, 21, 17)
(23, 22, 17)
(23, 23, 13)
(23, 24, 12)
(23, 25, 12)
(23, 26, 11)
(23, 27, 9)
(23, 28, 7)
(23, 29, 5)
(23, 30, 5)
(23, 31, 5)
(23, 32, 5)
(23, 33, 5)
(23, 34, 5)
(23, 35, 5)
(23, 36, 5)
(23, 37, 5)
(23, 38, 5)
(23, 39, 5)

(24, 0, 302)
(24, 1, 208)
(24, 2, 156)
(24, 3, 108)
(24, 4, 93)
(24, 5, 90)
(24, 6, 80)
(24, 7, 75)
(24, 8, 64)
(24, 9, 53)
(24, 10, 37)
(24, 11, 35)
(24, 12, 28)
(24, 13, 25)
(24, 14, 25)
(24, 15, 24)
(24, 16, 21)
(24, 17, 19)
(24, 18, 19)
(24, 19, 18)
(24, 20, 18)
(24, 21, 17)
(24, 22, 17)
(24, 23, 13)
(24, 24, 12)
(24, 25, 12)
(24, 26, 11)
(24, 27, 9)
(24, 28, 7)
(24, 29, 5)
(24, 30, 5)
(24, 31, 5)
(24, 32, 5)
(24, 33, 5)
(24, 34, 5)
(24, 35, 5)
(24, 36, 5)
(24, 37, 5)
(24, 38, 5)
(24, 39, 5)

(25, 0, 302)
(25, 1, 208)
(25, 2, 156)
(25, 3, 108)
(25, 4, 93)
(25, 5, 90)
(25, 6, 80)
(25, 7, 75)
(25, 8, 64)
(25, 9, 53)
(25, 10, 37)
(25, 11, 35)
(25, 12, 28)
(25, 13, 25)
(25, 14, 25)
(25, 15, 24)
(25, 16, 21)
(25, 17, 19)
(25, 18, 19)
(25, 19, 18)
(25, 20, 18)
(25, 21, 17)
(25, 22, 17)
(25, 23, 13)
(25, 24, 12)
(25, 25, 12)
(25, 26, 11)
(25, 27, 9)
(25, 28, 7)
(25, 29, 5)
(25, 30, 5)
(25, 31, 5)
(25, 32, 5)
(25, 33, 5)
(25, 34, 5)
(25, 35, 5)
(25, 36, 5)
(25, 37, 5)
(25, 38, 5)
(25, 39, 5)

(26, 0, 302)
(26, 1, 208)
(26, 2, 156)
(26, 3, 108)
(26, 4, 93)
(26, 5, 90)
(26, 6, 80)
(26, 7, 75)
(26, 8, 64)
(26, 9, 53)
(26, 10, 37)
(26, 11, 35)
(26, 12, 28)
(26, 13, 25)
(26, 14, 25)
(26, 15, 24)
(26, 16, 21)
(26, 17, 19)
(26, 18, 19)
(26, 19, 18)
(26, 20, 18)
(26, 21, 17)
(26, 22, 17)
(26, 23, 13)
(26, 24, 12)
(26, 25, 12)
(26, 26, 11)
(26, 27, 9)
(26, 28, 7)
(26, 29, 5)
(26, 30, 5)
(26, 31, 5)
(26, 32, 5)
(26, 33, 5)
(26, 34, 5)
(26, 35, 5)
(26, 36, 5)
(26, 37, 5)
(26, 38, 5)
(26, 39, 5)

(27, 0, 310)
(27, 1, 214)
(27, 2, 161)
(27, 3, 112)
(27, 4, 97)
(27, 5, 94)
(27, 6, 84)
(27, 7, 79)
(27, 8, 67)
(27, 9, 56)
(27, 10, 40)
(27, 11, 38)
(27, 12, 30)
(27, 13, 27)
(27, 14, 27)
(27, 15, 26)
(27, 16, 23)
(27, 17, 21)
(27, 18, 21)
(27, 19, 20)
(27, 20, 20)
(27, 21, 19)
(27, 22, 19)
(27, 23, 15)
(27, 24, 14)
(27, 25, 14)
(27, 26, 13)
(27, 27, 11)
(27, 28, 9)
(27, 29, 7)
(27, 30, 6)
(27, 31, 6)
(27, 32, 6)
(27, 33, 6)
(27, 34, 6)
(27, 35, 6)
(27, 36, 6)
(27, 37, 6)
(27, 38, 6)
(27, 39, 6)

(28, 0, 317)
(28, 1, 221)
(28, 2, 168)
(28, 3, 118)
(28, 4, 103)
(28, 5, 100)
(28, 6, 90)
(28, 7, 85)
(28, 8, 73)
(28, 9, 62)
(28, 10, 46)
(28, 11, 43)
(28, 12, 34)
(28, 13, 31)
(28, 14, 30)
(28, 15, 29)
(28, 16, 26)
(28, 17, 23)
(28, 18, 22)
(28, 19, 21)
(28, 20, 20)
(28, 21, 19)
(28, 22, 19)
(28, 23, 15)
(28, 24, 14)
(28, 25, 14)
(28, 26, 13)
(28, 27, 11)
(28, 28, 9)
(28, 29, 7)
(28, 30, 7)
(28, 31, 7)
(28, 32, 7)
(28, 33, 7)
(28, 34, 7)
(28, 35, 7)
(28, 36, 6)
(28, 37, 6)
(28, 38, 6)
(28, 39, 6)

(29, 0, 329)
(29, 1, 231)
(29, 2, 175)
(29, 3, 125)
(29, 4, 108)
(29, 5, 105)
(29, 6, 95)
(29, 7, 90)
(29, 8, 77)
(29, 9, 66)
(29, 10, 50)
(29, 11, 46)
(29, 12, 37)
(29, 13, 34)
(29, 14, 33)
(29, 15, 32)
(29, 16, 29)
(29, 17, 26)
(29, 18, 25)
(29, 19, 23)
(29, 20, 22)
(29, 21, 21)
(29, 22, 21)
(29, 23, 17)
(29, 24, 15)
(29, 25, 15)
(29, 26, 13)
(29, 27, 11)
(29, 28, 9)
(29, 29, 7)
(29, 30, 7)
(29, 31, 7)
(29, 32, 6)
(29, 33, 6)
(29, 34, 6)
(29, 35, 6)
(29, 36, 6)
(29, 37, 6)
(29, 38, 6)
(29, 39, 6)

(30, 0, 334)
(30, 1, 234)
(30, 2, 177)
(30, 3, 127)
(30, 4, 110)
(30, 5, 107)
(30, 6, 97)
(30, 7, 92)
(30, 8, 79)
(30, 9, 68)
(30, 10, 52)
(30, 11, 48)
(30, 12, 39)
(30, 13, 36)
(30, 14, 35)
(30, 15, 34)
(30, 16, 31)
(30, 17, 28)
(30, 18, 27)
(30, 19, 25)
(30, 20, 22)
(30, 21, 21)
(30, 22, 21)
(30, 23, 17)
(30, 24, 15)
(30, 25, 15)
(30, 26, 13)
(30, 27, 11)
(30, 28, 9)
(30, 29, 7)
(30, 30, 7)
(30, 31, 7)
(30, 32, 6)
(30, 33, 6)
(30, 34, 6)
(30, 35, 6)
(30, 36, 6)
(30, 37, 6)
(30, 38, 6)
(30, 39, 6)

(31, 0, 344)
(31, 1, 244)
(31, 2, 186)
(31, 3, 135)
(31, 4, 117)
(31, 5, 114)
(31, 6, 103)
(31, 7, 97)
(31, 8, 83)
(31, 9, 72)
(31, 10, 56)
(31, 11, 52)
(31, 12, 42)
(31, 13, 39)
(31, 14, 37)
(31, 15, 36)
(31, 16, 33)
(31, 17, 30)
(31, 18, 29)
(31, 19, 27)
(31, 20, 24)
(31, 21, 23)
(31, 22, 23)
(31, 23, 19)
(31, 24, 16)
(31, 25, 16)
(31, 26, 14)
(31, 27, 11)
(31, 28, 9)
(31, 29, 7)
(31, 30, 7)
(31, 31, 7)
(31, 32, 6)
(31, 33, 6)
(31, 34, 6)
(31, 35, 6)
(31, 36, 6)
(31, 37, 6)
(31, 38, 6)
(31, 39, 6)

(32, 0, 364)
(32, 1, 258)
(32, 2, 197)
(32, 3, 145)
(32, 4, 127)
(32, 5, 122)
(32, 6, 109)
(32, 7, 103)
(32, 8, 88)
(32, 9, 74)
(32, 10, 58)
(32, 11, 53)
(32, 12, 43)
(32, 13, 39)
(32, 14, 38)
(32, 15, 36)
(32, 16, 33)
(32, 17, 30)
(32, 18, 28)
(32, 19, 26)
(32, 20, 23)
(32, 21, 22)
(32, 22, 22)
(32, 23, 18)
(32, 24, 15)
(32, 25, 15)
(32, 26, 13)
(32, 27, 11)
(32, 28, 9)
(32, 29, 7)
(32, 30, 7)
(32, 31, 7)
(32, 32, 6)
(32, 33, 6)
(32, 34, 6)
(32, 35, 6)
(32, 36, 6)
(32, 37, 6)
(32, 38, 6)
(32, 39, 6)

(33, 0, 378)
(33, 1, 268)
(33, 2, 205)
(33, 3, 153)
(33, 4, 134)
(33, 5, 129)
(33, 6, 116)
(33, 7, 110)
(33, 8, 94)
(33, 9, 78)
(33, 10, 59)
(33, 11, 54)
(33, 12, 44)
(33, 13, 40)
(33, 14, 38)
(33, 15, 37)
(33, 16, 34)
(33, 17, 31)
(33, 18, 29)
(33, 19, 27)
(33, 20, 24)
(33, 21, 23)
(33, 22, 23)
(33, 23, 19)
(33, 24, 16)
(33, 25, 16)
(33, 26, 14)
(33, 27, 11)
(33, 28, 9)
(33, 29, 6)
(33, 30, 6)
(33, 31, 6)
(33, 32, 6)
(33, 33, 6)
(33, 34, 6)
(33, 35, 6)
(33, 36, 6)
(33, 37, 6)
(33, 38, 6)
(33, 39, 6)

(34, 0, 389)
(34, 1, 275)
(34, 2, 211)
(34, 3, 157)
(34, 4, 138)
(34, 5, 133)
(34, 6, 120)
(34, 7, 114)
(34, 8, 98)
(34, 9, 82)
(34, 10, 63)
(34, 11, 56)
(34, 12, 46)
(34, 13, 42)
(34, 14, 38)
(34, 15, 37)
(34, 16, 34)
(34, 17, 31)
(34, 18, 29)
(34, 19, 27)
(34, 20, 24)
(34, 21, 23)
(34, 22, 23)
(34, 23, 19)
(34, 24, 16)
(34, 25, 16)
(34, 26, 14)
(34, 27, 10)
(34, 28, 8)
(34, 29, 6)
(34, 30, 6)
(34, 31, 6)
(34, 32, 6)
(34, 33, 6)
(34, 34, 6)
(34, 35, 6)
(34, 36, 6)
(34, 37, 6)
(34, 38, 6)
(34, 39, 6)

(35, 0, 421)
(35, 1, 295)
(35, 2, 227)
(35, 3, 170)
(35, 4, 151)
(35, 5, 146)
(35, 6, 133)
(35, 7, 127)
(35, 8, 108)
(35, 9, 92)
(35, 10, 72)
(35, 11, 65)
(35, 12, 54)
(35, 13, 49)
(35, 14, 45)
(35, 15, 44)
(35, 16, 41)
(35, 17, 38)
(35, 18, 34)
(35, 19, 30)
(35, 20, 26)
(35, 21, 25)
(35, 22, 25)
(35, 23, 21)
(35, 24, 18)
(35, 25, 18)
(35, 26, 16)
(35, 27, 12)
(35, 28, 10)
(35, 29, 8)
(35, 30, 8)
(35, 31, 8)
(35, 32, 8)
(35, 33, 8)
(35, 34, 8)
(35, 35, 8)
(35, 36, 8)
(35, 37, 8)
(35, 38, 8)
(35, 39, 8)

(36, 0, 446)
(36, 1, 315)
(36, 2, 243)
(36, 3, 184)
(36, 4, 163)
(36, 5, 157)
(36, 6, 144)
(36, 7, 138)
(36, 8, 119)
(36, 9, 101)
(36, 10, 81)
(36, 11, 73)
(36, 12, 60)
(36, 13, 53)
(36, 14, 49)
(36, 15, 48)
(36, 16, 45)
(36, 17, 39)
(36, 18, 36)
(36, 19, 33)
(36, 20, 29)
(36, 21, 28)
(36, 22, 28)
(36, 23, 24)
(36, 24, 21)
(36, 25, 21)
(36, 26, 18)
(36, 27, 14)
(36, 28, 11)
(36, 29, 9)
(36, 30, 9)
(36, 31, 9)
(36, 32, 9)
(36, 33, 8)
(36, 34, 8)
(36, 35, 8)
(36, 36, 8)
(36, 37, 8)
(36, 38, 7)
(36, 39, 7)

(37, 0, 476)
(37, 1, 336)
(37, 2, 263)
(37, 3, 200)
(37, 4, 178)
(37, 5, 172)
(37, 6, 158)
(37, 7, 151)
(37, 8, 130)
(37, 9, 110)
(37, 10, 89)
(37, 11, 80)
(37, 12, 67)
(37, 13, 61)
(37, 14, 56)
(37, 15, 55)
(37, 16, 51)
(37, 17, 46)
(37, 18, 43)
(37, 19, 39)
(37, 20, 34)
(37, 21, 33)
(37, 22, 33)
(37, 23, 29)
(37, 24, 26)
(37, 25, 25)
(37, 26, 20)
(37, 27, 15)
(37, 28, 11)
(37, 29, 9)
(37, 30, 9)
(37, 31, 9)
(37, 32, 9)
(37, 33, 7)
(37, 34, 7)
(37, 35, 7)
(37, 36, 7)
(37, 37, 7)
(37, 38, 7)
(37, 39, 7)

(38, 0, 524)
(38, 1, 366)
(38, 2, 286)
(38, 3, 223)
(38, 4, 199)
(38, 5, 192)
(38, 6, 178)
(38, 7, 169)
(38, 8, 145)
(38, 9, 124)
(38, 10, 101)
(38, 11, 90)
(38, 12, 73)
(38, 13, 65)
(38, 14, 58)
(38, 15, 56)
(38, 16, 52)
(38, 17, 47)
(38, 18, 44)
(38, 19, 38)
(38, 20, 32)
(38, 21, 31)
(38, 22, 30)
(38, 23, 26)
(38, 24, 23)
(38, 25, 23)
(38, 26, 19)
(38, 27, 14)
(38, 28, 11)
(38, 29, 9)
(38, 30, 8)
(38, 31, 8)
(38, 32, 8)
(38, 33, 6)
(38, 34, 6)
(38, 35, 6)
(38, 36, 6)
(38, 37, 6)
(38, 38, 6)
(38, 39, 6)

(39, 0, 553)
(39, 1, 388)
(39, 2, 300)
(39, 3, 236)
(39, 4, 211)
(39, 5, 204)
(39, 6, 188)
(39, 7, 179)
(39, 8, 151)
(39, 9, 128)
(39, 10, 102)
(39, 11, 90)
(39, 12, 74)
(39, 13, 65)
(39, 14, 56)
(39, 15, 55)
(39, 16, 51)
(39, 17, 46)
(39, 18, 43)
(39, 19, 37)
(39, 20, 31)
(39, 21, 30)
(39, 22, 29)
(39, 23, 25)
(39, 24, 22)
(39, 25, 22)
(39, 26, 18)
(39, 27, 13)
(39, 28, 10)
(39, 29, 8)
(39, 30, 8)
(39, 31, 8)
(39, 32, 8)
(39, 33, 6)
(39, 34, 6)
(39, 35, 6)
(39, 36, 6)
(39, 37, 6)
(39, 38, 6)
(39, 39, 6)


Betti numbers:
xi_0:
(0, 0, 8)
(1, 0, 2)
(3, 0, 15)
(4, 0, 19)
(5, 0, 11)
(6, 0, 42)
(7, 0, 56)
(8, 0, 77)
(9, 0, 53)
(10, 0, 10)
(11, 0, 8)
(12, 0, 1)
(27, 0, 8)
(28, 0, 7)
(29, 0, 12)
(30, 0, 5)
(31, 0, 10)
(32, 0, 20)
(33, 0, 14)
(34, 0, 11)
(35, 0, 32)
(36, 0, 25)
(37, 0, 30)
(38, 0, 48)
(39, 0, 29)
xi_1:
(0, 1, 2)
(0, 2, 4)
(0, 3, 1)
(1, 2, 1)
(1, 12, 1)
(3, 1, 4)
(3, 2, 7)
(3, 4, 1)
(3, 7, 1)
(3, 29, 1)
(4, 1, 4)
(4, 2, 4)
(4, 3, 3)
(4, 4, 1)
(4, 5, 1)
(4, 6, 1)
(4, 8, 1)
(4, 11, 1)
(4, 12, 1)
(4, 16, 1)
(5, 1, 4)
(5, 2, 1)
(5, 3, 4)
(5, 4, 2)
(5, 10, 1)
(5, 12, 1)
(5, 15, 1)
(6, 1, 13)
(6, 2, 6)
(6, 3, 9)
(6, 4, 3)
(6, 9, 2)
(6, 10, 2)
(6, 12, 2)
(6, 17, 1)
(6, 19, 1)
(6, 27, 1)
(6, 31, 1)
(7, 1, 16)
(7, 2, 7)
(7, 3, 12)
(7, 4, 4)
(7, 6, 5)
(7, 7, 1)
(7, 8, 4)
(7, 9, 2)
(7, 16, 2)
(7, 22, 1)
(7, 23, 1)
(7, 26, 1)
(8, 1, 24)
(8, 2, 9)
(8, 3, 11)
(8, 4, 2)
(8, 5, 1)
(8, 6, 2)
(8, 7, 1)
(8, 8, 3)
(8, 9, 5)
(8, 10, 10)
(8, 11, 1)
(8, 14, 1)
(8, 17, 1)
(8, 21, 1)
(8, 23, 1)
(8, 24, 1)
(8, 27, 1)
(8, 28, 2)
(8, 30, 1)
(9, 1, 23)
(9, 2, 8)
(9, 3, 7)
(9, 4, 3)
(9, 5, 2)
(9, 6, 2)
(9, 7, 1)
(9, 8, 3)
(9, 9, 2)
(9, 10, 1)
(9, 12, 1)
(9, 13, 1)
(9, 23, 2)
(9, 24, 1)
(10, 1, 3)
(10, 2, 4)
(10, 3, 1)
(10, 7, 1)
(10, 12, 1)
(11, 2, 1)
(11, 8, 1)
(11, 10, 2)
(11, 13, 2)
(11, 17, 1)
(11, 29, 1)
(12, 1, 1)
(12, 16, 1)
(27, 1, 2)
(27, 2, 1)
(27, 3, 1)
(27, 8, 1)
(27, 12, 1)
(27, 30, 1)
(28, 3, 1)
(28, 11, 1)
(28, 12, 1)
(28, 14, 1)
(28, 17, 1)
(28, 18, 1)
(28, 20, 1)
(28, 36, 1)
(29, 1, 2)
(29, 2, 3)
(29, 4, 2)
(29, 8, 1)
(29, 11, 1)
(29, 19, 1)
(29, 24, 1)
(29, 26, 1)
(29, 32, 1)
(30, 1, 2)
(30, 2, 1)
(30, 20, 2)
(31, 2, 1)
(31, 3, 1)
(31, 4, 1)
(31, 6, 1)
(31, 7, 1)
(31, 8, 1)
(31, 12, 1)
(31, 14, 1)
(31, 24, 1)
(31, 27, 1)
(32, 1, 6)
(32, 2, 3)
(32, 3, 1)
(32, 5, 2)
(32, 6, 2)
(32, 8, 1)
(32, 9, 3)
(32, 11, 1)
(32, 13, 1)
(32, 15, 1)
(32, 18, 1)
(33, 1, 4)
(33, 2, 2)
(33, 4, 1)
(33, 8, 1)
(33, 9, 2)
(33, 10, 3)
(33, 14, 1)
(33, 27, 1)
(33, 29, 1)
(34, 1, 4)
(34, 2, 1)
(34, 3, 2)
(34, 11, 2)
(34, 14, 2)
(34, 27, 1)
(35, 1, 12)
(35, 2, 4)
(35, 3, 3)
(35, 8, 3)
(35, 10, 1)
(35, 12, 1)
(35, 13, 1)
(35, 18, 2)
(35, 19, 2)
(35, 20, 1)
(36, 1, 5)
(36, 2, 4)
(36, 3, 2)
(36, 4, 2)
(36, 5, 1)
(36, 9, 2)
(36, 11, 1)
(36, 12, 2)
(36, 13, 2)
(36, 17, 3)
(36, 26, 1)
(36, 28, 1)
(36, 33, 1)
(36, 38, 1)
(37, 1, 9)
(37, 2, 1)
(37, 3, 4)
(37, 4, 1)
(37, 6, 1)
(37, 7, 1)
(37, 8, 2)
(37, 9, 2)
(37, 10, 1)
(37, 11, 1)
(37, 14, 1)
(37, 16, 1)
(37, 19, 1)
(37, 20, 1)
(37, 25, 1)
(37, 26, 2)
(37, 27, 1)
(37, 28, 1)
(37, 33, 1)
(38, 1, 18)
(38, 2, 7)
(38, 4, 2)
(38, 5, 1)
(38, 7, 2)
(38, 8, 3)
(38, 9, 1)
(38, 10, 2)
(38, 11, 2)
(38, 12, 4)
(38, 13, 2)
(38, 14, 2)
(38, 15, 1)
(38, 16, 1)
(38, 19, 2)
(38, 20, 1)
(38, 22, 1)
(38, 30, 1)
(39, 1, 7)
(39, 2, 8)
(39, 3, 1)
(39, 4, 1)
(39, 6, 2)
(39, 8, 4)
(39, 9, 2)
(39, 10, 3)
(39, 11, 1)
(39, 13, 1)
(39, 14, 2)
xi_2:
(5, 5, 1)
(5, 8, 1)
(5, 16, 1)
(7, 31, 1)
(8, 22, 1)
(9, 4, 1)
(9, 14, 1)
(9, 24, 1)
(9, 30, 1)
(12, 17, 1)
(28, 30, 1)
(29, 36, 1)
(32, 14, 1)
(32, 27, 1)
(33, 15, 1)
(33, 32, 1)
(34, 29, 1)
(36, 18, 1)
(36, 19, 1)
(37, 13, 1)
(37, 17, 1)
(37, 38, 1)
(38, 16, 1)
(38, 25, 1)
(38, 26, 1)
(38, 28, 1)
(39, 12, 1)
(39, 15, 1)
(39, 30, 1)
