x-grades
-552776398543235613/400000000000000000
-269990399290294273/200000000000000000
-527185198617941479/400000000000000000
-128597399663823603/100000000000000000
-100318799738529469/80000000000000000
-244399199365000139/200000000000000000
-476002798767353211/400000000000000000
-14475224962647067/12500000000000000
-450411598842059077/400000000000000000
-43761599887941201/40000000000000000
-424820398916764943/400000000000000000
-103006199738529469/100000000000000000
-399229198991470809/400000000000000000
-193216799514411871/200000000000000000
-14945519962647067/16000000000000000
-45105299887941201/50000000000000000
-348046799140882541/400000000000000000
-167625599589117737/200000000000000000
-322455599215588407/400000000000000000
-15482999962647067/20000000000000000
-296864399290294273/400000000000000000
-142034399663823603/200000000000000000
-271273199365000139/400000000000000000
-16154849962647067/25000000000000000
-49136399887941201/80000000000000000
-116443199738529469/200000000000000000
-220090799514411871/400000000000000000
-51823799887941201/100000000000000000
-194499599589117737/400000000000000000
-18170399962647067/40000000000000000
-168908399663823603/400000000000000000
-19514099962647067/50000000000000000
-143317199738529469/400000000000000000
-65260799887941201/200000000000000000
-23545199962647067/80000000000000000
-26232599962647067/100000000000000000
-92134799887941201/400000000000000000
-39669599962647067/200000000000000000
-66543599962647067/400000000000000000
-13437/100000

y-grades
4997577/20000000
4997577/10000000
14992731/20000000
4997577/5000000
4997577/4000000
14992731/10000000
34983039/20000000
4997577/2500000
44978193/20000000
4997577/2000000
54973347/20000000
14992731/5000000
64968501/20000000
34983039/10000000
14992731/4000000
4997577/1250000
84958809/20000000
44978193/10000000
94953963/20000000
4997577/1000000
104949117/20000000
54973347/10000000
114944271/20000000
14992731/2500000
4997577/800000
64968501/10000000
134934579/20000000
34983039/5000000
144929733/20000000
14992731/2000000
154924887/20000000
4997577/625000
164920041/20000000
84958809/10000000
34983039/4000000
44978193/5000000
184910349/20000000
94953963/10000000
194905503/20000000
4997577/500000

Dimensions > 0:
(0, 0, 2)
(0, 1, 2)
(0, 2, 2)
(0, 3, 2)
(0, 4, 2)
(0, 5, 2)
(0, 6, 2)
(0, 7, 1)
(0, 8, 1)
(0, 9, 1)
(0, 10, 1)
(0, 11, 1)
(0, 12, 1)
(0, 13, 1)
(0, 14, 1)
(0, 15, 1)
(0, 16, 1)
(0, 17, 1)
(0, 18, 1)
(0, 19, 1)
(0, 20, 1)
(0, 21, 1)
(0, 22, 1)
(0, 23, 1)
(0, 24, 1)
(0, 25, 1)
(0, 26, 1)
(0, 27, 1)
(0, 28, 1)
(0, 29, 1)
(0, 30, 1)
(0, 31, 1)
(0, 32, 1)
(0, 33, 1)
(0, 34, 1)
(0, 35, 1)
(0, 36, 1)
(0, 37, 1)
(0, 38, 1)
(0, 39, 1)

(1, 0, 3)
(1, 1, 3)
(1, 2, 3)
(1, 3, 3)
(1, 4, 3)
(1, 5, 3)
(1, 6, 3)
(1, 7, 2)
(1, 8, 2)
(1, 9, 2)
(1, 10, 2)
(1, 11, 2)
(1, 12, 2)
(1, 13, 2)
(1, 14, 2)
(1, 15, 1)
(1, 16, 1)
(1, 17, 1)
(1, 18, 1)
(1, 19, 1)
(1, 20, 1)
(1, 21, 1)
(1, 22, 1)
(1, 23, 1)
(1, 24, 1)
(1, 25, 1)
(1, 26, 1)
(1, 27, 1)
(1, 28, 1)
(1, 29, 1)
(1, 30, 1)
(1, 31, 1)
(1, 32, 1)
(1, 33, 1)
(1, 34, 1)
(1, 35, 1)
(1, 36, 1)
(1, 37, 1)
(1, 38, 1)
(1, 39, 1)

(2, 0, 9)
(2, 1, 9)
(2, 2, 8)
(2, 3, 6)
(2, 4, 6)
(2, 5, 6)
(2, 6, 6)
(2, 7, 4)
(2, 8, 4)
(2, 9, 4)
(2, 10, 4)
(2, 11, 4)
(2, 12, 4)
(2, 13, 4)
(2, 14, 4)
(2, 15, 3)
(2, 16, 3)
(2, 17, 3)
(2, 18, 3)
(2, 19, 3)
(2, 20, 3)
(2, 21, 3)
(2, 22, 3)
(2, 23, 3)
(2, 24, 3)
(2, 25, 3)
(2, 26, 3)
(2, 27, 3)
(2, 28, 3)
(2, 29, 3)
(2, 30, 3)
(2, 31, 3)
(2, 32, 3)
(2, 33, 3)
(2, 34, 3)
(2, 35, 3)
(2, 36, 3)
(2, 37, 3)
(2, 38, 3)
(2, 39, 3)

(3, 0, 12)
(3, 1, 12)
(3, 2, 11)
(3, 3, 9)
(3, 4, 9)
(3, 5, 9)
(3, 6, 8)
(3, 7, 6)
(3, 8, 6)
(3, 9, 6)
(3, 10, 6)
(3, 11, 6)
(3, 12, 6)
(3, 13, 6)
(3, 14, 6)
(3, 15, 4)
(3, 16, 4)
(3, 17, 4)
(3, 18, 4)
(3, 19, 4)
(3, 20, 4)
(3, 21, 4)
(3, 22, 4)
(3, 23, 4)
(3, 24, 3)
(3, 25, 3)
(3, 26, 3)
(3, 27, 3)
(3, 28, 3)
(3, 29, 3)
(3, 30, 3)
(3, 31, 3)
(3, 32, 3)
(3, 33, 3)
(3, 34, 3)
(3, 35, 3)
(3, 36, 3)
(3, 37, 3)
(3, 38, 3)
(3, 39, 3)

(4, 0, 16)
(4, 1, 16)
(4, 2, 15)
(4, 3, 11)
(4, 4, 10)
(4, 5, 10)
(4, 6, 9)
(4, 7, 7)
(4, 8, 7)
(4, 9, 7)
(4, 10, 7)
(4, 11, 7)
(4, 12, 7)
(4, 13, 7)
(4, 14, 7)
(4, 15, 4)
(4, 16, 4)
(4, 17, 4)
(4, 18, 4)
(4, 19, 4)
(4, 20, 4)
(4, 21, 4)
(4, 22, 4)
(4, 23, 4)
(4, 24, 3)
(4, 25, 3)
(4, 26, 3)
(4, 27, 3)
(4, 28, 3)
(4, 29, 3)
(4, 30, 3)
(4, 31, 3)
(4, 32, 3)
(4, 33, 3)
(4, 34, 3)
(4, 35, 3)
(4, 36, 3)
(4, 37, 3)
(4, 38, 3)
(4, 39, 3)

(5, 0, 17)
(5, 1, 17)
(5, 2, 16)
(5, 3, 12)
(5, 4, 11)
(5, 5, 11)
(5, 6, 10)
(5, 7, 8)
(5, 8, 8)
(5, 9, 8)
(5, 10, 8)
(5, 11, 8)
(5, 12, 8)
(5, 13, 8)
(5, 14, 8)
(5, 15, 5)
(5, 16, 5)
(5, 17, 5)
(5, 18, 5)
(5, 19, 5)
(5, 20, 5)
(5, 21, 5)
(5, 22, 5)
(5, 23, 5)
(5, 24, 4)
(5, 25, 4)
(5, 26, 4)
(5, 27, 4)
(5, 28, 4)
(5, 29, 4)
(5, 30, 4)
(5, 31, 4)
(5, 32, 4)
(5, 33, 4)
(5, 34, 3)
(5, 35, 3)
(5, 36, 3)
(5, 37, 3)
(5, 38, 3)
(5, 39, 3)

(6, 0, 20)
(6, 1, 20)
(6, 2, 19)
(6, 3, 15)
(6, 4, 14)
(6, 5, 14)
(6, 6, 12)
(6, 7, 10)
(6, 8, 10)
(6, 9, 10)
(6, 10, 10)
(6, 11, 10)
(6, 12, 10)
(6, 13, 10)
(6, 14, 10)
(6, 15, 7)
(6, 16, 7)
(6, 17, 6)
(6, 18, 6)
(6, 19, 6)
(6, 20, 6)
(6, 21, 6)
(6, 22, 6)
(6, 23, 6)
(6, 24, 4)
(6, 25, 4)
(6, 26, 4)
(6, 27, 4)
(6, 28, 4)
(6, 29, 4)
(6, 30, 4)
(6, 31, 4)
(6, 32, 4)
(6, 33, 4)
(6, 34, 3)
(6, 35, 3)
(6, 36, 3)
(6, 37, 3)
(6, 38, 3)
(6, 39, 3)

(7, 0, 20)
(7, 1, 20)
(7, 2, 19)
(7, 3, 15)
(7, 4, 14)
(7, 5, 14)
(7, 6, 12)
(7, 7, 10)
(7, 8, 10)
(7, 9, 10)
(7, 10, 10)
(7, 11, 10)
(7, 12, 10)
(7, 13, 10)
(7, 14, 10)
(7, 15, 7)
(7, 16, 7)
(7, 17, 6)
(7, 18, 6)
(7, 19, 6)
(7, 20, 6)
(7, 21, 6)
(7, 22, 6)
(7, 23, 6)
(7, 24, 4)
(7, 25, 4)
(7, 26, 4)
(7, 27, 4)
(7, 28, 4)
(7, 29, 4)
(7, 30, 4)
(7, 31, 4)
(7, 32, 4)
(7, 33, 4)
(7, 34, 3)
(7, 35, 3)
(7, 36, 3)
(7, 37, 3)
(7, 38, 3)
(7, 39, 3)

(8, 0, 22)
(8, 1, 22)
(8, 2, 21)
(8, 3, 17)
(8, 4, 16)
(8, 5, 16)
(8, 6, 14)
(8, 7, 12)
(8, 8, 12)
(8, 9, 12)
(8, 10, 12)
(8, 11, 12)
(8, 12, 12)
(8, 13, 12)
(8, 14, 12)
(8, 15, 9)
(8, 16, 9)
(8, 17, 8)
(8, 18, 8)
(8, 19, 8)
(8, 20, 8)
(8, 21, 8)
(8, 22, 8)
(8, 23, 8)
(8, 24, 6)
(8, 25, 6)
(8, 26, 6)
(8, 27, 6)
(8, 28, 6)
(8, 29, 6)
(8, 30, 6)
(8, 31, 6)
(8, 32, 6)
(8, 33, 6)
(8, 34, 4)
(8, 35, 4)
(8, 36, 4)
(8, 37, 4)
(8, 38, 4)
(8, 39, 4)

(9, 0, 25)
(9, 1, 25)
(9, 2, 24)
(9, 3, 20)
(9, 4, 19)
(9, 5, 18)
(9, 6, 15)
(9, 7, 13)
(9, 8, 13)
(9, 9, 13)
(9, 10, 13)
(9, 11, 13)
(9, 12, 13)
(9, 13, 13)
(9, 14, 13)
(9, 15, 10)
(9, 16, 10)
(9, 17, 8)
(9, 18, 8)
(9, 19, 8)
(9, 20, 8)
(9, 21, 8)
(9, 22, 8)
(9, 23, 8)
(9, 24, 6)
(9, 25, 6)
(9, 26, 6)
(9, 27, 6)
(9, 28, 6)
(9, 29, 6)
(9, 30, 6)
(9, 31, 6)
(9, 32, 6)
(9, 33, 6)
(9, 34, 4)
(9, 35, 4)
(9, 36, 4)
(9, 37, 4)
(9, 38, 4)
(9, 39, 4)

(10, 0, 27)
(10, 1, 27)
(10, 2, 26)
(10, 3, 22)
(10, 4, 21)
(10, 5, 19)
(10, 6, 16)
(10, 7, 14)
(10, 8, 14)
(10, 9, 14)
(10, 10, 14)
(10, 11, 14)
(10, 12, 14)
(10, 13, 14)
(10, 14, 14)
(10, 15, 11)
(10, 16, 11)
(10, 17, 9)
(10, 18, 9)
(10, 19, 9)
(10, 20, 9)
(10, 21, 9)
(10, 22, 9)
(10, 23, 9)
(10, 24, 7)
(10, 25, 7)
(10, 26, 7)
(10, 27, 7)
(10, 28, 7)
(10, 29, 7)
(10, 30, 7)
(10, 31, 7)
(10, 32, 7)
(10, 33, 7)
(10, 34, 5)
(10, 35, 5)
(10, 36, 5)
(10, 37, 5)
(10, 38, 5)
(10, 39, 5)

(11, 0, 29)
(11, 1, 29)
(11, 2, 28)
(11, 3, 24)
(11, 4, 23)
(11, 5, 20)
(11, 6, 17)
(11, 7, 15)
(11, 8, 15)
(11, 9, 15)
(11, 10, 15)
(11, 11, 15)
(11, 12, 15)
(11, 13, 15)
(11, 14, 15)
(11, 15, 12)
(11, 16, 12)
(11, 17, 10)
(11, 18, 10)
(11, 19, 10)
(11, 20, 10)
(11, 21, 10)
(11, 22, 10)
(11, 23, 10)
(11, 24, 8)
(11, 25, 8)
(11, 26, 8)
(11, 27, 8)
(11, 28, 8)
(11, 29, 8)
(11, 30, 8)
(11, 31, 8)
(11, 32, 8)
(11, 33, 8)
(11, 34, 6)
(11, 35, 6)
(11, 36, 6)
(11, 37, 6)
(11, 38, 6)
(11, 39, 6)

(12, 0, 39)
(12, 1, 39)
(12, 2, 36)
(12, 3, 32)
(12, 4, 31)
(12, 5, 26)
(12, 6, 20)
(12, 7, 18)
(12, 8, 18)
(12, 9, 18)
(12, 10, 18)
(12, 11, 18)
(12, 12, 18)
(12, 13, 18)
(12, 14, 18)
(12, 15, 15)
(12, 16, 15)
(12, 17, 13)
(12, 18, 12)
(12, 19, 12)
(12, 20, 12)
(12, 21, 12)
(12, 22, 11)
(12, 23, 10)
(12, 24, 8)
(12, 25, 8)
(12, 26, 8)
(12, 27, 8)
(12, 28, 8)
(12, 29, 8)
(12, 30, 8)
(12, 31, 8)
(12, 32, 8)
(12, 33, 8)
(12, 34, 6)
(12, 35, 6)
(12, 36, 6)
(12, 37, 6)
(12, 38, 6)
(12, 39, 6)

(13, 0, 46)
(13, 1, 45)
(13, 2, 41)
(13, 3, 35)
(13, 4, 32)
(13, 5, 26)
(13, 6, 21)
(13, 7, 19)
(13, 8, 19)
(13, 9, 19)
(13, 10, 19)
(13, 11, 19)
(13, 12, 19)
(13, 13, 19)
(13, 14, 19)
(13, 15, 16)
(13, 16, 16)
(13, 17, 13)
(13, 18, 13)
(13, 19, 13)
(13, 20, 13)
(13, 21, 13)
(13, 22, 12)
(13, 23, 11)
(13, 24, 9)
(13, 25, 9)
(13, 26, 9)
(13, 27, 9)
(13, 28, 9)
(13, 29, 9)
(13, 30, 9)
(13, 31, 9)
(13, 32, 9)
(13, 33, 9)
(13, 34, 7)
(13, 35, 7)
(13, 36, 7)
(13, 37, 7)
(13, 38, 7)
(13, 39, 7)

(14, 0, 50)
(14, 1, 49)
(14, 2, 45)
(14, 3, 39)
(14, 4, 36)
(14, 5, 29)
(14, 6, 23)
(14, 7, 21)
(14, 8, 21)
(14, 9, 21)
(14, 10, 21)
(14, 11, 21)
(14, 12, 21)
(14, 13, 21)
(14, 14, 21)
(14, 15, 18)
(14, 16, 18)
(14, 17, 15)
(14, 18, 15)
(14, 19, 15)
(14, 20, 15)
(14, 21, 15)
(14, 22, 13)
(14, 23, 11)
(14, 24, 9)
(14, 25, 9)
(14, 26, 9)
(14, 27, 9)
(14, 28, 9)
(14, 29, 9)
(14, 30, 9)
(14, 31, 9)
(14, 32, 9)
(14, 33, 9)
(14, 34, 7)
(14, 35, 7)
(14, 36, 7)
(14, 37, 7)
(14, 38, 7)
(14, 39, 7)

(15, 0, 60)
(15, 1, 59)
(15, 2, 53)
(15, 3, 46)
(15, 4, 41)
(15, 5, 34)
(15, 6, 26)
(15, 7, 24)
(15, 8, 24)
(15, 9, 24)
(15, 10, 24)
(15, 11, 24)
(15, 12, 24)
(15, 13, 24)
(15, 14, 24)
(15, 15, 21)
(15, 16, 21)
(15, 17, 17)
(15, 18, 17)
(15, 19, 17)
(15, 20, 17)
(15, 21, 17)
(15, 22, 15)
(15, 23, 12)
(15, 24, 10)
(15, 25, 10)
(15, 26, 10)
(15, 27, 10)
(15, 28, 10)
(15, 29, 10)
(15, 30, 10)
(15, 31, 10)
(15, 32, 10)
(15, 33, 10)
(15, 34, 8)
(15, 35, 8)
(15, 36, 8)
(15, 37, 8)
(15, 38, 8)
(15, 39, 7)

(16, 0, 67)
(16, 1, 65)
(16, 2, 57)
(16, 3, 49)
(16, 4, 42)
(16, 5, 33)
(16, 6, 27)
(16, 7, 25)
(16, 8, 25)
(16, 9, 25)
(16, 10, 25)
(16, 11, 25)
(16, 12, 25)
(16, 13, 25)
(16, 14, 25)
(16, 15, 22)
(16, 16, 22)
(16, 17, 17)
(16, 18, 17)
(16, 19, 17)
(16, 20, 16)
(16, 21, 16)
(16, 22, 14)
(16, 23, 11)
(16, 24, 9)
(16, 25, 9)
(16, 26, 9)
(16, 27, 9)
(16, 28, 9)
(16, 29, 9)
(16, 30, 9)
(16, 31, 9)
(16, 32, 9)
(16, 33, 9)
(16, 34, 7)
(16, 35, 7)
(16, 36, 7)
(16, 37, 7)
(16, 38, 7)
(16, 39, 7)

(17, 0, 71)
(17, 1, 69)
(17, 2, 61)
(17, 3, 53)
(17, 4, 46)
(17, 5, 36)
(17, 6, 29)
(17, 7, 27)
(17, 8, 27)
(17, 9, 27)
(17, 10, 27)
(17, 11, 27)
(17, 12, 27)
(17, 13, 27)
(17, 14, 27)
(17, 15, 24)
(17, 16, 23)
(17, 17, 18)
(17, 18, 18)
(17, 19, 18)
(17, 20, 17)
(17, 21, 17)
(17, 22, 15)
(17, 23, 12)
(17, 24, 10)
(17, 25, 10)
(17, 26, 10)
(17, 27, 10)
(17, 28, 10)
(17, 29, 9)
(17, 30, 9)
(17, 31, 9)
(17, 32, 9)
(17, 33, 9)
(17, 34, 7)
(17, 35, 7)
(17, 36, 7)
(17, 37, 7)
(17, 38, 6)
(17, 39, 6)

(18, 0, 76)
(18, 1, 74)
(18, 2, 65)
(18, 3, 56)
(18, 4, 49)
(18, 5, 39)
(18, 6, 32)
(18, 7, 30)
(18, 8, 28)
(18, 9, 28)
(18, 10, 26)
(18, 11, 26)
(18, 12, 26)
(18, 13, 26)
(18, 14, 26)
(18, 15, 23)
(18, 16, 22)
(18, 17, 17)
(18, 18, 17)
(18, 19, 17)
(18, 20, 16)
(18, 21, 16)
(18, 22, 14)
(18, 23, 11)
(18, 24, 9)
(18, 25, 9)
(18, 26, 9)
(18, 27, 9)
(18, 28, 9)
(18, 29, 8)
(18, 30, 8)
(18, 31, 8)
(18, 32, 8)
(18, 33, 8)
(18, 34, 6)
(18, 35, 6)
(18, 36, 6)
(18, 37, 6)
(18, 38, 6)
(18, 39, 6)

(19, 0, 77)
(19, 1, 75)
(19, 2, 66)
(19, 3, 56)
(19, 4, 49)
(19, 5, 39)
(19, 6, 32)
(19, 7, 30)
(19, 8, 28)
(19, 9, 28)
(19, 10, 26)
(19, 11, 26)
(19, 12, 26)
(19, 13, 26)
(19, 14, 26)
(19, 15, 23)
(19, 16, 22)
(19, 17, 17)
(19, 18, 17)
(19, 19, 17)
(19, 20, 16)
(19, 21, 16)
(19, 22, 14)
(19, 23, 11)
(19, 24, 9)
(19, 25, 9)
(19, 26, 9)
(19, 27, 9)
(19, 28, 9)
(19, 29, 8)
(19, 30, 8)
(19, 31, 8)
(19, 32, 8)
(19, 33, 8)
(19, 34, 6)
(19, 35, 6)
(19, 36, 6)
(19, 37, 6)
(19, 38, 6)
(19, 39, 6)

(20, 0, 84)
(20, 1, 81)
(20, 2, 71)
(20, 3, 60)
(20, 4, 53)
(20, 5, 43)
(20, 6, 36)
(20, 7, 33)
(20, 8, 31)
(20, 9, 31)
(20, 10, 29)
(20, 11, 29)
(20, 12, 29)
(20, 13, 29)
(20, 14, 29)
(20, 15, 26)
(20, 16, 25)
(20, 17, 20)
(20, 18, 20)
(20, 19, 20)
(20, 20, 19)
(20, 21, 19)
(20, 22, 16)
(20, 23, 13)
(20, 24, 11)
(20, 25, 11)
(20, 26, 11)
(20, 27, 11)
(20, 28, 10)
(20, 29, 8)
(20, 30, 8)
(20, 31, 8)
(20, 32, 8)
(20, 33, 8)
(20, 34, 6)
(20, 35, 6)
(20, 36, 6)
(20, 37, 6)
(20, 38, 6)
(20, 39, 6)

(21, 0, 100)
(21, 1, 92)
(21, 2, 81)
(21, 3, 69)
(21, 4, 62)
(21, 5, 50)
(21, 6, 42)
(21, 7, 38)
(21, 8, 36)
(21, 9, 36)
(21, 10, 31)
(21, 11, 31)
(21, 12, 31)
(21, 13, 31)
(21, 14, 31)
(21, 15, 27)
(21, 16, 25)
(21, 17, 20)
(21, 18, 20)
(21, 19, 20)
(21, 20, 19)
(21, 21, 19)
(21, 22, 16)
(21, 23, 13)
(21, 24, 10)
(21, 25, 10)
(21, 26, 10)
(21, 27, 9)
(21, 28, 9)
(21, 29, 7)
(21, 30, 7)
(21, 31, 7)
(21, 32, 7)
(21, 33, 7)
(21, 34, 5)
(21, 35, 5)
(21, 36, 5)
(21, 37, 5)
(21, 38, 5)
(21, 39, 5)

(22, 0, 111)
(22, 1, 101)
(22, 2, 88)
(22, 3, 74)
(22, 4, 66)
(22, 5, 53)
(22, 6, 45)
(22, 7, 40)
(22, 8, 35)
(22, 9, 35)
(22, 10, 29)
(22, 11, 29)
(22, 12, 29)
(22, 13, 29)
(22, 14, 29)
(22, 15, 26)
(22, 16, 24)
(22, 17, 19)
(22, 18, 19)
(22, 19, 19)
(22, 20, 18)
(22, 21, 18)
(22, 22, 15)
(22, 23, 12)
(22, 24, 9)
(22, 25, 9)
(22, 26, 9)
(22, 27, 9)
(22, 28, 9)
(22, 29, 7)
(22, 30, 7)
(22, 31, 7)
(22, 32, 7)
(22, 33, 7)
(22, 34, 5)
(22, 35, 5)
(22, 36, 5)
(22, 37, 5)
(22, 38, 5)
(22, 39, 5)

(23, 0, 111)
(23, 1, 101)
(23, 2, 88)
(23, 3, 74)
(23, 4, 66)
(23, 5, 53)
(23, 6, 45)
(23, 7, 40)
(23, 8, 35)
(23, 9, 35)
(23, 10, 29)
(23, 11, 29)
(23, 12, 29)
(23, 13, 29)
(23, 14, 29)
(23, 15, 26)
(23, 16, 24)
(23, 17, 19)
(23, 18, 19)
(23, 19, 19)
(23, 20, 18)
(23, 21, 18)
(23, 22, 15)
(23, 23, 12)
(23, 24, 9)
(23, 25, 9)
(23, 26, 9)
(23, 27, 9)
(23, 28, 9)
(23, 29, 7)
(23, 30, 7)
(23, 31, 7)
(23, 32, 7)
(23, 33, 7)
(23, 34, 5)
(23, 35, 5)
(23, 36, 5)
(23, 37, 5)
(23, 38, 5)
(23, 39, 5)

(24, 0, 117)
(24, 1, 106)
(24, 2, 92)
(24, 3, 77)
(24, 4, 69)
(24, 5, 56)
(24, 6, 48)
(24, 7, 43)
(24, 8, 37)
(24, 9, 37)
(24, 10, 31)
(24, 11, 31)
(24, 12, 31)
(24, 13, 31)
(24, 14, 31)
(24, 15, 28)
(24, 16, 26)
(24, 17, 21)
(24, 18, 21)
(24, 19, 21)
(24, 20, 20)
(24, 21, 20)
(24, 22, 16)
(24, 23, 13)
(24, 24, 10)
(24, 25, 10)
(24, 26, 10)
(24, 27, 10)
(24, 28, 10)
(24, 29, 8)
(24, 30, 8)
(24, 31, 8)
(24, 32, 8)
(24, 33, 8)
(24, 34, 6)
(24, 35, 6)
(24, 36, 6)
(24, 37, 6)
(24, 38, 6)
(24, 39, 6)

(25, 0, 125)
(25, 1, 112)
(25, 2, 97)
(25, 3, 82)
(25, 4, 74)
(25, 5, 61)
(25, 6, 52)
(25, 7, 44)
(25, 8, 38)
(25, 9, 38)
(25, 10, 32)
(25, 11, 32)
(25, 12, 32)
(25, 13, 32)
(25, 14, 32)
(25, 15, 29)
(25, 16, 27)
(25, 17, 22)
(25, 18, 22)
(25, 19, 22)
(25, 20, 21)
(25, 21, 21)
(25, 22, 17)
(25, 23, 14)
(25, 24, 11)
(25, 25, 11)
(25, 26, 11)
(25, 27, 11)
(25, 28, 11)
(25, 29, 9)
(25, 30, 9)
(25, 31, 9)
(25, 32, 9)
(25, 33, 9)
(25, 34, 7)
(25, 35, 7)
(25, 36, 7)
(25, 37, 7)
(25, 38, 7)
(25, 39, 7)

(26, 0, 139)
(26, 1, 122)
(26, 2, 104)
(26, 3, 87)
(26, 4, 79)
(26, 5, 63)
(26, 6, 54)
(26, 7, 44)
(26, 8, 38)
(26, 9, 38)
(26, 10, 32)
(26, 11, 32)
(26, 12, 32)
(26, 13, 32)
(26, 14, 32)
(26, 15, 29)
(26, 16, 27)
(26, 17, 22)
(26, 18, 22)
(26, 19, 22)
(26, 20, 21)
(26, 21, 21)
(26, 22, 17)
(26, 23, 14)
(26, 24, 11)
(26, 25, 11)
(26, 26, 11)
(26, 27, 11)
(26, 28, 11)
(26, 29, 9)
(26, 30, 9)
(26, 31, 9)
(26, 32, 9)
(26, 33, 9)
(26, 34, 7)
(26, 35, 7)
(26, 36, 7)
(26, 37, 7)
(26, 38, 7)
(26, 39, 7)

(27, 0, 146)
(27, 1, 126)
(27, 2, 107)
(27, 3, 89)
(27, 4, 81)
(27, 5, 65)
(27, 6, 56)
(27, 7, 45)
(27, 8, 39)
(27, 9, 39)
(27, 10, 33)
(27, 11, 33)
(27, 12, 33)
(27, 13, 33)
(27, 14, 33)
(27, 15, 30)
(27, 16, 28)
(27, 17, 23)
(27, 18, 23)
(27, 19, 23)
(27, 20, 22)
(27, 21, 22)
(27, 22, 18)
(27, 23, 14)
(27, 24, 11)
(27, 25, 11)
(27, 26, 11)
(27, 27, 11)
(27, 28, 11)
(27, 29, 9)
(27, 30, 9)
(27, 31, 9)
(27, 32, 9)
(27, 33, 9)
(27, 34, 7)
(27, 35, 7)
(27, 36, 7)
(27, 37, 7)
(27, 38, 7)
(27, 39, 6)

(28, 0, 166)
(28, 1, 141)
(28, 2, 114)
(28, 3, 94)
(28, 4, 85)
(28, 5, 66)
(28, 6, 57)
(28, 7, 45)
(28, 8, 39)
(28, 9, 39)
(28, 10, 33)
(28, 11, 33)
(28, 12, 33)
(28, 13, 33)
(28, 14, 33)
(28, 15, 30)
(28, 16, 28)
(28, 17, 22)
(28, 18, 22)
(28, 19, 22)
(28, 20, 21)
(28, 21, 21)
(28, 22, 17)
(28, 23, 13)
(28, 24, 10)
(28, 25, 10)
(28, 26, 10)
(28, 27, 10)
(28, 28, 10)
(28, 29, 8)
(28, 30, 8)
(28, 31, 8)
(28, 32, 8)
(28, 33, 8)
(28, 34, 6)
(28, 35, 6)
(28, 36, 6)
(28, 37, 6)
(28, 38, 6)
(28, 39, 6)

(29, 0, 170)
(29, 1, 145)
(29, 2, 118)
(29, 3, 98)
(29, 4, 88)
(29, 5, 69)
(29, 6, 60)
(29, 7, 47)
(29, 8, 40)
(29, 9, 40)
(29, 10, 34)
(29, 11, 34)
(29, 12, 34)
(29, 13, 34)
(29, 14, 34)
(29, 15, 31)
(29, 16, 29)
(29, 17, 23)
(29, 18, 23)
(29, 19, 23)
(29, 20, 22)
(29, 21, 22)
(29, 22, 18)
(29, 23, 14)
(29, 24, 11)
(29, 25, 11)
(29, 26, 11)
(29, 27, 11)
(29, 28, 11)
(29, 29, 9)
(29, 30, 9)
(29, 31, 9)
(29, 32, 9)
(29, 33, 9)
(29, 34, 7)
(29, 35, 7)
(29, 36, 7)
(29, 37, 7)
(29, 38, 7)
(29, 39, 7)

(30, 0, 173)
(30, 1, 148)
(30, 2, 121)
(30, 3, 101)
(30, 4, 91)
(30, 5, 72)
(30, 6, 62)
(30, 7, 47)
(30, 8, 40)
(30, 9, 40)
(30, 10, 34)
(30, 11, 34)
(30, 12, 34)
(30, 13, 34)
(30, 14, 34)
(30, 15, 31)
(30, 16, 29)
(30, 17, 23)
(30, 18, 23)
(30, 19, 23)
(30, 20, 22)
(30, 21, 22)
(30, 22, 18)
(30, 23, 14)
(30, 24, 11)
(30, 25, 11)
(30, 26, 11)
(30, 27, 11)
(30, 28, 11)
(30, 29, 9)
(30, 30, 9)
(30, 31, 9)
(30, 32, 9)
(30, 33, 9)
(30, 34, 7)
(30, 35, 7)
(30, 36, 7)
(30, 37, 7)
(30, 38, 7)
(30, 39, 7)

(31, 0, 176)
(31, 1, 151)
(31, 2, 123)
(31, 3, 102)
(31, 4, 92)
(31, 5, 73)
(31, 6, 63)
(31, 7, 48)
(31, 8, 41)
(31, 9, 41)
(31, 10, 35)
(31, 11, 35)
(31, 12, 35)
(31, 13, 35)
(31, 14, 35)
(31, 15, 32)
(31, 16, 30)
(31, 17, 24)
(31, 18, 24)
(31, 19, 24)
(31, 20, 23)
(31, 21, 23)
(31, 22, 19)
(31, 23, 15)
(31, 24, 12)
(31, 25, 12)
(31, 26, 12)
(31, 27, 12)
(31, 28, 12)
(31, 29, 10)
(31, 30, 10)
(31, 31, 10)
(31, 32, 10)
(31, 33, 10)
(31, 34, 8)
(31, 35, 8)
(31, 36, 8)
(31, 37, 8)
(31, 38, 8)
(31, 39, 8)

(32, 0, 177)
(32, 1, 152)
(32, 2, 123)
(32, 3, 102)
(32, 4, 92)
(32, 5, 73)
(32, 6, 63)
(32, 7, 48)
(32, 8, 41)
(32, 9, 41)
(32, 10, 35)
(32, 11, 35)
(32, 12, 35)
(32, 13, 35)
(32, 14, 35)
(32, 15, 32)
(32, 16, 30)
(32, 17, 24)
(32, 18, 24)
(32, 19, 24)
(32, 20, 23)
(32, 21, 23)
(32, 22, 19)
(32, 23, 15)
(32, 24, 12)
(32, 25, 12)
(32, 26, 12)
(32, 27, 12)
(32, 28, 12)
(32, 29, 10)
(32, 30, 10)
(32, 31, 10)
(32, 32, 10)
(32, 33, 10)
(32, 34, 8)
(32, 35, 8)
(32, 36, 8)
(32, 37, 8)
(32, 38, 8)
(32, 39, 8)

(33, 0, 184)
(33, 1, 157)
(33, 2, 126)
(33, 3, 105)
(33, 4, 95)
(33, 5, 76)
(33, 6, 66)
(33, 7, 50)
(33, 8, 43)
(33, 9, 43)
(33, 10, 37)
(33, 11, 37)
(33, 12, 37)
(33, 13, 37)
(33, 14, 37)
(33, 15, 34)
(33, 16, 32)
(33, 17, 26)
(33, 18, 26)
(33, 19, 26)
(33, 20, 25)
(33, 21, 25)
(33, 22, 21)
(33, 23, 16)
(33, 24, 13)
(33, 25, 13)
(33, 26, 13)
(33, 27, 13)
(33, 28, 13)
(33, 29, 11)
(33, 30, 11)
(33, 31, 11)
(33, 32, 11)
(33, 33, 11)
(33, 34, 9)
(33, 35, 9)
(33, 36, 9)
(33, 37, 9)
(33, 38, 9)
(33, 39, 9)

(34, 0, 196)
(34, 1, 166)
(34, 2, 132)
(34, 3, 108)
(34, 4, 97)
(34, 5, 77)
(34, 6, 67)
(34, 7, 50)
(34, 8, 43)
(34, 9, 43)
(34, 10, 37)
(34, 11, 37)
(34, 12, 37)
(34, 13, 37)
(34, 14, 37)
(34, 15, 34)
(34, 16, 32)
(34, 17, 26)
(34, 18, 26)
(34, 19, 26)
(34, 20, 25)
(34, 21, 25)
(34, 22, 21)
(34, 23, 16)
(34, 24, 13)
(34, 25, 13)
(34, 26, 13)
(34, 27, 13)
(34, 28, 13)
(34, 29, 11)
(34, 30, 11)
(34, 31, 11)
(34, 32, 11)
(34, 33, 10)
(34, 34, 8)
(34, 35, 8)
(34, 36, 8)
(34, 37, 8)
(34, 38, 8)
(34, 39, 8)

(35, 0, 207)
(35, 1, 175)
(35, 2, 140)
(35, 3, 116)
(35, 4, 103)
(35, 5, 80)
(35, 6, 70)
(35, 7, 52)
(35, 8, 44)
(35, 9, 44)
(35, 10, 38)
(35, 11, 38)
(35, 12, 38)
(35, 13, 38)
(35, 14, 38)
(35, 15, 35)
(35, 16, 33)
(35, 17, 26)
(35, 18, 26)
(35, 19, 26)
(35, 20, 25)
(35, 21, 25)
(35, 22, 21)
(35, 23, 16)
(35, 24, 13)
(35, 25, 13)
(35, 26, 13)
(35, 27, 13)
(35, 28, 13)
(35, 29, 11)
(35, 30, 11)
(35, 31, 11)
(35, 32, 11)
(35, 33, 11)
(35, 34, 9)
(35, 35, 9)
(35, 36, 9)
(35, 37, 9)
(35, 38, 9)
(35, 39, 9)

(36, 0, 216)
(36, 1, 183)
(36, 2, 143)
(36, 3, 119)
(36, 4, 106)
(36, 5, 84)
(36, 6, 72)
(36, 7, 51)
(36, 8, 44)
(36, 9, 44)
(36, 10, 38)
(36, 11, 38)
(36, 12, 38)
(36, 13, 38)
(36, 14, 38)
(36, 15, 35)
(36, 16, 33)
(36, 17, 26)
(36, 18, 26)
(36, 19, 26)
(36, 20, 25)
(36, 21, 25)
(36, 22, 21)
(36, 23, 16)
(36, 24, 13)
(36, 25, 13)
(36, 26, 13)
(36, 27, 13)
(36, 28, 13)
(36, 29, 11)
(36, 30, 11)
(36, 31, 11)
(36, 32, 11)
(36, 33, 11)
(36, 34, 9)
(36, 35, 9)
(36, 36, 9)
(36, 37, 9)
(36, 38, 9)
(36, 39, 8)

(37, 0, 221)
(37, 1, 185)
(37, 2, 144)
(37, 3, 120)
(37, 4, 106)
(37, 5, 84)
(37, 6, 72)
(37, 7, 51)
(37, 8, 44)
(37, 9, 44)
(37, 10, 38)
(37, 11, 38)
(37, 12, 38)
(37, 13, 38)
(37, 14, 38)
(37, 15, 35)
(37, 16, 33)
(37, 17, 26)
(37, 18, 26)
(37, 19, 26)
(37, 20, 25)
(37, 21, 25)
(37, 22, 21)
(37, 23, 16)
(37, 24, 13)
(37, 25, 13)
(37, 26, 13)
(37, 27, 13)
(37, 28, 13)
(37, 29, 11)
(37, 30, 11)
(37, 31, 11)
(37, 32, 10)
(37, 33, 10)
(37, 34, 8)
(37, 35, 8)
(37, 36, 8)
(37, 37, 8)
(37, 38, 8)
(37, 39, 8)

(38, 0, 222)
(38, 1, 186)
(38, 2, 145)
(38, 3, 121)
(38, 4, 107)
(38, 5, 84)
(38, 6, 72)
(38, 7, 51)
(38, 8, 44)
(38, 9, 44)
(38, 10, 38)
(38, 11, 38)
(38, 12, 38)
(38, 13, 38)
(38, 14, 38)
(38, 15, 35)
(38, 16, 33)
(38, 17, 26)
(38, 18, 26)
(38, 19, 26)
(38, 20, 25)
(38, 21, 25)
(38, 22, 21)
(38, 23, 16)
(38, 24, 13)
(38, 25, 13)
(38, 26, 13)
(38, 27, 12)
(38, 28, 12)
(38, 29, 10)
(38, 30, 10)
(38, 31, 10)
(38, 32, 10)
(38, 33, 10)
(38, 34, 8)
(38, 35, 8)
(38, 36, 8)
(38, 37, 8)
(38, 38, 8)
(38, 39, 8)

(39, 0, 227)
(39, 1, 188)
(39, 2, 146)
(39, 3, 122)
(39, 4, 108)
(39, 5, 84)
(39, 6, 72)
(39, 7, 51)
(39, 8, 44)
(39, 9, 44)
(39, 10, 38)
(39, 11, 38)
(39, 12, 38)
(39, 13, 38)
(39, 14, 38)
(39, 15, 35)
(39, 16, 33)
(39, 17, 25)
(39, 18, 25)
(39, 19, 25)
(39, 20, 24)
(39, 21, 24)
(39, 22, 20)
(39, 23, 15)
(39, 24, 12)
(39, 25, 12)
(39, 26, 12)
(39, 27, 12)
(39, 28, 12)
(39, 29, 10)
(39, 30, 10)
(39, 31, 10)
(39, 32, 10)
(39, 33, 10)
(39, 34, 8)
(39, 35, 8)
(39, 36, 8)
(39, 37, 8)
(39, 38, 8)
(39, 39, 8)


Betti numbers:
xi_0:
(0, 0, 2)
(1, 0, 1)
(2, 0, 6)
(3, 0, 3)
(4, 0, 4)
(5, 0, 1)
(6, 0, 3)
(8, 0, 2)
(9, 0, 3)
(10, 0, 2)
(11, 0, 2)
(12, 0, 10)
(13, 0, 7)
(14, 0, 4)
(15, 0, 10)
(16, 0, 7)
(17, 0, 4)
(18, 0, 5)
(19, 0, 1)
(20, 0, 7)
(21, 0, 16)
(22, 0, 11)
(24, 0, 6)
(25, 0, 8)
(26, 0, 14)
(27, 0, 7)
(28, 0, 20)
(29, 0, 4)
(30, 0, 3)
(31, 0, 3)
(32, 0, 1)
(33, 0, 7)
(34, 0, 12)
(35, 0, 11)
(36, 0, 9)
(37, 0, 5)
(38, 0, 1)
(39, 0, 5)
xi_1:
(0, 7, 1)
(1, 15, 1)
(2, 2, 1)
(2, 3, 2)
(2, 7, 1)
(3, 6, 1)
(3, 15, 1)
(3, 24, 1)
(4, 3, 2)
(4, 4, 1)
(4, 15, 1)
(5, 34, 1)
(6, 6, 1)
(6, 17, 1)
(6, 24, 1)
(8, 34, 1)
(9, 5, 1)
(9, 6, 1)
(9, 17, 1)
(10, 5, 1)
(11, 5, 1)
(12, 2, 2)
(12, 5, 2)
(12, 6, 3)
(12, 18, 1)
(12, 22, 1)
(12, 23, 1)
(13, 1, 1)
(13, 2, 1)
(13, 3, 2)
(13, 4, 2)
(13, 5, 2)
(13, 6, 1)
(13, 17, 1)
(14, 5, 1)
(14, 6, 1)
(14, 22, 1)
(14, 23, 1)
(15, 2, 2)
(15, 3, 1)
(15, 4, 2)
(15, 6, 2)
(15, 17, 1)
(15, 23, 1)
(15, 39, 1)
(16, 1, 1)
(16, 2, 2)
(16, 3, 1)
(16, 4, 2)
(16, 5, 2)
(16, 17, 1)
(16, 20, 1)
(17, 5, 1)
(17, 6, 1)
(17, 16, 1)
(17, 29, 1)
(17, 38, 1)
(18, 2, 1)
(18, 3, 1)
(18, 8, 2)
(18, 10, 2)
(19, 3, 1)
(20, 1, 1)
(20, 2, 1)
(20, 3, 1)
(20, 7, 1)
(20, 22, 1)
(20, 28, 1)
(20, 29, 1)
(21, 1, 5)
(21, 2, 1)
(21, 3, 1)
(21, 5, 2)
(21, 6, 1)
(21, 7, 1)
(21, 10, 3)
(21, 15, 1)
(21, 16, 1)
(21, 24, 1)
(21, 27, 1)
(22, 1, 2)
(22, 2, 2)
(22, 3, 2)
(22, 4, 1)
(22, 5, 1)
(22, 7, 1)
(22, 8, 3)
(22, 10, 1)
(24, 1, 1)
(24, 2, 1)
(24, 3, 1)
(24, 8, 1)
(24, 22, 1)
(25, 1, 2)
(25, 2, 1)
(25, 6, 1)
(25, 7, 3)
(26, 1, 4)
(26, 2, 3)
(26, 3, 2)
(26, 5, 3)
(26, 7, 2)
(27, 1, 3)
(27, 2, 1)
(27, 3, 1)
(27, 7, 1)
(27, 23, 1)
(27, 39, 1)
(28, 1, 5)
(28, 2, 8)
(28, 3, 2)
(28, 4, 1)
(28, 5, 3)
(28, 7, 1)
(28, 17, 1)
(29, 4, 1)
(29, 7, 1)
(29, 8, 1)
(30, 6, 1)
(30, 7, 2)
(31, 2, 1)
(31, 3, 1)
(32, 2, 1)
(33, 1, 2)
(33, 2, 2)
(33, 7, 1)
(33, 23, 1)
(34, 1, 3)
(34, 2, 3)
(34, 3, 3)
(34, 4, 1)
(34, 5, 1)
(34, 7, 1)
(34, 33, 1)
(35, 1, 2)
(35, 2, 1)
(35, 4, 2)
(35, 5, 3)
(35, 7, 1)
(35, 8, 1)
(35, 17, 1)
(36, 1, 1)
(36, 2, 5)
(36, 6, 2)
(36, 7, 3)
(36, 39, 1)
(37, 1, 3)
(37, 2, 1)
(37, 4, 1)
(37, 32, 1)
(38, 5, 1)
(38, 27, 1)
(39, 1, 3)
(39, 2, 1)
(39, 5, 1)
(39, 17, 1)
xi_2:
(13, 5, 1)
(13, 6, 2)
(13, 18, 1)
(16, 6, 2)
(16, 39, 1)
(18, 38, 1)
(21, 28, 1)
(22, 15, 1)
(22, 27, 1)
(28, 39, 1)
(35, 33, 1)
(36, 5, 1)
(36, 8, 1)
(37, 39, 1)
(38, 32, 1)
(39, 27, 1)
