x-grades
-3990158516399997583/4000000000000000000
-1960609128285296583/2000000000000000000
-3852277996741188749/4000000000000000000
-945834434227946083/1000000000000000000
-742879495416475983/800000000000000000
-1822728608626487749/2000000000000000000
-3576516957423571081/4000000000000000000
-438447087199270833/500000000000000000
-3438636437764762247/4000000000000000000
-336969617793535783/400000000000000000
-3300755918105953413/4000000000000000000
-807953914569137249/1000000000000000000
-3162875398447144579/4000000000000000000
-1546967569308870081/2000000000000000000
-604998975757667149/800000000000000000
-23094176710616651/31250000000000000
-2887114359129526911/4000000000000000000
-1409087049650061247/2000000000000000000
-2749233839470718077/4000000000000000000
-134014678982065683/200000000000000000
-2611353319811909243/4000000000000000000
-1271206529991252413/2000000000000000000
-2473472800153100409/4000000000000000000
-300566567540461999/500000000000000000
-93423691219771663/160000000000000000
-1133326010332443579/2000000000000000000
-2197711760835482741/4000000000000000000
-532192875251519581/1000000000000000000
-2059831241176673907/4000000000000000000
-199089098134726949/400000000000000000
-1921950721517865073/4000000000000000000
-115813153855528791/250000000000000000
-1784070201859056239/4000000000000000000
-857564971014825911/2000000000000000000
-329237936440049481/800000000000000000
-394312355592710747/1000000000000000000
-1508309162541438571/4000000000000000000
-719684451356017077/2000000000000000000
-1370428642882629737/4000000000000000000
-32537209576330633/100000000000000000

y-grades
9999659/40000000
9999659/20000000
29998977/40000000
9999659/10000000
9999659/8000000
29998977/20000000
69997613/40000000
9999659/5000000
89996931/40000000
9999659/4000000
109996249/40000000
29998977/10000000
129995567/40000000
69997613/20000000
29998977/8000000
9999659/2500000
169994203/40000000
89996931/20000000
189993521/40000000
9999659/2000000
209992839/40000000
109996249/20000000
229992157/40000000
29998977/5000000
9999659/1600000
129995567/20000000
269990793/40000000
69997613/10000000
289990111/40000000
29998977/4000000
309989429/40000000
9999659/1250000
329988747/40000000
169994203/20000000
69997613/8000000
89996931/10000000
369987383/40000000
189993521/20000000
389986701/40000000
9999659/1000000

Dimensions > 0:
(0, 0, 12)
(0, 1, 4)
(0, 2, 1)
(0, 3, 1)
(0, 4, 1)
(0, 5, 1)
(0, 6, 1)
(0, 7, 1)
(0, 8, 1)
(0, 9, 1)
(0, 10, 1)
(0, 11, 1)
(0, 12, 1)
(0, 13, 1)
(0, 14, 1)
(0, 15, 1)
(0, 16, 1)
(0, 17, 1)
(0, 18, 1)
(0, 19, 1)
(0, 20, 1)
(0, 21, 1)
(0, 22, 1)
(0, 23, 1)
(0, 24, 1)
(0, 25, 1)
(0, 26, 1)
(0, 27, 1)
(0, 28, 1)
(0, 29, 1)
(0, 30, 1)
(0, 31, 1)
(0, 32, 1)
(0, 33, 1)
(0, 34, 1)
(0, 35, 1)
(0, 36, 1)
(0, 37, 1)
(0, 38, 1)
(0, 39, 1)

(1, 0, 18)
(1, 1, 5)
(1, 2, 1)
(1, 3, 1)
(1, 4, 1)
(1, 5, 1)
(1, 6, 1)
(1, 7, 1)
(1, 8, 1)
(1, 9, 1)
(1, 10, 1)
(1, 11, 1)
(1, 12, 1)
(1, 13, 1)
(1, 14, 1)
(1, 15, 1)
(1, 16, 1)
(1, 17, 1)
(1, 18, 1)
(1, 19, 1)
(1, 20, 1)
(1, 21, 1)
(1, 22, 1)
(1, 23, 1)
(1, 24, 1)
(1, 25, 1)
(1, 26, 1)
(1, 27, 1)
(1, 28, 1)
(1, 29, 1)
(1, 30, 1)
(1, 31, 1)
(1, 32, 1)
(1, 33, 1)
(1, 34, 1)
(1, 35, 1)
(1, 36, 1)
(1, 37, 1)
(1, 38, 1)
(1, 39, 1)

(2, 0, 25)
(2, 1, 11)
(2, 2, 3)
(2, 3, 2)
(2, 4, 1)
(2, 5, 1)
(2, 6, 1)
(2, 7, 1)
(2, 8, 1)
(2, 9, 1)
(2, 10, 1)
(2, 11, 1)
(2, 12, 1)
(2, 13, 1)
(2, 14, 1)
(2, 15, 1)
(2, 16, 1)
(2, 17, 1)
(2, 18, 1)
(2, 19, 1)
(2, 20, 1)
(2, 21, 1)
(2, 22, 1)
(2, 23, 1)
(2, 24, 1)
(2, 25, 1)
(2, 26, 1)
(2, 27, 1)
(2, 28, 1)
(2, 29, 1)
(2, 30, 1)
(2, 31, 1)
(2, 32, 1)
(2, 33, 1)
(2, 34, 1)
(2, 35, 1)
(2, 36, 1)
(2, 37, 1)
(2, 38, 1)
(2, 39, 1)

(3, 0, 35)
(3, 1, 14)
(3, 2, 4)
(3, 3, 3)
(3, 4, 2)
(3, 5, 2)
(3, 6, 2)
(3, 7, 2)
(3, 8, 2)
(3, 9, 2)
(3, 10, 2)
(3, 11, 2)
(3, 12, 2)
(3, 13, 2)
(3, 14, 2)
(3, 15, 2)
(3, 16, 2)
(3, 17, 2)
(3, 18, 2)
(3, 19, 2)
(3, 20, 2)
(3, 21, 2)
(3, 22, 2)
(3, 23, 2)
(3, 24, 2)
(3, 25, 2)
(3, 26, 2)
(3, 27, 2)
(3, 28, 2)
(3, 29, 2)
(3, 30, 2)
(3, 31, 2)
(3, 32, 2)
(3, 33, 2)
(3, 34, 2)
(3, 35, 2)
(3, 36, 2)
(3, 37, 2)
(3, 38, 2)
(3, 39, 2)

(4, 0, 42)
(4, 1, 17)
(4, 2, 4)
(4, 3, 3)
(4, 4, 2)
(4, 5, 2)
(4, 6, 2)
(4, 7, 2)
(4, 8, 2)
(4, 9, 2)
(4, 10, 2)
(4, 11, 2)
(4, 12, 2)
(4, 13, 2)
(4, 14, 2)
(4, 15, 2)
(4, 16, 2)
(4, 17, 2)
(4, 18, 2)
(4, 19, 2)
(4, 20, 2)
(4, 21, 2)
(4, 22, 2)
(4, 23, 2)
(4, 24, 2)
(4, 25, 2)
(4, 26, 2)
(4, 27, 2)
(4, 28, 2)
(4, 29, 2)
(4, 30, 2)
(4, 31, 2)
(4, 32, 2)
(4, 33, 2)
(4, 34, 2)
(4, 35, 2)
(4, 36, 2)
(4, 37, 2)
(4, 38, 2)
(4, 39, 2)

(5, 0, 47)
(5, 1, 18)
(5, 2, 5)
(5, 3, 4)
(5, 4, 2)
(5, 5, 2)
(5, 6, 2)
(5, 7, 2)
(5, 8, 2)
(5, 9, 2)
(5, 10, 2)
(5, 11, 2)
(5, 12, 2)
(5, 13, 2)
(5, 14, 2)
(5, 15, 2)
(5, 16, 2)
(5, 17, 2)
(5, 18, 2)
(5, 19, 2)
(5, 20, 2)
(5, 21, 2)
(5, 22, 2)
(5, 23, 2)
(5, 24, 2)
(5, 25, 2)
(5, 26, 2)
(5, 27, 2)
(5, 28, 2)
(5, 29, 2)
(5, 30, 2)
(5, 31, 2)
(5, 32, 2)
(5, 33, 2)
(5, 34, 2)
(5, 35, 2)
(5, 36, 2)
(5, 37, 2)
(5, 38, 2)
(5, 39, 2)

(6, 0, 54)
(6, 1, 21)
(6, 2, 7)
(6, 3, 6)
(6, 4, 2)
(6, 5, 2)
(6, 6, 2)
(6, 7, 2)
(6, 8, 2)
(6, 9, 2)
(6, 10, 2)
(6, 11, 2)
(6, 12, 2)
(6, 13, 2)
(6, 14, 2)
(6, 15, 2)
(6, 16, 2)
(6, 17, 2)
(6, 18, 2)
(6, 19, 2)
(6, 20, 2)
(6, 21, 2)
(6, 22, 2)
(6, 23, 2)
(6, 24, 2)
(6, 25, 2)
(6, 26, 2)
(6, 27, 2)
(6, 28, 2)
(6, 29, 2)
(6, 30, 2)
(6, 31, 2)
(6, 32, 2)
(6, 33, 2)
(6, 34, 2)
(6, 35, 2)
(6, 36, 2)
(6, 37, 2)
(6, 38, 2)
(6, 39, 2)

(7, 0, 55)
(7, 1, 22)
(7, 2, 8)
(7, 3, 6)
(7, 4, 2)
(7, 5, 2)
(7, 6, 2)
(7, 7, 2)
(7, 8, 2)
(7, 9, 2)
(7, 10, 2)
(7, 11, 2)
(7, 12, 2)
(7, 13, 2)
(7, 14, 2)
(7, 15, 2)
(7, 16, 2)
(7, 17, 2)
(7, 18, 2)
(7, 19, 2)
(7, 20, 2)
(7, 21, 2)
(7, 22, 2)
(7, 23, 2)
(7, 24, 2)
(7, 25, 2)
(7, 26, 2)
(7, 27, 2)
(7, 28, 2)
(7, 29, 2)
(7, 30, 2)
(7, 31, 2)
(7, 32, 2)
(7, 33, 2)
(7, 34, 2)
(7, 35, 2)
(7, 36, 2)
(7, 37, 2)
(7, 38, 2)
(7, 39, 2)

(8, 0, 55)
(8, 1, 22)
(8, 2, 8)
(8, 3, 6)
(8, 4, 2)
(8, 5, 2)
(8, 6, 2)
(8, 7, 2)
(8, 8, 2)
(8, 9, 2)
(8, 10, 2)
(8, 11, 2)
(8, 12, 2)
(8, 13, 2)
(8, 14, 2)
(8, 15, 2)
(8, 16, 2)
(8, 17, 2)
(8, 18, 2)
(8, 19, 2)
(8, 20, 2)
(8, 21, 2)
(8, 22, 2)
(8, 23, 2)
(8, 24, 2)
(8, 25, 2)
(8, 26, 2)
(8, 27, 2)
(8, 28, 2)
(8, 29, 2)
(8, 30, 2)
(8, 31, 2)
(8, 32, 2)
(8, 33, 2)
(8, 34, 2)
(8, 35, 2)
(8, 36, 2)
(8, 37, 2)
(8, 38, 2)
(8, 39, 2)

(9, 0, 55)
(9, 1, 22)
(9, 2, 8)
(9, 3, 6)
(9, 4, 2)
(9, 5, 2)
(9, 6, 2)
(9, 7, 2)
(9, 8, 2)
(9, 9, 2)
(9, 10, 2)
(9, 11, 2)
(9, 12, 2)
(9, 13, 2)
(9, 14, 2)
(9, 15, 2)
(9, 16, 2)
(9, 17, 2)
(9, 18, 2)
(9, 19, 2)
(9, 20, 2)
(9, 21, 2)
(9, 22, 2)
(9, 23, 2)
(9, 24, 2)
(9, 25, 2)
(9, 26, 2)
(9, 27, 2)
(9, 28, 2)
(9, 29, 2)
(9, 30, 2)
(9, 31, 2)
(9, 32, 2)
(9, 33, 2)
(9, 34, 2)
(9, 35, 2)
(9, 36, 2)
(9, 37, 2)
(9, 38, 2)
(9, 39, 2)

(10, 0, 55)
(10, 1, 22)
(10, 2, 8)
(10, 3, 6)
(10, 4, 2)
(10, 5, 2)
(10, 6, 2)
(10, 7, 2)
(10, 8, 2)
(10, 9, 2)
(10, 10, 2)
(10, 11, 2)
(10, 12, 2)
(10, 13, 2)
(10, 14, 2)
(10, 15, 2)
(10, 16, 2)
(10, 17, 2)
(10, 18, 2)
(10, 19, 2)
(10, 20, 2)
(10, 21, 2)
(10, 22, 2)
(10, 23, 2)
(10, 24, 2)
(10, 25, 2)
(10, 26, 2)
(10, 27, 2)
(10, 28, 2)
(10, 29, 2)
(10, 30, 2)
(10, 31, 2)
(10, 32, 2)
(10, 33, 2)
(10, 34, 2)
(10, 35, 2)
(10, 36, 2)
(10, 37, 2)
(10, 38, 2)
(10, 39, 2)

(11, 0, 55)
(11, 1, 22)
(11, 2, 8)
(11, 3, 6)
(11, 4, 2)
(11, 5, 2)
(11, 6, 2)
(11, 7, 2)
(11, 8, 2)
(11, 9, 2)
(11, 10, 2)
(11, 11, 2)
(11, 12, 2)
(11, 13, 2)
(11, 14, 2)
(11, 15, 2)
(11, 16, 2)
(11, 17, 2)
(11, 18, 2)
(11, 19, 2)
(11, 20, 2)
(11, 21, 2)
(11, 22, 2)
(11, 23, 2)
(11, 24, 2)
(11, 25, 2)
(11, 26, 2)
(11, 27, 2)
(11, 28, 2)
(11, 29, 2)
(11, 30, 2)
(11, 31, 2)
(11, 32, 2)
(11, 33, 2)
(11, 34, 2)
(11, 35, 2)
(11, 36, 2)
(11, 37, 2)
(11, 38, 2)
(11, 39, 2)

(12, 0, 55)
(12, 1, 22)
(12, 2, 8)
(12, 3, 6)
(12, 4, 2)
(12, 5, 2)
(12, 6, 2)
(12, 7, 2)
(12, 8, 2)
(12, 9, 2)
(12, 10, 2)
(12, 11, 2)
(12, 12, 2)
(12, 13, 2)
(12, 14, 2)
(12, 15, 2)
(12, 16, 2)
(12, 17, 2)
(12, 18, 2)
(12, 19, 2)
(12, 20, 2)
(12, 21, 2)
(12, 22, 2)
(12, 23, 2)
(12, 24, 2)
(12, 25, 2)
(12, 26, 2)
(12, 27, 2)
(12, 28, 2)
(12, 29, 2)
(12, 30, 2)
(12, 31, 2)
(12, 32, 2)
(12, 33, 2)
(12, 34, 2)
(12, 35, 2)
(12, 36, 2)
(12, 37, 2)
(12, 38, 2)
(12, 39, 2)

(13, 0, 55)
(13, 1, 22)
(13, 2, 8)
(13, 3, 6)
(13, 4, 2)
(13, 5, 2)
(13, 6, 2)
(13, 7, 2)
(13, 8, 2)
(13, 9, 2)
(13, 10, 2)
(13, 11, 2)
(13, 12, 2)
(13, 13, 2)
(13, 14, 2)
(13, 15, 2)
(13, 16, 2)
(13, 17, 2)
(13, 18, 2)
(13, 19, 2)
(13, 20, 2)
(13, 21, 2)
(13, 22, 2)
(13, 23, 2)
(13, 24, 2)
(13, 25, 2)
(13, 26, 2)
(13, 27, 2)
(13, 28, 2)
(13, 29, 2)
(13, 30, 2)
(13, 31, 2)
(13, 32, 2)
(13, 33, 2)
(13, 34, 2)
(13, 35, 2)
(13, 36, 2)
(13, 37, 2)
(13, 38, 2)
(13, 39, 2)

(14, 0, 55)
(14, 1, 22)
(14, 2, 8)
(14, 3, 6)
(14, 4, 2)
(14, 5, 2)
(14, 6, 2)
(14, 7, 2)
(14, 8, 2)
(14, 9, 2)
(14, 10, 2)
(14, 11, 2)
(14, 12, 2)
(14, 13, 2)
(14, 14, 2)
(14, 15, 2)
(14, 16, 2)
(14, 17, 2)
(14, 18, 2)
(14, 19, 2)
(14, 20, 2)
(14, 21, 2)
(14, 22, 2)
(14, 23, 2)
(14, 24, 2)
(14, 25, 2)
(14, 26, 2)
(14, 27, 2)
(14, 28, 2)
(14, 29, 2)
(14, 30, 2)
(14, 31, 2)
(14, 32, 2)
(14, 33, 2)
(14, 34, 2)
(14, 35, 2)
(14, 36, 2)
(14, 37, 2)
(14, 38, 2)
(14, 39, 2)

(15, 0, 55)
(15, 1, 22)
(15, 2, 8)
(15, 3, 6)
(15, 4, 2)
(15, 5, 2)
(15, 6, 2)
(15, 7, 2)
(15, 8, 2)
(15, 9, 2)
(15, 10, 2)
(15, 11, 2)
(15, 12, 2)
(15, 13, 2)
(15, 14, 2)
(15, 15, 2)
(15, 16, 2)
(15, 17, 2)
(15, 18, 2)
(15, 19, 2)
(15, 20, 2)
(15, 21, 2)
(15, 22, 2)
(15, 23, 2)
(15, 24, 2)
(15, 25, 2)
(15, 26, 2)
(15, 27, 2)
(15, 28, 2)
(15, 29, 2)
(15, 30, 2)
(15, 31, 2)
(15, 32, 2)
(15, 33, 2)
(15, 34, 2)
(15, 35, 2)
(15, 36, 2)
(15, 37, 2)
(15, 38, 2)
(15, 39, 2)

(16, 0, 55)
(16, 1, 22)
(16, 2, 8)
(16, 3, 6)
(16, 4, 2)
(16, 5, 2)
(16, 6, 2)
(16, 7, 2)
(16, 8, 2)
(16, 9, 2)
(16, 10, 2)
(16, 11, 2)
(16, 12, 2)
(16, 13, 2)
(16, 14, 2)
(16, 15, 2)
(16, 16, 2)
(16, 17, 2)
(16, 18, 2)
(16, 19, 2)
(16, 20, 2)
(16, 21, 2)
(16, 22, 2)
(16, 23, 2)
(16, 24, 2)
(16, 25, 2)
(16, 26, 2)
(16, 27, 2)
(16, 28, 2)
(16, 29, 2)
(16, 30, 2)
(16, 31, 2)
(16, 32, 2)
(16, 33, 2)
(16, 34, 2)
(16, 35, 2)
(16, 36, 2)
(16, 37, 2)
(16, 38, 2)
(16, 39, 2)

(17, 0, 57)
(17, 1, 23)
(17, 2, 9)
(17, 3, 7)
(17, 4, 3)
(17, 5, 3)
(17, 6, 3)
(17, 7, 3)
(17, 8, 3)
(17, 9, 3)
(17, 10, 3)
(17, 11, 3)
(17, 12, 3)
(17, 13, 3)
(17, 14, 3)
(17, 15, 3)
(17, 16, 3)
(17, 17, 3)
(17, 18, 3)
(17, 19, 3)
(17, 20, 3)
(17, 21, 3)
(17, 22, 3)
(17, 23, 3)
(17, 24, 3)
(17, 25, 3)
(17, 26, 3)
(17, 27, 3)
(17, 28, 3)
(17, 29, 3)
(17, 30, 3)
(17, 31, 3)
(17, 32, 3)
(17, 33, 3)
(17, 34, 3)
(17, 35, 3)
(17, 36, 3)
(17, 37, 3)
(17, 38, 3)
(17, 39, 3)

(18, 0, 62)
(18, 1, 27)
(18, 2, 12)
(18, 3, 9)
(18, 4, 5)
(18, 5, 5)
(18, 6, 5)
(18, 7, 5)
(18, 8, 5)
(18, 9, 5)
(18, 10, 4)
(18, 11, 4)
(18, 12, 4)
(18, 13, 4)
(18, 14, 4)
(18, 15, 4)
(18, 16, 4)
(18, 17, 4)
(18, 18, 4)
(18, 19, 4)
(18, 20, 4)
(18, 21, 4)
(18, 22, 4)
(18, 23, 4)
(18, 24, 4)
(18, 25, 4)
(18, 26, 4)
(18, 27, 4)
(18, 28, 4)
(18, 29, 4)
(18, 30, 4)
(18, 31, 4)
(18, 32, 4)
(18, 33, 4)
(18, 34, 4)
(18, 35, 4)
(18, 36, 4)
(18, 37, 4)
(18, 38, 4)
(18, 39, 4)

(19, 0, 69)
(19, 1, 31)
(19, 2, 14)
(19, 3, 11)
(19, 4, 5)
(19, 5, 5)
(19, 6, 5)
(19, 7, 5)
(19, 8, 5)
(19, 9, 5)
(19, 10, 4)
(19, 11, 4)
(19, 12, 4)
(19, 13, 4)
(19, 14, 4)
(19, 15, 4)
(19, 16, 4)
(19, 17, 4)
(19, 18, 4)
(19, 19, 4)
(19, 20, 4)
(19, 21, 4)
(19, 22, 4)
(19, 23, 4)
(19, 24, 4)
(19, 25, 4)
(19, 26, 4)
(19, 27, 4)
(19, 28, 4)
(19, 29, 4)
(19, 30, 4)
(19, 31, 4)
(19, 32, 4)
(19, 33, 4)
(19, 34, 4)
(19, 35, 4)
(19, 36, 4)
(19, 37, 4)
(19, 38, 4)
(19, 39, 4)

(20, 0, 75)
(20, 1, 34)
(20, 2, 16)
(20, 3, 13)
(20, 4, 6)
(20, 5, 6)
(20, 6, 5)
(20, 7, 5)
(20, 8, 5)
(20, 9, 5)
(20, 10, 4)
(20, 11, 4)
(20, 12, 4)
(20, 13, 4)
(20, 14, 4)
(20, 15, 4)
(20, 16, 4)
(20, 17, 4)
(20, 18, 4)
(20, 19, 4)
(20, 20, 4)
(20, 21, 4)
(20, 22, 4)
(20, 23, 4)
(20, 24, 4)
(20, 25, 4)
(20, 26, 4)
(20, 27, 4)
(20, 28, 4)
(20, 29, 4)
(20, 30, 4)
(20, 31, 4)
(20, 32, 4)
(20, 33, 4)
(20, 34, 4)
(20, 35, 4)
(20, 36, 4)
(20, 37, 4)
(20, 38, 4)
(20, 39, 4)

(21, 0, 86)
(21, 1, 41)
(21, 2, 21)
(21, 3, 16)
(21, 4, 8)
(21, 5, 7)
(21, 6, 6)
(21, 7, 6)
(21, 8, 6)
(21, 9, 6)
(21, 10, 5)
(21, 11, 5)
(21, 12, 5)
(21, 13, 5)
(21, 14, 5)
(21, 15, 5)
(21, 16, 5)
(21, 17, 5)
(21, 18, 5)
(21, 19, 5)
(21, 20, 5)
(21, 21, 5)
(21, 22, 5)
(21, 23, 5)
(21, 24, 5)
(21, 25, 5)
(21, 26, 5)
(21, 27, 5)
(21, 28, 5)
(21, 29, 5)
(21, 30, 5)
(21, 31, 5)
(21, 32, 5)
(21, 33, 5)
(21, 34, 5)
(21, 35, 5)
(21, 36, 4)
(21, 37, 4)
(21, 38, 4)
(21, 39, 4)

(22, 0, 90)
(22, 1, 43)
(22, 2, 21)
(22, 3, 16)
(22, 4, 8)
(22, 5, 7)
(22, 6, 6)
(22, 7, 6)
(22, 8, 6)
(22, 9, 6)
(22, 10, 5)
(22, 11, 5)
(22, 12, 5)
(22, 13, 5)
(22, 14, 5)
(22, 15, 5)
(22, 16, 5)
(22, 17, 5)
(22, 18, 5)
(22, 19, 5)
(22, 20, 5)
(22, 21, 5)
(22, 22, 5)
(22, 23, 5)
(22, 24, 5)
(22, 25, 5)
(22, 26, 5)
(22, 27, 5)
(22, 28, 5)
(22, 29, 5)
(22, 30, 5)
(22, 31, 5)
(22, 32, 5)
(22, 33, 4)
(22, 34, 4)
(22, 35, 4)
(22, 36, 4)
(22, 37, 4)
(22, 38, 4)
(22, 39, 4)

(23, 0, 95)
(23, 1, 45)
(23, 2, 22)
(23, 3, 16)
(23, 4, 8)
(23, 5, 7)
(23, 6, 6)
(23, 7, 6)
(23, 8, 6)
(23, 9, 6)
(23, 10, 5)
(23, 11, 5)
(23, 12, 5)
(23, 13, 5)
(23, 14, 5)
(23, 15, 5)
(23, 16, 5)
(23, 17, 5)
(23, 18, 5)
(23, 19, 5)
(23, 20, 5)
(23, 21, 5)
(23, 22, 5)
(23, 23, 5)
(23, 24, 5)
(23, 25, 5)
(23, 26, 5)
(23, 27, 5)
(23, 28, 5)
(23, 29, 5)
(23, 30, 5)
(23, 31, 5)
(23, 32, 5)
(23, 33, 4)
(23, 34, 4)
(23, 35, 4)
(23, 36, 4)
(23, 37, 4)
(23, 38, 4)
(23, 39, 4)

(24, 0, 109)
(24, 1, 51)
(24, 2, 26)
(24, 3, 19)
(24, 4, 10)
(24, 5, 9)
(24, 6, 8)
(24, 7, 8)
(24, 8, 8)
(24, 9, 7)
(24, 10, 6)
(24, 11, 6)
(24, 12, 6)
(24, 13, 6)
(24, 14, 6)
(24, 15, 6)
(24, 16, 6)
(24, 17, 6)
(24, 18, 6)
(24, 19, 6)
(24, 20, 6)
(24, 21, 6)
(24, 22, 6)
(24, 23, 6)
(24, 24, 6)
(24, 25, 6)
(24, 26, 6)
(24, 27, 6)
(24, 28, 6)
(24, 29, 6)
(24, 30, 6)
(24, 31, 6)
(24, 32, 6)
(24, 33, 5)
(24, 34, 5)
(24, 35, 5)
(24, 36, 5)
(24, 37, 5)
(24, 38, 5)
(24, 39, 5)

(25, 0, 120)
(25, 1, 56)
(25, 2, 28)
(25, 3, 21)
(25, 4, 12)
(25, 5, 11)
(25, 6, 9)
(25, 7, 9)
(25, 8, 9)
(25, 9, 9)
(25, 10, 8)
(25, 11, 8)
(25, 12, 8)
(25, 13, 8)
(25, 14, 8)
(25, 15, 8)
(25, 16, 8)
(25, 17, 8)
(25, 18, 8)
(25, 19, 8)
(25, 20, 8)
(25, 21, 8)
(25, 22, 7)
(25, 23, 7)
(25, 24, 7)
(25, 25, 7)
(25, 26, 6)
(25, 27, 6)
(25, 28, 6)
(25, 29, 6)
(25, 30, 6)
(25, 31, 6)
(25, 32, 6)
(25, 33, 5)
(25, 34, 5)
(25, 35, 5)
(25, 36, 5)
(25, 37, 5)
(25, 38, 5)
(25, 39, 5)

(26, 0, 137)
(26, 1, 65)
(26, 2, 33)
(26, 3, 25)
(26, 4, 16)
(26, 5, 14)
(26, 6, 11)
(26, 7, 11)
(26, 8, 10)
(26, 9, 10)
(26, 10, 8)
(26, 11, 8)
(26, 12, 8)
(26, 13, 8)
(26, 14, 8)
(26, 15, 8)
(26, 16, 8)
(26, 17, 8)
(26, 18, 8)
(26, 19, 8)
(26, 20, 8)
(26, 21, 8)
(26, 22, 7)
(26, 23, 7)
(26, 24, 6)
(26, 25, 6)
(26, 26, 6)
(26, 27, 6)
(26, 28, 6)
(26, 29, 6)
(26, 30, 6)
(26, 31, 6)
(26, 32, 6)
(26, 33, 5)
(26, 34, 5)
(26, 35, 5)
(26, 36, 5)
(26, 37, 5)
(26, 38, 5)
(26, 39, 5)

(27, 0, 149)
(27, 1, 71)
(27, 2, 37)
(27, 3, 28)
(27, 4, 15)
(27, 5, 13)
(27, 6, 10)
(27, 7, 10)
(27, 8, 10)
(27, 9, 10)
(27, 10, 8)
(27, 11, 8)
(27, 12, 8)
(27, 13, 8)
(27, 14, 8)
(27, 15, 8)
(27, 16, 8)
(27, 17, 8)
(27, 18, 8)
(27, 19, 8)
(27, 20, 8)
(27, 21, 8)
(27, 22, 7)
(27, 23, 7)
(27, 24, 6)
(27, 25, 6)
(27, 26, 6)
(27, 27, 6)
(27, 28, 6)
(27, 29, 6)
(27, 30, 6)
(27, 31, 6)
(27, 32, 6)
(27, 33, 5)
(27, 34, 5)
(27, 35, 5)
(27, 36, 5)
(27, 37, 5)
(27, 38, 5)
(27, 39, 5)

(28, 0, 160)
(28, 1, 79)
(28, 2, 39)
(28, 3, 30)
(28, 4, 17)
(28, 5, 15)
(28, 6, 12)
(28, 7, 11)
(28, 8, 11)
(28, 9, 11)
(28, 10, 9)
(28, 11, 9)
(28, 12, 9)
(28, 13, 9)
(28, 14, 9)
(28, 15, 9)
(28, 16, 9)
(28, 17, 9)
(28, 18, 9)
(28, 19, 9)
(28, 20, 9)
(28, 21, 8)
(28, 22, 7)
(28, 23, 7)
(28, 24, 7)
(28, 25, 7)
(28, 26, 7)
(28, 27, 7)
(28, 28, 7)
(28, 29, 7)
(28, 30, 7)
(28, 31, 7)
(28, 32, 7)
(28, 33, 6)
(28, 34, 6)
(28, 35, 6)
(28, 36, 6)
(28, 37, 6)
(28, 38, 6)
(28, 39, 6)

(29, 0, 174)
(29, 1, 88)
(29, 2, 48)
(29, 3, 37)
(29, 4, 20)
(29, 5, 17)
(29, 6, 14)
(29, 7, 14)
(29, 8, 14)
(29, 9, 13)
(29, 10, 10)
(29, 11, 10)
(29, 12, 10)
(29, 13, 10)
(29, 14, 10)
(29, 15, 10)
(29, 16, 10)
(29, 17, 10)
(29, 18, 10)
(29, 19, 10)
(29, 20, 10)
(29, 21, 9)
(29, 22, 8)
(29, 23, 8)
(29, 24, 8)
(29, 25, 8)
(29, 26, 8)
(29, 27, 8)
(29, 28, 8)
(29, 29, 8)
(29, 30, 8)
(29, 31, 8)
(29, 32, 8)
(29, 33, 6)
(29, 34, 6)
(29, 35, 6)
(29, 36, 6)
(29, 37, 6)
(29, 38, 6)
(29, 39, 6)

(30, 0, 191)
(30, 1, 94)
(30, 2, 52)
(30, 3, 38)
(30, 4, 21)
(30, 5, 18)
(30, 6, 15)
(30, 7, 15)
(30, 8, 13)
(30, 9, 12)
(30, 10, 10)
(30, 11, 10)
(30, 12, 10)
(30, 13, 10)
(30, 14, 10)
(30, 15, 10)
(30, 16, 10)
(30, 17, 10)
(30, 18, 10)
(30, 19, 10)
(30, 20, 10)
(30, 21, 9)
(30, 22, 8)
(30, 23, 8)
(30, 24, 8)
(30, 25, 8)
(30, 26, 8)
(30, 27, 8)
(30, 28, 8)
(30, 29, 8)
(30, 30, 8)
(30, 31, 8)
(30, 32, 8)
(30, 33, 6)
(30, 34, 6)
(30, 35, 6)
(30, 36, 6)
(30, 37, 6)
(30, 38, 6)
(30, 39, 6)

(31, 0, 204)
(31, 1, 98)
(31, 2, 53)
(31, 3, 39)
(31, 4, 22)
(31, 5, 19)
(31, 6, 16)
(31, 7, 16)
(31, 8, 14)
(31, 9, 13)
(31, 10, 11)
(31, 11, 11)
(31, 12, 11)
(31, 13, 11)
(31, 14, 11)
(31, 15, 11)
(31, 16, 10)
(31, 17, 10)
(31, 18, 10)
(31, 19, 10)
(31, 20, 10)
(31, 21, 9)
(31, 22, 7)
(31, 23, 7)
(31, 24, 7)
(31, 25, 7)
(31, 26, 7)
(31, 27, 7)
(31, 28, 7)
(31, 29, 7)
(31, 30, 7)
(31, 31, 7)
(31, 32, 7)
(31, 33, 5)
(31, 34, 5)
(31, 35, 5)
(31, 36, 5)
(31, 37, 5)
(31, 38, 5)
(31, 39, 5)

(32, 0, 230)
(32, 1, 102)
(32, 2, 56)
(32, 3, 41)
(32, 4, 23)
(32, 5, 20)
(32, 6, 17)
(32, 7, 17)
(32, 8, 15)
(32, 9, 14)
(32, 10, 12)
(32, 11, 12)
(32, 12, 12)
(32, 13, 12)
(32, 14, 12)
(32, 15, 12)
(32, 16, 10)
(32, 17, 10)
(32, 18, 10)
(32, 19, 10)
(32, 20, 10)
(32, 21, 9)
(32, 22, 8)
(32, 23, 8)
(32, 24, 8)
(32, 25, 8)
(32, 26, 8)
(32, 27, 8)
(32, 28, 8)
(32, 29, 8)
(32, 30, 8)
(32, 31, 8)
(32, 32, 8)
(32, 33, 6)
(32, 34, 6)
(32, 35, 6)
(32, 36, 6)
(32, 37, 6)
(32, 38, 6)
(32, 39, 6)

(33, 0, 238)
(33, 1, 105)
(33, 2, 59)
(33, 3, 43)
(33, 4, 24)
(33, 5, 20)
(33, 6, 17)
(33, 7, 17)
(33, 8, 15)
(33, 9, 14)
(33, 10, 12)
(33, 11, 12)
(33, 12, 12)
(33, 13, 12)
(33, 14, 12)
(33, 15, 12)
(33, 16, 10)
(33, 17, 10)
(33, 18, 10)
(33, 19, 10)
(33, 20, 10)
(33, 21, 9)
(33, 22, 8)
(33, 23, 8)
(33, 24, 8)
(33, 25, 8)
(33, 26, 8)
(33, 27, 8)
(33, 28, 8)
(33, 29, 8)
(33, 30, 8)
(33, 31, 8)
(33, 32, 8)
(33, 33, 6)
(33, 34, 6)
(33, 35, 6)
(33, 36, 6)
(33, 37, 6)
(33, 38, 6)
(33, 39, 6)

(34, 0, 245)
(34, 1, 109)
(34, 2, 62)
(34, 3, 45)
(34, 4, 23)
(34, 5, 20)
(34, 6, 17)
(34, 7, 17)
(34, 8, 15)
(34, 9, 14)
(34, 10, 12)
(34, 11, 12)
(34, 12, 12)
(34, 13, 12)
(34, 14, 12)
(34, 15, 12)
(34, 16, 10)
(34, 17, 10)
(34, 18, 10)
(34, 19, 10)
(34, 20, 10)
(34, 21, 9)
(34, 22, 8)
(34, 23, 8)
(34, 24, 8)
(34, 25, 8)
(34, 26, 8)
(34, 27, 8)
(34, 28, 8)
(34, 29, 8)
(34, 30, 8)
(34, 31, 8)
(34, 32, 8)
(34, 33, 6)
(34, 34, 6)
(34, 35, 6)
(34, 36, 6)
(34, 37, 6)
(34, 38, 6)
(34, 39, 6)

(35, 0, 254)
(35, 1, 116)
(35, 2, 64)
(35, 3, 46)
(35, 4, 23)
(35, 5, 20)
(35, 6, 17)
(35, 7, 17)
(35, 8, 15)
(35, 9, 14)
(35, 10, 12)
(35, 11, 12)
(35, 12, 12)
(35, 13, 12)
(35, 14, 12)
(35, 15, 12)
(35, 16, 10)
(35, 17, 10)
(35, 18, 10)
(35, 19, 10)
(35, 20, 10)
(35, 21, 9)
(35, 22, 8)
(35, 23, 8)
(35, 24, 8)
(35, 25, 8)
(35, 26, 8)
(35, 27, 8)
(35, 28, 8)
(35, 29, 8)
(35, 30, 8)
(35, 31, 8)
(35, 32, 8)
(35, 33, 6)
(35, 34, 6)
(35, 35, 6)
(35, 36, 6)
(35, 37, 6)
(35, 38, 6)
(35, 39, 6)

(36, 0, 266)
(36, 1, 120)
(36, 2, 65)
(36, 3, 47)
(36, 4, 24)
(36, 5, 21)
(36, 6, 18)
(36, 7, 18)
(36, 8, 16)
(36, 9, 15)
(36, 10, 13)
(36, 11, 13)
(36, 12, 13)
(36, 13, 13)
(36, 14, 13)
(36, 15, 13)
(36, 16, 11)
(36, 17, 11)
(36, 18, 11)
(36, 19, 11)
(36, 20, 11)
(36, 21, 10)
(36, 22, 8)
(36, 23, 8)
(36, 24, 8)
(36, 25, 7)
(36, 26, 7)
(36, 27, 7)
(36, 28, 7)
(36, 29, 7)
(36, 30, 7)
(36, 31, 7)
(36, 32, 7)
(36, 33, 5)
(36, 34, 5)
(36, 35, 5)
(36, 36, 5)
(36, 37, 5)
(36, 38, 5)
(36, 39, 5)

(37, 0, 271)
(37, 1, 123)
(37, 2, 67)
(37, 3, 48)
(37, 4, 24)
(37, 5, 21)
(37, 6, 18)
(37, 7, 18)
(37, 8, 16)
(37, 9, 15)
(37, 10, 13)
(37, 11, 13)
(37, 12, 13)
(37, 13, 13)
(37, 14, 13)
(37, 15, 13)
(37, 16, 11)
(37, 17, 11)
(37, 18, 11)
(37, 19, 11)
(37, 20, 11)
(37, 21, 10)
(37, 22, 8)
(37, 23, 8)
(37, 24, 8)
(37, 25, 7)
(37, 26, 7)
(37, 27, 7)
(37, 28, 7)
(37, 29, 7)
(37, 30, 7)
(37, 31, 7)
(37, 32, 7)
(37, 33, 5)
(37, 34, 5)
(37, 35, 5)
(37, 36, 5)
(37, 37, 5)
(37, 38, 5)
(37, 39, 5)

(38, 0, 273)
(38, 1, 125)
(38, 2, 68)
(38, 3, 49)
(38, 4, 25)
(38, 5, 22)
(38, 6, 19)
(38, 7, 19)
(38, 8, 17)
(38, 9, 16)
(38, 10, 14)
(38, 11, 14)
(38, 12, 13)
(38, 13, 13)
(38, 14, 13)
(38, 15, 13)
(38, 16, 11)
(38, 17, 11)
(38, 18, 11)
(38, 19, 11)
(38, 20, 11)
(38, 21, 10)
(38, 22, 8)
(38, 23, 8)
(38, 24, 8)
(38, 25, 7)
(38, 26, 7)
(38, 27, 7)
(38, 28, 7)
(38, 29, 7)
(38, 30, 7)
(38, 31, 7)
(38, 32, 7)
(38, 33, 5)
(38, 34, 4)
(38, 35, 4)
(38, 36, 4)
(38, 37, 4)
(38, 38, 4)
(38, 39, 4)

(39, 0, 275)
(39, 1, 126)
(39, 2, 69)
(39, 3, 50)
(39, 4, 26)
(39, 5, 23)
(39, 6, 20)
(39, 7, 20)
(39, 8, 18)
(39, 9, 17)
(39, 10, 15)
(39, 11, 15)
(39, 12, 14)
(39, 13, 14)
(39, 14, 14)
(39, 15, 14)
(39, 16, 10)
(39, 17, 10)
(39, 18, 10)
(39, 19, 10)
(39, 20, 10)
(39, 21, 9)
(39, 22, 7)
(39, 23, 7)
(39, 24, 7)
(39, 25, 6)
(39, 26, 6)
(39, 27, 6)
(39, 28, 6)
(39, 29, 6)
(39, 30, 6)
(39, 31, 6)
(39, 32, 6)
(39, 33, 4)
(39, 34, 4)
(39, 35, 4)
(39, 36, 4)
(39, 37, 4)
(39, 38, 4)
(39, 39, 4)


Betti numbers:
xi_0:
(0, 0, 12)
(1, 0, 6)
(2, 0, 7)
(3, 0, 10)
(4, 0, 7)
(5, 0, 5)
(6, 0, 7)
(7, 0, 1)
(17, 0, 2)
(18, 0, 5)
(19, 0, 7)
(20, 0, 6)
(21, 0, 11)
(22, 0, 4)
(23, 0, 5)
(24, 0, 14)
(25, 0, 11)
(26, 0, 17)
(27, 0, 12)
(28, 0, 11)
(29, 0, 14)
(30, 0, 17)
(31, 0, 13)
(32, 0, 26)
(33, 0, 9)
(34, 0, 7)
(35, 0, 10)
(36, 0, 12)
(37, 0, 5)
(38, 0, 2)
(39, 0, 2)
xi_1:
(0, 1, 8)
(0, 2, 3)
(1, 1, 5)
(1, 2, 1)
(2, 1, 1)
(2, 2, 4)
(2, 3, 1)
(2, 4, 1)
(3, 1, 7)
(3, 2, 2)
(4, 1, 4)
(4, 2, 3)
(5, 1, 4)
(5, 4, 1)
(6, 1, 4)
(6, 2, 1)
(6, 4, 2)
(7, 3, 1)
(17, 1, 1)
(18, 1, 1)
(18, 2, 1)
(18, 3, 1)
(18, 10, 1)
(19, 1, 3)
(19, 2, 2)
(19, 4, 2)
(20, 1, 3)
(20, 2, 1)
(20, 4, 1)
(20, 6, 1)
(21, 1, 4)
(21, 2, 2)
(21, 3, 2)
(21, 4, 1)
(21, 5, 1)
(21, 36, 1)
(22, 1, 2)
(22, 2, 2)
(22, 4, 1)
(22, 33, 1)
(23, 1, 3)
(23, 2, 1)
(23, 3, 1)
(24, 1, 8)
(24, 2, 2)
(24, 3, 1)
(24, 4, 1)
(24, 9, 1)
(25, 1, 6)
(25, 2, 3)
(25, 6, 1)
(25, 22, 1)
(25, 26, 1)
(26, 1, 8)
(26, 2, 4)
(26, 3, 1)
(26, 5, 1)
(26, 6, 1)
(26, 8, 1)
(26, 10, 1)
(26, 24, 1)
(27, 1, 6)
(27, 2, 2)
(27, 3, 1)
(27, 4, 4)
(28, 1, 3)
(28, 2, 6)
(28, 3, 1)
(28, 7, 1)
(28, 21, 1)
(29, 1, 5)
(29, 3, 2)
(29, 4, 4)
(29, 5, 1)
(29, 9, 1)
(29, 10, 1)
(29, 33, 1)
(30, 1, 11)
(30, 2, 2)
(30, 3, 4)
(30, 4, 1)
(30, 8, 2)
(30, 9, 1)
(31, 1, 9)
(31, 2, 3)
(31, 16, 1)
(31, 22, 1)
(32, 1, 22)
(32, 2, 2)
(32, 3, 1)
(32, 4, 1)
(32, 16, 1)
(33, 0, 1)
(33, 1, 6)
(33, 3, 1)
(33, 4, 1)
(33, 5, 1)
(34, 1, 3)
(34, 2, 1)
(34, 3, 1)
(34, 4, 3)
(35, 0, 1)
(35, 1, 3)
(35, 2, 5)
(35, 3, 1)
(35, 4, 1)
(36, 1, 8)
(36, 2, 3)
(36, 3, 1)
(36, 22, 1)
(36, 25, 1)
(37, 1, 2)
(37, 2, 1)
(37, 3, 1)
(37, 4, 1)
(38, 2, 1)
(38, 12, 1)
(38, 34, 1)
(39, 1, 1)
(39, 16, 2)
xi_2:
(22, 4, 1)
(22, 36, 1)
(25, 9, 1)
(26, 26, 1)
(27, 8, 1)
(28, 3, 1)
(28, 24, 1)
(29, 7, 1)
(30, 3, 1)
(30, 4, 1)
(30, 9, 1)
(30, 10, 1)
(32, 2, 1)
(32, 22, 1)
(33, 1, 1)
(34, 5, 1)
(35, 1, 1)
(36, 3, 1)
(39, 34, 1)
