x-grades
-4501733336125060053/4000000000000000000
-2197425989622127853/2000000000000000000
-4287970622363451359/4000000000000000000
-1045272316370661753/1000000000000000000
-814841581720368533/800000000000000000
-1983663275860519159/2000000000000000000
-3860445194840233971/4000000000000000000
-469195479744928703/500000000000000000
-3646682481078625277/4000000000000000000
-353980112419782093/400000000000000000
-3432919767317016583/4000000000000000000
-831509602609053059/1000000000000000000
-3219157053555407889/4000000000000000000
-1556137848337301771/2000000000000000000
-601078867958759839/800000000000000000
-90578530716031089/125000000000000000
-2791631626032190501/4000000000000000000
-1342375134575693077/2000000000000000000
-2577868912270581807/4000000000000000000
-123549377769488873/200000000000000000
-2364106198508973113/4000000000000000000
-1128612420814084383/2000000000000000000
-2150343484747364419/4000000000000000000
-255432765983320009/500000000000000000
-77463230839430229/160000000000000000
-914849707052475689/2000000000000000000
-1722818057224147031/4000000000000000000
-403984175085835671/1000000000000000000
-1509055343462538337/4000000000000000000
-140217398658173399/400000000000000000
-1295292629700929643/4000000000000000000
-74275704551257831/250000000000000000
-1081529915939320949/4000000000000000000
-487324279529258301/2000000000000000000
-173553440435542451/800000000000000000
-190221461324226977/1000000000000000000
-654004488416103561/4000000000000000000
-273561565767649607/2000000000000000000
-440241774654494867/4000000000000000000
-8334010444342263/100000000000000000

y-grades
9999267/40000000
9999267/20000000
29997801/40000000
9999267/10000000
9999267/8000000
29997801/20000000
69994869/40000000
9999267/5000000
89993403/40000000
9999267/4000000
109991937/40000000
29997801/10000000
129990471/40000000
69994869/20000000
29997801/8000000
9999267/2500000
169987539/40000000
89993403/20000000
189986073/40000000
9999267/2000000
209984607/40000000
109991937/20000000
229983141/40000000
29997801/5000000
9999267/1600000
129990471/20000000
269980209/40000000
69994869/10000000
289978743/40000000
29997801/4000000
309977277/40000000
9999267/1250000
329975811/40000000
169987539/20000000
69994869/8000000
89993403/10000000
369972879/40000000
189986073/20000000
389971413/40000000
9999267/1000000

Dimensions > 0:
(0, 0, 4)
(0, 1, 4)
(0, 2, 3)
(0, 3, 3)
(0, 4, 1)
(0, 5, 1)
(0, 6, 1)
(0, 7, 1)
(0, 8, 1)
(0, 9, 1)
(0, 10, 1)
(0, 11, 1)
(0, 12, 1)
(0, 13, 1)
(0, 14, 1)
(0, 15, 1)
(0, 16, 1)
(0, 17, 1)
(0, 18, 1)
(0, 19, 1)
(0, 20, 1)
(0, 21, 1)
(0, 22, 1)
(0, 23, 1)
(0, 24, 1)
(0, 25, 1)
(0, 26, 1)
(0, 27, 1)
(0, 28, 1)
(0, 29, 1)
(0, 30, 1)
(0, 31, 1)
(0, 32, 1)
(0, 33, 1)
(0, 34, 1)
(0, 35, 1)
(0, 36, 1)
(0, 37, 1)
(0, 38, 1)
(0, 39, 1)

(1, 0, 6)
(1, 1, 6)
(1, 2, 5)
(1, 3, 5)
(1, 4, 3)
(1, 5, 3)
(1, 6, 3)
(1, 7, 3)
(1, 8, 1)
(1, 9, 1)
(1, 10, 1)
(1, 11, 1)
(1, 12, 1)
(1, 13, 1)
(1, 14, 1)
(1, 15, 1)
(1, 16, 1)
(1, 17, 1)
(1, 18, 1)
(1, 19, 1)
(1, 20, 1)
(1, 21, 1)
(1, 22, 1)
(1, 23, 1)
(1, 24, 1)
(1, 25, 1)
(1, 26, 1)
(1, 27, 1)
(1, 28, 1)
(1, 29, 1)
(1, 30, 1)
(1, 31, 1)
(1, 32, 1)
(1, 33, 1)
(1, 34, 1)
(1, 35, 1)
(1, 36, 1)
(1, 37, 1)
(1, 38, 1)
(1, 39, 1)

(2, 0, 8)
(2, 1, 8)
(2, 2, 7)
(2, 3, 7)
(2, 4, 4)
(2, 5, 4)
(2, 6, 4)
(2, 7, 4)
(2, 8, 1)
(2, 9, 1)
(2, 10, 1)
(2, 11, 1)
(2, 12, 1)
(2, 13, 1)
(2, 14, 1)
(2, 15, 1)
(2, 16, 1)
(2, 17, 1)
(2, 18, 1)
(2, 19, 1)
(2, 20, 1)
(2, 21, 1)
(2, 22, 1)
(2, 23, 1)
(2, 24, 1)
(2, 25, 1)
(2, 26, 1)
(2, 27, 1)
(2, 28, 1)
(2, 29, 1)
(2, 30, 1)
(2, 31, 1)
(2, 32, 1)
(2, 33, 1)
(2, 34, 1)
(2, 35, 1)
(2, 36, 1)
(2, 37, 1)
(2, 38, 1)
(2, 39, 1)

(3, 0, 11)
(3, 1, 11)
(3, 2, 10)
(3, 3, 10)
(3, 4, 6)
(3, 5, 6)
(3, 6, 6)
(3, 7, 6)
(3, 8, 3)
(3, 9, 3)
(3, 10, 3)
(3, 11, 3)
(3, 12, 3)
(3, 13, 3)
(3, 14, 3)
(3, 15, 3)
(3, 16, 3)
(3, 17, 3)
(3, 18, 3)
(3, 19, 3)
(3, 20, 2)
(3, 21, 2)
(3, 22, 2)
(3, 23, 2)
(3, 24, 2)
(3, 25, 2)
(3, 26, 2)
(3, 27, 2)
(3, 28, 2)
(3, 29, 2)
(3, 30, 2)
(3, 31, 2)
(3, 32, 2)
(3, 33, 2)
(3, 34, 2)
(3, 35, 2)
(3, 36, 2)
(3, 37, 2)
(3, 38, 2)
(3, 39, 2)

(4, 0, 15)
(4, 1, 14)
(4, 2, 13)
(4, 3, 13)
(4, 4, 8)
(4, 5, 8)
(4, 6, 8)
(4, 7, 7)
(4, 8, 3)
(4, 9, 2)
(4, 10, 2)
(4, 11, 2)
(4, 12, 2)
(4, 13, 2)
(4, 14, 2)
(4, 15, 2)
(4, 16, 2)
(4, 17, 2)
(4, 18, 2)
(4, 19, 2)
(4, 20, 2)
(4, 21, 2)
(4, 22, 2)
(4, 23, 2)
(4, 24, 2)
(4, 25, 2)
(4, 26, 2)
(4, 27, 2)
(4, 28, 2)
(4, 29, 2)
(4, 30, 2)
(4, 31, 2)
(4, 32, 2)
(4, 33, 2)
(4, 34, 2)
(4, 35, 2)
(4, 36, 2)
(4, 37, 2)
(4, 38, 2)
(4, 39, 2)

(5, 0, 22)
(5, 1, 19)
(5, 2, 17)
(5, 3, 17)
(5, 4, 11)
(5, 5, 11)
(5, 6, 11)
(5, 7, 9)
(5, 8, 5)
(5, 9, 4)
(5, 10, 4)
(5, 11, 4)
(5, 12, 4)
(5, 13, 4)
(5, 14, 3)
(5, 15, 3)
(5, 16, 3)
(5, 17, 3)
(5, 18, 3)
(5, 19, 3)
(5, 20, 3)
(5, 21, 3)
(5, 22, 3)
(5, 23, 3)
(5, 24, 3)
(5, 25, 3)
(5, 26, 3)
(5, 27, 3)
(5, 28, 3)
(5, 29, 3)
(5, 30, 3)
(5, 31, 3)
(5, 32, 3)
(5, 33, 3)
(5, 34, 3)
(5, 35, 3)
(5, 36, 3)
(5, 37, 3)
(5, 38, 3)
(5, 39, 3)

(6, 0, 27)
(6, 1, 23)
(6, 2, 21)
(6, 3, 21)
(6, 4, 14)
(6, 5, 14)
(6, 6, 13)
(6, 7, 11)
(6, 8, 6)
(6, 9, 5)
(6, 10, 5)
(6, 11, 5)
(6, 12, 5)
(6, 13, 5)
(6, 14, 4)
(6, 15, 4)
(6, 16, 3)
(6, 17, 3)
(6, 18, 3)
(6, 19, 3)
(6, 20, 3)
(6, 21, 3)
(6, 22, 3)
(6, 23, 3)
(6, 24, 3)
(6, 25, 3)
(6, 26, 3)
(6, 27, 3)
(6, 28, 3)
(6, 29, 3)
(6, 30, 3)
(6, 31, 3)
(6, 32, 3)
(6, 33, 3)
(6, 34, 3)
(6, 35, 3)
(6, 36, 3)
(6, 37, 3)
(6, 38, 3)
(6, 39, 3)

(7, 0, 34)
(7, 1, 27)
(7, 2, 24)
(7, 3, 24)
(7, 4, 17)
(7, 5, 16)
(7, 6, 15)
(7, 7, 13)
(7, 8, 8)
(7, 9, 7)
(7, 10, 7)
(7, 11, 7)
(7, 12, 7)
(7, 13, 7)
(7, 14, 6)
(7, 15, 5)
(7, 16, 2)
(7, 17, 2)
(7, 18, 2)
(7, 19, 2)
(7, 20, 2)
(7, 21, 2)
(7, 22, 2)
(7, 23, 2)
(7, 24, 2)
(7, 25, 2)
(7, 26, 2)
(7, 27, 2)
(7, 28, 2)
(7, 29, 2)
(7, 30, 2)
(7, 31, 2)
(7, 32, 2)
(7, 33, 2)
(7, 34, 2)
(7, 35, 2)
(7, 36, 2)
(7, 37, 2)
(7, 38, 2)
(7, 39, 2)

(8, 0, 40)
(8, 1, 30)
(8, 2, 26)
(8, 3, 26)
(8, 4, 18)
(8, 5, 17)
(8, 6, 16)
(8, 7, 14)
(8, 8, 9)
(8, 9, 8)
(8, 10, 8)
(8, 11, 8)
(8, 12, 8)
(8, 13, 8)
(8, 14, 7)
(8, 15, 6)
(8, 16, 3)
(8, 17, 3)
(8, 18, 3)
(8, 19, 3)
(8, 20, 3)
(8, 21, 3)
(8, 22, 3)
(8, 23, 3)
(8, 24, 3)
(8, 25, 3)
(8, 26, 3)
(8, 27, 3)
(8, 28, 3)
(8, 29, 3)
(8, 30, 3)
(8, 31, 3)
(8, 32, 3)
(8, 33, 3)
(8, 34, 3)
(8, 35, 3)
(8, 36, 3)
(8, 37, 3)
(8, 38, 3)
(8, 39, 3)

(9, 0, 44)
(9, 1, 33)
(9, 2, 29)
(9, 3, 29)
(9, 4, 20)
(9, 5, 19)
(9, 6, 18)
(9, 7, 15)
(9, 8, 10)
(9, 9, 9)
(9, 10, 8)
(9, 11, 8)
(9, 12, 8)
(9, 13, 8)
(9, 14, 7)
(9, 15, 6)
(9, 16, 3)
(9, 17, 3)
(9, 18, 3)
(9, 19, 3)
(9, 20, 3)
(9, 21, 3)
(9, 22, 3)
(9, 23, 3)
(9, 24, 3)
(9, 25, 3)
(9, 26, 3)
(9, 27, 3)
(9, 28, 3)
(9, 29, 3)
(9, 30, 3)
(9, 31, 3)
(9, 32, 3)
(9, 33, 3)
(9, 34, 3)
(9, 35, 3)
(9, 36, 3)
(9, 37, 3)
(9, 38, 3)
(9, 39, 3)

(10, 0, 48)
(10, 1, 37)
(10, 2, 33)
(10, 3, 32)
(10, 4, 23)
(10, 5, 22)
(10, 6, 20)
(10, 7, 16)
(10, 8, 11)
(10, 9, 9)
(10, 10, 9)
(10, 11, 9)
(10, 12, 9)
(10, 13, 9)
(10, 14, 8)
(10, 15, 7)
(10, 16, 4)
(10, 17, 4)
(10, 18, 4)
(10, 19, 4)
(10, 20, 4)
(10, 21, 4)
(10, 22, 4)
(10, 23, 4)
(10, 24, 4)
(10, 25, 4)
(10, 26, 3)
(10, 27, 3)
(10, 28, 3)
(10, 29, 3)
(10, 30, 3)
(10, 31, 3)
(10, 32, 3)
(10, 33, 3)
(10, 34, 3)
(10, 35, 3)
(10, 36, 3)
(10, 37, 3)
(10, 38, 3)
(10, 39, 3)

(11, 0, 51)
(11, 1, 40)
(11, 2, 36)
(11, 3, 35)
(11, 4, 26)
(11, 5, 25)
(11, 6, 23)
(11, 7, 17)
(11, 8, 12)
(11, 9, 10)
(11, 10, 10)
(11, 11, 10)
(11, 12, 10)
(11, 13, 10)
(11, 14, 9)
(11, 15, 8)
(11, 16, 4)
(11, 17, 4)
(11, 18, 4)
(11, 19, 4)
(11, 20, 4)
(11, 21, 4)
(11, 22, 4)
(11, 23, 4)
(11, 24, 4)
(11, 25, 4)
(11, 26, 3)
(11, 27, 3)
(11, 28, 3)
(11, 29, 3)
(11, 30, 3)
(11, 31, 3)
(11, 32, 3)
(11, 33, 3)
(11, 34, 3)
(11, 35, 3)
(11, 36, 3)
(11, 37, 3)
(11, 38, 3)
(11, 39, 3)

(12, 0, 59)
(12, 1, 48)
(12, 2, 43)
(12, 3, 41)
(12, 4, 30)
(12, 5, 29)
(12, 6, 26)
(12, 7, 19)
(12, 8, 13)
(12, 9, 11)
(12, 10, 11)
(12, 11, 11)
(12, 12, 11)
(12, 13, 11)
(12, 14, 10)
(12, 15, 9)
(12, 16, 5)
(12, 17, 5)
(12, 18, 5)
(12, 19, 5)
(12, 20, 5)
(12, 21, 5)
(12, 22, 4)
(12, 23, 4)
(12, 24, 4)
(12, 25, 4)
(12, 26, 3)
(12, 27, 3)
(12, 28, 3)
(12, 29, 3)
(12, 30, 3)
(12, 31, 3)
(12, 32, 3)
(12, 33, 3)
(12, 34, 3)
(12, 35, 3)
(12, 36, 3)
(12, 37, 3)
(12, 38, 3)
(12, 39, 3)

(13, 0, 66)
(13, 1, 55)
(13, 2, 49)
(13, 3, 47)
(13, 4, 33)
(13, 5, 31)
(13, 6, 28)
(13, 7, 19)
(13, 8, 13)
(13, 9, 11)
(13, 10, 11)
(13, 11, 11)
(13, 12, 11)
(13, 13, 11)
(13, 14, 10)
(13, 15, 9)
(13, 16, 5)
(13, 17, 5)
(13, 18, 5)
(13, 19, 5)
(13, 20, 4)
(13, 21, 4)
(13, 22, 4)
(13, 23, 4)
(13, 24, 4)
(13, 25, 4)
(13, 26, 3)
(13, 27, 3)
(13, 28, 3)
(13, 29, 3)
(13, 30, 3)
(13, 31, 3)
(13, 32, 3)
(13, 33, 3)
(13, 34, 3)
(13, 35, 3)
(13, 36, 3)
(13, 37, 3)
(13, 38, 3)
(13, 39, 3)

(14, 0, 71)
(14, 1, 59)
(14, 2, 53)
(14, 3, 51)
(14, 4, 32)
(14, 5, 31)
(14, 6, 28)
(14, 7, 19)
(14, 8, 13)
(14, 9, 11)
(14, 10, 11)
(14, 11, 11)
(14, 12, 11)
(14, 13, 11)
(14, 14, 10)
(14, 15, 9)
(14, 16, 5)
(14, 17, 5)
(14, 18, 5)
(14, 19, 5)
(14, 20, 4)
(14, 21, 4)
(14, 22, 4)
(14, 23, 4)
(14, 24, 4)
(14, 25, 4)
(14, 26, 3)
(14, 27, 3)
(14, 28, 3)
(14, 29, 3)
(14, 30, 3)
(14, 31, 3)
(14, 32, 3)
(14, 33, 3)
(14, 34, 3)
(14, 35, 3)
(14, 36, 3)
(14, 37, 3)
(14, 38, 3)
(14, 39, 3)

(15, 0, 77)
(15, 1, 65)
(15, 2, 59)
(15, 3, 57)
(15, 4, 37)
(15, 5, 35)
(15, 6, 32)
(15, 7, 23)
(15, 8, 15)
(15, 9, 13)
(15, 10, 13)
(15, 11, 13)
(15, 12, 13)
(15, 13, 13)
(15, 14, 12)
(15, 15, 11)
(15, 16, 7)
(15, 17, 7)
(15, 18, 7)
(15, 19, 6)
(15, 20, 5)
(15, 21, 5)
(15, 22, 5)
(15, 23, 5)
(15, 24, 5)
(15, 25, 4)
(15, 26, 3)
(15, 27, 3)
(15, 28, 3)
(15, 29, 3)
(15, 30, 3)
(15, 31, 3)
(15, 32, 3)
(15, 33, 3)
(15, 34, 3)
(15, 35, 3)
(15, 36, 3)
(15, 37, 3)
(15, 38, 3)
(15, 39, 3)

(16, 0, 82)
(16, 1, 70)
(16, 2, 64)
(16, 3, 61)
(16, 4, 41)
(16, 5, 38)
(16, 6, 35)
(16, 7, 26)
(16, 8, 17)
(16, 9, 14)
(16, 10, 14)
(16, 11, 14)
(16, 12, 14)
(16, 13, 14)
(16, 14, 13)
(16, 15, 12)
(16, 16, 7)
(16, 17, 7)
(16, 18, 7)
(16, 19, 6)
(16, 20, 5)
(16, 21, 5)
(16, 22, 5)
(16, 23, 5)
(16, 24, 5)
(16, 25, 4)
(16, 26, 3)
(16, 27, 3)
(16, 28, 3)
(16, 29, 3)
(16, 30, 3)
(16, 31, 3)
(16, 32, 3)
(16, 33, 3)
(16, 34, 3)
(16, 35, 3)
(16, 36, 3)
(16, 37, 3)
(16, 38, 3)
(16, 39, 3)

(17, 0, 88)
(17, 1, 76)
(17, 2, 70)
(17, 3, 67)
(17, 4, 45)
(17, 5, 42)
(17, 6, 39)
(17, 7, 29)
(17, 8, 18)
(17, 9, 15)
(17, 10, 15)
(17, 11, 15)
(17, 12, 15)
(17, 13, 15)
(17, 14, 14)
(17, 15, 13)
(17, 16, 8)
(17, 17, 8)
(17, 18, 8)
(17, 19, 6)
(17, 20, 6)
(17, 21, 6)
(17, 22, 6)
(17, 23, 6)
(17, 24, 6)
(17, 25, 5)
(17, 26, 4)
(17, 27, 4)
(17, 28, 4)
(17, 29, 4)
(17, 30, 4)
(17, 31, 4)
(17, 32, 4)
(17, 33, 4)
(17, 34, 4)
(17, 35, 4)
(17, 36, 4)
(17, 37, 4)
(17, 38, 4)
(17, 39, 4)

(18, 0, 94)
(18, 1, 82)
(18, 2, 75)
(18, 3, 72)
(18, 4, 48)
(18, 5, 45)
(18, 6, 42)
(18, 7, 31)
(18, 8, 19)
(18, 9, 16)
(18, 10, 16)
(18, 11, 16)
(18, 12, 16)
(18, 13, 16)
(18, 14, 15)
(18, 15, 14)
(18, 16, 9)
(18, 17, 9)
(18, 18, 9)
(18, 19, 7)
(18, 20, 7)
(18, 21, 7)
(18, 22, 7)
(18, 23, 7)
(18, 24, 7)
(18, 25, 6)
(18, 26, 5)
(18, 27, 5)
(18, 28, 5)
(18, 29, 5)
(18, 30, 5)
(18, 31, 5)
(18, 32, 5)
(18, 33, 5)
(18, 34, 5)
(18, 35, 5)
(18, 36, 5)
(18, 37, 5)
(18, 38, 5)
(18, 39, 5)

(19, 0, 103)
(19, 1, 88)
(19, 2, 81)
(19, 3, 78)
(19, 4, 52)
(19, 5, 49)
(19, 6, 46)
(19, 7, 34)
(19, 8, 22)
(19, 9, 18)
(19, 10, 18)
(19, 11, 18)
(19, 12, 17)
(19, 13, 17)
(19, 14, 16)
(19, 15, 15)
(19, 16, 9)
(19, 17, 9)
(19, 18, 9)
(19, 19, 8)
(19, 20, 8)
(19, 21, 7)
(19, 22, 7)
(19, 23, 7)
(19, 24, 7)
(19, 25, 6)
(19, 26, 5)
(19, 27, 5)
(19, 28, 5)
(19, 29, 5)
(19, 30, 5)
(19, 31, 5)
(19, 32, 5)
(19, 33, 5)
(19, 34, 5)
(19, 35, 5)
(19, 36, 5)
(19, 37, 5)
(19, 38, 5)
(19, 39, 5)

(20, 0, 113)
(20, 1, 99)
(20, 2, 92)
(20, 3, 87)
(20, 4, 55)
(20, 5, 52)
(20, 6, 48)
(20, 7, 36)
(20, 8, 23)
(20, 9, 19)
(20, 10, 19)
(20, 11, 18)
(20, 12, 17)
(20, 13, 17)
(20, 14, 16)
(20, 15, 15)
(20, 16, 9)
(20, 17, 8)
(20, 18, 8)
(20, 19, 7)
(20, 20, 7)
(20, 21, 7)
(20, 22, 7)
(20, 23, 7)
(20, 24, 7)
(20, 25, 6)
(20, 26, 5)
(20, 27, 5)
(20, 28, 5)
(20, 29, 5)
(20, 30, 5)
(20, 31, 5)
(20, 32, 5)
(20, 33, 5)
(20, 34, 5)
(20, 35, 5)
(20, 36, 5)
(20, 37, 5)
(20, 38, 5)
(20, 39, 5)

(21, 0, 120)
(21, 1, 104)
(21, 2, 97)
(21, 3, 91)
(21, 4, 57)
(21, 5, 53)
(21, 6, 49)
(21, 7, 37)
(21, 8, 24)
(21, 9, 19)
(21, 10, 19)
(21, 11, 18)
(21, 12, 17)
(21, 13, 17)
(21, 14, 16)
(21, 15, 15)
(21, 16, 9)
(21, 17, 8)
(21, 18, 8)
(21, 19, 7)
(21, 20, 7)
(21, 21, 7)
(21, 22, 7)
(21, 23, 7)
(21, 24, 7)
(21, 25, 6)
(21, 26, 5)
(21, 27, 5)
(21, 28, 5)
(21, 29, 5)
(21, 30, 5)
(21, 31, 5)
(21, 32, 5)
(21, 33, 5)
(21, 34, 5)
(21, 35, 5)
(21, 36, 5)
(21, 37, 5)
(21, 38, 5)
(21, 39, 5)

(22, 0, 130)
(22, 1, 111)
(22, 2, 100)
(22, 3, 94)
(22, 4, 60)
(22, 5, 56)
(22, 6, 52)
(22, 7, 40)
(22, 8, 27)
(22, 9, 21)
(22, 10, 20)
(22, 11, 20)
(22, 12, 19)
(22, 13, 19)
(22, 14, 18)
(22, 15, 17)
(22, 16, 10)
(22, 17, 9)
(22, 18, 9)
(22, 19, 8)
(22, 20, 8)
(22, 21, 8)
(22, 22, 8)
(22, 23, 8)
(22, 24, 8)
(22, 25, 7)
(22, 26, 6)
(22, 27, 6)
(22, 28, 6)
(22, 29, 6)
(22, 30, 6)
(22, 31, 6)
(22, 32, 6)
(22, 33, 6)
(22, 34, 6)
(22, 35, 6)
(22, 36, 6)
(22, 37, 6)
(22, 38, 6)
(22, 39, 6)

(23, 0, 139)
(23, 1, 119)
(23, 2, 108)
(23, 3, 101)
(23, 4, 66)
(23, 5, 61)
(23, 6, 57)
(23, 7, 45)
(23, 8, 31)
(23, 9, 25)
(23, 10, 24)
(23, 11, 24)
(23, 12, 23)
(23, 13, 23)
(23, 14, 22)
(23, 15, 21)
(23, 16, 13)
(23, 17, 10)
(23, 18, 9)
(23, 19, 9)
(23, 20, 9)
(23, 21, 9)
(23, 22, 9)
(23, 23, 8)
(23, 24, 8)
(23, 25, 6)
(23, 26, 5)
(23, 27, 5)
(23, 28, 5)
(23, 29, 5)
(23, 30, 5)
(23, 31, 5)
(23, 32, 5)
(23, 33, 5)
(23, 34, 5)
(23, 35, 5)
(23, 36, 5)
(23, 37, 5)
(23, 38, 4)
(23, 39, 3)

(24, 0, 148)
(24, 1, 128)
(24, 2, 117)
(24, 3, 107)
(24, 4, 71)
(24, 5, 66)
(24, 6, 61)
(24, 7, 49)
(24, 8, 34)
(24, 9, 26)
(24, 10, 25)
(24, 11, 25)
(24, 12, 24)
(24, 13, 24)
(24, 14, 23)
(24, 15, 22)
(24, 16, 13)
(24, 17, 10)
(24, 18, 9)
(24, 19, 9)
(24, 20, 9)
(24, 21, 9)
(24, 22, 9)
(24, 23, 9)
(24, 24, 9)
(24, 25, 7)
(24, 26, 6)
(24, 27, 6)
(24, 28, 5)
(24, 29, 5)
(24, 30, 5)
(24, 31, 5)
(24, 32, 5)
(24, 33, 5)
(24, 34, 5)
(24, 35, 5)
(24, 36, 4)
(24, 37, 4)
(24, 38, 4)
(24, 39, 3)

(25, 0, 162)
(25, 1, 141)
(25, 2, 122)
(25, 3, 112)
(25, 4, 73)
(25, 5, 68)
(25, 6, 64)
(25, 7, 52)
(25, 8, 37)
(25, 9, 27)
(25, 10, 26)
(25, 11, 26)
(25, 12, 25)
(25, 13, 25)
(25, 14, 24)
(25, 15, 23)
(25, 16, 14)
(25, 17, 11)
(25, 18, 10)
(25, 19, 8)
(25, 20, 8)
(25, 21, 8)
(25, 22, 8)
(25, 23, 8)
(25, 24, 8)
(25, 25, 7)
(25, 26, 6)
(25, 27, 6)
(25, 28, 6)
(25, 29, 6)
(25, 30, 6)
(25, 31, 6)
(25, 32, 6)
(25, 33, 6)
(25, 34, 6)
(25, 35, 6)
(25, 36, 5)
(25, 37, 5)
(25, 38, 5)
(25, 39, 4)

(26, 0, 169)
(26, 1, 144)
(26, 2, 125)
(26, 3, 115)
(26, 4, 75)
(26, 5, 70)
(26, 6, 66)
(26, 7, 54)
(26, 8, 39)
(26, 9, 28)
(26, 10, 27)
(26, 11, 27)
(26, 12, 26)
(26, 13, 25)
(26, 14, 24)
(26, 15, 23)
(26, 16, 14)
(26, 17, 11)
(26, 18, 10)
(26, 19, 8)
(26, 20, 8)
(26, 21, 8)
(26, 22, 8)
(26, 23, 8)
(26, 24, 8)
(26, 25, 7)
(26, 26, 6)
(26, 27, 6)
(26, 28, 6)
(26, 29, 6)
(26, 30, 6)
(26, 31, 6)
(26, 32, 6)
(26, 33, 6)
(26, 34, 6)
(26, 35, 6)
(26, 36, 5)
(26, 37, 5)
(26, 38, 5)
(26, 39, 4)

(27, 0, 175)
(27, 1, 150)
(27, 2, 130)
(27, 3, 120)
(27, 4, 78)
(27, 5, 73)
(27, 6, 69)
(27, 7, 57)
(27, 8, 41)
(27, 9, 29)
(27, 10, 28)
(27, 11, 28)
(27, 12, 26)
(27, 13, 26)
(27, 14, 25)
(27, 15, 24)
(27, 16, 13)
(27, 17, 10)
(27, 18, 9)
(27, 19, 8)
(27, 20, 8)
(27, 21, 8)
(27, 22, 8)
(27, 23, 8)
(27, 24, 8)
(27, 25, 7)
(27, 26, 6)
(27, 27, 6)
(27, 28, 6)
(27, 29, 6)
(27, 30, 6)
(27, 31, 6)
(27, 32, 6)
(27, 33, 6)
(27, 34, 6)
(27, 35, 6)
(27, 36, 5)
(27, 37, 5)
(27, 38, 5)
(27, 39, 4)

(28, 0, 184)
(28, 1, 158)
(28, 2, 137)
(28, 3, 124)
(28, 4, 82)
(28, 5, 77)
(28, 6, 73)
(28, 7, 61)
(28, 8, 44)
(28, 9, 30)
(28, 10, 29)
(28, 11, 29)
(28, 12, 27)
(28, 13, 27)
(28, 14, 26)
(28, 15, 25)
(28, 16, 13)
(28, 17, 10)
(28, 18, 9)
(28, 19, 8)
(28, 20, 8)
(28, 21, 8)
(28, 22, 8)
(28, 23, 8)
(28, 24, 8)
(28, 25, 7)
(28, 26, 6)
(28, 27, 6)
(28, 28, 6)
(28, 29, 6)
(28, 30, 6)
(28, 31, 6)
(28, 32, 6)
(28, 33, 6)
(28, 34, 6)
(28, 35, 6)
(28, 36, 5)
(28, 37, 5)
(28, 38, 5)
(28, 39, 4)

(29, 0, 198)
(29, 1, 166)
(29, 2, 145)
(29, 3, 128)
(29, 4, 86)
(29, 5, 81)
(29, 6, 77)
(29, 7, 64)
(29, 8, 47)
(29, 9, 33)
(29, 10, 31)
(29, 11, 31)
(29, 12, 29)
(29, 13, 29)
(29, 14, 27)
(29, 15, 26)
(29, 16, 11)
(29, 17, 8)
(29, 18, 7)
(29, 19, 7)
(29, 20, 7)
(29, 21, 7)
(29, 22, 7)
(29, 23, 7)
(29, 24, 7)
(29, 25, 6)
(29, 26, 5)
(29, 27, 5)
(29, 28, 5)
(29, 29, 5)
(29, 30, 5)
(29, 31, 5)
(29, 32, 5)
(29, 33, 5)
(29, 34, 5)
(29, 35, 5)
(29, 36, 4)
(29, 37, 4)
(29, 38, 4)
(29, 39, 3)

(30, 0, 208)
(30, 1, 172)
(30, 2, 150)
(30, 3, 131)
(30, 4, 88)
(30, 5, 83)
(30, 6, 79)
(30, 7, 66)
(30, 8, 49)
(30, 9, 34)
(30, 10, 31)
(30, 11, 31)
(30, 12, 29)
(30, 13, 29)
(30, 14, 28)
(30, 15, 27)
(30, 16, 11)
(30, 17, 8)
(30, 18, 7)
(30, 19, 7)
(30, 20, 7)
(30, 21, 7)
(30, 22, 7)
(30, 23, 7)
(30, 24, 7)
(30, 25, 6)
(30, 26, 5)
(30, 27, 5)
(30, 28, 5)
(30, 29, 5)
(30, 30, 5)
(30, 31, 5)
(30, 32, 5)
(30, 33, 5)
(30, 34, 5)
(30, 35, 5)
(30, 36, 4)
(30, 37, 4)
(30, 38, 4)
(30, 39, 3)

(31, 0, 218)
(31, 1, 176)
(31, 2, 152)
(31, 3, 131)
(31, 4, 89)
(31, 5, 84)
(31, 6, 80)
(31, 7, 67)
(31, 8, 50)
(31, 9, 34)
(31, 10, 31)
(31, 11, 31)
(31, 12, 29)
(31, 13, 29)
(31, 14, 28)
(31, 15, 27)
(31, 16, 11)
(31, 17, 7)
(31, 18, 7)
(31, 19, 7)
(31, 20, 7)
(31, 21, 7)
(31, 22, 7)
(31, 23, 7)
(31, 24, 7)
(31, 25, 6)
(31, 26, 5)
(31, 27, 5)
(31, 28, 5)
(31, 29, 5)
(31, 30, 5)
(31, 31, 5)
(31, 32, 5)
(31, 33, 5)
(31, 34, 5)
(31, 35, 5)
(31, 36, 4)
(31, 37, 4)
(31, 38, 4)
(31, 39, 3)

(32, 0, 221)
(32, 1, 177)
(32, 2, 153)
(32, 3, 132)
(32, 4, 90)
(32, 5, 85)
(32, 6, 81)
(32, 7, 68)
(32, 8, 51)
(32, 9, 35)
(32, 10, 32)
(32, 11, 32)
(32, 12, 30)
(32, 13, 30)
(32, 14, 29)
(32, 15, 28)
(32, 16, 12)
(32, 17, 8)
(32, 18, 8)
(32, 19, 8)
(32, 20, 8)
(32, 21, 8)
(32, 22, 8)
(32, 23, 8)
(32, 24, 8)
(32, 25, 7)
(32, 26, 6)
(32, 27, 6)
(32, 28, 6)
(32, 29, 6)
(32, 30, 6)
(32, 31, 6)
(32, 32, 6)
(32, 33, 6)
(32, 34, 6)
(32, 35, 6)
(32, 36, 5)
(32, 37, 5)
(32, 38, 5)
(32, 39, 4)

(33, 0, 232)
(33, 1, 182)
(33, 2, 158)
(33, 3, 136)
(33, 4, 94)
(33, 5, 89)
(33, 6, 85)
(33, 7, 71)
(33, 8, 54)
(33, 9, 37)
(33, 10, 34)
(33, 11, 34)
(33, 12, 32)
(33, 13, 32)
(33, 14, 31)
(33, 15, 30)
(33, 16, 12)
(33, 17, 8)
(33, 18, 8)
(33, 19, 7)
(33, 20, 7)
(33, 21, 7)
(33, 22, 7)
(33, 23, 7)
(33, 24, 7)
(33, 25, 6)
(33, 26, 5)
(33, 27, 5)
(33, 28, 5)
(33, 29, 5)
(33, 30, 5)
(33, 31, 5)
(33, 32, 5)
(33, 33, 5)
(33, 34, 5)
(33, 35, 5)
(33, 36, 4)
(33, 37, 4)
(33, 38, 4)
(33, 39, 3)

(34, 0, 242)
(34, 1, 188)
(34, 2, 162)
(34, 3, 137)
(34, 4, 94)
(34, 5, 89)
(34, 6, 85)
(34, 7, 70)
(34, 8, 53)
(34, 9, 36)
(34, 10, 33)
(34, 11, 33)
(34, 12, 31)
(34, 13, 31)
(34, 14, 30)
(34, 15, 29)
(34, 16, 12)
(34, 17, 8)
(34, 18, 8)
(34, 19, 7)
(34, 20, 7)
(34, 21, 7)
(34, 22, 7)
(34, 23, 7)
(34, 24, 7)
(34, 25, 6)
(34, 26, 5)
(34, 27, 5)
(34, 28, 5)
(34, 29, 5)
(34, 30, 5)
(34, 31, 5)
(34, 32, 5)
(34, 33, 5)
(34, 34, 5)
(34, 35, 5)
(34, 36, 4)
(34, 37, 4)
(34, 38, 4)
(34, 39, 3)

(35, 0, 248)
(35, 1, 192)
(35, 2, 166)
(35, 3, 140)
(35, 4, 97)
(35, 5, 92)
(35, 6, 87)
(35, 7, 72)
(35, 8, 55)
(35, 9, 37)
(35, 10, 33)
(35, 11, 33)
(35, 12, 31)
(35, 13, 31)
(35, 14, 30)
(35, 15, 29)
(35, 16, 13)
(35, 17, 9)
(35, 18, 8)
(35, 19, 7)
(35, 20, 7)
(35, 21, 7)
(35, 22, 7)
(35, 23, 7)
(35, 24, 7)
(35, 25, 6)
(35, 26, 5)
(35, 27, 5)
(35, 28, 5)
(35, 29, 5)
(35, 30, 5)
(35, 31, 5)
(35, 32, 5)
(35, 33, 5)
(35, 34, 5)
(35, 35, 5)
(35, 36, 4)
(35, 37, 3)
(35, 38, 3)
(35, 39, 2)

(36, 0, 254)
(36, 1, 197)
(36, 2, 170)
(36, 3, 142)
(36, 4, 98)
(36, 5, 93)
(36, 6, 88)
(36, 7, 71)
(36, 8, 54)
(36, 9, 36)
(36, 10, 32)
(36, 11, 32)
(36, 12, 30)
(36, 13, 30)
(36, 14, 29)
(36, 15, 28)
(36, 16, 12)
(36, 17, 8)
(36, 18, 8)
(36, 19, 7)
(36, 20, 7)
(36, 21, 7)
(36, 22, 7)
(36, 23, 7)
(36, 24, 7)
(36, 25, 6)
(36, 26, 5)
(36, 27, 5)
(36, 28, 5)
(36, 29, 5)
(36, 30, 5)
(36, 31, 5)
(36, 32, 5)
(36, 33, 5)
(36, 34, 5)
(36, 35, 5)
(36, 36, 4)
(36, 37, 3)
(36, 38, 3)
(36, 39, 2)

(37, 0, 262)
(37, 1, 201)
(37, 2, 173)
(37, 3, 143)
(37, 4, 99)
(37, 5, 94)
(37, 6, 89)
(37, 7, 72)
(37, 8, 55)
(37, 9, 37)
(37, 10, 33)
(37, 11, 33)
(37, 12, 31)
(37, 13, 31)
(37, 14, 30)
(37, 15, 29)
(37, 16, 12)
(37, 17, 8)
(37, 18, 7)
(37, 19, 7)
(37, 20, 7)
(37, 21, 7)
(37, 22, 7)
(37, 23, 7)
(37, 24, 7)
(37, 25, 6)
(37, 26, 5)
(37, 27, 5)
(37, 28, 5)
(37, 29, 5)
(37, 30, 5)
(37, 31, 5)
(37, 32, 5)
(37, 33, 5)
(37, 34, 5)
(37, 35, 5)
(37, 36, 4)
(37, 37, 3)
(37, 38, 3)
(37, 39, 2)

(38, 0, 270)
(38, 1, 207)
(38, 2, 177)
(38, 3, 146)
(38, 4, 102)
(38, 5, 97)
(38, 6, 92)
(38, 7, 72)
(38, 8, 55)
(38, 9, 37)
(38, 10, 33)
(38, 11, 33)
(38, 12, 31)
(38, 13, 31)
(38, 14, 30)
(38, 15, 29)
(38, 16, 11)
(38, 17, 7)
(38, 18, 7)
(38, 19, 7)
(38, 20, 7)
(38, 21, 7)
(38, 22, 7)
(38, 23, 7)
(38, 24, 7)
(38, 25, 6)
(38, 26, 5)
(38, 27, 5)
(38, 28, 5)
(38, 29, 5)
(38, 30, 5)
(38, 31, 5)
(38, 32, 5)
(38, 33, 5)
(38, 34, 5)
(38, 35, 5)
(38, 36, 4)
(38, 37, 3)
(38, 38, 3)
(38, 39, 2)

(39, 0, 281)
(39, 1, 212)
(39, 2, 179)
(39, 3, 145)
(39, 4, 101)
(39, 5, 96)
(39, 6, 91)
(39, 7, 71)
(39, 8, 54)
(39, 9, 36)
(39, 10, 32)
(39, 11, 32)
(39, 12, 30)
(39, 13, 30)
(39, 14, 29)
(39, 15, 28)
(39, 16, 11)
(39, 17, 7)
(39, 18, 7)
(39, 19, 7)
(39, 20, 7)
(39, 21, 7)
(39, 22, 7)
(39, 23, 7)
(39, 24, 7)
(39, 25, 6)
(39, 26, 5)
(39, 27, 5)
(39, 28, 5)
(39, 29, 5)
(39, 30, 5)
(39, 31, 5)
(39, 32, 5)
(39, 33, 5)
(39, 34, 5)
(39, 35, 5)
(39, 36, 4)
(39, 37, 3)
(39, 38, 3)
(39, 39, 2)


Betti numbers:
xi_0:
(0, 0, 4)
(1, 0, 2)
(2, 0, 2)
(3, 0, 3)
(4, 0, 4)
(5, 0, 7)
(6, 0, 5)
(7, 0, 7)
(8, 0, 6)
(9, 0, 4)
(10, 0, 4)
(11, 0, 3)
(12, 0, 8)
(13, 0, 7)
(14, 0, 5)
(15, 0, 6)
(16, 0, 5)
(17, 0, 6)
(18, 0, 6)
(19, 0, 9)
(20, 0, 11)
(21, 0, 7)
(22, 0, 10)
(23, 0, 9)
(24, 0, 9)
(25, 0, 14)
(26, 0, 7)
(27, 0, 6)
(28, 0, 9)
(29, 0, 14)
(30, 0, 10)
(31, 0, 10)
(32, 0, 3)
(33, 0, 11)
(34, 0, 10)
(35, 0, 6)
(36, 0, 6)
(37, 0, 8)
(38, 0, 8)
(39, 0, 11)
xi_1:
(0, 2, 1)
(0, 4, 2)
(1, 8, 2)
(2, 4, 1)
(2, 8, 1)
(3, 4, 1)
(3, 20, 1)
(4, 1, 1)
(4, 4, 1)
(4, 7, 1)
(4, 8, 1)
(4, 9, 1)
(5, 1, 2)
(5, 2, 1)
(5, 4, 1)
(5, 7, 1)
(5, 14, 1)
(6, 1, 1)
(6, 4, 1)
(6, 6, 1)
(6, 8, 1)
(6, 16, 1)
(7, 1, 3)
(7, 2, 1)
(7, 5, 1)
(7, 15, 1)
(7, 16, 2)
(8, 1, 3)
(8, 2, 1)
(8, 4, 1)
(9, 1, 1)
(9, 4, 1)
(9, 7, 1)
(9, 10, 1)
(10, 3, 1)
(10, 6, 1)
(10, 7, 1)
(10, 9, 1)
(10, 26, 1)
(11, 7, 2)
(11, 16, 1)
(12, 2, 1)
(12, 3, 1)
(12, 4, 2)
(12, 6, 1)
(12, 7, 1)
(12, 8, 1)
(12, 22, 1)
(13, 2, 1)
(13, 4, 3)
(13, 5, 1)
(13, 7, 2)
(13, 20, 1)
(14, 1, 1)
(14, 4, 5)
(15, 4, 1)
(15, 5, 1)
(15, 8, 2)
(15, 19, 1)
(15, 25, 1)
(16, 3, 1)
(16, 5, 1)
(16, 8, 1)
(16, 9, 1)
(16, 16, 1)
(17, 4, 2)
(17, 7, 1)
(17, 8, 2)
(17, 19, 1)
(18, 2, 1)
(18, 4, 2)
(18, 7, 1)
(18, 8, 1)
(19, 1, 3)
(19, 4, 2)
(19, 7, 1)
(19, 9, 1)
(19, 12, 1)
(19, 16, 1)
(19, 21, 1)
(20, 0, 1)
(20, 3, 2)
(20, 4, 6)
(20, 6, 1)
(20, 8, 1)
(20, 11, 1)
(20, 17, 1)
(21, 1, 2)
(21, 3, 1)
(21, 4, 2)
(21, 5, 1)
(21, 9, 1)
(22, 1, 3)
(22, 2, 4)
(22, 9, 1)
(22, 10, 1)
(22, 16, 1)
(23, 1, 1)
(23, 3, 1)
(23, 4, 1)
(23, 5, 1)
(23, 8, 1)
(23, 16, 1)
(23, 17, 2)
(23, 18, 1)
(23, 23, 1)
(23, 25, 1)
(23, 38, 1)
(23, 39, 1)
(24, 3, 3)
(24, 4, 1)
(24, 6, 1)
(24, 8, 1)
(24, 9, 2)
(24, 16, 1)
(24, 28, 1)
(24, 36, 1)
(25, 1, 1)
(25, 2, 8)
(25, 4, 3)
(25, 9, 2)
(25, 19, 2)
(26, 1, 4)
(26, 4, 1)
(26, 9, 1)
(26, 13, 1)
(27, 2, 1)
(27, 4, 2)
(27, 8, 1)
(27, 9, 1)
(27, 12, 1)
(27, 16, 2)
(28, 1, 1)
(28, 2, 1)
(28, 3, 3)
(28, 8, 1)
(28, 9, 2)
(28, 16, 1)
(29, 1, 6)
(29, 3, 4)
(29, 7, 1)
(29, 10, 1)
(29, 14, 1)
(29, 16, 3)
(30, 1, 4)
(30, 2, 1)
(30, 3, 2)
(30, 4, 1)
(30, 9, 1)
(30, 10, 1)
(30, 16, 1)
(31, 1, 6)
(31, 2, 2)
(31, 3, 2)
(31, 9, 1)
(31, 17, 1)
(32, 1, 2)
(33, 1, 6)
(33, 3, 1)
(33, 7, 1)
(33, 9, 1)
(33, 16, 2)
(33, 19, 1)
(34, 1, 4)
(34, 2, 2)
(34, 3, 3)
(34, 4, 1)
(34, 7, 1)
(35, 1, 2)
(35, 3, 1)
(35, 6, 1)
(35, 9, 1)
(35, 10, 1)
(35, 18, 1)
(35, 37, 1)
(36, 1, 1)
(36, 2, 1)
(36, 3, 2)
(36, 4, 1)
(36, 7, 2)
(37, 1, 4)
(37, 2, 1)
(37, 3, 2)
(37, 16, 1)
(37, 18, 1)
(38, 1, 2)
(38, 2, 2)
(38, 3, 1)
(38, 7, 3)
(38, 16, 2)
(39, 1, 6)
(39, 2, 3)
(39, 3, 3)
xi_2:
(4, 20, 1)
(10, 10, 1)
(13, 22, 1)
(14, 5, 1)
(17, 20, 1)
(19, 19, 1)
(20, 1, 1)
(20, 21, 1)
(22, 11, 1)
(23, 19, 1)
(24, 23, 1)
(24, 38, 1)
(25, 6, 1)
(25, 25, 1)
(25, 28, 1)
(27, 13, 1)
(27, 19, 1)
(29, 19, 1)
(30, 14, 1)
(31, 4, 1)
(31, 18, 1)
(34, 16, 1)
(35, 16, 1)
(36, 18, 1)
(37, 19, 1)
(38, 16, 1)
(38, 18, 1)
(39, 16, 1)
