x-grades
-84861279539062447/80000000000000000
-41746487731053971/40000000000000000
-82124671385153437/80000000000000000
-20189091827049733/20000000000000000
-79388063231244427/80000000000000000
-39009879577144961/40000000000000000
-76651455077335417/80000000000000000
-4705196937523807/5000000000000000
-73914846923426407/80000000000000000
-36273271423235951/40000000000000000
-71178238769517397/80000000000000000
-17452483673140723/20000000000000000
-68441630615608387/80000000000000000
-33536663269326941/40000000000000000
-65705022461699377/80000000000000000
-8042089798093109/10000000000000000
-62968414307790367/80000000000000000
-30800055115417931/40000000000000000
-60231806153881357/80000000000000000
-14715875519231713/20000000000000000
-57495197999972347/80000000000000000
-28063446961508921/40000000000000000
-54758589846063337/80000000000000000
-1668446430284651/2500000000000000
-52021981692154327/80000000000000000
-25326838807599911/40000000000000000
-49285373538245317/80000000000000000
-11979267365322703/20000000000000000
-46548765384336307/80000000000000000
-22590230653690901/40000000000000000
-43812157230427297/80000000000000000
-5305481644184099/10000000000000000
-41075549076518287/80000000000000000
-19853622499781891/40000000000000000
-38338940922609277/80000000000000000
-9242659211413693/20000000000000000
-35602332768700267/80000000000000000
-17117014345872881/40000000000000000
-32865724614791257/80000000000000000
-1968588783614797/5000000000000000

y-grades
249999/1000000
249999/500000
749997/1000000
249999/250000
249999/200000
749997/500000
1749993/1000000
249999/125000
2249991/1000000
249999/100000
2749989/1000000
749997/250000
3249987/1000000
1749993/500000
749997/200000
249999/62500
4249983/1000000
2249991/500000
4749981/1000000
249999/50000
5249979/1000000
2749989/500000
5749977/1000000
749997/125000
249999/40000
3249987/500000
6749973/1000000
1749993/250000
7249971/1000000
749997/100000
7749969/1000000
249999/31250
8249967/1000000
4249983/500000
1749993/200000
2249991/250000
9249963/1000000
4749981/500000
9749961/1000000
249999/25000

Dimensions > 0:
(0, 0, 3)
(0, 1, 3)
(0, 2, 3)
(0, 3, 3)
(0, 4, 3)
(0, 5, 3)
(0, 6, 3)
(0, 7, 3)
(0, 8, 2)
(0, 9, 2)
(0, 10, 2)
(0, 11, 2)
(0, 12, 2)
(0, 13, 1)
(0, 14, 1)
(0, 15, 1)
(0, 16, 1)
(0, 17, 1)
(0, 18, 1)
(0, 19, 1)
(0, 20, 1)
(0, 21, 1)
(0, 22, 1)
(0, 23, 1)
(0, 24, 1)
(0, 25, 1)
(0, 26, 1)
(0, 27, 1)
(0, 28, 1)
(0, 29, 1)
(0, 30, 1)
(0, 31, 1)
(0, 32, 1)
(0, 33, 1)
(0, 34, 1)
(0, 35, 1)
(0, 36, 1)
(0, 37, 1)
(0, 38, 1)
(0, 39, 1)

(1, 0, 4)
(1, 1, 4)
(1, 2, 4)
(1, 3, 4)
(1, 4, 3)
(1, 5, 3)
(1, 6, 3)
(1, 7, 3)
(1, 8, 2)
(1, 9, 2)
(1, 10, 2)
(1, 11, 2)
(1, 12, 2)
(1, 13, 1)
(1, 14, 1)
(1, 15, 1)
(1, 16, 1)
(1, 17, 1)
(1, 18, 1)
(1, 19, 1)
(1, 20, 1)
(1, 21, 1)
(1, 22, 1)
(1, 23, 1)
(1, 24, 1)
(1, 25, 1)
(1, 26, 1)
(1, 27, 1)
(1, 28, 1)
(1, 29, 1)
(1, 30, 1)
(1, 31, 1)
(1, 32, 1)
(1, 33, 1)
(1, 34, 1)
(1, 35, 1)
(1, 36, 1)
(1, 37, 1)
(1, 38, 1)
(1, 39, 1)

(2, 0, 5)
(2, 1, 5)
(2, 2, 5)
(2, 3, 5)
(2, 4, 4)
(2, 5, 4)
(2, 6, 4)
(2, 7, 4)
(2, 8, 2)
(2, 9, 2)
(2, 10, 2)
(2, 11, 2)
(2, 12, 1)
(2, 13, 1)
(2, 14, 1)
(2, 15, 1)
(2, 16, 1)
(2, 17, 1)
(2, 18, 1)
(2, 19, 1)
(2, 20, 1)
(2, 21, 1)
(2, 22, 1)
(2, 23, 1)
(2, 24, 1)
(2, 25, 1)
(2, 26, 1)
(2, 27, 1)
(2, 28, 1)
(2, 29, 1)
(2, 30, 1)
(2, 31, 1)
(2, 32, 1)
(2, 33, 1)
(2, 34, 1)
(2, 35, 1)
(2, 36, 1)
(2, 37, 1)
(2, 38, 1)
(2, 39, 1)

(3, 0, 7)
(3, 1, 7)
(3, 2, 7)
(3, 3, 7)
(3, 4, 6)
(3, 5, 6)
(3, 6, 6)
(3, 7, 6)
(3, 8, 4)
(3, 9, 4)
(3, 10, 4)
(3, 11, 4)
(3, 12, 2)
(3, 13, 2)
(3, 14, 2)
(3, 15, 2)
(3, 16, 2)
(3, 17, 2)
(3, 18, 2)
(3, 19, 2)
(3, 20, 2)
(3, 21, 2)
(3, 22, 2)
(3, 23, 2)
(3, 24, 2)
(3, 25, 2)
(3, 26, 2)
(3, 27, 2)
(3, 28, 2)
(3, 29, 2)
(3, 30, 2)
(3, 31, 2)
(3, 32, 2)
(3, 33, 2)
(3, 34, 2)
(3, 35, 2)
(3, 36, 2)
(3, 37, 2)
(3, 38, 2)
(3, 39, 2)

(4, 0, 8)
(4, 1, 8)
(4, 2, 8)
(4, 3, 8)
(4, 4, 7)
(4, 5, 7)
(4, 6, 7)
(4, 7, 7)
(4, 8, 5)
(4, 9, 5)
(4, 10, 5)
(4, 11, 5)
(4, 12, 3)
(4, 13, 3)
(4, 14, 3)
(4, 15, 3)
(4, 16, 3)
(4, 17, 3)
(4, 18, 3)
(4, 19, 3)
(4, 20, 3)
(4, 21, 3)
(4, 22, 3)
(4, 23, 3)
(4, 24, 3)
(4, 25, 3)
(4, 26, 3)
(4, 27, 3)
(4, 28, 3)
(4, 29, 3)
(4, 30, 3)
(4, 31, 3)
(4, 32, 3)
(4, 33, 3)
(4, 34, 3)
(4, 35, 3)
(4, 36, 3)
(4, 37, 3)
(4, 38, 3)
(4, 39, 3)

(5, 0, 9)
(5, 1, 9)
(5, 2, 9)
(5, 3, 9)
(5, 4, 8)
(5, 5, 8)
(5, 6, 8)
(5, 7, 8)
(5, 8, 5)
(5, 9, 5)
(5, 10, 5)
(5, 11, 5)
(5, 12, 3)
(5, 13, 3)
(5, 14, 3)
(5, 15, 3)
(5, 16, 3)
(5, 17, 3)
(5, 18, 3)
(5, 19, 3)
(5, 20, 3)
(5, 21, 3)
(5, 22, 3)
(5, 23, 3)
(5, 24, 3)
(5, 25, 3)
(5, 26, 3)
(5, 27, 3)
(5, 28, 3)
(5, 29, 3)
(5, 30, 3)
(5, 31, 3)
(5, 32, 3)
(5, 33, 3)
(5, 34, 3)
(5, 35, 3)
(5, 36, 3)
(5, 37, 3)
(5, 38, 3)
(5, 39, 3)

(6, 0, 12)
(6, 1, 12)
(6, 2, 12)
(6, 3, 12)
(6, 4, 11)
(6, 5, 11)
(6, 6, 11)
(6, 7, 11)
(6, 8, 7)
(6, 9, 7)
(6, 10, 7)
(6, 11, 7)
(6, 12, 5)
(6, 13, 4)
(6, 14, 4)
(6, 15, 4)
(6, 16, 4)
(6, 17, 4)
(6, 18, 4)
(6, 19, 4)
(6, 20, 4)
(6, 21, 4)
(6, 22, 4)
(6, 23, 4)
(6, 24, 4)
(6, 25, 4)
(6, 26, 4)
(6, 27, 4)
(6, 28, 4)
(6, 29, 4)
(6, 30, 4)
(6, 31, 4)
(6, 32, 4)
(6, 33, 4)
(6, 34, 4)
(6, 35, 4)
(6, 36, 4)
(6, 37, 4)
(6, 38, 4)
(6, 39, 4)

(7, 0, 15)
(7, 1, 15)
(7, 2, 15)
(7, 3, 15)
(7, 4, 13)
(7, 5, 13)
(7, 6, 13)
(7, 7, 13)
(7, 8, 8)
(7, 9, 8)
(7, 10, 8)
(7, 11, 8)
(7, 12, 5)
(7, 13, 4)
(7, 14, 4)
(7, 15, 4)
(7, 16, 4)
(7, 17, 4)
(7, 18, 4)
(7, 19, 4)
(7, 20, 4)
(7, 21, 4)
(7, 22, 4)
(7, 23, 4)
(7, 24, 4)
(7, 25, 4)
(7, 26, 4)
(7, 27, 4)
(7, 28, 4)
(7, 29, 4)
(7, 30, 4)
(7, 31, 4)
(7, 32, 4)
(7, 33, 4)
(7, 34, 4)
(7, 35, 4)
(7, 36, 4)
(7, 37, 4)
(7, 38, 4)
(7, 39, 4)

(8, 0, 23)
(8, 1, 23)
(8, 2, 23)
(8, 3, 23)
(8, 4, 19)
(8, 5, 19)
(8, 6, 17)
(8, 7, 17)
(8, 8, 11)
(8, 9, 11)
(8, 10, 11)
(8, 11, 11)
(8, 12, 8)
(8, 13, 6)
(8, 14, 6)
(8, 15, 6)
(8, 16, 6)
(8, 17, 6)
(8, 18, 6)
(8, 19, 6)
(8, 20, 6)
(8, 21, 6)
(8, 22, 6)
(8, 23, 6)
(8, 24, 6)
(8, 25, 5)
(8, 26, 5)
(8, 27, 5)
(8, 28, 5)
(8, 29, 5)
(8, 30, 5)
(8, 31, 5)
(8, 32, 5)
(8, 33, 5)
(8, 34, 5)
(8, 35, 5)
(8, 36, 5)
(8, 37, 5)
(8, 38, 5)
(8, 39, 5)

(9, 0, 27)
(9, 1, 27)
(9, 2, 27)
(9, 3, 27)
(9, 4, 23)
(9, 5, 23)
(9, 6, 17)
(9, 7, 17)
(9, 8, 12)
(9, 9, 12)
(9, 10, 12)
(9, 11, 12)
(9, 12, 8)
(9, 13, 6)
(9, 14, 6)
(9, 15, 6)
(9, 16, 6)
(9, 17, 6)
(9, 18, 6)
(9, 19, 6)
(9, 20, 6)
(9, 21, 6)
(9, 22, 6)
(9, 23, 6)
(9, 24, 6)
(9, 25, 5)
(9, 26, 5)
(9, 27, 5)
(9, 28, 5)
(9, 29, 5)
(9, 30, 5)
(9, 31, 5)
(9, 32, 5)
(9, 33, 5)
(9, 34, 5)
(9, 35, 5)
(9, 36, 5)
(9, 37, 5)
(9, 38, 5)
(9, 39, 5)

(10, 0, 31)
(10, 1, 31)
(10, 2, 31)
(10, 3, 31)
(10, 4, 26)
(10, 5, 26)
(10, 6, 20)
(10, 7, 20)
(10, 8, 13)
(10, 9, 13)
(10, 10, 13)
(10, 11, 13)
(10, 12, 8)
(10, 13, 6)
(10, 14, 6)
(10, 15, 6)
(10, 16, 6)
(10, 17, 6)
(10, 18, 6)
(10, 19, 6)
(10, 20, 6)
(10, 21, 6)
(10, 22, 6)
(10, 23, 6)
(10, 24, 6)
(10, 25, 5)
(10, 26, 5)
(10, 27, 5)
(10, 28, 5)
(10, 29, 5)
(10, 30, 5)
(10, 31, 5)
(10, 32, 5)
(10, 33, 5)
(10, 34, 5)
(10, 35, 5)
(10, 36, 5)
(10, 37, 5)
(10, 38, 5)
(10, 39, 5)

(11, 0, 33)
(11, 1, 33)
(11, 2, 33)
(11, 3, 33)
(11, 4, 28)
(11, 5, 28)
(11, 6, 22)
(11, 7, 22)
(11, 8, 14)
(11, 9, 14)
(11, 10, 14)
(11, 11, 14)
(11, 12, 9)
(11, 13, 7)
(11, 14, 7)
(11, 15, 7)
(11, 16, 7)
(11, 17, 7)
(11, 18, 7)
(11, 19, 7)
(11, 20, 7)
(11, 21, 7)
(11, 22, 7)
(11, 23, 7)
(11, 24, 7)
(11, 25, 5)
(11, 26, 5)
(11, 27, 5)
(11, 28, 5)
(11, 29, 5)
(11, 30, 5)
(11, 31, 5)
(11, 32, 5)
(11, 33, 5)
(11, 34, 5)
(11, 35, 5)
(11, 36, 5)
(11, 37, 5)
(11, 38, 5)
(11, 39, 5)

(12, 0, 34)
(12, 1, 34)
(12, 2, 34)
(12, 3, 34)
(12, 4, 29)
(12, 5, 29)
(12, 6, 23)
(12, 7, 23)
(12, 8, 14)
(12, 9, 14)
(12, 10, 14)
(12, 11, 14)
(12, 12, 9)
(12, 13, 7)
(12, 14, 7)
(12, 15, 7)
(12, 16, 7)
(12, 17, 7)
(12, 18, 7)
(12, 19, 7)
(12, 20, 7)
(12, 21, 7)
(12, 22, 7)
(12, 23, 7)
(12, 24, 7)
(12, 25, 5)
(12, 26, 5)
(12, 27, 5)
(12, 28, 5)
(12, 29, 5)
(12, 30, 5)
(12, 31, 5)
(12, 32, 5)
(12, 33, 5)
(12, 34, 5)
(12, 35, 5)
(12, 36, 5)
(12, 37, 5)
(12, 38, 5)
(12, 39, 5)

(13, 0, 37)
(13, 1, 37)
(13, 2, 37)
(13, 3, 37)
(13, 4, 32)
(13, 5, 32)
(13, 6, 24)
(13, 7, 24)
(13, 8, 14)
(13, 9, 14)
(13, 10, 14)
(13, 11, 14)
(13, 12, 9)
(13, 13, 7)
(13, 14, 7)
(13, 15, 7)
(13, 16, 7)
(13, 17, 7)
(13, 18, 7)
(13, 19, 7)
(13, 20, 7)
(13, 21, 7)
(13, 22, 7)
(13, 23, 7)
(13, 24, 7)
(13, 25, 5)
(13, 26, 5)
(13, 27, 5)
(13, 28, 5)
(13, 29, 5)
(13, 30, 5)
(13, 31, 5)
(13, 32, 5)
(13, 33, 5)
(13, 34, 5)
(13, 35, 5)
(13, 36, 5)
(13, 37, 5)
(13, 38, 5)
(13, 39, 5)

(14, 0, 37)
(14, 1, 37)
(14, 2, 37)
(14, 3, 37)
(14, 4, 32)
(14, 5, 32)
(14, 6, 24)
(14, 7, 24)
(14, 8, 14)
(14, 9, 14)
(14, 10, 14)
(14, 11, 14)
(14, 12, 9)
(14, 13, 7)
(14, 14, 7)
(14, 15, 7)
(14, 16, 7)
(14, 17, 7)
(14, 18, 7)
(14, 19, 7)
(14, 20, 7)
(14, 21, 7)
(14, 22, 7)
(14, 23, 7)
(14, 24, 7)
(14, 25, 5)
(14, 26, 5)
(14, 27, 5)
(14, 28, 5)
(14, 29, 5)
(14, 30, 5)
(14, 31, 5)
(14, 32, 5)
(14, 33, 5)
(14, 34, 5)
(14, 35, 5)
(14, 36, 5)
(14, 37, 5)
(14, 38, 5)
(14, 39, 5)

(15, 0, 37)
(15, 1, 37)
(15, 2, 37)
(15, 3, 37)
(15, 4, 32)
(15, 5, 32)
(15, 6, 24)
(15, 7, 24)
(15, 8, 14)
(15, 9, 14)
(15, 10, 14)
(15, 11, 14)
(15, 12, 9)
(15, 13, 7)
(15, 14, 7)
(15, 15, 7)
(15, 16, 7)
(15, 17, 7)
(15, 18, 7)
(15, 19, 7)
(15, 20, 7)
(15, 21, 7)
(15, 22, 7)
(15, 23, 7)
(15, 24, 7)
(15, 25, 5)
(15, 26, 5)
(15, 27, 5)
(15, 28, 5)
(15, 29, 5)
(15, 30, 5)
(15, 31, 5)
(15, 32, 5)
(15, 33, 5)
(15, 34, 5)
(15, 35, 5)
(15, 36, 5)
(15, 37, 5)
(15, 38, 5)
(15, 39, 5)

(16, 0, 38)
(16, 1, 38)
(16, 2, 38)
(16, 3, 38)
(16, 4, 33)
(16, 5, 33)
(16, 6, 25)
(16, 7, 25)
(16, 8, 15)
(16, 9, 15)
(16, 10, 15)
(16, 11, 15)
(16, 12, 10)
(16, 13, 8)
(16, 14, 8)
(16, 15, 8)
(16, 16, 8)
(16, 17, 8)
(16, 18, 8)
(16, 19, 8)
(16, 20, 8)
(16, 21, 8)
(16, 22, 8)
(16, 23, 8)
(16, 24, 8)
(16, 25, 6)
(16, 26, 6)
(16, 27, 6)
(16, 28, 6)
(16, 29, 6)
(16, 30, 6)
(16, 31, 6)
(16, 32, 6)
(16, 33, 6)
(16, 34, 6)
(16, 35, 6)
(16, 36, 6)
(16, 37, 6)
(16, 38, 6)
(16, 39, 6)

(17, 0, 41)
(17, 1, 41)
(17, 2, 41)
(17, 3, 41)
(17, 4, 35)
(17, 5, 35)
(17, 6, 26)
(17, 7, 26)
(17, 8, 16)
(17, 9, 16)
(17, 10, 16)
(17, 11, 16)
(17, 12, 11)
(17, 13, 9)
(17, 14, 9)
(17, 15, 9)
(17, 16, 9)
(17, 17, 9)
(17, 18, 9)
(17, 19, 9)
(17, 20, 9)
(17, 21, 9)
(17, 22, 9)
(17, 23, 9)
(17, 24, 9)
(17, 25, 7)
(17, 26, 7)
(17, 27, 7)
(17, 28, 7)
(17, 29, 7)
(17, 30, 7)
(17, 31, 7)
(17, 32, 7)
(17, 33, 7)
(17, 34, 7)
(17, 35, 7)
(17, 36, 7)
(17, 37, 7)
(17, 38, 7)
(17, 39, 7)

(18, 0, 45)
(18, 1, 45)
(18, 2, 45)
(18, 3, 45)
(18, 4, 38)
(18, 5, 37)
(18, 6, 27)
(18, 7, 27)
(18, 8, 17)
(18, 9, 17)
(18, 10, 17)
(18, 11, 17)
(18, 12, 12)
(18, 13, 10)
(18, 14, 10)
(18, 15, 10)
(18, 16, 10)
(18, 17, 10)
(18, 18, 10)
(18, 19, 10)
(18, 20, 10)
(18, 21, 10)
(18, 22, 10)
(18, 23, 10)
(18, 24, 10)
(18, 25, 8)
(18, 26, 7)
(18, 27, 7)
(18, 28, 7)
(18, 29, 7)
(18, 30, 7)
(18, 31, 7)
(18, 32, 7)
(18, 33, 7)
(18, 34, 7)
(18, 35, 7)
(18, 36, 7)
(18, 37, 7)
(18, 38, 7)
(18, 39, 7)

(19, 0, 49)
(19, 1, 49)
(19, 2, 49)
(19, 3, 49)
(19, 4, 40)
(19, 5, 39)
(19, 6, 28)
(19, 7, 28)
(19, 8, 18)
(19, 9, 18)
(19, 10, 18)
(19, 11, 18)
(19, 12, 13)
(19, 13, 11)
(19, 14, 11)
(19, 15, 11)
(19, 16, 11)
(19, 17, 11)
(19, 18, 11)
(19, 19, 11)
(19, 20, 11)
(19, 21, 11)
(19, 22, 11)
(19, 23, 11)
(19, 24, 11)
(19, 25, 9)
(19, 26, 8)
(19, 27, 8)
(19, 28, 8)
(19, 29, 8)
(19, 30, 8)
(19, 31, 8)
(19, 32, 8)
(19, 33, 8)
(19, 34, 8)
(19, 35, 8)
(19, 36, 8)
(19, 37, 8)
(19, 38, 8)
(19, 39, 8)

(20, 0, 52)
(20, 1, 52)
(20, 2, 52)
(20, 3, 52)
(20, 4, 43)
(20, 5, 42)
(20, 6, 29)
(20, 7, 29)
(20, 8, 19)
(20, 9, 19)
(20, 10, 19)
(20, 11, 19)
(20, 12, 14)
(20, 13, 12)
(20, 14, 12)
(20, 15, 12)
(20, 16, 12)
(20, 17, 12)
(20, 18, 12)
(20, 19, 12)
(20, 20, 12)
(20, 21, 12)
(20, 22, 12)
(20, 23, 12)
(20, 24, 12)
(20, 25, 9)
(20, 26, 8)
(20, 27, 8)
(20, 28, 8)
(20, 29, 8)
(20, 30, 8)
(20, 31, 8)
(20, 32, 8)
(20, 33, 7)
(20, 34, 7)
(20, 35, 7)
(20, 36, 7)
(20, 37, 7)
(20, 38, 7)
(20, 39, 7)

(21, 0, 58)
(21, 1, 58)
(21, 2, 58)
(21, 3, 58)
(21, 4, 47)
(21, 5, 46)
(21, 6, 32)
(21, 7, 32)
(21, 8, 20)
(21, 9, 20)
(21, 10, 20)
(21, 11, 20)
(21, 12, 15)
(21, 13, 13)
(21, 14, 13)
(21, 15, 13)
(21, 16, 13)
(21, 17, 13)
(21, 18, 13)
(21, 19, 13)
(21, 20, 13)
(21, 21, 13)
(21, 22, 12)
(21, 23, 12)
(21, 24, 12)
(21, 25, 9)
(21, 26, 7)
(21, 27, 7)
(21, 28, 7)
(21, 29, 7)
(21, 30, 7)
(21, 31, 7)
(21, 32, 7)
(21, 33, 7)
(21, 34, 7)
(21, 35, 7)
(21, 36, 7)
(21, 37, 7)
(21, 38, 7)
(21, 39, 7)

(22, 0, 65)
(22, 1, 65)
(22, 2, 65)
(22, 3, 65)
(22, 4, 52)
(22, 5, 51)
(22, 6, 34)
(22, 7, 34)
(22, 8, 21)
(22, 9, 21)
(22, 10, 21)
(22, 11, 21)
(22, 12, 15)
(22, 13, 13)
(22, 14, 13)
(22, 15, 13)
(22, 16, 13)
(22, 17, 13)
(22, 18, 13)
(22, 19, 13)
(22, 20, 13)
(22, 21, 13)
(22, 22, 12)
(22, 23, 12)
(22, 24, 11)
(22, 25, 8)
(22, 26, 7)
(22, 27, 7)
(22, 28, 7)
(22, 29, 7)
(22, 30, 7)
(22, 31, 7)
(22, 32, 7)
(22, 33, 7)
(22, 34, 7)
(22, 35, 7)
(22, 36, 7)
(22, 37, 7)
(22, 38, 7)
(22, 39, 7)

(23, 0, 66)
(23, 1, 66)
(23, 2, 66)
(23, 3, 66)
(23, 4, 53)
(23, 5, 52)
(23, 6, 33)
(23, 7, 33)
(23, 8, 21)
(23, 9, 21)
(23, 10, 21)
(23, 11, 21)
(23, 12, 15)
(23, 13, 13)
(23, 14, 13)
(23, 15, 13)
(23, 16, 13)
(23, 17, 13)
(23, 18, 13)
(23, 19, 13)
(23, 20, 13)
(23, 21, 13)
(23, 22, 12)
(23, 23, 12)
(23, 24, 11)
(23, 25, 8)
(23, 26, 7)
(23, 27, 7)
(23, 28, 7)
(23, 29, 7)
(23, 30, 7)
(23, 31, 7)
(23, 32, 7)
(23, 33, 7)
(23, 34, 7)
(23, 35, 7)
(23, 36, 7)
(23, 37, 7)
(23, 38, 7)
(23, 39, 7)

(24, 0, 68)
(24, 1, 68)
(24, 2, 68)
(24, 3, 68)
(24, 4, 55)
(24, 5, 54)
(24, 6, 34)
(24, 7, 34)
(24, 8, 22)
(24, 9, 22)
(24, 10, 22)
(24, 11, 22)
(24, 12, 16)
(24, 13, 14)
(24, 14, 14)
(24, 15, 14)
(24, 16, 14)
(24, 17, 14)
(24, 18, 14)
(24, 19, 14)
(24, 20, 14)
(24, 21, 14)
(24, 22, 13)
(24, 23, 13)
(24, 24, 12)
(24, 25, 8)
(24, 26, 7)
(24, 27, 7)
(24, 28, 7)
(24, 29, 7)
(24, 30, 7)
(24, 31, 7)
(24, 32, 7)
(24, 33, 7)
(24, 34, 7)
(24, 35, 7)
(24, 36, 7)
(24, 37, 7)
(24, 38, 7)
(24, 39, 7)

(25, 0, 70)
(25, 1, 70)
(25, 2, 70)
(25, 3, 70)
(25, 4, 57)
(25, 5, 55)
(25, 6, 35)
(25, 7, 35)
(25, 8, 23)
(25, 9, 23)
(25, 10, 23)
(25, 11, 23)
(25, 12, 17)
(25, 13, 15)
(25, 14, 15)
(25, 15, 15)
(25, 16, 15)
(25, 17, 15)
(25, 18, 15)
(25, 19, 15)
(25, 20, 15)
(25, 21, 15)
(25, 22, 14)
(25, 23, 14)
(25, 24, 12)
(25, 25, 8)
(25, 26, 7)
(25, 27, 7)
(25, 28, 7)
(25, 29, 7)
(25, 30, 7)
(25, 31, 7)
(25, 32, 7)
(25, 33, 7)
(25, 34, 7)
(25, 35, 7)
(25, 36, 7)
(25, 37, 7)
(25, 38, 7)
(25, 39, 7)

(26, 0, 76)
(26, 1, 76)
(26, 2, 76)
(26, 3, 76)
(26, 4, 63)
(26, 5, 60)
(26, 6, 38)
(26, 7, 37)
(26, 8, 24)
(26, 9, 24)
(26, 10, 24)
(26, 11, 24)
(26, 12, 17)
(26, 13, 15)
(26, 14, 15)
(26, 15, 15)
(26, 16, 15)
(26, 17, 15)
(26, 18, 15)
(26, 19, 15)
(26, 20, 15)
(26, 21, 15)
(26, 22, 14)
(26, 23, 14)
(26, 24, 11)
(26, 25, 7)
(26, 26, 7)
(26, 27, 7)
(26, 28, 7)
(26, 29, 7)
(26, 30, 7)
(26, 31, 7)
(26, 32, 7)
(26, 33, 7)
(26, 34, 7)
(26, 35, 7)
(26, 36, 7)
(26, 37, 7)
(26, 38, 7)
(26, 39, 7)

(27, 0, 79)
(27, 1, 79)
(27, 2, 79)
(27, 3, 79)
(27, 4, 63)
(27, 5, 60)
(27, 6, 37)
(27, 7, 37)
(27, 8, 24)
(27, 9, 24)
(27, 10, 24)
(27, 11, 24)
(27, 12, 17)
(27, 13, 15)
(27, 14, 15)
(27, 15, 15)
(27, 16, 15)
(27, 17, 15)
(27, 18, 15)
(27, 19, 15)
(27, 20, 15)
(27, 21, 15)
(27, 22, 14)
(27, 23, 14)
(27, 24, 11)
(27, 25, 7)
(27, 26, 7)
(27, 27, 7)
(27, 28, 7)
(27, 29, 7)
(27, 30, 7)
(27, 31, 7)
(27, 32, 7)
(27, 33, 7)
(27, 34, 7)
(27, 35, 7)
(27, 36, 7)
(27, 37, 7)
(27, 38, 7)
(27, 39, 7)

(28, 0, 80)
(28, 1, 80)
(28, 2, 80)
(28, 3, 80)
(28, 4, 64)
(28, 5, 61)
(28, 6, 37)
(28, 7, 37)
(28, 8, 24)
(28, 9, 24)
(28, 10, 24)
(28, 11, 24)
(28, 12, 17)
(28, 13, 15)
(28, 14, 15)
(28, 15, 15)
(28, 16, 15)
(28, 17, 15)
(28, 18, 15)
(28, 19, 15)
(28, 20, 15)
(28, 21, 15)
(28, 22, 14)
(28, 23, 14)
(28, 24, 11)
(28, 25, 7)
(28, 26, 7)
(28, 27, 7)
(28, 28, 7)
(28, 29, 7)
(28, 30, 7)
(28, 31, 7)
(28, 32, 7)
(28, 33, 7)
(28, 34, 7)
(28, 35, 7)
(28, 36, 7)
(28, 37, 7)
(28, 38, 7)
(28, 39, 7)

(29, 0, 82)
(29, 1, 82)
(29, 2, 82)
(29, 3, 82)
(29, 4, 66)
(29, 5, 61)
(29, 6, 37)
(29, 7, 37)
(29, 8, 24)
(29, 9, 24)
(29, 10, 24)
(29, 11, 24)
(29, 12, 17)
(29, 13, 15)
(29, 14, 15)
(29, 15, 15)
(29, 16, 15)
(29, 17, 15)
(29, 18, 15)
(29, 19, 15)
(29, 20, 15)
(29, 21, 15)
(29, 22, 14)
(29, 23, 14)
(29, 24, 11)
(29, 25, 7)
(29, 26, 7)
(29, 27, 7)
(29, 28, 7)
(29, 29, 7)
(29, 30, 7)
(29, 31, 7)
(29, 32, 7)
(29, 33, 7)
(29, 34, 7)
(29, 35, 7)
(29, 36, 7)
(29, 37, 7)
(29, 38, 7)
(29, 39, 7)

(30, 0, 85)
(30, 1, 85)
(30, 2, 85)
(30, 3, 85)
(30, 4, 68)
(30, 5, 63)
(30, 6, 38)
(30, 7, 38)
(30, 8, 25)
(30, 9, 25)
(30, 10, 25)
(30, 11, 25)
(30, 12, 18)
(30, 13, 16)
(30, 14, 16)
(30, 15, 16)
(30, 16, 16)
(30, 17, 16)
(30, 18, 16)
(30, 19, 16)
(30, 20, 16)
(30, 21, 16)
(30, 22, 15)
(30, 23, 15)
(30, 24, 12)
(30, 25, 8)
(30, 26, 7)
(30, 27, 7)
(30, 28, 7)
(30, 29, 7)
(30, 30, 7)
(30, 31, 7)
(30, 32, 6)
(30, 33, 6)
(30, 34, 6)
(30, 35, 6)
(30, 36, 6)
(30, 37, 6)
(30, 38, 6)
(30, 39, 6)

(31, 0, 85)
(31, 1, 85)
(31, 2, 85)
(31, 3, 85)
(31, 4, 68)
(31, 5, 63)
(31, 6, 38)
(31, 7, 38)
(31, 8, 25)
(31, 9, 25)
(31, 10, 25)
(31, 11, 25)
(31, 12, 18)
(31, 13, 16)
(31, 14, 16)
(31, 15, 16)
(31, 16, 16)
(31, 17, 16)
(31, 18, 16)
(31, 19, 16)
(31, 20, 16)
(31, 21, 16)
(31, 22, 15)
(31, 23, 15)
(31, 24, 12)
(31, 25, 8)
(31, 26, 7)
(31, 27, 7)
(31, 28, 7)
(31, 29, 7)
(31, 30, 7)
(31, 31, 7)
(31, 32, 6)
(31, 33, 6)
(31, 34, 6)
(31, 35, 6)
(31, 36, 6)
(31, 37, 6)
(31, 38, 6)
(31, 39, 6)

(32, 0, 85)
(32, 1, 85)
(32, 2, 85)
(32, 3, 85)
(32, 4, 68)
(32, 5, 63)
(32, 6, 38)
(32, 7, 38)
(32, 8, 25)
(32, 9, 25)
(32, 10, 25)
(32, 11, 25)
(32, 12, 18)
(32, 13, 16)
(32, 14, 16)
(32, 15, 16)
(32, 16, 16)
(32, 17, 16)
(32, 18, 16)
(32, 19, 16)
(32, 20, 16)
(32, 21, 16)
(32, 22, 15)
(32, 23, 15)
(32, 24, 12)
(32, 25, 8)
(32, 26, 7)
(32, 27, 7)
(32, 28, 7)
(32, 29, 7)
(32, 30, 7)
(32, 31, 7)
(32, 32, 6)
(32, 33, 6)
(32, 34, 6)
(32, 35, 6)
(32, 36, 6)
(32, 37, 6)
(32, 38, 6)
(32, 39, 6)

(33, 0, 85)
(33, 1, 85)
(33, 2, 85)
(33, 3, 85)
(33, 4, 68)
(33, 5, 63)
(33, 6, 38)
(33, 7, 38)
(33, 8, 25)
(33, 9, 25)
(33, 10, 25)
(33, 11, 25)
(33, 12, 18)
(33, 13, 16)
(33, 14, 16)
(33, 15, 16)
(33, 16, 16)
(33, 17, 16)
(33, 18, 16)
(33, 19, 16)
(33, 20, 16)
(33, 21, 16)
(33, 22, 15)
(33, 23, 15)
(33, 24, 12)
(33, 25, 8)
(33, 26, 7)
(33, 27, 7)
(33, 28, 7)
(33, 29, 7)
(33, 30, 7)
(33, 31, 7)
(33, 32, 6)
(33, 33, 6)
(33, 34, 6)
(33, 35, 6)
(33, 36, 6)
(33, 37, 6)
(33, 38, 6)
(33, 39, 6)

(34, 0, 87)
(34, 1, 87)
(34, 2, 87)
(34, 3, 87)
(34, 4, 70)
(34, 5, 65)
(34, 6, 40)
(34, 7, 40)
(34, 8, 27)
(34, 9, 27)
(34, 10, 27)
(34, 11, 27)
(34, 12, 20)
(34, 13, 18)
(34, 14, 18)
(34, 15, 18)
(34, 16, 18)
(34, 17, 18)
(34, 18, 16)
(34, 19, 16)
(34, 20, 16)
(34, 21, 16)
(34, 22, 15)
(34, 23, 13)
(34, 24, 10)
(34, 25, 6)
(34, 26, 6)
(34, 27, 6)
(34, 28, 6)
(34, 29, 6)
(34, 30, 6)
(34, 31, 6)
(34, 32, 6)
(34, 33, 6)
(34, 34, 6)
(34, 35, 6)
(34, 36, 6)
(34, 37, 6)
(34, 38, 6)
(34, 39, 6)

(35, 0, 90)
(35, 1, 90)
(35, 2, 90)
(35, 3, 90)
(35, 4, 73)
(35, 5, 68)
(35, 6, 43)
(35, 7, 41)
(35, 8, 28)
(35, 9, 28)
(35, 10, 28)
(35, 11, 28)
(35, 12, 21)
(35, 13, 19)
(35, 14, 19)
(35, 15, 19)
(35, 16, 19)
(35, 17, 18)
(35, 18, 15)
(35, 19, 14)
(35, 20, 14)
(35, 21, 14)
(35, 22, 13)
(35, 23, 13)
(35, 24, 10)
(35, 25, 6)
(35, 26, 6)
(35, 27, 6)
(35, 28, 6)
(35, 29, 6)
(35, 30, 6)
(35, 31, 6)
(35, 32, 6)
(35, 33, 6)
(35, 34, 6)
(35, 35, 6)
(35, 36, 6)
(35, 37, 6)
(35, 38, 6)
(35, 39, 6)

(36, 0, 93)
(36, 1, 93)
(36, 2, 93)
(36, 3, 93)
(36, 4, 75)
(36, 5, 66)
(36, 6, 41)
(36, 7, 40)
(36, 8, 27)
(36, 9, 27)
(36, 10, 27)
(36, 11, 27)
(36, 12, 20)
(36, 13, 18)
(36, 14, 18)
(36, 15, 18)
(36, 16, 18)
(36, 17, 18)
(36, 18, 15)
(36, 19, 14)
(36, 20, 14)
(36, 21, 14)
(36, 22, 13)
(36, 23, 13)
(36, 24, 10)
(36, 25, 6)
(36, 26, 6)
(36, 27, 6)
(36, 28, 6)
(36, 29, 6)
(36, 30, 6)
(36, 31, 6)
(36, 32, 6)
(36, 33, 6)
(36, 34, 6)
(36, 35, 6)
(36, 36, 6)
(36, 37, 6)
(36, 38, 6)
(36, 39, 6)

(37, 0, 94)
(37, 1, 94)
(37, 2, 94)
(37, 3, 94)
(37, 4, 75)
(37, 5, 66)
(37, 6, 41)
(37, 7, 40)
(37, 8, 27)
(37, 9, 27)
(37, 10, 27)
(37, 11, 27)
(37, 12, 20)
(37, 13, 18)
(37, 14, 18)
(37, 15, 18)
(37, 16, 18)
(37, 17, 18)
(37, 18, 15)
(37, 19, 14)
(37, 20, 14)
(37, 21, 14)
(37, 22, 13)
(37, 23, 13)
(37, 24, 10)
(37, 25, 6)
(37, 26, 6)
(37, 27, 6)
(37, 28, 6)
(37, 29, 6)
(37, 30, 6)
(37, 31, 6)
(37, 32, 6)
(37, 33, 6)
(37, 34, 6)
(37, 35, 6)
(37, 36, 6)
(37, 37, 6)
(37, 38, 6)
(37, 39, 6)

(38, 0, 96)
(38, 1, 96)
(38, 2, 96)
(38, 3, 96)
(38, 4, 76)
(38, 5, 67)
(38, 6, 42)
(38, 7, 40)
(38, 8, 27)
(38, 9, 27)
(38, 10, 27)
(38, 11, 27)
(38, 12, 20)
(38, 13, 18)
(38, 14, 18)
(38, 15, 18)
(38, 16, 18)
(38, 17, 18)
(38, 18, 15)
(38, 19, 14)
(38, 20, 14)
(38, 21, 14)
(38, 22, 13)
(38, 23, 13)
(38, 24, 10)
(38, 25, 6)
(38, 26, 6)
(38, 27, 6)
(38, 28, 6)
(38, 29, 6)
(38, 30, 6)
(38, 31, 6)
(38, 32, 6)
(38, 33, 6)
(38, 34, 6)
(38, 35, 6)
(38, 36, 6)
(38, 37, 6)
(38, 38, 6)
(38, 39, 6)

(39, 0, 97)
(39, 1, 97)
(39, 2, 97)
(39, 3, 97)
(39, 4, 76)
(39, 5, 67)
(39, 6, 42)
(39, 7, 40)
(39, 8, 27)
(39, 9, 27)
(39, 10, 27)
(39, 11, 27)
(39, 12, 20)
(39, 13, 18)
(39, 14, 18)
(39, 15, 18)
(39, 16, 18)
(39, 17, 18)
(39, 18, 15)
(39, 19, 14)
(39, 20, 14)
(39, 21, 14)
(39, 22, 13)
(39, 23, 13)
(39, 24, 10)
(39, 25, 6)
(39, 26, 6)
(39, 27, 6)
(39, 28, 6)
(39, 29, 6)
(39, 30, 6)
(39, 31, 6)
(39, 32, 6)
(39, 33, 6)
(39, 34, 6)
(39, 35, 6)
(39, 36, 6)
(39, 37, 6)
(39, 38, 6)
(39, 39, 6)


Betti numbers:
xi_0:
(0, 0, 3)
(1, 0, 1)
(2, 0, 1)
(3, 0, 2)
(4, 0, 1)
(5, 0, 1)
(6, 0, 3)
(7, 0, 3)
(8, 0, 8)
(9, 0, 4)
(10, 0, 4)
(11, 0, 2)
(12, 0, 1)
(13, 0, 3)
(16, 0, 1)
(17, 0, 3)
(18, 0, 4)
(19, 0, 4)
(20, 0, 3)
(21, 0, 6)
(22, 0, 7)
(23, 0, 1)
(24, 0, 2)
(25, 0, 2)
(26, 0, 6)
(27, 0, 3)
(28, 0, 1)
(29, 0, 2)
(30, 0, 3)
(34, 0, 2)
(35, 0, 3)
(36, 0, 3)
(37, 0, 1)
(38, 0, 2)
(39, 0, 1)
xi_1:
(0, 8, 1)
(0, 13, 1)
(1, 4, 1)
(2, 8, 1)
(2, 12, 1)
(3, 12, 1)
(5, 8, 1)
(6, 8, 1)
(6, 13, 1)
(7, 4, 1)
(7, 8, 1)
(7, 12, 1)
(8, 4, 2)
(8, 6, 2)
(8, 8, 2)
(8, 13, 1)
(8, 25, 1)
(9, 6, 4)
(9, 8, 1)
(9, 12, 1)
(10, 4, 1)
(10, 8, 2)
(10, 12, 1)
(11, 8, 1)
(11, 25, 1)
(12, 8, 1)
(13, 6, 2)
(13, 8, 2)
(17, 4, 1)
(17, 6, 1)
(18, 4, 1)
(18, 5, 1)
(18, 6, 1)
(18, 26, 1)
(19, 4, 2)
(19, 6, 1)
(20, 6, 2)
(20, 25, 1)
(20, 33, 1)
(21, 4, 2)
(21, 6, 1)
(21, 8, 2)
(21, 22, 1)
(21, 26, 1)
(22, 4, 2)
(22, 6, 3)
(22, 8, 2)
(22, 12, 1)
(22, 24, 1)
(23, 6, 2)
(24, 6, 1)
(24, 25, 1)
(25, 5, 1)
(25, 24, 1)
(26, 5, 1)
(26, 6, 2)
(26, 7, 1)
(26, 8, 1)
(26, 12, 1)
(26, 24, 1)
(27, 4, 3)
(27, 6, 1)
(28, 6, 1)
(29, 5, 2)
(30, 4, 1)
(30, 6, 1)
(30, 26, 1)
(30, 32, 1)
(34, 18, 2)
(34, 23, 2)
(35, 7, 2)
(35, 17, 1)
(35, 18, 1)
(35, 19, 1)
(36, 4, 1)
(36, 5, 4)
(36, 7, 1)
(37, 4, 1)
(38, 4, 1)
(38, 7, 1)
(39, 4, 1)
xi_2:
(2, 13, 1)
(8, 8, 1)
(9, 8, 2)
(13, 8, 1)
(21, 33, 1)
(22, 8, 1)
(22, 26, 1)
(23, 8, 1)
(26, 26, 1)
(27, 7, 1)
(34, 26, 1)
(34, 32, 1)
(35, 23, 2)
(36, 7, 2)
(36, 17, 1)
