x-grades
-30104189525564001/32000000000000000
-74039617560892517/80000000000000000
-145637522615750063/160000000000000000
-35798952527428773/40000000000000000
-140754097603680121/160000000000000000
-2766247701952903/3200000000000000
-135870672591610179/160000000000000000
-16678620010696901/20000000000000000
-130987247579540237/160000000000000000
-64272767536752633/80000000000000000
-25220764513494059/32000000000000000
-30915527515358831/40000000000000000
-121220397555400353/160000000000000000
-59389342524682691/80000000000000000
-116336972543330411/160000000000000000
-1423690750466193/2000000000000000
-111453547531260469/160000000000000000
-54505917512612749/80000000000000000
-106570122519190527/160000000000000000
-26032102503288889/40000000000000000
-20337339501424117/32000000000000000
-49622492500542807/80000000000000000
-96803272495050643/160000000000000000
-11795194998626959/20000000000000000
-91919847482980701/160000000000000000
-8947813497694573/16000000000000000
-87036422470910759/160000000000000000
-21148677491218947/40000000000000000
-82152997458840817/160000000000000000
-39855642476402923/80000000000000000
-618156579574167/1280000000000000
-2338370623147997/5000000000000000
-72386147434700933/160000000000000000
-34972217464332981/80000000000000000
-67502722422630991/160000000000000000
-3253050495829801/8000000000000000
-62619297410561049/160000000000000000
-30088792452263039/80000000000000000
-57735872398491107/160000000000000000
-6911769986557017/20000000000000000

y-grades
4999563/20000000
4999563/10000000
14998689/20000000
4999563/5000000
4999563/4000000
14998689/10000000
34996941/20000000
4999563/2500000
44996067/20000000
4999563/2000000
54995193/20000000
14998689/5000000
64994319/20000000
34996941/10000000
14998689/4000000
4999563/1250000
84992571/20000000
44996067/10000000
94991697/20000000
4999563/1000000
104990823/20000000
54995193/10000000
114989949/20000000
14998689/2500000
4999563/800000
64994319/10000000
134988201/20000000
34996941/5000000
144987327/20000000
14998689/2000000
154986453/20000000
4999563/625000
164985579/20000000
84992571/10000000
34996941/4000000
44996067/5000000
184983831/20000000
94991697/10000000
194982957/20000000
4999563/500000

Dimensions > 0:
(0, 0, 6)
(0, 1, 1)
(0, 2, 1)
(0, 3, 1)
(0, 4, 1)
(0, 5, 1)
(0, 6, 1)
(0, 7, 1)
(0, 8, 1)
(0, 9, 1)
(0, 10, 1)
(0, 11, 1)
(0, 12, 1)
(0, 13, 1)
(0, 14, 1)
(0, 15, 1)
(0, 16, 1)
(0, 17, 1)
(0, 18, 1)
(0, 19, 1)
(0, 20, 1)
(0, 21, 1)
(0, 22, 1)
(0, 23, 1)
(0, 24, 1)
(0, 25, 1)
(0, 26, 1)
(0, 27, 1)
(0, 28, 1)
(0, 29, 1)
(0, 30, 1)
(0, 31, 1)
(0, 32, 1)
(0, 33, 1)
(0, 34, 1)
(0, 35, 1)
(0, 36, 1)
(0, 37, 1)
(0, 38, 1)
(0, 39, 1)

(1, 0, 13)
(1, 1, 3)
(1, 2, 2)
(1, 3, 2)
(1, 4, 2)
(1, 5, 1)
(1, 6, 1)
(1, 7, 1)
(1, 8, 1)
(1, 9, 1)
(1, 10, 1)
(1, 11, 1)
(1, 12, 1)
(1, 13, 1)
(1, 14, 1)
(1, 15, 1)
(1, 16, 1)
(1, 17, 1)
(1, 18, 1)
(1, 19, 1)
(1, 20, 1)
(1, 21, 1)
(1, 22, 1)
(1, 23, 1)
(1, 24, 1)
(1, 25, 1)
(1, 26, 1)
(1, 27, 1)
(1, 28, 1)
(1, 29, 1)
(1, 30, 1)
(1, 31, 1)
(1, 32, 1)
(1, 33, 1)
(1, 34, 1)
(1, 35, 1)
(1, 36, 1)
(1, 37, 1)
(1, 38, 1)
(1, 39, 1)

(2, 0, 16)
(2, 1, 5)
(2, 2, 2)
(2, 3, 2)
(2, 4, 2)
(2, 5, 1)
(2, 6, 1)
(2, 7, 1)
(2, 8, 1)
(2, 9, 1)
(2, 10, 1)
(2, 11, 1)
(2, 12, 1)
(2, 13, 1)
(2, 14, 1)
(2, 15, 1)
(2, 16, 1)
(2, 17, 1)
(2, 18, 1)
(2, 19, 1)
(2, 20, 1)
(2, 21, 1)
(2, 22, 1)
(2, 23, 1)
(2, 24, 1)
(2, 25, 1)
(2, 26, 1)
(2, 27, 1)
(2, 28, 1)
(2, 29, 1)
(2, 30, 1)
(2, 31, 1)
(2, 32, 1)
(2, 33, 1)
(2, 34, 1)
(2, 35, 1)
(2, 36, 1)
(2, 37, 1)
(2, 38, 1)
(2, 39, 1)

(3, 0, 23)
(3, 1, 9)
(3, 2, 1)
(3, 3, 1)
(3, 4, 1)
(3, 5, 1)
(3, 6, 1)
(3, 7, 1)
(3, 8, 1)
(3, 9, 1)
(3, 10, 1)
(3, 11, 1)
(3, 12, 1)
(3, 13, 1)
(3, 14, 1)
(3, 15, 1)
(3, 16, 1)
(3, 17, 1)
(3, 18, 1)
(3, 19, 1)
(3, 20, 1)
(3, 21, 1)
(3, 22, 1)
(3, 23, 1)
(3, 24, 1)
(3, 25, 1)
(3, 26, 1)
(3, 27, 1)
(3, 28, 1)
(3, 29, 1)
(3, 30, 1)
(3, 31, 1)
(3, 32, 1)
(3, 33, 1)
(3, 34, 1)
(3, 35, 1)
(3, 36, 1)
(3, 37, 1)
(3, 38, 1)
(3, 39, 1)

(4, 0, 25)
(4, 1, 10)
(4, 2, 2)
(4, 3, 2)
(4, 4, 2)
(4, 5, 2)
(4, 6, 2)
(4, 7, 2)
(4, 8, 2)
(4, 9, 2)
(4, 10, 2)
(4, 11, 2)
(4, 12, 2)
(4, 13, 2)
(4, 14, 2)
(4, 15, 2)
(4, 16, 2)
(4, 17, 2)
(4, 18, 2)
(4, 19, 2)
(4, 20, 2)
(4, 21, 2)
(4, 22, 2)
(4, 23, 2)
(4, 24, 2)
(4, 25, 2)
(4, 26, 2)
(4, 27, 2)
(4, 28, 2)
(4, 29, 2)
(4, 30, 2)
(4, 31, 2)
(4, 32, 2)
(4, 33, 2)
(4, 34, 2)
(4, 35, 2)
(4, 36, 2)
(4, 37, 2)
(4, 38, 2)
(4, 39, 2)

(5, 0, 30)
(5, 1, 12)
(5, 2, 4)
(5, 3, 4)
(5, 4, 4)
(5, 5, 3)
(5, 6, 3)
(5, 7, 2)
(5, 8, 2)
(5, 9, 2)
(5, 10, 2)
(5, 11, 2)
(5, 12, 2)
(5, 13, 2)
(5, 14, 2)
(5, 15, 2)
(5, 16, 2)
(5, 17, 2)
(5, 18, 2)
(5, 19, 2)
(5, 20, 2)
(5, 21, 2)
(5, 22, 2)
(5, 23, 2)
(5, 24, 2)
(5, 25, 2)
(5, 26, 2)
(5, 27, 2)
(5, 28, 2)
(5, 29, 2)
(5, 30, 2)
(5, 31, 2)
(5, 32, 2)
(5, 33, 2)
(5, 34, 2)
(5, 35, 2)
(5, 36, 2)
(5, 37, 2)
(5, 38, 2)
(5, 39, 2)

(6, 0, 36)
(6, 1, 13)
(6, 2, 5)
(6, 3, 5)
(6, 4, 4)
(6, 5, 3)
(6, 6, 3)
(6, 7, 2)
(6, 8, 2)
(6, 9, 2)
(6, 10, 2)
(6, 11, 2)
(6, 12, 2)
(6, 13, 2)
(6, 14, 2)
(6, 15, 2)
(6, 16, 2)
(6, 17, 2)
(6, 18, 2)
(6, 19, 2)
(6, 20, 2)
(6, 21, 2)
(6, 22, 2)
(6, 23, 2)
(6, 24, 2)
(6, 25, 2)
(6, 26, 2)
(6, 27, 2)
(6, 28, 2)
(6, 29, 2)
(6, 30, 2)
(6, 31, 2)
(6, 32, 2)
(6, 33, 2)
(6, 34, 2)
(6, 35, 2)
(6, 36, 2)
(6, 37, 2)
(6, 38, 2)
(6, 39, 2)

(7, 0, 43)
(7, 1, 17)
(7, 2, 7)
(7, 3, 6)
(7, 4, 4)
(7, 5, 4)
(7, 6, 4)
(7, 7, 2)
(7, 8, 2)
(7, 9, 2)
(7, 10, 2)
(7, 11, 2)
(7, 12, 2)
(7, 13, 2)
(7, 14, 2)
(7, 15, 2)
(7, 16, 2)
(7, 17, 2)
(7, 18, 2)
(7, 19, 2)
(7, 20, 2)
(7, 21, 2)
(7, 22, 2)
(7, 23, 2)
(7, 24, 2)
(7, 25, 2)
(7, 26, 2)
(7, 27, 2)
(7, 28, 2)
(7, 29, 2)
(7, 30, 2)
(7, 31, 2)
(7, 32, 2)
(7, 33, 2)
(7, 34, 2)
(7, 35, 2)
(7, 36, 2)
(7, 37, 2)
(7, 38, 2)
(7, 39, 2)

(8, 0, 52)
(8, 1, 21)
(8, 2, 9)
(8, 3, 9)
(8, 4, 7)
(8, 5, 5)
(8, 6, 5)
(8, 7, 3)
(8, 8, 3)
(8, 9, 3)
(8, 10, 3)
(8, 11, 3)
(8, 12, 3)
(8, 13, 3)
(8, 14, 3)
(8, 15, 3)
(8, 16, 3)
(8, 17, 3)
(8, 18, 3)
(8, 19, 3)
(8, 20, 3)
(8, 21, 3)
(8, 22, 3)
(8, 23, 3)
(8, 24, 3)
(8, 25, 3)
(8, 26, 3)
(8, 27, 3)
(8, 28, 3)
(8, 29, 3)
(8, 30, 3)
(8, 31, 3)
(8, 32, 3)
(8, 33, 3)
(8, 34, 3)
(8, 35, 3)
(8, 36, 3)
(8, 37, 3)
(8, 38, 3)
(8, 39, 3)

(9, 0, 59)
(9, 1, 23)
(9, 2, 12)
(9, 3, 11)
(9, 4, 9)
(9, 5, 6)
(9, 6, 5)
(9, 7, 4)
(9, 8, 4)
(9, 9, 4)
(9, 10, 4)
(9, 11, 4)
(9, 12, 3)
(9, 13, 3)
(9, 14, 3)
(9, 15, 3)
(9, 16, 3)
(9, 17, 3)
(9, 18, 3)
(9, 19, 3)
(9, 20, 3)
(9, 21, 3)
(9, 22, 3)
(9, 23, 3)
(9, 24, 3)
(9, 25, 3)
(9, 26, 3)
(9, 27, 3)
(9, 28, 3)
(9, 29, 3)
(9, 30, 3)
(9, 31, 3)
(9, 32, 3)
(9, 33, 3)
(9, 34, 3)
(9, 35, 3)
(9, 36, 3)
(9, 37, 3)
(9, 38, 3)
(9, 39, 3)

(10, 0, 72)
(10, 1, 31)
(10, 2, 17)
(10, 3, 14)
(10, 4, 12)
(10, 5, 8)
(10, 6, 6)
(10, 7, 5)
(10, 8, 5)
(10, 9, 4)
(10, 10, 4)
(10, 11, 4)
(10, 12, 3)
(10, 13, 3)
(10, 14, 3)
(10, 15, 3)
(10, 16, 3)
(10, 17, 3)
(10, 18, 3)
(10, 19, 3)
(10, 20, 3)
(10, 21, 3)
(10, 22, 3)
(10, 23, 3)
(10, 24, 3)
(10, 25, 3)
(10, 26, 3)
(10, 27, 2)
(10, 28, 2)
(10, 29, 2)
(10, 30, 2)
(10, 31, 2)
(10, 32, 2)
(10, 33, 2)
(10, 34, 2)
(10, 35, 2)
(10, 36, 2)
(10, 37, 2)
(10, 38, 2)
(10, 39, 2)

(11, 0, 88)
(11, 1, 39)
(11, 2, 23)
(11, 3, 18)
(11, 4, 14)
(11, 5, 9)
(11, 6, 7)
(11, 7, 6)
(11, 8, 6)
(11, 9, 5)
(11, 10, 4)
(11, 11, 4)
(11, 12, 2)
(11, 13, 2)
(11, 14, 2)
(11, 15, 2)
(11, 16, 2)
(11, 17, 2)
(11, 18, 2)
(11, 19, 2)
(11, 20, 2)
(11, 21, 2)
(11, 22, 2)
(11, 23, 2)
(11, 24, 2)
(11, 25, 2)
(11, 26, 2)
(11, 27, 2)
(11, 28, 2)
(11, 29, 2)
(11, 30, 2)
(11, 31, 2)
(11, 32, 2)
(11, 33, 2)
(11, 34, 2)
(11, 35, 2)
(11, 36, 2)
(11, 37, 2)
(11, 38, 2)
(11, 39, 2)

(12, 0, 97)
(12, 1, 43)
(12, 2, 25)
(12, 3, 18)
(12, 4, 13)
(12, 5, 9)
(12, 6, 7)
(12, 7, 6)
(12, 8, 6)
(12, 9, 4)
(12, 10, 4)
(12, 11, 4)
(12, 12, 2)
(12, 13, 2)
(12, 14, 2)
(12, 15, 2)
(12, 16, 2)
(12, 17, 2)
(12, 18, 2)
(12, 19, 2)
(12, 20, 2)
(12, 21, 2)
(12, 22, 2)
(12, 23, 2)
(12, 24, 2)
(12, 25, 2)
(12, 26, 2)
(12, 27, 2)
(12, 28, 2)
(12, 29, 2)
(12, 30, 2)
(12, 31, 2)
(12, 32, 2)
(12, 33, 2)
(12, 34, 2)
(12, 35, 2)
(12, 36, 2)
(12, 37, 2)
(12, 38, 2)
(12, 39, 2)

(13, 0, 109)
(13, 1, 50)
(13, 2, 28)
(13, 3, 19)
(13, 4, 13)
(13, 5, 9)
(13, 6, 7)
(13, 7, 6)
(13, 8, 6)
(13, 9, 4)
(13, 10, 4)
(13, 11, 4)
(13, 12, 2)
(13, 13, 2)
(13, 14, 2)
(13, 15, 2)
(13, 16, 2)
(13, 17, 2)
(13, 18, 2)
(13, 19, 2)
(13, 20, 2)
(13, 21, 2)
(13, 22, 2)
(13, 23, 2)
(13, 24, 2)
(13, 25, 2)
(13, 26, 2)
(13, 27, 2)
(13, 28, 2)
(13, 29, 2)
(13, 30, 2)
(13, 31, 2)
(13, 32, 2)
(13, 33, 2)
(13, 34, 2)
(13, 35, 2)
(13, 36, 2)
(13, 37, 2)
(13, 38, 2)
(13, 39, 2)

(14, 0, 118)
(14, 1, 56)
(14, 2, 28)
(14, 3, 19)
(14, 4, 13)
(14, 5, 9)
(14, 6, 7)
(14, 7, 6)
(14, 8, 6)
(14, 9, 4)
(14, 10, 4)
(14, 11, 4)
(14, 12, 2)
(14, 13, 2)
(14, 14, 2)
(14, 15, 2)
(14, 16, 2)
(14, 17, 2)
(14, 18, 2)
(14, 19, 2)
(14, 20, 2)
(14, 21, 2)
(14, 22, 2)
(14, 23, 2)
(14, 24, 2)
(14, 25, 2)
(14, 26, 2)
(14, 27, 2)
(14, 28, 2)
(14, 29, 2)
(14, 30, 2)
(14, 31, 2)
(14, 32, 2)
(14, 33, 2)
(14, 34, 2)
(14, 35, 2)
(14, 36, 2)
(14, 37, 2)
(14, 38, 2)
(14, 39, 2)

(15, 0, 125)
(15, 1, 62)
(15, 2, 32)
(15, 3, 23)
(15, 4, 14)
(15, 5, 10)
(15, 6, 8)
(15, 7, 7)
(15, 8, 6)
(15, 9, 4)
(15, 10, 4)
(15, 11, 4)
(15, 12, 2)
(15, 13, 2)
(15, 14, 2)
(15, 15, 2)
(15, 16, 2)
(15, 17, 2)
(15, 18, 2)
(15, 19, 2)
(15, 20, 2)
(15, 21, 2)
(15, 22, 2)
(15, 23, 2)
(15, 24, 2)
(15, 25, 2)
(15, 26, 2)
(15, 27, 2)
(15, 28, 2)
(15, 29, 2)
(15, 30, 2)
(15, 31, 2)
(15, 32, 2)
(15, 33, 2)
(15, 34, 2)
(15, 35, 2)
(15, 36, 2)
(15, 37, 2)
(15, 38, 2)
(15, 39, 2)

(16, 0, 138)
(16, 1, 70)
(16, 2, 36)
(16, 3, 26)
(16, 4, 16)
(16, 5, 12)
(16, 6, 10)
(16, 7, 9)
(16, 8, 8)
(16, 9, 6)
(16, 10, 6)
(16, 11, 6)
(16, 12, 4)
(16, 13, 4)
(16, 14, 4)
(16, 15, 4)
(16, 16, 4)
(16, 17, 4)
(16, 18, 4)
(16, 19, 4)
(16, 20, 4)
(16, 21, 4)
(16, 22, 4)
(16, 23, 4)
(16, 24, 4)
(16, 25, 4)
(16, 26, 4)
(16, 27, 4)
(16, 28, 4)
(16, 29, 4)
(16, 30, 4)
(16, 31, 4)
(16, 32, 4)
(16, 33, 4)
(16, 34, 4)
(16, 35, 4)
(16, 36, 4)
(16, 37, 4)
(16, 38, 4)
(16, 39, 4)

(17, 0, 157)
(17, 1, 78)
(17, 2, 40)
(17, 3, 28)
(17, 4, 17)
(17, 5, 12)
(17, 6, 10)
(17, 7, 9)
(17, 8, 8)
(17, 9, 6)
(17, 10, 6)
(17, 11, 6)
(17, 12, 4)
(17, 13, 4)
(17, 14, 4)
(17, 15, 4)
(17, 16, 4)
(17, 17, 4)
(17, 18, 4)
(17, 19, 4)
(17, 20, 4)
(17, 21, 4)
(17, 22, 4)
(17, 23, 4)
(17, 24, 4)
(17, 25, 4)
(17, 26, 4)
(17, 27, 4)
(17, 28, 4)
(17, 29, 4)
(17, 30, 4)
(17, 31, 4)
(17, 32, 4)
(17, 33, 4)
(17, 34, 4)
(17, 35, 4)
(17, 36, 4)
(17, 37, 4)
(17, 38, 4)
(17, 39, 4)

(18, 0, 184)
(18, 1, 92)
(18, 2, 45)
(18, 3, 30)
(18, 4, 18)
(18, 5, 13)
(18, 6, 11)
(18, 7, 10)
(18, 8, 9)
(18, 9, 7)
(18, 10, 7)
(18, 11, 7)
(18, 12, 5)
(18, 13, 5)
(18, 14, 5)
(18, 15, 5)
(18, 16, 5)
(18, 17, 5)
(18, 18, 5)
(18, 19, 5)
(18, 20, 5)
(18, 21, 5)
(18, 22, 5)
(18, 23, 5)
(18, 24, 5)
(18, 25, 5)
(18, 26, 5)
(18, 27, 5)
(18, 28, 5)
(18, 29, 5)
(18, 30, 5)
(18, 31, 5)
(18, 32, 5)
(18, 33, 5)
(18, 34, 5)
(18, 35, 5)
(18, 36, 5)
(18, 37, 5)
(18, 38, 5)
(18, 39, 5)

(19, 0, 227)
(19, 1, 101)
(19, 2, 49)
(19, 3, 32)
(19, 4, 19)
(19, 5, 13)
(19, 6, 11)
(19, 7, 10)
(19, 8, 9)
(19, 9, 7)
(19, 10, 7)
(19, 11, 7)
(19, 12, 5)
(19, 13, 5)
(19, 14, 5)
(19, 15, 5)
(19, 16, 5)
(19, 17, 5)
(19, 18, 5)
(19, 19, 5)
(19, 20, 5)
(19, 21, 5)
(19, 22, 5)
(19, 23, 5)
(19, 24, 5)
(19, 25, 5)
(19, 26, 5)
(19, 27, 5)
(19, 28, 5)
(19, 29, 5)
(19, 30, 5)
(19, 31, 5)
(19, 32, 4)
(19, 33, 4)
(19, 34, 4)
(19, 35, 4)
(19, 36, 4)
(19, 37, 4)
(19, 38, 4)
(19, 39, 4)

(20, 0, 258)
(20, 1, 116)
(20, 2, 53)
(20, 3, 31)
(20, 4, 18)
(20, 5, 13)
(20, 6, 11)
(20, 7, 10)
(20, 8, 9)
(20, 9, 7)
(20, 10, 7)
(20, 11, 7)
(20, 12, 5)
(20, 13, 5)
(20, 14, 5)
(20, 15, 5)
(20, 16, 5)
(20, 17, 5)
(20, 18, 5)
(20, 19, 5)
(20, 20, 5)
(20, 21, 5)
(20, 22, 5)
(20, 23, 5)
(20, 24, 5)
(20, 25, 5)
(20, 26, 5)
(20, 27, 4)
(20, 28, 4)
(20, 29, 4)
(20, 30, 4)
(20, 31, 4)
(20, 32, 4)
(20, 33, 4)
(20, 34, 4)
(20, 35, 4)
(20, 36, 4)
(20, 37, 4)
(20, 38, 4)
(20, 39, 4)

(21, 0, 287)
(21, 1, 129)
(21, 2, 59)
(21, 3, 35)
(21, 4, 20)
(21, 5, 13)
(21, 6, 11)
(21, 7, 10)
(21, 8, 9)
(21, 9, 7)
(21, 10, 7)
(21, 11, 7)
(21, 12, 5)
(21, 13, 5)
(21, 14, 5)
(21, 15, 4)
(21, 16, 4)
(21, 17, 4)
(21, 18, 4)
(21, 19, 4)
(21, 20, 4)
(21, 21, 4)
(21, 22, 4)
(21, 23, 4)
(21, 24, 4)
(21, 25, 4)
(21, 26, 4)
(21, 27, 4)
(21, 28, 4)
(21, 29, 4)
(21, 30, 4)
(21, 31, 4)
(21, 32, 4)
(21, 33, 4)
(21, 34, 4)
(21, 35, 4)
(21, 36, 4)
(21, 37, 4)
(21, 38, 4)
(21, 39, 4)

(22, 0, 312)
(22, 1, 144)
(22, 2, 60)
(22, 3, 35)
(22, 4, 20)
(22, 5, 12)
(22, 6, 10)
(22, 7, 9)
(22, 8, 8)
(22, 9, 6)
(22, 10, 6)
(22, 11, 6)
(22, 12, 4)
(22, 13, 4)
(22, 14, 4)
(22, 15, 4)
(22, 16, 4)
(22, 17, 4)
(22, 18, 4)
(22, 19, 4)
(22, 20, 4)
(22, 21, 4)
(22, 22, 4)
(22, 23, 4)
(22, 24, 4)
(22, 25, 4)
(22, 26, 4)
(22, 27, 4)
(22, 28, 4)
(22, 29, 4)
(22, 30, 4)
(22, 31, 4)
(22, 32, 4)
(22, 33, 4)
(22, 34, 4)
(22, 35, 4)
(22, 36, 4)
(22, 37, 4)
(22, 38, 4)
(22, 39, 4)

(23, 0, 326)
(23, 1, 156)
(23, 2, 63)
(23, 3, 36)
(23, 4, 21)
(23, 5, 12)
(23, 6, 10)
(23, 7, 9)
(23, 8, 8)
(23, 9, 6)
(23, 10, 6)
(23, 11, 6)
(23, 12, 4)
(23, 13, 4)
(23, 14, 4)
(23, 15, 4)
(23, 16, 4)
(23, 17, 4)
(23, 18, 4)
(23, 19, 4)
(23, 20, 4)
(23, 21, 4)
(23, 22, 4)
(23, 23, 4)
(23, 24, 4)
(23, 25, 4)
(23, 26, 4)
(23, 27, 4)
(23, 28, 4)
(23, 29, 4)
(23, 30, 4)
(23, 31, 4)
(23, 32, 4)
(23, 33, 4)
(23, 34, 4)
(23, 35, 4)
(23, 36, 4)
(23, 37, 4)
(23, 38, 4)
(23, 39, 4)

(24, 0, 342)
(24, 1, 169)
(24, 2, 66)
(24, 3, 39)
(24, 4, 22)
(24, 5, 12)
(24, 6, 10)
(24, 7, 9)
(24, 8, 8)
(24, 9, 6)
(24, 10, 6)
(24, 11, 6)
(24, 12, 4)
(24, 13, 4)
(24, 14, 4)
(24, 15, 4)
(24, 16, 4)
(24, 17, 4)
(24, 18, 4)
(24, 19, 4)
(24, 20, 4)
(24, 21, 4)
(24, 22, 4)
(24, 23, 4)
(24, 24, 4)
(24, 25, 4)
(24, 26, 4)
(24, 27, 4)
(24, 28, 4)
(24, 29, 4)
(24, 30, 4)
(24, 31, 4)
(24, 32, 4)
(24, 33, 4)
(24, 34, 4)
(24, 35, 4)
(24, 36, 4)
(24, 37, 4)
(24, 38, 4)
(24, 39, 4)

(25, 0, 354)
(25, 1, 176)
(25, 2, 69)
(25, 3, 39)
(25, 4, 22)
(25, 5, 13)
(25, 6, 11)
(25, 7, 10)
(25, 8, 9)
(25, 9, 7)
(25, 10, 7)
(25, 11, 7)
(25, 12, 5)
(25, 13, 5)
(25, 14, 5)
(25, 15, 5)
(25, 16, 5)
(25, 17, 5)
(25, 18, 5)
(25, 19, 5)
(25, 20, 5)
(25, 21, 5)
(25, 22, 5)
(25, 23, 5)
(25, 24, 5)
(25, 25, 5)
(25, 26, 5)
(25, 27, 5)
(25, 28, 5)
(25, 29, 5)
(25, 30, 5)
(25, 31, 5)
(25, 32, 5)
(25, 33, 5)
(25, 34, 5)
(25, 35, 5)
(25, 36, 5)
(25, 37, 5)
(25, 38, 5)
(25, 39, 5)

(26, 0, 371)
(26, 1, 179)
(26, 2, 71)
(26, 3, 40)
(26, 4, 23)
(26, 5, 14)
(26, 6, 12)
(26, 7, 10)
(26, 8, 9)
(26, 9, 7)
(26, 10, 7)
(26, 11, 7)
(26, 12, 5)
(26, 13, 5)
(26, 14, 5)
(26, 15, 5)
(26, 16, 5)
(26, 17, 5)
(26, 18, 5)
(26, 19, 5)
(26, 20, 5)
(26, 21, 5)
(26, 22, 5)
(26, 23, 5)
(26, 24, 5)
(26, 25, 5)
(26, 26, 5)
(26, 27, 5)
(26, 28, 5)
(26, 29, 5)
(26, 30, 5)
(26, 31, 5)
(26, 32, 5)
(26, 33, 5)
(26, 34, 5)
(26, 35, 5)
(26, 36, 5)
(26, 37, 5)
(26, 38, 5)
(26, 39, 5)

(27, 0, 388)
(27, 1, 186)
(27, 2, 75)
(27, 3, 42)
(27, 4, 23)
(27, 5, 14)
(27, 6, 12)
(27, 7, 11)
(27, 8, 10)
(27, 9, 8)
(27, 10, 8)
(27, 11, 8)
(27, 12, 6)
(27, 13, 5)
(27, 14, 5)
(27, 15, 5)
(27, 16, 5)
(27, 17, 5)
(27, 18, 5)
(27, 19, 5)
(27, 20, 5)
(27, 21, 5)
(27, 22, 5)
(27, 23, 5)
(27, 24, 5)
(27, 25, 5)
(27, 26, 5)
(27, 27, 5)
(27, 28, 5)
(27, 29, 5)
(27, 30, 5)
(27, 31, 5)
(27, 32, 5)
(27, 33, 5)
(27, 34, 5)
(27, 35, 5)
(27, 36, 5)
(27, 37, 5)
(27, 38, 5)
(27, 39, 5)

(28, 0, 408)
(28, 1, 193)
(28, 2, 78)
(28, 3, 44)
(28, 4, 24)
(28, 5, 15)
(28, 6, 13)
(28, 7, 12)
(28, 8, 10)
(28, 9, 8)
(28, 10, 8)
(28, 11, 8)
(28, 12, 5)
(28, 13, 5)
(28, 14, 5)
(28, 15, 5)
(28, 16, 5)
(28, 17, 5)
(28, 18, 5)
(28, 19, 5)
(28, 20, 5)
(28, 21, 5)
(28, 22, 5)
(28, 23, 5)
(28, 24, 5)
(28, 25, 5)
(28, 26, 5)
(28, 27, 5)
(28, 28, 5)
(28, 29, 5)
(28, 30, 5)
(28, 31, 5)
(28, 32, 5)
(28, 33, 5)
(28, 34, 5)
(28, 35, 5)
(28, 36, 5)
(28, 37, 5)
(28, 38, 5)
(28, 39, 5)

(29, 0, 415)
(29, 1, 199)
(29, 2, 80)
(29, 3, 45)
(29, 4, 24)
(29, 5, 15)
(29, 6, 13)
(29, 7, 12)
(29, 8, 10)
(29, 9, 8)
(29, 10, 8)
(29, 11, 8)
(29, 12, 5)
(29, 13, 5)
(29, 14, 5)
(29, 15, 5)
(29, 16, 5)
(29, 17, 5)
(29, 18, 5)
(29, 19, 5)
(29, 20, 5)
(29, 21, 5)
(29, 22, 5)
(29, 23, 5)
(29, 24, 5)
(29, 25, 5)
(29, 26, 5)
(29, 27, 5)
(29, 28, 5)
(29, 29, 5)
(29, 30, 5)
(29, 31, 5)
(29, 32, 4)
(29, 33, 4)
(29, 34, 4)
(29, 35, 4)
(29, 36, 4)
(29, 37, 4)
(29, 38, 4)
(29, 39, 4)

(30, 0, 423)
(30, 1, 205)
(30, 2, 84)
(30, 3, 49)
(30, 4, 25)
(30, 5, 16)
(30, 6, 14)
(30, 7, 13)
(30, 8, 11)
(30, 9, 9)
(30, 10, 9)
(30, 11, 8)
(30, 12, 5)
(30, 13, 5)
(30, 14, 5)
(30, 15, 5)
(30, 16, 5)
(30, 17, 5)
(30, 18, 5)
(30, 19, 5)
(30, 20, 4)
(30, 21, 4)
(30, 22, 4)
(30, 23, 4)
(30, 24, 4)
(30, 25, 4)
(30, 26, 4)
(30, 27, 4)
(30, 28, 4)
(30, 29, 4)
(30, 30, 4)
(30, 31, 4)
(30, 32, 4)
(30, 33, 4)
(30, 34, 4)
(30, 35, 4)
(30, 36, 4)
(30, 37, 4)
(30, 38, 4)
(30, 39, 4)

(31, 0, 444)
(31, 1, 221)
(31, 2, 88)
(31, 3, 51)
(31, 4, 26)
(31, 5, 16)
(31, 6, 13)
(31, 7, 12)
(31, 8, 10)
(31, 9, 8)
(31, 10, 8)
(31, 11, 7)
(31, 12, 4)
(31, 13, 4)
(31, 14, 4)
(31, 15, 4)
(31, 16, 4)
(31, 17, 4)
(31, 18, 4)
(31, 19, 4)
(31, 20, 4)
(31, 21, 4)
(31, 22, 4)
(31, 23, 4)
(31, 24, 4)
(31, 25, 4)
(31, 26, 4)
(31, 27, 4)
(31, 28, 4)
(31, 29, 4)
(31, 30, 4)
(31, 31, 4)
(31, 32, 4)
(31, 33, 4)
(31, 34, 4)
(31, 35, 4)
(31, 36, 4)
(31, 37, 4)
(31, 38, 4)
(31, 39, 4)

(32, 0, 456)
(32, 1, 231)
(32, 2, 92)
(32, 3, 54)
(32, 4, 29)
(32, 5, 17)
(32, 6, 14)
(32, 7, 13)
(32, 8, 11)
(32, 9, 8)
(32, 10, 8)
(32, 11, 7)
(32, 12, 4)
(32, 13, 4)
(32, 14, 4)
(32, 15, 4)
(32, 16, 4)
(32, 17, 4)
(32, 18, 4)
(32, 19, 4)
(32, 20, 4)
(32, 21, 4)
(32, 22, 4)
(32, 23, 4)
(32, 24, 4)
(32, 25, 4)
(32, 26, 4)
(32, 27, 4)
(32, 28, 4)
(32, 29, 4)
(32, 30, 4)
(32, 31, 4)
(32, 32, 4)
(32, 33, 4)
(32, 34, 4)
(32, 35, 4)
(32, 36, 4)
(32, 37, 4)
(32, 38, 4)
(32, 39, 4)

(33, 0, 479)
(33, 1, 248)
(33, 2, 99)
(33, 3, 58)
(33, 4, 32)
(33, 5, 19)
(33, 6, 16)
(33, 7, 15)
(33, 8, 13)
(33, 9, 10)
(33, 10, 10)
(33, 11, 9)
(33, 12, 6)
(33, 13, 6)
(33, 14, 6)
(33, 15, 6)
(33, 16, 6)
(33, 17, 6)
(33, 18, 6)
(33, 19, 6)
(33, 20, 6)
(33, 21, 6)
(33, 22, 6)
(33, 23, 6)
(33, 24, 6)
(33, 25, 6)
(33, 26, 6)
(33, 27, 6)
(33, 28, 6)
(33, 29, 6)
(33, 30, 6)
(33, 31, 6)
(33, 32, 6)
(33, 33, 6)
(33, 34, 5)
(33, 35, 5)
(33, 36, 5)
(33, 37, 5)
(33, 38, 5)
(33, 39, 4)

(34, 0, 526)
(34, 1, 271)
(34, 2, 109)
(34, 3, 64)
(34, 4, 38)
(34, 5, 23)
(34, 6, 19)
(34, 7, 18)
(34, 8, 16)
(34, 9, 12)
(34, 10, 11)
(34, 11, 8)
(34, 12, 6)
(34, 13, 6)
(34, 14, 6)
(34, 15, 6)
(34, 16, 6)
(34, 17, 5)
(34, 18, 5)
(34, 19, 5)
(34, 20, 5)
(34, 21, 5)
(34, 22, 5)
(34, 23, 5)
(34, 24, 5)
(34, 25, 5)
(34, 26, 5)
(34, 27, 5)
(34, 28, 5)
(34, 29, 5)
(34, 30, 5)
(34, 31, 5)
(34, 32, 5)
(34, 33, 5)
(34, 34, 5)
(34, 35, 5)
(34, 36, 5)
(34, 37, 5)
(34, 38, 5)
(34, 39, 2)

(35, 0, 570)
(35, 1, 285)
(35, 2, 118)
(35, 3, 70)
(35, 4, 39)
(35, 5, 24)
(35, 6, 19)
(35, 7, 18)
(35, 8, 15)
(35, 9, 11)
(35, 10, 11)
(35, 11, 8)
(35, 12, 6)
(35, 13, 5)
(35, 14, 5)
(35, 15, 5)
(35, 16, 5)
(35, 17, 5)
(35, 18, 5)
(35, 19, 5)
(35, 20, 5)
(35, 21, 5)
(35, 22, 5)
(35, 23, 5)
(35, 24, 5)
(35, 25, 5)
(35, 26, 5)
(35, 27, 5)
(35, 28, 5)
(35, 29, 5)
(35, 30, 5)
(35, 31, 5)
(35, 32, 5)
(35, 33, 5)
(35, 34, 5)
(35, 35, 5)
(35, 36, 5)
(35, 37, 5)
(35, 38, 5)
(35, 39, 1)

(36, 0, 595)
(36, 1, 297)
(36, 2, 126)
(36, 3, 74)
(36, 4, 39)
(36, 5, 24)
(36, 6, 19)
(36, 7, 18)
(36, 8, 16)
(36, 9, 12)
(36, 10, 12)
(36, 11, 9)
(36, 12, 7)
(36, 13, 6)
(36, 14, 6)
(36, 15, 6)
(36, 16, 6)
(36, 17, 6)
(36, 18, 6)
(36, 19, 6)
(36, 20, 6)
(36, 21, 6)
(36, 22, 6)
(36, 23, 6)
(36, 24, 6)
(36, 25, 6)
(36, 26, 6)
(36, 27, 6)
(36, 28, 6)
(36, 29, 6)
(36, 30, 6)
(36, 31, 6)
(36, 32, 6)
(36, 33, 6)
(36, 34, 6)
(36, 35, 6)
(36, 36, 6)
(36, 37, 6)
(36, 38, 6)
(36, 39, 2)

(37, 0, 605)
(37, 1, 299)
(37, 2, 125)
(37, 3, 74)
(37, 4, 39)
(37, 5, 24)
(37, 6, 19)
(37, 7, 18)
(37, 8, 16)
(37, 9, 12)
(37, 10, 12)
(37, 11, 9)
(37, 12, 7)
(37, 13, 6)
(37, 14, 6)
(37, 15, 6)
(37, 16, 6)
(37, 17, 6)
(37, 18, 6)
(37, 19, 6)
(37, 20, 6)
(37, 21, 6)
(37, 22, 6)
(37, 23, 6)
(37, 24, 6)
(37, 25, 6)
(37, 26, 6)
(37, 27, 6)
(37, 28, 6)
(37, 29, 6)
(37, 30, 6)
(37, 31, 6)
(37, 32, 6)
(37, 33, 6)
(37, 34, 6)
(37, 35, 6)
(37, 36, 6)
(37, 37, 6)
(37, 38, 6)
(37, 39, 2)

(38, 0, 609)
(38, 1, 303)
(38, 2, 126)
(38, 3, 74)
(38, 4, 39)
(38, 5, 24)
(38, 6, 19)
(38, 7, 18)
(38, 8, 16)
(38, 9, 12)
(38, 10, 12)
(38, 11, 9)
(38, 12, 7)
(38, 13, 6)
(38, 14, 6)
(38, 15, 6)
(38, 16, 6)
(38, 17, 6)
(38, 18, 6)
(38, 19, 6)
(38, 20, 6)
(38, 21, 6)
(38, 22, 6)
(38, 23, 6)
(38, 24, 6)
(38, 25, 6)
(38, 26, 6)
(38, 27, 6)
(38, 28, 6)
(38, 29, 6)
(38, 30, 6)
(38, 31, 6)
(38, 32, 6)
(38, 33, 6)
(38, 34, 6)
(38, 35, 6)
(38, 36, 6)
(38, 37, 6)
(38, 38, 6)
(38, 39, 2)

(39, 0, 615)
(39, 1, 304)
(39, 2, 125)
(39, 3, 74)
(39, 4, 39)
(39, 5, 24)
(39, 6, 19)
(39, 7, 18)
(39, 8, 16)
(39, 9, 12)
(39, 10, 12)
(39, 11, 9)
(39, 12, 7)
(39, 13, 6)
(39, 14, 6)
(39, 15, 6)
(39, 16, 6)
(39, 17, 6)
(39, 18, 6)
(39, 19, 6)
(39, 20, 6)
(39, 21, 6)
(39, 22, 6)
(39, 23, 6)
(39, 24, 6)
(39, 25, 6)
(39, 26, 6)
(39, 27, 6)
(39, 28, 6)
(39, 29, 6)
(39, 30, 6)
(39, 31, 6)
(39, 32, 6)
(39, 33, 6)
(39, 34, 6)
(39, 35, 6)
(39, 36, 6)
(39, 37, 6)
(39, 38, 6)
(39, 39, 1)


Betti numbers:
xi_0:
(0, 0, 6)
(1, 0, 7)
(2, 0, 3)
(3, 0, 7)
(4, 0, 2)
(5, 0, 5)
(6, 0, 6)
(7, 0, 7)
(8, 0, 9)
(9, 0, 7)
(10, 0, 13)
(11, 0, 16)
(12, 0, 9)
(13, 0, 12)
(14, 0, 9)
(15, 0, 7)
(16, 0, 13)
(17, 0, 20)
(18, 0, 28)
(19, 0, 43)
(20, 0, 32)
(21, 0, 29)
(22, 0, 25)
(23, 0, 14)
(24, 0, 16)
(25, 0, 12)
(26, 0, 17)
(27, 0, 17)
(28, 0, 20)
(29, 0, 7)
(30, 0, 8)
(31, 0, 21)
(32, 0, 12)
(33, 0, 23)
(34, 0, 47)
(35, 0, 44)
(36, 0, 25)
(37, 0, 10)
(38, 0, 4)
(39, 0, 6)
xi_1:
(0, 1, 5)
(1, 1, 5)
(1, 2, 1)
(1, 5, 1)
(2, 1, 1)
(2, 2, 2)
(3, 1, 3)
(3, 2, 5)
(4, 1, 1)
(5, 1, 3)
(5, 5, 1)
(5, 7, 1)
(6, 1, 5)
(6, 4, 1)
(7, 1, 3)
(7, 2, 2)
(7, 3, 1)
(7, 4, 1)
(7, 7, 1)
(8, 1, 5)
(8, 2, 2)
(8, 5, 2)
(9, 1, 5)
(9, 3, 1)
(9, 5, 1)
(9, 6, 1)
(9, 12, 1)
(10, 1, 5)
(10, 2, 3)
(10, 3, 2)
(10, 5, 1)
(10, 6, 1)
(10, 9, 1)
(10, 27, 1)
(11, 1, 8)
(11, 2, 2)
(11, 3, 2)
(11, 4, 2)
(11, 5, 1)
(11, 10, 1)
(11, 12, 1)
(12, 1, 5)
(12, 2, 2)
(12, 3, 2)
(12, 4, 1)
(12, 9, 1)
(13, 1, 5)
(13, 2, 4)
(13, 3, 2)
(13, 4, 1)
(14, 1, 3)
(14, 2, 6)
(15, 1, 1)
(15, 2, 2)
(15, 4, 3)
(15, 8, 1)
(16, 1, 5)
(16, 2, 4)
(16, 3, 1)
(16, 4, 1)
(17, 0, 1)
(17, 1, 12)
(17, 2, 5)
(17, 3, 2)
(17, 4, 1)
(17, 5, 1)
(18, 0, 1)
(18, 1, 14)
(18, 2, 9)
(18, 3, 3)
(18, 4, 1)
(19, 1, 34)
(19, 2, 7)
(19, 3, 2)
(19, 4, 1)
(19, 5, 1)
(19, 32, 1)
(20, 0, 1)
(20, 1, 17)
(20, 2, 12)
(20, 3, 5)
(20, 4, 1)
(20, 27, 1)
(21, 1, 16)
(21, 2, 8)
(21, 3, 2)
(21, 4, 2)
(21, 5, 2)
(21, 15, 1)
(22, 1, 10)
(22, 2, 14)
(22, 3, 2)
(22, 4, 1)
(22, 5, 1)
(23, 1, 2)
(23, 2, 9)
(23, 3, 2)
(23, 5, 1)
(24, 1, 3)
(24, 2, 10)
(24, 3, 2)
(24, 4, 2)
(24, 5, 1)
(25, 1, 5)
(25, 2, 4)
(25, 3, 3)
(25, 4, 1)
(26, 1, 14)
(26, 2, 2)
(26, 3, 1)
(26, 7, 1)
(27, 1, 10)
(27, 2, 3)
(27, 3, 2)
(27, 4, 2)
(27, 13, 1)
(28, 1, 13)
(28, 2, 4)
(28, 3, 2)
(28, 4, 1)
(28, 8, 1)
(28, 12, 1)
(29, 1, 1)
(29, 2, 4)
(29, 3, 1)
(29, 4, 1)
(29, 32, 1)
(30, 1, 2)
(30, 2, 2)
(30, 4, 3)
(30, 11, 1)
(30, 20, 1)
(31, 1, 5)
(31, 2, 12)
(31, 3, 2)
(31, 4, 1)
(31, 5, 1)
(31, 6, 1)
(32, 1, 2)
(32, 2, 6)
(32, 3, 1)
(32, 4, 1)
(32, 5, 2)
(32, 9, 1)
(33, 1, 6)
(33, 2, 10)
(33, 3, 3)
(33, 4, 1)
(33, 5, 1)
(33, 34, 1)
(33, 39, 1)
(34, 1, 24)
(34, 2, 13)
(34, 3, 5)
(34, 4, 1)
(34, 5, 2)
(34, 6, 1)
(34, 9, 1)
(34, 10, 1)
(34, 11, 2)
(34, 17, 1)
(34, 39, 2)
(35, 1, 30)
(35, 2, 8)
(35, 3, 3)
(35, 4, 6)
(35, 6, 1)
(35, 8, 1)
(35, 13, 1)
(35, 39, 1)
(36, 1, 13)
(36, 2, 4)
(36, 3, 4)
(36, 4, 4)
(36, 6, 1)
(37, 1, 8)
(37, 2, 3)
(37, 3, 1)
(38, 2, 3)
(38, 3, 1)
(39, 1, 5)
(39, 2, 2)
(39, 39, 1)
xi_2:
(3, 5, 1)
(7, 5, 1)
(8, 3, 1)
(9, 2, 1)
(9, 7, 1)
(11, 27, 1)
(12, 5, 1)
(12, 10, 1)
(17, 1, 1)
(17, 2, 1)
(18, 1, 1)
(19, 2, 2)
(20, 1, 1)
(20, 2, 1)
(20, 4, 1)
(20, 5, 1)
(20, 32, 1)
(21, 2, 1)
(21, 27, 1)
(22, 3, 1)
(22, 4, 1)
(22, 15, 1)
(24, 3, 2)
(25, 4, 1)
(25, 5, 1)
(26, 2, 1)
(27, 7, 1)
(28, 3, 1)
(28, 13, 1)
(30, 32, 1)
(31, 20, 1)
(32, 4, 1)
(34, 3, 1)
(34, 4, 1)
(34, 12, 1)
(34, 34, 1)
(35, 2, 3)
(35, 4, 1)
(35, 10, 1)
(35, 17, 1)
(36, 6, 1)
(36, 8, 1)
(37, 3, 2)
(39, 3, 1)
