x-grades
-4009697519399137123/4000000000000000000
-1954109545700450523/2000000000000000000
-3806740663402664969/4000000000000000000
-926315558851107223/1000000000000000000
-720756761481238563/800000000000000000
-1751152689703978369/2000000000000000000
-3400826951409720661/4000000000000000000
-412418565426435573/500000000000000000
-3197870095413248507/4000000000000000000
-309639166741501243/400000000000000000
-2994913239416776353/4000000000000000000
-723358702854635069/1000000000000000000
-2791956383420304199/4000000000000000000
-1345238977711034061/2000000000000000000
-517799905484766409/800000000000000000
-38867517178524937/62500000000000000
-2386042671427359891/4000000000000000000
-1142282121714561907/2000000000000000000
-2183085815430887737/4000000000000000000
-104080369371632583/200000000000000000
-1980128959434415583/4000000000000000000
-939325265718089753/2000000000000000000
-1777172103437943429/4000000000000000000
-209461709429963419/500000000000000000
-62968609897658851/160000000000000000
-736368409721617599/2000000000000000000
-1371258391444999121/4000000000000000000
-317444990861690761/1000000000000000000
-1168301535448526967/4000000000000000000
-106682310745029089/400000000000000000
-965344679452054813/4000000000000000000
-53991640715863671/250000000000000000
-762387823455582659/4000000000000000000
-330454697728673291/2000000000000000000
-111886193491822101/800000000000000000
-114488134865218607/1000000000000000000
-356474111462638351/4000000000000000000
-127497841732201137/2000000000000000000
-153517255466166197/4000000000000000000
-1300970686698253/100000000000000000

y-grades
4802343/40000000
4802343/20000000
14407029/40000000
4802343/10000000
4802343/8000000
14407029/20000000
33616401/40000000
4802343/5000000
43221087/40000000
4802343/4000000
52825773/40000000
14407029/10000000
62430459/40000000
33616401/20000000
14407029/8000000
4802343/2500000
81639831/40000000
43221087/20000000
91244517/40000000
4802343/2000000
100849203/40000000
52825773/20000000
110453889/40000000
14407029/5000000
4802343/1600000
62430459/20000000
129663261/40000000
33616401/10000000
139267947/40000000
14407029/4000000
148872633/40000000
4802343/1250000
158477319/40000000
81639831/20000000
33616401/8000000
43221087/10000000
177686691/40000000
91244517/20000000
187291377/40000000
4802343/1000000

Dimensions > 0:
(0, 0, 1)
(0, 1, 1)
(0, 2, 1)
(0, 3, 1)
(0, 4, 1)
(0, 5, 1)
(0, 6, 1)
(0, 7, 1)
(0, 8, 1)
(0, 9, 1)
(0, 10, 1)
(0, 11, 1)
(0, 12, 1)
(0, 13, 1)
(0, 14, 1)
(0, 15, 1)
(0, 16, 1)
(0, 17, 1)
(0, 18, 1)
(0, 19, 1)
(0, 20, 1)
(0, 21, 1)
(0, 22, 1)
(0, 23, 1)
(0, 24, 1)
(0, 25, 1)
(0, 26, 1)
(0, 27, 1)
(0, 28, 1)
(0, 29, 1)
(0, 30, 1)
(0, 31, 1)
(0, 32, 1)
(0, 33, 1)
(0, 34, 1)
(0, 35, 1)
(0, 36, 1)
(0, 37, 1)
(0, 38, 1)
(0, 39, 1)

(1, 0, 1)
(1, 1, 1)
(1, 2, 1)
(1, 3, 1)
(1, 4, 1)
(1, 5, 1)
(1, 6, 1)
(1, 7, 1)
(1, 8, 1)
(1, 9, 1)
(1, 10, 1)
(1, 11, 1)
(1, 12, 1)
(1, 13, 1)
(1, 14, 1)
(1, 15, 1)
(1, 16, 1)
(1, 17, 1)
(1, 18, 1)
(1, 19, 1)
(1, 20, 1)
(1, 21, 1)
(1, 22, 1)
(1, 23, 1)
(1, 24, 1)
(1, 25, 1)
(1, 26, 1)
(1, 27, 1)
(1, 28, 1)
(1, 29, 1)
(1, 30, 1)
(1, 31, 1)
(1, 32, 1)
(1, 33, 1)
(1, 34, 1)
(1, 35, 1)
(1, 36, 1)
(1, 37, 1)
(1, 38, 1)
(1, 39, 1)

(2, 0, 3)
(2, 1, 3)
(2, 2, 3)
(2, 3, 3)
(2, 4, 3)
(2, 5, 3)
(2, 6, 3)
(2, 7, 3)
(2, 8, 3)
(2, 9, 3)
(2, 10, 3)
(2, 11, 3)
(2, 12, 3)
(2, 13, 3)
(2, 14, 3)
(2, 15, 3)
(2, 16, 3)
(2, 17, 3)
(2, 18, 3)
(2, 19, 3)
(2, 20, 3)
(2, 21, 3)
(2, 22, 3)
(2, 23, 3)
(2, 24, 2)
(2, 25, 2)
(2, 26, 2)
(2, 27, 2)
(2, 28, 2)
(2, 29, 2)
(2, 30, 2)
(2, 31, 2)
(2, 32, 2)
(2, 33, 2)
(2, 34, 2)
(2, 35, 2)
(2, 36, 2)
(2, 37, 2)
(2, 38, 2)
(2, 39, 2)

(3, 0, 4)
(3, 1, 4)
(3, 2, 4)
(3, 3, 4)
(3, 4, 4)
(3, 5, 4)
(3, 6, 3)
(3, 7, 3)
(3, 8, 3)
(3, 9, 3)
(3, 10, 3)
(3, 11, 3)
(3, 12, 3)
(3, 13, 3)
(3, 14, 3)
(3, 15, 3)
(3, 16, 3)
(3, 17, 3)
(3, 18, 3)
(3, 19, 3)
(3, 20, 3)
(3, 21, 3)
(3, 22, 3)
(3, 23, 3)
(3, 24, 2)
(3, 25, 2)
(3, 26, 2)
(3, 27, 2)
(3, 28, 2)
(3, 29, 2)
(3, 30, 2)
(3, 31, 2)
(3, 32, 2)
(3, 33, 2)
(3, 34, 2)
(3, 35, 2)
(3, 36, 2)
(3, 37, 2)
(3, 38, 2)
(3, 39, 2)

(4, 0, 5)
(4, 1, 5)
(4, 2, 5)
(4, 3, 5)
(4, 4, 5)
(4, 5, 5)
(4, 6, 4)
(4, 7, 4)
(4, 8, 4)
(4, 9, 4)
(4, 10, 4)
(4, 11, 4)
(4, 12, 4)
(4, 13, 4)
(4, 14, 4)
(4, 15, 4)
(4, 16, 4)
(4, 17, 4)
(4, 18, 4)
(4, 19, 4)
(4, 20, 4)
(4, 21, 4)
(4, 22, 4)
(4, 23, 4)
(4, 24, 3)
(4, 25, 3)
(4, 26, 3)
(4, 27, 3)
(4, 28, 3)
(4, 29, 3)
(4, 30, 3)
(4, 31, 3)
(4, 32, 3)
(4, 33, 3)
(4, 34, 3)
(4, 35, 3)
(4, 36, 3)
(4, 37, 3)
(4, 38, 3)
(4, 39, 3)

(5, 0, 7)
(5, 1, 7)
(5, 2, 7)
(5, 3, 7)
(5, 4, 7)
(5, 5, 7)
(5, 6, 5)
(5, 7, 5)
(5, 8, 5)
(5, 9, 5)
(5, 10, 5)
(5, 11, 5)
(5, 12, 5)
(5, 13, 5)
(5, 14, 5)
(5, 15, 5)
(5, 16, 5)
(5, 17, 4)
(5, 18, 4)
(5, 19, 4)
(5, 20, 4)
(5, 21, 4)
(5, 22, 4)
(5, 23, 4)
(5, 24, 3)
(5, 25, 3)
(5, 26, 3)
(5, 27, 3)
(5, 28, 3)
(5, 29, 3)
(5, 30, 3)
(5, 31, 3)
(5, 32, 3)
(5, 33, 3)
(5, 34, 3)
(5, 35, 3)
(5, 36, 3)
(5, 37, 3)
(5, 38, 3)
(5, 39, 3)

(6, 0, 9)
(6, 1, 9)
(6, 2, 9)
(6, 3, 9)
(6, 4, 9)
(6, 5, 9)
(6, 6, 6)
(6, 7, 6)
(6, 8, 6)
(6, 9, 6)
(6, 10, 6)
(6, 11, 6)
(6, 12, 6)
(6, 13, 6)
(6, 14, 6)
(6, 15, 6)
(6, 16, 6)
(6, 17, 5)
(6, 18, 5)
(6, 19, 5)
(6, 20, 5)
(6, 21, 5)
(6, 22, 5)
(6, 23, 5)
(6, 24, 4)
(6, 25, 4)
(6, 26, 4)
(6, 27, 4)
(6, 28, 4)
(6, 29, 4)
(6, 30, 4)
(6, 31, 4)
(6, 32, 4)
(6, 33, 4)
(6, 34, 4)
(6, 35, 4)
(6, 36, 4)
(6, 37, 4)
(6, 38, 4)
(6, 39, 4)

(7, 0, 10)
(7, 1, 10)
(7, 2, 10)
(7, 3, 10)
(7, 4, 10)
(7, 5, 10)
(7, 6, 7)
(7, 7, 7)
(7, 8, 7)
(7, 9, 7)
(7, 10, 7)
(7, 11, 7)
(7, 12, 7)
(7, 13, 7)
(7, 14, 7)
(7, 15, 7)
(7, 16, 7)
(7, 17, 6)
(7, 18, 6)
(7, 19, 6)
(7, 20, 6)
(7, 21, 6)
(7, 22, 6)
(7, 23, 6)
(7, 24, 4)
(7, 25, 4)
(7, 26, 4)
(7, 27, 4)
(7, 28, 4)
(7, 29, 4)
(7, 30, 4)
(7, 31, 4)
(7, 32, 4)
(7, 33, 4)
(7, 34, 4)
(7, 35, 4)
(7, 36, 4)
(7, 37, 4)
(7, 38, 4)
(7, 39, 4)

(8, 0, 12)
(8, 1, 12)
(8, 2, 12)
(8, 3, 12)
(8, 4, 12)
(8, 5, 12)
(8, 6, 8)
(8, 7, 8)
(8, 8, 8)
(8, 9, 8)
(8, 10, 8)
(8, 11, 8)
(8, 12, 8)
(8, 13, 8)
(8, 14, 8)
(8, 15, 8)
(8, 16, 8)
(8, 17, 7)
(8, 18, 7)
(8, 19, 7)
(8, 20, 7)
(8, 21, 7)
(8, 22, 7)
(8, 23, 7)
(8, 24, 5)
(8, 25, 5)
(8, 26, 5)
(8, 27, 5)
(8, 28, 5)
(8, 29, 5)
(8, 30, 5)
(8, 31, 5)
(8, 32, 5)
(8, 33, 5)
(8, 34, 5)
(8, 35, 5)
(8, 36, 5)
(8, 37, 5)
(8, 38, 5)
(8, 39, 5)

(9, 0, 16)
(9, 1, 16)
(9, 2, 16)
(9, 3, 16)
(9, 4, 16)
(9, 5, 16)
(9, 6, 11)
(9, 7, 11)
(9, 8, 11)
(9, 9, 11)
(9, 10, 11)
(9, 11, 11)
(9, 12, 11)
(9, 13, 11)
(9, 14, 11)
(9, 15, 11)
(9, 16, 11)
(9, 17, 8)
(9, 18, 8)
(9, 19, 8)
(9, 20, 8)
(9, 21, 8)
(9, 22, 8)
(9, 23, 8)
(9, 24, 6)
(9, 25, 6)
(9, 26, 6)
(9, 27, 6)
(9, 28, 6)
(9, 29, 6)
(9, 30, 5)
(9, 31, 5)
(9, 32, 5)
(9, 33, 5)
(9, 34, 5)
(9, 35, 5)
(9, 36, 5)
(9, 37, 5)
(9, 38, 5)
(9, 39, 5)

(10, 0, 17)
(10, 1, 17)
(10, 2, 17)
(10, 3, 17)
(10, 4, 17)
(10, 5, 17)
(10, 6, 11)
(10, 7, 11)
(10, 8, 11)
(10, 9, 11)
(10, 10, 11)
(10, 11, 11)
(10, 12, 11)
(10, 13, 11)
(10, 14, 11)
(10, 15, 11)
(10, 16, 11)
(10, 17, 8)
(10, 18, 8)
(10, 19, 8)
(10, 20, 8)
(10, 21, 8)
(10, 22, 8)
(10, 23, 8)
(10, 24, 6)
(10, 25, 6)
(10, 26, 6)
(10, 27, 6)
(10, 28, 6)
(10, 29, 6)
(10, 30, 5)
(10, 31, 5)
(10, 32, 5)
(10, 33, 5)
(10, 34, 5)
(10, 35, 5)
(10, 36, 5)
(10, 37, 5)
(10, 38, 5)
(10, 39, 5)

(11, 0, 17)
(11, 1, 17)
(11, 2, 17)
(11, 3, 17)
(11, 4, 17)
(11, 5, 17)
(11, 6, 11)
(11, 7, 11)
(11, 8, 11)
(11, 9, 11)
(11, 10, 11)
(11, 11, 11)
(11, 12, 11)
(11, 13, 11)
(11, 14, 11)
(11, 15, 11)
(11, 16, 11)
(11, 17, 8)
(11, 18, 8)
(11, 19, 8)
(11, 20, 8)
(11, 21, 8)
(11, 22, 8)
(11, 23, 8)
(11, 24, 6)
(11, 25, 6)
(11, 26, 6)
(11, 27, 6)
(11, 28, 6)
(11, 29, 6)
(11, 30, 5)
(11, 31, 5)
(11, 32, 5)
(11, 33, 5)
(11, 34, 5)
(11, 35, 5)
(11, 36, 5)
(11, 37, 5)
(11, 38, 5)
(11, 39, 5)

(12, 0, 19)
(12, 1, 19)
(12, 2, 19)
(12, 3, 19)
(12, 4, 19)
(12, 5, 19)
(12, 6, 12)
(12, 7, 12)
(12, 8, 12)
(12, 9, 12)
(12, 10, 12)
(12, 11, 12)
(12, 12, 12)
(12, 13, 12)
(12, 14, 12)
(12, 15, 12)
(12, 16, 12)
(12, 17, 9)
(12, 18, 9)
(12, 19, 9)
(12, 20, 9)
(12, 21, 9)
(12, 22, 9)
(12, 23, 9)
(12, 24, 7)
(12, 25, 7)
(12, 26, 7)
(12, 27, 7)
(12, 28, 7)
(12, 29, 7)
(12, 30, 6)
(12, 31, 6)
(12, 32, 6)
(12, 33, 6)
(12, 34, 6)
(12, 35, 6)
(12, 36, 6)
(12, 37, 6)
(12, 38, 6)
(12, 39, 6)

(13, 0, 19)
(13, 1, 19)
(13, 2, 19)
(13, 3, 19)
(13, 4, 19)
(13, 5, 19)
(13, 6, 12)
(13, 7, 12)
(13, 8, 12)
(13, 9, 12)
(13, 10, 12)
(13, 11, 12)
(13, 12, 12)
(13, 13, 12)
(13, 14, 12)
(13, 15, 12)
(13, 16, 12)
(13, 17, 9)
(13, 18, 9)
(13, 19, 9)
(13, 20, 9)
(13, 21, 9)
(13, 22, 9)
(13, 23, 9)
(13, 24, 7)
(13, 25, 7)
(13, 26, 7)
(13, 27, 7)
(13, 28, 7)
(13, 29, 7)
(13, 30, 6)
(13, 31, 6)
(13, 32, 6)
(13, 33, 6)
(13, 34, 6)
(13, 35, 6)
(13, 36, 6)
(13, 37, 6)
(13, 38, 6)
(13, 39, 6)

(14, 0, 23)
(14, 1, 23)
(14, 2, 23)
(14, 3, 22)
(14, 4, 22)
(14, 5, 22)
(14, 6, 14)
(14, 7, 14)
(14, 8, 14)
(14, 9, 14)
(14, 10, 14)
(14, 11, 14)
(14, 12, 14)
(14, 13, 14)
(14, 14, 14)
(14, 15, 14)
(14, 16, 14)
(14, 17, 10)
(14, 18, 10)
(14, 19, 10)
(14, 20, 10)
(14, 21, 10)
(14, 22, 10)
(14, 23, 10)
(14, 24, 8)
(14, 25, 8)
(14, 26, 8)
(14, 27, 8)
(14, 28, 8)
(14, 29, 8)
(14, 30, 7)
(14, 31, 7)
(14, 32, 7)
(14, 33, 7)
(14, 34, 7)
(14, 35, 7)
(14, 36, 7)
(14, 37, 7)
(14, 38, 7)
(14, 39, 7)

(15, 0, 33)
(15, 1, 28)
(15, 2, 28)
(15, 3, 23)
(15, 4, 23)
(15, 5, 23)
(15, 6, 14)
(15, 7, 14)
(15, 8, 14)
(15, 9, 14)
(15, 10, 14)
(15, 11, 14)
(15, 12, 14)
(15, 13, 14)
(15, 14, 14)
(15, 15, 14)
(15, 16, 14)
(15, 17, 10)
(15, 18, 10)
(15, 19, 10)
(15, 20, 10)
(15, 21, 10)
(15, 22, 10)
(15, 23, 10)
(15, 24, 8)
(15, 25, 8)
(15, 26, 8)
(15, 27, 8)
(15, 28, 8)
(15, 29, 8)
(15, 30, 7)
(15, 31, 7)
(15, 32, 7)
(15, 33, 7)
(15, 34, 7)
(15, 35, 7)
(15, 36, 7)
(15, 37, 7)
(15, 38, 7)
(15, 39, 7)

(16, 0, 44)
(16, 1, 36)
(16, 2, 36)
(16, 3, 26)
(16, 4, 26)
(16, 5, 26)
(16, 6, 16)
(16, 7, 16)
(16, 8, 16)
(16, 9, 16)
(16, 10, 16)
(16, 11, 16)
(16, 12, 15)
(16, 13, 15)
(16, 14, 15)
(16, 15, 15)
(16, 16, 15)
(16, 17, 11)
(16, 18, 11)
(16, 19, 11)
(16, 20, 11)
(16, 21, 11)
(16, 22, 11)
(16, 23, 11)
(16, 24, 9)
(16, 25, 9)
(16, 26, 9)
(16, 27, 9)
(16, 28, 9)
(16, 29, 9)
(16, 30, 7)
(16, 31, 7)
(16, 32, 7)
(16, 33, 7)
(16, 34, 7)
(16, 35, 7)
(16, 36, 7)
(16, 37, 7)
(16, 38, 7)
(16, 39, 7)

(17, 0, 50)
(17, 1, 38)
(17, 2, 38)
(17, 3, 26)
(17, 4, 26)
(17, 5, 26)
(17, 6, 16)
(17, 7, 16)
(17, 8, 16)
(17, 9, 16)
(17, 10, 16)
(17, 11, 16)
(17, 12, 15)
(17, 13, 15)
(17, 14, 15)
(17, 15, 15)
(17, 16, 15)
(17, 17, 11)
(17, 18, 11)
(17, 19, 11)
(17, 20, 11)
(17, 21, 11)
(17, 22, 11)
(17, 23, 11)
(17, 24, 9)
(17, 25, 9)
(17, 26, 9)
(17, 27, 9)
(17, 28, 9)
(17, 29, 9)
(17, 30, 7)
(17, 31, 7)
(17, 32, 7)
(17, 33, 7)
(17, 34, 7)
(17, 35, 7)
(17, 36, 7)
(17, 37, 7)
(17, 38, 7)
(17, 39, 7)

(18, 0, 50)
(18, 1, 38)
(18, 2, 38)
(18, 3, 26)
(18, 4, 26)
(18, 5, 26)
(18, 6, 16)
(18, 7, 16)
(18, 8, 16)
(18, 9, 16)
(18, 10, 16)
(18, 11, 16)
(18, 12, 15)
(18, 13, 15)
(18, 14, 15)
(18, 15, 15)
(18, 16, 15)
(18, 17, 11)
(18, 18, 11)
(18, 19, 11)
(18, 20, 11)
(18, 21, 11)
(18, 22, 11)
(18, 23, 11)
(18, 24, 9)
(18, 25, 9)
(18, 26, 9)
(18, 27, 9)
(18, 28, 9)
(18, 29, 9)
(18, 30, 7)
(18, 31, 7)
(18, 32, 7)
(18, 33, 7)
(18, 34, 7)
(18, 35, 7)
(18, 36, 7)
(18, 37, 7)
(18, 38, 7)
(18, 39, 7)

(19, 0, 50)
(19, 1, 38)
(19, 2, 38)
(19, 3, 26)
(19, 4, 26)
(19, 5, 26)
(19, 6, 16)
(19, 7, 16)
(19, 8, 16)
(19, 9, 16)
(19, 10, 16)
(19, 11, 16)
(19, 12, 15)
(19, 13, 15)
(19, 14, 15)
(19, 15, 15)
(19, 16, 15)
(19, 17, 11)
(19, 18, 11)
(19, 19, 11)
(19, 20, 11)
(19, 21, 11)
(19, 22, 11)
(19, 23, 11)
(19, 24, 9)
(19, 25, 9)
(19, 26, 9)
(19, 27, 9)
(19, 28, 9)
(19, 29, 9)
(19, 30, 7)
(19, 31, 7)
(19, 32, 7)
(19, 33, 7)
(19, 34, 7)
(19, 35, 7)
(19, 36, 7)
(19, 37, 7)
(19, 38, 7)
(19, 39, 7)

(20, 0, 66)
(20, 1, 48)
(20, 2, 48)
(20, 3, 30)
(20, 4, 30)
(20, 5, 29)
(20, 6, 18)
(20, 7, 18)
(20, 8, 18)
(20, 9, 18)
(20, 10, 18)
(20, 11, 18)
(20, 12, 17)
(20, 13, 17)
(20, 14, 17)
(20, 15, 17)
(20, 16, 17)
(20, 17, 13)
(20, 18, 13)
(20, 19, 13)
(20, 20, 13)
(20, 21, 13)
(20, 22, 13)
(20, 23, 13)
(20, 24, 10)
(20, 25, 10)
(20, 26, 10)
(20, 27, 10)
(20, 28, 10)
(20, 29, 10)
(20, 30, 8)
(20, 31, 8)
(20, 32, 8)
(20, 33, 8)
(20, 34, 8)
(20, 35, 8)
(20, 36, 8)
(20, 37, 8)
(20, 38, 8)
(20, 39, 8)

(21, 0, 66)
(21, 1, 48)
(21, 2, 48)
(21, 3, 30)
(21, 4, 30)
(21, 5, 29)
(21, 6, 18)
(21, 7, 18)
(21, 8, 18)
(21, 9, 18)
(21, 10, 18)
(21, 11, 18)
(21, 12, 17)
(21, 13, 17)
(21, 14, 17)
(21, 15, 17)
(21, 16, 17)
(21, 17, 13)
(21, 18, 13)
(21, 19, 13)
(21, 20, 13)
(21, 21, 13)
(21, 22, 13)
(21, 23, 13)
(21, 24, 10)
(21, 25, 10)
(21, 26, 10)
(21, 27, 10)
(21, 28, 10)
(21, 29, 10)
(21, 30, 8)
(21, 31, 8)
(21, 32, 8)
(21, 33, 8)
(21, 34, 8)
(21, 35, 8)
(21, 36, 8)
(21, 37, 8)
(21, 38, 8)
(21, 39, 8)

(22, 0, 80)
(22, 1, 56)
(22, 2, 56)
(22, 3, 32)
(22, 4, 32)
(22, 5, 31)
(22, 6, 19)
(22, 7, 19)
(22, 8, 19)
(22, 9, 19)
(22, 10, 19)
(22, 11, 19)
(22, 12, 17)
(22, 13, 17)
(22, 14, 17)
(22, 15, 17)
(22, 16, 17)
(22, 17, 13)
(22, 18, 13)
(22, 19, 13)
(22, 20, 13)
(22, 21, 13)
(22, 22, 13)
(22, 23, 13)
(22, 24, 10)
(22, 25, 10)
(22, 26, 10)
(22, 27, 10)
(22, 28, 10)
(22, 29, 10)
(22, 30, 8)
(22, 31, 8)
(22, 32, 8)
(22, 33, 8)
(22, 34, 8)
(22, 35, 8)
(22, 36, 8)
(22, 37, 8)
(22, 38, 8)
(22, 39, 8)

(23, 0, 83)
(23, 1, 59)
(23, 2, 59)
(23, 3, 34)
(23, 4, 34)
(23, 5, 33)
(23, 6, 21)
(23, 7, 21)
(23, 8, 21)
(23, 9, 21)
(23, 10, 21)
(23, 11, 21)
(23, 12, 18)
(23, 13, 18)
(23, 14, 18)
(23, 15, 18)
(23, 16, 18)
(23, 17, 14)
(23, 18, 14)
(23, 19, 14)
(23, 20, 14)
(23, 21, 14)
(23, 22, 14)
(23, 23, 14)
(23, 24, 11)
(23, 25, 11)
(23, 26, 11)
(23, 27, 11)
(23, 28, 11)
(23, 29, 11)
(23, 30, 9)
(23, 31, 9)
(23, 32, 9)
(23, 33, 9)
(23, 34, 9)
(23, 35, 9)
(23, 36, 9)
(23, 37, 9)
(23, 38, 9)
(23, 39, 9)

(24, 0, 96)
(24, 1, 68)
(24, 2, 68)
(24, 3, 36)
(24, 4, 36)
(24, 5, 35)
(24, 6, 21)
(24, 7, 21)
(24, 8, 21)
(24, 9, 21)
(24, 10, 21)
(24, 11, 21)
(24, 12, 18)
(24, 13, 18)
(24, 14, 18)
(24, 15, 18)
(24, 16, 18)
(24, 17, 14)
(24, 18, 14)
(24, 19, 14)
(24, 20, 14)
(24, 21, 14)
(24, 22, 14)
(24, 23, 14)
(24, 24, 11)
(24, 25, 11)
(24, 26, 11)
(24, 27, 11)
(24, 28, 11)
(24, 29, 11)
(24, 30, 9)
(24, 31, 9)
(24, 32, 9)
(24, 33, 9)
(24, 34, 9)
(24, 35, 9)
(24, 36, 9)
(24, 37, 9)
(24, 38, 9)
(24, 39, 9)

(25, 0, 108)
(25, 1, 72)
(25, 2, 72)
(25, 3, 36)
(25, 4, 36)
(25, 5, 35)
(25, 6, 21)
(25, 7, 21)
(25, 8, 21)
(25, 9, 21)
(25, 10, 21)
(25, 11, 21)
(25, 12, 18)
(25, 13, 18)
(25, 14, 18)
(25, 15, 18)
(25, 16, 18)
(25, 17, 14)
(25, 18, 14)
(25, 19, 14)
(25, 20, 14)
(25, 21, 14)
(25, 22, 14)
(25, 23, 14)
(25, 24, 11)
(25, 25, 11)
(25, 26, 11)
(25, 27, 11)
(25, 28, 11)
(25, 29, 11)
(25, 30, 9)
(25, 31, 9)
(25, 32, 9)
(25, 33, 9)
(25, 34, 9)
(25, 35, 9)
(25, 36, 9)
(25, 37, 9)
(25, 38, 9)
(25, 39, 9)

(26, 0, 108)
(26, 1, 72)
(26, 2, 72)
(26, 3, 36)
(26, 4, 36)
(26, 5, 35)
(26, 6, 21)
(26, 7, 21)
(26, 8, 21)
(26, 9, 21)
(26, 10, 21)
(26, 11, 21)
(26, 12, 18)
(26, 13, 18)
(26, 14, 18)
(26, 15, 18)
(26, 16, 18)
(26, 17, 14)
(26, 18, 14)
(26, 19, 14)
(26, 20, 14)
(26, 21, 14)
(26, 22, 14)
(26, 23, 14)
(26, 24, 11)
(26, 25, 11)
(26, 26, 11)
(26, 27, 11)
(26, 28, 11)
(26, 29, 11)
(26, 30, 9)
(26, 31, 9)
(26, 32, 9)
(26, 33, 9)
(26, 34, 9)
(26, 35, 9)
(26, 36, 9)
(26, 37, 9)
(26, 38, 9)
(26, 39, 9)

(27, 0, 108)
(27, 1, 72)
(27, 2, 72)
(27, 3, 36)
(27, 4, 36)
(27, 5, 35)
(27, 6, 21)
(27, 7, 21)
(27, 8, 21)
(27, 9, 21)
(27, 10, 21)
(27, 11, 21)
(27, 12, 18)
(27, 13, 18)
(27, 14, 18)
(27, 15, 18)
(27, 16, 18)
(27, 17, 14)
(27, 18, 14)
(27, 19, 14)
(27, 20, 14)
(27, 21, 14)
(27, 22, 14)
(27, 23, 14)
(27, 24, 11)
(27, 25, 11)
(27, 26, 11)
(27, 27, 11)
(27, 28, 11)
(27, 29, 11)
(27, 30, 9)
(27, 31, 9)
(27, 32, 9)
(27, 33, 9)
(27, 34, 9)
(27, 35, 9)
(27, 36, 9)
(27, 37, 9)
(27, 38, 9)
(27, 39, 9)

(28, 0, 108)
(28, 1, 72)
(28, 2, 72)
(28, 3, 36)
(28, 4, 36)
(28, 5, 35)
(28, 6, 21)
(28, 7, 21)
(28, 8, 21)
(28, 9, 21)
(28, 10, 21)
(28, 11, 21)
(28, 12, 18)
(28, 13, 18)
(28, 14, 18)
(28, 15, 18)
(28, 16, 18)
(28, 17, 14)
(28, 18, 14)
(28, 19, 14)
(28, 20, 14)
(28, 21, 14)
(28, 22, 14)
(28, 23, 14)
(28, 24, 11)
(28, 25, 11)
(28, 26, 11)
(28, 27, 11)
(28, 28, 11)
(28, 29, 11)
(28, 30, 9)
(28, 31, 9)
(28, 32, 9)
(28, 33, 9)
(28, 34, 9)
(28, 35, 9)
(28, 36, 9)
(28, 37, 9)
(28, 38, 9)
(28, 39, 9)

(29, 0, 108)
(29, 1, 72)
(29, 2, 72)
(29, 3, 36)
(29, 4, 36)
(29, 5, 35)
(29, 6, 21)
(29, 7, 21)
(29, 8, 21)
(29, 9, 21)
(29, 10, 21)
(29, 11, 21)
(29, 12, 18)
(29, 13, 18)
(29, 14, 18)
(29, 15, 18)
(29, 16, 18)
(29, 17, 14)
(29, 18, 14)
(29, 19, 14)
(29, 20, 14)
(29, 21, 14)
(29, 22, 14)
(29, 23, 14)
(29, 24, 11)
(29, 25, 11)
(29, 26, 11)
(29, 27, 11)
(29, 28, 11)
(29, 29, 11)
(29, 30, 9)
(29, 31, 9)
(29, 32, 9)
(29, 33, 9)
(29, 34, 9)
(29, 35, 9)
(29, 36, 9)
(29, 37, 9)
(29, 38, 9)
(29, 39, 9)

(30, 0, 108)
(30, 1, 72)
(30, 2, 72)
(30, 3, 36)
(30, 4, 36)
(30, 5, 35)
(30, 6, 21)
(30, 7, 21)
(30, 8, 21)
(30, 9, 21)
(30, 10, 21)
(30, 11, 21)
(30, 12, 18)
(30, 13, 18)
(30, 14, 18)
(30, 15, 18)
(30, 16, 18)
(30, 17, 14)
(30, 18, 14)
(30, 19, 14)
(30, 20, 14)
(30, 21, 14)
(30, 22, 14)
(30, 23, 14)
(30, 24, 11)
(30, 25, 11)
(30, 26, 11)
(30, 27, 11)
(30, 28, 11)
(30, 29, 11)
(30, 30, 9)
(30, 31, 9)
(30, 32, 9)
(30, 33, 9)
(30, 34, 9)
(30, 35, 9)
(30, 36, 9)
(30, 37, 9)
(30, 38, 9)
(30, 39, 9)

(31, 0, 108)
(31, 1, 72)
(31, 2, 72)
(31, 3, 36)
(31, 4, 36)
(31, 5, 35)
(31, 6, 21)
(31, 7, 21)
(31, 8, 21)
(31, 9, 21)
(31, 10, 21)
(31, 11, 21)
(31, 12, 18)
(31, 13, 18)
(31, 14, 18)
(31, 15, 18)
(31, 16, 18)
(31, 17, 14)
(31, 18, 14)
(31, 19, 14)
(31, 20, 14)
(31, 21, 14)
(31, 22, 14)
(31, 23, 14)
(31, 24, 11)
(31, 25, 11)
(31, 26, 11)
(31, 27, 11)
(31, 28, 11)
(31, 29, 11)
(31, 30, 9)
(31, 31, 9)
(31, 32, 9)
(31, 33, 9)
(31, 34, 9)
(31, 35, 9)
(31, 36, 9)
(31, 37, 9)
(31, 38, 9)
(31, 39, 9)

(32, 0, 108)
(32, 1, 72)
(32, 2, 72)
(32, 3, 36)
(32, 4, 36)
(32, 5, 35)
(32, 6, 21)
(32, 7, 21)
(32, 8, 21)
(32, 9, 21)
(32, 10, 21)
(32, 11, 21)
(32, 12, 18)
(32, 13, 18)
(32, 14, 18)
(32, 15, 18)
(32, 16, 18)
(32, 17, 14)
(32, 18, 14)
(32, 19, 14)
(32, 20, 14)
(32, 21, 14)
(32, 22, 14)
(32, 23, 14)
(32, 24, 11)
(32, 25, 11)
(32, 26, 11)
(32, 27, 11)
(32, 28, 11)
(32, 29, 11)
(32, 30, 9)
(32, 31, 9)
(32, 32, 9)
(32, 33, 9)
(32, 34, 9)
(32, 35, 9)
(32, 36, 9)
(32, 37, 9)
(32, 38, 9)
(32, 39, 9)

(33, 0, 108)
(33, 1, 72)
(33, 2, 72)
(33, 3, 36)
(33, 4, 36)
(33, 5, 35)
(33, 6, 21)
(33, 7, 21)
(33, 8, 21)
(33, 9, 21)
(33, 10, 21)
(33, 11, 21)
(33, 12, 18)
(33, 13, 18)
(33, 14, 18)
(33, 15, 18)
(33, 16, 18)
(33, 17, 14)
(33, 18, 14)
(33, 19, 14)
(33, 20, 14)
(33, 21, 14)
(33, 22, 14)
(33, 23, 14)
(33, 24, 11)
(33, 25, 11)
(33, 26, 11)
(33, 27, 11)
(33, 28, 11)
(33, 29, 11)
(33, 30, 9)
(33, 31, 9)
(33, 32, 9)
(33, 33, 9)
(33, 34, 9)
(33, 35, 9)
(33, 36, 9)
(33, 37, 9)
(33, 38, 9)
(33, 39, 9)

(34, 0, 108)
(34, 1, 72)
(34, 2, 72)
(34, 3, 36)
(34, 4, 36)
(34, 5, 35)
(34, 6, 21)
(34, 7, 21)
(34, 8, 21)
(34, 9, 21)
(34, 10, 21)
(34, 11, 21)
(34, 12, 18)
(34, 13, 18)
(34, 14, 18)
(34, 15, 18)
(34, 16, 18)
(34, 17, 14)
(34, 18, 14)
(34, 19, 14)
(34, 20, 14)
(34, 21, 14)
(34, 22, 14)
(34, 23, 14)
(34, 24, 11)
(34, 25, 11)
(34, 26, 11)
(34, 27, 11)
(34, 28, 11)
(34, 29, 11)
(34, 30, 9)
(34, 31, 9)
(34, 32, 9)
(34, 33, 9)
(34, 34, 9)
(34, 35, 9)
(34, 36, 9)
(34, 37, 9)
(34, 38, 9)
(34, 39, 9)

(35, 0, 109)
(35, 1, 73)
(35, 2, 73)
(35, 3, 37)
(35, 4, 37)
(35, 5, 36)
(35, 6, 22)
(35, 7, 22)
(35, 8, 22)
(35, 9, 22)
(35, 10, 22)
(35, 11, 22)
(35, 12, 19)
(35, 13, 19)
(35, 14, 19)
(35, 15, 19)
(35, 16, 19)
(35, 17, 15)
(35, 18, 15)
(35, 19, 15)
(35, 20, 15)
(35, 21, 15)
(35, 22, 15)
(35, 23, 15)
(35, 24, 12)
(35, 25, 12)
(35, 26, 12)
(35, 27, 12)
(35, 28, 12)
(35, 29, 12)
(35, 30, 10)
(35, 31, 10)
(35, 32, 10)
(35, 33, 10)
(35, 34, 10)
(35, 35, 10)
(35, 36, 10)
(35, 37, 10)
(35, 38, 10)
(35, 39, 10)

(36, 0, 109)
(36, 1, 73)
(36, 2, 73)
(36, 3, 37)
(36, 4, 37)
(36, 5, 36)
(36, 6, 22)
(36, 7, 22)
(36, 8, 22)
(36, 9, 22)
(36, 10, 22)
(36, 11, 22)
(36, 12, 19)
(36, 13, 19)
(36, 14, 19)
(36, 15, 19)
(36, 16, 19)
(36, 17, 15)
(36, 18, 15)
(36, 19, 15)
(36, 20, 15)
(36, 21, 15)
(36, 22, 15)
(36, 23, 15)
(36, 24, 12)
(36, 25, 12)
(36, 26, 12)
(36, 27, 12)
(36, 28, 12)
(36, 29, 12)
(36, 30, 10)
(36, 31, 10)
(36, 32, 10)
(36, 33, 10)
(36, 34, 10)
(36, 35, 10)
(36, 36, 10)
(36, 37, 10)
(36, 38, 10)
(36, 39, 10)

(37, 0, 109)
(37, 1, 73)
(37, 2, 73)
(37, 3, 37)
(37, 4, 37)
(37, 5, 36)
(37, 6, 22)
(37, 7, 22)
(37, 8, 22)
(37, 9, 22)
(37, 10, 22)
(37, 11, 22)
(37, 12, 19)
(37, 13, 19)
(37, 14, 19)
(37, 15, 19)
(37, 16, 19)
(37, 17, 15)
(37, 18, 15)
(37, 19, 15)
(37, 20, 15)
(37, 21, 15)
(37, 22, 15)
(37, 23, 15)
(37, 24, 12)
(37, 25, 12)
(37, 26, 12)
(37, 27, 12)
(37, 28, 12)
(37, 29, 12)
(37, 30, 10)
(37, 31, 10)
(37, 32, 10)
(37, 33, 10)
(37, 34, 10)
(37, 35, 10)
(37, 36, 10)
(37, 37, 10)
(37, 38, 10)
(37, 39, 10)

(38, 0, 125)
(38, 1, 83)
(38, 2, 83)
(38, 3, 41)
(38, 4, 41)
(38, 5, 39)
(38, 6, 24)
(38, 7, 24)
(38, 8, 24)
(38, 9, 24)
(38, 10, 24)
(38, 11, 24)
(38, 12, 20)
(38, 13, 20)
(38, 14, 20)
(38, 15, 20)
(38, 16, 20)
(38, 17, 16)
(38, 18, 16)
(38, 19, 16)
(38, 20, 16)
(38, 21, 16)
(38, 22, 16)
(38, 23, 16)
(38, 24, 12)
(38, 25, 12)
(38, 26, 12)
(38, 27, 12)
(38, 28, 12)
(38, 29, 12)
(38, 30, 10)
(38, 31, 10)
(38, 32, 10)
(38, 33, 10)
(38, 34, 10)
(38, 35, 10)
(38, 36, 10)
(38, 37, 10)
(38, 38, 10)
(38, 39, 10)

(39, 0, 138)
(39, 1, 90)
(39, 2, 90)
(39, 3, 42)
(39, 4, 42)
(39, 5, 40)
(39, 6, 24)
(39, 7, 24)
(39, 8, 24)
(39, 9, 24)
(39, 10, 24)
(39, 11, 24)
(39, 12, 20)
(39, 13, 20)
(39, 14, 20)
(39, 15, 20)
(39, 16, 20)
(39, 17, 16)
(39, 18, 16)
(39, 19, 16)
(39, 20, 16)
(39, 21, 16)
(39, 22, 16)
(39, 23, 16)
(39, 24, 12)
(39, 25, 12)
(39, 26, 12)
(39, 27, 12)
(39, 28, 12)
(39, 29, 12)
(39, 30, 10)
(39, 31, 10)
(39, 32, 10)
(39, 33, 10)
(39, 34, 10)
(39, 35, 10)
(39, 36, 10)
(39, 37, 10)
(39, 38, 10)
(39, 39, 10)


Betti numbers:
xi_0:
(0, 0, 1)
(2, 0, 2)
(3, 0, 1)
(4, 0, 1)
(5, 0, 2)
(6, 0, 2)
(7, 0, 1)
(8, 0, 2)
(9, 0, 4)
(10, 0, 1)
(12, 0, 2)
(14, 0, 4)
(15, 0, 10)
(16, 0, 11)
(17, 0, 6)
(20, 0, 16)
(22, 0, 14)
(23, 0, 3)
(24, 0, 13)
(25, 0, 12)
(35, 0, 1)
(38, 0, 16)
(39, 0, 13)
xi_1:
(2, 24, 1)
(3, 6, 1)
(5, 6, 1)
(5, 17, 1)
(6, 6, 1)
(7, 24, 1)
(8, 6, 1)
(9, 6, 1)
(9, 17, 2)
(9, 30, 1)
(10, 6, 1)
(12, 6, 1)
(14, 3, 1)
(14, 6, 1)
(14, 17, 1)
(15, 1, 5)
(15, 3, 4)
(15, 6, 1)
(16, 1, 3)
(16, 3, 5)
(16, 6, 1)
(16, 12, 1)
(16, 30, 1)
(17, 1, 4)
(17, 3, 2)
(20, 1, 6)
(20, 3, 6)
(20, 5, 1)
(20, 6, 1)
(20, 24, 1)
(22, 1, 6)
(22, 3, 6)
(22, 6, 1)
(22, 12, 1)
(23, 3, 1)
(23, 12, 1)
(24, 1, 4)
(24, 3, 7)
(24, 6, 2)
(25, 1, 8)
(25, 3, 4)
(38, 1, 6)
(38, 3, 6)
(38, 5, 1)
(38, 6, 1)
(38, 12, 1)
(38, 24, 1)
(39, 1, 6)
(39, 3, 6)
(39, 6, 1)
xi_2:
