x-grades
-13460136355211207/8000000000000000
-6618554006789529/4000000000000000
-13014079671946909/8000000000000000
-319776283257869/200000000000000
-12568022988682611/8000000000000000
-6172497323525231/4000000000000000
-12121966305418313/8000000000000000
-2974734490946541/2000000000000000
-2335181924430803/1600000000000000
-5726440640260933/4000000000000000
-11229852938889717/8000000000000000
-343963268664299/250000000000000
-10783796255625419/8000000000000000
-1056076791399327/800000000000000
-10337739572361121/8000000000000000
-2528677807682243/2000000000000000
-9891682889096823/8000000000000000
-4834327273732337/4000000000000000
-377825048233301/320000000000000
-1152824733025047/1000000000000000
-8999569522568227/8000000000000000
-4388270590468039/4000000000000000
-8553512839303929/8000000000000000
-416524224883589/400000000000000
-8107456156039631/8000000000000000
-3942213907203741/4000000000000000
-7661399472775333/8000000000000000
-464898195696449/500000000000000
-1443068557902207/1600000000000000
-3496157223939443/4000000000000000
-6769286106246737/8000000000000000
-1636564441153647/2000000000000000
-6323229422982439/8000000000000000
-610020108135029/800000000000000
-5877172739718141/8000000000000000
-706768049760749/1000000000000000
-5431116056453843/8000000000000000
-2604043857410847/4000000000000000
-997011874637909/1600000000000000
-1190507757889349/2000000000000000

y-grades
9865933/40000000
9865933/20000000
29597799/40000000
9865933/10000000
9865933/8000000
29597799/20000000
69061531/40000000
9865933/5000000
88793397/40000000
9865933/4000000
108525263/40000000
29597799/10000000
128257129/40000000
69061531/20000000
29597799/8000000
9865933/2500000
167720861/40000000
88793397/20000000
187452727/40000000
9865933/2000000
207184593/40000000
108525263/20000000
226916459/40000000
29597799/5000000
9865933/1600000
128257129/20000000
266380191/40000000
69061531/10000000
286112057/40000000
29597799/4000000
305843923/40000000
9865933/1250000
325575789/40000000
167720861/20000000
69061531/8000000
88793397/10000000
365039521/40000000
187452727/20000000
384771387/40000000
9865933/1000000

Dimensions > 0:
(0, 0, 2)
(0, 1, 2)
(0, 2, 2)
(0, 3, 2)
(0, 4, 1)
(0, 5, 1)
(0, 6, 1)
(0, 7, 1)
(0, 8, 1)
(0, 9, 1)
(0, 10, 1)
(0, 11, 1)
(0, 12, 1)
(0, 13, 1)
(0, 14, 1)
(0, 15, 1)
(0, 16, 1)
(0, 17, 1)
(0, 18, 1)
(0, 19, 1)
(0, 20, 1)
(0, 21, 1)
(0, 22, 1)
(0, 23, 1)
(0, 24, 1)
(0, 25, 1)
(0, 26, 1)
(0, 27, 1)
(0, 28, 1)
(0, 29, 1)
(0, 30, 1)
(0, 31, 1)
(0, 32, 1)
(0, 33, 1)
(0, 34, 1)
(0, 35, 1)
(0, 36, 1)
(0, 37, 1)
(0, 38, 1)
(0, 39, 1)

(1, 0, 6)
(1, 1, 6)
(1, 2, 6)
(1, 3, 3)
(1, 4, 1)
(1, 5, 1)
(1, 6, 1)
(1, 7, 1)
(1, 8, 1)
(1, 9, 1)
(1, 10, 1)
(1, 11, 1)
(1, 12, 1)
(1, 13, 1)
(1, 14, 1)
(1, 15, 1)
(1, 16, 1)
(1, 17, 1)
(1, 18, 1)
(1, 19, 1)
(1, 20, 1)
(1, 21, 1)
(1, 22, 1)
(1, 23, 1)
(1, 24, 1)
(1, 25, 1)
(1, 26, 1)
(1, 27, 1)
(1, 28, 1)
(1, 29, 1)
(1, 30, 1)
(1, 31, 1)
(1, 32, 1)
(1, 33, 1)
(1, 34, 1)
(1, 35, 1)
(1, 36, 1)
(1, 37, 1)
(1, 38, 1)
(1, 39, 1)

(2, 0, 11)
(2, 1, 11)
(2, 2, 11)
(2, 3, 7)
(2, 4, 5)
(2, 5, 4)
(2, 6, 4)
(2, 7, 3)
(2, 8, 3)
(2, 9, 3)
(2, 10, 3)
(2, 11, 3)
(2, 12, 3)
(2, 13, 3)
(2, 14, 3)
(2, 15, 3)
(2, 16, 3)
(2, 17, 3)
(2, 18, 3)
(2, 19, 3)
(2, 20, 3)
(2, 21, 3)
(2, 22, 3)
(2, 23, 3)
(2, 24, 3)
(2, 25, 3)
(2, 26, 3)
(2, 27, 3)
(2, 28, 3)
(2, 29, 3)
(2, 30, 3)
(2, 31, 3)
(2, 32, 3)
(2, 33, 3)
(2, 34, 3)
(2, 35, 3)
(2, 36, 3)
(2, 37, 3)
(2, 38, 3)
(2, 39, 3)

(3, 0, 14)
(3, 1, 14)
(3, 2, 14)
(3, 3, 8)
(3, 4, 6)
(3, 5, 4)
(3, 6, 4)
(3, 7, 3)
(3, 8, 3)
(3, 9, 3)
(3, 10, 3)
(3, 11, 3)
(3, 12, 3)
(3, 13, 3)
(3, 14, 3)
(3, 15, 3)
(3, 16, 3)
(3, 17, 3)
(3, 18, 3)
(3, 19, 3)
(3, 20, 3)
(3, 21, 3)
(3, 22, 3)
(3, 23, 3)
(3, 24, 3)
(3, 25, 3)
(3, 26, 3)
(3, 27, 3)
(3, 28, 3)
(3, 29, 3)
(3, 30, 3)
(3, 31, 3)
(3, 32, 3)
(3, 33, 3)
(3, 34, 3)
(3, 35, 3)
(3, 36, 3)
(3, 37, 3)
(3, 38, 3)
(3, 39, 3)

(4, 0, 17)
(4, 1, 17)
(4, 2, 17)
(4, 3, 11)
(4, 4, 9)
(4, 5, 7)
(4, 6, 7)
(4, 7, 4)
(4, 8, 4)
(4, 9, 4)
(4, 10, 4)
(4, 11, 4)
(4, 12, 4)
(4, 13, 4)
(4, 14, 4)
(4, 15, 4)
(4, 16, 4)
(4, 17, 4)
(4, 18, 4)
(4, 19, 4)
(4, 20, 4)
(4, 21, 4)
(4, 22, 4)
(4, 23, 4)
(4, 24, 4)
(4, 25, 4)
(4, 26, 4)
(4, 27, 4)
(4, 28, 4)
(4, 29, 4)
(4, 30, 4)
(4, 31, 4)
(4, 32, 4)
(4, 33, 4)
(4, 34, 4)
(4, 35, 4)
(4, 36, 4)
(4, 37, 4)
(4, 38, 4)
(4, 39, 4)

(5, 0, 21)
(5, 1, 21)
(5, 2, 21)
(5, 3, 13)
(5, 4, 11)
(5, 5, 9)
(5, 6, 9)
(5, 7, 6)
(5, 8, 6)
(5, 9, 6)
(5, 10, 6)
(5, 11, 6)
(5, 12, 6)
(5, 13, 6)
(5, 14, 6)
(5, 15, 5)
(5, 16, 5)
(5, 17, 4)
(5, 18, 4)
(5, 19, 4)
(5, 20, 4)
(5, 21, 4)
(5, 22, 4)
(5, 23, 4)
(5, 24, 4)
(5, 25, 4)
(5, 26, 4)
(5, 27, 4)
(5, 28, 4)
(5, 29, 4)
(5, 30, 4)
(5, 31, 4)
(5, 32, 4)
(5, 33, 4)
(5, 34, 4)
(5, 35, 4)
(5, 36, 4)
(5, 37, 4)
(5, 38, 4)
(5, 39, 4)

(6, 0, 23)
(6, 1, 23)
(6, 2, 23)
(6, 3, 14)
(6, 4, 12)
(6, 5, 10)
(6, 6, 10)
(6, 7, 6)
(6, 8, 6)
(6, 9, 6)
(6, 10, 6)
(6, 11, 6)
(6, 12, 6)
(6, 13, 6)
(6, 14, 6)
(6, 15, 5)
(6, 16, 5)
(6, 17, 4)
(6, 18, 4)
(6, 19, 4)
(6, 20, 4)
(6, 21, 4)
(6, 22, 4)
(6, 23, 4)
(6, 24, 4)
(6, 25, 4)
(6, 26, 4)
(6, 27, 4)
(6, 28, 4)
(6, 29, 4)
(6, 30, 4)
(6, 31, 4)
(6, 32, 4)
(6, 33, 4)
(6, 34, 4)
(6, 35, 4)
(6, 36, 4)
(6, 37, 4)
(6, 38, 4)
(6, 39, 4)

(7, 0, 23)
(7, 1, 23)
(7, 2, 23)
(7, 3, 14)
(7, 4, 12)
(7, 5, 10)
(7, 6, 10)
(7, 7, 6)
(7, 8, 6)
(7, 9, 6)
(7, 10, 6)
(7, 11, 6)
(7, 12, 6)
(7, 13, 6)
(7, 14, 6)
(7, 15, 5)
(7, 16, 5)
(7, 17, 4)
(7, 18, 4)
(7, 19, 4)
(7, 20, 4)
(7, 21, 4)
(7, 22, 4)
(7, 23, 4)
(7, 24, 4)
(7, 25, 4)
(7, 26, 4)
(7, 27, 4)
(7, 28, 4)
(7, 29, 4)
(7, 30, 4)
(7, 31, 4)
(7, 32, 4)
(7, 33, 4)
(7, 34, 4)
(7, 35, 4)
(7, 36, 4)
(7, 37, 4)
(7, 38, 4)
(7, 39, 4)

(8, 0, 23)
(8, 1, 23)
(8, 2, 23)
(8, 3, 14)
(8, 4, 12)
(8, 5, 10)
(8, 6, 10)
(8, 7, 6)
(8, 8, 6)
(8, 9, 6)
(8, 10, 6)
(8, 11, 6)
(8, 12, 6)
(8, 13, 6)
(8, 14, 6)
(8, 15, 5)
(8, 16, 5)
(8, 17, 4)
(8, 18, 4)
(8, 19, 4)
(8, 20, 4)
(8, 21, 4)
(8, 22, 4)
(8, 23, 4)
(8, 24, 4)
(8, 25, 4)
(8, 26, 4)
(8, 27, 4)
(8, 28, 4)
(8, 29, 4)
(8, 30, 4)
(8, 31, 4)
(8, 32, 4)
(8, 33, 4)
(8, 34, 4)
(8, 35, 4)
(8, 36, 4)
(8, 37, 4)
(8, 38, 4)
(8, 39, 4)

(9, 0, 23)
(9, 1, 23)
(9, 2, 23)
(9, 3, 14)
(9, 4, 12)
(9, 5, 10)
(9, 6, 10)
(9, 7, 6)
(9, 8, 6)
(9, 9, 6)
(9, 10, 6)
(9, 11, 6)
(9, 12, 6)
(9, 13, 6)
(9, 14, 6)
(9, 15, 5)
(9, 16, 5)
(9, 17, 4)
(9, 18, 4)
(9, 19, 4)
(9, 20, 4)
(9, 21, 4)
(9, 22, 4)
(9, 23, 4)
(9, 24, 4)
(9, 25, 4)
(9, 26, 4)
(9, 27, 4)
(9, 28, 4)
(9, 29, 4)
(9, 30, 4)
(9, 31, 4)
(9, 32, 4)
(9, 33, 4)
(9, 34, 4)
(9, 35, 4)
(9, 36, 4)
(9, 37, 4)
(9, 38, 4)
(9, 39, 4)

(10, 0, 23)
(10, 1, 23)
(10, 2, 23)
(10, 3, 14)
(10, 4, 12)
(10, 5, 10)
(10, 6, 10)
(10, 7, 6)
(10, 8, 6)
(10, 9, 6)
(10, 10, 6)
(10, 11, 6)
(10, 12, 6)
(10, 13, 6)
(10, 14, 6)
(10, 15, 5)
(10, 16, 5)
(10, 17, 4)
(10, 18, 4)
(10, 19, 4)
(10, 20, 4)
(10, 21, 4)
(10, 22, 4)
(10, 23, 4)
(10, 24, 4)
(10, 25, 4)
(10, 26, 4)
(10, 27, 4)
(10, 28, 4)
(10, 29, 4)
(10, 30, 4)
(10, 31, 4)
(10, 32, 4)
(10, 33, 4)
(10, 34, 4)
(10, 35, 4)
(10, 36, 4)
(10, 37, 4)
(10, 38, 4)
(10, 39, 4)

(11, 0, 23)
(11, 1, 23)
(11, 2, 23)
(11, 3, 14)
(11, 4, 12)
(11, 5, 10)
(11, 6, 10)
(11, 7, 6)
(11, 8, 6)
(11, 9, 6)
(11, 10, 6)
(11, 11, 6)
(11, 12, 6)
(11, 13, 6)
(11, 14, 6)
(11, 15, 5)
(11, 16, 5)
(11, 17, 4)
(11, 18, 4)
(11, 19, 4)
(11, 20, 4)
(11, 21, 4)
(11, 22, 4)
(11, 23, 4)
(11, 24, 4)
(11, 25, 4)
(11, 26, 4)
(11, 27, 4)
(11, 28, 4)
(11, 29, 4)
(11, 30, 4)
(11, 31, 4)
(11, 32, 4)
(11, 33, 4)
(11, 34, 4)
(11, 35, 4)
(11, 36, 4)
(11, 37, 4)
(11, 38, 4)
(11, 39, 4)

(12, 0, 23)
(12, 1, 23)
(12, 2, 23)
(12, 3, 14)
(12, 4, 12)
(12, 5, 10)
(12, 6, 10)
(12, 7, 6)
(12, 8, 6)
(12, 9, 6)
(12, 10, 6)
(12, 11, 6)
(12, 12, 6)
(12, 13, 6)
(12, 14, 6)
(12, 15, 5)
(12, 16, 5)
(12, 17, 4)
(12, 18, 4)
(12, 19, 4)
(12, 20, 4)
(12, 21, 4)
(12, 22, 4)
(12, 23, 4)
(12, 24, 4)
(12, 25, 4)
(12, 26, 4)
(12, 27, 4)
(12, 28, 4)
(12, 29, 4)
(12, 30, 4)
(12, 31, 4)
(12, 32, 4)
(12, 33, 4)
(12, 34, 4)
(12, 35, 4)
(12, 36, 4)
(12, 37, 4)
(12, 38, 4)
(12, 39, 4)

(13, 0, 23)
(13, 1, 23)
(13, 2, 23)
(13, 3, 14)
(13, 4, 12)
(13, 5, 10)
(13, 6, 10)
(13, 7, 6)
(13, 8, 6)
(13, 9, 6)
(13, 10, 6)
(13, 11, 6)
(13, 12, 6)
(13, 13, 6)
(13, 14, 6)
(13, 15, 5)
(13, 16, 5)
(13, 17, 4)
(13, 18, 4)
(13, 19, 4)
(13, 20, 4)
(13, 21, 4)
(13, 22, 4)
(13, 23, 4)
(13, 24, 4)
(13, 25, 4)
(13, 26, 4)
(13, 27, 4)
(13, 28, 4)
(13, 29, 4)
(13, 30, 4)
(13, 31, 4)
(13, 32, 4)
(13, 33, 4)
(13, 34, 4)
(13, 35, 4)
(13, 36, 4)
(13, 37, 4)
(13, 38, 4)
(13, 39, 4)

(14, 0, 23)
(14, 1, 23)
(14, 2, 23)
(14, 3, 14)
(14, 4, 12)
(14, 5, 10)
(14, 6, 10)
(14, 7, 6)
(14, 8, 6)
(14, 9, 6)
(14, 10, 6)
(14, 11, 6)
(14, 12, 6)
(14, 13, 6)
(14, 14, 6)
(14, 15, 5)
(14, 16, 5)
(14, 17, 4)
(14, 18, 4)
(14, 19, 4)
(14, 20, 4)
(14, 21, 4)
(14, 22, 4)
(14, 23, 4)
(14, 24, 4)
(14, 25, 4)
(14, 26, 4)
(14, 27, 4)
(14, 28, 4)
(14, 29, 4)
(14, 30, 4)
(14, 31, 4)
(14, 32, 4)
(14, 33, 4)
(14, 34, 4)
(14, 35, 4)
(14, 36, 4)
(14, 37, 4)
(14, 38, 4)
(14, 39, 4)

(15, 0, 23)
(15, 1, 23)
(15, 2, 23)
(15, 3, 14)
(15, 4, 12)
(15, 5, 10)
(15, 6, 10)
(15, 7, 6)
(15, 8, 6)
(15, 9, 6)
(15, 10, 6)
(15, 11, 6)
(15, 12, 6)
(15, 13, 6)
(15, 14, 6)
(15, 15, 5)
(15, 16, 5)
(15, 17, 4)
(15, 18, 4)
(15, 19, 4)
(15, 20, 4)
(15, 21, 4)
(15, 22, 4)
(15, 23, 4)
(15, 24, 4)
(15, 25, 4)
(15, 26, 4)
(15, 27, 4)
(15, 28, 4)
(15, 29, 4)
(15, 30, 4)
(15, 31, 4)
(15, 32, 4)
(15, 33, 4)
(15, 34, 4)
(15, 35, 4)
(15, 36, 4)
(15, 37, 4)
(15, 38, 4)
(15, 39, 4)

(16, 0, 23)
(16, 1, 23)
(16, 2, 23)
(16, 3, 14)
(16, 4, 12)
(16, 5, 10)
(16, 6, 10)
(16, 7, 6)
(16, 8, 6)
(16, 9, 6)
(16, 10, 6)
(16, 11, 6)
(16, 12, 6)
(16, 13, 6)
(16, 14, 6)
(16, 15, 5)
(16, 16, 5)
(16, 17, 4)
(16, 18, 4)
(16, 19, 4)
(16, 20, 4)
(16, 21, 4)
(16, 22, 4)
(16, 23, 4)
(16, 24, 4)
(16, 25, 4)
(16, 26, 4)
(16, 27, 4)
(16, 28, 4)
(16, 29, 4)
(16, 30, 4)
(16, 31, 4)
(16, 32, 4)
(16, 33, 4)
(16, 34, 4)
(16, 35, 4)
(16, 36, 4)
(16, 37, 4)
(16, 38, 4)
(16, 39, 4)

(17, 0, 23)
(17, 1, 23)
(17, 2, 23)
(17, 3, 14)
(17, 4, 12)
(17, 5, 10)
(17, 6, 10)
(17, 7, 6)
(17, 8, 6)
(17, 9, 6)
(17, 10, 6)
(17, 11, 6)
(17, 12, 6)
(17, 13, 6)
(17, 14, 6)
(17, 15, 5)
(17, 16, 5)
(17, 17, 4)
(17, 18, 4)
(17, 19, 4)
(17, 20, 4)
(17, 21, 4)
(17, 22, 4)
(17, 23, 4)
(17, 24, 4)
(17, 25, 4)
(17, 26, 4)
(17, 27, 4)
(17, 28, 4)
(17, 29, 4)
(17, 30, 4)
(17, 31, 4)
(17, 32, 4)
(17, 33, 4)
(17, 34, 4)
(17, 35, 4)
(17, 36, 4)
(17, 37, 4)
(17, 38, 4)
(17, 39, 4)

(18, 0, 23)
(18, 1, 23)
(18, 2, 23)
(18, 3, 14)
(18, 4, 12)
(18, 5, 10)
(18, 6, 10)
(18, 7, 6)
(18, 8, 6)
(18, 9, 6)
(18, 10, 6)
(18, 11, 6)
(18, 12, 6)
(18, 13, 6)
(18, 14, 6)
(18, 15, 5)
(18, 16, 5)
(18, 17, 4)
(18, 18, 4)
(18, 19, 4)
(18, 20, 4)
(18, 21, 4)
(18, 22, 4)
(18, 23, 4)
(18, 24, 4)
(18, 25, 4)
(18, 26, 4)
(18, 27, 4)
(18, 28, 4)
(18, 29, 4)
(18, 30, 4)
(18, 31, 4)
(18, 32, 4)
(18, 33, 4)
(18, 34, 4)
(18, 35, 4)
(18, 36, 4)
(18, 37, 4)
(18, 38, 4)
(18, 39, 4)

(19, 0, 23)
(19, 1, 23)
(19, 2, 23)
(19, 3, 14)
(19, 4, 12)
(19, 5, 10)
(19, 6, 10)
(19, 7, 6)
(19, 8, 6)
(19, 9, 6)
(19, 10, 6)
(19, 11, 6)
(19, 12, 6)
(19, 13, 6)
(19, 14, 6)
(19, 15, 5)
(19, 16, 5)
(19, 17, 4)
(19, 18, 4)
(19, 19, 4)
(19, 20, 4)
(19, 21, 4)
(19, 22, 4)
(19, 23, 4)
(19, 24, 4)
(19, 25, 4)
(19, 26, 4)
(19, 27, 4)
(19, 28, 4)
(19, 29, 4)
(19, 30, 4)
(19, 31, 4)
(19, 32, 4)
(19, 33, 4)
(19, 34, 4)
(19, 35, 4)
(19, 36, 4)
(19, 37, 4)
(19, 38, 4)
(19, 39, 4)

(20, 0, 23)
(20, 1, 23)
(20, 2, 23)
(20, 3, 14)
(20, 4, 12)
(20, 5, 10)
(20, 6, 10)
(20, 7, 6)
(20, 8, 6)
(20, 9, 6)
(20, 10, 6)
(20, 11, 6)
(20, 12, 6)
(20, 13, 6)
(20, 14, 6)
(20, 15, 5)
(20, 16, 5)
(20, 17, 4)
(20, 18, 4)
(20, 19, 4)
(20, 20, 4)
(20, 21, 4)
(20, 22, 4)
(20, 23, 4)
(20, 24, 4)
(20, 25, 4)
(20, 26, 4)
(20, 27, 4)
(20, 28, 4)
(20, 29, 4)
(20, 30, 4)
(20, 31, 4)
(20, 32, 4)
(20, 33, 4)
(20, 34, 4)
(20, 35, 4)
(20, 36, 4)
(20, 37, 4)
(20, 38, 4)
(20, 39, 4)

(21, 0, 23)
(21, 1, 23)
(21, 2, 23)
(21, 3, 14)
(21, 4, 12)
(21, 5, 10)
(21, 6, 10)
(21, 7, 6)
(21, 8, 6)
(21, 9, 6)
(21, 10, 6)
(21, 11, 6)
(21, 12, 6)
(21, 13, 6)
(21, 14, 6)
(21, 15, 5)
(21, 16, 5)
(21, 17, 4)
(21, 18, 4)
(21, 19, 4)
(21, 20, 4)
(21, 21, 4)
(21, 22, 4)
(21, 23, 4)
(21, 24, 4)
(21, 25, 4)
(21, 26, 4)
(21, 27, 4)
(21, 28, 4)
(21, 29, 4)
(21, 30, 4)
(21, 31, 4)
(21, 32, 4)
(21, 33, 4)
(21, 34, 4)
(21, 35, 4)
(21, 36, 4)
(21, 37, 4)
(21, 38, 4)
(21, 39, 4)

(22, 0, 23)
(22, 1, 23)
(22, 2, 23)
(22, 3, 14)
(22, 4, 12)
(22, 5, 10)
(22, 6, 10)
(22, 7, 6)
(22, 8, 6)
(22, 9, 6)
(22, 10, 6)
(22, 11, 6)
(22, 12, 6)
(22, 13, 6)
(22, 14, 6)
(22, 15, 5)
(22, 16, 5)
(22, 17, 4)
(22, 18, 4)
(22, 19, 4)
(22, 20, 4)
(22, 21, 4)
(22, 22, 4)
(22, 23, 4)
(22, 24, 4)
(22, 25, 4)
(22, 26, 4)
(22, 27, 4)
(22, 28, 4)
(22, 29, 4)
(22, 30, 4)
(22, 31, 4)
(22, 32, 4)
(22, 33, 4)
(22, 34, 4)
(22, 35, 4)
(22, 36, 4)
(22, 37, 4)
(22, 38, 4)
(22, 39, 4)

(23, 0, 23)
(23, 1, 23)
(23, 2, 23)
(23, 3, 14)
(23, 4, 12)
(23, 5, 10)
(23, 6, 10)
(23, 7, 6)
(23, 8, 6)
(23, 9, 6)
(23, 10, 6)
(23, 11, 6)
(23, 12, 6)
(23, 13, 6)
(23, 14, 6)
(23, 15, 5)
(23, 16, 5)
(23, 17, 4)
(23, 18, 4)
(23, 19, 4)
(23, 20, 4)
(23, 21, 4)
(23, 22, 4)
(23, 23, 4)
(23, 24, 4)
(23, 25, 4)
(23, 26, 4)
(23, 27, 4)
(23, 28, 4)
(23, 29, 4)
(23, 30, 4)
(23, 31, 4)
(23, 32, 4)
(23, 33, 4)
(23, 34, 4)
(23, 35, 4)
(23, 36, 4)
(23, 37, 4)
(23, 38, 4)
(23, 39, 4)

(24, 0, 23)
(24, 1, 23)
(24, 2, 23)
(24, 3, 14)
(24, 4, 12)
(24, 5, 10)
(24, 6, 10)
(24, 7, 6)
(24, 8, 6)
(24, 9, 6)
(24, 10, 6)
(24, 11, 6)
(24, 12, 6)
(24, 13, 6)
(24, 14, 6)
(24, 15, 5)
(24, 16, 5)
(24, 17, 4)
(24, 18, 4)
(24, 19, 4)
(24, 20, 4)
(24, 21, 4)
(24, 22, 4)
(24, 23, 4)
(24, 24, 4)
(24, 25, 4)
(24, 26, 4)
(24, 27, 4)
(24, 28, 4)
(24, 29, 4)
(24, 30, 4)
(24, 31, 4)
(24, 32, 4)
(24, 33, 4)
(24, 34, 4)
(24, 35, 4)
(24, 36, 4)
(24, 37, 4)
(24, 38, 4)
(24, 39, 4)

(25, 0, 23)
(25, 1, 23)
(25, 2, 23)
(25, 3, 14)
(25, 4, 12)
(25, 5, 10)
(25, 6, 10)
(25, 7, 6)
(25, 8, 6)
(25, 9, 6)
(25, 10, 6)
(25, 11, 6)
(25, 12, 6)
(25, 13, 6)
(25, 14, 6)
(25, 15, 5)
(25, 16, 5)
(25, 17, 4)
(25, 18, 4)
(25, 19, 4)
(25, 20, 4)
(25, 21, 4)
(25, 22, 4)
(25, 23, 4)
(25, 24, 4)
(25, 25, 4)
(25, 26, 4)
(25, 27, 4)
(25, 28, 4)
(25, 29, 4)
(25, 30, 4)
(25, 31, 4)
(25, 32, 4)
(25, 33, 4)
(25, 34, 4)
(25, 35, 4)
(25, 36, 4)
(25, 37, 4)
(25, 38, 4)
(25, 39, 4)

(26, 0, 23)
(26, 1, 23)
(26, 2, 23)
(26, 3, 14)
(26, 4, 12)
(26, 5, 10)
(26, 6, 10)
(26, 7, 6)
(26, 8, 6)
(26, 9, 6)
(26, 10, 6)
(26, 11, 6)
(26, 12, 6)
(26, 13, 6)
(26, 14, 6)
(26, 15, 5)
(26, 16, 5)
(26, 17, 4)
(26, 18, 4)
(26, 19, 4)
(26, 20, 4)
(26, 21, 4)
(26, 22, 4)
(26, 23, 4)
(26, 24, 4)
(26, 25, 4)
(26, 26, 4)
(26, 27, 4)
(26, 28, 4)
(26, 29, 4)
(26, 30, 4)
(26, 31, 4)
(26, 32, 4)
(26, 33, 4)
(26, 34, 4)
(26, 35, 4)
(26, 36, 4)
(26, 37, 4)
(26, 38, 4)
(26, 39, 4)

(27, 0, 28)
(27, 1, 27)
(27, 2, 26)
(27, 3, 15)
(27, 4, 13)
(27, 5, 11)
(27, 6, 11)
(27, 7, 7)
(27, 8, 7)
(27, 9, 7)
(27, 10, 7)
(27, 11, 7)
(27, 12, 7)
(27, 13, 7)
(27, 14, 7)
(27, 15, 6)
(27, 16, 6)
(27, 17, 5)
(27, 18, 5)
(27, 19, 5)
(27, 20, 5)
(27, 21, 5)
(27, 22, 5)
(27, 23, 5)
(27, 24, 5)
(27, 25, 5)
(27, 26, 5)
(27, 27, 5)
(27, 28, 5)
(27, 29, 5)
(27, 30, 5)
(27, 31, 5)
(27, 32, 5)
(27, 33, 5)
(27, 34, 5)
(27, 35, 5)
(27, 36, 5)
(27, 37, 5)
(27, 38, 5)
(27, 39, 5)

(28, 0, 30)
(28, 1, 29)
(28, 2, 28)
(28, 3, 15)
(28, 4, 13)
(28, 5, 11)
(28, 6, 11)
(28, 7, 7)
(28, 8, 7)
(28, 9, 7)
(28, 10, 7)
(28, 11, 7)
(28, 12, 7)
(28, 13, 7)
(28, 14, 7)
(28, 15, 6)
(28, 16, 6)
(28, 17, 5)
(28, 18, 5)
(28, 19, 5)
(28, 20, 5)
(28, 21, 5)
(28, 22, 5)
(28, 23, 5)
(28, 24, 5)
(28, 25, 5)
(28, 26, 5)
(28, 27, 5)
(28, 28, 5)
(28, 29, 5)
(28, 30, 5)
(28, 31, 5)
(28, 32, 5)
(28, 33, 5)
(28, 34, 5)
(28, 35, 5)
(28, 36, 5)
(28, 37, 5)
(28, 38, 5)
(28, 39, 5)

(29, 0, 37)
(29, 1, 35)
(29, 2, 33)
(29, 3, 17)
(29, 4, 15)
(29, 5, 13)
(29, 6, 13)
(29, 7, 9)
(29, 8, 9)
(29, 9, 9)
(29, 10, 9)
(29, 11, 8)
(29, 12, 8)
(29, 13, 8)
(29, 14, 8)
(29, 15, 7)
(29, 16, 7)
(29, 17, 6)
(29, 18, 6)
(29, 19, 6)
(29, 20, 6)
(29, 21, 6)
(29, 22, 6)
(29, 23, 6)
(29, 24, 6)
(29, 25, 6)
(29, 26, 6)
(29, 27, 6)
(29, 28, 6)
(29, 29, 6)
(29, 30, 6)
(29, 31, 6)
(29, 32, 6)
(29, 33, 6)
(29, 34, 6)
(29, 35, 6)
(29, 36, 6)
(29, 37, 6)
(29, 38, 6)
(29, 39, 6)

(30, 0, 39)
(30, 1, 37)
(30, 2, 35)
(30, 3, 17)
(30, 4, 15)
(30, 5, 13)
(30, 6, 13)
(30, 7, 9)
(30, 8, 9)
(30, 9, 9)
(30, 10, 9)
(30, 11, 8)
(30, 12, 8)
(30, 13, 8)
(30, 14, 8)
(30, 15, 7)
(30, 16, 7)
(30, 17, 6)
(30, 18, 6)
(30, 19, 6)
(30, 20, 6)
(30, 21, 6)
(30, 22, 6)
(30, 23, 6)
(30, 24, 6)
(30, 25, 6)
(30, 26, 6)
(30, 27, 6)
(30, 28, 6)
(30, 29, 6)
(30, 30, 6)
(30, 31, 6)
(30, 32, 6)
(30, 33, 6)
(30, 34, 6)
(30, 35, 6)
(30, 36, 6)
(30, 37, 6)
(30, 38, 6)
(30, 39, 6)

(31, 0, 42)
(31, 1, 40)
(31, 2, 38)
(31, 3, 19)
(31, 4, 17)
(31, 5, 15)
(31, 6, 15)
(31, 7, 11)
(31, 8, 11)
(31, 9, 11)
(31, 10, 11)
(31, 11, 9)
(31, 12, 9)
(31, 13, 9)
(31, 14, 9)
(31, 15, 8)
(31, 16, 8)
(31, 17, 7)
(31, 18, 7)
(31, 19, 7)
(31, 20, 7)
(31, 21, 7)
(31, 22, 7)
(31, 23, 7)
(31, 24, 7)
(31, 25, 7)
(31, 26, 7)
(31, 27, 7)
(31, 28, 7)
(31, 29, 7)
(31, 30, 7)
(31, 31, 7)
(31, 32, 7)
(31, 33, 7)
(31, 34, 7)
(31, 35, 7)
(31, 36, 7)
(31, 37, 7)
(31, 38, 7)
(31, 39, 7)

(32, 0, 48)
(32, 1, 46)
(32, 2, 44)
(32, 3, 21)
(32, 4, 18)
(32, 5, 16)
(32, 6, 16)
(32, 7, 12)
(32, 8, 12)
(32, 9, 12)
(32, 10, 12)
(32, 11, 10)
(32, 12, 10)
(32, 13, 10)
(32, 14, 10)
(32, 15, 9)
(32, 16, 9)
(32, 17, 8)
(32, 18, 8)
(32, 19, 8)
(32, 20, 8)
(32, 21, 8)
(32, 22, 8)
(32, 23, 8)
(32, 24, 8)
(32, 25, 8)
(32, 26, 8)
(32, 27, 8)
(32, 28, 8)
(32, 29, 8)
(32, 30, 8)
(32, 31, 8)
(32, 32, 8)
(32, 33, 8)
(32, 34, 8)
(32, 35, 8)
(32, 36, 8)
(32, 37, 8)
(32, 38, 8)
(32, 39, 8)

(33, 0, 53)
(33, 1, 50)
(33, 2, 48)
(33, 3, 22)
(33, 4, 19)
(33, 5, 17)
(33, 6, 17)
(33, 7, 13)
(33, 8, 13)
(33, 9, 13)
(33, 10, 13)
(33, 11, 10)
(33, 12, 10)
(33, 13, 10)
(33, 14, 10)
(33, 15, 9)
(33, 16, 9)
(33, 17, 8)
(33, 18, 8)
(33, 19, 8)
(33, 20, 8)
(33, 21, 8)
(33, 22, 8)
(33, 23, 8)
(33, 24, 8)
(33, 25, 8)
(33, 26, 8)
(33, 27, 8)
(33, 28, 8)
(33, 29, 8)
(33, 30, 8)
(33, 31, 8)
(33, 32, 8)
(33, 33, 8)
(33, 34, 8)
(33, 35, 8)
(33, 36, 8)
(33, 37, 8)
(33, 38, 8)
(33, 39, 8)

(34, 0, 61)
(34, 1, 57)
(34, 2, 55)
(34, 3, 24)
(34, 4, 21)
(34, 5, 19)
(34, 6, 19)
(34, 7, 15)
(34, 8, 15)
(34, 9, 15)
(34, 10, 15)
(34, 11, 12)
(34, 12, 12)
(34, 13, 12)
(34, 14, 12)
(34, 15, 10)
(34, 16, 9)
(34, 17, 8)
(34, 18, 8)
(34, 19, 8)
(34, 20, 8)
(34, 21, 8)
(34, 22, 8)
(34, 23, 8)
(34, 24, 8)
(34, 25, 8)
(34, 26, 8)
(34, 27, 8)
(34, 28, 8)
(34, 29, 8)
(34, 30, 8)
(34, 31, 8)
(34, 32, 8)
(34, 33, 8)
(34, 34, 8)
(34, 35, 8)
(34, 36, 8)
(34, 37, 8)
(34, 38, 8)
(34, 39, 8)

(35, 0, 62)
(35, 1, 58)
(35, 2, 56)
(35, 3, 25)
(35, 4, 22)
(35, 5, 20)
(35, 6, 20)
(35, 7, 16)
(35, 8, 16)
(35, 9, 16)
(35, 10, 16)
(35, 11, 13)
(35, 12, 13)
(35, 13, 13)
(35, 14, 13)
(35, 15, 11)
(35, 16, 10)
(35, 17, 9)
(35, 18, 9)
(35, 19, 9)
(35, 20, 9)
(35, 21, 9)
(35, 22, 9)
(35, 23, 9)
(35, 24, 9)
(35, 25, 9)
(35, 26, 9)
(35, 27, 9)
(35, 28, 9)
(35, 29, 9)
(35, 30, 9)
(35, 31, 9)
(35, 32, 9)
(35, 33, 9)
(35, 34, 9)
(35, 35, 9)
(35, 36, 9)
(35, 37, 9)
(35, 38, 9)
(35, 39, 9)

(36, 0, 71)
(36, 1, 67)
(36, 2, 65)
(36, 3, 31)
(36, 4, 26)
(36, 5, 24)
(36, 6, 24)
(36, 7, 19)
(36, 8, 19)
(36, 9, 19)
(36, 10, 19)
(36, 11, 15)
(36, 12, 15)
(36, 13, 15)
(36, 14, 15)
(36, 15, 13)
(36, 16, 12)
(36, 17, 11)
(36, 18, 11)
(36, 19, 11)
(36, 20, 11)
(36, 21, 11)
(36, 22, 11)
(36, 23, 11)
(36, 24, 11)
(36, 25, 11)
(36, 26, 11)
(36, 27, 11)
(36, 28, 11)
(36, 29, 11)
(36, 30, 11)
(36, 31, 11)
(36, 32, 11)
(36, 33, 11)
(36, 34, 11)
(36, 35, 11)
(36, 36, 11)
(36, 37, 11)
(36, 38, 11)
(36, 39, 11)

(37, 0, 83)
(37, 1, 77)
(37, 2, 75)
(37, 3, 33)
(37, 4, 28)
(37, 5, 26)
(37, 6, 26)
(37, 7, 20)
(37, 8, 20)
(37, 9, 20)
(37, 10, 20)
(37, 11, 16)
(37, 12, 16)
(37, 13, 16)
(37, 14, 16)
(37, 15, 14)
(37, 16, 13)
(37, 17, 12)
(37, 18, 12)
(37, 19, 12)
(37, 20, 12)
(37, 21, 12)
(37, 22, 11)
(37, 23, 11)
(37, 24, 11)
(37, 25, 11)
(37, 26, 11)
(37, 27, 11)
(37, 28, 11)
(37, 29, 11)
(37, 30, 11)
(37, 31, 11)
(37, 32, 11)
(37, 33, 11)
(37, 34, 11)
(37, 35, 11)
(37, 36, 11)
(37, 37, 11)
(37, 38, 11)
(37, 39, 11)

(38, 0, 99)
(38, 1, 92)
(38, 2, 90)
(38, 3, 36)
(38, 4, 31)
(38, 5, 28)
(38, 6, 28)
(38, 7, 22)
(38, 8, 22)
(38, 9, 22)
(38, 10, 22)
(38, 11, 18)
(38, 12, 18)
(38, 13, 18)
(38, 14, 18)
(38, 15, 16)
(38, 16, 15)
(38, 17, 14)
(38, 18, 14)
(38, 19, 14)
(38, 20, 14)
(38, 21, 14)
(38, 22, 13)
(38, 23, 12)
(38, 24, 12)
(38, 25, 12)
(38, 26, 12)
(38, 27, 12)
(38, 28, 12)
(38, 29, 12)
(38, 30, 12)
(38, 31, 12)
(38, 32, 12)
(38, 33, 12)
(38, 34, 12)
(38, 35, 12)
(38, 36, 12)
(38, 37, 12)
(38, 38, 12)
(38, 39, 12)

(39, 0, 105)
(39, 1, 98)
(39, 2, 96)
(39, 3, 35)
(39, 4, 30)
(39, 5, 28)
(39, 6, 28)
(39, 7, 22)
(39, 8, 22)
(39, 9, 22)
(39, 10, 22)
(39, 11, 18)
(39, 12, 18)
(39, 13, 18)
(39, 14, 18)
(39, 15, 16)
(39, 16, 15)
(39, 17, 14)
(39, 18, 14)
(39, 19, 14)
(39, 20, 14)
(39, 21, 14)
(39, 22, 12)
(39, 23, 12)
(39, 24, 12)
(39, 25, 12)
(39, 26, 12)
(39, 27, 12)
(39, 28, 12)
(39, 29, 12)
(39, 30, 12)
(39, 31, 12)
(39, 32, 12)
(39, 33, 12)
(39, 34, 12)
(39, 35, 12)
(39, 36, 12)
(39, 37, 12)
(39, 38, 12)
(39, 39, 12)


Betti numbers:
xi_0:
(0, 0, 2)
(1, 0, 4)
(2, 0, 5)
(3, 0, 3)
(4, 0, 3)
(5, 0, 4)
(6, 0, 2)
(27, 0, 5)
(28, 0, 2)
(29, 0, 7)
(30, 0, 2)
(31, 0, 3)
(32, 0, 6)
(33, 0, 5)
(34, 0, 8)
(35, 0, 1)
(36, 0, 9)
(37, 0, 12)
(38, 0, 16)
(39, 0, 6)
xi_1:
(0, 4, 1)
(1, 3, 3)
(1, 4, 1)
(2, 3, 1)
(2, 5, 1)
(2, 7, 1)
(3, 3, 2)
(3, 5, 1)
(4, 7, 2)
(5, 3, 2)
(5, 15, 1)
(5, 17, 1)
(6, 3, 1)
(6, 7, 1)
(27, 1, 1)
(27, 2, 1)
(27, 3, 2)
(28, 3, 2)
(29, 1, 1)
(29, 2, 1)
(29, 3, 3)
(29, 11, 1)
(30, 3, 2)
(31, 3, 1)
(31, 11, 1)
(32, 3, 4)
(32, 4, 1)
(33, 1, 1)
(33, 3, 3)
(33, 11, 1)
(34, 1, 1)
(34, 3, 5)
(34, 15, 1)
(34, 16, 1)
(36, 3, 3)
(36, 4, 2)
(36, 7, 1)
(36, 11, 1)
(37, 1, 2)
(37, 3, 8)
(37, 7, 1)
(37, 22, 1)
(38, 1, 1)
(38, 3, 12)
(38, 5, 1)
(38, 23, 1)
(39, 3, 7)
(39, 22, 1)
xi_2:
(39, 5, 1)
(39, 23, 1)
