x-grades
-191525469173027057/200000000000000000
-93919942827690247/100000000000000000
-184154302137733931/200000000000000000
-22558589827510921/25000000000000000
-35356627020488161/40000000000000000
-86548775792397121/100000000000000000
-169411968067147679/200000000000000000
-41431596137375279/50000000000000000
-162040801031854553/200000000000000000
-15835521751420799/20000000000000000
-154669633996561427/200000000000000000
-9436503154932179/12500000000000000
-147298466961268301/200000000000000000
-71806441721810869/100000000000000000
-5597091997039007/8000000000000000
-34060429102082153/50000000000000000
-132556132890682049/200000000000000000
-64435274686517743/100000000000000000
-125184965855388923/200000000000000000
-3037484558443559/5000000000000000
-117813798820095797/200000000000000000
-57064107651224617/100000000000000000
-110442631784802671/200000000000000000
-26689262066789027/50000000000000000
-20614292949901909/40000000000000000
-49692940615931491/100000000000000000
-95700297714216419/200000000000000000
-359432477330351/781250000000000
-88329130678923293/200000000000000000
-8464354716127673/20000000000000000
-80957963643630167/200000000000000000
-19318095031495901/50000000000000000
-73586796608337041/200000000000000000
-34950606545345239/100000000000000000
-13243125914608783/40000000000000000
-7816255756924669/25000000000000000
-58844462537750789/200000000000000000
-27579439510052113/100000000000000000
-51473295502457663/200000000000000000
-477877119848111/2000000000000000

y-grades
1999721/8000000
1999721/4000000
5999163/8000000
1999721/2000000
1999721/1600000
5999163/4000000
13998047/8000000
1999721/1000000
17997489/8000000
1999721/800000
21996931/8000000
5999163/2000000
25996373/8000000
13998047/4000000
5999163/1600000
1999721/500000
33995257/8000000
17997489/4000000
37994699/8000000
1999721/400000
41994141/8000000
21996931/4000000
45993583/8000000
5999163/1000000
1999721/320000
25996373/4000000
53992467/8000000
13998047/2000000
57991909/8000000
5999163/800000
61991351/8000000
1999721/250000
65990793/8000000
33995257/4000000
13998047/1600000
17997489/2000000
73989677/8000000
37994699/4000000
77989119/8000000
1999721/200000

Dimensions > 0:
(0, 0, 18)
(0, 1, 2)
(0, 2, 2)
(0, 3, 1)
(0, 4, 1)
(0, 5, 1)
(0, 6, 1)
(0, 7, 1)
(0, 8, 1)
(0, 9, 1)
(0, 10, 1)
(0, 11, 1)
(0, 12, 1)
(0, 13, 1)
(0, 14, 1)
(0, 15, 1)
(0, 16, 1)
(0, 17, 1)
(0, 18, 1)
(0, 19, 1)
(0, 20, 1)
(0, 21, 1)
(0, 22, 1)
(0, 23, 1)
(0, 24, 1)
(0, 25, 1)
(0, 26, 1)
(0, 27, 1)
(0, 28, 1)
(0, 29, 1)
(0, 30, 1)
(0, 31, 1)
(0, 32, 1)
(0, 33, 1)
(0, 34, 1)
(0, 35, 1)
(0, 36, 1)
(0, 37, 1)
(0, 38, 1)
(0, 39, 1)

(1, 0, 23)
(1, 1, 3)
(1, 2, 2)
(1, 3, 1)
(1, 4, 1)
(1, 5, 1)
(1, 6, 1)
(1, 7, 1)
(1, 8, 1)
(1, 9, 1)
(1, 10, 1)
(1, 11, 1)
(1, 12, 1)
(1, 13, 1)
(1, 14, 1)
(1, 15, 1)
(1, 16, 1)
(1, 17, 1)
(1, 18, 1)
(1, 19, 1)
(1, 20, 1)
(1, 21, 1)
(1, 22, 1)
(1, 23, 1)
(1, 24, 1)
(1, 25, 1)
(1, 26, 1)
(1, 27, 1)
(1, 28, 1)
(1, 29, 1)
(1, 30, 1)
(1, 31, 1)
(1, 32, 1)
(1, 33, 1)
(1, 34, 1)
(1, 35, 1)
(1, 36, 1)
(1, 37, 1)
(1, 38, 1)
(1, 39, 1)

(2, 0, 25)
(2, 1, 3)
(2, 2, 2)
(2, 3, 1)
(2, 4, 1)
(2, 5, 1)
(2, 6, 1)
(2, 7, 1)
(2, 8, 1)
(2, 9, 1)
(2, 10, 1)
(2, 11, 1)
(2, 12, 1)
(2, 13, 1)
(2, 14, 1)
(2, 15, 1)
(2, 16, 1)
(2, 17, 1)
(2, 18, 1)
(2, 19, 1)
(2, 20, 1)
(2, 21, 1)
(2, 22, 1)
(2, 23, 1)
(2, 24, 1)
(2, 25, 1)
(2, 26, 1)
(2, 27, 1)
(2, 28, 1)
(2, 29, 1)
(2, 30, 1)
(2, 31, 1)
(2, 32, 1)
(2, 33, 1)
(2, 34, 1)
(2, 35, 1)
(2, 36, 1)
(2, 37, 1)
(2, 38, 1)
(2, 39, 1)

(3, 0, 37)
(3, 1, 5)
(3, 2, 4)
(3, 3, 2)
(3, 4, 2)
(3, 5, 2)
(3, 6, 2)
(3, 7, 2)
(3, 8, 2)
(3, 9, 2)
(3, 10, 2)
(3, 11, 2)
(3, 12, 2)
(3, 13, 2)
(3, 14, 2)
(3, 15, 2)
(3, 16, 2)
(3, 17, 2)
(3, 18, 2)
(3, 19, 2)
(3, 20, 2)
(3, 21, 2)
(3, 22, 2)
(3, 23, 2)
(3, 24, 2)
(3, 25, 2)
(3, 26, 2)
(3, 27, 2)
(3, 28, 2)
(3, 29, 2)
(3, 30, 2)
(3, 31, 2)
(3, 32, 2)
(3, 33, 2)
(3, 34, 2)
(3, 35, 2)
(3, 36, 2)
(3, 37, 2)
(3, 38, 2)
(3, 39, 2)

(4, 0, 42)
(4, 1, 7)
(4, 2, 5)
(4, 3, 3)
(4, 4, 3)
(4, 5, 3)
(4, 6, 2)
(4, 7, 2)
(4, 8, 2)
(4, 9, 2)
(4, 10, 2)
(4, 11, 2)
(4, 12, 2)
(4, 13, 2)
(4, 14, 2)
(4, 15, 2)
(4, 16, 2)
(4, 17, 2)
(4, 18, 2)
(4, 19, 2)
(4, 20, 2)
(4, 21, 2)
(4, 22, 2)
(4, 23, 2)
(4, 24, 2)
(4, 25, 2)
(4, 26, 2)
(4, 27, 2)
(4, 28, 2)
(4, 29, 2)
(4, 30, 2)
(4, 31, 2)
(4, 32, 2)
(4, 33, 2)
(4, 34, 2)
(4, 35, 2)
(4, 36, 2)
(4, 37, 2)
(4, 38, 2)
(4, 39, 2)

(5, 0, 50)
(5, 1, 10)
(5, 2, 7)
(5, 3, 5)
(5, 4, 4)
(5, 5, 4)
(5, 6, 3)
(5, 7, 3)
(5, 8, 3)
(5, 9, 3)
(5, 10, 3)
(5, 11, 3)
(5, 12, 3)
(5, 13, 3)
(5, 14, 3)
(5, 15, 3)
(5, 16, 3)
(5, 17, 3)
(5, 18, 3)
(5, 19, 3)
(5, 20, 3)
(5, 21, 3)
(5, 22, 3)
(5, 23, 3)
(5, 24, 3)
(5, 25, 3)
(5, 26, 3)
(5, 27, 3)
(5, 28, 3)
(5, 29, 3)
(5, 30, 3)
(5, 31, 3)
(5, 32, 3)
(5, 33, 3)
(5, 34, 3)
(5, 35, 3)
(5, 36, 3)
(5, 37, 3)
(5, 38, 3)
(5, 39, 3)

(6, 0, 59)
(6, 1, 14)
(6, 2, 10)
(6, 3, 7)
(6, 4, 5)
(6, 5, 4)
(6, 6, 3)
(6, 7, 3)
(6, 8, 3)
(6, 9, 3)
(6, 10, 3)
(6, 11, 3)
(6, 12, 3)
(6, 13, 3)
(6, 14, 3)
(6, 15, 3)
(6, 16, 3)
(6, 17, 3)
(6, 18, 3)
(6, 19, 3)
(6, 20, 3)
(6, 21, 3)
(6, 22, 3)
(6, 23, 3)
(6, 24, 3)
(6, 25, 3)
(6, 26, 3)
(6, 27, 3)
(6, 28, 3)
(6, 29, 3)
(6, 30, 3)
(6, 31, 3)
(6, 32, 3)
(6, 33, 3)
(6, 34, 3)
(6, 35, 3)
(6, 36, 3)
(6, 37, 3)
(6, 38, 3)
(6, 39, 3)

(7, 0, 63)
(7, 1, 18)
(7, 2, 12)
(7, 3, 8)
(7, 4, 6)
(7, 5, 5)
(7, 6, 4)
(7, 7, 4)
(7, 8, 4)
(7, 9, 3)
(7, 10, 3)
(7, 11, 3)
(7, 12, 3)
(7, 13, 3)
(7, 14, 3)
(7, 15, 3)
(7, 16, 3)
(7, 17, 3)
(7, 18, 3)
(7, 19, 3)
(7, 20, 3)
(7, 21, 3)
(7, 22, 3)
(7, 23, 3)
(7, 24, 3)
(7, 25, 3)
(7, 26, 3)
(7, 27, 3)
(7, 28, 3)
(7, 29, 3)
(7, 30, 3)
(7, 31, 3)
(7, 32, 3)
(7, 33, 3)
(7, 34, 3)
(7, 35, 3)
(7, 36, 3)
(7, 37, 3)
(7, 38, 3)
(7, 39, 3)

(8, 0, 68)
(8, 1, 23)
(8, 2, 17)
(8, 3, 11)
(8, 4, 8)
(8, 5, 7)
(8, 6, 5)
(8, 7, 5)
(8, 8, 4)
(8, 9, 3)
(8, 10, 3)
(8, 11, 3)
(8, 12, 3)
(8, 13, 3)
(8, 14, 3)
(8, 15, 3)
(8, 16, 3)
(8, 17, 3)
(8, 18, 3)
(8, 19, 3)
(8, 20, 3)
(8, 21, 3)
(8, 22, 3)
(8, 23, 3)
(8, 24, 3)
(8, 25, 3)
(8, 26, 3)
(8, 27, 3)
(8, 28, 3)
(8, 29, 3)
(8, 30, 3)
(8, 31, 3)
(8, 32, 3)
(8, 33, 3)
(8, 34, 3)
(8, 35, 3)
(8, 36, 3)
(8, 37, 3)
(8, 38, 3)
(8, 39, 3)

(9, 0, 74)
(9, 1, 27)
(9, 2, 21)
(9, 3, 15)
(9, 4, 10)
(9, 5, 9)
(9, 6, 7)
(9, 7, 7)
(9, 8, 5)
(9, 9, 4)
(9, 10, 4)
(9, 11, 4)
(9, 12, 4)
(9, 13, 4)
(9, 14, 4)
(9, 15, 4)
(9, 16, 4)
(9, 17, 4)
(9, 18, 4)
(9, 19, 4)
(9, 20, 4)
(9, 21, 4)
(9, 22, 4)
(9, 23, 4)
(9, 24, 4)
(9, 25, 4)
(9, 26, 4)
(9, 27, 4)
(9, 28, 4)
(9, 29, 4)
(9, 30, 4)
(9, 31, 4)
(9, 32, 4)
(9, 33, 4)
(9, 34, 4)
(9, 35, 4)
(9, 36, 4)
(9, 37, 4)
(9, 38, 4)
(9, 39, 4)

(10, 0, 87)
(10, 1, 36)
(10, 2, 29)
(10, 3, 23)
(10, 4, 15)
(10, 5, 12)
(10, 6, 10)
(10, 7, 9)
(10, 8, 7)
(10, 9, 5)
(10, 10, 5)
(10, 11, 5)
(10, 12, 5)
(10, 13, 5)
(10, 14, 5)
(10, 15, 5)
(10, 16, 5)
(10, 17, 5)
(10, 18, 5)
(10, 19, 5)
(10, 20, 5)
(10, 21, 5)
(10, 22, 5)
(10, 23, 5)
(10, 24, 5)
(10, 25, 5)
(10, 26, 5)
(10, 27, 5)
(10, 28, 5)
(10, 29, 5)
(10, 30, 5)
(10, 31, 5)
(10, 32, 5)
(10, 33, 5)
(10, 34, 5)
(10, 35, 5)
(10, 36, 5)
(10, 37, 5)
(10, 38, 5)
(10, 39, 5)

(11, 0, 106)
(11, 1, 53)
(11, 2, 42)
(11, 3, 32)
(11, 4, 19)
(11, 5, 14)
(11, 6, 11)
(11, 7, 11)
(11, 8, 9)
(11, 9, 6)
(11, 10, 6)
(11, 11, 6)
(11, 12, 6)
(11, 13, 6)
(11, 14, 6)
(11, 15, 6)
(11, 16, 6)
(11, 17, 6)
(11, 18, 6)
(11, 19, 5)
(11, 20, 5)
(11, 21, 5)
(11, 22, 5)
(11, 23, 4)
(11, 24, 4)
(11, 25, 4)
(11, 26, 4)
(11, 27, 4)
(11, 28, 4)
(11, 29, 4)
(11, 30, 4)
(11, 31, 4)
(11, 32, 4)
(11, 33, 4)
(11, 34, 4)
(11, 35, 4)
(11, 36, 4)
(11, 37, 4)
(11, 38, 4)
(11, 39, 4)

(12, 0, 119)
(12, 1, 62)
(12, 2, 49)
(12, 3, 36)
(12, 4, 21)
(12, 5, 14)
(12, 6, 11)
(12, 7, 11)
(12, 8, 9)
(12, 9, 6)
(12, 10, 6)
(12, 11, 6)
(12, 12, 6)
(12, 13, 6)
(12, 14, 5)
(12, 15, 5)
(12, 16, 5)
(12, 17, 5)
(12, 18, 5)
(12, 19, 4)
(12, 20, 4)
(12, 21, 4)
(12, 22, 4)
(12, 23, 4)
(12, 24, 4)
(12, 25, 4)
(12, 26, 4)
(12, 27, 4)
(12, 28, 4)
(12, 29, 4)
(12, 30, 4)
(12, 31, 4)
(12, 32, 4)
(12, 33, 4)
(12, 34, 4)
(12, 35, 4)
(12, 36, 4)
(12, 37, 4)
(12, 38, 4)
(12, 39, 4)

(13, 0, 127)
(13, 1, 69)
(13, 2, 57)
(13, 3, 43)
(13, 4, 26)
(13, 5, 16)
(13, 6, 12)
(13, 7, 12)
(13, 8, 10)
(13, 9, 6)
(13, 10, 6)
(13, 11, 6)
(13, 12, 6)
(13, 13, 6)
(13, 14, 5)
(13, 15, 5)
(13, 16, 5)
(13, 17, 5)
(13, 18, 5)
(13, 19, 4)
(13, 20, 4)
(13, 21, 4)
(13, 22, 4)
(13, 23, 4)
(13, 24, 4)
(13, 25, 4)
(13, 26, 4)
(13, 27, 4)
(13, 28, 4)
(13, 29, 4)
(13, 30, 4)
(13, 31, 4)
(13, 32, 4)
(13, 33, 4)
(13, 34, 4)
(13, 35, 4)
(13, 36, 4)
(13, 37, 4)
(13, 38, 4)
(13, 39, 4)

(14, 0, 133)
(14, 1, 75)
(14, 2, 63)
(14, 3, 49)
(14, 4, 29)
(14, 5, 18)
(14, 6, 12)
(14, 7, 12)
(14, 8, 10)
(14, 9, 6)
(14, 10, 6)
(14, 11, 6)
(14, 12, 6)
(14, 13, 6)
(14, 14, 5)
(14, 15, 5)
(14, 16, 5)
(14, 17, 5)
(14, 18, 5)
(14, 19, 4)
(14, 20, 4)
(14, 21, 4)
(14, 22, 4)
(14, 23, 4)
(14, 24, 4)
(14, 25, 4)
(14, 26, 4)
(14, 27, 4)
(14, 28, 4)
(14, 29, 4)
(14, 30, 4)
(14, 31, 4)
(14, 32, 4)
(14, 33, 4)
(14, 34, 4)
(14, 35, 4)
(14, 36, 4)
(14, 37, 4)
(14, 38, 4)
(14, 39, 4)

(15, 0, 146)
(15, 1, 86)
(15, 2, 74)
(15, 3, 59)
(15, 4, 34)
(15, 5, 22)
(15, 6, 16)
(15, 7, 16)
(15, 8, 14)
(15, 9, 7)
(15, 10, 7)
(15, 11, 7)
(15, 12, 7)
(15, 13, 7)
(15, 14, 6)
(15, 15, 6)
(15, 16, 6)
(15, 17, 6)
(15, 18, 6)
(15, 19, 5)
(15, 20, 5)
(15, 21, 5)
(15, 22, 5)
(15, 23, 5)
(15, 24, 5)
(15, 25, 5)
(15, 26, 5)
(15, 27, 5)
(15, 28, 5)
(15, 29, 5)
(15, 30, 5)
(15, 31, 5)
(15, 32, 5)
(15, 33, 5)
(15, 34, 5)
(15, 35, 4)
(15, 36, 4)
(15, 37, 4)
(15, 38, 4)
(15, 39, 4)

(16, 0, 159)
(16, 1, 96)
(16, 2, 81)
(16, 3, 66)
(16, 4, 38)
(16, 5, 23)
(16, 6, 16)
(16, 7, 16)
(16, 8, 14)
(16, 9, 7)
(16, 10, 7)
(16, 11, 7)
(16, 12, 7)
(16, 13, 7)
(16, 14, 6)
(16, 15, 6)
(16, 16, 6)
(16, 17, 6)
(16, 18, 6)
(16, 19, 5)
(16, 20, 5)
(16, 21, 5)
(16, 22, 5)
(16, 23, 5)
(16, 24, 5)
(16, 25, 5)
(16, 26, 5)
(16, 27, 5)
(16, 28, 5)
(16, 29, 5)
(16, 30, 5)
(16, 31, 5)
(16, 32, 5)
(16, 33, 5)
(16, 34, 5)
(16, 35, 4)
(16, 36, 4)
(16, 37, 4)
(16, 38, 4)
(16, 39, 3)

(17, 0, 166)
(17, 1, 103)
(17, 2, 88)
(17, 3, 73)
(17, 4, 44)
(17, 5, 26)
(17, 6, 18)
(17, 7, 18)
(17, 8, 16)
(17, 9, 9)
(17, 10, 9)
(17, 11, 9)
(17, 12, 9)
(17, 13, 8)
(17, 14, 7)
(17, 15, 7)
(17, 16, 6)
(17, 17, 6)
(17, 18, 6)
(17, 19, 4)
(17, 20, 4)
(17, 21, 4)
(17, 22, 4)
(17, 23, 4)
(17, 24, 4)
(17, 25, 4)
(17, 26, 4)
(17, 27, 4)
(17, 28, 4)
(17, 29, 4)
(17, 30, 4)
(17, 31, 4)
(17, 32, 4)
(17, 33, 4)
(17, 34, 4)
(17, 35, 3)
(17, 36, 3)
(17, 37, 3)
(17, 38, 3)
(17, 39, 3)

(18, 0, 173)
(18, 1, 110)
(18, 2, 95)
(18, 3, 79)
(18, 4, 50)
(18, 5, 31)
(18, 6, 21)
(18, 7, 21)
(18, 8, 18)
(18, 9, 9)
(18, 10, 9)
(18, 11, 9)
(18, 12, 9)
(18, 13, 8)
(18, 14, 7)
(18, 15, 7)
(18, 16, 6)
(18, 17, 6)
(18, 18, 6)
(18, 19, 4)
(18, 20, 4)
(18, 21, 4)
(18, 22, 4)
(18, 23, 4)
(18, 24, 4)
(18, 25, 4)
(18, 26, 4)
(18, 27, 4)
(18, 28, 4)
(18, 29, 4)
(18, 30, 4)
(18, 31, 4)
(18, 32, 4)
(18, 33, 4)
(18, 34, 4)
(18, 35, 3)
(18, 36, 3)
(18, 37, 3)
(18, 38, 3)
(18, 39, 3)

(19, 0, 180)
(19, 1, 117)
(19, 2, 102)
(19, 3, 86)
(19, 4, 57)
(19, 5, 37)
(19, 6, 20)
(19, 7, 20)
(19, 8, 18)
(19, 9, 9)
(19, 10, 9)
(19, 11, 9)
(19, 12, 9)
(19, 13, 7)
(19, 14, 6)
(19, 15, 6)
(19, 16, 5)
(19, 17, 5)
(19, 18, 5)
(19, 19, 3)
(19, 20, 3)
(19, 21, 3)
(19, 22, 3)
(19, 23, 3)
(19, 24, 3)
(19, 25, 3)
(19, 26, 3)
(19, 27, 3)
(19, 28, 3)
(19, 29, 3)
(19, 30, 3)
(19, 31, 3)
(19, 32, 3)
(19, 33, 3)
(19, 34, 3)
(19, 35, 2)
(19, 36, 2)
(19, 37, 2)
(19, 38, 2)
(19, 39, 2)

(20, 0, 182)
(20, 1, 119)
(20, 2, 104)
(20, 3, 88)
(20, 4, 58)
(20, 5, 38)
(20, 6, 21)
(20, 7, 21)
(20, 8, 19)
(20, 9, 10)
(20, 10, 10)
(20, 11, 9)
(20, 12, 9)
(20, 13, 7)
(20, 14, 6)
(20, 15, 6)
(20, 16, 5)
(20, 17, 5)
(20, 18, 5)
(20, 19, 3)
(20, 20, 3)
(20, 21, 3)
(20, 22, 3)
(20, 23, 3)
(20, 24, 3)
(20, 25, 3)
(20, 26, 3)
(20, 27, 3)
(20, 28, 3)
(20, 29, 3)
(20, 30, 3)
(20, 31, 3)
(20, 32, 3)
(20, 33, 3)
(20, 34, 3)
(20, 35, 2)
(20, 36, 2)
(20, 37, 2)
(20, 38, 2)
(20, 39, 1)

(21, 0, 187)
(21, 1, 124)
(21, 2, 109)
(21, 3, 93)
(21, 4, 62)
(21, 5, 41)
(21, 6, 22)
(21, 7, 22)
(21, 8, 20)
(21, 9, 9)
(21, 10, 9)
(21, 11, 9)
(21, 12, 9)
(21, 13, 7)
(21, 14, 6)
(21, 15, 6)
(21, 16, 5)
(21, 17, 5)
(21, 18, 5)
(21, 19, 3)
(21, 20, 3)
(21, 21, 3)
(21, 22, 3)
(21, 23, 3)
(21, 24, 3)
(21, 25, 3)
(21, 26, 3)
(21, 27, 3)
(21, 28, 3)
(21, 29, 3)
(21, 30, 3)
(21, 31, 3)
(21, 32, 3)
(21, 33, 3)
(21, 34, 3)
(21, 35, 2)
(21, 36, 2)
(21, 37, 2)
(21, 38, 2)
(21, 39, 1)

(22, 0, 189)
(22, 1, 126)
(22, 2, 111)
(22, 3, 95)
(22, 4, 63)
(22, 5, 42)
(22, 6, 22)
(22, 7, 22)
(22, 8, 20)
(22, 9, 9)
(22, 10, 9)
(22, 11, 9)
(22, 12, 9)
(22, 13, 7)
(22, 14, 6)
(22, 15, 6)
(22, 16, 5)
(22, 17, 5)
(22, 18, 5)
(22, 19, 3)
(22, 20, 3)
(22, 21, 3)
(22, 22, 3)
(22, 23, 3)
(22, 24, 3)
(22, 25, 3)
(22, 26, 3)
(22, 27, 3)
(22, 28, 3)
(22, 29, 3)
(22, 30, 3)
(22, 31, 3)
(22, 32, 3)
(22, 33, 3)
(22, 34, 3)
(22, 35, 2)
(22, 36, 2)
(22, 37, 2)
(22, 38, 2)
(22, 39, 1)

(23, 0, 195)
(23, 1, 132)
(23, 2, 117)
(23, 3, 101)
(23, 4, 67)
(23, 5, 46)
(23, 6, 24)
(23, 7, 24)
(23, 8, 22)
(23, 9, 10)
(23, 10, 10)
(23, 11, 10)
(23, 12, 10)
(23, 13, 8)
(23, 14, 7)
(23, 15, 7)
(23, 16, 6)
(23, 17, 6)
(23, 18, 6)
(23, 19, 4)
(23, 20, 4)
(23, 21, 4)
(23, 22, 4)
(23, 23, 4)
(23, 24, 4)
(23, 25, 4)
(23, 26, 4)
(23, 27, 4)
(23, 28, 4)
(23, 29, 4)
(23, 30, 4)
(23, 31, 4)
(23, 32, 4)
(23, 33, 4)
(23, 34, 4)
(23, 35, 3)
(23, 36, 3)
(23, 37, 3)
(23, 38, 3)
(23, 39, 2)

(24, 0, 199)
(24, 1, 136)
(24, 2, 121)
(24, 3, 105)
(24, 4, 68)
(24, 5, 47)
(24, 6, 25)
(24, 7, 25)
(24, 8, 23)
(24, 9, 11)
(24, 10, 11)
(24, 11, 11)
(24, 12, 11)
(24, 13, 9)
(24, 14, 7)
(24, 15, 7)
(24, 16, 6)
(24, 17, 6)
(24, 18, 6)
(24, 19, 4)
(24, 20, 4)
(24, 21, 4)
(24, 22, 4)
(24, 23, 4)
(24, 24, 4)
(24, 25, 4)
(24, 26, 4)
(24, 27, 4)
(24, 28, 4)
(24, 29, 4)
(24, 30, 4)
(24, 31, 4)
(24, 32, 4)
(24, 33, 4)
(24, 34, 4)
(24, 35, 3)
(24, 36, 3)
(24, 37, 3)
(24, 38, 3)
(24, 39, 2)

(25, 0, 207)
(25, 1, 144)
(25, 2, 129)
(25, 3, 110)
(25, 4, 71)
(25, 5, 50)
(25, 6, 26)
(25, 7, 26)
(25, 8, 24)
(25, 9, 12)
(25, 10, 11)
(25, 11, 11)
(25, 12, 11)
(25, 13, 9)
(25, 14, 8)
(25, 15, 8)
(25, 16, 7)
(25, 17, 7)
(25, 18, 7)
(25, 19, 4)
(25, 20, 4)
(25, 21, 4)
(25, 22, 4)
(25, 23, 4)
(25, 24, 4)
(25, 25, 4)
(25, 26, 4)
(25, 27, 4)
(25, 28, 4)
(25, 29, 4)
(25, 30, 4)
(25, 31, 4)
(25, 32, 4)
(25, 33, 4)
(25, 34, 4)
(25, 35, 3)
(25, 36, 3)
(25, 37, 3)
(25, 38, 3)
(25, 39, 2)

(26, 0, 220)
(26, 1, 155)
(26, 2, 140)
(26, 3, 118)
(26, 4, 77)
(26, 5, 54)
(26, 6, 28)
(26, 7, 28)
(26, 8, 26)
(26, 9, 12)
(26, 10, 11)
(26, 11, 11)
(26, 12, 11)
(26, 13, 9)
(26, 14, 8)
(26, 15, 8)
(26, 16, 7)
(26, 17, 7)
(26, 18, 7)
(26, 19, 3)
(26, 20, 2)
(26, 21, 2)
(26, 22, 2)
(26, 23, 2)
(26, 24, 2)
(26, 25, 2)
(26, 26, 2)
(26, 27, 2)
(26, 28, 2)
(26, 29, 2)
(26, 30, 2)
(26, 31, 2)
(26, 32, 2)
(26, 33, 2)
(26, 34, 2)
(26, 35, 2)
(26, 36, 2)
(26, 37, 2)
(26, 38, 2)
(26, 39, 1)

(27, 0, 225)
(27, 1, 159)
(27, 2, 144)
(27, 3, 122)
(27, 4, 80)
(27, 5, 57)
(27, 6, 27)
(27, 7, 27)
(27, 8, 25)
(27, 9, 11)
(27, 10, 10)
(27, 11, 10)
(27, 12, 10)
(27, 13, 8)
(27, 14, 7)
(27, 15, 7)
(27, 16, 6)
(27, 17, 6)
(27, 18, 6)
(27, 19, 2)
(27, 20, 2)
(27, 21, 2)
(27, 22, 2)
(27, 23, 2)
(27, 24, 2)
(27, 25, 2)
(27, 26, 2)
(27, 27, 2)
(27, 28, 2)
(27, 29, 2)
(27, 30, 2)
(27, 31, 2)
(27, 32, 2)
(27, 33, 2)
(27, 34, 2)
(27, 35, 2)
(27, 36, 2)
(27, 37, 2)
(27, 38, 2)
(27, 39, 1)

(28, 0, 227)
(28, 1, 161)
(28, 2, 146)
(28, 3, 124)
(28, 4, 81)
(28, 5, 58)
(28, 6, 27)
(28, 7, 27)
(28, 8, 25)
(28, 9, 11)
(28, 10, 10)
(28, 11, 10)
(28, 12, 10)
(28, 13, 8)
(28, 14, 7)
(28, 15, 7)
(28, 16, 6)
(28, 17, 6)
(28, 18, 6)
(28, 19, 2)
(28, 20, 2)
(28, 21, 2)
(28, 22, 2)
(28, 23, 2)
(28, 24, 2)
(28, 25, 2)
(28, 26, 2)
(28, 27, 2)
(28, 28, 2)
(28, 29, 2)
(28, 30, 2)
(28, 31, 2)
(28, 32, 2)
(28, 33, 2)
(28, 34, 2)
(28, 35, 2)
(28, 36, 2)
(28, 37, 2)
(28, 38, 2)
(28, 39, 1)

(29, 0, 230)
(29, 1, 164)
(29, 2, 149)
(29, 3, 127)
(29, 4, 84)
(29, 5, 61)
(29, 6, 29)
(29, 7, 29)
(29, 8, 27)
(29, 9, 11)
(29, 10, 10)
(29, 11, 10)
(29, 12, 10)
(29, 13, 8)
(29, 14, 7)
(29, 15, 7)
(29, 16, 6)
(29, 17, 6)
(29, 18, 6)
(29, 19, 2)
(29, 20, 2)
(29, 21, 2)
(29, 22, 2)
(29, 23, 2)
(29, 24, 2)
(29, 25, 2)
(29, 26, 2)
(29, 27, 2)
(29, 28, 2)
(29, 29, 2)
(29, 30, 2)
(29, 31, 2)
(29, 32, 2)
(29, 33, 2)
(29, 34, 2)
(29, 35, 2)
(29, 36, 2)
(29, 37, 2)
(29, 38, 2)
(29, 39, 1)

(30, 0, 234)
(30, 1, 167)
(30, 2, 151)
(30, 3, 129)
(30, 4, 85)
(30, 5, 62)
(30, 6, 30)
(30, 7, 30)
(30, 8, 28)
(30, 9, 12)
(30, 10, 11)
(30, 11, 11)
(30, 12, 11)
(30, 13, 9)
(30, 14, 7)
(30, 15, 7)
(30, 16, 6)
(30, 17, 6)
(30, 18, 6)
(30, 19, 2)
(30, 20, 2)
(30, 21, 2)
(30, 22, 2)
(30, 23, 2)
(30, 24, 2)
(30, 25, 2)
(30, 26, 2)
(30, 27, 2)
(30, 28, 2)
(30, 29, 2)
(30, 30, 2)
(30, 31, 2)
(30, 32, 2)
(30, 33, 2)
(30, 34, 2)
(30, 35, 2)
(30, 36, 2)
(30, 37, 2)
(30, 38, 1)
(30, 39, 1)

(31, 0, 241)
(31, 1, 174)
(31, 2, 156)
(31, 3, 133)
(31, 4, 88)
(31, 5, 65)
(31, 6, 32)
(31, 7, 32)
(31, 8, 30)
(31, 9, 14)
(31, 10, 13)
(31, 11, 11)
(31, 12, 11)
(31, 13, 9)
(31, 14, 8)
(31, 15, 8)
(31, 16, 7)
(31, 17, 7)
(31, 18, 7)
(31, 19, 3)
(31, 20, 3)
(31, 21, 3)
(31, 22, 3)
(31, 23, 3)
(31, 24, 3)
(31, 25, 3)
(31, 26, 3)
(31, 27, 3)
(31, 28, 3)
(31, 29, 3)
(31, 30, 3)
(31, 31, 3)
(31, 32, 3)
(31, 33, 3)
(31, 34, 3)
(31, 35, 3)
(31, 36, 3)
(31, 37, 3)
(31, 38, 2)
(31, 39, 2)

(32, 0, 248)
(32, 1, 180)
(32, 2, 162)
(32, 3, 139)
(32, 4, 90)
(32, 5, 67)
(32, 6, 34)
(32, 7, 34)
(32, 8, 32)
(32, 9, 15)
(32, 10, 14)
(32, 11, 12)
(32, 12, 12)
(32, 13, 9)
(32, 14, 8)
(32, 15, 8)
(32, 16, 7)
(32, 17, 7)
(32, 18, 7)
(32, 19, 3)
(32, 20, 3)
(32, 21, 3)
(32, 22, 3)
(32, 23, 3)
(32, 24, 3)
(32, 25, 3)
(32, 26, 3)
(32, 27, 3)
(32, 28, 3)
(32, 29, 3)
(32, 30, 3)
(32, 31, 3)
(32, 32, 3)
(32, 33, 3)
(32, 34, 3)
(32, 35, 3)
(32, 36, 3)
(32, 37, 3)
(32, 38, 2)
(32, 39, 2)

(33, 0, 251)
(33, 1, 183)
(33, 2, 165)
(33, 3, 141)
(33, 4, 92)
(33, 5, 69)
(33, 6, 35)
(33, 7, 35)
(33, 8, 33)
(33, 9, 15)
(33, 10, 14)
(33, 11, 12)
(33, 12, 12)
(33, 13, 9)
(33, 14, 8)
(33, 15, 8)
(33, 16, 7)
(33, 17, 7)
(33, 18, 7)
(33, 19, 3)
(33, 20, 3)
(33, 21, 3)
(33, 22, 3)
(33, 23, 3)
(33, 24, 3)
(33, 25, 3)
(33, 26, 3)
(33, 27, 3)
(33, 28, 3)
(33, 29, 3)
(33, 30, 3)
(33, 31, 3)
(33, 32, 3)
(33, 33, 3)
(33, 34, 3)
(33, 35, 3)
(33, 36, 3)
(33, 37, 3)
(33, 38, 2)
(33, 39, 2)

(34, 0, 256)
(34, 1, 187)
(34, 2, 169)
(34, 3, 145)
(34, 4, 95)
(34, 5, 72)
(34, 6, 37)
(34, 7, 37)
(34, 8, 35)
(34, 9, 15)
(34, 10, 14)
(34, 11, 12)
(34, 12, 12)
(34, 13, 8)
(34, 14, 7)
(34, 15, 7)
(34, 16, 6)
(34, 17, 6)
(34, 18, 6)
(34, 19, 3)
(34, 20, 3)
(34, 21, 3)
(34, 22, 3)
(34, 23, 3)
(34, 24, 3)
(34, 25, 3)
(34, 26, 3)
(34, 27, 3)
(34, 28, 3)
(34, 29, 3)
(34, 30, 3)
(34, 31, 3)
(34, 32, 3)
(34, 33, 3)
(34, 34, 2)
(34, 35, 2)
(34, 36, 2)
(34, 37, 2)
(34, 38, 2)
(34, 39, 1)

(35, 0, 258)
(35, 1, 188)
(35, 2, 169)
(35, 3, 145)
(35, 4, 95)
(35, 5, 72)
(35, 6, 37)
(35, 7, 37)
(35, 8, 35)
(35, 9, 15)
(35, 10, 14)
(35, 11, 12)
(35, 12, 12)
(35, 13, 8)
(35, 14, 7)
(35, 15, 7)
(35, 16, 6)
(35, 17, 6)
(35, 18, 6)
(35, 19, 3)
(35, 20, 3)
(35, 21, 3)
(35, 22, 3)
(35, 23, 3)
(35, 24, 3)
(35, 25, 3)
(35, 26, 3)
(35, 27, 3)
(35, 28, 3)
(35, 29, 3)
(35, 30, 3)
(35, 31, 3)
(35, 32, 2)
(35, 33, 2)
(35, 34, 2)
(35, 35, 2)
(35, 36, 2)
(35, 37, 2)
(35, 38, 2)
(35, 39, 1)

(36, 0, 268)
(36, 1, 197)
(36, 2, 176)
(36, 3, 152)
(36, 4, 102)
(36, 5, 78)
(36, 6, 40)
(36, 7, 40)
(36, 8, 38)
(36, 9, 15)
(36, 10, 14)
(36, 11, 12)
(36, 12, 12)
(36, 13, 8)
(36, 14, 7)
(36, 15, 6)
(36, 16, 5)
(36, 17, 5)
(36, 18, 5)
(36, 19, 1)
(36, 20, 1)
(36, 21, 1)
(36, 22, 1)
(36, 23, 1)
(36, 24, 1)
(36, 25, 1)
(36, 26, 1)
(36, 27, 1)
(36, 28, 1)
(36, 29, 1)
(36, 30, 1)
(36, 31, 1)
(36, 32, 1)
(36, 33, 1)
(36, 34, 1)
(36, 35, 1)
(36, 36, 1)
(36, 37, 1)
(36, 38, 1)
(36, 39, 1)

(37, 0, 270)
(37, 1, 199)
(37, 2, 178)
(37, 3, 154)
(37, 4, 104)
(37, 5, 80)
(37, 6, 40)
(37, 7, 40)
(37, 8, 38)
(37, 9, 14)
(37, 10, 13)
(37, 11, 11)
(37, 12, 11)
(37, 13, 7)
(37, 14, 6)
(37, 15, 6)
(37, 16, 5)
(37, 17, 5)
(37, 18, 5)
(37, 19, 1)
(37, 20, 1)
(37, 21, 1)
(37, 22, 1)
(37, 23, 1)
(37, 24, 1)
(37, 25, 1)
(37, 26, 1)
(37, 27, 1)
(37, 28, 1)
(37, 29, 1)
(37, 30, 1)
(37, 31, 1)
(37, 32, 1)
(37, 33, 1)
(37, 34, 1)
(37, 35, 1)
(37, 36, 1)
(37, 37, 1)
(37, 38, 1)
(37, 39, 1)

(38, 0, 274)
(38, 1, 203)
(38, 2, 182)
(38, 3, 158)
(38, 4, 108)
(38, 5, 84)
(38, 6, 42)
(38, 7, 42)
(38, 8, 39)
(38, 9, 14)
(38, 10, 13)
(38, 11, 11)
(38, 12, 11)
(38, 13, 7)
(38, 14, 6)
(38, 15, 6)
(38, 16, 5)
(38, 17, 5)
(38, 18, 5)
(38, 19, 1)
(38, 20, 1)
(38, 21, 1)
(38, 22, 1)
(38, 23, 1)
(38, 24, 1)
(38, 25, 1)
(38, 26, 1)
(38, 27, 1)
(38, 28, 1)
(38, 29, 1)
(38, 30, 1)
(38, 31, 1)
(38, 32, 1)
(38, 33, 1)
(38, 34, 1)
(38, 35, 1)
(38, 36, 1)
(38, 37, 1)
(38, 38, 1)
(38, 39, 1)

(39, 0, 283)
(39, 1, 210)
(39, 2, 189)
(39, 3, 165)
(39, 4, 115)
(39, 5, 89)
(39, 6, 45)
(39, 7, 45)
(39, 8, 42)
(39, 9, 14)
(39, 10, 13)
(39, 11, 11)
(39, 12, 11)
(39, 13, 7)
(39, 14, 6)
(39, 15, 6)
(39, 16, 5)
(39, 17, 5)
(39, 18, 5)
(39, 19, 1)
(39, 20, 1)
(39, 21, 1)
(39, 22, 1)
(39, 23, 1)
(39, 24, 1)
(39, 25, 1)
(39, 26, 1)
(39, 27, 1)
(39, 28, 1)
(39, 29, 1)
(39, 30, 1)
(39, 31, 1)
(39, 32, 1)
(39, 33, 1)
(39, 34, 1)
(39, 35, 1)
(39, 36, 1)
(39, 37, 1)
(39, 38, 1)
(39, 39, 1)


Betti numbers:
xi_0:
(0, 0, 18)
(1, 0, 5)
(2, 0, 2)
(3, 0, 12)
(4, 0, 5)
(5, 0, 8)
(6, 0, 9)
(7, 0, 4)
(8, 0, 5)
(9, 0, 6)
(10, 0, 13)
(11, 0, 19)
(12, 0, 13)
(13, 0, 8)
(14, 0, 6)
(15, 0, 13)
(16, 0, 13)
(17, 0, 7)
(18, 0, 7)
(19, 0, 7)
(20, 0, 2)
(21, 0, 5)
(22, 0, 2)
(23, 0, 6)
(24, 0, 4)
(25, 0, 8)
(26, 0, 13)
(27, 0, 5)
(28, 0, 2)
(29, 0, 3)
(30, 0, 4)
(31, 0, 7)
(32, 0, 7)
(33, 0, 3)
(34, 0, 5)
(35, 0, 2)
(36, 0, 10)
(37, 0, 2)
(38, 0, 4)
(39, 0, 9)
xi_1:
(0, 1, 16)
(0, 3, 1)
(1, 1, 4)
(1, 2, 1)
(2, 1, 2)
(3, 1, 10)
(3, 3, 1)
(4, 1, 3)
(4, 2, 1)
(4, 6, 1)
(5, 1, 5)
(5, 2, 1)
(5, 4, 1)
(6, 1, 5)
(6, 2, 1)
(6, 3, 1)
(6, 4, 1)
(6, 5, 1)
(7, 2, 2)
(7, 3, 1)
(7, 9, 1)
(8, 3, 2)
(8, 4, 1)
(8, 6, 1)
(8, 8, 1)
(9, 1, 2)
(9, 4, 2)
(9, 8, 1)
(10, 1, 4)
(10, 2, 1)
(10, 4, 3)
(10, 5, 2)
(10, 7, 1)
(10, 9, 1)
(11, 1, 2)
(11, 2, 4)
(11, 3, 4)
(11, 4, 5)
(11, 5, 2)
(11, 6, 1)
(11, 9, 1)
(11, 19, 1)
(11, 23, 1)
(12, 1, 4)
(12, 2, 2)
(12, 3, 3)
(12, 4, 2)
(12, 5, 2)
(12, 14, 1)
(13, 1, 1)
(13, 3, 1)
(13, 4, 2)
(13, 5, 3)
(13, 6, 1)
(13, 9, 1)
(14, 4, 3)
(14, 5, 1)
(14, 6, 2)
(15, 1, 2)
(15, 3, 1)
(15, 4, 5)
(15, 5, 1)
(15, 9, 3)
(15, 35, 1)
(16, 1, 3)
(16, 2, 3)
(16, 4, 3)
(16, 5, 3)
(16, 6, 1)
(16, 39, 1)
(17, 4, 1)
(17, 5, 3)
(17, 6, 1)
(17, 13, 1)
(17, 16, 1)
(17, 19, 1)
(18, 3, 1)
(18, 5, 1)
(18, 6, 2)
(18, 8, 1)
(18, 9, 2)
(19, 5, 1)
(19, 6, 7)
(19, 13, 1)
(20, 4, 1)
(20, 11, 1)
(20, 39, 1)
(21, 4, 1)
(21, 5, 1)
(21, 6, 2)
(21, 9, 2)
(22, 4, 1)
(22, 6, 1)
(23, 4, 2)
(23, 6, 2)
(23, 9, 1)
(24, 4, 3)
(24, 14, 1)
(25, 3, 3)
(25, 4, 2)
(25, 6, 2)
(25, 10, 1)
(25, 19, 1)
(26, 1, 2)
(26, 3, 3)
(26, 4, 2)
(26, 5, 2)
(26, 6, 2)
(26, 9, 2)
(26, 19, 1)
(26, 20, 1)
(27, 1, 1)
(27, 4, 1)
(27, 6, 4)
(28, 4, 1)
(28, 6, 1)
(29, 6, 1)
(29, 9, 2)
(30, 1, 1)
(30, 2, 1)
(30, 4, 1)
(30, 14, 1)
(30, 38, 1)
(31, 2, 2)
(31, 3, 1)
(31, 4, 1)
(31, 6, 1)
(31, 11, 2)
(32, 1, 1)
(32, 4, 4)
(32, 9, 1)
(32, 13, 1)
(33, 3, 1)
(33, 6, 1)
(33, 9, 1)
(34, 1, 1)
(34, 4, 1)
(34, 6, 1)
(34, 9, 2)
(34, 13, 1)
(34, 34, 1)
(34, 39, 1)
(35, 1, 1)
(35, 2, 1)
(35, 32, 1)
(36, 1, 1)
(36, 2, 2)
(36, 5, 1)
(36, 6, 3)
(36, 9, 3)
(36, 13, 1)
(36, 15, 1)
(36, 19, 1)
(37, 6, 2)
(37, 9, 1)
(38, 6, 2)
(38, 8, 1)
(38, 9, 1)
(39, 1, 2)
(39, 5, 2)
(39, 6, 2)
(39, 9, 3)
xi_2:
(11, 7, 1)
(12, 23, 1)
(13, 2, 1)
(17, 39, 1)
(19, 8, 1)
(21, 11, 1)
(25, 14, 1)
(26, 35, 1)
(27, 20, 1)
(30, 39, 1)
(31, 14, 1)
(34, 19, 1)
(34, 38, 1)
(35, 34, 1)
(36, 13, 1)
(36, 32, 1)
(36, 39, 1)
(37, 15, 1)
