x-grades
-1240219039515976337/400000000000000000
-610413930519333937/200000000000000000
-1201436682561359411/400000000000000000
-295511376021012737/100000000000000000
-232530865121348497/80000000000000000
-571631573564717011/200000000000000000
-1123871968652125559/400000000000000000
-138060098771852137/50000000000000000
-1085089611697508633/400000000000000000
-106569843322020017/40000000000000000
-1046307254742891707/400000000000000000
-256729019066395811/100000000000000000
-1007524897788274781/400000000000000000
-494066859655483159/200000000000000000
-193748508166731571/80000000000000000
-59334460147271837/25000000000000000
-929960183879040929/400000000000000000
-455284502700866233/200000000000000000
-891177826924424003/400000000000000000
-43589332422355777/20000000000000000
-852395469969807077/400000000000000000
-416502145746249307/200000000000000000
-813613113015190151/400000000000000000
-99277741817235211/50000000000000000
-30993230242422929/16000000000000000
-377719788791632381/200000000000000000
-736048399105956299/400000000000000000
-179164305157161959/100000000000000000
-697266042151339373/400000000000000000
-67787486367403091/40000000000000000
-658483685196722447/400000000000000000
-19971640834981687/12500000000000000
-619701328242105521/400000000000000000
-300155074882398529/200000000000000000
-116183794257497719/80000000000000000
-140381948202545033/100000000000000000
-542136614332871669/400000000000000000
-261372717927781603/200000000000000000
-503354257378254743/400000000000000000
-12099076972523657/10000000000000000

y-grades
4999961/20000000
4999961/10000000
14999883/20000000
4999961/5000000
4999961/4000000
14999883/10000000
34999727/20000000
4999961/2500000
44999649/20000000
4999961/2000000
54999571/20000000
14999883/5000000
64999493/20000000
34999727/10000000
14999883/4000000
4999961/1250000
84999337/20000000
44999649/10000000
94999259/20000000
4999961/1000000
104999181/20000000
54999571/10000000
114999103/20000000
14999883/2500000
4999961/800000
64999493/10000000
134998947/20000000
34999727/5000000
144998869/20000000
14999883/2000000
154998791/20000000
4999961/625000
164998713/20000000
84999337/10000000
34999727/4000000
44999649/5000000
184998557/20000000
94999259/10000000
194998479/20000000
4999961/500000

Dimensions > 0:
(0, 0, 1)
(0, 1, 1)
(0, 2, 1)
(0, 3, 1)
(0, 4, 1)
(0, 5, 1)
(0, 6, 1)
(0, 7, 1)
(0, 8, 1)
(0, 9, 1)
(0, 10, 1)
(0, 11, 1)
(0, 12, 1)
(0, 13, 1)
(0, 14, 1)
(0, 15, 1)
(0, 16, 1)
(0, 17, 1)
(0, 18, 1)
(0, 19, 1)
(0, 20, 1)
(0, 21, 1)
(0, 22, 1)
(0, 23, 1)
(0, 24, 1)
(0, 25, 1)
(0, 26, 1)
(0, 27, 1)
(0, 28, 1)
(0, 29, 1)
(0, 30, 1)
(0, 31, 1)
(0, 32, 1)
(0, 33, 1)
(0, 34, 1)
(0, 35, 1)
(0, 36, 1)
(0, 37, 1)
(0, 38, 1)
(0, 39, 1)

(1, 0, 1)
(1, 1, 1)
(1, 2, 1)
(1, 3, 1)
(1, 4, 1)
(1, 5, 1)
(1, 6, 1)
(1, 7, 1)
(1, 8, 1)
(1, 9, 1)
(1, 10, 1)
(1, 11, 1)
(1, 12, 1)
(1, 13, 1)
(1, 14, 1)
(1, 15, 1)
(1, 16, 1)
(1, 17, 1)
(1, 18, 1)
(1, 19, 1)
(1, 20, 1)
(1, 21, 1)
(1, 22, 1)
(1, 23, 1)
(1, 24, 1)
(1, 25, 1)
(1, 26, 1)
(1, 27, 1)
(1, 28, 1)
(1, 29, 1)
(1, 30, 1)
(1, 31, 1)
(1, 32, 1)
(1, 33, 1)
(1, 34, 1)
(1, 35, 1)
(1, 36, 1)
(1, 37, 1)
(1, 38, 1)
(1, 39, 1)

(2, 0, 2)
(2, 1, 2)
(2, 2, 2)
(2, 3, 2)
(2, 4, 2)
(2, 5, 2)
(2, 6, 2)
(2, 7, 2)
(2, 8, 2)
(2, 9, 2)
(2, 10, 2)
(2, 11, 2)
(2, 12, 2)
(2, 13, 2)
(2, 14, 2)
(2, 15, 2)
(2, 16, 2)
(2, 17, 2)
(2, 18, 2)
(2, 19, 2)
(2, 20, 2)
(2, 21, 2)
(2, 22, 1)
(2, 23, 1)
(2, 24, 1)
(2, 25, 1)
(2, 26, 1)
(2, 27, 1)
(2, 28, 1)
(2, 29, 1)
(2, 30, 1)
(2, 31, 1)
(2, 32, 1)
(2, 33, 1)
(2, 34, 1)
(2, 35, 1)
(2, 36, 1)
(2, 37, 1)
(2, 38, 1)
(2, 39, 1)

(3, 0, 4)
(3, 1, 4)
(3, 2, 4)
(3, 3, 4)
(3, 4, 4)
(3, 5, 4)
(3, 6, 4)
(3, 7, 4)
(3, 8, 3)
(3, 9, 3)
(3, 10, 3)
(3, 11, 3)
(3, 12, 3)
(3, 13, 3)
(3, 14, 3)
(3, 15, 3)
(3, 16, 3)
(3, 17, 3)
(3, 18, 3)
(3, 19, 3)
(3, 20, 3)
(3, 21, 3)
(3, 22, 2)
(3, 23, 2)
(3, 24, 2)
(3, 25, 2)
(3, 26, 2)
(3, 27, 2)
(3, 28, 2)
(3, 29, 1)
(3, 30, 1)
(3, 31, 1)
(3, 32, 1)
(3, 33, 1)
(3, 34, 1)
(3, 35, 1)
(3, 36, 1)
(3, 37, 1)
(3, 38, 1)
(3, 39, 1)

(4, 0, 6)
(4, 1, 6)
(4, 2, 6)
(4, 3, 6)
(4, 4, 6)
(4, 5, 6)
(4, 6, 6)
(4, 7, 6)
(4, 8, 5)
(4, 9, 5)
(4, 10, 5)
(4, 11, 5)
(4, 12, 5)
(4, 13, 5)
(4, 14, 5)
(4, 15, 5)
(4, 16, 5)
(4, 17, 5)
(4, 18, 5)
(4, 19, 5)
(4, 20, 5)
(4, 21, 5)
(4, 22, 4)
(4, 23, 4)
(4, 24, 4)
(4, 25, 4)
(4, 26, 4)
(4, 27, 4)
(4, 28, 4)
(4, 29, 3)
(4, 30, 3)
(4, 31, 3)
(4, 32, 3)
(4, 33, 3)
(4, 34, 2)
(4, 35, 2)
(4, 36, 2)
(4, 37, 2)
(4, 38, 2)
(4, 39, 2)

(5, 0, 6)
(5, 1, 6)
(5, 2, 6)
(5, 3, 6)
(5, 4, 6)
(5, 5, 6)
(5, 6, 6)
(5, 7, 6)
(5, 8, 5)
(5, 9, 5)
(5, 10, 5)
(5, 11, 5)
(5, 12, 5)
(5, 13, 5)
(5, 14, 5)
(5, 15, 5)
(5, 16, 5)
(5, 17, 5)
(5, 18, 5)
(5, 19, 5)
(5, 20, 5)
(5, 21, 5)
(5, 22, 4)
(5, 23, 4)
(5, 24, 4)
(5, 25, 4)
(5, 26, 4)
(5, 27, 4)
(5, 28, 4)
(5, 29, 3)
(5, 30, 3)
(5, 31, 3)
(5, 32, 3)
(5, 33, 3)
(5, 34, 2)
(5, 35, 2)
(5, 36, 2)
(5, 37, 2)
(5, 38, 2)
(5, 39, 2)

(6, 0, 6)
(6, 1, 6)
(6, 2, 6)
(6, 3, 6)
(6, 4, 6)
(6, 5, 6)
(6, 6, 6)
(6, 7, 6)
(6, 8, 5)
(6, 9, 5)
(6, 10, 5)
(6, 11, 5)
(6, 12, 5)
(6, 13, 5)
(6, 14, 5)
(6, 15, 5)
(6, 16, 5)
(6, 17, 5)
(6, 18, 5)
(6, 19, 5)
(6, 20, 5)
(6, 21, 5)
(6, 22, 4)
(6, 23, 4)
(6, 24, 4)
(6, 25, 4)
(6, 26, 4)
(6, 27, 4)
(6, 28, 4)
(6, 29, 3)
(6, 30, 3)
(6, 31, 3)
(6, 32, 3)
(6, 33, 3)
(6, 34, 2)
(6, 35, 2)
(6, 36, 2)
(6, 37, 2)
(6, 38, 2)
(6, 39, 2)

(7, 0, 8)
(7, 1, 8)
(7, 2, 8)
(7, 3, 8)
(7, 4, 8)
(7, 5, 8)
(7, 6, 8)
(7, 7, 8)
(7, 8, 7)
(7, 9, 7)
(7, 10, 7)
(7, 11, 7)
(7, 12, 7)
(7, 13, 7)
(7, 14, 7)
(7, 15, 7)
(7, 16, 7)
(7, 17, 7)
(7, 18, 7)
(7, 19, 7)
(7, 20, 7)
(7, 21, 7)
(7, 22, 6)
(7, 23, 6)
(7, 24, 6)
(7, 25, 6)
(7, 26, 6)
(7, 27, 6)
(7, 28, 6)
(7, 29, 5)
(7, 30, 5)
(7, 31, 5)
(7, 32, 5)
(7, 33, 5)
(7, 34, 4)
(7, 35, 4)
(7, 36, 4)
(7, 37, 4)
(7, 38, 4)
(7, 39, 4)

(8, 0, 10)
(8, 1, 10)
(8, 2, 10)
(8, 3, 10)
(8, 4, 10)
(8, 5, 10)
(8, 6, 10)
(8, 7, 10)
(8, 8, 9)
(8, 9, 9)
(8, 10, 9)
(8, 11, 9)
(8, 12, 9)
(8, 13, 9)
(8, 14, 9)
(8, 15, 9)
(8, 16, 9)
(8, 17, 9)
(8, 18, 8)
(8, 19, 8)
(8, 20, 8)
(8, 21, 8)
(8, 22, 7)
(8, 23, 7)
(8, 24, 7)
(8, 25, 7)
(8, 26, 7)
(8, 27, 7)
(8, 28, 7)
(8, 29, 6)
(8, 30, 6)
(8, 31, 6)
(8, 32, 6)
(8, 33, 6)
(8, 34, 5)
(8, 35, 5)
(8, 36, 5)
(8, 37, 5)
(8, 38, 5)
(8, 39, 5)

(9, 0, 14)
(9, 1, 14)
(9, 2, 14)
(9, 3, 14)
(9, 4, 14)
(9, 5, 14)
(9, 6, 14)
(9, 7, 14)
(9, 8, 13)
(9, 9, 13)
(9, 10, 13)
(9, 11, 13)
(9, 12, 13)
(9, 13, 13)
(9, 14, 13)
(9, 15, 13)
(9, 16, 13)
(9, 17, 13)
(9, 18, 12)
(9, 19, 12)
(9, 20, 12)
(9, 21, 12)
(9, 22, 11)
(9, 23, 11)
(9, 24, 11)
(9, 25, 10)
(9, 26, 10)
(9, 27, 10)
(9, 28, 10)
(9, 29, 9)
(9, 30, 9)
(9, 31, 9)
(9, 32, 9)
(9, 33, 9)
(9, 34, 8)
(9, 35, 7)
(9, 36, 7)
(9, 37, 7)
(9, 38, 7)
(9, 39, 6)

(10, 0, 19)
(10, 1, 19)
(10, 2, 19)
(10, 3, 19)
(10, 4, 19)
(10, 5, 19)
(10, 6, 19)
(10, 7, 19)
(10, 8, 16)
(10, 9, 16)
(10, 10, 16)
(10, 11, 16)
(10, 12, 16)
(10, 13, 16)
(10, 14, 16)
(10, 15, 16)
(10, 16, 16)
(10, 17, 16)
(10, 18, 14)
(10, 19, 14)
(10, 20, 14)
(10, 21, 13)
(10, 22, 12)
(10, 23, 12)
(10, 24, 12)
(10, 25, 11)
(10, 26, 11)
(10, 27, 11)
(10, 28, 11)
(10, 29, 10)
(10, 30, 10)
(10, 31, 10)
(10, 32, 10)
(10, 33, 10)
(10, 34, 9)
(10, 35, 6)
(10, 36, 6)
(10, 37, 6)
(10, 38, 6)
(10, 39, 5)

(11, 0, 20)
(11, 1, 20)
(11, 2, 20)
(11, 3, 20)
(11, 4, 20)
(11, 5, 20)
(11, 6, 20)
(11, 7, 20)
(11, 8, 17)
(11, 9, 17)
(11, 10, 17)
(11, 11, 17)
(11, 12, 17)
(11, 13, 17)
(11, 14, 17)
(11, 15, 17)
(11, 16, 16)
(11, 17, 16)
(11, 18, 14)
(11, 19, 14)
(11, 20, 14)
(11, 21, 13)
(11, 22, 12)
(11, 23, 12)
(11, 24, 12)
(11, 25, 11)
(11, 26, 11)
(11, 27, 11)
(11, 28, 11)
(11, 29, 10)
(11, 30, 10)
(11, 31, 10)
(11, 32, 10)
(11, 33, 10)
(11, 34, 9)
(11, 35, 6)
(11, 36, 6)
(11, 37, 6)
(11, 38, 6)
(11, 39, 5)

(12, 0, 25)
(12, 1, 25)
(12, 2, 25)
(12, 3, 24)
(12, 4, 23)
(12, 5, 23)
(12, 6, 22)
(12, 7, 22)
(12, 8, 19)
(12, 9, 19)
(12, 10, 19)
(12, 11, 19)
(12, 12, 19)
(12, 13, 19)
(12, 14, 19)
(12, 15, 19)
(12, 16, 18)
(12, 17, 18)
(12, 18, 16)
(12, 19, 16)
(12, 20, 16)
(12, 21, 15)
(12, 22, 14)
(12, 23, 14)
(12, 24, 14)
(12, 25, 13)
(12, 26, 13)
(12, 27, 13)
(12, 28, 13)
(12, 29, 12)
(12, 30, 12)
(12, 31, 11)
(12, 32, 11)
(12, 33, 11)
(12, 34, 10)
(12, 35, 6)
(12, 36, 6)
(12, 37, 6)
(12, 38, 6)
(12, 39, 5)

(13, 0, 26)
(13, 1, 26)
(13, 2, 26)
(13, 3, 25)
(13, 4, 24)
(13, 5, 24)
(13, 6, 23)
(13, 7, 23)
(13, 8, 20)
(13, 9, 20)
(13, 10, 20)
(13, 11, 20)
(13, 12, 20)
(13, 13, 20)
(13, 14, 20)
(13, 15, 20)
(13, 16, 19)
(13, 17, 19)
(13, 18, 17)
(13, 19, 17)
(13, 20, 17)
(13, 21, 16)
(13, 22, 15)
(13, 23, 15)
(13, 24, 15)
(13, 25, 14)
(13, 26, 14)
(13, 27, 14)
(13, 28, 13)
(13, 29, 12)
(13, 30, 12)
(13, 31, 11)
(13, 32, 11)
(13, 33, 11)
(13, 34, 10)
(13, 35, 6)
(13, 36, 6)
(13, 37, 6)
(13, 38, 6)
(13, 39, 5)

(14, 0, 30)
(14, 1, 30)
(14, 2, 30)
(14, 3, 29)
(14, 4, 28)
(14, 5, 28)
(14, 6, 27)
(14, 7, 27)
(14, 8, 24)
(14, 9, 24)
(14, 10, 24)
(14, 11, 24)
(14, 12, 24)
(14, 13, 24)
(14, 14, 24)
(14, 15, 24)
(14, 16, 23)
(14, 17, 23)
(14, 18, 21)
(14, 19, 21)
(14, 20, 21)
(14, 21, 20)
(14, 22, 19)
(14, 23, 19)
(14, 24, 19)
(14, 25, 17)
(14, 26, 17)
(14, 27, 17)
(14, 28, 16)
(14, 29, 15)
(14, 30, 15)
(14, 31, 14)
(14, 32, 14)
(14, 33, 14)
(14, 34, 13)
(14, 35, 8)
(14, 36, 8)
(14, 37, 8)
(14, 38, 8)
(14, 39, 7)

(15, 0, 38)
(15, 1, 38)
(15, 2, 38)
(15, 3, 37)
(15, 4, 36)
(15, 5, 35)
(15, 6, 34)
(15, 7, 34)
(15, 8, 31)
(15, 9, 31)
(15, 10, 28)
(15, 11, 28)
(15, 12, 27)
(15, 13, 27)
(15, 14, 26)
(15, 15, 26)
(15, 16, 25)
(15, 17, 25)
(15, 18, 23)
(15, 19, 23)
(15, 20, 23)
(15, 21, 22)
(15, 22, 21)
(15, 23, 21)
(15, 24, 21)
(15, 25, 19)
(15, 26, 19)
(15, 27, 19)
(15, 28, 18)
(15, 29, 17)
(15, 30, 17)
(15, 31, 15)
(15, 32, 15)
(15, 33, 15)
(15, 34, 14)
(15, 35, 9)
(15, 36, 9)
(15, 37, 9)
(15, 38, 9)
(15, 39, 8)

(16, 0, 49)
(16, 1, 49)
(16, 2, 48)
(16, 3, 47)
(16, 4, 46)
(16, 5, 44)
(16, 6, 43)
(16, 7, 43)
(16, 8, 40)
(16, 9, 40)
(16, 10, 35)
(16, 11, 35)
(16, 12, 34)
(16, 13, 34)
(16, 14, 33)
(16, 15, 33)
(16, 16, 32)
(16, 17, 31)
(16, 18, 29)
(16, 19, 29)
(16, 20, 28)
(16, 21, 27)
(16, 22, 25)
(16, 23, 25)
(16, 24, 25)
(16, 25, 23)
(16, 26, 22)
(16, 27, 22)
(16, 28, 21)
(16, 29, 19)
(16, 30, 18)
(16, 31, 16)
(16, 32, 16)
(16, 33, 16)
(16, 34, 15)
(16, 35, 11)
(16, 36, 11)
(16, 37, 11)
(16, 38, 11)
(16, 39, 10)

(17, 0, 61)
(17, 1, 61)
(17, 2, 59)
(17, 3, 57)
(17, 4, 55)
(17, 5, 53)
(17, 6, 51)
(17, 7, 51)
(17, 8, 48)
(17, 9, 47)
(17, 10, 41)
(17, 11, 41)
(17, 12, 40)
(17, 13, 40)
(17, 14, 39)
(17, 15, 39)
(17, 16, 38)
(17, 17, 37)
(17, 18, 35)
(17, 19, 34)
(17, 20, 32)
(17, 21, 30)
(17, 22, 28)
(17, 23, 28)
(17, 24, 27)
(17, 25, 25)
(17, 26, 24)
(17, 27, 24)
(17, 28, 23)
(17, 29, 22)
(17, 30, 21)
(17, 31, 19)
(17, 32, 19)
(17, 33, 18)
(17, 34, 17)
(17, 35, 13)
(17, 36, 13)
(17, 37, 13)
(17, 38, 12)
(17, 39, 11)

(18, 0, 78)
(18, 1, 75)
(18, 2, 72)
(18, 3, 69)
(18, 4, 66)
(18, 5, 62)
(18, 6, 59)
(18, 7, 59)
(18, 8, 56)
(18, 9, 54)
(18, 10, 47)
(18, 11, 47)
(18, 12, 46)
(18, 13, 46)
(18, 14, 45)
(18, 15, 45)
(18, 16, 44)
(18, 17, 43)
(18, 18, 40)
(18, 19, 39)
(18, 20, 37)
(18, 21, 35)
(18, 22, 32)
(18, 23, 31)
(18, 24, 30)
(18, 25, 28)
(18, 26, 27)
(18, 27, 27)
(18, 28, 26)
(18, 29, 25)
(18, 30, 23)
(18, 31, 21)
(18, 32, 20)
(18, 33, 19)
(18, 34, 18)
(18, 35, 14)
(18, 36, 14)
(18, 37, 14)
(18, 38, 13)
(18, 39, 12)

(19, 0, 114)
(19, 1, 105)
(19, 2, 100)
(19, 3, 92)
(19, 4, 88)
(19, 5, 81)
(19, 6, 77)
(19, 7, 76)
(19, 8, 71)
(19, 9, 69)
(19, 10, 61)
(19, 11, 60)
(19, 12, 56)
(19, 13, 55)
(19, 14, 54)
(19, 15, 53)
(19, 16, 51)
(19, 17, 49)
(19, 18, 46)
(19, 19, 44)
(19, 20, 41)
(19, 21, 39)
(19, 22, 37)
(19, 23, 35)
(19, 24, 34)
(19, 25, 32)
(19, 26, 31)
(19, 27, 31)
(19, 28, 29)
(19, 29, 28)
(19, 30, 27)
(19, 31, 24)
(19, 32, 23)
(19, 33, 21)
(19, 34, 20)
(19, 35, 16)
(19, 36, 15)
(19, 37, 15)
(19, 38, 14)
(19, 39, 13)

(20, 0, 184)
(20, 1, 149)
(20, 2, 133)
(20, 3, 109)
(20, 4, 96)
(20, 5, 88)
(20, 6, 84)
(20, 7, 81)
(20, 8, 75)
(20, 9, 73)
(20, 10, 66)
(20, 11, 65)
(20, 12, 61)
(20, 13, 60)
(20, 14, 58)
(20, 15, 55)
(20, 16, 53)
(20, 17, 51)
(20, 18, 48)
(20, 19, 45)
(20, 20, 43)
(20, 21, 41)
(20, 22, 38)
(20, 23, 36)
(20, 24, 35)
(20, 25, 33)
(20, 26, 32)
(20, 27, 31)
(20, 28, 29)
(20, 29, 27)
(20, 30, 26)
(20, 31, 23)
(20, 32, 22)
(20, 33, 21)
(20, 34, 20)
(20, 35, 16)
(20, 36, 15)
(20, 37, 15)
(20, 38, 14)
(20, 39, 13)

(21, 0, 231)
(21, 1, 186)
(21, 2, 161)
(21, 3, 129)
(21, 4, 112)
(21, 5, 101)
(21, 6, 91)
(21, 7, 89)
(21, 8, 83)
(21, 9, 81)
(21, 10, 73)
(21, 11, 71)
(21, 12, 67)
(21, 13, 66)
(21, 14, 64)
(21, 15, 61)
(21, 16, 59)
(21, 17, 57)
(21, 18, 52)
(21, 19, 48)
(21, 20, 46)
(21, 21, 44)
(21, 22, 41)
(21, 23, 39)
(21, 24, 38)
(21, 25, 36)
(21, 26, 35)
(21, 27, 34)
(21, 28, 31)
(21, 29, 29)
(21, 30, 28)
(21, 31, 25)
(21, 32, 24)
(21, 33, 21)
(21, 34, 20)
(21, 35, 16)
(21, 36, 16)
(21, 37, 15)
(21, 38, 14)
(21, 39, 13)

(22, 0, 297)
(22, 1, 229)
(22, 2, 196)
(22, 3, 156)
(22, 4, 136)
(22, 5, 121)
(22, 6, 105)
(22, 7, 101)
(22, 8, 95)
(22, 9, 92)
(22, 10, 83)
(22, 11, 79)
(22, 12, 74)
(22, 13, 73)
(22, 14, 71)
(22, 15, 66)
(22, 16, 64)
(22, 17, 62)
(22, 18, 57)
(22, 19, 53)
(22, 20, 50)
(22, 21, 47)
(22, 22, 44)
(22, 23, 41)
(22, 24, 40)
(22, 25, 38)
(22, 26, 37)
(22, 27, 35)
(22, 28, 32)
(22, 29, 29)
(22, 30, 27)
(22, 31, 24)
(22, 32, 22)
(22, 33, 20)
(22, 34, 19)
(22, 35, 15)
(22, 36, 15)
(22, 37, 15)
(22, 38, 14)
(22, 39, 13)

(23, 0, 415)
(23, 1, 313)
(23, 2, 264)
(23, 3, 195)
(23, 4, 160)
(23, 5, 136)
(23, 6, 115)
(23, 7, 110)
(23, 8, 102)
(23, 9, 97)
(23, 10, 87)
(23, 11, 83)
(23, 12, 77)
(23, 13, 75)
(23, 14, 73)
(23, 15, 69)
(23, 16, 67)
(23, 17, 65)
(23, 18, 58)
(23, 19, 53)
(23, 20, 51)
(23, 21, 47)
(23, 22, 43)
(23, 23, 40)
(23, 24, 39)
(23, 25, 37)
(23, 26, 35)
(23, 27, 32)
(23, 28, 28)
(23, 29, 25)
(23, 30, 24)
(23, 31, 21)
(23, 32, 20)
(23, 33, 19)
(23, 34, 18)
(23, 35, 14)
(23, 36, 14)
(23, 37, 14)
(23, 38, 13)
(23, 39, 12)

(24, 0, 504)
(24, 1, 377)
(24, 2, 317)
(24, 3, 235)
(24, 4, 190)
(24, 5, 163)
(24, 6, 139)
(24, 7, 129)
(24, 8, 119)
(24, 9, 113)
(24, 10, 100)
(24, 11, 92)
(24, 12, 85)
(24, 13, 82)
(24, 14, 79)
(24, 15, 73)
(24, 16, 69)
(24, 17, 67)
(24, 18, 60)
(24, 19, 56)
(24, 20, 54)
(24, 21, 49)
(24, 22, 46)
(24, 23, 43)
(24, 24, 42)
(24, 25, 39)
(24, 26, 37)
(24, 27, 34)
(24, 28, 31)
(24, 29, 28)
(24, 30, 25)
(24, 31, 22)
(24, 32, 21)
(24, 33, 20)
(24, 34, 19)
(24, 35, 15)
(24, 36, 15)
(24, 37, 15)
(24, 38, 14)
(24, 39, 13)

(25, 0, 588)
(25, 1, 437)
(25, 2, 368)
(25, 3, 271)
(25, 4, 217)
(25, 5, 183)
(25, 6, 150)
(25, 7, 138)
(25, 8, 127)
(25, 9, 118)
(25, 10, 105)
(25, 11, 96)
(25, 12, 88)
(25, 13, 85)
(25, 14, 82)
(25, 15, 75)
(25, 16, 72)
(25, 17, 69)
(25, 18, 62)
(25, 19, 58)
(25, 20, 55)
(25, 21, 49)
(25, 22, 46)
(25, 23, 42)
(25, 24, 40)
(25, 25, 36)
(25, 26, 35)
(25, 27, 34)
(25, 28, 31)
(25, 29, 27)
(25, 30, 26)
(25, 31, 23)
(25, 32, 22)
(25, 33, 21)
(25, 34, 20)
(25, 35, 16)
(25, 36, 16)
(25, 37, 15)
(25, 38, 14)
(25, 39, 13)

(26, 0, 658)
(26, 1, 488)
(26, 2, 407)
(26, 3, 302)
(26, 4, 240)
(26, 5, 200)
(26, 6, 163)
(26, 7, 149)
(26, 8, 137)
(26, 9, 126)
(26, 10, 110)
(26, 11, 102)
(26, 12, 94)
(26, 13, 90)
(26, 14, 84)
(26, 15, 77)
(26, 16, 74)
(26, 17, 70)
(26, 18, 63)
(26, 19, 59)
(26, 20, 55)
(26, 21, 48)
(26, 22, 45)
(26, 23, 42)
(26, 24, 40)
(26, 25, 36)
(26, 26, 35)
(26, 27, 34)
(26, 28, 30)
(26, 29, 27)
(26, 30, 26)
(26, 31, 23)
(26, 32, 22)
(26, 33, 21)
(26, 34, 20)
(26, 35, 16)
(26, 36, 16)
(26, 37, 16)
(26, 38, 15)
(26, 39, 13)

(27, 0, 697)
(27, 1, 524)
(27, 2, 439)
(27, 3, 330)
(27, 4, 266)
(27, 5, 225)
(27, 6, 179)
(27, 7, 160)
(27, 8, 147)
(27, 9, 134)
(27, 10, 119)
(27, 11, 110)
(27, 12, 101)
(27, 13, 94)
(27, 14, 89)
(27, 15, 81)
(27, 16, 75)
(27, 17, 70)
(27, 18, 63)
(27, 19, 59)
(27, 20, 56)
(27, 21, 51)
(27, 22, 47)
(27, 23, 44)
(27, 24, 42)
(27, 25, 38)
(27, 26, 37)
(27, 27, 35)
(27, 28, 31)
(27, 29, 28)
(27, 30, 27)
(27, 31, 24)
(27, 32, 23)
(27, 33, 22)
(27, 34, 21)
(27, 35, 17)
(27, 36, 17)
(27, 37, 16)
(27, 38, 15)
(27, 39, 13)

(28, 0, 723)
(28, 1, 548)
(28, 2, 459)
(28, 3, 349)
(28, 4, 285)
(28, 5, 243)
(28, 6, 196)
(28, 7, 176)
(28, 8, 162)
(28, 9, 144)
(28, 10, 127)
(28, 11, 117)
(28, 12, 106)
(28, 13, 100)
(28, 14, 93)
(28, 15, 84)
(28, 16, 79)
(28, 17, 73)
(28, 18, 66)
(28, 19, 61)
(28, 20, 57)
(28, 21, 52)
(28, 22, 48)
(28, 23, 45)
(28, 24, 43)
(28, 25, 38)
(28, 26, 37)
(28, 27, 35)
(28, 28, 30)
(28, 29, 26)
(28, 30, 25)
(28, 31, 22)
(28, 32, 21)
(28, 33, 20)
(28, 34, 19)
(28, 35, 15)
(28, 36, 15)
(28, 37, 14)
(28, 38, 13)
(28, 39, 12)

(29, 0, 741)
(29, 1, 564)
(29, 2, 473)
(29, 3, 363)
(29, 4, 298)
(29, 5, 254)
(29, 6, 202)
(29, 7, 180)
(29, 8, 165)
(29, 9, 146)
(29, 10, 130)
(29, 11, 120)
(29, 12, 109)
(29, 13, 103)
(29, 14, 95)
(29, 15, 85)
(29, 16, 80)
(29, 17, 74)
(29, 18, 67)
(29, 19, 62)
(29, 20, 58)
(29, 21, 53)
(29, 22, 49)
(29, 23, 46)
(29, 24, 44)
(29, 25, 39)
(29, 26, 38)
(29, 27, 36)
(29, 28, 31)
(29, 29, 27)
(29, 30, 25)
(29, 31, 22)
(29, 32, 21)
(29, 33, 20)
(29, 34, 19)
(29, 35, 15)
(29, 36, 15)
(29, 37, 14)
(29, 38, 13)
(29, 39, 12)

(30, 0, 753)
(30, 1, 574)
(30, 2, 483)
(30, 3, 371)
(30, 4, 306)
(30, 5, 262)
(30, 6, 208)
(30, 7, 185)
(30, 8, 170)
(30, 9, 151)
(30, 10, 135)
(30, 11, 125)
(30, 12, 113)
(30, 13, 107)
(30, 14, 98)
(30, 15, 88)
(30, 16, 84)
(30, 17, 78)
(30, 18, 70)
(30, 19, 65)
(30, 20, 60)
(30, 21, 56)
(30, 22, 50)
(30, 23, 47)
(30, 24, 45)
(30, 25, 40)
(30, 26, 38)
(30, 27, 35)
(30, 28, 31)
(30, 29, 27)
(30, 30, 25)
(30, 31, 22)
(30, 32, 21)
(30, 33, 20)
(30, 34, 19)
(30, 35, 15)
(30, 36, 15)
(30, 37, 14)
(30, 38, 13)
(30, 39, 12)

(31, 0, 757)
(31, 1, 577)
(31, 2, 486)
(31, 3, 374)
(31, 4, 309)
(31, 5, 265)
(31, 6, 211)
(31, 7, 188)
(31, 8, 173)
(31, 9, 153)
(31, 10, 137)
(31, 11, 127)
(31, 12, 114)
(31, 13, 108)
(31, 14, 99)
(31, 15, 89)
(31, 16, 85)
(31, 17, 79)
(31, 18, 71)
(31, 19, 66)
(31, 20, 61)
(31, 21, 56)
(31, 22, 51)
(31, 23, 48)
(31, 24, 46)
(31, 25, 41)
(31, 26, 39)
(31, 27, 36)
(31, 28, 32)
(31, 29, 28)
(31, 30, 26)
(31, 31, 23)
(31, 32, 22)
(31, 33, 21)
(31, 34, 20)
(31, 35, 16)
(31, 36, 16)
(31, 37, 15)
(31, 38, 14)
(31, 39, 13)

(32, 0, 757)
(32, 1, 577)
(32, 2, 486)
(32, 3, 374)
(32, 4, 309)
(32, 5, 265)
(32, 6, 211)
(32, 7, 188)
(32, 8, 173)
(32, 9, 153)
(32, 10, 137)
(32, 11, 127)
(32, 12, 114)
(32, 13, 108)
(32, 14, 99)
(32, 15, 89)
(32, 16, 85)
(32, 17, 79)
(32, 18, 71)
(32, 19, 66)
(32, 20, 61)
(32, 21, 56)
(32, 22, 51)
(32, 23, 48)
(32, 24, 46)
(32, 25, 41)
(32, 26, 39)
(32, 27, 36)
(32, 28, 32)
(32, 29, 28)
(32, 30, 26)
(32, 31, 23)
(32, 32, 22)
(32, 33, 21)
(32, 34, 20)
(32, 35, 16)
(32, 36, 16)
(32, 37, 15)
(32, 38, 14)
(32, 39, 13)

(33, 0, 762)
(33, 1, 582)
(33, 2, 490)
(33, 3, 378)
(33, 4, 313)
(33, 5, 269)
(33, 6, 215)
(33, 7, 192)
(33, 8, 177)
(33, 9, 157)
(33, 10, 141)
(33, 11, 130)
(33, 12, 117)
(33, 13, 111)
(33, 14, 102)
(33, 15, 92)
(33, 16, 88)
(33, 17, 82)
(33, 18, 73)
(33, 19, 68)
(33, 20, 63)
(33, 21, 57)
(33, 22, 52)
(33, 23, 49)
(33, 24, 47)
(33, 25, 42)
(33, 26, 40)
(33, 27, 37)
(33, 28, 33)
(33, 29, 29)
(33, 30, 27)
(33, 31, 23)
(33, 32, 22)
(33, 33, 21)
(33, 34, 20)
(33, 35, 16)
(33, 36, 16)
(33, 37, 15)
(33, 38, 14)
(33, 39, 13)

(34, 0, 766)
(34, 1, 586)
(34, 2, 494)
(34, 3, 382)
(34, 4, 315)
(34, 5, 270)
(34, 6, 216)
(34, 7, 193)
(34, 8, 178)
(34, 9, 158)
(34, 10, 142)
(34, 11, 131)
(34, 12, 117)
(34, 13, 111)
(34, 14, 101)
(34, 15, 91)
(34, 16, 87)
(34, 17, 81)
(34, 18, 73)
(34, 19, 68)
(34, 20, 63)
(34, 21, 57)
(34, 22, 52)
(34, 23, 49)
(34, 24, 47)
(34, 25, 42)
(34, 26, 40)
(34, 27, 37)
(34, 28, 33)
(34, 29, 29)
(34, 30, 27)
(34, 31, 23)
(34, 32, 22)
(34, 33, 21)
(34, 34, 20)
(34, 35, 16)
(34, 36, 16)
(34, 37, 15)
(34, 38, 14)
(34, 39, 13)

(35, 0, 767)
(35, 1, 587)
(35, 2, 495)
(35, 3, 383)
(35, 4, 316)
(35, 5, 271)
(35, 6, 217)
(35, 7, 194)
(35, 8, 178)
(35, 9, 158)
(35, 10, 142)
(35, 11, 131)
(35, 12, 117)
(35, 13, 111)
(35, 14, 101)
(35, 15, 91)
(35, 16, 87)
(35, 17, 81)
(35, 18, 73)
(35, 19, 68)
(35, 20, 63)
(35, 21, 57)
(35, 22, 52)
(35, 23, 49)
(35, 24, 47)
(35, 25, 42)
(35, 26, 40)
(35, 27, 37)
(35, 28, 33)
(35, 29, 29)
(35, 30, 27)
(35, 31, 23)
(35, 32, 22)
(35, 33, 21)
(35, 34, 20)
(35, 35, 16)
(35, 36, 16)
(35, 37, 15)
(35, 38, 14)
(35, 39, 13)

(36, 0, 770)
(36, 1, 590)
(36, 2, 498)
(36, 3, 386)
(36, 4, 319)
(36, 5, 273)
(36, 6, 219)
(36, 7, 196)
(36, 8, 180)
(36, 9, 160)
(36, 10, 144)
(36, 11, 133)
(36, 12, 119)
(36, 13, 113)
(36, 14, 103)
(36, 15, 93)
(36, 16, 89)
(36, 17, 83)
(36, 18, 75)
(36, 19, 70)
(36, 20, 64)
(36, 21, 58)
(36, 22, 53)
(36, 23, 50)
(36, 24, 48)
(36, 25, 43)
(36, 26, 41)
(36, 27, 38)
(36, 28, 34)
(36, 29, 30)
(36, 30, 28)
(36, 31, 24)
(36, 32, 23)
(36, 33, 21)
(36, 34, 20)
(36, 35, 16)
(36, 36, 16)
(36, 37, 15)
(36, 38, 14)
(36, 39, 13)

(37, 0, 780)
(37, 1, 599)
(37, 2, 506)
(37, 3, 393)
(37, 4, 326)
(37, 5, 279)
(37, 6, 224)
(37, 7, 201)
(37, 8, 185)
(37, 9, 165)
(37, 10, 148)
(37, 11, 137)
(37, 12, 122)
(37, 13, 116)
(37, 14, 106)
(37, 15, 96)
(37, 16, 91)
(37, 17, 85)
(37, 18, 76)
(37, 19, 71)
(37, 20, 64)
(37, 21, 58)
(37, 22, 53)
(37, 23, 50)
(37, 24, 48)
(37, 25, 42)
(37, 26, 40)
(37, 27, 37)
(37, 28, 33)
(37, 29, 29)
(37, 30, 27)
(37, 31, 23)
(37, 32, 22)
(37, 33, 21)
(37, 34, 20)
(37, 35, 16)
(37, 36, 16)
(37, 37, 15)
(37, 38, 14)
(37, 39, 13)

(38, 0, 825)
(38, 1, 639)
(38, 2, 543)
(38, 3, 422)
(38, 4, 350)
(38, 5, 300)
(38, 6, 242)
(38, 7, 216)
(38, 8, 197)
(38, 9, 174)
(38, 10, 157)
(38, 11, 145)
(38, 12, 127)
(38, 13, 121)
(38, 14, 107)
(38, 15, 97)
(38, 16, 93)
(38, 17, 87)
(38, 18, 77)
(38, 19, 72)
(38, 20, 64)
(38, 21, 58)
(38, 22, 53)
(38, 23, 50)
(38, 24, 48)
(38, 25, 42)
(38, 26, 40)
(38, 27, 37)
(38, 28, 33)
(38, 29, 29)
(38, 30, 27)
(38, 31, 23)
(38, 32, 22)
(38, 33, 21)
(38, 34, 20)
(38, 35, 16)
(38, 36, 16)
(38, 37, 15)
(38, 38, 14)
(38, 39, 13)

(39, 0, 843)
(39, 1, 656)
(39, 2, 556)
(39, 3, 434)
(39, 4, 361)
(39, 5, 311)
(39, 6, 250)
(39, 7, 219)
(39, 8, 200)
(39, 9, 177)
(39, 10, 160)
(39, 11, 148)
(39, 12, 129)
(39, 13, 122)
(39, 14, 107)
(39, 15, 97)
(39, 16, 93)
(39, 17, 86)
(39, 18, 76)
(39, 19, 71)
(39, 20, 63)
(39, 21, 57)
(39, 22, 52)
(39, 23, 49)
(39, 24, 47)
(39, 25, 42)
(39, 26, 40)
(39, 27, 37)
(39, 28, 33)
(39, 29, 29)
(39, 30, 27)
(39, 31, 23)
(39, 32, 22)
(39, 33, 21)
(39, 34, 20)
(39, 35, 16)
(39, 36, 16)
(39, 37, 15)
(39, 38, 14)
(39, 39, 13)


Betti numbers:
xi_0:
(0, 0, 1)
(2, 0, 1)
(3, 0, 2)
(4, 0, 2)
(7, 0, 2)
(8, 0, 2)
(9, 0, 4)
(10, 0, 5)
(11, 0, 1)
(12, 0, 5)
(13, 0, 1)
(14, 0, 4)
(15, 0, 8)
(16, 0, 11)
(17, 0, 12)
(18, 0, 17)
(19, 0, 36)
(20, 0, 70)
(21, 0, 47)
(22, 0, 66)
(23, 0, 118)
(24, 0, 89)
(25, 0, 84)
(26, 0, 70)
(27, 0, 39)
(28, 0, 26)
(29, 0, 18)
(30, 0, 12)
(31, 0, 4)
(33, 0, 5)
(34, 0, 4)
(35, 0, 1)
(36, 0, 3)
(37, 0, 10)
(38, 0, 45)
(39, 0, 18)
xi_1:
(2, 22, 1)
(3, 8, 1)
(3, 29, 1)
(4, 34, 1)
(8, 18, 1)
(9, 25, 1)
(9, 35, 1)
(9, 39, 1)
(10, 8, 2)
(10, 18, 1)
(10, 21, 1)
(10, 35, 2)
(11, 16, 1)
(12, 3, 1)
(12, 4, 1)
(12, 6, 1)
(12, 31, 1)
(12, 35, 1)
(13, 28, 1)
(14, 25, 1)
(14, 35, 1)
(15, 5, 1)
(15, 10, 3)
(15, 12, 1)
(15, 14, 1)
(15, 31, 1)
(16, 2, 1)
(16, 5, 1)
(16, 10, 2)
(16, 17, 1)
(16, 20, 1)
(16, 22, 1)
(16, 26, 1)
(16, 29, 1)
(16, 30, 1)
(17, 2, 1)
(17, 3, 1)
(17, 4, 1)
(17, 6, 1)
(17, 9, 1)
(17, 10, 1)
(17, 19, 1)
(17, 20, 1)
(17, 21, 1)
(17, 24, 1)
(17, 33, 1)
(17, 38, 1)
(18, 1, 3)
(18, 2, 1)
(18, 3, 1)
(18, 4, 1)
(18, 5, 2)
(18, 6, 1)
(18, 9, 1)
(18, 10, 1)
(18, 18, 1)
(18, 22, 1)
(18, 23, 1)
(18, 30, 1)
(18, 32, 1)
(19, 1, 6)
(19, 2, 2)
(19, 3, 5)
(19, 4, 1)
(19, 5, 3)
(19, 6, 1)
(19, 7, 1)
(19, 8, 2)
(19, 10, 1)
(19, 11, 1)
(19, 12, 3)
(19, 13, 1)
(19, 15, 1)
(19, 16, 1)
(19, 17, 1)
(19, 19, 1)
(19, 20, 1)
(19, 23, 1)
(19, 28, 1)
(19, 31, 1)
(19, 33, 1)
(19, 36, 1)
(20, 1, 26)
(20, 2, 11)
(20, 3, 16)
(20, 4, 9)
(20, 5, 1)
(20, 6, 1)
(20, 7, 2)
(20, 8, 1)
(20, 14, 1)
(20, 15, 2)
(20, 16, 1)
(20, 19, 1)
(20, 22, 1)
(20, 27, 1)
(20, 29, 1)
(21, 1, 10)
(21, 2, 9)
(21, 3, 8)
(21, 4, 4)
(21, 5, 3)
(21, 6, 6)
(21, 10, 1)
(21, 11, 1)
(21, 18, 2)
(21, 19, 1)
(21, 28, 1)
(21, 33, 2)
(21, 37, 1)
(22, 1, 23)
(22, 2, 8)
(22, 3, 8)
(22, 4, 3)
(22, 5, 4)
(22, 6, 6)
(22, 7, 2)
(22, 9, 1)
(22, 10, 1)
(22, 11, 2)
(22, 12, 1)
(22, 15, 2)
(22, 18, 1)
(22, 20, 1)
(22, 21, 1)
(22, 23, 1)
(22, 27, 1)
(22, 29, 1)
(22, 30, 1)
(22, 32, 1)
(22, 33, 1)
(23, 1, 34)
(23, 2, 16)
(23, 3, 29)
(23, 4, 15)
(23, 5, 9)
(23, 6, 5)
(23, 7, 2)
(23, 8, 2)
(23, 9, 3)
(23, 10, 1)
(23, 11, 1)
(23, 12, 1)
(23, 13, 1)
(23, 18, 2)
(23, 19, 1)
(23, 21, 1)
(23, 22, 1)
(23, 23, 1)
(23, 26, 1)
(23, 27, 2)
(23, 28, 1)
(24, 1, 25)
(24, 2, 11)
(24, 3, 15)
(24, 4, 10)
(24, 5, 4)
(24, 6, 3)
(24, 7, 5)
(24, 8, 2)
(24, 9, 1)
(24, 10, 3)
(24, 11, 4)
(24, 12, 1)
(24, 13, 1)
(24, 14, 1)
(24, 15, 2)
(24, 16, 2)
(24, 21, 1)
(24, 25, 1)
(24, 27, 1)
(24, 30, 2)
(25, 1, 24)
(25, 2, 9)
(25, 3, 15)
(25, 4, 9)
(25, 5, 7)
(25, 6, 9)
(25, 7, 3)
(25, 8, 1)
(25, 9, 3)
(25, 10, 2)
(25, 11, 3)
(25, 12, 1)
(25, 15, 1)
(25, 17, 1)
(25, 20, 1)
(25, 21, 1)
(25, 23, 1)
(25, 24, 1)
(25, 25, 1)
(25, 29, 1)
(25, 37, 1)
(26, 1, 19)
(26, 2, 12)
(26, 3, 8)
(26, 4, 8)
(26, 5, 6)
(26, 6, 6)
(26, 7, 2)
(26, 8, 1)
(26, 9, 2)
(26, 10, 3)
(26, 13, 1)
(26, 14, 3)
(26, 17, 1)
(26, 20, 1)
(26, 21, 2)
(26, 28, 1)
(26, 39, 1)
(27, 1, 3)
(27, 2, 4)
(27, 3, 4)
(27, 4, 2)
(27, 5, 1)
(27, 6, 9)
(27, 7, 5)
(27, 8, 1)
(27, 9, 2)
(27, 11, 1)
(27, 12, 1)
(27, 13, 3)
(27, 15, 1)
(27, 16, 3)
(27, 17, 1)
(27, 22, 1)
(27, 27, 1)
(27, 37, 1)
(28, 1, 2)
(28, 2, 4)
(28, 3, 1)
(28, 5, 1)
(28, 6, 1)
(28, 7, 1)
(28, 8, 1)
(28, 9, 5)
(28, 10, 2)
(28, 11, 1)
(28, 12, 2)
(28, 14, 2)
(28, 15, 2)
(28, 17, 1)
(28, 19, 1)
(28, 20, 1)
(28, 25, 1)
(28, 28, 1)
(28, 29, 1)
(29, 1, 2)
(29, 2, 2)
(29, 4, 1)
(29, 5, 2)
(29, 6, 5)
(29, 7, 2)
(29, 8, 1)
(29, 9, 1)
(29, 14, 1)
(29, 15, 1)
(29, 30, 1)
(30, 1, 2)
(30, 3, 2)
(30, 6, 2)
(30, 7, 1)
(30, 12, 1)
(30, 14, 1)
(30, 18, 1)
(30, 20, 1)
(30, 22, 2)
(30, 26, 1)
(30, 27, 1)
(31, 1, 1)
(31, 9, 1)
(31, 12, 1)
(31, 21, 1)
(33, 2, 1)
(33, 11, 1)
(33, 18, 1)
(33, 21, 1)
(33, 31, 1)
(34, 4, 2)
(34, 5, 1)
(34, 12, 1)
(34, 14, 1)
(35, 8, 1)
(36, 5, 1)
(36, 20, 1)
(36, 33, 1)
(37, 1, 1)
(37, 2, 1)
(37, 3, 1)
(37, 5, 1)
(37, 6, 1)
(37, 10, 1)
(37, 12, 1)
(37, 16, 1)
(37, 18, 1)
(37, 20, 1)
(37, 25, 1)
(38, 1, 5)
(38, 2, 3)
(38, 3, 8)
(38, 4, 5)
(38, 5, 3)
(38, 6, 3)
(38, 7, 3)
(38, 8, 3)
(38, 9, 3)
(38, 11, 1)
(38, 12, 3)
(38, 14, 4)
(38, 18, 1)
(38, 20, 1)
(38, 25, 1)
(39, 1, 1)
(39, 2, 4)
(39, 3, 1)
(39, 4, 1)
(39, 6, 3)
(39, 7, 5)
(39, 12, 1)
(39, 13, 1)
(39, 14, 1)
(39, 17, 1)
xi_2:
(16, 35, 1)
(17, 29, 1)
(19, 22, 1)
(19, 30, 1)
(20, 6, 1)
(20, 10, 1)
(20, 16, 1)
(20, 20, 1)
(20, 33, 1)
(21, 7, 1)
(21, 36, 1)
(22, 18, 1)
(22, 33, 2)
(22, 37, 1)
(23, 7, 1)
(23, 9, 1)
(23, 11, 1)
(23, 15, 1)
(23, 20, 1)
(23, 23, 1)
(23, 27, 1)
(23, 30, 1)
(23, 32, 1)
(23, 33, 1)
(24, 3, 2)
(24, 5, 1)
(24, 19, 1)
(24, 22, 1)
(24, 27, 1)
(24, 28, 1)
(25, 7, 1)
(25, 10, 2)
(25, 11, 2)
(25, 16, 1)
(25, 26, 1)
(25, 27, 2)
(25, 30, 2)
(26, 6, 2)
(26, 11, 1)
(26, 21, 1)
(26, 23, 1)
(26, 29, 1)
(26, 37, 1)
(27, 10, 1)
(27, 14, 1)
(27, 20, 1)
(27, 21, 2)
(28, 13, 1)
(28, 15, 1)
(28, 16, 1)
(28, 39, 1)
(29, 10, 1)
(30, 16, 1)
(30, 21, 1)
(30, 28, 1)
(31, 22, 1)
(34, 18, 1)
(37, 33, 1)
(38, 16, 1)
(38, 25, 1)
(39, 25, 1)
