x-grades
-3412852192200621033/4000000000000000000
-1672482959174010833/2000000000000000000
-3277079644495422299/4000000000000000000
-802298342660705733/1000000000000000000
-628261419358044713/800000000000000000
-1536710411468812099/2000000000000000000
-3005534549085024831/4000000000000000000
-367206034404053183/500000000000000000
-2869762001379826097/4000000000000000000
-280187572752722673/400000000000000000
-2733989453674627363/4000000000000000000
-666525794955506999/1000000000000000000
-2598216905969428629/4000000000000000000
-1265165316058414631/2000000000000000000
-492488871652845979/800000000000000000
-37414970068931727/62500000000000000
-2326671810559031161/4000000000000000000
-1129392768353215897/2000000000000000000
-2190899262853832427/4000000000000000000
-106150649450061653/200000000000000000
-2055126715148633693/4000000000000000000
-993620220648017163/2000000000000000000
-1919354167443434959/4000000000000000000
-231433486698854449/500000000000000000
-71343264789529449/160000000000000000
-857847672942818429/2000000000000000000
-1647809072033037491/4000000000000000000
-394980699545109531/1000000000000000000
-1512036524327838757/4000000000000000000
-144415025047523939/400000000000000000
-1376263976622640023/4000000000000000000
-81773606423127541/250000000000000000
-1240491428917441289/4000000000000000000
-586302577532420961/2000000000000000000
-220943776242448511/800000000000000000
-259208151839910797/1000000000000000000
-968946333507043821/4000000000000000000
-450530029827222227/2000000000000000000
-833173785801845087/4000000000000000000
-19132187798731143/100000000000000000

y-grades
156247/625000
156247/312500
468741/625000
156247/156250
156247/125000
468741/312500
1093729/625000
156247/78125
1406223/625000
156247/62500
1718717/625000
468741/156250
2031211/625000
1093729/312500
468741/125000
312494/78125
2656199/625000
1406223/312500
2968693/625000
156247/31250
3281187/625000
1718717/312500
3593681/625000
468741/78125
156247/25000
2031211/312500
4218669/625000
1093729/156250
4531163/625000
468741/62500
4843657/625000
624988/78125
5156151/625000
2656199/312500
1093729/125000
1406223/156250
5781139/625000
2968693/312500
6093633/625000
156247/15625

Dimensions > 0:
(0, 0, 2)
(0, 1, 2)
(0, 2, 1)
(0, 3, 1)
(0, 4, 1)
(0, 5, 1)
(0, 6, 1)
(0, 7, 1)
(0, 8, 1)
(0, 9, 1)
(0, 10, 1)
(0, 11, 1)
(0, 12, 1)
(0, 13, 1)
(0, 14, 1)
(0, 15, 1)
(0, 16, 1)
(0, 17, 1)
(0, 18, 1)
(0, 19, 1)
(0, 20, 1)
(0, 21, 1)
(0, 22, 1)
(0, 23, 1)
(0, 24, 1)
(0, 25, 1)
(0, 26, 1)
(0, 27, 1)
(0, 28, 1)
(0, 29, 1)
(0, 30, 1)
(0, 31, 1)
(0, 32, 1)
(0, 33, 1)
(0, 34, 1)
(0, 35, 1)
(0, 36, 1)
(0, 37, 1)
(0, 38, 1)
(0, 39, 1)

(1, 0, 2)
(1, 1, 2)
(1, 2, 1)
(1, 3, 1)
(1, 4, 1)
(1, 5, 1)
(1, 6, 1)
(1, 7, 1)
(1, 8, 1)
(1, 9, 1)
(1, 10, 1)
(1, 11, 1)
(1, 12, 1)
(1, 13, 1)
(1, 14, 1)
(1, 15, 1)
(1, 16, 1)
(1, 17, 1)
(1, 18, 1)
(1, 19, 1)
(1, 20, 1)
(1, 21, 1)
(1, 22, 1)
(1, 23, 1)
(1, 24, 1)
(1, 25, 1)
(1, 26, 1)
(1, 27, 1)
(1, 28, 1)
(1, 29, 1)
(1, 30, 1)
(1, 31, 1)
(1, 32, 1)
(1, 33, 1)
(1, 34, 1)
(1, 35, 1)
(1, 36, 1)
(1, 37, 1)
(1, 38, 1)
(1, 39, 1)

(2, 0, 2)
(2, 1, 2)
(2, 2, 1)
(2, 3, 1)
(2, 4, 1)
(2, 5, 1)
(2, 6, 1)
(2, 7, 1)
(2, 8, 1)
(2, 9, 1)
(2, 10, 1)
(2, 11, 1)
(2, 12, 1)
(2, 13, 1)
(2, 14, 1)
(2, 15, 1)
(2, 16, 1)
(2, 17, 1)
(2, 18, 1)
(2, 19, 1)
(2, 20, 1)
(2, 21, 1)
(2, 22, 1)
(2, 23, 1)
(2, 24, 1)
(2, 25, 1)
(2, 26, 1)
(2, 27, 1)
(2, 28, 1)
(2, 29, 1)
(2, 30, 1)
(2, 31, 1)
(2, 32, 1)
(2, 33, 1)
(2, 34, 1)
(2, 35, 1)
(2, 36, 1)
(2, 37, 1)
(2, 38, 1)
(2, 39, 1)

(3, 0, 3)
(3, 1, 3)
(3, 2, 2)
(3, 3, 2)
(3, 4, 2)
(3, 5, 2)
(3, 6, 2)
(3, 7, 2)
(3, 8, 2)
(3, 9, 2)
(3, 10, 2)
(3, 11, 2)
(3, 12, 2)
(3, 13, 2)
(3, 14, 2)
(3, 15, 2)
(3, 16, 2)
(3, 17, 2)
(3, 18, 2)
(3, 19, 2)
(3, 20, 2)
(3, 21, 2)
(3, 22, 2)
(3, 23, 2)
(3, 24, 2)
(3, 25, 2)
(3, 26, 2)
(3, 27, 2)
(3, 28, 2)
(3, 29, 2)
(3, 30, 2)
(3, 31, 2)
(3, 32, 2)
(3, 33, 2)
(3, 34, 2)
(3, 35, 2)
(3, 36, 2)
(3, 37, 2)
(3, 38, 2)
(3, 39, 2)

(4, 0, 6)
(4, 1, 5)
(4, 2, 3)
(4, 3, 3)
(4, 4, 3)
(4, 5, 3)
(4, 6, 3)
(4, 7, 3)
(4, 8, 3)
(4, 9, 3)
(4, 10, 3)
(4, 11, 3)
(4, 12, 3)
(4, 13, 3)
(4, 14, 3)
(4, 15, 3)
(4, 16, 3)
(4, 17, 3)
(4, 18, 3)
(4, 19, 3)
(4, 20, 3)
(4, 21, 3)
(4, 22, 3)
(4, 23, 3)
(4, 24, 3)
(4, 25, 3)
(4, 26, 3)
(4, 27, 3)
(4, 28, 3)
(4, 29, 3)
(4, 30, 3)
(4, 31, 3)
(4, 32, 3)
(4, 33, 3)
(4, 34, 3)
(4, 35, 3)
(4, 36, 3)
(4, 37, 3)
(4, 38, 3)
(4, 39, 3)

(5, 0, 8)
(5, 1, 7)
(5, 2, 3)
(5, 3, 3)
(5, 4, 3)
(5, 5, 3)
(5, 6, 3)
(5, 7, 3)
(5, 8, 3)
(5, 9, 3)
(5, 10, 3)
(5, 11, 3)
(5, 12, 3)
(5, 13, 3)
(5, 14, 3)
(5, 15, 3)
(5, 16, 3)
(5, 17, 3)
(5, 18, 3)
(5, 19, 3)
(5, 20, 3)
(5, 21, 3)
(5, 22, 3)
(5, 23, 3)
(5, 24, 3)
(5, 25, 3)
(5, 26, 3)
(5, 27, 3)
(5, 28, 3)
(5, 29, 3)
(5, 30, 3)
(5, 31, 3)
(5, 32, 3)
(5, 33, 3)
(5, 34, 3)
(5, 35, 3)
(5, 36, 3)
(5, 37, 3)
(5, 38, 3)
(5, 39, 3)

(6, 0, 8)
(6, 1, 7)
(6, 2, 3)
(6, 3, 3)
(6, 4, 3)
(6, 5, 3)
(6, 6, 3)
(6, 7, 3)
(6, 8, 3)
(6, 9, 3)
(6, 10, 3)
(6, 11, 3)
(6, 12, 3)
(6, 13, 3)
(6, 14, 3)
(6, 15, 3)
(6, 16, 3)
(6, 17, 3)
(6, 18, 3)
(6, 19, 3)
(6, 20, 3)
(6, 21, 3)
(6, 22, 3)
(6, 23, 3)
(6, 24, 3)
(6, 25, 3)
(6, 26, 3)
(6, 27, 3)
(6, 28, 3)
(6, 29, 3)
(6, 30, 3)
(6, 31, 3)
(6, 32, 3)
(6, 33, 3)
(6, 34, 3)
(6, 35, 3)
(6, 36, 3)
(6, 37, 3)
(6, 38, 3)
(6, 39, 3)

(7, 0, 8)
(7, 1, 7)
(7, 2, 3)
(7, 3, 3)
(7, 4, 3)
(7, 5, 3)
(7, 6, 3)
(7, 7, 3)
(7, 8, 3)
(7, 9, 3)
(7, 10, 3)
(7, 11, 3)
(7, 12, 3)
(7, 13, 3)
(7, 14, 3)
(7, 15, 3)
(7, 16, 3)
(7, 17, 3)
(7, 18, 3)
(7, 19, 3)
(7, 20, 3)
(7, 21, 3)
(7, 22, 3)
(7, 23, 3)
(7, 24, 3)
(7, 25, 3)
(7, 26, 3)
(7, 27, 3)
(7, 28, 3)
(7, 29, 3)
(7, 30, 3)
(7, 31, 3)
(7, 32, 3)
(7, 33, 3)
(7, 34, 3)
(7, 35, 3)
(7, 36, 3)
(7, 37, 3)
(7, 38, 3)
(7, 39, 3)

(8, 0, 12)
(8, 1, 10)
(8, 2, 4)
(8, 3, 4)
(8, 4, 4)
(8, 5, 4)
(8, 6, 4)
(8, 7, 4)
(8, 8, 4)
(8, 9, 4)
(8, 10, 4)
(8, 11, 4)
(8, 12, 4)
(8, 13, 4)
(8, 14, 4)
(8, 15, 4)
(8, 16, 4)
(8, 17, 4)
(8, 18, 4)
(8, 19, 4)
(8, 20, 4)
(8, 21, 4)
(8, 22, 4)
(8, 23, 4)
(8, 24, 4)
(8, 25, 4)
(8, 26, 4)
(8, 27, 4)
(8, 28, 4)
(8, 29, 4)
(8, 30, 4)
(8, 31, 4)
(8, 32, 4)
(8, 33, 4)
(8, 34, 4)
(8, 35, 4)
(8, 36, 4)
(8, 37, 4)
(8, 38, 4)
(8, 39, 4)

(9, 0, 12)
(9, 1, 10)
(9, 2, 4)
(9, 3, 4)
(9, 4, 4)
(9, 5, 4)
(9, 6, 4)
(9, 7, 4)
(9, 8, 4)
(9, 9, 4)
(9, 10, 4)
(9, 11, 4)
(9, 12, 4)
(9, 13, 4)
(9, 14, 4)
(9, 15, 4)
(9, 16, 4)
(9, 17, 4)
(9, 18, 4)
(9, 19, 4)
(9, 20, 4)
(9, 21, 4)
(9, 22, 4)
(9, 23, 4)
(9, 24, 4)
(9, 25, 4)
(9, 26, 4)
(9, 27, 4)
(9, 28, 4)
(9, 29, 4)
(9, 30, 4)
(9, 31, 4)
(9, 32, 4)
(9, 33, 4)
(9, 34, 4)
(9, 35, 4)
(9, 36, 4)
(9, 37, 4)
(9, 38, 4)
(9, 39, 4)

(10, 0, 12)
(10, 1, 10)
(10, 2, 4)
(10, 3, 4)
(10, 4, 4)
(10, 5, 4)
(10, 6, 4)
(10, 7, 4)
(10, 8, 4)
(10, 9, 4)
(10, 10, 4)
(10, 11, 4)
(10, 12, 4)
(10, 13, 4)
(10, 14, 4)
(10, 15, 4)
(10, 16, 4)
(10, 17, 4)
(10, 18, 4)
(10, 19, 4)
(10, 20, 4)
(10, 21, 4)
(10, 22, 4)
(10, 23, 4)
(10, 24, 4)
(10, 25, 4)
(10, 26, 4)
(10, 27, 4)
(10, 28, 4)
(10, 29, 4)
(10, 30, 4)
(10, 31, 4)
(10, 32, 4)
(10, 33, 4)
(10, 34, 4)
(10, 35, 4)
(10, 36, 4)
(10, 37, 4)
(10, 38, 4)
(10, 39, 4)

(11, 0, 12)
(11, 1, 10)
(11, 2, 4)
(11, 3, 4)
(11, 4, 4)
(11, 5, 4)
(11, 6, 4)
(11, 7, 4)
(11, 8, 4)
(11, 9, 4)
(11, 10, 4)
(11, 11, 4)
(11, 12, 4)
(11, 13, 4)
(11, 14, 4)
(11, 15, 4)
(11, 16, 4)
(11, 17, 4)
(11, 18, 4)
(11, 19, 4)
(11, 20, 4)
(11, 21, 4)
(11, 22, 4)
(11, 23, 4)
(11, 24, 4)
(11, 25, 4)
(11, 26, 4)
(11, 27, 4)
(11, 28, 4)
(11, 29, 4)
(11, 30, 4)
(11, 31, 4)
(11, 32, 4)
(11, 33, 4)
(11, 34, 4)
(11, 35, 4)
(11, 36, 4)
(11, 37, 4)
(11, 38, 4)
(11, 39, 4)

(12, 0, 12)
(12, 1, 10)
(12, 2, 4)
(12, 3, 4)
(12, 4, 4)
(12, 5, 4)
(12, 6, 4)
(12, 7, 4)
(12, 8, 4)
(12, 9, 4)
(12, 10, 4)
(12, 11, 4)
(12, 12, 4)
(12, 13, 4)
(12, 14, 4)
(12, 15, 4)
(12, 16, 4)
(12, 17, 4)
(12, 18, 4)
(12, 19, 4)
(12, 20, 4)
(12, 21, 4)
(12, 22, 4)
(12, 23, 4)
(12, 24, 4)
(12, 25, 4)
(12, 26, 4)
(12, 27, 4)
(12, 28, 4)
(12, 29, 4)
(12, 30, 4)
(12, 31, 4)
(12, 32, 4)
(12, 33, 4)
(12, 34, 4)
(12, 35, 4)
(12, 36, 4)
(12, 37, 4)
(12, 38, 4)
(12, 39, 4)

(13, 0, 12)
(13, 1, 10)
(13, 2, 4)
(13, 3, 4)
(13, 4, 4)
(13, 5, 4)
(13, 6, 4)
(13, 7, 4)
(13, 8, 4)
(13, 9, 4)
(13, 10, 4)
(13, 11, 4)
(13, 12, 4)
(13, 13, 4)
(13, 14, 4)
(13, 15, 4)
(13, 16, 4)
(13, 17, 4)
(13, 18, 4)
(13, 19, 4)
(13, 20, 4)
(13, 21, 4)
(13, 22, 4)
(13, 23, 4)
(13, 24, 4)
(13, 25, 4)
(13, 26, 4)
(13, 27, 4)
(13, 28, 4)
(13, 29, 4)
(13, 30, 4)
(13, 31, 4)
(13, 32, 4)
(13, 33, 4)
(13, 34, 4)
(13, 35, 4)
(13, 36, 4)
(13, 37, 4)
(13, 38, 4)
(13, 39, 4)

(14, 0, 12)
(14, 1, 10)
(14, 2, 4)
(14, 3, 4)
(14, 4, 4)
(14, 5, 4)
(14, 6, 4)
(14, 7, 4)
(14, 8, 4)
(14, 9, 4)
(14, 10, 4)
(14, 11, 4)
(14, 12, 4)
(14, 13, 4)
(14, 14, 4)
(14, 15, 4)
(14, 16, 4)
(14, 17, 4)
(14, 18, 4)
(14, 19, 4)
(14, 20, 4)
(14, 21, 4)
(14, 22, 4)
(14, 23, 4)
(14, 24, 4)
(14, 25, 4)
(14, 26, 4)
(14, 27, 4)
(14, 28, 4)
(14, 29, 4)
(14, 30, 4)
(14, 31, 4)
(14, 32, 4)
(14, 33, 4)
(14, 34, 4)
(14, 35, 4)
(14, 36, 4)
(14, 37, 4)
(14, 38, 4)
(14, 39, 4)

(15, 0, 24)
(15, 1, 21)
(15, 2, 11)
(15, 3, 10)
(15, 4, 8)
(15, 5, 8)
(15, 6, 7)
(15, 7, 5)
(15, 8, 5)
(15, 9, 5)
(15, 10, 5)
(15, 11, 5)
(15, 12, 5)
(15, 13, 5)
(15, 14, 5)
(15, 15, 5)
(15, 16, 5)
(15, 17, 5)
(15, 18, 5)
(15, 19, 5)
(15, 20, 5)
(15, 21, 5)
(15, 22, 5)
(15, 23, 5)
(15, 24, 5)
(15, 25, 5)
(15, 26, 5)
(15, 27, 5)
(15, 28, 5)
(15, 29, 5)
(15, 30, 5)
(15, 31, 5)
(15, 32, 5)
(15, 33, 5)
(15, 34, 5)
(15, 35, 5)
(15, 36, 5)
(15, 37, 5)
(15, 38, 5)
(15, 39, 5)

(16, 0, 32)
(16, 1, 28)
(16, 2, 15)
(16, 3, 11)
(16, 4, 8)
(16, 5, 7)
(16, 6, 6)
(16, 7, 5)
(16, 8, 5)
(16, 9, 5)
(16, 10, 5)
(16, 11, 5)
(16, 12, 5)
(16, 13, 5)
(16, 14, 5)
(16, 15, 5)
(16, 16, 5)
(16, 17, 5)
(16, 18, 5)
(16, 19, 5)
(16, 20, 5)
(16, 21, 5)
(16, 22, 5)
(16, 23, 5)
(16, 24, 5)
(16, 25, 5)
(16, 26, 5)
(16, 27, 5)
(16, 28, 5)
(16, 29, 5)
(16, 30, 5)
(16, 31, 5)
(16, 32, 5)
(16, 33, 5)
(16, 34, 5)
(16, 35, 5)
(16, 36, 5)
(16, 37, 5)
(16, 38, 5)
(16, 39, 5)

(17, 0, 41)
(17, 1, 33)
(17, 2, 17)
(17, 3, 13)
(17, 4, 9)
(17, 5, 8)
(17, 6, 7)
(17, 7, 6)
(17, 8, 6)
(17, 9, 6)
(17, 10, 6)
(17, 11, 6)
(17, 12, 6)
(17, 13, 6)
(17, 14, 6)
(17, 15, 6)
(17, 16, 6)
(17, 17, 5)
(17, 18, 5)
(17, 19, 5)
(17, 20, 5)
(17, 21, 5)
(17, 22, 5)
(17, 23, 5)
(17, 24, 5)
(17, 25, 5)
(17, 26, 5)
(17, 27, 5)
(17, 28, 5)
(17, 29, 5)
(17, 30, 5)
(17, 31, 5)
(17, 32, 5)
(17, 33, 5)
(17, 34, 5)
(17, 35, 5)
(17, 36, 5)
(17, 37, 5)
(17, 38, 5)
(17, 39, 5)

(18, 0, 56)
(18, 1, 44)
(18, 2, 23)
(18, 3, 18)
(18, 4, 11)
(18, 5, 10)
(18, 6, 9)
(18, 7, 6)
(18, 8, 6)
(18, 9, 6)
(18, 10, 6)
(18, 11, 6)
(18, 12, 6)
(18, 13, 6)
(18, 14, 6)
(18, 15, 6)
(18, 16, 6)
(18, 17, 5)
(18, 18, 5)
(18, 19, 5)
(18, 20, 5)
(18, 21, 5)
(18, 22, 5)
(18, 23, 5)
(18, 24, 5)
(18, 25, 5)
(18, 26, 5)
(18, 27, 5)
(18, 28, 5)
(18, 29, 5)
(18, 30, 5)
(18, 31, 5)
(18, 32, 5)
(18, 33, 5)
(18, 34, 5)
(18, 35, 5)
(18, 36, 5)
(18, 37, 5)
(18, 38, 5)
(18, 39, 5)

(19, 0, 68)
(19, 1, 52)
(19, 2, 27)
(19, 3, 21)
(19, 4, 12)
(19, 5, 11)
(19, 6, 9)
(19, 7, 6)
(19, 8, 5)
(19, 9, 5)
(19, 10, 5)
(19, 11, 5)
(19, 12, 5)
(19, 13, 5)
(19, 14, 5)
(19, 15, 5)
(19, 16, 5)
(19, 17, 5)
(19, 18, 5)
(19, 19, 5)
(19, 20, 5)
(19, 21, 5)
(19, 22, 5)
(19, 23, 5)
(19, 24, 5)
(19, 25, 5)
(19, 26, 5)
(19, 27, 5)
(19, 28, 5)
(19, 29, 5)
(19, 30, 5)
(19, 31, 5)
(19, 32, 5)
(19, 33, 5)
(19, 34, 5)
(19, 35, 5)
(19, 36, 5)
(19, 37, 5)
(19, 38, 5)
(19, 39, 5)

(20, 0, 78)
(20, 1, 60)
(20, 2, 31)
(20, 3, 24)
(20, 4, 14)
(20, 5, 12)
(20, 6, 10)
(20, 7, 6)
(20, 8, 6)
(20, 9, 5)
(20, 10, 5)
(20, 11, 5)
(20, 12, 5)
(20, 13, 5)
(20, 14, 5)
(20, 15, 5)
(20, 16, 5)
(20, 17, 5)
(20, 18, 5)
(20, 19, 5)
(20, 20, 5)
(20, 21, 5)
(20, 22, 5)
(20, 23, 5)
(20, 24, 5)
(20, 25, 5)
(20, 26, 5)
(20, 27, 5)
(20, 28, 5)
(20, 29, 5)
(20, 30, 5)
(20, 31, 5)
(20, 32, 5)
(20, 33, 5)
(20, 34, 5)
(20, 35, 5)
(20, 36, 5)
(20, 37, 5)
(20, 38, 5)
(20, 39, 5)

(21, 0, 86)
(21, 1, 67)
(21, 2, 36)
(21, 3, 29)
(21, 4, 17)
(21, 5, 14)
(21, 6, 12)
(21, 7, 6)
(21, 8, 6)
(21, 9, 5)
(21, 10, 5)
(21, 11, 5)
(21, 12, 5)
(21, 13, 5)
(21, 14, 5)
(21, 15, 5)
(21, 16, 5)
(21, 17, 5)
(21, 18, 5)
(21, 19, 5)
(21, 20, 5)
(21, 21, 5)
(21, 22, 5)
(21, 23, 5)
(21, 24, 5)
(21, 25, 5)
(21, 26, 5)
(21, 27, 5)
(21, 28, 5)
(21, 29, 5)
(21, 30, 5)
(21, 31, 5)
(21, 32, 5)
(21, 33, 5)
(21, 34, 5)
(21, 35, 5)
(21, 36, 5)
(21, 37, 5)
(21, 38, 5)
(21, 39, 5)

(22, 0, 97)
(22, 1, 74)
(22, 2, 40)
(22, 3, 31)
(22, 4, 19)
(22, 5, 15)
(22, 6, 12)
(22, 7, 6)
(22, 8, 5)
(22, 9, 5)
(22, 10, 5)
(22, 11, 5)
(22, 12, 5)
(22, 13, 5)
(22, 14, 5)
(22, 15, 5)
(22, 16, 5)
(22, 17, 5)
(22, 18, 5)
(22, 19, 5)
(22, 20, 5)
(22, 21, 5)
(22, 22, 5)
(22, 23, 5)
(22, 24, 5)
(22, 25, 5)
(22, 26, 5)
(22, 27, 5)
(22, 28, 5)
(22, 29, 5)
(22, 30, 5)
(22, 31, 5)
(22, 32, 5)
(22, 33, 5)
(22, 34, 5)
(22, 35, 5)
(22, 36, 5)
(22, 37, 5)
(22, 38, 5)
(22, 39, 5)

(23, 0, 112)
(23, 1, 85)
(23, 2, 45)
(23, 3, 35)
(23, 4, 23)
(23, 5, 17)
(23, 6, 14)
(23, 7, 7)
(23, 8, 7)
(23, 9, 6)
(23, 10, 6)
(23, 11, 6)
(23, 12, 6)
(23, 13, 6)
(23, 14, 6)
(23, 15, 6)
(23, 16, 6)
(23, 17, 6)
(23, 18, 6)
(23, 19, 6)
(23, 20, 6)
(23, 21, 6)
(23, 22, 6)
(23, 23, 6)
(23, 24, 6)
(23, 25, 6)
(23, 26, 6)
(23, 27, 6)
(23, 28, 6)
(23, 29, 5)
(23, 30, 5)
(23, 31, 5)
(23, 32, 5)
(23, 33, 5)
(23, 34, 5)
(23, 35, 5)
(23, 36, 5)
(23, 37, 5)
(23, 38, 5)
(23, 39, 5)

(24, 0, 116)
(24, 1, 88)
(24, 2, 47)
(24, 3, 37)
(24, 4, 25)
(24, 5, 19)
(24, 6, 16)
(24, 7, 8)
(24, 8, 8)
(24, 9, 8)
(24, 10, 8)
(24, 11, 8)
(24, 12, 7)
(24, 13, 6)
(24, 14, 6)
(24, 15, 6)
(24, 16, 6)
(24, 17, 6)
(24, 18, 6)
(24, 19, 6)
(24, 20, 6)
(24, 21, 6)
(24, 22, 6)
(24, 23, 6)
(24, 24, 6)
(24, 25, 6)
(24, 26, 6)
(24, 27, 6)
(24, 28, 6)
(24, 29, 5)
(24, 30, 5)
(24, 31, 5)
(24, 32, 5)
(24, 33, 5)
(24, 34, 5)
(24, 35, 5)
(24, 36, 5)
(24, 37, 5)
(24, 38, 5)
(24, 39, 5)

(25, 0, 128)
(25, 1, 98)
(25, 2, 53)
(25, 3, 43)
(25, 4, 29)
(25, 5, 22)
(25, 6, 17)
(25, 7, 7)
(25, 8, 7)
(25, 9, 7)
(25, 10, 7)
(25, 11, 7)
(25, 12, 7)
(25, 13, 7)
(25, 14, 7)
(25, 15, 7)
(25, 16, 7)
(25, 17, 7)
(25, 18, 7)
(25, 19, 7)
(25, 20, 7)
(25, 21, 7)
(25, 22, 7)
(25, 23, 7)
(25, 24, 7)
(25, 25, 7)
(25, 26, 7)
(25, 27, 7)
(25, 28, 7)
(25, 29, 6)
(25, 30, 6)
(25, 31, 6)
(25, 32, 6)
(25, 33, 6)
(25, 34, 6)
(25, 35, 5)
(25, 36, 5)
(25, 37, 5)
(25, 38, 5)
(25, 39, 5)

(26, 0, 148)
(26, 1, 112)
(26, 2, 61)
(26, 3, 49)
(26, 4, 35)
(26, 5, 27)
(26, 6, 20)
(26, 7, 8)
(26, 8, 8)
(26, 9, 8)
(26, 10, 7)
(26, 11, 7)
(26, 12, 7)
(26, 13, 7)
(26, 14, 7)
(26, 15, 7)
(26, 16, 6)
(26, 17, 6)
(26, 18, 6)
(26, 19, 6)
(26, 20, 6)
(26, 21, 6)
(26, 22, 6)
(26, 23, 6)
(26, 24, 6)
(26, 25, 5)
(26, 26, 5)
(26, 27, 5)
(26, 28, 5)
(26, 29, 5)
(26, 30, 5)
(26, 31, 5)
(26, 32, 5)
(26, 33, 5)
(26, 34, 5)
(26, 35, 5)
(26, 36, 5)
(26, 37, 5)
(26, 38, 5)
(26, 39, 5)

(27, 0, 161)
(27, 1, 120)
(27, 2, 66)
(27, 3, 53)
(27, 4, 39)
(27, 5, 27)
(27, 6, 19)
(27, 7, 7)
(27, 8, 7)
(27, 9, 7)
(27, 10, 6)
(27, 11, 6)
(27, 12, 6)
(27, 13, 6)
(27, 14, 6)
(27, 15, 6)
(27, 16, 6)
(27, 17, 6)
(27, 18, 6)
(27, 19, 6)
(27, 20, 6)
(27, 21, 6)
(27, 22, 6)
(27, 23, 6)
(27, 24, 6)
(27, 25, 5)
(27, 26, 5)
(27, 27, 5)
(27, 28, 5)
(27, 29, 5)
(27, 30, 5)
(27, 31, 5)
(27, 32, 5)
(27, 33, 5)
(27, 34, 5)
(27, 35, 5)
(27, 36, 5)
(27, 37, 5)
(27, 38, 5)
(27, 39, 5)

(28, 0, 175)
(28, 1, 130)
(28, 2, 72)
(28, 3, 59)
(28, 4, 42)
(28, 5, 28)
(28, 6, 19)
(28, 7, 6)
(28, 8, 6)
(28, 9, 6)
(28, 10, 6)
(28, 11, 6)
(28, 12, 6)
(28, 13, 6)
(28, 14, 6)
(28, 15, 6)
(28, 16, 6)
(28, 17, 6)
(28, 18, 6)
(28, 19, 6)
(28, 20, 6)
(28, 21, 6)
(28, 22, 6)
(28, 23, 6)
(28, 24, 6)
(28, 25, 5)
(28, 26, 5)
(28, 27, 5)
(28, 28, 5)
(28, 29, 5)
(28, 30, 5)
(28, 31, 5)
(28, 32, 5)
(28, 33, 5)
(28, 34, 5)
(28, 35, 5)
(28, 36, 5)
(28, 37, 5)
(28, 38, 5)
(28, 39, 5)

(29, 0, 193)
(29, 1, 143)
(29, 2, 79)
(29, 3, 64)
(29, 4, 44)
(29, 5, 30)
(29, 6, 18)
(29, 7, 7)
(29, 8, 7)
(29, 9, 7)
(29, 10, 7)
(29, 11, 7)
(29, 12, 7)
(29, 13, 7)
(29, 14, 7)
(29, 15, 7)
(29, 16, 7)
(29, 17, 7)
(29, 18, 7)
(29, 19, 7)
(29, 20, 7)
(29, 21, 7)
(29, 22, 7)
(29, 23, 7)
(29, 24, 7)
(29, 25, 6)
(29, 26, 6)
(29, 27, 6)
(29, 28, 5)
(29, 29, 5)
(29, 30, 5)
(29, 31, 5)
(29, 32, 5)
(29, 33, 5)
(29, 34, 5)
(29, 35, 5)
(29, 36, 5)
(29, 37, 5)
(29, 38, 5)
(29, 39, 5)

(30, 0, 217)
(30, 1, 163)
(30, 2, 92)
(30, 3, 71)
(30, 4, 52)
(30, 5, 37)
(30, 6, 22)
(30, 7, 10)
(30, 8, 10)
(30, 9, 10)
(30, 10, 10)
(30, 11, 8)
(30, 12, 8)
(30, 13, 8)
(30, 14, 8)
(30, 15, 8)
(30, 16, 8)
(30, 17, 8)
(30, 18, 8)
(30, 19, 7)
(30, 20, 7)
(30, 21, 7)
(30, 22, 7)
(30, 23, 7)
(30, 24, 7)
(30, 25, 6)
(30, 26, 6)
(30, 27, 6)
(30, 28, 5)
(30, 29, 5)
(30, 30, 5)
(30, 31, 5)
(30, 32, 5)
(30, 33, 5)
(30, 34, 5)
(30, 35, 5)
(30, 36, 5)
(30, 37, 5)
(30, 38, 5)
(30, 39, 5)

(31, 0, 231)
(31, 1, 171)
(31, 2, 96)
(31, 3, 75)
(31, 4, 56)
(31, 5, 38)
(31, 6, 23)
(31, 7, 11)
(31, 8, 11)
(31, 9, 11)
(31, 10, 9)
(31, 11, 7)
(31, 12, 7)
(31, 13, 7)
(31, 14, 7)
(31, 15, 7)
(31, 16, 7)
(31, 17, 7)
(31, 18, 6)
(31, 19, 6)
(31, 20, 6)
(31, 21, 6)
(31, 22, 6)
(31, 23, 6)
(31, 24, 6)
(31, 25, 5)
(31, 26, 5)
(31, 27, 5)
(31, 28, 5)
(31, 29, 5)
(31, 30, 5)
(31, 31, 5)
(31, 32, 5)
(31, 33, 5)
(31, 34, 5)
(31, 35, 5)
(31, 36, 5)
(31, 37, 5)
(31, 38, 5)
(31, 39, 5)

(32, 0, 241)
(32, 1, 178)
(32, 2, 101)
(32, 3, 78)
(32, 4, 57)
(32, 5, 39)
(32, 6, 23)
(32, 7, 11)
(32, 8, 11)
(32, 9, 11)
(32, 10, 8)
(32, 11, 6)
(32, 12, 6)
(32, 13, 6)
(32, 14, 6)
(32, 15, 6)
(32, 16, 6)
(32, 17, 6)
(32, 18, 6)
(32, 19, 6)
(32, 20, 6)
(32, 21, 6)
(32, 22, 6)
(32, 23, 6)
(32, 24, 6)
(32, 25, 5)
(32, 26, 5)
(32, 27, 5)
(32, 28, 5)
(32, 29, 5)
(32, 30, 5)
(32, 31, 5)
(32, 32, 5)
(32, 33, 5)
(32, 34, 5)
(32, 35, 5)
(32, 36, 5)
(32, 37, 5)
(32, 38, 5)
(32, 39, 5)

(33, 0, 252)
(33, 1, 186)
(33, 2, 103)
(33, 3, 80)
(33, 4, 57)
(33, 5, 39)
(33, 6, 23)
(33, 7, 11)
(33, 8, 11)
(33, 9, 11)
(33, 10, 8)
(33, 11, 6)
(33, 12, 6)
(33, 13, 6)
(33, 14, 6)
(33, 15, 6)
(33, 16, 6)
(33, 17, 6)
(33, 18, 6)
(33, 19, 6)
(33, 20, 6)
(33, 21, 6)
(33, 22, 6)
(33, 23, 6)
(33, 24, 6)
(33, 25, 5)
(33, 26, 5)
(33, 27, 5)
(33, 28, 5)
(33, 29, 5)
(33, 30, 5)
(33, 31, 5)
(33, 32, 5)
(33, 33, 5)
(33, 34, 5)
(33, 35, 5)
(33, 36, 5)
(33, 37, 5)
(33, 38, 5)
(33, 39, 5)

(34, 0, 265)
(34, 1, 196)
(34, 2, 110)
(34, 3, 86)
(34, 4, 60)
(34, 5, 41)
(34, 6, 25)
(34, 7, 13)
(34, 8, 13)
(34, 9, 12)
(34, 10, 9)
(34, 11, 7)
(34, 12, 7)
(34, 13, 7)
(34, 14, 7)
(34, 15, 7)
(34, 16, 7)
(34, 17, 7)
(34, 18, 7)
(34, 19, 6)
(34, 20, 6)
(34, 21, 6)
(34, 22, 6)
(34, 23, 6)
(34, 24, 6)
(34, 25, 5)
(34, 26, 5)
(34, 27, 5)
(34, 28, 5)
(34, 29, 5)
(34, 30, 5)
(34, 31, 5)
(34, 32, 5)
(34, 33, 5)
(34, 34, 5)
(34, 35, 5)
(34, 36, 5)
(34, 37, 5)
(34, 38, 5)
(34, 39, 5)

(35, 0, 279)
(35, 1, 209)
(35, 2, 118)
(35, 3, 91)
(35, 4, 63)
(35, 5, 42)
(35, 6, 25)
(35, 7, 14)
(35, 8, 13)
(35, 9, 12)
(35, 10, 8)
(35, 11, 6)
(35, 12, 6)
(35, 13, 6)
(35, 14, 6)
(35, 15, 6)
(35, 16, 6)
(35, 17, 6)
(35, 18, 6)
(35, 19, 6)
(35, 20, 6)
(35, 21, 6)
(35, 22, 6)
(35, 23, 6)
(35, 24, 6)
(35, 25, 5)
(35, 26, 5)
(35, 27, 5)
(35, 28, 5)
(35, 29, 5)
(35, 30, 5)
(35, 31, 5)
(35, 32, 5)
(35, 33, 5)
(35, 34, 5)
(35, 35, 5)
(35, 36, 5)
(35, 37, 5)
(35, 38, 5)
(35, 39, 5)

(36, 0, 290)
(36, 1, 215)
(36, 2, 122)
(36, 3, 94)
(36, 4, 64)
(36, 5, 41)
(36, 6, 24)
(36, 7, 13)
(36, 8, 12)
(36, 9, 11)
(36, 10, 8)
(36, 11, 6)
(36, 12, 6)
(36, 13, 6)
(36, 14, 6)
(36, 15, 6)
(36, 16, 6)
(36, 17, 6)
(36, 18, 6)
(36, 19, 6)
(36, 20, 6)
(36, 21, 6)
(36, 22, 6)
(36, 23, 6)
(36, 24, 6)
(36, 25, 5)
(36, 26, 5)
(36, 27, 5)
(36, 28, 5)
(36, 29, 5)
(36, 30, 5)
(36, 31, 5)
(36, 32, 5)
(36, 33, 5)
(36, 34, 5)
(36, 35, 5)
(36, 36, 5)
(36, 37, 5)
(36, 38, 5)
(36, 39, 5)

(37, 0, 305)
(37, 1, 225)
(37, 2, 126)
(37, 3, 95)
(37, 4, 62)
(37, 5, 41)
(37, 6, 24)
(37, 7, 13)
(37, 8, 11)
(37, 9, 11)
(37, 10, 8)
(37, 11, 6)
(37, 12, 6)
(37, 13, 6)
(37, 14, 6)
(37, 15, 6)
(37, 16, 6)
(37, 17, 6)
(37, 18, 6)
(37, 19, 6)
(37, 20, 6)
(37, 21, 6)
(37, 22, 6)
(37, 23, 6)
(37, 24, 6)
(37, 25, 5)
(37, 26, 5)
(37, 27, 5)
(37, 28, 5)
(37, 29, 5)
(37, 30, 5)
(37, 31, 5)
(37, 32, 5)
(37, 33, 5)
(37, 34, 5)
(37, 35, 5)
(37, 36, 5)
(37, 37, 5)
(37, 38, 5)
(37, 39, 5)

(38, 0, 321)
(38, 1, 237)
(38, 2, 132)
(38, 3, 99)
(38, 4, 63)
(38, 5, 42)
(38, 6, 24)
(38, 7, 13)
(38, 8, 11)
(38, 9, 11)
(38, 10, 8)
(38, 11, 6)
(38, 12, 6)
(38, 13, 6)
(38, 14, 6)
(38, 15, 6)
(38, 16, 6)
(38, 17, 6)
(38, 18, 6)
(38, 19, 6)
(38, 20, 6)
(38, 21, 6)
(38, 22, 6)
(38, 23, 6)
(38, 24, 6)
(38, 25, 5)
(38, 26, 5)
(38, 27, 5)
(38, 28, 5)
(38, 29, 5)
(38, 30, 5)
(38, 31, 5)
(38, 32, 5)
(38, 33, 5)
(38, 34, 5)
(38, 35, 5)
(38, 36, 5)
(38, 37, 5)
(38, 38, 5)
(38, 39, 5)

(39, 0, 334)
(39, 1, 246)
(39, 2, 133)
(39, 3, 99)
(39, 4, 62)
(39, 5, 40)
(39, 6, 24)
(39, 7, 13)
(39, 8, 11)
(39, 9, 11)
(39, 10, 8)
(39, 11, 6)
(39, 12, 6)
(39, 13, 6)
(39, 14, 6)
(39, 15, 6)
(39, 16, 6)
(39, 17, 6)
(39, 18, 6)
(39, 19, 6)
(39, 20, 6)
(39, 21, 6)
(39, 22, 6)
(39, 23, 6)
(39, 24, 6)
(39, 25, 5)
(39, 26, 5)
(39, 27, 5)
(39, 28, 5)
(39, 29, 5)
(39, 30, 5)
(39, 31, 5)
(39, 32, 5)
(39, 33, 5)
(39, 34, 5)
(39, 35, 5)
(39, 36, 5)
(39, 37, 5)
(39, 38, 5)
(39, 39, 5)


Betti numbers:
xi_0:
(0, 0, 2)
(3, 0, 1)
(4, 0, 3)
(5, 0, 2)
(8, 0, 4)
(15, 0, 12)
(16, 0, 8)
(17, 0, 9)
(18, 0, 15)
(19, 0, 12)
(20, 0, 10)
(21, 0, 8)
(22, 0, 11)
(23, 0, 15)
(24, 0, 4)
(25, 0, 12)
(26, 0, 20)
(27, 0, 13)
(28, 0, 14)
(29, 0, 19)
(30, 0, 24)
(31, 0, 14)
(32, 0, 10)
(33, 0, 11)
(34, 0, 13)
(35, 0, 14)
(36, 0, 11)
(37, 0, 15)
(38, 0, 16)
(39, 0, 13)
xi_1:
(0, 2, 1)
(4, 1, 1)
(4, 2, 1)
(5, 2, 2)
(8, 1, 1)
(8, 2, 2)
(15, 1, 1)
(15, 2, 4)
(15, 3, 1)
(15, 4, 2)
(15, 6, 1)
(15, 7, 2)
(16, 1, 1)
(16, 2, 3)
(16, 3, 3)
(16, 4, 1)
(16, 5, 1)
(17, 1, 4)
(17, 2, 3)
(17, 4, 1)
(17, 17, 1)
(18, 1, 4)
(18, 2, 5)
(18, 3, 1)
(18, 4, 3)
(18, 7, 2)
(19, 1, 4)
(19, 2, 4)
(19, 3, 1)
(19, 4, 3)
(19, 6, 1)
(19, 8, 1)
(20, 1, 2)
(20, 2, 4)
(20, 3, 1)
(20, 4, 1)
(20, 5, 1)
(20, 7, 1)
(20, 9, 1)
(21, 1, 1)
(21, 2, 2)
(21, 4, 2)
(21, 5, 1)
(21, 7, 2)
(22, 1, 4)
(22, 2, 3)
(22, 3, 2)
(22, 5, 1)
(22, 6, 1)
(22, 8, 1)
(23, 1, 4)
(23, 2, 6)
(23, 3, 1)
(23, 5, 2)
(23, 7, 2)
(23, 9, 1)
(23, 29, 1)
(24, 1, 1)
(24, 2, 1)
(24, 7, 1)
(24, 12, 1)
(24, 13, 1)
(25, 1, 2)
(25, 2, 4)
(25, 4, 2)
(25, 5, 1)
(25, 6, 2)
(25, 7, 2)
(25, 35, 1)
(26, 1, 6)
(26, 2, 6)
(26, 3, 2)
(26, 4, 1)
(26, 5, 1)
(26, 6, 2)
(26, 7, 2)
(26, 10, 1)
(26, 16, 1)
(26, 25, 1)
(27, 1, 5)
(27, 2, 3)
(27, 3, 1)
(27, 4, 1)
(27, 5, 4)
(27, 6, 2)
(28, 1, 4)
(28, 2, 4)
(28, 4, 3)
(28, 5, 4)
(28, 6, 2)
(28, 7, 2)
(29, 0, 1)
(29, 1, 6)
(29, 2, 6)
(29, 3, 2)
(29, 4, 3)
(29, 5, 1)
(29, 6, 3)
(29, 28, 1)
(30, 1, 4)
(30, 2, 7)
(30, 3, 6)
(30, 4, 1)
(30, 5, 1)
(30, 6, 3)
(30, 7, 1)
(30, 11, 2)
(30, 19, 1)
(31, 1, 6)
(31, 2, 4)
(31, 3, 1)
(31, 5, 3)
(31, 10, 2)
(31, 18, 1)
(32, 1, 3)
(32, 2, 2)
(32, 3, 2)
(32, 4, 2)
(32, 5, 2)
(32, 6, 1)
(32, 10, 1)
(33, 1, 3)
(33, 2, 6)
(33, 4, 2)
(34, 1, 3)
(34, 2, 3)
(34, 3, 1)
(34, 4, 3)
(34, 5, 1)
(34, 9, 1)
(34, 19, 1)
(35, 1, 1)
(35, 2, 5)
(35, 3, 3)
(35, 4, 2)
(35, 5, 2)
(35, 6, 1)
(35, 8, 1)
(35, 10, 1)
(36, 1, 5)
(36, 2, 2)
(36, 3, 1)
(36, 4, 2)
(36, 5, 2)
(36, 6, 1)
(37, 1, 5)
(37, 2, 6)
(37, 3, 3)
(37, 4, 3)
(37, 8, 1)
(38, 1, 4)
(38, 2, 6)
(38, 3, 2)
(38, 4, 3)
(38, 6, 2)
(39, 1, 4)
(39, 2, 8)
(39, 3, 1)
(39, 4, 1)
(39, 5, 1)
xi_2:
(16, 7, 1)
(19, 4, 1)
(19, 17, 1)
(20, 8, 1)
(22, 9, 1)
(23, 7, 1)
(23, 8, 1)
(24, 9, 1)
(25, 12, 1)
(25, 13, 1)
(26, 4, 1)
(26, 29, 1)
(26, 35, 1)
(27, 4, 1)
(27, 6, 1)
(27, 16, 1)
(28, 5, 2)
(28, 6, 1)
(28, 7, 1)
(28, 10, 1)
(29, 1, 1)
(29, 5, 1)
(29, 7, 2)
(30, 4, 2)
(31, 3, 1)
(31, 19, 1)
(31, 28, 1)
(32, 5, 2)
(32, 18, 1)
(35, 7, 1)
(35, 19, 1)
(36, 6, 1)
(36, 10, 1)
(37, 5, 2)
(37, 9, 1)
(38, 6, 1)
(39, 6, 2)
