x-grades
-3009487997549573873/4000000000000000000
-1474036224314942673/2000000000000000000
-2886656899710196819/4000000000000000000
-706310337697627073/1000000000000000000
-552765160374163953/800000000000000000
-1351205126475565619/2000000000000000000
-2640994704031442711/4000000000000000000
-322447394388969273/500000000000000000
-2518163606192065657/4000000000000000000
-245674805727237713/400000000000000000
-2395332508352688603/4000000000000000000
-583479239858250019/1000000000000000000
-2272501410513311549/4000000000000000000
-1105542930796811511/2000000000000000000
-429934062534786899/800000000000000000
-130515922734640373/250000000000000000
-2026839214834557441/4000000000000000000
-982711832957434457/2000000000000000000
-1904008116995180387/4000000000000000000
-92129628403774593/200000000000000000
-1781177019155803333/4000000000000000000
-859880735118057403/2000000000000000000
-1658345921316426279/4000000000000000000
-199616296549592219/500000000000000000
-61420592939081969/160000000000000000
-737049637278680349/2000000000000000000
-1412683725637672171/4000000000000000000
-337817044179495911/1000000000000000000
-1289852627798295117/4000000000000000000
-122843707887860659/400000000000000000
-1167021529958918063/4000000000000000000
-34550186907475923/125000000000000000
-1044190432119541009/4000000000000000000
-491387441599926241/2000000000000000000
-184271866856032791/800000000000000000
-214985946340118857/1000000000000000000
-798528236440786901/4000000000000000000
-368556343760549187/2000000000000000000
-675697138601409847/4000000000000000000
-15357039742043033/100000000000000000

y-grades
4999971/20000000
4999971/10000000
14999913/20000000
4999971/5000000
4999971/4000000
14999913/10000000
34999797/20000000
4999971/2500000
44999739/20000000
4999971/2000000
54999681/20000000
14999913/5000000
64999623/20000000
34999797/10000000
14999913/4000000
4999971/1250000
84999507/20000000
44999739/10000000
94999449/20000000
4999971/1000000
104999391/20000000
54999681/10000000
114999333/20000000
14999913/2500000
4999971/800000
64999623/10000000
134999217/20000000
34999797/5000000
144999159/20000000
14999913/2000000
154999101/20000000
4999971/625000
164999043/20000000
84999507/10000000
34999797/4000000
44999739/5000000
184998927/20000000
94999449/10000000
194998869/20000000
4999971/500000

Dimensions > 0:
(0, 0, 6)
(0, 1, 2)
(0, 2, 1)
(0, 3, 1)
(0, 4, 1)
(0, 5, 1)
(0, 6, 1)
(0, 7, 1)
(0, 8, 1)
(0, 9, 1)
(0, 10, 1)
(0, 11, 1)
(0, 12, 1)
(0, 13, 1)
(0, 14, 1)
(0, 15, 1)
(0, 16, 1)
(0, 17, 1)
(0, 18, 1)
(0, 19, 1)
(0, 20, 1)
(0, 21, 1)
(0, 22, 1)
(0, 23, 1)
(0, 24, 1)
(0, 25, 1)
(0, 26, 1)
(0, 27, 1)
(0, 28, 1)
(0, 29, 1)
(0, 30, 1)
(0, 31, 1)
(0, 32, 1)
(0, 33, 1)
(0, 34, 1)
(0, 35, 1)
(0, 36, 1)
(0, 37, 1)
(0, 38, 1)
(0, 39, 1)

(1, 0, 14)
(1, 1, 6)
(1, 2, 2)
(1, 3, 2)
(1, 4, 1)
(1, 5, 1)
(1, 6, 1)
(1, 7, 1)
(1, 8, 1)
(1, 9, 1)
(1, 10, 1)
(1, 11, 1)
(1, 12, 1)
(1, 13, 1)
(1, 14, 1)
(1, 15, 1)
(1, 16, 1)
(1, 17, 1)
(1, 18, 1)
(1, 19, 1)
(1, 20, 1)
(1, 21, 1)
(1, 22, 1)
(1, 23, 1)
(1, 24, 1)
(1, 25, 1)
(1, 26, 1)
(1, 27, 1)
(1, 28, 1)
(1, 29, 1)
(1, 30, 1)
(1, 31, 1)
(1, 32, 1)
(1, 33, 1)
(1, 34, 1)
(1, 35, 1)
(1, 36, 1)
(1, 37, 1)
(1, 38, 1)
(1, 39, 1)

(2, 0, 24)
(2, 1, 11)
(2, 2, 4)
(2, 3, 3)
(2, 4, 1)
(2, 5, 1)
(2, 6, 1)
(2, 7, 1)
(2, 8, 1)
(2, 9, 1)
(2, 10, 1)
(2, 11, 1)
(2, 12, 1)
(2, 13, 1)
(2, 14, 1)
(2, 15, 1)
(2, 16, 1)
(2, 17, 1)
(2, 18, 1)
(2, 19, 1)
(2, 20, 1)
(2, 21, 1)
(2, 22, 1)
(2, 23, 1)
(2, 24, 1)
(2, 25, 1)
(2, 26, 1)
(2, 27, 1)
(2, 28, 1)
(2, 29, 1)
(2, 30, 1)
(2, 31, 1)
(2, 32, 1)
(2, 33, 1)
(2, 34, 1)
(2, 35, 1)
(2, 36, 1)
(2, 37, 1)
(2, 38, 1)
(2, 39, 1)

(3, 0, 38)
(3, 1, 21)
(3, 2, 12)
(3, 3, 5)
(3, 4, 3)
(3, 5, 3)
(3, 6, 3)
(3, 7, 3)
(3, 8, 3)
(3, 9, 3)
(3, 10, 2)
(3, 11, 2)
(3, 12, 2)
(3, 13, 2)
(3, 14, 2)
(3, 15, 2)
(3, 16, 2)
(3, 17, 2)
(3, 18, 2)
(3, 19, 2)
(3, 20, 2)
(3, 21, 2)
(3, 22, 2)
(3, 23, 2)
(3, 24, 2)
(3, 25, 2)
(3, 26, 2)
(3, 27, 2)
(3, 28, 2)
(3, 29, 2)
(3, 30, 2)
(3, 31, 2)
(3, 32, 2)
(3, 33, 2)
(3, 34, 2)
(3, 35, 2)
(3, 36, 2)
(3, 37, 2)
(3, 38, 2)
(3, 39, 2)

(4, 0, 57)
(4, 1, 30)
(4, 2, 16)
(4, 3, 8)
(4, 4, 4)
(4, 5, 3)
(4, 6, 3)
(4, 7, 3)
(4, 8, 3)
(4, 9, 3)
(4, 10, 2)
(4, 11, 2)
(4, 12, 2)
(4, 13, 2)
(4, 14, 2)
(4, 15, 2)
(4, 16, 2)
(4, 17, 2)
(4, 18, 2)
(4, 19, 2)
(4, 20, 2)
(4, 21, 2)
(4, 22, 2)
(4, 23, 2)
(4, 24, 2)
(4, 25, 2)
(4, 26, 2)
(4, 27, 2)
(4, 28, 2)
(4, 29, 2)
(4, 30, 2)
(4, 31, 2)
(4, 32, 2)
(4, 33, 2)
(4, 34, 2)
(4, 35, 2)
(4, 36, 2)
(4, 37, 2)
(4, 38, 2)
(4, 39, 2)

(5, 0, 83)
(5, 1, 49)
(5, 2, 28)
(5, 3, 16)
(5, 4, 8)
(5, 5, 4)
(5, 6, 4)
(5, 7, 4)
(5, 8, 4)
(5, 9, 4)
(5, 10, 2)
(5, 11, 2)
(5, 12, 2)
(5, 13, 2)
(5, 14, 2)
(5, 15, 2)
(5, 16, 2)
(5, 17, 2)
(5, 18, 2)
(5, 19, 2)
(5, 20, 2)
(5, 21, 2)
(5, 22, 2)
(5, 23, 2)
(5, 24, 2)
(5, 25, 2)
(5, 26, 2)
(5, 27, 2)
(5, 28, 2)
(5, 29, 2)
(5, 30, 2)
(5, 31, 2)
(5, 32, 2)
(5, 33, 2)
(5, 34, 2)
(5, 35, 2)
(5, 36, 2)
(5, 37, 2)
(5, 38, 2)
(5, 39, 2)

(6, 0, 103)
(6, 1, 66)
(6, 2, 36)
(6, 3, 20)
(6, 4, 10)
(6, 5, 5)
(6, 6, 4)
(6, 7, 4)
(6, 8, 4)
(6, 9, 4)
(6, 10, 2)
(6, 11, 2)
(6, 12, 2)
(6, 13, 2)
(6, 14, 2)
(6, 15, 2)
(6, 16, 2)
(6, 17, 2)
(6, 18, 2)
(6, 19, 2)
(6, 20, 2)
(6, 21, 2)
(6, 22, 2)
(6, 23, 2)
(6, 24, 2)
(6, 25, 2)
(6, 26, 2)
(6, 27, 2)
(6, 28, 2)
(6, 29, 2)
(6, 30, 2)
(6, 31, 2)
(6, 32, 2)
(6, 33, 2)
(6, 34, 2)
(6, 35, 2)
(6, 36, 2)
(6, 37, 2)
(6, 38, 2)
(6, 39, 2)

(7, 0, 118)
(7, 1, 79)
(7, 2, 45)
(7, 3, 23)
(7, 4, 11)
(7, 5, 5)
(7, 6, 5)
(7, 7, 4)
(7, 8, 4)
(7, 9, 4)
(7, 10, 2)
(7, 11, 2)
(7, 12, 2)
(7, 13, 2)
(7, 14, 2)
(7, 15, 2)
(7, 16, 2)
(7, 17, 2)
(7, 18, 2)
(7, 19, 2)
(7, 20, 2)
(7, 21, 2)
(7, 22, 2)
(7, 23, 2)
(7, 24, 2)
(7, 25, 2)
(7, 26, 2)
(7, 27, 2)
(7, 28, 2)
(7, 29, 2)
(7, 30, 2)
(7, 31, 2)
(7, 32, 2)
(7, 33, 2)
(7, 34, 2)
(7, 35, 2)
(7, 36, 2)
(7, 37, 2)
(7, 38, 2)
(7, 39, 2)

(8, 0, 132)
(8, 1, 90)
(8, 2, 54)
(8, 3, 30)
(8, 4, 15)
(8, 5, 7)
(8, 6, 7)
(8, 7, 6)
(8, 8, 5)
(8, 9, 4)
(8, 10, 2)
(8, 11, 2)
(8, 12, 2)
(8, 13, 2)
(8, 14, 2)
(8, 15, 2)
(8, 16, 2)
(8, 17, 2)
(8, 18, 2)
(8, 19, 2)
(8, 20, 2)
(8, 21, 2)
(8, 22, 2)
(8, 23, 2)
(8, 24, 2)
(8, 25, 2)
(8, 26, 2)
(8, 27, 2)
(8, 28, 2)
(8, 29, 2)
(8, 30, 2)
(8, 31, 2)
(8, 32, 2)
(8, 33, 2)
(8, 34, 2)
(8, 35, 2)
(8, 36, 2)
(8, 37, 2)
(8, 38, 2)
(8, 39, 2)

(9, 0, 157)
(9, 1, 109)
(9, 2, 67)
(9, 3, 37)
(9, 4, 19)
(9, 5, 9)
(9, 6, 6)
(9, 7, 4)
(9, 8, 4)
(9, 9, 4)
(9, 10, 2)
(9, 11, 2)
(9, 12, 2)
(9, 13, 2)
(9, 14, 2)
(9, 15, 2)
(9, 16, 2)
(9, 17, 2)
(9, 18, 2)
(9, 19, 2)
(9, 20, 2)
(9, 21, 2)
(9, 22, 2)
(9, 23, 2)
(9, 24, 2)
(9, 25, 2)
(9, 26, 2)
(9, 27, 2)
(9, 28, 2)
(9, 29, 2)
(9, 30, 2)
(9, 31, 2)
(9, 32, 2)
(9, 33, 2)
(9, 34, 2)
(9, 35, 2)
(9, 36, 2)
(9, 37, 2)
(9, 38, 2)
(9, 39, 2)

(10, 0, 189)
(10, 1, 133)
(10, 2, 76)
(10, 3, 42)
(10, 4, 20)
(10, 5, 11)
(10, 6, 9)
(10, 7, 6)
(10, 8, 5)
(10, 9, 5)
(10, 10, 2)
(10, 11, 2)
(10, 12, 2)
(10, 13, 2)
(10, 14, 2)
(10, 15, 2)
(10, 16, 2)
(10, 17, 2)
(10, 18, 2)
(10, 19, 2)
(10, 20, 2)
(10, 21, 2)
(10, 22, 2)
(10, 23, 2)
(10, 24, 2)
(10, 25, 2)
(10, 26, 2)
(10, 27, 2)
(10, 28, 2)
(10, 29, 2)
(10, 30, 2)
(10, 31, 2)
(10, 32, 2)
(10, 33, 2)
(10, 34, 2)
(10, 35, 2)
(10, 36, 2)
(10, 37, 2)
(10, 38, 2)
(10, 39, 2)

(11, 0, 211)
(11, 1, 150)
(11, 2, 90)
(11, 3, 54)
(11, 4, 25)
(11, 5, 13)
(11, 6, 11)
(11, 7, 8)
(11, 8, 6)
(11, 9, 6)
(11, 10, 3)
(11, 11, 3)
(11, 12, 3)
(11, 13, 3)
(11, 14, 3)
(11, 15, 3)
(11, 16, 3)
(11, 17, 3)
(11, 18, 3)
(11, 19, 3)
(11, 20, 3)
(11, 21, 3)
(11, 22, 3)
(11, 23, 3)
(11, 24, 3)
(11, 25, 3)
(11, 26, 3)
(11, 27, 3)
(11, 28, 3)
(11, 29, 3)
(11, 30, 3)
(11, 31, 3)
(11, 32, 3)
(11, 33, 3)
(11, 34, 3)
(11, 35, 3)
(11, 36, 3)
(11, 37, 3)
(11, 38, 3)
(11, 39, 3)

(12, 0, 252)
(12, 1, 178)
(12, 2, 104)
(12, 3, 59)
(12, 4, 28)
(12, 5, 16)
(12, 6, 12)
(12, 7, 8)
(12, 8, 6)
(12, 9, 6)
(12, 10, 3)
(12, 11, 3)
(12, 12, 3)
(12, 13, 3)
(12, 14, 3)
(12, 15, 3)
(12, 16, 3)
(12, 17, 3)
(12, 18, 3)
(12, 19, 3)
(12, 20, 3)
(12, 21, 3)
(12, 22, 3)
(12, 23, 3)
(12, 24, 3)
(12, 25, 3)
(12, 26, 3)
(12, 27, 3)
(12, 28, 3)
(12, 29, 3)
(12, 30, 3)
(12, 31, 3)
(12, 32, 3)
(12, 33, 3)
(12, 34, 3)
(12, 35, 3)
(12, 36, 3)
(12, 37, 3)
(12, 38, 2)
(12, 39, 2)

(13, 0, 297)
(13, 1, 205)
(13, 2, 120)
(13, 3, 70)
(13, 4, 38)
(13, 5, 21)
(13, 6, 14)
(13, 7, 10)
(13, 8, 8)
(13, 9, 7)
(13, 10, 2)
(13, 11, 2)
(13, 12, 2)
(13, 13, 2)
(13, 14, 2)
(13, 15, 2)
(13, 16, 2)
(13, 17, 2)
(13, 18, 2)
(13, 19, 2)
(13, 20, 2)
(13, 21, 2)
(13, 22, 2)
(13, 23, 2)
(13, 24, 2)
(13, 25, 2)
(13, 26, 2)
(13, 27, 1)
(13, 28, 1)
(13, 29, 1)
(13, 30, 1)
(13, 31, 1)
(13, 32, 1)
(13, 33, 1)
(13, 34, 1)
(13, 35, 1)
(13, 36, 1)
(13, 37, 1)
(13, 38, 1)
(13, 39, 1)

(14, 0, 339)
(14, 1, 234)
(14, 2, 135)
(14, 3, 79)
(14, 4, 41)
(14, 5, 23)
(14, 6, 14)
(14, 7, 7)
(14, 8, 5)
(14, 9, 5)
(14, 10, 1)
(14, 11, 1)
(14, 12, 1)
(14, 13, 1)
(14, 14, 1)
(14, 15, 1)
(14, 16, 1)
(14, 17, 1)
(14, 18, 1)
(14, 19, 1)
(14, 20, 1)
(14, 21, 1)
(14, 22, 1)
(14, 23, 1)
(14, 24, 1)
(14, 25, 1)
(14, 26, 1)
(14, 27, 1)
(14, 28, 1)
(14, 29, 1)
(14, 30, 1)
(14, 31, 1)
(14, 32, 1)
(14, 33, 1)
(14, 34, 1)
(14, 35, 1)
(14, 36, 1)
(14, 37, 1)
(14, 38, 1)
(14, 39, 1)

(15, 0, 377)
(15, 1, 265)
(15, 2, 152)
(15, 3, 86)
(15, 4, 47)
(15, 5, 26)
(15, 6, 15)
(15, 7, 9)
(15, 8, 6)
(15, 9, 6)
(15, 10, 2)
(15, 11, 2)
(15, 12, 2)
(15, 13, 1)
(15, 14, 1)
(15, 15, 1)
(15, 16, 1)
(15, 17, 1)
(15, 18, 1)
(15, 19, 1)
(15, 20, 1)
(15, 21, 1)
(15, 22, 1)
(15, 23, 1)
(15, 24, 1)
(15, 25, 1)
(15, 26, 1)
(15, 27, 1)
(15, 28, 1)
(15, 29, 1)
(15, 30, 1)
(15, 31, 1)
(15, 32, 1)
(15, 33, 1)
(15, 34, 1)
(15, 35, 1)
(15, 36, 1)
(15, 37, 1)
(15, 38, 1)
(15, 39, 1)

(16, 0, 400)
(16, 1, 287)
(16, 2, 164)
(16, 3, 93)
(16, 4, 49)
(16, 5, 27)
(16, 6, 15)
(16, 7, 10)
(16, 8, 6)
(16, 9, 6)
(16, 10, 1)
(16, 11, 1)
(16, 12, 1)
(16, 13, 1)
(16, 14, 1)
(16, 15, 1)
(16, 16, 1)
(16, 17, 1)
(16, 18, 1)
(16, 19, 1)
(16, 20, 1)
(16, 21, 1)
(16, 22, 1)
(16, 23, 1)
(16, 24, 1)
(16, 25, 1)
(16, 26, 1)
(16, 27, 1)
(16, 28, 1)
(16, 29, 1)
(16, 30, 1)
(16, 31, 1)
(16, 32, 1)
(16, 33, 1)
(16, 34, 1)
(16, 35, 1)
(16, 36, 1)
(16, 37, 1)
(16, 38, 1)
(16, 39, 1)

(17, 0, 424)
(17, 1, 306)
(17, 2, 180)
(17, 3, 104)
(17, 4, 53)
(17, 5, 29)
(17, 6, 15)
(17, 7, 10)
(17, 8, 6)
(17, 9, 6)
(17, 10, 1)
(17, 11, 1)
(17, 12, 1)
(17, 13, 1)
(17, 14, 1)
(17, 15, 1)
(17, 16, 1)
(17, 17, 1)
(17, 18, 1)
(17, 19, 1)
(17, 20, 1)
(17, 21, 1)
(17, 22, 1)
(17, 23, 1)
(17, 24, 1)
(17, 25, 1)
(17, 26, 1)
(17, 27, 1)
(17, 28, 1)
(17, 29, 1)
(17, 30, 1)
(17, 31, 1)
(17, 32, 1)
(17, 33, 1)
(17, 34, 1)
(17, 35, 1)
(17, 36, 1)
(17, 37, 1)
(17, 38, 1)
(17, 39, 1)

(18, 0, 444)
(18, 1, 323)
(18, 2, 194)
(18, 3, 109)
(18, 4, 53)
(18, 5, 28)
(18, 6, 14)
(18, 7, 9)
(18, 8, 6)
(18, 9, 6)
(18, 10, 1)
(18, 11, 1)
(18, 12, 1)
(18, 13, 1)
(18, 14, 1)
(18, 15, 1)
(18, 16, 1)
(18, 17, 1)
(18, 18, 1)
(18, 19, 1)
(18, 20, 1)
(18, 21, 1)
(18, 22, 1)
(18, 23, 1)
(18, 24, 1)
(18, 25, 1)
(18, 26, 1)
(18, 27, 1)
(18, 28, 1)
(18, 29, 1)
(18, 30, 1)
(18, 31, 1)
(18, 32, 1)
(18, 33, 1)
(18, 34, 1)
(18, 35, 1)
(18, 36, 1)
(18, 37, 1)
(18, 38, 1)
(18, 39, 1)

(19, 0, 462)
(19, 1, 339)
(19, 2, 207)
(19, 3, 119)
(19, 4, 60)
(19, 5, 33)
(19, 6, 17)
(19, 7, 10)
(19, 8, 7)
(19, 9, 7)
(19, 10, 2)
(19, 11, 1)
(19, 12, 1)
(19, 13, 1)
(19, 14, 1)
(19, 15, 1)
(19, 16, 1)
(19, 17, 1)
(19, 18, 1)
(19, 19, 1)
(19, 20, 1)
(19, 21, 1)
(19, 22, 1)
(19, 23, 1)
(19, 24, 1)
(19, 25, 1)
(19, 26, 1)
(19, 27, 1)
(19, 28, 1)
(19, 29, 1)
(19, 30, 1)
(19, 31, 1)
(19, 32, 1)
(19, 33, 1)
(19, 34, 1)
(19, 35, 1)
(19, 36, 1)
(19, 37, 1)
(19, 38, 1)
(19, 39, 1)

(20, 0, 477)
(20, 1, 352)
(20, 2, 219)
(20, 3, 126)
(20, 4, 65)
(20, 5, 36)
(20, 6, 19)
(20, 7, 12)
(20, 8, 8)
(20, 9, 8)
(20, 10, 3)
(20, 11, 2)
(20, 12, 1)
(20, 13, 1)
(20, 14, 1)
(20, 15, 1)
(20, 16, 1)
(20, 17, 1)
(20, 18, 1)
(20, 19, 1)
(20, 20, 1)
(20, 21, 1)
(20, 22, 1)
(20, 23, 1)
(20, 24, 1)
(20, 25, 1)
(20, 26, 1)
(20, 27, 1)
(20, 28, 1)
(20, 29, 1)
(20, 30, 1)
(20, 31, 1)
(20, 32, 1)
(20, 33, 1)
(20, 34, 1)
(20, 35, 1)
(20, 36, 1)
(20, 37, 1)
(20, 38, 1)
(20, 39, 1)

(21, 0, 492)
(21, 1, 367)
(21, 2, 231)
(21, 3, 136)
(21, 4, 70)
(21, 5, 38)
(21, 6, 20)
(21, 7, 12)
(21, 8, 6)
(21, 9, 6)
(21, 10, 1)
(21, 11, 1)
(21, 12, 1)
(21, 13, 1)
(21, 14, 1)
(21, 15, 1)
(21, 16, 1)
(21, 17, 1)
(21, 18, 1)
(21, 19, 1)
(21, 20, 1)
(21, 21, 1)
(21, 22, 1)
(21, 23, 1)
(21, 24, 1)
(21, 25, 1)
(21, 26, 1)
(21, 27, 1)
(21, 28, 1)
(21, 29, 1)
(21, 30, 1)
(21, 31, 1)
(21, 32, 1)
(21, 33, 1)
(21, 34, 1)
(21, 35, 1)
(21, 36, 1)
(21, 37, 1)
(21, 38, 1)
(21, 39, 1)

(22, 0, 506)
(22, 1, 381)
(22, 2, 244)
(22, 3, 144)
(22, 4, 76)
(22, 5, 41)
(22, 6, 20)
(22, 7, 12)
(22, 8, 6)
(22, 9, 6)
(22, 10, 1)
(22, 11, 1)
(22, 12, 1)
(22, 13, 1)
(22, 14, 1)
(22, 15, 1)
(22, 16, 1)
(22, 17, 1)
(22, 18, 1)
(22, 19, 1)
(22, 20, 1)
(22, 21, 1)
(22, 22, 1)
(22, 23, 1)
(22, 24, 1)
(22, 25, 1)
(22, 26, 1)
(22, 27, 1)
(22, 28, 1)
(22, 29, 1)
(22, 30, 1)
(22, 31, 1)
(22, 32, 1)
(22, 33, 1)
(22, 34, 1)
(22, 35, 1)
(22, 36, 1)
(22, 37, 1)
(22, 38, 1)
(22, 39, 1)

(23, 0, 518)
(23, 1, 391)
(23, 2, 253)
(23, 3, 152)
(23, 4, 79)
(23, 5, 45)
(23, 6, 22)
(23, 7, 13)
(23, 8, 7)
(23, 9, 7)
(23, 10, 2)
(23, 11, 1)
(23, 12, 1)
(23, 13, 1)
(23, 14, 1)
(23, 15, 1)
(23, 16, 1)
(23, 17, 1)
(23, 18, 1)
(23, 19, 1)
(23, 20, 1)
(23, 21, 1)
(23, 22, 1)
(23, 23, 1)
(23, 24, 1)
(23, 25, 1)
(23, 26, 1)
(23, 27, 1)
(23, 28, 1)
(23, 29, 1)
(23, 30, 1)
(23, 31, 1)
(23, 32, 1)
(23, 33, 1)
(23, 34, 1)
(23, 35, 1)
(23, 36, 1)
(23, 37, 1)
(23, 38, 1)
(23, 39, 1)

(24, 0, 531)
(24, 1, 404)
(24, 2, 265)
(24, 3, 160)
(24, 4, 87)
(24, 5, 50)
(24, 6, 25)
(24, 7, 15)
(24, 8, 7)
(24, 9, 7)
(24, 10, 1)
(24, 11, 1)
(24, 12, 1)
(24, 13, 1)
(24, 14, 1)
(24, 15, 1)
(24, 16, 1)
(24, 17, 1)
(24, 18, 1)
(24, 19, 1)
(24, 20, 1)
(24, 21, 1)
(24, 22, 1)
(24, 23, 1)
(24, 24, 1)
(24, 25, 1)
(24, 26, 1)
(24, 27, 1)
(24, 28, 1)
(24, 29, 1)
(24, 30, 1)
(24, 31, 1)
(24, 32, 1)
(24, 33, 1)
(24, 34, 1)
(24, 35, 1)
(24, 36, 1)
(24, 37, 1)
(24, 38, 1)
(24, 39, 1)

(25, 0, 542)
(25, 1, 415)
(25, 2, 275)
(25, 3, 168)
(25, 4, 93)
(25, 5, 55)
(25, 6, 27)
(25, 7, 15)
(25, 8, 7)
(25, 9, 7)
(25, 10, 1)
(25, 11, 1)
(25, 12, 1)
(25, 13, 1)
(25, 14, 1)
(25, 15, 1)
(25, 16, 1)
(25, 17, 1)
(25, 18, 1)
(25, 19, 1)
(25, 20, 1)
(25, 21, 1)
(25, 22, 1)
(25, 23, 1)
(25, 24, 1)
(25, 25, 1)
(25, 26, 1)
(25, 27, 1)
(25, 28, 1)
(25, 29, 1)
(25, 30, 1)
(25, 31, 1)
(25, 32, 1)
(25, 33, 1)
(25, 34, 1)
(25, 35, 1)
(25, 36, 1)
(25, 37, 1)
(25, 38, 1)
(25, 39, 1)

(26, 0, 558)
(26, 1, 431)
(26, 2, 288)
(26, 3, 179)
(26, 4, 101)
(26, 5, 59)
(26, 6, 31)
(26, 7, 16)
(26, 8, 7)
(26, 9, 7)
(26, 10, 1)
(26, 11, 1)
(26, 12, 1)
(26, 13, 1)
(26, 14, 1)
(26, 15, 1)
(26, 16, 1)
(26, 17, 1)
(26, 18, 1)
(26, 19, 1)
(26, 20, 1)
(26, 21, 1)
(26, 22, 1)
(26, 23, 1)
(26, 24, 1)
(26, 25, 1)
(26, 26, 1)
(26, 27, 1)
(26, 28, 1)
(26, 29, 1)
(26, 30, 1)
(26, 31, 1)
(26, 32, 1)
(26, 33, 1)
(26, 34, 1)
(26, 35, 1)
(26, 36, 1)
(26, 37, 1)
(26, 38, 1)
(26, 39, 1)

(27, 0, 573)
(27, 1, 441)
(27, 2, 295)
(27, 3, 185)
(27, 4, 107)
(27, 5, 63)
(27, 6, 33)
(27, 7, 17)
(27, 8, 6)
(27, 9, 6)
(27, 10, 1)
(27, 11, 1)
(27, 12, 1)
(27, 13, 1)
(27, 14, 1)
(27, 15, 1)
(27, 16, 1)
(27, 17, 1)
(27, 18, 1)
(27, 19, 1)
(27, 20, 1)
(27, 21, 1)
(27, 22, 1)
(27, 23, 1)
(27, 24, 1)
(27, 25, 1)
(27, 26, 1)
(27, 27, 1)
(27, 28, 1)
(27, 29, 1)
(27, 30, 1)
(27, 31, 1)
(27, 32, 1)
(27, 33, 1)
(27, 34, 1)
(27, 35, 1)
(27, 36, 1)
(27, 37, 1)
(27, 38, 1)
(27, 39, 1)

(28, 0, 598)
(28, 1, 464)
(28, 2, 312)
(28, 3, 195)
(28, 4, 112)
(28, 5, 66)
(28, 6, 33)
(28, 7, 17)
(28, 8, 5)
(28, 9, 5)
(28, 10, 1)
(28, 11, 1)
(28, 12, 1)
(28, 13, 1)
(28, 14, 1)
(28, 15, 1)
(28, 16, 1)
(28, 17, 1)
(28, 18, 1)
(28, 19, 1)
(28, 20, 1)
(28, 21, 1)
(28, 22, 1)
(28, 23, 1)
(28, 24, 1)
(28, 25, 1)
(28, 26, 1)
(28, 27, 1)
(28, 28, 1)
(28, 29, 1)
(28, 30, 1)
(28, 31, 1)
(28, 32, 1)
(28, 33, 1)
(28, 34, 1)
(28, 35, 1)
(28, 36, 1)
(28, 37, 1)
(28, 38, 1)
(28, 39, 1)

(29, 0, 621)
(29, 1, 485)
(29, 2, 328)
(29, 3, 205)
(29, 4, 118)
(29, 5, 69)
(29, 6, 36)
(29, 7, 15)
(29, 8, 5)
(29, 9, 5)
(29, 10, 1)
(29, 11, 1)
(29, 12, 1)
(29, 13, 1)
(29, 14, 1)
(29, 15, 1)
(29, 16, 1)
(29, 17, 1)
(29, 18, 1)
(29, 19, 1)
(29, 20, 1)
(29, 21, 1)
(29, 22, 1)
(29, 23, 1)
(29, 24, 1)
(29, 25, 1)
(29, 26, 1)
(29, 27, 1)
(29, 28, 1)
(29, 29, 1)
(29, 30, 1)
(29, 31, 1)
(29, 32, 1)
(29, 33, 1)
(29, 34, 1)
(29, 35, 1)
(29, 36, 1)
(29, 37, 1)
(29, 38, 1)
(29, 39, 1)

(30, 0, 643)
(30, 1, 504)
(30, 2, 342)
(30, 3, 211)
(30, 4, 120)
(30, 5, 67)
(30, 6, 33)
(30, 7, 13)
(30, 8, 5)
(30, 9, 5)
(30, 10, 1)
(30, 11, 1)
(30, 12, 1)
(30, 13, 1)
(30, 14, 1)
(30, 15, 1)
(30, 16, 1)
(30, 17, 1)
(30, 18, 1)
(30, 19, 1)
(30, 20, 1)
(30, 21, 1)
(30, 22, 1)
(30, 23, 1)
(30, 24, 1)
(30, 25, 1)
(30, 26, 1)
(30, 27, 1)
(30, 28, 1)
(30, 29, 1)
(30, 30, 1)
(30, 31, 1)
(30, 32, 1)
(30, 33, 1)
(30, 34, 1)
(30, 35, 1)
(30, 36, 1)
(30, 37, 1)
(30, 38, 1)
(30, 39, 1)

(31, 0, 665)
(31, 1, 523)
(31, 2, 356)
(31, 3, 217)
(31, 4, 120)
(31, 5, 70)
(31, 6, 35)
(31, 7, 13)
(31, 8, 5)
(31, 9, 5)
(31, 10, 1)
(31, 11, 1)
(31, 12, 1)
(31, 13, 1)
(31, 14, 1)
(31, 15, 1)
(31, 16, 1)
(31, 17, 1)
(31, 18, 1)
(31, 19, 1)
(31, 20, 1)
(31, 21, 1)
(31, 22, 1)
(31, 23, 1)
(31, 24, 1)
(31, 25, 1)
(31, 26, 1)
(31, 27, 1)
(31, 28, 1)
(31, 29, 1)
(31, 30, 1)
(31, 31, 1)
(31, 32, 1)
(31, 33, 1)
(31, 34, 1)
(31, 35, 1)
(31, 36, 1)
(31, 37, 1)
(31, 38, 1)
(31, 39, 1)

(32, 0, 672)
(32, 1, 530)
(32, 2, 363)
(32, 3, 222)
(32, 4, 124)
(32, 5, 73)
(32, 6, 37)
(32, 7, 14)
(32, 8, 6)
(32, 9, 5)
(32, 10, 1)
(32, 11, 1)
(32, 12, 1)
(32, 13, 1)
(32, 14, 1)
(32, 15, 1)
(32, 16, 1)
(32, 17, 1)
(32, 18, 1)
(32, 19, 1)
(32, 20, 1)
(32, 21, 1)
(32, 22, 1)
(32, 23, 1)
(32, 24, 1)
(32, 25, 1)
(32, 26, 1)
(32, 27, 1)
(32, 28, 1)
(32, 29, 1)
(32, 30, 1)
(32, 31, 1)
(32, 32, 1)
(32, 33, 1)
(32, 34, 1)
(32, 35, 1)
(32, 36, 1)
(32, 37, 1)
(32, 38, 1)
(32, 39, 1)

(33, 0, 689)
(33, 1, 544)
(33, 2, 373)
(33, 3, 225)
(33, 4, 124)
(33, 5, 71)
(33, 6, 35)
(33, 7, 13)
(33, 8, 5)
(33, 9, 5)
(33, 10, 1)
(33, 11, 1)
(33, 12, 1)
(33, 13, 1)
(33, 14, 1)
(33, 15, 1)
(33, 16, 1)
(33, 17, 1)
(33, 18, 1)
(33, 19, 1)
(33, 20, 1)
(33, 21, 1)
(33, 22, 1)
(33, 23, 1)
(33, 24, 1)
(33, 25, 1)
(33, 26, 1)
(33, 27, 1)
(33, 28, 1)
(33, 29, 1)
(33, 30, 1)
(33, 31, 1)
(33, 32, 1)
(33, 33, 1)
(33, 34, 1)
(33, 35, 1)
(33, 36, 1)
(33, 37, 1)
(33, 38, 1)
(33, 39, 1)

(34, 0, 699)
(34, 1, 551)
(34, 2, 379)
(34, 3, 228)
(34, 4, 125)
(34, 5, 72)
(34, 6, 36)
(34, 7, 14)
(34, 8, 6)
(34, 9, 5)
(34, 10, 1)
(34, 11, 1)
(34, 12, 1)
(34, 13, 1)
(34, 14, 1)
(34, 15, 1)
(34, 16, 1)
(34, 17, 1)
(34, 18, 1)
(34, 19, 1)
(34, 20, 1)
(34, 21, 1)
(34, 22, 1)
(34, 23, 1)
(34, 24, 1)
(34, 25, 1)
(34, 26, 1)
(34, 27, 1)
(34, 28, 1)
(34, 29, 1)
(34, 30, 1)
(34, 31, 1)
(34, 32, 1)
(34, 33, 1)
(34, 34, 1)
(34, 35, 1)
(34, 36, 1)
(34, 37, 1)
(34, 38, 1)
(34, 39, 1)

(35, 0, 713)
(35, 1, 560)
(35, 2, 386)
(35, 3, 234)
(35, 4, 129)
(35, 5, 75)
(35, 6, 38)
(35, 7, 14)
(35, 8, 5)
(35, 9, 5)
(35, 10, 1)
(35, 11, 1)
(35, 12, 1)
(35, 13, 1)
(35, 14, 1)
(35, 15, 1)
(35, 16, 1)
(35, 17, 1)
(35, 18, 1)
(35, 19, 1)
(35, 20, 1)
(35, 21, 1)
(35, 22, 1)
(35, 23, 1)
(35, 24, 1)
(35, 25, 1)
(35, 26, 1)
(35, 27, 1)
(35, 28, 1)
(35, 29, 1)
(35, 30, 1)
(35, 31, 1)
(35, 32, 1)
(35, 33, 1)
(35, 34, 1)
(35, 35, 1)
(35, 36, 1)
(35, 37, 1)
(35, 38, 1)
(35, 39, 1)

(36, 0, 718)
(36, 1, 564)
(36, 2, 390)
(36, 3, 236)
(36, 4, 131)
(36, 5, 75)
(36, 6, 37)
(36, 7, 14)
(36, 8, 5)
(36, 9, 5)
(36, 10, 1)
(36, 11, 1)
(36, 12, 1)
(36, 13, 1)
(36, 14, 1)
(36, 15, 1)
(36, 16, 1)
(36, 17, 1)
(36, 18, 1)
(36, 19, 1)
(36, 20, 1)
(36, 21, 1)
(36, 22, 1)
(36, 23, 1)
(36, 24, 1)
(36, 25, 1)
(36, 26, 1)
(36, 27, 1)
(36, 28, 1)
(36, 29, 1)
(36, 30, 1)
(36, 31, 1)
(36, 32, 1)
(36, 33, 1)
(36, 34, 1)
(36, 35, 1)
(36, 36, 1)
(36, 37, 1)
(36, 38, 1)
(36, 39, 1)

(37, 0, 728)
(37, 1, 573)
(37, 2, 395)
(37, 3, 240)
(37, 4, 133)
(37, 5, 77)
(37, 6, 37)
(37, 7, 14)
(37, 8, 5)
(37, 9, 5)
(37, 10, 1)
(37, 11, 1)
(37, 12, 1)
(37, 13, 1)
(37, 14, 1)
(37, 15, 1)
(37, 16, 1)
(37, 17, 1)
(37, 18, 1)
(37, 19, 1)
(37, 20, 1)
(37, 21, 1)
(37, 22, 1)
(37, 23, 1)
(37, 24, 1)
(37, 25, 1)
(37, 26, 1)
(37, 27, 1)
(37, 28, 1)
(37, 29, 1)
(37, 30, 1)
(37, 31, 1)
(37, 32, 1)
(37, 33, 1)
(37, 34, 1)
(37, 35, 1)
(37, 36, 1)
(37, 37, 1)
(37, 38, 1)
(37, 39, 1)

(38, 0, 742)
(38, 1, 586)
(38, 2, 403)
(38, 3, 244)
(38, 4, 134)
(38, 5, 75)
(38, 6, 36)
(38, 7, 14)
(38, 8, 5)
(38, 9, 5)
(38, 10, 1)
(38, 11, 1)
(38, 12, 1)
(38, 13, 1)
(38, 14, 1)
(38, 15, 1)
(38, 16, 1)
(38, 17, 1)
(38, 18, 1)
(38, 19, 1)
(38, 20, 1)
(38, 21, 1)
(38, 22, 1)
(38, 23, 1)
(38, 24, 1)
(38, 25, 1)
(38, 26, 1)
(38, 27, 1)
(38, 28, 1)
(38, 29, 1)
(38, 30, 1)
(38, 31, 1)
(38, 32, 1)
(38, 33, 1)
(38, 34, 1)
(38, 35, 1)
(38, 36, 1)
(38, 37, 1)
(38, 38, 1)
(38, 39, 1)

(39, 0, 755)
(39, 1, 593)
(39, 2, 403)
(39, 3, 240)
(39, 4, 131)
(39, 5, 75)
(39, 6, 36)
(39, 7, 14)
(39, 8, 5)
(39, 9, 5)
(39, 10, 1)
(39, 11, 1)
(39, 12, 1)
(39, 13, 1)
(39, 14, 1)
(39, 15, 1)
(39, 16, 1)
(39, 17, 1)
(39, 18, 1)
(39, 19, 1)
(39, 20, 1)
(39, 21, 1)
(39, 22, 1)
(39, 23, 1)
(39, 24, 1)
(39, 25, 1)
(39, 26, 1)
(39, 27, 1)
(39, 28, 1)
(39, 29, 1)
(39, 30, 1)
(39, 31, 1)
(39, 32, 1)
(39, 33, 1)
(39, 34, 1)
(39, 35, 1)
(39, 36, 1)
(39, 37, 1)
(39, 38, 1)
(39, 39, 1)


Betti numbers:
xi_0:
(0, 0, 6)
(1, 0, 8)
(2, 0, 10)
(3, 0, 14)
(4, 0, 19)
(5, 0, 26)
(6, 0, 20)
(7, 0, 15)
(8, 0, 14)
(9, 0, 25)
(10, 0, 32)
(11, 0, 22)
(12, 0, 41)
(13, 0, 45)
(14, 0, 42)
(15, 0, 38)
(16, 0, 23)
(17, 0, 24)
(18, 0, 20)
(19, 0, 18)
(20, 0, 15)
(21, 0, 15)
(22, 0, 14)
(23, 0, 12)
(24, 0, 13)
(25, 0, 11)
(26, 0, 16)
(27, 0, 15)
(28, 0, 25)
(29, 0, 23)
(30, 0, 22)
(31, 0, 22)
(32, 0, 7)
(33, 0, 17)
(34, 0, 10)
(35, 0, 14)
(36, 0, 5)
(37, 0, 10)
(38, 0, 14)
(39, 0, 13)
xi_1:
(0, 1, 4)
(0, 2, 1)
(1, 1, 4)
(1, 2, 3)
(1, 4, 1)
(2, 1, 5)
(2, 2, 3)
(2, 3, 1)
(2, 4, 1)
(3, 1, 4)
(3, 2, 2)
(3, 3, 6)
(3, 4, 1)
(3, 10, 1)
(4, 1, 10)
(4, 2, 5)
(4, 3, 3)
(4, 4, 2)
(4, 5, 1)
(5, 1, 7)
(5, 2, 7)
(5, 3, 4)
(5, 4, 4)
(5, 5, 3)
(5, 10, 1)
(6, 1, 3)
(6, 2, 9)
(6, 3, 6)
(6, 4, 2)
(6, 5, 2)
(6, 6, 1)
(7, 1, 2)
(7, 2, 4)
(7, 3, 7)
(7, 4, 2)
(7, 5, 1)
(7, 7, 1)
(8, 1, 3)
(8, 2, 2)
(8, 3, 2)
(8, 4, 3)
(8, 5, 2)
(8, 8, 1)
(8, 9, 1)
(9, 1, 6)
(9, 2, 6)
(9, 3, 6)
(9, 4, 4)
(9, 5, 2)
(9, 6, 3)
(9, 7, 1)
(10, 1, 8)
(10, 2, 15)
(10, 3, 5)
(10, 4, 5)
(10, 7, 1)
(10, 8, 1)
(10, 10, 1)
(11, 1, 5)
(11, 2, 3)
(11, 3, 2)
(11, 4, 7)
(11, 5, 3)
(11, 8, 1)
(12, 1, 13)
(12, 2, 14)
(12, 3, 9)
(12, 4, 3)
(12, 5, 2)
(12, 6, 2)
(12, 7, 1)
(12, 8, 1)
(12, 38, 1)
(13, 1, 18)
(13, 2, 11)
(13, 3, 6)
(13, 4, 2)
(13, 5, 5)
(13, 6, 3)
(13, 9, 1)
(13, 10, 2)
(13, 27, 1)
(14, 1, 13)
(14, 2, 14)
(14, 3, 6)
(14, 4, 7)
(14, 5, 5)
(14, 6, 2)
(14, 7, 3)
(15, 1, 7)
(15, 2, 14)
(15, 3, 12)
(15, 4, 2)
(15, 5, 5)
(15, 6, 2)
(15, 8, 1)
(15, 13, 1)
(16, 1, 1)
(16, 2, 10)
(16, 3, 6)
(16, 4, 5)
(16, 5, 2)
(16, 6, 1)
(16, 8, 1)
(16, 10, 1)
(17, 1, 5)
(17, 2, 3)
(17, 3, 5)
(17, 4, 7)
(17, 5, 2)
(17, 6, 2)
(18, 1, 3)
(18, 2, 3)
(18, 3, 9)
(18, 4, 5)
(18, 5, 2)
(18, 6, 1)
(19, 1, 2)
(19, 2, 3)
(19, 3, 3)
(19, 4, 4)
(19, 5, 3)
(19, 6, 2)
(19, 7, 2)
(19, 11, 1)
(20, 1, 2)
(20, 2, 1)
(20, 3, 5)
(20, 4, 3)
(20, 5, 2)
(20, 6, 1)
(20, 8, 1)
(20, 12, 1)
(21, 2, 3)
(21, 3, 2)
(21, 4, 5)
(21, 5, 3)
(21, 6, 1)
(21, 7, 1)
(21, 8, 2)
(22, 2, 1)
(22, 3, 5)
(22, 4, 3)
(22, 5, 3)
(22, 6, 3)
(23, 1, 2)
(23, 2, 1)
(23, 3, 1)
(23, 4, 5)
(23, 6, 2)
(23, 7, 1)
(23, 11, 1)
(24, 2, 1)
(24, 3, 4)
(24, 5, 3)
(24, 6, 3)
(24, 7, 1)
(24, 8, 2)
(24, 10, 1)
(25, 2, 1)
(25, 3, 2)
(25, 4, 2)
(25, 5, 1)
(25, 6, 3)
(25, 7, 2)
(25, 8, 1)
(26, 2, 3)
(26, 3, 2)
(26, 4, 3)
(26, 5, 4)
(26, 6, 1)
(26, 7, 3)
(26, 8, 1)
(27, 1, 5)
(27, 2, 3)
(27, 3, 1)
(27, 5, 2)
(27, 6, 2)
(27, 7, 1)
(27, 8, 2)
(28, 1, 2)
(28, 2, 6)
(28, 3, 7)
(28, 4, 5)
(28, 5, 2)
(28, 6, 3)
(28, 7, 1)
(28, 8, 1)
(29, 1, 2)
(29, 2, 5)
(29, 3, 6)
(29, 4, 4)
(29, 5, 3)
(29, 6, 1)
(29, 7, 5)
(30, 1, 3)
(30, 2, 5)
(30, 3, 8)
(30, 4, 4)
(30, 5, 4)
(30, 6, 1)
(31, 1, 3)
(31, 2, 5)
(31, 3, 9)
(31, 4, 6)
(31, 6, 1)
(31, 7, 2)
(32, 3, 2)
(32, 4, 1)
(32, 5, 1)
(32, 6, 1)
(32, 7, 1)
(32, 9, 1)
(33, 1, 3)
(33, 2, 4)
(33, 3, 7)
(33, 4, 3)
(33, 5, 3)
(34, 1, 3)
(34, 2, 1)
(34, 3, 3)
(34, 4, 2)
(34, 5, 1)
(34, 9, 1)
(35, 1, 5)
(35, 2, 2)
(35, 3, 2)
(35, 4, 2)
(35, 5, 1)
(35, 6, 1)
(35, 7, 2)
(35, 8, 1)
(36, 1, 1)
(36, 3, 2)
(36, 5, 2)
(36, 6, 1)
(37, 1, 1)
(37, 2, 4)
(37, 3, 1)
(37, 4, 2)
(37, 6, 2)
(38, 1, 1)
(38, 2, 5)
(38, 3, 4)
(38, 4, 3)
(38, 5, 3)
(39, 1, 6)
(39, 2, 7)
(39, 3, 4)
(39, 4, 1)
xi_2:
(3, 4, 1)
(4, 3, 2)
(6, 3, 2)
(6, 5, 1)
(7, 3, 1)
(7, 6, 1)
(9, 4, 1)
(9, 8, 1)
(9, 9, 1)
(10, 3, 1)
(10, 4, 1)
(10, 5, 1)
(10, 6, 1)
(12, 4, 1)
(12, 5, 2)
(12, 8, 1)
(13, 3, 1)
(13, 4, 1)
(13, 38, 1)
(14, 4, 1)
(14, 5, 4)
(14, 9, 1)
(14, 10, 1)
(14, 27, 1)
(15, 3, 2)
(15, 4, 1)
(15, 5, 2)
(15, 7, 1)
(16, 3, 1)
(16, 5, 1)
(16, 7, 1)
(16, 13, 1)
(18, 5, 1)
(18, 6, 1)
(18, 8, 1)
(19, 4, 1)
(19, 5, 1)
(20, 4, 1)
(21, 11, 1)
(21, 12, 1)
(22, 4, 1)
(23, 5, 1)
(24, 6, 1)
(24, 11, 1)
(25, 8, 1)
(26, 6, 1)
(27, 10, 1)
(28, 7, 1)
(28, 10, 1)
(29, 6, 1)
(29, 8, 2)
(30, 7, 1)
(30, 8, 2)
(31, 3, 1)
(31, 5, 3)
(33, 5, 1)
(33, 7, 1)
(33, 9, 1)
(34, 5, 1)
(35, 3, 1)
(35, 9, 1)
(36, 7, 1)
(38, 6, 1)
(38, 7, 1)
(39, 4, 2)
(39, 5, 3)
