x-grades
-111571768921763471/200000000000000000
-54708795884961691/100000000000000000
-107263414618083293/200000000000000000
-26277309366560801/50000000000000000
-20591012062880623/40000000000000000
-50400441581281513/100000000000000000
-98646706010722937/200000000000000000
-3015391526840089/6250000000000000
-94338351707042759/200000000000000000
-9218417455520267/20000000000000000
-90029997403362581/200000000000000000
-21968955062880623/50000000000000000
-85721643099682403/200000000000000000
-41783732973921157/100000000000000000
-3256531551840089/8000000000000000
-9907388955520267/25000000000000000
-77104934492322047/200000000000000000
-37475378670240979/100000000000000000
-72796580188641869/200000000000000000
-3532120151840089/10000000000000000
-68488225884961691/200000000000000000
-33167024366560801/100000000000000000
-64179871581281513/200000000000000000
-3876605901840089/12500000000000000
-11974303455520267/40000000000000000
-28858670062880623/100000000000000000
-55563162973921157/200000000000000000
-13352246455520267/50000000000000000
-51254808670240979/200000000000000000
-4910063151840089/20000000000000000
-46946454366560801/200000000000000000
-5599034651840089/25000000000000000
-42638100062880623/200000000000000000
-20241961455520267/100000000000000000
-7665949151840089/40000000000000000
-9043892151840089/50000000000000000
-34021391455520267/200000000000000000
-15933607151840089/100000000000000000
-29713037151840089/200000000000000000
-1377943/10000000

y-grades
9995329/40000000
9995329/20000000
29985987/40000000
9995329/10000000
9995329/8000000
29985987/20000000
69967303/40000000
9995329/5000000
89957961/40000000
9995329/4000000
109948619/40000000
29985987/10000000
129939277/40000000
69967303/20000000
29985987/8000000
9995329/2500000
169920593/40000000
89957961/20000000
189911251/40000000
9995329/2000000
209901909/40000000
109948619/20000000
229892567/40000000
29985987/5000000
9995329/1600000
129939277/20000000
269873883/40000000
69967303/10000000
289864541/40000000
29985987/4000000
309855199/40000000
9995329/1250000
329845857/40000000
169920593/20000000
69967303/8000000
89957961/10000000
369827173/40000000
189911251/20000000
389817831/40000000
9995329/1000000

Dimensions > 0:
(0, 0, 3)
(0, 1, 2)
(0, 2, 1)
(0, 3, 1)
(0, 4, 1)
(0, 5, 1)
(0, 6, 1)
(0, 7, 1)
(0, 8, 1)
(0, 9, 1)
(0, 10, 1)
(0, 11, 1)
(0, 12, 1)
(0, 13, 1)
(0, 14, 1)
(0, 15, 1)
(0, 16, 1)
(0, 17, 1)
(0, 18, 1)
(0, 19, 1)
(0, 20, 1)
(0, 21, 1)
(0, 22, 1)
(0, 23, 1)
(0, 24, 1)
(0, 25, 1)
(0, 26, 1)
(0, 27, 1)
(0, 28, 1)
(0, 29, 1)
(0, 30, 1)
(0, 31, 1)
(0, 32, 1)
(0, 33, 1)
(0, 34, 1)
(0, 35, 1)
(0, 36, 1)
(0, 37, 1)
(0, 38, 1)
(0, 39, 1)

(1, 0, 4)
(1, 1, 3)
(1, 2, 1)
(1, 3, 1)
(1, 4, 1)
(1, 5, 1)
(1, 6, 1)
(1, 7, 1)
(1, 8, 1)
(1, 9, 1)
(1, 10, 1)
(1, 11, 1)
(1, 12, 1)
(1, 13, 1)
(1, 14, 1)
(1, 15, 1)
(1, 16, 1)
(1, 17, 1)
(1, 18, 1)
(1, 19, 1)
(1, 20, 1)
(1, 21, 1)
(1, 22, 1)
(1, 23, 1)
(1, 24, 1)
(1, 25, 1)
(1, 26, 1)
(1, 27, 1)
(1, 28, 1)
(1, 29, 1)
(1, 30, 1)
(1, 31, 1)
(1, 32, 1)
(1, 33, 1)
(1, 34, 1)
(1, 35, 1)
(1, 36, 1)
(1, 37, 1)
(1, 38, 1)
(1, 39, 1)

(2, 0, 4)
(2, 1, 3)
(2, 2, 1)
(2, 3, 1)
(2, 4, 1)
(2, 5, 1)
(2, 6, 1)
(2, 7, 1)
(2, 8, 1)
(2, 9, 1)
(2, 10, 1)
(2, 11, 1)
(2, 12, 1)
(2, 13, 1)
(2, 14, 1)
(2, 15, 1)
(2, 16, 1)
(2, 17, 1)
(2, 18, 1)
(2, 19, 1)
(2, 20, 1)
(2, 21, 1)
(2, 22, 1)
(2, 23, 1)
(2, 24, 1)
(2, 25, 1)
(2, 26, 1)
(2, 27, 1)
(2, 28, 1)
(2, 29, 1)
(2, 30, 1)
(2, 31, 1)
(2, 32, 1)
(2, 33, 1)
(2, 34, 1)
(2, 35, 1)
(2, 36, 1)
(2, 37, 1)
(2, 38, 1)
(2, 39, 1)

(3, 0, 4)
(3, 1, 3)
(3, 2, 1)
(3, 3, 1)
(3, 4, 1)
(3, 5, 1)
(3, 6, 1)
(3, 7, 1)
(3, 8, 1)
(3, 9, 1)
(3, 10, 1)
(3, 11, 1)
(3, 12, 1)
(3, 13, 1)
(3, 14, 1)
(3, 15, 1)
(3, 16, 1)
(3, 17, 1)
(3, 18, 1)
(3, 19, 1)
(3, 20, 1)
(3, 21, 1)
(3, 22, 1)
(3, 23, 1)
(3, 24, 1)
(3, 25, 1)
(3, 26, 1)
(3, 27, 1)
(3, 28, 1)
(3, 29, 1)
(3, 30, 1)
(3, 31, 1)
(3, 32, 1)
(3, 33, 1)
(3, 34, 1)
(3, 35, 1)
(3, 36, 1)
(3, 37, 1)
(3, 38, 1)
(3, 39, 1)

(4, 0, 7)
(4, 1, 4)
(4, 2, 2)
(4, 3, 2)
(4, 4, 2)
(4, 5, 2)
(4, 6, 2)
(4, 7, 2)
(4, 8, 2)
(4, 9, 2)
(4, 10, 2)
(4, 11, 2)
(4, 12, 2)
(4, 13, 2)
(4, 14, 2)
(4, 15, 2)
(4, 16, 2)
(4, 17, 2)
(4, 18, 2)
(4, 19, 2)
(4, 20, 2)
(4, 21, 2)
(4, 22, 2)
(4, 23, 2)
(4, 24, 2)
(4, 25, 2)
(4, 26, 2)
(4, 27, 2)
(4, 28, 2)
(4, 29, 2)
(4, 30, 2)
(4, 31, 2)
(4, 32, 2)
(4, 33, 2)
(4, 34, 2)
(4, 35, 2)
(4, 36, 2)
(4, 37, 2)
(4, 38, 2)
(4, 39, 2)

(5, 0, 8)
(5, 1, 5)
(5, 2, 2)
(5, 3, 2)
(5, 4, 2)
(5, 5, 2)
(5, 6, 2)
(5, 7, 2)
(5, 8, 2)
(5, 9, 2)
(5, 10, 2)
(5, 11, 2)
(5, 12, 2)
(5, 13, 2)
(5, 14, 2)
(5, 15, 2)
(5, 16, 2)
(5, 17, 2)
(5, 18, 2)
(5, 19, 2)
(5, 20, 2)
(5, 21, 2)
(5, 22, 2)
(5, 23, 2)
(5, 24, 2)
(5, 25, 2)
(5, 26, 2)
(5, 27, 2)
(5, 28, 2)
(5, 29, 2)
(5, 30, 2)
(5, 31, 2)
(5, 32, 2)
(5, 33, 2)
(5, 34, 2)
(5, 35, 2)
(5, 36, 2)
(5, 37, 2)
(5, 38, 2)
(5, 39, 2)

(6, 0, 9)
(6, 1, 6)
(6, 2, 3)
(6, 3, 3)
(6, 4, 3)
(6, 5, 3)
(6, 6, 3)
(6, 7, 3)
(6, 8, 3)
(6, 9, 3)
(6, 10, 3)
(6, 11, 3)
(6, 12, 3)
(6, 13, 3)
(6, 14, 2)
(6, 15, 2)
(6, 16, 2)
(6, 17, 2)
(6, 18, 2)
(6, 19, 2)
(6, 20, 2)
(6, 21, 2)
(6, 22, 2)
(6, 23, 2)
(6, 24, 2)
(6, 25, 2)
(6, 26, 2)
(6, 27, 2)
(6, 28, 2)
(6, 29, 2)
(6, 30, 2)
(6, 31, 2)
(6, 32, 2)
(6, 33, 2)
(6, 34, 2)
(6, 35, 1)
(6, 36, 1)
(6, 37, 1)
(6, 38, 1)
(6, 39, 1)

(7, 0, 9)
(7, 1, 6)
(7, 2, 3)
(7, 3, 3)
(7, 4, 3)
(7, 5, 3)
(7, 6, 3)
(7, 7, 3)
(7, 8, 3)
(7, 9, 3)
(7, 10, 3)
(7, 11, 3)
(7, 12, 3)
(7, 13, 3)
(7, 14, 2)
(7, 15, 2)
(7, 16, 2)
(7, 17, 2)
(7, 18, 2)
(7, 19, 2)
(7, 20, 2)
(7, 21, 2)
(7, 22, 2)
(7, 23, 2)
(7, 24, 2)
(7, 25, 2)
(7, 26, 2)
(7, 27, 2)
(7, 28, 2)
(7, 29, 2)
(7, 30, 2)
(7, 31, 2)
(7, 32, 2)
(7, 33, 2)
(7, 34, 2)
(7, 35, 1)
(7, 36, 1)
(7, 37, 1)
(7, 38, 1)
(7, 39, 1)

(8, 0, 11)
(8, 1, 8)
(8, 2, 5)
(8, 3, 5)
(8, 4, 5)
(8, 5, 4)
(8, 6, 4)
(8, 7, 4)
(8, 8, 4)
(8, 9, 4)
(8, 10, 4)
(8, 11, 4)
(8, 12, 4)
(8, 13, 3)
(8, 14, 2)
(8, 15, 2)
(8, 16, 2)
(8, 17, 2)
(8, 18, 2)
(8, 19, 2)
(8, 20, 2)
(8, 21, 2)
(8, 22, 1)
(8, 23, 1)
(8, 24, 1)
(8, 25, 1)
(8, 26, 1)
(8, 27, 1)
(8, 28, 1)
(8, 29, 1)
(8, 30, 1)
(8, 31, 1)
(8, 32, 1)
(8, 33, 1)
(8, 34, 1)
(8, 35, 1)
(8, 36, 1)
(8, 37, 1)
(8, 38, 1)
(8, 39, 1)

(9, 0, 12)
(9, 1, 9)
(9, 2, 6)
(9, 3, 6)
(9, 4, 6)
(9, 5, 4)
(9, 6, 4)
(9, 7, 4)
(9, 8, 4)
(9, 9, 4)
(9, 10, 4)
(9, 11, 4)
(9, 12, 4)
(9, 13, 3)
(9, 14, 2)
(9, 15, 2)
(9, 16, 2)
(9, 17, 2)
(9, 18, 2)
(9, 19, 2)
(9, 20, 1)
(9, 21, 1)
(9, 22, 1)
(9, 23, 1)
(9, 24, 1)
(9, 25, 1)
(9, 26, 1)
(9, 27, 1)
(9, 28, 1)
(9, 29, 1)
(9, 30, 1)
(9, 31, 1)
(9, 32, 1)
(9, 33, 1)
(9, 34, 1)
(9, 35, 1)
(9, 36, 1)
(9, 37, 1)
(9, 38, 1)
(9, 39, 1)

(10, 0, 12)
(10, 1, 9)
(10, 2, 6)
(10, 3, 6)
(10, 4, 6)
(10, 5, 4)
(10, 6, 4)
(10, 7, 4)
(10, 8, 4)
(10, 9, 4)
(10, 10, 4)
(10, 11, 4)
(10, 12, 4)
(10, 13, 3)
(10, 14, 2)
(10, 15, 2)
(10, 16, 2)
(10, 17, 2)
(10, 18, 2)
(10, 19, 2)
(10, 20, 1)
(10, 21, 1)
(10, 22, 1)
(10, 23, 1)
(10, 24, 1)
(10, 25, 1)
(10, 26, 1)
(10, 27, 1)
(10, 28, 1)
(10, 29, 1)
(10, 30, 1)
(10, 31, 1)
(10, 32, 1)
(10, 33, 1)
(10, 34, 1)
(10, 35, 1)
(10, 36, 1)
(10, 37, 1)
(10, 38, 1)
(10, 39, 1)

(11, 0, 16)
(11, 1, 13)
(11, 2, 10)
(11, 3, 10)
(11, 4, 7)
(11, 5, 5)
(11, 6, 5)
(11, 7, 5)
(11, 8, 5)
(11, 9, 5)
(11, 10, 5)
(11, 11, 5)
(11, 12, 5)
(11, 13, 4)
(11, 14, 3)
(11, 15, 3)
(11, 16, 3)
(11, 17, 3)
(11, 18, 3)
(11, 19, 2)
(11, 20, 1)
(11, 21, 1)
(11, 22, 1)
(11, 23, 1)
(11, 24, 1)
(11, 25, 1)
(11, 26, 1)
(11, 27, 1)
(11, 28, 1)
(11, 29, 1)
(11, 30, 1)
(11, 31, 1)
(11, 32, 1)
(11, 33, 1)
(11, 34, 1)
(11, 35, 1)
(11, 36, 1)
(11, 37, 1)
(11, 38, 1)
(11, 39, 1)

(12, 0, 22)
(12, 1, 19)
(12, 2, 16)
(12, 3, 12)
(12, 4, 7)
(12, 5, 5)
(12, 6, 5)
(12, 7, 5)
(12, 8, 5)
(12, 9, 5)
(12, 10, 5)
(12, 11, 5)
(12, 12, 5)
(12, 13, 4)
(12, 14, 3)
(12, 15, 3)
(12, 16, 2)
(12, 17, 2)
(12, 18, 2)
(12, 19, 2)
(12, 20, 1)
(12, 21, 1)
(12, 22, 1)
(12, 23, 1)
(12, 24, 1)
(12, 25, 1)
(12, 26, 1)
(12, 27, 1)
(12, 28, 1)
(12, 29, 1)
(12, 30, 1)
(12, 31, 1)
(12, 32, 1)
(12, 33, 1)
(12, 34, 1)
(12, 35, 1)
(12, 36, 1)
(12, 37, 1)
(12, 38, 1)
(12, 39, 1)

(13, 0, 26)
(13, 1, 23)
(13, 2, 20)
(13, 3, 14)
(13, 4, 7)
(13, 5, 5)
(13, 6, 5)
(13, 7, 5)
(13, 8, 5)
(13, 9, 5)
(13, 10, 5)
(13, 11, 5)
(13, 12, 5)
(13, 13, 4)
(13, 14, 3)
(13, 15, 3)
(13, 16, 2)
(13, 17, 2)
(13, 18, 2)
(13, 19, 2)
(13, 20, 1)
(13, 21, 1)
(13, 22, 1)
(13, 23, 1)
(13, 24, 1)
(13, 25, 1)
(13, 26, 1)
(13, 27, 1)
(13, 28, 1)
(13, 29, 1)
(13, 30, 1)
(13, 31, 1)
(13, 32, 1)
(13, 33, 1)
(13, 34, 1)
(13, 35, 1)
(13, 36, 1)
(13, 37, 1)
(13, 38, 1)
(13, 39, 1)

(14, 0, 28)
(14, 1, 25)
(14, 2, 22)
(14, 3, 15)
(14, 4, 7)
(14, 5, 5)
(14, 6, 5)
(14, 7, 5)
(14, 8, 5)
(14, 9, 5)
(14, 10, 5)
(14, 11, 5)
(14, 12, 5)
(14, 13, 4)
(14, 14, 3)
(14, 15, 3)
(14, 16, 2)
(14, 17, 2)
(14, 18, 2)
(14, 19, 2)
(14, 20, 1)
(14, 21, 1)
(14, 22, 1)
(14, 23, 1)
(14, 24, 1)
(14, 25, 1)
(14, 26, 1)
(14, 27, 1)
(14, 28, 1)
(14, 29, 1)
(14, 30, 1)
(14, 31, 1)
(14, 32, 1)
(14, 33, 1)
(14, 34, 1)
(14, 35, 1)
(14, 36, 1)
(14, 37, 1)
(14, 38, 1)
(14, 39, 1)

(15, 0, 30)
(15, 1, 27)
(15, 2, 24)
(15, 3, 16)
(15, 4, 7)
(15, 5, 5)
(15, 6, 5)
(15, 7, 5)
(15, 8, 5)
(15, 9, 5)
(15, 10, 5)
(15, 11, 5)
(15, 12, 5)
(15, 13, 4)
(15, 14, 3)
(15, 15, 3)
(15, 16, 2)
(15, 17, 2)
(15, 18, 2)
(15, 19, 2)
(15, 20, 1)
(15, 21, 1)
(15, 22, 1)
(15, 23, 1)
(15, 24, 1)
(15, 25, 1)
(15, 26, 1)
(15, 27, 1)
(15, 28, 1)
(15, 29, 1)
(15, 30, 1)
(15, 31, 1)
(15, 32, 1)
(15, 33, 1)
(15, 34, 1)
(15, 35, 1)
(15, 36, 1)
(15, 37, 1)
(15, 38, 1)
(15, 39, 1)

(16, 0, 33)
(16, 1, 30)
(16, 2, 27)
(16, 3, 17)
(16, 4, 7)
(16, 5, 5)
(16, 6, 5)
(16, 7, 5)
(16, 8, 5)
(16, 9, 5)
(16, 10, 5)
(16, 11, 5)
(16, 12, 5)
(16, 13, 4)
(16, 14, 3)
(16, 15, 3)
(16, 16, 2)
(16, 17, 2)
(16, 18, 2)
(16, 19, 2)
(16, 20, 1)
(16, 21, 1)
(16, 22, 1)
(16, 23, 1)
(16, 24, 1)
(16, 25, 1)
(16, 26, 1)
(16, 27, 1)
(16, 28, 1)
(16, 29, 1)
(16, 30, 1)
(16, 31, 1)
(16, 32, 1)
(16, 33, 1)
(16, 34, 1)
(16, 35, 1)
(16, 36, 1)
(16, 37, 1)
(16, 38, 1)
(16, 39, 1)

(17, 0, 34)
(17, 1, 31)
(17, 2, 28)
(17, 3, 18)
(17, 4, 7)
(17, 5, 5)
(17, 6, 5)
(17, 7, 5)
(17, 8, 5)
(17, 9, 5)
(17, 10, 5)
(17, 11, 5)
(17, 12, 5)
(17, 13, 4)
(17, 14, 3)
(17, 15, 3)
(17, 16, 2)
(17, 17, 2)
(17, 18, 2)
(17, 19, 2)
(17, 20, 1)
(17, 21, 1)
(17, 22, 1)
(17, 23, 1)
(17, 24, 1)
(17, 25, 1)
(17, 26, 1)
(17, 27, 1)
(17, 28, 1)
(17, 29, 1)
(17, 30, 1)
(17, 31, 1)
(17, 32, 1)
(17, 33, 1)
(17, 34, 1)
(17, 35, 1)
(17, 36, 1)
(17, 37, 1)
(17, 38, 1)
(17, 39, 1)

(18, 0, 39)
(18, 1, 36)
(18, 2, 33)
(18, 3, 21)
(18, 4, 8)
(18, 5, 6)
(18, 6, 6)
(18, 7, 5)
(18, 8, 5)
(18, 9, 5)
(18, 10, 5)
(18, 11, 5)
(18, 12, 5)
(18, 13, 4)
(18, 14, 3)
(18, 15, 3)
(18, 16, 2)
(18, 17, 2)
(18, 18, 2)
(18, 19, 2)
(18, 20, 1)
(18, 21, 1)
(18, 22, 1)
(18, 23, 1)
(18, 24, 1)
(18, 25, 1)
(18, 26, 1)
(18, 27, 1)
(18, 28, 1)
(18, 29, 1)
(18, 30, 1)
(18, 31, 1)
(18, 32, 1)
(18, 33, 1)
(18, 34, 1)
(18, 35, 1)
(18, 36, 1)
(18, 37, 1)
(18, 38, 1)
(18, 39, 1)

(19, 0, 40)
(19, 1, 37)
(19, 2, 34)
(19, 3, 22)
(19, 4, 8)
(19, 5, 6)
(19, 6, 6)
(19, 7, 5)
(19, 8, 5)
(19, 9, 5)
(19, 10, 5)
(19, 11, 5)
(19, 12, 5)
(19, 13, 4)
(19, 14, 3)
(19, 15, 3)
(19, 16, 2)
(19, 17, 2)
(19, 18, 2)
(19, 19, 2)
(19, 20, 1)
(19, 21, 1)
(19, 22, 1)
(19, 23, 1)
(19, 24, 1)
(19, 25, 1)
(19, 26, 1)
(19, 27, 1)
(19, 28, 1)
(19, 29, 1)
(19, 30, 1)
(19, 31, 1)
(19, 32, 1)
(19, 33, 1)
(19, 34, 1)
(19, 35, 1)
(19, 36, 1)
(19, 37, 1)
(19, 38, 1)
(19, 39, 1)

(20, 0, 44)
(20, 1, 41)
(20, 2, 38)
(20, 3, 24)
(20, 4, 10)
(20, 5, 8)
(20, 6, 8)
(20, 7, 6)
(20, 8, 6)
(20, 9, 6)
(20, 10, 6)
(20, 11, 6)
(20, 12, 6)
(20, 13, 5)
(20, 14, 4)
(20, 15, 3)
(20, 16, 2)
(20, 17, 2)
(20, 18, 2)
(20, 19, 2)
(20, 20, 1)
(20, 21, 1)
(20, 22, 1)
(20, 23, 1)
(20, 24, 1)
(20, 25, 1)
(20, 26, 1)
(20, 27, 1)
(20, 28, 1)
(20, 29, 1)
(20, 30, 1)
(20, 31, 1)
(20, 32, 1)
(20, 33, 1)
(20, 34, 1)
(20, 35, 1)
(20, 36, 1)
(20, 37, 1)
(20, 38, 1)
(20, 39, 1)

(21, 0, 48)
(21, 1, 45)
(21, 2, 41)
(21, 3, 27)
(21, 4, 11)
(21, 5, 8)
(21, 6, 7)
(21, 7, 6)
(21, 8, 6)
(21, 9, 6)
(21, 10, 6)
(21, 11, 6)
(21, 12, 6)
(21, 13, 5)
(21, 14, 3)
(21, 15, 3)
(21, 16, 2)
(21, 17, 2)
(21, 18, 2)
(21, 19, 2)
(21, 20, 1)
(21, 21, 1)
(21, 22, 1)
(21, 23, 1)
(21, 24, 1)
(21, 25, 1)
(21, 26, 1)
(21, 27, 1)
(21, 28, 1)
(21, 29, 1)
(21, 30, 1)
(21, 31, 1)
(21, 32, 1)
(21, 33, 1)
(21, 34, 1)
(21, 35, 1)
(21, 36, 1)
(21, 37, 1)
(21, 38, 1)
(21, 39, 1)

(22, 0, 50)
(22, 1, 47)
(22, 2, 42)
(22, 3, 27)
(22, 4, 10)
(22, 5, 8)
(22, 6, 7)
(22, 7, 6)
(22, 8, 6)
(22, 9, 6)
(22, 10, 6)
(22, 11, 6)
(22, 12, 6)
(22, 13, 5)
(22, 14, 3)
(22, 15, 3)
(22, 16, 2)
(22, 17, 2)
(22, 18, 2)
(22, 19, 2)
(22, 20, 1)
(22, 21, 1)
(22, 22, 1)
(22, 23, 1)
(22, 24, 1)
(22, 25, 1)
(22, 26, 1)
(22, 27, 1)
(22, 28, 1)
(22, 29, 1)
(22, 30, 1)
(22, 31, 1)
(22, 32, 1)
(22, 33, 1)
(22, 34, 1)
(22, 35, 1)
(22, 36, 1)
(22, 37, 1)
(22, 38, 1)
(22, 39, 1)

(23, 0, 52)
(23, 1, 49)
(23, 2, 44)
(23, 3, 28)
(23, 4, 10)
(23, 5, 8)
(23, 6, 7)
(23, 7, 6)
(23, 8, 6)
(23, 9, 6)
(23, 10, 6)
(23, 11, 6)
(23, 12, 6)
(23, 13, 5)
(23, 14, 3)
(23, 15, 3)
(23, 16, 2)
(23, 17, 2)
(23, 18, 2)
(23, 19, 2)
(23, 20, 1)
(23, 21, 1)
(23, 22, 1)
(23, 23, 1)
(23, 24, 1)
(23, 25, 1)
(23, 26, 1)
(23, 27, 1)
(23, 28, 1)
(23, 29, 1)
(23, 30, 1)
(23, 31, 1)
(23, 32, 1)
(23, 33, 1)
(23, 34, 1)
(23, 35, 1)
(23, 36, 1)
(23, 37, 1)
(23, 38, 1)
(23, 39, 1)

(24, 0, 56)
(24, 1, 53)
(24, 2, 48)
(24, 3, 31)
(24, 4, 11)
(24, 5, 9)
(24, 6, 8)
(24, 7, 6)
(24, 8, 6)
(24, 9, 6)
(24, 10, 6)
(24, 11, 6)
(24, 12, 6)
(24, 13, 5)
(24, 14, 3)
(24, 15, 3)
(24, 16, 2)
(24, 17, 2)
(24, 18, 2)
(24, 19, 2)
(24, 20, 1)
(24, 21, 1)
(24, 22, 1)
(24, 23, 1)
(24, 24, 1)
(24, 25, 1)
(24, 26, 1)
(24, 27, 1)
(24, 28, 1)
(24, 29, 1)
(24, 30, 1)
(24, 31, 1)
(24, 32, 1)
(24, 33, 1)
(24, 34, 1)
(24, 35, 1)
(24, 36, 1)
(24, 37, 1)
(24, 38, 1)
(24, 39, 1)

(25, 0, 58)
(25, 1, 55)
(25, 2, 50)
(25, 3, 32)
(25, 4, 11)
(25, 5, 9)
(25, 6, 8)
(25, 7, 6)
(25, 8, 6)
(25, 9, 6)
(25, 10, 6)
(25, 11, 6)
(25, 12, 6)
(25, 13, 5)
(25, 14, 3)
(25, 15, 3)
(25, 16, 2)
(25, 17, 2)
(25, 18, 2)
(25, 19, 2)
(25, 20, 1)
(25, 21, 1)
(25, 22, 1)
(25, 23, 1)
(25, 24, 1)
(25, 25, 1)
(25, 26, 1)
(25, 27, 1)
(25, 28, 1)
(25, 29, 1)
(25, 30, 1)
(25, 31, 1)
(25, 32, 1)
(25, 33, 1)
(25, 34, 1)
(25, 35, 1)
(25, 36, 1)
(25, 37, 1)
(25, 38, 1)
(25, 39, 1)

(26, 0, 59)
(26, 1, 56)
(26, 2, 51)
(26, 3, 33)
(26, 4, 11)
(26, 5, 9)
(26, 6, 8)
(26, 7, 6)
(26, 8, 6)
(26, 9, 6)
(26, 10, 6)
(26, 11, 6)
(26, 12, 6)
(26, 13, 5)
(26, 14, 3)
(26, 15, 3)
(26, 16, 2)
(26, 17, 2)
(26, 18, 2)
(26, 19, 2)
(26, 20, 1)
(26, 21, 1)
(26, 22, 1)
(26, 23, 1)
(26, 24, 1)
(26, 25, 1)
(26, 26, 1)
(26, 27, 1)
(26, 28, 1)
(26, 29, 1)
(26, 30, 1)
(26, 31, 1)
(26, 32, 1)
(26, 33, 1)
(26, 34, 1)
(26, 35, 1)
(26, 36, 1)
(26, 37, 1)
(26, 38, 1)
(26, 39, 1)

(27, 0, 68)
(27, 1, 65)
(27, 2, 60)
(27, 3, 39)
(27, 4, 14)
(27, 5, 12)
(27, 6, 10)
(27, 7, 8)
(27, 8, 8)
(27, 9, 8)
(27, 10, 7)
(27, 11, 7)
(27, 12, 7)
(27, 13, 6)
(27, 14, 4)
(27, 15, 4)
(27, 16, 3)
(27, 17, 3)
(27, 18, 3)
(27, 19, 3)
(27, 20, 2)
(27, 21, 2)
(27, 22, 2)
(27, 23, 2)
(27, 24, 2)
(27, 25, 2)
(27, 26, 2)
(27, 27, 2)
(27, 28, 2)
(27, 29, 2)
(27, 30, 2)
(27, 31, 2)
(27, 32, 2)
(27, 33, 2)
(27, 34, 2)
(27, 35, 2)
(27, 36, 2)
(27, 37, 2)
(27, 38, 2)
(27, 39, 2)

(28, 0, 73)
(28, 1, 69)
(28, 2, 62)
(28, 3, 41)
(28, 4, 14)
(28, 5, 12)
(28, 6, 10)
(28, 7, 8)
(28, 8, 8)
(28, 9, 8)
(28, 10, 7)
(28, 11, 7)
(28, 12, 7)
(28, 13, 6)
(28, 14, 4)
(28, 15, 4)
(28, 16, 3)
(28, 17, 3)
(28, 18, 3)
(28, 19, 3)
(28, 20, 2)
(28, 21, 2)
(28, 22, 2)
(28, 23, 2)
(28, 24, 2)
(28, 25, 2)
(28, 26, 2)
(28, 27, 2)
(28, 28, 2)
(28, 29, 2)
(28, 30, 2)
(28, 31, 2)
(28, 32, 2)
(28, 33, 2)
(28, 34, 2)
(28, 35, 2)
(28, 36, 2)
(28, 37, 2)
(28, 38, 2)
(28, 39, 2)

(29, 0, 76)
(29, 1, 72)
(29, 2, 63)
(29, 3, 41)
(29, 4, 14)
(29, 5, 12)
(29, 6, 10)
(29, 7, 8)
(29, 8, 8)
(29, 9, 8)
(29, 10, 7)
(29, 11, 7)
(29, 12, 7)
(29, 13, 6)
(29, 14, 4)
(29, 15, 4)
(29, 16, 3)
(29, 17, 3)
(29, 18, 3)
(29, 19, 3)
(29, 20, 2)
(29, 21, 2)
(29, 22, 2)
(29, 23, 2)
(29, 24, 2)
(29, 25, 2)
(29, 26, 2)
(29, 27, 2)
(29, 28, 2)
(29, 29, 2)
(29, 30, 2)
(29, 31, 2)
(29, 32, 2)
(29, 33, 2)
(29, 34, 2)
(29, 35, 2)
(29, 36, 2)
(29, 37, 2)
(29, 38, 2)
(29, 39, 2)

(30, 0, 79)
(30, 1, 75)
(30, 2, 66)
(30, 3, 42)
(30, 4, 15)
(30, 5, 13)
(30, 6, 11)
(30, 7, 9)
(30, 8, 9)
(30, 9, 9)
(30, 10, 8)
(30, 11, 8)
(30, 12, 8)
(30, 13, 7)
(30, 14, 5)
(30, 15, 5)
(30, 16, 4)
(30, 17, 3)
(30, 18, 3)
(30, 19, 3)
(30, 20, 2)
(30, 21, 2)
(30, 22, 2)
(30, 23, 2)
(30, 24, 2)
(30, 25, 2)
(30, 26, 1)
(30, 27, 1)
(30, 28, 1)
(30, 29, 1)
(30, 30, 1)
(30, 31, 1)
(30, 32, 1)
(30, 33, 1)
(30, 34, 1)
(30, 35, 1)
(30, 36, 1)
(30, 37, 1)
(30, 38, 1)
(30, 39, 1)

(31, 0, 80)
(31, 1, 76)
(31, 2, 67)
(31, 3, 43)
(31, 4, 16)
(31, 5, 13)
(31, 6, 11)
(31, 7, 9)
(31, 8, 9)
(31, 9, 9)
(31, 10, 8)
(31, 11, 8)
(31, 12, 8)
(31, 13, 7)
(31, 14, 4)
(31, 15, 4)
(31, 16, 3)
(31, 17, 3)
(31, 18, 3)
(31, 19, 3)
(31, 20, 2)
(31, 21, 2)
(31, 22, 2)
(31, 23, 2)
(31, 24, 2)
(31, 25, 2)
(31, 26, 1)
(31, 27, 1)
(31, 28, 1)
(31, 29, 1)
(31, 30, 1)
(31, 31, 1)
(31, 32, 1)
(31, 33, 1)
(31, 34, 1)
(31, 35, 1)
(31, 36, 1)
(31, 37, 1)
(31, 38, 1)
(31, 39, 1)

(32, 0, 80)
(32, 1, 76)
(32, 2, 67)
(32, 3, 43)
(32, 4, 16)
(32, 5, 13)
(32, 6, 11)
(32, 7, 9)
(32, 8, 9)
(32, 9, 9)
(32, 10, 8)
(32, 11, 8)
(32, 12, 8)
(32, 13, 7)
(32, 14, 4)
(32, 15, 4)
(32, 16, 3)
(32, 17, 3)
(32, 18, 3)
(32, 19, 3)
(32, 20, 2)
(32, 21, 2)
(32, 22, 2)
(32, 23, 2)
(32, 24, 2)
(32, 25, 2)
(32, 26, 1)
(32, 27, 1)
(32, 28, 1)
(32, 29, 1)
(32, 30, 1)
(32, 31, 1)
(32, 32, 1)
(32, 33, 1)
(32, 34, 1)
(32, 35, 1)
(32, 36, 1)
(32, 37, 1)
(32, 38, 1)
(32, 39, 1)

(33, 0, 80)
(33, 1, 76)
(33, 2, 67)
(33, 3, 43)
(33, 4, 16)
(33, 5, 13)
(33, 6, 11)
(33, 7, 9)
(33, 8, 9)
(33, 9, 9)
(33, 10, 8)
(33, 11, 8)
(33, 12, 8)
(33, 13, 7)
(33, 14, 4)
(33, 15, 4)
(33, 16, 3)
(33, 17, 3)
(33, 18, 3)
(33, 19, 3)
(33, 20, 2)
(33, 21, 2)
(33, 22, 2)
(33, 23, 2)
(33, 24, 2)
(33, 25, 2)
(33, 26, 1)
(33, 27, 1)
(33, 28, 1)
(33, 29, 1)
(33, 30, 1)
(33, 31, 1)
(33, 32, 1)
(33, 33, 1)
(33, 34, 1)
(33, 35, 1)
(33, 36, 1)
(33, 37, 1)
(33, 38, 1)
(33, 39, 1)

(34, 0, 80)
(34, 1, 76)
(34, 2, 67)
(34, 3, 43)
(34, 4, 16)
(34, 5, 13)
(34, 6, 11)
(34, 7, 9)
(34, 8, 9)
(34, 9, 9)
(34, 10, 8)
(34, 11, 8)
(34, 12, 8)
(34, 13, 7)
(34, 14, 4)
(34, 15, 4)
(34, 16, 3)
(34, 17, 3)
(34, 18, 3)
(34, 19, 3)
(34, 20, 2)
(34, 21, 2)
(34, 22, 2)
(34, 23, 2)
(34, 24, 2)
(34, 25, 2)
(34, 26, 1)
(34, 27, 1)
(34, 28, 1)
(34, 29, 1)
(34, 30, 1)
(34, 31, 1)
(34, 32, 1)
(34, 33, 1)
(34, 34, 1)
(34, 35, 1)
(34, 36, 1)
(34, 37, 1)
(34, 38, 1)
(34, 39, 1)

(35, 0, 81)
(35, 1, 77)
(35, 2, 68)
(35, 3, 44)
(35, 4, 17)
(35, 5, 14)
(35, 6, 12)
(35, 7, 10)
(35, 8, 10)
(35, 9, 10)
(35, 10, 9)
(35, 11, 9)
(35, 12, 9)
(35, 13, 8)
(35, 14, 5)
(35, 15, 5)
(35, 16, 4)
(35, 17, 3)
(35, 18, 3)
(35, 19, 3)
(35, 20, 1)
(35, 21, 1)
(35, 22, 1)
(35, 23, 1)
(35, 24, 1)
(35, 25, 1)
(35, 26, 1)
(35, 27, 1)
(35, 28, 1)
(35, 29, 1)
(35, 30, 1)
(35, 31, 1)
(35, 32, 1)
(35, 33, 1)
(35, 34, 1)
(35, 35, 1)
(35, 36, 1)
(35, 37, 1)
(35, 38, 1)
(35, 39, 1)

(36, 0, 82)
(36, 1, 78)
(36, 2, 69)
(36, 3, 45)
(36, 4, 18)
(36, 5, 14)
(36, 6, 12)
(36, 7, 10)
(36, 8, 10)
(36, 9, 10)
(36, 10, 9)
(36, 11, 9)
(36, 12, 9)
(36, 13, 8)
(36, 14, 5)
(36, 15, 5)
(36, 16, 4)
(36, 17, 3)
(36, 18, 3)
(36, 19, 3)
(36, 20, 1)
(36, 21, 1)
(36, 22, 1)
(36, 23, 1)
(36, 24, 1)
(36, 25, 1)
(36, 26, 1)
(36, 27, 1)
(36, 28, 1)
(36, 29, 1)
(36, 30, 1)
(36, 31, 1)
(36, 32, 1)
(36, 33, 1)
(36, 34, 1)
(36, 35, 1)
(36, 36, 1)
(36, 37, 1)
(36, 38, 1)
(36, 39, 1)

(37, 0, 82)
(37, 1, 78)
(37, 2, 69)
(37, 3, 45)
(37, 4, 18)
(37, 5, 14)
(37, 6, 12)
(37, 7, 10)
(37, 8, 10)
(37, 9, 10)
(37, 10, 9)
(37, 11, 9)
(37, 12, 9)
(37, 13, 8)
(37, 14, 5)
(37, 15, 5)
(37, 16, 4)
(37, 17, 3)
(37, 18, 3)
(37, 19, 3)
(37, 20, 1)
(37, 21, 1)
(37, 22, 1)
(37, 23, 1)
(37, 24, 1)
(37, 25, 1)
(37, 26, 1)
(37, 27, 1)
(37, 28, 1)
(37, 29, 1)
(37, 30, 1)
(37, 31, 1)
(37, 32, 1)
(37, 33, 1)
(37, 34, 1)
(37, 35, 1)
(37, 36, 1)
(37, 37, 1)
(37, 38, 1)
(37, 39, 1)

(38, 0, 83)
(38, 1, 79)
(38, 2, 70)
(38, 3, 46)
(38, 4, 19)
(38, 5, 15)
(38, 6, 13)
(38, 7, 11)
(38, 8, 11)
(38, 9, 11)
(38, 10, 10)
(38, 11, 10)
(38, 12, 10)
(38, 13, 8)
(38, 14, 4)
(38, 15, 4)
(38, 16, 3)
(38, 17, 3)
(38, 18, 3)
(38, 19, 3)
(38, 20, 1)
(38, 21, 1)
(38, 22, 1)
(38, 23, 1)
(38, 24, 1)
(38, 25, 1)
(38, 26, 1)
(38, 27, 1)
(38, 28, 1)
(38, 29, 1)
(38, 30, 1)
(38, 31, 1)
(38, 32, 1)
(38, 33, 1)
(38, 34, 1)
(38, 35, 1)
(38, 36, 1)
(38, 37, 1)
(38, 38, 1)
(38, 39, 1)

(39, 0, 87)
(39, 1, 82)
(39, 2, 70)
(39, 3, 46)
(39, 4, 19)
(39, 5, 15)
(39, 6, 13)
(39, 7, 11)
(39, 8, 11)
(39, 9, 11)
(39, 10, 10)
(39, 11, 10)
(39, 12, 10)
(39, 13, 7)
(39, 14, 4)
(39, 15, 4)
(39, 16, 3)
(39, 17, 3)
(39, 18, 3)
(39, 19, 3)
(39, 20, 1)
(39, 21, 1)
(39, 22, 1)
(39, 23, 1)
(39, 24, 1)
(39, 25, 1)
(39, 26, 1)
(39, 27, 1)
(39, 28, 1)
(39, 29, 1)
(39, 30, 1)
(39, 31, 1)
(39, 32, 1)
(39, 33, 1)
(39, 34, 1)
(39, 35, 1)
(39, 36, 1)
(39, 37, 1)
(39, 38, 1)
(39, 39, 1)


Betti numbers:
xi_0:
(0, 0, 3)
(1, 0, 1)
(4, 0, 3)
(5, 0, 1)
(6, 0, 1)
(8, 0, 2)
(9, 0, 1)
(11, 0, 4)
(12, 0, 6)
(13, 0, 4)
(14, 0, 2)
(15, 0, 2)
(16, 0, 3)
(17, 0, 1)
(18, 0, 5)
(19, 0, 1)
(20, 0, 4)
(21, 0, 4)
(22, 0, 2)
(23, 0, 2)
(24, 0, 4)
(25, 0, 2)
(26, 0, 1)
(27, 0, 9)
(28, 0, 5)
(29, 0, 3)
(30, 0, 3)
(31, 0, 1)
(35, 0, 1)
(36, 0, 1)
(38, 0, 1)
(39, 0, 4)
xi_1:
(0, 1, 1)
(0, 2, 1)
(1, 2, 1)
(4, 1, 2)
(5, 2, 1)
(6, 14, 1)
(6, 35, 1)
(8, 5, 1)
(8, 13, 1)
(8, 22, 1)
(9, 5, 1)
(9, 20, 1)
(11, 4, 3)
(11, 19, 1)
(12, 3, 4)
(12, 4, 2)
(12, 16, 1)
(13, 3, 2)
(13, 4, 2)
(14, 3, 1)
(14, 4, 1)
(15, 3, 1)
(15, 4, 1)
(16, 3, 2)
(16, 4, 1)
(17, 4, 1)
(18, 3, 2)
(18, 4, 2)
(18, 7, 1)
(19, 4, 1)
(20, 3, 2)
(20, 7, 1)
(20, 15, 1)
(21, 2, 1)
(21, 4, 2)
(21, 5, 1)
(21, 6, 1)
(21, 14, 1)
(22, 2, 1)
(22, 3, 1)
(22, 4, 1)
(23, 3, 1)
(23, 4, 1)
(24, 3, 1)
(24, 4, 2)
(24, 7, 1)
(25, 3, 1)
(25, 4, 1)
(26, 4, 1)
(27, 3, 3)
(27, 4, 3)
(27, 6, 1)
(27, 10, 1)
(28, 1, 1)
(28, 2, 2)
(28, 3, 1)
(28, 4, 2)
(29, 2, 2)
(29, 3, 1)
(30, 3, 2)
(30, 17, 1)
(30, 26, 1)
(31, 5, 1)
(31, 14, 1)
(35, 17, 1)
(35, 20, 1)
(36, 5, 1)
(38, 13, 1)
(38, 14, 1)
(39, 1, 1)
(39, 2, 3)
(39, 13, 1)
xi_2:
(8, 35, 1)
(9, 22, 1)
(12, 19, 1)
(21, 7, 1)
(21, 15, 1)
(22, 5, 1)
(28, 3, 1)
(31, 17, 1)
(35, 26, 1)
(38, 17, 1)
(39, 14, 1)
