x-grades
-766410792212605953/800000000000000000
-376027059265739193/400000000000000000
-737697444850350819/800000000000000000
-180835192792305813/200000000000000000
-141796819497619137/160000000000000000
-347313711903484059/400000000000000000
-680270750125840551/800000000000000000
-83239259555589123/100000000000000000
-651557402763585417/800000000000000000
-12744014581649157/16000000000000000
-622844055401330283/800000000000000000
-152121845430050679/200000000000000000
-594130708039075149/800000000000000000
-289887017178973791/400000000000000000
-113083472135364003/160000000000000000
-17220646468615389/25000000000000000
-536704013314564881/800000000000000000
-261173669816718657/400000000000000000
-507990665952309747/800000000000000000
-24681699613559109/40000000000000000
-479277318590054613/800000000000000000
-232460322454463523/400000000000000000
-450563971227799479/800000000000000000
-54525912193333989/100000000000000000
-84370124773108869/160000000000000000
-203746975092208389/400000000000000000
-393137276503289211/800000000000000000
-94695150705540411/200000000000000000
-364423929141034077/800000000000000000
-35006725545990651/80000000000000000
-335710581778778943/800000000000000000
-20084619256103211/50000000000000000
-306997234416523809/800000000000000000
-146320280367698121/400000000000000000
-11131355482170747/32000000000000000
-65981803343285277/200000000000000000
-249570539692013541/800000000000000000
-117606933005442987/400000000000000000
-220857192329758407/800000000000000000
-5162512966215771/20000000000000000

y-grades
4996573/20000000
4996573/10000000
14989719/20000000
4996573/5000000
4996573/4000000
14989719/10000000
34976011/20000000
4996573/2500000
44969157/20000000
4996573/2000000
54962303/20000000
14989719/5000000
64955449/20000000
34976011/10000000
14989719/4000000
4996573/1250000
84941741/20000000
44969157/10000000
94934887/20000000
4996573/1000000
104928033/20000000
54962303/10000000
114921179/20000000
14989719/2500000
4996573/800000
64955449/10000000
134907471/20000000
34976011/5000000
144900617/20000000
14989719/2000000
154893763/20000000
4996573/625000
164886909/20000000
84941741/10000000
34976011/4000000
44969157/5000000
184873201/20000000
94934887/10000000
194866347/20000000
4996573/500000

Dimensions > 0:
(0, 0, 9)
(0, 1, 2)
(0, 2, 1)
(0, 3, 1)
(0, 4, 1)
(0, 5, 1)
(0, 6, 1)
(0, 7, 1)
(0, 8, 1)
(0, 9, 1)
(0, 10, 1)
(0, 11, 1)
(0, 12, 1)
(0, 13, 1)
(0, 14, 1)
(0, 15, 1)
(0, 16, 1)
(0, 17, 1)
(0, 18, 1)
(0, 19, 1)
(0, 20, 1)
(0, 21, 1)
(0, 22, 1)
(0, 23, 1)
(0, 24, 1)
(0, 25, 1)
(0, 26, 1)
(0, 27, 1)
(0, 28, 1)
(0, 29, 1)
(0, 30, 1)
(0, 31, 1)
(0, 32, 1)
(0, 33, 1)
(0, 34, 1)
(0, 35, 1)
(0, 36, 1)
(0, 37, 1)
(0, 38, 1)
(0, 39, 1)

(1, 0, 19)
(1, 1, 3)
(1, 2, 2)
(1, 3, 2)
(1, 4, 2)
(1, 5, 2)
(1, 6, 2)
(1, 7, 2)
(1, 8, 2)
(1, 9, 2)
(1, 10, 2)
(1, 11, 2)
(1, 12, 2)
(1, 13, 2)
(1, 14, 2)
(1, 15, 2)
(1, 16, 2)
(1, 17, 2)
(1, 18, 2)
(1, 19, 2)
(1, 20, 2)
(1, 21, 2)
(1, 22, 2)
(1, 23, 2)
(1, 24, 2)
(1, 25, 2)
(1, 26, 2)
(1, 27, 2)
(1, 28, 2)
(1, 29, 2)
(1, 30, 2)
(1, 31, 2)
(1, 32, 2)
(1, 33, 2)
(1, 34, 2)
(1, 35, 2)
(1, 36, 2)
(1, 37, 2)
(1, 38, 2)
(1, 39, 2)

(2, 0, 28)
(2, 1, 3)
(2, 2, 2)
(2, 3, 2)
(2, 4, 2)
(2, 5, 2)
(2, 6, 2)
(2, 7, 2)
(2, 8, 2)
(2, 9, 2)
(2, 10, 2)
(2, 11, 2)
(2, 12, 2)
(2, 13, 2)
(2, 14, 2)
(2, 15, 2)
(2, 16, 2)
(2, 17, 2)
(2, 18, 2)
(2, 19, 2)
(2, 20, 2)
(2, 21, 2)
(2, 22, 2)
(2, 23, 2)
(2, 24, 2)
(2, 25, 2)
(2, 26, 2)
(2, 27, 2)
(2, 28, 2)
(2, 29, 2)
(2, 30, 2)
(2, 31, 2)
(2, 32, 2)
(2, 33, 2)
(2, 34, 2)
(2, 35, 2)
(2, 36, 2)
(2, 37, 2)
(2, 38, 2)
(2, 39, 2)

(3, 0, 36)
(3, 1, 4)
(3, 2, 2)
(3, 3, 2)
(3, 4, 2)
(3, 5, 2)
(3, 6, 2)
(3, 7, 2)
(3, 8, 2)
(3, 9, 2)
(3, 10, 2)
(3, 11, 2)
(3, 12, 2)
(3, 13, 2)
(3, 14, 2)
(3, 15, 2)
(3, 16, 2)
(3, 17, 2)
(3, 18, 2)
(3, 19, 2)
(3, 20, 2)
(3, 21, 2)
(3, 22, 2)
(3, 23, 2)
(3, 24, 2)
(3, 25, 2)
(3, 26, 2)
(3, 27, 2)
(3, 28, 2)
(3, 29, 2)
(3, 30, 2)
(3, 31, 2)
(3, 32, 2)
(3, 33, 2)
(3, 34, 2)
(3, 35, 2)
(3, 36, 2)
(3, 37, 2)
(3, 38, 2)
(3, 39, 2)

(4, 0, 39)
(4, 1, 4)
(4, 2, 2)
(4, 3, 2)
(4, 4, 2)
(4, 5, 2)
(4, 6, 2)
(4, 7, 2)
(4, 8, 2)
(4, 9, 2)
(4, 10, 2)
(4, 11, 2)
(4, 12, 2)
(4, 13, 2)
(4, 14, 2)
(4, 15, 2)
(4, 16, 2)
(4, 17, 2)
(4, 18, 2)
(4, 19, 2)
(4, 20, 2)
(4, 21, 2)
(4, 22, 2)
(4, 23, 2)
(4, 24, 2)
(4, 25, 2)
(4, 26, 2)
(4, 27, 2)
(4, 28, 2)
(4, 29, 2)
(4, 30, 2)
(4, 31, 2)
(4, 32, 2)
(4, 33, 2)
(4, 34, 2)
(4, 35, 2)
(4, 36, 2)
(4, 37, 2)
(4, 38, 2)
(4, 39, 2)

(5, 0, 42)
(5, 1, 6)
(5, 2, 3)
(5, 3, 3)
(5, 4, 3)
(5, 5, 2)
(5, 6, 2)
(5, 7, 2)
(5, 8, 2)
(5, 9, 2)
(5, 10, 2)
(5, 11, 2)
(5, 12, 2)
(5, 13, 2)
(5, 14, 2)
(5, 15, 2)
(5, 16, 2)
(5, 17, 2)
(5, 18, 2)
(5, 19, 2)
(5, 20, 2)
(5, 21, 2)
(5, 22, 2)
(5, 23, 2)
(5, 24, 2)
(5, 25, 2)
(5, 26, 2)
(5, 27, 2)
(5, 28, 2)
(5, 29, 2)
(5, 30, 2)
(5, 31, 2)
(5, 32, 2)
(5, 33, 2)
(5, 34, 2)
(5, 35, 2)
(5, 36, 2)
(5, 37, 2)
(5, 38, 2)
(5, 39, 2)

(6, 0, 43)
(6, 1, 6)
(6, 2, 3)
(6, 3, 3)
(6, 4, 3)
(6, 5, 2)
(6, 6, 2)
(6, 7, 2)
(6, 8, 2)
(6, 9, 2)
(6, 10, 2)
(6, 11, 2)
(6, 12, 2)
(6, 13, 2)
(6, 14, 2)
(6, 15, 2)
(6, 16, 2)
(6, 17, 2)
(6, 18, 2)
(6, 19, 2)
(6, 20, 2)
(6, 21, 2)
(6, 22, 2)
(6, 23, 2)
(6, 24, 2)
(6, 25, 2)
(6, 26, 2)
(6, 27, 2)
(6, 28, 2)
(6, 29, 2)
(6, 30, 2)
(6, 31, 2)
(6, 32, 2)
(6, 33, 2)
(6, 34, 2)
(6, 35, 2)
(6, 36, 2)
(6, 37, 2)
(6, 38, 2)
(6, 39, 2)

(7, 0, 45)
(7, 1, 8)
(7, 2, 5)
(7, 3, 5)
(7, 4, 5)
(7, 5, 3)
(7, 6, 2)
(7, 7, 2)
(7, 8, 2)
(7, 9, 2)
(7, 10, 2)
(7, 11, 2)
(7, 12, 2)
(7, 13, 2)
(7, 14, 2)
(7, 15, 2)
(7, 16, 2)
(7, 17, 2)
(7, 18, 2)
(7, 19, 2)
(7, 20, 2)
(7, 21, 2)
(7, 22, 2)
(7, 23, 2)
(7, 24, 2)
(7, 25, 2)
(7, 26, 2)
(7, 27, 2)
(7, 28, 2)
(7, 29, 2)
(7, 30, 2)
(7, 31, 2)
(7, 32, 2)
(7, 33, 2)
(7, 34, 2)
(7, 35, 2)
(7, 36, 2)
(7, 37, 2)
(7, 38, 2)
(7, 39, 2)

(8, 0, 45)
(8, 1, 8)
(8, 2, 5)
(8, 3, 5)
(8, 4, 5)
(8, 5, 3)
(8, 6, 2)
(8, 7, 2)
(8, 8, 2)
(8, 9, 2)
(8, 10, 2)
(8, 11, 2)
(8, 12, 2)
(8, 13, 2)
(8, 14, 2)
(8, 15, 2)
(8, 16, 2)
(8, 17, 2)
(8, 18, 2)
(8, 19, 2)
(8, 20, 2)
(8, 21, 2)
(8, 22, 2)
(8, 23, 2)
(8, 24, 2)
(8, 25, 2)
(8, 26, 2)
(8, 27, 2)
(8, 28, 2)
(8, 29, 2)
(8, 30, 2)
(8, 31, 2)
(8, 32, 2)
(8, 33, 2)
(8, 34, 2)
(8, 35, 2)
(8, 36, 2)
(8, 37, 2)
(8, 38, 2)
(8, 39, 2)

(9, 0, 47)
(9, 1, 10)
(9, 2, 7)
(9, 3, 7)
(9, 4, 7)
(9, 5, 5)
(9, 6, 2)
(9, 7, 2)
(9, 8, 2)
(9, 9, 2)
(9, 10, 2)
(9, 11, 2)
(9, 12, 2)
(9, 13, 2)
(9, 14, 2)
(9, 15, 2)
(9, 16, 2)
(9, 17, 2)
(9, 18, 2)
(9, 19, 2)
(9, 20, 2)
(9, 21, 2)
(9, 22, 2)
(9, 23, 2)
(9, 24, 2)
(9, 25, 2)
(9, 26, 2)
(9, 27, 2)
(9, 28, 2)
(9, 29, 2)
(9, 30, 2)
(9, 31, 2)
(9, 32, 2)
(9, 33, 2)
(9, 34, 2)
(9, 35, 2)
(9, 36, 2)
(9, 37, 2)
(9, 38, 2)
(9, 39, 2)

(10, 0, 47)
(10, 1, 10)
(10, 2, 7)
(10, 3, 7)
(10, 4, 7)
(10, 5, 5)
(10, 6, 2)
(10, 7, 2)
(10, 8, 2)
(10, 9, 2)
(10, 10, 2)
(10, 11, 2)
(10, 12, 2)
(10, 13, 2)
(10, 14, 2)
(10, 15, 2)
(10, 16, 2)
(10, 17, 2)
(10, 18, 2)
(10, 19, 2)
(10, 20, 2)
(10, 21, 2)
(10, 22, 2)
(10, 23, 2)
(10, 24, 2)
(10, 25, 2)
(10, 26, 2)
(10, 27, 2)
(10, 28, 2)
(10, 29, 2)
(10, 30, 2)
(10, 31, 2)
(10, 32, 2)
(10, 33, 2)
(10, 34, 2)
(10, 35, 2)
(10, 36, 2)
(10, 37, 2)
(10, 38, 2)
(10, 39, 2)

(11, 0, 49)
(11, 1, 12)
(11, 2, 9)
(11, 3, 8)
(11, 4, 8)
(11, 5, 6)
(11, 6, 3)
(11, 7, 3)
(11, 8, 3)
(11, 9, 3)
(11, 10, 3)
(11, 11, 3)
(11, 12, 3)
(11, 13, 3)
(11, 14, 3)
(11, 15, 3)
(11, 16, 3)
(11, 17, 3)
(11, 18, 3)
(11, 19, 3)
(11, 20, 3)
(11, 21, 3)
(11, 22, 3)
(11, 23, 3)
(11, 24, 3)
(11, 25, 3)
(11, 26, 3)
(11, 27, 3)
(11, 28, 3)
(11, 29, 3)
(11, 30, 3)
(11, 31, 3)
(11, 32, 3)
(11, 33, 3)
(11, 34, 3)
(11, 35, 3)
(11, 36, 3)
(11, 37, 3)
(11, 38, 3)
(11, 39, 3)

(12, 0, 53)
(12, 1, 16)
(12, 2, 13)
(12, 3, 12)
(12, 4, 10)
(12, 5, 8)
(12, 6, 3)
(12, 7, 3)
(12, 8, 3)
(12, 9, 3)
(12, 10, 3)
(12, 11, 3)
(12, 12, 3)
(12, 13, 3)
(12, 14, 3)
(12, 15, 3)
(12, 16, 3)
(12, 17, 3)
(12, 18, 3)
(12, 19, 3)
(12, 20, 3)
(12, 21, 3)
(12, 22, 3)
(12, 23, 3)
(12, 24, 3)
(12, 25, 3)
(12, 26, 3)
(12, 27, 3)
(12, 28, 3)
(12, 29, 3)
(12, 30, 3)
(12, 31, 3)
(12, 32, 3)
(12, 33, 3)
(12, 34, 3)
(12, 35, 3)
(12, 36, 3)
(12, 37, 3)
(12, 38, 3)
(12, 39, 3)

(13, 0, 53)
(13, 1, 16)
(13, 2, 13)
(13, 3, 12)
(13, 4, 10)
(13, 5, 8)
(13, 6, 3)
(13, 7, 3)
(13, 8, 3)
(13, 9, 3)
(13, 10, 3)
(13, 11, 3)
(13, 12, 3)
(13, 13, 3)
(13, 14, 3)
(13, 15, 3)
(13, 16, 3)
(13, 17, 3)
(13, 18, 3)
(13, 19, 3)
(13, 20, 3)
(13, 21, 3)
(13, 22, 3)
(13, 23, 3)
(13, 24, 3)
(13, 25, 3)
(13, 26, 3)
(13, 27, 3)
(13, 28, 3)
(13, 29, 3)
(13, 30, 3)
(13, 31, 3)
(13, 32, 3)
(13, 33, 3)
(13, 34, 3)
(13, 35, 3)
(13, 36, 3)
(13, 37, 3)
(13, 38, 3)
(13, 39, 3)

(14, 0, 57)
(14, 1, 20)
(14, 2, 17)
(14, 3, 15)
(14, 4, 13)
(14, 5, 11)
(14, 6, 4)
(14, 7, 4)
(14, 8, 4)
(14, 9, 4)
(14, 10, 4)
(14, 11, 4)
(14, 12, 4)
(14, 13, 4)
(14, 14, 4)
(14, 15, 4)
(14, 16, 4)
(14, 17, 4)
(14, 18, 4)
(14, 19, 4)
(14, 20, 4)
(14, 21, 4)
(14, 22, 4)
(14, 23, 4)
(14, 24, 4)
(14, 25, 4)
(14, 26, 4)
(14, 27, 4)
(14, 28, 4)
(14, 29, 4)
(14, 30, 4)
(14, 31, 4)
(14, 32, 4)
(14, 33, 4)
(14, 34, 4)
(14, 35, 4)
(14, 36, 4)
(14, 37, 4)
(14, 38, 4)
(14, 39, 4)

(15, 0, 60)
(15, 1, 23)
(15, 2, 20)
(15, 3, 18)
(15, 4, 14)
(15, 5, 12)
(15, 6, 5)
(15, 7, 5)
(15, 8, 5)
(15, 9, 5)
(15, 10, 5)
(15, 11, 5)
(15, 12, 5)
(15, 13, 5)
(15, 14, 5)
(15, 15, 5)
(15, 16, 5)
(15, 17, 5)
(15, 18, 5)
(15, 19, 5)
(15, 20, 5)
(15, 21, 5)
(15, 22, 5)
(15, 23, 5)
(15, 24, 5)
(15, 25, 5)
(15, 26, 5)
(15, 27, 5)
(15, 28, 5)
(15, 29, 5)
(15, 30, 5)
(15, 31, 5)
(15, 32, 5)
(15, 33, 5)
(15, 34, 5)
(15, 35, 5)
(15, 36, 5)
(15, 37, 5)
(15, 38, 5)
(15, 39, 5)

(16, 0, 63)
(16, 1, 26)
(16, 2, 23)
(16, 3, 21)
(16, 4, 17)
(16, 5, 13)
(16, 6, 5)
(16, 7, 5)
(16, 8, 5)
(16, 9, 5)
(16, 10, 5)
(16, 11, 5)
(16, 12, 5)
(16, 13, 5)
(16, 14, 5)
(16, 15, 5)
(16, 16, 5)
(16, 17, 5)
(16, 18, 5)
(16, 19, 5)
(16, 20, 5)
(16, 21, 5)
(16, 22, 5)
(16, 23, 5)
(16, 24, 5)
(16, 25, 5)
(16, 26, 5)
(16, 27, 5)
(16, 28, 5)
(16, 29, 5)
(16, 30, 5)
(16, 31, 5)
(16, 32, 5)
(16, 33, 5)
(16, 34, 5)
(16, 35, 5)
(16, 36, 5)
(16, 37, 5)
(16, 38, 5)
(16, 39, 5)

(17, 0, 66)
(17, 1, 29)
(17, 2, 26)
(17, 3, 24)
(17, 4, 20)
(17, 5, 15)
(17, 6, 6)
(17, 7, 6)
(17, 8, 6)
(17, 9, 6)
(17, 10, 6)
(17, 11, 6)
(17, 12, 6)
(17, 13, 6)
(17, 14, 6)
(17, 15, 6)
(17, 16, 6)
(17, 17, 6)
(17, 18, 6)
(17, 19, 6)
(17, 20, 6)
(17, 21, 6)
(17, 22, 6)
(17, 23, 6)
(17, 24, 6)
(17, 25, 6)
(17, 26, 6)
(17, 27, 5)
(17, 28, 5)
(17, 29, 5)
(17, 30, 5)
(17, 31, 5)
(17, 32, 5)
(17, 33, 5)
(17, 34, 5)
(17, 35, 5)
(17, 36, 5)
(17, 37, 5)
(17, 38, 5)
(17, 39, 5)

(18, 0, 68)
(18, 1, 31)
(18, 2, 28)
(18, 3, 26)
(18, 4, 22)
(18, 5, 16)
(18, 6, 6)
(18, 7, 6)
(18, 8, 6)
(18, 9, 6)
(18, 10, 6)
(18, 11, 6)
(18, 12, 6)
(18, 13, 6)
(18, 14, 6)
(18, 15, 6)
(18, 16, 6)
(18, 17, 6)
(18, 18, 6)
(18, 19, 6)
(18, 20, 6)
(18, 21, 6)
(18, 22, 6)
(18, 23, 6)
(18, 24, 6)
(18, 25, 6)
(18, 26, 6)
(18, 27, 5)
(18, 28, 5)
(18, 29, 5)
(18, 30, 5)
(18, 31, 5)
(18, 32, 5)
(18, 33, 5)
(18, 34, 5)
(18, 35, 5)
(18, 36, 5)
(18, 37, 5)
(18, 38, 5)
(18, 39, 5)

(19, 0, 74)
(19, 1, 37)
(19, 2, 34)
(19, 3, 32)
(19, 4, 28)
(19, 5, 19)
(19, 6, 7)
(19, 7, 7)
(19, 8, 7)
(19, 9, 7)
(19, 10, 7)
(19, 11, 7)
(19, 12, 7)
(19, 13, 7)
(19, 14, 7)
(19, 15, 7)
(19, 16, 7)
(19, 17, 7)
(19, 18, 7)
(19, 19, 7)
(19, 20, 7)
(19, 21, 7)
(19, 22, 7)
(19, 23, 7)
(19, 24, 7)
(19, 25, 7)
(19, 26, 7)
(19, 27, 6)
(19, 28, 6)
(19, 29, 6)
(19, 30, 6)
(19, 31, 6)
(19, 32, 6)
(19, 33, 6)
(19, 34, 6)
(19, 35, 6)
(19, 36, 6)
(19, 37, 6)
(19, 38, 6)
(19, 39, 6)

(20, 0, 77)
(20, 1, 40)
(20, 2, 37)
(20, 3, 35)
(20, 4, 31)
(20, 5, 20)
(20, 6, 8)
(20, 7, 8)
(20, 8, 8)
(20, 9, 8)
(20, 10, 8)
(20, 11, 8)
(20, 12, 8)
(20, 13, 8)
(20, 14, 8)
(20, 15, 8)
(20, 16, 8)
(20, 17, 8)
(20, 18, 8)
(20, 19, 8)
(20, 20, 8)
(20, 21, 8)
(20, 22, 8)
(20, 23, 7)
(20, 24, 7)
(20, 25, 7)
(20, 26, 7)
(20, 27, 6)
(20, 28, 6)
(20, 29, 6)
(20, 30, 6)
(20, 31, 6)
(20, 32, 6)
(20, 33, 6)
(20, 34, 6)
(20, 35, 6)
(20, 36, 6)
(20, 37, 6)
(20, 38, 6)
(20, 39, 6)

(21, 0, 82)
(21, 1, 45)
(21, 2, 41)
(21, 3, 39)
(21, 4, 35)
(21, 5, 24)
(21, 6, 10)
(21, 7, 10)
(21, 8, 10)
(21, 9, 10)
(21, 10, 10)
(21, 11, 10)
(21, 12, 10)
(21, 13, 10)
(21, 14, 10)
(21, 15, 10)
(21, 16, 10)
(21, 17, 10)
(21, 18, 10)
(21, 19, 10)
(21, 20, 10)
(21, 21, 10)
(21, 22, 9)
(21, 23, 8)
(21, 24, 8)
(21, 25, 8)
(21, 26, 8)
(21, 27, 5)
(21, 28, 5)
(21, 29, 5)
(21, 30, 5)
(21, 31, 5)
(21, 32, 5)
(21, 33, 5)
(21, 34, 5)
(21, 35, 5)
(21, 36, 5)
(21, 37, 5)
(21, 38, 5)
(21, 39, 5)

(22, 0, 85)
(22, 1, 48)
(22, 2, 44)
(22, 3, 42)
(22, 4, 38)
(22, 5, 25)
(22, 6, 10)
(22, 7, 10)
(22, 8, 10)
(22, 9, 10)
(22, 10, 10)
(22, 11, 10)
(22, 12, 10)
(22, 13, 10)
(22, 14, 10)
(22, 15, 10)
(22, 16, 9)
(22, 17, 9)
(22, 18, 9)
(22, 19, 9)
(22, 20, 9)
(22, 21, 9)
(22, 22, 9)
(22, 23, 8)
(22, 24, 8)
(22, 25, 8)
(22, 26, 8)
(22, 27, 5)
(22, 28, 5)
(22, 29, 5)
(22, 30, 5)
(22, 31, 5)
(22, 32, 5)
(22, 33, 5)
(22, 34, 5)
(22, 35, 5)
(22, 36, 5)
(22, 37, 5)
(22, 38, 5)
(22, 39, 5)

(23, 0, 92)
(23, 1, 55)
(23, 2, 50)
(23, 3, 47)
(23, 4, 43)
(23, 5, 27)
(23, 6, 10)
(23, 7, 10)
(23, 8, 10)
(23, 9, 10)
(23, 10, 10)
(23, 11, 10)
(23, 12, 9)
(23, 13, 9)
(23, 14, 9)
(23, 15, 9)
(23, 16, 9)
(23, 17, 9)
(23, 18, 9)
(23, 19, 9)
(23, 20, 9)
(23, 21, 9)
(23, 22, 9)
(23, 23, 8)
(23, 24, 8)
(23, 25, 8)
(23, 26, 8)
(23, 27, 5)
(23, 28, 5)
(23, 29, 5)
(23, 30, 5)
(23, 31, 5)
(23, 32, 5)
(23, 33, 5)
(23, 34, 5)
(23, 35, 5)
(23, 36, 5)
(23, 37, 5)
(23, 38, 5)
(23, 39, 5)

(24, 0, 96)
(24, 1, 58)
(24, 2, 53)
(24, 3, 49)
(24, 4, 45)
(24, 5, 27)
(24, 6, 10)
(24, 7, 10)
(24, 8, 10)
(24, 9, 10)
(24, 10, 9)
(24, 11, 9)
(24, 12, 9)
(24, 13, 9)
(24, 14, 9)
(24, 15, 9)
(24, 16, 9)
(24, 17, 9)
(24, 18, 9)
(24, 19, 9)
(24, 20, 9)
(24, 21, 9)
(24, 22, 9)
(24, 23, 8)
(24, 24, 7)
(24, 25, 7)
(24, 26, 7)
(24, 27, 5)
(24, 28, 5)
(24, 29, 5)
(24, 30, 5)
(24, 31, 5)
(24, 32, 5)
(24, 33, 5)
(24, 34, 5)
(24, 35, 5)
(24, 36, 5)
(24, 37, 5)
(24, 38, 5)
(24, 39, 5)

(25, 0, 100)
(25, 1, 62)
(25, 2, 57)
(25, 3, 52)
(25, 4, 48)
(25, 5, 30)
(25, 6, 12)
(25, 7, 12)
(25, 8, 12)
(25, 9, 12)
(25, 10, 11)
(25, 11, 11)
(25, 12, 11)
(25, 13, 11)
(25, 14, 11)
(25, 15, 11)
(25, 16, 11)
(25, 17, 11)
(25, 18, 11)
(25, 19, 11)
(25, 20, 11)
(25, 21, 11)
(25, 22, 11)
(25, 23, 8)
(25, 24, 8)
(25, 25, 8)
(25, 26, 8)
(25, 27, 6)
(25, 28, 6)
(25, 29, 6)
(25, 30, 6)
(25, 31, 6)
(25, 32, 6)
(25, 33, 6)
(25, 34, 6)
(25, 35, 5)
(25, 36, 5)
(25, 37, 5)
(25, 38, 5)
(25, 39, 5)

(26, 0, 106)
(26, 1, 67)
(26, 2, 62)
(26, 3, 55)
(26, 4, 51)
(26, 5, 32)
(26, 6, 14)
(26, 7, 13)
(26, 8, 13)
(26, 9, 13)
(26, 10, 12)
(26, 11, 12)
(26, 12, 12)
(26, 13, 12)
(26, 14, 12)
(26, 15, 12)
(26, 16, 12)
(26, 17, 12)
(26, 18, 12)
(26, 19, 12)
(26, 20, 12)
(26, 21, 12)
(26, 22, 10)
(26, 23, 8)
(26, 24, 8)
(26, 25, 8)
(26, 26, 8)
(26, 27, 5)
(26, 28, 5)
(26, 29, 5)
(26, 30, 5)
(26, 31, 5)
(26, 32, 5)
(26, 33, 5)
(26, 34, 5)
(26, 35, 4)
(26, 36, 4)
(26, 37, 4)
(26, 38, 4)
(26, 39, 4)

(27, 0, 109)
(27, 1, 70)
(27, 2, 65)
(27, 3, 57)
(27, 4, 53)
(27, 5, 34)
(27, 6, 15)
(27, 7, 13)
(27, 8, 13)
(27, 9, 13)
(27, 10, 12)
(27, 11, 12)
(27, 12, 12)
(27, 13, 12)
(27, 14, 12)
(27, 15, 12)
(27, 16, 11)
(27, 17, 11)
(27, 18, 11)
(27, 19, 11)
(27, 20, 11)
(27, 21, 11)
(27, 22, 10)
(27, 23, 8)
(27, 24, 8)
(27, 25, 8)
(27, 26, 8)
(27, 27, 5)
(27, 28, 5)
(27, 29, 5)
(27, 30, 5)
(27, 31, 5)
(27, 32, 5)
(27, 33, 5)
(27, 34, 5)
(27, 35, 4)
(27, 36, 4)
(27, 37, 4)
(27, 38, 4)
(27, 39, 4)

(28, 0, 117)
(28, 1, 77)
(28, 2, 70)
(28, 3, 61)
(28, 4, 57)
(28, 5, 36)
(28, 6, 16)
(28, 7, 13)
(28, 8, 13)
(28, 9, 13)
(28, 10, 12)
(28, 11, 12)
(28, 12, 11)
(28, 13, 11)
(28, 14, 11)
(28, 15, 11)
(28, 16, 11)
(28, 17, 11)
(28, 18, 11)
(28, 19, 11)
(28, 20, 11)
(28, 21, 11)
(28, 22, 10)
(28, 23, 8)
(28, 24, 8)
(28, 25, 8)
(28, 26, 8)
(28, 27, 5)
(28, 28, 5)
(28, 29, 5)
(28, 30, 5)
(28, 31, 5)
(28, 32, 5)
(28, 33, 5)
(28, 34, 5)
(28, 35, 4)
(28, 36, 4)
(28, 37, 4)
(28, 38, 4)
(28, 39, 4)

(29, 0, 122)
(29, 1, 77)
(29, 2, 70)
(29, 3, 61)
(29, 4, 57)
(29, 5, 36)
(29, 6, 16)
(29, 7, 13)
(29, 8, 13)
(29, 9, 13)
(29, 10, 12)
(29, 11, 12)
(29, 12, 11)
(29, 13, 11)
(29, 14, 11)
(29, 15, 11)
(29, 16, 11)
(29, 17, 11)
(29, 18, 11)
(29, 19, 11)
(29, 20, 11)
(29, 21, 11)
(29, 22, 10)
(29, 23, 8)
(29, 24, 8)
(29, 25, 8)
(29, 26, 8)
(29, 27, 5)
(29, 28, 5)
(29, 29, 5)
(29, 30, 5)
(29, 31, 5)
(29, 32, 5)
(29, 33, 5)
(29, 34, 5)
(29, 35, 4)
(29, 36, 4)
(29, 37, 4)
(29, 38, 4)
(29, 39, 4)

(30, 0, 132)
(30, 1, 80)
(30, 2, 73)
(30, 3, 63)
(30, 4, 59)
(30, 5, 37)
(30, 6, 17)
(30, 7, 14)
(30, 8, 14)
(30, 9, 14)
(30, 10, 12)
(30, 11, 12)
(30, 12, 12)
(30, 13, 12)
(30, 14, 12)
(30, 15, 12)
(30, 16, 12)
(30, 17, 12)
(30, 18, 12)
(30, 19, 12)
(30, 20, 12)
(30, 21, 12)
(30, 22, 11)
(30, 23, 9)
(30, 24, 9)
(30, 25, 9)
(30, 26, 8)
(30, 27, 6)
(30, 28, 6)
(30, 29, 6)
(30, 30, 6)
(30, 31, 6)
(30, 32, 6)
(30, 33, 6)
(30, 34, 6)
(30, 35, 4)
(30, 36, 4)
(30, 37, 4)
(30, 38, 3)
(30, 39, 3)

(31, 0, 136)
(31, 1, 84)
(31, 2, 77)
(31, 3, 66)
(31, 4, 62)
(31, 5, 40)
(31, 6, 20)
(31, 7, 15)
(31, 8, 15)
(31, 9, 15)
(31, 10, 13)
(31, 11, 13)
(31, 12, 13)
(31, 13, 13)
(31, 14, 13)
(31, 15, 13)
(31, 16, 13)
(31, 17, 13)
(31, 18, 13)
(31, 19, 13)
(31, 20, 13)
(31, 21, 13)
(31, 22, 12)
(31, 23, 10)
(31, 24, 9)
(31, 25, 9)
(31, 26, 9)
(31, 27, 7)
(31, 28, 7)
(31, 29, 7)
(31, 30, 5)
(31, 31, 5)
(31, 32, 5)
(31, 33, 5)
(31, 34, 5)
(31, 35, 3)
(31, 36, 3)
(31, 37, 3)
(31, 38, 3)
(31, 39, 3)

(32, 0, 139)
(32, 1, 87)
(32, 2, 80)
(32, 3, 68)
(32, 4, 64)
(32, 5, 42)
(32, 6, 22)
(32, 7, 15)
(32, 8, 15)
(32, 9, 15)
(32, 10, 13)
(32, 11, 13)
(32, 12, 13)
(32, 13, 13)
(32, 14, 13)
(32, 15, 13)
(32, 16, 13)
(32, 17, 13)
(32, 18, 13)
(32, 19, 13)
(32, 20, 13)
(32, 21, 13)
(32, 22, 12)
(32, 23, 8)
(32, 24, 8)
(32, 25, 8)
(32, 26, 8)
(32, 27, 6)
(32, 28, 6)
(32, 29, 6)
(32, 30, 5)
(32, 31, 5)
(32, 32, 5)
(32, 33, 5)
(32, 34, 5)
(32, 35, 3)
(32, 36, 3)
(32, 37, 3)
(32, 38, 3)
(32, 39, 3)

(33, 0, 143)
(33, 1, 91)
(33, 2, 84)
(33, 3, 71)
(33, 4, 67)
(33, 5, 45)
(33, 6, 25)
(33, 7, 16)
(33, 8, 16)
(33, 9, 16)
(33, 10, 14)
(33, 11, 14)
(33, 12, 13)
(33, 13, 13)
(33, 14, 13)
(33, 15, 13)
(33, 16, 13)
(33, 17, 13)
(33, 18, 13)
(33, 19, 13)
(33, 20, 13)
(33, 21, 13)
(33, 22, 11)
(33, 23, 8)
(33, 24, 8)
(33, 25, 8)
(33, 26, 8)
(33, 27, 6)
(33, 28, 6)
(33, 29, 6)
(33, 30, 5)
(33, 31, 5)
(33, 32, 5)
(33, 33, 5)
(33, 34, 5)
(33, 35, 3)
(33, 36, 3)
(33, 37, 3)
(33, 38, 3)
(33, 39, 3)

(34, 0, 144)
(34, 1, 92)
(34, 2, 85)
(34, 3, 71)
(34, 4, 67)
(34, 5, 45)
(34, 6, 25)
(34, 7, 16)
(34, 8, 16)
(34, 9, 16)
(34, 10, 14)
(34, 11, 14)
(34, 12, 13)
(34, 13, 13)
(34, 14, 13)
(34, 15, 13)
(34, 16, 13)
(34, 17, 13)
(34, 18, 13)
(34, 19, 13)
(34, 20, 13)
(34, 21, 13)
(34, 22, 11)
(34, 23, 8)
(34, 24, 8)
(34, 25, 8)
(34, 26, 8)
(34, 27, 6)
(34, 28, 6)
(34, 29, 6)
(34, 30, 5)
(34, 31, 5)
(34, 32, 5)
(34, 33, 5)
(34, 34, 5)
(34, 35, 3)
(34, 36, 3)
(34, 37, 3)
(34, 38, 3)
(34, 39, 3)

(35, 0, 147)
(35, 1, 94)
(35, 2, 87)
(35, 3, 72)
(35, 4, 68)
(35, 5, 46)
(35, 6, 26)
(35, 7, 17)
(35, 8, 17)
(35, 9, 17)
(35, 10, 15)
(35, 11, 15)
(35, 12, 14)
(35, 13, 14)
(35, 14, 14)
(35, 15, 14)
(35, 16, 14)
(35, 17, 14)
(35, 18, 14)
(35, 19, 14)
(35, 20, 14)
(35, 21, 14)
(35, 22, 12)
(35, 23, 9)
(35, 24, 9)
(35, 25, 9)
(35, 26, 9)
(35, 27, 7)
(35, 28, 7)
(35, 29, 7)
(35, 30, 6)
(35, 31, 6)
(35, 32, 6)
(35, 33, 6)
(35, 34, 6)
(35, 35, 4)
(35, 36, 4)
(35, 37, 4)
(35, 38, 4)
(35, 39, 4)

(36, 0, 149)
(36, 1, 96)
(36, 2, 89)
(36, 3, 73)
(36, 4, 69)
(36, 5, 47)
(36, 6, 27)
(36, 7, 18)
(36, 8, 18)
(36, 9, 18)
(36, 10, 16)
(36, 11, 16)
(36, 12, 14)
(36, 13, 14)
(36, 14, 14)
(36, 15, 14)
(36, 16, 14)
(36, 17, 14)
(36, 18, 14)
(36, 19, 14)
(36, 20, 14)
(36, 21, 14)
(36, 22, 12)
(36, 23, 9)
(36, 24, 9)
(36, 25, 9)
(36, 26, 9)
(36, 27, 7)
(36, 28, 7)
(36, 29, 7)
(36, 30, 5)
(36, 31, 5)
(36, 32, 5)
(36, 33, 5)
(36, 34, 5)
(36, 35, 3)
(36, 36, 3)
(36, 37, 3)
(36, 38, 3)
(36, 39, 3)

(37, 0, 155)
(37, 1, 98)
(37, 2, 90)
(37, 3, 74)
(37, 4, 70)
(37, 5, 48)
(37, 6, 28)
(37, 7, 18)
(37, 8, 18)
(37, 9, 18)
(37, 10, 16)
(37, 11, 16)
(37, 12, 14)
(37, 13, 14)
(37, 14, 14)
(37, 15, 14)
(37, 16, 14)
(37, 17, 14)
(37, 18, 14)
(37, 19, 14)
(37, 20, 14)
(37, 21, 14)
(37, 22, 12)
(37, 23, 9)
(37, 24, 9)
(37, 25, 9)
(37, 26, 9)
(37, 27, 7)
(37, 28, 7)
(37, 29, 7)
(37, 30, 5)
(37, 31, 5)
(37, 32, 5)
(37, 33, 5)
(37, 34, 5)
(37, 35, 3)
(37, 36, 2)
(37, 37, 2)
(37, 38, 2)
(37, 39, 2)

(38, 0, 165)
(38, 1, 99)
(38, 2, 91)
(38, 3, 75)
(38, 4, 71)
(38, 5, 49)
(38, 6, 29)
(38, 7, 18)
(38, 8, 18)
(38, 9, 18)
(38, 10, 16)
(38, 11, 16)
(38, 12, 14)
(38, 13, 14)
(38, 14, 14)
(38, 15, 14)
(38, 16, 14)
(38, 17, 14)
(38, 18, 14)
(38, 19, 14)
(38, 20, 14)
(38, 21, 14)
(38, 22, 12)
(38, 23, 8)
(38, 24, 8)
(38, 25, 8)
(38, 26, 8)
(38, 27, 6)
(38, 28, 6)
(38, 29, 6)
(38, 30, 4)
(38, 31, 4)
(38, 32, 4)
(38, 33, 4)
(38, 34, 4)
(38, 35, 2)
(38, 36, 2)
(38, 37, 2)
(38, 38, 2)
(38, 39, 2)

(39, 0, 166)
(39, 1, 100)
(39, 2, 92)
(39, 3, 76)
(39, 4, 72)
(39, 5, 50)
(39, 6, 30)
(39, 7, 18)
(39, 8, 18)
(39, 9, 18)
(39, 10, 16)
(39, 11, 16)
(39, 12, 14)
(39, 13, 14)
(39, 14, 14)
(39, 15, 14)
(39, 16, 14)
(39, 17, 14)
(39, 18, 14)
(39, 19, 14)
(39, 20, 14)
(39, 21, 14)
(39, 22, 12)
(39, 23, 8)
(39, 24, 8)
(39, 25, 8)
(39, 26, 8)
(39, 27, 6)
(39, 28, 6)
(39, 29, 6)
(39, 30, 4)
(39, 31, 4)
(39, 32, 4)
(39, 33, 4)
(39, 34, 4)
(39, 35, 2)
(39, 36, 2)
(39, 37, 2)
(39, 38, 2)
(39, 39, 2)


Betti numbers:
xi_0:
(0, 0, 9)
(1, 0, 10)
(2, 0, 9)
(3, 0, 8)
(4, 0, 3)
(5, 0, 3)
(6, 0, 1)
(7, 0, 2)
(9, 0, 2)
(11, 0, 2)
(12, 0, 4)
(14, 0, 4)
(15, 0, 3)
(16, 0, 3)
(17, 0, 3)
(18, 0, 2)
(19, 0, 6)
(20, 0, 3)
(21, 0, 5)
(22, 0, 3)
(23, 0, 7)
(24, 0, 4)
(25, 0, 4)
(26, 0, 6)
(27, 0, 3)
(28, 0, 8)
(29, 0, 5)
(30, 0, 10)
(31, 0, 4)
(32, 0, 3)
(33, 0, 4)
(34, 0, 1)
(35, 0, 3)
(36, 0, 2)
(37, 0, 6)
(38, 0, 10)
(39, 0, 1)
xi_1:
(0, 1, 7)
(0, 2, 1)
(1, 1, 9)
(2, 1, 9)
(3, 1, 7)
(3, 2, 1)
(4, 1, 3)
(5, 1, 1)
(5, 2, 1)
(5, 5, 1)
(6, 1, 1)
(7, 5, 1)
(7, 6, 1)
(9, 6, 2)
(11, 3, 1)
(12, 4, 2)
(12, 6, 2)
(14, 3, 1)
(14, 6, 2)
(15, 4, 2)
(16, 5, 2)
(16, 6, 1)
(17, 5, 1)
(17, 6, 1)
(17, 27, 1)
(18, 5, 1)
(18, 6, 1)
(19, 5, 3)
(19, 6, 2)
(20, 5, 2)
(20, 23, 1)
(21, 2, 1)
(21, 6, 2)
(21, 22, 1)
(21, 27, 2)
(22, 5, 2)
(22, 6, 1)
(22, 16, 1)
(23, 2, 1)
(23, 3, 1)
(23, 5, 3)
(23, 6, 2)
(23, 12, 1)
(24, 1, 1)
(24, 3, 1)
(24, 5, 2)
(24, 10, 1)
(24, 24, 1)
(25, 3, 1)
(25, 6, 1)
(25, 23, 2)
(25, 35, 1)
(26, 1, 1)
(26, 3, 2)
(26, 5, 1)
(26, 7, 1)
(26, 22, 2)
(26, 27, 1)
(27, 3, 1)
(27, 6, 1)
(27, 7, 1)
(27, 16, 1)
(28, 1, 1)
(28, 2, 2)
(28, 3, 1)
(28, 5, 2)
(28, 6, 1)
(28, 7, 1)
(28, 12, 1)
(29, 1, 5)
(30, 1, 7)
(30, 3, 1)
(30, 5, 1)
(30, 10, 1)
(30, 26, 1)
(30, 35, 1)
(30, 38, 1)
(31, 3, 1)
(31, 7, 2)
(31, 24, 1)
(31, 30, 2)
(32, 3, 1)
(32, 7, 2)
(32, 23, 2)
(33, 3, 1)
(33, 7, 2)
(33, 12, 1)
(33, 22, 1)
(34, 3, 1)
(35, 1, 1)
(35, 3, 1)
(36, 3, 1)
(36, 12, 1)
(36, 30, 1)
(37, 1, 4)
(37, 2, 1)
(37, 7, 1)
(37, 36, 1)
(38, 1, 9)
(38, 7, 1)
(38, 23, 1)
(39, 7, 1)
xi_2:
(22, 22, 1)
(23, 16, 1)
(24, 12, 1)
(24, 27, 1)
(25, 24, 1)
(26, 23, 1)
(27, 22, 1)
(28, 16, 1)
(30, 12, 1)
(30, 27, 1)
(31, 26, 1)
(31, 38, 1)
(32, 24, 1)
(32, 30, 1)
(33, 23, 1)
(38, 36, 1)
