x-grades
-951400022751185239/800000000000000000
-463944247883540839/400000000000000000
-904376968782978117/800000000000000000
-220216360449718639/200000000000000000
-171470782962954199/160000000000000000
-416921193915333717/400000000000000000
-810330860846563873/800000000000000000
-98352416732807539/100000000000000000
-763307806878356751/800000000000000000
-73979627989425319/80000000000000000
-716284752910149629/800000000000000000
-173193306481511517/200000000000000000
-669261698941942507/800000000000000000
-322875085978919473/400000000000000000
-124447728994747077/160000000000000000
-37420444874351989/50000000000000000
-575215591005528263/800000000000000000
-275852032010712351/400000000000000000
-528192537037321141/800000000000000000
-25234050502660879/40000000000000000
-481169483069114019/800000000000000000
-228828978042505229/400000000000000000
-434146429100906897/800000000000000000
-51329362764600417/100000000000000000
-15484935005307991/32000000000000000
-181805924074298107/400000000000000000
-340100321164492653/800000000000000000
-79147198545097273/200000000000000000
-293077267196285531/800000000000000000
-26956574021218197/80000000000000000
-246054213228078409/800000000000000000
-3477229472562107/12500000000000000
-199031159259871287/800000000000000000
-87759816137883863/400000000000000000
-30401621058332833/160000000000000000
-32124144576890151/200000000000000000
-104985051323457043/800000000000000000
-40736762169676741/400000000000000000
-57961997355249921/800000000000000000
-861261759278659/20000000000000000

y-grades
2499319/10000000
2499319/5000000
7497957/10000000
2499319/2500000
2499319/2000000
7497957/5000000
17495233/10000000
2499319/1250000
22493871/10000000
2499319/1000000
27492509/10000000
7497957/2500000
32491147/10000000
17495233/5000000
7497957/2000000
2499319/625000
42488423/10000000
22493871/5000000
47487061/10000000
2499319/500000
52485699/10000000
27492509/5000000
57484337/10000000
7497957/1250000
2499319/400000
32491147/5000000
67481613/10000000
17495233/2500000
72480251/10000000
7497957/1000000
77478889/10000000
2499319/312500
82477527/10000000
42488423/5000000
17495233/2000000
22493871/2500000
92474803/10000000
47487061/5000000
97473441/10000000
2499319/250000

Dimensions > 0:
(0, 0, 6)
(0, 1, 6)
(0, 2, 6)
(0, 3, 1)
(0, 4, 1)
(0, 5, 1)
(0, 6, 1)
(0, 7, 1)
(0, 8, 1)
(0, 9, 1)
(0, 10, 1)
(0, 11, 1)
(0, 12, 1)
(0, 13, 1)
(0, 14, 1)
(0, 15, 1)
(0, 16, 1)
(0, 17, 1)
(0, 18, 1)
(0, 19, 1)
(0, 20, 1)
(0, 21, 1)
(0, 22, 1)
(0, 23, 1)
(0, 24, 1)
(0, 25, 1)
(0, 26, 1)
(0, 27, 1)
(0, 28, 1)
(0, 29, 1)
(0, 30, 1)
(0, 31, 1)
(0, 32, 1)
(0, 33, 1)
(0, 34, 1)
(0, 35, 1)
(0, 36, 1)
(0, 37, 1)
(0, 38, 1)
(0, 39, 1)

(1, 0, 10)
(1, 1, 10)
(1, 2, 10)
(1, 3, 2)
(1, 4, 2)
(1, 5, 2)
(1, 6, 2)
(1, 7, 2)
(1, 8, 2)
(1, 9, 2)
(1, 10, 2)
(1, 11, 2)
(1, 12, 2)
(1, 13, 2)
(1, 14, 2)
(1, 15, 2)
(1, 16, 2)
(1, 17, 2)
(1, 18, 2)
(1, 19, 2)
(1, 20, 2)
(1, 21, 2)
(1, 22, 2)
(1, 23, 2)
(1, 24, 2)
(1, 25, 2)
(1, 26, 2)
(1, 27, 2)
(1, 28, 2)
(1, 29, 2)
(1, 30, 2)
(1, 31, 2)
(1, 32, 2)
(1, 33, 2)
(1, 34, 2)
(1, 35, 2)
(1, 36, 2)
(1, 37, 2)
(1, 38, 2)
(1, 39, 2)

(2, 0, 15)
(2, 1, 15)
(2, 2, 15)
(2, 3, 4)
(2, 4, 4)
(2, 5, 4)
(2, 6, 3)
(2, 7, 2)
(2, 8, 2)
(2, 9, 2)
(2, 10, 2)
(2, 11, 2)
(2, 12, 2)
(2, 13, 2)
(2, 14, 2)
(2, 15, 2)
(2, 16, 2)
(2, 17, 2)
(2, 18, 2)
(2, 19, 2)
(2, 20, 2)
(2, 21, 2)
(2, 22, 2)
(2, 23, 2)
(2, 24, 2)
(2, 25, 2)
(2, 26, 2)
(2, 27, 2)
(2, 28, 2)
(2, 29, 2)
(2, 30, 2)
(2, 31, 2)
(2, 32, 2)
(2, 33, 2)
(2, 34, 2)
(2, 35, 2)
(2, 36, 2)
(2, 37, 2)
(2, 38, 2)
(2, 39, 2)

(3, 0, 17)
(3, 1, 17)
(3, 2, 17)
(3, 3, 5)
(3, 4, 5)
(3, 5, 5)
(3, 6, 3)
(3, 7, 2)
(3, 8, 2)
(3, 9, 2)
(3, 10, 2)
(3, 11, 2)
(3, 12, 2)
(3, 13, 2)
(3, 14, 2)
(3, 15, 2)
(3, 16, 2)
(3, 17, 2)
(3, 18, 2)
(3, 19, 2)
(3, 20, 2)
(3, 21, 2)
(3, 22, 2)
(3, 23, 2)
(3, 24, 2)
(3, 25, 2)
(3, 26, 2)
(3, 27, 2)
(3, 28, 2)
(3, 29, 2)
(3, 30, 2)
(3, 31, 2)
(3, 32, 2)
(3, 33, 2)
(3, 34, 2)
(3, 35, 2)
(3, 36, 2)
(3, 37, 2)
(3, 38, 2)
(3, 39, 2)

(4, 0, 20)
(4, 1, 20)
(4, 2, 20)
(4, 3, 8)
(4, 4, 8)
(4, 5, 8)
(4, 6, 6)
(4, 7, 4)
(4, 8, 4)
(4, 9, 4)
(4, 10, 4)
(4, 11, 4)
(4, 12, 4)
(4, 13, 4)
(4, 14, 4)
(4, 15, 4)
(4, 16, 4)
(4, 17, 4)
(4, 18, 4)
(4, 19, 4)
(4, 20, 4)
(4, 21, 4)
(4, 22, 4)
(4, 23, 4)
(4, 24, 4)
(4, 25, 4)
(4, 26, 4)
(4, 27, 4)
(4, 28, 4)
(4, 29, 4)
(4, 30, 4)
(4, 31, 4)
(4, 32, 4)
(4, 33, 4)
(4, 34, 4)
(4, 35, 4)
(4, 36, 4)
(4, 37, 4)
(4, 38, 4)
(4, 39, 4)

(5, 0, 28)
(5, 1, 28)
(5, 2, 28)
(5, 3, 11)
(5, 4, 11)
(5, 5, 11)
(5, 6, 8)
(5, 7, 5)
(5, 8, 5)
(5, 9, 5)
(5, 10, 5)
(5, 11, 5)
(5, 12, 5)
(5, 13, 5)
(5, 14, 5)
(5, 15, 5)
(5, 16, 5)
(5, 17, 5)
(5, 18, 4)
(5, 19, 4)
(5, 20, 4)
(5, 21, 4)
(5, 22, 4)
(5, 23, 4)
(5, 24, 4)
(5, 25, 4)
(5, 26, 4)
(5, 27, 4)
(5, 28, 4)
(5, 29, 4)
(5, 30, 4)
(5, 31, 4)
(5, 32, 4)
(5, 33, 4)
(5, 34, 4)
(5, 35, 4)
(5, 36, 4)
(5, 37, 4)
(5, 38, 4)
(5, 39, 4)

(6, 0, 37)
(6, 1, 37)
(6, 2, 37)
(6, 3, 17)
(6, 4, 17)
(6, 5, 17)
(6, 6, 11)
(6, 7, 7)
(6, 8, 7)
(6, 9, 7)
(6, 10, 7)
(6, 11, 7)
(6, 12, 7)
(6, 13, 7)
(6, 14, 7)
(6, 15, 6)
(6, 16, 6)
(6, 17, 6)
(6, 18, 5)
(6, 19, 5)
(6, 20, 5)
(6, 21, 5)
(6, 22, 5)
(6, 23, 5)
(6, 24, 5)
(6, 25, 5)
(6, 26, 5)
(6, 27, 5)
(6, 28, 5)
(6, 29, 5)
(6, 30, 5)
(6, 31, 5)
(6, 32, 5)
(6, 33, 5)
(6, 34, 5)
(6, 35, 5)
(6, 36, 5)
(6, 37, 5)
(6, 38, 5)
(6, 39, 5)

(7, 0, 42)
(7, 1, 42)
(7, 2, 42)
(7, 3, 20)
(7, 4, 20)
(7, 5, 20)
(7, 6, 13)
(7, 7, 8)
(7, 8, 8)
(7, 9, 8)
(7, 10, 8)
(7, 11, 8)
(7, 12, 8)
(7, 13, 8)
(7, 14, 8)
(7, 15, 7)
(7, 16, 7)
(7, 17, 7)
(7, 18, 5)
(7, 19, 5)
(7, 20, 5)
(7, 21, 5)
(7, 22, 5)
(7, 23, 5)
(7, 24, 5)
(7, 25, 5)
(7, 26, 5)
(7, 27, 5)
(7, 28, 5)
(7, 29, 5)
(7, 30, 5)
(7, 31, 5)
(7, 32, 5)
(7, 33, 5)
(7, 34, 5)
(7, 35, 5)
(7, 36, 5)
(7, 37, 5)
(7, 38, 5)
(7, 39, 5)

(8, 0, 46)
(8, 1, 46)
(8, 2, 46)
(8, 3, 22)
(8, 4, 22)
(8, 5, 22)
(8, 6, 14)
(8, 7, 9)
(8, 8, 9)
(8, 9, 9)
(8, 10, 9)
(8, 11, 9)
(8, 12, 9)
(8, 13, 9)
(8, 14, 9)
(8, 15, 8)
(8, 16, 8)
(8, 17, 8)
(8, 18, 5)
(8, 19, 5)
(8, 20, 5)
(8, 21, 5)
(8, 22, 5)
(8, 23, 5)
(8, 24, 5)
(8, 25, 5)
(8, 26, 5)
(8, 27, 5)
(8, 28, 5)
(8, 29, 5)
(8, 30, 5)
(8, 31, 5)
(8, 32, 5)
(8, 33, 5)
(8, 34, 5)
(8, 35, 5)
(8, 36, 5)
(8, 37, 5)
(8, 38, 5)
(8, 39, 5)

(9, 0, 48)
(9, 1, 48)
(9, 2, 48)
(9, 3, 24)
(9, 4, 24)
(9, 5, 24)
(9, 6, 15)
(9, 7, 9)
(9, 8, 9)
(9, 9, 9)
(9, 10, 9)
(9, 11, 9)
(9, 12, 9)
(9, 13, 9)
(9, 14, 9)
(9, 15, 8)
(9, 16, 8)
(9, 17, 8)
(9, 18, 5)
(9, 19, 5)
(9, 20, 5)
(9, 21, 5)
(9, 22, 5)
(9, 23, 5)
(9, 24, 5)
(9, 25, 5)
(9, 26, 5)
(9, 27, 5)
(9, 28, 5)
(9, 29, 5)
(9, 30, 5)
(9, 31, 5)
(9, 32, 5)
(9, 33, 5)
(9, 34, 5)
(9, 35, 5)
(9, 36, 5)
(9, 37, 5)
(9, 38, 5)
(9, 39, 5)

(10, 0, 55)
(10, 1, 55)
(10, 2, 55)
(10, 3, 31)
(10, 4, 31)
(10, 5, 31)
(10, 6, 20)
(10, 7, 13)
(10, 8, 13)
(10, 9, 13)
(10, 10, 13)
(10, 11, 13)
(10, 12, 13)
(10, 13, 13)
(10, 14, 13)
(10, 15, 11)
(10, 16, 11)
(10, 17, 11)
(10, 18, 5)
(10, 19, 5)
(10, 20, 5)
(10, 21, 5)
(10, 22, 5)
(10, 23, 5)
(10, 24, 5)
(10, 25, 5)
(10, 26, 5)
(10, 27, 5)
(10, 28, 5)
(10, 29, 5)
(10, 30, 5)
(10, 31, 5)
(10, 32, 5)
(10, 33, 5)
(10, 34, 5)
(10, 35, 5)
(10, 36, 5)
(10, 37, 5)
(10, 38, 5)
(10, 39, 5)

(11, 0, 56)
(11, 1, 56)
(11, 2, 56)
(11, 3, 32)
(11, 4, 32)
(11, 5, 32)
(11, 6, 20)
(11, 7, 13)
(11, 8, 13)
(11, 9, 13)
(11, 10, 13)
(11, 11, 13)
(11, 12, 13)
(11, 13, 13)
(11, 14, 13)
(11, 15, 11)
(11, 16, 11)
(11, 17, 11)
(11, 18, 5)
(11, 19, 5)
(11, 20, 5)
(11, 21, 5)
(11, 22, 5)
(11, 23, 5)
(11, 24, 5)
(11, 25, 5)
(11, 26, 5)
(11, 27, 5)
(11, 28, 5)
(11, 29, 5)
(11, 30, 5)
(11, 31, 5)
(11, 32, 5)
(11, 33, 5)
(11, 34, 5)
(11, 35, 5)
(11, 36, 5)
(11, 37, 5)
(11, 38, 5)
(11, 39, 5)

(12, 0, 67)
(12, 1, 67)
(12, 2, 67)
(12, 3, 43)
(12, 4, 43)
(12, 5, 43)
(12, 6, 28)
(12, 7, 18)
(12, 8, 18)
(12, 9, 18)
(12, 10, 18)
(12, 11, 18)
(12, 12, 18)
(12, 13, 18)
(12, 14, 18)
(12, 15, 14)
(12, 16, 14)
(12, 17, 14)
(12, 18, 6)
(12, 19, 6)
(12, 20, 6)
(12, 21, 6)
(12, 22, 6)
(12, 23, 6)
(12, 24, 6)
(12, 25, 6)
(12, 26, 6)
(12, 27, 6)
(12, 28, 6)
(12, 29, 6)
(12, 30, 6)
(12, 31, 6)
(12, 32, 6)
(12, 33, 6)
(12, 34, 6)
(12, 35, 6)
(12, 36, 6)
(12, 37, 6)
(12, 38, 6)
(12, 39, 6)

(13, 0, 69)
(13, 1, 69)
(13, 2, 69)
(13, 3, 45)
(13, 4, 45)
(13, 5, 45)
(13, 6, 29)
(13, 7, 19)
(13, 8, 19)
(13, 9, 19)
(13, 10, 19)
(13, 11, 19)
(13, 12, 19)
(13, 13, 19)
(13, 14, 19)
(13, 15, 15)
(13, 16, 15)
(13, 17, 15)
(13, 18, 6)
(13, 19, 6)
(13, 20, 6)
(13, 21, 6)
(13, 22, 6)
(13, 23, 6)
(13, 24, 6)
(13, 25, 6)
(13, 26, 6)
(13, 27, 6)
(13, 28, 6)
(13, 29, 6)
(13, 30, 6)
(13, 31, 6)
(13, 32, 6)
(13, 33, 6)
(13, 34, 6)
(13, 35, 6)
(13, 36, 6)
(13, 37, 6)
(13, 38, 6)
(13, 39, 6)

(14, 0, 77)
(14, 1, 77)
(14, 2, 77)
(14, 3, 52)
(14, 4, 52)
(14, 5, 52)
(14, 6, 34)
(14, 7, 23)
(14, 8, 23)
(14, 9, 23)
(14, 10, 23)
(14, 11, 23)
(14, 12, 23)
(14, 13, 23)
(14, 14, 22)
(14, 15, 18)
(14, 16, 18)
(14, 17, 18)
(14, 18, 5)
(14, 19, 5)
(14, 20, 5)
(14, 21, 5)
(14, 22, 5)
(14, 23, 5)
(14, 24, 5)
(14, 25, 5)
(14, 26, 5)
(14, 27, 5)
(14, 28, 5)
(14, 29, 5)
(14, 30, 5)
(14, 31, 5)
(14, 32, 5)
(14, 33, 5)
(14, 34, 5)
(14, 35, 5)
(14, 36, 5)
(14, 37, 5)
(14, 38, 5)
(14, 39, 5)

(15, 0, 82)
(15, 1, 82)
(15, 2, 82)
(15, 3, 57)
(15, 4, 57)
(15, 5, 57)
(15, 6, 37)
(15, 7, 24)
(15, 8, 24)
(15, 9, 24)
(15, 10, 24)
(15, 11, 24)
(15, 12, 24)
(15, 13, 24)
(15, 14, 23)
(15, 15, 18)
(15, 16, 18)
(15, 17, 18)
(15, 18, 5)
(15, 19, 5)
(15, 20, 5)
(15, 21, 5)
(15, 22, 5)
(15, 23, 5)
(15, 24, 5)
(15, 25, 5)
(15, 26, 5)
(15, 27, 5)
(15, 28, 5)
(15, 29, 5)
(15, 30, 5)
(15, 31, 5)
(15, 32, 5)
(15, 33, 5)
(15, 34, 5)
(15, 35, 5)
(15, 36, 5)
(15, 37, 5)
(15, 38, 5)
(15, 39, 5)

(16, 0, 87)
(16, 1, 87)
(16, 2, 87)
(16, 3, 62)
(16, 4, 62)
(16, 5, 62)
(16, 6, 39)
(16, 7, 26)
(16, 8, 26)
(16, 9, 26)
(16, 10, 26)
(16, 11, 26)
(16, 12, 26)
(16, 13, 26)
(16, 14, 25)
(16, 15, 18)
(16, 16, 18)
(16, 17, 18)
(16, 18, 5)
(16, 19, 5)
(16, 20, 5)
(16, 21, 5)
(16, 22, 5)
(16, 23, 5)
(16, 24, 5)
(16, 25, 5)
(16, 26, 5)
(16, 27, 5)
(16, 28, 5)
(16, 29, 5)
(16, 30, 5)
(16, 31, 5)
(16, 32, 5)
(16, 33, 5)
(16, 34, 5)
(16, 35, 5)
(16, 36, 5)
(16, 37, 5)
(16, 38, 5)
(16, 39, 5)

(17, 0, 102)
(17, 1, 92)
(17, 2, 92)
(17, 3, 67)
(17, 4, 67)
(17, 5, 67)
(17, 6, 43)
(17, 7, 30)
(17, 8, 30)
(17, 9, 30)
(17, 10, 30)
(17, 11, 30)
(17, 12, 30)
(17, 13, 30)
(17, 14, 29)
(17, 15, 21)
(17, 16, 21)
(17, 17, 21)
(17, 18, 6)
(17, 19, 6)
(17, 20, 6)
(17, 21, 6)
(17, 22, 6)
(17, 23, 6)
(17, 24, 6)
(17, 25, 6)
(17, 26, 6)
(17, 27, 6)
(17, 28, 6)
(17, 29, 6)
(17, 30, 6)
(17, 31, 6)
(17, 32, 6)
(17, 33, 6)
(17, 34, 6)
(17, 35, 6)
(17, 36, 6)
(17, 37, 6)
(17, 38, 6)
(17, 39, 6)

(18, 0, 111)
(18, 1, 97)
(18, 2, 97)
(18, 3, 72)
(18, 4, 72)
(18, 5, 72)
(18, 6, 44)
(18, 7, 30)
(18, 8, 30)
(18, 9, 30)
(18, 10, 30)
(18, 11, 30)
(18, 12, 30)
(18, 13, 30)
(18, 14, 29)
(18, 15, 21)
(18, 16, 21)
(18, 17, 21)
(18, 18, 6)
(18, 19, 6)
(18, 20, 6)
(18, 21, 6)
(18, 22, 6)
(18, 23, 6)
(18, 24, 6)
(18, 25, 6)
(18, 26, 6)
(18, 27, 6)
(18, 28, 6)
(18, 29, 6)
(18, 30, 6)
(18, 31, 6)
(18, 32, 6)
(18, 33, 6)
(18, 34, 6)
(18, 35, 6)
(18, 36, 6)
(18, 37, 6)
(18, 38, 6)
(18, 39, 6)

(19, 0, 122)
(19, 1, 108)
(19, 2, 108)
(19, 3, 83)
(19, 4, 82)
(19, 5, 82)
(19, 6, 44)
(19, 7, 29)
(19, 8, 29)
(19, 9, 29)
(19, 10, 29)
(19, 11, 29)
(19, 12, 29)
(19, 13, 29)
(19, 14, 28)
(19, 15, 20)
(19, 16, 20)
(19, 17, 20)
(19, 18, 5)
(19, 19, 5)
(19, 20, 5)
(19, 21, 5)
(19, 22, 5)
(19, 23, 5)
(19, 24, 5)
(19, 25, 5)
(19, 26, 5)
(19, 27, 5)
(19, 28, 5)
(19, 29, 5)
(19, 30, 5)
(19, 31, 5)
(19, 32, 5)
(19, 33, 5)
(19, 34, 5)
(19, 35, 5)
(19, 36, 5)
(19, 37, 5)
(19, 38, 5)
(19, 39, 5)

(20, 0, 126)
(20, 1, 112)
(20, 2, 112)
(20, 3, 87)
(20, 4, 86)
(20, 5, 86)
(20, 6, 47)
(20, 7, 32)
(20, 8, 32)
(20, 9, 32)
(20, 10, 32)
(20, 11, 32)
(20, 12, 32)
(20, 13, 32)
(20, 14, 31)
(20, 15, 22)
(20, 16, 22)
(20, 17, 22)
(20, 18, 5)
(20, 19, 5)
(20, 20, 5)
(20, 21, 5)
(20, 22, 5)
(20, 23, 5)
(20, 24, 5)
(20, 25, 5)
(20, 26, 5)
(20, 27, 5)
(20, 28, 5)
(20, 29, 5)
(20, 30, 5)
(20, 31, 5)
(20, 32, 5)
(20, 33, 5)
(20, 34, 5)
(20, 35, 5)
(20, 36, 5)
(20, 37, 5)
(20, 38, 5)
(20, 39, 5)

(21, 0, 126)
(21, 1, 112)
(21, 2, 112)
(21, 3, 87)
(21, 4, 86)
(21, 5, 86)
(21, 6, 47)
(21, 7, 32)
(21, 8, 32)
(21, 9, 32)
(21, 10, 32)
(21, 11, 32)
(21, 12, 32)
(21, 13, 32)
(21, 14, 31)
(21, 15, 22)
(21, 16, 22)
(21, 17, 22)
(21, 18, 5)
(21, 19, 5)
(21, 20, 5)
(21, 21, 5)
(21, 22, 5)
(21, 23, 5)
(21, 24, 5)
(21, 25, 5)
(21, 26, 5)
(21, 27, 5)
(21, 28, 5)
(21, 29, 5)
(21, 30, 5)
(21, 31, 5)
(21, 32, 5)
(21, 33, 5)
(21, 34, 5)
(21, 35, 5)
(21, 36, 5)
(21, 37, 5)
(21, 38, 5)
(21, 39, 5)

(22, 0, 134)
(22, 1, 119)
(22, 2, 119)
(22, 3, 93)
(22, 4, 92)
(22, 5, 92)
(22, 6, 51)
(22, 7, 35)
(22, 8, 35)
(22, 9, 35)
(22, 10, 35)
(22, 11, 35)
(22, 12, 35)
(22, 13, 35)
(22, 14, 33)
(22, 15, 24)
(22, 16, 24)
(22, 17, 24)
(22, 18, 4)
(22, 19, 4)
(22, 20, 4)
(22, 21, 4)
(22, 22, 4)
(22, 23, 4)
(22, 24, 4)
(22, 25, 4)
(22, 26, 4)
(22, 27, 4)
(22, 28, 4)
(22, 29, 4)
(22, 30, 4)
(22, 31, 4)
(22, 32, 4)
(22, 33, 4)
(22, 34, 4)
(22, 35, 4)
(22, 36, 4)
(22, 37, 4)
(22, 38, 4)
(22, 39, 4)

(23, 0, 135)
(23, 1, 120)
(23, 2, 120)
(23, 3, 94)
(23, 4, 93)
(23, 5, 93)
(23, 6, 52)
(23, 7, 36)
(23, 8, 36)
(23, 9, 36)
(23, 10, 36)
(23, 11, 36)
(23, 12, 36)
(23, 13, 36)
(23, 14, 34)
(23, 15, 24)
(23, 16, 24)
(23, 17, 24)
(23, 18, 4)
(23, 19, 4)
(23, 20, 4)
(23, 21, 4)
(23, 22, 4)
(23, 23, 4)
(23, 24, 4)
(23, 25, 4)
(23, 26, 4)
(23, 27, 4)
(23, 28, 4)
(23, 29, 4)
(23, 30, 4)
(23, 31, 4)
(23, 32, 4)
(23, 33, 4)
(23, 34, 4)
(23, 35, 4)
(23, 36, 4)
(23, 37, 4)
(23, 38, 4)
(23, 39, 4)

(24, 0, 138)
(24, 1, 122)
(24, 2, 122)
(24, 3, 96)
(24, 4, 95)
(24, 5, 95)
(24, 6, 53)
(24, 7, 36)
(24, 8, 36)
(24, 9, 36)
(24, 10, 36)
(24, 11, 36)
(24, 12, 36)
(24, 13, 36)
(24, 14, 34)
(24, 15, 24)
(24, 16, 24)
(24, 17, 24)
(24, 18, 4)
(24, 19, 4)
(24, 20, 4)
(24, 21, 4)
(24, 22, 4)
(24, 23, 4)
(24, 24, 4)
(24, 25, 4)
(24, 26, 4)
(24, 27, 4)
(24, 28, 4)
(24, 29, 4)
(24, 30, 4)
(24, 31, 4)
(24, 32, 4)
(24, 33, 4)
(24, 34, 4)
(24, 35, 4)
(24, 36, 4)
(24, 37, 4)
(24, 38, 4)
(24, 39, 4)

(25, 0, 138)
(25, 1, 122)
(25, 2, 122)
(25, 3, 96)
(25, 4, 95)
(25, 5, 95)
(25, 6, 53)
(25, 7, 36)
(25, 8, 36)
(25, 9, 36)
(25, 10, 36)
(25, 11, 36)
(25, 12, 36)
(25, 13, 36)
(25, 14, 34)
(25, 15, 24)
(25, 16, 24)
(25, 17, 24)
(25, 18, 4)
(25, 19, 4)
(25, 20, 4)
(25, 21, 4)
(25, 22, 4)
(25, 23, 4)
(25, 24, 4)
(25, 25, 4)
(25, 26, 4)
(25, 27, 4)
(25, 28, 4)
(25, 29, 4)
(25, 30, 4)
(25, 31, 4)
(25, 32, 4)
(25, 33, 4)
(25, 34, 4)
(25, 35, 4)
(25, 36, 4)
(25, 37, 4)
(25, 38, 4)
(25, 39, 4)

(26, 0, 141)
(26, 1, 125)
(26, 2, 125)
(26, 3, 99)
(26, 4, 98)
(26, 5, 98)
(26, 6, 55)
(26, 7, 38)
(26, 8, 38)
(26, 9, 38)
(26, 10, 38)
(26, 11, 38)
(26, 12, 38)
(26, 13, 38)
(26, 14, 36)
(26, 15, 24)
(26, 16, 24)
(26, 17, 24)
(26, 18, 4)
(26, 19, 4)
(26, 20, 4)
(26, 21, 4)
(26, 22, 4)
(26, 23, 4)
(26, 24, 4)
(26, 25, 4)
(26, 26, 4)
(26, 27, 4)
(26, 28, 4)
(26, 29, 4)
(26, 30, 4)
(26, 31, 4)
(26, 32, 4)
(26, 33, 4)
(26, 34, 4)
(26, 35, 4)
(26, 36, 4)
(26, 37, 4)
(26, 38, 4)
(26, 39, 4)

(27, 0, 141)
(27, 1, 125)
(27, 2, 125)
(27, 3, 99)
(27, 4, 98)
(27, 5, 98)
(27, 6, 55)
(27, 7, 38)
(27, 8, 38)
(27, 9, 38)
(27, 10, 38)
(27, 11, 38)
(27, 12, 38)
(27, 13, 38)
(27, 14, 36)
(27, 15, 24)
(27, 16, 24)
(27, 17, 24)
(27, 18, 4)
(27, 19, 4)
(27, 20, 4)
(27, 21, 4)
(27, 22, 4)
(27, 23, 4)
(27, 24, 4)
(27, 25, 4)
(27, 26, 4)
(27, 27, 4)
(27, 28, 4)
(27, 29, 4)
(27, 30, 4)
(27, 31, 4)
(27, 32, 4)
(27, 33, 4)
(27, 34, 4)
(27, 35, 4)
(27, 36, 4)
(27, 37, 4)
(27, 38, 4)
(27, 39, 4)

(28, 0, 143)
(28, 1, 127)
(28, 2, 126)
(28, 3, 100)
(28, 4, 99)
(28, 5, 99)
(28, 6, 55)
(28, 7, 38)
(28, 8, 38)
(28, 9, 38)
(28, 10, 38)
(28, 11, 38)
(28, 12, 38)
(28, 13, 38)
(28, 14, 36)
(28, 15, 24)
(28, 16, 24)
(28, 17, 24)
(28, 18, 4)
(28, 19, 4)
(28, 20, 4)
(28, 21, 4)
(28, 22, 4)
(28, 23, 4)
(28, 24, 4)
(28, 25, 4)
(28, 26, 4)
(28, 27, 4)
(28, 28, 4)
(28, 29, 4)
(28, 30, 4)
(28, 31, 4)
(28, 32, 4)
(28, 33, 4)
(28, 34, 4)
(28, 35, 4)
(28, 36, 4)
(28, 37, 4)
(28, 38, 4)
(28, 39, 4)

(29, 0, 144)
(29, 1, 128)
(29, 2, 127)
(29, 3, 101)
(29, 4, 100)
(29, 5, 100)
(29, 6, 55)
(29, 7, 38)
(29, 8, 38)
(29, 9, 38)
(29, 10, 38)
(29, 11, 38)
(29, 12, 38)
(29, 13, 38)
(29, 14, 36)
(29, 15, 24)
(29, 16, 24)
(29, 17, 24)
(29, 18, 4)
(29, 19, 4)
(29, 20, 4)
(29, 21, 4)
(29, 22, 4)
(29, 23, 4)
(29, 24, 4)
(29, 25, 4)
(29, 26, 4)
(29, 27, 4)
(29, 28, 4)
(29, 29, 4)
(29, 30, 4)
(29, 31, 4)
(29, 32, 4)
(29, 33, 4)
(29, 34, 4)
(29, 35, 4)
(29, 36, 4)
(29, 37, 4)
(29, 38, 4)
(29, 39, 4)

(30, 0, 145)
(30, 1, 129)
(30, 2, 128)
(30, 3, 101)
(30, 4, 100)
(30, 5, 100)
(30, 6, 55)
(30, 7, 38)
(30, 8, 38)
(30, 9, 38)
(30, 10, 38)
(30, 11, 38)
(30, 12, 38)
(30, 13, 38)
(30, 14, 36)
(30, 15, 24)
(30, 16, 24)
(30, 17, 24)
(30, 18, 4)
(30, 19, 4)
(30, 20, 4)
(30, 21, 4)
(30, 22, 4)
(30, 23, 4)
(30, 24, 4)
(30, 25, 4)
(30, 26, 4)
(30, 27, 4)
(30, 28, 4)
(30, 29, 4)
(30, 30, 4)
(30, 31, 4)
(30, 32, 4)
(30, 33, 4)
(30, 34, 4)
(30, 35, 4)
(30, 36, 4)
(30, 37, 4)
(30, 38, 4)
(30, 39, 4)

(31, 0, 147)
(31, 1, 131)
(31, 2, 130)
(31, 3, 103)
(31, 4, 101)
(31, 5, 101)
(31, 6, 55)
(31, 7, 38)
(31, 8, 38)
(31, 9, 38)
(31, 10, 38)
(31, 11, 38)
(31, 12, 38)
(31, 13, 38)
(31, 14, 36)
(31, 15, 24)
(31, 16, 24)
(31, 17, 24)
(31, 18, 4)
(31, 19, 4)
(31, 20, 4)
(31, 21, 4)
(31, 22, 4)
(31, 23, 4)
(31, 24, 4)
(31, 25, 4)
(31, 26, 4)
(31, 27, 4)
(31, 28, 4)
(31, 29, 4)
(31, 30, 4)
(31, 31, 4)
(31, 32, 4)
(31, 33, 4)
(31, 34, 4)
(31, 35, 4)
(31, 36, 4)
(31, 37, 4)
(31, 38, 4)
(31, 39, 4)

(32, 0, 148)
(32, 1, 132)
(32, 2, 131)
(32, 3, 104)
(32, 4, 102)
(32, 5, 102)
(32, 6, 55)
(32, 7, 38)
(32, 8, 38)
(32, 9, 38)
(32, 10, 38)
(32, 11, 38)
(32, 12, 38)
(32, 13, 38)
(32, 14, 36)
(32, 15, 24)
(32, 16, 24)
(32, 17, 24)
(32, 18, 4)
(32, 19, 4)
(32, 20, 4)
(32, 21, 4)
(32, 22, 4)
(32, 23, 4)
(32, 24, 4)
(32, 25, 4)
(32, 26, 4)
(32, 27, 4)
(32, 28, 4)
(32, 29, 4)
(32, 30, 4)
(32, 31, 4)
(32, 32, 4)
(32, 33, 4)
(32, 34, 4)
(32, 35, 4)
(32, 36, 4)
(32, 37, 4)
(32, 38, 4)
(32, 39, 4)

(33, 0, 149)
(33, 1, 133)
(33, 2, 132)
(33, 3, 105)
(33, 4, 103)
(33, 5, 102)
(33, 6, 55)
(33, 7, 38)
(33, 8, 38)
(33, 9, 38)
(33, 10, 38)
(33, 11, 38)
(33, 12, 38)
(33, 13, 38)
(33, 14, 36)
(33, 15, 24)
(33, 16, 24)
(33, 17, 24)
(33, 18, 4)
(33, 19, 4)
(33, 20, 4)
(33, 21, 4)
(33, 22, 4)
(33, 23, 4)
(33, 24, 4)
(33, 25, 4)
(33, 26, 4)
(33, 27, 4)
(33, 28, 4)
(33, 29, 4)
(33, 30, 4)
(33, 31, 4)
(33, 32, 4)
(33, 33, 4)
(33, 34, 4)
(33, 35, 4)
(33, 36, 4)
(33, 37, 4)
(33, 38, 4)
(33, 39, 4)

(34, 0, 157)
(34, 1, 136)
(34, 2, 135)
(34, 3, 108)
(34, 4, 106)
(34, 5, 105)
(34, 6, 56)
(34, 7, 39)
(34, 8, 39)
(34, 9, 39)
(34, 10, 39)
(34, 11, 39)
(34, 12, 39)
(34, 13, 39)
(34, 14, 37)
(34, 15, 25)
(34, 16, 25)
(34, 17, 25)
(34, 18, 5)
(34, 19, 5)
(34, 20, 5)
(34, 21, 5)
(34, 22, 5)
(34, 23, 5)
(34, 24, 5)
(34, 25, 5)
(34, 26, 5)
(34, 27, 5)
(34, 28, 5)
(34, 29, 5)
(34, 30, 5)
(34, 31, 5)
(34, 32, 5)
(34, 33, 5)
(34, 34, 5)
(34, 35, 5)
(34, 36, 5)
(34, 37, 5)
(34, 38, 5)
(34, 39, 5)

(35, 0, 163)
(35, 1, 138)
(35, 2, 137)
(35, 3, 110)
(35, 4, 108)
(35, 5, 107)
(35, 6, 57)
(35, 7, 39)
(35, 8, 39)
(35, 9, 39)
(35, 10, 39)
(35, 11, 39)
(35, 12, 39)
(35, 13, 39)
(35, 14, 37)
(35, 15, 25)
(35, 16, 25)
(35, 17, 25)
(35, 18, 5)
(35, 19, 5)
(35, 20, 5)
(35, 21, 5)
(35, 22, 5)
(35, 23, 5)
(35, 24, 5)
(35, 25, 5)
(35, 26, 5)
(35, 27, 5)
(35, 28, 5)
(35, 29, 5)
(35, 30, 5)
(35, 31, 5)
(35, 32, 5)
(35, 33, 5)
(35, 34, 5)
(35, 35, 5)
(35, 36, 5)
(35, 37, 5)
(35, 38, 5)
(35, 39, 5)

(36, 0, 167)
(36, 1, 139)
(36, 2, 138)
(36, 3, 111)
(36, 4, 109)
(36, 5, 108)
(36, 6, 57)
(36, 7, 39)
(36, 8, 39)
(36, 9, 39)
(36, 10, 39)
(36, 11, 39)
(36, 12, 39)
(36, 13, 39)
(36, 14, 37)
(36, 15, 25)
(36, 16, 25)
(36, 17, 25)
(36, 18, 5)
(36, 19, 5)
(36, 20, 5)
(36, 21, 5)
(36, 22, 5)
(36, 23, 5)
(36, 24, 5)
(36, 25, 5)
(36, 26, 5)
(36, 27, 5)
(36, 28, 5)
(36, 29, 5)
(36, 30, 5)
(36, 31, 5)
(36, 32, 5)
(36, 33, 5)
(36, 34, 5)
(36, 35, 5)
(36, 36, 4)
(36, 37, 4)
(36, 38, 4)
(36, 39, 4)

(37, 0, 169)
(37, 1, 141)
(37, 2, 140)
(37, 3, 113)
(37, 4, 111)
(37, 5, 110)
(37, 6, 58)
(37, 7, 40)
(37, 8, 40)
(37, 9, 40)
(37, 10, 40)
(37, 11, 40)
(37, 12, 40)
(37, 13, 40)
(37, 14, 38)
(37, 15, 25)
(37, 16, 25)
(37, 17, 25)
(37, 18, 5)
(37, 19, 5)
(37, 20, 5)
(37, 21, 5)
(37, 22, 5)
(37, 23, 5)
(37, 24, 5)
(37, 25, 4)
(37, 26, 4)
(37, 27, 4)
(37, 28, 4)
(37, 29, 4)
(37, 30, 4)
(37, 31, 4)
(37, 32, 4)
(37, 33, 4)
(37, 34, 4)
(37, 35, 4)
(37, 36, 4)
(37, 37, 4)
(37, 38, 4)
(37, 39, 4)

(38, 0, 173)
(38, 1, 145)
(38, 2, 144)
(38, 3, 117)
(38, 4, 115)
(38, 5, 114)
(38, 6, 59)
(38, 7, 41)
(38, 8, 41)
(38, 9, 41)
(38, 10, 40)
(38, 11, 40)
(38, 12, 39)
(38, 13, 38)
(38, 14, 36)
(38, 15, 24)
(38, 16, 24)
(38, 17, 24)
(38, 18, 4)
(38, 19, 4)
(38, 20, 4)
(38, 21, 4)
(38, 22, 4)
(38, 23, 4)
(38, 24, 4)
(38, 25, 4)
(38, 26, 4)
(38, 27, 4)
(38, 28, 4)
(38, 29, 4)
(38, 30, 4)
(38, 31, 4)
(38, 32, 4)
(38, 33, 4)
(38, 34, 4)
(38, 35, 4)
(38, 36, 4)
(38, 37, 4)
(38, 38, 4)
(38, 39, 4)

(39, 0, 176)
(39, 1, 148)
(39, 2, 147)
(39, 3, 120)
(39, 4, 118)
(39, 5, 117)
(39, 6, 57)
(39, 7, 39)
(39, 8, 39)
(39, 9, 39)
(39, 10, 38)
(39, 11, 38)
(39, 12, 38)
(39, 13, 38)
(39, 14, 36)
(39, 15, 24)
(39, 16, 24)
(39, 17, 24)
(39, 18, 4)
(39, 19, 4)
(39, 20, 4)
(39, 21, 4)
(39, 22, 4)
(39, 23, 4)
(39, 24, 4)
(39, 25, 4)
(39, 26, 4)
(39, 27, 4)
(39, 28, 4)
(39, 29, 4)
(39, 30, 4)
(39, 31, 4)
(39, 32, 4)
(39, 33, 4)
(39, 34, 4)
(39, 35, 4)
(39, 36, 4)
(39, 37, 4)
(39, 38, 4)
(39, 39, 4)


Betti numbers:
xi_0:
(0, 0, 6)
(1, 0, 4)
(2, 0, 5)
(3, 0, 2)
(4, 0, 3)
(5, 0, 8)
(6, 0, 9)
(7, 0, 5)
(8, 0, 4)
(9, 0, 2)
(10, 0, 7)
(11, 0, 1)
(12, 0, 11)
(13, 0, 2)
(14, 0, 8)
(15, 0, 5)
(16, 0, 5)
(17, 0, 15)
(18, 0, 9)
(19, 0, 11)
(20, 0, 4)
(22, 0, 8)
(23, 0, 1)
(24, 0, 3)
(26, 0, 3)
(28, 0, 2)
(29, 0, 1)
(30, 0, 1)
(31, 0, 2)
(32, 0, 1)
(33, 0, 1)
(34, 0, 8)
(35, 0, 6)
(36, 0, 4)
(37, 0, 2)
(38, 0, 4)
(39, 0, 3)
xi_1:
(0, 3, 5)
(1, 3, 3)
(2, 3, 3)
(2, 6, 1)
(2, 7, 1)
(3, 3, 1)
(3, 6, 1)
(4, 7, 1)
(5, 3, 5)
(5, 6, 1)
(5, 7, 1)
(5, 18, 1)
(6, 3, 3)
(6, 6, 3)
(6, 7, 1)
(6, 15, 1)
(7, 3, 2)
(7, 6, 1)
(7, 7, 1)
(7, 18, 1)
(8, 3, 2)
(8, 6, 1)
(8, 18, 1)
(9, 6, 1)
(9, 7, 1)
(10, 6, 2)
(10, 7, 1)
(10, 15, 1)
(10, 18, 3)
(11, 6, 1)
(12, 6, 3)
(12, 7, 3)
(12, 15, 2)
(12, 18, 2)
(13, 6, 1)
(13, 18, 1)
(14, 3, 1)
(14, 6, 2)
(14, 7, 1)
(14, 14, 1)
(14, 18, 4)
(15, 6, 2)
(15, 7, 2)
(15, 15, 1)
(16, 6, 3)
(16, 15, 2)
(17, 1, 10)
(17, 6, 1)
(17, 15, 1)
(17, 18, 2)
(18, 1, 4)
(18, 6, 4)
(18, 7, 1)
(19, 4, 1)
(19, 6, 10)
(19, 7, 1)
(20, 6, 1)
(20, 15, 1)
(20, 18, 2)
(22, 1, 1)
(22, 3, 1)
(22, 6, 2)
(22, 7, 1)
(22, 14, 1)
(22, 18, 3)
(23, 15, 1)
(24, 1, 1)
(24, 6, 1)
(24, 7, 1)
(26, 6, 1)
(26, 15, 2)
(28, 2, 1)
(28, 6, 1)
(29, 6, 1)
(30, 3, 1)
(31, 4, 1)
(31, 6, 1)
(32, 6, 1)
(33, 5, 1)
(34, 1, 5)
(34, 6, 2)
(35, 1, 4)
(35, 6, 1)
(35, 7, 1)
(36, 1, 3)
(36, 6, 1)
(36, 36, 1)
(37, 6, 1)
(37, 15, 1)
(37, 25, 1)
(38, 6, 3)
(38, 10, 1)
(38, 12, 1)
(38, 13, 1)
(39, 6, 5)
xi_2:
(37, 36, 1)
(38, 15, 1)
(38, 25, 1)
(39, 12, 1)
(39, 13, 1)
