x-grades
-575553193945059121/1000000000000000000
-283001351754847821/500000000000000000
-556452213074332163/1000000000000000000
-136725430659742171/250000000000000000
-107470246440721041/200000000000000000
-263900370884120863/500000000000000000
-518250251332878247/1000000000000000000
-31793735056094673/62500000000000000
-499149270462151289/1000000000000000000
-48959878002678781/100000000000000000
-480048289591424331/1000000000000000000
-117624449789015213/250000000000000000
-460947308720697373/1000000000000000000
-225698409142666947/500000000000000000
-88369265569994083/200000000000000000
-54036979676825867/125000000000000000
-422745346979243457/1000000000000000000
-206597428271939989/500000000000000000
-403644366108516499/1000000000000000000
-19704693783657651/50000000000000000
-384543385237789541/1000000000000000000
-187496447401213031/500000000000000000
-365442404367062583/1000000000000000000
-11121622310365597/31250000000000000
-554146277594137/1600000000000000
-168395466530486073/500000000000000000
-327240442625608667/1000000000000000000
-79422488047561297/250000000000000000
-308139461754881709/1000000000000000000
-29858897131951823/100000000000000000
-289038480884154751/1000000000000000000
-34935998806098909/125000000000000000
-269937500013427793/1000000000000000000
-130193504789032157/500000000000000000
-50167303828540167/200000000000000000
-60321507176834339/250000000000000000
-231735538271973877/1000000000000000000
-111092523918305199/500000000000000000
-212634557401246919/1000000000000000000
-2538550837073543/12500000000000000

y-grades
1249999/5000000
1249999/2500000
3749997/5000000
1249999/1250000
1249999/1000000
3749997/2500000
8749993/5000000
1249999/625000
11249991/5000000
1249999/500000
13749989/5000000
3749997/1250000
16249987/5000000
8749993/2500000
3749997/1000000
1249999/312500
21249983/5000000
11249991/2500000
23749981/5000000
1249999/250000
26249979/5000000
13749989/2500000
28749977/5000000
3749997/625000
1249999/200000
16249987/2500000
33749973/5000000
8749993/1250000
36249971/5000000
3749997/500000
38749969/5000000
1249999/156250
41249967/5000000
21249983/2500000
8749993/1000000
11249991/1250000
46249963/5000000
23749981/2500000
48749961/5000000
1249999/125000

Dimensions > 0:
(0, 0, 2)
(0, 1, 2)
(0, 2, 2)
(0, 3, 2)
(0, 4, 1)
(0, 5, 1)
(0, 6, 1)
(0, 7, 1)
(0, 8, 1)
(0, 9, 1)
(0, 10, 1)
(0, 11, 1)
(0, 12, 1)
(0, 13, 1)
(0, 14, 1)
(0, 15, 1)
(0, 16, 1)
(0, 17, 1)
(0, 18, 1)
(0, 19, 1)
(0, 20, 1)
(0, 21, 1)
(0, 22, 1)
(0, 23, 1)
(0, 24, 1)
(0, 25, 1)
(0, 26, 1)
(0, 27, 1)
(0, 28, 1)
(0, 29, 1)
(0, 30, 1)
(0, 31, 1)
(0, 32, 1)
(0, 33, 1)
(0, 34, 1)
(0, 35, 1)
(0, 36, 1)
(0, 37, 1)
(0, 38, 1)
(0, 39, 1)

(1, 0, 3)
(1, 1, 2)
(1, 2, 2)
(1, 3, 2)
(1, 4, 1)
(1, 5, 1)
(1, 6, 1)
(1, 7, 1)
(1, 8, 1)
(1, 9, 1)
(1, 10, 1)
(1, 11, 1)
(1, 12, 1)
(1, 13, 1)
(1, 14, 1)
(1, 15, 1)
(1, 16, 1)
(1, 17, 1)
(1, 18, 1)
(1, 19, 1)
(1, 20, 1)
(1, 21, 1)
(1, 22, 1)
(1, 23, 1)
(1, 24, 1)
(1, 25, 1)
(1, 26, 1)
(1, 27, 1)
(1, 28, 1)
(1, 29, 1)
(1, 30, 1)
(1, 31, 1)
(1, 32, 1)
(1, 33, 1)
(1, 34, 1)
(1, 35, 1)
(1, 36, 1)
(1, 37, 1)
(1, 38, 1)
(1, 39, 1)

(2, 0, 3)
(2, 1, 2)
(2, 2, 2)
(2, 3, 2)
(2, 4, 1)
(2, 5, 1)
(2, 6, 1)
(2, 7, 1)
(2, 8, 1)
(2, 9, 1)
(2, 10, 1)
(2, 11, 1)
(2, 12, 1)
(2, 13, 1)
(2, 14, 1)
(2, 15, 1)
(2, 16, 1)
(2, 17, 1)
(2, 18, 1)
(2, 19, 1)
(2, 20, 1)
(2, 21, 1)
(2, 22, 1)
(2, 23, 1)
(2, 24, 1)
(2, 25, 1)
(2, 26, 1)
(2, 27, 1)
(2, 28, 1)
(2, 29, 1)
(2, 30, 1)
(2, 31, 1)
(2, 32, 1)
(2, 33, 1)
(2, 34, 1)
(2, 35, 1)
(2, 36, 1)
(2, 37, 1)
(2, 38, 1)
(2, 39, 1)

(3, 0, 4)
(3, 1, 2)
(3, 2, 2)
(3, 3, 2)
(3, 4, 1)
(3, 5, 1)
(3, 6, 1)
(3, 7, 1)
(3, 8, 1)
(3, 9, 1)
(3, 10, 1)
(3, 11, 1)
(3, 12, 1)
(3, 13, 1)
(3, 14, 1)
(3, 15, 1)
(3, 16, 1)
(3, 17, 1)
(3, 18, 1)
(3, 19, 1)
(3, 20, 1)
(3, 21, 1)
(3, 22, 1)
(3, 23, 1)
(3, 24, 1)
(3, 25, 1)
(3, 26, 1)
(3, 27, 1)
(3, 28, 1)
(3, 29, 1)
(3, 30, 1)
(3, 31, 1)
(3, 32, 1)
(3, 33, 1)
(3, 34, 1)
(3, 35, 1)
(3, 36, 1)
(3, 37, 1)
(3, 38, 1)
(3, 39, 1)

(4, 0, 5)
(4, 1, 2)
(4, 2, 2)
(4, 3, 2)
(4, 4, 1)
(4, 5, 1)
(4, 6, 1)
(4, 7, 1)
(4, 8, 1)
(4, 9, 1)
(4, 10, 1)
(4, 11, 1)
(4, 12, 1)
(4, 13, 1)
(4, 14, 1)
(4, 15, 1)
(4, 16, 1)
(4, 17, 1)
(4, 18, 1)
(4, 19, 1)
(4, 20, 1)
(4, 21, 1)
(4, 22, 1)
(4, 23, 1)
(4, 24, 1)
(4, 25, 1)
(4, 26, 1)
(4, 27, 1)
(4, 28, 1)
(4, 29, 1)
(4, 30, 1)
(4, 31, 1)
(4, 32, 1)
(4, 33, 1)
(4, 34, 1)
(4, 35, 1)
(4, 36, 1)
(4, 37, 1)
(4, 38, 1)
(4, 39, 1)

(5, 0, 6)
(5, 1, 2)
(5, 2, 2)
(5, 3, 2)
(5, 4, 1)
(5, 5, 1)
(5, 6, 1)
(5, 7, 1)
(5, 8, 1)
(5, 9, 1)
(5, 10, 1)
(5, 11, 1)
(5, 12, 1)
(5, 13, 1)
(5, 14, 1)
(5, 15, 1)
(5, 16, 1)
(5, 17, 1)
(5, 18, 1)
(5, 19, 1)
(5, 20, 1)
(5, 21, 1)
(5, 22, 1)
(5, 23, 1)
(5, 24, 1)
(5, 25, 1)
(5, 26, 1)
(5, 27, 1)
(5, 28, 1)
(5, 29, 1)
(5, 30, 1)
(5, 31, 1)
(5, 32, 1)
(5, 33, 1)
(5, 34, 1)
(5, 35, 1)
(5, 36, 1)
(5, 37, 1)
(5, 38, 1)
(5, 39, 1)

(6, 0, 8)
(6, 1, 2)
(6, 2, 2)
(6, 3, 2)
(6, 4, 1)
(6, 5, 1)
(6, 6, 1)
(6, 7, 1)
(6, 8, 1)
(6, 9, 1)
(6, 10, 1)
(6, 11, 1)
(6, 12, 1)
(6, 13, 1)
(6, 14, 1)
(6, 15, 1)
(6, 16, 1)
(6, 17, 1)
(6, 18, 1)
(6, 19, 1)
(6, 20, 1)
(6, 21, 1)
(6, 22, 1)
(6, 23, 1)
(6, 24, 1)
(6, 25, 1)
(6, 26, 1)
(6, 27, 1)
(6, 28, 1)
(6, 29, 1)
(6, 30, 1)
(6, 31, 1)
(6, 32, 1)
(6, 33, 1)
(6, 34, 1)
(6, 35, 1)
(6, 36, 1)
(6, 37, 1)
(6, 38, 1)
(6, 39, 1)

(7, 0, 8)
(7, 1, 2)
(7, 2, 2)
(7, 3, 2)
(7, 4, 1)
(7, 5, 1)
(7, 6, 1)
(7, 7, 1)
(7, 8, 1)
(7, 9, 1)
(7, 10, 1)
(7, 11, 1)
(7, 12, 1)
(7, 13, 1)
(7, 14, 1)
(7, 15, 1)
(7, 16, 1)
(7, 17, 1)
(7, 18, 1)
(7, 19, 1)
(7, 20, 1)
(7, 21, 1)
(7, 22, 1)
(7, 23, 1)
(7, 24, 1)
(7, 25, 1)
(7, 26, 1)
(7, 27, 1)
(7, 28, 1)
(7, 29, 1)
(7, 30, 1)
(7, 31, 1)
(7, 32, 1)
(7, 33, 1)
(7, 34, 1)
(7, 35, 1)
(7, 36, 1)
(7, 37, 1)
(7, 38, 1)
(7, 39, 1)

(8, 0, 16)
(8, 1, 4)
(8, 2, 4)
(8, 3, 4)
(8, 4, 2)
(8, 5, 2)
(8, 6, 2)
(8, 7, 2)
(8, 8, 2)
(8, 9, 2)
(8, 10, 2)
(8, 11, 2)
(8, 12, 2)
(8, 13, 2)
(8, 14, 2)
(8, 15, 2)
(8, 16, 2)
(8, 17, 2)
(8, 18, 2)
(8, 19, 2)
(8, 20, 2)
(8, 21, 2)
(8, 22, 2)
(8, 23, 2)
(8, 24, 2)
(8, 25, 2)
(8, 26, 2)
(8, 27, 2)
(8, 28, 2)
(8, 29, 2)
(8, 30, 2)
(8, 31, 2)
(8, 32, 2)
(8, 33, 2)
(8, 34, 2)
(8, 35, 2)
(8, 36, 2)
(8, 37, 1)
(8, 38, 1)
(8, 39, 1)

(9, 0, 18)
(9, 1, 4)
(9, 2, 4)
(9, 3, 4)
(9, 4, 2)
(9, 5, 2)
(9, 6, 2)
(9, 7, 2)
(9, 8, 2)
(9, 9, 2)
(9, 10, 2)
(9, 11, 2)
(9, 12, 2)
(9, 13, 2)
(9, 14, 2)
(9, 15, 2)
(9, 16, 2)
(9, 17, 2)
(9, 18, 2)
(9, 19, 2)
(9, 20, 2)
(9, 21, 2)
(9, 22, 2)
(9, 23, 2)
(9, 24, 2)
(9, 25, 2)
(9, 26, 2)
(9, 27, 2)
(9, 28, 2)
(9, 29, 2)
(9, 30, 1)
(9, 31, 1)
(9, 32, 1)
(9, 33, 1)
(9, 34, 1)
(9, 35, 1)
(9, 36, 1)
(9, 37, 1)
(9, 38, 1)
(9, 39, 1)

(10, 0, 28)
(10, 1, 8)
(10, 2, 7)
(10, 3, 7)
(10, 4, 3)
(10, 5, 3)
(10, 6, 3)
(10, 7, 3)
(10, 8, 3)
(10, 9, 3)
(10, 10, 3)
(10, 11, 3)
(10, 12, 3)
(10, 13, 3)
(10, 14, 3)
(10, 15, 3)
(10, 16, 3)
(10, 17, 3)
(10, 18, 3)
(10, 19, 3)
(10, 20, 2)
(10, 21, 2)
(10, 22, 2)
(10, 23, 2)
(10, 24, 2)
(10, 25, 2)
(10, 26, 2)
(10, 27, 2)
(10, 28, 2)
(10, 29, 2)
(10, 30, 2)
(10, 31, 2)
(10, 32, 2)
(10, 33, 2)
(10, 34, 2)
(10, 35, 2)
(10, 36, 2)
(10, 37, 2)
(10, 38, 2)
(10, 39, 2)

(11, 0, 41)
(11, 1, 8)
(11, 2, 6)
(11, 3, 6)
(11, 4, 2)
(11, 5, 2)
(11, 6, 2)
(11, 7, 2)
(11, 8, 2)
(11, 9, 2)
(11, 10, 2)
(11, 11, 2)
(11, 12, 2)
(11, 13, 2)
(11, 14, 2)
(11, 15, 2)
(11, 16, 2)
(11, 17, 2)
(11, 18, 2)
(11, 19, 2)
(11, 20, 2)
(11, 21, 2)
(11, 22, 2)
(11, 23, 2)
(11, 24, 2)
(11, 25, 2)
(11, 26, 2)
(11, 27, 2)
(11, 28, 2)
(11, 29, 2)
(11, 30, 2)
(11, 31, 2)
(11, 32, 2)
(11, 33, 2)
(11, 34, 2)
(11, 35, 2)
(11, 36, 2)
(11, 37, 2)
(11, 38, 2)
(11, 39, 2)

(12, 0, 45)
(12, 1, 9)
(12, 2, 7)
(12, 3, 7)
(12, 4, 2)
(12, 5, 2)
(12, 6, 2)
(12, 7, 2)
(12, 8, 2)
(12, 9, 2)
(12, 10, 2)
(12, 11, 2)
(12, 12, 2)
(12, 13, 2)
(12, 14, 2)
(12, 15, 2)
(12, 16, 2)
(12, 17, 2)
(12, 18, 2)
(12, 19, 2)
(12, 20, 2)
(12, 21, 2)
(12, 22, 2)
(12, 23, 2)
(12, 24, 2)
(12, 25, 2)
(12, 26, 2)
(12, 27, 2)
(12, 28, 2)
(12, 29, 2)
(12, 30, 2)
(12, 31, 2)
(12, 32, 2)
(12, 33, 2)
(12, 34, 2)
(12, 35, 2)
(12, 36, 2)
(12, 37, 2)
(12, 38, 2)
(12, 39, 2)

(13, 0, 52)
(13, 1, 11)
(13, 2, 9)
(13, 3, 9)
(13, 4, 3)
(13, 5, 3)
(13, 6, 3)
(13, 7, 3)
(13, 8, 2)
(13, 9, 2)
(13, 10, 2)
(13, 11, 2)
(13, 12, 2)
(13, 13, 2)
(13, 14, 2)
(13, 15, 2)
(13, 16, 2)
(13, 17, 2)
(13, 18, 2)
(13, 19, 2)
(13, 20, 2)
(13, 21, 2)
(13, 22, 2)
(13, 23, 2)
(13, 24, 2)
(13, 25, 2)
(13, 26, 2)
(13, 27, 2)
(13, 28, 2)
(13, 29, 2)
(13, 30, 2)
(13, 31, 2)
(13, 32, 2)
(13, 33, 2)
(13, 34, 2)
(13, 35, 2)
(13, 36, 2)
(13, 37, 2)
(13, 38, 2)
(13, 39, 2)

(14, 0, 60)
(14, 1, 12)
(14, 2, 8)
(14, 3, 8)
(14, 4, 3)
(14, 5, 3)
(14, 6, 3)
(14, 7, 3)
(14, 8, 2)
(14, 9, 2)
(14, 10, 2)
(14, 11, 2)
(14, 12, 2)
(14, 13, 2)
(14, 14, 2)
(14, 15, 2)
(14, 16, 2)
(14, 17, 2)
(14, 18, 2)
(14, 19, 2)
(14, 20, 2)
(14, 21, 2)
(14, 22, 2)
(14, 23, 2)
(14, 24, 2)
(14, 25, 2)
(14, 26, 2)
(14, 27, 2)
(14, 28, 2)
(14, 29, 2)
(14, 30, 2)
(14, 31, 2)
(14, 32, 2)
(14, 33, 2)
(14, 34, 2)
(14, 35, 2)
(14, 36, 2)
(14, 37, 2)
(14, 38, 2)
(14, 39, 2)

(15, 0, 66)
(15, 1, 14)
(15, 2, 8)
(15, 3, 8)
(15, 4, 3)
(15, 5, 3)
(15, 6, 3)
(15, 7, 3)
(15, 8, 2)
(15, 9, 2)
(15, 10, 2)
(15, 11, 2)
(15, 12, 2)
(15, 13, 2)
(15, 14, 2)
(15, 15, 2)
(15, 16, 2)
(15, 17, 2)
(15, 18, 2)
(15, 19, 2)
(15, 20, 2)
(15, 21, 2)
(15, 22, 2)
(15, 23, 2)
(15, 24, 2)
(15, 25, 2)
(15, 26, 2)
(15, 27, 2)
(15, 28, 2)
(15, 29, 2)
(15, 30, 2)
(15, 31, 2)
(15, 32, 2)
(15, 33, 2)
(15, 34, 2)
(15, 35, 2)
(15, 36, 2)
(15, 37, 2)
(15, 38, 2)
(15, 39, 2)

(16, 0, 68)
(16, 1, 16)
(16, 2, 10)
(16, 3, 9)
(16, 4, 4)
(16, 5, 4)
(16, 6, 4)
(16, 7, 4)
(16, 8, 3)
(16, 9, 3)
(16, 10, 3)
(16, 11, 3)
(16, 12, 3)
(16, 13, 3)
(16, 14, 3)
(16, 15, 3)
(16, 16, 3)
(16, 17, 3)
(16, 18, 3)
(16, 19, 3)
(16, 20, 3)
(16, 21, 3)
(16, 22, 3)
(16, 23, 3)
(16, 24, 3)
(16, 25, 3)
(16, 26, 3)
(16, 27, 3)
(16, 28, 3)
(16, 29, 3)
(16, 30, 3)
(16, 31, 2)
(16, 32, 2)
(16, 33, 2)
(16, 34, 2)
(16, 35, 2)
(16, 36, 2)
(16, 37, 2)
(16, 38, 2)
(16, 39, 2)

(17, 0, 73)
(17, 1, 18)
(17, 2, 11)
(17, 3, 10)
(17, 4, 5)
(17, 5, 5)
(17, 6, 5)
(17, 7, 5)
(17, 8, 3)
(17, 9, 3)
(17, 10, 3)
(17, 11, 3)
(17, 12, 3)
(17, 13, 3)
(17, 14, 3)
(17, 15, 3)
(17, 16, 3)
(17, 17, 3)
(17, 18, 3)
(17, 19, 3)
(17, 20, 3)
(17, 21, 3)
(17, 22, 3)
(17, 23, 3)
(17, 24, 3)
(17, 25, 3)
(17, 26, 3)
(17, 27, 3)
(17, 28, 3)
(17, 29, 3)
(17, 30, 3)
(17, 31, 2)
(17, 32, 2)
(17, 33, 2)
(17, 34, 2)
(17, 35, 2)
(17, 36, 2)
(17, 37, 2)
(17, 38, 2)
(17, 39, 2)

(18, 0, 75)
(18, 1, 18)
(18, 2, 11)
(18, 3, 10)
(18, 4, 5)
(18, 5, 5)
(18, 6, 5)
(18, 7, 5)
(18, 8, 3)
(18, 9, 3)
(18, 10, 3)
(18, 11, 3)
(18, 12, 3)
(18, 13, 3)
(18, 14, 3)
(18, 15, 3)
(18, 16, 3)
(18, 17, 3)
(18, 18, 3)
(18, 19, 3)
(18, 20, 3)
(18, 21, 3)
(18, 22, 3)
(18, 23, 3)
(18, 24, 3)
(18, 25, 3)
(18, 26, 3)
(18, 27, 3)
(18, 28, 3)
(18, 29, 3)
(18, 30, 2)
(18, 31, 2)
(18, 32, 2)
(18, 33, 2)
(18, 34, 2)
(18, 35, 2)
(18, 36, 2)
(18, 37, 2)
(18, 38, 2)
(18, 39, 2)

(19, 0, 78)
(19, 1, 19)
(19, 2, 11)
(19, 3, 10)
(19, 4, 5)
(19, 5, 5)
(19, 6, 5)
(19, 7, 5)
(19, 8, 3)
(19, 9, 3)
(19, 10, 3)
(19, 11, 3)
(19, 12, 3)
(19, 13, 3)
(19, 14, 3)
(19, 15, 3)
(19, 16, 3)
(19, 17, 3)
(19, 18, 3)
(19, 19, 3)
(19, 20, 3)
(19, 21, 3)
(19, 22, 3)
(19, 23, 3)
(19, 24, 3)
(19, 25, 3)
(19, 26, 3)
(19, 27, 3)
(19, 28, 3)
(19, 29, 3)
(19, 30, 2)
(19, 31, 2)
(19, 32, 2)
(19, 33, 2)
(19, 34, 2)
(19, 35, 2)
(19, 36, 2)
(19, 37, 2)
(19, 38, 2)
(19, 39, 2)

(20, 0, 86)
(20, 1, 21)
(20, 2, 13)
(20, 3, 11)
(20, 4, 6)
(20, 5, 6)
(20, 6, 5)
(20, 7, 5)
(20, 8, 4)
(20, 9, 4)
(20, 10, 4)
(20, 11, 4)
(20, 12, 4)
(20, 13, 4)
(20, 14, 4)
(20, 15, 4)
(20, 16, 4)
(20, 17, 4)
(20, 18, 4)
(20, 19, 4)
(20, 20, 4)
(20, 21, 4)
(20, 22, 4)
(20, 23, 4)
(20, 24, 3)
(20, 25, 2)
(20, 26, 2)
(20, 27, 2)
(20, 28, 2)
(20, 29, 2)
(20, 30, 2)
(20, 31, 2)
(20, 32, 2)
(20, 33, 2)
(20, 34, 2)
(20, 35, 2)
(20, 36, 2)
(20, 37, 2)
(20, 38, 2)
(20, 39, 2)

(21, 0, 90)
(21, 1, 22)
(21, 2, 14)
(21, 3, 12)
(21, 4, 6)
(21, 5, 6)
(21, 6, 6)
(21, 7, 6)
(21, 8, 4)
(21, 9, 4)
(21, 10, 4)
(21, 11, 4)
(21, 12, 4)
(21, 13, 4)
(21, 14, 4)
(21, 15, 4)
(21, 16, 4)
(21, 17, 4)
(21, 18, 4)
(21, 19, 4)
(21, 20, 4)
(21, 21, 4)
(21, 22, 4)
(21, 23, 4)
(21, 24, 3)
(21, 25, 2)
(21, 26, 2)
(21, 27, 2)
(21, 28, 2)
(21, 29, 2)
(21, 30, 2)
(21, 31, 2)
(21, 32, 2)
(21, 33, 2)
(21, 34, 2)
(21, 35, 2)
(21, 36, 2)
(21, 37, 2)
(21, 38, 2)
(21, 39, 2)

(22, 0, 92)
(22, 1, 23)
(22, 2, 14)
(22, 3, 12)
(22, 4, 6)
(22, 5, 6)
(22, 6, 6)
(22, 7, 5)
(22, 8, 4)
(22, 9, 4)
(22, 10, 4)
(22, 11, 4)
(22, 12, 4)
(22, 13, 4)
(22, 14, 4)
(22, 15, 4)
(22, 16, 4)
(22, 17, 4)
(22, 18, 4)
(22, 19, 4)
(22, 20, 4)
(22, 21, 4)
(22, 22, 4)
(22, 23, 4)
(22, 24, 3)
(22, 25, 2)
(22, 26, 2)
(22, 27, 2)
(22, 28, 2)
(22, 29, 2)
(22, 30, 2)
(22, 31, 2)
(22, 32, 2)
(22, 33, 2)
(22, 34, 2)
(22, 35, 2)
(22, 36, 2)
(22, 37, 2)
(22, 38, 2)
(22, 39, 2)

(23, 0, 95)
(23, 1, 25)
(23, 2, 15)
(23, 3, 13)
(23, 4, 7)
(23, 5, 7)
(23, 6, 7)
(23, 7, 6)
(23, 8, 5)
(23, 9, 5)
(23, 10, 5)
(23, 11, 5)
(23, 12, 5)
(23, 13, 5)
(23, 14, 5)
(23, 15, 5)
(23, 16, 4)
(23, 17, 3)
(23, 18, 3)
(23, 19, 3)
(23, 20, 3)
(23, 21, 3)
(23, 22, 3)
(23, 23, 3)
(23, 24, 2)
(23, 25, 2)
(23, 26, 2)
(23, 27, 2)
(23, 28, 2)
(23, 29, 2)
(23, 30, 2)
(23, 31, 2)
(23, 32, 2)
(23, 33, 2)
(23, 34, 2)
(23, 35, 2)
(23, 36, 2)
(23, 37, 2)
(23, 38, 2)
(23, 39, 2)

(24, 0, 101)
(24, 1, 30)
(24, 2, 19)
(24, 3, 16)
(24, 4, 10)
(24, 5, 10)
(24, 6, 10)
(24, 7, 9)
(24, 8, 7)
(24, 9, 7)
(24, 10, 7)
(24, 11, 7)
(24, 12, 6)
(24, 13, 6)
(24, 14, 6)
(24, 15, 5)
(24, 16, 5)
(24, 17, 4)
(24, 18, 4)
(24, 19, 4)
(24, 20, 4)
(24, 21, 4)
(24, 22, 4)
(24, 23, 4)
(24, 24, 2)
(24, 25, 2)
(24, 26, 2)
(24, 27, 2)
(24, 28, 2)
(24, 29, 2)
(24, 30, 2)
(24, 31, 2)
(24, 32, 2)
(24, 33, 2)
(24, 34, 2)
(24, 35, 2)
(24, 36, 2)
(24, 37, 1)
(24, 38, 1)
(24, 39, 1)

(25, 0, 109)
(25, 1, 36)
(25, 2, 23)
(25, 3, 19)
(25, 4, 12)
(25, 5, 12)
(25, 6, 12)
(25, 7, 11)
(25, 8, 9)
(25, 9, 9)
(25, 10, 9)
(25, 11, 8)
(25, 12, 7)
(25, 13, 6)
(25, 14, 6)
(25, 15, 5)
(25, 16, 5)
(25, 17, 4)
(25, 18, 4)
(25, 19, 4)
(25, 20, 4)
(25, 21, 4)
(25, 22, 4)
(25, 23, 4)
(25, 24, 2)
(25, 25, 2)
(25, 26, 2)
(25, 27, 2)
(25, 28, 2)
(25, 29, 2)
(25, 30, 2)
(25, 31, 2)
(25, 32, 2)
(25, 33, 2)
(25, 34, 2)
(25, 35, 2)
(25, 36, 2)
(25, 37, 1)
(25, 38, 1)
(25, 39, 1)

(26, 0, 117)
(26, 1, 40)
(26, 2, 25)
(26, 3, 21)
(26, 4, 14)
(26, 5, 14)
(26, 6, 13)
(26, 7, 10)
(26, 8, 9)
(26, 9, 9)
(26, 10, 9)
(26, 11, 8)
(26, 12, 6)
(26, 13, 6)
(26, 14, 6)
(26, 15, 5)
(26, 16, 5)
(26, 17, 4)
(26, 18, 4)
(26, 19, 4)
(26, 20, 3)
(26, 21, 3)
(26, 22, 3)
(26, 23, 3)
(26, 24, 1)
(26, 25, 1)
(26, 26, 1)
(26, 27, 1)
(26, 28, 1)
(26, 29, 1)
(26, 30, 1)
(26, 31, 1)
(26, 32, 1)
(26, 33, 1)
(26, 34, 1)
(26, 35, 1)
(26, 36, 1)
(26, 37, 1)
(26, 38, 1)
(26, 39, 1)

(27, 0, 128)
(27, 1, 43)
(27, 2, 26)
(27, 3, 22)
(27, 4, 15)
(27, 5, 15)
(27, 6, 13)
(27, 7, 11)
(27, 8, 10)
(27, 9, 10)
(27, 10, 10)
(27, 11, 9)
(27, 12, 7)
(27, 13, 7)
(27, 14, 7)
(27, 15, 5)
(27, 16, 5)
(27, 17, 3)
(27, 18, 3)
(27, 19, 3)
(27, 20, 3)
(27, 21, 3)
(27, 22, 3)
(27, 23, 3)
(27, 24, 1)
(27, 25, 1)
(27, 26, 1)
(27, 27, 1)
(27, 28, 1)
(27, 29, 1)
(27, 30, 1)
(27, 31, 1)
(27, 32, 1)
(27, 33, 1)
(27, 34, 1)
(27, 35, 1)
(27, 36, 1)
(27, 37, 1)
(27, 38, 1)
(27, 39, 1)

(28, 0, 131)
(28, 1, 44)
(28, 2, 26)
(28, 3, 22)
(28, 4, 15)
(28, 5, 15)
(28, 6, 13)
(28, 7, 11)
(28, 8, 10)
(28, 9, 10)
(28, 10, 10)
(28, 11, 9)
(28, 12, 7)
(28, 13, 7)
(28, 14, 7)
(28, 15, 5)
(28, 16, 5)
(28, 17, 3)
(28, 18, 3)
(28, 19, 3)
(28, 20, 3)
(28, 21, 3)
(28, 22, 3)
(28, 23, 3)
(28, 24, 1)
(28, 25, 1)
(28, 26, 1)
(28, 27, 1)
(28, 28, 1)
(28, 29, 1)
(28, 30, 1)
(28, 31, 1)
(28, 32, 1)
(28, 33, 1)
(28, 34, 1)
(28, 35, 1)
(28, 36, 1)
(28, 37, 1)
(28, 38, 1)
(28, 39, 1)

(29, 0, 136)
(29, 1, 46)
(29, 2, 27)
(29, 3, 23)
(29, 4, 16)
(29, 5, 16)
(29, 6, 14)
(29, 7, 12)
(29, 8, 11)
(29, 9, 10)
(29, 10, 10)
(29, 11, 9)
(29, 12, 7)
(29, 13, 7)
(29, 14, 7)
(29, 15, 5)
(29, 16, 5)
(29, 17, 3)
(29, 18, 3)
(29, 19, 3)
(29, 20, 3)
(29, 21, 3)
(29, 22, 3)
(29, 23, 3)
(29, 24, 1)
(29, 25, 1)
(29, 26, 1)
(29, 27, 1)
(29, 28, 1)
(29, 29, 1)
(29, 30, 1)
(29, 31, 1)
(29, 32, 1)
(29, 33, 1)
(29, 34, 1)
(29, 35, 1)
(29, 36, 1)
(29, 37, 1)
(29, 38, 1)
(29, 39, 1)

(30, 0, 139)
(30, 1, 47)
(30, 2, 27)
(30, 3, 23)
(30, 4, 16)
(30, 5, 16)
(30, 6, 14)
(30, 7, 12)
(30, 8, 11)
(30, 9, 10)
(30, 10, 10)
(30, 11, 9)
(30, 12, 7)
(30, 13, 7)
(30, 14, 7)
(30, 15, 5)
(30, 16, 5)
(30, 17, 3)
(30, 18, 3)
(30, 19, 3)
(30, 20, 3)
(30, 21, 3)
(30, 22, 3)
(30, 23, 3)
(30, 24, 1)
(30, 25, 1)
(30, 26, 1)
(30, 27, 1)
(30, 28, 1)
(30, 29, 1)
(30, 30, 1)
(30, 31, 1)
(30, 32, 1)
(30, 33, 1)
(30, 34, 1)
(30, 35, 1)
(30, 36, 1)
(30, 37, 1)
(30, 38, 1)
(30, 39, 1)

(31, 0, 144)
(31, 1, 50)
(31, 2, 30)
(31, 3, 25)
(31, 4, 17)
(31, 5, 17)
(31, 6, 15)
(31, 7, 13)
(31, 8, 12)
(31, 9, 11)
(31, 10, 11)
(31, 11, 10)
(31, 12, 8)
(31, 13, 8)
(31, 14, 8)
(31, 15, 4)
(31, 16, 4)
(31, 17, 3)
(31, 18, 3)
(31, 19, 3)
(31, 20, 3)
(31, 21, 3)
(31, 22, 3)
(31, 23, 3)
(31, 24, 1)
(31, 25, 1)
(31, 26, 1)
(31, 27, 1)
(31, 28, 1)
(31, 29, 1)
(31, 30, 1)
(31, 31, 1)
(31, 32, 1)
(31, 33, 1)
(31, 34, 1)
(31, 35, 1)
(31, 36, 1)
(31, 37, 1)
(31, 38, 1)
(31, 39, 1)

(32, 0, 147)
(32, 1, 51)
(32, 2, 31)
(32, 3, 26)
(32, 4, 18)
(32, 5, 18)
(32, 6, 16)
(32, 7, 13)
(32, 8, 12)
(32, 9, 11)
(32, 10, 11)
(32, 11, 10)
(32, 12, 8)
(32, 13, 8)
(32, 14, 8)
(32, 15, 4)
(32, 16, 4)
(32, 17, 3)
(32, 18, 3)
(32, 19, 2)
(32, 20, 2)
(32, 21, 2)
(32, 22, 2)
(32, 23, 2)
(32, 24, 1)
(32, 25, 1)
(32, 26, 1)
(32, 27, 1)
(32, 28, 1)
(32, 29, 1)
(32, 30, 1)
(32, 31, 1)
(32, 32, 1)
(32, 33, 1)
(32, 34, 1)
(32, 35, 1)
(32, 36, 1)
(32, 37, 1)
(32, 38, 1)
(32, 39, 1)

(33, 0, 148)
(33, 1, 51)
(33, 2, 31)
(33, 3, 26)
(33, 4, 18)
(33, 5, 18)
(33, 6, 15)
(33, 7, 13)
(33, 8, 12)
(33, 9, 11)
(33, 10, 11)
(33, 11, 10)
(33, 12, 8)
(33, 13, 8)
(33, 14, 8)
(33, 15, 4)
(33, 16, 4)
(33, 17, 3)
(33, 18, 3)
(33, 19, 2)
(33, 20, 2)
(33, 21, 2)
(33, 22, 2)
(33, 23, 2)
(33, 24, 1)
(33, 25, 1)
(33, 26, 1)
(33, 27, 1)
(33, 28, 1)
(33, 29, 1)
(33, 30, 1)
(33, 31, 1)
(33, 32, 1)
(33, 33, 1)
(33, 34, 1)
(33, 35, 1)
(33, 36, 1)
(33, 37, 1)
(33, 38, 1)
(33, 39, 1)

(34, 0, 150)
(34, 1, 52)
(34, 2, 31)
(34, 3, 26)
(34, 4, 18)
(34, 5, 18)
(34, 6, 15)
(34, 7, 13)
(34, 8, 12)
(34, 9, 11)
(34, 10, 11)
(34, 11, 10)
(34, 12, 8)
(34, 13, 8)
(34, 14, 8)
(34, 15, 4)
(34, 16, 4)
(34, 17, 3)
(34, 18, 3)
(34, 19, 2)
(34, 20, 2)
(34, 21, 2)
(34, 22, 2)
(34, 23, 2)
(34, 24, 1)
(34, 25, 1)
(34, 26, 1)
(34, 27, 1)
(34, 28, 1)
(34, 29, 1)
(34, 30, 1)
(34, 31, 1)
(34, 32, 1)
(34, 33, 1)
(34, 34, 1)
(34, 35, 1)
(34, 36, 1)
(34, 37, 1)
(34, 38, 1)
(34, 39, 1)

(35, 0, 154)
(35, 1, 52)
(35, 2, 31)
(35, 3, 26)
(35, 4, 18)
(35, 5, 18)
(35, 6, 15)
(35, 7, 13)
(35, 8, 12)
(35, 9, 11)
(35, 10, 11)
(35, 11, 10)
(35, 12, 8)
(35, 13, 8)
(35, 14, 8)
(35, 15, 4)
(35, 16, 4)
(35, 17, 3)
(35, 18, 3)
(35, 19, 2)
(35, 20, 2)
(35, 21, 2)
(35, 22, 2)
(35, 23, 2)
(35, 24, 1)
(35, 25, 1)
(35, 26, 1)
(35, 27, 1)
(35, 28, 1)
(35, 29, 1)
(35, 30, 1)
(35, 31, 1)
(35, 32, 1)
(35, 33, 1)
(35, 34, 1)
(35, 35, 1)
(35, 36, 1)
(35, 37, 1)
(35, 38, 1)
(35, 39, 1)

(36, 0, 162)
(36, 1, 52)
(36, 2, 31)
(36, 3, 26)
(36, 4, 18)
(36, 5, 18)
(36, 6, 15)
(36, 7, 13)
(36, 8, 12)
(36, 9, 11)
(36, 10, 11)
(36, 11, 10)
(36, 12, 8)
(36, 13, 8)
(36, 14, 8)
(36, 15, 4)
(36, 16, 4)
(36, 17, 3)
(36, 18, 3)
(36, 19, 2)
(36, 20, 2)
(36, 21, 2)
(36, 22, 2)
(36, 23, 2)
(36, 24, 1)
(36, 25, 1)
(36, 26, 1)
(36, 27, 1)
(36, 28, 1)
(36, 29, 1)
(36, 30, 1)
(36, 31, 1)
(36, 32, 1)
(36, 33, 1)
(36, 34, 1)
(36, 35, 1)
(36, 36, 1)
(36, 37, 1)
(36, 38, 1)
(36, 39, 1)

(37, 0, 169)
(37, 1, 53)
(37, 2, 32)
(37, 3, 27)
(37, 4, 19)
(37, 5, 19)
(37, 6, 16)
(37, 7, 14)
(37, 8, 13)
(37, 9, 11)
(37, 10, 11)
(37, 11, 10)
(37, 12, 8)
(37, 13, 8)
(37, 14, 8)
(37, 15, 3)
(37, 16, 3)
(37, 17, 2)
(37, 18, 2)
(37, 19, 2)
(37, 20, 2)
(37, 21, 2)
(37, 22, 2)
(37, 23, 2)
(37, 24, 1)
(37, 25, 1)
(37, 26, 1)
(37, 27, 1)
(37, 28, 1)
(37, 29, 1)
(37, 30, 1)
(37, 31, 1)
(37, 32, 1)
(37, 33, 1)
(37, 34, 1)
(37, 35, 1)
(37, 36, 1)
(37, 37, 1)
(37, 38, 1)
(37, 39, 1)

(38, 0, 173)
(38, 1, 55)
(38, 2, 34)
(38, 3, 29)
(38, 4, 19)
(38, 5, 19)
(38, 6, 16)
(38, 7, 13)
(38, 8, 12)
(38, 9, 11)
(38, 10, 11)
(38, 11, 10)
(38, 12, 8)
(38, 13, 8)
(38, 14, 8)
(38, 15, 3)
(38, 16, 3)
(38, 17, 2)
(38, 18, 2)
(38, 19, 2)
(38, 20, 2)
(38, 21, 2)
(38, 22, 2)
(38, 23, 2)
(38, 24, 1)
(38, 25, 1)
(38, 26, 1)
(38, 27, 1)
(38, 28, 1)
(38, 29, 1)
(38, 30, 1)
(38, 31, 1)
(38, 32, 1)
(38, 33, 1)
(38, 34, 1)
(38, 35, 1)
(38, 36, 1)
(38, 37, 1)
(38, 38, 1)
(38, 39, 1)

(39, 0, 176)
(39, 1, 55)
(39, 2, 33)
(39, 3, 28)
(39, 4, 18)
(39, 5, 18)
(39, 6, 15)
(39, 7, 13)
(39, 8, 12)
(39, 9, 11)
(39, 10, 11)
(39, 11, 10)
(39, 12, 8)
(39, 13, 8)
(39, 14, 8)
(39, 15, 3)
(39, 16, 3)
(39, 17, 2)
(39, 18, 2)
(39, 19, 2)
(39, 20, 2)
(39, 21, 2)
(39, 22, 2)
(39, 23, 2)
(39, 24, 1)
(39, 25, 1)
(39, 26, 1)
(39, 27, 1)
(39, 28, 1)
(39, 29, 1)
(39, 30, 1)
(39, 31, 1)
(39, 32, 1)
(39, 33, 1)
(39, 34, 1)
(39, 35, 1)
(39, 36, 1)
(39, 37, 1)
(39, 38, 1)
(39, 39, 1)


Betti numbers:
xi_0:
(0, 0, 2)
(1, 0, 1)
(3, 0, 1)
(4, 0, 1)
(5, 0, 1)
(6, 0, 2)
(8, 0, 8)
(9, 0, 3)
(10, 0, 10)
(11, 0, 13)
(12, 0, 4)
(13, 0, 7)
(14, 0, 9)
(15, 0, 6)
(16, 0, 2)
(17, 0, 5)
(18, 0, 2)
(19, 0, 3)
(20, 0, 8)
(21, 0, 4)
(22, 0, 2)
(23, 0, 3)
(24, 0, 6)
(25, 0, 8)
(26, 0, 8)
(27, 0, 11)
(28, 0, 3)
(29, 0, 5)
(30, 0, 3)
(31, 0, 5)
(32, 0, 3)
(33, 0, 1)
(34, 0, 2)
(35, 0, 4)
(36, 0, 8)
(37, 0, 7)
(38, 0, 4)
(39, 0, 3)
xi_1:
(0, 4, 1)
(1, 1, 1)
(3, 1, 1)
(4, 1, 1)
(5, 1, 1)
(6, 1, 2)
(8, 1, 6)
(8, 4, 1)
(8, 37, 1)
(9, 0, 1)
(9, 1, 3)
(9, 30, 1)
(10, 1, 6)
(10, 2, 1)
(10, 4, 2)
(10, 20, 1)
(11, 1, 13)
(11, 2, 1)
(12, 1, 3)
(12, 4, 1)
(13, 1, 5)
(13, 4, 1)
(13, 8, 1)
(14, 0, 1)
(14, 1, 8)
(14, 2, 2)
(15, 1, 4)
(15, 2, 2)
(16, 3, 1)
(16, 31, 1)
(17, 1, 3)
(17, 2, 1)
(17, 8, 1)
(18, 1, 2)
(18, 30, 1)
(19, 1, 2)
(19, 2, 1)
(20, 1, 6)
(20, 3, 1)
(20, 6, 1)
(20, 24, 1)
(20, 25, 1)
(21, 1, 3)
(21, 4, 1)
(21, 8, 1)
(22, 1, 1)
(22, 2, 1)
(22, 7, 1)
(23, 1, 1)
(23, 2, 1)
(23, 16, 1)
(23, 17, 1)
(24, 1, 1)
(24, 2, 1)
(24, 3, 1)
(24, 8, 1)
(24, 12, 1)
(24, 15, 1)
(24, 24, 1)
(24, 37, 1)
(25, 1, 2)
(25, 2, 2)
(25, 3, 1)
(25, 4, 1)
(25, 11, 1)
(25, 12, 1)
(25, 13, 1)
(26, 1, 4)
(26, 2, 2)
(26, 6, 1)
(26, 7, 2)
(26, 12, 1)
(26, 20, 1)
(26, 24, 1)
(27, 1, 8)
(27, 2, 2)
(27, 6, 1)
(27, 15, 1)
(27, 17, 1)
(28, 1, 2)
(28, 2, 1)
(29, 1, 3)
(29, 2, 1)
(29, 9, 1)
(30, 1, 2)
(30, 2, 1)
(31, 1, 2)
(31, 3, 1)
(31, 4, 1)
(31, 15, 2)
(32, 1, 2)
(32, 7, 1)
(32, 19, 1)
(33, 1, 1)
(33, 6, 1)
(34, 1, 1)
(34, 2, 1)
(35, 1, 4)
(36, 1, 8)
(37, 1, 6)
(37, 9, 1)
(37, 15, 1)
(38, 1, 2)
(38, 4, 2)
(38, 7, 1)
(39, 1, 3)
(39, 2, 1)
xi_2:
(9, 1, 1)
(9, 37, 1)
(10, 30, 1)
(11, 20, 1)
(14, 1, 1)
(14, 4, 1)
(18, 31, 1)
(20, 8, 1)
(20, 30, 1)
(21, 6, 1)
(22, 8, 1)
(23, 25, 1)
(24, 16, 1)
(25, 12, 1)
(26, 8, 1)
(26, 13, 1)
(26, 24, 1)
(26, 37, 1)
(27, 7, 1)
(27, 20, 1)
(31, 17, 1)
(32, 24, 1)
(33, 7, 1)
(37, 19, 1)
(38, 9, 1)
(39, 7, 1)
