x-grades
-11271083929927817387/4000000000000000000
-5503932410233032187/2000000000000000000
-10744645711004311361/4000000000000000000
-2620356650385639587/1000000000000000000
-2043641498416161067/800000000000000000
-4977494191309526161/2000000000000000000
-9691769273157299309/4000000000000000000
-1178568770461943287/500000000000000000
-9165331054233793283/4000000000000000000
-890211194477204027/400000000000000000
-8638892835310287257/4000000000000000000
-2093918431462133561/1000000000000000000
-8112454616386781231/4000000000000000000
-3924617753462514109/2000000000000000000
-1517203279492655041/800000000000000000
-457674830500095137/250000000000000000
-7059578178539769179/4000000000000000000
-3398179534539008083/2000000000000000000
-6533139959616263153/4000000000000000000
-313496042507725507/200000000000000000
-6006701740692757127/4000000000000000000
-2871741315615502057/2000000000000000000
-5480263521769251101/4000000000000000000
-652130551538437261/500000000000000000
-198153012113829803/160000000000000000
-2345303096691996031/2000000000000000000
-4427387083922239049/4000000000000000000
-1041041993615121509/1000000000000000000
-3900948864998733023/4000000000000000000
-363772975553698001/400000000000000000
-3374510646075226997/4000000000000000000
-48613930259585531/62500000000000000
-2848072427151720971/4000000000000000000
-1292426658844983979/2000000000000000000
-464326841645642989/800000000000000000
-514603774691615483/1000000000000000000
-1795195989304708919/4000000000000000000
-765988439921477953/2000000000000000000
-1268757770381202893/4000000000000000000
-25138466522986247/100000000000000000

y-grades
9967707/40000000
9967707/20000000
29903121/40000000
9967707/10000000
9967707/8000000
29903121/20000000
69773949/40000000
9967707/5000000
89709363/40000000
9967707/4000000
109644777/40000000
29903121/10000000
129580191/40000000
69773949/20000000
29903121/8000000
9967707/2500000
169451019/40000000
89709363/20000000
189386433/40000000
9967707/2000000
209321847/40000000
109644777/20000000
229257261/40000000
29903121/5000000
9967707/1600000
129580191/20000000
269128089/40000000
69773949/10000000
289063503/40000000
29903121/4000000
308998917/40000000
9967707/1250000
328934331/40000000
169451019/20000000
69773949/8000000
89709363/10000000
368805159/40000000
189386433/20000000
388740573/40000000
9967707/1000000

Dimensions > 0:
(0, 0, 4)
(0, 1, 4)
(0, 2, 4)
(0, 3, 4)
(0, 4, 4)
(0, 5, 4)
(0, 6, 1)
(0, 7, 1)
(0, 8, 1)
(0, 9, 1)
(0, 10, 1)
(0, 11, 1)
(0, 12, 1)
(0, 13, 1)
(0, 14, 1)
(0, 15, 1)
(0, 16, 1)
(0, 17, 1)
(0, 18, 1)
(0, 19, 1)
(0, 20, 1)
(0, 21, 1)
(0, 22, 1)
(0, 23, 1)
(0, 24, 1)
(0, 25, 1)
(0, 26, 1)
(0, 27, 1)
(0, 28, 1)
(0, 29, 1)
(0, 30, 1)
(0, 31, 1)
(0, 32, 1)
(0, 33, 1)
(0, 34, 1)
(0, 35, 1)
(0, 36, 1)
(0, 37, 1)
(0, 38, 1)
(0, 39, 1)

(1, 0, 16)
(1, 1, 13)
(1, 2, 13)
(1, 3, 7)
(1, 4, 7)
(1, 5, 6)
(1, 6, 3)
(1, 7, 3)
(1, 8, 3)
(1, 9, 3)
(1, 10, 3)
(1, 11, 3)
(1, 12, 3)
(1, 13, 3)
(1, 14, 3)
(1, 15, 3)
(1, 16, 3)
(1, 17, 2)
(1, 18, 2)
(1, 19, 2)
(1, 20, 2)
(1, 21, 2)
(1, 22, 2)
(1, 23, 2)
(1, 24, 2)
(1, 25, 2)
(1, 26, 2)
(1, 27, 2)
(1, 28, 2)
(1, 29, 2)
(1, 30, 2)
(1, 31, 1)
(1, 32, 1)
(1, 33, 1)
(1, 34, 1)
(1, 35, 1)
(1, 36, 1)
(1, 37, 1)
(1, 38, 1)
(1, 39, 1)

(2, 0, 22)
(2, 1, 17)
(2, 2, 17)
(2, 3, 9)
(2, 4, 9)
(2, 5, 8)
(2, 6, 5)
(2, 7, 4)
(2, 8, 4)
(2, 9, 3)
(2, 10, 3)
(2, 11, 3)
(2, 12, 3)
(2, 13, 3)
(2, 14, 3)
(2, 15, 2)
(2, 16, 2)
(2, 17, 2)
(2, 18, 2)
(2, 19, 2)
(2, 20, 2)
(2, 21, 2)
(2, 22, 2)
(2, 23, 2)
(2, 24, 2)
(2, 25, 2)
(2, 26, 2)
(2, 27, 2)
(2, 28, 2)
(2, 29, 2)
(2, 30, 2)
(2, 31, 1)
(2, 32, 1)
(2, 33, 1)
(2, 34, 1)
(2, 35, 1)
(2, 36, 1)
(2, 37, 1)
(2, 38, 1)
(2, 39, 1)

(3, 0, 25)
(3, 1, 20)
(3, 2, 20)
(3, 3, 12)
(3, 4, 12)
(3, 5, 11)
(3, 6, 6)
(3, 7, 5)
(3, 8, 5)
(3, 9, 4)
(3, 10, 4)
(3, 11, 4)
(3, 12, 4)
(3, 13, 4)
(3, 14, 4)
(3, 15, 3)
(3, 16, 3)
(3, 17, 3)
(3, 18, 3)
(3, 19, 3)
(3, 20, 3)
(3, 21, 3)
(3, 22, 3)
(3, 23, 3)
(3, 24, 3)
(3, 25, 3)
(3, 26, 3)
(3, 27, 3)
(3, 28, 3)
(3, 29, 3)
(3, 30, 3)
(3, 31, 2)
(3, 32, 2)
(3, 33, 2)
(3, 34, 2)
(3, 35, 2)
(3, 36, 2)
(3, 37, 2)
(3, 38, 2)
(3, 39, 2)

(4, 0, 33)
(4, 1, 27)
(4, 2, 27)
(4, 3, 16)
(4, 4, 16)
(4, 5, 15)
(4, 6, 9)
(4, 7, 7)
(4, 8, 7)
(4, 9, 6)
(4, 10, 6)
(4, 11, 6)
(4, 12, 6)
(4, 13, 6)
(4, 14, 6)
(4, 15, 5)
(4, 16, 5)
(4, 17, 4)
(4, 18, 4)
(4, 19, 4)
(4, 20, 4)
(4, 21, 4)
(4, 22, 4)
(4, 23, 4)
(4, 24, 4)
(4, 25, 4)
(4, 26, 4)
(4, 27, 4)
(4, 28, 4)
(4, 29, 4)
(4, 30, 4)
(4, 31, 2)
(4, 32, 2)
(4, 33, 2)
(4, 34, 2)
(4, 35, 2)
(4, 36, 2)
(4, 37, 2)
(4, 38, 2)
(4, 39, 2)

(5, 0, 43)
(5, 1, 34)
(5, 2, 34)
(5, 3, 18)
(5, 4, 18)
(5, 5, 16)
(5, 6, 10)
(5, 7, 8)
(5, 8, 8)
(5, 9, 6)
(5, 10, 6)
(5, 11, 6)
(5, 12, 6)
(5, 13, 6)
(5, 14, 6)
(5, 15, 4)
(5, 16, 4)
(5, 17, 4)
(5, 18, 4)
(5, 19, 4)
(5, 20, 4)
(5, 21, 4)
(5, 22, 4)
(5, 23, 4)
(5, 24, 4)
(5, 25, 4)
(5, 26, 4)
(5, 27, 4)
(5, 28, 4)
(5, 29, 4)
(5, 30, 4)
(5, 31, 2)
(5, 32, 2)
(5, 33, 2)
(5, 34, 2)
(5, 35, 2)
(5, 36, 2)
(5, 37, 2)
(5, 38, 2)
(5, 39, 2)

(6, 0, 43)
(6, 1, 34)
(6, 2, 34)
(6, 3, 18)
(6, 4, 18)
(6, 5, 16)
(6, 6, 10)
(6, 7, 8)
(6, 8, 8)
(6, 9, 6)
(6, 10, 6)
(6, 11, 6)
(6, 12, 6)
(6, 13, 6)
(6, 14, 6)
(6, 15, 4)
(6, 16, 4)
(6, 17, 4)
(6, 18, 4)
(6, 19, 4)
(6, 20, 4)
(6, 21, 4)
(6, 22, 4)
(6, 23, 4)
(6, 24, 4)
(6, 25, 4)
(6, 26, 4)
(6, 27, 4)
(6, 28, 4)
(6, 29, 4)
(6, 30, 4)
(6, 31, 2)
(6, 32, 2)
(6, 33, 2)
(6, 34, 2)
(6, 35, 2)
(6, 36, 2)
(6, 37, 2)
(6, 38, 2)
(6, 39, 2)

(7, 0, 43)
(7, 1, 34)
(7, 2, 34)
(7, 3, 18)
(7, 4, 18)
(7, 5, 16)
(7, 6, 10)
(7, 7, 8)
(7, 8, 8)
(7, 9, 6)
(7, 10, 6)
(7, 11, 6)
(7, 12, 6)
(7, 13, 6)
(7, 14, 6)
(7, 15, 4)
(7, 16, 4)
(7, 17, 4)
(7, 18, 4)
(7, 19, 4)
(7, 20, 4)
(7, 21, 4)
(7, 22, 4)
(7, 23, 4)
(7, 24, 4)
(7, 25, 4)
(7, 26, 4)
(7, 27, 4)
(7, 28, 4)
(7, 29, 4)
(7, 30, 4)
(7, 31, 2)
(7, 32, 2)
(7, 33, 2)
(7, 34, 2)
(7, 35, 2)
(7, 36, 2)
(7, 37, 2)
(7, 38, 2)
(7, 39, 2)

(8, 0, 43)
(8, 1, 34)
(8, 2, 34)
(8, 3, 18)
(8, 4, 18)
(8, 5, 16)
(8, 6, 10)
(8, 7, 8)
(8, 8, 8)
(8, 9, 6)
(8, 10, 6)
(8, 11, 6)
(8, 12, 6)
(8, 13, 6)
(8, 14, 6)
(8, 15, 4)
(8, 16, 4)
(8, 17, 4)
(8, 18, 4)
(8, 19, 4)
(8, 20, 4)
(8, 21, 4)
(8, 22, 4)
(8, 23, 4)
(8, 24, 4)
(8, 25, 4)
(8, 26, 4)
(8, 27, 4)
(8, 28, 4)
(8, 29, 4)
(8, 30, 4)
(8, 31, 2)
(8, 32, 2)
(8, 33, 2)
(8, 34, 2)
(8, 35, 2)
(8, 36, 2)
(8, 37, 2)
(8, 38, 2)
(8, 39, 2)

(9, 0, 43)
(9, 1, 34)
(9, 2, 34)
(9, 3, 18)
(9, 4, 18)
(9, 5, 16)
(9, 6, 10)
(9, 7, 8)
(9, 8, 8)
(9, 9, 6)
(9, 10, 6)
(9, 11, 6)
(9, 12, 6)
(9, 13, 6)
(9, 14, 6)
(9, 15, 4)
(9, 16, 4)
(9, 17, 4)
(9, 18, 4)
(9, 19, 4)
(9, 20, 4)
(9, 21, 4)
(9, 22, 4)
(9, 23, 4)
(9, 24, 4)
(9, 25, 4)
(9, 26, 4)
(9, 27, 4)
(9, 28, 4)
(9, 29, 4)
(9, 30, 4)
(9, 31, 2)
(9, 32, 2)
(9, 33, 2)
(9, 34, 2)
(9, 35, 2)
(9, 36, 2)
(9, 37, 2)
(9, 38, 2)
(9, 39, 2)

(10, 0, 43)
(10, 1, 34)
(10, 2, 34)
(10, 3, 18)
(10, 4, 18)
(10, 5, 16)
(10, 6, 10)
(10, 7, 8)
(10, 8, 8)
(10, 9, 6)
(10, 10, 6)
(10, 11, 6)
(10, 12, 6)
(10, 13, 6)
(10, 14, 6)
(10, 15, 4)
(10, 16, 4)
(10, 17, 4)
(10, 18, 4)
(10, 19, 4)
(10, 20, 4)
(10, 21, 4)
(10, 22, 4)
(10, 23, 4)
(10, 24, 4)
(10, 25, 4)
(10, 26, 4)
(10, 27, 4)
(10, 28, 4)
(10, 29, 4)
(10, 30, 4)
(10, 31, 2)
(10, 32, 2)
(10, 33, 2)
(10, 34, 2)
(10, 35, 2)
(10, 36, 2)
(10, 37, 2)
(10, 38, 2)
(10, 39, 2)

(11, 0, 43)
(11, 1, 34)
(11, 2, 34)
(11, 3, 18)
(11, 4, 18)
(11, 5, 16)
(11, 6, 10)
(11, 7, 8)
(11, 8, 8)
(11, 9, 6)
(11, 10, 6)
(11, 11, 6)
(11, 12, 6)
(11, 13, 6)
(11, 14, 6)
(11, 15, 4)
(11, 16, 4)
(11, 17, 4)
(11, 18, 4)
(11, 19, 4)
(11, 20, 4)
(11, 21, 4)
(11, 22, 4)
(11, 23, 4)
(11, 24, 4)
(11, 25, 4)
(11, 26, 4)
(11, 27, 4)
(11, 28, 4)
(11, 29, 4)
(11, 30, 4)
(11, 31, 2)
(11, 32, 2)
(11, 33, 2)
(11, 34, 2)
(11, 35, 2)
(11, 36, 2)
(11, 37, 2)
(11, 38, 2)
(11, 39, 2)

(12, 0, 43)
(12, 1, 34)
(12, 2, 34)
(12, 3, 18)
(12, 4, 18)
(12, 5, 16)
(12, 6, 10)
(12, 7, 8)
(12, 8, 8)
(12, 9, 6)
(12, 10, 6)
(12, 11, 6)
(12, 12, 6)
(12, 13, 6)
(12, 14, 6)
(12, 15, 4)
(12, 16, 4)
(12, 17, 4)
(12, 18, 4)
(12, 19, 4)
(12, 20, 4)
(12, 21, 4)
(12, 22, 4)
(12, 23, 4)
(12, 24, 4)
(12, 25, 4)
(12, 26, 4)
(12, 27, 4)
(12, 28, 4)
(12, 29, 4)
(12, 30, 4)
(12, 31, 2)
(12, 32, 2)
(12, 33, 2)
(12, 34, 2)
(12, 35, 2)
(12, 36, 2)
(12, 37, 2)
(12, 38, 2)
(12, 39, 2)

(13, 0, 43)
(13, 1, 34)
(13, 2, 34)
(13, 3, 18)
(13, 4, 18)
(13, 5, 16)
(13, 6, 10)
(13, 7, 8)
(13, 8, 8)
(13, 9, 6)
(13, 10, 6)
(13, 11, 6)
(13, 12, 6)
(13, 13, 6)
(13, 14, 6)
(13, 15, 4)
(13, 16, 4)
(13, 17, 4)
(13, 18, 4)
(13, 19, 4)
(13, 20, 4)
(13, 21, 4)
(13, 22, 4)
(13, 23, 4)
(13, 24, 4)
(13, 25, 4)
(13, 26, 4)
(13, 27, 4)
(13, 28, 4)
(13, 29, 4)
(13, 30, 4)
(13, 31, 2)
(13, 32, 2)
(13, 33, 2)
(13, 34, 2)
(13, 35, 2)
(13, 36, 2)
(13, 37, 2)
(13, 38, 2)
(13, 39, 2)

(14, 0, 43)
(14, 1, 34)
(14, 2, 34)
(14, 3, 18)
(14, 4, 18)
(14, 5, 16)
(14, 6, 10)
(14, 7, 8)
(14, 8, 8)
(14, 9, 6)
(14, 10, 6)
(14, 11, 6)
(14, 12, 6)
(14, 13, 6)
(14, 14, 6)
(14, 15, 4)
(14, 16, 4)
(14, 17, 4)
(14, 18, 4)
(14, 19, 4)
(14, 20, 4)
(14, 21, 4)
(14, 22, 4)
(14, 23, 4)
(14, 24, 4)
(14, 25, 4)
(14, 26, 4)
(14, 27, 4)
(14, 28, 4)
(14, 29, 4)
(14, 30, 4)
(14, 31, 2)
(14, 32, 2)
(14, 33, 2)
(14, 34, 2)
(14, 35, 2)
(14, 36, 2)
(14, 37, 2)
(14, 38, 2)
(14, 39, 2)

(15, 0, 43)
(15, 1, 34)
(15, 2, 34)
(15, 3, 18)
(15, 4, 18)
(15, 5, 16)
(15, 6, 10)
(15, 7, 8)
(15, 8, 8)
(15, 9, 6)
(15, 10, 6)
(15, 11, 6)
(15, 12, 6)
(15, 13, 6)
(15, 14, 6)
(15, 15, 4)
(15, 16, 4)
(15, 17, 4)
(15, 18, 4)
(15, 19, 4)
(15, 20, 4)
(15, 21, 4)
(15, 22, 4)
(15, 23, 4)
(15, 24, 4)
(15, 25, 4)
(15, 26, 4)
(15, 27, 4)
(15, 28, 4)
(15, 29, 4)
(15, 30, 4)
(15, 31, 2)
(15, 32, 2)
(15, 33, 2)
(15, 34, 2)
(15, 35, 2)
(15, 36, 2)
(15, 37, 2)
(15, 38, 2)
(15, 39, 2)

(16, 0, 43)
(16, 1, 34)
(16, 2, 34)
(16, 3, 18)
(16, 4, 18)
(16, 5, 16)
(16, 6, 10)
(16, 7, 8)
(16, 8, 8)
(16, 9, 6)
(16, 10, 6)
(16, 11, 6)
(16, 12, 6)
(16, 13, 6)
(16, 14, 6)
(16, 15, 4)
(16, 16, 4)
(16, 17, 4)
(16, 18, 4)
(16, 19, 4)
(16, 20, 4)
(16, 21, 4)
(16, 22, 4)
(16, 23, 4)
(16, 24, 4)
(16, 25, 4)
(16, 26, 4)
(16, 27, 4)
(16, 28, 4)
(16, 29, 4)
(16, 30, 4)
(16, 31, 2)
(16, 32, 2)
(16, 33, 2)
(16, 34, 2)
(16, 35, 2)
(16, 36, 2)
(16, 37, 2)
(16, 38, 2)
(16, 39, 2)

(17, 0, 43)
(17, 1, 34)
(17, 2, 34)
(17, 3, 18)
(17, 4, 18)
(17, 5, 16)
(17, 6, 10)
(17, 7, 8)
(17, 8, 8)
(17, 9, 6)
(17, 10, 6)
(17, 11, 6)
(17, 12, 6)
(17, 13, 6)
(17, 14, 6)
(17, 15, 4)
(17, 16, 4)
(17, 17, 4)
(17, 18, 4)
(17, 19, 4)
(17, 20, 4)
(17, 21, 4)
(17, 22, 4)
(17, 23, 4)
(17, 24, 4)
(17, 25, 4)
(17, 26, 4)
(17, 27, 4)
(17, 28, 4)
(17, 29, 4)
(17, 30, 4)
(17, 31, 2)
(17, 32, 2)
(17, 33, 2)
(17, 34, 2)
(17, 35, 2)
(17, 36, 2)
(17, 37, 2)
(17, 38, 2)
(17, 39, 2)

(18, 0, 43)
(18, 1, 34)
(18, 2, 34)
(18, 3, 18)
(18, 4, 18)
(18, 5, 16)
(18, 6, 10)
(18, 7, 8)
(18, 8, 8)
(18, 9, 6)
(18, 10, 6)
(18, 11, 6)
(18, 12, 6)
(18, 13, 6)
(18, 14, 6)
(18, 15, 4)
(18, 16, 4)
(18, 17, 4)
(18, 18, 4)
(18, 19, 4)
(18, 20, 4)
(18, 21, 4)
(18, 22, 4)
(18, 23, 4)
(18, 24, 4)
(18, 25, 4)
(18, 26, 4)
(18, 27, 4)
(18, 28, 4)
(18, 29, 4)
(18, 30, 4)
(18, 31, 2)
(18, 32, 2)
(18, 33, 2)
(18, 34, 2)
(18, 35, 2)
(18, 36, 2)
(18, 37, 2)
(18, 38, 2)
(18, 39, 2)

(19, 0, 43)
(19, 1, 34)
(19, 2, 34)
(19, 3, 18)
(19, 4, 18)
(19, 5, 16)
(19, 6, 10)
(19, 7, 8)
(19, 8, 8)
(19, 9, 6)
(19, 10, 6)
(19, 11, 6)
(19, 12, 6)
(19, 13, 6)
(19, 14, 6)
(19, 15, 4)
(19, 16, 4)
(19, 17, 4)
(19, 18, 4)
(19, 19, 4)
(19, 20, 4)
(19, 21, 4)
(19, 22, 4)
(19, 23, 4)
(19, 24, 4)
(19, 25, 4)
(19, 26, 4)
(19, 27, 4)
(19, 28, 4)
(19, 29, 4)
(19, 30, 4)
(19, 31, 2)
(19, 32, 2)
(19, 33, 2)
(19, 34, 2)
(19, 35, 2)
(19, 36, 2)
(19, 37, 2)
(19, 38, 2)
(19, 39, 2)

(20, 0, 44)
(20, 1, 35)
(20, 2, 35)
(20, 3, 19)
(20, 4, 19)
(20, 5, 17)
(20, 6, 11)
(20, 7, 9)
(20, 8, 9)
(20, 9, 7)
(20, 10, 7)
(20, 11, 7)
(20, 12, 7)
(20, 13, 7)
(20, 14, 7)
(20, 15, 5)
(20, 16, 5)
(20, 17, 5)
(20, 18, 5)
(20, 19, 5)
(20, 20, 5)
(20, 21, 5)
(20, 22, 5)
(20, 23, 5)
(20, 24, 5)
(20, 25, 5)
(20, 26, 5)
(20, 27, 5)
(20, 28, 5)
(20, 29, 5)
(20, 30, 5)
(20, 31, 3)
(20, 32, 3)
(20, 33, 3)
(20, 34, 3)
(20, 35, 3)
(20, 36, 3)
(20, 37, 3)
(20, 38, 3)
(20, 39, 3)

(21, 0, 46)
(21, 1, 37)
(21, 2, 37)
(21, 3, 21)
(21, 4, 21)
(21, 5, 19)
(21, 6, 11)
(21, 7, 9)
(21, 8, 9)
(21, 9, 7)
(21, 10, 7)
(21, 11, 7)
(21, 12, 7)
(21, 13, 7)
(21, 14, 7)
(21, 15, 5)
(21, 16, 5)
(21, 17, 5)
(21, 18, 5)
(21, 19, 5)
(21, 20, 5)
(21, 21, 5)
(21, 22, 5)
(21, 23, 5)
(21, 24, 5)
(21, 25, 5)
(21, 26, 5)
(21, 27, 5)
(21, 28, 5)
(21, 29, 5)
(21, 30, 5)
(21, 31, 3)
(21, 32, 3)
(21, 33, 3)
(21, 34, 3)
(21, 35, 3)
(21, 36, 3)
(21, 37, 3)
(21, 38, 3)
(21, 39, 3)

(22, 0, 49)
(22, 1, 39)
(22, 2, 39)
(22, 3, 23)
(22, 4, 23)
(22, 5, 21)
(22, 6, 12)
(22, 7, 10)
(22, 8, 10)
(22, 9, 8)
(22, 10, 8)
(22, 11, 8)
(22, 12, 8)
(22, 13, 8)
(22, 14, 8)
(22, 15, 6)
(22, 16, 6)
(22, 17, 6)
(22, 18, 6)
(22, 19, 6)
(22, 20, 6)
(22, 21, 6)
(22, 22, 6)
(22, 23, 6)
(22, 24, 6)
(22, 25, 6)
(22, 26, 6)
(22, 27, 6)
(22, 28, 6)
(22, 29, 6)
(22, 30, 6)
(22, 31, 3)
(22, 32, 3)
(22, 33, 3)
(22, 34, 3)
(22, 35, 3)
(22, 36, 3)
(22, 37, 3)
(22, 38, 3)
(22, 39, 3)

(23, 0, 56)
(23, 1, 45)
(23, 2, 45)
(23, 3, 28)
(23, 4, 28)
(23, 5, 26)
(23, 6, 16)
(23, 7, 13)
(23, 8, 13)
(23, 9, 11)
(23, 10, 9)
(23, 11, 9)
(23, 12, 9)
(23, 13, 9)
(23, 14, 9)
(23, 15, 7)
(23, 16, 7)
(23, 17, 7)
(23, 18, 7)
(23, 19, 7)
(23, 20, 7)
(23, 21, 7)
(23, 22, 7)
(23, 23, 7)
(23, 24, 7)
(23, 25, 7)
(23, 26, 7)
(23, 27, 7)
(23, 28, 7)
(23, 29, 7)
(23, 30, 7)
(23, 31, 4)
(23, 32, 4)
(23, 33, 4)
(23, 34, 4)
(23, 35, 4)
(23, 36, 4)
(23, 37, 4)
(23, 38, 4)
(23, 39, 4)

(24, 0, 61)
(24, 1, 50)
(24, 2, 50)
(24, 3, 32)
(24, 4, 32)
(24, 5, 29)
(24, 6, 18)
(24, 7, 15)
(24, 8, 15)
(24, 9, 12)
(24, 10, 11)
(24, 11, 10)
(24, 12, 9)
(24, 13, 9)
(24, 14, 9)
(24, 15, 7)
(24, 16, 7)
(24, 17, 7)
(24, 18, 7)
(24, 19, 7)
(24, 20, 7)
(24, 21, 7)
(24, 22, 7)
(24, 23, 7)
(24, 24, 7)
(24, 25, 7)
(24, 26, 7)
(24, 27, 7)
(24, 28, 7)
(24, 29, 7)
(24, 30, 7)
(24, 31, 4)
(24, 32, 4)
(24, 33, 4)
(24, 34, 4)
(24, 35, 4)
(24, 36, 4)
(24, 37, 4)
(24, 38, 4)
(24, 39, 4)

(25, 0, 67)
(25, 1, 56)
(25, 2, 56)
(25, 3, 38)
(25, 4, 38)
(25, 5, 35)
(25, 6, 19)
(25, 7, 16)
(25, 8, 16)
(25, 9, 13)
(25, 10, 12)
(25, 11, 11)
(25, 12, 10)
(25, 13, 10)
(25, 14, 10)
(25, 15, 8)
(25, 16, 8)
(25, 17, 8)
(25, 18, 8)
(25, 19, 8)
(25, 20, 8)
(25, 21, 8)
(25, 22, 8)
(25, 23, 8)
(25, 24, 8)
(25, 25, 8)
(25, 26, 7)
(25, 27, 7)
(25, 28, 7)
(25, 29, 7)
(25, 30, 7)
(25, 31, 4)
(25, 32, 4)
(25, 33, 4)
(25, 34, 4)
(25, 35, 4)
(25, 36, 4)
(25, 37, 4)
(25, 38, 4)
(25, 39, 4)

(26, 0, 67)
(26, 1, 56)
(26, 2, 56)
(26, 3, 38)
(26, 4, 38)
(26, 5, 35)
(26, 6, 19)
(26, 7, 16)
(26, 8, 16)
(26, 9, 13)
(26, 10, 12)
(26, 11, 11)
(26, 12, 10)
(26, 13, 10)
(26, 14, 10)
(26, 15, 8)
(26, 16, 8)
(26, 17, 8)
(26, 18, 8)
(26, 19, 8)
(26, 20, 8)
(26, 21, 8)
(26, 22, 8)
(26, 23, 8)
(26, 24, 8)
(26, 25, 8)
(26, 26, 7)
(26, 27, 7)
(26, 28, 7)
(26, 29, 7)
(26, 30, 7)
(26, 31, 4)
(26, 32, 4)
(26, 33, 4)
(26, 34, 4)
(26, 35, 4)
(26, 36, 4)
(26, 37, 4)
(26, 38, 4)
(26, 39, 4)

(27, 0, 67)
(27, 1, 56)
(27, 2, 56)
(27, 3, 38)
(27, 4, 38)
(27, 5, 35)
(27, 6, 19)
(27, 7, 16)
(27, 8, 16)
(27, 9, 13)
(27, 10, 12)
(27, 11, 11)
(27, 12, 10)
(27, 13, 10)
(27, 14, 10)
(27, 15, 8)
(27, 16, 8)
(27, 17, 8)
(27, 18, 8)
(27, 19, 8)
(27, 20, 8)
(27, 21, 8)
(27, 22, 8)
(27, 23, 8)
(27, 24, 8)
(27, 25, 8)
(27, 26, 7)
(27, 27, 7)
(27, 28, 7)
(27, 29, 7)
(27, 30, 7)
(27, 31, 4)
(27, 32, 4)
(27, 33, 4)
(27, 34, 4)
(27, 35, 4)
(27, 36, 4)
(27, 37, 4)
(27, 38, 4)
(27, 39, 4)

(28, 0, 72)
(28, 1, 61)
(28, 2, 61)
(28, 3, 43)
(28, 4, 43)
(28, 5, 40)
(28, 6, 21)
(28, 7, 18)
(28, 8, 18)
(28, 9, 15)
(28, 10, 14)
(28, 11, 13)
(28, 12, 12)
(28, 13, 12)
(28, 14, 12)
(28, 15, 10)
(28, 16, 10)
(28, 17, 10)
(28, 18, 10)
(28, 19, 10)
(28, 20, 10)
(28, 21, 10)
(28, 22, 10)
(28, 23, 10)
(28, 24, 10)
(28, 25, 10)
(28, 26, 9)
(28, 27, 9)
(28, 28, 9)
(28, 29, 9)
(28, 30, 9)
(28, 31, 6)
(28, 32, 6)
(28, 33, 6)
(28, 34, 6)
(28, 35, 6)
(28, 36, 6)
(28, 37, 6)
(28, 38, 6)
(28, 39, 6)

(29, 0, 77)
(29, 1, 65)
(29, 2, 65)
(29, 3, 47)
(29, 4, 47)
(29, 5, 44)
(29, 6, 24)
(29, 7, 20)
(29, 8, 20)
(29, 9, 17)
(29, 10, 16)
(29, 11, 15)
(29, 12, 14)
(29, 13, 14)
(29, 14, 14)
(29, 15, 12)
(29, 16, 12)
(29, 17, 12)
(29, 18, 12)
(29, 19, 12)
(29, 20, 12)
(29, 21, 12)
(29, 22, 12)
(29, 23, 12)
(29, 24, 12)
(29, 25, 12)
(29, 26, 11)
(29, 27, 11)
(29, 28, 11)
(29, 29, 11)
(29, 30, 11)
(29, 31, 8)
(29, 32, 8)
(29, 33, 8)
(29, 34, 8)
(29, 35, 8)
(29, 36, 8)
(29, 37, 8)
(29, 38, 8)
(29, 39, 8)

(30, 0, 82)
(30, 1, 69)
(30, 2, 69)
(30, 3, 51)
(30, 4, 51)
(30, 5, 48)
(30, 6, 27)
(30, 7, 21)
(30, 8, 20)
(30, 9, 17)
(30, 10, 16)
(30, 11, 15)
(30, 12, 14)
(30, 13, 14)
(30, 14, 14)
(30, 15, 12)
(30, 16, 12)
(30, 17, 12)
(30, 18, 12)
(30, 19, 12)
(30, 20, 12)
(30, 21, 12)
(30, 22, 12)
(30, 23, 12)
(30, 24, 12)
(30, 25, 12)
(30, 26, 11)
(30, 27, 11)
(30, 28, 11)
(30, 29, 11)
(30, 30, 11)
(30, 31, 8)
(30, 32, 8)
(30, 33, 8)
(30, 34, 8)
(30, 35, 8)
(30, 36, 8)
(30, 37, 8)
(30, 38, 8)
(30, 39, 8)

(31, 0, 95)
(31, 1, 75)
(31, 2, 75)
(31, 3, 56)
(31, 4, 56)
(31, 5, 53)
(31, 6, 31)
(31, 7, 23)
(31, 8, 21)
(31, 9, 18)
(31, 10, 17)
(31, 11, 16)
(31, 12, 15)
(31, 13, 15)
(31, 14, 15)
(31, 15, 13)
(31, 16, 13)
(31, 17, 13)
(31, 18, 13)
(31, 19, 13)
(31, 20, 13)
(31, 21, 13)
(31, 22, 13)
(31, 23, 13)
(31, 24, 13)
(31, 25, 13)
(31, 26, 12)
(31, 27, 12)
(31, 28, 12)
(31, 29, 12)
(31, 30, 12)
(31, 31, 8)
(31, 32, 8)
(31, 33, 8)
(31, 34, 8)
(31, 35, 8)
(31, 36, 8)
(31, 37, 8)
(31, 38, 8)
(31, 39, 8)

(32, 0, 101)
(32, 1, 79)
(32, 2, 79)
(32, 3, 60)
(32, 4, 60)
(32, 5, 57)
(32, 6, 34)
(32, 7, 25)
(32, 8, 23)
(32, 9, 20)
(32, 10, 18)
(32, 11, 17)
(32, 12, 16)
(32, 13, 16)
(32, 14, 16)
(32, 15, 14)
(32, 16, 14)
(32, 17, 14)
(32, 18, 14)
(32, 19, 14)
(32, 20, 14)
(32, 21, 14)
(32, 22, 14)
(32, 23, 14)
(32, 24, 14)
(32, 25, 14)
(32, 26, 13)
(32, 27, 13)
(32, 28, 13)
(32, 29, 13)
(32, 30, 13)
(32, 31, 9)
(32, 32, 9)
(32, 33, 9)
(32, 34, 9)
(32, 35, 9)
(32, 36, 9)
(32, 37, 9)
(32, 38, 9)
(32, 39, 9)

(33, 0, 106)
(33, 1, 84)
(33, 2, 84)
(33, 3, 65)
(33, 4, 65)
(33, 5, 62)
(33, 6, 37)
(33, 7, 28)
(33, 8, 26)
(33, 9, 23)
(33, 10, 21)
(33, 11, 19)
(33, 12, 18)
(33, 13, 18)
(33, 14, 18)
(33, 15, 16)
(33, 16, 16)
(33, 17, 16)
(33, 18, 16)
(33, 19, 15)
(33, 20, 15)
(33, 21, 15)
(33, 22, 15)
(33, 23, 15)
(33, 24, 15)
(33, 25, 15)
(33, 26, 14)
(33, 27, 14)
(33, 28, 14)
(33, 29, 14)
(33, 30, 14)
(33, 31, 10)
(33, 32, 10)
(33, 33, 10)
(33, 34, 10)
(33, 35, 10)
(33, 36, 10)
(33, 37, 10)
(33, 38, 10)
(33, 39, 10)

(34, 0, 113)
(34, 1, 91)
(34, 2, 91)
(34, 3, 72)
(34, 4, 72)
(34, 5, 69)
(34, 6, 38)
(34, 7, 29)
(34, 8, 27)
(34, 9, 24)
(34, 10, 22)
(34, 11, 20)
(34, 12, 19)
(34, 13, 19)
(34, 14, 19)
(34, 15, 17)
(34, 16, 17)
(34, 17, 17)
(34, 18, 17)
(34, 19, 16)
(34, 20, 16)
(34, 21, 16)
(34, 22, 16)
(34, 23, 16)
(34, 24, 16)
(34, 25, 16)
(34, 26, 14)
(34, 27, 14)
(34, 28, 14)
(34, 29, 14)
(34, 30, 14)
(34, 31, 10)
(34, 32, 10)
(34, 33, 10)
(34, 34, 10)
(34, 35, 10)
(34, 36, 10)
(34, 37, 10)
(34, 38, 10)
(34, 39, 10)

(35, 0, 119)
(35, 1, 96)
(35, 2, 96)
(35, 3, 77)
(35, 4, 77)
(35, 5, 74)
(35, 6, 42)
(35, 7, 32)
(35, 8, 30)
(35, 9, 27)
(35, 10, 25)
(35, 11, 23)
(35, 12, 22)
(35, 13, 22)
(35, 14, 22)
(35, 15, 20)
(35, 16, 20)
(35, 17, 20)
(35, 18, 20)
(35, 19, 19)
(35, 20, 19)
(35, 21, 19)
(35, 22, 19)
(35, 23, 19)
(35, 24, 19)
(35, 25, 19)
(35, 26, 17)
(35, 27, 17)
(35, 28, 17)
(35, 29, 17)
(35, 30, 17)
(35, 31, 13)
(35, 32, 13)
(35, 33, 13)
(35, 34, 13)
(35, 35, 13)
(35, 36, 13)
(35, 37, 13)
(35, 38, 13)
(35, 39, 13)

(36, 0, 127)
(36, 1, 104)
(36, 2, 104)
(36, 3, 85)
(36, 4, 85)
(36, 5, 82)
(36, 6, 43)
(36, 7, 32)
(36, 8, 30)
(36, 9, 27)
(36, 10, 25)
(36, 11, 23)
(36, 12, 22)
(36, 13, 22)
(36, 14, 22)
(36, 15, 20)
(36, 16, 20)
(36, 17, 20)
(36, 18, 20)
(36, 19, 19)
(36, 20, 19)
(36, 21, 19)
(36, 22, 19)
(36, 23, 19)
(36, 24, 19)
(36, 25, 19)
(36, 26, 17)
(36, 27, 17)
(36, 28, 17)
(36, 29, 17)
(36, 30, 17)
(36, 31, 13)
(36, 32, 13)
(36, 33, 13)
(36, 34, 13)
(36, 35, 13)
(36, 36, 13)
(36, 37, 13)
(36, 38, 13)
(36, 39, 13)

(37, 0, 134)
(37, 1, 107)
(37, 2, 107)
(37, 3, 88)
(37, 4, 88)
(37, 5, 85)
(37, 6, 45)
(37, 7, 33)
(37, 8, 31)
(37, 9, 28)
(37, 10, 26)
(37, 11, 24)
(37, 12, 23)
(37, 13, 23)
(37, 14, 23)
(37, 15, 21)
(37, 16, 21)
(37, 17, 21)
(37, 18, 21)
(37, 19, 20)
(37, 20, 20)
(37, 21, 20)
(37, 22, 20)
(37, 23, 20)
(37, 24, 20)
(37, 25, 20)
(37, 26, 18)
(37, 27, 18)
(37, 28, 18)
(37, 29, 18)
(37, 30, 18)
(37, 31, 14)
(37, 32, 14)
(37, 33, 14)
(37, 34, 14)
(37, 35, 14)
(37, 36, 14)
(37, 37, 14)
(37, 38, 14)
(37, 39, 14)

(38, 0, 142)
(38, 1, 111)
(38, 2, 111)
(38, 3, 92)
(38, 4, 92)
(38, 5, 89)
(38, 6, 47)
(38, 7, 34)
(38, 8, 32)
(38, 9, 29)
(38, 10, 27)
(38, 11, 25)
(38, 12, 24)
(38, 13, 24)
(38, 14, 24)
(38, 15, 22)
(38, 16, 22)
(38, 17, 22)
(38, 18, 22)
(38, 19, 21)
(38, 20, 21)
(38, 21, 21)
(38, 22, 21)
(38, 23, 21)
(38, 24, 21)
(38, 25, 21)
(38, 26, 19)
(38, 27, 19)
(38, 28, 19)
(38, 29, 19)
(38, 30, 19)
(38, 31, 15)
(38, 32, 15)
(38, 33, 15)
(38, 34, 15)
(38, 35, 15)
(38, 36, 15)
(38, 37, 15)
(38, 38, 15)
(38, 39, 15)

(39, 0, 144)
(39, 1, 113)
(39, 2, 113)
(39, 3, 94)
(39, 4, 94)
(39, 5, 91)
(39, 6, 49)
(39, 7, 35)
(39, 8, 32)
(39, 9, 29)
(39, 10, 27)
(39, 11, 25)
(39, 12, 24)
(39, 13, 24)
(39, 14, 24)
(39, 15, 22)
(39, 16, 22)
(39, 17, 22)
(39, 18, 22)
(39, 19, 21)
(39, 20, 21)
(39, 21, 21)
(39, 22, 21)
(39, 23, 21)
(39, 24, 21)
(39, 25, 21)
(39, 26, 19)
(39, 27, 19)
(39, 28, 19)
(39, 29, 19)
(39, 30, 19)
(39, 31, 15)
(39, 32, 15)
(39, 33, 15)
(39, 34, 15)
(39, 35, 15)
(39, 36, 15)
(39, 37, 15)
(39, 38, 15)
(39, 39, 15)


Betti numbers:
xi_0:
(0, 0, 4)
(1, 0, 12)
(2, 0, 6)
(3, 0, 3)
(4, 0, 8)
(5, 0, 10)
(20, 0, 1)
(21, 0, 2)
(22, 0, 3)
(23, 0, 7)
(24, 0, 5)
(25, 0, 6)
(28, 0, 5)
(29, 0, 5)
(30, 0, 5)
(31, 0, 13)
(32, 0, 6)
(33, 0, 5)
(34, 0, 7)
(35, 0, 6)
(36, 0, 8)
(37, 0, 7)
(38, 0, 8)
(39, 0, 2)
xi_1:
(0, 6, 3)
(1, 1, 3)
(1, 3, 6)
(1, 5, 1)
(1, 17, 1)
(1, 31, 1)
(2, 1, 2)
(2, 3, 2)
(2, 7, 1)
(2, 9, 1)
(2, 15, 1)
(3, 6, 2)
(4, 1, 1)
(4, 3, 3)
(4, 6, 1)
(4, 7, 1)
(4, 17, 1)
(4, 31, 1)
(5, 1, 3)
(5, 3, 5)
(5, 5, 1)
(5, 7, 1)
(5, 9, 1)
(5, 15, 1)
(21, 6, 2)
(22, 1, 1)
(22, 6, 1)
(22, 31, 1)
(23, 1, 1)
(23, 3, 1)
(23, 6, 1)
(23, 7, 1)
(23, 10, 2)
(24, 3, 1)
(24, 5, 1)
(24, 6, 1)
(24, 9, 1)
(24, 11, 1)
(24, 12, 1)
(25, 6, 5)
(25, 26, 1)
(28, 6, 3)
(29, 1, 1)
(29, 6, 1)
(29, 7, 1)
(30, 1, 1)
(30, 6, 1)
(30, 7, 2)
(30, 8, 1)
(31, 1, 7)
(31, 3, 1)
(31, 6, 1)
(31, 7, 2)
(31, 8, 1)
(31, 31, 1)
(32, 1, 2)
(32, 6, 1)
(32, 7, 1)
(32, 10, 1)
(33, 6, 2)
(33, 11, 1)
(33, 19, 1)
(34, 6, 6)
(34, 26, 1)
(35, 1, 1)
(35, 6, 1)
(35, 7, 1)
(36, 6, 7)
(36, 7, 1)
(37, 1, 4)
(37, 6, 1)
(37, 7, 1)
(38, 1, 4)
(38, 6, 2)
(38, 7, 1)
(39, 7, 1)
(39, 8, 1)
xi_2:
(2, 17, 1)
(5, 7, 1)
(5, 17, 1)
(24, 10, 1)
