x-grades
-426474895050275097/400000000000000000
-209412143863351097/200000000000000000
-411173680403129291/400000000000000000
-100880768269889097/100000000000000000
-79174493151196697/80000000000000000
-194110929216205291/200000000000000000
-380571251108837679/400000000000000000
-46615080473158097/50000000000000000
-365270036461691873/400000000000000000
-35761942913811897/40000000000000000
-349968821814546067/400000000000000000
-85579553622743291/100000000000000000
-334667607167400261/400000000000000000
-163508499921913679/200000000000000000
-63873278504050891/80000000000000000
-19482236574792597/25000000000000000
-304065177873108649/400000000000000000
-148207285274767873/200000000000000000
-288763963225962843/400000000000000000
-14055667795119497/20000000000000000
-273462748578817037/400000000000000000
-132906070627622067/200000000000000000
-258161533931671231/400000000000000000
-31313865826012291/50000000000000000
-9714412771381017/16000000000000000
-117604855980476261/200000000000000000
-227559104637379619/400000000000000000
-54977124328451679/100000000000000000
-212257889990233813/400000000000000000
-20460728266666091/40000000000000000
-196956675343088007/400000000000000000
-5915814625609847/12500000000000000
-181655460695942201/400000000000000000
-87002426686184649/200000000000000000
-33270849209759279/80000000000000000
-39675909681305873/100000000000000000
-151053031401650589/400000000000000000
-71701212039038843/200000000000000000
-135751816754504783/400000000000000000
-3202530235773297/10000000000000000

y-grades
1/4
1/2
3/4
1
5/4
3/2
7/4
2
9/4
5/2
11/4
3
13/4
7/2
15/4
4
17/4
9/2
19/4
5
21/4
11/2
23/4
6
25/4
13/2
27/4
7
29/4
15/2
31/4
8
33/4
17/2
35/4
9
37/4
19/2
39/4
10

Dimensions > 0:
(0, 0, 4)
(0, 1, 4)
(0, 2, 2)
(0, 3, 1)
(0, 4, 1)
(0, 5, 1)
(0, 6, 1)
(0, 7, 1)
(0, 8, 1)
(0, 9, 1)
(0, 10, 1)
(0, 11, 1)
(0, 12, 1)
(0, 13, 1)
(0, 14, 1)
(0, 15, 1)
(0, 16, 1)
(0, 17, 1)
(0, 18, 1)
(0, 19, 1)
(0, 20, 1)
(0, 21, 1)
(0, 22, 1)
(0, 23, 1)
(0, 24, 1)
(0, 25, 1)
(0, 26, 1)
(0, 27, 1)
(0, 28, 1)
(0, 29, 1)
(0, 30, 1)
(0, 31, 1)
(0, 32, 1)
(0, 33, 1)
(0, 34, 1)
(0, 35, 1)
(0, 36, 1)
(0, 37, 1)
(0, 38, 1)
(0, 39, 1)

(1, 0, 4)
(1, 1, 4)
(1, 2, 2)
(1, 3, 1)
(1, 4, 1)
(1, 5, 1)
(1, 6, 1)
(1, 7, 1)
(1, 8, 1)
(1, 9, 1)
(1, 10, 1)
(1, 11, 1)
(1, 12, 1)
(1, 13, 1)
(1, 14, 1)
(1, 15, 1)
(1, 16, 1)
(1, 17, 1)
(1, 18, 1)
(1, 19, 1)
(1, 20, 1)
(1, 21, 1)
(1, 22, 1)
(1, 23, 1)
(1, 24, 1)
(1, 25, 1)
(1, 26, 1)
(1, 27, 1)
(1, 28, 1)
(1, 29, 1)
(1, 30, 1)
(1, 31, 1)
(1, 32, 1)
(1, 33, 1)
(1, 34, 1)
(1, 35, 1)
(1, 36, 1)
(1, 37, 1)
(1, 38, 1)
(1, 39, 1)

(2, 0, 4)
(2, 1, 4)
(2, 2, 2)
(2, 3, 1)
(2, 4, 1)
(2, 5, 1)
(2, 6, 1)
(2, 7, 1)
(2, 8, 1)
(2, 9, 1)
(2, 10, 1)
(2, 11, 1)
(2, 12, 1)
(2, 13, 1)
(2, 14, 1)
(2, 15, 1)
(2, 16, 1)
(2, 17, 1)
(2, 18, 1)
(2, 19, 1)
(2, 20, 1)
(2, 21, 1)
(2, 22, 1)
(2, 23, 1)
(2, 24, 1)
(2, 25, 1)
(2, 26, 1)
(2, 27, 1)
(2, 28, 1)
(2, 29, 1)
(2, 30, 1)
(2, 31, 1)
(2, 32, 1)
(2, 33, 1)
(2, 34, 1)
(2, 35, 1)
(2, 36, 1)
(2, 37, 1)
(2, 38, 1)
(2, 39, 1)

(3, 0, 7)
(3, 1, 5)
(3, 2, 3)
(3, 3, 2)
(3, 4, 2)
(3, 5, 2)
(3, 6, 2)
(3, 7, 2)
(3, 8, 2)
(3, 9, 2)
(3, 10, 2)
(3, 11, 2)
(3, 12, 2)
(3, 13, 1)
(3, 14, 1)
(3, 15, 1)
(3, 16, 1)
(3, 17, 1)
(3, 18, 1)
(3, 19, 1)
(3, 20, 1)
(3, 21, 1)
(3, 22, 1)
(3, 23, 1)
(3, 24, 1)
(3, 25, 1)
(3, 26, 1)
(3, 27, 1)
(3, 28, 1)
(3, 29, 1)
(3, 30, 1)
(3, 31, 1)
(3, 32, 1)
(3, 33, 1)
(3, 34, 1)
(3, 35, 1)
(3, 36, 1)
(3, 37, 1)
(3, 38, 1)
(3, 39, 1)

(4, 0, 17)
(4, 1, 8)
(4, 2, 5)
(4, 3, 3)
(4, 4, 3)
(4, 5, 3)
(4, 6, 3)
(4, 7, 3)
(4, 8, 3)
(4, 9, 3)
(4, 10, 3)
(4, 11, 3)
(4, 12, 3)
(4, 13, 2)
(4, 14, 2)
(4, 15, 2)
(4, 16, 2)
(4, 17, 2)
(4, 18, 2)
(4, 19, 2)
(4, 20, 2)
(4, 21, 2)
(4, 22, 2)
(4, 23, 2)
(4, 24, 2)
(4, 25, 2)
(4, 26, 2)
(4, 27, 2)
(4, 28, 2)
(4, 29, 2)
(4, 30, 2)
(4, 31, 2)
(4, 32, 2)
(4, 33, 2)
(4, 34, 2)
(4, 35, 2)
(4, 36, 2)
(4, 37, 2)
(4, 38, 2)
(4, 39, 2)

(5, 0, 17)
(5, 1, 8)
(5, 2, 5)
(5, 3, 3)
(5, 4, 3)
(5, 5, 3)
(5, 6, 3)
(5, 7, 3)
(5, 8, 3)
(5, 9, 3)
(5, 10, 3)
(5, 11, 3)
(5, 12, 3)
(5, 13, 2)
(5, 14, 2)
(5, 15, 2)
(5, 16, 2)
(5, 17, 2)
(5, 18, 2)
(5, 19, 2)
(5, 20, 2)
(5, 21, 2)
(5, 22, 2)
(5, 23, 2)
(5, 24, 2)
(5, 25, 2)
(5, 26, 2)
(5, 27, 2)
(5, 28, 2)
(5, 29, 2)
(5, 30, 2)
(5, 31, 2)
(5, 32, 2)
(5, 33, 2)
(5, 34, 2)
(5, 35, 2)
(5, 36, 2)
(5, 37, 2)
(5, 38, 2)
(5, 39, 2)

(6, 0, 17)
(6, 1, 8)
(6, 2, 5)
(6, 3, 3)
(6, 4, 3)
(6, 5, 3)
(6, 6, 3)
(6, 7, 3)
(6, 8, 3)
(6, 9, 3)
(6, 10, 3)
(6, 11, 3)
(6, 12, 3)
(6, 13, 2)
(6, 14, 2)
(6, 15, 2)
(6, 16, 2)
(6, 17, 2)
(6, 18, 2)
(6, 19, 2)
(6, 20, 2)
(6, 21, 2)
(6, 22, 2)
(6, 23, 2)
(6, 24, 2)
(6, 25, 2)
(6, 26, 2)
(6, 27, 2)
(6, 28, 2)
(6, 29, 2)
(6, 30, 2)
(6, 31, 2)
(6, 32, 2)
(6, 33, 2)
(6, 34, 2)
(6, 35, 2)
(6, 36, 2)
(6, 37, 2)
(6, 38, 2)
(6, 39, 2)

(7, 0, 18)
(7, 1, 9)
(7, 2, 6)
(7, 3, 4)
(7, 4, 4)
(7, 5, 4)
(7, 6, 4)
(7, 7, 4)
(7, 8, 4)
(7, 9, 4)
(7, 10, 4)
(7, 11, 4)
(7, 12, 4)
(7, 13, 2)
(7, 14, 2)
(7, 15, 2)
(7, 16, 2)
(7, 17, 2)
(7, 18, 2)
(7, 19, 2)
(7, 20, 2)
(7, 21, 2)
(7, 22, 2)
(7, 23, 2)
(7, 24, 2)
(7, 25, 2)
(7, 26, 2)
(7, 27, 2)
(7, 28, 2)
(7, 29, 2)
(7, 30, 2)
(7, 31, 2)
(7, 32, 2)
(7, 33, 2)
(7, 34, 2)
(7, 35, 2)
(7, 36, 2)
(7, 37, 2)
(7, 38, 2)
(7, 39, 2)

(8, 0, 20)
(8, 1, 9)
(8, 2, 6)
(8, 3, 4)
(8, 4, 4)
(8, 5, 4)
(8, 6, 4)
(8, 7, 4)
(8, 8, 4)
(8, 9, 4)
(8, 10, 4)
(8, 11, 4)
(8, 12, 4)
(8, 13, 2)
(8, 14, 2)
(8, 15, 2)
(8, 16, 2)
(8, 17, 2)
(8, 18, 2)
(8, 19, 2)
(8, 20, 2)
(8, 21, 2)
(8, 22, 2)
(8, 23, 2)
(8, 24, 2)
(8, 25, 2)
(8, 26, 2)
(8, 27, 2)
(8, 28, 2)
(8, 29, 2)
(8, 30, 2)
(8, 31, 2)
(8, 32, 2)
(8, 33, 2)
(8, 34, 2)
(8, 35, 2)
(8, 36, 2)
(8, 37, 2)
(8, 38, 2)
(8, 39, 2)

(9, 0, 23)
(9, 1, 11)
(9, 2, 7)
(9, 3, 5)
(9, 4, 5)
(9, 5, 5)
(9, 6, 5)
(9, 7, 5)
(9, 8, 5)
(9, 9, 5)
(9, 10, 5)
(9, 11, 5)
(9, 12, 5)
(9, 13, 3)
(9, 14, 3)
(9, 15, 3)
(9, 16, 3)
(9, 17, 3)
(9, 18, 3)
(9, 19, 3)
(9, 20, 3)
(9, 21, 3)
(9, 22, 3)
(9, 23, 3)
(9, 24, 3)
(9, 25, 3)
(9, 26, 3)
(9, 27, 3)
(9, 28, 3)
(9, 29, 3)
(9, 30, 3)
(9, 31, 3)
(9, 32, 3)
(9, 33, 3)
(9, 34, 3)
(9, 35, 3)
(9, 36, 3)
(9, 37, 3)
(9, 38, 3)
(9, 39, 3)

(10, 0, 25)
(10, 1, 11)
(10, 2, 7)
(10, 3, 5)
(10, 4, 5)
(10, 5, 5)
(10, 6, 5)
(10, 7, 5)
(10, 8, 5)
(10, 9, 5)
(10, 10, 5)
(10, 11, 5)
(10, 12, 5)
(10, 13, 3)
(10, 14, 3)
(10, 15, 3)
(10, 16, 3)
(10, 17, 3)
(10, 18, 3)
(10, 19, 3)
(10, 20, 3)
(10, 21, 3)
(10, 22, 3)
(10, 23, 3)
(10, 24, 3)
(10, 25, 3)
(10, 26, 3)
(10, 27, 3)
(10, 28, 3)
(10, 29, 3)
(10, 30, 3)
(10, 31, 3)
(10, 32, 3)
(10, 33, 3)
(10, 34, 3)
(10, 35, 3)
(10, 36, 3)
(10, 37, 3)
(10, 38, 3)
(10, 39, 3)

(11, 0, 28)
(11, 1, 12)
(11, 2, 8)
(11, 3, 6)
(11, 4, 6)
(11, 5, 6)
(11, 6, 5)
(11, 7, 5)
(11, 8, 5)
(11, 9, 5)
(11, 10, 5)
(11, 11, 5)
(11, 12, 5)
(11, 13, 3)
(11, 14, 3)
(11, 15, 3)
(11, 16, 3)
(11, 17, 3)
(11, 18, 3)
(11, 19, 3)
(11, 20, 3)
(11, 21, 3)
(11, 22, 3)
(11, 23, 3)
(11, 24, 3)
(11, 25, 3)
(11, 26, 3)
(11, 27, 3)
(11, 28, 3)
(11, 29, 3)
(11, 30, 3)
(11, 31, 3)
(11, 32, 3)
(11, 33, 3)
(11, 34, 3)
(11, 35, 3)
(11, 36, 3)
(11, 37, 3)
(11, 38, 3)
(11, 39, 3)

(12, 0, 29)
(12, 1, 13)
(12, 2, 9)
(12, 3, 7)
(12, 4, 7)
(12, 5, 6)
(12, 6, 6)
(12, 7, 6)
(12, 8, 6)
(12, 9, 6)
(12, 10, 6)
(12, 11, 6)
(12, 12, 6)
(12, 13, 4)
(12, 14, 4)
(12, 15, 4)
(12, 16, 4)
(12, 17, 4)
(12, 18, 4)
(12, 19, 4)
(12, 20, 4)
(12, 21, 4)
(12, 22, 4)
(12, 23, 4)
(12, 24, 4)
(12, 25, 4)
(12, 26, 4)
(12, 27, 4)
(12, 28, 4)
(12, 29, 4)
(12, 30, 4)
(12, 31, 4)
(12, 32, 4)
(12, 33, 4)
(12, 34, 4)
(12, 35, 4)
(12, 36, 4)
(12, 37, 4)
(12, 38, 4)
(12, 39, 4)

(13, 0, 32)
(13, 1, 16)
(13, 2, 12)
(13, 3, 9)
(13, 4, 9)
(13, 5, 8)
(13, 6, 8)
(13, 7, 8)
(13, 8, 6)
(13, 9, 6)
(13, 10, 6)
(13, 11, 6)
(13, 12, 6)
(13, 13, 4)
(13, 14, 4)
(13, 15, 4)
(13, 16, 4)
(13, 17, 4)
(13, 18, 4)
(13, 19, 4)
(13, 20, 4)
(13, 21, 4)
(13, 22, 4)
(13, 23, 4)
(13, 24, 4)
(13, 25, 4)
(13, 26, 4)
(13, 27, 4)
(13, 28, 4)
(13, 29, 4)
(13, 30, 4)
(13, 31, 4)
(13, 32, 4)
(13, 33, 4)
(13, 34, 4)
(13, 35, 4)
(13, 36, 4)
(13, 37, 4)
(13, 38, 4)
(13, 39, 4)

(14, 0, 35)
(14, 1, 19)
(14, 2, 15)
(14, 3, 10)
(14, 4, 10)
(14, 5, 9)
(14, 6, 9)
(14, 7, 9)
(14, 8, 7)
(14, 9, 6)
(14, 10, 6)
(14, 11, 6)
(14, 12, 6)
(14, 13, 4)
(14, 14, 4)
(14, 15, 4)
(14, 16, 4)
(14, 17, 4)
(14, 18, 4)
(14, 19, 4)
(14, 20, 4)
(14, 21, 4)
(14, 22, 4)
(14, 23, 4)
(14, 24, 4)
(14, 25, 4)
(14, 26, 4)
(14, 27, 4)
(14, 28, 4)
(14, 29, 4)
(14, 30, 4)
(14, 31, 4)
(14, 32, 4)
(14, 33, 4)
(14, 34, 4)
(14, 35, 4)
(14, 36, 4)
(14, 37, 4)
(14, 38, 4)
(14, 39, 4)

(15, 0, 42)
(15, 1, 22)
(15, 2, 17)
(15, 3, 12)
(15, 4, 12)
(15, 5, 11)
(15, 6, 11)
(15, 7, 10)
(15, 8, 8)
(15, 9, 7)
(15, 10, 7)
(15, 11, 7)
(15, 12, 7)
(15, 13, 5)
(15, 14, 5)
(15, 15, 5)
(15, 16, 5)
(15, 17, 5)
(15, 18, 5)
(15, 19, 5)
(15, 20, 5)
(15, 21, 5)
(15, 22, 5)
(15, 23, 5)
(15, 24, 5)
(15, 25, 5)
(15, 26, 5)
(15, 27, 5)
(15, 28, 5)
(15, 29, 5)
(15, 30, 5)
(15, 31, 5)
(15, 32, 5)
(15, 33, 5)
(15, 34, 5)
(15, 35, 5)
(15, 36, 5)
(15, 37, 5)
(15, 38, 5)
(15, 39, 5)

(16, 0, 46)
(16, 1, 26)
(16, 2, 21)
(16, 3, 15)
(16, 4, 15)
(16, 5, 14)
(16, 6, 14)
(16, 7, 13)
(16, 8, 10)
(16, 9, 9)
(16, 10, 9)
(16, 11, 9)
(16, 12, 9)
(16, 13, 6)
(16, 14, 6)
(16, 15, 6)
(16, 16, 6)
(16, 17, 6)
(16, 18, 6)
(16, 19, 6)
(16, 20, 6)
(16, 21, 6)
(16, 22, 6)
(16, 23, 6)
(16, 24, 6)
(16, 25, 5)
(16, 26, 5)
(16, 27, 5)
(16, 28, 5)
(16, 29, 5)
(16, 30, 5)
(16, 31, 5)
(16, 32, 5)
(16, 33, 5)
(16, 34, 5)
(16, 35, 5)
(16, 36, 4)
(16, 37, 4)
(16, 38, 4)
(16, 39, 4)

(17, 0, 59)
(17, 1, 39)
(17, 2, 34)
(17, 3, 23)
(17, 4, 23)
(17, 5, 22)
(17, 6, 20)
(17, 7, 19)
(17, 8, 16)
(17, 9, 15)
(17, 10, 12)
(17, 11, 12)
(17, 12, 11)
(17, 13, 8)
(17, 14, 8)
(17, 15, 7)
(17, 16, 7)
(17, 17, 7)
(17, 18, 7)
(17, 19, 7)
(17, 20, 7)
(17, 21, 6)
(17, 22, 6)
(17, 23, 6)
(17, 24, 6)
(17, 25, 6)
(17, 26, 6)
(17, 27, 6)
(17, 28, 6)
(17, 29, 6)
(17, 30, 6)
(17, 31, 6)
(17, 32, 5)
(17, 33, 5)
(17, 34, 5)
(17, 35, 5)
(17, 36, 5)
(17, 37, 5)
(17, 38, 5)
(17, 39, 5)

(18, 0, 71)
(18, 1, 51)
(18, 2, 45)
(18, 3, 29)
(18, 4, 29)
(18, 5, 28)
(18, 6, 26)
(18, 7, 25)
(18, 8, 22)
(18, 9, 21)
(18, 10, 14)
(18, 11, 14)
(18, 12, 12)
(18, 13, 8)
(18, 14, 8)
(18, 15, 7)
(18, 16, 7)
(18, 17, 7)
(18, 18, 7)
(18, 19, 7)
(18, 20, 7)
(18, 21, 6)
(18, 22, 6)
(18, 23, 6)
(18, 24, 6)
(18, 25, 6)
(18, 26, 6)
(18, 27, 6)
(18, 28, 6)
(18, 29, 6)
(18, 30, 6)
(18, 31, 6)
(18, 32, 5)
(18, 33, 5)
(18, 34, 5)
(18, 35, 5)
(18, 36, 5)
(18, 37, 5)
(18, 38, 5)
(18, 39, 5)

(19, 0, 91)
(19, 1, 70)
(19, 2, 64)
(19, 3, 44)
(19, 4, 44)
(19, 5, 42)
(19, 6, 38)
(19, 7, 33)
(19, 8, 27)
(19, 9, 26)
(19, 10, 19)
(19, 11, 17)
(19, 12, 14)
(19, 13, 10)
(19, 14, 10)
(19, 15, 10)
(19, 16, 9)
(19, 17, 9)
(19, 18, 9)
(19, 19, 9)
(19, 20, 8)
(19, 21, 7)
(19, 22, 7)
(19, 23, 7)
(19, 24, 7)
(19, 25, 7)
(19, 26, 7)
(19, 27, 7)
(19, 28, 7)
(19, 29, 7)
(19, 30, 7)
(19, 31, 6)
(19, 32, 6)
(19, 33, 6)
(19, 34, 6)
(19, 35, 6)
(19, 36, 4)
(19, 37, 3)
(19, 38, 3)
(19, 39, 3)

(20, 0, 119)
(20, 1, 96)
(20, 2, 88)
(20, 3, 57)
(20, 4, 57)
(20, 5, 55)
(20, 6, 46)
(20, 7, 37)
(20, 8, 28)
(20, 9, 26)
(20, 10, 17)
(20, 11, 14)
(20, 12, 13)
(20, 13, 10)
(20, 14, 10)
(20, 15, 10)
(20, 16, 9)
(20, 17, 9)
(20, 18, 9)
(20, 19, 9)
(20, 20, 8)
(20, 21, 7)
(20, 22, 7)
(20, 23, 7)
(20, 24, 7)
(20, 25, 7)
(20, 26, 7)
(20, 27, 6)
(20, 28, 6)
(20, 29, 6)
(20, 30, 6)
(20, 31, 5)
(20, 32, 5)
(20, 33, 4)
(20, 34, 4)
(20, 35, 4)
(20, 36, 4)
(20, 37, 3)
(20, 38, 3)
(20, 39, 3)

(21, 0, 136)
(21, 1, 112)
(21, 2, 103)
(21, 3, 65)
(21, 4, 62)
(21, 5, 61)
(21, 6, 50)
(21, 7, 40)
(21, 8, 30)
(21, 9, 27)
(21, 10, 17)
(21, 11, 14)
(21, 12, 13)
(21, 13, 10)
(21, 14, 10)
(21, 15, 10)
(21, 16, 9)
(21, 17, 9)
(21, 18, 9)
(21, 19, 9)
(21, 20, 8)
(21, 21, 6)
(21, 22, 6)
(21, 23, 6)
(21, 24, 6)
(21, 25, 6)
(21, 26, 6)
(21, 27, 6)
(21, 28, 6)
(21, 29, 6)
(21, 30, 6)
(21, 31, 5)
(21, 32, 4)
(21, 33, 4)
(21, 34, 4)
(21, 35, 4)
(21, 36, 4)
(21, 37, 3)
(21, 38, 3)
(21, 39, 3)

(22, 0, 154)
(22, 1, 130)
(22, 2, 120)
(22, 3, 77)
(22, 4, 69)
(22, 5, 67)
(22, 6, 52)
(22, 7, 41)
(22, 8, 30)
(22, 9, 28)
(22, 10, 17)
(22, 11, 14)
(22, 12, 13)
(22, 13, 10)
(22, 14, 10)
(22, 15, 10)
(22, 16, 9)
(22, 17, 9)
(22, 18, 9)
(22, 19, 9)
(22, 20, 7)
(22, 21, 6)
(22, 22, 6)
(22, 23, 6)
(22, 24, 6)
(22, 25, 6)
(22, 26, 6)
(22, 27, 6)
(22, 28, 6)
(22, 29, 6)
(22, 30, 6)
(22, 31, 4)
(22, 32, 4)
(22, 33, 4)
(22, 34, 4)
(22, 35, 4)
(22, 36, 4)
(22, 37, 3)
(22, 38, 3)
(22, 39, 3)

(23, 0, 175)
(23, 1, 149)
(23, 2, 138)
(23, 3, 88)
(23, 4, 79)
(23, 5, 75)
(23, 6, 57)
(23, 7, 44)
(23, 8, 32)
(23, 9, 31)
(23, 10, 20)
(23, 11, 17)
(23, 12, 14)
(23, 13, 11)
(23, 14, 11)
(23, 15, 11)
(23, 16, 10)
(23, 17, 10)
(23, 18, 10)
(23, 19, 9)
(23, 20, 8)
(23, 21, 7)
(23, 22, 6)
(23, 23, 6)
(23, 24, 6)
(23, 25, 6)
(23, 26, 6)
(23, 27, 6)
(23, 28, 6)
(23, 29, 6)
(23, 30, 6)
(23, 31, 4)
(23, 32, 4)
(23, 33, 4)
(23, 34, 4)
(23, 35, 4)
(23, 36, 4)
(23, 37, 3)
(23, 38, 3)
(23, 39, 3)

(24, 0, 193)
(24, 1, 166)
(24, 2, 154)
(24, 3, 98)
(24, 4, 86)
(24, 5, 79)
(24, 6, 60)
(24, 7, 45)
(24, 8, 31)
(24, 9, 29)
(24, 10, 19)
(24, 11, 16)
(24, 12, 14)
(24, 13, 11)
(24, 14, 10)
(24, 15, 10)
(24, 16, 9)
(24, 17, 9)
(24, 18, 9)
(24, 19, 9)
(24, 20, 8)
(24, 21, 7)
(24, 22, 6)
(24, 23, 6)
(24, 24, 6)
(24, 25, 6)
(24, 26, 6)
(24, 27, 6)
(24, 28, 6)
(24, 29, 6)
(24, 30, 6)
(24, 31, 4)
(24, 32, 4)
(24, 33, 4)
(24, 34, 4)
(24, 35, 4)
(24, 36, 4)
(24, 37, 3)
(24, 38, 3)
(24, 39, 3)

(25, 0, 204)
(25, 1, 177)
(25, 2, 165)
(25, 3, 107)
(25, 4, 94)
(25, 5, 86)
(25, 6, 64)
(25, 7, 48)
(25, 8, 34)
(25, 9, 32)
(25, 10, 22)
(25, 11, 18)
(25, 12, 16)
(25, 13, 12)
(25, 14, 11)
(25, 15, 11)
(25, 16, 10)
(25, 17, 10)
(25, 18, 10)
(25, 19, 10)
(25, 20, 9)
(25, 21, 8)
(25, 22, 7)
(25, 23, 7)
(25, 24, 6)
(25, 25, 6)
(25, 26, 6)
(25, 27, 6)
(25, 28, 6)
(25, 29, 6)
(25, 30, 6)
(25, 31, 4)
(25, 32, 4)
(25, 33, 4)
(25, 34, 4)
(25, 35, 4)
(25, 36, 4)
(25, 37, 3)
(25, 38, 3)
(25, 39, 3)

(26, 0, 220)
(26, 1, 192)
(26, 2, 179)
(26, 3, 115)
(26, 4, 101)
(26, 5, 93)
(26, 6, 69)
(26, 7, 53)
(26, 8, 37)
(26, 9, 35)
(26, 10, 23)
(26, 11, 18)
(26, 12, 17)
(26, 13, 13)
(26, 14, 12)
(26, 15, 12)
(26, 16, 11)
(26, 17, 11)
(26, 18, 11)
(26, 19, 11)
(26, 20, 10)
(26, 21, 8)
(26, 22, 6)
(26, 23, 6)
(26, 24, 6)
(26, 25, 6)
(26, 26, 6)
(26, 27, 6)
(26, 28, 6)
(26, 29, 6)
(26, 30, 6)
(26, 31, 4)
(26, 32, 4)
(26, 33, 4)
(26, 34, 4)
(26, 35, 4)
(26, 36, 4)
(26, 37, 3)
(26, 38, 3)
(26, 39, 3)

(27, 0, 242)
(27, 1, 213)
(27, 2, 199)
(27, 3, 127)
(27, 4, 113)
(27, 5, 102)
(27, 6, 75)
(27, 7, 57)
(27, 8, 41)
(27, 9, 38)
(27, 10, 25)
(27, 11, 22)
(27, 12, 19)
(27, 13, 15)
(27, 14, 14)
(27, 15, 14)
(27, 16, 13)
(27, 17, 13)
(27, 18, 12)
(27, 19, 12)
(27, 20, 10)
(27, 21, 8)
(27, 22, 6)
(27, 23, 6)
(27, 24, 6)
(27, 25, 6)
(27, 26, 6)
(27, 27, 6)
(27, 28, 6)
(27, 29, 6)
(27, 30, 6)
(27, 31, 3)
(27, 32, 3)
(27, 33, 3)
(27, 34, 3)
(27, 35, 3)
(27, 36, 3)
(27, 37, 3)
(27, 38, 3)
(27, 39, 3)

(28, 0, 260)
(28, 1, 231)
(28, 2, 216)
(28, 3, 139)
(28, 4, 122)
(28, 5, 110)
(28, 6, 80)
(28, 7, 62)
(28, 8, 45)
(28, 9, 40)
(28, 10, 26)
(28, 11, 23)
(28, 12, 22)
(28, 13, 17)
(28, 14, 16)
(28, 15, 16)
(28, 16, 15)
(28, 17, 14)
(28, 18, 13)
(28, 19, 13)
(28, 20, 11)
(28, 21, 7)
(28, 22, 6)
(28, 23, 6)
(28, 24, 6)
(28, 25, 6)
(28, 26, 6)
(28, 27, 6)
(28, 28, 6)
(28, 29, 6)
(28, 30, 6)
(28, 31, 3)
(28, 32, 3)
(28, 33, 3)
(28, 34, 3)
(28, 35, 3)
(28, 36, 3)
(28, 37, 3)
(28, 38, 3)
(28, 39, 3)

(29, 0, 278)
(29, 1, 249)
(29, 2, 234)
(29, 3, 153)
(29, 4, 135)
(29, 5, 121)
(29, 6, 88)
(29, 7, 67)
(29, 8, 49)
(29, 9, 40)
(29, 10, 27)
(29, 11, 23)
(29, 12, 22)
(29, 13, 17)
(29, 14, 16)
(29, 15, 16)
(29, 16, 14)
(29, 17, 13)
(29, 18, 12)
(29, 19, 12)
(29, 20, 9)
(29, 21, 6)
(29, 22, 6)
(29, 23, 6)
(29, 24, 6)
(29, 25, 6)
(29, 26, 6)
(29, 27, 6)
(29, 28, 6)
(29, 29, 6)
(29, 30, 6)
(29, 31, 3)
(29, 32, 3)
(29, 33, 3)
(29, 34, 3)
(29, 35, 3)
(29, 36, 3)
(29, 37, 3)
(29, 38, 3)
(29, 39, 3)

(30, 0, 295)
(30, 1, 265)
(30, 2, 248)
(30, 3, 160)
(30, 4, 142)
(30, 5, 128)
(30, 6, 92)
(30, 7, 68)
(30, 8, 50)
(30, 9, 42)
(30, 10, 28)
(30, 11, 24)
(30, 12, 23)
(30, 13, 17)
(30, 14, 16)
(30, 15, 16)
(30, 16, 14)
(30, 17, 13)
(30, 18, 12)
(30, 19, 12)
(30, 20, 9)
(30, 21, 6)
(30, 22, 6)
(30, 23, 6)
(30, 24, 6)
(30, 25, 6)
(30, 26, 6)
(30, 27, 6)
(30, 28, 6)
(30, 29, 6)
(30, 30, 6)
(30, 31, 3)
(30, 32, 3)
(30, 33, 3)
(30, 34, 3)
(30, 35, 3)
(30, 36, 3)
(30, 37, 3)
(30, 38, 3)
(30, 39, 3)

(31, 0, 303)
(31, 1, 273)
(31, 2, 256)
(31, 3, 166)
(31, 4, 147)
(31, 5, 133)
(31, 6, 94)
(31, 7, 70)
(31, 8, 51)
(31, 9, 43)
(31, 10, 28)
(31, 11, 24)
(31, 12, 23)
(31, 13, 17)
(31, 14, 16)
(31, 15, 16)
(31, 16, 14)
(31, 17, 13)
(31, 18, 12)
(31, 19, 12)
(31, 20, 7)
(31, 21, 6)
(31, 22, 6)
(31, 23, 6)
(31, 24, 6)
(31, 25, 6)
(31, 26, 6)
(31, 27, 6)
(31, 28, 6)
(31, 29, 6)
(31, 30, 6)
(31, 31, 3)
(31, 32, 3)
(31, 33, 3)
(31, 34, 3)
(31, 35, 3)
(31, 36, 3)
(31, 37, 3)
(31, 38, 3)
(31, 39, 3)

(32, 0, 319)
(32, 1, 289)
(32, 2, 272)
(32, 3, 176)
(32, 4, 156)
(32, 5, 142)
(32, 6, 101)
(32, 7, 76)
(32, 8, 55)
(32, 9, 47)
(32, 10, 32)
(32, 11, 28)
(32, 12, 24)
(32, 13, 17)
(32, 14, 16)
(32, 15, 16)
(32, 16, 14)
(32, 17, 13)
(32, 18, 12)
(32, 19, 11)
(32, 20, 7)
(32, 21, 6)
(32, 22, 6)
(32, 23, 6)
(32, 24, 6)
(32, 25, 6)
(32, 26, 6)
(32, 27, 6)
(32, 28, 6)
(32, 29, 6)
(32, 30, 6)
(32, 31, 3)
(32, 32, 3)
(32, 33, 3)
(32, 34, 3)
(32, 35, 3)
(32, 36, 3)
(32, 37, 3)
(32, 38, 3)
(32, 39, 3)

(33, 0, 332)
(33, 1, 300)
(33, 2, 283)
(33, 3, 179)
(33, 4, 159)
(33, 5, 145)
(33, 6, 102)
(33, 7, 77)
(33, 8, 56)
(33, 9, 48)
(33, 10, 32)
(33, 11, 27)
(33, 12, 24)
(33, 13, 17)
(33, 14, 16)
(33, 15, 16)
(33, 16, 14)
(33, 17, 13)
(33, 18, 12)
(33, 19, 11)
(33, 20, 7)
(33, 21, 6)
(33, 22, 6)
(33, 23, 6)
(33, 24, 6)
(33, 25, 6)
(33, 26, 6)
(33, 27, 6)
(33, 28, 6)
(33, 29, 6)
(33, 30, 6)
(33, 31, 3)
(33, 32, 3)
(33, 33, 3)
(33, 34, 3)
(33, 35, 3)
(33, 36, 3)
(33, 37, 3)
(33, 38, 3)
(33, 39, 3)

(34, 0, 344)
(34, 1, 312)
(34, 2, 294)
(34, 3, 184)
(34, 4, 163)
(34, 5, 147)
(34, 6, 103)
(34, 7, 77)
(34, 8, 56)
(34, 9, 48)
(34, 10, 32)
(34, 11, 27)
(34, 12, 24)
(34, 13, 16)
(34, 14, 15)
(34, 15, 15)
(34, 16, 14)
(34, 17, 13)
(34, 18, 12)
(34, 19, 11)
(34, 20, 7)
(34, 21, 6)
(34, 22, 6)
(34, 23, 6)
(34, 24, 6)
(34, 25, 6)
(34, 26, 6)
(34, 27, 6)
(34, 28, 6)
(34, 29, 6)
(34, 30, 6)
(34, 31, 3)
(34, 32, 3)
(34, 33, 3)
(34, 34, 3)
(34, 35, 3)
(34, 36, 3)
(34, 37, 3)
(34, 38, 3)
(34, 39, 3)

(35, 0, 353)
(35, 1, 321)
(35, 2, 303)
(35, 3, 188)
(35, 4, 167)
(35, 5, 151)
(35, 6, 105)
(35, 7, 76)
(35, 8, 55)
(35, 9, 47)
(35, 10, 30)
(35, 11, 26)
(35, 12, 23)
(35, 13, 15)
(35, 14, 14)
(35, 15, 14)
(35, 16, 13)
(35, 17, 12)
(35, 18, 12)
(35, 19, 11)
(35, 20, 7)
(35, 21, 6)
(35, 22, 6)
(35, 23, 6)
(35, 24, 6)
(35, 25, 6)
(35, 26, 6)
(35, 27, 6)
(35, 28, 6)
(35, 29, 6)
(35, 30, 6)
(35, 31, 3)
(35, 32, 3)
(35, 33, 3)
(35, 34, 3)
(35, 35, 3)
(35, 36, 3)
(35, 37, 3)
(35, 38, 3)
(35, 39, 3)

(36, 0, 362)
(36, 1, 329)
(36, 2, 310)
(36, 3, 191)
(36, 4, 170)
(36, 5, 153)
(36, 6, 106)
(36, 7, 77)
(36, 8, 56)
(36, 9, 48)
(36, 10, 30)
(36, 11, 26)
(36, 12, 23)
(36, 13, 15)
(36, 14, 14)
(36, 15, 14)
(36, 16, 13)
(36, 17, 12)
(36, 18, 12)
(36, 19, 11)
(36, 20, 7)
(36, 21, 6)
(36, 22, 6)
(36, 23, 6)
(36, 24, 6)
(36, 25, 6)
(36, 26, 6)
(36, 27, 6)
(36, 28, 6)
(36, 29, 6)
(36, 30, 6)
(36, 31, 3)
(36, 32, 3)
(36, 33, 3)
(36, 34, 3)
(36, 35, 3)
(36, 36, 3)
(36, 37, 3)
(36, 38, 3)
(36, 39, 3)

(37, 0, 369)
(37, 1, 336)
(37, 2, 317)
(37, 3, 197)
(37, 4, 176)
(37, 5, 158)
(37, 6, 107)
(37, 7, 78)
(37, 8, 57)
(37, 9, 49)
(37, 10, 30)
(37, 11, 25)
(37, 12, 22)
(37, 13, 15)
(37, 14, 14)
(37, 15, 14)
(37, 16, 13)
(37, 17, 12)
(37, 18, 12)
(37, 19, 11)
(37, 20, 7)
(37, 21, 6)
(37, 22, 6)
(37, 23, 6)
(37, 24, 6)
(37, 25, 6)
(37, 26, 6)
(37, 27, 6)
(37, 28, 6)
(37, 29, 6)
(37, 30, 6)
(37, 31, 3)
(37, 32, 3)
(37, 33, 3)
(37, 34, 3)
(37, 35, 3)
(37, 36, 3)
(37, 37, 3)
(37, 38, 3)
(37, 39, 3)

(38, 0, 380)
(38, 1, 344)
(38, 2, 324)
(38, 3, 201)
(38, 4, 180)
(38, 5, 160)
(38, 6, 107)
(38, 7, 76)
(38, 8, 55)
(38, 9, 47)
(38, 10, 30)
(38, 11, 25)
(38, 12, 22)
(38, 13, 15)
(38, 14, 14)
(38, 15, 14)
(38, 16, 13)
(38, 17, 12)
(38, 18, 12)
(38, 19, 11)
(38, 20, 7)
(38, 21, 6)
(38, 22, 6)
(38, 23, 6)
(38, 24, 6)
(38, 25, 6)
(38, 26, 6)
(38, 27, 6)
(38, 28, 6)
(38, 29, 6)
(38, 30, 6)
(38, 31, 3)
(38, 32, 3)
(38, 33, 3)
(38, 34, 3)
(38, 35, 3)
(38, 36, 3)
(38, 37, 3)
(38, 38, 3)
(38, 39, 3)

(39, 0, 395)
(39, 1, 352)
(39, 2, 327)
(39, 3, 200)
(39, 4, 177)
(39, 5, 157)
(39, 6, 104)
(39, 7, 75)
(39, 8, 55)
(39, 9, 47)
(39, 10, 30)
(39, 11, 25)
(39, 12, 22)
(39, 13, 15)
(39, 14, 14)
(39, 15, 14)
(39, 16, 13)
(39, 17, 12)
(39, 18, 12)
(39, 19, 11)
(39, 20, 7)
(39, 21, 6)
(39, 22, 6)
(39, 23, 6)
(39, 24, 6)
(39, 25, 6)
(39, 26, 6)
(39, 27, 6)
(39, 28, 6)
(39, 29, 6)
(39, 30, 6)
(39, 31, 3)
(39, 32, 3)
(39, 33, 3)
(39, 34, 3)
(39, 35, 3)
(39, 36, 3)
(39, 37, 3)
(39, 38, 3)
(39, 39, 3)


Betti numbers:
xi_0:
(0, 0, 4)
(3, 0, 3)
(4, 0, 10)
(7, 0, 1)
(8, 0, 2)
(9, 0, 3)
(10, 0, 2)
(11, 0, 3)
(12, 0, 1)
(13, 0, 3)
(14, 0, 3)
(15, 0, 7)
(16, 0, 4)
(17, 0, 13)
(18, 0, 12)
(19, 0, 20)
(20, 0, 28)
(21, 0, 17)
(22, 0, 18)
(23, 0, 21)
(24, 0, 18)
(25, 0, 11)
(26, 0, 16)
(27, 0, 22)
(28, 0, 18)
(29, 0, 18)
(30, 0, 17)
(31, 0, 8)
(32, 0, 16)
(33, 0, 13)
(34, 0, 12)
(35, 0, 9)
(36, 0, 9)
(37, 0, 7)
(38, 0, 11)
(39, 0, 15)
xi_1:
(0, 2, 2)
(0, 3, 1)
(3, 1, 2)
(3, 13, 1)
(4, 1, 7)
(4, 2, 1)
(4, 3, 1)
(7, 13, 1)
(8, 1, 2)
(9, 1, 1)
(9, 2, 1)
(10, 1, 2)
(11, 1, 2)
(11, 6, 1)
(12, 5, 1)
(13, 3, 1)
(13, 8, 2)
(14, 3, 2)
(14, 9, 1)
(15, 1, 4)
(15, 2, 1)
(15, 7, 1)
(16, 3, 1)
(16, 8, 1)
(16, 13, 1)
(16, 25, 1)
(16, 36, 1)
(17, 3, 5)
(17, 6, 2)
(17, 10, 3)
(17, 12, 1)
(17, 15, 1)
(17, 21, 1)
(17, 32, 1)
(18, 2, 1)
(18, 3, 5)
(18, 10, 4)
(18, 12, 1)
(18, 13, 1)
(19, 1, 1)
(19, 3, 4)
(19, 5, 1)
(19, 6, 2)
(19, 7, 4)
(19, 8, 3)
(19, 10, 3)
(19, 11, 2)
(19, 12, 1)
(19, 13, 1)
(19, 16, 1)
(19, 20, 1)
(19, 31, 1)
(19, 36, 2)
(19, 37, 1)
(20, 1, 2)
(20, 2, 2)
(20, 3, 11)
(20, 5, 1)
(20, 6, 5)
(20, 7, 4)
(20, 8, 3)
(20, 9, 1)
(20, 10, 5)
(20, 11, 3)
(20, 27, 1)
(20, 33, 1)
(21, 1, 1)
(21, 2, 1)
(21, 3, 7)
(21, 4, 3)
(21, 6, 2)
(21, 7, 1)
(21, 8, 1)
(21, 9, 1)
(21, 10, 2)
(21, 11, 1)
(21, 21, 1)
(21, 32, 1)
(22, 2, 1)
(22, 3, 5)
(22, 4, 5)
(22, 5, 1)
(22, 6, 5)
(22, 7, 1)
(22, 8, 1)
(22, 10, 2)
(22, 20, 1)
(22, 31, 1)
(23, 1, 2)
(23, 2, 1)
(23, 3, 7)
(23, 4, 1)
(23, 5, 2)
(23, 6, 3)
(23, 7, 2)
(23, 8, 1)
(23, 10, 1)
(23, 12, 2)
(23, 19, 1)
(23, 22, 1)
(24, 1, 1)
(24, 2, 1)
(24, 3, 6)
(24, 4, 3)
(24, 5, 3)
(24, 6, 1)
(24, 7, 2)
(24, 8, 2)
(24, 9, 1)
(24, 10, 1)
(24, 14, 1)
(25, 3, 2)
(25, 4, 1)
(25, 5, 1)
(25, 6, 3)
(25, 7, 1)
(25, 9, 1)
(25, 10, 1)
(25, 11, 1)
(25, 13, 1)
(25, 24, 1)
(26, 1, 1)
(26, 2, 1)
(26, 3, 6)
(26, 4, 1)
(26, 6, 2)
(26, 8, 2)
(26, 10, 2)
(26, 11, 1)
(26, 21, 1)
(26, 22, 1)
(27, 1, 1)
(27, 2, 1)
(27, 3, 8)
(27, 5, 3)
(27, 6, 3)
(27, 7, 2)
(27, 9, 1)
(27, 10, 1)
(27, 12, 2)
(27, 18, 1)
(27, 20, 1)
(27, 21, 1)
(27, 31, 1)
(28, 2, 1)
(28, 3, 5)
(28, 4, 3)
(28, 5, 1)
(28, 6, 3)
(28, 8, 1)
(28, 9, 3)
(28, 10, 1)
(28, 13, 1)
(28, 17, 1)
(28, 21, 2)
(29, 3, 4)
(29, 4, 1)
(29, 5, 2)
(29, 6, 3)
(29, 7, 3)
(29, 8, 1)
(29, 9, 4)
(29, 11, 1)
(29, 13, 1)
(29, 16, 1)
(29, 18, 1)
(29, 20, 1)
(30, 1, 1)
(30, 2, 2)
(30, 3, 7)
(30, 6, 3)
(30, 7, 3)
(30, 9, 1)
(30, 10, 1)
(30, 13, 1)
(31, 3, 2)
(31, 4, 1)
(31, 6, 3)
(31, 8, 1)
(31, 10, 1)
(31, 20, 2)
(32, 3, 6)
(32, 4, 1)
(32, 6, 3)
(32, 7, 1)
(32, 8, 2)
(32, 12, 3)
(32, 13, 1)
(32, 19, 1)
(33, 1, 2)
(33, 3, 8)
(33, 6, 2)
(33, 10, 1)
(33, 11, 1)
(34, 2, 1)
(34, 3, 6)
(34, 4, 1)
(34, 5, 2)
(34, 6, 1)
(34, 7, 1)
(34, 13, 1)
(35, 3, 5)
(35, 6, 2)
(35, 7, 3)
(35, 10, 1)
(36, 1, 1)
(36, 2, 1)
(36, 3, 4)
(36, 5, 1)
(36, 6, 1)
(36, 10, 1)
(37, 3, 1)
(37, 5, 1)
(37, 6, 4)
(37, 10, 1)
(37, 11, 1)
(38, 1, 3)
(38, 2, 1)
(38, 3, 3)
(38, 5, 2)
(38, 6, 2)
(38, 7, 2)
(38, 8, 1)
(39, 1, 7)
(39, 2, 5)
(39, 3, 4)
(39, 4, 2)
(39, 5, 1)
(39, 6, 1)
xi_2:
(12, 6, 1)
(17, 25, 1)
(17, 36, 1)
(19, 10, 3)
(19, 13, 1)
(19, 15, 1)
(19, 32, 1)
(20, 5, 1)
(20, 10, 3)
(20, 11, 2)
(20, 12, 2)
(20, 13, 1)
(20, 36, 2)
(21, 5, 1)
(21, 10, 1)
(21, 11, 1)
(21, 27, 1)
(21, 33, 1)
(22, 6, 1)
(22, 9, 1)
(22, 10, 1)
(22, 21, 1)
(22, 32, 1)
(23, 9, 1)
(23, 10, 1)
(23, 20, 1)
(24, 10, 2)
(24, 12, 1)
(24, 19, 1)
(25, 9, 1)
(25, 10, 1)
(26, 12, 1)
(26, 24, 1)
(27, 11, 2)
(27, 21, 1)
(27, 37, 1)
(28, 9, 1)
(28, 12, 2)
(28, 22, 1)
(29, 10, 1)
(29, 13, 1)
(29, 18, 1)
(29, 21, 1)
(29, 22, 1)
(30, 9, 2)
(31, 21, 2)
(32, 6, 1)
(32, 20, 1)
(33, 12, 1)
(34, 16, 1)
(35, 11, 1)
(35, 18, 1)
(37, 13, 1)
(38, 8, 1)
(38, 10, 2)
(39, 5, 1)
(39, 6, 1)
(39, 7, 2)
(39, 8, 1)
