x-grades
-82006536794679551/40000000000000000
-40399388665522723/20000000000000000
-79591017867411341/40000000000000000
-19595814600944309/10000000000000000
-77175498940143131/40000000000000000
-37983869738254513/20000000000000000
-74759980012874921/40000000000000000
-4597013784327551/2500000000000000
-72344461085606711/40000000000000000
-35568350810986303/20000000000000000
-69928942158338501/40000000000000000
-17180295673676099/10000000000000000
-67513423231070291/40000000000000000
-33152831883718093/20000000000000000
-65097904303802081/40000000000000000
-7986268105020997/5000000000000000
-62682385376533871/40000000000000000
-30737312956449883/20000000000000000
-60266866449265661/40000000000000000
-14764776746407889/10000000000000000
-57851347521997451/40000000000000000
-28321794029181673/20000000000000000
-55435828594729241/40000000000000000
-1694627160346723/1250000000000000
-53020309667461031/40000000000000000
-25906275101913463/20000000000000000
-50604790740192821/40000000000000000
-12349257819139679/10000000000000000
-48189271812924611/40000000000000000
-23490756174645253/20000000000000000
-45773752885656401/40000000000000000
-5570749177752787/5000000000000000
-43358233958388191/40000000000000000
-21075237247377043/20000000000000000
-40942715031119981/40000000000000000
-9933738891871469/10000000000000000
-38527196103851771/40000000000000000
-18659718320108833/20000000000000000
-36111677176583561/40000000000000000
-2181494857059341/2500000000000000

y-grades
49999/200000
49999/100000
149997/200000
49999/50000
49999/40000
149997/100000
349993/200000
49999/25000
449991/200000
49999/20000
549989/200000
149997/50000
649987/200000
349993/100000
149997/40000
49999/12500
849983/200000
449991/100000
949981/200000
49999/10000
1049979/200000
549989/100000
1149977/200000
149997/25000
49999/8000
649987/100000
1349973/200000
349993/50000
1449971/200000
149997/20000
1549969/200000
49999/6250
1649967/200000
849983/100000
349993/40000
449991/50000
1849963/200000
949981/100000
1949961/200000
49999/5000

Dimensions > 0:
(0, 0, 2)
(0, 1, 2)
(0, 2, 2)
(0, 3, 2)
(0, 4, 1)
(0, 5, 1)
(0, 6, 1)
(0, 7, 1)
(0, 8, 1)
(0, 9, 1)
(0, 10, 1)
(0, 11, 1)
(0, 12, 1)
(0, 13, 1)
(0, 14, 1)
(0, 15, 1)
(0, 16, 1)
(0, 17, 1)
(0, 18, 1)
(0, 19, 1)
(0, 20, 1)
(0, 21, 1)
(0, 22, 1)
(0, 23, 1)
(0, 24, 1)
(0, 25, 1)
(0, 26, 1)
(0, 27, 1)
(0, 28, 1)
(0, 29, 1)
(0, 30, 1)
(0, 31, 1)
(0, 32, 1)
(0, 33, 1)
(0, 34, 1)
(0, 35, 1)
(0, 36, 1)
(0, 37, 1)
(0, 38, 1)
(0, 39, 1)

(1, 0, 5)
(1, 1, 5)
(1, 2, 5)
(1, 3, 5)
(1, 4, 4)
(1, 5, 4)
(1, 6, 4)
(1, 7, 4)
(1, 8, 4)
(1, 9, 4)
(1, 10, 3)
(1, 11, 3)
(1, 12, 3)
(1, 13, 3)
(1, 14, 3)
(1, 15, 3)
(1, 16, 3)
(1, 17, 3)
(1, 18, 3)
(1, 19, 3)
(1, 20, 3)
(1, 21, 3)
(1, 22, 3)
(1, 23, 3)
(1, 24, 3)
(1, 25, 3)
(1, 26, 3)
(1, 27, 3)
(1, 28, 3)
(1, 29, 3)
(1, 30, 3)
(1, 31, 3)
(1, 32, 3)
(1, 33, 3)
(1, 34, 3)
(1, 35, 3)
(1, 36, 3)
(1, 37, 3)
(1, 38, 3)
(1, 39, 3)

(2, 0, 28)
(2, 1, 25)
(2, 2, 23)
(2, 3, 21)
(2, 4, 16)
(2, 5, 14)
(2, 6, 10)
(2, 7, 9)
(2, 8, 9)
(2, 9, 9)
(2, 10, 6)
(2, 11, 6)
(2, 12, 6)
(2, 13, 5)
(2, 14, 5)
(2, 15, 4)
(2, 16, 4)
(2, 17, 4)
(2, 18, 4)
(2, 19, 3)
(2, 20, 2)
(2, 21, 2)
(2, 22, 2)
(2, 23, 2)
(2, 24, 2)
(2, 25, 2)
(2, 26, 2)
(2, 27, 2)
(2, 28, 2)
(2, 29, 2)
(2, 30, 2)
(2, 31, 2)
(2, 32, 2)
(2, 33, 2)
(2, 34, 2)
(2, 35, 2)
(2, 36, 2)
(2, 37, 2)
(2, 38, 2)
(2, 39, 2)

(3, 0, 80)
(3, 1, 62)
(3, 2, 53)
(3, 3, 40)
(3, 4, 27)
(3, 5, 20)
(3, 6, 13)
(3, 7, 12)
(3, 8, 11)
(3, 9, 11)
(3, 10, 9)
(3, 11, 8)
(3, 12, 7)
(3, 13, 5)
(3, 14, 5)
(3, 15, 4)
(3, 16, 4)
(3, 17, 4)
(3, 18, 4)
(3, 19, 4)
(3, 20, 3)
(3, 21, 3)
(3, 22, 3)
(3, 23, 3)
(3, 24, 3)
(3, 25, 3)
(3, 26, 3)
(3, 27, 2)
(3, 28, 2)
(3, 29, 2)
(3, 30, 2)
(3, 31, 2)
(3, 32, 2)
(3, 33, 2)
(3, 34, 2)
(3, 35, 2)
(3, 36, 2)
(3, 37, 2)
(3, 38, 2)
(3, 39, 2)

(4, 0, 142)
(4, 1, 105)
(4, 2, 84)
(4, 3, 55)
(4, 4, 39)
(4, 5, 30)
(4, 6, 19)
(4, 7, 15)
(4, 8, 12)
(4, 9, 12)
(4, 10, 8)
(4, 11, 6)
(4, 12, 6)
(4, 13, 5)
(4, 14, 5)
(4, 15, 4)
(4, 16, 4)
(4, 17, 4)
(4, 18, 3)
(4, 19, 3)
(4, 20, 2)
(4, 21, 2)
(4, 22, 2)
(4, 23, 2)
(4, 24, 2)
(4, 25, 2)
(4, 26, 2)
(4, 27, 2)
(4, 28, 2)
(4, 29, 2)
(4, 30, 2)
(4, 31, 2)
(4, 32, 2)
(4, 33, 2)
(4, 34, 2)
(4, 35, 2)
(4, 36, 2)
(4, 37, 2)
(4, 38, 2)
(4, 39, 2)

(5, 0, 164)
(5, 1, 122)
(5, 2, 97)
(5, 3, 66)
(5, 4, 46)
(5, 5, 37)
(5, 6, 24)
(5, 7, 20)
(5, 8, 16)
(5, 9, 16)
(5, 10, 10)
(5, 11, 9)
(5, 12, 9)
(5, 13, 7)
(5, 14, 7)
(5, 15, 6)
(5, 16, 6)
(5, 17, 6)
(5, 18, 5)
(5, 19, 5)
(5, 20, 4)
(5, 21, 3)
(5, 22, 3)
(5, 23, 3)
(5, 24, 3)
(5, 25, 3)
(5, 26, 3)
(5, 27, 3)
(5, 28, 3)
(5, 29, 3)
(5, 30, 3)
(5, 31, 3)
(5, 32, 3)
(5, 33, 3)
(5, 34, 3)
(5, 35, 3)
(5, 36, 2)
(5, 37, 2)
(5, 38, 2)
(5, 39, 2)

(6, 0, 178)
(6, 1, 136)
(6, 2, 109)
(6, 3, 78)
(6, 4, 57)
(6, 5, 47)
(6, 6, 32)
(6, 7, 28)
(6, 8, 24)
(6, 9, 23)
(6, 10, 16)
(6, 11, 13)
(6, 12, 13)
(6, 13, 11)
(6, 14, 11)
(6, 15, 9)
(6, 16, 8)
(6, 17, 8)
(6, 18, 5)
(6, 19, 5)
(6, 20, 4)
(6, 21, 4)
(6, 22, 4)
(6, 23, 4)
(6, 24, 4)
(6, 25, 4)
(6, 26, 4)
(6, 27, 4)
(6, 28, 4)
(6, 29, 4)
(6, 30, 4)
(6, 31, 4)
(6, 32, 4)
(6, 33, 3)
(6, 34, 3)
(6, 35, 3)
(6, 36, 3)
(6, 37, 3)
(6, 38, 3)
(6, 39, 3)

(7, 0, 201)
(7, 1, 157)
(7, 2, 126)
(7, 3, 93)
(7, 4, 70)
(7, 5, 58)
(7, 6, 43)
(7, 7, 35)
(7, 8, 29)
(7, 9, 27)
(7, 10, 21)
(7, 11, 16)
(7, 12, 15)
(7, 13, 13)
(7, 14, 13)
(7, 15, 11)
(7, 16, 8)
(7, 17, 8)
(7, 18, 5)
(7, 19, 5)
(7, 20, 4)
(7, 21, 4)
(7, 22, 3)
(7, 23, 3)
(7, 24, 3)
(7, 25, 3)
(7, 26, 3)
(7, 27, 3)
(7, 28, 3)
(7, 29, 3)
(7, 30, 3)
(7, 31, 3)
(7, 32, 3)
(7, 33, 3)
(7, 34, 3)
(7, 35, 3)
(7, 36, 3)
(7, 37, 3)
(7, 38, 3)
(7, 39, 3)

(8, 0, 224)
(8, 1, 180)
(8, 2, 147)
(8, 3, 114)
(8, 4, 91)
(8, 5, 79)
(8, 6, 63)
(8, 7, 50)
(8, 8, 42)
(8, 9, 36)
(8, 10, 30)
(8, 11, 25)
(8, 12, 23)
(8, 13, 20)
(8, 14, 20)
(8, 15, 17)
(8, 16, 15)
(8, 17, 14)
(8, 18, 9)
(8, 19, 9)
(8, 20, 8)
(8, 21, 8)
(8, 22, 5)
(8, 23, 5)
(8, 24, 5)
(8, 25, 4)
(8, 26, 3)
(8, 27, 3)
(8, 28, 2)
(8, 29, 2)
(8, 30, 1)
(8, 31, 1)
(8, 32, 1)
(8, 33, 1)
(8, 34, 1)
(8, 35, 1)
(8, 36, 1)
(8, 37, 1)
(8, 38, 1)
(8, 39, 1)

(9, 0, 257)
(9, 1, 213)
(9, 2, 176)
(9, 3, 142)
(9, 4, 117)
(9, 5, 99)
(9, 6, 81)
(9, 7, 65)
(9, 8, 54)
(9, 9, 46)
(9, 10, 36)
(9, 11, 31)
(9, 12, 27)
(9, 13, 22)
(9, 14, 22)
(9, 15, 19)
(9, 16, 15)
(9, 17, 13)
(9, 18, 7)
(9, 19, 7)
(9, 20, 4)
(9, 21, 4)
(9, 22, 3)
(9, 23, 2)
(9, 24, 2)
(9, 25, 2)
(9, 26, 1)
(9, 27, 1)
(9, 28, 1)
(9, 29, 1)
(9, 30, 1)
(9, 31, 1)
(9, 32, 1)
(9, 33, 1)
(9, 34, 1)
(9, 35, 1)
(9, 36, 1)
(9, 37, 1)
(9, 38, 1)
(9, 39, 1)

(10, 0, 268)
(10, 1, 221)
(10, 2, 184)
(10, 3, 148)
(10, 4, 122)
(10, 5, 102)
(10, 6, 84)
(10, 7, 67)
(10, 8, 56)
(10, 9, 47)
(10, 10, 36)
(10, 11, 30)
(10, 12, 27)
(10, 13, 22)
(10, 14, 22)
(10, 15, 19)
(10, 16, 15)
(10, 17, 13)
(10, 18, 7)
(10, 19, 7)
(10, 20, 4)
(10, 21, 4)
(10, 22, 3)
(10, 23, 2)
(10, 24, 2)
(10, 25, 2)
(10, 26, 1)
(10, 27, 1)
(10, 28, 1)
(10, 29, 1)
(10, 30, 1)
(10, 31, 1)
(10, 32, 1)
(10, 33, 1)
(10, 34, 1)
(10, 35, 1)
(10, 36, 1)
(10, 37, 1)
(10, 38, 1)
(10, 39, 1)

(11, 0, 278)
(11, 1, 231)
(11, 2, 194)
(11, 3, 157)
(11, 4, 131)
(11, 5, 109)
(11, 6, 91)
(11, 7, 72)
(11, 8, 60)
(11, 9, 52)
(11, 10, 40)
(11, 11, 33)
(11, 12, 30)
(11, 13, 25)
(11, 14, 25)
(11, 15, 21)
(11, 16, 17)
(11, 17, 14)
(11, 18, 9)
(11, 19, 9)
(11, 20, 6)
(11, 21, 5)
(11, 22, 4)
(11, 23, 3)
(11, 24, 3)
(11, 25, 3)
(11, 26, 2)
(11, 27, 1)
(11, 28, 1)
(11, 29, 1)
(11, 30, 1)
(11, 31, 1)
(11, 32, 1)
(11, 33, 1)
(11, 34, 1)
(11, 35, 1)
(11, 36, 1)
(11, 37, 1)
(11, 38, 1)
(11, 39, 1)

(12, 0, 285)
(12, 1, 238)
(12, 2, 201)
(12, 3, 164)
(12, 4, 137)
(12, 5, 115)
(12, 6, 96)
(12, 7, 76)
(12, 8, 63)
(12, 9, 55)
(12, 10, 43)
(12, 11, 36)
(12, 12, 32)
(12, 13, 27)
(12, 14, 27)
(12, 15, 21)
(12, 16, 17)
(12, 17, 14)
(12, 18, 9)
(12, 19, 9)
(12, 20, 6)
(12, 21, 5)
(12, 22, 3)
(12, 23, 3)
(12, 24, 3)
(12, 25, 3)
(12, 26, 2)
(12, 27, 1)
(12, 28, 1)
(12, 29, 1)
(12, 30, 1)
(12, 31, 1)
(12, 32, 1)
(12, 33, 1)
(12, 34, 1)
(12, 35, 1)
(12, 36, 1)
(12, 37, 1)
(12, 38, 1)
(12, 39, 1)

(13, 0, 296)
(13, 1, 249)
(13, 2, 212)
(13, 3, 175)
(13, 4, 147)
(13, 5, 125)
(13, 6, 106)
(13, 7, 83)
(13, 8, 69)
(13, 9, 58)
(13, 10, 45)
(13, 11, 38)
(13, 12, 33)
(13, 13, 28)
(13, 14, 28)
(13, 15, 23)
(13, 16, 19)
(13, 17, 16)
(13, 18, 11)
(13, 19, 11)
(13, 20, 8)
(13, 21, 8)
(13, 22, 6)
(13, 23, 6)
(13, 24, 5)
(13, 25, 4)
(13, 26, 3)
(13, 27, 1)
(13, 28, 1)
(13, 29, 1)
(13, 30, 1)
(13, 31, 1)
(13, 32, 1)
(13, 33, 1)
(13, 34, 1)
(13, 35, 1)
(13, 36, 1)
(13, 37, 1)
(13, 38, 1)
(13, 39, 1)

(14, 0, 303)
(14, 1, 255)
(14, 2, 218)
(14, 3, 180)
(14, 4, 152)
(14, 5, 129)
(14, 6, 108)
(14, 7, 84)
(14, 8, 70)
(14, 9, 59)
(14, 10, 46)
(14, 11, 39)
(14, 12, 34)
(14, 13, 29)
(14, 14, 29)
(14, 15, 23)
(14, 16, 19)
(14, 17, 16)
(14, 18, 11)
(14, 19, 11)
(14, 20, 8)
(14, 21, 8)
(14, 22, 6)
(14, 23, 6)
(14, 24, 5)
(14, 25, 4)
(14, 26, 3)
(14, 27, 1)
(14, 28, 1)
(14, 29, 1)
(14, 30, 1)
(14, 31, 1)
(14, 32, 1)
(14, 33, 1)
(14, 34, 1)
(14, 35, 1)
(14, 36, 1)
(14, 37, 1)
(14, 38, 1)
(14, 39, 1)

(15, 0, 329)
(15, 1, 279)
(15, 2, 238)
(15, 3, 192)
(15, 4, 163)
(15, 5, 137)
(15, 6, 115)
(15, 7, 90)
(15, 8, 75)
(15, 9, 64)
(15, 10, 50)
(15, 11, 43)
(15, 12, 38)
(15, 13, 33)
(15, 14, 33)
(15, 15, 27)
(15, 16, 23)
(15, 17, 20)
(15, 18, 15)
(15, 19, 15)
(15, 20, 12)
(15, 21, 10)
(15, 22, 8)
(15, 23, 8)
(15, 24, 7)
(15, 25, 6)
(15, 26, 4)
(15, 27, 2)
(15, 28, 2)
(15, 29, 2)
(15, 30, 2)
(15, 31, 2)
(15, 32, 2)
(15, 33, 2)
(15, 34, 2)
(15, 35, 2)
(15, 36, 2)
(15, 37, 2)
(15, 38, 2)
(15, 39, 2)

(16, 0, 368)
(16, 1, 312)
(16, 2, 267)
(16, 3, 214)
(16, 4, 182)
(16, 5, 150)
(16, 6, 127)
(16, 7, 99)
(16, 8, 82)
(16, 9, 68)
(16, 10, 55)
(16, 11, 48)
(16, 12, 43)
(16, 13, 37)
(16, 14, 35)
(16, 15, 28)
(16, 16, 24)
(16, 17, 21)
(16, 18, 16)
(16, 19, 16)
(16, 20, 13)
(16, 21, 11)
(16, 22, 9)
(16, 23, 8)
(16, 24, 7)
(16, 25, 6)
(16, 26, 5)
(16, 27, 3)
(16, 28, 3)
(16, 29, 2)
(16, 30, 2)
(16, 31, 2)
(16, 32, 2)
(16, 33, 2)
(16, 34, 2)
(16, 35, 2)
(16, 36, 2)
(16, 37, 2)
(16, 38, 2)
(16, 39, 2)

(17, 0, 391)
(17, 1, 335)
(17, 2, 287)
(17, 3, 226)
(17, 4, 189)
(17, 5, 156)
(17, 6, 131)
(17, 7, 100)
(17, 8, 85)
(17, 9, 71)
(17, 10, 58)
(17, 11, 50)
(17, 12, 45)
(17, 13, 39)
(17, 14, 38)
(17, 15, 31)
(17, 16, 26)
(17, 17, 23)
(17, 18, 18)
(17, 19, 18)
(17, 20, 15)
(17, 21, 13)
(17, 22, 10)
(17, 23, 9)
(17, 24, 7)
(17, 25, 6)
(17, 26, 5)
(17, 27, 3)
(17, 28, 3)
(17, 29, 2)
(17, 30, 2)
(17, 31, 2)
(17, 32, 2)
(17, 33, 2)
(17, 34, 2)
(17, 35, 2)
(17, 36, 2)
(17, 37, 2)
(17, 38, 2)
(17, 39, 2)

(18, 0, 414)
(18, 1, 356)
(18, 2, 306)
(18, 3, 242)
(18, 4, 203)
(18, 5, 167)
(18, 6, 139)
(18, 7, 107)
(18, 8, 89)
(18, 9, 75)
(18, 10, 61)
(18, 11, 53)
(18, 12, 48)
(18, 13, 42)
(18, 14, 41)
(18, 15, 34)
(18, 16, 29)
(18, 17, 26)
(18, 18, 21)
(18, 19, 21)
(18, 20, 18)
(18, 21, 16)
(18, 22, 12)
(18, 23, 11)
(18, 24, 9)
(18, 25, 7)
(18, 26, 5)
(18, 27, 4)
(18, 28, 3)
(18, 29, 2)
(18, 30, 2)
(18, 31, 2)
(18, 32, 2)
(18, 33, 2)
(18, 34, 2)
(18, 35, 2)
(18, 36, 2)
(18, 37, 2)
(18, 38, 2)
(18, 39, 2)

(19, 0, 440)
(19, 1, 380)
(19, 2, 325)
(19, 3, 259)
(19, 4, 217)
(19, 5, 178)
(19, 6, 148)
(19, 7, 114)
(19, 8, 95)
(19, 9, 80)
(19, 10, 66)
(19, 11, 57)
(19, 12, 52)
(19, 13, 46)
(19, 14, 44)
(19, 15, 36)
(19, 16, 31)
(19, 17, 28)
(19, 18, 22)
(19, 19, 22)
(19, 20, 19)
(19, 21, 16)
(19, 22, 13)
(19, 23, 12)
(19, 24, 10)
(19, 25, 7)
(19, 26, 5)
(19, 27, 4)
(19, 28, 3)
(19, 29, 2)
(19, 30, 2)
(19, 31, 2)
(19, 32, 2)
(19, 33, 2)
(19, 34, 2)
(19, 35, 2)
(19, 36, 2)
(19, 37, 2)
(19, 38, 2)
(19, 39, 2)

(20, 0, 461)
(20, 1, 400)
(20, 2, 344)
(20, 3, 275)
(20, 4, 231)
(20, 5, 191)
(20, 6, 158)
(20, 7, 123)
(20, 8, 101)
(20, 9, 86)
(20, 10, 72)
(20, 11, 62)
(20, 12, 56)
(20, 13, 50)
(20, 14, 48)
(20, 15, 40)
(20, 16, 35)
(20, 17, 31)
(20, 18, 25)
(20, 19, 25)
(20, 20, 22)
(20, 21, 18)
(20, 22, 14)
(20, 23, 13)
(20, 24, 10)
(20, 25, 7)
(20, 26, 6)
(20, 27, 5)
(20, 28, 4)
(20, 29, 3)
(20, 30, 3)
(20, 31, 3)
(20, 32, 3)
(20, 33, 3)
(20, 34, 3)
(20, 35, 3)
(20, 36, 3)
(20, 37, 3)
(20, 38, 3)
(20, 39, 3)

(21, 0, 478)
(21, 1, 417)
(21, 2, 360)
(21, 3, 287)
(21, 4, 240)
(21, 5, 199)
(21, 6, 164)
(21, 7, 129)
(21, 8, 107)
(21, 9, 92)
(21, 10, 78)
(21, 11, 67)
(21, 12, 61)
(21, 13, 54)
(21, 14, 51)
(21, 15, 42)
(21, 16, 37)
(21, 17, 33)
(21, 18, 27)
(21, 19, 27)
(21, 20, 24)
(21, 21, 19)
(21, 22, 15)
(21, 23, 14)
(21, 24, 10)
(21, 25, 7)
(21, 26, 6)
(21, 27, 5)
(21, 28, 4)
(21, 29, 3)
(21, 30, 2)
(21, 31, 2)
(21, 32, 2)
(21, 33, 2)
(21, 34, 2)
(21, 35, 2)
(21, 36, 2)
(21, 37, 2)
(21, 38, 2)
(21, 39, 2)

(22, 0, 511)
(22, 1, 448)
(22, 2, 389)
(22, 3, 314)
(22, 4, 265)
(22, 5, 221)
(22, 6, 184)
(22, 7, 145)
(22, 8, 121)
(22, 9, 103)
(22, 10, 89)
(22, 11, 78)
(22, 12, 70)
(22, 13, 61)
(22, 14, 58)
(22, 15, 48)
(22, 16, 40)
(22, 17, 36)
(22, 18, 30)
(22, 19, 30)
(22, 20, 26)
(22, 21, 20)
(22, 22, 15)
(22, 23, 13)
(22, 24, 10)
(22, 25, 7)
(22, 26, 6)
(22, 27, 5)
(22, 28, 4)
(22, 29, 2)
(22, 30, 2)
(22, 31, 2)
(22, 32, 2)
(22, 33, 2)
(22, 34, 2)
(22, 35, 2)
(22, 36, 2)
(22, 37, 2)
(22, 38, 2)
(22, 39, 2)

(23, 0, 537)
(23, 1, 472)
(23, 2, 408)
(23, 3, 331)
(23, 4, 280)
(23, 5, 233)
(23, 6, 195)
(23, 7, 155)
(23, 8, 131)
(23, 9, 112)
(23, 10, 97)
(23, 11, 86)
(23, 12, 77)
(23, 13, 67)
(23, 14, 64)
(23, 15, 53)
(23, 16, 45)
(23, 17, 41)
(23, 18, 35)
(23, 19, 35)
(23, 20, 31)
(23, 21, 24)
(23, 22, 19)
(23, 23, 16)
(23, 24, 13)
(23, 25, 9)
(23, 26, 8)
(23, 27, 6)
(23, 28, 5)
(23, 29, 3)
(23, 30, 2)
(23, 31, 2)
(23, 32, 2)
(23, 33, 2)
(23, 34, 2)
(23, 35, 2)
(23, 36, 2)
(23, 37, 2)
(23, 38, 2)
(23, 39, 2)

(24, 0, 568)
(24, 1, 500)
(24, 2, 435)
(24, 3, 355)
(24, 4, 299)
(24, 5, 251)
(24, 6, 210)
(24, 7, 165)
(24, 8, 140)
(24, 9, 121)
(24, 10, 104)
(24, 11, 92)
(24, 12, 83)
(24, 13, 73)
(24, 14, 69)
(24, 15, 56)
(24, 16, 47)
(24, 17, 43)
(24, 18, 36)
(24, 19, 34)
(24, 20, 30)
(24, 21, 24)
(24, 22, 18)
(24, 23, 15)
(24, 24, 12)
(24, 25, 10)
(24, 26, 8)
(24, 27, 6)
(24, 28, 5)
(24, 29, 3)
(24, 30, 2)
(24, 31, 2)
(24, 32, 2)
(24, 33, 2)
(24, 34, 2)
(24, 35, 2)
(24, 36, 2)
(24, 37, 2)
(24, 38, 2)
(24, 39, 2)

(25, 0, 597)
(25, 1, 528)
(25, 2, 459)
(25, 3, 376)
(25, 4, 318)
(25, 5, 269)
(25, 6, 224)
(25, 7, 177)
(25, 8, 151)
(25, 9, 132)
(25, 10, 114)
(25, 11, 99)
(25, 12, 90)
(25, 13, 79)
(25, 14, 74)
(25, 15, 60)
(25, 16, 51)
(25, 17, 47)
(25, 18, 39)
(25, 19, 37)
(25, 20, 32)
(25, 21, 26)
(25, 22, 20)
(25, 23, 17)
(25, 24, 14)
(25, 25, 12)
(25, 26, 9)
(25, 27, 7)
(25, 28, 6)
(25, 29, 4)
(25, 30, 3)
(25, 31, 3)
(25, 32, 3)
(25, 33, 3)
(25, 34, 3)
(25, 35, 3)
(25, 36, 3)
(25, 37, 3)
(25, 38, 3)
(25, 39, 3)

(26, 0, 632)
(26, 1, 561)
(26, 2, 488)
(26, 3, 402)
(26, 4, 341)
(26, 5, 290)
(26, 6, 244)
(26, 7, 193)
(26, 8, 165)
(26, 9, 146)
(26, 10, 127)
(26, 11, 111)
(26, 12, 100)
(26, 13, 86)
(26, 14, 80)
(26, 15, 66)
(26, 16, 57)
(26, 17, 51)
(26, 18, 44)
(26, 19, 42)
(26, 20, 35)
(26, 21, 29)
(26, 22, 23)
(26, 23, 20)
(26, 24, 17)
(26, 25, 13)
(26, 26, 10)
(26, 27, 8)
(26, 28, 6)
(26, 29, 4)
(26, 30, 3)
(26, 31, 3)
(26, 32, 3)
(26, 33, 3)
(26, 34, 3)
(26, 35, 3)
(26, 36, 3)
(26, 37, 3)
(26, 38, 3)
(26, 39, 3)

(27, 0, 665)
(27, 1, 590)
(27, 2, 512)
(27, 3, 421)
(27, 4, 357)
(27, 5, 304)
(27, 6, 255)
(27, 7, 201)
(27, 8, 173)
(27, 9, 153)
(27, 10, 133)
(27, 11, 114)
(27, 12, 104)
(27, 13, 90)
(27, 14, 84)
(27, 15, 70)
(27, 16, 59)
(27, 17, 53)
(27, 18, 44)
(27, 19, 42)
(27, 20, 34)
(27, 21, 29)
(27, 22, 24)
(27, 23, 20)
(27, 24, 16)
(27, 25, 12)
(27, 26, 9)
(27, 27, 7)
(27, 28, 6)
(27, 29, 4)
(27, 30, 3)
(27, 31, 3)
(27, 32, 3)
(27, 33, 3)
(27, 34, 3)
(27, 35, 3)
(27, 36, 3)
(27, 37, 3)
(27, 38, 3)
(27, 39, 3)

(28, 0, 692)
(28, 1, 615)
(28, 2, 537)
(28, 3, 440)
(28, 4, 375)
(28, 5, 320)
(28, 6, 270)
(28, 7, 215)
(28, 8, 185)
(28, 9, 164)
(28, 10, 144)
(28, 11, 125)
(28, 12, 115)
(28, 13, 99)
(28, 14, 91)
(28, 15, 76)
(28, 16, 65)
(28, 17, 59)
(28, 18, 50)
(28, 19, 48)
(28, 20, 39)
(28, 21, 34)
(28, 22, 29)
(28, 23, 23)
(28, 24, 19)
(28, 25, 14)
(28, 26, 12)
(28, 27, 10)
(28, 28, 8)
(28, 29, 6)
(28, 30, 5)
(28, 31, 5)
(28, 32, 5)
(28, 33, 3)
(28, 34, 3)
(28, 35, 3)
(28, 36, 3)
(28, 37, 3)
(28, 38, 3)
(28, 39, 3)

(29, 0, 723)
(29, 1, 642)
(29, 2, 561)
(29, 3, 461)
(29, 4, 395)
(29, 5, 339)
(29, 6, 289)
(29, 7, 231)
(29, 8, 201)
(29, 9, 178)
(29, 10, 155)
(29, 11, 135)
(29, 12, 125)
(29, 13, 110)
(29, 14, 102)
(29, 15, 87)
(29, 16, 74)
(29, 17, 68)
(29, 18, 59)
(29, 19, 57)
(29, 20, 44)
(29, 21, 37)
(29, 22, 31)
(29, 23, 24)
(29, 24, 20)
(29, 25, 17)
(29, 26, 13)
(29, 27, 11)
(29, 28, 9)
(29, 29, 7)
(29, 30, 6)
(29, 31, 6)
(29, 32, 6)
(29, 33, 4)
(29, 34, 4)
(29, 35, 3)
(29, 36, 3)
(29, 37, 3)
(29, 38, 3)
(29, 39, 3)

(30, 0, 750)
(30, 1, 668)
(30, 2, 585)
(30, 3, 483)
(30, 4, 415)
(30, 5, 358)
(30, 6, 305)
(30, 7, 242)
(30, 8, 212)
(30, 9, 189)
(30, 10, 164)
(30, 11, 144)
(30, 12, 133)
(30, 13, 118)
(30, 14, 109)
(30, 15, 92)
(30, 16, 77)
(30, 17, 71)
(30, 18, 62)
(30, 19, 59)
(30, 20, 45)
(30, 21, 39)
(30, 22, 33)
(30, 23, 26)
(30, 24, 22)
(30, 25, 19)
(30, 26, 15)
(30, 27, 11)
(30, 28, 9)
(30, 29, 7)
(30, 30, 5)
(30, 31, 5)
(30, 32, 5)
(30, 33, 3)
(30, 34, 3)
(30, 35, 3)
(30, 36, 3)
(30, 37, 3)
(30, 38, 3)
(30, 39, 3)

(31, 0, 782)
(31, 1, 697)
(31, 2, 614)
(31, 3, 510)
(31, 4, 442)
(31, 5, 383)
(31, 6, 329)
(31, 7, 265)
(31, 8, 231)
(31, 9, 208)
(31, 10, 182)
(31, 11, 160)
(31, 12, 149)
(31, 13, 133)
(31, 14, 123)
(31, 15, 102)
(31, 16, 87)
(31, 17, 78)
(31, 18, 68)
(31, 19, 65)
(31, 20, 52)
(31, 21, 43)
(31, 22, 36)
(31, 23, 29)
(31, 24, 24)
(31, 25, 21)
(31, 26, 17)
(31, 27, 14)
(31, 28, 12)
(31, 29, 10)
(31, 30, 8)
(31, 31, 8)
(31, 32, 7)
(31, 33, 6)
(31, 34, 6)
(31, 35, 6)
(31, 36, 5)
(31, 37, 5)
(31, 38, 5)
(31, 39, 5)

(32, 0, 800)
(32, 1, 714)
(32, 2, 631)
(32, 3, 526)
(32, 4, 457)
(32, 5, 398)
(32, 6, 343)
(32, 7, 276)
(32, 8, 242)
(32, 9, 215)
(32, 10, 186)
(32, 11, 163)
(32, 12, 151)
(32, 13, 133)
(32, 14, 123)
(32, 15, 105)
(32, 16, 89)
(32, 17, 82)
(32, 18, 71)
(32, 19, 67)
(32, 20, 54)
(32, 21, 45)
(32, 22, 38)
(32, 23, 31)
(32, 24, 26)
(32, 25, 23)
(32, 26, 17)
(32, 27, 14)
(32, 28, 12)
(32, 29, 10)
(32, 30, 9)
(32, 31, 9)
(32, 32, 7)
(32, 33, 6)
(32, 34, 5)
(32, 35, 5)
(32, 36, 4)
(32, 37, 4)
(32, 38, 4)
(32, 39, 4)

(33, 0, 816)
(33, 1, 730)
(33, 2, 647)
(33, 3, 542)
(33, 4, 473)
(33, 5, 414)
(33, 6, 358)
(33, 7, 289)
(33, 8, 254)
(33, 9, 225)
(33, 10, 195)
(33, 11, 171)
(33, 12, 159)
(33, 13, 141)
(33, 14, 131)
(33, 15, 113)
(33, 16, 97)
(33, 17, 90)
(33, 18, 79)
(33, 19, 75)
(33, 20, 62)
(33, 21, 52)
(33, 22, 41)
(33, 23, 34)
(33, 24, 29)
(33, 25, 25)
(33, 26, 19)
(33, 27, 15)
(33, 28, 13)
(33, 29, 10)
(33, 30, 8)
(33, 31, 7)
(33, 32, 5)
(33, 33, 4)
(33, 34, 4)
(33, 35, 4)
(33, 36, 3)
(33, 37, 3)
(33, 38, 3)
(33, 39, 3)

(34, 0, 827)
(34, 1, 741)
(34, 2, 658)
(34, 3, 552)
(34, 4, 483)
(34, 5, 423)
(34, 6, 367)
(34, 7, 298)
(34, 8, 263)
(34, 9, 234)
(34, 10, 204)
(34, 11, 180)
(34, 12, 167)
(34, 13, 148)
(34, 14, 138)
(34, 15, 120)
(34, 16, 104)
(34, 17, 96)
(34, 18, 82)
(34, 19, 78)
(34, 20, 65)
(34, 21, 55)
(34, 22, 44)
(34, 23, 37)
(34, 24, 32)
(34, 25, 28)
(34, 26, 22)
(34, 27, 18)
(34, 28, 16)
(34, 29, 12)
(34, 30, 10)
(34, 31, 8)
(34, 32, 6)
(34, 33, 5)
(34, 34, 5)
(34, 35, 5)
(34, 36, 3)
(34, 37, 3)
(34, 38, 3)
(34, 39, 3)

(35, 0, 837)
(35, 1, 751)
(35, 2, 668)
(35, 3, 562)
(35, 4, 493)
(35, 5, 433)
(35, 6, 376)
(35, 7, 307)
(35, 8, 272)
(35, 9, 243)
(35, 10, 213)
(35, 11, 188)
(35, 12, 173)
(35, 13, 153)
(35, 14, 141)
(35, 15, 123)
(35, 16, 106)
(35, 17, 97)
(35, 18, 83)
(35, 19, 79)
(35, 20, 66)
(35, 21, 56)
(35, 22, 45)
(35, 23, 37)
(35, 24, 32)
(35, 25, 28)
(35, 26, 21)
(35, 27, 17)
(35, 28, 15)
(35, 29, 12)
(35, 30, 10)
(35, 31, 8)
(35, 32, 6)
(35, 33, 5)
(35, 34, 5)
(35, 35, 5)
(35, 36, 3)
(35, 37, 3)
(35, 38, 3)
(35, 39, 3)

(36, 0, 857)
(36, 1, 769)
(36, 2, 686)
(36, 3, 580)
(36, 4, 511)
(36, 5, 451)
(36, 6, 394)
(36, 7, 323)
(36, 8, 287)
(36, 9, 258)
(36, 10, 225)
(36, 11, 198)
(36, 12, 181)
(36, 13, 161)
(36, 14, 148)
(36, 15, 129)
(36, 16, 112)
(36, 17, 103)
(36, 18, 88)
(36, 19, 82)
(36, 20, 68)
(36, 21, 58)
(36, 22, 47)
(36, 23, 39)
(36, 24, 34)
(36, 25, 30)
(36, 26, 24)
(36, 27, 19)
(36, 28, 16)
(36, 29, 10)
(36, 30, 7)
(36, 31, 7)
(36, 32, 5)
(36, 33, 4)
(36, 34, 4)
(36, 35, 4)
(36, 36, 2)
(36, 37, 2)
(36, 38, 2)
(36, 39, 2)

(37, 0, 878)
(37, 1, 789)
(37, 2, 705)
(37, 3, 598)
(37, 4, 528)
(37, 5, 466)
(37, 6, 407)
(37, 7, 335)
(37, 8, 297)
(37, 9, 266)
(37, 10, 233)
(37, 11, 205)
(37, 12, 188)
(37, 13, 168)
(37, 14, 154)
(37, 15, 134)
(37, 16, 117)
(37, 17, 108)
(37, 18, 91)
(37, 19, 85)
(37, 20, 71)
(37, 21, 61)
(37, 22, 49)
(37, 23, 41)
(37, 24, 34)
(37, 25, 30)
(37, 26, 23)
(37, 27, 18)
(37, 28, 15)
(37, 29, 10)
(37, 30, 7)
(37, 31, 7)
(37, 32, 5)
(37, 33, 4)
(37, 34, 4)
(37, 35, 4)
(37, 36, 2)
(37, 37, 2)
(37, 38, 2)
(37, 39, 2)

(38, 0, 891)
(38, 1, 802)
(38, 2, 718)
(38, 3, 610)
(38, 4, 539)
(38, 5, 477)
(38, 6, 414)
(38, 7, 342)
(38, 8, 303)
(38, 9, 270)
(38, 10, 235)
(38, 11, 205)
(38, 12, 188)
(38, 13, 168)
(38, 14, 154)
(38, 15, 134)
(38, 16, 116)
(38, 17, 105)
(38, 18, 89)
(38, 19, 81)
(38, 20, 67)
(38, 21, 56)
(38, 22, 45)
(38, 23, 38)
(38, 24, 33)
(38, 25, 29)
(38, 26, 23)
(38, 27, 18)
(38, 28, 15)
(38, 29, 10)
(38, 30, 7)
(38, 31, 7)
(38, 32, 5)
(38, 33, 4)
(38, 34, 4)
(38, 35, 4)
(38, 36, 2)
(38, 37, 2)
(38, 38, 2)
(38, 39, 2)

(39, 0, 898)
(39, 1, 809)
(39, 2, 725)
(39, 3, 617)
(39, 4, 546)
(39, 5, 484)
(39, 6, 421)
(39, 7, 348)
(39, 8, 306)
(39, 9, 271)
(39, 10, 235)
(39, 11, 206)
(39, 12, 188)
(39, 13, 168)
(39, 14, 154)
(39, 15, 134)
(39, 16, 116)
(39, 17, 105)
(39, 18, 88)
(39, 19, 80)
(39, 20, 66)
(39, 21, 56)
(39, 22, 45)
(39, 23, 38)
(39, 24, 33)
(39, 25, 29)
(39, 26, 23)
(39, 27, 18)
(39, 28, 15)
(39, 29, 10)
(39, 30, 7)
(39, 31, 7)
(39, 32, 5)
(39, 33, 4)
(39, 34, 4)
(39, 35, 4)
(39, 36, 2)
(39, 37, 2)
(39, 38, 2)
(39, 39, 2)


Betti numbers:
xi_0:
(0, 0, 2)
(1, 0, 3)
(2, 0, 23)
(3, 0, 52)
(4, 0, 62)
(5, 0, 22)
(6, 0, 14)
(7, 0, 23)
(8, 0, 23)
(9, 0, 33)
(10, 0, 11)
(11, 0, 10)
(12, 0, 7)
(13, 0, 11)
(14, 0, 7)
(15, 0, 26)
(16, 0, 39)
(17, 0, 23)
(18, 0, 23)
(19, 0, 26)
(20, 0, 21)
(21, 0, 17)
(22, 0, 33)
(23, 0, 26)
(24, 0, 31)
(25, 0, 29)
(26, 0, 35)
(27, 0, 33)
(28, 0, 27)
(29, 0, 31)
(30, 0, 27)
(31, 0, 32)
(32, 0, 18)
(33, 0, 16)
(34, 0, 11)
(35, 0, 10)
(36, 0, 20)
(37, 0, 21)
(38, 0, 13)
(39, 0, 7)
xi_1:
(0, 4, 1)
(1, 10, 1)
(2, 1, 3)
(2, 2, 2)
(2, 3, 2)
(2, 4, 4)
(2, 5, 2)
(2, 6, 4)
(2, 7, 1)
(2, 10, 2)
(2, 13, 1)
(2, 15, 1)
(2, 19, 1)
(2, 20, 1)
(3, 1, 15)
(3, 2, 7)
(3, 3, 11)
(3, 4, 8)
(3, 5, 5)
(3, 6, 3)
(3, 7, 1)
(3, 8, 1)
(3, 11, 1)
(3, 12, 1)
(3, 13, 1)
(3, 27, 1)
(4, 1, 19)
(4, 2, 12)
(4, 3, 17)
(4, 4, 3)
(4, 5, 2)
(4, 6, 4)
(4, 7, 3)
(4, 8, 2)
(4, 10, 2)
(4, 11, 1)
(4, 18, 1)
(5, 1, 5)
(5, 2, 4)
(5, 3, 2)
(5, 4, 4)
(5, 6, 2)
(5, 8, 1)
(5, 10, 2)
(5, 13, 1)
(5, 21, 1)
(5, 36, 1)
(6, 2, 2)
(6, 4, 1)
(6, 5, 1)
(6, 6, 2)
(6, 9, 1)
(6, 10, 1)
(6, 11, 2)
(6, 15, 1)
(6, 16, 1)
(6, 18, 2)
(6, 33, 1)
(7, 1, 2)
(7, 2, 4)
(7, 3, 2)
(7, 4, 2)
(7, 5, 2)
(7, 7, 4)
(7, 8, 2)
(7, 9, 1)
(7, 11, 2)
(7, 12, 1)
(7, 16, 2)
(7, 18, 1)
(7, 22, 1)
(8, 2, 2)
(8, 6, 1)
(8, 7, 5)
(8, 8, 2)
(8, 9, 4)
(8, 11, 1)
(8, 12, 1)
(8, 13, 1)
(8, 15, 1)
(8, 17, 1)
(8, 18, 2)
(8, 22, 2)
(8, 25, 1)
(8, 26, 1)
(8, 28, 1)
(8, 30, 1)
(9, 2, 4)
(9, 3, 1)
(9, 4, 2)
(9, 5, 6)
(9, 6, 2)
(9, 7, 3)
(9, 8, 3)
(9, 9, 2)
(9, 10, 4)
(9, 12, 2)
(9, 13, 2)
(9, 16, 2)
(9, 17, 1)
(9, 18, 2)
(9, 20, 2)
(9, 23, 1)
(9, 26, 1)
(10, 1, 3)
(10, 3, 2)
(10, 4, 1)
(10, 5, 2)
(10, 7, 1)
(10, 9, 1)
(10, 10, 1)
(10, 11, 1)
(11, 3, 1)
(11, 5, 2)
(11, 7, 2)
(11, 8, 1)
(11, 10, 1)
(11, 11, 1)
(11, 15, 1)
(11, 17, 1)
(11, 21, 1)
(11, 27, 1)
(12, 4, 1)
(12, 6, 1)
(12, 7, 1)
(12, 8, 1)
(12, 12, 1)
(12, 15, 2)
(12, 22, 1)
(13, 4, 1)
(13, 7, 3)
(13, 8, 1)
(13, 9, 3)
(13, 10, 1)
(13, 12, 1)
(13, 24, 1)
(13, 25, 1)
(13, 27, 1)
(14, 1, 1)
(14, 3, 1)
(14, 5, 1)
(14, 6, 2)
(14, 7, 1)
(14, 15, 1)
(15, 1, 2)
(15, 2, 4)
(15, 3, 8)
(15, 4, 1)
(15, 5, 3)
(15, 6, 1)
(15, 7, 1)
(15, 8, 1)
(15, 10, 1)
(15, 21, 2)
(15, 26, 1)
(16, 1, 6)
(16, 2, 4)
(16, 3, 7)
(16, 4, 3)
(16, 5, 6)
(16, 6, 1)
(16, 7, 3)
(16, 8, 3)
(16, 9, 3)
(16, 13, 1)
(16, 14, 2)
(16, 15, 1)
(16, 21, 1)
(16, 23, 1)
(16, 29, 1)
(17, 2, 3)
(17, 3, 8)
(17, 4, 5)
(17, 5, 1)
(17, 6, 3)
(17, 7, 3)
(17, 11, 1)
(17, 16, 1)
(17, 22, 1)
(17, 24, 1)
(18, 1, 2)
(18, 2, 2)
(18, 3, 3)
(18, 4, 2)
(18, 5, 3)
(18, 6, 3)
(18, 7, 1)
(18, 8, 3)
(18, 10, 1)
(18, 22, 1)
(18, 25, 1)
(18, 26, 1)
(18, 28, 1)
(19, 1, 2)
(19, 2, 5)
(19, 3, 2)
(19, 4, 3)
(19, 5, 3)
(19, 6, 2)
(19, 7, 2)
(19, 8, 1)
(19, 9, 1)
(19, 11, 1)
(19, 14, 1)
(19, 15, 1)
(19, 18, 1)
(19, 21, 1)
(19, 25, 1)
(20, 1, 1)
(20, 2, 1)
(20, 3, 3)
(20, 4, 2)
(20, 5, 1)
(20, 6, 3)
(20, 7, 2)
(20, 8, 3)
(20, 11, 1)
(20, 12, 1)
(20, 17, 1)
(20, 21, 1)
(20, 22, 1)
(20, 24, 1)
(21, 2, 1)
(21, 3, 4)
(21, 4, 3)
(21, 5, 1)
(21, 6, 2)
(21, 7, 1)
(21, 11, 1)
(21, 13, 1)
(21, 14, 1)
(21, 15, 1)
(21, 21, 1)
(21, 24, 1)
(21, 30, 1)
(22, 1, 2)
(22, 2, 2)
(22, 3, 2)
(22, 4, 2)
(22, 5, 3)
(22, 6, 2)
(22, 7, 4)
(22, 8, 2)
(22, 9, 3)
(22, 12, 2)
(22, 13, 2)
(22, 14, 1)
(22, 15, 2)
(22, 16, 3)
(22, 20, 1)
(22, 21, 1)
(22, 22, 1)
(22, 23, 1)
(22, 29, 1)
(23, 1, 2)
(23, 2, 5)
(23, 3, 2)
(23, 4, 2)
(23, 5, 3)
(23, 6, 1)
(23, 7, 1)
(23, 9, 1)
(23, 10, 1)
(23, 12, 1)
(23, 13, 1)
(23, 15, 1)
(23, 21, 1)
(23, 23, 1)
(23, 25, 1)
(23, 27, 1)
(23, 30, 1)
(24, 1, 3)
(24, 2, 1)
(24, 3, 3)
(24, 4, 5)
(24, 5, 1)
(24, 6, 3)
(24, 7, 5)
(24, 8, 1)
(24, 9, 1)
(24, 10, 2)
(24, 11, 1)
(24, 13, 1)
(24, 14, 1)
(24, 15, 2)
(24, 16, 1)
(24, 18, 1)
(24, 19, 2)
(24, 22, 1)
(24, 23, 1)
(24, 26, 1)
(25, 1, 1)
(25, 2, 4)
(25, 3, 3)
(25, 4, 2)
(25, 5, 1)
(25, 6, 4)
(25, 7, 2)
(25, 8, 2)
(25, 10, 1)
(25, 11, 3)
(25, 13, 1)
(25, 14, 1)
(25, 15, 2)
(25, 18, 1)
(25, 19, 1)
(25, 20, 1)
(25, 22, 1)
(25, 26, 1)
(26, 1, 2)
(26, 2, 4)
(26, 3, 3)
(26, 4, 3)
(26, 5, 2)
(26, 6, 1)
(26, 7, 4)
(26, 8, 3)
(26, 10, 1)
(26, 11, 1)
(26, 12, 2)
(26, 13, 3)
(26, 14, 1)
(26, 16, 1)
(26, 17, 2)
(26, 20, 2)
(26, 21, 1)
(26, 25, 2)
(26, 28, 1)
(27, 1, 4)
(27, 2, 5)
(27, 3, 5)
(27, 4, 3)
(27, 5, 2)
(27, 6, 3)
(27, 7, 3)
(27, 9, 1)
(27, 10, 1)
(27, 11, 3)
(27, 16, 2)
(27, 18, 2)
(27, 20, 1)
(27, 23, 1)
(27, 24, 1)
(28, 1, 2)
(28, 3, 6)
(28, 4, 1)
(28, 5, 2)
(28, 6, 1)
(28, 7, 1)
(28, 8, 2)
(28, 9, 1)
(28, 13, 2)
(28, 14, 2)
(28, 15, 1)
(28, 18, 1)
(28, 20, 1)
(28, 23, 2)
(28, 24, 1)
(28, 25, 1)
(28, 28, 1)
(28, 33, 2)
(29, 1, 4)
(29, 2, 3)
(29, 3, 3)
(29, 4, 1)
(29, 5, 1)
(29, 7, 3)
(29, 9, 2)
(29, 10, 3)
(29, 11, 1)
(29, 16, 2)
(29, 20, 4)
(29, 21, 2)
(29, 22, 1)
(29, 23, 1)
(29, 26, 2)
(29, 35, 1)
(30, 1, 1)
(30, 2, 2)
(30, 3, 2)
(30, 4, 2)
(30, 5, 1)
(30, 6, 3)
(30, 7, 5)
(30, 10, 2)
(30, 12, 1)
(30, 14, 1)
(30, 15, 2)
(30, 16, 2)
(30, 19, 1)
(30, 20, 1)
(30, 23, 1)
(30, 27, 2)
(30, 30, 1)
(31, 1, 3)
(31, 3, 2)
(31, 5, 2)
(31, 6, 1)
(31, 7, 1)
(31, 8, 4)
(31, 10, 1)
(31, 11, 2)
(31, 13, 1)
(31, 14, 1)
(31, 15, 4)
(31, 17, 3)
(31, 18, 1)
(31, 21, 3)
(31, 22, 1)
(31, 24, 1)
(31, 30, 1)
(31, 32, 1)
(31, 36, 1)
(32, 1, 1)
(32, 3, 1)
(32, 4, 1)
(32, 6, 1)
(32, 7, 3)
(32, 9, 4)
(32, 10, 3)
(32, 11, 1)
(32, 12, 1)
(32, 13, 2)
(32, 16, 1)
(32, 18, 1)
(32, 19, 1)
(32, 22, 1)
(32, 24, 1)
(32, 26, 2)
(32, 32, 1)
(32, 34, 1)
(33, 6, 1)
(33, 7, 2)
(33, 8, 1)
(33, 9, 2)
(33, 10, 2)
(33, 11, 1)
(33, 21, 1)
(33, 22, 4)
(33, 25, 1)
(33, 27, 1)
(33, 29, 1)
(33, 30, 1)
(33, 31, 1)
(33, 32, 1)
(34, 3, 1)
(34, 5, 1)
(34, 12, 1)
(34, 13, 1)
(34, 17, 1)
(34, 18, 3)
(34, 29, 1)
(34, 31, 1)
(34, 36, 1)
(35, 6, 1)
(35, 11, 1)
(35, 12, 2)
(35, 13, 1)
(35, 14, 2)
(35, 16, 1)
(35, 17, 1)
(35, 23, 1)
(35, 26, 1)
(36, 1, 2)
(36, 7, 2)
(36, 8, 1)
(36, 10, 3)
(36, 11, 2)
(36, 12, 2)
(36, 14, 1)
(36, 15, 1)
(36, 18, 1)
(36, 19, 2)
(36, 20, 1)
(36, 27, 1)
(36, 28, 1)
(36, 29, 3)
(36, 30, 1)
(37, 1, 1)
(37, 2, 1)
(37, 3, 1)
(37, 4, 1)
(37, 5, 2)
(37, 6, 2)
(37, 7, 1)
(37, 8, 2)
(37, 9, 2)
(37, 11, 1)
(37, 14, 1)
(37, 15, 1)
(37, 18, 2)
(37, 22, 1)
(37, 24, 2)
(37, 26, 1)
(38, 3, 1)
(38, 4, 1)
(38, 6, 4)
(38, 8, 1)
(38, 9, 2)
(38, 10, 2)
(38, 11, 2)
(38, 15, 1)
(38, 16, 1)
(38, 17, 2)
(38, 19, 2)
(38, 21, 1)
(39, 7, 1)
(39, 8, 3)
(39, 9, 3)
(39, 10, 1)
(39, 12, 1)
(39, 17, 1)
(39, 18, 1)
xi_2:
(3, 7, 1)
(3, 10, 1)
(3, 19, 1)
(4, 3, 1)
(4, 12, 1)
(4, 13, 1)
(4, 27, 1)
(5, 11, 1)
(6, 21, 1)
(6, 36, 1)
(7, 10, 1)
(7, 18, 1)
(7, 33, 1)
(8, 11, 1)
(8, 16, 1)
(9, 18, 1)
(9, 22, 2)
(9, 25, 1)
(9, 26, 1)
(9, 28, 1)
(9, 30, 1)
(10, 12, 1)
(11, 9, 1)
(11, 18, 1)
(12, 23, 1)
(13, 15, 1)
(13, 21, 1)
(16, 8, 1)
(16, 10, 1)
(16, 21, 1)
(16, 26, 1)
(17, 6, 1)
(17, 8, 2)
(17, 14, 1)
(18, 27, 1)
(19, 22, 1)
(20, 7, 1)
(20, 26, 1)
(21, 7, 1)
(22, 14, 1)
(22, 15, 1)
(22, 24, 1)
(22, 30, 1)
(24, 9, 1)
(24, 13, 1)
(24, 21, 1)
(24, 23, 1)
(24, 25, 2)
(25, 8, 1)
(25, 15, 1)
(25, 19, 1)
(25, 22, 1)
(26, 8, 1)
(26, 16, 1)
(26, 18, 1)
(26, 21, 1)
(27, 12, 1)
(27, 21, 1)
(27, 22, 1)
(27, 28, 1)
(28, 18, 1)
(28, 24, 1)
(28, 26, 1)
(29, 13, 1)
(29, 25, 2)
(30, 21, 1)
(30, 23, 1)
(30, 35, 1)
(31, 20, 1)
(31, 27, 1)
(31, 30, 1)
(31, 33, 1)
(32, 15, 3)
(32, 17, 2)
(32, 22, 1)
(32, 24, 1)
(32, 30, 1)
(33, 10, 1)
(33, 32, 1)
(33, 34, 1)
(35, 29, 1)
(36, 26, 1)
(36, 31, 2)
(37, 29, 1)
(38, 15, 1)
(38, 18, 1)
(38, 22, 1)
(38, 23, 1)
(38, 24, 2)
(38, 26, 1)
(39, 9, 1)
(39, 11, 1)
(39, 17, 1)
(39, 21, 1)
