x-grades
-15492210274414735747/8000000000000000000
-7552119740975660947/4000000000000000000
-14716268689487908041/8000000000000000000
-3582074474256123547/2000000000000000000
-2788065420912216067/1600000000000000000
-6776178156048833241/4000000000000000000
-13164385519634252629/8000000000000000000
-1597051840896354847/1000000000000000000
-12388443934707424923/8000000000000000000
-1200047314224401107/800000000000000000
-11612502349780597217/8000000000000000000
-2806132889329295841/2000000000000000000
-10836560764853769511/8000000000000000000
-5224294986195177829/4000000000000000000
-2012123835985388361/1600000000000000000
-604540524216470497/500000000000000000
-9284677595000114099/8000000000000000000
-4448353401268350123/4000000000000000000
-8508736010073286393/8000000000000000000
-406038260880493627/400000000000000000
-7732794425146458687/8000000000000000000
-3672411816341522417/4000000000000000000
-6956852840219630981/8000000000000000000
-821110255969527141/1000000000000000000
-247236450211712131/320000000000000000
-2896470231414694711/4000000000000000000
-5404969670365975569/8000000000000000000
-1254249719475640429/2000000000000000000
-4629028085439147863/8000000000000000000
-424105729297573401/800000000000000000
-3853086500512320157/8000000000000000000
-54142432938264161/125000000000000000
-3077144915585492451/8000000000000000000
-1344587061561039299/4000000000000000000
-460240666131732949/1600000000000000000
-478308134548812723/2000000000000000000
-1525261745731837039/8000000000000000000
-568645476634211593/4000000000000000000
-749320160805009333/8000000000000000000
-9033734208539887/200000000000000000

y-grades
2498529/10000000
2498529/5000000
7495587/10000000
2498529/2500000
2498529/2000000
7495587/5000000
17489703/10000000
2498529/1250000
22486761/10000000
2498529/1000000
27483819/10000000
7495587/2500000
32480877/10000000
17489703/5000000
7495587/2000000
2498529/625000
42474993/10000000
22486761/5000000
47472051/10000000
2498529/500000
52469109/10000000
27483819/5000000
57466167/10000000
7495587/1250000
2498529/400000
32480877/5000000
67460283/10000000
17489703/2500000
72457341/10000000
7495587/1000000
77454399/10000000
2498529/312500
82451457/10000000
42474993/5000000
17489703/2000000
22486761/2500000
92445573/10000000
47472051/5000000
97442631/10000000
2498529/250000

Dimensions > 0:
(0, 0, 1)
(0, 1, 1)
(0, 2, 1)
(0, 3, 1)
(0, 4, 1)
(0, 5, 1)
(0, 6, 1)
(0, 7, 1)
(0, 8, 1)
(0, 9, 1)
(0, 10, 1)
(0, 11, 1)
(0, 12, 1)
(0, 13, 1)
(0, 14, 1)
(0, 15, 1)
(0, 16, 1)
(0, 17, 1)
(0, 18, 1)
(0, 19, 1)
(0, 20, 1)
(0, 21, 1)
(0, 22, 1)
(0, 23, 1)
(0, 24, 1)
(0, 25, 1)
(0, 26, 1)
(0, 27, 1)
(0, 28, 1)
(0, 29, 1)
(0, 30, 1)
(0, 31, 1)
(0, 32, 1)
(0, 33, 1)
(0, 34, 1)
(0, 35, 1)
(0, 36, 1)
(0, 37, 1)
(0, 38, 1)
(0, 39, 1)

(1, 0, 2)
(1, 1, 2)
(1, 2, 2)
(1, 3, 2)
(1, 4, 2)
(1, 5, 2)
(1, 6, 2)
(1, 7, 2)
(1, 8, 2)
(1, 9, 2)
(1, 10, 2)
(1, 11, 2)
(1, 12, 2)
(1, 13, 2)
(1, 14, 2)
(1, 15, 2)
(1, 16, 2)
(1, 17, 2)
(1, 18, 2)
(1, 19, 2)
(1, 20, 2)
(1, 21, 2)
(1, 22, 2)
(1, 23, 2)
(1, 24, 2)
(1, 25, 2)
(1, 26, 2)
(1, 27, 2)
(1, 28, 2)
(1, 29, 2)
(1, 30, 2)
(1, 31, 2)
(1, 32, 2)
(1, 33, 2)
(1, 34, 2)
(1, 35, 2)
(1, 36, 2)
(1, 37, 2)
(1, 38, 2)
(1, 39, 2)

(2, 0, 2)
(2, 1, 2)
(2, 2, 2)
(2, 3, 2)
(2, 4, 2)
(2, 5, 2)
(2, 6, 2)
(2, 7, 2)
(2, 8, 2)
(2, 9, 2)
(2, 10, 2)
(2, 11, 2)
(2, 12, 2)
(2, 13, 2)
(2, 14, 2)
(2, 15, 2)
(2, 16, 2)
(2, 17, 2)
(2, 18, 2)
(2, 19, 2)
(2, 20, 2)
(2, 21, 2)
(2, 22, 2)
(2, 23, 2)
(2, 24, 2)
(2, 25, 2)
(2, 26, 2)
(2, 27, 2)
(2, 28, 2)
(2, 29, 2)
(2, 30, 2)
(2, 31, 2)
(2, 32, 2)
(2, 33, 2)
(2, 34, 2)
(2, 35, 2)
(2, 36, 2)
(2, 37, 2)
(2, 38, 2)
(2, 39, 2)

(3, 0, 2)
(3, 1, 2)
(3, 2, 2)
(3, 3, 2)
(3, 4, 2)
(3, 5, 2)
(3, 6, 2)
(3, 7, 2)
(3, 8, 2)
(3, 9, 2)
(3, 10, 2)
(3, 11, 2)
(3, 12, 2)
(3, 13, 2)
(3, 14, 2)
(3, 15, 2)
(3, 16, 2)
(3, 17, 2)
(3, 18, 2)
(3, 19, 2)
(3, 20, 2)
(3, 21, 2)
(3, 22, 2)
(3, 23, 2)
(3, 24, 2)
(3, 25, 2)
(3, 26, 2)
(3, 27, 2)
(3, 28, 2)
(3, 29, 2)
(3, 30, 2)
(3, 31, 2)
(3, 32, 2)
(3, 33, 2)
(3, 34, 2)
(3, 35, 2)
(3, 36, 2)
(3, 37, 2)
(3, 38, 2)
(3, 39, 2)

(4, 0, 3)
(4, 1, 3)
(4, 2, 3)
(4, 3, 3)
(4, 4, 3)
(4, 5, 3)
(4, 6, 3)
(4, 7, 3)
(4, 8, 3)
(4, 9, 3)
(4, 10, 3)
(4, 11, 3)
(4, 12, 3)
(4, 13, 3)
(4, 14, 3)
(4, 15, 3)
(4, 16, 3)
(4, 17, 3)
(4, 18, 3)
(4, 19, 3)
(4, 20, 3)
(4, 21, 3)
(4, 22, 3)
(4, 23, 3)
(4, 24, 3)
(4, 25, 3)
(4, 26, 3)
(4, 27, 3)
(4, 28, 3)
(4, 29, 3)
(4, 30, 3)
(4, 31, 3)
(4, 32, 3)
(4, 33, 3)
(4, 34, 3)
(4, 35, 3)
(4, 36, 3)
(4, 37, 3)
(4, 38, 3)
(4, 39, 3)

(5, 0, 3)
(5, 1, 3)
(5, 2, 3)
(5, 3, 3)
(5, 4, 3)
(5, 5, 3)
(5, 6, 3)
(5, 7, 3)
(5, 8, 3)
(5, 9, 3)
(5, 10, 3)
(5, 11, 3)
(5, 12, 3)
(5, 13, 3)
(5, 14, 3)
(5, 15, 3)
(5, 16, 3)
(5, 17, 3)
(5, 18, 3)
(5, 19, 3)
(5, 20, 3)
(5, 21, 3)
(5, 22, 3)
(5, 23, 3)
(5, 24, 3)
(5, 25, 3)
(5, 26, 3)
(5, 27, 3)
(5, 28, 3)
(5, 29, 3)
(5, 30, 3)
(5, 31, 3)
(5, 32, 3)
(5, 33, 3)
(5, 34, 3)
(5, 35, 3)
(5, 36, 3)
(5, 37, 3)
(5, 38, 3)
(5, 39, 3)

(6, 0, 5)
(6, 1, 5)
(6, 2, 5)
(6, 3, 5)
(6, 4, 5)
(6, 5, 5)
(6, 6, 5)
(6, 7, 5)
(6, 8, 5)
(6, 9, 5)
(6, 10, 5)
(6, 11, 5)
(6, 12, 5)
(6, 13, 5)
(6, 14, 5)
(6, 15, 5)
(6, 16, 5)
(6, 17, 5)
(6, 18, 5)
(6, 19, 5)
(6, 20, 5)
(6, 21, 5)
(6, 22, 5)
(6, 23, 5)
(6, 24, 5)
(6, 25, 5)
(6, 26, 5)
(6, 27, 5)
(6, 28, 5)
(6, 29, 5)
(6, 30, 5)
(6, 31, 5)
(6, 32, 5)
(6, 33, 5)
(6, 34, 5)
(6, 35, 5)
(6, 36, 5)
(6, 37, 5)
(6, 38, 5)
(6, 39, 5)

(7, 0, 9)
(7, 1, 9)
(7, 2, 9)
(7, 3, 9)
(7, 4, 9)
(7, 5, 9)
(7, 6, 9)
(7, 7, 9)
(7, 8, 9)
(7, 9, 9)
(7, 10, 9)
(7, 11, 9)
(7, 12, 9)
(7, 13, 9)
(7, 14, 7)
(7, 15, 6)
(7, 16, 6)
(7, 17, 6)
(7, 18, 6)
(7, 19, 6)
(7, 20, 6)
(7, 21, 6)
(7, 22, 6)
(7, 23, 6)
(7, 24, 6)
(7, 25, 6)
(7, 26, 6)
(7, 27, 6)
(7, 28, 6)
(7, 29, 6)
(7, 30, 6)
(7, 31, 6)
(7, 32, 6)
(7, 33, 6)
(7, 34, 6)
(7, 35, 6)
(7, 36, 6)
(7, 37, 6)
(7, 38, 6)
(7, 39, 6)

(8, 0, 19)
(8, 1, 19)
(8, 2, 19)
(8, 3, 19)
(8, 4, 18)
(8, 5, 18)
(8, 6, 18)
(8, 7, 18)
(8, 8, 18)
(8, 9, 18)
(8, 10, 16)
(8, 11, 16)
(8, 12, 16)
(8, 13, 16)
(8, 14, 7)
(8, 15, 6)
(8, 16, 6)
(8, 17, 6)
(8, 18, 6)
(8, 19, 6)
(8, 20, 6)
(8, 21, 6)
(8, 22, 6)
(8, 23, 6)
(8, 24, 6)
(8, 25, 6)
(8, 26, 6)
(8, 27, 6)
(8, 28, 6)
(8, 29, 6)
(8, 30, 6)
(8, 31, 6)
(8, 32, 6)
(8, 33, 6)
(8, 34, 6)
(8, 35, 6)
(8, 36, 6)
(8, 37, 6)
(8, 38, 6)
(8, 39, 6)

(9, 0, 23)
(9, 1, 23)
(9, 2, 23)
(9, 3, 23)
(9, 4, 22)
(9, 5, 22)
(9, 6, 22)
(9, 7, 22)
(9, 8, 22)
(9, 9, 22)
(9, 10, 19)
(9, 11, 19)
(9, 12, 19)
(9, 13, 19)
(9, 14, 8)
(9, 15, 7)
(9, 16, 7)
(9, 17, 7)
(9, 18, 7)
(9, 19, 7)
(9, 20, 7)
(9, 21, 6)
(9, 22, 6)
(9, 23, 6)
(9, 24, 6)
(9, 25, 6)
(9, 26, 6)
(9, 27, 6)
(9, 28, 6)
(9, 29, 6)
(9, 30, 6)
(9, 31, 6)
(9, 32, 6)
(9, 33, 6)
(9, 34, 6)
(9, 35, 6)
(9, 36, 6)
(9, 37, 6)
(9, 38, 6)
(9, 39, 6)

(10, 0, 27)
(10, 1, 27)
(10, 2, 27)
(10, 3, 27)
(10, 4, 26)
(10, 5, 26)
(10, 6, 26)
(10, 7, 26)
(10, 8, 26)
(10, 9, 26)
(10, 10, 21)
(10, 11, 21)
(10, 12, 21)
(10, 13, 21)
(10, 14, 8)
(10, 15, 7)
(10, 16, 7)
(10, 17, 7)
(10, 18, 7)
(10, 19, 7)
(10, 20, 7)
(10, 21, 6)
(10, 22, 6)
(10, 23, 6)
(10, 24, 6)
(10, 25, 6)
(10, 26, 6)
(10, 27, 6)
(10, 28, 6)
(10, 29, 6)
(10, 30, 6)
(10, 31, 6)
(10, 32, 6)
(10, 33, 6)
(10, 34, 6)
(10, 35, 6)
(10, 36, 6)
(10, 37, 6)
(10, 38, 6)
(10, 39, 6)

(11, 0, 33)
(11, 1, 33)
(11, 2, 33)
(11, 3, 33)
(11, 4, 32)
(11, 5, 32)
(11, 6, 32)
(11, 7, 32)
(11, 8, 32)
(11, 9, 32)
(11, 10, 25)
(11, 11, 25)
(11, 12, 25)
(11, 13, 25)
(11, 14, 8)
(11, 15, 7)
(11, 16, 6)
(11, 17, 6)
(11, 18, 6)
(11, 19, 6)
(11, 20, 6)
(11, 21, 6)
(11, 22, 6)
(11, 23, 6)
(11, 24, 6)
(11, 25, 6)
(11, 26, 6)
(11, 27, 6)
(11, 28, 6)
(11, 29, 6)
(11, 30, 6)
(11, 31, 6)
(11, 32, 6)
(11, 33, 6)
(11, 34, 6)
(11, 35, 6)
(11, 36, 6)
(11, 37, 6)
(11, 38, 6)
(11, 39, 6)

(12, 0, 36)
(12, 1, 36)
(12, 2, 36)
(12, 3, 36)
(12, 4, 35)
(12, 5, 35)
(12, 6, 35)
(12, 7, 35)
(12, 8, 35)
(12, 9, 35)
(12, 10, 25)
(12, 11, 25)
(12, 12, 25)
(12, 13, 25)
(12, 14, 8)
(12, 15, 6)
(12, 16, 6)
(12, 17, 6)
(12, 18, 6)
(12, 19, 6)
(12, 20, 6)
(12, 21, 6)
(12, 22, 6)
(12, 23, 6)
(12, 24, 6)
(12, 25, 6)
(12, 26, 6)
(12, 27, 6)
(12, 28, 6)
(12, 29, 6)
(12, 30, 6)
(12, 31, 6)
(12, 32, 6)
(12, 33, 6)
(12, 34, 6)
(12, 35, 6)
(12, 36, 6)
(12, 37, 6)
(12, 38, 6)
(12, 39, 6)

(13, 0, 39)
(13, 1, 39)
(13, 2, 39)
(13, 3, 39)
(13, 4, 38)
(13, 5, 38)
(13, 6, 38)
(13, 7, 38)
(13, 8, 38)
(13, 9, 38)
(13, 10, 27)
(13, 11, 27)
(13, 12, 27)
(13, 13, 27)
(13, 14, 8)
(13, 15, 6)
(13, 16, 6)
(13, 17, 6)
(13, 18, 6)
(13, 19, 6)
(13, 20, 6)
(13, 21, 6)
(13, 22, 6)
(13, 23, 6)
(13, 24, 6)
(13, 25, 6)
(13, 26, 6)
(13, 27, 6)
(13, 28, 6)
(13, 29, 6)
(13, 30, 6)
(13, 31, 6)
(13, 32, 6)
(13, 33, 6)
(13, 34, 6)
(13, 35, 6)
(13, 36, 6)
(13, 37, 6)
(13, 38, 6)
(13, 39, 6)

(14, 0, 43)
(14, 1, 43)
(14, 2, 43)
(14, 3, 43)
(14, 4, 42)
(14, 5, 42)
(14, 6, 42)
(14, 7, 42)
(14, 8, 42)
(14, 9, 42)
(14, 10, 27)
(14, 11, 27)
(14, 12, 27)
(14, 13, 27)
(14, 14, 7)
(14, 15, 6)
(14, 16, 6)
(14, 17, 6)
(14, 18, 6)
(14, 19, 6)
(14, 20, 6)
(14, 21, 6)
(14, 22, 6)
(14, 23, 6)
(14, 24, 6)
(14, 25, 6)
(14, 26, 6)
(14, 27, 6)
(14, 28, 6)
(14, 29, 6)
(14, 30, 6)
(14, 31, 6)
(14, 32, 6)
(14, 33, 6)
(14, 34, 6)
(14, 35, 6)
(14, 36, 6)
(14, 37, 6)
(14, 38, 6)
(14, 39, 6)

(15, 0, 49)
(15, 1, 49)
(15, 2, 49)
(15, 3, 49)
(15, 4, 48)
(15, 5, 48)
(15, 6, 48)
(15, 7, 48)
(15, 8, 48)
(15, 9, 48)
(15, 10, 29)
(15, 11, 29)
(15, 12, 29)
(15, 13, 29)
(15, 14, 7)
(15, 15, 6)
(15, 16, 6)
(15, 17, 6)
(15, 18, 6)
(15, 19, 6)
(15, 20, 6)
(15, 21, 6)
(15, 22, 6)
(15, 23, 6)
(15, 24, 6)
(15, 25, 6)
(15, 26, 6)
(15, 27, 6)
(15, 28, 6)
(15, 29, 6)
(15, 30, 6)
(15, 31, 6)
(15, 32, 6)
(15, 33, 6)
(15, 34, 6)
(15, 35, 6)
(15, 36, 6)
(15, 37, 6)
(15, 38, 6)
(15, 39, 6)

(16, 0, 52)
(16, 1, 52)
(16, 2, 52)
(16, 3, 52)
(16, 4, 51)
(16, 5, 51)
(16, 6, 51)
(16, 7, 51)
(16, 8, 51)
(16, 9, 51)
(16, 10, 29)
(16, 11, 29)
(16, 12, 29)
(16, 13, 28)
(16, 14, 7)
(16, 15, 6)
(16, 16, 6)
(16, 17, 6)
(16, 18, 6)
(16, 19, 6)
(16, 20, 6)
(16, 21, 6)
(16, 22, 6)
(16, 23, 6)
(16, 24, 6)
(16, 25, 6)
(16, 26, 6)
(16, 27, 6)
(16, 28, 6)
(16, 29, 6)
(16, 30, 6)
(16, 31, 6)
(16, 32, 6)
(16, 33, 6)
(16, 34, 6)
(16, 35, 6)
(16, 36, 6)
(16, 37, 6)
(16, 38, 6)
(16, 39, 6)

(17, 0, 56)
(17, 1, 56)
(17, 2, 56)
(17, 3, 56)
(17, 4, 55)
(17, 5, 55)
(17, 6, 55)
(17, 7, 55)
(17, 8, 55)
(17, 9, 55)
(17, 10, 31)
(17, 11, 31)
(17, 12, 31)
(17, 13, 30)
(17, 14, 7)
(17, 15, 6)
(17, 16, 6)
(17, 17, 6)
(17, 18, 6)
(17, 19, 6)
(17, 20, 6)
(17, 21, 6)
(17, 22, 6)
(17, 23, 6)
(17, 24, 6)
(17, 25, 6)
(17, 26, 6)
(17, 27, 6)
(17, 28, 6)
(17, 29, 6)
(17, 30, 6)
(17, 31, 6)
(17, 32, 6)
(17, 33, 6)
(17, 34, 6)
(17, 35, 6)
(17, 36, 6)
(17, 37, 6)
(17, 38, 6)
(17, 39, 6)

(18, 0, 60)
(18, 1, 60)
(18, 2, 60)
(18, 3, 60)
(18, 4, 59)
(18, 5, 59)
(18, 6, 59)
(18, 7, 59)
(18, 8, 59)
(18, 9, 59)
(18, 10, 31)
(18, 11, 31)
(18, 12, 31)
(18, 13, 30)
(18, 14, 7)
(18, 15, 6)
(18, 16, 6)
(18, 17, 6)
(18, 18, 6)
(18, 19, 6)
(18, 20, 6)
(18, 21, 6)
(18, 22, 6)
(18, 23, 6)
(18, 24, 6)
(18, 25, 6)
(18, 26, 6)
(18, 27, 6)
(18, 28, 6)
(18, 29, 6)
(18, 30, 6)
(18, 31, 6)
(18, 32, 6)
(18, 33, 6)
(18, 34, 6)
(18, 35, 6)
(18, 36, 6)
(18, 37, 6)
(18, 38, 6)
(18, 39, 6)

(19, 0, 62)
(19, 1, 62)
(19, 2, 62)
(19, 3, 62)
(19, 4, 61)
(19, 5, 61)
(19, 6, 61)
(19, 7, 61)
(19, 8, 61)
(19, 9, 61)
(19, 10, 31)
(19, 11, 31)
(19, 12, 31)
(19, 13, 30)
(19, 14, 7)
(19, 15, 6)
(19, 16, 6)
(19, 17, 6)
(19, 18, 6)
(19, 19, 6)
(19, 20, 6)
(19, 21, 6)
(19, 22, 6)
(19, 23, 6)
(19, 24, 6)
(19, 25, 6)
(19, 26, 6)
(19, 27, 6)
(19, 28, 6)
(19, 29, 6)
(19, 30, 6)
(19, 31, 6)
(19, 32, 6)
(19, 33, 6)
(19, 34, 6)
(19, 35, 6)
(19, 36, 6)
(19, 37, 6)
(19, 38, 6)
(19, 39, 6)

(20, 0, 64)
(20, 1, 64)
(20, 2, 64)
(20, 3, 64)
(20, 4, 63)
(20, 5, 63)
(20, 6, 63)
(20, 7, 63)
(20, 8, 63)
(20, 9, 63)
(20, 10, 31)
(20, 11, 31)
(20, 12, 31)
(20, 13, 30)
(20, 14, 7)
(20, 15, 6)
(20, 16, 6)
(20, 17, 6)
(20, 18, 6)
(20, 19, 6)
(20, 20, 6)
(20, 21, 6)
(20, 22, 6)
(20, 23, 6)
(20, 24, 6)
(20, 25, 6)
(20, 26, 6)
(20, 27, 6)
(20, 28, 6)
(20, 29, 6)
(20, 30, 6)
(20, 31, 6)
(20, 32, 6)
(20, 33, 6)
(20, 34, 6)
(20, 35, 6)
(20, 36, 6)
(20, 37, 6)
(20, 38, 6)
(20, 39, 6)

(21, 0, 68)
(21, 1, 68)
(21, 2, 68)
(21, 3, 68)
(21, 4, 67)
(21, 5, 67)
(21, 6, 67)
(21, 7, 67)
(21, 8, 67)
(21, 9, 67)
(21, 10, 31)
(21, 11, 31)
(21, 12, 31)
(21, 13, 30)
(21, 14, 7)
(21, 15, 6)
(21, 16, 6)
(21, 17, 6)
(21, 18, 6)
(21, 19, 6)
(21, 20, 6)
(21, 21, 6)
(21, 22, 6)
(21, 23, 6)
(21, 24, 6)
(21, 25, 6)
(21, 26, 6)
(21, 27, 6)
(21, 28, 6)
(21, 29, 6)
(21, 30, 6)
(21, 31, 6)
(21, 32, 6)
(21, 33, 6)
(21, 34, 6)
(21, 35, 6)
(21, 36, 6)
(21, 37, 6)
(21, 38, 6)
(21, 39, 6)

(22, 0, 73)
(22, 1, 73)
(22, 2, 73)
(22, 3, 73)
(22, 4, 72)
(22, 5, 72)
(22, 6, 71)
(22, 7, 71)
(22, 8, 71)
(22, 9, 71)
(22, 10, 32)
(22, 11, 31)
(22, 12, 31)
(22, 13, 30)
(22, 14, 7)
(22, 15, 6)
(22, 16, 6)
(22, 17, 6)
(22, 18, 6)
(22, 19, 6)
(22, 20, 6)
(22, 21, 6)
(22, 22, 6)
(22, 23, 6)
(22, 24, 6)
(22, 25, 6)
(22, 26, 6)
(22, 27, 6)
(22, 28, 6)
(22, 29, 6)
(22, 30, 6)
(22, 31, 6)
(22, 32, 6)
(22, 33, 6)
(22, 34, 6)
(22, 35, 6)
(22, 36, 6)
(22, 37, 6)
(22, 38, 6)
(22, 39, 6)

(23, 0, 76)
(23, 1, 76)
(23, 2, 76)
(23, 3, 74)
(23, 4, 72)
(23, 5, 72)
(23, 6, 71)
(23, 7, 71)
(23, 8, 71)
(23, 9, 71)
(23, 10, 32)
(23, 11, 31)
(23, 12, 31)
(23, 13, 30)
(23, 14, 7)
(23, 15, 6)
(23, 16, 6)
(23, 17, 6)
(23, 18, 6)
(23, 19, 6)
(23, 20, 6)
(23, 21, 6)
(23, 22, 6)
(23, 23, 6)
(23, 24, 6)
(23, 25, 6)
(23, 26, 6)
(23, 27, 6)
(23, 28, 6)
(23, 29, 6)
(23, 30, 6)
(23, 31, 6)
(23, 32, 6)
(23, 33, 6)
(23, 34, 6)
(23, 35, 6)
(23, 36, 6)
(23, 37, 6)
(23, 38, 6)
(23, 39, 6)

(24, 0, 80)
(24, 1, 80)
(24, 2, 80)
(24, 3, 78)
(24, 4, 76)
(24, 5, 76)
(24, 6, 75)
(24, 7, 73)
(24, 8, 73)
(24, 9, 73)
(24, 10, 33)
(24, 11, 31)
(24, 12, 31)
(24, 13, 30)
(24, 14, 7)
(24, 15, 6)
(24, 16, 6)
(24, 17, 6)
(24, 18, 6)
(24, 19, 6)
(24, 20, 6)
(24, 21, 6)
(24, 22, 6)
(24, 23, 6)
(24, 24, 6)
(24, 25, 6)
(24, 26, 6)
(24, 27, 6)
(24, 28, 6)
(24, 29, 6)
(24, 30, 6)
(24, 31, 6)
(24, 32, 6)
(24, 33, 6)
(24, 34, 6)
(24, 35, 6)
(24, 36, 6)
(24, 37, 6)
(24, 38, 6)
(24, 39, 6)

(25, 0, 85)
(25, 1, 85)
(25, 2, 85)
(25, 3, 83)
(25, 4, 81)
(25, 5, 81)
(25, 6, 80)
(25, 7, 78)
(25, 8, 78)
(25, 9, 78)
(25, 10, 35)
(25, 11, 31)
(25, 12, 31)
(25, 13, 30)
(25, 14, 7)
(25, 15, 6)
(25, 16, 6)
(25, 17, 6)
(25, 18, 6)
(25, 19, 6)
(25, 20, 6)
(25, 21, 6)
(25, 22, 6)
(25, 23, 6)
(25, 24, 6)
(25, 25, 6)
(25, 26, 6)
(25, 27, 6)
(25, 28, 6)
(25, 29, 6)
(25, 30, 6)
(25, 31, 6)
(25, 32, 6)
(25, 33, 6)
(25, 34, 6)
(25, 35, 6)
(25, 36, 6)
(25, 37, 6)
(25, 38, 6)
(25, 39, 6)

(26, 0, 87)
(26, 1, 87)
(26, 2, 87)
(26, 3, 85)
(26, 4, 83)
(26, 5, 83)
(26, 6, 82)
(26, 7, 80)
(26, 8, 80)
(26, 9, 80)
(26, 10, 37)
(26, 11, 31)
(26, 12, 31)
(26, 13, 30)
(26, 14, 7)
(26, 15, 6)
(26, 16, 6)
(26, 17, 6)
(26, 18, 6)
(26, 19, 6)
(26, 20, 6)
(26, 21, 6)
(26, 22, 6)
(26, 23, 6)
(26, 24, 6)
(26, 25, 6)
(26, 26, 6)
(26, 27, 6)
(26, 28, 6)
(26, 29, 6)
(26, 30, 6)
(26, 31, 6)
(26, 32, 6)
(26, 33, 6)
(26, 34, 6)
(26, 35, 6)
(26, 36, 6)
(26, 37, 6)
(26, 38, 6)
(26, 39, 6)

(27, 0, 96)
(27, 1, 96)
(27, 2, 96)
(27, 3, 94)
(27, 4, 91)
(27, 5, 91)
(27, 6, 88)
(27, 7, 86)
(27, 8, 86)
(27, 9, 86)
(27, 10, 41)
(27, 11, 32)
(27, 12, 32)
(27, 13, 31)
(27, 14, 8)
(27, 15, 7)
(27, 16, 7)
(27, 17, 7)
(27, 18, 7)
(27, 19, 7)
(27, 20, 7)
(27, 21, 7)
(27, 22, 6)
(27, 23, 6)
(27, 24, 6)
(27, 25, 6)
(27, 26, 6)
(27, 27, 6)
(27, 28, 6)
(27, 29, 6)
(27, 30, 6)
(27, 31, 6)
(27, 32, 6)
(27, 33, 6)
(27, 34, 6)
(27, 35, 6)
(27, 36, 6)
(27, 37, 6)
(27, 38, 6)
(27, 39, 6)

(28, 0, 101)
(28, 1, 101)
(28, 2, 101)
(28, 3, 98)
(28, 4, 94)
(28, 5, 94)
(28, 6, 91)
(28, 7, 89)
(28, 8, 89)
(28, 9, 89)
(28, 10, 42)
(28, 11, 31)
(28, 12, 31)
(28, 13, 30)
(28, 14, 7)
(28, 15, 6)
(28, 16, 6)
(28, 17, 6)
(28, 18, 6)
(28, 19, 6)
(28, 20, 6)
(28, 21, 6)
(28, 22, 6)
(28, 23, 6)
(28, 24, 6)
(28, 25, 6)
(28, 26, 6)
(28, 27, 6)
(28, 28, 6)
(28, 29, 6)
(28, 30, 6)
(28, 31, 6)
(28, 32, 6)
(28, 33, 6)
(28, 34, 6)
(28, 35, 6)
(28, 36, 6)
(28, 37, 6)
(28, 38, 6)
(28, 39, 6)

(29, 0, 104)
(29, 1, 104)
(29, 2, 104)
(29, 3, 101)
(29, 4, 97)
(29, 5, 97)
(29, 6, 92)
(29, 7, 90)
(29, 8, 90)
(29, 9, 90)
(29, 10, 43)
(29, 11, 31)
(29, 12, 31)
(29, 13, 30)
(29, 14, 7)
(29, 15, 6)
(29, 16, 6)
(29, 17, 6)
(29, 18, 6)
(29, 19, 6)
(29, 20, 6)
(29, 21, 6)
(29, 22, 6)
(29, 23, 6)
(29, 24, 6)
(29, 25, 6)
(29, 26, 6)
(29, 27, 6)
(29, 28, 6)
(29, 29, 6)
(29, 30, 6)
(29, 31, 6)
(29, 32, 6)
(29, 33, 6)
(29, 34, 6)
(29, 35, 6)
(29, 36, 6)
(29, 37, 6)
(29, 38, 6)
(29, 39, 6)

(30, 0, 106)
(30, 1, 106)
(30, 2, 106)
(30, 3, 103)
(30, 4, 99)
(30, 5, 99)
(30, 6, 92)
(30, 7, 90)
(30, 8, 90)
(30, 9, 90)
(30, 10, 43)
(30, 11, 31)
(30, 12, 31)
(30, 13, 30)
(30, 14, 7)
(30, 15, 6)
(30, 16, 6)
(30, 17, 6)
(30, 18, 6)
(30, 19, 6)
(30, 20, 6)
(30, 21, 6)
(30, 22, 6)
(30, 23, 6)
(30, 24, 6)
(30, 25, 6)
(30, 26, 6)
(30, 27, 6)
(30, 28, 6)
(30, 29, 6)
(30, 30, 6)
(30, 31, 6)
(30, 32, 6)
(30, 33, 6)
(30, 34, 6)
(30, 35, 6)
(30, 36, 6)
(30, 37, 6)
(30, 38, 6)
(30, 39, 6)

(31, 0, 109)
(31, 1, 109)
(31, 2, 109)
(31, 3, 106)
(31, 4, 102)
(31, 5, 102)
(31, 6, 93)
(31, 7, 91)
(31, 8, 91)
(31, 9, 91)
(31, 10, 44)
(31, 11, 31)
(31, 12, 31)
(31, 13, 30)
(31, 14, 7)
(31, 15, 6)
(31, 16, 6)
(31, 17, 6)
(31, 18, 6)
(31, 19, 6)
(31, 20, 6)
(31, 21, 6)
(31, 22, 6)
(31, 23, 6)
(31, 24, 6)
(31, 25, 6)
(31, 26, 6)
(31, 27, 6)
(31, 28, 6)
(31, 29, 6)
(31, 30, 6)
(31, 31, 6)
(31, 32, 6)
(31, 33, 6)
(31, 34, 6)
(31, 35, 6)
(31, 36, 6)
(31, 37, 6)
(31, 38, 6)
(31, 39, 6)

(32, 0, 113)
(32, 1, 113)
(32, 2, 113)
(32, 3, 110)
(32, 4, 106)
(32, 5, 106)
(32, 6, 94)
(32, 7, 92)
(32, 8, 92)
(32, 9, 92)
(32, 10, 45)
(32, 11, 31)
(32, 12, 31)
(32, 13, 30)
(32, 14, 7)
(32, 15, 6)
(32, 16, 6)
(32, 17, 6)
(32, 18, 6)
(32, 19, 6)
(32, 20, 6)
(32, 21, 6)
(32, 22, 6)
(32, 23, 6)
(32, 24, 6)
(32, 25, 6)
(32, 26, 6)
(32, 27, 6)
(32, 28, 6)
(32, 29, 6)
(32, 30, 6)
(32, 31, 6)
(32, 32, 6)
(32, 33, 6)
(32, 34, 6)
(32, 35, 6)
(32, 36, 6)
(32, 37, 6)
(32, 38, 6)
(32, 39, 6)

(33, 0, 117)
(33, 1, 117)
(33, 2, 117)
(33, 3, 114)
(33, 4, 110)
(33, 5, 110)
(33, 6, 95)
(33, 7, 93)
(33, 8, 93)
(33, 9, 93)
(33, 10, 46)
(33, 11, 31)
(33, 12, 31)
(33, 13, 30)
(33, 14, 7)
(33, 15, 6)
(33, 16, 6)
(33, 17, 6)
(33, 18, 6)
(33, 19, 6)
(33, 20, 6)
(33, 21, 6)
(33, 22, 6)
(33, 23, 6)
(33, 24, 6)
(33, 25, 6)
(33, 26, 6)
(33, 27, 6)
(33, 28, 6)
(33, 29, 6)
(33, 30, 6)
(33, 31, 6)
(33, 32, 6)
(33, 33, 6)
(33, 34, 6)
(33, 35, 6)
(33, 36, 6)
(33, 37, 6)
(33, 38, 6)
(33, 39, 6)

(34, 0, 119)
(34, 1, 119)
(34, 2, 119)
(34, 3, 116)
(34, 4, 112)
(34, 5, 112)
(34, 6, 95)
(34, 7, 93)
(34, 8, 93)
(34, 9, 93)
(34, 10, 46)
(34, 11, 31)
(34, 12, 31)
(34, 13, 30)
(34, 14, 7)
(34, 15, 6)
(34, 16, 6)
(34, 17, 6)
(34, 18, 6)
(34, 19, 6)
(34, 20, 6)
(34, 21, 6)
(34, 22, 6)
(34, 23, 6)
(34, 24, 6)
(34, 25, 6)
(34, 26, 6)
(34, 27, 6)
(34, 28, 6)
(34, 29, 6)
(34, 30, 6)
(34, 31, 6)
(34, 32, 6)
(34, 33, 6)
(34, 34, 6)
(34, 35, 6)
(34, 36, 6)
(34, 37, 6)
(34, 38, 6)
(34, 39, 6)

(35, 0, 122)
(35, 1, 122)
(35, 2, 122)
(35, 3, 119)
(35, 4, 115)
(35, 5, 115)
(35, 6, 96)
(35, 7, 94)
(35, 8, 94)
(35, 9, 94)
(35, 10, 47)
(35, 11, 31)
(35, 12, 31)
(35, 13, 30)
(35, 14, 7)
(35, 15, 6)
(35, 16, 6)
(35, 17, 6)
(35, 18, 6)
(35, 19, 6)
(35, 20, 6)
(35, 21, 6)
(35, 22, 6)
(35, 23, 6)
(35, 24, 6)
(35, 25, 6)
(35, 26, 6)
(35, 27, 6)
(35, 28, 6)
(35, 29, 6)
(35, 30, 6)
(35, 31, 6)
(35, 32, 6)
(35, 33, 6)
(35, 34, 6)
(35, 35, 6)
(35, 36, 6)
(35, 37, 6)
(35, 38, 6)
(35, 39, 6)

(36, 0, 127)
(36, 1, 127)
(36, 2, 127)
(36, 3, 124)
(36, 4, 119)
(36, 5, 119)
(36, 6, 98)
(36, 7, 96)
(36, 8, 96)
(36, 9, 96)
(36, 10, 49)
(36, 11, 32)
(36, 12, 32)
(36, 13, 31)
(36, 14, 8)
(36, 15, 7)
(36, 16, 7)
(36, 17, 7)
(36, 18, 7)
(36, 19, 7)
(36, 20, 7)
(36, 21, 7)
(36, 22, 7)
(36, 23, 7)
(36, 24, 7)
(36, 25, 7)
(36, 26, 7)
(36, 27, 7)
(36, 28, 7)
(36, 29, 7)
(36, 30, 7)
(36, 31, 7)
(36, 32, 7)
(36, 33, 7)
(36, 34, 7)
(36, 35, 7)
(36, 36, 7)
(36, 37, 7)
(36, 38, 7)
(36, 39, 6)

(37, 0, 138)
(37, 1, 138)
(37, 2, 135)
(37, 3, 132)
(37, 4, 127)
(37, 5, 127)
(37, 6, 102)
(37, 7, 100)
(37, 8, 100)
(37, 9, 100)
(37, 10, 53)
(37, 11, 33)
(37, 12, 33)
(37, 13, 32)
(37, 14, 9)
(37, 15, 7)
(37, 16, 7)
(37, 17, 7)
(37, 18, 7)
(37, 19, 7)
(37, 20, 7)
(37, 21, 7)
(37, 22, 7)
(37, 23, 7)
(37, 24, 7)
(37, 25, 7)
(37, 26, 6)
(37, 27, 6)
(37, 28, 6)
(37, 29, 6)
(37, 30, 6)
(37, 31, 6)
(37, 32, 6)
(37, 33, 6)
(37, 34, 6)
(37, 35, 6)
(37, 36, 6)
(37, 37, 6)
(37, 38, 6)
(37, 39, 6)

(38, 0, 150)
(38, 1, 150)
(38, 2, 136)
(38, 3, 133)
(38, 4, 128)
(38, 5, 128)
(38, 6, 102)
(38, 7, 100)
(38, 8, 100)
(38, 9, 100)
(38, 10, 53)
(38, 11, 32)
(38, 12, 32)
(38, 13, 31)
(38, 14, 8)
(38, 15, 6)
(38, 16, 6)
(38, 17, 6)
(38, 18, 6)
(38, 19, 6)
(38, 20, 6)
(38, 21, 6)
(38, 22, 6)
(38, 23, 6)
(38, 24, 6)
(38, 25, 6)
(38, 26, 6)
(38, 27, 6)
(38, 28, 6)
(38, 29, 6)
(38, 30, 6)
(38, 31, 6)
(38, 32, 6)
(38, 33, 6)
(38, 34, 6)
(38, 35, 6)
(38, 36, 6)
(38, 37, 6)
(38, 38, 6)
(38, 39, 6)

(39, 0, 162)
(39, 1, 162)
(39, 2, 134)
(39, 3, 131)
(39, 4, 126)
(39, 5, 126)
(39, 6, 100)
(39, 7, 98)
(39, 8, 98)
(39, 9, 98)
(39, 10, 51)
(39, 11, 31)
(39, 12, 31)
(39, 13, 30)
(39, 14, 7)
(39, 15, 6)
(39, 16, 6)
(39, 17, 6)
(39, 18, 6)
(39, 19, 6)
(39, 20, 6)
(39, 21, 6)
(39, 22, 6)
(39, 23, 6)
(39, 24, 6)
(39, 25, 6)
(39, 26, 6)
(39, 27, 6)
(39, 28, 6)
(39, 29, 6)
(39, 30, 6)
(39, 31, 6)
(39, 32, 6)
(39, 33, 6)
(39, 34, 6)
(39, 35, 6)
(39, 36, 6)
(39, 37, 6)
(39, 38, 6)
(39, 39, 6)


Betti numbers:
xi_0:
(0, 0, 1)
(1, 0, 1)
(4, 0, 1)
(6, 0, 2)
(7, 0, 4)
(8, 0, 10)
(9, 0, 4)
(10, 0, 4)
(11, 0, 6)
(12, 0, 3)
(13, 0, 3)
(14, 0, 4)
(15, 0, 6)
(16, 0, 3)
(17, 0, 4)
(18, 0, 4)
(19, 0, 2)
(20, 0, 2)
(21, 0, 4)
(22, 0, 5)
(23, 0, 3)
(24, 0, 4)
(25, 0, 5)
(26, 0, 2)
(27, 0, 9)
(28, 0, 5)
(29, 0, 3)
(30, 0, 2)
(31, 0, 3)
(32, 0, 4)
(33, 0, 4)
(34, 0, 2)
(35, 0, 3)
(36, 0, 5)
(37, 0, 11)
(38, 0, 12)
(39, 0, 12)
xi_1:
(7, 14, 2)
(7, 15, 1)
(8, 4, 1)
(8, 10, 2)
(8, 14, 7)
(9, 10, 1)
(9, 14, 2)
(9, 21, 1)
(10, 10, 2)
(10, 14, 2)
(11, 10, 2)
(11, 14, 4)
(11, 16, 1)
(12, 10, 3)
(12, 15, 1)
(13, 10, 1)
(13, 14, 2)
(14, 10, 4)
(14, 14, 1)
(15, 10, 4)
(15, 14, 2)
(16, 10, 3)
(16, 13, 1)
(17, 10, 2)
(17, 14, 2)
(18, 10, 4)
(19, 10, 2)
(20, 10, 2)
(21, 10, 4)
(22, 6, 1)
(22, 10, 3)
(22, 11, 1)
(23, 3, 2)
(23, 4, 1)
(24, 7, 2)
(24, 10, 1)
(24, 11, 1)
(25, 10, 3)
(25, 11, 2)
(26, 11, 2)
(27, 4, 1)
(27, 6, 2)
(27, 10, 2)
(27, 11, 3)
(27, 22, 1)
(28, 3, 1)
(28, 4, 1)
(28, 10, 2)
(28, 11, 2)
(29, 6, 2)
(29, 11, 1)
(30, 6, 2)
(31, 6, 2)
(31, 11, 1)
(32, 6, 3)
(32, 11, 1)
(33, 6, 3)
(33, 11, 1)
(34, 6, 2)
(35, 6, 2)
(35, 11, 1)
(36, 4, 1)
(36, 6, 2)
(36, 11, 1)
(36, 39, 1)
(37, 2, 3)
(37, 6, 4)
(37, 11, 3)
(37, 15, 1)
(37, 26, 1)
(38, 2, 11)
(38, 6, 1)
(38, 11, 1)
(39, 2, 14)
xi_2:
(11, 21, 1)
(12, 16, 1)
(14, 15, 1)
(16, 14, 1)
(28, 22, 1)
(37, 39, 1)
(38, 26, 1)
(39, 11, 1)
(39, 15, 1)
