x-grades
-106287117718371477/40000000000000000
-52245767675055237/20000000000000000
-102695952981849471/40000000000000000
-25225092653397117/10000000000000000
-19820957649065493/8000000000000000
-48654602938533231/20000000000000000
-95513623508805459/40000000000000000
-11714755142568057/5000000000000000
-91922458772283453/40000000000000000
-1802537528080449/800000000000000
-88331294035761447/40000000000000000
-21633927916875111/10000000000000000
-84740129299239441/40000000000000000
-41472273465489219/20000000000000000
-16229792912543487/8000000000000000
-4959586387153527/2500000000000000
-77557799826195429/40000000000000000
-37881108728967213/20000000000000000
-73966635089673423/40000000000000000
-3608552636070621/2000000000000000
-70375470353151417/40000000000000000
-34289943992445207/20000000000000000
-66784305616629411/40000000000000000
-8123590406046051/5000000000000000
-12638628176021481/8000000000000000
-30698779255923201/20000000000000000
-59601976143585399/40000000000000000
-14451598443831099/10000000000000000
-56010811407063393/40000000000000000
-5421522903880239/4000000000000000
-52419646670541387/40000000000000000
-791001004723131/625000000000000
-48828481934019381/40000000000000000
-23516449782879189/20000000000000000
-361898537579979/320000000000000
-10860433707309093/10000000000000000
-41646152460975369/40000000000000000
-19925285046357183/20000000000000000
-38054987724453363/40000000000000000
-906485133904809/1000000000000000

y-grades
1/4
1/2
3/4
1
5/4
3/2
7/4
2
9/4
5/2
11/4
3
13/4
7/2
15/4
4
17/4
9/2
19/4
5
21/4
11/2
23/4
6
25/4
13/2
27/4
7
29/4
15/2
31/4
8
33/4
17/2
35/4
9
37/4
19/2
39/4
10

Dimensions > 0:
(0, 0, 7)
(0, 1, 5)
(0, 2, 4)
(0, 3, 3)
(0, 4, 2)
(0, 5, 2)
(0, 6, 2)
(0, 7, 2)
(0, 8, 1)
(0, 9, 1)
(0, 10, 1)
(0, 11, 1)
(0, 12, 1)
(0, 13, 1)
(0, 14, 1)
(0, 15, 1)
(0, 16, 1)
(0, 17, 1)
(0, 18, 1)
(0, 19, 1)
(0, 20, 1)
(0, 21, 1)
(0, 22, 1)
(0, 23, 1)
(0, 24, 1)
(0, 25, 1)
(0, 26, 1)
(0, 27, 1)
(0, 28, 1)
(0, 29, 1)
(0, 30, 1)
(0, 31, 1)
(0, 32, 1)
(0, 33, 1)
(0, 34, 1)
(0, 35, 1)
(0, 36, 1)
(0, 37, 1)
(0, 38, 1)
(0, 39, 1)

(1, 0, 12)
(1, 1, 10)
(1, 2, 9)
(1, 3, 7)
(1, 4, 6)
(1, 5, 6)
(1, 6, 6)
(1, 7, 6)
(1, 8, 4)
(1, 9, 4)
(1, 10, 4)
(1, 11, 3)
(1, 12, 3)
(1, 13, 3)
(1, 14, 3)
(1, 15, 3)
(1, 16, 3)
(1, 17, 2)
(1, 18, 2)
(1, 19, 2)
(1, 20, 2)
(1, 21, 2)
(1, 22, 2)
(1, 23, 2)
(1, 24, 2)
(1, 25, 2)
(1, 26, 2)
(1, 27, 2)
(1, 28, 2)
(1, 29, 2)
(1, 30, 2)
(1, 31, 2)
(1, 32, 2)
(1, 33, 2)
(1, 34, 2)
(1, 35, 2)
(1, 36, 2)
(1, 37, 2)
(1, 38, 2)
(1, 39, 2)

(2, 0, 28)
(2, 1, 25)
(2, 2, 23)
(2, 3, 17)
(2, 4, 14)
(2, 5, 14)
(2, 6, 11)
(2, 7, 10)
(2, 8, 7)
(2, 9, 6)
(2, 10, 5)
(2, 11, 4)
(2, 12, 4)
(2, 13, 4)
(2, 14, 4)
(2, 15, 4)
(2, 16, 4)
(2, 17, 2)
(2, 18, 2)
(2, 19, 2)
(2, 20, 2)
(2, 21, 2)
(2, 22, 2)
(2, 23, 2)
(2, 24, 2)
(2, 25, 2)
(2, 26, 2)
(2, 27, 2)
(2, 28, 2)
(2, 29, 2)
(2, 30, 2)
(2, 31, 2)
(2, 32, 2)
(2, 33, 2)
(2, 34, 2)
(2, 35, 2)
(2, 36, 2)
(2, 37, 2)
(2, 38, 2)
(2, 39, 2)

(3, 0, 46)
(3, 1, 40)
(3, 2, 34)
(3, 3, 26)
(3, 4, 22)
(3, 5, 20)
(3, 6, 15)
(3, 7, 12)
(3, 8, 9)
(3, 9, 8)
(3, 10, 6)
(3, 11, 4)
(3, 12, 4)
(3, 13, 4)
(3, 14, 3)
(3, 15, 3)
(3, 16, 3)
(3, 17, 1)
(3, 18, 1)
(3, 19, 1)
(3, 20, 1)
(3, 21, 1)
(3, 22, 1)
(3, 23, 1)
(3, 24, 1)
(3, 25, 1)
(3, 26, 1)
(3, 27, 1)
(3, 28, 1)
(3, 29, 1)
(3, 30, 1)
(3, 31, 1)
(3, 32, 1)
(3, 33, 1)
(3, 34, 1)
(3, 35, 1)
(3, 36, 1)
(3, 37, 1)
(3, 38, 1)
(3, 39, 1)

(4, 0, 51)
(4, 1, 45)
(4, 2, 39)
(4, 3, 31)
(4, 4, 26)
(4, 5, 22)
(4, 6, 17)
(4, 7, 14)
(4, 8, 11)
(4, 9, 8)
(4, 10, 6)
(4, 11, 4)
(4, 12, 4)
(4, 13, 4)
(4, 14, 3)
(4, 15, 3)
(4, 16, 3)
(4, 17, 1)
(4, 18, 1)
(4, 19, 1)
(4, 20, 1)
(4, 21, 1)
(4, 22, 1)
(4, 23, 1)
(4, 24, 1)
(4, 25, 1)
(4, 26, 1)
(4, 27, 1)
(4, 28, 1)
(4, 29, 1)
(4, 30, 1)
(4, 31, 1)
(4, 32, 1)
(4, 33, 1)
(4, 34, 1)
(4, 35, 1)
(4, 36, 1)
(4, 37, 1)
(4, 38, 1)
(4, 39, 1)

(5, 0, 55)
(5, 1, 49)
(5, 2, 42)
(5, 3, 34)
(5, 4, 28)
(5, 5, 24)
(5, 6, 18)
(5, 7, 15)
(5, 8, 12)
(5, 9, 9)
(5, 10, 7)
(5, 11, 5)
(5, 12, 5)
(5, 13, 5)
(5, 14, 4)
(5, 15, 4)
(5, 16, 3)
(5, 17, 1)
(5, 18, 1)
(5, 19, 1)
(5, 20, 1)
(5, 21, 1)
(5, 22, 1)
(5, 23, 1)
(5, 24, 1)
(5, 25, 1)
(5, 26, 1)
(5, 27, 1)
(5, 28, 1)
(5, 29, 1)
(5, 30, 1)
(5, 31, 1)
(5, 32, 1)
(5, 33, 1)
(5, 34, 1)
(5, 35, 1)
(5, 36, 1)
(5, 37, 1)
(5, 38, 1)
(5, 39, 1)

(6, 0, 65)
(6, 1, 58)
(6, 2, 48)
(6, 3, 39)
(6, 4, 32)
(6, 5, 27)
(6, 6, 21)
(6, 7, 18)
(6, 8, 15)
(6, 9, 12)
(6, 10, 10)
(6, 11, 8)
(6, 12, 8)
(6, 13, 8)
(6, 14, 7)
(6, 15, 7)
(6, 16, 6)
(6, 17, 4)
(6, 18, 4)
(6, 19, 4)
(6, 20, 4)
(6, 21, 4)
(6, 22, 4)
(6, 23, 4)
(6, 24, 4)
(6, 25, 3)
(6, 26, 3)
(6, 27, 3)
(6, 28, 3)
(6, 29, 3)
(6, 30, 3)
(6, 31, 3)
(6, 32, 3)
(6, 33, 3)
(6, 34, 3)
(6, 35, 3)
(6, 36, 3)
(6, 37, 3)
(6, 38, 3)
(6, 39, 2)

(7, 0, 91)
(7, 1, 77)
(7, 2, 63)
(7, 3, 52)
(7, 4, 43)
(7, 5, 36)
(7, 6, 28)
(7, 7, 25)
(7, 8, 19)
(7, 9, 16)
(7, 10, 14)
(7, 11, 11)
(7, 12, 11)
(7, 13, 11)
(7, 14, 10)
(7, 15, 8)
(7, 16, 7)
(7, 17, 5)
(7, 18, 5)
(7, 19, 5)
(7, 20, 5)
(7, 21, 5)
(7, 22, 5)
(7, 23, 5)
(7, 24, 5)
(7, 25, 4)
(7, 26, 4)
(7, 27, 4)
(7, 28, 4)
(7, 29, 4)
(7, 30, 4)
(7, 31, 4)
(7, 32, 4)
(7, 33, 4)
(7, 34, 4)
(7, 35, 4)
(7, 36, 4)
(7, 37, 4)
(7, 38, 4)
(7, 39, 3)

(8, 0, 117)
(8, 1, 100)
(8, 2, 80)
(8, 3, 67)
(8, 4, 52)
(8, 5, 44)
(8, 6, 36)
(8, 7, 31)
(8, 8, 24)
(8, 9, 20)
(8, 10, 17)
(8, 11, 13)
(8, 12, 13)
(8, 13, 13)
(8, 14, 11)
(8, 15, 8)
(8, 16, 7)
(8, 17, 5)
(8, 18, 5)
(8, 19, 5)
(8, 20, 4)
(8, 21, 4)
(8, 22, 4)
(8, 23, 4)
(8, 24, 4)
(8, 25, 3)
(8, 26, 3)
(8, 27, 3)
(8, 28, 3)
(8, 29, 3)
(8, 30, 3)
(8, 31, 3)
(8, 32, 3)
(8, 33, 3)
(8, 34, 3)
(8, 35, 3)
(8, 36, 3)
(8, 37, 3)
(8, 38, 3)
(8, 39, 2)

(9, 0, 135)
(9, 1, 113)
(9, 2, 90)
(9, 3, 76)
(9, 4, 60)
(9, 5, 52)
(9, 6, 44)
(9, 7, 38)
(9, 8, 31)
(9, 9, 26)
(9, 10, 22)
(9, 11, 16)
(9, 12, 16)
(9, 13, 16)
(9, 14, 14)
(9, 15, 11)
(9, 16, 9)
(9, 17, 7)
(9, 18, 6)
(9, 19, 6)
(9, 20, 5)
(9, 21, 5)
(9, 22, 5)
(9, 23, 5)
(9, 24, 5)
(9, 25, 4)
(9, 26, 3)
(9, 27, 3)
(9, 28, 3)
(9, 29, 3)
(9, 30, 3)
(9, 31, 3)
(9, 32, 3)
(9, 33, 3)
(9, 34, 3)
(9, 35, 3)
(9, 36, 3)
(9, 37, 3)
(9, 38, 3)
(9, 39, 2)

(10, 0, 157)
(10, 1, 131)
(10, 2, 100)
(10, 3, 85)
(10, 4, 67)
(10, 5, 59)
(10, 6, 51)
(10, 7, 44)
(10, 8, 35)
(10, 9, 28)
(10, 10, 24)
(10, 11, 17)
(10, 12, 17)
(10, 13, 17)
(10, 14, 15)
(10, 15, 12)
(10, 16, 10)
(10, 17, 8)
(10, 18, 6)
(10, 19, 6)
(10, 20, 5)
(10, 21, 5)
(10, 22, 5)
(10, 23, 5)
(10, 24, 5)
(10, 25, 4)
(10, 26, 3)
(10, 27, 3)
(10, 28, 3)
(10, 29, 3)
(10, 30, 3)
(10, 31, 3)
(10, 32, 3)
(10, 33, 3)
(10, 34, 3)
(10, 35, 2)
(10, 36, 2)
(10, 37, 2)
(10, 38, 2)
(10, 39, 1)

(11, 0, 169)
(11, 1, 143)
(11, 2, 112)
(11, 3, 94)
(11, 4, 74)
(11, 5, 66)
(11, 6, 58)
(11, 7, 51)
(11, 8, 40)
(11, 9, 33)
(11, 10, 29)
(11, 11, 22)
(11, 12, 21)
(11, 13, 21)
(11, 14, 17)
(11, 15, 13)
(11, 16, 11)
(11, 17, 9)
(11, 18, 6)
(11, 19, 6)
(11, 20, 5)
(11, 21, 5)
(11, 22, 5)
(11, 23, 5)
(11, 24, 5)
(11, 25, 4)
(11, 26, 3)
(11, 27, 3)
(11, 28, 3)
(11, 29, 3)
(11, 30, 3)
(11, 31, 2)
(11, 32, 2)
(11, 33, 2)
(11, 34, 2)
(11, 35, 2)
(11, 36, 2)
(11, 37, 2)
(11, 38, 2)
(11, 39, 1)

(12, 0, 180)
(12, 1, 154)
(12, 2, 123)
(12, 3, 104)
(12, 4, 83)
(12, 5, 75)
(12, 6, 67)
(12, 7, 59)
(12, 8, 48)
(12, 9, 40)
(12, 10, 35)
(12, 11, 27)
(12, 12, 24)
(12, 13, 23)
(12, 14, 19)
(12, 15, 16)
(12, 16, 14)
(12, 17, 12)
(12, 18, 8)
(12, 19, 8)
(12, 20, 7)
(12, 21, 7)
(12, 22, 5)
(12, 23, 5)
(12, 24, 5)
(12, 25, 4)
(12, 26, 3)
(12, 27, 3)
(12, 28, 3)
(12, 29, 3)
(12, 30, 3)
(12, 31, 3)
(12, 32, 3)
(12, 33, 3)
(12, 34, 3)
(12, 35, 3)
(12, 36, 3)
(12, 37, 3)
(12, 38, 3)
(12, 39, 2)

(13, 0, 199)
(13, 1, 171)
(13, 2, 140)
(13, 3, 121)
(13, 4, 99)
(13, 5, 89)
(13, 6, 80)
(13, 7, 72)
(13, 8, 60)
(13, 9, 49)
(13, 10, 43)
(13, 11, 34)
(13, 12, 31)
(13, 13, 30)
(13, 14, 26)
(13, 15, 21)
(13, 16, 17)
(13, 17, 15)
(13, 18, 11)
(13, 19, 11)
(13, 20, 9)
(13, 21, 9)
(13, 22, 7)
(13, 23, 6)
(13, 24, 6)
(13, 25, 5)
(13, 26, 4)
(13, 27, 4)
(13, 28, 4)
(13, 29, 3)
(13, 30, 3)
(13, 31, 3)
(13, 32, 3)
(13, 33, 3)
(13, 34, 3)
(13, 35, 3)
(13, 36, 3)
(13, 37, 3)
(13, 38, 3)
(13, 39, 2)

(14, 0, 225)
(14, 1, 192)
(14, 2, 159)
(14, 3, 138)
(14, 4, 115)
(14, 5, 103)
(14, 6, 93)
(14, 7, 83)
(14, 8, 70)
(14, 9, 58)
(14, 10, 51)
(14, 11, 41)
(14, 12, 37)
(14, 13, 35)
(14, 14, 30)
(14, 15, 25)
(14, 16, 18)
(14, 17, 16)
(14, 18, 12)
(14, 19, 12)
(14, 20, 10)
(14, 21, 10)
(14, 22, 8)
(14, 23, 7)
(14, 24, 7)
(14, 25, 6)
(14, 26, 5)
(14, 27, 5)
(14, 28, 5)
(14, 29, 4)
(14, 30, 4)
(14, 31, 4)
(14, 32, 4)
(14, 33, 4)
(14, 34, 4)
(14, 35, 4)
(14, 36, 4)
(14, 37, 4)
(14, 38, 4)
(14, 39, 3)

(15, 0, 260)
(15, 1, 223)
(15, 2, 189)
(15, 3, 165)
(15, 4, 139)
(15, 5, 126)
(15, 6, 113)
(15, 7, 101)
(15, 8, 85)
(15, 9, 72)
(15, 10, 63)
(15, 11, 52)
(15, 12, 47)
(15, 13, 44)
(15, 14, 38)
(15, 15, 31)
(15, 16, 24)
(15, 17, 21)
(15, 18, 17)
(15, 19, 15)
(15, 20, 14)
(15, 21, 14)
(15, 22, 12)
(15, 23, 11)
(15, 24, 11)
(15, 25, 10)
(15, 26, 8)
(15, 27, 8)
(15, 28, 7)
(15, 29, 6)
(15, 30, 6)
(15, 31, 6)
(15, 32, 6)
(15, 33, 6)
(15, 34, 6)
(15, 35, 6)
(15, 36, 6)
(15, 37, 6)
(15, 38, 6)
(15, 39, 5)

(16, 0, 316)
(16, 1, 265)
(16, 2, 223)
(16, 3, 196)
(16, 4, 164)
(16, 5, 146)
(16, 6, 128)
(16, 7, 112)
(16, 8, 92)
(16, 9, 79)
(16, 10, 70)
(16, 11, 58)
(16, 12, 53)
(16, 13, 49)
(16, 14, 43)
(16, 15, 35)
(16, 16, 28)
(16, 17, 25)
(16, 18, 19)
(16, 19, 17)
(16, 20, 12)
(16, 21, 12)
(16, 22, 9)
(16, 23, 8)
(16, 24, 8)
(16, 25, 8)
(16, 26, 7)
(16, 27, 7)
(16, 28, 7)
(16, 29, 6)
(16, 30, 6)
(16, 31, 6)
(16, 32, 6)
(16, 33, 6)
(16, 34, 6)
(16, 35, 6)
(16, 36, 6)
(16, 37, 6)
(16, 38, 5)
(16, 39, 4)

(17, 0, 358)
(17, 1, 304)
(17, 2, 259)
(17, 3, 232)
(17, 4, 193)
(17, 5, 172)
(17, 6, 151)
(17, 7, 132)
(17, 8, 108)
(17, 9, 91)
(17, 10, 78)
(17, 11, 63)
(17, 12, 57)
(17, 13, 52)
(17, 14, 44)
(17, 15, 34)
(17, 16, 26)
(17, 17, 23)
(17, 18, 19)
(17, 19, 18)
(17, 20, 14)
(17, 21, 14)
(17, 22, 12)
(17, 23, 11)
(17, 24, 11)
(17, 25, 10)
(17, 26, 9)
(17, 27, 9)
(17, 28, 9)
(17, 29, 8)
(17, 30, 8)
(17, 31, 8)
(17, 32, 8)
(17, 33, 8)
(17, 34, 8)
(17, 35, 7)
(17, 36, 7)
(17, 37, 7)
(17, 38, 6)
(17, 39, 4)

(18, 0, 418)
(18, 1, 362)
(18, 2, 313)
(18, 3, 279)
(18, 4, 233)
(18, 5, 206)
(18, 6, 177)
(18, 7, 156)
(18, 8, 125)
(18, 9, 103)
(18, 10, 86)
(18, 11, 71)
(18, 12, 60)
(18, 13, 54)
(18, 14, 44)
(18, 15, 35)
(18, 16, 29)
(18, 17, 26)
(18, 18, 22)
(18, 19, 21)
(18, 20, 16)
(18, 21, 16)
(18, 22, 13)
(18, 23, 11)
(18, 24, 11)
(18, 25, 11)
(18, 26, 9)
(18, 27, 9)
(18, 28, 9)
(18, 29, 7)
(18, 30, 7)
(18, 31, 7)
(18, 32, 7)
(18, 33, 7)
(18, 34, 7)
(18, 35, 7)
(18, 36, 7)
(18, 37, 7)
(18, 38, 6)
(18, 39, 4)

(19, 0, 482)
(19, 1, 420)
(19, 2, 366)
(19, 3, 326)
(19, 4, 272)
(19, 5, 239)
(19, 6, 199)
(19, 7, 172)
(19, 8, 137)
(19, 9, 113)
(19, 10, 91)
(19, 11, 76)
(19, 12, 62)
(19, 13, 56)
(19, 14, 46)
(19, 15, 37)
(19, 16, 29)
(19, 17, 26)
(19, 18, 21)
(19, 19, 20)
(19, 20, 15)
(19, 21, 15)
(19, 22, 12)
(19, 23, 11)
(19, 24, 11)
(19, 25, 11)
(19, 26, 9)
(19, 27, 9)
(19, 28, 9)
(19, 29, 7)
(19, 30, 7)
(19, 31, 7)
(19, 32, 7)
(19, 33, 7)
(19, 34, 7)
(19, 35, 7)
(19, 36, 7)
(19, 37, 7)
(19, 38, 5)
(19, 39, 3)

(20, 0, 525)
(20, 1, 460)
(20, 2, 406)
(20, 3, 360)
(20, 4, 300)
(20, 5, 254)
(20, 6, 212)
(20, 7, 184)
(20, 8, 146)
(20, 9, 120)
(20, 10, 94)
(20, 11, 76)
(20, 12, 64)
(20, 13, 56)
(20, 14, 46)
(20, 15, 37)
(20, 16, 29)
(20, 17, 26)
(20, 18, 21)
(20, 19, 19)
(20, 20, 15)
(20, 21, 14)
(20, 22, 11)
(20, 23, 11)
(20, 24, 11)
(20, 25, 11)
(20, 26, 9)
(20, 27, 9)
(20, 28, 9)
(20, 29, 7)
(20, 30, 7)
(20, 31, 7)
(20, 32, 7)
(20, 33, 7)
(20, 34, 7)
(20, 35, 7)
(20, 36, 7)
(20, 37, 7)
(20, 38, 5)
(20, 39, 3)

(21, 0, 569)
(21, 1, 503)
(21, 2, 446)
(21, 3, 394)
(21, 4, 326)
(21, 5, 276)
(21, 6, 230)
(21, 7, 202)
(21, 8, 161)
(21, 9, 131)
(21, 10, 100)
(21, 11, 81)
(21, 12, 64)
(21, 13, 56)
(21, 14, 46)
(21, 15, 36)
(21, 16, 29)
(21, 17, 26)
(21, 18, 20)
(21, 19, 17)
(21, 20, 13)
(21, 21, 13)
(21, 22, 11)
(21, 23, 11)
(21, 24, 11)
(21, 25, 11)
(21, 26, 9)
(21, 27, 9)
(21, 28, 9)
(21, 29, 7)
(21, 30, 7)
(21, 31, 7)
(21, 32, 7)
(21, 33, 7)
(21, 34, 7)
(21, 35, 7)
(21, 36, 7)
(21, 37, 7)
(21, 38, 5)
(21, 39, 3)

(22, 0, 589)
(22, 1, 521)
(22, 2, 462)
(22, 3, 406)
(22, 4, 332)
(22, 5, 281)
(22, 6, 236)
(22, 7, 206)
(22, 8, 164)
(22, 9, 132)
(22, 10, 102)
(22, 11, 83)
(22, 12, 63)
(22, 13, 55)
(22, 14, 45)
(22, 15, 36)
(22, 16, 29)
(22, 17, 26)
(22, 18, 20)
(22, 19, 17)
(22, 20, 13)
(22, 21, 13)
(22, 22, 11)
(22, 23, 11)
(22, 24, 11)
(22, 25, 11)
(22, 26, 9)
(22, 27, 9)
(22, 28, 9)
(22, 29, 7)
(22, 30, 7)
(22, 31, 7)
(22, 32, 7)
(22, 33, 7)
(22, 34, 7)
(22, 35, 7)
(22, 36, 7)
(22, 37, 7)
(22, 38, 5)
(22, 39, 3)

(23, 0, 600)
(23, 1, 532)
(23, 2, 471)
(23, 3, 414)
(23, 4, 341)
(23, 5, 290)
(23, 6, 244)
(23, 7, 212)
(23, 8, 168)
(23, 9, 135)
(23, 10, 105)
(23, 11, 87)
(23, 12, 65)
(23, 13, 58)
(23, 14, 48)
(23, 15, 38)
(23, 16, 31)
(23, 17, 27)
(23, 18, 21)
(23, 19, 18)
(23, 20, 13)
(23, 21, 13)
(23, 22, 11)
(23, 23, 11)
(23, 24, 11)
(23, 25, 11)
(23, 26, 9)
(23, 27, 9)
(23, 28, 9)
(23, 29, 7)
(23, 30, 7)
(23, 31, 7)
(23, 32, 7)
(23, 33, 7)
(23, 34, 7)
(23, 35, 7)
(23, 36, 7)
(23, 37, 7)
(23, 38, 5)
(23, 39, 3)

(24, 0, 614)
(24, 1, 546)
(24, 2, 483)
(24, 3, 423)
(24, 4, 350)
(24, 5, 298)
(24, 6, 251)
(24, 7, 218)
(24, 8, 172)
(24, 9, 138)
(24, 10, 108)
(24, 11, 88)
(24, 12, 66)
(24, 13, 59)
(24, 14, 49)
(24, 15, 39)
(24, 16, 31)
(24, 17, 27)
(24, 18, 21)
(24, 19, 18)
(24, 20, 13)
(24, 21, 13)
(24, 22, 11)
(24, 23, 11)
(24, 24, 11)
(24, 25, 11)
(24, 26, 9)
(24, 27, 9)
(24, 28, 9)
(24, 29, 7)
(24, 30, 7)
(24, 31, 7)
(24, 32, 7)
(24, 33, 7)
(24, 34, 7)
(24, 35, 7)
(24, 36, 7)
(24, 37, 7)
(24, 38, 5)
(24, 39, 3)

(25, 0, 629)
(25, 1, 561)
(25, 2, 497)
(25, 3, 436)
(25, 4, 360)
(25, 5, 308)
(25, 6, 261)
(25, 7, 227)
(25, 8, 179)
(25, 9, 145)
(25, 10, 112)
(25, 11, 92)
(25, 12, 70)
(25, 13, 62)
(25, 14, 51)
(25, 15, 40)
(25, 16, 32)
(25, 17, 28)
(25, 18, 22)
(25, 19, 19)
(25, 20, 15)
(25, 21, 15)
(25, 22, 13)
(25, 23, 13)
(25, 24, 13)
(25, 25, 12)
(25, 26, 10)
(25, 27, 10)
(25, 28, 10)
(25, 29, 8)
(25, 30, 8)
(25, 31, 8)
(25, 32, 8)
(25, 33, 8)
(25, 34, 8)
(25, 35, 8)
(25, 36, 8)
(25, 37, 8)
(25, 38, 6)
(25, 39, 4)

(26, 0, 658)
(26, 1, 587)
(26, 2, 520)
(26, 3, 458)
(26, 4, 380)
(26, 5, 321)
(26, 6, 270)
(26, 7, 232)
(26, 8, 185)
(26, 9, 150)
(26, 10, 115)
(26, 11, 94)
(26, 12, 71)
(26, 13, 63)
(26, 14, 52)
(26, 15, 42)
(26, 16, 34)
(26, 17, 30)
(26, 18, 24)
(26, 19, 21)
(26, 20, 17)
(26, 21, 17)
(26, 22, 15)
(26, 23, 15)
(26, 24, 15)
(26, 25, 15)
(26, 26, 13)
(26, 27, 13)
(26, 28, 12)
(26, 29, 10)
(26, 30, 10)
(26, 31, 10)
(26, 32, 10)
(26, 33, 10)
(26, 34, 10)
(26, 35, 10)
(26, 36, 9)
(26, 37, 9)
(26, 38, 7)
(26, 39, 5)

(27, 0, 659)
(27, 1, 588)
(27, 2, 521)
(27, 3, 459)
(27, 4, 381)
(27, 5, 322)
(27, 6, 271)
(27, 7, 233)
(27, 8, 186)
(27, 9, 151)
(27, 10, 116)
(27, 11, 95)
(27, 12, 72)
(27, 13, 64)
(27, 14, 53)
(27, 15, 43)
(27, 16, 35)
(27, 17, 31)
(27, 18, 25)
(27, 19, 22)
(27, 20, 18)
(27, 21, 18)
(27, 22, 16)
(27, 23, 16)
(27, 24, 16)
(27, 25, 16)
(27, 26, 14)
(27, 27, 14)
(27, 28, 13)
(27, 29, 11)
(27, 30, 11)
(27, 31, 11)
(27, 32, 11)
(27, 33, 11)
(27, 34, 11)
(27, 35, 11)
(27, 36, 10)
(27, 37, 10)
(27, 38, 8)
(27, 39, 6)

(28, 0, 662)
(28, 1, 591)
(28, 2, 524)
(28, 3, 462)
(28, 4, 384)
(28, 5, 325)
(28, 6, 274)
(28, 7, 236)
(28, 8, 189)
(28, 9, 154)
(28, 10, 119)
(28, 11, 98)
(28, 12, 75)
(28, 13, 67)
(28, 14, 56)
(28, 15, 46)
(28, 16, 38)
(28, 17, 33)
(28, 18, 27)
(28, 19, 24)
(28, 20, 20)
(28, 21, 20)
(28, 22, 18)
(28, 23, 18)
(28, 24, 18)
(28, 25, 18)
(28, 26, 16)
(28, 27, 16)
(28, 28, 15)
(28, 29, 13)
(28, 30, 13)
(28, 31, 13)
(28, 32, 13)
(28, 33, 12)
(28, 34, 12)
(28, 35, 12)
(28, 36, 11)
(28, 37, 11)
(28, 38, 9)
(28, 39, 7)

(29, 0, 671)
(29, 1, 597)
(29, 2, 530)
(29, 3, 466)
(29, 4, 388)
(29, 5, 328)
(29, 6, 277)
(29, 7, 239)
(29, 8, 191)
(29, 9, 156)
(29, 10, 121)
(29, 11, 100)
(29, 12, 77)
(29, 13, 69)
(29, 14, 58)
(29, 15, 48)
(29, 16, 40)
(29, 17, 35)
(29, 18, 29)
(29, 19, 26)
(29, 20, 21)
(29, 21, 21)
(29, 22, 19)
(29, 23, 19)
(29, 24, 19)
(29, 25, 19)
(29, 26, 17)
(29, 27, 17)
(29, 28, 16)
(29, 29, 14)
(29, 30, 14)
(29, 31, 14)
(29, 32, 14)
(29, 33, 12)
(29, 34, 12)
(29, 35, 12)
(29, 36, 11)
(29, 37, 11)
(29, 38, 9)
(29, 39, 7)

(30, 0, 701)
(30, 1, 616)
(30, 2, 544)
(30, 3, 475)
(30, 4, 394)
(30, 5, 334)
(30, 6, 283)
(30, 7, 242)
(30, 8, 195)
(30, 9, 160)
(30, 10, 125)
(30, 11, 104)
(30, 12, 81)
(30, 13, 73)
(30, 14, 62)
(30, 15, 52)
(30, 16, 43)
(30, 17, 38)
(30, 18, 32)
(30, 19, 29)
(30, 20, 24)
(30, 21, 24)
(30, 22, 22)
(30, 23, 22)
(30, 24, 22)
(30, 25, 22)
(30, 26, 20)
(30, 27, 20)
(30, 28, 19)
(30, 29, 17)
(30, 30, 17)
(30, 31, 17)
(30, 32, 17)
(30, 33, 15)
(30, 34, 15)
(30, 35, 15)
(30, 36, 14)
(30, 37, 14)
(30, 38, 12)
(30, 39, 10)

(31, 0, 758)
(31, 1, 661)
(31, 2, 585)
(31, 3, 501)
(31, 4, 411)
(31, 5, 344)
(31, 6, 291)
(31, 7, 249)
(31, 8, 199)
(31, 9, 164)
(31, 10, 126)
(31, 11, 104)
(31, 12, 81)
(31, 13, 73)
(31, 14, 62)
(31, 15, 52)
(31, 16, 43)
(31, 17, 38)
(31, 18, 32)
(31, 19, 29)
(31, 20, 24)
(31, 21, 24)
(31, 22, 22)
(31, 23, 22)
(31, 24, 22)
(31, 25, 22)
(31, 26, 20)
(31, 27, 20)
(31, 28, 19)
(31, 29, 17)
(31, 30, 17)
(31, 31, 17)
(31, 32, 17)
(31, 33, 15)
(31, 34, 15)
(31, 35, 15)
(31, 36, 14)
(31, 37, 14)
(31, 38, 12)
(31, 39, 10)

(32, 0, 788)
(32, 1, 682)
(32, 2, 604)
(32, 3, 513)
(32, 4, 418)
(32, 5, 350)
(32, 6, 294)
(32, 7, 249)
(32, 8, 198)
(32, 9, 162)
(32, 10, 126)
(32, 11, 104)
(32, 12, 81)
(32, 13, 73)
(32, 14, 62)
(32, 15, 52)
(32, 16, 43)
(32, 17, 38)
(32, 18, 32)
(32, 19, 29)
(32, 20, 24)
(32, 21, 24)
(32, 22, 22)
(32, 23, 22)
(32, 24, 22)
(32, 25, 22)
(32, 26, 20)
(32, 27, 20)
(32, 28, 19)
(32, 29, 17)
(32, 30, 17)
(32, 31, 17)
(32, 32, 17)
(32, 33, 15)
(32, 34, 15)
(32, 35, 15)
(32, 36, 14)
(32, 37, 14)
(32, 38, 12)
(32, 39, 10)

(33, 0, 803)
(33, 1, 696)
(33, 2, 615)
(33, 3, 522)
(33, 4, 426)
(33, 5, 358)
(33, 6, 300)
(33, 7, 252)
(33, 8, 201)
(33, 9, 165)
(33, 10, 129)
(33, 11, 107)
(33, 12, 84)
(33, 13, 76)
(33, 14, 64)
(33, 15, 54)
(33, 16, 45)
(33, 17, 40)
(33, 18, 34)
(33, 19, 31)
(33, 20, 26)
(33, 21, 26)
(33, 22, 24)
(33, 23, 24)
(33, 24, 24)
(33, 25, 24)
(33, 26, 22)
(33, 27, 22)
(33, 28, 21)
(33, 29, 19)
(33, 30, 19)
(33, 31, 19)
(33, 32, 19)
(33, 33, 17)
(33, 34, 17)
(33, 35, 16)
(33, 36, 15)
(33, 37, 15)
(33, 38, 13)
(33, 39, 11)

(34, 0, 823)
(34, 1, 714)
(34, 2, 629)
(34, 3, 534)
(34, 4, 437)
(34, 5, 366)
(34, 6, 307)
(34, 7, 258)
(34, 8, 206)
(34, 9, 167)
(34, 10, 130)
(34, 11, 108)
(34, 12, 85)
(34, 13, 76)
(34, 14, 64)
(34, 15, 54)
(34, 16, 46)
(34, 17, 41)
(34, 18, 35)
(34, 19, 32)
(34, 20, 26)
(34, 21, 26)
(34, 22, 24)
(34, 23, 24)
(34, 24, 24)
(34, 25, 24)
(34, 26, 22)
(34, 27, 22)
(34, 28, 21)
(34, 29, 19)
(34, 30, 19)
(34, 31, 19)
(34, 32, 19)
(34, 33, 17)
(34, 34, 17)
(34, 35, 16)
(34, 36, 15)
(34, 37, 15)
(34, 38, 13)
(34, 39, 11)

(35, 0, 845)
(35, 1, 731)
(35, 2, 644)
(35, 3, 544)
(35, 4, 446)
(35, 5, 369)
(35, 6, 310)
(35, 7, 260)
(35, 8, 207)
(35, 9, 167)
(35, 10, 128)
(35, 11, 106)
(35, 12, 83)
(35, 13, 74)
(35, 14, 63)
(35, 15, 53)
(35, 16, 45)
(35, 17, 40)
(35, 18, 34)
(35, 19, 31)
(35, 20, 26)
(35, 21, 26)
(35, 22, 24)
(35, 23, 24)
(35, 24, 24)
(35, 25, 24)
(35, 26, 22)
(35, 27, 22)
(35, 28, 21)
(35, 29, 19)
(35, 30, 19)
(35, 31, 19)
(35, 32, 19)
(35, 33, 17)
(35, 34, 17)
(35, 35, 16)
(35, 36, 15)
(35, 37, 15)
(35, 38, 13)
(35, 39, 11)

(36, 0, 859)
(36, 1, 745)
(36, 2, 655)
(36, 3, 553)
(36, 4, 452)
(36, 5, 375)
(36, 6, 312)
(36, 7, 261)
(36, 8, 208)
(36, 9, 168)
(36, 10, 128)
(36, 11, 105)
(36, 12, 82)
(36, 13, 74)
(36, 14, 63)
(36, 15, 53)
(36, 16, 45)
(36, 17, 40)
(36, 18, 34)
(36, 19, 31)
(36, 20, 26)
(36, 21, 26)
(36, 22, 24)
(36, 23, 24)
(36, 24, 24)
(36, 25, 24)
(36, 26, 22)
(36, 27, 22)
(36, 28, 21)
(36, 29, 19)
(36, 30, 19)
(36, 31, 19)
(36, 32, 19)
(36, 33, 17)
(36, 34, 17)
(36, 35, 16)
(36, 36, 15)
(36, 37, 15)
(36, 38, 13)
(36, 39, 11)

(37, 0, 872)
(37, 1, 756)
(37, 2, 665)
(37, 3, 563)
(37, 4, 460)
(37, 5, 381)
(37, 6, 317)
(37, 7, 265)
(37, 8, 209)
(37, 9, 169)
(37, 10, 128)
(37, 11, 105)
(37, 12, 82)
(37, 13, 74)
(37, 14, 63)
(37, 15, 53)
(37, 16, 45)
(37, 17, 40)
(37, 18, 34)
(37, 19, 31)
(37, 20, 26)
(37, 21, 26)
(37, 22, 24)
(37, 23, 24)
(37, 24, 24)
(37, 25, 24)
(37, 26, 22)
(37, 27, 22)
(37, 28, 21)
(37, 29, 19)
(37, 30, 19)
(37, 31, 19)
(37, 32, 19)
(37, 33, 17)
(37, 34, 17)
(37, 35, 16)
(37, 36, 15)
(37, 37, 15)
(37, 38, 13)
(37, 39, 11)

(38, 0, 895)
(38, 1, 773)
(38, 2, 681)
(38, 3, 578)
(38, 4, 468)
(38, 5, 387)
(38, 6, 321)
(38, 7, 266)
(38, 8, 209)
(38, 9, 169)
(38, 10, 129)
(38, 11, 105)
(38, 12, 82)
(38, 13, 74)
(38, 14, 63)
(38, 15, 53)
(38, 16, 45)
(38, 17, 40)
(38, 18, 34)
(38, 19, 31)
(38, 20, 26)
(38, 21, 26)
(38, 22, 24)
(38, 23, 24)
(38, 24, 24)
(38, 25, 24)
(38, 26, 22)
(38, 27, 22)
(38, 28, 21)
(38, 29, 19)
(38, 30, 19)
(38, 31, 19)
(38, 32, 19)
(38, 33, 17)
(38, 34, 17)
(38, 35, 16)
(38, 36, 15)
(38, 37, 15)
(38, 38, 13)
(38, 39, 11)

(39, 0, 915)
(39, 1, 790)
(39, 2, 696)
(39, 3, 587)
(39, 4, 471)
(39, 5, 388)
(39, 6, 321)
(39, 7, 265)
(39, 8, 208)
(39, 9, 167)
(39, 10, 128)
(39, 11, 105)
(39, 12, 82)
(39, 13, 74)
(39, 14, 63)
(39, 15, 53)
(39, 16, 45)
(39, 17, 40)
(39, 18, 34)
(39, 19, 31)
(39, 20, 26)
(39, 21, 26)
(39, 22, 24)
(39, 23, 24)
(39, 24, 24)
(39, 25, 24)
(39, 26, 22)
(39, 27, 22)
(39, 28, 21)
(39, 29, 19)
(39, 30, 19)
(39, 31, 19)
(39, 32, 19)
(39, 33, 17)
(39, 34, 17)
(39, 35, 16)
(39, 36, 15)
(39, 37, 15)
(39, 38, 13)
(39, 39, 11)


Betti numbers:
xi_0:
(0, 0, 7)
(1, 0, 5)
(2, 0, 16)
(3, 0, 18)
(4, 0, 5)
(5, 0, 4)
(6, 0, 10)
(7, 0, 26)
(8, 0, 26)
(9, 0, 18)
(10, 0, 22)
(11, 0, 12)
(12, 0, 11)
(13, 0, 19)
(14, 0, 26)
(15, 0, 35)
(16, 0, 56)
(17, 0, 42)
(18, 0, 60)
(19, 0, 64)
(20, 0, 43)
(21, 0, 44)
(22, 0, 20)
(23, 0, 11)
(24, 0, 14)
(25, 0, 15)
(26, 0, 29)
(27, 0, 1)
(28, 0, 3)
(29, 0, 9)
(30, 0, 30)
(31, 0, 57)
(32, 0, 30)
(33, 0, 15)
(34, 0, 20)
(35, 0, 22)
(36, 0, 14)
(37, 0, 13)
(38, 0, 23)
(39, 0, 20)
xi_1:
(0, 1, 2)
(0, 2, 1)
(0, 3, 1)
(0, 4, 1)
(0, 8, 1)
(1, 3, 1)
(1, 8, 1)
(1, 11, 1)
(1, 17, 1)
(2, 1, 1)
(2, 2, 1)
(2, 3, 4)
(2, 4, 2)
(2, 6, 3)
(2, 7, 1)
(2, 8, 1)
(2, 9, 1)
(2, 10, 1)
(2, 17, 1)
(3, 1, 3)
(3, 2, 4)
(3, 3, 2)
(3, 4, 1)
(3, 5, 2)
(3, 6, 2)
(3, 7, 2)
(3, 10, 1)
(3, 11, 1)
(3, 14, 1)
(4, 4, 1)
(4, 5, 2)
(4, 9, 2)
(5, 2, 1)
(5, 4, 1)
(5, 6, 1)
(5, 16, 1)
(6, 1, 1)
(6, 2, 3)
(6, 3, 1)
(6, 4, 1)
(6, 5, 1)
(6, 25, 1)
(6, 39, 1)
(7, 1, 7)
(7, 2, 4)
(7, 3, 2)
(7, 4, 2)
(7, 5, 2)
(7, 6, 2)
(7, 8, 3)
(7, 11, 1)
(7, 15, 2)
(8, 1, 3)
(8, 2, 6)
(8, 3, 2)
(8, 4, 6)
(8, 5, 1)
(8, 7, 2)
(8, 8, 1)
(8, 9, 1)
(8, 10, 1)
(8, 11, 1)
(8, 14, 1)
(8, 15, 1)
(8, 20, 1)
(9, 1, 5)
(9, 2, 3)
(9, 3, 1)
(9, 4, 1)
(9, 7, 1)
(9, 9, 1)
(9, 10, 1)
(9, 11, 2)
(9, 15, 1)
(9, 16, 1)
(9, 18, 1)
(9, 26, 1)
(10, 1, 4)
(10, 2, 8)
(10, 3, 1)
(10, 4, 2)
(10, 7, 1)
(10, 8, 2)
(10, 9, 2)
(10, 11, 1)
(10, 18, 1)
(10, 35, 1)
(11, 3, 3)
(11, 4, 2)
(11, 8, 2)
(11, 12, 1)
(11, 14, 2)
(11, 15, 1)
(11, 18, 1)
(11, 31, 1)
(12, 3, 1)
(12, 4, 1)
(12, 7, 1)
(12, 9, 1)
(12, 10, 1)
(12, 11, 1)
(12, 12, 2)
(12, 13, 1)
(12, 18, 1)
(12, 22, 2)
(13, 1, 2)
(13, 4, 1)
(13, 5, 2)
(13, 6, 1)
(13, 8, 1)
(13, 9, 3)
(13, 10, 1)
(13, 11, 1)
(13, 12, 1)
(13, 13, 1)
(13, 15, 2)
(13, 16, 2)
(13, 18, 1)
(13, 20, 1)
(13, 22, 1)
(13, 23, 1)
(13, 29, 1)
(14, 1, 5)
(14, 2, 2)
(14, 3, 2)
(14, 4, 1)
(14, 5, 2)
(14, 6, 1)
(14, 7, 2)
(14, 8, 1)
(14, 9, 1)
(14, 10, 1)
(14, 11, 1)
(14, 12, 1)
(14, 13, 1)
(14, 14, 1)
(14, 16, 3)
(14, 22, 1)
(15, 1, 4)
(15, 2, 1)
(15, 3, 3)
(15, 4, 3)
(15, 5, 1)
(15, 6, 3)
(15, 7, 2)
(15, 8, 3)
(15, 9, 1)
(15, 10, 2)
(15, 11, 2)
(15, 12, 1)
(15, 13, 2)
(15, 14, 1)
(15, 15, 2)
(15, 16, 1)
(15, 17, 1)
(15, 19, 2)
(15, 26, 1)
(15, 28, 1)
(16, 1, 14)
(16, 2, 8)
(16, 3, 3)
(16, 4, 6)
(16, 5, 5)
(16, 6, 5)
(16, 7, 4)
(16, 8, 5)
(16, 9, 1)
(16, 11, 1)
(16, 13, 1)
(16, 15, 1)
(16, 16, 1)
(16, 18, 2)
(16, 20, 4)
(16, 22, 1)
(16, 38, 1)
(17, 1, 3)
(17, 2, 3)
(17, 4, 7)
(17, 5, 3)
(17, 6, 3)
(17, 7, 3)
(17, 8, 4)
(17, 9, 4)
(17, 10, 4)
(17, 11, 3)
(17, 12, 1)
(17, 13, 1)
(17, 14, 2)
(17, 15, 2)
(17, 16, 2)
(17, 25, 1)
(17, 35, 1)
(17, 39, 1)
(18, 1, 2)
(18, 2, 4)
(18, 3, 7)
(18, 4, 7)
(18, 5, 6)
(18, 6, 8)
(18, 7, 2)
(18, 8, 7)
(18, 9, 6)
(18, 10, 4)
(18, 11, 1)
(18, 12, 5)
(18, 13, 1)
(18, 14, 2)
(18, 20, 1)
(18, 22, 1)
(18, 23, 1)
(18, 26, 1)
(18, 29, 1)
(19, 1, 6)
(19, 2, 5)
(19, 3, 6)
(19, 4, 8)
(19, 5, 6)
(19, 6, 11)
(19, 7, 6)
(19, 8, 5)
(19, 9, 2)
(19, 10, 5)
(19, 11, 1)
(19, 12, 4)
(19, 15, 1)
(19, 16, 3)
(19, 18, 1)
(19, 38, 1)
(20, 1, 3)
(20, 3, 6)
(20, 4, 6)
(20, 5, 13)
(20, 6, 4)
(20, 7, 2)
(20, 8, 4)
(20, 9, 2)
(20, 10, 4)
(20, 11, 3)
(20, 13, 2)
(20, 14, 1)
(20, 16, 1)
(20, 19, 1)
(20, 21, 1)
(21, 1, 1)
(21, 2, 3)
(21, 3, 6)
(21, 4, 8)
(21, 5, 5)
(21, 6, 4)
(21, 8, 3)
(21, 9, 4)
(21, 10, 5)
(21, 11, 2)
(21, 12, 6)
(21, 13, 1)
(21, 15, 1)
(21, 18, 1)
(21, 19, 1)
(22, 1, 2)
(22, 2, 2)
(22, 3, 4)
(22, 4, 6)
(22, 5, 1)
(22, 7, 2)
(22, 8, 1)
(22, 9, 2)
(22, 11, 1)
(22, 12, 3)
(23, 2, 2)
(23, 3, 1)
(23, 6, 1)
(23, 7, 2)
(23, 8, 2)
(23, 9, 1)
(23, 12, 2)
(23, 15, 1)
(23, 17, 1)
(23, 20, 1)
(24, 2, 2)
(24, 3, 3)
(24, 5, 1)
(24, 6, 1)
(24, 7, 1)
(24, 8, 2)
(24, 9, 1)
(24, 11, 2)
(24, 12, 1)
(24, 16, 1)
(25, 2, 1)
(25, 3, 1)
(25, 4, 3)
(25, 7, 1)
(25, 8, 2)
(25, 10, 3)
(25, 11, 1)
(25, 13, 1)
(25, 14, 1)
(25, 15, 1)
(25, 16, 1)
(25, 25, 1)
(26, 1, 3)
(26, 2, 3)
(26, 3, 1)
(26, 4, 2)
(26, 5, 7)
(26, 6, 4)
(26, 7, 4)
(26, 9, 1)
(26, 10, 2)
(26, 11, 1)
(26, 12, 1)
(26, 28, 1)
(26, 36, 1)
(28, 17, 1)
(28, 33, 1)
(29, 1, 3)
(29, 3, 2)
(29, 5, 1)
(29, 8, 1)
(29, 20, 1)
(29, 33, 1)
(30, 1, 11)
(30, 2, 5)
(30, 3, 5)
(30, 4, 3)
(30, 7, 3)
(30, 16, 1)
(31, 1, 12)
(31, 2, 4)
(31, 3, 15)
(31, 4, 9)
(31, 5, 7)
(31, 6, 2)
(31, 7, 1)
(31, 8, 3)
(31, 10, 3)
(31, 11, 1)
(32, 1, 9)
(32, 2, 2)
(32, 3, 7)
(32, 4, 5)
(32, 5, 2)
(32, 6, 4)
(32, 7, 3)
(32, 8, 2)
(32, 9, 1)
(33, 1, 1)
(33, 2, 3)
(33, 3, 2)
(33, 4, 1)
(33, 6, 2)
(33, 7, 3)
(33, 14, 1)
(33, 35, 1)
(34, 1, 2)
(34, 2, 4)
(34, 3, 2)
(34, 4, 1)
(34, 5, 3)
(34, 6, 1)
(34, 7, 1)
(34, 8, 1)
(34, 9, 3)
(34, 10, 1)
(34, 13, 1)
(34, 20, 1)
(35, 1, 5)
(35, 2, 2)
(35, 3, 5)
(35, 4, 1)
(35, 5, 6)
(35, 7, 1)
(35, 8, 1)
(35, 9, 2)
(35, 10, 2)
(36, 2, 3)
(36, 3, 2)
(36, 4, 3)
(36, 6, 4)
(36, 7, 1)
(36, 10, 1)
(36, 11, 1)
(37, 1, 2)
(37, 2, 1)
(37, 4, 2)
(37, 5, 2)
(37, 6, 1)
(37, 7, 1)
(37, 8, 3)
(37, 10, 1)
(38, 1, 6)
(38, 2, 1)
(38, 3, 1)
(38, 4, 7)
(38, 5, 2)
(38, 6, 2)
(38, 7, 3)
(38, 8, 1)
(38, 11, 1)
(39, 1, 3)
(39, 2, 2)
(39, 3, 6)
(39, 4, 6)
(39, 5, 3)
(39, 6, 1)
(39, 7, 1)
(39, 9, 1)
xi_2:
(9, 15, 1)
(11, 35, 1)
(12, 15, 1)
(12, 31, 1)
(13, 12, 1)
(13, 13, 1)
(13, 18, 1)
(13, 22, 1)
(14, 22, 1)
(15, 11, 1)
(15, 13, 1)
(15, 16, 1)
(15, 20, 1)
(16, 8, 1)
(16, 9, 1)
(16, 16, 1)
(16, 25, 1)
(16, 26, 1)
(16, 28, 1)
(17, 16, 1)
(17, 18, 2)
(17, 19, 1)
(17, 20, 1)
(17, 22, 1)
(18, 9, 1)
(18, 11, 1)
(18, 15, 1)
(18, 16, 2)
(18, 25, 1)
(18, 35, 1)
(19, 8, 1)
(19, 11, 1)
(19, 12, 1)
(19, 15, 1)
(19, 16, 1)
(19, 23, 1)
(20, 6, 2)
(20, 7, 1)
(20, 8, 1)
(20, 12, 2)
(20, 14, 1)
(20, 16, 1)
(20, 20, 1)
(20, 23, 1)
(21, 5, 1)
(21, 11, 1)
(21, 12, 1)
(21, 13, 1)
(21, 16, 1)
(21, 21, 1)
(21, 22, 1)
(22, 6, 1)
(22, 10, 1)
(22, 11, 1)
(22, 15, 1)
(23, 4, 1)
(23, 11, 1)
(23, 13, 1)
(24, 12, 1)
(25, 11, 1)
(25, 16, 1)
(25, 20, 1)
(26, 8, 1)
(26, 15, 1)
(26, 25, 1)
(30, 8, 1)
(32, 5, 1)
(32, 6, 1)
(32, 8, 1)
(32, 10, 2)
(34, 16, 1)
(35, 9, 1)
(35, 14, 1)
(35, 20, 1)
(36, 13, 1)
(38, 10, 1)
(39, 5, 1)
(39, 10, 1)
(39, 11, 1)
