x-grades
-47593406987064691/40000000000000000
-23199352121903311/20000000000000000
-45204001500548553/40000000000000000
-11002324689322621/10000000000000000
-8562919202806483/8000000000000000
-20809946635387173/20000000000000000
-40425190527516277/40000000000000000
-1225952743258069/1250000000000000
-38035785041000139/40000000000000000
-3684108229774207/4000000000000000
-35646379554484001/40000000000000000
-8612919202806483/10000000000000000
-33256974067967863/40000000000000000
-16031135662354897/20000000000000000
-1234702743258069/1600000000000000
-3709108229774207/5000000000000000
-28478163094935587/40000000000000000
-13641730175838759/20000000000000000
-26088757608419449/40000000000000000
-1244702743258069/2000000000000000
-23699352121903311/40000000000000000
-11252324689322621/20000000000000000
-21309946635387173/40000000000000000
-1257202743258069/2500000000000000
-3784108229774207/8000000000000000
-8862919202806483/20000000000000000
-16531135662354897/40000000000000000
-3834108229774207/10000000000000000
-14141730175838759/40000000000000000
-1294702743258069/4000000000000000
-11752324689322621/40000000000000000
-1319702743258069/5000000000000000
-9362919202806483/40000000000000000
-4084108229774207/20000000000000000
-1394702743258069/8000000000000000
-1444702743258069/10000000000000000
-4584108229774207/40000000000000000
-1694702743258069/20000000000000000
-2194702743258069/40000000000000000
-1/40

y-grades
8681877/40000000
8681877/20000000
26045631/40000000
8681877/10000000
8681877/8000000
26045631/20000000
60773139/40000000
8681877/5000000
78136893/40000000
8681877/4000000
95500647/40000000
26045631/10000000
112864401/40000000
60773139/20000000
26045631/8000000
8681877/2500000
147591909/40000000
78136893/20000000
164955663/40000000
8681877/2000000
182319417/40000000
95500647/20000000
199683171/40000000
26045631/5000000
8681877/1600000
112864401/20000000
234410679/40000000
60773139/10000000
251774433/40000000
26045631/4000000
269138187/40000000
8681877/1250000
286501941/40000000
147591909/20000000
60773139/8000000
78136893/10000000
321229449/40000000
164955663/20000000
338593203/40000000
8681877/1000000

Dimensions > 0:
(0, 0, 2)
(0, 1, 2)
(0, 2, 2)
(0, 3, 2)
(0, 4, 2)
(0, 5, 1)
(0, 6, 1)
(0, 7, 1)
(0, 8, 1)
(0, 9, 1)
(0, 10, 1)
(0, 11, 1)
(0, 12, 1)
(0, 13, 1)
(0, 14, 1)
(0, 15, 1)
(0, 16, 1)
(0, 17, 1)
(0, 18, 1)
(0, 19, 1)
(0, 20, 1)
(0, 21, 1)
(0, 22, 1)
(0, 23, 1)
(0, 24, 1)
(0, 25, 1)
(0, 26, 1)
(0, 27, 1)
(0, 28, 1)
(0, 29, 1)
(0, 30, 1)
(0, 31, 1)
(0, 32, 1)
(0, 33, 1)
(0, 34, 1)
(0, 35, 1)
(0, 36, 1)
(0, 37, 1)
(0, 38, 1)
(0, 39, 1)

(1, 0, 2)
(1, 1, 2)
(1, 2, 2)
(1, 3, 2)
(1, 4, 2)
(1, 5, 1)
(1, 6, 1)
(1, 7, 1)
(1, 8, 1)
(1, 9, 1)
(1, 10, 1)
(1, 11, 1)
(1, 12, 1)
(1, 13, 1)
(1, 14, 1)
(1, 15, 1)
(1, 16, 1)
(1, 17, 1)
(1, 18, 1)
(1, 19, 1)
(1, 20, 1)
(1, 21, 1)
(1, 22, 1)
(1, 23, 1)
(1, 24, 1)
(1, 25, 1)
(1, 26, 1)
(1, 27, 1)
(1, 28, 1)
(1, 29, 1)
(1, 30, 1)
(1, 31, 1)
(1, 32, 1)
(1, 33, 1)
(1, 34, 1)
(1, 35, 1)
(1, 36, 1)
(1, 37, 1)
(1, 38, 1)
(1, 39, 1)

(2, 0, 4)
(2, 1, 4)
(2, 2, 4)
(2, 3, 4)
(2, 4, 4)
(2, 5, 2)
(2, 6, 2)
(2, 7, 2)
(2, 8, 2)
(2, 9, 2)
(2, 10, 2)
(2, 11, 2)
(2, 12, 2)
(2, 13, 2)
(2, 14, 2)
(2, 15, 2)
(2, 16, 2)
(2, 17, 2)
(2, 18, 2)
(2, 19, 2)
(2, 20, 2)
(2, 21, 2)
(2, 22, 2)
(2, 23, 2)
(2, 24, 2)
(2, 25, 2)
(2, 26, 1)
(2, 27, 1)
(2, 28, 1)
(2, 29, 1)
(2, 30, 1)
(2, 31, 1)
(2, 32, 1)
(2, 33, 1)
(2, 34, 1)
(2, 35, 1)
(2, 36, 1)
(2, 37, 1)
(2, 38, 1)
(2, 39, 1)

(3, 0, 10)
(3, 1, 10)
(3, 2, 10)
(3, 3, 10)
(3, 4, 10)
(3, 5, 5)
(3, 6, 5)
(3, 7, 5)
(3, 8, 5)
(3, 9, 5)
(3, 10, 5)
(3, 11, 5)
(3, 12, 5)
(3, 13, 3)
(3, 14, 3)
(3, 15, 3)
(3, 16, 3)
(3, 17, 3)
(3, 18, 3)
(3, 19, 3)
(3, 20, 3)
(3, 21, 3)
(3, 22, 3)
(3, 23, 3)
(3, 24, 3)
(3, 25, 3)
(3, 26, 1)
(3, 27, 1)
(3, 28, 1)
(3, 29, 1)
(3, 30, 1)
(3, 31, 1)
(3, 32, 1)
(3, 33, 1)
(3, 34, 1)
(3, 35, 1)
(3, 36, 1)
(3, 37, 1)
(3, 38, 1)
(3, 39, 1)

(4, 0, 10)
(4, 1, 10)
(4, 2, 10)
(4, 3, 10)
(4, 4, 10)
(4, 5, 5)
(4, 6, 5)
(4, 7, 5)
(4, 8, 5)
(4, 9, 5)
(4, 10, 5)
(4, 11, 5)
(4, 12, 5)
(4, 13, 3)
(4, 14, 3)
(4, 15, 3)
(4, 16, 3)
(4, 17, 3)
(4, 18, 3)
(4, 19, 3)
(4, 20, 3)
(4, 21, 3)
(4, 22, 3)
(4, 23, 3)
(4, 24, 3)
(4, 25, 3)
(4, 26, 1)
(4, 27, 1)
(4, 28, 1)
(4, 29, 1)
(4, 30, 1)
(4, 31, 1)
(4, 32, 1)
(4, 33, 1)
(4, 34, 1)
(4, 35, 1)
(4, 36, 1)
(4, 37, 1)
(4, 38, 1)
(4, 39, 1)

(5, 0, 10)
(5, 1, 10)
(5, 2, 10)
(5, 3, 10)
(5, 4, 10)
(5, 5, 5)
(5, 6, 5)
(5, 7, 5)
(5, 8, 5)
(5, 9, 5)
(5, 10, 5)
(5, 11, 5)
(5, 12, 5)
(5, 13, 3)
(5, 14, 3)
(5, 15, 3)
(5, 16, 3)
(5, 17, 3)
(5, 18, 3)
(5, 19, 3)
(5, 20, 3)
(5, 21, 3)
(5, 22, 3)
(5, 23, 3)
(5, 24, 3)
(5, 25, 3)
(5, 26, 1)
(5, 27, 1)
(5, 28, 1)
(5, 29, 1)
(5, 30, 1)
(5, 31, 1)
(5, 32, 1)
(5, 33, 1)
(5, 34, 1)
(5, 35, 1)
(5, 36, 1)
(5, 37, 1)
(5, 38, 1)
(5, 39, 1)

(6, 0, 12)
(6, 1, 12)
(6, 2, 12)
(6, 3, 12)
(6, 4, 12)
(6, 5, 6)
(6, 6, 6)
(6, 7, 6)
(6, 8, 6)
(6, 9, 6)
(6, 10, 6)
(6, 11, 6)
(6, 12, 6)
(6, 13, 4)
(6, 14, 4)
(6, 15, 4)
(6, 16, 4)
(6, 17, 4)
(6, 18, 4)
(6, 19, 4)
(6, 20, 4)
(6, 21, 4)
(6, 22, 4)
(6, 23, 4)
(6, 24, 4)
(6, 25, 4)
(6, 26, 2)
(6, 27, 2)
(6, 28, 2)
(6, 29, 2)
(6, 30, 2)
(6, 31, 1)
(6, 32, 1)
(6, 33, 1)
(6, 34, 1)
(6, 35, 1)
(6, 36, 1)
(6, 37, 1)
(6, 38, 1)
(6, 39, 1)

(7, 0, 12)
(7, 1, 12)
(7, 2, 12)
(7, 3, 12)
(7, 4, 12)
(7, 5, 6)
(7, 6, 6)
(7, 7, 6)
(7, 8, 6)
(7, 9, 6)
(7, 10, 6)
(7, 11, 6)
(7, 12, 6)
(7, 13, 4)
(7, 14, 4)
(7, 15, 4)
(7, 16, 4)
(7, 17, 4)
(7, 18, 4)
(7, 19, 4)
(7, 20, 4)
(7, 21, 4)
(7, 22, 4)
(7, 23, 4)
(7, 24, 4)
(7, 25, 4)
(7, 26, 2)
(7, 27, 2)
(7, 28, 2)
(7, 29, 2)
(7, 30, 2)
(7, 31, 1)
(7, 32, 1)
(7, 33, 1)
(7, 34, 1)
(7, 35, 1)
(7, 36, 1)
(7, 37, 1)
(7, 38, 1)
(7, 39, 1)

(8, 0, 12)
(8, 1, 12)
(8, 2, 12)
(8, 3, 12)
(8, 4, 12)
(8, 5, 6)
(8, 6, 6)
(8, 7, 6)
(8, 8, 6)
(8, 9, 6)
(8, 10, 6)
(8, 11, 6)
(8, 12, 6)
(8, 13, 4)
(8, 14, 4)
(8, 15, 4)
(8, 16, 4)
(8, 17, 4)
(8, 18, 4)
(8, 19, 4)
(8, 20, 4)
(8, 21, 4)
(8, 22, 4)
(8, 23, 4)
(8, 24, 4)
(8, 25, 4)
(8, 26, 2)
(8, 27, 2)
(8, 28, 2)
(8, 29, 2)
(8, 30, 2)
(8, 31, 1)
(8, 32, 1)
(8, 33, 1)
(8, 34, 1)
(8, 35, 1)
(8, 36, 1)
(8, 37, 1)
(8, 38, 1)
(8, 39, 1)

(9, 0, 14)
(9, 1, 14)
(9, 2, 14)
(9, 3, 14)
(9, 4, 14)
(9, 5, 7)
(9, 6, 7)
(9, 7, 7)
(9, 8, 7)
(9, 9, 7)
(9, 10, 7)
(9, 11, 7)
(9, 12, 7)
(9, 13, 5)
(9, 14, 5)
(9, 15, 5)
(9, 16, 5)
(9, 17, 5)
(9, 18, 5)
(9, 19, 5)
(9, 20, 5)
(9, 21, 5)
(9, 22, 5)
(9, 23, 5)
(9, 24, 5)
(9, 25, 5)
(9, 26, 3)
(9, 27, 2)
(9, 28, 2)
(9, 29, 2)
(9, 30, 2)
(9, 31, 1)
(9, 32, 1)
(9, 33, 1)
(9, 34, 1)
(9, 35, 1)
(9, 36, 1)
(9, 37, 1)
(9, 38, 1)
(9, 39, 1)

(10, 0, 16)
(10, 1, 16)
(10, 2, 16)
(10, 3, 16)
(10, 4, 16)
(10, 5, 8)
(10, 6, 8)
(10, 7, 8)
(10, 8, 8)
(10, 9, 8)
(10, 10, 8)
(10, 11, 8)
(10, 12, 8)
(10, 13, 6)
(10, 14, 6)
(10, 15, 6)
(10, 16, 6)
(10, 17, 6)
(10, 18, 6)
(10, 19, 6)
(10, 20, 6)
(10, 21, 6)
(10, 22, 6)
(10, 23, 6)
(10, 24, 6)
(10, 25, 6)
(10, 26, 4)
(10, 27, 3)
(10, 28, 3)
(10, 29, 3)
(10, 30, 3)
(10, 31, 1)
(10, 32, 1)
(10, 33, 1)
(10, 34, 1)
(10, 35, 1)
(10, 36, 1)
(10, 37, 1)
(10, 38, 1)
(10, 39, 1)

(11, 0, 19)
(11, 1, 19)
(11, 2, 19)
(11, 3, 19)
(11, 4, 19)
(11, 5, 10)
(11, 6, 10)
(11, 7, 10)
(11, 8, 10)
(11, 9, 10)
(11, 10, 10)
(11, 11, 10)
(11, 12, 10)
(11, 13, 8)
(11, 14, 8)
(11, 15, 8)
(11, 16, 8)
(11, 17, 8)
(11, 18, 8)
(11, 19, 8)
(11, 20, 8)
(11, 21, 8)
(11, 22, 8)
(11, 23, 8)
(11, 24, 8)
(11, 25, 8)
(11, 26, 6)
(11, 27, 5)
(11, 28, 5)
(11, 29, 5)
(11, 30, 5)
(11, 31, 2)
(11, 32, 2)
(11, 33, 2)
(11, 34, 2)
(11, 35, 2)
(11, 36, 2)
(11, 37, 2)
(11, 38, 2)
(11, 39, 2)

(12, 0, 21)
(12, 1, 21)
(12, 2, 21)
(12, 3, 21)
(12, 4, 21)
(12, 5, 12)
(12, 6, 12)
(12, 7, 12)
(12, 8, 10)
(12, 9, 10)
(12, 10, 10)
(12, 11, 10)
(12, 12, 10)
(12, 13, 8)
(12, 14, 8)
(12, 15, 8)
(12, 16, 8)
(12, 17, 8)
(12, 18, 8)
(12, 19, 8)
(12, 20, 8)
(12, 21, 8)
(12, 22, 8)
(12, 23, 8)
(12, 24, 8)
(12, 25, 8)
(12, 26, 6)
(12, 27, 5)
(12, 28, 5)
(12, 29, 5)
(12, 30, 5)
(12, 31, 2)
(12, 32, 2)
(12, 33, 2)
(12, 34, 2)
(12, 35, 2)
(12, 36, 2)
(12, 37, 2)
(12, 38, 2)
(12, 39, 2)

(13, 0, 22)
(13, 1, 22)
(13, 2, 22)
(13, 3, 22)
(13, 4, 22)
(13, 5, 11)
(13, 6, 11)
(13, 7, 11)
(13, 8, 10)
(13, 9, 10)
(13, 10, 10)
(13, 11, 10)
(13, 12, 10)
(13, 13, 8)
(13, 14, 8)
(13, 15, 8)
(13, 16, 8)
(13, 17, 8)
(13, 18, 8)
(13, 19, 8)
(13, 20, 8)
(13, 21, 8)
(13, 22, 8)
(13, 23, 8)
(13, 24, 8)
(13, 25, 8)
(13, 26, 6)
(13, 27, 5)
(13, 28, 5)
(13, 29, 5)
(13, 30, 5)
(13, 31, 2)
(13, 32, 2)
(13, 33, 2)
(13, 34, 2)
(13, 35, 2)
(13, 36, 2)
(13, 37, 2)
(13, 38, 2)
(13, 39, 2)

(14, 0, 23)
(14, 1, 23)
(14, 2, 23)
(14, 3, 23)
(14, 4, 23)
(14, 5, 12)
(14, 6, 12)
(14, 7, 12)
(14, 8, 11)
(14, 9, 11)
(14, 10, 11)
(14, 11, 11)
(14, 12, 11)
(14, 13, 9)
(14, 14, 9)
(14, 15, 9)
(14, 16, 9)
(14, 17, 9)
(14, 18, 9)
(14, 19, 9)
(14, 20, 9)
(14, 21, 9)
(14, 22, 9)
(14, 23, 9)
(14, 24, 9)
(14, 25, 9)
(14, 26, 7)
(14, 27, 6)
(14, 28, 6)
(14, 29, 6)
(14, 30, 6)
(14, 31, 3)
(14, 32, 3)
(14, 33, 2)
(14, 34, 2)
(14, 35, 2)
(14, 36, 2)
(14, 37, 2)
(14, 38, 2)
(14, 39, 2)

(15, 0, 26)
(15, 1, 26)
(15, 2, 26)
(15, 3, 26)
(15, 4, 26)
(15, 5, 13)
(15, 6, 13)
(15, 7, 13)
(15, 8, 12)
(15, 9, 12)
(15, 10, 12)
(15, 11, 12)
(15, 12, 12)
(15, 13, 10)
(15, 14, 10)
(15, 15, 10)
(15, 16, 10)
(15, 17, 10)
(15, 18, 10)
(15, 19, 10)
(15, 20, 10)
(15, 21, 10)
(15, 22, 10)
(15, 23, 10)
(15, 24, 10)
(15, 25, 10)
(15, 26, 8)
(15, 27, 7)
(15, 28, 7)
(15, 29, 7)
(15, 30, 7)
(15, 31, 3)
(15, 32, 3)
(15, 33, 2)
(15, 34, 2)
(15, 35, 2)
(15, 36, 2)
(15, 37, 2)
(15, 38, 2)
(15, 39, 2)

(16, 0, 31)
(16, 1, 31)
(16, 2, 31)
(16, 3, 31)
(16, 4, 31)
(16, 5, 17)
(16, 6, 17)
(16, 7, 17)
(16, 8, 15)
(16, 9, 15)
(16, 10, 15)
(16, 11, 15)
(16, 12, 15)
(16, 13, 13)
(16, 14, 13)
(16, 15, 13)
(16, 16, 13)
(16, 17, 13)
(16, 18, 13)
(16, 19, 13)
(16, 20, 13)
(16, 21, 13)
(16, 22, 13)
(16, 23, 13)
(16, 24, 13)
(16, 25, 13)
(16, 26, 11)
(16, 27, 10)
(16, 28, 10)
(16, 29, 10)
(16, 30, 10)
(16, 31, 5)
(16, 32, 5)
(16, 33, 3)
(16, 34, 3)
(16, 35, 3)
(16, 36, 3)
(16, 37, 3)
(16, 38, 3)
(16, 39, 3)

(17, 0, 37)
(17, 1, 37)
(17, 2, 37)
(17, 3, 37)
(17, 4, 36)
(17, 5, 18)
(17, 6, 18)
(17, 7, 18)
(17, 8, 16)
(17, 9, 16)
(17, 10, 16)
(17, 11, 16)
(17, 12, 16)
(17, 13, 14)
(17, 14, 14)
(17, 15, 14)
(17, 16, 14)
(17, 17, 14)
(17, 18, 14)
(17, 19, 14)
(17, 20, 14)
(17, 21, 14)
(17, 22, 14)
(17, 23, 14)
(17, 24, 14)
(17, 25, 14)
(17, 26, 12)
(17, 27, 11)
(17, 28, 11)
(17, 29, 11)
(17, 30, 11)
(17, 31, 5)
(17, 32, 5)
(17, 33, 3)
(17, 34, 3)
(17, 35, 3)
(17, 36, 3)
(17, 37, 3)
(17, 38, 3)
(17, 39, 3)

(18, 0, 39)
(18, 1, 39)
(18, 2, 39)
(18, 3, 39)
(18, 4, 37)
(18, 5, 18)
(18, 6, 18)
(18, 7, 18)
(18, 8, 16)
(18, 9, 16)
(18, 10, 16)
(18, 11, 16)
(18, 12, 16)
(18, 13, 14)
(18, 14, 14)
(18, 15, 14)
(18, 16, 14)
(18, 17, 14)
(18, 18, 14)
(18, 19, 14)
(18, 20, 14)
(18, 21, 14)
(18, 22, 14)
(18, 23, 14)
(18, 24, 14)
(18, 25, 14)
(18, 26, 12)
(18, 27, 11)
(18, 28, 11)
(18, 29, 11)
(18, 30, 11)
(18, 31, 5)
(18, 32, 5)
(18, 33, 3)
(18, 34, 3)
(18, 35, 3)
(18, 36, 3)
(18, 37, 3)
(18, 38, 3)
(18, 39, 3)

(19, 0, 41)
(19, 1, 41)
(19, 2, 41)
(19, 3, 41)
(19, 4, 39)
(19, 5, 18)
(19, 6, 18)
(19, 7, 18)
(19, 8, 16)
(19, 9, 16)
(19, 10, 16)
(19, 11, 16)
(19, 12, 16)
(19, 13, 14)
(19, 14, 14)
(19, 15, 14)
(19, 16, 14)
(19, 17, 14)
(19, 18, 14)
(19, 19, 14)
(19, 20, 14)
(19, 21, 14)
(19, 22, 14)
(19, 23, 14)
(19, 24, 14)
(19, 25, 14)
(19, 26, 12)
(19, 27, 11)
(19, 28, 11)
(19, 29, 11)
(19, 30, 11)
(19, 31, 5)
(19, 32, 5)
(19, 33, 3)
(19, 34, 3)
(19, 35, 3)
(19, 36, 3)
(19, 37, 3)
(19, 38, 3)
(19, 39, 3)

(20, 0, 41)
(20, 1, 41)
(20, 2, 41)
(20, 3, 41)
(20, 4, 39)
(20, 5, 18)
(20, 6, 18)
(20, 7, 18)
(20, 8, 16)
(20, 9, 16)
(20, 10, 16)
(20, 11, 16)
(20, 12, 16)
(20, 13, 14)
(20, 14, 14)
(20, 15, 14)
(20, 16, 14)
(20, 17, 14)
(20, 18, 14)
(20, 19, 14)
(20, 20, 14)
(20, 21, 14)
(20, 22, 14)
(20, 23, 14)
(20, 24, 14)
(20, 25, 14)
(20, 26, 12)
(20, 27, 11)
(20, 28, 11)
(20, 29, 11)
(20, 30, 11)
(20, 31, 5)
(20, 32, 5)
(20, 33, 3)
(20, 34, 3)
(20, 35, 3)
(20, 36, 3)
(20, 37, 3)
(20, 38, 3)
(20, 39, 3)

(21, 0, 41)
(21, 1, 41)
(21, 2, 41)
(21, 3, 41)
(21, 4, 39)
(21, 5, 18)
(21, 6, 18)
(21, 7, 18)
(21, 8, 16)
(21, 9, 16)
(21, 10, 16)
(21, 11, 16)
(21, 12, 16)
(21, 13, 14)
(21, 14, 14)
(21, 15, 14)
(21, 16, 14)
(21, 17, 14)
(21, 18, 14)
(21, 19, 14)
(21, 20, 14)
(21, 21, 14)
(21, 22, 14)
(21, 23, 14)
(21, 24, 14)
(21, 25, 14)
(21, 26, 12)
(21, 27, 11)
(21, 28, 11)
(21, 29, 11)
(21, 30, 11)
(21, 31, 5)
(21, 32, 5)
(21, 33, 3)
(21, 34, 3)
(21, 35, 3)
(21, 36, 3)
(21, 37, 3)
(21, 38, 3)
(21, 39, 3)

(22, 0, 45)
(22, 1, 45)
(22, 2, 45)
(22, 3, 45)
(22, 4, 43)
(22, 5, 20)
(22, 6, 20)
(22, 7, 20)
(22, 8, 18)
(22, 9, 18)
(22, 10, 18)
(22, 11, 18)
(22, 12, 18)
(22, 13, 16)
(22, 14, 16)
(22, 15, 16)
(22, 16, 16)
(22, 17, 16)
(22, 18, 16)
(22, 19, 16)
(22, 20, 16)
(22, 21, 16)
(22, 22, 16)
(22, 23, 16)
(22, 24, 16)
(22, 25, 16)
(22, 26, 14)
(22, 27, 13)
(22, 28, 13)
(22, 29, 13)
(22, 30, 13)
(22, 31, 6)
(22, 32, 6)
(22, 33, 4)
(22, 34, 4)
(22, 35, 4)
(22, 36, 4)
(22, 37, 4)
(22, 38, 4)
(22, 39, 4)

(23, 0, 50)
(23, 1, 50)
(23, 2, 50)
(23, 3, 50)
(23, 4, 46)
(23, 5, 21)
(23, 6, 21)
(23, 7, 21)
(23, 8, 19)
(23, 9, 19)
(23, 10, 19)
(23, 11, 19)
(23, 12, 19)
(23, 13, 17)
(23, 14, 17)
(23, 15, 17)
(23, 16, 17)
(23, 17, 17)
(23, 18, 17)
(23, 19, 17)
(23, 20, 17)
(23, 21, 17)
(23, 22, 17)
(23, 23, 17)
(23, 24, 17)
(23, 25, 17)
(23, 26, 15)
(23, 27, 14)
(23, 28, 14)
(23, 29, 14)
(23, 30, 14)
(23, 31, 6)
(23, 32, 6)
(23, 33, 4)
(23, 34, 4)
(23, 35, 4)
(23, 36, 4)
(23, 37, 4)
(23, 38, 4)
(23, 39, 4)

(24, 0, 55)
(24, 1, 55)
(24, 2, 55)
(24, 3, 55)
(24, 4, 51)
(24, 5, 22)
(24, 6, 22)
(24, 7, 22)
(24, 8, 20)
(24, 9, 20)
(24, 10, 20)
(24, 11, 20)
(24, 12, 20)
(24, 13, 18)
(24, 14, 18)
(24, 15, 18)
(24, 16, 18)
(24, 17, 18)
(24, 18, 18)
(24, 19, 18)
(24, 20, 18)
(24, 21, 18)
(24, 22, 18)
(24, 23, 18)
(24, 24, 18)
(24, 25, 18)
(24, 26, 16)
(24, 27, 15)
(24, 28, 15)
(24, 29, 15)
(24, 30, 15)
(24, 31, 7)
(24, 32, 7)
(24, 33, 5)
(24, 34, 5)
(24, 35, 5)
(24, 36, 5)
(24, 37, 5)
(24, 38, 5)
(24, 39, 5)

(25, 0, 57)
(25, 1, 57)
(25, 2, 57)
(25, 3, 57)
(25, 4, 53)
(25, 5, 22)
(25, 6, 22)
(25, 7, 22)
(25, 8, 20)
(25, 9, 20)
(25, 10, 20)
(25, 11, 20)
(25, 12, 20)
(25, 13, 18)
(25, 14, 18)
(25, 15, 18)
(25, 16, 18)
(25, 17, 18)
(25, 18, 18)
(25, 19, 18)
(25, 20, 18)
(25, 21, 18)
(25, 22, 18)
(25, 23, 18)
(25, 24, 18)
(25, 25, 18)
(25, 26, 16)
(25, 27, 15)
(25, 28, 15)
(25, 29, 15)
(25, 30, 15)
(25, 31, 7)
(25, 32, 7)
(25, 33, 5)
(25, 34, 5)
(25, 35, 5)
(25, 36, 5)
(25, 37, 5)
(25, 38, 5)
(25, 39, 5)

(26, 0, 57)
(26, 1, 57)
(26, 2, 57)
(26, 3, 57)
(26, 4, 53)
(26, 5, 22)
(26, 6, 22)
(26, 7, 22)
(26, 8, 20)
(26, 9, 20)
(26, 10, 20)
(26, 11, 20)
(26, 12, 20)
(26, 13, 18)
(26, 14, 18)
(26, 15, 18)
(26, 16, 18)
(26, 17, 18)
(26, 18, 18)
(26, 19, 18)
(26, 20, 18)
(26, 21, 18)
(26, 22, 18)
(26, 23, 18)
(26, 24, 18)
(26, 25, 18)
(26, 26, 16)
(26, 27, 15)
(26, 28, 15)
(26, 29, 15)
(26, 30, 15)
(26, 31, 7)
(26, 32, 7)
(26, 33, 5)
(26, 34, 5)
(26, 35, 5)
(26, 36, 5)
(26, 37, 5)
(26, 38, 5)
(26, 39, 5)

(27, 0, 57)
(27, 1, 57)
(27, 2, 57)
(27, 3, 57)
(27, 4, 53)
(27, 5, 22)
(27, 6, 22)
(27, 7, 22)
(27, 8, 20)
(27, 9, 20)
(27, 10, 20)
(27, 11, 20)
(27, 12, 20)
(27, 13, 18)
(27, 14, 18)
(27, 15, 18)
(27, 16, 18)
(27, 17, 18)
(27, 18, 18)
(27, 19, 18)
(27, 20, 18)
(27, 21, 18)
(27, 22, 18)
(27, 23, 18)
(27, 24, 18)
(27, 25, 18)
(27, 26, 16)
(27, 27, 15)
(27, 28, 15)
(27, 29, 15)
(27, 30, 15)
(27, 31, 7)
(27, 32, 7)
(27, 33, 5)
(27, 34, 5)
(27, 35, 5)
(27, 36, 5)
(27, 37, 5)
(27, 38, 5)
(27, 39, 5)

(28, 0, 57)
(28, 1, 57)
(28, 2, 57)
(28, 3, 57)
(28, 4, 53)
(28, 5, 22)
(28, 6, 22)
(28, 7, 22)
(28, 8, 20)
(28, 9, 20)
(28, 10, 20)
(28, 11, 20)
(28, 12, 20)
(28, 13, 18)
(28, 14, 18)
(28, 15, 18)
(28, 16, 18)
(28, 17, 18)
(28, 18, 18)
(28, 19, 18)
(28, 20, 18)
(28, 21, 18)
(28, 22, 18)
(28, 23, 18)
(28, 24, 18)
(28, 25, 18)
(28, 26, 16)
(28, 27, 15)
(28, 28, 15)
(28, 29, 15)
(28, 30, 15)
(28, 31, 7)
(28, 32, 7)
(28, 33, 5)
(28, 34, 5)
(28, 35, 5)
(28, 36, 5)
(28, 37, 5)
(28, 38, 5)
(28, 39, 5)

(29, 0, 57)
(29, 1, 57)
(29, 2, 57)
(29, 3, 57)
(29, 4, 53)
(29, 5, 22)
(29, 6, 22)
(29, 7, 22)
(29, 8, 20)
(29, 9, 20)
(29, 10, 20)
(29, 11, 20)
(29, 12, 20)
(29, 13, 18)
(29, 14, 18)
(29, 15, 18)
(29, 16, 18)
(29, 17, 18)
(29, 18, 18)
(29, 19, 18)
(29, 20, 18)
(29, 21, 18)
(29, 22, 18)
(29, 23, 18)
(29, 24, 18)
(29, 25, 18)
(29, 26, 16)
(29, 27, 15)
(29, 28, 15)
(29, 29, 15)
(29, 30, 15)
(29, 31, 7)
(29, 32, 7)
(29, 33, 5)
(29, 34, 5)
(29, 35, 5)
(29, 36, 5)
(29, 37, 5)
(29, 38, 5)
(29, 39, 5)

(30, 0, 57)
(30, 1, 57)
(30, 2, 57)
(30, 3, 57)
(30, 4, 53)
(30, 5, 22)
(30, 6, 22)
(30, 7, 22)
(30, 8, 20)
(30, 9, 20)
(30, 10, 20)
(30, 11, 20)
(30, 12, 20)
(30, 13, 18)
(30, 14, 18)
(30, 15, 18)
(30, 16, 18)
(30, 17, 18)
(30, 18, 18)
(30, 19, 18)
(30, 20, 18)
(30, 21, 18)
(30, 22, 18)
(30, 23, 18)
(30, 24, 18)
(30, 25, 18)
(30, 26, 16)
(30, 27, 15)
(30, 28, 15)
(30, 29, 15)
(30, 30, 15)
(30, 31, 7)
(30, 32, 7)
(30, 33, 5)
(30, 34, 5)
(30, 35, 5)
(30, 36, 5)
(30, 37, 5)
(30, 38, 5)
(30, 39, 5)

(31, 0, 57)
(31, 1, 57)
(31, 2, 57)
(31, 3, 57)
(31, 4, 53)
(31, 5, 22)
(31, 6, 22)
(31, 7, 22)
(31, 8, 20)
(31, 9, 20)
(31, 10, 20)
(31, 11, 20)
(31, 12, 20)
(31, 13, 18)
(31, 14, 18)
(31, 15, 18)
(31, 16, 18)
(31, 17, 18)
(31, 18, 18)
(31, 19, 18)
(31, 20, 18)
(31, 21, 18)
(31, 22, 18)
(31, 23, 18)
(31, 24, 18)
(31, 25, 18)
(31, 26, 16)
(31, 27, 15)
(31, 28, 15)
(31, 29, 15)
(31, 30, 15)
(31, 31, 7)
(31, 32, 7)
(31, 33, 5)
(31, 34, 5)
(31, 35, 5)
(31, 36, 5)
(31, 37, 5)
(31, 38, 5)
(31, 39, 5)

(32, 0, 57)
(32, 1, 57)
(32, 2, 57)
(32, 3, 57)
(32, 4, 53)
(32, 5, 22)
(32, 6, 22)
(32, 7, 22)
(32, 8, 20)
(32, 9, 20)
(32, 10, 20)
(32, 11, 20)
(32, 12, 20)
(32, 13, 18)
(32, 14, 18)
(32, 15, 18)
(32, 16, 18)
(32, 17, 18)
(32, 18, 18)
(32, 19, 18)
(32, 20, 18)
(32, 21, 18)
(32, 22, 18)
(32, 23, 18)
(32, 24, 18)
(32, 25, 18)
(32, 26, 16)
(32, 27, 15)
(32, 28, 15)
(32, 29, 15)
(32, 30, 15)
(32, 31, 7)
(32, 32, 7)
(32, 33, 5)
(32, 34, 5)
(32, 35, 5)
(32, 36, 5)
(32, 37, 5)
(32, 38, 5)
(32, 39, 5)

(33, 0, 57)
(33, 1, 57)
(33, 2, 57)
(33, 3, 57)
(33, 4, 53)
(33, 5, 22)
(33, 6, 22)
(33, 7, 22)
(33, 8, 20)
(33, 9, 20)
(33, 10, 20)
(33, 11, 20)
(33, 12, 20)
(33, 13, 18)
(33, 14, 18)
(33, 15, 18)
(33, 16, 18)
(33, 17, 18)
(33, 18, 18)
(33, 19, 18)
(33, 20, 18)
(33, 21, 18)
(33, 22, 18)
(33, 23, 18)
(33, 24, 18)
(33, 25, 18)
(33, 26, 16)
(33, 27, 15)
(33, 28, 15)
(33, 29, 15)
(33, 30, 15)
(33, 31, 7)
(33, 32, 7)
(33, 33, 5)
(33, 34, 5)
(33, 35, 5)
(33, 36, 5)
(33, 37, 5)
(33, 38, 5)
(33, 39, 5)

(34, 0, 57)
(34, 1, 57)
(34, 2, 57)
(34, 3, 57)
(34, 4, 53)
(34, 5, 22)
(34, 6, 22)
(34, 7, 22)
(34, 8, 20)
(34, 9, 20)
(34, 10, 20)
(34, 11, 20)
(34, 12, 20)
(34, 13, 18)
(34, 14, 18)
(34, 15, 18)
(34, 16, 18)
(34, 17, 18)
(34, 18, 18)
(34, 19, 18)
(34, 20, 18)
(34, 21, 18)
(34, 22, 18)
(34, 23, 18)
(34, 24, 18)
(34, 25, 18)
(34, 26, 16)
(34, 27, 15)
(34, 28, 15)
(34, 29, 15)
(34, 30, 15)
(34, 31, 7)
(34, 32, 7)
(34, 33, 5)
(34, 34, 5)
(34, 35, 5)
(34, 36, 5)
(34, 37, 5)
(34, 38, 5)
(34, 39, 5)

(35, 0, 57)
(35, 1, 57)
(35, 2, 57)
(35, 3, 57)
(35, 4, 53)
(35, 5, 22)
(35, 6, 22)
(35, 7, 22)
(35, 8, 20)
(35, 9, 20)
(35, 10, 20)
(35, 11, 20)
(35, 12, 20)
(35, 13, 18)
(35, 14, 18)
(35, 15, 18)
(35, 16, 18)
(35, 17, 18)
(35, 18, 18)
(35, 19, 18)
(35, 20, 18)
(35, 21, 18)
(35, 22, 18)
(35, 23, 18)
(35, 24, 18)
(35, 25, 18)
(35, 26, 16)
(35, 27, 15)
(35, 28, 15)
(35, 29, 15)
(35, 30, 15)
(35, 31, 7)
(35, 32, 7)
(35, 33, 5)
(35, 34, 5)
(35, 35, 5)
(35, 36, 5)
(35, 37, 5)
(35, 38, 5)
(35, 39, 5)

(36, 0, 57)
(36, 1, 57)
(36, 2, 57)
(36, 3, 57)
(36, 4, 53)
(36, 5, 22)
(36, 6, 22)
(36, 7, 22)
(36, 8, 20)
(36, 9, 20)
(36, 10, 20)
(36, 11, 20)
(36, 12, 20)
(36, 13, 18)
(36, 14, 18)
(36, 15, 18)
(36, 16, 18)
(36, 17, 18)
(36, 18, 18)
(36, 19, 18)
(36, 20, 18)
(36, 21, 18)
(36, 22, 18)
(36, 23, 18)
(36, 24, 18)
(36, 25, 18)
(36, 26, 16)
(36, 27, 15)
(36, 28, 15)
(36, 29, 15)
(36, 30, 15)
(36, 31, 7)
(36, 32, 7)
(36, 33, 5)
(36, 34, 5)
(36, 35, 5)
(36, 36, 5)
(36, 37, 5)
(36, 38, 5)
(36, 39, 5)

(37, 0, 57)
(37, 1, 57)
(37, 2, 57)
(37, 3, 57)
(37, 4, 53)
(37, 5, 22)
(37, 6, 22)
(37, 7, 22)
(37, 8, 20)
(37, 9, 20)
(37, 10, 20)
(37, 11, 20)
(37, 12, 20)
(37, 13, 18)
(37, 14, 18)
(37, 15, 18)
(37, 16, 18)
(37, 17, 18)
(37, 18, 18)
(37, 19, 18)
(37, 20, 18)
(37, 21, 18)
(37, 22, 18)
(37, 23, 18)
(37, 24, 18)
(37, 25, 18)
(37, 26, 16)
(37, 27, 15)
(37, 28, 15)
(37, 29, 15)
(37, 30, 15)
(37, 31, 7)
(37, 32, 7)
(37, 33, 5)
(37, 34, 5)
(37, 35, 5)
(37, 36, 5)
(37, 37, 5)
(37, 38, 5)
(37, 39, 5)

(38, 0, 57)
(38, 1, 57)
(38, 2, 57)
(38, 3, 57)
(38, 4, 53)
(38, 5, 22)
(38, 6, 22)
(38, 7, 22)
(38, 8, 20)
(38, 9, 20)
(38, 10, 20)
(38, 11, 20)
(38, 12, 20)
(38, 13, 18)
(38, 14, 18)
(38, 15, 18)
(38, 16, 18)
(38, 17, 18)
(38, 18, 18)
(38, 19, 18)
(38, 20, 18)
(38, 21, 18)
(38, 22, 18)
(38, 23, 18)
(38, 24, 18)
(38, 25, 18)
(38, 26, 16)
(38, 27, 15)
(38, 28, 15)
(38, 29, 15)
(38, 30, 15)
(38, 31, 7)
(38, 32, 7)
(38, 33, 5)
(38, 34, 5)
(38, 35, 5)
(38, 36, 5)
(38, 37, 5)
(38, 38, 5)
(38, 39, 5)

(39, 0, 61)
(39, 1, 61)
(39, 2, 61)
(39, 3, 61)
(39, 4, 57)
(39, 5, 23)
(39, 6, 23)
(39, 7, 23)
(39, 8, 21)
(39, 9, 21)
(39, 10, 21)
(39, 11, 21)
(39, 12, 21)
(39, 13, 19)
(39, 14, 19)
(39, 15, 19)
(39, 16, 19)
(39, 17, 19)
(39, 18, 19)
(39, 19, 19)
(39, 20, 19)
(39, 21, 19)
(39, 22, 19)
(39, 23, 19)
(39, 24, 19)
(39, 25, 19)
(39, 26, 17)
(39, 27, 16)
(39, 28, 16)
(39, 29, 16)
(39, 30, 16)
(39, 31, 8)
(39, 32, 8)
(39, 33, 6)
(39, 34, 6)
(39, 35, 6)
(39, 36, 6)
(39, 37, 6)
(39, 38, 6)
(39, 39, 6)


Betti numbers:
xi_0:
(0, 0, 2)
(2, 0, 2)
(3, 0, 6)
(6, 0, 2)
(9, 0, 2)
(10, 0, 2)
(11, 0, 3)
(12, 0, 2)
(13, 0, 1)
(14, 0, 1)
(15, 0, 3)
(16, 0, 5)
(17, 0, 6)
(18, 0, 2)
(19, 0, 2)
(22, 0, 4)
(23, 0, 5)
(24, 0, 5)
(25, 0, 2)
(39, 0, 4)
xi_1:
(0, 5, 1)
(2, 5, 1)
(2, 26, 1)
(3, 5, 3)
(3, 13, 2)
(3, 26, 1)
(6, 5, 1)
(6, 31, 1)
(9, 5, 1)
(9, 27, 1)
(10, 5, 1)
(10, 31, 1)
(11, 5, 1)
(11, 31, 1)
(12, 8, 2)
(13, 5, 2)
(14, 33, 1)
(15, 5, 2)
(15, 31, 1)
(16, 5, 1)
(16, 8, 1)
(16, 31, 1)
(16, 33, 1)
(17, 4, 1)
(17, 5, 4)
(17, 31, 1)
(18, 4, 1)
(18, 5, 1)
(19, 5, 2)
(22, 5, 2)
(22, 31, 1)
(23, 4, 2)
(23, 5, 2)
(23, 31, 1)
(24, 5, 4)
(25, 5, 2)
(39, 5, 3)
xi_2:
(13, 8, 1)
