x-grades
-307664258226185069/400000000000000000
-151298507464718829/200000000000000000
-297529771632690247/400000000000000000
-73115632083985709/100000000000000000
-11495811401567817/16000000000000000
-141164020871224007/200000000000000000
-277260798445700603/400000000000000000
-34024194393619149/50000000000000000
-267126311852205781/400000000000000000
-26205906855545837/40000000000000000
-256991825258710959/400000000000000000
-62981145490490887/100000000000000000
-246857338665216137/400000000000000000
-120895047684234363/200000000000000000
-47344570414344263/80000000000000000
-14478475548435869/25000000000000000
-226588365478226493/400000000000000000
-110760561090739541/200000000000000000
-216453878884731671/400000000000000000
-10569331779399213/20000000000000000
-206319392291236849/400000000000000000
-100626074497244719/200000000000000000
-196184905697742027/400000000000000000
-23889707800124327/50000000000000000
-37210083820849441/80000000000000000
-90491587903749897/200000000000000000
-175915932510752383/400000000000000000
-42712172303501243/100000000000000000
-165781445917257561/400000000000000000
-3214284052410203/8000000000000000
-155646959323762739/400000000000000000
-4705616125844229/12500000000000000
-145512472730267917/400000000000000000
-70222614716760253/200000000000000000
-27075597227354619/80000000000000000
-32577685710006421/100000000000000000
-125243499543278273/400000000000000000
-60088128123265431/200000000000000000
-115109012949783451/400000000000000000
-2751044241325901/10000000000000000

y-grades
999993/4000000
999993/2000000
2999979/4000000
999993/1000000
999993/800000
2999979/2000000
6999951/4000000
999993/500000
8999937/4000000
999993/400000
10999923/4000000
2999979/1000000
12999909/4000000
6999951/2000000
2999979/800000
999993/250000
16999881/4000000
8999937/2000000
18999867/4000000
999993/200000
20999853/4000000
10999923/2000000
22999839/4000000
2999979/500000
999993/160000
12999909/2000000
26999811/4000000
6999951/1000000
28999797/4000000
2999979/400000
30999783/4000000
999993/125000
32999769/4000000
16999881/2000000
6999951/800000
8999937/1000000
36999741/4000000
18999867/2000000
38999727/4000000
999993/100000

Dimensions > 0:
(0, 0, 1)
(0, 1, 1)
(0, 2, 1)
(0, 3, 1)
(0, 4, 1)
(0, 5, 1)
(0, 6, 1)
(0, 7, 1)
(0, 8, 1)
(0, 9, 1)
(0, 10, 1)
(0, 11, 1)
(0, 12, 1)
(0, 13, 1)
(0, 14, 1)
(0, 15, 1)
(0, 16, 1)
(0, 17, 1)
(0, 18, 1)
(0, 19, 1)
(0, 20, 1)
(0, 21, 1)
(0, 22, 1)
(0, 23, 1)
(0, 24, 1)
(0, 25, 1)
(0, 26, 1)
(0, 27, 1)
(0, 28, 1)
(0, 29, 1)
(0, 30, 1)
(0, 31, 1)
(0, 32, 1)
(0, 33, 1)
(0, 34, 1)
(0, 35, 1)
(0, 36, 1)
(0, 37, 1)
(0, 38, 1)
(0, 39, 1)

(1, 0, 2)
(1, 1, 2)
(1, 2, 2)
(1, 3, 1)
(1, 4, 1)
(1, 5, 1)
(1, 6, 1)
(1, 7, 1)
(1, 8, 1)
(1, 9, 1)
(1, 10, 1)
(1, 11, 1)
(1, 12, 1)
(1, 13, 1)
(1, 14, 1)
(1, 15, 1)
(1, 16, 1)
(1, 17, 1)
(1, 18, 1)
(1, 19, 1)
(1, 20, 1)
(1, 21, 1)
(1, 22, 1)
(1, 23, 1)
(1, 24, 1)
(1, 25, 1)
(1, 26, 1)
(1, 27, 1)
(1, 28, 1)
(1, 29, 1)
(1, 30, 1)
(1, 31, 1)
(1, 32, 1)
(1, 33, 1)
(1, 34, 1)
(1, 35, 1)
(1, 36, 1)
(1, 37, 1)
(1, 38, 1)
(1, 39, 1)

(2, 0, 2)
(2, 1, 2)
(2, 2, 2)
(2, 3, 1)
(2, 4, 1)
(2, 5, 1)
(2, 6, 1)
(2, 7, 1)
(2, 8, 1)
(2, 9, 1)
(2, 10, 1)
(2, 11, 1)
(2, 12, 1)
(2, 13, 1)
(2, 14, 1)
(2, 15, 1)
(2, 16, 1)
(2, 17, 1)
(2, 18, 1)
(2, 19, 1)
(2, 20, 1)
(2, 21, 1)
(2, 22, 1)
(2, 23, 1)
(2, 24, 1)
(2, 25, 1)
(2, 26, 1)
(2, 27, 1)
(2, 28, 1)
(2, 29, 1)
(2, 30, 1)
(2, 31, 1)
(2, 32, 1)
(2, 33, 1)
(2, 34, 1)
(2, 35, 1)
(2, 36, 1)
(2, 37, 1)
(2, 38, 1)
(2, 39, 1)

(3, 0, 6)
(3, 1, 6)
(3, 2, 6)
(3, 3, 5)
(3, 4, 5)
(3, 5, 5)
(3, 6, 5)
(3, 7, 5)
(3, 8, 4)
(3, 9, 3)
(3, 10, 3)
(3, 11, 3)
(3, 12, 3)
(3, 13, 2)
(3, 14, 2)
(3, 15, 2)
(3, 16, 2)
(3, 17, 2)
(3, 18, 2)
(3, 19, 2)
(3, 20, 2)
(3, 21, 2)
(3, 22, 2)
(3, 23, 2)
(3, 24, 2)
(3, 25, 2)
(3, 26, 2)
(3, 27, 2)
(3, 28, 2)
(3, 29, 2)
(3, 30, 2)
(3, 31, 2)
(3, 32, 2)
(3, 33, 2)
(3, 34, 2)
(3, 35, 2)
(3, 36, 2)
(3, 37, 2)
(3, 38, 2)
(3, 39, 2)

(4, 0, 10)
(4, 1, 10)
(4, 2, 10)
(4, 3, 9)
(4, 4, 6)
(4, 5, 6)
(4, 6, 5)
(4, 7, 5)
(4, 8, 3)
(4, 9, 3)
(4, 10, 3)
(4, 11, 3)
(4, 12, 3)
(4, 13, 2)
(4, 14, 2)
(4, 15, 2)
(4, 16, 2)
(4, 17, 2)
(4, 18, 2)
(4, 19, 2)
(4, 20, 2)
(4, 21, 2)
(4, 22, 2)
(4, 23, 2)
(4, 24, 2)
(4, 25, 2)
(4, 26, 2)
(4, 27, 2)
(4, 28, 2)
(4, 29, 2)
(4, 30, 1)
(4, 31, 1)
(4, 32, 1)
(4, 33, 1)
(4, 34, 1)
(4, 35, 1)
(4, 36, 1)
(4, 37, 1)
(4, 38, 1)
(4, 39, 1)

(5, 0, 17)
(5, 1, 17)
(5, 2, 17)
(5, 3, 15)
(5, 4, 9)
(5, 5, 7)
(5, 6, 6)
(5, 7, 6)
(5, 8, 2)
(5, 9, 2)
(5, 10, 2)
(5, 11, 2)
(5, 12, 2)
(5, 13, 2)
(5, 14, 2)
(5, 15, 2)
(5, 16, 2)
(5, 17, 2)
(5, 18, 1)
(5, 19, 1)
(5, 20, 1)
(5, 21, 1)
(5, 22, 1)
(5, 23, 1)
(5, 24, 1)
(5, 25, 1)
(5, 26, 1)
(5, 27, 1)
(5, 28, 1)
(5, 29, 1)
(5, 30, 1)
(5, 31, 1)
(5, 32, 1)
(5, 33, 1)
(5, 34, 1)
(5, 35, 1)
(5, 36, 1)
(5, 37, 1)
(5, 38, 1)
(5, 39, 1)

(6, 0, 22)
(6, 1, 22)
(6, 2, 22)
(6, 3, 19)
(6, 4, 11)
(6, 5, 9)
(6, 6, 6)
(6, 7, 6)
(6, 8, 3)
(6, 9, 1)
(6, 10, 1)
(6, 11, 1)
(6, 12, 1)
(6, 13, 1)
(6, 14, 1)
(6, 15, 1)
(6, 16, 1)
(6, 17, 1)
(6, 18, 1)
(6, 19, 1)
(6, 20, 1)
(6, 21, 1)
(6, 22, 1)
(6, 23, 1)
(6, 24, 1)
(6, 25, 1)
(6, 26, 1)
(6, 27, 1)
(6, 28, 1)
(6, 29, 1)
(6, 30, 1)
(6, 31, 1)
(6, 32, 1)
(6, 33, 1)
(6, 34, 1)
(6, 35, 1)
(6, 36, 1)
(6, 37, 1)
(6, 38, 1)
(6, 39, 1)

(7, 0, 26)
(7, 1, 26)
(7, 2, 26)
(7, 3, 21)
(7, 4, 13)
(7, 5, 10)
(7, 6, 7)
(7, 7, 6)
(7, 8, 2)
(7, 9, 1)
(7, 10, 1)
(7, 11, 1)
(7, 12, 1)
(7, 13, 1)
(7, 14, 1)
(7, 15, 1)
(7, 16, 1)
(7, 17, 1)
(7, 18, 1)
(7, 19, 1)
(7, 20, 1)
(7, 21, 1)
(7, 22, 1)
(7, 23, 1)
(7, 24, 1)
(7, 25, 1)
(7, 26, 1)
(7, 27, 1)
(7, 28, 1)
(7, 29, 1)
(7, 30, 1)
(7, 31, 1)
(7, 32, 1)
(7, 33, 1)
(7, 34, 1)
(7, 35, 1)
(7, 36, 1)
(7, 37, 1)
(7, 38, 1)
(7, 39, 1)

(8, 0, 32)
(8, 1, 32)
(8, 2, 32)
(8, 3, 27)
(8, 4, 18)
(8, 5, 15)
(8, 6, 12)
(8, 7, 11)
(8, 8, 6)
(8, 9, 4)
(8, 10, 4)
(8, 11, 4)
(8, 12, 4)
(8, 13, 4)
(8, 14, 4)
(8, 15, 4)
(8, 16, 4)
(8, 17, 4)
(8, 18, 3)
(8, 19, 3)
(8, 20, 3)
(8, 21, 3)
(8, 22, 3)
(8, 23, 3)
(8, 24, 3)
(8, 25, 3)
(8, 26, 3)
(8, 27, 3)
(8, 28, 3)
(8, 29, 3)
(8, 30, 3)
(8, 31, 3)
(8, 32, 3)
(8, 33, 3)
(8, 34, 3)
(8, 35, 3)
(8, 36, 3)
(8, 37, 3)
(8, 38, 3)
(8, 39, 3)

(9, 0, 36)
(9, 1, 36)
(9, 2, 36)
(9, 3, 31)
(9, 4, 20)
(9, 5, 17)
(9, 6, 14)
(9, 7, 12)
(9, 8, 6)
(9, 9, 4)
(9, 10, 4)
(9, 11, 4)
(9, 12, 4)
(9, 13, 4)
(9, 14, 4)
(9, 15, 4)
(9, 16, 4)
(9, 17, 4)
(9, 18, 3)
(9, 19, 3)
(9, 20, 3)
(9, 21, 3)
(9, 22, 3)
(9, 23, 3)
(9, 24, 3)
(9, 25, 3)
(9, 26, 3)
(9, 27, 3)
(9, 28, 3)
(9, 29, 3)
(9, 30, 3)
(9, 31, 3)
(9, 32, 3)
(9, 33, 3)
(9, 34, 3)
(9, 35, 3)
(9, 36, 3)
(9, 37, 3)
(9, 38, 3)
(9, 39, 3)

(10, 0, 46)
(10, 1, 45)
(10, 2, 45)
(10, 3, 38)
(10, 4, 25)
(10, 5, 21)
(10, 6, 17)
(10, 7, 15)
(10, 8, 8)
(10, 9, 6)
(10, 10, 6)
(10, 11, 5)
(10, 12, 4)
(10, 13, 4)
(10, 14, 4)
(10, 15, 4)
(10, 16, 4)
(10, 17, 4)
(10, 18, 4)
(10, 19, 4)
(10, 20, 4)
(10, 21, 4)
(10, 22, 4)
(10, 23, 4)
(10, 24, 4)
(10, 25, 3)
(10, 26, 3)
(10, 27, 2)
(10, 28, 2)
(10, 29, 2)
(10, 30, 2)
(10, 31, 2)
(10, 32, 2)
(10, 33, 2)
(10, 34, 2)
(10, 35, 2)
(10, 36, 2)
(10, 37, 2)
(10, 38, 2)
(10, 39, 2)

(11, 0, 53)
(11, 1, 49)
(11, 2, 49)
(11, 3, 41)
(11, 4, 27)
(11, 5, 22)
(11, 6, 18)
(11, 7, 16)
(11, 8, 9)
(11, 9, 7)
(11, 10, 7)
(11, 11, 6)
(11, 12, 4)
(11, 13, 3)
(11, 14, 3)
(11, 15, 2)
(11, 16, 2)
(11, 17, 2)
(11, 18, 2)
(11, 19, 2)
(11, 20, 2)
(11, 21, 2)
(11, 22, 2)
(11, 23, 2)
(11, 24, 2)
(11, 25, 2)
(11, 26, 2)
(11, 27, 2)
(11, 28, 2)
(11, 29, 2)
(11, 30, 2)
(11, 31, 2)
(11, 32, 2)
(11, 33, 2)
(11, 34, 2)
(11, 35, 2)
(11, 36, 2)
(11, 37, 2)
(11, 38, 2)
(11, 39, 2)

(12, 0, 71)
(12, 1, 66)
(12, 2, 64)
(12, 3, 54)
(12, 4, 34)
(12, 5, 26)
(12, 6, 21)
(12, 7, 19)
(12, 8, 10)
(12, 9, 7)
(12, 10, 6)
(12, 11, 5)
(12, 12, 2)
(12, 13, 2)
(12, 14, 2)
(12, 15, 1)
(12, 16, 1)
(12, 17, 1)
(12, 18, 1)
(12, 19, 1)
(12, 20, 1)
(12, 21, 1)
(12, 22, 1)
(12, 23, 1)
(12, 24, 1)
(12, 25, 1)
(12, 26, 1)
(12, 27, 1)
(12, 28, 1)
(12, 29, 1)
(12, 30, 1)
(12, 31, 1)
(12, 32, 1)
(12, 33, 1)
(12, 34, 1)
(12, 35, 1)
(12, 36, 1)
(12, 37, 1)
(12, 38, 1)
(12, 39, 1)

(13, 0, 90)
(13, 1, 76)
(13, 2, 72)
(13, 3, 57)
(13, 4, 33)
(13, 5, 25)
(13, 6, 21)
(13, 7, 18)
(13, 8, 9)
(13, 9, 6)
(13, 10, 4)
(13, 11, 3)
(13, 12, 2)
(13, 13, 2)
(13, 14, 2)
(13, 15, 1)
(13, 16, 1)
(13, 17, 1)
(13, 18, 1)
(13, 19, 1)
(13, 20, 1)
(13, 21, 1)
(13, 22, 1)
(13, 23, 1)
(13, 24, 1)
(13, 25, 1)
(13, 26, 1)
(13, 27, 1)
(13, 28, 1)
(13, 29, 1)
(13, 30, 1)
(13, 31, 1)
(13, 32, 1)
(13, 33, 1)
(13, 34, 1)
(13, 35, 1)
(13, 36, 1)
(13, 37, 1)
(13, 38, 1)
(13, 39, 1)

(14, 0, 111)
(14, 1, 88)
(14, 2, 81)
(14, 3, 58)
(14, 4, 33)
(14, 5, 25)
(14, 6, 22)
(14, 7, 20)
(14, 8, 10)
(14, 9, 6)
(14, 10, 5)
(14, 11, 4)
(14, 12, 3)
(14, 13, 3)
(14, 14, 3)
(14, 15, 2)
(14, 16, 2)
(14, 17, 2)
(14, 18, 2)
(14, 19, 2)
(14, 20, 2)
(14, 21, 2)
(14, 22, 2)
(14, 23, 2)
(14, 24, 2)
(14, 25, 2)
(14, 26, 2)
(14, 27, 2)
(14, 28, 2)
(14, 29, 2)
(14, 30, 2)
(14, 31, 2)
(14, 32, 2)
(14, 33, 2)
(14, 34, 2)
(14, 35, 2)
(14, 36, 2)
(14, 37, 2)
(14, 38, 2)
(14, 39, 2)

(15, 0, 121)
(15, 1, 97)
(15, 2, 87)
(15, 3, 62)
(15, 4, 33)
(15, 5, 26)
(15, 6, 23)
(15, 7, 21)
(15, 8, 10)
(15, 9, 6)
(15, 10, 5)
(15, 11, 4)
(15, 12, 3)
(15, 13, 3)
(15, 14, 3)
(15, 15, 2)
(15, 16, 2)
(15, 17, 2)
(15, 18, 2)
(15, 19, 2)
(15, 20, 2)
(15, 21, 2)
(15, 22, 2)
(15, 23, 2)
(15, 24, 2)
(15, 25, 2)
(15, 26, 2)
(15, 27, 2)
(15, 28, 2)
(15, 29, 2)
(15, 30, 2)
(15, 31, 2)
(15, 32, 2)
(15, 33, 2)
(15, 34, 2)
(15, 35, 2)
(15, 36, 2)
(15, 37, 2)
(15, 38, 2)
(15, 39, 2)

(16, 0, 141)
(16, 1, 113)
(16, 2, 101)
(16, 3, 75)
(16, 4, 37)
(16, 5, 29)
(16, 6, 22)
(16, 7, 19)
(16, 8, 10)
(16, 9, 6)
(16, 10, 5)
(16, 11, 3)
(16, 12, 2)
(16, 13, 2)
(16, 14, 2)
(16, 15, 2)
(16, 16, 2)
(16, 17, 2)
(16, 18, 2)
(16, 19, 2)
(16, 20, 2)
(16, 21, 2)
(16, 22, 2)
(16, 23, 2)
(16, 24, 2)
(16, 25, 2)
(16, 26, 2)
(16, 27, 2)
(16, 28, 2)
(16, 29, 2)
(16, 30, 2)
(16, 31, 2)
(16, 32, 2)
(16, 33, 2)
(16, 34, 2)
(16, 35, 2)
(16, 36, 2)
(16, 37, 2)
(16, 38, 2)
(16, 39, 2)

(17, 0, 165)
(17, 1, 131)
(17, 2, 116)
(17, 3, 89)
(17, 4, 42)
(17, 5, 31)
(17, 6, 26)
(17, 7, 23)
(17, 8, 13)
(17, 9, 5)
(17, 10, 4)
(17, 11, 3)
(17, 12, 3)
(17, 13, 3)
(17, 14, 3)
(17, 15, 3)
(17, 16, 3)
(17, 17, 3)
(17, 18, 3)
(17, 19, 3)
(17, 20, 3)
(17, 21, 3)
(17, 22, 3)
(17, 23, 3)
(17, 24, 3)
(17, 25, 3)
(17, 26, 3)
(17, 27, 3)
(17, 28, 3)
(17, 29, 3)
(17, 30, 3)
(17, 31, 3)
(17, 32, 3)
(17, 33, 3)
(17, 34, 3)
(17, 35, 3)
(17, 36, 3)
(17, 37, 3)
(17, 38, 3)
(17, 39, 3)

(18, 0, 182)
(18, 1, 144)
(18, 2, 126)
(18, 3, 96)
(18, 4, 45)
(18, 5, 35)
(18, 6, 27)
(18, 7, 23)
(18, 8, 12)
(18, 9, 6)
(18, 10, 5)
(18, 11, 4)
(18, 12, 4)
(18, 13, 4)
(18, 14, 4)
(18, 15, 4)
(18, 16, 4)
(18, 17, 4)
(18, 18, 4)
(18, 19, 4)
(18, 20, 4)
(18, 21, 4)
(18, 22, 4)
(18, 23, 4)
(18, 24, 4)
(18, 25, 4)
(18, 26, 4)
(18, 27, 4)
(18, 28, 4)
(18, 29, 4)
(18, 30, 4)
(18, 31, 4)
(18, 32, 4)
(18, 33, 4)
(18, 34, 4)
(18, 35, 4)
(18, 36, 4)
(18, 37, 4)
(18, 38, 4)
(18, 39, 4)

(19, 0, 208)
(19, 1, 157)
(19, 2, 137)
(19, 3, 102)
(19, 4, 44)
(19, 5, 32)
(19, 6, 26)
(19, 7, 23)
(19, 8, 12)
(19, 9, 6)
(19, 10, 5)
(19, 11, 4)
(19, 12, 4)
(19, 13, 4)
(19, 14, 4)
(19, 15, 4)
(19, 16, 4)
(19, 17, 4)
(19, 18, 4)
(19, 19, 4)
(19, 20, 4)
(19, 21, 4)
(19, 22, 4)
(19, 23, 4)
(19, 24, 4)
(19, 25, 4)
(19, 26, 4)
(19, 27, 4)
(19, 28, 4)
(19, 29, 4)
(19, 30, 4)
(19, 31, 4)
(19, 32, 4)
(19, 33, 4)
(19, 34, 4)
(19, 35, 4)
(19, 36, 4)
(19, 37, 4)
(19, 38, 4)
(19, 39, 4)

(20, 0, 237)
(20, 1, 179)
(20, 2, 149)
(20, 3, 106)
(20, 4, 48)
(20, 5, 33)
(20, 6, 26)
(20, 7, 23)
(20, 8, 13)
(20, 9, 8)
(20, 10, 7)
(20, 11, 5)
(20, 12, 5)
(20, 13, 5)
(20, 14, 5)
(20, 15, 5)
(20, 16, 5)
(20, 17, 5)
(20, 18, 5)
(20, 19, 5)
(20, 20, 5)
(20, 21, 5)
(20, 22, 5)
(20, 23, 5)
(20, 24, 5)
(20, 25, 5)
(20, 26, 5)
(20, 27, 5)
(20, 28, 5)
(20, 29, 5)
(20, 30, 5)
(20, 31, 5)
(20, 32, 5)
(20, 33, 5)
(20, 34, 5)
(20, 35, 5)
(20, 36, 5)
(20, 37, 5)
(20, 38, 5)
(20, 39, 5)

(21, 0, 256)
(21, 1, 195)
(21, 2, 157)
(21, 3, 110)
(21, 4, 51)
(21, 5, 35)
(21, 6, 28)
(21, 7, 25)
(21, 8, 15)
(21, 9, 9)
(21, 10, 8)
(21, 11, 6)
(21, 12, 6)
(21, 13, 6)
(21, 14, 6)
(21, 15, 6)
(21, 16, 6)
(21, 17, 6)
(21, 18, 6)
(21, 19, 6)
(21, 20, 6)
(21, 21, 6)
(21, 22, 6)
(21, 23, 6)
(21, 24, 6)
(21, 25, 6)
(21, 26, 5)
(21, 27, 5)
(21, 28, 5)
(21, 29, 5)
(21, 30, 5)
(21, 31, 5)
(21, 32, 5)
(21, 33, 5)
(21, 34, 5)
(21, 35, 5)
(21, 36, 5)
(21, 37, 5)
(21, 38, 5)
(21, 39, 5)

(22, 0, 274)
(22, 1, 212)
(22, 2, 171)
(22, 3, 123)
(22, 4, 54)
(22, 5, 37)
(22, 6, 30)
(22, 7, 27)
(22, 8, 16)
(22, 9, 9)
(22, 10, 8)
(22, 11, 6)
(22, 12, 5)
(22, 13, 5)
(22, 14, 5)
(22, 15, 5)
(22, 16, 5)
(22, 17, 5)
(22, 18, 5)
(22, 19, 5)
(22, 20, 5)
(22, 21, 5)
(22, 22, 5)
(22, 23, 5)
(22, 24, 5)
(22, 25, 5)
(22, 26, 5)
(22, 27, 5)
(22, 28, 5)
(22, 29, 5)
(22, 30, 5)
(22, 31, 5)
(22, 32, 5)
(22, 33, 5)
(22, 34, 5)
(22, 35, 5)
(22, 36, 5)
(22, 37, 5)
(22, 38, 5)
(22, 39, 5)

(23, 0, 288)
(23, 1, 226)
(23, 2, 184)
(23, 3, 133)
(23, 4, 56)
(23, 5, 39)
(23, 6, 31)
(23, 7, 27)
(23, 8, 17)
(23, 9, 9)
(23, 10, 8)
(23, 11, 6)
(23, 12, 6)
(23, 13, 6)
(23, 14, 6)
(23, 15, 6)
(23, 16, 6)
(23, 17, 6)
(23, 18, 6)
(23, 19, 6)
(23, 20, 6)
(23, 21, 6)
(23, 22, 6)
(23, 23, 5)
(23, 24, 5)
(23, 25, 5)
(23, 26, 5)
(23, 27, 5)
(23, 28, 5)
(23, 29, 4)
(23, 30, 4)
(23, 31, 4)
(23, 32, 4)
(23, 33, 4)
(23, 34, 4)
(23, 35, 4)
(23, 36, 3)
(23, 37, 3)
(23, 38, 3)
(23, 39, 3)

(24, 0, 313)
(24, 1, 248)
(24, 2, 204)
(24, 3, 150)
(24, 4, 60)
(24, 5, 42)
(24, 6, 33)
(24, 7, 28)
(24, 8, 18)
(24, 9, 10)
(24, 10, 8)
(24, 11, 6)
(24, 12, 6)
(24, 13, 6)
(24, 14, 6)
(24, 15, 6)
(24, 16, 5)
(24, 17, 5)
(24, 18, 5)
(24, 19, 4)
(24, 20, 4)
(24, 21, 4)
(24, 22, 4)
(24, 23, 4)
(24, 24, 4)
(24, 25, 4)
(24, 26, 4)
(24, 27, 4)
(24, 28, 4)
(24, 29, 3)
(24, 30, 3)
(24, 31, 3)
(24, 32, 3)
(24, 33, 3)
(24, 34, 3)
(24, 35, 2)
(24, 36, 2)
(24, 37, 2)
(24, 38, 2)
(24, 39, 2)

(25, 0, 330)
(25, 1, 258)
(25, 2, 210)
(25, 3, 156)
(25, 4, 63)
(25, 5, 40)
(25, 6, 32)
(25, 7, 28)
(25, 8, 17)
(25, 9, 9)
(25, 10, 8)
(25, 11, 6)
(25, 12, 6)
(25, 13, 6)
(25, 14, 6)
(25, 15, 6)
(25, 16, 5)
(25, 17, 4)
(25, 18, 4)
(25, 19, 4)
(25, 20, 4)
(25, 21, 4)
(25, 22, 4)
(25, 23, 4)
(25, 24, 4)
(25, 25, 3)
(25, 26, 3)
(25, 27, 3)
(25, 28, 3)
(25, 29, 2)
(25, 30, 2)
(25, 31, 2)
(25, 32, 2)
(25, 33, 2)
(25, 34, 2)
(25, 35, 2)
(25, 36, 2)
(25, 37, 2)
(25, 38, 2)
(25, 39, 2)

(26, 0, 351)
(26, 1, 275)
(26, 2, 225)
(26, 3, 167)
(26, 4, 68)
(26, 5, 45)
(26, 6, 38)
(26, 7, 31)
(26, 8, 18)
(26, 9, 9)
(26, 10, 7)
(26, 11, 5)
(26, 12, 5)
(26, 13, 5)
(26, 14, 5)
(26, 15, 5)
(26, 16, 5)
(26, 17, 3)
(26, 18, 3)
(26, 19, 3)
(26, 20, 3)
(26, 21, 3)
(26, 22, 3)
(26, 23, 3)
(26, 24, 3)
(26, 25, 3)
(26, 26, 3)
(26, 27, 3)
(26, 28, 3)
(26, 29, 2)
(26, 30, 2)
(26, 31, 2)
(26, 32, 2)
(26, 33, 1)
(26, 34, 1)
(26, 35, 1)
(26, 36, 1)
(26, 37, 1)
(26, 38, 1)
(26, 39, 1)

(27, 0, 371)
(27, 1, 289)
(27, 2, 238)
(27, 3, 177)
(27, 4, 70)
(27, 5, 44)
(27, 6, 35)
(27, 7, 30)
(27, 8, 17)
(27, 9, 9)
(27, 10, 7)
(27, 11, 5)
(27, 12, 5)
(27, 13, 5)
(27, 14, 5)
(27, 15, 5)
(27, 16, 5)
(27, 17, 3)
(27, 18, 3)
(27, 19, 3)
(27, 20, 3)
(27, 21, 3)
(27, 22, 3)
(27, 23, 3)
(27, 24, 3)
(27, 25, 3)
(27, 26, 3)
(27, 27, 3)
(27, 28, 2)
(27, 29, 1)
(27, 30, 1)
(27, 31, 1)
(27, 32, 1)
(27, 33, 1)
(27, 34, 1)
(27, 35, 1)
(27, 36, 1)
(27, 37, 1)
(27, 38, 1)
(27, 39, 1)

(28, 0, 400)
(28, 1, 313)
(28, 2, 260)
(28, 3, 194)
(28, 4, 77)
(28, 5, 48)
(28, 6, 37)
(28, 7, 30)
(28, 8, 15)
(28, 9, 8)
(28, 10, 7)
(28, 11, 5)
(28, 12, 5)
(28, 13, 5)
(28, 14, 5)
(28, 15, 4)
(28, 16, 4)
(28, 17, 3)
(28, 18, 3)
(28, 19, 2)
(28, 20, 2)
(28, 21, 2)
(28, 22, 2)
(28, 23, 2)
(28, 24, 2)
(28, 25, 2)
(28, 26, 2)
(28, 27, 2)
(28, 28, 2)
(28, 29, 1)
(28, 30, 1)
(28, 31, 1)
(28, 32, 1)
(28, 33, 1)
(28, 34, 1)
(28, 35, 1)
(28, 36, 1)
(28, 37, 1)
(28, 38, 1)
(28, 39, 1)

(29, 0, 425)
(29, 1, 335)
(29, 2, 279)
(29, 3, 210)
(29, 4, 77)
(29, 5, 47)
(29, 6, 36)
(29, 7, 29)
(29, 8, 14)
(29, 9, 7)
(29, 10, 6)
(29, 11, 4)
(29, 12, 3)
(29, 13, 3)
(29, 14, 3)
(29, 15, 3)
(29, 16, 3)
(29, 17, 2)
(29, 18, 2)
(29, 19, 2)
(29, 20, 2)
(29, 21, 2)
(29, 22, 2)
(29, 23, 2)
(29, 24, 2)
(29, 25, 2)
(29, 26, 2)
(29, 27, 2)
(29, 28, 2)
(29, 29, 1)
(29, 30, 1)
(29, 31, 1)
(29, 32, 1)
(29, 33, 1)
(29, 34, 1)
(29, 35, 1)
(29, 36, 1)
(29, 37, 1)
(29, 38, 1)
(29, 39, 1)

(30, 0, 448)
(30, 1, 353)
(30, 2, 297)
(30, 3, 222)
(30, 4, 77)
(30, 5, 49)
(30, 6, 39)
(30, 7, 32)
(30, 8, 15)
(30, 9, 7)
(30, 10, 6)
(30, 11, 4)
(30, 12, 4)
(30, 13, 4)
(30, 14, 4)
(30, 15, 4)
(30, 16, 4)
(30, 17, 3)
(30, 18, 3)
(30, 19, 3)
(30, 20, 3)
(30, 21, 2)
(30, 22, 2)
(30, 23, 2)
(30, 24, 2)
(30, 25, 2)
(30, 26, 2)
(30, 27, 2)
(30, 28, 2)
(30, 29, 1)
(30, 30, 1)
(30, 31, 1)
(30, 32, 1)
(30, 33, 1)
(30, 34, 1)
(30, 35, 1)
(30, 36, 1)
(30, 37, 1)
(30, 38, 1)
(30, 39, 1)

(31, 0, 485)
(31, 1, 384)
(31, 2, 319)
(31, 3, 239)
(31, 4, 80)
(31, 5, 49)
(31, 6, 39)
(31, 7, 33)
(31, 8, 15)
(31, 9, 7)
(31, 10, 6)
(31, 11, 4)
(31, 12, 4)
(31, 13, 4)
(31, 14, 4)
(31, 15, 4)
(31, 16, 4)
(31, 17, 2)
(31, 18, 2)
(31, 19, 2)
(31, 20, 2)
(31, 21, 2)
(31, 22, 2)
(31, 23, 2)
(31, 24, 2)
(31, 25, 2)
(31, 26, 2)
(31, 27, 2)
(31, 28, 2)
(31, 29, 1)
(31, 30, 1)
(31, 31, 1)
(31, 32, 1)
(31, 33, 1)
(31, 34, 1)
(31, 35, 1)
(31, 36, 1)
(31, 37, 1)
(31, 38, 1)
(31, 39, 1)

(32, 0, 511)
(32, 1, 402)
(32, 2, 330)
(32, 3, 246)
(32, 4, 80)
(32, 5, 49)
(32, 6, 39)
(32, 7, 34)
(32, 8, 16)
(32, 9, 7)
(32, 10, 5)
(32, 11, 3)
(32, 12, 3)
(32, 13, 3)
(32, 14, 3)
(32, 15, 3)
(32, 16, 3)
(32, 17, 2)
(32, 18, 2)
(32, 19, 2)
(32, 20, 2)
(32, 21, 2)
(32, 22, 2)
(32, 23, 2)
(32, 24, 2)
(32, 25, 2)
(32, 26, 2)
(32, 27, 2)
(32, 28, 2)
(32, 29, 1)
(32, 30, 1)
(32, 31, 1)
(32, 32, 1)
(32, 33, 1)
(32, 34, 1)
(32, 35, 1)
(32, 36, 1)
(32, 37, 1)
(32, 38, 1)
(32, 39, 1)

(33, 0, 546)
(33, 1, 426)
(33, 2, 349)
(33, 3, 263)
(33, 4, 83)
(33, 5, 51)
(33, 6, 41)
(33, 7, 36)
(33, 8, 15)
(33, 9, 6)
(33, 10, 5)
(33, 11, 3)
(33, 12, 3)
(33, 13, 3)
(33, 14, 3)
(33, 15, 3)
(33, 16, 3)
(33, 17, 2)
(33, 18, 2)
(33, 19, 2)
(33, 20, 2)
(33, 21, 2)
(33, 22, 2)
(33, 23, 2)
(33, 24, 2)
(33, 25, 2)
(33, 26, 2)
(33, 27, 2)
(33, 28, 2)
(33, 29, 1)
(33, 30, 1)
(33, 31, 1)
(33, 32, 1)
(33, 33, 1)
(33, 34, 1)
(33, 35, 1)
(33, 36, 1)
(33, 37, 1)
(33, 38, 1)
(33, 39, 1)

(34, 0, 570)
(34, 1, 445)
(34, 2, 366)
(34, 3, 274)
(34, 4, 84)
(34, 5, 51)
(34, 6, 42)
(34, 7, 36)
(34, 8, 15)
(34, 9, 6)
(34, 10, 5)
(34, 11, 3)
(34, 12, 3)
(34, 13, 3)
(34, 14, 3)
(34, 15, 3)
(34, 16, 3)
(34, 17, 2)
(34, 18, 2)
(34, 19, 2)
(34, 20, 2)
(34, 21, 2)
(34, 22, 2)
(34, 23, 2)
(34, 24, 2)
(34, 25, 2)
(34, 26, 2)
(34, 27, 2)
(34, 28, 2)
(34, 29, 1)
(34, 30, 1)
(34, 31, 1)
(34, 32, 1)
(34, 33, 1)
(34, 34, 1)
(34, 35, 1)
(34, 36, 1)
(34, 37, 1)
(34, 38, 1)
(34, 39, 1)

(35, 0, 604)
(35, 1, 471)
(35, 2, 383)
(35, 3, 285)
(35, 4, 88)
(35, 5, 53)
(35, 6, 43)
(35, 7, 36)
(35, 8, 14)
(35, 9, 6)
(35, 10, 5)
(35, 11, 3)
(35, 12, 3)
(35, 13, 3)
(35, 14, 3)
(35, 15, 3)
(35, 16, 3)
(35, 17, 2)
(35, 18, 2)
(35, 19, 2)
(35, 20, 2)
(35, 21, 2)
(35, 22, 2)
(35, 23, 2)
(35, 24, 2)
(35, 25, 2)
(35, 26, 2)
(35, 27, 2)
(35, 28, 2)
(35, 29, 1)
(35, 30, 1)
(35, 31, 1)
(35, 32, 1)
(35, 33, 1)
(35, 34, 1)
(35, 35, 1)
(35, 36, 1)
(35, 37, 1)
(35, 38, 1)
(35, 39, 1)

(36, 0, 633)
(36, 1, 492)
(36, 2, 399)
(36, 3, 294)
(36, 4, 89)
(36, 5, 52)
(36, 6, 43)
(36, 7, 36)
(36, 8, 14)
(36, 9, 6)
(36, 10, 5)
(36, 11, 3)
(36, 12, 3)
(36, 13, 3)
(36, 14, 3)
(36, 15, 3)
(36, 16, 3)
(36, 17, 2)
(36, 18, 2)
(36, 19, 2)
(36, 20, 2)
(36, 21, 2)
(36, 22, 2)
(36, 23, 2)
(36, 24, 2)
(36, 25, 2)
(36, 26, 2)
(36, 27, 2)
(36, 28, 2)
(36, 29, 1)
(36, 30, 1)
(36, 31, 1)
(36, 32, 1)
(36, 33, 1)
(36, 34, 1)
(36, 35, 1)
(36, 36, 1)
(36, 37, 1)
(36, 38, 1)
(36, 39, 1)

(37, 0, 656)
(37, 1, 509)
(37, 2, 409)
(37, 3, 303)
(37, 4, 90)
(37, 5, 54)
(37, 6, 44)
(37, 7, 37)
(37, 8, 14)
(37, 9, 6)
(37, 10, 5)
(37, 11, 3)
(37, 12, 3)
(37, 13, 3)
(37, 14, 3)
(37, 15, 3)
(37, 16, 3)
(37, 17, 2)
(37, 18, 2)
(37, 19, 2)
(37, 20, 2)
(37, 21, 2)
(37, 22, 2)
(37, 23, 2)
(37, 24, 2)
(37, 25, 2)
(37, 26, 2)
(37, 27, 2)
(37, 28, 2)
(37, 29, 1)
(37, 30, 1)
(37, 31, 1)
(37, 32, 1)
(37, 33, 1)
(37, 34, 1)
(37, 35, 1)
(37, 36, 1)
(37, 37, 1)
(37, 38, 1)
(37, 39, 1)

(38, 0, 677)
(38, 1, 521)
(38, 2, 419)
(38, 3, 308)
(38, 4, 91)
(38, 5, 55)
(38, 6, 45)
(38, 7, 37)
(38, 8, 14)
(38, 9, 6)
(38, 10, 5)
(38, 11, 3)
(38, 12, 3)
(38, 13, 3)
(38, 14, 3)
(38, 15, 3)
(38, 16, 3)
(38, 17, 2)
(38, 18, 2)
(38, 19, 2)
(38, 20, 2)
(38, 21, 2)
(38, 22, 2)
(38, 23, 2)
(38, 24, 2)
(38, 25, 2)
(38, 26, 2)
(38, 27, 2)
(38, 28, 2)
(38, 29, 1)
(38, 30, 1)
(38, 31, 1)
(38, 32, 1)
(38, 33, 1)
(38, 34, 1)
(38, 35, 1)
(38, 36, 1)
(38, 37, 1)
(38, 38, 1)
(38, 39, 1)

(39, 0, 688)
(39, 1, 526)
(39, 2, 418)
(39, 3, 305)
(39, 4, 91)
(39, 5, 54)
(39, 6, 44)
(39, 7, 37)
(39, 8, 14)
(39, 9, 6)
(39, 10, 5)
(39, 11, 3)
(39, 12, 3)
(39, 13, 3)
(39, 14, 3)
(39, 15, 3)
(39, 16, 3)
(39, 17, 2)
(39, 18, 2)
(39, 19, 2)
(39, 20, 2)
(39, 21, 2)
(39, 22, 2)
(39, 23, 2)
(39, 24, 2)
(39, 25, 2)
(39, 26, 2)
(39, 27, 2)
(39, 28, 2)
(39, 29, 1)
(39, 30, 1)
(39, 31, 1)
(39, 32, 1)
(39, 33, 1)
(39, 34, 1)
(39, 35, 1)
(39, 36, 1)
(39, 37, 1)
(39, 38, 1)
(39, 39, 1)


Betti numbers:
xi_0:
(0, 0, 1)
(1, 0, 1)
(3, 0, 4)
(4, 0, 4)
(5, 0, 7)
(6, 0, 5)
(7, 0, 4)
(8, 0, 6)
(9, 0, 4)
(10, 0, 10)
(11, 0, 7)
(12, 0, 18)
(13, 0, 19)
(14, 0, 21)
(15, 0, 10)
(16, 0, 20)
(17, 0, 24)
(18, 0, 17)
(19, 0, 26)
(20, 0, 29)
(21, 0, 19)
(22, 0, 18)
(23, 0, 14)
(24, 0, 25)
(25, 0, 17)
(26, 0, 21)
(27, 0, 20)
(28, 0, 29)
(29, 0, 25)
(30, 0, 23)
(31, 0, 37)
(32, 0, 26)
(33, 0, 35)
(34, 0, 24)
(35, 0, 34)
(36, 0, 29)
(37, 0, 23)
(38, 0, 21)
(39, 0, 11)
xi_1:
(1, 3, 1)
(3, 8, 1)
(3, 9, 1)
(3, 13, 1)
(4, 4, 3)
(4, 6, 1)
(4, 8, 1)
(4, 13, 1)
(4, 30, 1)
(5, 3, 1)
(5, 4, 3)
(5, 5, 2)
(5, 8, 3)
(5, 18, 1)
(6, 3, 1)
(6, 4, 2)
(6, 6, 2)
(6, 8, 1)
(6, 9, 2)
(7, 3, 2)
(7, 5, 1)
(7, 7, 1)
(7, 8, 1)
(8, 4, 1)
(8, 8, 1)
(8, 9, 1)
(8, 18, 1)
(9, 4, 2)
(9, 7, 1)
(9, 8, 1)
(9, 9, 1)
(10, 1, 1)
(10, 3, 2)
(10, 4, 2)
(10, 5, 1)
(10, 6, 1)
(10, 7, 1)
(10, 8, 2)
(10, 11, 1)
(10, 12, 1)
(10, 25, 1)
(10, 27, 1)
(11, 1, 3)
(11, 3, 1)
(11, 4, 1)
(11, 5, 1)
(11, 12, 1)
(11, 13, 1)
(11, 15, 1)
(12, 1, 1)
(12, 2, 2)
(12, 3, 2)
(12, 4, 6)
(12, 5, 3)
(12, 6, 2)
(12, 8, 2)
(12, 9, 1)
(12, 10, 1)
(12, 12, 1)
(13, 1, 9)
(13, 2, 2)
(13, 3, 5)
(13, 4, 6)
(13, 5, 2)
(13, 6, 1)
(13, 7, 1)
(13, 8, 1)
(13, 9, 1)
(13, 10, 1)
(14, 1, 9)
(14, 2, 3)
(14, 3, 8)
(14, 4, 3)
(14, 5, 1)
(14, 8, 1)
(14, 9, 1)
(15, 1, 1)
(15, 2, 3)
(15, 3, 2)
(15, 4, 5)
(15, 8, 1)
(16, 1, 4)
(16, 2, 2)
(16, 3, 1)
(16, 4, 9)
(16, 5, 1)
(16, 6, 4)
(16, 7, 1)
(16, 11, 1)
(17, 1, 6)
(17, 2, 3)
(17, 3, 1)
(17, 4, 9)
(17, 5, 3)
(17, 8, 1)
(17, 9, 4)
(18, 1, 4)
(18, 2, 3)
(18, 3, 3)
(18, 4, 4)
(18, 6, 3)
(18, 7, 1)
(18, 8, 2)
(19, 1, 13)
(19, 2, 2)
(19, 3, 5)
(19, 4, 10)
(19, 5, 2)
(19, 6, 1)
(20, 1, 7)
(20, 2, 10)
(20, 3, 8)
(20, 4, 3)
(20, 5, 3)
(20, 6, 1)
(20, 8, 1)
(20, 11, 1)
(21, 1, 3)
(21, 2, 8)
(21, 3, 4)
(21, 4, 3)
(21, 5, 1)
(21, 6, 1)
(21, 9, 1)
(21, 26, 1)
(22, 1, 1)
(22, 2, 3)
(22, 3, 2)
(22, 4, 10)
(22, 5, 2)
(22, 6, 1)
(22, 8, 1)
(22, 9, 2)
(22, 12, 1)
(23, 2, 1)
(23, 3, 3)
(23, 4, 8)
(23, 5, 1)
(23, 6, 1)
(23, 7, 1)
(23, 9, 1)
(23, 23, 1)
(23, 29, 1)
(23, 36, 1)
(24, 1, 3)
(24, 2, 2)
(24, 3, 3)
(24, 4, 13)
(24, 5, 2)
(24, 6, 1)
(24, 7, 1)
(24, 10, 1)
(24, 16, 1)
(24, 19, 1)
(24, 35, 1)
(25, 1, 7)
(25, 2, 4)
(25, 4, 3)
(25, 5, 5)
(25, 8, 1)
(25, 9, 1)
(25, 17, 1)
(25, 25, 1)
(26, 1, 4)
(26, 2, 2)
(26, 3, 4)
(26, 4, 6)
(26, 5, 2)
(26, 7, 3)
(26, 8, 2)
(26, 9, 1)
(26, 10, 1)
(26, 17, 1)
(26, 33, 1)
(27, 1, 6)
(27, 2, 3)
(27, 3, 4)
(27, 4, 8)
(27, 5, 4)
(27, 6, 2)
(27, 7, 1)
(27, 8, 1)
(27, 28, 1)
(28, 1, 5)
(28, 2, 2)
(28, 3, 5)
(28, 4, 10)
(28, 5, 4)
(28, 6, 2)
(28, 7, 3)
(28, 8, 3)
(28, 15, 1)
(28, 19, 1)
(29, 1, 3)
(29, 2, 3)
(29, 3, 3)
(29, 4, 16)
(29, 5, 3)
(29, 6, 1)
(29, 7, 1)
(29, 12, 1)
(30, 1, 5)
(30, 3, 6)
(30, 4, 12)
(30, 7, 1)
(30, 8, 2)
(30, 9, 1)
(30, 21, 1)
(31, 1, 6)
(31, 2, 9)
(31, 3, 5)
(31, 4, 14)
(31, 5, 5)
(31, 6, 2)
(31, 8, 1)
(31, 17, 1)
(32, 1, 8)
(32, 2, 7)
(32, 3, 4)
(32, 4, 7)
(32, 5, 2)
(32, 9, 1)
(32, 10, 1)
(33, 1, 11)
(33, 2, 5)
(33, 3, 2)
(33, 4, 14)
(33, 5, 2)
(33, 6, 1)
(33, 8, 3)
(34, 1, 5)
(34, 2, 2)
(34, 3, 6)
(34, 4, 10)
(34, 5, 2)
(34, 7, 1)
(34, 8, 1)
(35, 1, 8)
(35, 2, 9)
(35, 3, 6)
(35, 4, 8)
(35, 5, 2)
(35, 6, 2)
(35, 7, 1)
(35, 8, 2)
(36, 1, 8)
(36, 2, 5)
(36, 3, 7)
(36, 4, 8)
(36, 5, 3)
(37, 1, 6)
(37, 2, 7)
(37, 3, 2)
(37, 4, 8)
(37, 5, 1)
(37, 6, 1)
(37, 8, 1)
(38, 1, 9)
(38, 2, 2)
(38, 3, 5)
(38, 4, 5)
(38, 7, 1)
(38, 8, 1)
(39, 1, 6)
(39, 2, 6)
(39, 3, 2)
(39, 5, 1)
xi_2:
(4, 9, 1)
(4, 13, 1)
(5, 8, 1)
(5, 13, 1)
(5, 30, 1)
(6, 8, 2)
(6, 18, 1)
(7, 9, 1)
(9, 9, 1)
(10, 7, 1)
(10, 8, 1)
(10, 18, 1)
(11, 25, 1)
(11, 27, 1)
(12, 6, 1)
(12, 13, 1)
(13, 4, 2)
(13, 5, 2)
(13, 6, 2)
(13, 8, 1)
(13, 9, 1)
(13, 12, 2)
(14, 4, 2)
(14, 5, 1)
(14, 6, 1)
(14, 7, 1)
(14, 10, 1)
(15, 4, 1)
(15, 5, 1)
(16, 8, 2)
(16, 15, 1)
(17, 6, 2)
(17, 11, 1)
(17, 12, 1)
(18, 5, 1)
(18, 8, 1)
(18, 9, 2)
(19, 4, 3)
(19, 6, 3)
(19, 7, 1)
(20, 4, 3)
(20, 8, 2)
(20, 9, 1)
(21, 4, 2)
(21, 6, 1)
(22, 3, 1)
(22, 5, 1)
(22, 6, 1)
(22, 9, 1)
(22, 26, 1)
(23, 5, 1)
(23, 8, 1)
(23, 12, 1)
(24, 5, 1)
(24, 23, 1)
(24, 36, 1)
(25, 6, 1)
(25, 7, 1)
(25, 9, 1)
(25, 10, 1)
(25, 19, 1)
(25, 35, 1)
(26, 5, 2)
(26, 6, 1)
(26, 16, 1)
(26, 25, 1)
(27, 2, 2)
(27, 3, 1)
(27, 5, 1)
(27, 7, 3)
(27, 8, 1)
(27, 9, 1)
(27, 33, 1)
(28, 5, 1)
(28, 7, 1)
(28, 8, 1)
(28, 9, 1)
(28, 10, 1)
(28, 17, 1)
(28, 28, 1)
(29, 5, 2)
(29, 6, 1)
(29, 7, 1)
(29, 15, 1)
(29, 19, 1)
(30, 5, 2)
(30, 6, 1)
(30, 7, 1)
(30, 12, 1)
(31, 5, 2)
(31, 6, 2)
(31, 7, 1)
(31, 21, 1)
(32, 5, 2)
(32, 7, 1)
(32, 17, 1)
(33, 5, 1)
(33, 6, 1)
(33, 10, 1)
(34, 5, 1)
(34, 6, 1)
(34, 8, 1)
(35, 4, 1)
(35, 6, 1)
(35, 8, 1)
(35, 9, 1)
(36, 5, 1)
(36, 6, 1)
(37, 3, 1)
(37, 5, 2)
(38, 4, 1)
(38, 8, 1)
(39, 4, 3)
(39, 7, 1)
