x-grades
-481345393142790587/200000000000000000
-238106865458436847/100000000000000000
-471082068690956801/200000000000000000
-116487601616259977/50000000000000000
-92163748847824603/40000000000000000
-227843541006603061/100000000000000000
-450555419787289229/200000000000000000
-27838984847585771/12500000000000000
-440292095335455443/200000000000000000
-8703208662190771/4000000000000000
-430028770883621657/200000000000000000
-106224277164426191/50000000000000000
-419765446431787871/200000000000000000
-207316892102935489/100000000000000000
-81900424395990817/40000000000000000
-50546307469254649/25000000000000000
-399238797528120299/200000000000000000
-197053567651101703/100000000000000000
-388975473076286513/200000000000000000
-19192190542518481/10000000000000000
-378712148624452727/200000000000000000
-186790243199267917/100000000000000000
-368448824172618941/200000000000000000
-11353661310834439/6250000000000000
-71637099944157031/40000000000000000
-176526918747434131/100000000000000000
-347922175268951369/200000000000000000
-85697628260758619/50000000000000000
-337658850817117583/200000000000000000
-33252718859120069/20000000000000000
-327395526365283797/200000000000000000
-40282983017420863/25000000000000000
-317132201913450011/200000000000000000
-156000269843766559/100000000000000000
-12274755098464649/8000000000000000
-75434303808924833/50000000000000000
-296605553009782439/200000000000000000
-145736945391932773/100000000000000000
-286342228557948653/200000000000000000
-3515132079150397/2500000000000000

y-grades
4999929/20000000
4999929/10000000
14999787/20000000
4999929/5000000
4999929/4000000
14999787/10000000
34999503/20000000
4999929/2500000
44999361/20000000
4999929/2000000
54999219/20000000
14999787/5000000
64999077/20000000
34999503/10000000
14999787/4000000
4999929/1250000
84998793/20000000
44999361/10000000
94998651/20000000
4999929/1000000
104998509/20000000
54999219/10000000
114998367/20000000
14999787/2500000
4999929/800000
64999077/10000000
134998083/20000000
34999503/5000000
144997941/20000000
14999787/2000000
154997799/20000000
4999929/625000
164997657/20000000
84998793/10000000
34999503/4000000
44999361/5000000
184997373/20000000
94998651/10000000
194997231/20000000
4999929/500000

Dimensions > 0:
(0, 0, 6)
(0, 1, 5)
(0, 2, 5)
(0, 3, 5)
(0, 4, 5)
(0, 5, 5)
(0, 6, 5)
(0, 7, 4)
(0, 8, 4)
(0, 9, 4)
(0, 10, 4)
(0, 11, 3)
(0, 12, 3)
(0, 13, 3)
(0, 14, 3)
(0, 15, 3)
(0, 16, 2)
(0, 17, 2)
(0, 18, 2)
(0, 19, 2)
(0, 20, 2)
(0, 21, 2)
(0, 22, 2)
(0, 23, 1)
(0, 24, 1)
(0, 25, 1)
(0, 26, 1)
(0, 27, 1)
(0, 28, 1)
(0, 29, 1)
(0, 30, 1)
(0, 31, 1)
(0, 32, 1)
(0, 33, 1)
(0, 34, 1)
(0, 35, 1)
(0, 36, 1)
(0, 37, 1)
(0, 38, 1)
(0, 39, 1)

(1, 0, 7)
(1, 1, 6)
(1, 2, 6)
(1, 3, 6)
(1, 4, 6)
(1, 5, 6)
(1, 6, 6)
(1, 7, 5)
(1, 8, 5)
(1, 9, 5)
(1, 10, 5)
(1, 11, 4)
(1, 12, 3)
(1, 13, 3)
(1, 14, 3)
(1, 15, 3)
(1, 16, 2)
(1, 17, 2)
(1, 18, 2)
(1, 19, 2)
(1, 20, 2)
(1, 21, 2)
(1, 22, 2)
(1, 23, 1)
(1, 24, 1)
(1, 25, 1)
(1, 26, 1)
(1, 27, 1)
(1, 28, 1)
(1, 29, 1)
(1, 30, 1)
(1, 31, 1)
(1, 32, 1)
(1, 33, 1)
(1, 34, 1)
(1, 35, 1)
(1, 36, 1)
(1, 37, 1)
(1, 38, 1)
(1, 39, 1)

(2, 0, 8)
(2, 1, 7)
(2, 2, 7)
(2, 3, 7)
(2, 4, 7)
(2, 5, 7)
(2, 6, 7)
(2, 7, 6)
(2, 8, 6)
(2, 9, 6)
(2, 10, 6)
(2, 11, 4)
(2, 12, 3)
(2, 13, 2)
(2, 14, 2)
(2, 15, 2)
(2, 16, 2)
(2, 17, 2)
(2, 18, 2)
(2, 19, 2)
(2, 20, 2)
(2, 21, 2)
(2, 22, 2)
(2, 23, 1)
(2, 24, 1)
(2, 25, 1)
(2, 26, 1)
(2, 27, 1)
(2, 28, 1)
(2, 29, 1)
(2, 30, 1)
(2, 31, 1)
(2, 32, 1)
(2, 33, 1)
(2, 34, 1)
(2, 35, 1)
(2, 36, 1)
(2, 37, 1)
(2, 38, 1)
(2, 39, 1)

(3, 0, 9)
(3, 1, 8)
(3, 2, 8)
(3, 3, 8)
(3, 4, 8)
(3, 5, 8)
(3, 6, 8)
(3, 7, 7)
(3, 8, 7)
(3, 9, 7)
(3, 10, 6)
(3, 11, 4)
(3, 12, 3)
(3, 13, 2)
(3, 14, 2)
(3, 15, 2)
(3, 16, 2)
(3, 17, 2)
(3, 18, 2)
(3, 19, 2)
(3, 20, 2)
(3, 21, 2)
(3, 22, 2)
(3, 23, 1)
(3, 24, 1)
(3, 25, 1)
(3, 26, 1)
(3, 27, 1)
(3, 28, 1)
(3, 29, 1)
(3, 30, 1)
(3, 31, 1)
(3, 32, 1)
(3, 33, 1)
(3, 34, 1)
(3, 35, 1)
(3, 36, 1)
(3, 37, 1)
(3, 38, 1)
(3, 39, 1)

(4, 0, 9)
(4, 1, 8)
(4, 2, 8)
(4, 3, 8)
(4, 4, 8)
(4, 5, 8)
(4, 6, 8)
(4, 7, 7)
(4, 8, 7)
(4, 9, 7)
(4, 10, 6)
(4, 11, 4)
(4, 12, 3)
(4, 13, 2)
(4, 14, 2)
(4, 15, 2)
(4, 16, 2)
(4, 17, 2)
(4, 18, 2)
(4, 19, 2)
(4, 20, 2)
(4, 21, 2)
(4, 22, 2)
(4, 23, 1)
(4, 24, 1)
(4, 25, 1)
(4, 26, 1)
(4, 27, 1)
(4, 28, 1)
(4, 29, 1)
(4, 30, 1)
(4, 31, 1)
(4, 32, 1)
(4, 33, 1)
(4, 34, 1)
(4, 35, 1)
(4, 36, 1)
(4, 37, 1)
(4, 38, 1)
(4, 39, 1)

(5, 0, 9)
(5, 1, 8)
(5, 2, 8)
(5, 3, 8)
(5, 4, 8)
(5, 5, 8)
(5, 6, 8)
(5, 7, 7)
(5, 8, 7)
(5, 9, 7)
(5, 10, 6)
(5, 11, 4)
(5, 12, 3)
(5, 13, 2)
(5, 14, 2)
(5, 15, 2)
(5, 16, 2)
(5, 17, 2)
(5, 18, 2)
(5, 19, 2)
(5, 20, 2)
(5, 21, 2)
(5, 22, 2)
(5, 23, 1)
(5, 24, 1)
(5, 25, 1)
(5, 26, 1)
(5, 27, 1)
(5, 28, 1)
(5, 29, 1)
(5, 30, 1)
(5, 31, 1)
(5, 32, 1)
(5, 33, 1)
(5, 34, 1)
(5, 35, 1)
(5, 36, 1)
(5, 37, 1)
(5, 38, 1)
(5, 39, 1)

(6, 0, 9)
(6, 1, 8)
(6, 2, 8)
(6, 3, 8)
(6, 4, 8)
(6, 5, 8)
(6, 6, 8)
(6, 7, 7)
(6, 8, 7)
(6, 9, 7)
(6, 10, 6)
(6, 11, 4)
(6, 12, 3)
(6, 13, 2)
(6, 14, 2)
(6, 15, 2)
(6, 16, 2)
(6, 17, 2)
(6, 18, 2)
(6, 19, 2)
(6, 20, 2)
(6, 21, 2)
(6, 22, 2)
(6, 23, 1)
(6, 24, 1)
(6, 25, 1)
(6, 26, 1)
(6, 27, 1)
(6, 28, 1)
(6, 29, 1)
(6, 30, 1)
(6, 31, 1)
(6, 32, 1)
(6, 33, 1)
(6, 34, 1)
(6, 35, 1)
(6, 36, 1)
(6, 37, 1)
(6, 38, 1)
(6, 39, 1)

(7, 0, 11)
(7, 1, 10)
(7, 2, 10)
(7, 3, 10)
(7, 4, 10)
(7, 5, 10)
(7, 6, 10)
(7, 7, 9)
(7, 8, 9)
(7, 9, 9)
(7, 10, 8)
(7, 11, 6)
(7, 12, 5)
(7, 13, 4)
(7, 14, 4)
(7, 15, 4)
(7, 16, 4)
(7, 17, 4)
(7, 18, 4)
(7, 19, 4)
(7, 20, 4)
(7, 21, 4)
(7, 22, 4)
(7, 23, 3)
(7, 24, 3)
(7, 25, 3)
(7, 26, 3)
(7, 27, 3)
(7, 28, 3)
(7, 29, 3)
(7, 30, 3)
(7, 31, 3)
(7, 32, 2)
(7, 33, 2)
(7, 34, 2)
(7, 35, 2)
(7, 36, 2)
(7, 37, 2)
(7, 38, 2)
(7, 39, 2)

(8, 0, 11)
(8, 1, 10)
(8, 2, 10)
(8, 3, 10)
(8, 4, 10)
(8, 5, 10)
(8, 6, 10)
(8, 7, 9)
(8, 8, 9)
(8, 9, 9)
(8, 10, 8)
(8, 11, 6)
(8, 12, 5)
(8, 13, 4)
(8, 14, 4)
(8, 15, 4)
(8, 16, 4)
(8, 17, 4)
(8, 18, 4)
(8, 19, 4)
(8, 20, 4)
(8, 21, 4)
(8, 22, 4)
(8, 23, 3)
(8, 24, 3)
(8, 25, 3)
(8, 26, 3)
(8, 27, 3)
(8, 28, 3)
(8, 29, 3)
(8, 30, 3)
(8, 31, 3)
(8, 32, 2)
(8, 33, 2)
(8, 34, 2)
(8, 35, 2)
(8, 36, 2)
(8, 37, 2)
(8, 38, 2)
(8, 39, 2)

(9, 0, 11)
(9, 1, 10)
(9, 2, 10)
(9, 3, 10)
(9, 4, 10)
(9, 5, 10)
(9, 6, 10)
(9, 7, 9)
(9, 8, 9)
(9, 9, 9)
(9, 10, 8)
(9, 11, 6)
(9, 12, 5)
(9, 13, 4)
(9, 14, 4)
(9, 15, 4)
(9, 16, 4)
(9, 17, 4)
(9, 18, 4)
(9, 19, 4)
(9, 20, 4)
(9, 21, 4)
(9, 22, 4)
(9, 23, 3)
(9, 24, 3)
(9, 25, 3)
(9, 26, 3)
(9, 27, 3)
(9, 28, 3)
(9, 29, 3)
(9, 30, 3)
(9, 31, 3)
(9, 32, 2)
(9, 33, 2)
(9, 34, 2)
(9, 35, 2)
(9, 36, 2)
(9, 37, 2)
(9, 38, 2)
(9, 39, 2)

(10, 0, 11)
(10, 1, 10)
(10, 2, 10)
(10, 3, 10)
(10, 4, 10)
(10, 5, 10)
(10, 6, 10)
(10, 7, 9)
(10, 8, 9)
(10, 9, 9)
(10, 10, 8)
(10, 11, 6)
(10, 12, 5)
(10, 13, 4)
(10, 14, 4)
(10, 15, 4)
(10, 16, 4)
(10, 17, 4)
(10, 18, 4)
(10, 19, 4)
(10, 20, 4)
(10, 21, 4)
(10, 22, 4)
(10, 23, 3)
(10, 24, 3)
(10, 25, 3)
(10, 26, 3)
(10, 27, 3)
(10, 28, 3)
(10, 29, 3)
(10, 30, 3)
(10, 31, 3)
(10, 32, 2)
(10, 33, 2)
(10, 34, 2)
(10, 35, 2)
(10, 36, 2)
(10, 37, 2)
(10, 38, 2)
(10, 39, 2)

(11, 0, 11)
(11, 1, 10)
(11, 2, 10)
(11, 3, 10)
(11, 4, 10)
(11, 5, 10)
(11, 6, 10)
(11, 7, 9)
(11, 8, 9)
(11, 9, 9)
(11, 10, 8)
(11, 11, 6)
(11, 12, 5)
(11, 13, 4)
(11, 14, 4)
(11, 15, 4)
(11, 16, 4)
(11, 17, 4)
(11, 18, 4)
(11, 19, 4)
(11, 20, 4)
(11, 21, 4)
(11, 22, 4)
(11, 23, 3)
(11, 24, 3)
(11, 25, 3)
(11, 26, 3)
(11, 27, 3)
(11, 28, 3)
(11, 29, 3)
(11, 30, 3)
(11, 31, 3)
(11, 32, 2)
(11, 33, 2)
(11, 34, 2)
(11, 35, 2)
(11, 36, 2)
(11, 37, 2)
(11, 38, 2)
(11, 39, 2)

(12, 0, 12)
(12, 1, 11)
(12, 2, 11)
(12, 3, 11)
(12, 4, 11)
(12, 5, 11)
(12, 6, 11)
(12, 7, 10)
(12, 8, 10)
(12, 9, 10)
(12, 10, 9)
(12, 11, 7)
(12, 12, 6)
(12, 13, 5)
(12, 14, 5)
(12, 15, 5)
(12, 16, 5)
(12, 17, 5)
(12, 18, 5)
(12, 19, 5)
(12, 20, 5)
(12, 21, 5)
(12, 22, 5)
(12, 23, 4)
(12, 24, 4)
(12, 25, 4)
(12, 26, 4)
(12, 27, 4)
(12, 28, 4)
(12, 29, 4)
(12, 30, 4)
(12, 31, 4)
(12, 32, 3)
(12, 33, 3)
(12, 34, 3)
(12, 35, 3)
(12, 36, 3)
(12, 37, 3)
(12, 38, 3)
(12, 39, 3)

(13, 0, 12)
(13, 1, 11)
(13, 2, 11)
(13, 3, 11)
(13, 4, 11)
(13, 5, 11)
(13, 6, 11)
(13, 7, 10)
(13, 8, 10)
(13, 9, 10)
(13, 10, 9)
(13, 11, 7)
(13, 12, 6)
(13, 13, 5)
(13, 14, 5)
(13, 15, 5)
(13, 16, 5)
(13, 17, 5)
(13, 18, 5)
(13, 19, 5)
(13, 20, 5)
(13, 21, 5)
(13, 22, 5)
(13, 23, 4)
(13, 24, 4)
(13, 25, 4)
(13, 26, 4)
(13, 27, 4)
(13, 28, 4)
(13, 29, 4)
(13, 30, 4)
(13, 31, 4)
(13, 32, 3)
(13, 33, 3)
(13, 34, 3)
(13, 35, 3)
(13, 36, 3)
(13, 37, 3)
(13, 38, 3)
(13, 39, 3)

(14, 0, 15)
(14, 1, 14)
(14, 2, 14)
(14, 3, 14)
(14, 4, 14)
(14, 5, 14)
(14, 6, 14)
(14, 7, 13)
(14, 8, 13)
(14, 9, 13)
(14, 10, 12)
(14, 11, 10)
(14, 12, 9)
(14, 13, 8)
(14, 14, 8)
(14, 15, 8)
(14, 16, 8)
(14, 17, 8)
(14, 18, 8)
(14, 19, 8)
(14, 20, 8)
(14, 21, 7)
(14, 22, 7)
(14, 23, 6)
(14, 24, 6)
(14, 25, 6)
(14, 26, 6)
(14, 27, 6)
(14, 28, 6)
(14, 29, 6)
(14, 30, 6)
(14, 31, 6)
(14, 32, 5)
(14, 33, 5)
(14, 34, 5)
(14, 35, 5)
(14, 36, 5)
(14, 37, 5)
(14, 38, 5)
(14, 39, 5)

(15, 0, 16)
(15, 1, 15)
(15, 2, 15)
(15, 3, 15)
(15, 4, 15)
(15, 5, 15)
(15, 6, 15)
(15, 7, 14)
(15, 8, 14)
(15, 9, 14)
(15, 10, 13)
(15, 11, 11)
(15, 12, 10)
(15, 13, 9)
(15, 14, 9)
(15, 15, 9)
(15, 16, 9)
(15, 17, 9)
(15, 18, 9)
(15, 19, 9)
(15, 20, 9)
(15, 21, 8)
(15, 22, 8)
(15, 23, 7)
(15, 24, 7)
(15, 25, 7)
(15, 26, 7)
(15, 27, 7)
(15, 28, 7)
(15, 29, 7)
(15, 30, 7)
(15, 31, 7)
(15, 32, 6)
(15, 33, 6)
(15, 34, 6)
(15, 35, 6)
(15, 36, 6)
(15, 37, 6)
(15, 38, 6)
(15, 39, 6)

(16, 0, 19)
(16, 1, 18)
(16, 2, 18)
(16, 3, 18)
(16, 4, 18)
(16, 5, 18)
(16, 6, 18)
(16, 7, 17)
(16, 8, 17)
(16, 9, 17)
(16, 10, 16)
(16, 11, 14)
(16, 12, 13)
(16, 13, 11)
(16, 14, 11)
(16, 15, 10)
(16, 16, 10)
(16, 17, 9)
(16, 18, 9)
(16, 19, 9)
(16, 20, 9)
(16, 21, 9)
(16, 22, 9)
(16, 23, 8)
(16, 24, 8)
(16, 25, 8)
(16, 26, 8)
(16, 27, 8)
(16, 28, 8)
(16, 29, 8)
(16, 30, 8)
(16, 31, 8)
(16, 32, 7)
(16, 33, 7)
(16, 34, 7)
(16, 35, 7)
(16, 36, 7)
(16, 37, 7)
(16, 38, 7)
(16, 39, 7)

(17, 0, 21)
(17, 1, 20)
(17, 2, 20)
(17, 3, 20)
(17, 4, 20)
(17, 5, 20)
(17, 6, 20)
(17, 7, 19)
(17, 8, 19)
(17, 9, 19)
(17, 10, 17)
(17, 11, 15)
(17, 12, 14)
(17, 13, 12)
(17, 14, 12)
(17, 15, 11)
(17, 16, 11)
(17, 17, 10)
(17, 18, 10)
(17, 19, 10)
(17, 20, 10)
(17, 21, 10)
(17, 22, 10)
(17, 23, 9)
(17, 24, 9)
(17, 25, 9)
(17, 26, 9)
(17, 27, 9)
(17, 28, 9)
(17, 29, 9)
(17, 30, 9)
(17, 31, 9)
(17, 32, 8)
(17, 33, 8)
(17, 34, 8)
(17, 35, 8)
(17, 36, 8)
(17, 37, 8)
(17, 38, 8)
(17, 39, 7)

(18, 0, 22)
(18, 1, 21)
(18, 2, 21)
(18, 3, 21)
(18, 4, 21)
(18, 5, 21)
(18, 6, 21)
(18, 7, 20)
(18, 8, 19)
(18, 9, 19)
(18, 10, 17)
(18, 11, 15)
(18, 12, 14)
(18, 13, 12)
(18, 14, 12)
(18, 15, 11)
(18, 16, 11)
(18, 17, 10)
(18, 18, 10)
(18, 19, 10)
(18, 20, 10)
(18, 21, 10)
(18, 22, 10)
(18, 23, 9)
(18, 24, 9)
(18, 25, 9)
(18, 26, 9)
(18, 27, 9)
(18, 28, 9)
(18, 29, 9)
(18, 30, 9)
(18, 31, 9)
(18, 32, 8)
(18, 33, 8)
(18, 34, 8)
(18, 35, 8)
(18, 36, 8)
(18, 37, 8)
(18, 38, 8)
(18, 39, 7)

(19, 0, 23)
(19, 1, 22)
(19, 2, 22)
(19, 3, 22)
(19, 4, 22)
(19, 5, 22)
(19, 6, 22)
(19, 7, 21)
(19, 8, 20)
(19, 9, 20)
(19, 10, 18)
(19, 11, 16)
(19, 12, 15)
(19, 13, 13)
(19, 14, 13)
(19, 15, 12)
(19, 16, 12)
(19, 17, 11)
(19, 18, 11)
(19, 19, 11)
(19, 20, 11)
(19, 21, 11)
(19, 22, 11)
(19, 23, 10)
(19, 24, 10)
(19, 25, 10)
(19, 26, 10)
(19, 27, 9)
(19, 28, 9)
(19, 29, 9)
(19, 30, 9)
(19, 31, 9)
(19, 32, 8)
(19, 33, 8)
(19, 34, 8)
(19, 35, 8)
(19, 36, 8)
(19, 37, 8)
(19, 38, 8)
(19, 39, 7)

(20, 0, 26)
(20, 1, 25)
(20, 2, 25)
(20, 3, 25)
(20, 4, 24)
(20, 5, 24)
(20, 6, 24)
(20, 7, 23)
(20, 8, 22)
(20, 9, 22)
(20, 10, 20)
(20, 11, 18)
(20, 12, 17)
(20, 13, 15)
(20, 14, 15)
(20, 15, 14)
(20, 16, 14)
(20, 17, 13)
(20, 18, 13)
(20, 19, 13)
(20, 20, 13)
(20, 21, 13)
(20, 22, 13)
(20, 23, 12)
(20, 24, 12)
(20, 25, 12)
(20, 26, 12)
(20, 27, 11)
(20, 28, 11)
(20, 29, 11)
(20, 30, 11)
(20, 31, 11)
(20, 32, 10)
(20, 33, 10)
(20, 34, 10)
(20, 35, 10)
(20, 36, 10)
(20, 37, 10)
(20, 38, 10)
(20, 39, 8)

(21, 0, 31)
(21, 1, 29)
(21, 2, 29)
(21, 3, 29)
(21, 4, 28)
(21, 5, 28)
(21, 6, 28)
(21, 7, 27)
(21, 8, 26)
(21, 9, 26)
(21, 10, 24)
(21, 11, 22)
(21, 12, 21)
(21, 13, 19)
(21, 14, 19)
(21, 15, 18)
(21, 16, 18)
(21, 17, 16)
(21, 18, 16)
(21, 19, 16)
(21, 20, 16)
(21, 21, 16)
(21, 22, 16)
(21, 23, 15)
(21, 24, 15)
(21, 25, 15)
(21, 26, 15)
(21, 27, 14)
(21, 28, 14)
(21, 29, 14)
(21, 30, 14)
(21, 31, 14)
(21, 32, 13)
(21, 33, 13)
(21, 34, 13)
(21, 35, 13)
(21, 36, 13)
(21, 37, 13)
(21, 38, 13)
(21, 39, 11)

(22, 0, 34)
(22, 1, 32)
(22, 2, 32)
(22, 3, 32)
(22, 4, 31)
(22, 5, 31)
(22, 6, 31)
(22, 7, 30)
(22, 8, 28)
(22, 9, 28)
(22, 10, 26)
(22, 11, 23)
(22, 12, 22)
(22, 13, 20)
(22, 14, 20)
(22, 15, 19)
(22, 16, 19)
(22, 17, 17)
(22, 18, 17)
(22, 19, 17)
(22, 20, 17)
(22, 21, 17)
(22, 22, 17)
(22, 23, 15)
(22, 24, 15)
(22, 25, 15)
(22, 26, 15)
(22, 27, 14)
(22, 28, 14)
(22, 29, 13)
(22, 30, 13)
(22, 31, 13)
(22, 32, 12)
(22, 33, 12)
(22, 34, 12)
(22, 35, 12)
(22, 36, 12)
(22, 37, 12)
(22, 38, 12)
(22, 39, 10)

(23, 0, 36)
(23, 1, 34)
(23, 2, 34)
(23, 3, 34)
(23, 4, 33)
(23, 5, 33)
(23, 6, 33)
(23, 7, 32)
(23, 8, 30)
(23, 9, 30)
(23, 10, 28)
(23, 11, 24)
(23, 12, 23)
(23, 13, 20)
(23, 14, 20)
(23, 15, 19)
(23, 16, 19)
(23, 17, 18)
(23, 18, 18)
(23, 19, 18)
(23, 20, 18)
(23, 21, 18)
(23, 22, 18)
(23, 23, 16)
(23, 24, 16)
(23, 25, 16)
(23, 26, 16)
(23, 27, 15)
(23, 28, 15)
(23, 29, 14)
(23, 30, 14)
(23, 31, 14)
(23, 32, 13)
(23, 33, 13)
(23, 34, 13)
(23, 35, 13)
(23, 36, 13)
(23, 37, 13)
(23, 38, 13)
(23, 39, 11)

(24, 0, 41)
(24, 1, 39)
(24, 2, 39)
(24, 3, 39)
(24, 4, 38)
(24, 5, 38)
(24, 6, 38)
(24, 7, 36)
(24, 8, 34)
(24, 9, 34)
(24, 10, 32)
(24, 11, 28)
(24, 12, 27)
(24, 13, 24)
(24, 14, 24)
(24, 15, 22)
(24, 16, 22)
(24, 17, 21)
(24, 18, 21)
(24, 19, 21)
(24, 20, 21)
(24, 21, 21)
(24, 22, 21)
(24, 23, 18)
(24, 24, 18)
(24, 25, 18)
(24, 26, 18)
(24, 27, 17)
(24, 28, 17)
(24, 29, 16)
(24, 30, 16)
(24, 31, 16)
(24, 32, 15)
(24, 33, 15)
(24, 34, 15)
(24, 35, 15)
(24, 36, 15)
(24, 37, 15)
(24, 38, 15)
(24, 39, 13)

(25, 0, 50)
(25, 1, 48)
(25, 2, 48)
(25, 3, 48)
(25, 4, 45)
(25, 5, 45)
(25, 6, 45)
(25, 7, 41)
(25, 8, 39)
(25, 9, 39)
(25, 10, 36)
(25, 11, 32)
(25, 12, 30)
(25, 13, 27)
(25, 14, 27)
(25, 15, 24)
(25, 16, 24)
(25, 17, 23)
(25, 18, 23)
(25, 19, 23)
(25, 20, 23)
(25, 21, 23)
(25, 22, 23)
(25, 23, 20)
(25, 24, 20)
(25, 25, 20)
(25, 26, 20)
(25, 27, 19)
(25, 28, 19)
(25, 29, 18)
(25, 30, 18)
(25, 31, 18)
(25, 32, 17)
(25, 33, 17)
(25, 34, 17)
(25, 35, 17)
(25, 36, 17)
(25, 37, 17)
(25, 38, 17)
(25, 39, 15)

(26, 0, 62)
(26, 1, 60)
(26, 2, 60)
(26, 3, 60)
(26, 4, 50)
(26, 5, 50)
(26, 6, 50)
(26, 7, 46)
(26, 8, 44)
(26, 9, 44)
(26, 10, 41)
(26, 11, 37)
(26, 12, 35)
(26, 13, 32)
(26, 14, 32)
(26, 15, 29)
(26, 16, 29)
(26, 17, 28)
(26, 18, 28)
(26, 19, 28)
(26, 20, 28)
(26, 21, 28)
(26, 22, 28)
(26, 23, 25)
(26, 24, 25)
(26, 25, 25)
(26, 26, 25)
(26, 27, 24)
(26, 28, 24)
(26, 29, 23)
(26, 30, 23)
(26, 31, 23)
(26, 32, 21)
(26, 33, 21)
(26, 34, 21)
(26, 35, 21)
(26, 36, 20)
(26, 37, 20)
(26, 38, 20)
(26, 39, 17)

(27, 0, 71)
(27, 1, 69)
(27, 2, 69)
(27, 3, 68)
(27, 4, 53)
(27, 5, 53)
(27, 6, 53)
(27, 7, 49)
(27, 8, 47)
(27, 9, 47)
(27, 10, 44)
(27, 11, 40)
(27, 12, 38)
(27, 13, 35)
(27, 14, 35)
(27, 15, 32)
(27, 16, 32)
(27, 17, 31)
(27, 18, 30)
(27, 19, 30)
(27, 20, 30)
(27, 21, 30)
(27, 22, 30)
(27, 23, 26)
(27, 24, 26)
(27, 25, 26)
(27, 26, 26)
(27, 27, 25)
(27, 28, 25)
(27, 29, 24)
(27, 30, 24)
(27, 31, 24)
(27, 32, 22)
(27, 33, 22)
(27, 34, 22)
(27, 35, 22)
(27, 36, 20)
(27, 37, 19)
(27, 38, 19)
(27, 39, 16)

(28, 0, 87)
(28, 1, 85)
(28, 2, 85)
(28, 3, 83)
(28, 4, 60)
(28, 5, 60)
(28, 6, 59)
(28, 7, 55)
(28, 8, 53)
(28, 9, 53)
(28, 10, 50)
(28, 11, 46)
(28, 12, 44)
(28, 13, 40)
(28, 14, 40)
(28, 15, 37)
(28, 16, 37)
(28, 17, 36)
(28, 18, 35)
(28, 19, 35)
(28, 20, 34)
(28, 21, 34)
(28, 22, 34)
(28, 23, 29)
(28, 24, 28)
(28, 25, 27)
(28, 26, 27)
(28, 27, 26)
(28, 28, 26)
(28, 29, 25)
(28, 30, 25)
(28, 31, 25)
(28, 32, 23)
(28, 33, 23)
(28, 34, 23)
(28, 35, 23)
(28, 36, 20)
(28, 37, 19)
(28, 38, 18)
(28, 39, 15)

(29, 0, 95)
(29, 1, 93)
(29, 2, 93)
(29, 3, 91)
(29, 4, 67)
(29, 5, 67)
(29, 6, 66)
(29, 7, 61)
(29, 8, 59)
(29, 9, 59)
(29, 10, 55)
(29, 11, 50)
(29, 12, 48)
(29, 13, 45)
(29, 14, 45)
(29, 15, 41)
(29, 16, 41)
(29, 17, 40)
(29, 18, 39)
(29, 19, 39)
(29, 20, 38)
(29, 21, 38)
(29, 22, 38)
(29, 23, 30)
(29, 24, 30)
(29, 25, 29)
(29, 26, 28)
(29, 27, 26)
(29, 28, 26)
(29, 29, 25)
(29, 30, 25)
(29, 31, 25)
(29, 32, 23)
(29, 33, 23)
(29, 34, 23)
(29, 35, 23)
(29, 36, 19)
(29, 37, 19)
(29, 38, 19)
(29, 39, 16)

(30, 0, 103)
(30, 1, 101)
(30, 2, 101)
(30, 3, 99)
(30, 4, 75)
(30, 5, 75)
(30, 6, 73)
(30, 7, 68)
(30, 8, 66)
(30, 9, 66)
(30, 10, 62)
(30, 11, 57)
(30, 12, 55)
(30, 13, 52)
(30, 14, 52)
(30, 15, 48)
(30, 16, 48)
(30, 17, 47)
(30, 18, 46)
(30, 19, 46)
(30, 20, 45)
(30, 21, 43)
(30, 22, 43)
(30, 23, 34)
(30, 24, 34)
(30, 25, 32)
(30, 26, 30)
(30, 27, 28)
(30, 28, 28)
(30, 29, 27)
(30, 30, 27)
(30, 31, 27)
(30, 32, 25)
(30, 33, 25)
(30, 34, 25)
(30, 35, 24)
(30, 36, 20)
(30, 37, 20)
(30, 38, 20)
(30, 39, 17)

(31, 0, 111)
(31, 1, 109)
(31, 2, 108)
(31, 3, 105)
(31, 4, 80)
(31, 5, 79)
(31, 6, 78)
(31, 7, 73)
(31, 8, 71)
(31, 9, 71)
(31, 10, 67)
(31, 11, 62)
(31, 12, 60)
(31, 13, 56)
(31, 14, 56)
(31, 15, 52)
(31, 16, 52)
(31, 17, 50)
(31, 18, 49)
(31, 19, 49)
(31, 20, 48)
(31, 21, 47)
(31, 22, 47)
(31, 23, 37)
(31, 24, 37)
(31, 25, 35)
(31, 26, 33)
(31, 27, 31)
(31, 28, 31)
(31, 29, 30)
(31, 30, 30)
(31, 31, 30)
(31, 32, 28)
(31, 33, 28)
(31, 34, 28)
(31, 35, 27)
(31, 36, 23)
(31, 37, 23)
(31, 38, 23)
(31, 39, 20)

(32, 0, 115)
(32, 1, 113)
(32, 2, 112)
(32, 3, 109)
(32, 4, 84)
(32, 5, 83)
(32, 6, 82)
(32, 7, 77)
(32, 8, 75)
(32, 9, 75)
(32, 10, 70)
(32, 11, 65)
(32, 12, 63)
(32, 13, 59)
(32, 14, 59)
(32, 15, 55)
(32, 16, 55)
(32, 17, 53)
(32, 18, 52)
(32, 19, 52)
(32, 20, 51)
(32, 21, 50)
(32, 22, 50)
(32, 23, 39)
(32, 24, 39)
(32, 25, 37)
(32, 26, 35)
(32, 27, 32)
(32, 28, 32)
(32, 29, 31)
(32, 30, 31)
(32, 31, 31)
(32, 32, 29)
(32, 33, 29)
(32, 34, 28)
(32, 35, 27)
(32, 36, 23)
(32, 37, 23)
(32, 38, 23)
(32, 39, 19)

(33, 0, 119)
(33, 1, 117)
(33, 2, 116)
(33, 3, 113)
(33, 4, 88)
(33, 5, 87)
(33, 6, 86)
(33, 7, 81)
(33, 8, 79)
(33, 9, 79)
(33, 10, 74)
(33, 11, 69)
(33, 12, 67)
(33, 13, 63)
(33, 14, 63)
(33, 15, 59)
(33, 16, 59)
(33, 17, 57)
(33, 18, 56)
(33, 19, 56)
(33, 20, 55)
(33, 21, 54)
(33, 22, 54)
(33, 23, 42)
(33, 24, 41)
(33, 25, 39)
(33, 26, 37)
(33, 27, 34)
(33, 28, 33)
(33, 29, 32)
(33, 30, 32)
(33, 31, 32)
(33, 32, 30)
(33, 33, 30)
(33, 34, 29)
(33, 35, 28)
(33, 36, 24)
(33, 37, 24)
(33, 38, 24)
(33, 39, 20)

(34, 0, 124)
(34, 1, 122)
(34, 2, 121)
(34, 3, 118)
(34, 4, 93)
(34, 5, 92)
(34, 6, 91)
(34, 7, 86)
(34, 8, 84)
(34, 9, 84)
(34, 10, 79)
(34, 11, 74)
(34, 12, 72)
(34, 13, 68)
(34, 14, 68)
(34, 15, 64)
(34, 16, 64)
(34, 17, 62)
(34, 18, 61)
(34, 19, 61)
(34, 20, 60)
(34, 21, 58)
(34, 22, 57)
(34, 23, 45)
(34, 24, 44)
(34, 25, 42)
(34, 26, 39)
(34, 27, 35)
(34, 28, 35)
(34, 29, 34)
(34, 30, 33)
(34, 31, 33)
(34, 32, 31)
(34, 33, 31)
(34, 34, 31)
(34, 35, 31)
(34, 36, 26)
(34, 37, 26)
(34, 38, 26)
(34, 39, 22)

(35, 0, 140)
(35, 1, 138)
(35, 2, 136)
(35, 3, 133)
(35, 4, 103)
(35, 5, 101)
(35, 6, 100)
(35, 7, 95)
(35, 8, 93)
(35, 9, 93)
(35, 10, 88)
(35, 11, 83)
(35, 12, 81)
(35, 13, 77)
(35, 14, 77)
(35, 15, 73)
(35, 16, 73)
(35, 17, 71)
(35, 18, 70)
(35, 19, 70)
(35, 20, 69)
(35, 21, 67)
(35, 22, 66)
(35, 23, 52)
(35, 24, 51)
(35, 25, 47)
(35, 26, 43)
(35, 27, 39)
(35, 28, 39)
(35, 29, 38)
(35, 30, 37)
(35, 31, 37)
(35, 32, 34)
(35, 33, 34)
(35, 34, 34)
(35, 35, 34)
(35, 36, 30)
(35, 37, 29)
(35, 38, 28)
(35, 39, 24)

(36, 0, 168)
(36, 1, 166)
(36, 2, 164)
(36, 3, 159)
(36, 4, 106)
(36, 5, 104)
(36, 6, 103)
(36, 7, 98)
(36, 8, 96)
(36, 9, 96)
(36, 10, 91)
(36, 11, 86)
(36, 12, 84)
(36, 13, 80)
(36, 14, 80)
(36, 15, 76)
(36, 16, 76)
(36, 17, 74)
(36, 18, 72)
(36, 19, 72)
(36, 20, 71)
(36, 21, 68)
(36, 22, 67)
(36, 23, 53)
(36, 24, 51)
(36, 25, 48)
(36, 26, 44)
(36, 27, 40)
(36, 28, 40)
(36, 29, 39)
(36, 30, 38)
(36, 31, 38)
(36, 32, 35)
(36, 33, 35)
(36, 34, 35)
(36, 35, 35)
(36, 36, 30)
(36, 37, 29)
(36, 38, 29)
(36, 39, 25)

(37, 0, 198)
(37, 1, 196)
(37, 2, 194)
(37, 3, 189)
(37, 4, 120)
(37, 5, 118)
(37, 6, 117)
(37, 7, 110)
(37, 8, 107)
(37, 9, 107)
(37, 10, 102)
(37, 11, 96)
(37, 12, 93)
(37, 13, 89)
(37, 14, 89)
(37, 15, 83)
(37, 16, 83)
(37, 17, 79)
(37, 18, 77)
(37, 19, 76)
(37, 20, 74)
(37, 21, 72)
(37, 22, 71)
(37, 23, 57)
(37, 24, 55)
(37, 25, 51)
(37, 26, 47)
(37, 27, 42)
(37, 28, 41)
(37, 29, 40)
(37, 30, 39)
(37, 31, 38)
(37, 32, 34)
(37, 33, 34)
(37, 34, 34)
(37, 35, 34)
(37, 36, 30)
(37, 37, 30)
(37, 38, 30)
(37, 39, 26)

(38, 0, 231)
(38, 1, 229)
(38, 2, 227)
(38, 3, 222)
(38, 4, 126)
(38, 5, 124)
(38, 6, 123)
(38, 7, 116)
(38, 8, 113)
(38, 9, 113)
(38, 10, 107)
(38, 11, 101)
(38, 12, 98)
(38, 13, 94)
(38, 14, 94)
(38, 15, 87)
(38, 16, 86)
(38, 17, 82)
(38, 18, 80)
(38, 19, 79)
(38, 20, 77)
(38, 21, 73)
(38, 22, 71)
(38, 23, 57)
(38, 24, 55)
(38, 25, 51)
(38, 26, 47)
(38, 27, 42)
(38, 28, 41)
(38, 29, 40)
(38, 30, 39)
(38, 31, 38)
(38, 32, 34)
(38, 33, 34)
(38, 34, 34)
(38, 35, 34)
(38, 36, 30)
(38, 37, 30)
(38, 38, 30)
(38, 39, 26)

(39, 0, 238)
(39, 1, 236)
(39, 2, 234)
(39, 3, 229)
(39, 4, 133)
(39, 5, 131)
(39, 6, 130)
(39, 7, 123)
(39, 8, 120)
(39, 9, 120)
(39, 10, 114)
(39, 11, 108)
(39, 12, 105)
(39, 13, 100)
(39, 14, 100)
(39, 15, 93)
(39, 16, 91)
(39, 17, 87)
(39, 18, 85)
(39, 19, 84)
(39, 20, 82)
(39, 21, 78)
(39, 22, 75)
(39, 23, 59)
(39, 24, 57)
(39, 25, 52)
(39, 26, 47)
(39, 27, 42)
(39, 28, 42)
(39, 29, 41)
(39, 30, 40)
(39, 31, 38)
(39, 32, 34)
(39, 33, 34)
(39, 34, 34)
(39, 35, 34)
(39, 36, 31)
(39, 37, 31)
(39, 38, 31)
(39, 39, 27)


Betti numbers:
xi_0:
(0, 0, 6)
(1, 0, 1)
(2, 0, 1)
(3, 0, 1)
(7, 0, 2)
(12, 0, 1)
(14, 0, 3)
(15, 0, 1)
(16, 0, 3)
(17, 0, 2)
(18, 0, 1)
(19, 0, 1)
(20, 0, 3)
(21, 0, 5)
(22, 0, 3)
(23, 0, 2)
(24, 0, 5)
(25, 0, 9)
(26, 0, 12)
(27, 0, 9)
(28, 0, 16)
(29, 0, 8)
(30, 0, 8)
(31, 0, 8)
(32, 0, 4)
(33, 0, 4)
(34, 0, 5)
(35, 0, 16)
(36, 0, 28)
(37, 0, 30)
(38, 0, 33)
(39, 0, 7)
xi_1:
(0, 1, 1)
(0, 7, 1)
(0, 11, 1)
(0, 16, 1)
(0, 23, 1)
(1, 12, 1)
(2, 11, 1)
(2, 13, 1)
(3, 10, 1)
(7, 32, 1)
(14, 21, 1)
(16, 13, 1)
(16, 15, 1)
(16, 17, 1)
(17, 10, 1)
(17, 39, 1)
(18, 8, 1)
(19, 27, 1)
(20, 4, 1)
(20, 39, 1)
(21, 1, 1)
(21, 17, 1)
(22, 8, 1)
(22, 11, 1)
(22, 23, 1)
(22, 29, 1)
(23, 11, 1)
(23, 13, 1)
(24, 7, 1)
(24, 15, 1)
(24, 23, 1)
(25, 4, 2)
(25, 7, 2)
(25, 10, 1)
(25, 12, 1)
(25, 15, 1)
(26, 4, 7)
(26, 32, 1)
(26, 36, 1)
(26, 39, 1)
(27, 3, 1)
(27, 4, 5)
(27, 18, 1)
(27, 23, 1)
(27, 36, 1)
(27, 37, 1)
(28, 3, 1)
(28, 4, 8)
(28, 6, 1)
(28, 13, 1)
(28, 20, 1)
(28, 23, 1)
(28, 24, 1)
(28, 25, 1)
(28, 36, 1)
(28, 37, 1)
(28, 38, 1)
(29, 4, 1)
(29, 7, 1)
(29, 10, 1)
(29, 11, 1)
(29, 15, 1)
(29, 23, 3)
(29, 26, 1)
(29, 27, 1)
(29, 36, 1)
(30, 6, 1)
(30, 21, 2)
(30, 23, 1)
(30, 25, 1)
(30, 26, 1)
(30, 35, 1)
(30, 36, 2)
(31, 2, 1)
(31, 3, 1)
(31, 4, 1)
(31, 5, 1)
(31, 13, 1)
(31, 17, 1)
(31, 23, 1)
(32, 10, 1)
(32, 23, 1)
(32, 27, 1)
(32, 34, 1)
(32, 39, 1)
(33, 23, 1)
(33, 24, 1)
(33, 27, 1)
(33, 28, 1)
(34, 21, 1)
(34, 22, 1)
(34, 26, 1)
(34, 27, 1)
(34, 30, 1)
(34, 36, 1)
(35, 2, 1)
(35, 4, 5)
(35, 5, 1)
(35, 23, 2)
(35, 25, 2)
(35, 26, 1)
(35, 32, 1)
(35, 37, 1)
(35, 38, 1)
(36, 3, 2)
(36, 4, 23)
(36, 18, 1)
(36, 21, 1)
(36, 24, 1)
(36, 36, 1)
(36, 37, 1)
(37, 4, 16)
(37, 7, 2)
(37, 8, 1)
(37, 11, 1)
(37, 12, 1)
(37, 15, 2)
(37, 17, 2)
(37, 19, 1)
(37, 20, 1)
(37, 25, 1)
(37, 27, 1)
(37, 28, 1)
(37, 31, 1)
(37, 32, 1)
(37, 36, 1)
(38, 4, 27)
(38, 10, 1)
(38, 15, 1)
(38, 16, 1)
(38, 21, 2)
(38, 22, 1)
(38, 28, 1)
(39, 13, 1)
(39, 16, 1)
(39, 21, 1)
(39, 22, 1)
(39, 23, 2)
(39, 25, 1)
(39, 26, 1)
(39, 31, 1)
xi_2:
(2, 16, 1)
(16, 21, 1)
(23, 17, 1)
(28, 37, 1)
(29, 13, 1)
(29, 24, 1)
(29, 37, 1)
(29, 38, 1)
(30, 36, 2)
(31, 6, 1)
(31, 21, 1)
(33, 27, 1)
(34, 28, 1)
(34, 34, 1)
(34, 35, 1)
(35, 36, 1)
(36, 25, 1)
(36, 37, 1)
(36, 38, 1)
(37, 21, 1)
(37, 36, 2)
(37, 37, 1)
(38, 28, 1)
(39, 21, 1)
(39, 28, 1)
(39, 36, 1)
