x-grades
-12165558250943386301/4000000000000000000
-5928829404305752301/2000000000000000000
-11549759366279622903/4000000000000000000
-2810464980986935301/1000000000000000000
-2186792096323171901/800000000000000000
-5313030519641988903/2000000000000000000
-10318161596952096107/4000000000000000000
-1251282769327526801/500000000000000000
-9702362712288332709/4000000000000000000
-939446326995645101/400000000000000000
-9086563827624569311/4000000000000000000
-2194666096323171903/1000000000000000000
-8470764942960805913/4000000000000000000
-4081432750314462107/2000000000000000000
-1570993211659408503/800000000000000000
-471691663497822551/250000000000000000
-7239167173633279117/4000000000000000000
-3465633865650698709/2000000000000000000
-6623368288969515719/4000000000000000000
-315773442331881701/200000000000000000
-6007569404305752321/4000000000000000000
-2849834980986935311/2000000000000000000
-5391770519641988923/4000000000000000000
-635483884663763403/500000000000000000
-191038865399129021/160000000000000000
-2234036096323171913/2000000000000000000
-4160172750314462127/4000000000000000000
-963068326995645107/1000000000000000000
-3544373865650698729/4000000000000000000
-323647442331881703/400000000000000000
-2928574980986935331/4000000000000000000
-40948055291485213/62500000000000000
-2312776096323171933/4000000000000000000
-1002438326995645117/2000000000000000000
-339395442331881707/800000000000000000
-347269442331881709/1000000000000000000
-1081178326995645137/4000000000000000000
-386639442331881719/2000000000000000000
-465379442331881739/4000000000000000000
-3937000000000001/100000000000000000

y-grades
9980683/40000000
9980683/20000000
29942049/40000000
9980683/10000000
9980683/8000000
29942049/20000000
69864781/40000000
9980683/5000000
89826147/40000000
9980683/4000000
109787513/40000000
29942049/10000000
129748879/40000000
69864781/20000000
29942049/8000000
9980683/2500000
169671611/40000000
89826147/20000000
189632977/40000000
9980683/2000000
209594343/40000000
109787513/20000000
229555709/40000000
29942049/5000000
9980683/1600000
129748879/20000000
269478441/40000000
69864781/10000000
289439807/40000000
29942049/4000000
309401173/40000000
9980683/1250000
329362539/40000000
169671611/20000000
69864781/8000000
89826147/10000000
369285271/40000000
189632977/20000000
389246637/40000000
9980683/1000000

Dimensions > 0:
(0, 0, 1)
(0, 1, 1)
(0, 2, 1)
(0, 3, 1)
(0, 4, 1)
(0, 5, 1)
(0, 6, 1)
(0, 7, 1)
(0, 8, 1)
(0, 9, 1)
(0, 10, 1)
(0, 11, 1)
(0, 12, 1)
(0, 13, 1)
(0, 14, 1)
(0, 15, 1)
(0, 16, 1)
(0, 17, 1)
(0, 18, 1)
(0, 19, 1)
(0, 20, 1)
(0, 21, 1)
(0, 22, 1)
(0, 23, 1)
(0, 24, 1)
(0, 25, 1)
(0, 26, 1)
(0, 27, 1)
(0, 28, 1)
(0, 29, 1)
(0, 30, 1)
(0, 31, 1)
(0, 32, 1)
(0, 33, 1)
(0, 34, 1)
(0, 35, 1)
(0, 36, 1)
(0, 37, 1)
(0, 38, 1)
(0, 39, 1)

(1, 0, 4)
(1, 1, 4)
(1, 2, 4)
(1, 3, 4)
(1, 4, 4)
(1, 5, 4)
(1, 6, 4)
(1, 7, 4)
(1, 8, 4)
(1, 9, 4)
(1, 10, 4)
(1, 11, 4)
(1, 12, 4)
(1, 13, 4)
(1, 14, 4)
(1, 15, 4)
(1, 16, 4)
(1, 17, 4)
(1, 18, 4)
(1, 19, 4)
(1, 20, 4)
(1, 21, 3)
(1, 22, 3)
(1, 23, 3)
(1, 24, 3)
(1, 25, 3)
(1, 26, 3)
(1, 27, 3)
(1, 28, 3)
(1, 29, 3)
(1, 30, 3)
(1, 31, 3)
(1, 32, 3)
(1, 33, 3)
(1, 34, 3)
(1, 35, 3)
(1, 36, 3)
(1, 37, 3)
(1, 38, 3)
(1, 39, 3)

(2, 0, 11)
(2, 1, 11)
(2, 2, 11)
(2, 3, 8)
(2, 4, 8)
(2, 5, 8)
(2, 6, 8)
(2, 7, 8)
(2, 8, 8)
(2, 9, 8)
(2, 10, 8)
(2, 11, 8)
(2, 12, 8)
(2, 13, 7)
(2, 14, 7)
(2, 15, 7)
(2, 16, 7)
(2, 17, 7)
(2, 18, 6)
(2, 19, 6)
(2, 20, 6)
(2, 21, 5)
(2, 22, 4)
(2, 23, 4)
(2, 24, 4)
(2, 25, 4)
(2, 26, 4)
(2, 27, 4)
(2, 28, 4)
(2, 29, 4)
(2, 30, 4)
(2, 31, 4)
(2, 32, 4)
(2, 33, 4)
(2, 34, 4)
(2, 35, 4)
(2, 36, 4)
(2, 37, 4)
(2, 38, 4)
(2, 39, 4)

(3, 0, 31)
(3, 1, 31)
(3, 2, 31)
(3, 3, 20)
(3, 4, 20)
(3, 5, 20)
(3, 6, 20)
(3, 7, 15)
(3, 8, 14)
(3, 9, 14)
(3, 10, 14)
(3, 11, 14)
(3, 12, 14)
(3, 13, 14)
(3, 14, 13)
(3, 15, 13)
(3, 16, 12)
(3, 17, 12)
(3, 18, 10)
(3, 19, 10)
(3, 20, 10)
(3, 21, 5)
(3, 22, 5)
(3, 23, 4)
(3, 24, 4)
(3, 25, 4)
(3, 26, 4)
(3, 27, 4)
(3, 28, 4)
(3, 29, 4)
(3, 30, 4)
(3, 31, 4)
(3, 32, 4)
(3, 33, 4)
(3, 34, 3)
(3, 35, 3)
(3, 36, 3)
(3, 37, 3)
(3, 38, 3)
(3, 39, 3)

(4, 0, 54)
(4, 1, 54)
(4, 2, 54)
(4, 3, 32)
(4, 4, 32)
(4, 5, 31)
(4, 6, 31)
(4, 7, 21)
(4, 8, 19)
(4, 9, 19)
(4, 10, 18)
(4, 11, 18)
(4, 12, 17)
(4, 13, 17)
(4, 14, 15)
(4, 15, 15)
(4, 16, 14)
(4, 17, 14)
(4, 18, 12)
(4, 19, 11)
(4, 20, 11)
(4, 21, 6)
(4, 22, 6)
(4, 23, 5)
(4, 24, 5)
(4, 25, 5)
(4, 26, 5)
(4, 27, 5)
(4, 28, 5)
(4, 29, 5)
(4, 30, 4)
(4, 31, 4)
(4, 32, 4)
(4, 33, 4)
(4, 34, 3)
(4, 35, 3)
(4, 36, 3)
(4, 37, 3)
(4, 38, 3)
(4, 39, 3)

(5, 0, 71)
(5, 1, 71)
(5, 2, 71)
(5, 3, 37)
(5, 4, 37)
(5, 5, 36)
(5, 6, 36)
(5, 7, 22)
(5, 8, 19)
(5, 9, 19)
(5, 10, 19)
(5, 11, 19)
(5, 12, 18)
(5, 13, 18)
(5, 14, 16)
(5, 15, 16)
(5, 16, 15)
(5, 17, 15)
(5, 18, 13)
(5, 19, 12)
(5, 20, 12)
(5, 21, 7)
(5, 22, 7)
(5, 23, 5)
(5, 24, 5)
(5, 25, 5)
(5, 26, 5)
(5, 27, 5)
(5, 28, 5)
(5, 29, 4)
(5, 30, 4)
(5, 31, 4)
(5, 32, 4)
(5, 33, 3)
(5, 34, 2)
(5, 35, 2)
(5, 36, 2)
(5, 37, 2)
(5, 38, 2)
(5, 39, 2)

(6, 0, 78)
(6, 1, 78)
(6, 2, 78)
(6, 3, 37)
(6, 4, 37)
(6, 5, 36)
(6, 6, 36)
(6, 7, 22)
(6, 8, 19)
(6, 9, 19)
(6, 10, 19)
(6, 11, 19)
(6, 12, 18)
(6, 13, 18)
(6, 14, 16)
(6, 15, 16)
(6, 16, 15)
(6, 17, 15)
(6, 18, 13)
(6, 19, 12)
(6, 20, 12)
(6, 21, 7)
(6, 22, 7)
(6, 23, 5)
(6, 24, 5)
(6, 25, 5)
(6, 26, 5)
(6, 27, 5)
(6, 28, 5)
(6, 29, 4)
(6, 30, 4)
(6, 31, 4)
(6, 32, 4)
(6, 33, 3)
(6, 34, 2)
(6, 35, 2)
(6, 36, 2)
(6, 37, 2)
(6, 38, 2)
(6, 39, 2)

(7, 0, 83)
(7, 1, 83)
(7, 2, 83)
(7, 3, 37)
(7, 4, 37)
(7, 5, 36)
(7, 6, 36)
(7, 7, 22)
(7, 8, 19)
(7, 9, 19)
(7, 10, 19)
(7, 11, 19)
(7, 12, 18)
(7, 13, 18)
(7, 14, 16)
(7, 15, 16)
(7, 16, 15)
(7, 17, 15)
(7, 18, 13)
(7, 19, 12)
(7, 20, 12)
(7, 21, 7)
(7, 22, 7)
(7, 23, 5)
(7, 24, 5)
(7, 25, 5)
(7, 26, 5)
(7, 27, 5)
(7, 28, 5)
(7, 29, 4)
(7, 30, 4)
(7, 31, 4)
(7, 32, 4)
(7, 33, 3)
(7, 34, 2)
(7, 35, 2)
(7, 36, 2)
(7, 37, 2)
(7, 38, 2)
(7, 39, 2)

(8, 0, 83)
(8, 1, 83)
(8, 2, 83)
(8, 3, 37)
(8, 4, 37)
(8, 5, 36)
(8, 6, 36)
(8, 7, 22)
(8, 8, 19)
(8, 9, 19)
(8, 10, 19)
(8, 11, 19)
(8, 12, 18)
(8, 13, 18)
(8, 14, 16)
(8, 15, 16)
(8, 16, 15)
(8, 17, 15)
(8, 18, 13)
(8, 19, 12)
(8, 20, 12)
(8, 21, 7)
(8, 22, 7)
(8, 23, 5)
(8, 24, 5)
(8, 25, 5)
(8, 26, 5)
(8, 27, 5)
(8, 28, 5)
(8, 29, 4)
(8, 30, 4)
(8, 31, 4)
(8, 32, 4)
(8, 33, 3)
(8, 34, 2)
(8, 35, 2)
(8, 36, 2)
(8, 37, 2)
(8, 38, 2)
(8, 39, 2)

(9, 0, 83)
(9, 1, 83)
(9, 2, 83)
(9, 3, 37)
(9, 4, 37)
(9, 5, 36)
(9, 6, 36)
(9, 7, 22)
(9, 8, 19)
(9, 9, 19)
(9, 10, 19)
(9, 11, 19)
(9, 12, 18)
(9, 13, 18)
(9, 14, 16)
(9, 15, 16)
(9, 16, 15)
(9, 17, 15)
(9, 18, 13)
(9, 19, 12)
(9, 20, 12)
(9, 21, 7)
(9, 22, 7)
(9, 23, 5)
(9, 24, 5)
(9, 25, 5)
(9, 26, 5)
(9, 27, 5)
(9, 28, 5)
(9, 29, 4)
(9, 30, 4)
(9, 31, 4)
(9, 32, 4)
(9, 33, 3)
(9, 34, 2)
(9, 35, 2)
(9, 36, 2)
(9, 37, 2)
(9, 38, 2)
(9, 39, 2)

(10, 0, 83)
(10, 1, 83)
(10, 2, 83)
(10, 3, 37)
(10, 4, 37)
(10, 5, 36)
(10, 6, 36)
(10, 7, 22)
(10, 8, 19)
(10, 9, 19)
(10, 10, 19)
(10, 11, 19)
(10, 12, 18)
(10, 13, 18)
(10, 14, 16)
(10, 15, 16)
(10, 16, 15)
(10, 17, 15)
(10, 18, 13)
(10, 19, 12)
(10, 20, 12)
(10, 21, 7)
(10, 22, 7)
(10, 23, 5)
(10, 24, 5)
(10, 25, 5)
(10, 26, 5)
(10, 27, 5)
(10, 28, 5)
(10, 29, 4)
(10, 30, 4)
(10, 31, 4)
(10, 32, 4)
(10, 33, 3)
(10, 34, 2)
(10, 35, 2)
(10, 36, 2)
(10, 37, 2)
(10, 38, 2)
(10, 39, 2)

(11, 0, 83)
(11, 1, 83)
(11, 2, 83)
(11, 3, 37)
(11, 4, 37)
(11, 5, 36)
(11, 6, 36)
(11, 7, 22)
(11, 8, 19)
(11, 9, 19)
(11, 10, 19)
(11, 11, 19)
(11, 12, 18)
(11, 13, 18)
(11, 14, 16)
(11, 15, 16)
(11, 16, 15)
(11, 17, 15)
(11, 18, 13)
(11, 19, 12)
(11, 20, 12)
(11, 21, 7)
(11, 22, 7)
(11, 23, 5)
(11, 24, 5)
(11, 25, 5)
(11, 26, 5)
(11, 27, 5)
(11, 28, 5)
(11, 29, 4)
(11, 30, 4)
(11, 31, 4)
(11, 32, 4)
(11, 33, 3)
(11, 34, 2)
(11, 35, 2)
(11, 36, 2)
(11, 37, 2)
(11, 38, 2)
(11, 39, 2)

(12, 0, 86)
(12, 1, 86)
(12, 2, 85)
(12, 3, 39)
(12, 4, 39)
(12, 5, 38)
(12, 6, 38)
(12, 7, 24)
(12, 8, 21)
(12, 9, 21)
(12, 10, 21)
(12, 11, 21)
(12, 12, 20)
(12, 13, 20)
(12, 14, 18)
(12, 15, 18)
(12, 16, 17)
(12, 17, 17)
(12, 18, 14)
(12, 19, 13)
(12, 20, 13)
(12, 21, 8)
(12, 22, 8)
(12, 23, 6)
(12, 24, 6)
(12, 25, 6)
(12, 26, 6)
(12, 27, 6)
(12, 28, 6)
(12, 29, 5)
(12, 30, 5)
(12, 31, 5)
(12, 32, 5)
(12, 33, 4)
(12, 34, 3)
(12, 35, 3)
(12, 36, 3)
(12, 37, 3)
(12, 38, 3)
(12, 39, 3)

(13, 0, 94)
(13, 1, 94)
(13, 2, 90)
(13, 3, 44)
(13, 4, 44)
(13, 5, 43)
(13, 6, 43)
(13, 7, 29)
(13, 8, 26)
(13, 9, 26)
(13, 10, 26)
(13, 11, 26)
(13, 12, 25)
(13, 13, 25)
(13, 14, 22)
(13, 15, 22)
(13, 16, 20)
(13, 17, 20)
(13, 18, 16)
(13, 19, 15)
(13, 20, 15)
(13, 21, 10)
(13, 22, 10)
(13, 23, 8)
(13, 24, 8)
(13, 25, 8)
(13, 26, 8)
(13, 27, 8)
(13, 28, 8)
(13, 29, 7)
(13, 30, 7)
(13, 31, 7)
(13, 32, 7)
(13, 33, 6)
(13, 34, 5)
(13, 35, 5)
(13, 36, 5)
(13, 37, 5)
(13, 38, 5)
(13, 39, 5)

(14, 0, 99)
(14, 1, 98)
(14, 2, 94)
(14, 3, 48)
(14, 4, 48)
(14, 5, 47)
(14, 6, 47)
(14, 7, 33)
(14, 8, 30)
(14, 9, 30)
(14, 10, 30)
(14, 11, 30)
(14, 12, 29)
(14, 13, 29)
(14, 14, 25)
(14, 15, 25)
(14, 16, 22)
(14, 17, 22)
(14, 18, 18)
(14, 19, 17)
(14, 20, 17)
(14, 21, 12)
(14, 22, 12)
(14, 23, 9)
(14, 24, 9)
(14, 25, 9)
(14, 26, 9)
(14, 27, 9)
(14, 28, 9)
(14, 29, 8)
(14, 30, 8)
(14, 31, 8)
(14, 32, 8)
(14, 33, 6)
(14, 34, 5)
(14, 35, 5)
(14, 36, 5)
(14, 37, 5)
(14, 38, 5)
(14, 39, 5)

(15, 0, 112)
(15, 1, 111)
(15, 2, 104)
(15, 3, 58)
(15, 4, 58)
(15, 5, 57)
(15, 6, 57)
(15, 7, 40)
(15, 8, 37)
(15, 9, 37)
(15, 10, 37)
(15, 11, 37)
(15, 12, 36)
(15, 13, 34)
(15, 14, 29)
(15, 15, 28)
(15, 16, 25)
(15, 17, 25)
(15, 18, 21)
(15, 19, 20)
(15, 20, 20)
(15, 21, 13)
(15, 22, 13)
(15, 23, 10)
(15, 24, 10)
(15, 25, 10)
(15, 26, 10)
(15, 27, 10)
(15, 28, 10)
(15, 29, 9)
(15, 30, 9)
(15, 31, 9)
(15, 32, 9)
(15, 33, 7)
(15, 34, 6)
(15, 35, 6)
(15, 36, 6)
(15, 37, 6)
(15, 38, 6)
(15, 39, 6)

(16, 0, 122)
(16, 1, 121)
(16, 2, 113)
(16, 3, 67)
(16, 4, 67)
(16, 5, 65)
(16, 6, 65)
(16, 7, 44)
(16, 8, 41)
(16, 9, 41)
(16, 10, 41)
(16, 11, 41)
(16, 12, 39)
(16, 13, 37)
(16, 14, 31)
(16, 15, 29)
(16, 16, 26)
(16, 17, 26)
(16, 18, 22)
(16, 19, 21)
(16, 20, 21)
(16, 21, 14)
(16, 22, 14)
(16, 23, 11)
(16, 24, 11)
(16, 25, 11)
(16, 26, 11)
(16, 27, 11)
(16, 28, 11)
(16, 29, 10)
(16, 30, 10)
(16, 31, 10)
(16, 32, 9)
(16, 33, 7)
(16, 34, 6)
(16, 35, 6)
(16, 36, 6)
(16, 37, 6)
(16, 38, 6)
(16, 39, 6)

(17, 0, 124)
(17, 1, 123)
(17, 2, 115)
(17, 3, 69)
(17, 4, 69)
(17, 5, 67)
(17, 6, 67)
(17, 7, 46)
(17, 8, 43)
(17, 9, 43)
(17, 10, 43)
(17, 11, 43)
(17, 12, 41)
(17, 13, 39)
(17, 14, 33)
(17, 15, 31)
(17, 16, 28)
(17, 17, 28)
(17, 18, 24)
(17, 19, 23)
(17, 20, 23)
(17, 21, 16)
(17, 22, 16)
(17, 23, 12)
(17, 24, 12)
(17, 25, 12)
(17, 26, 12)
(17, 27, 12)
(17, 28, 12)
(17, 29, 11)
(17, 30, 11)
(17, 31, 11)
(17, 32, 10)
(17, 33, 8)
(17, 34, 7)
(17, 35, 7)
(17, 36, 7)
(17, 37, 7)
(17, 38, 7)
(17, 39, 6)

(18, 0, 128)
(18, 1, 127)
(18, 2, 119)
(18, 3, 73)
(18, 4, 73)
(18, 5, 71)
(18, 6, 71)
(18, 7, 47)
(18, 8, 44)
(18, 9, 44)
(18, 10, 44)
(18, 11, 44)
(18, 12, 42)
(18, 13, 40)
(18, 14, 34)
(18, 15, 32)
(18, 16, 28)
(18, 17, 28)
(18, 18, 24)
(18, 19, 23)
(18, 20, 23)
(18, 21, 16)
(18, 22, 16)
(18, 23, 12)
(18, 24, 12)
(18, 25, 12)
(18, 26, 12)
(18, 27, 12)
(18, 28, 12)
(18, 29, 11)
(18, 30, 11)
(18, 31, 11)
(18, 32, 10)
(18, 33, 8)
(18, 34, 6)
(18, 35, 6)
(18, 36, 6)
(18, 37, 6)
(18, 38, 6)
(18, 39, 6)

(19, 0, 132)
(19, 1, 131)
(19, 2, 123)
(19, 3, 77)
(19, 4, 77)
(19, 5, 75)
(19, 6, 75)
(19, 7, 47)
(19, 8, 44)
(19, 9, 44)
(19, 10, 44)
(19, 11, 44)
(19, 12, 42)
(19, 13, 40)
(19, 14, 34)
(19, 15, 32)
(19, 16, 28)
(19, 17, 28)
(19, 18, 24)
(19, 19, 23)
(19, 20, 23)
(19, 21, 16)
(19, 22, 16)
(19, 23, 12)
(19, 24, 12)
(19, 25, 12)
(19, 26, 12)
(19, 27, 12)
(19, 28, 12)
(19, 29, 11)
(19, 30, 11)
(19, 31, 11)
(19, 32, 10)
(19, 33, 8)
(19, 34, 6)
(19, 35, 6)
(19, 36, 6)
(19, 37, 6)
(19, 38, 6)
(19, 39, 6)

(20, 0, 132)
(20, 1, 131)
(20, 2, 123)
(20, 3, 77)
(20, 4, 77)
(20, 5, 75)
(20, 6, 75)
(20, 7, 47)
(20, 8, 44)
(20, 9, 44)
(20, 10, 44)
(20, 11, 44)
(20, 12, 42)
(20, 13, 40)
(20, 14, 34)
(20, 15, 32)
(20, 16, 28)
(20, 17, 28)
(20, 18, 24)
(20, 19, 23)
(20, 20, 23)
(20, 21, 16)
(20, 22, 16)
(20, 23, 12)
(20, 24, 12)
(20, 25, 12)
(20, 26, 12)
(20, 27, 12)
(20, 28, 12)
(20, 29, 11)
(20, 30, 11)
(20, 31, 11)
(20, 32, 10)
(20, 33, 8)
(20, 34, 6)
(20, 35, 6)
(20, 36, 6)
(20, 37, 6)
(20, 38, 6)
(20, 39, 6)

(21, 0, 136)
(21, 1, 135)
(21, 2, 127)
(21, 3, 81)
(21, 4, 81)
(21, 5, 79)
(21, 6, 78)
(21, 7, 50)
(21, 8, 47)
(21, 9, 47)
(21, 10, 47)
(21, 11, 47)
(21, 12, 45)
(21, 13, 43)
(21, 14, 36)
(21, 15, 34)
(21, 16, 30)
(21, 17, 30)
(21, 18, 26)
(21, 19, 25)
(21, 20, 25)
(21, 21, 18)
(21, 22, 18)
(21, 23, 14)
(21, 24, 14)
(21, 25, 14)
(21, 26, 14)
(21, 27, 14)
(21, 28, 14)
(21, 29, 13)
(21, 30, 13)
(21, 31, 13)
(21, 32, 12)
(21, 33, 10)
(21, 34, 8)
(21, 35, 8)
(21, 36, 8)
(21, 37, 8)
(21, 38, 8)
(21, 39, 8)

(22, 0, 149)
(22, 1, 147)
(22, 2, 137)
(22, 3, 91)
(22, 4, 91)
(22, 5, 89)
(22, 6, 87)
(22, 7, 56)
(22, 8, 53)
(22, 9, 52)
(22, 10, 52)
(22, 11, 52)
(22, 12, 50)
(22, 13, 48)
(22, 14, 41)
(22, 15, 39)
(22, 16, 34)
(22, 17, 34)
(22, 18, 29)
(22, 19, 28)
(22, 20, 28)
(22, 21, 21)
(22, 22, 21)
(22, 23, 16)
(22, 24, 16)
(22, 25, 16)
(22, 26, 16)
(22, 27, 16)
(22, 28, 16)
(22, 29, 15)
(22, 30, 15)
(22, 31, 15)
(22, 32, 14)
(22, 33, 12)
(22, 34, 10)
(22, 35, 10)
(22, 36, 10)
(22, 37, 9)
(22, 38, 9)
(22, 39, 9)

(23, 0, 160)
(23, 1, 158)
(23, 2, 146)
(23, 3, 100)
(23, 4, 100)
(23, 5, 98)
(23, 6, 96)
(23, 7, 61)
(23, 8, 58)
(23, 9, 57)
(23, 10, 57)
(23, 11, 57)
(23, 12, 55)
(23, 13, 52)
(23, 14, 44)
(23, 15, 42)
(23, 16, 36)
(23, 17, 36)
(23, 18, 31)
(23, 19, 30)
(23, 20, 30)
(23, 21, 23)
(23, 22, 23)
(23, 23, 18)
(23, 24, 16)
(23, 25, 16)
(23, 26, 16)
(23, 27, 16)
(23, 28, 16)
(23, 29, 15)
(23, 30, 15)
(23, 31, 15)
(23, 32, 14)
(23, 33, 11)
(23, 34, 9)
(23, 35, 9)
(23, 36, 9)
(23, 37, 9)
(23, 38, 9)
(23, 39, 9)

(24, 0, 162)
(24, 1, 160)
(24, 2, 148)
(24, 3, 102)
(24, 4, 102)
(24, 5, 100)
(24, 6, 98)
(24, 7, 63)
(24, 8, 60)
(24, 9, 59)
(24, 10, 59)
(24, 11, 59)
(24, 12, 57)
(24, 13, 54)
(24, 14, 46)
(24, 15, 44)
(24, 16, 38)
(24, 17, 38)
(24, 18, 33)
(24, 19, 32)
(24, 20, 32)
(24, 21, 23)
(24, 22, 23)
(24, 23, 18)
(24, 24, 16)
(24, 25, 16)
(24, 26, 16)
(24, 27, 16)
(24, 28, 16)
(24, 29, 15)
(24, 30, 15)
(24, 31, 15)
(24, 32, 14)
(24, 33, 11)
(24, 34, 9)
(24, 35, 9)
(24, 36, 9)
(24, 37, 9)
(24, 38, 9)
(24, 39, 9)

(25, 0, 165)
(25, 1, 163)
(25, 2, 151)
(25, 3, 105)
(25, 4, 105)
(25, 5, 103)
(25, 6, 101)
(25, 7, 66)
(25, 8, 63)
(25, 9, 62)
(25, 10, 62)
(25, 11, 62)
(25, 12, 60)
(25, 13, 57)
(25, 14, 49)
(25, 15, 47)
(25, 16, 41)
(25, 17, 41)
(25, 18, 36)
(25, 19, 35)
(25, 20, 35)
(25, 21, 26)
(25, 22, 26)
(25, 23, 21)
(25, 24, 19)
(25, 25, 19)
(25, 26, 19)
(25, 27, 19)
(25, 28, 18)
(25, 29, 17)
(25, 30, 17)
(25, 31, 17)
(25, 32, 16)
(25, 33, 13)
(25, 34, 11)
(25, 35, 11)
(25, 36, 11)
(25, 37, 11)
(25, 38, 11)
(25, 39, 11)

(26, 0, 185)
(26, 1, 182)
(26, 2, 168)
(26, 3, 122)
(26, 4, 121)
(26, 5, 118)
(26, 6, 115)
(26, 7, 77)
(26, 8, 74)
(26, 9, 71)
(26, 10, 71)
(26, 11, 71)
(26, 12, 67)
(26, 13, 64)
(26, 14, 56)
(26, 15, 51)
(26, 16, 45)
(26, 17, 44)
(26, 18, 39)
(26, 19, 38)
(26, 20, 38)
(26, 21, 29)
(26, 22, 29)
(26, 23, 23)
(26, 24, 20)
(26, 25, 20)
(26, 26, 20)
(26, 27, 20)
(26, 28, 20)
(26, 29, 19)
(26, 30, 19)
(26, 31, 19)
(26, 32, 17)
(26, 33, 14)
(26, 34, 12)
(26, 35, 12)
(26, 36, 12)
(26, 37, 12)
(26, 38, 12)
(26, 39, 12)

(27, 0, 195)
(27, 1, 192)
(27, 2, 176)
(27, 3, 130)
(27, 4, 129)
(27, 5, 126)
(27, 6, 123)
(27, 7, 81)
(27, 8, 78)
(27, 9, 75)
(27, 10, 75)
(27, 11, 75)
(27, 12, 71)
(27, 13, 67)
(27, 14, 57)
(27, 15, 52)
(27, 16, 45)
(27, 17, 44)
(27, 18, 39)
(27, 19, 38)
(27, 20, 38)
(27, 21, 29)
(27, 22, 29)
(27, 23, 23)
(27, 24, 20)
(27, 25, 20)
(27, 26, 20)
(27, 27, 20)
(27, 28, 20)
(27, 29, 19)
(27, 30, 19)
(27, 31, 19)
(27, 32, 17)
(27, 33, 14)
(27, 34, 11)
(27, 35, 11)
(27, 36, 11)
(27, 37, 11)
(27, 38, 11)
(27, 39, 11)

(28, 0, 198)
(28, 1, 195)
(28, 2, 179)
(28, 3, 133)
(28, 4, 132)
(28, 5, 129)
(28, 6, 126)
(28, 7, 84)
(28, 8, 81)
(28, 9, 78)
(28, 10, 78)
(28, 11, 78)
(28, 12, 74)
(28, 13, 70)
(28, 14, 60)
(28, 15, 55)
(28, 16, 47)
(28, 17, 46)
(28, 18, 41)
(28, 19, 40)
(28, 20, 40)
(28, 21, 31)
(28, 22, 31)
(28, 23, 25)
(28, 24, 20)
(28, 25, 20)
(28, 26, 20)
(28, 27, 20)
(28, 28, 20)
(28, 29, 19)
(28, 30, 19)
(28, 31, 19)
(28, 32, 17)
(28, 33, 14)
(28, 34, 11)
(28, 35, 11)
(28, 36, 11)
(28, 37, 11)
(28, 38, 11)
(28, 39, 11)

(29, 0, 209)
(29, 1, 206)
(29, 2, 190)
(29, 3, 144)
(29, 4, 143)
(29, 5, 140)
(29, 6, 137)
(29, 7, 88)
(29, 8, 85)
(29, 9, 82)
(29, 10, 82)
(29, 11, 82)
(29, 12, 78)
(29, 13, 74)
(29, 14, 64)
(29, 15, 59)
(29, 16, 51)
(29, 17, 50)
(29, 18, 44)
(29, 19, 43)
(29, 20, 43)
(29, 21, 31)
(29, 22, 31)
(29, 23, 25)
(29, 24, 20)
(29, 25, 20)
(29, 26, 20)
(29, 27, 20)
(29, 28, 20)
(29, 29, 19)
(29, 30, 19)
(29, 31, 19)
(29, 32, 17)
(29, 33, 14)
(29, 34, 11)
(29, 35, 11)
(29, 36, 11)
(29, 37, 11)
(29, 38, 11)
(29, 39, 11)

(30, 0, 209)
(30, 1, 206)
(30, 2, 190)
(30, 3, 144)
(30, 4, 143)
(30, 5, 140)
(30, 6, 137)
(30, 7, 88)
(30, 8, 85)
(30, 9, 82)
(30, 10, 82)
(30, 11, 82)
(30, 12, 78)
(30, 13, 74)
(30, 14, 64)
(30, 15, 59)
(30, 16, 51)
(30, 17, 50)
(30, 18, 44)
(30, 19, 43)
(30, 20, 43)
(30, 21, 31)
(30, 22, 31)
(30, 23, 25)
(30, 24, 20)
(30, 25, 20)
(30, 26, 20)
(30, 27, 20)
(30, 28, 20)
(30, 29, 19)
(30, 30, 19)
(30, 31, 19)
(30, 32, 17)
(30, 33, 14)
(30, 34, 11)
(30, 35, 11)
(30, 36, 11)
(30, 37, 11)
(30, 38, 11)
(30, 39, 11)

(31, 0, 209)
(31, 1, 206)
(31, 2, 190)
(31, 3, 144)
(31, 4, 143)
(31, 5, 140)
(31, 6, 137)
(31, 7, 88)
(31, 8, 85)
(31, 9, 82)
(31, 10, 82)
(31, 11, 82)
(31, 12, 78)
(31, 13, 74)
(31, 14, 64)
(31, 15, 59)
(31, 16, 51)
(31, 17, 50)
(31, 18, 44)
(31, 19, 43)
(31, 20, 43)
(31, 21, 31)
(31, 22, 31)
(31, 23, 25)
(31, 24, 20)
(31, 25, 20)
(31, 26, 20)
(31, 27, 20)
(31, 28, 20)
(31, 29, 19)
(31, 30, 19)
(31, 31, 19)
(31, 32, 17)
(31, 33, 14)
(31, 34, 11)
(31, 35, 11)
(31, 36, 11)
(31, 37, 11)
(31, 38, 11)
(31, 39, 11)

(32, 0, 213)
(32, 1, 210)
(32, 2, 194)
(32, 3, 148)
(32, 4, 147)
(32, 5, 144)
(32, 6, 141)
(32, 7, 92)
(32, 8, 89)
(32, 9, 86)
(32, 10, 86)
(32, 11, 86)
(32, 12, 82)
(32, 13, 78)
(32, 14, 68)
(32, 15, 63)
(32, 16, 55)
(32, 17, 54)
(32, 18, 47)
(32, 19, 46)
(32, 20, 46)
(32, 21, 34)
(32, 22, 34)
(32, 23, 28)
(32, 24, 23)
(32, 25, 23)
(32, 26, 23)
(32, 27, 23)
(32, 28, 21)
(32, 29, 20)
(32, 30, 20)
(32, 31, 20)
(32, 32, 17)
(32, 33, 14)
(32, 34, 11)
(32, 35, 11)
(32, 36, 11)
(32, 37, 11)
(32, 38, 11)
(32, 39, 11)

(33, 0, 216)
(33, 1, 213)
(33, 2, 197)
(33, 3, 151)
(33, 4, 150)
(33, 5, 147)
(33, 6, 144)
(33, 7, 95)
(33, 8, 92)
(33, 9, 88)
(33, 10, 87)
(33, 11, 87)
(33, 12, 83)
(33, 13, 79)
(33, 14, 69)
(33, 15, 63)
(33, 16, 55)
(33, 17, 54)
(33, 18, 47)
(33, 19, 46)
(33, 20, 46)
(33, 21, 34)
(33, 22, 34)
(33, 23, 27)
(33, 24, 21)
(33, 25, 21)
(33, 26, 21)
(33, 27, 21)
(33, 28, 21)
(33, 29, 20)
(33, 30, 20)
(33, 31, 20)
(33, 32, 17)
(33, 33, 14)
(33, 34, 11)
(33, 35, 11)
(33, 36, 11)
(33, 37, 11)
(33, 38, 11)
(33, 39, 11)

(34, 0, 218)
(34, 1, 215)
(34, 2, 199)
(34, 3, 153)
(34, 4, 152)
(34, 5, 148)
(34, 6, 145)
(34, 7, 96)
(34, 8, 93)
(34, 9, 89)
(34, 10, 88)
(34, 11, 88)
(34, 12, 83)
(34, 13, 79)
(34, 14, 68)
(34, 15, 62)
(34, 16, 54)
(34, 17, 53)
(34, 18, 46)
(34, 19, 45)
(34, 20, 45)
(34, 21, 33)
(34, 22, 33)
(34, 23, 27)
(34, 24, 21)
(34, 25, 21)
(34, 26, 21)
(34, 27, 21)
(34, 28, 21)
(34, 29, 20)
(34, 30, 20)
(34, 31, 20)
(34, 32, 17)
(34, 33, 14)
(34, 34, 11)
(34, 35, 11)
(34, 36, 11)
(34, 37, 11)
(34, 38, 11)
(34, 39, 11)

(35, 0, 218)
(35, 1, 215)
(35, 2, 199)
(35, 3, 153)
(35, 4, 152)
(35, 5, 148)
(35, 6, 145)
(35, 7, 96)
(35, 8, 93)
(35, 9, 89)
(35, 10, 88)
(35, 11, 88)
(35, 12, 83)
(35, 13, 79)
(35, 14, 68)
(35, 15, 62)
(35, 16, 54)
(35, 17, 53)
(35, 18, 46)
(35, 19, 45)
(35, 20, 45)
(35, 21, 33)
(35, 22, 33)
(35, 23, 27)
(35, 24, 21)
(35, 25, 21)
(35, 26, 21)
(35, 27, 21)
(35, 28, 21)
(35, 29, 20)
(35, 30, 20)
(35, 31, 20)
(35, 32, 17)
(35, 33, 14)
(35, 34, 11)
(35, 35, 11)
(35, 36, 11)
(35, 37, 11)
(35, 38, 11)
(35, 39, 11)

(36, 0, 219)
(36, 1, 216)
(36, 2, 200)
(36, 3, 154)
(36, 4, 153)
(36, 5, 149)
(36, 6, 146)
(36, 7, 97)
(36, 8, 94)
(36, 9, 90)
(36, 10, 89)
(36, 11, 89)
(36, 12, 84)
(36, 13, 80)
(36, 14, 69)
(36, 15, 63)
(36, 16, 55)
(36, 17, 54)
(36, 18, 47)
(36, 19, 46)
(36, 20, 46)
(36, 21, 34)
(36, 22, 34)
(36, 23, 27)
(36, 24, 21)
(36, 25, 21)
(36, 26, 21)
(36, 27, 21)
(36, 28, 21)
(36, 29, 20)
(36, 30, 20)
(36, 31, 20)
(36, 32, 17)
(36, 33, 14)
(36, 34, 11)
(36, 35, 11)
(36, 36, 11)
(36, 37, 11)
(36, 38, 11)
(36, 39, 11)

(37, 0, 219)
(37, 1, 216)
(37, 2, 200)
(37, 3, 154)
(37, 4, 153)
(37, 5, 149)
(37, 6, 146)
(37, 7, 97)
(37, 8, 94)
(37, 9, 90)
(37, 10, 89)
(37, 11, 89)
(37, 12, 84)
(37, 13, 80)
(37, 14, 69)
(37, 15, 63)
(37, 16, 55)
(37, 17, 54)
(37, 18, 47)
(37, 19, 46)
(37, 20, 46)
(37, 21, 34)
(37, 22, 34)
(37, 23, 27)
(37, 24, 21)
(37, 25, 21)
(37, 26, 21)
(37, 27, 21)
(37, 28, 21)
(37, 29, 20)
(37, 30, 20)
(37, 31, 20)
(37, 32, 17)
(37, 33, 14)
(37, 34, 11)
(37, 35, 11)
(37, 36, 11)
(37, 37, 11)
(37, 38, 11)
(37, 39, 11)

(38, 0, 220)
(38, 1, 217)
(38, 2, 201)
(38, 3, 155)
(38, 4, 154)
(38, 5, 150)
(38, 6, 147)
(38, 7, 98)
(38, 8, 95)
(38, 9, 91)
(38, 10, 90)
(38, 11, 90)
(38, 12, 85)
(38, 13, 81)
(38, 14, 70)
(38, 15, 64)
(38, 16, 56)
(38, 17, 55)
(38, 18, 48)
(38, 19, 47)
(38, 20, 47)
(38, 21, 35)
(38, 22, 35)
(38, 23, 28)
(38, 24, 22)
(38, 25, 22)
(38, 26, 22)
(38, 27, 22)
(38, 28, 22)
(38, 29, 21)
(38, 30, 21)
(38, 31, 21)
(38, 32, 18)
(38, 33, 15)
(38, 34, 12)
(38, 35, 12)
(38, 36, 12)
(38, 37, 12)
(38, 38, 12)
(38, 39, 12)

(39, 0, 228)
(39, 1, 225)
(39, 2, 209)
(39, 3, 163)
(39, 4, 162)
(39, 5, 158)
(39, 6, 155)
(39, 7, 99)
(39, 8, 96)
(39, 9, 92)
(39, 10, 91)
(39, 11, 91)
(39, 12, 86)
(39, 13, 82)
(39, 14, 71)
(39, 15, 65)
(39, 16, 57)
(39, 17, 56)
(39, 18, 49)
(39, 19, 47)
(39, 20, 47)
(39, 21, 35)
(39, 22, 35)
(39, 23, 28)
(39, 24, 22)
(39, 25, 22)
(39, 26, 22)
(39, 27, 22)
(39, 28, 22)
(39, 29, 21)
(39, 30, 21)
(39, 31, 21)
(39, 32, 18)
(39, 33, 14)
(39, 34, 11)
(39, 35, 11)
(39, 36, 11)
(39, 37, 11)
(39, 38, 11)
(39, 39, 11)


Betti numbers:
xi_0:
(0, 0, 1)
(1, 0, 3)
(2, 0, 7)
(3, 0, 20)
(4, 0, 23)
(5, 0, 17)
(6, 0, 7)
(7, 0, 5)
(12, 0, 3)
(13, 0, 8)
(14, 0, 5)
(15, 0, 13)
(16, 0, 10)
(17, 0, 2)
(18, 0, 4)
(19, 0, 4)
(21, 0, 4)
(22, 0, 13)
(23, 0, 11)
(24, 0, 2)
(25, 0, 3)
(26, 0, 20)
(27, 0, 10)
(28, 0, 3)
(29, 0, 11)
(32, 0, 4)
(33, 0, 3)
(34, 0, 2)
(36, 0, 1)
(38, 0, 1)
(39, 0, 8)
xi_1:
(1, 21, 1)
(2, 3, 3)
(2, 13, 1)
(2, 18, 1)
(2, 22, 1)
(3, 3, 8)
(3, 7, 5)
(3, 8, 1)
(3, 14, 1)
(3, 16, 1)
(3, 18, 1)
(3, 21, 4)
(3, 23, 1)
(3, 34, 1)
(4, 3, 11)
(4, 5, 1)
(4, 7, 5)
(4, 8, 1)
(4, 10, 1)
(4, 12, 1)
(4, 14, 1)
(4, 19, 1)
(4, 30, 1)
(5, 3, 12)
(5, 7, 4)
(5, 8, 1)
(5, 23, 1)
(5, 29, 1)
(5, 33, 1)
(6, 3, 7)
(7, 3, 5)
(12, 2, 1)
(12, 18, 1)
(13, 2, 3)
(13, 14, 1)
(13, 16, 1)
(13, 18, 1)
(14, 1, 1)
(14, 14, 1)
(14, 16, 1)
(14, 23, 1)
(14, 33, 1)
(15, 2, 3)
(15, 7, 3)
(15, 13, 2)
(15, 14, 1)
(15, 15, 1)
(15, 21, 2)
(16, 2, 1)
(16, 5, 1)
(16, 7, 4)
(16, 12, 1)
(16, 14, 1)
(16, 15, 1)
(16, 32, 1)
(17, 23, 1)
(17, 39, 1)
(18, 7, 3)
(18, 16, 1)
(18, 34, 1)
(19, 7, 4)
(21, 6, 1)
(21, 14, 1)
(22, 1, 1)
(22, 2, 2)
(22, 6, 1)
(22, 7, 3)
(22, 9, 1)
(22, 14, 1)
(22, 16, 1)
(22, 18, 1)
(22, 23, 1)
(22, 37, 1)
(23, 2, 2)
(23, 7, 4)
(23, 13, 1)
(23, 14, 1)
(23, 16, 1)
(23, 24, 2)
(23, 33, 1)
(24, 21, 2)
(25, 28, 1)
(26, 1, 1)
(26, 2, 2)
(26, 4, 1)
(26, 5, 1)
(26, 6, 1)
(26, 7, 3)
(26, 9, 2)
(26, 12, 2)
(26, 15, 3)
(26, 17, 1)
(26, 23, 1)
(26, 24, 1)
(26, 32, 1)
(27, 2, 2)
(27, 7, 4)
(27, 13, 1)
(27, 14, 2)
(27, 16, 1)
(27, 23, 1)
(27, 34, 1)
(28, 16, 1)
(28, 24, 2)
(29, 7, 7)
(29, 18, 1)
(29, 21, 3)
(32, 18, 1)
(32, 28, 2)
(32, 32, 1)
(33, 9, 1)
(33, 10, 1)
(33, 15, 1)
(33, 23, 1)
(33, 24, 1)
(34, 5, 1)
(34, 12, 1)
(34, 14, 1)
(36, 23, 1)
(39, 7, 7)
(39, 19, 1)
(39, 33, 1)
xi_2:
(3, 13, 1)
(3, 22, 1)
(5, 10, 1)
(5, 30, 1)
(18, 39, 1)
(22, 14, 1)
(23, 37, 1)
(26, 28, 1)
(27, 23, 1)
(33, 28, 2)
(34, 23, 1)
