x-grades
-1121872008329401431/1000000000000000000
-548800463287671131/500000000000000000
-1073329844821283093/1000000000000000000
-262264690766805981/250000000000000000
-204957536262632951/200000000000000000
-500258299779552793/500000000000000000
-976245517805046417/1000000000000000000
-59498402253186703/62500000000000000
-927703354296928079/1000000000000000000
-90343227254286891/100000000000000000
-879161190788809741/1000000000000000000
-213722527258687643/250000000000000000
-830619027280691403/1000000000000000000
-403173972763316117/500000000000000000
-156415372754514613/200000000000000000
-94725722752314237/125000000000000000
-733534700264454727/1000000000000000000
-354631809255197779/500000000000000000
-684992536756336389/1000000000000000000
-33036072750113861/50000000000000000
-636450373248218051/1000000000000000000
-306089645747079441/500000000000000000
-587908209740099713/1000000000000000000
-17613660249563767/31250000000000000
-4314928369855851/8000000000000000
-257547482238961103/500000000000000000
-490823882723863037/1000000000000000000
-116638200242450967/250000000000000000
-442281719215744699/1000000000000000000
-41801063746168553/100000000000000000
-393739555707626361/1000000000000000000
-46183559244195899/125000000000000000
-345197392199508023/1000000000000000000
-160463155222724427/500000000000000000
-59331045738277937/200000000000000000
-68096036734332629/250000000000000000
-248113065183271347/1000000000000000000
-111920991714606089/500000000000000000
-199570901675153009/1000000000000000000
-2191247749013673/12500000000000000

y-grades
4921291/20000000
4921291/10000000
14763873/20000000
4921291/5000000
4921291/4000000
14763873/10000000
34449037/20000000
4921291/2500000
44291619/20000000
4921291/2000000
54134201/20000000
14763873/5000000
63976783/20000000
34449037/10000000
14763873/4000000
4921291/1250000
83661947/20000000
44291619/10000000
93504529/20000000
4921291/1000000
103347111/20000000
54134201/10000000
113189693/20000000
14763873/2500000
4921291/800000
63976783/10000000
132874857/20000000
34449037/5000000
142717439/20000000
14763873/2000000
152560021/20000000
4921291/625000
162402603/20000000
83661947/10000000
34449037/4000000
44291619/5000000
182087767/20000000
93504529/10000000
191930349/20000000
4921291/500000

Dimensions > 0:
(0, 0, 1)
(0, 1, 1)
(0, 2, 1)
(0, 3, 1)
(0, 4, 1)
(0, 5, 1)
(0, 6, 1)
(0, 7, 1)
(0, 8, 1)
(0, 9, 1)
(0, 10, 1)
(0, 11, 1)
(0, 12, 1)
(0, 13, 1)
(0, 14, 1)
(0, 15, 1)
(0, 16, 1)
(0, 17, 1)
(0, 18, 1)
(0, 19, 1)
(0, 20, 1)
(0, 21, 1)
(0, 22, 1)
(0, 23, 1)
(0, 24, 1)
(0, 25, 1)
(0, 26, 1)
(0, 27, 1)
(0, 28, 1)
(0, 29, 1)
(0, 30, 1)
(0, 31, 1)
(0, 32, 1)
(0, 33, 1)
(0, 34, 1)
(0, 35, 1)
(0, 36, 1)
(0, 37, 1)
(0, 38, 1)
(0, 39, 1)

(1, 0, 1)
(1, 1, 1)
(1, 2, 1)
(1, 3, 1)
(1, 4, 1)
(1, 5, 1)
(1, 6, 1)
(1, 7, 1)
(1, 8, 1)
(1, 9, 1)
(1, 10, 1)
(1, 11, 1)
(1, 12, 1)
(1, 13, 1)
(1, 14, 1)
(1, 15, 1)
(1, 16, 1)
(1, 17, 1)
(1, 18, 1)
(1, 19, 1)
(1, 20, 1)
(1, 21, 1)
(1, 22, 1)
(1, 23, 1)
(1, 24, 1)
(1, 25, 1)
(1, 26, 1)
(1, 27, 1)
(1, 28, 1)
(1, 29, 1)
(1, 30, 1)
(1, 31, 1)
(1, 32, 1)
(1, 33, 1)
(1, 34, 1)
(1, 35, 1)
(1, 36, 1)
(1, 37, 1)
(1, 38, 1)
(1, 39, 1)

(2, 0, 1)
(2, 1, 1)
(2, 2, 1)
(2, 3, 1)
(2, 4, 1)
(2, 5, 1)
(2, 6, 1)
(2, 7, 1)
(2, 8, 1)
(2, 9, 1)
(2, 10, 1)
(2, 11, 1)
(2, 12, 1)
(2, 13, 1)
(2, 14, 1)
(2, 15, 1)
(2, 16, 1)
(2, 17, 1)
(2, 18, 1)
(2, 19, 1)
(2, 20, 1)
(2, 21, 1)
(2, 22, 1)
(2, 23, 1)
(2, 24, 1)
(2, 25, 1)
(2, 26, 1)
(2, 27, 1)
(2, 28, 1)
(2, 29, 1)
(2, 30, 1)
(2, 31, 1)
(2, 32, 1)
(2, 33, 1)
(2, 34, 1)
(2, 35, 1)
(2, 36, 1)
(2, 37, 1)
(2, 38, 1)
(2, 39, 1)

(3, 0, 1)
(3, 1, 1)
(3, 2, 1)
(3, 3, 1)
(3, 4, 1)
(3, 5, 1)
(3, 6, 1)
(3, 7, 1)
(3, 8, 1)
(3, 9, 1)
(3, 10, 1)
(3, 11, 1)
(3, 12, 1)
(3, 13, 1)
(3, 14, 1)
(3, 15, 1)
(3, 16, 1)
(3, 17, 1)
(3, 18, 1)
(3, 19, 1)
(3, 20, 1)
(3, 21, 1)
(3, 22, 1)
(3, 23, 1)
(3, 24, 1)
(3, 25, 1)
(3, 26, 1)
(3, 27, 1)
(3, 28, 1)
(3, 29, 1)
(3, 30, 1)
(3, 31, 1)
(3, 32, 1)
(3, 33, 1)
(3, 34, 1)
(3, 35, 1)
(3, 36, 1)
(3, 37, 1)
(3, 38, 1)
(3, 39, 1)

(4, 0, 2)
(4, 1, 2)
(4, 2, 2)
(4, 3, 2)
(4, 4, 2)
(4, 5, 2)
(4, 6, 2)
(4, 7, 2)
(4, 8, 2)
(4, 9, 2)
(4, 10, 2)
(4, 11, 2)
(4, 12, 2)
(4, 13, 2)
(4, 14, 2)
(4, 15, 2)
(4, 16, 2)
(4, 17, 2)
(4, 18, 2)
(4, 19, 2)
(4, 20, 2)
(4, 21, 2)
(4, 22, 2)
(4, 23, 2)
(4, 24, 2)
(4, 25, 2)
(4, 26, 2)
(4, 27, 2)
(4, 28, 2)
(4, 29, 2)
(4, 30, 2)
(4, 31, 1)
(4, 32, 1)
(4, 33, 1)
(4, 34, 1)
(4, 35, 1)
(4, 36, 1)
(4, 37, 1)
(4, 38, 1)
(4, 39, 1)

(5, 0, 2)
(5, 1, 2)
(5, 2, 2)
(5, 3, 2)
(5, 4, 2)
(5, 5, 2)
(5, 6, 2)
(5, 7, 2)
(5, 8, 2)
(5, 9, 2)
(5, 10, 2)
(5, 11, 2)
(5, 12, 2)
(5, 13, 2)
(5, 14, 2)
(5, 15, 2)
(5, 16, 2)
(5, 17, 2)
(5, 18, 2)
(5, 19, 2)
(5, 20, 2)
(5, 21, 2)
(5, 22, 2)
(5, 23, 2)
(5, 24, 2)
(5, 25, 2)
(5, 26, 2)
(5, 27, 2)
(5, 28, 2)
(5, 29, 2)
(5, 30, 2)
(5, 31, 1)
(5, 32, 1)
(5, 33, 1)
(5, 34, 1)
(5, 35, 1)
(5, 36, 1)
(5, 37, 1)
(5, 38, 1)
(5, 39, 1)

(6, 0, 3)
(6, 1, 3)
(6, 2, 3)
(6, 3, 3)
(6, 4, 3)
(6, 5, 3)
(6, 6, 3)
(6, 7, 3)
(6, 8, 3)
(6, 9, 3)
(6, 10, 3)
(6, 11, 3)
(6, 12, 3)
(6, 13, 3)
(6, 14, 3)
(6, 15, 3)
(6, 16, 3)
(6, 17, 3)
(6, 18, 3)
(6, 19, 3)
(6, 20, 3)
(6, 21, 3)
(6, 22, 3)
(6, 23, 3)
(6, 24, 3)
(6, 25, 3)
(6, 26, 3)
(6, 27, 3)
(6, 28, 3)
(6, 29, 3)
(6, 30, 3)
(6, 31, 2)
(6, 32, 2)
(6, 33, 2)
(6, 34, 2)
(6, 35, 2)
(6, 36, 2)
(6, 37, 2)
(6, 38, 2)
(6, 39, 2)

(7, 0, 3)
(7, 1, 3)
(7, 2, 3)
(7, 3, 3)
(7, 4, 3)
(7, 5, 3)
(7, 6, 3)
(7, 7, 3)
(7, 8, 3)
(7, 9, 3)
(7, 10, 3)
(7, 11, 3)
(7, 12, 3)
(7, 13, 3)
(7, 14, 3)
(7, 15, 3)
(7, 16, 3)
(7, 17, 3)
(7, 18, 3)
(7, 19, 3)
(7, 20, 3)
(7, 21, 3)
(7, 22, 3)
(7, 23, 3)
(7, 24, 3)
(7, 25, 3)
(7, 26, 3)
(7, 27, 3)
(7, 28, 3)
(7, 29, 3)
(7, 30, 3)
(7, 31, 2)
(7, 32, 2)
(7, 33, 2)
(7, 34, 2)
(7, 35, 2)
(7, 36, 2)
(7, 37, 2)
(7, 38, 2)
(7, 39, 2)

(8, 0, 3)
(8, 1, 3)
(8, 2, 3)
(8, 3, 3)
(8, 4, 3)
(8, 5, 3)
(8, 6, 3)
(8, 7, 3)
(8, 8, 3)
(8, 9, 3)
(8, 10, 3)
(8, 11, 3)
(8, 12, 3)
(8, 13, 3)
(8, 14, 3)
(8, 15, 3)
(8, 16, 3)
(8, 17, 3)
(8, 18, 3)
(8, 19, 3)
(8, 20, 3)
(8, 21, 3)
(8, 22, 3)
(8, 23, 3)
(8, 24, 3)
(8, 25, 3)
(8, 26, 3)
(8, 27, 3)
(8, 28, 3)
(8, 29, 3)
(8, 30, 3)
(8, 31, 2)
(8, 32, 2)
(8, 33, 2)
(8, 34, 2)
(8, 35, 2)
(8, 36, 2)
(8, 37, 2)
(8, 38, 2)
(8, 39, 2)

(9, 0, 3)
(9, 1, 3)
(9, 2, 3)
(9, 3, 3)
(9, 4, 3)
(9, 5, 3)
(9, 6, 3)
(9, 7, 3)
(9, 8, 3)
(9, 9, 3)
(9, 10, 3)
(9, 11, 3)
(9, 12, 3)
(9, 13, 3)
(9, 14, 3)
(9, 15, 3)
(9, 16, 3)
(9, 17, 3)
(9, 18, 3)
(9, 19, 3)
(9, 20, 3)
(9, 21, 3)
(9, 22, 3)
(9, 23, 3)
(9, 24, 3)
(9, 25, 3)
(9, 26, 3)
(9, 27, 3)
(9, 28, 3)
(9, 29, 3)
(9, 30, 3)
(9, 31, 2)
(9, 32, 2)
(9, 33, 2)
(9, 34, 2)
(9, 35, 2)
(9, 36, 2)
(9, 37, 2)
(9, 38, 2)
(9, 39, 2)

(10, 0, 4)
(10, 1, 4)
(10, 2, 4)
(10, 3, 4)
(10, 4, 4)
(10, 5, 4)
(10, 6, 4)
(10, 7, 4)
(10, 8, 4)
(10, 9, 4)
(10, 10, 4)
(10, 11, 4)
(10, 12, 4)
(10, 13, 4)
(10, 14, 4)
(10, 15, 4)
(10, 16, 4)
(10, 17, 4)
(10, 18, 4)
(10, 19, 4)
(10, 20, 4)
(10, 21, 4)
(10, 22, 4)
(10, 23, 4)
(10, 24, 4)
(10, 25, 4)
(10, 26, 4)
(10, 27, 4)
(10, 28, 4)
(10, 29, 4)
(10, 30, 4)
(10, 31, 3)
(10, 32, 3)
(10, 33, 3)
(10, 34, 3)
(10, 35, 3)
(10, 36, 3)
(10, 37, 3)
(10, 38, 3)
(10, 39, 3)

(11, 0, 4)
(11, 1, 4)
(11, 2, 4)
(11, 3, 4)
(11, 4, 4)
(11, 5, 4)
(11, 6, 4)
(11, 7, 4)
(11, 8, 4)
(11, 9, 4)
(11, 10, 4)
(11, 11, 4)
(11, 12, 4)
(11, 13, 4)
(11, 14, 4)
(11, 15, 4)
(11, 16, 4)
(11, 17, 4)
(11, 18, 4)
(11, 19, 4)
(11, 20, 4)
(11, 21, 4)
(11, 22, 4)
(11, 23, 4)
(11, 24, 4)
(11, 25, 4)
(11, 26, 4)
(11, 27, 4)
(11, 28, 4)
(11, 29, 4)
(11, 30, 4)
(11, 31, 3)
(11, 32, 3)
(11, 33, 3)
(11, 34, 3)
(11, 35, 3)
(11, 36, 3)
(11, 37, 3)
(11, 38, 3)
(11, 39, 3)

(12, 0, 5)
(12, 1, 5)
(12, 2, 5)
(12, 3, 5)
(12, 4, 5)
(12, 5, 5)
(12, 6, 5)
(12, 7, 5)
(12, 8, 5)
(12, 9, 5)
(12, 10, 5)
(12, 11, 5)
(12, 12, 5)
(12, 13, 5)
(12, 14, 5)
(12, 15, 5)
(12, 16, 5)
(12, 17, 5)
(12, 18, 5)
(12, 19, 5)
(12, 20, 5)
(12, 21, 5)
(12, 22, 5)
(12, 23, 5)
(12, 24, 5)
(12, 25, 5)
(12, 26, 5)
(12, 27, 5)
(12, 28, 5)
(12, 29, 5)
(12, 30, 5)
(12, 31, 3)
(12, 32, 3)
(12, 33, 3)
(12, 34, 3)
(12, 35, 3)
(12, 36, 3)
(12, 37, 3)
(12, 38, 3)
(12, 39, 3)

(13, 0, 5)
(13, 1, 5)
(13, 2, 5)
(13, 3, 5)
(13, 4, 5)
(13, 5, 5)
(13, 6, 5)
(13, 7, 5)
(13, 8, 5)
(13, 9, 5)
(13, 10, 5)
(13, 11, 5)
(13, 12, 5)
(13, 13, 5)
(13, 14, 5)
(13, 15, 5)
(13, 16, 5)
(13, 17, 5)
(13, 18, 5)
(13, 19, 5)
(13, 20, 5)
(13, 21, 5)
(13, 22, 5)
(13, 23, 5)
(13, 24, 5)
(13, 25, 5)
(13, 26, 5)
(13, 27, 5)
(13, 28, 5)
(13, 29, 5)
(13, 30, 5)
(13, 31, 3)
(13, 32, 3)
(13, 33, 3)
(13, 34, 3)
(13, 35, 3)
(13, 36, 3)
(13, 37, 3)
(13, 38, 3)
(13, 39, 3)

(14, 0, 6)
(14, 1, 6)
(14, 2, 6)
(14, 3, 6)
(14, 4, 6)
(14, 5, 6)
(14, 6, 6)
(14, 7, 6)
(14, 8, 6)
(14, 9, 6)
(14, 10, 6)
(14, 11, 6)
(14, 12, 6)
(14, 13, 6)
(14, 14, 6)
(14, 15, 6)
(14, 16, 6)
(14, 17, 6)
(14, 18, 6)
(14, 19, 6)
(14, 20, 6)
(14, 21, 6)
(14, 22, 6)
(14, 23, 6)
(14, 24, 6)
(14, 25, 6)
(14, 26, 6)
(14, 27, 6)
(14, 28, 6)
(14, 29, 6)
(14, 30, 6)
(14, 31, 4)
(14, 32, 4)
(14, 33, 4)
(14, 34, 4)
(14, 35, 4)
(14, 36, 4)
(14, 37, 4)
(14, 38, 4)
(14, 39, 4)

(15, 0, 6)
(15, 1, 6)
(15, 2, 6)
(15, 3, 6)
(15, 4, 6)
(15, 5, 6)
(15, 6, 6)
(15, 7, 6)
(15, 8, 6)
(15, 9, 6)
(15, 10, 6)
(15, 11, 6)
(15, 12, 6)
(15, 13, 6)
(15, 14, 6)
(15, 15, 6)
(15, 16, 6)
(15, 17, 6)
(15, 18, 6)
(15, 19, 6)
(15, 20, 6)
(15, 21, 6)
(15, 22, 6)
(15, 23, 6)
(15, 24, 6)
(15, 25, 6)
(15, 26, 6)
(15, 27, 6)
(15, 28, 6)
(15, 29, 6)
(15, 30, 6)
(15, 31, 4)
(15, 32, 4)
(15, 33, 4)
(15, 34, 4)
(15, 35, 4)
(15, 36, 4)
(15, 37, 4)
(15, 38, 4)
(15, 39, 4)

(16, 0, 6)
(16, 1, 6)
(16, 2, 6)
(16, 3, 6)
(16, 4, 6)
(16, 5, 6)
(16, 6, 6)
(16, 7, 6)
(16, 8, 6)
(16, 9, 6)
(16, 10, 6)
(16, 11, 6)
(16, 12, 6)
(16, 13, 6)
(16, 14, 6)
(16, 15, 6)
(16, 16, 6)
(16, 17, 6)
(16, 18, 6)
(16, 19, 6)
(16, 20, 6)
(16, 21, 6)
(16, 22, 6)
(16, 23, 6)
(16, 24, 6)
(16, 25, 6)
(16, 26, 6)
(16, 27, 6)
(16, 28, 6)
(16, 29, 6)
(16, 30, 6)
(16, 31, 4)
(16, 32, 4)
(16, 33, 4)
(16, 34, 4)
(16, 35, 4)
(16, 36, 4)
(16, 37, 4)
(16, 38, 4)
(16, 39, 4)

(17, 0, 6)
(17, 1, 6)
(17, 2, 6)
(17, 3, 6)
(17, 4, 6)
(17, 5, 6)
(17, 6, 6)
(17, 7, 6)
(17, 8, 6)
(17, 9, 6)
(17, 10, 6)
(17, 11, 6)
(17, 12, 6)
(17, 13, 6)
(17, 14, 6)
(17, 15, 6)
(17, 16, 6)
(17, 17, 6)
(17, 18, 6)
(17, 19, 6)
(17, 20, 6)
(17, 21, 6)
(17, 22, 6)
(17, 23, 6)
(17, 24, 6)
(17, 25, 6)
(17, 26, 6)
(17, 27, 6)
(17, 28, 6)
(17, 29, 6)
(17, 30, 6)
(17, 31, 4)
(17, 32, 4)
(17, 33, 4)
(17, 34, 4)
(17, 35, 4)
(17, 36, 4)
(17, 37, 4)
(17, 38, 4)
(17, 39, 4)

(18, 0, 8)
(18, 1, 8)
(18, 2, 8)
(18, 3, 8)
(18, 4, 8)
(18, 5, 8)
(18, 6, 8)
(18, 7, 8)
(18, 8, 8)
(18, 9, 8)
(18, 10, 8)
(18, 11, 8)
(18, 12, 8)
(18, 13, 7)
(18, 14, 7)
(18, 15, 7)
(18, 16, 7)
(18, 17, 7)
(18, 18, 7)
(18, 19, 7)
(18, 20, 7)
(18, 21, 7)
(18, 22, 7)
(18, 23, 7)
(18, 24, 7)
(18, 25, 7)
(18, 26, 7)
(18, 27, 7)
(18, 28, 7)
(18, 29, 7)
(18, 30, 7)
(18, 31, 5)
(18, 32, 5)
(18, 33, 5)
(18, 34, 5)
(18, 35, 5)
(18, 36, 4)
(18, 37, 4)
(18, 38, 4)
(18, 39, 4)

(19, 0, 10)
(19, 1, 10)
(19, 2, 10)
(19, 3, 10)
(19, 4, 10)
(19, 5, 10)
(19, 6, 10)
(19, 7, 10)
(19, 8, 10)
(19, 9, 10)
(19, 10, 9)
(19, 11, 9)
(19, 12, 9)
(19, 13, 8)
(19, 14, 8)
(19, 15, 8)
(19, 16, 8)
(19, 17, 8)
(19, 18, 8)
(19, 19, 8)
(19, 20, 8)
(19, 21, 8)
(19, 22, 8)
(19, 23, 8)
(19, 24, 8)
(19, 25, 8)
(19, 26, 8)
(19, 27, 8)
(19, 28, 8)
(19, 29, 8)
(19, 30, 8)
(19, 31, 6)
(19, 32, 6)
(19, 33, 6)
(19, 34, 6)
(19, 35, 6)
(19, 36, 5)
(19, 37, 5)
(19, 38, 5)
(19, 39, 5)

(20, 0, 13)
(20, 1, 13)
(20, 2, 13)
(20, 3, 13)
(20, 4, 13)
(20, 5, 13)
(20, 6, 13)
(20, 7, 13)
(20, 8, 13)
(20, 9, 13)
(20, 10, 11)
(20, 11, 11)
(20, 12, 11)
(20, 13, 10)
(20, 14, 10)
(20, 15, 10)
(20, 16, 10)
(20, 17, 10)
(20, 18, 10)
(20, 19, 10)
(20, 20, 10)
(20, 21, 10)
(20, 22, 10)
(20, 23, 10)
(20, 24, 10)
(20, 25, 10)
(20, 26, 10)
(20, 27, 10)
(20, 28, 10)
(20, 29, 10)
(20, 30, 9)
(20, 31, 7)
(20, 32, 7)
(20, 33, 7)
(20, 34, 7)
(20, 35, 7)
(20, 36, 6)
(20, 37, 6)
(20, 38, 6)
(20, 39, 6)

(21, 0, 17)
(21, 1, 17)
(21, 2, 17)
(21, 3, 17)
(21, 4, 17)
(21, 5, 17)
(21, 6, 17)
(21, 7, 17)
(21, 8, 16)
(21, 9, 14)
(21, 10, 11)
(21, 11, 11)
(21, 12, 11)
(21, 13, 10)
(21, 14, 10)
(21, 15, 10)
(21, 16, 10)
(21, 17, 10)
(21, 18, 10)
(21, 19, 10)
(21, 20, 10)
(21, 21, 10)
(21, 22, 10)
(21, 23, 10)
(21, 24, 10)
(21, 25, 10)
(21, 26, 10)
(21, 27, 10)
(21, 28, 10)
(21, 29, 10)
(21, 30, 9)
(21, 31, 7)
(21, 32, 7)
(21, 33, 7)
(21, 34, 6)
(21, 35, 6)
(21, 36, 6)
(21, 37, 6)
(21, 38, 6)
(21, 39, 6)

(22, 0, 20)
(22, 1, 20)
(22, 2, 20)
(22, 3, 20)
(22, 4, 20)
(22, 5, 20)
(22, 6, 20)
(22, 7, 19)
(22, 8, 18)
(22, 9, 15)
(22, 10, 11)
(22, 11, 11)
(22, 12, 11)
(22, 13, 10)
(22, 14, 10)
(22, 15, 10)
(22, 16, 10)
(22, 17, 10)
(22, 18, 10)
(22, 19, 10)
(22, 20, 10)
(22, 21, 10)
(22, 22, 10)
(22, 23, 10)
(22, 24, 10)
(22, 25, 10)
(22, 26, 10)
(22, 27, 10)
(22, 28, 10)
(22, 29, 10)
(22, 30, 9)
(22, 31, 7)
(22, 32, 7)
(22, 33, 7)
(22, 34, 6)
(22, 35, 6)
(22, 36, 6)
(22, 37, 6)
(22, 38, 6)
(22, 39, 6)

(23, 0, 22)
(23, 1, 22)
(23, 2, 22)
(23, 3, 22)
(23, 4, 22)
(23, 5, 22)
(23, 6, 22)
(23, 7, 20)
(23, 8, 19)
(23, 9, 15)
(23, 10, 11)
(23, 11, 11)
(23, 12, 11)
(23, 13, 10)
(23, 14, 10)
(23, 15, 10)
(23, 16, 10)
(23, 17, 10)
(23, 18, 10)
(23, 19, 10)
(23, 20, 10)
(23, 21, 10)
(23, 22, 10)
(23, 23, 10)
(23, 24, 10)
(23, 25, 10)
(23, 26, 10)
(23, 27, 10)
(23, 28, 10)
(23, 29, 10)
(23, 30, 9)
(23, 31, 7)
(23, 32, 7)
(23, 33, 7)
(23, 34, 6)
(23, 35, 6)
(23, 36, 6)
(23, 37, 6)
(23, 38, 6)
(23, 39, 6)

(24, 0, 27)
(24, 1, 27)
(24, 2, 27)
(24, 3, 27)
(24, 4, 27)
(24, 5, 27)
(24, 6, 27)
(24, 7, 24)
(24, 8, 22)
(24, 9, 17)
(24, 10, 12)
(24, 11, 12)
(24, 12, 12)
(24, 13, 11)
(24, 14, 11)
(24, 15, 11)
(24, 16, 11)
(24, 17, 11)
(24, 18, 11)
(24, 19, 11)
(24, 20, 11)
(24, 21, 11)
(24, 22, 11)
(24, 23, 11)
(24, 24, 11)
(24, 25, 11)
(24, 26, 11)
(24, 27, 11)
(24, 28, 11)
(24, 29, 11)
(24, 30, 9)
(24, 31, 6)
(24, 32, 6)
(24, 33, 6)
(24, 34, 5)
(24, 35, 5)
(24, 36, 5)
(24, 37, 5)
(24, 38, 5)
(24, 39, 5)

(25, 0, 31)
(25, 1, 31)
(25, 2, 31)
(25, 3, 31)
(25, 4, 31)
(25, 5, 31)
(25, 6, 31)
(25, 7, 26)
(25, 8, 24)
(25, 9, 18)
(25, 10, 13)
(25, 11, 13)
(25, 12, 13)
(25, 13, 12)
(25, 14, 12)
(25, 15, 12)
(25, 16, 12)
(25, 17, 12)
(25, 18, 12)
(25, 19, 12)
(25, 20, 12)
(25, 21, 12)
(25, 22, 12)
(25, 23, 12)
(25, 24, 12)
(25, 25, 12)
(25, 26, 12)
(25, 27, 12)
(25, 28, 12)
(25, 29, 12)
(25, 30, 10)
(25, 31, 7)
(25, 32, 7)
(25, 33, 7)
(25, 34, 6)
(25, 35, 6)
(25, 36, 6)
(25, 37, 6)
(25, 38, 6)
(25, 39, 6)

(26, 0, 33)
(26, 1, 33)
(26, 2, 33)
(26, 3, 33)
(26, 4, 33)
(26, 5, 33)
(26, 6, 33)
(26, 7, 27)
(26, 8, 25)
(26, 9, 19)
(26, 10, 13)
(26, 11, 13)
(26, 12, 13)
(26, 13, 12)
(26, 14, 12)
(26, 15, 12)
(26, 16, 12)
(26, 17, 12)
(26, 18, 12)
(26, 19, 12)
(26, 20, 12)
(26, 21, 12)
(26, 22, 12)
(26, 23, 12)
(26, 24, 12)
(26, 25, 12)
(26, 26, 12)
(26, 27, 12)
(26, 28, 12)
(26, 29, 12)
(26, 30, 10)
(26, 31, 7)
(26, 32, 7)
(26, 33, 7)
(26, 34, 6)
(26, 35, 6)
(26, 36, 6)
(26, 37, 6)
(26, 38, 6)
(26, 39, 6)

(27, 0, 37)
(27, 1, 37)
(27, 2, 37)
(27, 3, 37)
(27, 4, 37)
(27, 5, 37)
(27, 6, 37)
(27, 7, 29)
(27, 8, 27)
(27, 9, 20)
(27, 10, 14)
(27, 11, 14)
(27, 12, 14)
(27, 13, 12)
(27, 14, 12)
(27, 15, 12)
(27, 16, 12)
(27, 17, 12)
(27, 18, 12)
(27, 19, 12)
(27, 20, 12)
(27, 21, 12)
(27, 22, 12)
(27, 23, 12)
(27, 24, 12)
(27, 25, 12)
(27, 26, 12)
(27, 27, 12)
(27, 28, 12)
(27, 29, 12)
(27, 30, 10)
(27, 31, 7)
(27, 32, 7)
(27, 33, 7)
(27, 34, 6)
(27, 35, 6)
(27, 36, 6)
(27, 37, 6)
(27, 38, 6)
(27, 39, 6)

(28, 0, 40)
(28, 1, 40)
(28, 2, 40)
(28, 3, 40)
(28, 4, 40)
(28, 5, 40)
(28, 6, 40)
(28, 7, 30)
(28, 8, 28)
(28, 9, 20)
(28, 10, 14)
(28, 11, 14)
(28, 12, 14)
(28, 13, 12)
(28, 14, 12)
(28, 15, 12)
(28, 16, 12)
(28, 17, 12)
(28, 18, 12)
(28, 19, 12)
(28, 20, 12)
(28, 21, 12)
(28, 22, 12)
(28, 23, 12)
(28, 24, 12)
(28, 25, 12)
(28, 26, 12)
(28, 27, 12)
(28, 28, 12)
(28, 29, 12)
(28, 30, 10)
(28, 31, 7)
(28, 32, 7)
(28, 33, 7)
(28, 34, 6)
(28, 35, 6)
(28, 36, 6)
(28, 37, 6)
(28, 38, 6)
(28, 39, 6)

(29, 0, 41)
(29, 1, 41)
(29, 2, 41)
(29, 3, 41)
(29, 4, 41)
(29, 5, 41)
(29, 6, 41)
(29, 7, 31)
(29, 8, 29)
(29, 9, 21)
(29, 10, 14)
(29, 11, 14)
(29, 12, 14)
(29, 13, 12)
(29, 14, 12)
(29, 15, 12)
(29, 16, 12)
(29, 17, 12)
(29, 18, 12)
(29, 19, 12)
(29, 20, 12)
(29, 21, 12)
(29, 22, 12)
(29, 23, 12)
(29, 24, 12)
(29, 25, 12)
(29, 26, 12)
(29, 27, 12)
(29, 28, 12)
(29, 29, 12)
(29, 30, 10)
(29, 31, 7)
(29, 32, 7)
(29, 33, 7)
(29, 34, 6)
(29, 35, 6)
(29, 36, 6)
(29, 37, 6)
(29, 38, 6)
(29, 39, 6)

(30, 0, 44)
(30, 1, 44)
(30, 2, 44)
(30, 3, 44)
(30, 4, 44)
(30, 5, 44)
(30, 6, 44)
(30, 7, 32)
(30, 8, 30)
(30, 9, 21)
(30, 10, 14)
(30, 11, 14)
(30, 12, 14)
(30, 13, 12)
(30, 14, 12)
(30, 15, 12)
(30, 16, 12)
(30, 17, 12)
(30, 18, 12)
(30, 19, 12)
(30, 20, 12)
(30, 21, 12)
(30, 22, 12)
(30, 23, 12)
(30, 24, 12)
(30, 25, 12)
(30, 26, 12)
(30, 27, 12)
(30, 28, 12)
(30, 29, 12)
(30, 30, 10)
(30, 31, 7)
(30, 32, 7)
(30, 33, 7)
(30, 34, 6)
(30, 35, 6)
(30, 36, 6)
(30, 37, 6)
(30, 38, 6)
(30, 39, 6)

(31, 0, 47)
(31, 1, 47)
(31, 2, 47)
(31, 3, 47)
(31, 4, 47)
(31, 5, 47)
(31, 6, 47)
(31, 7, 34)
(31, 8, 32)
(31, 9, 22)
(31, 10, 15)
(31, 11, 15)
(31, 12, 15)
(31, 13, 13)
(31, 14, 13)
(31, 15, 13)
(31, 16, 13)
(31, 17, 13)
(31, 18, 13)
(31, 19, 13)
(31, 20, 13)
(31, 21, 13)
(31, 22, 13)
(31, 23, 13)
(31, 24, 13)
(31, 25, 13)
(31, 26, 13)
(31, 27, 13)
(31, 28, 13)
(31, 29, 13)
(31, 30, 10)
(31, 31, 7)
(31, 32, 7)
(31, 33, 7)
(31, 34, 6)
(31, 35, 6)
(31, 36, 6)
(31, 37, 6)
(31, 38, 6)
(31, 39, 6)

(32, 0, 48)
(32, 1, 48)
(32, 2, 48)
(32, 3, 48)
(32, 4, 48)
(32, 5, 48)
(32, 6, 48)
(32, 7, 34)
(32, 8, 32)
(32, 9, 22)
(32, 10, 15)
(32, 11, 15)
(32, 12, 15)
(32, 13, 13)
(32, 14, 13)
(32, 15, 13)
(32, 16, 13)
(32, 17, 13)
(32, 18, 13)
(32, 19, 13)
(32, 20, 13)
(32, 21, 13)
(32, 22, 13)
(32, 23, 13)
(32, 24, 13)
(32, 25, 13)
(32, 26, 13)
(32, 27, 13)
(32, 28, 13)
(32, 29, 13)
(32, 30, 10)
(32, 31, 7)
(32, 32, 7)
(32, 33, 7)
(32, 34, 6)
(32, 35, 6)
(32, 36, 6)
(32, 37, 6)
(32, 38, 6)
(32, 39, 6)

(33, 0, 54)
(33, 1, 54)
(33, 2, 54)
(33, 3, 54)
(33, 4, 54)
(33, 5, 54)
(33, 6, 54)
(33, 7, 38)
(33, 8, 35)
(33, 9, 23)
(33, 10, 15)
(33, 11, 15)
(33, 12, 15)
(33, 13, 13)
(33, 14, 13)
(33, 15, 13)
(33, 16, 13)
(33, 17, 13)
(33, 18, 13)
(33, 19, 13)
(33, 20, 13)
(33, 21, 13)
(33, 22, 13)
(33, 23, 13)
(33, 24, 13)
(33, 25, 13)
(33, 26, 13)
(33, 27, 13)
(33, 28, 13)
(33, 29, 13)
(33, 30, 10)
(33, 31, 7)
(33, 32, 7)
(33, 33, 7)
(33, 34, 5)
(33, 35, 5)
(33, 36, 5)
(33, 37, 5)
(33, 38, 5)
(33, 39, 5)

(34, 0, 56)
(34, 1, 56)
(34, 2, 56)
(34, 3, 56)
(34, 4, 56)
(34, 5, 56)
(34, 6, 56)
(34, 7, 39)
(34, 8, 36)
(34, 9, 23)
(34, 10, 15)
(34, 11, 15)
(34, 12, 15)
(34, 13, 13)
(34, 14, 13)
(34, 15, 13)
(34, 16, 13)
(34, 17, 13)
(34, 18, 13)
(34, 19, 13)
(34, 20, 13)
(34, 21, 13)
(34, 22, 13)
(34, 23, 13)
(34, 24, 13)
(34, 25, 13)
(34, 26, 13)
(34, 27, 13)
(34, 28, 13)
(34, 29, 13)
(34, 30, 10)
(34, 31, 7)
(34, 32, 7)
(34, 33, 7)
(34, 34, 5)
(34, 35, 5)
(34, 36, 5)
(34, 37, 5)
(34, 38, 5)
(34, 39, 5)

(35, 0, 58)
(35, 1, 58)
(35, 2, 58)
(35, 3, 58)
(35, 4, 58)
(35, 5, 58)
(35, 6, 58)
(35, 7, 40)
(35, 8, 37)
(35, 9, 24)
(35, 10, 15)
(35, 11, 15)
(35, 12, 15)
(35, 13, 13)
(35, 14, 13)
(35, 15, 13)
(35, 16, 13)
(35, 17, 13)
(35, 18, 13)
(35, 19, 13)
(35, 20, 13)
(35, 21, 13)
(35, 22, 13)
(35, 23, 13)
(35, 24, 13)
(35, 25, 13)
(35, 26, 13)
(35, 27, 13)
(35, 28, 13)
(35, 29, 13)
(35, 30, 10)
(35, 31, 7)
(35, 32, 7)
(35, 33, 7)
(35, 34, 5)
(35, 35, 5)
(35, 36, 5)
(35, 37, 5)
(35, 38, 5)
(35, 39, 5)

(36, 0, 59)
(36, 1, 59)
(36, 2, 59)
(36, 3, 59)
(36, 4, 59)
(36, 5, 59)
(36, 6, 59)
(36, 7, 40)
(36, 8, 37)
(36, 9, 24)
(36, 10, 15)
(36, 11, 15)
(36, 12, 15)
(36, 13, 13)
(36, 14, 13)
(36, 15, 13)
(36, 16, 13)
(36, 17, 13)
(36, 18, 13)
(36, 19, 13)
(36, 20, 13)
(36, 21, 13)
(36, 22, 13)
(36, 23, 13)
(36, 24, 13)
(36, 25, 13)
(36, 26, 13)
(36, 27, 13)
(36, 28, 13)
(36, 29, 13)
(36, 30, 10)
(36, 31, 7)
(36, 32, 7)
(36, 33, 7)
(36, 34, 5)
(36, 35, 5)
(36, 36, 5)
(36, 37, 5)
(36, 38, 5)
(36, 39, 5)

(37, 0, 62)
(37, 1, 62)
(37, 2, 62)
(37, 3, 62)
(37, 4, 62)
(37, 5, 62)
(37, 6, 62)
(37, 7, 42)
(37, 8, 38)
(37, 9, 25)
(37, 10, 15)
(37, 11, 15)
(37, 12, 15)
(37, 13, 13)
(37, 14, 13)
(37, 15, 13)
(37, 16, 13)
(37, 17, 13)
(37, 18, 13)
(37, 19, 13)
(37, 20, 13)
(37, 21, 13)
(37, 22, 13)
(37, 23, 13)
(37, 24, 13)
(37, 25, 13)
(37, 26, 13)
(37, 27, 13)
(37, 28, 13)
(37, 29, 13)
(37, 30, 10)
(37, 31, 7)
(37, 32, 7)
(37, 33, 7)
(37, 34, 5)
(37, 35, 5)
(37, 36, 5)
(37, 37, 5)
(37, 38, 5)
(37, 39, 5)

(38, 0, 62)
(38, 1, 62)
(38, 2, 62)
(38, 3, 62)
(38, 4, 62)
(38, 5, 62)
(38, 6, 62)
(38, 7, 42)
(38, 8, 38)
(38, 9, 25)
(38, 10, 15)
(38, 11, 15)
(38, 12, 15)
(38, 13, 13)
(38, 14, 13)
(38, 15, 13)
(38, 16, 13)
(38, 17, 13)
(38, 18, 13)
(38, 19, 13)
(38, 20, 13)
(38, 21, 13)
(38, 22, 13)
(38, 23, 13)
(38, 24, 13)
(38, 25, 13)
(38, 26, 13)
(38, 27, 13)
(38, 28, 13)
(38, 29, 13)
(38, 30, 10)
(38, 31, 7)
(38, 32, 7)
(38, 33, 7)
(38, 34, 5)
(38, 35, 5)
(38, 36, 5)
(38, 37, 5)
(38, 38, 5)
(38, 39, 5)

(39, 0, 64)
(39, 1, 64)
(39, 2, 64)
(39, 3, 64)
(39, 4, 64)
(39, 5, 64)
(39, 6, 64)
(39, 7, 44)
(39, 8, 40)
(39, 9, 27)
(39, 10, 15)
(39, 11, 15)
(39, 12, 15)
(39, 13, 13)
(39, 14, 13)
(39, 15, 13)
(39, 16, 13)
(39, 17, 13)
(39, 18, 13)
(39, 19, 13)
(39, 20, 13)
(39, 21, 13)
(39, 22, 13)
(39, 23, 13)
(39, 24, 13)
(39, 25, 13)
(39, 26, 13)
(39, 27, 13)
(39, 28, 13)
(39, 29, 13)
(39, 30, 10)
(39, 31, 7)
(39, 32, 7)
(39, 33, 7)
(39, 34, 5)
(39, 35, 5)
(39, 36, 5)
(39, 37, 5)
(39, 38, 5)
(39, 39, 5)


Betti numbers:
xi_0:
(0, 0, 1)
(4, 0, 1)
(6, 0, 1)
(10, 0, 1)
(12, 0, 1)
(14, 0, 1)
(18, 0, 2)
(19, 0, 2)
(20, 0, 3)
(21, 0, 4)
(22, 0, 3)
(23, 0, 2)
(24, 0, 5)
(25, 0, 4)
(26, 0, 2)
(27, 0, 4)
(28, 0, 3)
(29, 0, 1)
(30, 0, 3)
(31, 0, 3)
(32, 0, 1)
(33, 0, 6)
(34, 0, 2)
(35, 0, 2)
(36, 0, 1)
(37, 0, 3)
(39, 0, 2)
xi_1:
(4, 31, 1)
(12, 31, 1)
(18, 13, 1)
(18, 36, 1)
(19, 10, 1)
(20, 10, 1)
(20, 30, 1)
(21, 8, 1)
(21, 9, 2)
(21, 10, 2)
(21, 34, 1)
(22, 7, 1)
(22, 9, 1)
(22, 10, 2)
(23, 7, 1)
(23, 9, 1)
(23, 10, 1)
(24, 7, 1)
(24, 8, 1)
(24, 9, 1)
(24, 10, 2)
(24, 30, 1)
(24, 31, 1)
(25, 7, 2)
(25, 9, 1)
(25, 10, 1)
(26, 7, 1)
(26, 10, 1)
(27, 7, 2)
(27, 9, 1)
(27, 10, 1)
(27, 13, 1)
(28, 7, 2)
(28, 9, 1)
(28, 10, 1)
(29, 10, 1)
(30, 7, 2)
(30, 9, 1)
(30, 10, 1)
(31, 7, 1)
(31, 9, 1)
(31, 30, 1)
(32, 7, 1)
(33, 7, 2)
(33, 8, 1)
(33, 9, 2)
(33, 10, 1)
(33, 34, 1)
(34, 7, 1)
(34, 9, 1)
(35, 7, 1)
(35, 10, 1)
(36, 7, 1)
(37, 7, 1)
(37, 8, 1)
(37, 10, 1)
(39, 10, 2)
xi_2:
(21, 10, 1)
(21, 36, 1)
(22, 10, 1)
(23, 10, 1)
(24, 10, 1)
(25, 10, 1)
(27, 10, 1)
(28, 10, 1)
(30, 10, 1)
