x-grades
-286750869656878969/400000000000000000
-140729096585064869/200000000000000000
-276165516683380507/400000000000000000
-67718210049157819/100000000000000000
-53116032741976409/80000000000000000
-130143743611566407/200000000000000000
-254994810736383583/400000000000000000
-15606383390602147/25000000000000000
-244409457762885121/400000000000000000
-23911678127613589/40000000000000000
-233824104789386659/400000000000000000
-57132857075659357/100000000000000000
-223238751815888197/400000000000000000
-108973037664569483/200000000000000000
-42530679768477947/80000000000000000
-25920090294455063/50000000000000000
-202068045868891273/400000000000000000
-98387684691071021/200000000000000000
-191482692895392811/400000000000000000
-9309500820432179/20000000000000000
-180897339921894349/400000000000000000
-87802331717572559/200000000000000000
-170311986948395887/400000000000000000
-2578426725963229/6250000000000000
-6389065358995897/16000000000000000
-77216978744074097/200000000000000000
-149141281001398963/400000000000000000
-35962151128662433/100000000000000000
-138555928027900501/400000000000000000
-13326325154115127/40000000000000000
-127970575054402039/400000000000000000
-15334737320956601/50000000000000000
-117385222080903577/400000000000000000
-56046272797077173/200000000000000000
-21359973821481023/80000000000000000
-25376798155163971/100000000000000000
-96214516133906653/400000000000000000
-45460919823578711/200000000000000000
-85629163160408191/400000000000000000
-1004206083420737/5000000000000000

y-grades
624997/2500000
624997/1250000
1874991/2500000
624997/625000
624997/500000
1874991/1250000
4374979/2500000
624997/312500
5624973/2500000
624997/250000
6874967/2500000
1874991/625000
8124961/2500000
4374979/1250000
1874991/500000
624997/156250
10624949/2500000
5624973/1250000
11874943/2500000
624997/125000
13124937/2500000
6874967/1250000
14374931/2500000
1874991/312500
624997/100000
8124961/1250000
16874919/2500000
4374979/625000
18124913/2500000
1874991/250000
19374907/2500000
624997/78125
20624901/2500000
10624949/1250000
4374979/500000
5624973/625000
23124889/2500000
11874943/1250000
24374883/2500000
624997/62500

Dimensions > 0:
(0, 0, 2)
(0, 1, 2)
(0, 2, 2)
(0, 3, 2)
(0, 4, 2)
(0, 5, 2)
(0, 6, 2)
(0, 7, 2)
(0, 8, 2)
(0, 9, 2)
(0, 10, 2)
(0, 11, 2)
(0, 12, 2)
(0, 13, 2)
(0, 14, 2)
(0, 15, 2)
(0, 16, 2)
(0, 17, 2)
(0, 18, 2)
(0, 19, 2)
(0, 20, 2)
(0, 21, 1)
(0, 22, 1)
(0, 23, 1)
(0, 24, 1)
(0, 25, 1)
(0, 26, 1)
(0, 27, 1)
(0, 28, 1)
(0, 29, 1)
(0, 30, 1)
(0, 31, 1)
(0, 32, 1)
(0, 33, 1)
(0, 34, 1)
(0, 35, 1)
(0, 36, 1)
(0, 37, 1)
(0, 38, 1)
(0, 39, 1)

(1, 0, 6)
(1, 1, 6)
(1, 2, 6)
(1, 3, 4)
(1, 4, 4)
(1, 5, 4)
(1, 6, 4)
(1, 7, 3)
(1, 8, 2)
(1, 9, 2)
(1, 10, 2)
(1, 11, 2)
(1, 12, 2)
(1, 13, 1)
(1, 14, 1)
(1, 15, 1)
(1, 16, 1)
(1, 17, 1)
(1, 18, 1)
(1, 19, 1)
(1, 20, 1)
(1, 21, 1)
(1, 22, 1)
(1, 23, 1)
(1, 24, 1)
(1, 25, 1)
(1, 26, 1)
(1, 27, 1)
(1, 28, 1)
(1, 29, 1)
(1, 30, 1)
(1, 31, 1)
(1, 32, 1)
(1, 33, 1)
(1, 34, 1)
(1, 35, 1)
(1, 36, 1)
(1, 37, 1)
(1, 38, 1)
(1, 39, 1)

(2, 0, 9)
(2, 1, 9)
(2, 2, 9)
(2, 3, 6)
(2, 4, 5)
(2, 5, 5)
(2, 6, 5)
(2, 7, 4)
(2, 8, 2)
(2, 9, 2)
(2, 10, 2)
(2, 11, 2)
(2, 12, 1)
(2, 13, 1)
(2, 14, 1)
(2, 15, 1)
(2, 16, 1)
(2, 17, 1)
(2, 18, 1)
(2, 19, 1)
(2, 20, 1)
(2, 21, 1)
(2, 22, 1)
(2, 23, 1)
(2, 24, 1)
(2, 25, 1)
(2, 26, 1)
(2, 27, 1)
(2, 28, 1)
(2, 29, 1)
(2, 30, 1)
(2, 31, 1)
(2, 32, 1)
(2, 33, 1)
(2, 34, 1)
(2, 35, 1)
(2, 36, 1)
(2, 37, 1)
(2, 38, 1)
(2, 39, 1)

(3, 0, 11)
(3, 1, 11)
(3, 2, 11)
(3, 3, 7)
(3, 4, 5)
(3, 5, 5)
(3, 6, 5)
(3, 7, 4)
(3, 8, 2)
(3, 9, 2)
(3, 10, 2)
(3, 11, 2)
(3, 12, 1)
(3, 13, 1)
(3, 14, 1)
(3, 15, 1)
(3, 16, 1)
(3, 17, 1)
(3, 18, 1)
(3, 19, 1)
(3, 20, 1)
(3, 21, 1)
(3, 22, 1)
(3, 23, 1)
(3, 24, 1)
(3, 25, 1)
(3, 26, 1)
(3, 27, 1)
(3, 28, 1)
(3, 29, 1)
(3, 30, 1)
(3, 31, 1)
(3, 32, 1)
(3, 33, 1)
(3, 34, 1)
(3, 35, 1)
(3, 36, 1)
(3, 37, 1)
(3, 38, 1)
(3, 39, 1)

(4, 0, 15)
(4, 1, 15)
(4, 2, 15)
(4, 3, 9)
(4, 4, 7)
(4, 5, 7)
(4, 6, 7)
(4, 7, 3)
(4, 8, 2)
(4, 9, 2)
(4, 10, 2)
(4, 11, 2)
(4, 12, 1)
(4, 13, 1)
(4, 14, 1)
(4, 15, 1)
(4, 16, 1)
(4, 17, 1)
(4, 18, 1)
(4, 19, 1)
(4, 20, 1)
(4, 21, 1)
(4, 22, 1)
(4, 23, 1)
(4, 24, 1)
(4, 25, 1)
(4, 26, 1)
(4, 27, 1)
(4, 28, 1)
(4, 29, 1)
(4, 30, 1)
(4, 31, 1)
(4, 32, 1)
(4, 33, 1)
(4, 34, 1)
(4, 35, 1)
(4, 36, 1)
(4, 37, 1)
(4, 38, 1)
(4, 39, 1)

(5, 0, 19)
(5, 1, 19)
(5, 2, 19)
(5, 3, 11)
(5, 4, 9)
(5, 5, 9)
(5, 6, 9)
(5, 7, 4)
(5, 8, 3)
(5, 9, 3)
(5, 10, 3)
(5, 11, 3)
(5, 12, 2)
(5, 13, 1)
(5, 14, 1)
(5, 15, 1)
(5, 16, 1)
(5, 17, 1)
(5, 18, 1)
(5, 19, 1)
(5, 20, 1)
(5, 21, 1)
(5, 22, 1)
(5, 23, 1)
(5, 24, 1)
(5, 25, 1)
(5, 26, 1)
(5, 27, 1)
(5, 28, 1)
(5, 29, 1)
(5, 30, 1)
(5, 31, 1)
(5, 32, 1)
(5, 33, 1)
(5, 34, 1)
(5, 35, 1)
(5, 36, 1)
(5, 37, 1)
(5, 38, 1)
(5, 39, 1)

(6, 0, 20)
(6, 1, 20)
(6, 2, 20)
(6, 3, 11)
(6, 4, 9)
(6, 5, 9)
(6, 6, 9)
(6, 7, 4)
(6, 8, 3)
(6, 9, 3)
(6, 10, 3)
(6, 11, 3)
(6, 12, 2)
(6, 13, 1)
(6, 14, 1)
(6, 15, 1)
(6, 16, 1)
(6, 17, 1)
(6, 18, 1)
(6, 19, 1)
(6, 20, 1)
(6, 21, 1)
(6, 22, 1)
(6, 23, 1)
(6, 24, 1)
(6, 25, 1)
(6, 26, 1)
(6, 27, 1)
(6, 28, 1)
(6, 29, 1)
(6, 30, 1)
(6, 31, 1)
(6, 32, 1)
(6, 33, 1)
(6, 34, 1)
(6, 35, 1)
(6, 36, 1)
(6, 37, 1)
(6, 38, 1)
(6, 39, 1)

(7, 0, 25)
(7, 1, 25)
(7, 2, 25)
(7, 3, 15)
(7, 4, 11)
(7, 5, 11)
(7, 6, 10)
(7, 7, 5)
(7, 8, 3)
(7, 9, 3)
(7, 10, 3)
(7, 11, 3)
(7, 12, 2)
(7, 13, 1)
(7, 14, 1)
(7, 15, 1)
(7, 16, 1)
(7, 17, 1)
(7, 18, 1)
(7, 19, 1)
(7, 20, 1)
(7, 21, 1)
(7, 22, 1)
(7, 23, 1)
(7, 24, 1)
(7, 25, 1)
(7, 26, 1)
(7, 27, 1)
(7, 28, 1)
(7, 29, 1)
(7, 30, 1)
(7, 31, 1)
(7, 32, 1)
(7, 33, 1)
(7, 34, 1)
(7, 35, 1)
(7, 36, 1)
(7, 37, 1)
(7, 38, 1)
(7, 39, 1)

(8, 0, 28)
(8, 1, 28)
(8, 2, 28)
(8, 3, 18)
(8, 4, 13)
(8, 5, 13)
(8, 6, 12)
(8, 7, 6)
(8, 8, 5)
(8, 9, 5)
(8, 10, 5)
(8, 11, 5)
(8, 12, 4)
(8, 13, 2)
(8, 14, 2)
(8, 15, 2)
(8, 16, 2)
(8, 17, 2)
(8, 18, 2)
(8, 19, 2)
(8, 20, 2)
(8, 21, 2)
(8, 22, 2)
(8, 23, 2)
(8, 24, 2)
(8, 25, 2)
(8, 26, 2)
(8, 27, 2)
(8, 28, 2)
(8, 29, 2)
(8, 30, 2)
(8, 31, 2)
(8, 32, 2)
(8, 33, 1)
(8, 34, 1)
(8, 35, 1)
(8, 36, 1)
(8, 37, 1)
(8, 38, 1)
(8, 39, 1)

(9, 0, 44)
(9, 1, 43)
(9, 2, 41)
(9, 3, 24)
(9, 4, 17)
(9, 5, 17)
(9, 6, 14)
(9, 7, 8)
(9, 8, 7)
(9, 9, 7)
(9, 10, 7)
(9, 11, 7)
(9, 12, 5)
(9, 13, 3)
(9, 14, 3)
(9, 15, 2)
(9, 16, 2)
(9, 17, 2)
(9, 18, 2)
(9, 19, 2)
(9, 20, 2)
(9, 21, 2)
(9, 22, 2)
(9, 23, 2)
(9, 24, 2)
(9, 25, 2)
(9, 26, 2)
(9, 27, 2)
(9, 28, 2)
(9, 29, 2)
(9, 30, 1)
(9, 31, 1)
(9, 32, 1)
(9, 33, 1)
(9, 34, 1)
(9, 35, 1)
(9, 36, 1)
(9, 37, 1)
(9, 38, 1)
(9, 39, 1)

(10, 0, 65)
(10, 1, 58)
(10, 2, 51)
(10, 3, 30)
(10, 4, 21)
(10, 5, 20)
(10, 6, 17)
(10, 7, 9)
(10, 8, 7)
(10, 9, 7)
(10, 10, 7)
(10, 11, 7)
(10, 12, 5)
(10, 13, 4)
(10, 14, 4)
(10, 15, 2)
(10, 16, 2)
(10, 17, 2)
(10, 18, 2)
(10, 19, 2)
(10, 20, 2)
(10, 21, 2)
(10, 22, 2)
(10, 23, 2)
(10, 24, 2)
(10, 25, 1)
(10, 26, 1)
(10, 27, 1)
(10, 28, 1)
(10, 29, 1)
(10, 30, 1)
(10, 31, 1)
(10, 32, 1)
(10, 33, 1)
(10, 34, 1)
(10, 35, 1)
(10, 36, 1)
(10, 37, 1)
(10, 38, 1)
(10, 39, 1)

(11, 0, 79)
(11, 1, 67)
(11, 2, 57)
(11, 3, 35)
(11, 4, 24)
(11, 5, 23)
(11, 6, 17)
(11, 7, 10)
(11, 8, 9)
(11, 9, 9)
(11, 10, 8)
(11, 11, 8)
(11, 12, 5)
(11, 13, 4)
(11, 14, 4)
(11, 15, 2)
(11, 16, 2)
(11, 17, 2)
(11, 18, 2)
(11, 19, 2)
(11, 20, 1)
(11, 21, 1)
(11, 22, 1)
(11, 23, 1)
(11, 24, 1)
(11, 25, 1)
(11, 26, 1)
(11, 27, 1)
(11, 28, 1)
(11, 29, 1)
(11, 30, 1)
(11, 31, 1)
(11, 32, 1)
(11, 33, 1)
(11, 34, 1)
(11, 35, 1)
(11, 36, 1)
(11, 37, 1)
(11, 38, 1)
(11, 39, 1)

(12, 0, 96)
(12, 1, 81)
(12, 2, 69)
(12, 3, 47)
(12, 4, 35)
(12, 5, 30)
(12, 6, 20)
(12, 7, 9)
(12, 8, 8)
(12, 9, 8)
(12, 10, 8)
(12, 11, 8)
(12, 12, 5)
(12, 13, 4)
(12, 14, 4)
(12, 15, 1)
(12, 16, 1)
(12, 17, 1)
(12, 18, 1)
(12, 19, 1)
(12, 20, 1)
(12, 21, 1)
(12, 22, 1)
(12, 23, 1)
(12, 24, 1)
(12, 25, 1)
(12, 26, 1)
(12, 27, 1)
(12, 28, 1)
(12, 29, 1)
(12, 30, 1)
(12, 31, 1)
(12, 32, 1)
(12, 33, 1)
(12, 34, 1)
(12, 35, 1)
(12, 36, 1)
(12, 37, 1)
(12, 38, 1)
(12, 39, 1)

(13, 0, 115)
(13, 1, 99)
(13, 2, 86)
(13, 3, 59)
(13, 4, 43)
(13, 5, 37)
(13, 6, 27)
(13, 7, 14)
(13, 8, 11)
(13, 9, 11)
(13, 10, 10)
(13, 11, 10)
(13, 12, 7)
(13, 13, 6)
(13, 14, 5)
(13, 15, 3)
(13, 16, 3)
(13, 17, 2)
(13, 18, 2)
(13, 19, 2)
(13, 20, 2)
(13, 21, 2)
(13, 22, 2)
(13, 23, 1)
(13, 24, 1)
(13, 25, 1)
(13, 26, 1)
(13, 27, 1)
(13, 28, 1)
(13, 29, 1)
(13, 30, 1)
(13, 31, 1)
(13, 32, 1)
(13, 33, 1)
(13, 34, 1)
(13, 35, 1)
(13, 36, 1)
(13, 37, 1)
(13, 38, 1)
(13, 39, 1)

(14, 0, 126)
(14, 1, 108)
(14, 2, 95)
(14, 3, 65)
(14, 4, 47)
(14, 5, 41)
(14, 6, 30)
(14, 7, 16)
(14, 8, 13)
(14, 9, 13)
(14, 10, 12)
(14, 11, 12)
(14, 12, 8)
(14, 13, 7)
(14, 14, 5)
(14, 15, 3)
(14, 16, 3)
(14, 17, 2)
(14, 18, 2)
(14, 19, 2)
(14, 20, 2)
(14, 21, 1)
(14, 22, 1)
(14, 23, 1)
(14, 24, 1)
(14, 25, 1)
(14, 26, 1)
(14, 27, 1)
(14, 28, 1)
(14, 29, 1)
(14, 30, 1)
(14, 31, 1)
(14, 32, 1)
(14, 33, 1)
(14, 34, 1)
(14, 35, 1)
(14, 36, 1)
(14, 37, 1)
(14, 38, 1)
(14, 39, 1)

(15, 0, 141)
(15, 1, 120)
(15, 2, 107)
(15, 3, 73)
(15, 4, 53)
(15, 5, 45)
(15, 6, 34)
(15, 7, 19)
(15, 8, 16)
(15, 9, 15)
(15, 10, 12)
(15, 11, 10)
(15, 12, 6)
(15, 13, 3)
(15, 14, 1)
(15, 15, 1)
(15, 16, 1)
(15, 17, 1)
(15, 18, 1)
(15, 19, 1)
(15, 20, 1)
(15, 21, 1)
(15, 22, 1)
(15, 23, 1)
(15, 24, 1)
(15, 25, 1)
(15, 26, 1)
(15, 27, 1)
(15, 28, 1)
(15, 29, 1)
(15, 30, 1)
(15, 31, 1)
(15, 32, 1)
(15, 33, 1)
(15, 34, 1)
(15, 35, 1)
(15, 36, 1)
(15, 37, 1)
(15, 38, 1)
(15, 39, 1)

(16, 0, 152)
(16, 1, 130)
(16, 2, 115)
(16, 3, 79)
(16, 4, 57)
(16, 5, 48)
(16, 6, 37)
(16, 7, 21)
(16, 8, 16)
(16, 9, 14)
(16, 10, 11)
(16, 11, 10)
(16, 12, 6)
(16, 13, 3)
(16, 14, 1)
(16, 15, 1)
(16, 16, 1)
(16, 17, 1)
(16, 18, 1)
(16, 19, 1)
(16, 20, 1)
(16, 21, 1)
(16, 22, 1)
(16, 23, 1)
(16, 24, 1)
(16, 25, 1)
(16, 26, 1)
(16, 27, 1)
(16, 28, 1)
(16, 29, 1)
(16, 30, 1)
(16, 31, 1)
(16, 32, 1)
(16, 33, 1)
(16, 34, 1)
(16, 35, 1)
(16, 36, 1)
(16, 37, 1)
(16, 38, 1)
(16, 39, 1)

(17, 0, 169)
(17, 1, 147)
(17, 2, 128)
(17, 3, 88)
(17, 4, 65)
(17, 5, 55)
(17, 6, 41)
(17, 7, 24)
(17, 8, 16)
(17, 9, 12)
(17, 10, 11)
(17, 11, 10)
(17, 12, 6)
(17, 13, 3)
(17, 14, 1)
(17, 15, 1)
(17, 16, 1)
(17, 17, 1)
(17, 18, 1)
(17, 19, 1)
(17, 20, 1)
(17, 21, 1)
(17, 22, 1)
(17, 23, 1)
(17, 24, 1)
(17, 25, 1)
(17, 26, 1)
(17, 27, 1)
(17, 28, 1)
(17, 29, 1)
(17, 30, 1)
(17, 31, 1)
(17, 32, 1)
(17, 33, 1)
(17, 34, 1)
(17, 35, 1)
(17, 36, 1)
(17, 37, 1)
(17, 38, 1)
(17, 39, 1)

(18, 0, 185)
(18, 1, 162)
(18, 2, 137)
(18, 3, 92)
(18, 4, 68)
(18, 5, 57)
(18, 6, 42)
(18, 7, 23)
(18, 8, 16)
(18, 9, 12)
(18, 10, 10)
(18, 11, 10)
(18, 12, 6)
(18, 13, 3)
(18, 14, 1)
(18, 15, 1)
(18, 16, 1)
(18, 17, 1)
(18, 18, 1)
(18, 19, 1)
(18, 20, 1)
(18, 21, 1)
(18, 22, 1)
(18, 23, 1)
(18, 24, 1)
(18, 25, 1)
(18, 26, 1)
(18, 27, 1)
(18, 28, 1)
(18, 29, 1)
(18, 30, 1)
(18, 31, 1)
(18, 32, 1)
(18, 33, 1)
(18, 34, 1)
(18, 35, 1)
(18, 36, 1)
(18, 37, 1)
(18, 38, 1)
(18, 39, 1)

(19, 0, 196)
(19, 1, 172)
(19, 2, 145)
(19, 3, 97)
(19, 4, 71)
(19, 5, 60)
(19, 6, 44)
(19, 7, 24)
(19, 8, 17)
(19, 9, 12)
(19, 10, 11)
(19, 11, 11)
(19, 12, 7)
(19, 13, 4)
(19, 14, 1)
(19, 15, 1)
(19, 16, 1)
(19, 17, 1)
(19, 18, 1)
(19, 19, 1)
(19, 20, 1)
(19, 21, 1)
(19, 22, 1)
(19, 23, 1)
(19, 24, 1)
(19, 25, 1)
(19, 26, 1)
(19, 27, 1)
(19, 28, 1)
(19, 29, 1)
(19, 30, 1)
(19, 31, 1)
(19, 32, 1)
(19, 33, 1)
(19, 34, 1)
(19, 35, 1)
(19, 36, 1)
(19, 37, 1)
(19, 38, 1)
(19, 39, 1)

(20, 0, 208)
(20, 1, 182)
(20, 2, 155)
(20, 3, 105)
(20, 4, 77)
(20, 5, 64)
(20, 6, 47)
(20, 7, 27)
(20, 8, 18)
(20, 9, 14)
(20, 10, 13)
(20, 11, 13)
(20, 12, 7)
(20, 13, 4)
(20, 14, 2)
(20, 15, 2)
(20, 16, 2)
(20, 17, 2)
(20, 18, 2)
(20, 19, 2)
(20, 20, 2)
(20, 21, 2)
(20, 22, 2)
(20, 23, 2)
(20, 24, 2)
(20, 25, 2)
(20, 26, 2)
(20, 27, 2)
(20, 28, 2)
(20, 29, 2)
(20, 30, 2)
(20, 31, 2)
(20, 32, 2)
(20, 33, 2)
(20, 34, 2)
(20, 35, 2)
(20, 36, 2)
(20, 37, 2)
(20, 38, 2)
(20, 39, 2)

(21, 0, 233)
(21, 1, 204)
(21, 2, 174)
(21, 3, 120)
(21, 4, 87)
(21, 5, 70)
(21, 6, 51)
(21, 7, 30)
(21, 8, 19)
(21, 9, 14)
(21, 10, 13)
(21, 11, 13)
(21, 12, 7)
(21, 13, 4)
(21, 14, 3)
(21, 15, 3)
(21, 16, 3)
(21, 17, 2)
(21, 18, 2)
(21, 19, 2)
(21, 20, 2)
(21, 21, 2)
(21, 22, 2)
(21, 23, 2)
(21, 24, 2)
(21, 25, 2)
(21, 26, 2)
(21, 27, 2)
(21, 28, 2)
(21, 29, 2)
(21, 30, 2)
(21, 31, 2)
(21, 32, 2)
(21, 33, 2)
(21, 34, 2)
(21, 35, 2)
(21, 36, 2)
(21, 37, 2)
(21, 38, 2)
(21, 39, 2)

(22, 0, 250)
(22, 1, 219)
(22, 2, 187)
(22, 3, 130)
(22, 4, 90)
(22, 5, 71)
(22, 6, 53)
(22, 7, 31)
(22, 8, 20)
(22, 9, 15)
(22, 10, 13)
(22, 11, 12)
(22, 12, 7)
(22, 13, 4)
(22, 14, 3)
(22, 15, 3)
(22, 16, 3)
(22, 17, 2)
(22, 18, 2)
(22, 19, 2)
(22, 20, 2)
(22, 21, 2)
(22, 22, 2)
(22, 23, 2)
(22, 24, 2)
(22, 25, 2)
(22, 26, 2)
(22, 27, 2)
(22, 28, 2)
(22, 29, 2)
(22, 30, 2)
(22, 31, 2)
(22, 32, 2)
(22, 33, 2)
(22, 34, 2)
(22, 35, 2)
(22, 36, 2)
(22, 37, 2)
(22, 38, 2)
(22, 39, 2)

(23, 0, 270)
(23, 1, 238)
(23, 2, 202)
(23, 3, 140)
(23, 4, 100)
(23, 5, 81)
(23, 6, 61)
(23, 7, 37)
(23, 8, 26)
(23, 9, 20)
(23, 10, 17)
(23, 11, 15)
(23, 12, 10)
(23, 13, 7)
(23, 14, 6)
(23, 15, 6)
(23, 16, 5)
(23, 17, 3)
(23, 18, 3)
(23, 19, 3)
(23, 20, 3)
(23, 21, 3)
(23, 22, 3)
(23, 23, 3)
(23, 24, 3)
(23, 25, 3)
(23, 26, 3)
(23, 27, 3)
(23, 28, 3)
(23, 29, 3)
(23, 30, 3)
(23, 31, 3)
(23, 32, 3)
(23, 33, 3)
(23, 34, 3)
(23, 35, 3)
(23, 36, 3)
(23, 37, 3)
(23, 38, 3)
(23, 39, 3)

(24, 0, 288)
(24, 1, 252)
(24, 2, 216)
(24, 3, 150)
(24, 4, 106)
(24, 5, 82)
(24, 6, 60)
(24, 7, 36)
(24, 8, 25)
(24, 9, 19)
(24, 10, 17)
(24, 11, 15)
(24, 12, 10)
(24, 13, 7)
(24, 14, 6)
(24, 15, 5)
(24, 16, 5)
(24, 17, 3)
(24, 18, 3)
(24, 19, 3)
(24, 20, 3)
(24, 21, 3)
(24, 22, 3)
(24, 23, 3)
(24, 24, 3)
(24, 25, 3)
(24, 26, 3)
(24, 27, 3)
(24, 28, 3)
(24, 29, 3)
(24, 30, 3)
(24, 31, 3)
(24, 32, 3)
(24, 33, 3)
(24, 34, 3)
(24, 35, 3)
(24, 36, 3)
(24, 37, 3)
(24, 38, 3)
(24, 39, 3)

(25, 0, 321)
(25, 1, 276)
(25, 2, 236)
(25, 3, 167)
(25, 4, 123)
(25, 5, 93)
(25, 6, 68)
(25, 7, 42)
(25, 8, 28)
(25, 9, 20)
(25, 10, 19)
(25, 11, 16)
(25, 12, 10)
(25, 13, 7)
(25, 14, 5)
(25, 15, 5)
(25, 16, 5)
(25, 17, 3)
(25, 18, 3)
(25, 19, 3)
(25, 20, 3)
(25, 21, 3)
(25, 22, 3)
(25, 23, 3)
(25, 24, 3)
(25, 25, 3)
(25, 26, 3)
(25, 27, 3)
(25, 28, 3)
(25, 29, 3)
(25, 30, 3)
(25, 31, 3)
(25, 32, 3)
(25, 33, 3)
(25, 34, 3)
(25, 35, 3)
(25, 36, 2)
(25, 37, 1)
(25, 38, 1)
(25, 39, 1)

(26, 0, 351)
(26, 1, 296)
(26, 2, 251)
(26, 3, 182)
(26, 4, 132)
(26, 5, 100)
(26, 6, 73)
(26, 7, 47)
(26, 8, 31)
(26, 9, 21)
(26, 10, 20)
(26, 11, 16)
(26, 12, 9)
(26, 13, 6)
(26, 14, 4)
(26, 15, 4)
(26, 16, 4)
(26, 17, 2)
(26, 18, 2)
(26, 19, 2)
(26, 20, 2)
(26, 21, 2)
(26, 22, 2)
(26, 23, 2)
(26, 24, 2)
(26, 25, 2)
(26, 26, 2)
(26, 27, 2)
(26, 28, 2)
(26, 29, 2)
(26, 30, 2)
(26, 31, 2)
(26, 32, 2)
(26, 33, 1)
(26, 34, 1)
(26, 35, 1)
(26, 36, 1)
(26, 37, 1)
(26, 38, 1)
(26, 39, 1)

(27, 0, 369)
(27, 1, 313)
(27, 2, 266)
(27, 3, 196)
(27, 4, 143)
(27, 5, 107)
(27, 6, 80)
(27, 7, 50)
(27, 8, 34)
(27, 9, 24)
(27, 10, 22)
(27, 11, 18)
(27, 12, 11)
(27, 13, 8)
(27, 14, 3)
(27, 15, 3)
(27, 16, 3)
(27, 17, 2)
(27, 18, 2)
(27, 19, 2)
(27, 20, 2)
(27, 21, 1)
(27, 22, 1)
(27, 23, 1)
(27, 24, 1)
(27, 25, 1)
(27, 26, 1)
(27, 27, 1)
(27, 28, 1)
(27, 29, 1)
(27, 30, 1)
(27, 31, 1)
(27, 32, 1)
(27, 33, 1)
(27, 34, 1)
(27, 35, 1)
(27, 36, 1)
(27, 37, 1)
(27, 38, 1)
(27, 39, 1)

(28, 0, 394)
(28, 1, 330)
(28, 2, 280)
(28, 3, 205)
(28, 4, 151)
(28, 5, 113)
(28, 6, 85)
(28, 7, 54)
(28, 8, 38)
(28, 9, 26)
(28, 10, 23)
(28, 11, 19)
(28, 12, 12)
(28, 13, 8)
(28, 14, 3)
(28, 15, 3)
(28, 16, 3)
(28, 17, 1)
(28, 18, 1)
(28, 19, 1)
(28, 20, 1)
(28, 21, 1)
(28, 22, 1)
(28, 23, 1)
(28, 24, 1)
(28, 25, 1)
(28, 26, 1)
(28, 27, 1)
(28, 28, 1)
(28, 29, 1)
(28, 30, 1)
(28, 31, 1)
(28, 32, 1)
(28, 33, 1)
(28, 34, 1)
(28, 35, 1)
(28, 36, 1)
(28, 37, 1)
(28, 38, 1)
(28, 39, 1)

(29, 0, 416)
(29, 1, 350)
(29, 2, 294)
(29, 3, 218)
(29, 4, 164)
(29, 5, 123)
(29, 6, 94)
(29, 7, 62)
(29, 8, 44)
(29, 9, 28)
(29, 10, 23)
(29, 11, 19)
(29, 12, 11)
(29, 13, 8)
(29, 14, 2)
(29, 15, 2)
(29, 16, 2)
(29, 17, 1)
(29, 18, 1)
(29, 19, 1)
(29, 20, 1)
(29, 21, 1)
(29, 22, 1)
(29, 23, 1)
(29, 24, 1)
(29, 25, 1)
(29, 26, 1)
(29, 27, 1)
(29, 28, 1)
(29, 29, 1)
(29, 30, 1)
(29, 31, 1)
(29, 32, 1)
(29, 33, 1)
(29, 34, 1)
(29, 35, 1)
(29, 36, 1)
(29, 37, 1)
(29, 38, 1)
(29, 39, 1)

(30, 0, 444)
(30, 1, 370)
(30, 2, 310)
(30, 3, 230)
(30, 4, 171)
(30, 5, 130)
(30, 6, 101)
(30, 7, 66)
(30, 8, 47)
(30, 9, 30)
(30, 10, 26)
(30, 11, 20)
(30, 12, 11)
(30, 13, 8)
(30, 14, 3)
(30, 15, 3)
(30, 16, 3)
(30, 17, 2)
(30, 18, 1)
(30, 19, 1)
(30, 20, 1)
(30, 21, 1)
(30, 22, 1)
(30, 23, 1)
(30, 24, 1)
(30, 25, 1)
(30, 26, 1)
(30, 27, 1)
(30, 28, 1)
(30, 29, 1)
(30, 30, 1)
(30, 31, 1)
(30, 32, 1)
(30, 33, 1)
(30, 34, 1)
(30, 35, 1)
(30, 36, 1)
(30, 37, 1)
(30, 38, 1)
(30, 39, 1)

(31, 0, 471)
(31, 1, 391)
(31, 2, 326)
(31, 3, 246)
(31, 4, 185)
(31, 5, 138)
(31, 6, 108)
(31, 7, 73)
(31, 8, 50)
(31, 9, 31)
(31, 10, 25)
(31, 11, 20)
(31, 12, 11)
(31, 13, 7)
(31, 14, 2)
(31, 15, 2)
(31, 16, 2)
(31, 17, 2)
(31, 18, 1)
(31, 19, 1)
(31, 20, 1)
(31, 21, 1)
(31, 22, 1)
(31, 23, 1)
(31, 24, 1)
(31, 25, 1)
(31, 26, 1)
(31, 27, 1)
(31, 28, 1)
(31, 29, 1)
(31, 30, 1)
(31, 31, 1)
(31, 32, 1)
(31, 33, 1)
(31, 34, 1)
(31, 35, 1)
(31, 36, 1)
(31, 37, 1)
(31, 38, 1)
(31, 39, 1)

(32, 0, 484)
(32, 1, 403)
(32, 2, 337)
(32, 3, 255)
(32, 4, 190)
(32, 5, 142)
(32, 6, 111)
(32, 7, 75)
(32, 8, 50)
(32, 9, 31)
(32, 10, 24)
(32, 11, 18)
(32, 12, 11)
(32, 13, 7)
(32, 14, 2)
(32, 15, 2)
(32, 16, 2)
(32, 17, 2)
(32, 18, 1)
(32, 19, 1)
(32, 20, 1)
(32, 21, 1)
(32, 22, 1)
(32, 23, 1)
(32, 24, 1)
(32, 25, 1)
(32, 26, 1)
(32, 27, 1)
(32, 28, 1)
(32, 29, 1)
(32, 30, 1)
(32, 31, 1)
(32, 32, 1)
(32, 33, 1)
(32, 34, 1)
(32, 35, 1)
(32, 36, 1)
(32, 37, 1)
(32, 38, 1)
(32, 39, 1)

(33, 0, 498)
(33, 1, 414)
(33, 2, 346)
(33, 3, 261)
(33, 4, 194)
(33, 5, 144)
(33, 6, 110)
(33, 7, 75)
(33, 8, 50)
(33, 9, 29)
(33, 10, 22)
(33, 11, 18)
(33, 12, 11)
(33, 13, 7)
(33, 14, 2)
(33, 15, 2)
(33, 16, 2)
(33, 17, 2)
(33, 18, 1)
(33, 19, 1)
(33, 20, 1)
(33, 21, 1)
(33, 22, 1)
(33, 23, 1)
(33, 24, 1)
(33, 25, 1)
(33, 26, 1)
(33, 27, 1)
(33, 28, 1)
(33, 29, 1)
(33, 30, 1)
(33, 31, 1)
(33, 32, 1)
(33, 33, 1)
(33, 34, 1)
(33, 35, 1)
(33, 36, 1)
(33, 37, 1)
(33, 38, 1)
(33, 39, 1)

(34, 0, 515)
(34, 1, 430)
(34, 2, 360)
(34, 3, 270)
(34, 4, 203)
(34, 5, 153)
(34, 6, 115)
(34, 7, 78)
(34, 8, 50)
(34, 9, 31)
(34, 10, 23)
(34, 11, 19)
(34, 12, 12)
(34, 13, 8)
(34, 14, 2)
(34, 15, 2)
(34, 16, 2)
(34, 17, 2)
(34, 18, 1)
(34, 19, 1)
(34, 20, 1)
(34, 21, 1)
(34, 22, 1)
(34, 23, 1)
(34, 24, 1)
(34, 25, 1)
(34, 26, 1)
(34, 27, 1)
(34, 28, 1)
(34, 29, 1)
(34, 30, 1)
(34, 31, 1)
(34, 32, 1)
(34, 33, 1)
(34, 34, 1)
(34, 35, 1)
(34, 36, 1)
(34, 37, 1)
(34, 38, 1)
(34, 39, 1)

(35, 0, 525)
(35, 1, 436)
(35, 2, 365)
(35, 3, 275)
(35, 4, 207)
(35, 5, 156)
(35, 6, 118)
(35, 7, 78)
(35, 8, 52)
(35, 9, 31)
(35, 10, 23)
(35, 11, 19)
(35, 12, 12)
(35, 13, 8)
(35, 14, 2)
(35, 15, 2)
(35, 16, 2)
(35, 17, 2)
(35, 18, 1)
(35, 19, 1)
(35, 20, 1)
(35, 21, 1)
(35, 22, 1)
(35, 23, 1)
(35, 24, 1)
(35, 25, 1)
(35, 26, 1)
(35, 27, 1)
(35, 28, 1)
(35, 29, 1)
(35, 30, 1)
(35, 31, 1)
(35, 32, 1)
(35, 33, 1)
(35, 34, 1)
(35, 35, 1)
(35, 36, 1)
(35, 37, 1)
(35, 38, 1)
(35, 39, 1)

(36, 0, 534)
(36, 1, 445)
(36, 2, 373)
(36, 3, 283)
(36, 4, 214)
(36, 5, 161)
(36, 6, 122)
(36, 7, 80)
(36, 8, 54)
(36, 9, 31)
(36, 10, 24)
(36, 11, 20)
(36, 12, 13)
(36, 13, 9)
(36, 14, 3)
(36, 15, 3)
(36, 16, 2)
(36, 17, 1)
(36, 18, 1)
(36, 19, 1)
(36, 20, 1)
(36, 21, 1)
(36, 22, 1)
(36, 23, 1)
(36, 24, 1)
(36, 25, 1)
(36, 26, 1)
(36, 27, 1)
(36, 28, 1)
(36, 29, 1)
(36, 30, 1)
(36, 31, 1)
(36, 32, 1)
(36, 33, 1)
(36, 34, 1)
(36, 35, 1)
(36, 36, 1)
(36, 37, 1)
(36, 38, 1)
(36, 39, 1)

(37, 0, 548)
(37, 1, 454)
(37, 2, 379)
(37, 3, 287)
(37, 4, 217)
(37, 5, 163)
(37, 6, 123)
(37, 7, 81)
(37, 8, 51)
(37, 9, 31)
(37, 10, 24)
(37, 11, 20)
(37, 12, 13)
(37, 13, 7)
(37, 14, 2)
(37, 15, 2)
(37, 16, 2)
(37, 17, 1)
(37, 18, 1)
(37, 19, 1)
(37, 20, 1)
(37, 21, 1)
(37, 22, 1)
(37, 23, 1)
(37, 24, 1)
(37, 25, 1)
(37, 26, 1)
(37, 27, 1)
(37, 28, 1)
(37, 29, 1)
(37, 30, 1)
(37, 31, 1)
(37, 32, 1)
(37, 33, 1)
(37, 34, 1)
(37, 35, 1)
(37, 36, 1)
(37, 37, 1)
(37, 38, 1)
(37, 39, 1)

(38, 0, 560)
(38, 1, 458)
(38, 2, 382)
(38, 3, 288)
(38, 4, 218)
(38, 5, 164)
(38, 6, 124)
(38, 7, 82)
(38, 8, 51)
(38, 9, 31)
(38, 10, 24)
(38, 11, 20)
(38, 12, 12)
(38, 13, 7)
(38, 14, 2)
(38, 15, 2)
(38, 16, 2)
(38, 17, 1)
(38, 18, 1)
(38, 19, 1)
(38, 20, 1)
(38, 21, 1)
(38, 22, 1)
(38, 23, 1)
(38, 24, 1)
(38, 25, 1)
(38, 26, 1)
(38, 27, 1)
(38, 28, 1)
(38, 29, 1)
(38, 30, 1)
(38, 31, 1)
(38, 32, 1)
(38, 33, 1)
(38, 34, 1)
(38, 35, 1)
(38, 36, 1)
(38, 37, 1)
(38, 38, 1)
(38, 39, 1)

(39, 0, 562)
(39, 1, 459)
(39, 2, 383)
(39, 3, 288)
(39, 4, 218)
(39, 5, 164)
(39, 6, 124)
(39, 7, 82)
(39, 8, 51)
(39, 9, 31)
(39, 10, 24)
(39, 11, 20)
(39, 12, 12)
(39, 13, 7)
(39, 14, 2)
(39, 15, 2)
(39, 16, 2)
(39, 17, 1)
(39, 18, 1)
(39, 19, 1)
(39, 20, 1)
(39, 21, 1)
(39, 22, 1)
(39, 23, 1)
(39, 24, 1)
(39, 25, 1)
(39, 26, 1)
(39, 27, 1)
(39, 28, 1)
(39, 29, 1)
(39, 30, 1)
(39, 31, 1)
(39, 32, 1)
(39, 33, 1)
(39, 34, 1)
(39, 35, 1)
(39, 36, 1)
(39, 37, 1)
(39, 38, 1)
(39, 39, 1)


Betti numbers:
xi_0:
(0, 0, 2)
(1, 0, 4)
(2, 0, 3)
(3, 0, 2)
(4, 0, 4)
(5, 0, 4)
(6, 0, 1)
(7, 0, 5)
(8, 0, 3)
(9, 0, 16)
(10, 0, 21)
(11, 0, 14)
(12, 0, 17)
(13, 0, 19)
(14, 0, 11)
(15, 0, 15)
(16, 0, 11)
(17, 0, 17)
(18, 0, 16)
(19, 0, 11)
(20, 0, 12)
(21, 0, 25)
(22, 0, 17)
(23, 0, 20)
(24, 0, 18)
(25, 0, 33)
(26, 0, 30)
(27, 0, 18)
(28, 0, 25)
(29, 0, 22)
(30, 0, 28)
(31, 0, 27)
(32, 0, 13)
(33, 0, 14)
(34, 0, 17)
(35, 0, 10)
(36, 0, 9)
(37, 0, 14)
(38, 0, 12)
(39, 0, 2)
xi_1:
(0, 21, 1)
(1, 3, 2)
(1, 7, 1)
(1, 8, 1)
(1, 13, 1)
(2, 3, 1)
(2, 4, 1)
(2, 8, 1)
(2, 12, 1)
(3, 3, 1)
(3, 4, 1)
(4, 3, 2)
(4, 7, 3)
(5, 3, 2)
(5, 7, 1)
(5, 13, 1)
(6, 3, 1)
(7, 3, 1)
(7, 4, 2)
(7, 6, 1)
(7, 8, 1)
(8, 4, 1)
(8, 7, 1)
(8, 13, 1)
(8, 33, 1)
(9, 1, 1)
(9, 2, 2)
(9, 3, 7)
(9, 4, 2)
(9, 6, 2)
(9, 12, 1)
(9, 15, 1)
(9, 30, 1)
(10, 1, 6)
(10, 2, 5)
(10, 3, 4)
(10, 4, 2)
(10, 5, 1)
(10, 6, 2)
(10, 7, 2)
(10, 8, 1)
(10, 12, 1)
(10, 15, 1)
(10, 25, 1)
(11, 1, 5)
(11, 2, 3)
(11, 3, 1)
(11, 4, 2)
(11, 6, 4)
(11, 10, 1)
(11, 12, 1)
(11, 20, 1)
(12, 1, 3)
(12, 2, 2)
(12, 4, 1)
(12, 5, 4)
(12, 6, 4)
(12, 7, 4)
(12, 15, 1)
(13, 1, 1)
(13, 2, 1)
(13, 3, 5)
(13, 4, 4)
(13, 5, 2)
(13, 7, 2)
(13, 8, 2)
(13, 10, 1)
(13, 14, 1)
(13, 17, 1)
(13, 23, 1)
(14, 1, 2)
(14, 3, 3)
(14, 4, 2)
(14, 6, 1)
(14, 7, 1)
(14, 12, 1)
(14, 14, 1)
(14, 15, 1)
(14, 21, 1)
(15, 1, 3)
(15, 3, 4)
(15, 4, 2)
(15, 5, 2)
(15, 7, 1)
(15, 9, 1)
(15, 10, 3)
(15, 11, 2)
(15, 13, 2)
(16, 1, 1)
(16, 2, 2)
(16, 3, 2)
(16, 4, 2)
(16, 5, 1)
(16, 7, 1)
(16, 8, 2)
(16, 9, 1)
(16, 10, 1)
(17, 2, 4)
(17, 3, 4)
(17, 4, 1)
(17, 5, 1)
(17, 6, 3)
(17, 7, 1)
(17, 8, 3)
(17, 9, 2)
(17, 11, 1)
(18, 1, 1)
(18, 2, 6)
(18, 3, 5)
(18, 4, 1)
(18, 5, 1)
(18, 6, 1)
(18, 7, 2)
(18, 9, 1)
(18, 10, 1)
(19, 1, 1)
(19, 2, 2)
(19, 3, 4)
(19, 4, 2)
(19, 6, 1)
(19, 7, 1)
(19, 9, 1)
(19, 14, 1)
(20, 1, 2)
(20, 3, 2)
(20, 4, 2)
(20, 5, 2)
(20, 6, 1)
(20, 8, 2)
(20, 12, 2)
(21, 1, 3)
(21, 2, 3)
(21, 3, 4)
(21, 4, 5)
(21, 5, 4)
(21, 6, 2)
(21, 7, 1)
(21, 8, 2)
(21, 9, 1)
(21, 10, 1)
(21, 12, 1)
(21, 17, 1)
(22, 1, 2)
(22, 2, 2)
(22, 3, 3)
(22, 4, 7)
(22, 5, 3)
(22, 7, 1)
(22, 8, 1)
(22, 10, 1)
(22, 11, 1)
(23, 1, 1)
(23, 2, 4)
(23, 3, 5)
(23, 5, 1)
(23, 6, 2)
(23, 7, 2)
(23, 8, 1)
(23, 9, 1)
(23, 10, 1)
(23, 11, 1)
(23, 16, 1)
(23, 17, 1)
(24, 1, 4)
(24, 3, 4)
(24, 4, 4)
(24, 5, 5)
(24, 6, 2)
(24, 9, 1)
(24, 15, 1)
(25, 1, 9)
(25, 2, 4)
(25, 3, 3)
(25, 4, 1)
(25, 5, 6)
(25, 6, 3)
(25, 7, 3)
(25, 8, 3)
(25, 9, 2)
(25, 11, 1)
(25, 12, 1)
(25, 14, 1)
(25, 36, 1)
(25, 37, 1)
(26, 1, 10)
(26, 2, 5)
(26, 3, 1)
(26, 4, 6)
(26, 5, 2)
(26, 6, 2)
(26, 8, 2)
(26, 9, 2)
(26, 11, 1)
(26, 12, 2)
(26, 33, 1)
(27, 1, 1)
(27, 2, 2)
(27, 3, 1)
(27, 4, 3)
(27, 5, 4)
(27, 7, 4)
(27, 8, 1)
(27, 10, 1)
(27, 14, 3)
(27, 21, 1)
(28, 1, 8)
(28, 2, 3)
(28, 3, 5)
(28, 4, 1)
(28, 5, 2)
(28, 6, 1)
(28, 7, 1)
(28, 9, 2)
(28, 10, 1)
(28, 13, 1)
(28, 17, 1)
(29, 1, 2)
(29, 2, 6)
(29, 3, 1)
(29, 4, 1)
(29, 5, 3)
(29, 6, 1)
(29, 7, 1)
(29, 8, 2)
(29, 9, 4)
(29, 10, 2)
(29, 12, 1)
(29, 14, 2)
(30, 1, 8)
(30, 2, 4)
(30, 3, 4)
(30, 4, 5)
(30, 6, 1)
(30, 7, 3)
(30, 8, 1)
(30, 9, 1)
(30, 11, 2)
(30, 12, 2)
(30, 18, 1)
(31, 1, 6)
(31, 2, 5)
(31, 4, 2)
(31, 5, 6)
(31, 6, 2)
(31, 8, 4)
(31, 9, 2)
(31, 10, 2)
(31, 13, 1)
(32, 1, 1)
(32, 2, 1)
(32, 3, 2)
(32, 4, 4)
(32, 5, 1)
(32, 6, 1)
(32, 7, 1)
(32, 8, 2)
(32, 9, 1)
(32, 10, 1)
(32, 11, 2)
(33, 1, 3)
(33, 2, 2)
(33, 3, 3)
(33, 4, 2)
(33, 5, 2)
(33, 6, 3)
(33, 9, 2)
(34, 1, 1)
(34, 2, 2)
(34, 3, 5)
(34, 4, 1)
(34, 6, 5)
(34, 7, 2)
(34, 8, 3)
(34, 10, 1)
(34, 14, 1)
(35, 1, 4)
(35, 2, 1)
(35, 4, 1)
(35, 5, 1)
(35, 7, 3)
(35, 9, 2)
(36, 2, 1)
(36, 4, 1)
(36, 5, 2)
(36, 6, 1)
(36, 7, 2)
(36, 9, 3)
(36, 16, 1)
(36, 17, 1)
(37, 1, 5)
(37, 2, 3)
(37, 3, 2)
(37, 4, 1)
(37, 5, 2)
(37, 6, 1)
(37, 7, 1)
(37, 8, 4)
(37, 13, 2)
(38, 1, 8)
(38, 2, 1)
(38, 3, 2)
(38, 8, 1)
(38, 9, 1)
(38, 12, 1)
(39, 1, 1)
(39, 3, 1)
xi_2:
(1, 21, 1)
(2, 13, 1)
(4, 8, 1)
(8, 8, 1)
(9, 33, 1)
(10, 6, 2)
(10, 12, 1)
(10, 13, 1)
(10, 30, 1)
(11, 6, 1)
(11, 7, 1)
(11, 8, 1)
(11, 25, 1)
(12, 10, 1)
(12, 20, 1)
(13, 5, 1)
(13, 15, 1)
(14, 15, 1)
(14, 23, 1)
(15, 10, 1)
(15, 15, 2)
(15, 17, 1)
(15, 21, 1)
(16, 10, 1)
(16, 11, 1)
(17, 10, 2)
(17, 11, 1)
(18, 8, 1)
(18, 9, 1)
(18, 11, 1)
(19, 3, 1)
(19, 10, 1)
(20, 9, 1)
(20, 14, 1)
(21, 10, 1)
(21, 12, 1)
(21, 14, 1)
(22, 5, 1)
(22, 6, 1)
(22, 8, 1)
(22, 12, 1)
(23, 5, 1)
(23, 8, 1)
(24, 9, 1)
(24, 10, 1)
(24, 16, 1)
(25, 4, 1)
(25, 7, 1)
(25, 10, 1)
(25, 15, 1)
(26, 3, 1)
(26, 12, 1)
(26, 36, 1)
(26, 37, 1)
(27, 8, 1)
(27, 17, 1)
(27, 33, 1)
(28, 21, 1)
(29, 4, 1)
(29, 13, 1)
(29, 14, 1)
(29, 17, 1)
(30, 6, 1)
(30, 10, 1)
(30, 12, 1)
(30, 14, 1)
(31, 6, 1)
(31, 11, 1)
(31, 17, 1)
(32, 9, 1)
(32, 11, 1)
(32, 12, 2)
(33, 7, 1)
(33, 11, 2)
(34, 4, 1)
(34, 6, 1)
(34, 9, 2)
(35, 8, 2)
(36, 9, 1)
(36, 10, 1)
(36, 18, 1)
(37, 5, 1)
(37, 7, 1)
(37, 9, 3)
(37, 14, 1)
(37, 16, 1)
(38, 9, 1)
(38, 13, 1)
