x-grades
-1665487179860872143/2000000000000000000
-815090741069977443/1000000000000000000
-1594875784419037629/2000000000000000000
-389892521674530093/500000000000000000
-304852877795440623/400000000000000000
-744479345628142929/1000000000000000000
-1453652993535368601/2000000000000000000
-88646705988403209/125000000000000000
-1383041598093534087/2000000000000000000
-134773590037261683/200000000000000000
-1312430202651699573/2000000000000000000
-319281126232695579/500000000000000000
-1241818807209865059/2000000000000000000
-603256554744473901/1000000000000000000
-234241482353606109/400000000000000000
-141987714255889161/250000000000000000
-1100596016326196031/2000000000000000000
-532645159302639387/1000000000000000000
-1029984620884361517/2000000000000000000
-49733946158172213/100000000000000000
-959373225442527003/2000000000000000000
-462033763860804873/1000000000000000000
-888761830000692489/2000000000000000000
-208363313544867/488281250000000
-32726017382354319/80000000000000000
-391422368418970359/1000000000000000000
-747539039117023461/2000000000000000000
-178058335349026551/500000000000000000
-676927643675188947/2000000000000000000
-64162194595427169/200000000000000000
-606316248233354433/2000000000000000000
-71376318814054647/250000000000000000
-535704852791519919/2000000000000000000
-250199577535301331/1000000000000000000
-93018691469937081/400000000000000000
-107446939907192037/500000000000000000
-394482061907850891/2000000000000000000
-179588182093466817/1000000000000000000
-323870666466016377/2000000000000000000
-3607062109313739/25000000000000000

y-grades
1/4
1/2
3/4
1
5/4
3/2
7/4
2
9/4
5/2
11/4
3
13/4
7/2
15/4
4
17/4
9/2
19/4
5
21/4
11/2
23/4
6
25/4
13/2
27/4
7
29/4
15/2
31/4
8
33/4
17/2
35/4
9
37/4
19/2
39/4
10

Dimensions > 0:
(0, 0, 2)
(0, 1, 2)
(0, 2, 1)
(0, 3, 1)
(0, 4, 1)
(0, 5, 1)
(0, 6, 1)
(0, 7, 1)
(0, 8, 1)
(0, 9, 1)
(0, 10, 1)
(0, 11, 1)
(0, 12, 1)
(0, 13, 1)
(0, 14, 1)
(0, 15, 1)
(0, 16, 1)
(0, 17, 1)
(0, 18, 1)
(0, 19, 1)
(0, 20, 1)
(0, 21, 1)
(0, 22, 1)
(0, 23, 1)
(0, 24, 1)
(0, 25, 1)
(0, 26, 1)
(0, 27, 1)
(0, 28, 1)
(0, 29, 1)
(0, 30, 1)
(0, 31, 1)
(0, 32, 1)
(0, 33, 1)
(0, 34, 1)
(0, 35, 1)
(0, 36, 1)
(0, 37, 1)
(0, 38, 1)
(0, 39, 1)

(1, 0, 5)
(1, 1, 5)
(1, 2, 3)
(1, 3, 2)
(1, 4, 1)
(1, 5, 1)
(1, 6, 1)
(1, 7, 1)
(1, 8, 1)
(1, 9, 1)
(1, 10, 1)
(1, 11, 1)
(1, 12, 1)
(1, 13, 1)
(1, 14, 1)
(1, 15, 1)
(1, 16, 1)
(1, 17, 1)
(1, 18, 1)
(1, 19, 1)
(1, 20, 1)
(1, 21, 1)
(1, 22, 1)
(1, 23, 1)
(1, 24, 1)
(1, 25, 1)
(1, 26, 1)
(1, 27, 1)
(1, 28, 1)
(1, 29, 1)
(1, 30, 1)
(1, 31, 1)
(1, 32, 1)
(1, 33, 1)
(1, 34, 1)
(1, 35, 1)
(1, 36, 1)
(1, 37, 1)
(1, 38, 1)
(1, 39, 1)

(2, 0, 8)
(2, 1, 8)
(2, 2, 6)
(2, 3, 3)
(2, 4, 1)
(2, 5, 1)
(2, 6, 1)
(2, 7, 1)
(2, 8, 1)
(2, 9, 1)
(2, 10, 1)
(2, 11, 1)
(2, 12, 1)
(2, 13, 1)
(2, 14, 1)
(2, 15, 1)
(2, 16, 1)
(2, 17, 1)
(2, 18, 1)
(2, 19, 1)
(2, 20, 1)
(2, 21, 1)
(2, 22, 1)
(2, 23, 1)
(2, 24, 1)
(2, 25, 1)
(2, 26, 1)
(2, 27, 1)
(2, 28, 1)
(2, 29, 1)
(2, 30, 1)
(2, 31, 1)
(2, 32, 1)
(2, 33, 1)
(2, 34, 1)
(2, 35, 1)
(2, 36, 1)
(2, 37, 1)
(2, 38, 1)
(2, 39, 1)

(3, 0, 14)
(3, 1, 11)
(3, 2, 7)
(3, 3, 3)
(3, 4, 2)
(3, 5, 2)
(3, 6, 2)
(3, 7, 2)
(3, 8, 2)
(3, 9, 2)
(3, 10, 2)
(3, 11, 2)
(3, 12, 2)
(3, 13, 2)
(3, 14, 2)
(3, 15, 2)
(3, 16, 2)
(3, 17, 2)
(3, 18, 2)
(3, 19, 2)
(3, 20, 2)
(3, 21, 2)
(3, 22, 1)
(3, 23, 1)
(3, 24, 1)
(3, 25, 1)
(3, 26, 1)
(3, 27, 1)
(3, 28, 1)
(3, 29, 1)
(3, 30, 1)
(3, 31, 1)
(3, 32, 1)
(3, 33, 1)
(3, 34, 1)
(3, 35, 1)
(3, 36, 1)
(3, 37, 1)
(3, 38, 1)
(3, 39, 1)

(4, 0, 17)
(4, 1, 12)
(4, 2, 8)
(4, 3, 3)
(4, 4, 2)
(4, 5, 2)
(4, 6, 2)
(4, 7, 2)
(4, 8, 2)
(4, 9, 2)
(4, 10, 2)
(4, 11, 2)
(4, 12, 2)
(4, 13, 2)
(4, 14, 2)
(4, 15, 2)
(4, 16, 2)
(4, 17, 2)
(4, 18, 2)
(4, 19, 2)
(4, 20, 2)
(4, 21, 2)
(4, 22, 1)
(4, 23, 1)
(4, 24, 1)
(4, 25, 1)
(4, 26, 1)
(4, 27, 1)
(4, 28, 1)
(4, 29, 1)
(4, 30, 1)
(4, 31, 1)
(4, 32, 1)
(4, 33, 1)
(4, 34, 1)
(4, 35, 1)
(4, 36, 1)
(4, 37, 1)
(4, 38, 1)
(4, 39, 1)

(5, 0, 22)
(5, 1, 17)
(5, 2, 10)
(5, 3, 4)
(5, 4, 3)
(5, 5, 2)
(5, 6, 2)
(5, 7, 2)
(5, 8, 2)
(5, 9, 2)
(5, 10, 2)
(5, 11, 2)
(5, 12, 2)
(5, 13, 2)
(5, 14, 2)
(5, 15, 2)
(5, 16, 2)
(5, 17, 2)
(5, 18, 2)
(5, 19, 2)
(5, 20, 2)
(5, 21, 2)
(5, 22, 1)
(5, 23, 1)
(5, 24, 1)
(5, 25, 1)
(5, 26, 1)
(5, 27, 1)
(5, 28, 1)
(5, 29, 1)
(5, 30, 1)
(5, 31, 1)
(5, 32, 1)
(5, 33, 1)
(5, 34, 1)
(5, 35, 1)
(5, 36, 1)
(5, 37, 1)
(5, 38, 1)
(5, 39, 1)

(6, 0, 34)
(6, 1, 23)
(6, 2, 14)
(6, 3, 6)
(6, 4, 5)
(6, 5, 4)
(6, 6, 4)
(6, 7, 4)
(6, 8, 4)
(6, 9, 4)
(6, 10, 4)
(6, 11, 4)
(6, 12, 4)
(6, 13, 4)
(6, 14, 4)
(6, 15, 4)
(6, 16, 4)
(6, 17, 4)
(6, 18, 4)
(6, 19, 4)
(6, 20, 4)
(6, 21, 3)
(6, 22, 1)
(6, 23, 1)
(6, 24, 1)
(6, 25, 1)
(6, 26, 1)
(6, 27, 1)
(6, 28, 1)
(6, 29, 1)
(6, 30, 1)
(6, 31, 1)
(6, 32, 1)
(6, 33, 1)
(6, 34, 1)
(6, 35, 1)
(6, 36, 1)
(6, 37, 1)
(6, 38, 1)
(6, 39, 1)

(7, 0, 35)
(7, 1, 24)
(7, 2, 15)
(7, 3, 7)
(7, 4, 6)
(7, 5, 5)
(7, 6, 4)
(7, 7, 4)
(7, 8, 4)
(7, 9, 4)
(7, 10, 4)
(7, 11, 4)
(7, 12, 4)
(7, 13, 4)
(7, 14, 4)
(7, 15, 4)
(7, 16, 4)
(7, 17, 4)
(7, 18, 4)
(7, 19, 4)
(7, 20, 4)
(7, 21, 3)
(7, 22, 1)
(7, 23, 1)
(7, 24, 1)
(7, 25, 1)
(7, 26, 1)
(7, 27, 1)
(7, 28, 1)
(7, 29, 1)
(7, 30, 1)
(7, 31, 1)
(7, 32, 1)
(7, 33, 1)
(7, 34, 1)
(7, 35, 1)
(7, 36, 1)
(7, 37, 1)
(7, 38, 1)
(7, 39, 1)

(8, 0, 44)
(8, 1, 33)
(8, 2, 20)
(8, 3, 10)
(8, 4, 8)
(8, 5, 6)
(8, 6, 5)
(8, 7, 5)
(8, 8, 5)
(8, 9, 5)
(8, 10, 5)
(8, 11, 5)
(8, 12, 5)
(8, 13, 5)
(8, 14, 5)
(8, 15, 5)
(8, 16, 5)
(8, 17, 5)
(8, 18, 5)
(8, 19, 5)
(8, 20, 5)
(8, 21, 4)
(8, 22, 2)
(8, 23, 2)
(8, 24, 2)
(8, 25, 2)
(8, 26, 2)
(8, 27, 2)
(8, 28, 2)
(8, 29, 2)
(8, 30, 2)
(8, 31, 2)
(8, 32, 2)
(8, 33, 2)
(8, 34, 2)
(8, 35, 2)
(8, 36, 2)
(8, 37, 2)
(8, 38, 2)
(8, 39, 2)

(9, 0, 46)
(9, 1, 35)
(9, 2, 22)
(9, 3, 10)
(9, 4, 8)
(9, 5, 7)
(9, 6, 6)
(9, 7, 6)
(9, 8, 6)
(9, 9, 6)
(9, 10, 6)
(9, 11, 5)
(9, 12, 5)
(9, 13, 5)
(9, 14, 5)
(9, 15, 5)
(9, 16, 5)
(9, 17, 5)
(9, 18, 5)
(9, 19, 5)
(9, 20, 5)
(9, 21, 4)
(9, 22, 2)
(9, 23, 2)
(9, 24, 2)
(9, 25, 2)
(9, 26, 2)
(9, 27, 2)
(9, 28, 2)
(9, 29, 2)
(9, 30, 2)
(9, 31, 2)
(9, 32, 2)
(9, 33, 2)
(9, 34, 2)
(9, 35, 2)
(9, 36, 2)
(9, 37, 2)
(9, 38, 2)
(9, 39, 2)

(10, 0, 49)
(10, 1, 38)
(10, 2, 25)
(10, 3, 12)
(10, 4, 10)
(10, 5, 8)
(10, 6, 7)
(10, 7, 7)
(10, 8, 7)
(10, 9, 6)
(10, 10, 6)
(10, 11, 5)
(10, 12, 5)
(10, 13, 5)
(10, 14, 5)
(10, 15, 5)
(10, 16, 5)
(10, 17, 5)
(10, 18, 5)
(10, 19, 5)
(10, 20, 5)
(10, 21, 4)
(10, 22, 2)
(10, 23, 2)
(10, 24, 2)
(10, 25, 2)
(10, 26, 2)
(10, 27, 2)
(10, 28, 2)
(10, 29, 2)
(10, 30, 2)
(10, 31, 2)
(10, 32, 2)
(10, 33, 2)
(10, 34, 2)
(10, 35, 2)
(10, 36, 2)
(10, 37, 2)
(10, 38, 2)
(10, 39, 2)

(11, 0, 53)
(11, 1, 42)
(11, 2, 27)
(11, 3, 13)
(11, 4, 11)
(11, 5, 8)
(11, 6, 7)
(11, 7, 7)
(11, 8, 7)
(11, 9, 6)
(11, 10, 6)
(11, 11, 5)
(11, 12, 5)
(11, 13, 5)
(11, 14, 5)
(11, 15, 5)
(11, 16, 5)
(11, 17, 5)
(11, 18, 5)
(11, 19, 5)
(11, 20, 5)
(11, 21, 4)
(11, 22, 2)
(11, 23, 2)
(11, 24, 2)
(11, 25, 2)
(11, 26, 2)
(11, 27, 2)
(11, 28, 2)
(11, 29, 2)
(11, 30, 2)
(11, 31, 2)
(11, 32, 2)
(11, 33, 2)
(11, 34, 2)
(11, 35, 2)
(11, 36, 2)
(11, 37, 2)
(11, 38, 2)
(11, 39, 2)

(12, 0, 58)
(12, 1, 46)
(12, 2, 29)
(12, 3, 15)
(12, 4, 12)
(12, 5, 7)
(12, 6, 6)
(12, 7, 6)
(12, 8, 6)
(12, 9, 6)
(12, 10, 6)
(12, 11, 5)
(12, 12, 5)
(12, 13, 5)
(12, 14, 5)
(12, 15, 5)
(12, 16, 5)
(12, 17, 5)
(12, 18, 5)
(12, 19, 5)
(12, 20, 5)
(12, 21, 4)
(12, 22, 2)
(12, 23, 2)
(12, 24, 2)
(12, 25, 2)
(12, 26, 2)
(12, 27, 2)
(12, 28, 2)
(12, 29, 2)
(12, 30, 2)
(12, 31, 2)
(12, 32, 2)
(12, 33, 2)
(12, 34, 2)
(12, 35, 2)
(12, 36, 2)
(12, 37, 2)
(12, 38, 2)
(12, 39, 2)

(13, 0, 62)
(13, 1, 49)
(13, 2, 32)
(13, 3, 18)
(13, 4, 14)
(13, 5, 9)
(13, 6, 8)
(13, 7, 8)
(13, 8, 8)
(13, 9, 8)
(13, 10, 6)
(13, 11, 5)
(13, 12, 5)
(13, 13, 5)
(13, 14, 5)
(13, 15, 5)
(13, 16, 5)
(13, 17, 5)
(13, 18, 5)
(13, 19, 5)
(13, 20, 5)
(13, 21, 4)
(13, 22, 2)
(13, 23, 2)
(13, 24, 2)
(13, 25, 2)
(13, 26, 2)
(13, 27, 2)
(13, 28, 2)
(13, 29, 2)
(13, 30, 2)
(13, 31, 2)
(13, 32, 2)
(13, 33, 2)
(13, 34, 2)
(13, 35, 2)
(13, 36, 2)
(13, 37, 2)
(13, 38, 2)
(13, 39, 2)

(14, 0, 68)
(14, 1, 53)
(14, 2, 36)
(14, 3, 22)
(14, 4, 17)
(14, 5, 9)
(14, 6, 8)
(14, 7, 8)
(14, 8, 8)
(14, 9, 8)
(14, 10, 6)
(14, 11, 5)
(14, 12, 5)
(14, 13, 5)
(14, 14, 5)
(14, 15, 5)
(14, 16, 5)
(14, 17, 5)
(14, 18, 5)
(14, 19, 5)
(14, 20, 5)
(14, 21, 4)
(14, 22, 2)
(14, 23, 2)
(14, 24, 2)
(14, 25, 2)
(14, 26, 2)
(14, 27, 2)
(14, 28, 2)
(14, 29, 2)
(14, 30, 2)
(14, 31, 2)
(14, 32, 2)
(14, 33, 2)
(14, 34, 2)
(14, 35, 2)
(14, 36, 2)
(14, 37, 2)
(14, 38, 2)
(14, 39, 2)

(15, 0, 82)
(15, 1, 60)
(15, 2, 43)
(15, 3, 27)
(15, 4, 22)
(15, 5, 14)
(15, 6, 12)
(15, 7, 11)
(15, 8, 11)
(15, 9, 10)
(15, 10, 8)
(15, 11, 7)
(15, 12, 7)
(15, 13, 7)
(15, 14, 7)
(15, 15, 7)
(15, 16, 7)
(15, 17, 7)
(15, 18, 7)
(15, 19, 7)
(15, 20, 6)
(15, 21, 5)
(15, 22, 3)
(15, 23, 3)
(15, 24, 3)
(15, 25, 3)
(15, 26, 3)
(15, 27, 3)
(15, 28, 3)
(15, 29, 3)
(15, 30, 3)
(15, 31, 3)
(15, 32, 3)
(15, 33, 3)
(15, 34, 3)
(15, 35, 3)
(15, 36, 3)
(15, 37, 3)
(15, 38, 3)
(15, 39, 3)

(16, 0, 95)
(16, 1, 73)
(16, 2, 53)
(16, 3, 34)
(16, 4, 26)
(16, 5, 16)
(16, 6, 14)
(16, 7, 14)
(16, 8, 13)
(16, 9, 11)
(16, 10, 10)
(16, 11, 9)
(16, 12, 9)
(16, 13, 9)
(16, 14, 9)
(16, 15, 9)
(16, 16, 7)
(16, 17, 7)
(16, 18, 7)
(16, 19, 7)
(16, 20, 6)
(16, 21, 5)
(16, 22, 3)
(16, 23, 3)
(16, 24, 3)
(16, 25, 3)
(16, 26, 3)
(16, 27, 3)
(16, 28, 3)
(16, 29, 3)
(16, 30, 3)
(16, 31, 3)
(16, 32, 3)
(16, 33, 3)
(16, 34, 3)
(16, 35, 3)
(16, 36, 3)
(16, 37, 3)
(16, 38, 3)
(16, 39, 3)

(17, 0, 121)
(17, 1, 95)
(17, 2, 65)
(17, 3, 43)
(17, 4, 30)
(17, 5, 18)
(17, 6, 15)
(17, 7, 12)
(17, 8, 12)
(17, 9, 10)
(17, 10, 9)
(17, 11, 8)
(17, 12, 8)
(17, 13, 7)
(17, 14, 7)
(17, 15, 7)
(17, 16, 7)
(17, 17, 7)
(17, 18, 7)
(17, 19, 7)
(17, 20, 6)
(17, 21, 5)
(17, 22, 3)
(17, 23, 3)
(17, 24, 3)
(17, 25, 3)
(17, 26, 3)
(17, 27, 3)
(17, 28, 3)
(17, 29, 3)
(17, 30, 3)
(17, 31, 3)
(17, 32, 3)
(17, 33, 3)
(17, 34, 3)
(17, 35, 3)
(17, 36, 3)
(17, 37, 3)
(17, 38, 3)
(17, 39, 3)

(18, 0, 148)
(18, 1, 111)
(18, 2, 77)
(18, 3, 43)
(18, 4, 30)
(18, 5, 15)
(18, 6, 13)
(18, 7, 12)
(18, 8, 12)
(18, 9, 10)
(18, 10, 9)
(18, 11, 8)
(18, 12, 8)
(18, 13, 7)
(18, 14, 7)
(18, 15, 7)
(18, 16, 7)
(18, 17, 7)
(18, 18, 7)
(18, 19, 7)
(18, 20, 6)
(18, 21, 5)
(18, 22, 3)
(18, 23, 3)
(18, 24, 3)
(18, 25, 3)
(18, 26, 3)
(18, 27, 3)
(18, 28, 3)
(18, 29, 3)
(18, 30, 3)
(18, 31, 3)
(18, 32, 3)
(18, 33, 3)
(18, 34, 3)
(18, 35, 3)
(18, 36, 3)
(18, 37, 3)
(18, 38, 3)
(18, 39, 3)

(19, 0, 168)
(19, 1, 127)
(19, 2, 89)
(19, 3, 48)
(19, 4, 33)
(19, 5, 18)
(19, 6, 14)
(19, 7, 13)
(19, 8, 13)
(19, 9, 11)
(19, 10, 10)
(19, 11, 9)
(19, 12, 8)
(19, 13, 7)
(19, 14, 7)
(19, 15, 7)
(19, 16, 7)
(19, 17, 7)
(19, 18, 7)
(19, 19, 7)
(19, 20, 6)
(19, 21, 5)
(19, 22, 3)
(19, 23, 3)
(19, 24, 3)
(19, 25, 3)
(19, 26, 3)
(19, 27, 3)
(19, 28, 3)
(19, 29, 3)
(19, 30, 3)
(19, 31, 3)
(19, 32, 3)
(19, 33, 3)
(19, 34, 3)
(19, 35, 3)
(19, 36, 2)
(19, 37, 2)
(19, 38, 2)
(19, 39, 2)

(20, 0, 206)
(20, 1, 157)
(20, 2, 113)
(20, 3, 55)
(20, 4, 37)
(20, 5, 21)
(20, 6, 16)
(20, 7, 13)
(20, 8, 12)
(20, 9, 10)
(20, 10, 9)
(20, 11, 8)
(20, 12, 7)
(20, 13, 6)
(20, 14, 6)
(20, 15, 6)
(20, 16, 6)
(20, 17, 6)
(20, 18, 6)
(20, 19, 6)
(20, 20, 5)
(20, 21, 4)
(20, 22, 2)
(20, 23, 2)
(20, 24, 2)
(20, 25, 2)
(20, 26, 2)
(20, 27, 2)
(20, 28, 2)
(20, 29, 2)
(20, 30, 2)
(20, 31, 2)
(20, 32, 2)
(20, 33, 2)
(20, 34, 2)
(20, 35, 2)
(20, 36, 2)
(20, 37, 2)
(20, 38, 2)
(20, 39, 2)

(21, 0, 225)
(21, 1, 174)
(21, 2, 128)
(21, 3, 62)
(21, 4, 43)
(21, 5, 25)
(21, 6, 20)
(21, 7, 15)
(21, 8, 14)
(21, 9, 11)
(21, 10, 10)
(21, 11, 9)
(21, 12, 8)
(21, 13, 7)
(21, 14, 6)
(21, 15, 6)
(21, 16, 6)
(21, 17, 6)
(21, 18, 6)
(21, 19, 6)
(21, 20, 5)
(21, 21, 4)
(21, 22, 2)
(21, 23, 2)
(21, 24, 2)
(21, 25, 2)
(21, 26, 2)
(21, 27, 2)
(21, 28, 2)
(21, 29, 2)
(21, 30, 2)
(21, 31, 2)
(21, 32, 2)
(21, 33, 2)
(21, 34, 2)
(21, 35, 2)
(21, 36, 2)
(21, 37, 2)
(21, 38, 2)
(21, 39, 2)

(22, 0, 234)
(22, 1, 182)
(22, 2, 136)
(22, 3, 68)
(22, 4, 49)
(22, 5, 27)
(22, 6, 21)
(22, 7, 17)
(22, 8, 16)
(22, 9, 12)
(22, 10, 11)
(22, 11, 9)
(22, 12, 8)
(22, 13, 6)
(22, 14, 6)
(22, 15, 6)
(22, 16, 6)
(22, 17, 6)
(22, 18, 6)
(22, 19, 6)
(22, 20, 5)
(22, 21, 4)
(22, 22, 2)
(22, 23, 2)
(22, 24, 2)
(22, 25, 2)
(22, 26, 2)
(22, 27, 2)
(22, 28, 2)
(22, 29, 2)
(22, 30, 2)
(22, 31, 2)
(22, 32, 2)
(22, 33, 2)
(22, 34, 2)
(22, 35, 2)
(22, 36, 2)
(22, 37, 2)
(22, 38, 2)
(22, 39, 2)

(23, 0, 254)
(23, 1, 199)
(23, 2, 151)
(23, 3, 80)
(23, 4, 58)
(23, 5, 34)
(23, 6, 28)
(23, 7, 21)
(23, 8, 19)
(23, 9, 13)
(23, 10, 12)
(23, 11, 9)
(23, 12, 8)
(23, 13, 6)
(23, 14, 6)
(23, 15, 6)
(23, 16, 6)
(23, 17, 6)
(23, 18, 6)
(23, 19, 5)
(23, 20, 4)
(23, 21, 3)
(23, 22, 2)
(23, 23, 2)
(23, 24, 2)
(23, 25, 2)
(23, 26, 2)
(23, 27, 2)
(23, 28, 2)
(23, 29, 2)
(23, 30, 2)
(23, 31, 2)
(23, 32, 2)
(23, 33, 2)
(23, 34, 2)
(23, 35, 2)
(23, 36, 2)
(23, 37, 2)
(23, 38, 2)
(23, 39, 2)

(24, 0, 265)
(24, 1, 210)
(24, 2, 159)
(24, 3, 83)
(24, 4, 61)
(24, 5, 35)
(24, 6, 28)
(24, 7, 21)
(24, 8, 18)
(24, 9, 12)
(24, 10, 11)
(24, 11, 8)
(24, 12, 7)
(24, 13, 6)
(24, 14, 6)
(24, 15, 6)
(24, 16, 5)
(24, 17, 5)
(24, 18, 5)
(24, 19, 5)
(24, 20, 4)
(24, 21, 3)
(24, 22, 2)
(24, 23, 2)
(24, 24, 2)
(24, 25, 2)
(24, 26, 2)
(24, 27, 2)
(24, 28, 2)
(24, 29, 2)
(24, 30, 2)
(24, 31, 2)
(24, 32, 2)
(24, 33, 2)
(24, 34, 2)
(24, 35, 2)
(24, 36, 2)
(24, 37, 2)
(24, 38, 2)
(24, 39, 2)

(25, 0, 279)
(25, 1, 223)
(25, 2, 170)
(25, 3, 92)
(25, 4, 69)
(25, 5, 40)
(25, 6, 31)
(25, 7, 21)
(25, 8, 18)
(25, 9, 12)
(25, 10, 11)
(25, 11, 8)
(25, 12, 7)
(25, 13, 6)
(25, 14, 6)
(25, 15, 5)
(25, 16, 5)
(25, 17, 5)
(25, 18, 5)
(25, 19, 5)
(25, 20, 4)
(25, 21, 3)
(25, 22, 2)
(25, 23, 2)
(25, 24, 2)
(25, 25, 2)
(25, 26, 2)
(25, 27, 2)
(25, 28, 2)
(25, 29, 2)
(25, 30, 2)
(25, 31, 2)
(25, 32, 2)
(25, 33, 2)
(25, 34, 2)
(25, 35, 2)
(25, 36, 2)
(25, 37, 2)
(25, 38, 2)
(25, 39, 2)

(26, 0, 296)
(26, 1, 236)
(26, 2, 183)
(26, 3, 101)
(26, 4, 77)
(26, 5, 45)
(26, 6, 36)
(26, 7, 24)
(26, 8, 20)
(26, 9, 14)
(26, 10, 12)
(26, 11, 10)
(26, 12, 9)
(26, 13, 8)
(26, 14, 8)
(26, 15, 7)
(26, 16, 7)
(26, 17, 7)
(26, 18, 6)
(26, 19, 6)
(26, 20, 5)
(26, 21, 4)
(26, 22, 3)
(26, 23, 2)
(26, 24, 2)
(26, 25, 2)
(26, 26, 2)
(26, 27, 2)
(26, 28, 2)
(26, 29, 2)
(26, 30, 2)
(26, 31, 2)
(26, 32, 2)
(26, 33, 2)
(26, 34, 2)
(26, 35, 2)
(26, 36, 2)
(26, 37, 2)
(26, 38, 2)
(26, 39, 2)

(27, 0, 324)
(27, 1, 256)
(27, 2, 198)
(27, 3, 108)
(27, 4, 84)
(27, 5, 51)
(27, 6, 41)
(27, 7, 28)
(27, 8, 23)
(27, 9, 17)
(27, 10, 14)
(27, 11, 9)
(27, 12, 7)
(27, 13, 6)
(27, 14, 6)
(27, 15, 6)
(27, 16, 6)
(27, 17, 6)
(27, 18, 5)
(27, 19, 5)
(27, 20, 4)
(27, 21, 4)
(27, 22, 3)
(27, 23, 2)
(27, 24, 2)
(27, 25, 2)
(27, 26, 2)
(27, 27, 2)
(27, 28, 2)
(27, 29, 2)
(27, 30, 2)
(27, 31, 2)
(27, 32, 2)
(27, 33, 2)
(27, 34, 2)
(27, 35, 2)
(27, 36, 2)
(27, 37, 2)
(27, 38, 2)
(27, 39, 2)

(28, 0, 358)
(28, 1, 281)
(28, 2, 221)
(28, 3, 122)
(28, 4, 88)
(28, 5, 52)
(28, 6, 41)
(28, 7, 29)
(28, 8, 23)
(28, 9, 17)
(28, 10, 13)
(28, 11, 8)
(28, 12, 5)
(28, 13, 4)
(28, 14, 4)
(28, 15, 4)
(28, 16, 4)
(28, 17, 4)
(28, 18, 4)
(28, 19, 4)
(28, 20, 3)
(28, 21, 3)
(28, 22, 2)
(28, 23, 2)
(28, 24, 2)
(28, 25, 2)
(28, 26, 2)
(28, 27, 2)
(28, 28, 2)
(28, 29, 2)
(28, 30, 2)
(28, 31, 2)
(28, 32, 2)
(28, 33, 2)
(28, 34, 2)
(28, 35, 2)
(28, 36, 2)
(28, 37, 2)
(28, 38, 2)
(28, 39, 2)

(29, 0, 378)
(29, 1, 298)
(29, 2, 235)
(29, 3, 126)
(29, 4, 90)
(29, 5, 52)
(29, 6, 42)
(29, 7, 30)
(29, 8, 24)
(29, 9, 17)
(29, 10, 12)
(29, 11, 6)
(29, 12, 4)
(29, 13, 3)
(29, 14, 3)
(29, 15, 3)
(29, 16, 3)
(29, 17, 3)
(29, 18, 3)
(29, 19, 3)
(29, 20, 2)
(29, 21, 2)
(29, 22, 2)
(29, 23, 2)
(29, 24, 2)
(29, 25, 2)
(29, 26, 2)
(29, 27, 2)
(29, 28, 2)
(29, 29, 2)
(29, 30, 2)
(29, 31, 2)
(29, 32, 2)
(29, 33, 2)
(29, 34, 2)
(29, 35, 2)
(29, 36, 2)
(29, 37, 2)
(29, 38, 2)
(29, 39, 2)

(30, 0, 411)
(30, 1, 324)
(30, 2, 253)
(30, 3, 133)
(30, 4, 93)
(30, 5, 53)
(30, 6, 43)
(30, 7, 32)
(30, 8, 25)
(30, 9, 19)
(30, 10, 11)
(30, 11, 6)
(30, 12, 5)
(30, 13, 4)
(30, 14, 3)
(30, 15, 3)
(30, 16, 3)
(30, 17, 3)
(30, 18, 3)
(30, 19, 3)
(30, 20, 2)
(30, 21, 2)
(30, 22, 2)
(30, 23, 2)
(30, 24, 2)
(30, 25, 2)
(30, 26, 2)
(30, 27, 2)
(30, 28, 2)
(30, 29, 2)
(30, 30, 2)
(30, 31, 2)
(30, 32, 2)
(30, 33, 2)
(30, 34, 2)
(30, 35, 2)
(30, 36, 2)
(30, 37, 2)
(30, 38, 2)
(30, 39, 2)

(31, 0, 445)
(31, 1, 343)
(31, 2, 265)
(31, 3, 139)
(31, 4, 96)
(31, 5, 53)
(31, 6, 42)
(31, 7, 31)
(31, 8, 22)
(31, 9, 16)
(31, 10, 11)
(31, 11, 6)
(31, 12, 5)
(31, 13, 4)
(31, 14, 3)
(31, 15, 3)
(31, 16, 3)
(31, 17, 3)
(31, 18, 3)
(31, 19, 3)
(31, 20, 2)
(31, 21, 2)
(31, 22, 2)
(31, 23, 2)
(31, 24, 2)
(31, 25, 2)
(31, 26, 2)
(31, 27, 2)
(31, 28, 2)
(31, 29, 2)
(31, 30, 2)
(31, 31, 2)
(31, 32, 2)
(31, 33, 2)
(31, 34, 2)
(31, 35, 2)
(31, 36, 2)
(31, 37, 2)
(31, 38, 2)
(31, 39, 2)

(32, 0, 466)
(32, 1, 364)
(32, 2, 282)
(32, 3, 145)
(32, 4, 101)
(32, 5, 57)
(32, 6, 46)
(32, 7, 34)
(32, 8, 25)
(32, 9, 19)
(32, 10, 13)
(32, 11, 6)
(32, 12, 5)
(32, 13, 4)
(32, 14, 3)
(32, 15, 3)
(32, 16, 3)
(32, 17, 3)
(32, 18, 3)
(32, 19, 3)
(32, 20, 2)
(32, 21, 2)
(32, 22, 2)
(32, 23, 2)
(32, 24, 2)
(32, 25, 2)
(32, 26, 2)
(32, 27, 2)
(32, 28, 2)
(32, 29, 2)
(32, 30, 2)
(32, 31, 2)
(32, 32, 2)
(32, 33, 2)
(32, 34, 2)
(32, 35, 2)
(32, 36, 2)
(32, 37, 2)
(32, 38, 2)
(32, 39, 2)

(33, 0, 471)
(33, 1, 367)
(33, 2, 285)
(33, 3, 145)
(33, 4, 101)
(33, 5, 57)
(33, 6, 46)
(33, 7, 34)
(33, 8, 25)
(33, 9, 19)
(33, 10, 13)
(33, 11, 6)
(33, 12, 5)
(33, 13, 4)
(33, 14, 3)
(33, 15, 3)
(33, 16, 3)
(33, 17, 3)
(33, 18, 3)
(33, 19, 3)
(33, 20, 2)
(33, 21, 2)
(33, 22, 2)
(33, 23, 2)
(33, 24, 2)
(33, 25, 2)
(33, 26, 2)
(33, 27, 2)
(33, 28, 2)
(33, 29, 2)
(33, 30, 2)
(33, 31, 2)
(33, 32, 2)
(33, 33, 2)
(33, 34, 2)
(33, 35, 2)
(33, 36, 2)
(33, 37, 2)
(33, 38, 2)
(33, 39, 2)

(34, 0, 482)
(34, 1, 375)
(34, 2, 293)
(34, 3, 150)
(34, 4, 106)
(34, 5, 60)
(34, 6, 48)
(34, 7, 35)
(34, 8, 25)
(34, 9, 19)
(34, 10, 13)
(34, 11, 6)
(34, 12, 5)
(34, 13, 4)
(34, 14, 3)
(34, 15, 3)
(34, 16, 3)
(34, 17, 3)
(34, 18, 3)
(34, 19, 3)
(34, 20, 2)
(34, 21, 2)
(34, 22, 2)
(34, 23, 2)
(34, 24, 2)
(34, 25, 2)
(34, 26, 2)
(34, 27, 2)
(34, 28, 2)
(34, 29, 2)
(34, 30, 2)
(34, 31, 2)
(34, 32, 2)
(34, 33, 2)
(34, 34, 2)
(34, 35, 2)
(34, 36, 2)
(34, 37, 2)
(34, 38, 2)
(34, 39, 2)

(35, 0, 495)
(35, 1, 385)
(35, 2, 302)
(35, 3, 154)
(35, 4, 106)
(35, 5, 61)
(35, 6, 50)
(35, 7, 37)
(35, 8, 26)
(35, 9, 20)
(35, 10, 13)
(35, 11, 6)
(35, 12, 5)
(35, 13, 4)
(35, 14, 3)
(35, 15, 3)
(35, 16, 3)
(35, 17, 3)
(35, 18, 3)
(35, 19, 3)
(35, 20, 2)
(35, 21, 2)
(35, 22, 2)
(35, 23, 2)
(35, 24, 2)
(35, 25, 2)
(35, 26, 2)
(35, 27, 2)
(35, 28, 2)
(35, 29, 2)
(35, 30, 2)
(35, 31, 2)
(35, 32, 2)
(35, 33, 2)
(35, 34, 2)
(35, 35, 2)
(35, 36, 2)
(35, 37, 2)
(35, 38, 2)
(35, 39, 2)

(36, 0, 510)
(36, 1, 398)
(36, 2, 313)
(36, 3, 155)
(36, 4, 108)
(36, 5, 64)
(36, 6, 53)
(36, 7, 40)
(36, 8, 28)
(36, 9, 22)
(36, 10, 15)
(36, 11, 6)
(36, 12, 5)
(36, 13, 4)
(36, 14, 3)
(36, 15, 3)
(36, 16, 3)
(36, 17, 3)
(36, 18, 3)
(36, 19, 3)
(36, 20, 2)
(36, 21, 2)
(36, 22, 2)
(36, 23, 2)
(36, 24, 2)
(36, 25, 2)
(36, 26, 2)
(36, 27, 2)
(36, 28, 2)
(36, 29, 2)
(36, 30, 2)
(36, 31, 2)
(36, 32, 2)
(36, 33, 2)
(36, 34, 2)
(36, 35, 2)
(36, 36, 2)
(36, 37, 2)
(36, 38, 2)
(36, 39, 2)

(37, 0, 521)
(37, 1, 408)
(37, 2, 323)
(37, 3, 157)
(37, 4, 109)
(37, 5, 64)
(37, 6, 52)
(37, 7, 38)
(37, 8, 27)
(37, 9, 21)
(37, 10, 14)
(37, 11, 6)
(37, 12, 5)
(37, 13, 4)
(37, 14, 3)
(37, 15, 3)
(37, 16, 3)
(37, 17, 3)
(37, 18, 3)
(37, 19, 3)
(37, 20, 2)
(37, 21, 2)
(37, 22, 2)
(37, 23, 2)
(37, 24, 2)
(37, 25, 2)
(37, 26, 2)
(37, 27, 2)
(37, 28, 2)
(37, 29, 2)
(37, 30, 2)
(37, 31, 2)
(37, 32, 2)
(37, 33, 2)
(37, 34, 2)
(37, 35, 2)
(37, 36, 2)
(37, 37, 2)
(37, 38, 2)
(37, 39, 2)

(38, 0, 533)
(38, 1, 418)
(38, 2, 332)
(38, 3, 161)
(38, 4, 110)
(38, 5, 65)
(38, 6, 53)
(38, 7, 39)
(38, 8, 27)
(38, 9, 21)
(38, 10, 14)
(38, 11, 6)
(38, 12, 5)
(38, 13, 4)
(38, 14, 3)
(38, 15, 3)
(38, 16, 3)
(38, 17, 3)
(38, 18, 3)
(38, 19, 3)
(38, 20, 2)
(38, 21, 2)
(38, 22, 2)
(38, 23, 2)
(38, 24, 2)
(38, 25, 2)
(38, 26, 2)
(38, 27, 2)
(38, 28, 2)
(38, 29, 2)
(38, 30, 2)
(38, 31, 2)
(38, 32, 2)
(38, 33, 2)
(38, 34, 2)
(38, 35, 2)
(38, 36, 2)
(38, 37, 2)
(38, 38, 2)
(38, 39, 2)

(39, 0, 539)
(39, 1, 423)
(39, 2, 337)
(39, 3, 163)
(39, 4, 111)
(39, 5, 65)
(39, 6, 53)
(39, 7, 39)
(39, 8, 27)
(39, 9, 21)
(39, 10, 14)
(39, 11, 6)
(39, 12, 5)
(39, 13, 4)
(39, 14, 3)
(39, 15, 3)
(39, 16, 3)
(39, 17, 3)
(39, 18, 3)
(39, 19, 3)
(39, 20, 2)
(39, 21, 2)
(39, 22, 2)
(39, 23, 2)
(39, 24, 2)
(39, 25, 2)
(39, 26, 2)
(39, 27, 2)
(39, 28, 2)
(39, 29, 2)
(39, 30, 2)
(39, 31, 2)
(39, 32, 2)
(39, 33, 2)
(39, 34, 2)
(39, 35, 2)
(39, 36, 2)
(39, 37, 2)
(39, 38, 2)
(39, 39, 2)


Betti numbers:
xi_0:
(0, 0, 2)
(1, 0, 3)
(2, 0, 3)
(3, 0, 6)
(4, 0, 3)
(5, 0, 5)
(6, 0, 12)
(7, 0, 1)
(8, 0, 9)
(9, 0, 2)
(10, 0, 3)
(11, 0, 4)
(12, 0, 5)
(13, 0, 4)
(14, 0, 6)
(15, 0, 14)
(16, 0, 13)
(17, 0, 26)
(18, 0, 27)
(19, 0, 20)
(20, 0, 38)
(21, 0, 19)
(22, 0, 9)
(23, 0, 20)
(24, 0, 11)
(25, 0, 14)
(26, 0, 17)
(27, 0, 28)
(28, 0, 34)
(29, 0, 21)
(30, 0, 33)
(31, 0, 34)
(32, 0, 21)
(33, 0, 5)
(34, 0, 11)
(35, 0, 13)
(36, 0, 15)
(37, 0, 11)
(38, 0, 12)
(39, 0, 6)
xi_1:
(0, 2, 1)
(1, 2, 1)
(1, 3, 1)
(1, 4, 1)
(2, 3, 2)
(2, 4, 1)
(3, 1, 3)
(3, 2, 2)
(3, 3, 1)
(3, 22, 1)
(4, 1, 2)
(4, 3, 1)
(5, 2, 3)
(5, 3, 1)
(5, 5, 1)
(6, 1, 6)
(6, 2, 2)
(6, 3, 2)
(6, 21, 1)
(6, 22, 1)
(7, 6, 1)
(8, 2, 4)
(8, 3, 2)
(8, 4, 1)
(8, 5, 1)
(9, 3, 2)
(9, 11, 1)
(10, 3, 1)
(10, 5, 1)
(10, 9, 1)
(11, 2, 2)
(11, 3, 1)
(11, 5, 1)
(11, 9, 1)
(12, 1, 1)
(12, 2, 2)
(12, 4, 1)
(12, 5, 2)
(13, 1, 1)
(13, 4, 1)
(13, 10, 2)
(14, 1, 2)
(14, 4, 1)
(14, 5, 3)
(15, 1, 7)
(15, 3, 2)
(15, 6, 1)
(15, 7, 1)
(15, 9, 1)
(15, 10, 1)
(15, 20, 1)
(16, 2, 3)
(16, 3, 3)
(16, 4, 3)
(16, 5, 2)
(16, 8, 1)
(16, 9, 1)
(16, 16, 2)
(17, 1, 4)
(17, 2, 10)
(17, 3, 3)
(17, 4, 6)
(17, 5, 2)
(17, 6, 1)
(17, 7, 3)
(17, 13, 1)
(18, 1, 11)
(18, 2, 4)
(18, 3, 12)
(18, 4, 2)
(18, 5, 3)
(19, 1, 4)
(19, 2, 4)
(19, 3, 9)
(19, 4, 2)
(19, 5, 1)
(19, 6, 2)
(19, 12, 1)
(19, 36, 1)
(20, 1, 8)
(20, 2, 6)
(20, 3, 17)
(20, 4, 3)
(20, 5, 1)
(20, 6, 1)
(20, 7, 2)
(20, 8, 1)
(21, 1, 2)
(21, 2, 2)
(21, 3, 8)
(21, 4, 1)
(21, 5, 2)
(21, 7, 2)
(21, 9, 1)
(21, 14, 1)
(22, 1, 1)
(22, 3, 2)
(22, 5, 4)
(22, 6, 1)
(22, 9, 1)
(22, 11, 1)
(22, 13, 1)
(23, 1, 3)
(23, 2, 2)
(23, 3, 3)
(23, 4, 3)
(23, 5, 2)
(23, 7, 3)
(23, 8, 1)
(23, 9, 2)
(23, 11, 2)
(23, 19, 1)
(24, 2, 3)
(24, 3, 6)
(24, 5, 2)
(24, 6, 1)
(24, 7, 1)
(24, 8, 1)
(24, 16, 1)
(25, 1, 1)
(25, 2, 2)
(25, 3, 2)
(25, 4, 1)
(25, 5, 3)
(25, 6, 2)
(25, 7, 3)
(25, 15, 1)
(26, 1, 4)
(26, 3, 4)
(26, 4, 1)
(26, 5, 3)
(26, 7, 3)
(26, 8, 1)
(26, 10, 1)
(26, 18, 1)
(26, 23, 1)
(27, 1, 8)
(27, 2, 5)
(27, 3, 9)
(27, 4, 1)
(27, 5, 1)
(27, 6, 1)
(27, 7, 2)
(27, 8, 1)
(27, 10, 1)
(27, 11, 3)
(27, 12, 1)
(27, 18, 1)
(28, 1, 9)
(28, 2, 2)
(28, 3, 9)
(28, 4, 10)
(28, 5, 4)
(28, 6, 1)
(28, 8, 1)
(28, 10, 1)
(28, 11, 1)
(28, 12, 1)
(29, 0, 1)
(29, 1, 4)
(29, 2, 3)
(29, 3, 10)
(29, 4, 5)
(29, 5, 3)
(29, 9, 1)
(29, 10, 1)
(29, 11, 2)
(30, 1, 7)
(30, 2, 8)
(30, 3, 11)
(30, 4, 6)
(30, 5, 4)
(30, 8, 1)
(30, 10, 3)
(30, 11, 1)
(30, 14, 1)
(31, 1, 15)
(31, 2, 7)
(31, 3, 6)
(31, 4, 4)
(31, 5, 3)
(31, 6, 1)
(31, 8, 2)
(32, 2, 4)
(32, 3, 11)
(32, 4, 1)
(32, 5, 1)
(32, 7, 1)
(32, 8, 1)
(32, 10, 1)
(32, 11, 2)
(33, 1, 2)
(33, 3, 3)
(34, 1, 3)
(34, 3, 3)
(34, 5, 2)
(34, 6, 1)
(34, 7, 1)
(34, 8, 1)
(35, 1, 3)
(35, 2, 1)
(35, 3, 5)
(35, 4, 4)
(35, 5, 1)
(35, 8, 1)
(35, 10, 1)
(36, 1, 2)
(36, 2, 2)
(36, 3, 10)
(36, 4, 1)
(36, 8, 1)
(36, 11, 2)
(37, 1, 1)
(37, 3, 8)
(37, 4, 1)
(37, 5, 1)
(37, 6, 1)
(37, 7, 1)
(38, 1, 2)
(38, 2, 1)
(38, 3, 5)
(38, 4, 3)
(38, 7, 1)
(38, 8, 1)
(39, 1, 1)
(39, 3, 3)
(39, 4, 1)
(39, 5, 1)
xi_2:
(3, 4, 1)
(9, 5, 1)
(11, 9, 1)
(12, 9, 1)
(15, 10, 1)
(16, 7, 1)
(16, 10, 1)
(17, 4, 1)
(17, 8, 1)
(17, 16, 2)
(18, 4, 2)
(18, 6, 1)
(18, 7, 2)
(19, 3, 2)
(19, 5, 1)
(20, 36, 1)
(22, 7, 1)
(22, 14, 1)
(23, 11, 1)
(23, 22, 1)
(24, 3, 1)
(24, 7, 1)
(24, 13, 1)
(24, 19, 1)
(25, 16, 1)
(26, 7, 1)
(26, 11, 1)
(27, 3, 1)
(27, 4, 1)
(27, 7, 1)
(27, 15, 1)
(27, 18, 1)
(27, 21, 1)
(28, 5, 1)
(28, 7, 1)
(28, 11, 1)
(28, 18, 1)
(28, 23, 1)
(29, 1, 1)
(29, 4, 3)
(29, 5, 1)
(29, 6, 1)
(29, 11, 1)
(29, 12, 1)
(29, 22, 1)
(30, 4, 2)
(30, 5, 2)
(30, 7, 1)
(30, 9, 1)
(30, 11, 2)
(30, 12, 1)
(31, 4, 1)
(31, 10, 3)
(32, 8, 1)
(35, 5, 2)
(35, 6, 1)
(36, 4, 2)
(36, 5, 1)
(37, 8, 1)
(37, 11, 1)
(38, 7, 1)
