x-grades
-970650728327747459/400000000000000000
-475834320610187459/200000000000000000
-932686554113002377/400000000000000000
-228426116751407459/100000000000000000
-178944475979651459/80000000000000000
-437870146395442377/200000000000000000
-856758205683512213/400000000000000000
-104722014822017459/50000000000000000
-818794031468767131/400000000000000000
-79981194436139459/40000000000000000
-780829857254022049/400000000000000000
-190461942536662377/100000000000000000
-742865683039276967/400000000000000000
-361941797965952213/200000000000000000
-140980301764906377/80000000000000000
-42869963857322459/25000000000000000
-666937334609786803/400000000000000000
-323977623751207131/200000000000000000
-628973160395041721/400000000000000000
-30499553664383459/20000000000000000
-591008986180296639/400000000000000000
-286013449536462049/200000000000000000
-553044811965551557/400000000000000000
-66757840607272377/50000000000000000
-20603225510032259/16000000000000000
-248049275321716967/200000000000000000
-477116463536061393/400000000000000000
-114533594107172213/100000000000000000
-439152289321316311/400000000000000000
-42017020221394377/40000000000000000
-401188115106571229/400000000000000000
-11943938374974959/12500000000000000
-363223940891826147/400000000000000000
-172120926892226803/200000000000000000
-65051953335416213/80000000000000000
-76569419892427131/100000000000000000
-287295592462335983/400000000000000000
-134156752677481721/200000000000000000
-249331418247590901/400000000000000000
-5758733278505459/10000000000000000

y-grades
1/4
1/2
3/4
1
5/4
3/2
7/4
2
9/4
5/2
11/4
3
13/4
7/2
15/4
4
17/4
9/2
19/4
5
21/4
11/2
23/4
6
25/4
13/2
27/4
7
29/4
15/2
31/4
8
33/4
17/2
35/4
9
37/4
19/2
39/4
10

Dimensions > 0:
(0, 0, 2)
(0, 1, 2)
(0, 2, 2)
(0, 3, 1)
(0, 4, 1)
(0, 5, 1)
(0, 6, 1)
(0, 7, 1)
(0, 8, 1)
(0, 9, 1)
(0, 10, 1)
(0, 11, 1)
(0, 12, 1)
(0, 13, 1)
(0, 14, 1)
(0, 15, 1)
(0, 16, 1)
(0, 17, 1)
(0, 18, 1)
(0, 19, 1)
(0, 20, 1)
(0, 21, 1)
(0, 22, 1)
(0, 23, 1)
(0, 24, 1)
(0, 25, 1)
(0, 26, 1)
(0, 27, 1)
(0, 28, 1)
(0, 29, 1)
(0, 30, 1)
(0, 31, 1)
(0, 32, 1)
(0, 33, 1)
(0, 34, 1)
(0, 35, 1)
(0, 36, 1)
(0, 37, 1)
(0, 38, 1)
(0, 39, 1)

(1, 0, 2)
(1, 1, 2)
(1, 2, 2)
(1, 3, 1)
(1, 4, 1)
(1, 5, 1)
(1, 6, 1)
(1, 7, 1)
(1, 8, 1)
(1, 9, 1)
(1, 10, 1)
(1, 11, 1)
(1, 12, 1)
(1, 13, 1)
(1, 14, 1)
(1, 15, 1)
(1, 16, 1)
(1, 17, 1)
(1, 18, 1)
(1, 19, 1)
(1, 20, 1)
(1, 21, 1)
(1, 22, 1)
(1, 23, 1)
(1, 24, 1)
(1, 25, 1)
(1, 26, 1)
(1, 27, 1)
(1, 28, 1)
(1, 29, 1)
(1, 30, 1)
(1, 31, 1)
(1, 32, 1)
(1, 33, 1)
(1, 34, 1)
(1, 35, 1)
(1, 36, 1)
(1, 37, 1)
(1, 38, 1)
(1, 39, 1)

(2, 0, 7)
(2, 1, 7)
(2, 2, 7)
(2, 3, 5)
(2, 4, 4)
(2, 5, 4)
(2, 6, 4)
(2, 7, 4)
(2, 8, 3)
(2, 9, 3)
(2, 10, 3)
(2, 11, 3)
(2, 12, 3)
(2, 13, 3)
(2, 14, 3)
(2, 15, 3)
(2, 16, 3)
(2, 17, 3)
(2, 18, 2)
(2, 19, 2)
(2, 20, 2)
(2, 21, 2)
(2, 22, 2)
(2, 23, 2)
(2, 24, 2)
(2, 25, 2)
(2, 26, 2)
(2, 27, 2)
(2, 28, 2)
(2, 29, 2)
(2, 30, 2)
(2, 31, 2)
(2, 32, 2)
(2, 33, 2)
(2, 34, 2)
(2, 35, 2)
(2, 36, 1)
(2, 37, 1)
(2, 38, 1)
(2, 39, 1)

(3, 0, 24)
(3, 1, 24)
(3, 2, 22)
(3, 3, 17)
(3, 4, 11)
(3, 5, 9)
(3, 6, 9)
(3, 7, 7)
(3, 8, 5)
(3, 9, 5)
(3, 10, 5)
(3, 11, 4)
(3, 12, 4)
(3, 13, 4)
(3, 14, 4)
(3, 15, 4)
(3, 16, 4)
(3, 17, 4)
(3, 18, 3)
(3, 19, 3)
(3, 20, 3)
(3, 21, 3)
(3, 22, 3)
(3, 23, 3)
(3, 24, 3)
(3, 25, 3)
(3, 26, 3)
(3, 27, 3)
(3, 28, 3)
(3, 29, 2)
(3, 30, 2)
(3, 31, 1)
(3, 32, 1)
(3, 33, 1)
(3, 34, 1)
(3, 35, 1)
(3, 36, 1)
(3, 37, 1)
(3, 38, 1)
(3, 39, 1)

(4, 0, 36)
(4, 1, 35)
(4, 2, 33)
(4, 3, 25)
(4, 4, 18)
(4, 5, 13)
(4, 6, 11)
(4, 7, 9)
(4, 8, 6)
(4, 9, 6)
(4, 10, 6)
(4, 11, 5)
(4, 12, 5)
(4, 13, 5)
(4, 14, 5)
(4, 15, 5)
(4, 16, 5)
(4, 17, 5)
(4, 18, 4)
(4, 19, 4)
(4, 20, 4)
(4, 21, 4)
(4, 22, 4)
(4, 23, 4)
(4, 24, 4)
(4, 25, 4)
(4, 26, 4)
(4, 27, 4)
(4, 28, 4)
(4, 29, 3)
(4, 30, 3)
(4, 31, 2)
(4, 32, 2)
(4, 33, 2)
(4, 34, 2)
(4, 35, 2)
(4, 36, 2)
(4, 37, 2)
(4, 38, 2)
(4, 39, 2)

(5, 0, 43)
(5, 1, 42)
(5, 2, 40)
(5, 3, 31)
(5, 4, 22)
(5, 5, 15)
(5, 6, 13)
(5, 7, 10)
(5, 8, 7)
(5, 9, 7)
(5, 10, 7)
(5, 11, 6)
(5, 12, 6)
(5, 13, 6)
(5, 14, 6)
(5, 15, 6)
(5, 16, 6)
(5, 17, 6)
(5, 18, 5)
(5, 19, 5)
(5, 20, 5)
(5, 21, 5)
(5, 22, 5)
(5, 23, 5)
(5, 24, 5)
(5, 25, 5)
(5, 26, 5)
(5, 27, 5)
(5, 28, 5)
(5, 29, 4)
(5, 30, 4)
(5, 31, 3)
(5, 32, 3)
(5, 33, 3)
(5, 34, 3)
(5, 35, 3)
(5, 36, 3)
(5, 37, 2)
(5, 38, 2)
(5, 39, 2)

(6, 0, 51)
(6, 1, 50)
(6, 2, 48)
(6, 3, 37)
(6, 4, 26)
(6, 5, 19)
(6, 6, 17)
(6, 7, 14)
(6, 8, 9)
(6, 9, 9)
(6, 10, 9)
(6, 11, 8)
(6, 12, 8)
(6, 13, 8)
(6, 14, 8)
(6, 15, 8)
(6, 16, 8)
(6, 17, 7)
(6, 18, 6)
(6, 19, 6)
(6, 20, 6)
(6, 21, 6)
(6, 22, 6)
(6, 23, 6)
(6, 24, 6)
(6, 25, 6)
(6, 26, 6)
(6, 27, 6)
(6, 28, 6)
(6, 29, 4)
(6, 30, 4)
(6, 31, 2)
(6, 32, 2)
(6, 33, 2)
(6, 34, 2)
(6, 35, 2)
(6, 36, 2)
(6, 37, 2)
(6, 38, 2)
(6, 39, 2)

(7, 0, 66)
(7, 1, 65)
(7, 2, 61)
(7, 3, 48)
(7, 4, 33)
(7, 5, 23)
(7, 6, 21)
(7, 7, 16)
(7, 8, 10)
(7, 9, 10)
(7, 10, 10)
(7, 11, 8)
(7, 12, 8)
(7, 13, 8)
(7, 14, 8)
(7, 15, 8)
(7, 16, 8)
(7, 17, 7)
(7, 18, 6)
(7, 19, 6)
(7, 20, 6)
(7, 21, 6)
(7, 22, 6)
(7, 23, 6)
(7, 24, 6)
(7, 25, 6)
(7, 26, 6)
(7, 27, 6)
(7, 28, 6)
(7, 29, 4)
(7, 30, 4)
(7, 31, 2)
(7, 32, 2)
(7, 33, 2)
(7, 34, 2)
(7, 35, 2)
(7, 36, 2)
(7, 37, 2)
(7, 38, 2)
(7, 39, 2)

(8, 0, 77)
(8, 1, 75)
(8, 2, 71)
(8, 3, 56)
(8, 4, 39)
(8, 5, 26)
(8, 6, 22)
(8, 7, 16)
(8, 8, 10)
(8, 9, 10)
(8, 10, 10)
(8, 11, 8)
(8, 12, 8)
(8, 13, 8)
(8, 14, 8)
(8, 15, 8)
(8, 16, 8)
(8, 17, 7)
(8, 18, 6)
(8, 19, 6)
(8, 20, 6)
(8, 21, 6)
(8, 22, 6)
(8, 23, 6)
(8, 24, 6)
(8, 25, 6)
(8, 26, 6)
(8, 27, 6)
(8, 28, 6)
(8, 29, 4)
(8, 30, 4)
(8, 31, 2)
(8, 32, 2)
(8, 33, 2)
(8, 34, 2)
(8, 35, 2)
(8, 36, 2)
(8, 37, 2)
(8, 38, 2)
(8, 39, 2)

(9, 0, 80)
(9, 1, 78)
(9, 2, 74)
(9, 3, 58)
(9, 4, 40)
(9, 5, 26)
(9, 6, 22)
(9, 7, 16)
(9, 8, 10)
(9, 9, 10)
(9, 10, 10)
(9, 11, 8)
(9, 12, 8)
(9, 13, 8)
(9, 14, 8)
(9, 15, 8)
(9, 16, 8)
(9, 17, 7)
(9, 18, 6)
(9, 19, 6)
(9, 20, 6)
(9, 21, 6)
(9, 22, 6)
(9, 23, 6)
(9, 24, 6)
(9, 25, 6)
(9, 26, 6)
(9, 27, 6)
(9, 28, 6)
(9, 29, 4)
(9, 30, 4)
(9, 31, 2)
(9, 32, 2)
(9, 33, 2)
(9, 34, 2)
(9, 35, 2)
(9, 36, 2)
(9, 37, 2)
(9, 38, 2)
(9, 39, 2)

(10, 0, 80)
(10, 1, 78)
(10, 2, 74)
(10, 3, 58)
(10, 4, 40)
(10, 5, 26)
(10, 6, 22)
(10, 7, 16)
(10, 8, 10)
(10, 9, 10)
(10, 10, 10)
(10, 11, 8)
(10, 12, 8)
(10, 13, 8)
(10, 14, 8)
(10, 15, 8)
(10, 16, 8)
(10, 17, 7)
(10, 18, 6)
(10, 19, 6)
(10, 20, 6)
(10, 21, 6)
(10, 22, 6)
(10, 23, 6)
(10, 24, 6)
(10, 25, 6)
(10, 26, 6)
(10, 27, 6)
(10, 28, 6)
(10, 29, 4)
(10, 30, 4)
(10, 31, 2)
(10, 32, 2)
(10, 33, 2)
(10, 34, 2)
(10, 35, 2)
(10, 36, 2)
(10, 37, 2)
(10, 38, 2)
(10, 39, 2)

(11, 0, 80)
(11, 1, 78)
(11, 2, 74)
(11, 3, 58)
(11, 4, 40)
(11, 5, 26)
(11, 6, 22)
(11, 7, 16)
(11, 8, 10)
(11, 9, 10)
(11, 10, 10)
(11, 11, 8)
(11, 12, 8)
(11, 13, 8)
(11, 14, 8)
(11, 15, 8)
(11, 16, 8)
(11, 17, 7)
(11, 18, 6)
(11, 19, 6)
(11, 20, 6)
(11, 21, 6)
(11, 22, 6)
(11, 23, 6)
(11, 24, 6)
(11, 25, 6)
(11, 26, 6)
(11, 27, 6)
(11, 28, 6)
(11, 29, 4)
(11, 30, 4)
(11, 31, 2)
(11, 32, 2)
(11, 33, 2)
(11, 34, 2)
(11, 35, 2)
(11, 36, 2)
(11, 37, 2)
(11, 38, 2)
(11, 39, 2)

(12, 0, 80)
(12, 1, 78)
(12, 2, 74)
(12, 3, 58)
(12, 4, 40)
(12, 5, 26)
(12, 6, 22)
(12, 7, 16)
(12, 8, 10)
(12, 9, 10)
(12, 10, 10)
(12, 11, 8)
(12, 12, 8)
(12, 13, 8)
(12, 14, 8)
(12, 15, 8)
(12, 16, 8)
(12, 17, 7)
(12, 18, 6)
(12, 19, 6)
(12, 20, 6)
(12, 21, 6)
(12, 22, 6)
(12, 23, 6)
(12, 24, 6)
(12, 25, 6)
(12, 26, 6)
(12, 27, 6)
(12, 28, 6)
(12, 29, 4)
(12, 30, 4)
(12, 31, 2)
(12, 32, 2)
(12, 33, 2)
(12, 34, 2)
(12, 35, 2)
(12, 36, 2)
(12, 37, 2)
(12, 38, 2)
(12, 39, 2)

(13, 0, 80)
(13, 1, 78)
(13, 2, 74)
(13, 3, 58)
(13, 4, 40)
(13, 5, 26)
(13, 6, 22)
(13, 7, 16)
(13, 8, 10)
(13, 9, 10)
(13, 10, 10)
(13, 11, 8)
(13, 12, 8)
(13, 13, 8)
(13, 14, 8)
(13, 15, 8)
(13, 16, 8)
(13, 17, 7)
(13, 18, 6)
(13, 19, 6)
(13, 20, 6)
(13, 21, 6)
(13, 22, 6)
(13, 23, 6)
(13, 24, 6)
(13, 25, 6)
(13, 26, 6)
(13, 27, 6)
(13, 28, 6)
(13, 29, 4)
(13, 30, 4)
(13, 31, 2)
(13, 32, 2)
(13, 33, 2)
(13, 34, 2)
(13, 35, 2)
(13, 36, 2)
(13, 37, 2)
(13, 38, 2)
(13, 39, 2)

(14, 0, 80)
(14, 1, 78)
(14, 2, 74)
(14, 3, 58)
(14, 4, 40)
(14, 5, 26)
(14, 6, 22)
(14, 7, 16)
(14, 8, 10)
(14, 9, 10)
(14, 10, 10)
(14, 11, 8)
(14, 12, 8)
(14, 13, 8)
(14, 14, 8)
(14, 15, 8)
(14, 16, 8)
(14, 17, 7)
(14, 18, 6)
(14, 19, 6)
(14, 20, 6)
(14, 21, 6)
(14, 22, 6)
(14, 23, 6)
(14, 24, 6)
(14, 25, 6)
(14, 26, 6)
(14, 27, 6)
(14, 28, 6)
(14, 29, 4)
(14, 30, 4)
(14, 31, 2)
(14, 32, 2)
(14, 33, 2)
(14, 34, 2)
(14, 35, 2)
(14, 36, 2)
(14, 37, 2)
(14, 38, 2)
(14, 39, 2)

(15, 0, 80)
(15, 1, 78)
(15, 2, 74)
(15, 3, 58)
(15, 4, 40)
(15, 5, 26)
(15, 6, 22)
(15, 7, 16)
(15, 8, 10)
(15, 9, 10)
(15, 10, 10)
(15, 11, 8)
(15, 12, 8)
(15, 13, 8)
(15, 14, 8)
(15, 15, 8)
(15, 16, 8)
(15, 17, 7)
(15, 18, 6)
(15, 19, 6)
(15, 20, 6)
(15, 21, 6)
(15, 22, 6)
(15, 23, 6)
(15, 24, 6)
(15, 25, 6)
(15, 26, 6)
(15, 27, 6)
(15, 28, 6)
(15, 29, 4)
(15, 30, 4)
(15, 31, 2)
(15, 32, 2)
(15, 33, 2)
(15, 34, 2)
(15, 35, 2)
(15, 36, 2)
(15, 37, 2)
(15, 38, 2)
(15, 39, 2)

(16, 0, 80)
(16, 1, 78)
(16, 2, 74)
(16, 3, 58)
(16, 4, 40)
(16, 5, 26)
(16, 6, 22)
(16, 7, 16)
(16, 8, 10)
(16, 9, 10)
(16, 10, 10)
(16, 11, 8)
(16, 12, 8)
(16, 13, 8)
(16, 14, 8)
(16, 15, 8)
(16, 16, 8)
(16, 17, 7)
(16, 18, 6)
(16, 19, 6)
(16, 20, 6)
(16, 21, 6)
(16, 22, 6)
(16, 23, 6)
(16, 24, 6)
(16, 25, 6)
(16, 26, 6)
(16, 27, 6)
(16, 28, 6)
(16, 29, 4)
(16, 30, 4)
(16, 31, 2)
(16, 32, 2)
(16, 33, 2)
(16, 34, 2)
(16, 35, 2)
(16, 36, 2)
(16, 37, 2)
(16, 38, 2)
(16, 39, 2)

(17, 0, 80)
(17, 1, 78)
(17, 2, 74)
(17, 3, 58)
(17, 4, 40)
(17, 5, 26)
(17, 6, 22)
(17, 7, 16)
(17, 8, 10)
(17, 9, 10)
(17, 10, 10)
(17, 11, 8)
(17, 12, 8)
(17, 13, 8)
(17, 14, 8)
(17, 15, 8)
(17, 16, 8)
(17, 17, 7)
(17, 18, 6)
(17, 19, 6)
(17, 20, 6)
(17, 21, 6)
(17, 22, 6)
(17, 23, 6)
(17, 24, 6)
(17, 25, 6)
(17, 26, 6)
(17, 27, 6)
(17, 28, 6)
(17, 29, 4)
(17, 30, 4)
(17, 31, 2)
(17, 32, 2)
(17, 33, 2)
(17, 34, 2)
(17, 35, 2)
(17, 36, 2)
(17, 37, 2)
(17, 38, 2)
(17, 39, 2)

(18, 0, 80)
(18, 1, 78)
(18, 2, 74)
(18, 3, 58)
(18, 4, 40)
(18, 5, 26)
(18, 6, 22)
(18, 7, 16)
(18, 8, 10)
(18, 9, 10)
(18, 10, 10)
(18, 11, 8)
(18, 12, 8)
(18, 13, 8)
(18, 14, 8)
(18, 15, 8)
(18, 16, 8)
(18, 17, 7)
(18, 18, 6)
(18, 19, 6)
(18, 20, 6)
(18, 21, 6)
(18, 22, 6)
(18, 23, 6)
(18, 24, 6)
(18, 25, 6)
(18, 26, 6)
(18, 27, 6)
(18, 28, 6)
(18, 29, 4)
(18, 30, 4)
(18, 31, 2)
(18, 32, 2)
(18, 33, 2)
(18, 34, 2)
(18, 35, 2)
(18, 36, 2)
(18, 37, 2)
(18, 38, 2)
(18, 39, 2)

(19, 0, 80)
(19, 1, 78)
(19, 2, 74)
(19, 3, 58)
(19, 4, 40)
(19, 5, 26)
(19, 6, 22)
(19, 7, 16)
(19, 8, 10)
(19, 9, 10)
(19, 10, 10)
(19, 11, 8)
(19, 12, 8)
(19, 13, 8)
(19, 14, 8)
(19, 15, 8)
(19, 16, 8)
(19, 17, 7)
(19, 18, 6)
(19, 19, 6)
(19, 20, 6)
(19, 21, 6)
(19, 22, 6)
(19, 23, 6)
(19, 24, 6)
(19, 25, 6)
(19, 26, 6)
(19, 27, 6)
(19, 28, 6)
(19, 29, 4)
(19, 30, 4)
(19, 31, 2)
(19, 32, 2)
(19, 33, 2)
(19, 34, 2)
(19, 35, 2)
(19, 36, 2)
(19, 37, 2)
(19, 38, 2)
(19, 39, 2)

(20, 0, 80)
(20, 1, 78)
(20, 2, 74)
(20, 3, 58)
(20, 4, 40)
(20, 5, 26)
(20, 6, 22)
(20, 7, 16)
(20, 8, 10)
(20, 9, 10)
(20, 10, 10)
(20, 11, 8)
(20, 12, 8)
(20, 13, 8)
(20, 14, 8)
(20, 15, 8)
(20, 16, 8)
(20, 17, 7)
(20, 18, 6)
(20, 19, 6)
(20, 20, 6)
(20, 21, 6)
(20, 22, 6)
(20, 23, 6)
(20, 24, 6)
(20, 25, 6)
(20, 26, 6)
(20, 27, 6)
(20, 28, 6)
(20, 29, 4)
(20, 30, 4)
(20, 31, 2)
(20, 32, 2)
(20, 33, 2)
(20, 34, 2)
(20, 35, 2)
(20, 36, 2)
(20, 37, 2)
(20, 38, 2)
(20, 39, 2)

(21, 0, 80)
(21, 1, 78)
(21, 2, 74)
(21, 3, 58)
(21, 4, 40)
(21, 5, 26)
(21, 6, 22)
(21, 7, 16)
(21, 8, 10)
(21, 9, 10)
(21, 10, 10)
(21, 11, 8)
(21, 12, 8)
(21, 13, 8)
(21, 14, 8)
(21, 15, 8)
(21, 16, 8)
(21, 17, 7)
(21, 18, 6)
(21, 19, 6)
(21, 20, 6)
(21, 21, 6)
(21, 22, 6)
(21, 23, 6)
(21, 24, 6)
(21, 25, 6)
(21, 26, 6)
(21, 27, 6)
(21, 28, 6)
(21, 29, 4)
(21, 30, 4)
(21, 31, 2)
(21, 32, 2)
(21, 33, 2)
(21, 34, 2)
(21, 35, 2)
(21, 36, 2)
(21, 37, 2)
(21, 38, 2)
(21, 39, 2)

(22, 0, 80)
(22, 1, 78)
(22, 2, 74)
(22, 3, 58)
(22, 4, 40)
(22, 5, 26)
(22, 6, 22)
(22, 7, 16)
(22, 8, 10)
(22, 9, 10)
(22, 10, 10)
(22, 11, 8)
(22, 12, 8)
(22, 13, 8)
(22, 14, 8)
(22, 15, 8)
(22, 16, 8)
(22, 17, 7)
(22, 18, 6)
(22, 19, 6)
(22, 20, 6)
(22, 21, 6)
(22, 22, 6)
(22, 23, 6)
(22, 24, 6)
(22, 25, 6)
(22, 26, 6)
(22, 27, 6)
(22, 28, 6)
(22, 29, 4)
(22, 30, 4)
(22, 31, 2)
(22, 32, 2)
(22, 33, 2)
(22, 34, 2)
(22, 35, 2)
(22, 36, 2)
(22, 37, 2)
(22, 38, 2)
(22, 39, 2)

(23, 0, 80)
(23, 1, 78)
(23, 2, 74)
(23, 3, 58)
(23, 4, 40)
(23, 5, 26)
(23, 6, 22)
(23, 7, 16)
(23, 8, 10)
(23, 9, 10)
(23, 10, 10)
(23, 11, 8)
(23, 12, 8)
(23, 13, 8)
(23, 14, 8)
(23, 15, 8)
(23, 16, 8)
(23, 17, 7)
(23, 18, 6)
(23, 19, 6)
(23, 20, 6)
(23, 21, 6)
(23, 22, 6)
(23, 23, 6)
(23, 24, 6)
(23, 25, 6)
(23, 26, 6)
(23, 27, 6)
(23, 28, 6)
(23, 29, 4)
(23, 30, 4)
(23, 31, 2)
(23, 32, 2)
(23, 33, 2)
(23, 34, 2)
(23, 35, 2)
(23, 36, 2)
(23, 37, 2)
(23, 38, 2)
(23, 39, 2)

(24, 0, 82)
(24, 1, 80)
(24, 2, 76)
(24, 3, 59)
(24, 4, 41)
(24, 5, 27)
(24, 6, 23)
(24, 7, 17)
(24, 8, 11)
(24, 9, 11)
(24, 10, 11)
(24, 11, 9)
(24, 12, 9)
(24, 13, 9)
(24, 14, 9)
(24, 15, 9)
(24, 16, 9)
(24, 17, 8)
(24, 18, 7)
(24, 19, 7)
(24, 20, 7)
(24, 21, 7)
(24, 22, 7)
(24, 23, 7)
(24, 24, 7)
(24, 25, 7)
(24, 26, 7)
(24, 27, 7)
(24, 28, 7)
(24, 29, 5)
(24, 30, 5)
(24, 31, 3)
(24, 32, 3)
(24, 33, 3)
(24, 34, 3)
(24, 35, 3)
(24, 36, 3)
(24, 37, 3)
(24, 38, 3)
(24, 39, 3)

(25, 0, 90)
(25, 1, 88)
(25, 2, 84)
(25, 3, 66)
(25, 4, 47)
(25, 5, 33)
(25, 6, 29)
(25, 7, 23)
(25, 8, 16)
(25, 9, 16)
(25, 10, 16)
(25, 11, 13)
(25, 12, 13)
(25, 13, 13)
(25, 14, 12)
(25, 15, 11)
(25, 16, 11)
(25, 17, 10)
(25, 18, 9)
(25, 19, 9)
(25, 20, 9)
(25, 21, 9)
(25, 22, 9)
(25, 23, 9)
(25, 24, 9)
(25, 25, 9)
(25, 26, 9)
(25, 27, 9)
(25, 28, 9)
(25, 29, 7)
(25, 30, 7)
(25, 31, 5)
(25, 32, 5)
(25, 33, 5)
(25, 34, 4)
(25, 35, 4)
(25, 36, 4)
(25, 37, 4)
(25, 38, 4)
(25, 39, 4)

(26, 0, 97)
(26, 1, 95)
(26, 2, 91)
(26, 3, 72)
(26, 4, 51)
(26, 5, 37)
(26, 6, 33)
(26, 7, 27)
(26, 8, 19)
(26, 9, 19)
(26, 10, 19)
(26, 11, 14)
(26, 12, 14)
(26, 13, 14)
(26, 14, 13)
(26, 15, 12)
(26, 16, 12)
(26, 17, 11)
(26, 18, 10)
(26, 19, 10)
(26, 20, 10)
(26, 21, 10)
(26, 22, 10)
(26, 23, 10)
(26, 24, 10)
(26, 25, 10)
(26, 26, 10)
(26, 27, 10)
(26, 28, 10)
(26, 29, 8)
(26, 30, 8)
(26, 31, 6)
(26, 32, 6)
(26, 33, 6)
(26, 34, 5)
(26, 35, 5)
(26, 36, 5)
(26, 37, 5)
(26, 38, 5)
(26, 39, 5)

(27, 0, 108)
(27, 1, 106)
(27, 2, 102)
(27, 3, 82)
(27, 4, 58)
(27, 5, 42)
(27, 6, 38)
(27, 7, 32)
(27, 8, 24)
(27, 9, 24)
(27, 10, 23)
(27, 11, 17)
(27, 12, 17)
(27, 13, 16)
(27, 14, 15)
(27, 15, 13)
(27, 16, 13)
(27, 17, 12)
(27, 18, 11)
(27, 19, 11)
(27, 20, 11)
(27, 21, 11)
(27, 22, 11)
(27, 23, 11)
(27, 24, 11)
(27, 25, 11)
(27, 26, 11)
(27, 27, 11)
(27, 28, 11)
(27, 29, 8)
(27, 30, 8)
(27, 31, 5)
(27, 32, 5)
(27, 33, 5)
(27, 34, 5)
(27, 35, 5)
(27, 36, 5)
(27, 37, 5)
(27, 38, 5)
(27, 39, 5)

(28, 0, 117)
(28, 1, 115)
(28, 2, 111)
(28, 3, 89)
(28, 4, 63)
(28, 5, 46)
(28, 6, 41)
(28, 7, 33)
(28, 8, 23)
(28, 9, 23)
(28, 10, 23)
(28, 11, 17)
(28, 12, 17)
(28, 13, 16)
(28, 14, 15)
(28, 15, 13)
(28, 16, 13)
(28, 17, 12)
(28, 18, 11)
(28, 19, 11)
(28, 20, 11)
(28, 21, 11)
(28, 22, 11)
(28, 23, 11)
(28, 24, 11)
(28, 25, 11)
(28, 26, 11)
(28, 27, 11)
(28, 28, 11)
(28, 29, 8)
(28, 30, 8)
(28, 31, 5)
(28, 32, 5)
(28, 33, 5)
(28, 34, 5)
(28, 35, 5)
(28, 36, 5)
(28, 37, 5)
(28, 38, 5)
(28, 39, 5)

(29, 0, 128)
(29, 1, 126)
(29, 2, 122)
(29, 3, 99)
(29, 4, 70)
(29, 5, 51)
(29, 6, 45)
(29, 7, 36)
(29, 8, 25)
(29, 9, 25)
(29, 10, 24)
(29, 11, 18)
(29, 12, 18)
(29, 13, 17)
(29, 14, 16)
(29, 15, 14)
(29, 16, 14)
(29, 17, 13)
(29, 18, 12)
(29, 19, 12)
(29, 20, 11)
(29, 21, 11)
(29, 22, 11)
(29, 23, 11)
(29, 24, 11)
(29, 25, 11)
(29, 26, 11)
(29, 27, 11)
(29, 28, 11)
(29, 29, 7)
(29, 30, 7)
(29, 31, 4)
(29, 32, 4)
(29, 33, 4)
(29, 34, 4)
(29, 35, 4)
(29, 36, 4)
(29, 37, 4)
(29, 38, 4)
(29, 39, 4)

(30, 0, 138)
(30, 1, 135)
(30, 2, 129)
(30, 3, 102)
(30, 4, 71)
(30, 5, 51)
(30, 6, 46)
(30, 7, 37)
(30, 8, 26)
(30, 9, 26)
(30, 10, 25)
(30, 11, 19)
(30, 12, 19)
(30, 13, 18)
(30, 14, 17)
(30, 15, 15)
(30, 16, 15)
(30, 17, 14)
(30, 18, 13)
(30, 19, 13)
(30, 20, 12)
(30, 21, 12)
(30, 22, 12)
(30, 23, 12)
(30, 24, 12)
(30, 25, 12)
(30, 26, 12)
(30, 27, 12)
(30, 28, 12)
(30, 29, 8)
(30, 30, 8)
(30, 31, 5)
(30, 32, 5)
(30, 33, 5)
(30, 34, 5)
(30, 35, 5)
(30, 36, 5)
(30, 37, 4)
(30, 38, 4)
(30, 39, 4)

(31, 0, 154)
(31, 1, 147)
(31, 2, 141)
(31, 3, 112)
(31, 4, 80)
(31, 5, 58)
(31, 6, 53)
(31, 7, 43)
(31, 8, 31)
(31, 9, 31)
(31, 10, 30)
(31, 11, 23)
(31, 12, 23)
(31, 13, 22)
(31, 14, 19)
(31, 15, 17)
(31, 16, 17)
(31, 17, 16)
(31, 18, 15)
(31, 19, 15)
(31, 20, 14)
(31, 21, 14)
(31, 22, 14)
(31, 23, 14)
(31, 24, 14)
(31, 25, 14)
(31, 26, 13)
(31, 27, 13)
(31, 28, 13)
(31, 29, 9)
(31, 30, 9)
(31, 31, 6)
(31, 32, 6)
(31, 33, 6)
(31, 34, 6)
(31, 35, 6)
(31, 36, 6)
(31, 37, 6)
(31, 38, 6)
(31, 39, 6)

(32, 0, 166)
(32, 1, 159)
(32, 2, 151)
(32, 3, 120)
(32, 4, 88)
(32, 5, 66)
(32, 6, 60)
(32, 7, 50)
(32, 8, 36)
(32, 9, 36)
(32, 10, 35)
(32, 11, 28)
(32, 12, 28)
(32, 13, 25)
(32, 14, 22)
(32, 15, 20)
(32, 16, 19)
(32, 17, 18)
(32, 18, 16)
(32, 19, 15)
(32, 20, 14)
(32, 21, 14)
(32, 22, 14)
(32, 23, 14)
(32, 24, 14)
(32, 25, 14)
(32, 26, 14)
(32, 27, 14)
(32, 28, 14)
(32, 29, 10)
(32, 30, 10)
(32, 31, 7)
(32, 32, 7)
(32, 33, 7)
(32, 34, 6)
(32, 35, 6)
(32, 36, 6)
(32, 37, 5)
(32, 38, 5)
(32, 39, 5)

(33, 0, 174)
(33, 1, 167)
(33, 2, 159)
(33, 3, 127)
(33, 4, 93)
(33, 5, 71)
(33, 6, 65)
(33, 7, 55)
(33, 8, 40)
(33, 9, 40)
(33, 10, 39)
(33, 11, 31)
(33, 12, 31)
(33, 13, 27)
(33, 14, 22)
(33, 15, 20)
(33, 16, 19)
(33, 17, 18)
(33, 18, 16)
(33, 19, 15)
(33, 20, 14)
(33, 21, 14)
(33, 22, 14)
(33, 23, 14)
(33, 24, 14)
(33, 25, 14)
(33, 26, 14)
(33, 27, 14)
(33, 28, 14)
(33, 29, 10)
(33, 30, 10)
(33, 31, 7)
(33, 32, 7)
(33, 33, 7)
(33, 34, 5)
(33, 35, 5)
(33, 36, 5)
(33, 37, 5)
(33, 38, 5)
(33, 39, 5)

(34, 0, 185)
(34, 1, 178)
(34, 2, 170)
(34, 3, 136)
(34, 4, 101)
(34, 5, 79)
(34, 6, 73)
(34, 7, 63)
(34, 8, 47)
(34, 9, 47)
(34, 10, 46)
(34, 11, 37)
(34, 12, 37)
(34, 13, 33)
(34, 14, 28)
(34, 15, 24)
(34, 16, 23)
(34, 17, 22)
(34, 18, 20)
(34, 19, 18)
(34, 20, 17)
(34, 21, 17)
(34, 22, 17)
(34, 23, 17)
(34, 24, 16)
(34, 25, 16)
(34, 26, 15)
(34, 27, 15)
(34, 28, 15)
(34, 29, 11)
(34, 30, 11)
(34, 31, 7)
(34, 32, 7)
(34, 33, 7)
(34, 34, 6)
(34, 35, 6)
(34, 36, 6)
(34, 37, 6)
(34, 38, 6)
(34, 39, 6)

(35, 0, 207)
(35, 1, 195)
(35, 2, 186)
(35, 3, 151)
(35, 4, 113)
(35, 5, 90)
(35, 6, 83)
(35, 7, 70)
(35, 8, 54)
(35, 9, 54)
(35, 10, 52)
(35, 11, 41)
(35, 12, 38)
(35, 13, 34)
(35, 14, 28)
(35, 15, 24)
(35, 16, 23)
(35, 17, 22)
(35, 18, 20)
(35, 19, 19)
(35, 20, 17)
(35, 21, 17)
(35, 22, 17)
(35, 23, 17)
(35, 24, 16)
(35, 25, 16)
(35, 26, 15)
(35, 27, 15)
(35, 28, 15)
(35, 29, 11)
(35, 30, 11)
(35, 31, 7)
(35, 32, 7)
(35, 33, 7)
(35, 34, 6)
(35, 35, 6)
(35, 36, 6)
(35, 37, 6)
(35, 38, 6)
(35, 39, 6)

(36, 0, 228)
(36, 1, 213)
(36, 2, 201)
(36, 3, 164)
(36, 4, 125)
(36, 5, 101)
(36, 6, 94)
(36, 7, 80)
(36, 8, 63)
(36, 9, 63)
(36, 10, 59)
(36, 11, 48)
(36, 12, 45)
(36, 13, 40)
(36, 14, 33)
(36, 15, 29)
(36, 16, 26)
(36, 17, 25)
(36, 18, 22)
(36, 19, 21)
(36, 20, 19)
(36, 21, 19)
(36, 22, 18)
(36, 23, 18)
(36, 24, 18)
(36, 25, 18)
(36, 26, 17)
(36, 27, 17)
(36, 28, 17)
(36, 29, 12)
(36, 30, 12)
(36, 31, 8)
(36, 32, 8)
(36, 33, 8)
(36, 34, 6)
(36, 35, 6)
(36, 36, 6)
(36, 37, 6)
(36, 38, 6)
(36, 39, 6)

(37, 0, 263)
(37, 1, 245)
(37, 2, 229)
(37, 3, 186)
(37, 4, 143)
(37, 5, 116)
(37, 6, 108)
(37, 7, 93)
(37, 8, 72)
(37, 9, 72)
(37, 10, 67)
(37, 11, 54)
(37, 12, 48)
(37, 13, 41)
(37, 14, 33)
(37, 15, 29)
(37, 16, 27)
(37, 17, 26)
(37, 18, 23)
(37, 19, 21)
(37, 20, 19)
(37, 21, 19)
(37, 22, 18)
(37, 23, 18)
(37, 24, 18)
(37, 25, 18)
(37, 26, 17)
(37, 27, 17)
(37, 28, 17)
(37, 29, 11)
(37, 30, 10)
(37, 31, 6)
(37, 32, 6)
(37, 33, 6)
(37, 34, 4)
(37, 35, 4)
(37, 36, 4)
(37, 37, 4)
(37, 38, 4)
(37, 39, 4)

(38, 0, 272)
(38, 1, 253)
(38, 2, 237)
(38, 3, 191)
(38, 4, 146)
(38, 5, 116)
(38, 6, 109)
(38, 7, 94)
(38, 8, 73)
(38, 9, 73)
(38, 10, 68)
(38, 11, 55)
(38, 12, 49)
(38, 13, 42)
(38, 14, 34)
(38, 15, 30)
(38, 16, 28)
(38, 17, 27)
(38, 18, 24)
(38, 19, 22)
(38, 20, 20)
(38, 21, 20)
(38, 22, 19)
(38, 23, 19)
(38, 24, 18)
(38, 25, 18)
(38, 26, 16)
(38, 27, 16)
(38, 28, 16)
(38, 29, 10)
(38, 30, 9)
(38, 31, 5)
(38, 32, 5)
(38, 33, 5)
(38, 34, 4)
(38, 35, 4)
(38, 36, 4)
(38, 37, 4)
(38, 38, 4)
(38, 39, 4)

(39, 0, 284)
(39, 1, 264)
(39, 2, 246)
(39, 3, 200)
(39, 4, 154)
(39, 5, 124)
(39, 6, 116)
(39, 7, 100)
(39, 8, 78)
(39, 9, 78)
(39, 10, 72)
(39, 11, 59)
(39, 12, 53)
(39, 13, 46)
(39, 14, 37)
(39, 15, 33)
(39, 16, 30)
(39, 17, 28)
(39, 18, 25)
(39, 19, 22)
(39, 20, 19)
(39, 21, 19)
(39, 22, 17)
(39, 23, 17)
(39, 24, 17)
(39, 25, 17)
(39, 26, 15)
(39, 27, 15)
(39, 28, 15)
(39, 29, 9)
(39, 30, 9)
(39, 31, 5)
(39, 32, 5)
(39, 33, 5)
(39, 34, 3)
(39, 35, 3)
(39, 36, 3)
(39, 37, 3)
(39, 38, 3)
(39, 39, 3)


Betti numbers:
xi_0:
(0, 0, 2)
(2, 0, 5)
(3, 0, 17)
(4, 0, 12)
(5, 0, 7)
(6, 0, 8)
(7, 0, 15)
(8, 0, 11)
(9, 0, 3)
(24, 0, 2)
(25, 0, 8)
(26, 0, 7)
(27, 0, 11)
(28, 0, 9)
(29, 0, 11)
(30, 0, 10)
(31, 0, 16)
(32, 0, 12)
(33, 0, 8)
(34, 0, 11)
(35, 0, 22)
(36, 0, 21)
(37, 0, 35)
(38, 0, 9)
(39, 0, 12)
xi_1:
(0, 3, 1)
(2, 3, 1)
(2, 4, 1)
(2, 8, 1)
(2, 18, 1)
(2, 36, 1)
(3, 2, 2)
(3, 3, 3)
(3, 4, 5)
(3, 5, 2)
(3, 7, 2)
(3, 8, 1)
(3, 11, 1)
(3, 29, 1)
(3, 31, 1)
(4, 1, 1)
(4, 3, 3)
(4, 4, 1)
(4, 5, 3)
(4, 6, 2)
(4, 8, 1)
(5, 3, 1)
(5, 4, 2)
(5, 5, 2)
(5, 6, 1)
(5, 7, 1)
(5, 8, 1)
(5, 37, 1)
(6, 3, 2)
(6, 4, 2)
(6, 8, 2)
(6, 17, 1)
(6, 29, 1)
(6, 31, 1)
(7, 2, 2)
(7, 3, 2)
(7, 4, 4)
(7, 5, 3)
(7, 7, 2)
(7, 8, 2)
(7, 11, 1)
(8, 1, 1)
(8, 3, 2)
(8, 4, 2)
(8, 5, 3)
(8, 6, 2)
(8, 7, 1)
(8, 8, 1)
(9, 3, 1)
(9, 4, 1)
(9, 5, 1)
(9, 6, 1)
(24, 3, 1)
(25, 3, 1)
(25, 4, 1)
(25, 8, 1)
(25, 11, 1)
(25, 14, 1)
(25, 15, 1)
(25, 34, 1)
(26, 3, 1)
(26, 4, 2)
(26, 8, 1)
(26, 11, 2)
(26, 15, 1)
(27, 3, 1)
(27, 4, 3)
(27, 5, 2)
(27, 10, 1)
(27, 11, 1)
(27, 13, 1)
(27, 15, 1)
(27, 29, 1)
(27, 31, 1)
(28, 3, 2)
(28, 4, 2)
(28, 5, 1)
(28, 6, 1)
(28, 7, 2)
(28, 8, 2)
(29, 3, 1)
(29, 4, 3)
(29, 5, 2)
(29, 6, 1)
(29, 7, 1)
(29, 8, 1)
(29, 10, 1)
(29, 20, 1)
(29, 29, 1)
(30, 1, 1)
(30, 2, 2)
(30, 3, 4)
(30, 4, 2)
(30, 5, 1)
(30, 37, 1)
(31, 1, 4)
(31, 3, 2)
(31, 4, 1)
(31, 5, 2)
(31, 7, 1)
(31, 8, 1)
(31, 11, 1)
(31, 14, 2)
(31, 26, 1)
(32, 2, 2)
(32, 3, 2)
(32, 6, 1)
(32, 8, 2)
(32, 13, 2)
(32, 16, 1)
(32, 18, 1)
(32, 19, 1)
(32, 34, 1)
(32, 37, 1)
(33, 3, 1)
(33, 4, 2)
(33, 8, 1)
(33, 11, 1)
(33, 13, 1)
(33, 14, 2)
(33, 34, 1)
(34, 3, 2)
(34, 4, 1)
(34, 8, 1)
(34, 11, 1)
(34, 15, 2)
(34, 19, 1)
(34, 24, 1)
(34, 26, 1)
(34, 31, 1)
(35, 1, 5)
(35, 2, 1)
(35, 3, 1)
(35, 4, 3)
(35, 5, 1)
(35, 6, 1)
(35, 7, 3)
(35, 8, 1)
(35, 10, 1)
(35, 11, 2)
(35, 12, 3)
(35, 14, 1)
(35, 20, 1)
(36, 1, 3)
(36, 2, 3)
(36, 3, 2)
(36, 4, 1)
(36, 5, 1)
(36, 7, 1)
(36, 8, 1)
(36, 10, 2)
(36, 13, 1)
(36, 14, 1)
(36, 16, 2)
(36, 18, 1)
(36, 22, 1)
(36, 29, 1)
(36, 34, 1)
(37, 1, 3)
(37, 2, 4)
(37, 3, 6)
(37, 4, 4)
(37, 5, 3)
(37, 6, 1)
(37, 7, 1)
(37, 8, 4)
(37, 10, 1)
(37, 11, 2)
(37, 12, 3)
(37, 13, 2)
(37, 14, 2)
(37, 19, 1)
(37, 29, 1)
(37, 30, 1)
(38, 1, 1)
(38, 3, 3)
(38, 4, 2)
(38, 5, 3)
(38, 24, 1)
(38, 26, 1)
(38, 30, 1)
(39, 1, 1)
(39, 2, 2)
(39, 4, 1)
(39, 6, 1)
(39, 7, 1)
(39, 8, 2)
(39, 10, 1)
(39, 14, 1)
(39, 16, 1)
(39, 17, 1)
(39, 19, 1)
(39, 20, 1)
(39, 22, 1)
(39, 34, 1)
xi_2:
(3, 36, 1)
(5, 6, 1)
(5, 8, 1)
(6, 37, 1)
(7, 8, 1)
(8, 8, 1)
(9, 6, 1)
(26, 15, 1)
(27, 34, 1)
(28, 10, 1)
(30, 6, 1)
(31, 37, 1)
(32, 26, 1)
(33, 37, 1)
(34, 34, 1)
(35, 8, 1)
(35, 19, 1)
(36, 24, 1)
(37, 14, 1)
(37, 16, 1)
(38, 6, 1)
(38, 30, 1)
(38, 34, 1)
(39, 8, 1)
(39, 24, 1)
(39, 30, 1)
