x-grades
-248533657028457683/200000000000000000
-122324300483054683/100000000000000000
-240763544903761049/200000000000000000
-59219622210353183/50000000000000000
-46598686555812883/40000000000000000
-114554188358358049/100000000000000000
-225223320654367781/200000000000000000
-27667283074002433/25000000000000000
-217453208529671147/200000000000000000
-21356815246732283/20000000000000000
-209683096404974513/200000000000000000
-51449510085656549/50000000000000000
-201912984280277879/200000000000000000
-99013964108964781/100000000000000000
-38828574431116249/40000000000000000
-5945556752913529/6250000000000000
-186372760030884611/200000000000000000
-91243851984268147/100000000000000000
-178602647906187977/200000000000000000
-8735879592191983/10000000000000000
-170832535781491343/200000000000000000
-83473739859571513/100000000000000000
-163062423656794709/200000000000000000
-19897170949305799/25000000000000000
-6211692461283923/8000000000000000
-75703627734874879/100000000000000000
-147522199407401441/200000000000000000
-35909285836263281/50000000000000000
-139752087282704807/200000000000000000
-13586703122035649/20000000000000000
-131981975158008173/200000000000000000
-8006057443478741/12500000000000000
-124211863033311539/200000000000000000
-60163403485481611/100000000000000000
-23288350181722981/40000000000000000
-28139173711566647/50000000000000000
-108671638783918271/200000000000000000
-52393291360784977/100000000000000000
-100901526659221637/200000000000000000
-2425411764921833/5000000000000000

y-grades
9999949/40000000
9999949/20000000
29999847/40000000
9999949/10000000
9999949/8000000
29999847/20000000
69999643/40000000
9999949/5000000
89999541/40000000
9999949/4000000
109999439/40000000
29999847/10000000
129999337/40000000
69999643/20000000
29999847/8000000
9999949/2500000
169999133/40000000
89999541/20000000
189999031/40000000
9999949/2000000
209998929/40000000
109999439/20000000
229998827/40000000
29999847/5000000
9999949/1600000
129999337/20000000
269998623/40000000
69999643/10000000
289998521/40000000
29999847/4000000
309998419/40000000
9999949/1250000
329998317/40000000
169999133/20000000
69999643/8000000
89999541/10000000
369998113/40000000
189999031/20000000
389998011/40000000
9999949/1000000

Dimensions > 0:
(0, 0, 6)
(0, 1, 4)
(0, 2, 4)
(0, 3, 3)
(0, 4, 3)
(0, 5, 3)
(0, 6, 3)
(0, 7, 3)
(0, 8, 3)
(0, 9, 3)
(0, 10, 3)
(0, 11, 3)
(0, 12, 3)
(0, 13, 3)
(0, 14, 3)
(0, 15, 3)
(0, 16, 3)
(0, 17, 3)
(0, 18, 3)
(0, 19, 3)
(0, 20, 3)
(0, 21, 3)
(0, 22, 3)
(0, 23, 3)
(0, 24, 3)
(0, 25, 3)
(0, 26, 3)
(0, 27, 1)
(0, 28, 1)
(0, 29, 1)
(0, 30, 1)
(0, 31, 1)
(0, 32, 1)
(0, 33, 1)
(0, 34, 1)
(0, 35, 1)
(0, 36, 1)
(0, 37, 1)
(0, 38, 1)
(0, 39, 1)

(1, 0, 10)
(1, 1, 7)
(1, 2, 6)
(1, 3, 5)
(1, 4, 5)
(1, 5, 5)
(1, 6, 5)
(1, 7, 5)
(1, 8, 5)
(1, 9, 5)
(1, 10, 5)
(1, 11, 5)
(1, 12, 5)
(1, 13, 5)
(1, 14, 5)
(1, 15, 5)
(1, 16, 5)
(1, 17, 5)
(1, 18, 5)
(1, 19, 5)
(1, 20, 5)
(1, 21, 5)
(1, 22, 5)
(1, 23, 5)
(1, 24, 5)
(1, 25, 5)
(1, 26, 5)
(1, 27, 1)
(1, 28, 1)
(1, 29, 1)
(1, 30, 1)
(1, 31, 1)
(1, 32, 1)
(1, 33, 1)
(1, 34, 1)
(1, 35, 1)
(1, 36, 1)
(1, 37, 1)
(1, 38, 1)
(1, 39, 1)

(2, 0, 12)
(2, 1, 9)
(2, 2, 6)
(2, 3, 5)
(2, 4, 5)
(2, 5, 5)
(2, 6, 5)
(2, 7, 5)
(2, 8, 5)
(2, 9, 5)
(2, 10, 5)
(2, 11, 5)
(2, 12, 5)
(2, 13, 5)
(2, 14, 5)
(2, 15, 5)
(2, 16, 5)
(2, 17, 5)
(2, 18, 5)
(2, 19, 5)
(2, 20, 5)
(2, 21, 5)
(2, 22, 5)
(2, 23, 5)
(2, 24, 5)
(2, 25, 5)
(2, 26, 5)
(2, 27, 1)
(2, 28, 1)
(2, 29, 1)
(2, 30, 1)
(2, 31, 1)
(2, 32, 1)
(2, 33, 1)
(2, 34, 1)
(2, 35, 1)
(2, 36, 1)
(2, 37, 1)
(2, 38, 1)
(2, 39, 1)

(3, 0, 17)
(3, 1, 13)
(3, 2, 9)
(3, 3, 8)
(3, 4, 8)
(3, 5, 8)
(3, 6, 8)
(3, 7, 8)
(3, 8, 8)
(3, 9, 8)
(3, 10, 8)
(3, 11, 8)
(3, 12, 8)
(3, 13, 8)
(3, 14, 8)
(3, 15, 8)
(3, 16, 8)
(3, 17, 8)
(3, 18, 8)
(3, 19, 8)
(3, 20, 8)
(3, 21, 8)
(3, 22, 8)
(3, 23, 8)
(3, 24, 8)
(3, 25, 8)
(3, 26, 8)
(3, 27, 2)
(3, 28, 2)
(3, 29, 2)
(3, 30, 2)
(3, 31, 2)
(3, 32, 2)
(3, 33, 2)
(3, 34, 2)
(3, 35, 2)
(3, 36, 2)
(3, 37, 2)
(3, 38, 2)
(3, 39, 2)

(4, 0, 23)
(4, 1, 19)
(4, 2, 14)
(4, 3, 11)
(4, 4, 11)
(4, 5, 11)
(4, 6, 10)
(4, 7, 10)
(4, 8, 10)
(4, 9, 10)
(4, 10, 9)
(4, 11, 8)
(4, 12, 8)
(4, 13, 8)
(4, 14, 8)
(4, 15, 8)
(4, 16, 8)
(4, 17, 8)
(4, 18, 8)
(4, 19, 8)
(4, 20, 8)
(4, 21, 8)
(4, 22, 8)
(4, 23, 8)
(4, 24, 7)
(4, 25, 7)
(4, 26, 7)
(4, 27, 2)
(4, 28, 2)
(4, 29, 2)
(4, 30, 2)
(4, 31, 2)
(4, 32, 2)
(4, 33, 2)
(4, 34, 2)
(4, 35, 2)
(4, 36, 2)
(4, 37, 2)
(4, 38, 2)
(4, 39, 2)

(5, 0, 34)
(5, 1, 28)
(5, 2, 20)
(5, 3, 15)
(5, 4, 15)
(5, 5, 14)
(5, 6, 13)
(5, 7, 13)
(5, 8, 13)
(5, 9, 13)
(5, 10, 11)
(5, 11, 10)
(5, 12, 10)
(5, 13, 10)
(5, 14, 10)
(5, 15, 10)
(5, 16, 10)
(5, 17, 10)
(5, 18, 10)
(5, 19, 10)
(5, 20, 10)
(5, 21, 10)
(5, 22, 10)
(5, 23, 10)
(5, 24, 9)
(5, 25, 9)
(5, 26, 9)
(5, 27, 3)
(5, 28, 3)
(5, 29, 3)
(5, 30, 3)
(5, 31, 3)
(5, 32, 3)
(5, 33, 3)
(5, 34, 3)
(5, 35, 3)
(5, 36, 3)
(5, 37, 3)
(5, 38, 3)
(5, 39, 3)

(6, 0, 41)
(6, 1, 33)
(6, 2, 24)
(6, 3, 18)
(6, 4, 17)
(6, 5, 16)
(6, 6, 15)
(6, 7, 15)
(6, 8, 14)
(6, 9, 14)
(6, 10, 12)
(6, 11, 11)
(6, 12, 11)
(6, 13, 11)
(6, 14, 11)
(6, 15, 11)
(6, 16, 11)
(6, 17, 11)
(6, 18, 11)
(6, 19, 11)
(6, 20, 11)
(6, 21, 11)
(6, 22, 11)
(6, 23, 11)
(6, 24, 10)
(6, 25, 10)
(6, 26, 10)
(6, 27, 4)
(6, 28, 3)
(6, 29, 3)
(6, 30, 3)
(6, 31, 3)
(6, 32, 3)
(6, 33, 3)
(6, 34, 3)
(6, 35, 3)
(6, 36, 3)
(6, 37, 3)
(6, 38, 3)
(6, 39, 3)

(7, 0, 47)
(7, 1, 39)
(7, 2, 29)
(7, 3, 21)
(7, 4, 20)
(7, 5, 19)
(7, 6, 17)
(7, 7, 17)
(7, 8, 15)
(7, 9, 15)
(7, 10, 13)
(7, 11, 12)
(7, 12, 11)
(7, 13, 11)
(7, 14, 11)
(7, 15, 11)
(7, 16, 11)
(7, 17, 11)
(7, 18, 11)
(7, 19, 11)
(7, 20, 10)
(7, 21, 10)
(7, 22, 10)
(7, 23, 10)
(7, 24, 9)
(7, 25, 9)
(7, 26, 9)
(7, 27, 4)
(7, 28, 3)
(7, 29, 3)
(7, 30, 3)
(7, 31, 3)
(7, 32, 3)
(7, 33, 3)
(7, 34, 3)
(7, 35, 3)
(7, 36, 3)
(7, 37, 3)
(7, 38, 3)
(7, 39, 3)

(8, 0, 55)
(8, 1, 46)
(8, 2, 34)
(8, 3, 26)
(8, 4, 25)
(8, 5, 23)
(8, 6, 21)
(8, 7, 21)
(8, 8, 19)
(8, 9, 18)
(8, 10, 16)
(8, 11, 14)
(8, 12, 12)
(8, 13, 12)
(8, 14, 12)
(8, 15, 12)
(8, 16, 12)
(8, 17, 12)
(8, 18, 11)
(8, 19, 11)
(8, 20, 10)
(8, 21, 10)
(8, 22, 10)
(8, 23, 10)
(8, 24, 9)
(8, 25, 9)
(8, 26, 9)
(8, 27, 4)
(8, 28, 3)
(8, 29, 3)
(8, 30, 3)
(8, 31, 3)
(8, 32, 3)
(8, 33, 3)
(8, 34, 3)
(8, 35, 3)
(8, 36, 3)
(8, 37, 3)
(8, 38, 3)
(8, 39, 3)

(9, 0, 62)
(9, 1, 52)
(9, 2, 40)
(9, 3, 30)
(9, 4, 29)
(9, 5, 27)
(9, 6, 25)
(9, 7, 25)
(9, 8, 23)
(9, 9, 20)
(9, 10, 17)
(9, 11, 15)
(9, 12, 13)
(9, 13, 13)
(9, 14, 13)
(9, 15, 13)
(9, 16, 13)
(9, 17, 13)
(9, 18, 12)
(9, 19, 12)
(9, 20, 11)
(9, 21, 11)
(9, 22, 11)
(9, 23, 11)
(9, 24, 10)
(9, 25, 10)
(9, 26, 10)
(9, 27, 4)
(9, 28, 3)
(9, 29, 3)
(9, 30, 3)
(9, 31, 3)
(9, 32, 3)
(9, 33, 3)
(9, 34, 3)
(9, 35, 3)
(9, 36, 3)
(9, 37, 3)
(9, 38, 3)
(9, 39, 3)

(10, 0, 71)
(10, 1, 59)
(10, 2, 46)
(10, 3, 35)
(10, 4, 33)
(10, 5, 31)
(10, 6, 28)
(10, 7, 28)
(10, 8, 26)
(10, 9, 21)
(10, 10, 17)
(10, 11, 15)
(10, 12, 13)
(10, 13, 13)
(10, 14, 13)
(10, 15, 13)
(10, 16, 13)
(10, 17, 13)
(10, 18, 12)
(10, 19, 12)
(10, 20, 11)
(10, 21, 11)
(10, 22, 11)
(10, 23, 11)
(10, 24, 10)
(10, 25, 10)
(10, 26, 10)
(10, 27, 4)
(10, 28, 3)
(10, 29, 3)
(10, 30, 3)
(10, 31, 3)
(10, 32, 3)
(10, 33, 3)
(10, 34, 3)
(10, 35, 3)
(10, 36, 3)
(10, 37, 3)
(10, 38, 3)
(10, 39, 3)

(11, 0, 78)
(11, 1, 66)
(11, 2, 53)
(11, 3, 41)
(11, 4, 39)
(11, 5, 35)
(11, 6, 32)
(11, 7, 32)
(11, 8, 30)
(11, 9, 24)
(11, 10, 20)
(11, 11, 17)
(11, 12, 15)
(11, 13, 15)
(11, 14, 15)
(11, 15, 15)
(11, 16, 15)
(11, 17, 15)
(11, 18, 14)
(11, 19, 14)
(11, 20, 13)
(11, 21, 13)
(11, 22, 13)
(11, 23, 13)
(11, 24, 11)
(11, 25, 9)
(11, 26, 9)
(11, 27, 3)
(11, 28, 3)
(11, 29, 3)
(11, 30, 3)
(11, 31, 3)
(11, 32, 3)
(11, 33, 3)
(11, 34, 3)
(11, 35, 3)
(11, 36, 3)
(11, 37, 3)
(11, 38, 3)
(11, 39, 3)

(12, 0, 87)
(12, 1, 73)
(12, 2, 59)
(12, 3, 45)
(12, 4, 42)
(12, 5, 38)
(12, 6, 35)
(12, 7, 35)
(12, 8, 33)
(12, 9, 25)
(12, 10, 21)
(12, 11, 17)
(12, 12, 16)
(12, 13, 16)
(12, 14, 16)
(12, 15, 16)
(12, 16, 15)
(12, 17, 14)
(12, 18, 13)
(12, 19, 13)
(12, 20, 12)
(12, 21, 12)
(12, 22, 12)
(12, 23, 12)
(12, 24, 10)
(12, 25, 8)
(12, 26, 8)
(12, 27, 3)
(12, 28, 3)
(12, 29, 3)
(12, 30, 3)
(12, 31, 3)
(12, 32, 3)
(12, 33, 3)
(12, 34, 3)
(12, 35, 3)
(12, 36, 3)
(12, 37, 3)
(12, 38, 3)
(12, 39, 3)

(13, 0, 94)
(13, 1, 80)
(13, 2, 66)
(13, 3, 52)
(13, 4, 48)
(13, 5, 43)
(13, 6, 40)
(13, 7, 40)
(13, 8, 36)
(13, 9, 26)
(13, 10, 23)
(13, 11, 19)
(13, 12, 18)
(13, 13, 18)
(13, 14, 17)
(13, 15, 16)
(13, 16, 16)
(13, 17, 15)
(13, 18, 14)
(13, 19, 14)
(13, 20, 13)
(13, 21, 12)
(13, 22, 12)
(13, 23, 12)
(13, 24, 10)
(13, 25, 8)
(13, 26, 8)
(13, 27, 3)
(13, 28, 3)
(13, 29, 3)
(13, 30, 3)
(13, 31, 3)
(13, 32, 3)
(13, 33, 3)
(13, 34, 3)
(13, 35, 3)
(13, 36, 3)
(13, 37, 3)
(13, 38, 3)
(13, 39, 3)

(14, 0, 101)
(14, 1, 87)
(14, 2, 69)
(14, 3, 55)
(14, 4, 50)
(14, 5, 45)
(14, 6, 42)
(14, 7, 41)
(14, 8, 37)
(14, 9, 27)
(14, 10, 22)
(14, 11, 18)
(14, 12, 17)
(14, 13, 17)
(14, 14, 16)
(14, 15, 15)
(14, 16, 15)
(14, 17, 15)
(14, 18, 14)
(14, 19, 14)
(14, 20, 13)
(14, 21, 12)
(14, 22, 12)
(14, 23, 12)
(14, 24, 10)
(14, 25, 8)
(14, 26, 8)
(14, 27, 3)
(14, 28, 3)
(14, 29, 3)
(14, 30, 3)
(14, 31, 3)
(14, 32, 3)
(14, 33, 3)
(14, 34, 3)
(14, 35, 3)
(14, 36, 3)
(14, 37, 3)
(14, 38, 3)
(14, 39, 3)

(15, 0, 112)
(15, 1, 98)
(15, 2, 80)
(15, 3, 64)
(15, 4, 57)
(15, 5, 52)
(15, 6, 48)
(15, 7, 45)
(15, 8, 41)
(15, 9, 31)
(15, 10, 25)
(15, 11, 21)
(15, 12, 20)
(15, 13, 19)
(15, 14, 17)
(15, 15, 16)
(15, 16, 16)
(15, 17, 16)
(15, 18, 15)
(15, 19, 15)
(15, 20, 14)
(15, 21, 13)
(15, 22, 13)
(15, 23, 13)
(15, 24, 11)
(15, 25, 9)
(15, 26, 9)
(15, 27, 3)
(15, 28, 3)
(15, 29, 3)
(15, 30, 3)
(15, 31, 3)
(15, 32, 3)
(15, 33, 3)
(15, 34, 3)
(15, 35, 3)
(15, 36, 3)
(15, 37, 3)
(15, 38, 3)
(15, 39, 3)

(16, 0, 121)
(16, 1, 106)
(16, 2, 87)
(16, 3, 71)
(16, 4, 64)
(16, 5, 58)
(16, 6, 51)
(16, 7, 47)
(16, 8, 43)
(16, 9, 31)
(16, 10, 26)
(16, 11, 21)
(16, 12, 19)
(16, 13, 18)
(16, 14, 16)
(16, 15, 16)
(16, 16, 16)
(16, 17, 16)
(16, 18, 15)
(16, 19, 15)
(16, 20, 14)
(16, 21, 13)
(16, 22, 13)
(16, 23, 13)
(16, 24, 11)
(16, 25, 9)
(16, 26, 8)
(16, 27, 3)
(16, 28, 3)
(16, 29, 3)
(16, 30, 3)
(16, 31, 3)
(16, 32, 3)
(16, 33, 3)
(16, 34, 3)
(16, 35, 3)
(16, 36, 3)
(16, 37, 2)
(16, 38, 2)
(16, 39, 2)

(17, 0, 132)
(17, 1, 114)
(17, 2, 94)
(17, 3, 78)
(17, 4, 70)
(17, 5, 62)
(17, 6, 55)
(17, 7, 51)
(17, 8, 47)
(17, 9, 34)
(17, 10, 29)
(17, 11, 24)
(17, 12, 21)
(17, 13, 20)
(17, 14, 18)
(17, 15, 18)
(17, 16, 18)
(17, 17, 18)
(17, 18, 17)
(17, 19, 17)
(17, 20, 16)
(17, 21, 14)
(17, 22, 14)
(17, 23, 14)
(17, 24, 12)
(17, 25, 8)
(17, 26, 7)
(17, 27, 4)
(17, 28, 4)
(17, 29, 4)
(17, 30, 4)
(17, 31, 4)
(17, 32, 4)
(17, 33, 3)
(17, 34, 3)
(17, 35, 3)
(17, 36, 3)
(17, 37, 3)
(17, 38, 3)
(17, 39, 3)

(18, 0, 147)
(18, 1, 124)
(18, 2, 101)
(18, 3, 83)
(18, 4, 74)
(18, 5, 65)
(18, 6, 58)
(18, 7, 54)
(18, 8, 50)
(18, 9, 37)
(18, 10, 31)
(18, 11, 26)
(18, 12, 23)
(18, 13, 22)
(18, 14, 20)
(18, 15, 20)
(18, 16, 20)
(18, 17, 20)
(18, 18, 19)
(18, 19, 19)
(18, 20, 18)
(18, 21, 16)
(18, 22, 16)
(18, 23, 16)
(18, 24, 13)
(18, 25, 9)
(18, 26, 8)
(18, 27, 4)
(18, 28, 3)
(18, 29, 3)
(18, 30, 3)
(18, 31, 3)
(18, 32, 3)
(18, 33, 3)
(18, 34, 3)
(18, 35, 3)
(18, 36, 3)
(18, 37, 3)
(18, 38, 3)
(18, 39, 3)

(19, 0, 160)
(19, 1, 134)
(19, 2, 108)
(19, 3, 88)
(19, 4, 78)
(19, 5, 69)
(19, 6, 62)
(19, 7, 58)
(19, 8, 52)
(19, 9, 39)
(19, 10, 33)
(19, 11, 27)
(19, 12, 23)
(19, 13, 21)
(19, 14, 20)
(19, 15, 20)
(19, 16, 20)
(19, 17, 20)
(19, 18, 19)
(19, 19, 19)
(19, 20, 18)
(19, 21, 16)
(19, 22, 15)
(19, 23, 15)
(19, 24, 12)
(19, 25, 8)
(19, 26, 8)
(19, 27, 4)
(19, 28, 3)
(19, 29, 3)
(19, 30, 3)
(19, 31, 3)
(19, 32, 3)
(19, 33, 3)
(19, 34, 3)
(19, 35, 3)
(19, 36, 3)
(19, 37, 3)
(19, 38, 3)
(19, 39, 3)

(20, 0, 171)
(20, 1, 143)
(20, 2, 116)
(20, 3, 94)
(20, 4, 84)
(20, 5, 75)
(20, 6, 68)
(20, 7, 64)
(20, 8, 55)
(20, 9, 42)
(20, 10, 36)
(20, 11, 28)
(20, 12, 24)
(20, 13, 21)
(20, 14, 20)
(20, 15, 20)
(20, 16, 20)
(20, 17, 20)
(20, 18, 19)
(20, 19, 19)
(20, 20, 18)
(20, 21, 16)
(20, 22, 15)
(20, 23, 15)
(20, 24, 11)
(20, 25, 7)
(20, 26, 7)
(20, 27, 3)
(20, 28, 3)
(20, 29, 3)
(20, 30, 3)
(20, 31, 3)
(20, 32, 3)
(20, 33, 3)
(20, 34, 3)
(20, 35, 3)
(20, 36, 3)
(20, 37, 3)
(20, 38, 3)
(20, 39, 3)

(21, 0, 187)
(21, 1, 157)
(21, 2, 128)
(21, 3, 105)
(21, 4, 93)
(21, 5, 84)
(21, 6, 77)
(21, 7, 72)
(21, 8, 61)
(21, 9, 48)
(21, 10, 41)
(21, 11, 31)
(21, 12, 27)
(21, 13, 23)
(21, 14, 21)
(21, 15, 21)
(21, 16, 21)
(21, 17, 20)
(21, 18, 19)
(21, 19, 19)
(21, 20, 18)
(21, 21, 16)
(21, 22, 15)
(21, 23, 14)
(21, 24, 10)
(21, 25, 7)
(21, 26, 7)
(21, 27, 3)
(21, 28, 3)
(21, 29, 3)
(21, 30, 3)
(21, 31, 3)
(21, 32, 3)
(21, 33, 3)
(21, 34, 3)
(21, 35, 3)
(21, 36, 3)
(21, 37, 3)
(21, 38, 3)
(21, 39, 3)

(22, 0, 205)
(22, 1, 172)
(22, 2, 141)
(22, 3, 118)
(22, 4, 103)
(22, 5, 93)
(22, 6, 84)
(22, 7, 75)
(22, 8, 65)
(22, 9, 51)
(22, 10, 44)
(22, 11, 33)
(22, 12, 27)
(22, 13, 23)
(22, 14, 21)
(22, 15, 21)
(22, 16, 21)
(22, 17, 19)
(22, 18, 18)
(22, 19, 18)
(22, 20, 17)
(22, 21, 14)
(22, 22, 13)
(22, 23, 12)
(22, 24, 9)
(22, 25, 6)
(22, 26, 6)
(22, 27, 2)
(22, 28, 2)
(22, 29, 2)
(22, 30, 2)
(22, 31, 2)
(22, 32, 2)
(22, 33, 2)
(22, 34, 2)
(22, 35, 2)
(22, 36, 2)
(22, 37, 2)
(22, 38, 2)
(22, 39, 2)

(23, 0, 229)
(23, 1, 195)
(23, 2, 157)
(23, 3, 132)
(23, 4, 115)
(23, 5, 104)
(23, 6, 92)
(23, 7, 83)
(23, 8, 72)
(23, 9, 55)
(23, 10, 48)
(23, 11, 35)
(23, 12, 28)
(23, 13, 26)
(23, 14, 23)
(23, 15, 23)
(23, 16, 23)
(23, 17, 22)
(23, 18, 21)
(23, 19, 20)
(23, 20, 19)
(23, 21, 16)
(23, 22, 16)
(23, 23, 15)
(23, 24, 12)
(23, 25, 9)
(23, 26, 9)
(23, 27, 3)
(23, 28, 3)
(23, 29, 3)
(23, 30, 3)
(23, 31, 2)
(23, 32, 2)
(23, 33, 2)
(23, 34, 2)
(23, 35, 2)
(23, 36, 2)
(23, 37, 2)
(23, 38, 2)
(23, 39, 2)

(24, 0, 256)
(24, 1, 217)
(24, 2, 171)
(24, 3, 144)
(24, 4, 125)
(24, 5, 113)
(24, 6, 100)
(24, 7, 88)
(24, 8, 74)
(24, 9, 58)
(24, 10, 50)
(24, 11, 35)
(24, 12, 29)
(24, 13, 27)
(24, 14, 25)
(24, 15, 24)
(24, 16, 24)
(24, 17, 23)
(24, 18, 22)
(24, 19, 22)
(24, 20, 21)
(24, 21, 17)
(24, 22, 16)
(24, 23, 15)
(24, 24, 13)
(24, 25, 10)
(24, 26, 9)
(24, 27, 3)
(24, 28, 3)
(24, 29, 3)
(24, 30, 3)
(24, 31, 3)
(24, 32, 3)
(24, 33, 3)
(24, 34, 3)
(24, 35, 3)
(24, 36, 3)
(24, 37, 3)
(24, 38, 3)
(24, 39, 3)

(25, 0, 276)
(25, 1, 235)
(25, 2, 184)
(25, 3, 156)
(25, 4, 135)
(25, 5, 122)
(25, 6, 106)
(25, 7, 91)
(25, 8, 78)
(25, 9, 61)
(25, 10, 54)
(25, 11, 39)
(25, 12, 33)
(25, 13, 31)
(25, 14, 29)
(25, 15, 26)
(25, 16, 25)
(25, 17, 25)
(25, 18, 24)
(25, 19, 23)
(25, 20, 22)
(25, 21, 18)
(25, 22, 17)
(25, 23, 16)
(25, 24, 14)
(25, 25, 10)
(25, 26, 9)
(25, 27, 3)
(25, 28, 3)
(25, 29, 3)
(25, 30, 3)
(25, 31, 3)
(25, 32, 3)
(25, 33, 3)
(25, 34, 3)
(25, 35, 3)
(25, 36, 3)
(25, 37, 3)
(25, 38, 3)
(25, 39, 3)

(26, 0, 294)
(26, 1, 249)
(26, 2, 196)
(26, 3, 168)
(26, 4, 146)
(26, 5, 131)
(26, 6, 114)
(26, 7, 97)
(26, 8, 82)
(26, 9, 63)
(26, 10, 56)
(26, 11, 40)
(26, 12, 33)
(26, 13, 30)
(26, 14, 28)
(26, 15, 26)
(26, 16, 25)
(26, 17, 25)
(26, 18, 23)
(26, 19, 22)
(26, 20, 21)
(26, 21, 17)
(26, 22, 16)
(26, 23, 15)
(26, 24, 12)
(26, 25, 8)
(26, 26, 8)
(26, 27, 2)
(26, 28, 2)
(26, 29, 2)
(26, 30, 2)
(26, 31, 2)
(26, 32, 2)
(26, 33, 2)
(26, 34, 2)
(26, 35, 2)
(26, 36, 2)
(26, 37, 2)
(26, 38, 2)
(26, 39, 2)

(27, 0, 325)
(27, 1, 276)
(27, 2, 216)
(27, 3, 186)
(27, 4, 158)
(27, 5, 140)
(27, 6, 120)
(27, 7, 101)
(27, 8, 85)
(27, 9, 63)
(27, 10, 54)
(27, 11, 39)
(27, 12, 32)
(27, 13, 30)
(27, 14, 28)
(27, 15, 25)
(27, 16, 24)
(27, 17, 24)
(27, 18, 23)
(27, 19, 22)
(27, 20, 21)
(27, 21, 17)
(27, 22, 16)
(27, 23, 15)
(27, 24, 13)
(27, 25, 9)
(27, 26, 9)
(27, 27, 2)
(27, 28, 2)
(27, 29, 2)
(27, 30, 2)
(27, 31, 2)
(27, 32, 2)
(27, 33, 2)
(27, 34, 2)
(27, 35, 2)
(27, 36, 2)
(27, 37, 2)
(27, 38, 2)
(27, 39, 2)

(28, 0, 364)
(28, 1, 310)
(28, 2, 238)
(28, 3, 205)
(28, 4, 173)
(28, 5, 153)
(28, 6, 130)
(28, 7, 107)
(28, 8, 91)
(28, 9, 69)
(28, 10, 60)
(28, 11, 42)
(28, 12, 36)
(28, 13, 33)
(28, 14, 30)
(28, 15, 27)
(28, 16, 26)
(28, 17, 26)
(28, 18, 24)
(28, 19, 23)
(28, 20, 22)
(28, 21, 18)
(28, 22, 18)
(28, 23, 17)
(28, 24, 15)
(28, 25, 11)
(28, 26, 11)
(28, 27, 4)
(28, 28, 2)
(28, 29, 2)
(28, 30, 2)
(28, 31, 2)
(28, 32, 2)
(28, 33, 2)
(28, 34, 2)
(28, 35, 2)
(28, 36, 2)
(28, 37, 2)
(28, 38, 2)
(28, 39, 2)

(29, 0, 386)
(29, 1, 328)
(29, 2, 253)
(29, 3, 218)
(29, 4, 182)
(29, 5, 159)
(29, 6, 133)
(29, 7, 111)
(29, 8, 91)
(29, 9, 71)
(29, 10, 61)
(29, 11, 43)
(29, 12, 36)
(29, 13, 34)
(29, 14, 30)
(29, 15, 28)
(29, 16, 28)
(29, 17, 27)
(29, 18, 24)
(29, 19, 23)
(29, 20, 22)
(29, 21, 18)
(29, 22, 18)
(29, 23, 17)
(29, 24, 15)
(29, 25, 11)
(29, 26, 11)
(29, 27, 2)
(29, 28, 2)
(29, 29, 2)
(29, 30, 2)
(29, 31, 2)
(29, 32, 2)
(29, 33, 2)
(29, 34, 2)
(29, 35, 2)
(29, 36, 2)
(29, 37, 2)
(29, 38, 2)
(29, 39, 2)

(30, 0, 409)
(30, 1, 349)
(30, 2, 269)
(30, 3, 234)
(30, 4, 191)
(30, 5, 165)
(30, 6, 137)
(30, 7, 112)
(30, 8, 95)
(30, 9, 73)
(30, 10, 60)
(30, 11, 41)
(30, 12, 36)
(30, 13, 34)
(30, 14, 31)
(30, 15, 28)
(30, 16, 28)
(30, 17, 27)
(30, 18, 23)
(30, 19, 22)
(30, 20, 21)
(30, 21, 17)
(30, 22, 17)
(30, 23, 16)
(30, 24, 14)
(30, 25, 10)
(30, 26, 10)
(30, 27, 2)
(30, 28, 2)
(30, 29, 2)
(30, 30, 2)
(30, 31, 2)
(30, 32, 2)
(30, 33, 2)
(30, 34, 2)
(30, 35, 2)
(30, 36, 2)
(30, 37, 2)
(30, 38, 2)
(30, 39, 2)

(31, 0, 431)
(31, 1, 364)
(31, 2, 281)
(31, 3, 244)
(31, 4, 198)
(31, 5, 169)
(31, 6, 139)
(31, 7, 115)
(31, 8, 98)
(31, 9, 76)
(31, 10, 63)
(31, 11, 43)
(31, 12, 37)
(31, 13, 35)
(31, 14, 30)
(31, 15, 27)
(31, 16, 27)
(31, 17, 27)
(31, 18, 23)
(31, 19, 22)
(31, 20, 21)
(31, 21, 16)
(31, 22, 16)
(31, 23, 15)
(31, 24, 13)
(31, 25, 9)
(31, 26, 9)
(31, 27, 2)
(31, 28, 1)
(31, 29, 1)
(31, 30, 1)
(31, 31, 1)
(31, 32, 1)
(31, 33, 1)
(31, 34, 1)
(31, 35, 1)
(31, 36, 1)
(31, 37, 1)
(31, 38, 1)
(31, 39, 1)

(32, 0, 462)
(32, 1, 385)
(32, 2, 299)
(32, 3, 260)
(32, 4, 211)
(32, 5, 178)
(32, 6, 147)
(32, 7, 121)
(32, 8, 103)
(32, 9, 80)
(32, 10, 64)
(32, 11, 44)
(32, 12, 38)
(32, 13, 36)
(32, 14, 32)
(32, 15, 27)
(32, 16, 26)
(32, 17, 26)
(32, 18, 23)
(32, 19, 22)
(32, 20, 21)
(32, 21, 16)
(32, 22, 15)
(32, 23, 14)
(32, 24, 12)
(32, 25, 7)
(32, 26, 7)
(32, 27, 1)
(32, 28, 1)
(32, 29, 1)
(32, 30, 1)
(32, 31, 1)
(32, 32, 1)
(32, 33, 1)
(32, 34, 1)
(32, 35, 1)
(32, 36, 1)
(32, 37, 1)
(32, 38, 1)
(32, 39, 1)

(33, 0, 492)
(33, 1, 406)
(33, 2, 310)
(33, 3, 269)
(33, 4, 217)
(33, 5, 182)
(33, 6, 150)
(33, 7, 125)
(33, 8, 107)
(33, 9, 80)
(33, 10, 65)
(33, 11, 44)
(33, 12, 37)
(33, 13, 35)
(33, 14, 31)
(33, 15, 27)
(33, 16, 27)
(33, 17, 27)
(33, 18, 23)
(33, 19, 22)
(33, 20, 21)
(33, 21, 14)
(33, 22, 13)
(33, 23, 12)
(33, 24, 10)
(33, 25, 5)
(33, 26, 5)
(33, 27, 1)
(33, 28, 1)
(33, 29, 1)
(33, 30, 1)
(33, 31, 1)
(33, 32, 1)
(33, 33, 1)
(33, 34, 1)
(33, 35, 1)
(33, 36, 1)
(33, 37, 1)
(33, 38, 1)
(33, 39, 1)

(34, 0, 532)
(34, 1, 431)
(34, 2, 324)
(34, 3, 279)
(34, 4, 223)
(34, 5, 184)
(34, 6, 149)
(34, 7, 124)
(34, 8, 104)
(34, 9, 80)
(34, 10, 65)
(34, 11, 43)
(34, 12, 36)
(34, 13, 34)
(34, 14, 30)
(34, 15, 25)
(34, 16, 25)
(34, 17, 25)
(34, 18, 23)
(34, 19, 22)
(34, 20, 21)
(34, 21, 14)
(34, 22, 13)
(34, 23, 12)
(34, 24, 10)
(34, 25, 5)
(34, 26, 5)
(34, 27, 1)
(34, 28, 1)
(34, 29, 1)
(34, 30, 1)
(34, 31, 1)
(34, 32, 1)
(34, 33, 1)
(34, 34, 1)
(34, 35, 1)
(34, 36, 1)
(34, 37, 1)
(34, 38, 1)
(34, 39, 1)

(35, 0, 579)
(35, 1, 461)
(35, 2, 344)
(35, 3, 294)
(35, 4, 230)
(35, 5, 190)
(35, 6, 153)
(35, 7, 126)
(35, 8, 106)
(35, 9, 81)
(35, 10, 65)
(35, 11, 44)
(35, 12, 37)
(35, 13, 34)
(35, 14, 30)
(35, 15, 25)
(35, 16, 25)
(35, 17, 24)
(35, 18, 22)
(35, 19, 21)
(35, 20, 20)
(35, 21, 13)
(35, 22, 12)
(35, 23, 11)
(35, 24, 9)
(35, 25, 4)
(35, 26, 4)
(35, 27, 1)
(35, 28, 1)
(35, 29, 1)
(35, 30, 1)
(35, 31, 1)
(35, 32, 1)
(35, 33, 1)
(35, 34, 1)
(35, 35, 1)
(35, 36, 1)
(35, 37, 1)
(35, 38, 1)
(35, 39, 1)

(36, 0, 600)
(36, 1, 480)
(36, 2, 357)
(36, 3, 301)
(36, 4, 234)
(36, 5, 194)
(36, 6, 156)
(36, 7, 128)
(36, 8, 106)
(36, 9, 79)
(36, 10, 64)
(36, 11, 44)
(36, 12, 37)
(36, 13, 33)
(36, 14, 29)
(36, 15, 24)
(36, 16, 24)
(36, 17, 24)
(36, 18, 22)
(36, 19, 21)
(36, 20, 20)
(36, 21, 13)
(36, 22, 12)
(36, 23, 11)
(36, 24, 9)
(36, 25, 4)
(36, 26, 4)
(36, 27, 1)
(36, 28, 1)
(36, 29, 1)
(36, 30, 1)
(36, 31, 1)
(36, 32, 1)
(36, 33, 1)
(36, 34, 1)
(36, 35, 1)
(36, 36, 1)
(36, 37, 1)
(36, 38, 1)
(36, 39, 1)

(37, 0, 614)
(37, 1, 493)
(37, 2, 365)
(37, 3, 305)
(37, 4, 237)
(37, 5, 195)
(37, 6, 156)
(37, 7, 129)
(37, 8, 107)
(37, 9, 80)
(37, 10, 65)
(37, 11, 45)
(37, 12, 38)
(37, 13, 34)
(37, 14, 30)
(37, 15, 25)
(37, 16, 25)
(37, 17, 25)
(37, 18, 23)
(37, 19, 22)
(37, 20, 21)
(37, 21, 13)
(37, 22, 12)
(37, 23, 11)
(37, 24, 9)
(37, 25, 4)
(37, 26, 4)
(37, 27, 1)
(37, 28, 1)
(37, 29, 1)
(37, 30, 1)
(37, 31, 1)
(37, 32, 1)
(37, 33, 1)
(37, 34, 1)
(37, 35, 1)
(37, 36, 1)
(37, 37, 1)
(37, 38, 1)
(37, 39, 1)

(38, 0, 628)
(38, 1, 505)
(38, 2, 370)
(38, 3, 308)
(38, 4, 240)
(38, 5, 196)
(38, 6, 158)
(38, 7, 130)
(38, 8, 109)
(38, 9, 79)
(38, 10, 64)
(38, 11, 44)
(38, 12, 37)
(38, 13, 33)
(38, 14, 29)
(38, 15, 24)
(38, 16, 24)
(38, 17, 24)
(38, 18, 22)
(38, 19, 21)
(38, 20, 20)
(38, 21, 13)
(38, 22, 12)
(38, 23, 11)
(38, 24, 9)
(38, 25, 4)
(38, 26, 4)
(38, 27, 1)
(38, 28, 1)
(38, 29, 1)
(38, 30, 1)
(38, 31, 1)
(38, 32, 1)
(38, 33, 1)
(38, 34, 1)
(38, 35, 1)
(38, 36, 1)
(38, 37, 1)
(38, 38, 1)
(38, 39, 1)

(39, 0, 637)
(39, 1, 514)
(39, 2, 376)
(39, 3, 312)
(39, 4, 243)
(39, 5, 199)
(39, 6, 160)
(39, 7, 129)
(39, 8, 107)
(39, 9, 79)
(39, 10, 64)
(39, 11, 44)
(39, 12, 37)
(39, 13, 33)
(39, 14, 29)
(39, 15, 24)
(39, 16, 24)
(39, 17, 24)
(39, 18, 22)
(39, 19, 21)
(39, 20, 20)
(39, 21, 13)
(39, 22, 12)
(39, 23, 11)
(39, 24, 9)
(39, 25, 4)
(39, 26, 4)
(39, 27, 1)
(39, 28, 1)
(39, 29, 1)
(39, 30, 1)
(39, 31, 1)
(39, 32, 1)
(39, 33, 1)
(39, 34, 1)
(39, 35, 1)
(39, 36, 1)
(39, 37, 1)
(39, 38, 1)
(39, 39, 1)


Betti numbers:
xi_0:
(0, 0, 6)
(1, 0, 4)
(2, 0, 2)
(3, 0, 5)
(4, 0, 6)
(5, 0, 11)
(6, 0, 7)
(7, 0, 6)
(8, 0, 8)
(9, 0, 7)
(10, 0, 9)
(11, 0, 7)
(12, 0, 9)
(13, 0, 7)
(14, 0, 7)
(15, 0, 11)
(16, 0, 9)
(17, 0, 11)
(18, 0, 15)
(19, 0, 13)
(20, 0, 11)
(21, 0, 16)
(22, 0, 18)
(23, 0, 24)
(24, 0, 27)
(25, 0, 20)
(26, 0, 18)
(27, 0, 31)
(28, 0, 39)
(29, 0, 22)
(30, 0, 23)
(31, 0, 22)
(32, 0, 31)
(33, 0, 30)
(34, 0, 40)
(35, 0, 47)
(36, 0, 21)
(37, 0, 14)
(38, 0, 14)
(39, 0, 9)
xi_1:
(0, 1, 2)
(0, 3, 1)
(0, 27, 2)
(1, 1, 1)
(1, 2, 1)
(1, 27, 2)
(2, 2, 2)
(3, 1, 1)
(3, 2, 1)
(3, 27, 2)
(4, 2, 1)
(4, 3, 2)
(4, 6, 1)
(4, 10, 1)
(4, 11, 1)
(4, 24, 1)
(5, 1, 2)
(5, 2, 3)
(5, 3, 2)
(5, 5, 1)
(5, 10, 1)
(5, 27, 1)
(6, 1, 2)
(6, 2, 1)
(6, 3, 1)
(6, 4, 1)
(6, 8, 1)
(6, 28, 1)
(7, 2, 1)
(7, 3, 2)
(7, 6, 1)
(7, 8, 1)
(7, 12, 1)
(7, 20, 1)
(8, 1, 1)
(8, 2, 2)
(8, 5, 1)
(8, 9, 1)
(8, 11, 1)
(8, 12, 1)
(8, 18, 1)
(8, 27, 1)
(9, 1, 1)
(9, 3, 2)
(9, 9, 2)
(9, 10, 1)
(9, 27, 1)
(10, 1, 2)
(10, 2, 1)
(10, 3, 1)
(10, 4, 1)
(10, 6, 1)
(10, 9, 2)
(10, 10, 1)
(11, 3, 1)
(11, 5, 2)
(11, 9, 1)
(11, 11, 1)
(11, 24, 1)
(11, 25, 2)
(11, 27, 1)
(12, 1, 2)
(12, 2, 1)
(12, 3, 2)
(12, 4, 1)
(12, 9, 2)
(12, 10, 1)
(12, 11, 1)
(12, 16, 1)
(12, 17, 1)
(13, 4, 1)
(13, 5, 1)
(13, 8, 2)
(13, 9, 2)
(13, 14, 1)
(13, 15, 1)
(13, 21, 1)
(13, 27, 1)
(14, 2, 4)
(14, 4, 1)
(14, 7, 1)
(14, 10, 2)
(15, 3, 2)
(15, 4, 2)
(15, 6, 1)
(15, 7, 2)
(15, 10, 1)
(15, 13, 1)
(15, 14, 1)
(15, 27, 1)
(16, 1, 1)
(16, 2, 1)
(16, 5, 1)
(16, 6, 3)
(16, 7, 1)
(16, 9, 2)
(16, 11, 1)
(16, 12, 1)
(16, 26, 1)
(16, 37, 1)
(17, 1, 3)
(17, 2, 1)
(17, 4, 1)
(17, 5, 2)
(17, 6, 1)
(17, 9, 1)
(17, 12, 1)
(17, 21, 1)
(17, 25, 2)
(17, 33, 1)
(18, 1, 5)
(18, 2, 3)
(18, 3, 2)
(18, 4, 1)
(18, 5, 1)
(18, 10, 1)
(18, 24, 1)
(18, 27, 2)
(18, 28, 1)
(19, 1, 3)
(19, 2, 3)
(19, 3, 2)
(19, 4, 1)
(19, 8, 2)
(19, 11, 1)
(19, 12, 1)
(19, 13, 1)
(19, 22, 1)
(20, 1, 2)
(20, 2, 1)
(20, 3, 2)
(20, 8, 3)
(20, 11, 2)
(20, 13, 1)
(20, 24, 1)
(21, 1, 2)
(21, 2, 2)
(21, 3, 1)
(21, 4, 2)
(21, 7, 1)
(21, 8, 2)
(21, 10, 1)
(21, 11, 2)
(21, 13, 1)
(21, 14, 1)
(21, 17, 1)
(21, 23, 1)
(21, 24, 1)
(21, 27, 1)
(22, 1, 3)
(22, 2, 2)
(22, 4, 3)
(22, 5, 1)
(22, 6, 2)
(22, 7, 4)
(22, 8, 1)
(22, 9, 1)
(22, 11, 1)
(22, 12, 2)
(22, 14, 1)
(22, 17, 1)
(22, 21, 1)
(22, 22, 1)
(23, 1, 1)
(23, 2, 7)
(23, 3, 2)
(23, 4, 2)
(23, 5, 1)
(23, 6, 3)
(23, 8, 1)
(23, 9, 3)
(23, 11, 2)
(23, 12, 1)
(23, 14, 1)
(23, 19, 1)
(23, 27, 2)
(23, 31, 1)
(24, 1, 5)
(24, 2, 8)
(24, 3, 2)
(24, 4, 2)
(24, 5, 1)
(24, 6, 1)
(24, 7, 3)
(24, 8, 3)
(24, 10, 1)
(24, 11, 2)
(24, 15, 1)
(24, 21, 1)
(24, 22, 1)
(24, 26, 1)
(25, 1, 2)
(25, 2, 5)
(25, 3, 1)
(25, 4, 2)
(25, 5, 1)
(25, 6, 3)
(25, 7, 3)
(25, 9, 1)
(25, 15, 2)
(25, 16, 1)
(25, 19, 1)
(25, 25, 1)
(25, 27, 1)
(26, 1, 4)
(26, 2, 2)
(26, 4, 1)
(26, 5, 2)
(26, 6, 1)
(26, 7, 2)
(26, 8, 2)
(26, 9, 2)
(26, 11, 1)
(26, 12, 1)
(26, 13, 1)
(26, 18, 1)
(26, 24, 1)
(27, 1, 4)
(27, 2, 7)
(27, 3, 2)
(27, 4, 6)
(27, 5, 3)
(27, 6, 3)
(27, 7, 2)
(27, 8, 2)
(27, 9, 3)
(27, 10, 2)
(27, 12, 1)
(27, 15, 1)
(27, 27, 1)
(28, 1, 5)
(28, 2, 12)
(28, 3, 3)
(28, 4, 4)
(28, 5, 3)
(28, 6, 3)
(28, 7, 4)
(28, 8, 1)
(28, 9, 1)
(28, 10, 1)
(28, 11, 3)
(28, 13, 1)
(28, 14, 1)
(28, 15, 1)
(28, 18, 1)
(28, 28, 2)
(29, 1, 4)
(29, 2, 3)
(29, 3, 2)
(29, 4, 4)
(29, 5, 3)
(29, 6, 3)
(29, 8, 4)
(29, 10, 1)
(29, 12, 1)
(29, 14, 1)
(29, 17, 1)
(29, 18, 1)
(29, 27, 2)
(30, 1, 2)
(30, 2, 5)
(30, 4, 7)
(30, 5, 3)
(30, 6, 3)
(30, 7, 3)
(30, 9, 2)
(30, 10, 3)
(30, 11, 1)
(30, 15, 1)
(30, 18, 1)
(31, 1, 7)
(31, 2, 3)
(31, 3, 2)
(31, 4, 3)
(31, 5, 3)
(31, 6, 2)
(31, 7, 1)
(31, 10, 1)
(31, 11, 1)
(31, 12, 1)
(31, 14, 2)
(31, 21, 1)
(31, 28, 1)
(32, 1, 10)
(32, 2, 3)
(32, 3, 2)
(32, 4, 3)
(32, 5, 5)
(32, 6, 2)
(32, 7, 2)
(32, 8, 1)
(32, 9, 1)
(32, 10, 3)
(32, 11, 1)
(32, 15, 2)
(32, 16, 1)
(32, 21, 1)
(32, 22, 1)
(32, 25, 1)
(33, 1, 9)
(33, 2, 10)
(33, 3, 2)
(33, 4, 3)
(33, 5, 2)
(33, 6, 2)
(33, 8, 1)
(33, 9, 4)
(33, 11, 2)
(33, 12, 1)
(33, 18, 1)
(33, 21, 3)
(34, 1, 15)
(34, 2, 11)
(34, 3, 4)
(34, 4, 4)
(34, 5, 4)
(34, 6, 4)
(34, 7, 1)
(34, 8, 2)
(34, 11, 1)
(34, 15, 1)
(35, 1, 17)
(35, 2, 10)
(35, 3, 5)
(35, 4, 8)
(35, 5, 2)
(35, 6, 4)
(35, 7, 2)
(35, 9, 2)
(35, 10, 1)
(35, 11, 1)
(35, 13, 1)
(35, 17, 1)
(36, 1, 2)
(36, 2, 6)
(36, 3, 6)
(36, 4, 4)
(36, 5, 1)
(36, 6, 1)
(36, 7, 1)
(36, 8, 2)
(36, 9, 2)
(36, 13, 1)
(36, 15, 1)
(37, 1, 1)
(37, 2, 5)
(37, 3, 4)
(37, 4, 1)
(37, 5, 2)
(37, 6, 1)
(37, 21, 1)
(38, 1, 2)
(38, 2, 7)
(38, 3, 2)
(38, 5, 2)
(38, 7, 1)
(38, 9, 3)
(38, 10, 1)
(39, 2, 3)
(39, 3, 2)
(39, 4, 1)
(39, 6, 1)
(39, 7, 3)
(39, 8, 1)
xi_2:
(4, 27, 1)
(7, 27, 1)
(8, 27, 1)
(11, 27, 1)
(11, 28, 1)
(12, 10, 1)
(12, 12, 1)
(12, 27, 1)
(13, 10, 1)
(13, 16, 1)
(13, 27, 1)
(14, 17, 1)
(16, 10, 1)
(16, 15, 1)
(16, 27, 1)
(17, 6, 1)
(17, 27, 2)
(17, 37, 1)
(18, 27, 1)
(18, 33, 1)
(19, 14, 1)
(19, 26, 1)
(20, 28, 1)
(21, 24, 1)
(21, 25, 1)
(21, 27, 1)
(22, 8, 2)
(22, 14, 1)
(22, 22, 1)
(22, 24, 1)
(23, 13, 2)
(23, 17, 1)
(23, 22, 1)
(24, 9, 1)
(24, 12, 1)
(24, 14, 1)
(24, 19, 1)
(24, 24, 1)
(24, 31, 1)
(25, 8, 1)
(25, 10, 1)
(25, 17, 1)
(25, 27, 1)
(26, 15, 1)
(26, 26, 1)
(27, 8, 1)
(27, 11, 1)
(27, 12, 1)
(27, 13, 1)
(27, 18, 1)
(27, 24, 1)
(28, 5, 1)
(28, 8, 1)
(28, 9, 1)
(28, 10, 1)
(28, 12, 1)
(28, 15, 1)
(28, 22, 1)
(29, 7, 1)
(29, 9, 2)
(29, 13, 1)
(29, 15, 1)
(29, 16, 1)
(29, 28, 2)
(30, 6, 1)
(30, 8, 3)
(30, 12, 2)
(30, 14, 1)
(30, 27, 1)
(31, 7, 2)
(31, 10, 1)
(31, 17, 1)
(31, 27, 1)
(32, 5, 1)
(32, 6, 1)
(32, 11, 1)
(32, 14, 1)
(32, 18, 1)
(32, 21, 1)
(32, 27, 1)
(32, 28, 1)
(33, 6, 1)
(33, 7, 1)
(33, 8, 1)
(33, 10, 1)
(33, 11, 1)
(33, 15, 1)
(33, 16, 1)
(33, 21, 1)
(33, 27, 2)
(34, 6, 1)
(34, 7, 1)
(34, 9, 3)
(34, 18, 2)
(35, 5, 1)
(35, 6, 2)
(35, 9, 1)
(35, 11, 2)
(35, 27, 1)
(36, 4, 1)
(36, 5, 1)
(36, 10, 1)
(36, 11, 1)
(36, 15, 1)
(36, 17, 1)
(37, 7, 1)
(38, 6, 1)
(38, 8, 1)
(38, 10, 1)
(38, 21, 1)
(39, 9, 2)
