x-grades
-1090837602316321417/400000000000000000
-538481137396937297/200000000000000000
-1063086947271427771/400000000000000000
-262302904937245237/100000000000000000
-8282690337812273/3200000000000000
-510730482352043651/200000000000000000
-1007585637181640479/400000000000000000
-124213788707399207/50000000000000000
-979834982136746833/400000000000000000
-96595965461430001/40000000000000000
-952084327091853187/400000000000000000
-234552249892351591/100000000000000000
-924333672046959541/400000000000000000
-455229172262256359/200000000000000000
-179316603400413179/80000000000000000
-1724038456014881/781250000000000
-868832361957172249/400000000000000000
-427478517217362713/200000000000000000
-841081706912278603/400000000000000000
-41360318969491589/20000000000000000
-813331051867384957/400000000000000000
-399727862172469067/200000000000000000
-785580396822491311/400000000000000000
-96463133662505561/50000000000000000
-151565948355519533/80000000000000000
-371977207127575421/200000000000000000
-730079086732704019/400000000000000000
-179050939802564299/100000000000000000
-702328431687810373/400000000000000000
-13769062083307271/8000000000000000
-674577776642916727/400000000000000000
-41293903070029369/25000000000000000
-646827121598023081/400000000000000000
-316475897037788129/200000000000000000
-123815293310625887/80000000000000000
-151300284757670653/100000000000000000
-591325811508235789/400000000000000000
-288725241992894483/200000000000000000
-563575156463342143/400000000000000000
-13742495723522383/10000000000000000

y-grades
1/4
1/2
3/4
1
5/4
3/2
7/4
2
9/4
5/2
11/4
3
13/4
7/2
15/4
4
17/4
9/2
19/4
5
21/4
11/2
23/4
6
25/4
13/2
27/4
7
29/4
15/2
31/4
8
33/4
17/2
35/4
9
37/4
19/2
39/4
10

Dimensions > 0:
(0, 0, 10)
(0, 1, 4)
(0, 2, 2)
(0, 3, 1)
(0, 4, 1)
(0, 5, 1)
(0, 6, 1)
(0, 7, 1)
(0, 8, 1)
(0, 9, 1)
(0, 10, 1)
(0, 11, 1)
(0, 12, 1)
(0, 13, 1)
(0, 14, 1)
(0, 15, 1)
(0, 16, 1)
(0, 17, 1)
(0, 18, 1)
(0, 19, 1)
(0, 20, 1)
(0, 21, 1)
(0, 22, 1)
(0, 23, 1)
(0, 24, 1)
(0, 25, 1)
(0, 26, 1)
(0, 27, 1)
(0, 28, 1)
(0, 29, 1)
(0, 30, 1)
(0, 31, 1)
(0, 32, 1)
(0, 33, 1)
(0, 34, 1)
(0, 35, 1)
(0, 36, 1)
(0, 37, 1)
(0, 38, 1)
(0, 39, 1)

(1, 0, 20)
(1, 1, 8)
(1, 2, 5)
(1, 3, 3)
(1, 4, 2)
(1, 5, 1)
(1, 6, 1)
(1, 7, 1)
(1, 8, 1)
(1, 9, 1)
(1, 10, 1)
(1, 11, 1)
(1, 12, 1)
(1, 13, 1)
(1, 14, 1)
(1, 15, 1)
(1, 16, 1)
(1, 17, 1)
(1, 18, 1)
(1, 19, 1)
(1, 20, 1)
(1, 21, 1)
(1, 22, 1)
(1, 23, 1)
(1, 24, 1)
(1, 25, 1)
(1, 26, 1)
(1, 27, 1)
(1, 28, 1)
(1, 29, 1)
(1, 30, 1)
(1, 31, 1)
(1, 32, 1)
(1, 33, 1)
(1, 34, 1)
(1, 35, 1)
(1, 36, 1)
(1, 37, 1)
(1, 38, 1)
(1, 39, 1)

(2, 0, 29)
(2, 1, 11)
(2, 2, 6)
(2, 3, 3)
(2, 4, 3)
(2, 5, 2)
(2, 6, 2)
(2, 7, 2)
(2, 8, 2)
(2, 9, 2)
(2, 10, 2)
(2, 11, 2)
(2, 12, 2)
(2, 13, 2)
(2, 14, 2)
(2, 15, 2)
(2, 16, 2)
(2, 17, 2)
(2, 18, 2)
(2, 19, 2)
(2, 20, 2)
(2, 21, 2)
(2, 22, 2)
(2, 23, 2)
(2, 24, 2)
(2, 25, 2)
(2, 26, 2)
(2, 27, 2)
(2, 28, 2)
(2, 29, 2)
(2, 30, 2)
(2, 31, 2)
(2, 32, 2)
(2, 33, 2)
(2, 34, 2)
(2, 35, 2)
(2, 36, 2)
(2, 37, 2)
(2, 38, 2)
(2, 39, 2)

(3, 0, 31)
(3, 1, 13)
(3, 2, 8)
(3, 3, 5)
(3, 4, 5)
(3, 5, 3)
(3, 6, 3)
(3, 7, 3)
(3, 8, 3)
(3, 9, 3)
(3, 10, 2)
(3, 11, 2)
(3, 12, 2)
(3, 13, 2)
(3, 14, 2)
(3, 15, 2)
(3, 16, 2)
(3, 17, 2)
(3, 18, 2)
(3, 19, 2)
(3, 20, 2)
(3, 21, 2)
(3, 22, 2)
(3, 23, 2)
(3, 24, 2)
(3, 25, 2)
(3, 26, 2)
(3, 27, 2)
(3, 28, 2)
(3, 29, 2)
(3, 30, 2)
(3, 31, 2)
(3, 32, 2)
(3, 33, 2)
(3, 34, 2)
(3, 35, 2)
(3, 36, 2)
(3, 37, 2)
(3, 38, 2)
(3, 39, 2)

(4, 0, 32)
(4, 1, 14)
(4, 2, 9)
(4, 3, 6)
(4, 4, 6)
(4, 5, 4)
(4, 6, 4)
(4, 7, 3)
(4, 8, 3)
(4, 9, 3)
(4, 10, 2)
(4, 11, 2)
(4, 12, 2)
(4, 13, 2)
(4, 14, 2)
(4, 15, 2)
(4, 16, 2)
(4, 17, 2)
(4, 18, 2)
(4, 19, 2)
(4, 20, 2)
(4, 21, 2)
(4, 22, 2)
(4, 23, 2)
(4, 24, 2)
(4, 25, 2)
(4, 26, 2)
(4, 27, 2)
(4, 28, 2)
(4, 29, 2)
(4, 30, 2)
(4, 31, 2)
(4, 32, 2)
(4, 33, 2)
(4, 34, 2)
(4, 35, 2)
(4, 36, 2)
(4, 37, 2)
(4, 38, 2)
(4, 39, 2)

(5, 0, 34)
(5, 1, 16)
(5, 2, 11)
(5, 3, 8)
(5, 4, 8)
(5, 5, 6)
(5, 6, 6)
(5, 7, 5)
(5, 8, 5)
(5, 9, 5)
(5, 10, 4)
(5, 11, 4)
(5, 12, 4)
(5, 13, 4)
(5, 14, 4)
(5, 15, 4)
(5, 16, 3)
(5, 17, 3)
(5, 18, 3)
(5, 19, 3)
(5, 20, 3)
(5, 21, 3)
(5, 22, 3)
(5, 23, 3)
(5, 24, 3)
(5, 25, 3)
(5, 26, 3)
(5, 27, 3)
(5, 28, 3)
(5, 29, 3)
(5, 30, 3)
(5, 31, 3)
(5, 32, 3)
(5, 33, 3)
(5, 34, 3)
(5, 35, 3)
(5, 36, 3)
(5, 37, 3)
(5, 38, 3)
(5, 39, 3)

(6, 0, 41)
(6, 1, 22)
(6, 2, 16)
(6, 3, 12)
(6, 4, 11)
(6, 5, 8)
(6, 6, 8)
(6, 7, 7)
(6, 8, 7)
(6, 9, 7)
(6, 10, 6)
(6, 11, 6)
(6, 12, 6)
(6, 13, 6)
(6, 14, 6)
(6, 15, 6)
(6, 16, 5)
(6, 17, 5)
(6, 18, 5)
(6, 19, 5)
(6, 20, 5)
(6, 21, 5)
(6, 22, 5)
(6, 23, 5)
(6, 24, 4)
(6, 25, 4)
(6, 26, 4)
(6, 27, 3)
(6, 28, 3)
(6, 29, 3)
(6, 30, 3)
(6, 31, 3)
(6, 32, 3)
(6, 33, 3)
(6, 34, 3)
(6, 35, 3)
(6, 36, 3)
(6, 37, 3)
(6, 38, 3)
(6, 39, 3)

(7, 0, 58)
(7, 1, 29)
(7, 2, 19)
(7, 3, 14)
(7, 4, 12)
(7, 5, 9)
(7, 6, 9)
(7, 7, 8)
(7, 8, 8)
(7, 9, 8)
(7, 10, 6)
(7, 11, 6)
(7, 12, 6)
(7, 13, 6)
(7, 14, 6)
(7, 15, 6)
(7, 16, 5)
(7, 17, 5)
(7, 18, 5)
(7, 19, 5)
(7, 20, 5)
(7, 21, 5)
(7, 22, 5)
(7, 23, 4)
(7, 24, 4)
(7, 25, 4)
(7, 26, 4)
(7, 27, 3)
(7, 28, 3)
(7, 29, 3)
(7, 30, 3)
(7, 31, 3)
(7, 32, 3)
(7, 33, 3)
(7, 34, 3)
(7, 35, 3)
(7, 36, 3)
(7, 37, 3)
(7, 38, 3)
(7, 39, 3)

(8, 0, 67)
(8, 1, 38)
(8, 2, 25)
(8, 3, 19)
(8, 4, 17)
(8, 5, 13)
(8, 6, 13)
(8, 7, 12)
(8, 8, 12)
(8, 9, 12)
(8, 10, 9)
(8, 11, 9)
(8, 12, 9)
(8, 13, 9)
(8, 14, 9)
(8, 15, 9)
(8, 16, 8)
(8, 17, 8)
(8, 18, 7)
(8, 19, 7)
(8, 20, 7)
(8, 21, 7)
(8, 22, 7)
(8, 23, 6)
(8, 24, 6)
(8, 25, 6)
(8, 26, 5)
(8, 27, 4)
(8, 28, 4)
(8, 29, 4)
(8, 30, 4)
(8, 31, 4)
(8, 32, 4)
(8, 33, 4)
(8, 34, 4)
(8, 35, 4)
(8, 36, 4)
(8, 37, 4)
(8, 38, 4)
(8, 39, 4)

(9, 0, 75)
(9, 1, 45)
(9, 2, 29)
(9, 3, 22)
(9, 4, 19)
(9, 5, 15)
(9, 6, 15)
(9, 7, 14)
(9, 8, 14)
(9, 9, 13)
(9, 10, 9)
(9, 11, 9)
(9, 12, 9)
(9, 13, 9)
(9, 14, 9)
(9, 15, 9)
(9, 16, 8)
(9, 17, 8)
(9, 18, 7)
(9, 19, 7)
(9, 20, 7)
(9, 21, 7)
(9, 22, 7)
(9, 23, 5)
(9, 24, 5)
(9, 25, 5)
(9, 26, 5)
(9, 27, 4)
(9, 28, 4)
(9, 29, 4)
(9, 30, 4)
(9, 31, 4)
(9, 32, 4)
(9, 33, 4)
(9, 34, 4)
(9, 35, 4)
(9, 36, 4)
(9, 37, 4)
(9, 38, 4)
(9, 39, 4)

(10, 0, 79)
(10, 1, 48)
(10, 2, 31)
(10, 3, 24)
(10, 4, 20)
(10, 5, 16)
(10, 6, 16)
(10, 7, 15)
(10, 8, 15)
(10, 9, 13)
(10, 10, 9)
(10, 11, 9)
(10, 12, 9)
(10, 13, 9)
(10, 14, 9)
(10, 15, 9)
(10, 16, 8)
(10, 17, 8)
(10, 18, 7)
(10, 19, 7)
(10, 20, 7)
(10, 21, 7)
(10, 22, 7)
(10, 23, 5)
(10, 24, 5)
(10, 25, 5)
(10, 26, 5)
(10, 27, 4)
(10, 28, 4)
(10, 29, 4)
(10, 30, 4)
(10, 31, 4)
(10, 32, 4)
(10, 33, 4)
(10, 34, 4)
(10, 35, 4)
(10, 36, 4)
(10, 37, 4)
(10, 38, 4)
(10, 39, 4)

(11, 0, 81)
(11, 1, 50)
(11, 2, 33)
(11, 3, 26)
(11, 4, 22)
(11, 5, 18)
(11, 6, 18)
(11, 7, 17)
(11, 8, 17)
(11, 9, 15)
(11, 10, 11)
(11, 11, 10)
(11, 12, 10)
(11, 13, 10)
(11, 14, 10)
(11, 15, 10)
(11, 16, 9)
(11, 17, 9)
(11, 18, 8)
(11, 19, 8)
(11, 20, 8)
(11, 21, 7)
(11, 22, 7)
(11, 23, 5)
(11, 24, 5)
(11, 25, 5)
(11, 26, 5)
(11, 27, 4)
(11, 28, 4)
(11, 29, 4)
(11, 30, 4)
(11, 31, 4)
(11, 32, 4)
(11, 33, 4)
(11, 34, 4)
(11, 35, 4)
(11, 36, 4)
(11, 37, 4)
(11, 38, 4)
(11, 39, 4)

(12, 0, 83)
(12, 1, 51)
(12, 2, 34)
(12, 3, 27)
(12, 4, 23)
(12, 5, 19)
(12, 6, 19)
(12, 7, 18)
(12, 8, 18)
(12, 9, 15)
(12, 10, 11)
(12, 11, 11)
(12, 12, 11)
(12, 13, 11)
(12, 14, 11)
(12, 15, 11)
(12, 16, 10)
(12, 17, 10)
(12, 18, 9)
(12, 19, 9)
(12, 20, 9)
(12, 21, 8)
(12, 22, 8)
(12, 23, 6)
(12, 24, 6)
(12, 25, 6)
(12, 26, 6)
(12, 27, 5)
(12, 28, 5)
(12, 29, 5)
(12, 30, 5)
(12, 31, 5)
(12, 32, 4)
(12, 33, 4)
(12, 34, 4)
(12, 35, 4)
(12, 36, 4)
(12, 37, 4)
(12, 38, 4)
(12, 39, 4)

(13, 0, 83)
(13, 1, 51)
(13, 2, 34)
(13, 3, 27)
(13, 4, 23)
(13, 5, 19)
(13, 6, 19)
(13, 7, 18)
(13, 8, 18)
(13, 9, 15)
(13, 10, 11)
(13, 11, 11)
(13, 12, 11)
(13, 13, 11)
(13, 14, 11)
(13, 15, 11)
(13, 16, 10)
(13, 17, 10)
(13, 18, 9)
(13, 19, 9)
(13, 20, 9)
(13, 21, 8)
(13, 22, 8)
(13, 23, 6)
(13, 24, 6)
(13, 25, 6)
(13, 26, 6)
(13, 27, 5)
(13, 28, 5)
(13, 29, 5)
(13, 30, 5)
(13, 31, 5)
(13, 32, 4)
(13, 33, 4)
(13, 34, 4)
(13, 35, 4)
(13, 36, 4)
(13, 37, 4)
(13, 38, 4)
(13, 39, 4)

(14, 0, 90)
(14, 1, 55)
(14, 2, 36)
(14, 3, 29)
(14, 4, 25)
(14, 5, 21)
(14, 6, 21)
(14, 7, 20)
(14, 8, 20)
(14, 9, 17)
(14, 10, 13)
(14, 11, 13)
(14, 12, 13)
(14, 13, 13)
(14, 14, 13)
(14, 15, 13)
(14, 16, 12)
(14, 17, 12)
(14, 18, 11)
(14, 19, 11)
(14, 20, 11)
(14, 21, 10)
(14, 22, 10)
(14, 23, 8)
(14, 24, 8)
(14, 25, 8)
(14, 26, 8)
(14, 27, 7)
(14, 28, 7)
(14, 29, 7)
(14, 30, 7)
(14, 31, 7)
(14, 32, 6)
(14, 33, 6)
(14, 34, 6)
(14, 35, 6)
(14, 36, 6)
(14, 37, 6)
(14, 38, 6)
(14, 39, 6)

(15, 0, 104)
(15, 1, 63)
(15, 2, 42)
(15, 3, 34)
(15, 4, 29)
(15, 5, 25)
(15, 6, 25)
(15, 7, 24)
(15, 8, 24)
(15, 9, 21)
(15, 10, 17)
(15, 11, 16)
(15, 12, 16)
(15, 13, 16)
(15, 14, 16)
(15, 15, 16)
(15, 16, 15)
(15, 17, 15)
(15, 18, 14)
(15, 19, 14)
(15, 20, 14)
(15, 21, 13)
(15, 22, 12)
(15, 23, 10)
(15, 24, 10)
(15, 25, 10)
(15, 26, 10)
(15, 27, 9)
(15, 28, 9)
(15, 29, 9)
(15, 30, 9)
(15, 31, 9)
(15, 32, 8)
(15, 33, 8)
(15, 34, 8)
(15, 35, 8)
(15, 36, 8)
(15, 37, 8)
(15, 38, 7)
(15, 39, 7)

(16, 0, 115)
(16, 1, 71)
(16, 2, 47)
(16, 3, 39)
(16, 4, 32)
(16, 5, 28)
(16, 6, 28)
(16, 7, 27)
(16, 8, 27)
(16, 9, 23)
(16, 10, 19)
(16, 11, 17)
(16, 12, 17)
(16, 13, 17)
(16, 14, 17)
(16, 15, 17)
(16, 16, 16)
(16, 17, 16)
(16, 18, 15)
(16, 19, 15)
(16, 20, 15)
(16, 21, 14)
(16, 22, 13)
(16, 23, 11)
(16, 24, 11)
(16, 25, 11)
(16, 26, 11)
(16, 27, 10)
(16, 28, 10)
(16, 29, 10)
(16, 30, 10)
(16, 31, 10)
(16, 32, 9)
(16, 33, 9)
(16, 34, 9)
(16, 35, 9)
(16, 36, 9)
(16, 37, 9)
(16, 38, 8)
(16, 39, 8)

(17, 0, 132)
(17, 1, 79)
(17, 2, 54)
(17, 3, 44)
(17, 4, 37)
(17, 5, 33)
(17, 6, 33)
(17, 7, 31)
(17, 8, 31)
(17, 9, 27)
(17, 10, 22)
(17, 11, 19)
(17, 12, 18)
(17, 13, 18)
(17, 14, 18)
(17, 15, 18)
(17, 16, 17)
(17, 17, 17)
(17, 18, 16)
(17, 19, 16)
(17, 20, 16)
(17, 21, 15)
(17, 22, 14)
(17, 23, 12)
(17, 24, 12)
(17, 25, 12)
(17, 26, 12)
(17, 27, 11)
(17, 28, 11)
(17, 29, 11)
(17, 30, 11)
(17, 31, 11)
(17, 32, 10)
(17, 33, 10)
(17, 34, 10)
(17, 35, 10)
(17, 36, 10)
(17, 37, 10)
(17, 38, 9)
(17, 39, 9)

(18, 0, 141)
(18, 1, 85)
(18, 2, 58)
(18, 3, 47)
(18, 4, 40)
(18, 5, 35)
(18, 6, 35)
(18, 7, 33)
(18, 8, 33)
(18, 9, 29)
(18, 10, 24)
(18, 11, 20)
(18, 12, 19)
(18, 13, 19)
(18, 14, 19)
(18, 15, 19)
(18, 16, 18)
(18, 17, 18)
(18, 18, 17)
(18, 19, 17)
(18, 20, 17)
(18, 21, 16)
(18, 22, 15)
(18, 23, 13)
(18, 24, 13)
(18, 25, 12)
(18, 26, 12)
(18, 27, 11)
(18, 28, 11)
(18, 29, 11)
(18, 30, 11)
(18, 31, 11)
(18, 32, 10)
(18, 33, 10)
(18, 34, 10)
(18, 35, 10)
(18, 36, 10)
(18, 37, 10)
(18, 38, 9)
(18, 39, 9)

(19, 0, 164)
(19, 1, 100)
(19, 2, 67)
(19, 3, 55)
(19, 4, 46)
(19, 5, 42)
(19, 6, 42)
(19, 7, 40)
(19, 8, 40)
(19, 9, 34)
(19, 10, 29)
(19, 11, 25)
(19, 12, 24)
(19, 13, 24)
(19, 14, 24)
(19, 15, 24)
(19, 16, 23)
(19, 17, 23)
(19, 18, 21)
(19, 19, 21)
(19, 20, 21)
(19, 21, 20)
(19, 22, 19)
(19, 23, 16)
(19, 24, 16)
(19, 25, 15)
(19, 26, 15)
(19, 27, 13)
(19, 28, 13)
(19, 29, 13)
(19, 30, 13)
(19, 31, 13)
(19, 32, 12)
(19, 33, 12)
(19, 34, 12)
(19, 35, 12)
(19, 36, 12)
(19, 37, 12)
(19, 38, 11)
(19, 39, 11)

(20, 0, 194)
(20, 1, 125)
(20, 2, 85)
(20, 3, 68)
(20, 4, 56)
(20, 5, 51)
(20, 6, 51)
(20, 7, 48)
(20, 8, 48)
(20, 9, 40)
(20, 10, 35)
(20, 11, 30)
(20, 12, 29)
(20, 13, 28)
(20, 14, 28)
(20, 15, 28)
(20, 16, 26)
(20, 17, 25)
(20, 18, 23)
(20, 19, 23)
(20, 20, 22)
(20, 21, 21)
(20, 22, 18)
(20, 23, 15)
(20, 24, 15)
(20, 25, 15)
(20, 26, 15)
(20, 27, 14)
(20, 28, 14)
(20, 29, 14)
(20, 30, 14)
(20, 31, 14)
(20, 32, 13)
(20, 33, 13)
(20, 34, 12)
(20, 35, 12)
(20, 36, 12)
(20, 37, 12)
(20, 38, 10)
(20, 39, 10)

(21, 0, 231)
(21, 1, 153)
(21, 2, 106)
(21, 3, 86)
(21, 4, 71)
(21, 5, 62)
(21, 6, 61)
(21, 7, 56)
(21, 8, 55)
(21, 9, 46)
(21, 10, 38)
(21, 11, 32)
(21, 12, 31)
(21, 13, 30)
(21, 14, 30)
(21, 15, 30)
(21, 16, 28)
(21, 17, 28)
(21, 18, 26)
(21, 19, 26)
(21, 20, 26)
(21, 21, 25)
(21, 22, 21)
(21, 23, 18)
(21, 24, 17)
(21, 25, 17)
(21, 26, 17)
(21, 27, 16)
(21, 28, 16)
(21, 29, 15)
(21, 30, 15)
(21, 31, 15)
(21, 32, 13)
(21, 33, 13)
(21, 34, 12)
(21, 35, 12)
(21, 36, 12)
(21, 37, 11)
(21, 38, 9)
(21, 39, 9)

(22, 0, 257)
(22, 1, 172)
(22, 2, 116)
(22, 3, 96)
(22, 4, 81)
(22, 5, 69)
(22, 6, 67)
(22, 7, 62)
(22, 8, 61)
(22, 9, 52)
(22, 10, 44)
(22, 11, 36)
(22, 12, 35)
(22, 13, 33)
(22, 14, 33)
(22, 15, 33)
(22, 16, 30)
(22, 17, 30)
(22, 18, 28)
(22, 19, 28)
(22, 20, 28)
(22, 21, 27)
(22, 22, 22)
(22, 23, 18)
(22, 24, 17)
(22, 25, 15)
(22, 26, 15)
(22, 27, 14)
(22, 28, 14)
(22, 29, 13)
(22, 30, 13)
(22, 31, 13)
(22, 32, 11)
(22, 33, 11)
(22, 34, 10)
(22, 35, 10)
(22, 36, 10)
(22, 37, 10)
(22, 38, 8)
(22, 39, 8)

(23, 0, 274)
(23, 1, 186)
(23, 2, 127)
(23, 3, 105)
(23, 4, 88)
(23, 5, 75)
(23, 6, 73)
(23, 7, 66)
(23, 8, 65)
(23, 9, 55)
(23, 10, 47)
(23, 11, 37)
(23, 12, 36)
(23, 13, 35)
(23, 14, 35)
(23, 15, 35)
(23, 16, 32)
(23, 17, 32)
(23, 18, 30)
(23, 19, 30)
(23, 20, 30)
(23, 21, 29)
(23, 22, 24)
(23, 23, 20)
(23, 24, 19)
(23, 25, 17)
(23, 26, 17)
(23, 27, 16)
(23, 28, 16)
(23, 29, 15)
(23, 30, 14)
(23, 31, 13)
(23, 32, 11)
(23, 33, 11)
(23, 34, 10)
(23, 35, 10)
(23, 36, 10)
(23, 37, 10)
(23, 38, 8)
(23, 39, 8)

(24, 0, 287)
(24, 1, 196)
(24, 2, 134)
(24, 3, 110)
(24, 4, 93)
(24, 5, 79)
(24, 6, 77)
(24, 7, 70)
(24, 8, 68)
(24, 9, 57)
(24, 10, 48)
(24, 11, 38)
(24, 12, 37)
(24, 13, 35)
(24, 14, 34)
(24, 15, 34)
(24, 16, 31)
(24, 17, 31)
(24, 18, 29)
(24, 19, 29)
(24, 20, 29)
(24, 21, 28)
(24, 22, 23)
(24, 23, 19)
(24, 24, 18)
(24, 25, 16)
(24, 26, 16)
(24, 27, 15)
(24, 28, 15)
(24, 29, 14)
(24, 30, 13)
(24, 31, 13)
(24, 32, 11)
(24, 33, 11)
(24, 34, 10)
(24, 35, 10)
(24, 36, 10)
(24, 37, 10)
(24, 38, 8)
(24, 39, 8)

(25, 0, 302)
(25, 1, 208)
(25, 2, 145)
(25, 3, 118)
(25, 4, 98)
(25, 5, 83)
(25, 6, 80)
(25, 7, 73)
(25, 8, 70)
(25, 9, 59)
(25, 10, 50)
(25, 11, 39)
(25, 12, 38)
(25, 13, 37)
(25, 14, 36)
(25, 15, 36)
(25, 16, 33)
(25, 17, 33)
(25, 18, 31)
(25, 19, 31)
(25, 20, 31)
(25, 21, 30)
(25, 22, 25)
(25, 23, 21)
(25, 24, 20)
(25, 25, 17)
(25, 26, 17)
(25, 27, 16)
(25, 28, 16)
(25, 29, 15)
(25, 30, 14)
(25, 31, 14)
(25, 32, 11)
(25, 33, 11)
(25, 34, 10)
(25, 35, 10)
(25, 36, 10)
(25, 37, 10)
(25, 38, 8)
(25, 39, 8)

(26, 0, 304)
(26, 1, 209)
(26, 2, 146)
(26, 3, 119)
(26, 4, 99)
(26, 5, 84)
(26, 6, 81)
(26, 7, 74)
(26, 8, 71)
(26, 9, 60)
(26, 10, 51)
(26, 11, 40)
(26, 12, 39)
(26, 13, 38)
(26, 14, 37)
(26, 15, 37)
(26, 16, 34)
(26, 17, 34)
(26, 18, 32)
(26, 19, 32)
(26, 20, 32)
(26, 21, 31)
(26, 22, 26)
(26, 23, 22)
(26, 24, 20)
(26, 25, 17)
(26, 26, 17)
(26, 27, 16)
(26, 28, 16)
(26, 29, 15)
(26, 30, 14)
(26, 31, 14)
(26, 32, 11)
(26, 33, 11)
(26, 34, 10)
(26, 35, 10)
(26, 36, 10)
(26, 37, 10)
(26, 38, 8)
(26, 39, 8)

(27, 0, 306)
(27, 1, 211)
(27, 2, 148)
(27, 3, 120)
(27, 4, 100)
(27, 5, 85)
(27, 6, 82)
(27, 7, 75)
(27, 8, 72)
(27, 9, 61)
(27, 10, 52)
(27, 11, 41)
(27, 12, 40)
(27, 13, 39)
(27, 14, 38)
(27, 15, 38)
(27, 16, 35)
(27, 17, 35)
(27, 18, 33)
(27, 19, 33)
(27, 20, 33)
(27, 21, 32)
(27, 22, 26)
(27, 23, 22)
(27, 24, 21)
(27, 25, 18)
(27, 26, 18)
(27, 27, 17)
(27, 28, 17)
(27, 29, 16)
(27, 30, 15)
(27, 31, 15)
(27, 32, 12)
(27, 33, 11)
(27, 34, 10)
(27, 35, 10)
(27, 36, 10)
(27, 37, 10)
(27, 38, 8)
(27, 39, 8)

(28, 0, 309)
(28, 1, 214)
(28, 2, 151)
(28, 3, 123)
(28, 4, 102)
(28, 5, 86)
(28, 6, 83)
(28, 7, 76)
(28, 8, 73)
(28, 9, 62)
(28, 10, 53)
(28, 11, 42)
(28, 12, 41)
(28, 13, 40)
(28, 14, 39)
(28, 15, 39)
(28, 16, 36)
(28, 17, 36)
(28, 18, 34)
(28, 19, 34)
(28, 20, 34)
(28, 21, 33)
(28, 22, 27)
(28, 23, 23)
(28, 24, 22)
(28, 25, 19)
(28, 26, 19)
(28, 27, 18)
(28, 28, 18)
(28, 29, 17)
(28, 30, 16)
(28, 31, 16)
(28, 32, 13)
(28, 33, 11)
(28, 34, 10)
(28, 35, 10)
(28, 36, 10)
(28, 37, 10)
(28, 38, 8)
(28, 39, 8)

(29, 0, 310)
(29, 1, 215)
(29, 2, 152)
(29, 3, 124)
(29, 4, 102)
(29, 5, 86)
(29, 6, 83)
(29, 7, 76)
(29, 8, 73)
(29, 9, 62)
(29, 10, 53)
(29, 11, 42)
(29, 12, 41)
(29, 13, 40)
(29, 14, 39)
(29, 15, 39)
(29, 16, 36)
(29, 17, 36)
(29, 18, 34)
(29, 19, 34)
(29, 20, 34)
(29, 21, 33)
(29, 22, 27)
(29, 23, 23)
(29, 24, 22)
(29, 25, 19)
(29, 26, 19)
(29, 27, 18)
(29, 28, 18)
(29, 29, 17)
(29, 30, 16)
(29, 31, 16)
(29, 32, 13)
(29, 33, 11)
(29, 34, 10)
(29, 35, 10)
(29, 36, 10)
(29, 37, 10)
(29, 38, 8)
(29, 39, 8)

(30, 0, 310)
(30, 1, 215)
(30, 2, 152)
(30, 3, 124)
(30, 4, 102)
(30, 5, 86)
(30, 6, 83)
(30, 7, 76)
(30, 8, 73)
(30, 9, 62)
(30, 10, 53)
(30, 11, 42)
(30, 12, 41)
(30, 13, 40)
(30, 14, 39)
(30, 15, 39)
(30, 16, 36)
(30, 17, 36)
(30, 18, 34)
(30, 19, 34)
(30, 20, 34)
(30, 21, 33)
(30, 22, 27)
(30, 23, 23)
(30, 24, 22)
(30, 25, 19)
(30, 26, 19)
(30, 27, 18)
(30, 28, 18)
(30, 29, 17)
(30, 30, 16)
(30, 31, 16)
(30, 32, 13)
(30, 33, 11)
(30, 34, 10)
(30, 35, 10)
(30, 36, 10)
(30, 37, 10)
(30, 38, 8)
(30, 39, 8)

(31, 0, 312)
(31, 1, 216)
(31, 2, 153)
(31, 3, 125)
(31, 4, 103)
(31, 5, 87)
(31, 6, 84)
(31, 7, 77)
(31, 8, 74)
(31, 9, 63)
(31, 10, 54)
(31, 11, 43)
(31, 12, 42)
(31, 13, 41)
(31, 14, 40)
(31, 15, 40)
(31, 16, 37)
(31, 17, 37)
(31, 18, 35)
(31, 19, 35)
(31, 20, 35)
(31, 21, 34)
(31, 22, 28)
(31, 23, 24)
(31, 24, 23)
(31, 25, 20)
(31, 26, 20)
(31, 27, 19)
(31, 28, 19)
(31, 29, 18)
(31, 30, 17)
(31, 31, 17)
(31, 32, 14)
(31, 33, 12)
(31, 34, 11)
(31, 35, 11)
(31, 36, 11)
(31, 37, 11)
(31, 38, 9)
(31, 39, 9)

(32, 0, 329)
(32, 1, 219)
(32, 2, 155)
(32, 3, 127)
(32, 4, 105)
(32, 5, 89)
(32, 6, 86)
(32, 7, 79)
(32, 8, 76)
(32, 9, 65)
(32, 10, 56)
(32, 11, 45)
(32, 12, 44)
(32, 13, 43)
(32, 14, 42)
(32, 15, 42)
(32, 16, 39)
(32, 17, 39)
(32, 18, 37)
(32, 19, 37)
(32, 20, 37)
(32, 21, 36)
(32, 22, 30)
(32, 23, 25)
(32, 24, 24)
(32, 25, 21)
(32, 26, 21)
(32, 27, 20)
(32, 28, 20)
(32, 29, 19)
(32, 30, 18)
(32, 31, 18)
(32, 32, 15)
(32, 33, 13)
(32, 34, 12)
(32, 35, 12)
(32, 36, 12)
(32, 37, 12)
(32, 38, 10)
(32, 39, 10)

(33, 0, 333)
(33, 1, 222)
(33, 2, 157)
(33, 3, 129)
(33, 4, 107)
(33, 5, 91)
(33, 6, 88)
(33, 7, 81)
(33, 8, 78)
(33, 9, 67)
(33, 10, 58)
(33, 11, 47)
(33, 12, 46)
(33, 13, 45)
(33, 14, 44)
(33, 15, 44)
(33, 16, 40)
(33, 17, 39)
(33, 18, 37)
(33, 19, 37)
(33, 20, 37)
(33, 21, 36)
(33, 22, 30)
(33, 23, 25)
(33, 24, 24)
(33, 25, 21)
(33, 26, 21)
(33, 27, 20)
(33, 28, 20)
(33, 29, 19)
(33, 30, 18)
(33, 31, 18)
(33, 32, 15)
(33, 33, 13)
(33, 34, 12)
(33, 35, 12)
(33, 36, 12)
(33, 37, 12)
(33, 38, 10)
(33, 39, 10)

(34, 0, 337)
(34, 1, 226)
(34, 2, 161)
(34, 3, 132)
(34, 4, 110)
(34, 5, 94)
(34, 6, 91)
(34, 7, 82)
(34, 8, 79)
(34, 9, 68)
(34, 10, 59)
(34, 11, 47)
(34, 12, 46)
(34, 13, 45)
(34, 14, 44)
(34, 15, 44)
(34, 16, 40)
(34, 17, 40)
(34, 18, 38)
(34, 19, 38)
(34, 20, 38)
(34, 21, 37)
(34, 22, 31)
(34, 23, 26)
(34, 24, 25)
(34, 25, 22)
(34, 26, 22)
(34, 27, 21)
(34, 28, 21)
(34, 29, 20)
(34, 30, 19)
(34, 31, 19)
(34, 32, 16)
(34, 33, 14)
(34, 34, 13)
(34, 35, 13)
(34, 36, 13)
(34, 37, 13)
(34, 38, 11)
(34, 39, 11)

(35, 0, 339)
(35, 1, 228)
(35, 2, 163)
(35, 3, 134)
(35, 4, 112)
(35, 5, 96)
(35, 6, 93)
(35, 7, 84)
(35, 8, 81)
(35, 9, 70)
(35, 10, 61)
(35, 11, 49)
(35, 12, 48)
(35, 13, 46)
(35, 14, 45)
(35, 15, 45)
(35, 16, 41)
(35, 17, 41)
(35, 18, 39)
(35, 19, 39)
(35, 20, 39)
(35, 21, 38)
(35, 22, 32)
(35, 23, 27)
(35, 24, 26)
(35, 25, 22)
(35, 26, 22)
(35, 27, 21)
(35, 28, 21)
(35, 29, 20)
(35, 30, 19)
(35, 31, 19)
(35, 32, 16)
(35, 33, 14)
(35, 34, 13)
(35, 35, 13)
(35, 36, 13)
(35, 37, 13)
(35, 38, 11)
(35, 39, 11)

(36, 0, 340)
(36, 1, 229)
(36, 2, 164)
(36, 3, 135)
(36, 4, 113)
(36, 5, 97)
(36, 6, 94)
(36, 7, 85)
(36, 8, 82)
(36, 9, 71)
(36, 10, 62)
(36, 11, 50)
(36, 12, 49)
(36, 13, 47)
(36, 14, 46)
(36, 15, 46)
(36, 16, 42)
(36, 17, 42)
(36, 18, 40)
(36, 19, 39)
(36, 20, 39)
(36, 21, 38)
(36, 22, 32)
(36, 23, 27)
(36, 24, 26)
(36, 25, 22)
(36, 26, 22)
(36, 27, 21)
(36, 28, 21)
(36, 29, 20)
(36, 30, 19)
(36, 31, 19)
(36, 32, 16)
(36, 33, 14)
(36, 34, 13)
(36, 35, 13)
(36, 36, 13)
(36, 37, 13)
(36, 38, 11)
(36, 39, 11)

(37, 0, 360)
(37, 1, 247)
(37, 2, 180)
(37, 3, 148)
(37, 4, 125)
(37, 5, 109)
(37, 6, 105)
(37, 7, 95)
(37, 8, 91)
(37, 9, 79)
(37, 10, 70)
(37, 11, 57)
(37, 12, 55)
(37, 13, 52)
(37, 14, 49)
(37, 15, 49)
(37, 16, 44)
(37, 17, 44)
(37, 18, 42)
(37, 19, 41)
(37, 20, 41)
(37, 21, 40)
(37, 22, 34)
(37, 23, 29)
(37, 24, 28)
(37, 25, 23)
(37, 26, 23)
(37, 27, 22)
(37, 28, 22)
(37, 29, 21)
(37, 30, 20)
(37, 31, 20)
(37, 32, 17)
(37, 33, 15)
(37, 34, 14)
(37, 35, 14)
(37, 36, 14)
(37, 37, 14)
(37, 38, 12)
(37, 39, 12)

(38, 0, 398)
(38, 1, 276)
(38, 2, 200)
(38, 3, 161)
(38, 4, 136)
(38, 5, 117)
(38, 6, 112)
(38, 7, 101)
(38, 8, 94)
(38, 9, 79)
(38, 10, 67)
(38, 11, 53)
(38, 12, 51)
(38, 13, 49)
(38, 14, 47)
(38, 15, 47)
(38, 16, 43)
(38, 17, 43)
(38, 18, 41)
(38, 19, 40)
(38, 20, 40)
(38, 21, 39)
(38, 22, 33)
(38, 23, 28)
(38, 24, 27)
(38, 25, 23)
(38, 26, 23)
(38, 27, 22)
(38, 28, 22)
(38, 29, 21)
(38, 30, 20)
(38, 31, 20)
(38, 32, 17)
(38, 33, 15)
(38, 34, 14)
(38, 35, 14)
(38, 36, 14)
(38, 37, 14)
(38, 38, 12)
(38, 39, 12)

(39, 0, 484)
(39, 1, 330)
(39, 2, 236)
(39, 3, 187)
(39, 4, 158)
(39, 5, 133)
(39, 6, 127)
(39, 7, 111)
(39, 8, 102)
(39, 9, 84)
(39, 10, 70)
(39, 11, 56)
(39, 12, 55)
(39, 13, 53)
(39, 14, 50)
(39, 15, 50)
(39, 16, 45)
(39, 17, 45)
(39, 18, 42)
(39, 19, 41)
(39, 20, 41)
(39, 21, 40)
(39, 22, 34)
(39, 23, 28)
(39, 24, 27)
(39, 25, 23)
(39, 26, 23)
(39, 27, 22)
(39, 28, 21)
(39, 29, 20)
(39, 30, 19)
(39, 31, 19)
(39, 32, 16)
(39, 33, 14)
(39, 34, 12)
(39, 35, 12)
(39, 36, 12)
(39, 37, 12)
(39, 38, 10)
(39, 39, 10)


Betti numbers:
xi_0:
(0, 0, 10)
(1, 0, 10)
(2, 0, 9)
(3, 0, 2)
(4, 0, 1)
(5, 0, 2)
(6, 0, 7)
(7, 0, 17)
(8, 0, 9)
(9, 0, 8)
(10, 0, 4)
(11, 0, 2)
(12, 0, 2)
(14, 0, 7)
(15, 0, 14)
(16, 0, 11)
(17, 0, 17)
(18, 0, 9)
(19, 0, 23)
(20, 0, 30)
(21, 0, 38)
(22, 0, 26)
(23, 0, 17)
(24, 0, 13)
(25, 0, 15)
(26, 0, 2)
(27, 0, 2)
(28, 0, 3)
(29, 0, 1)
(31, 0, 2)
(32, 0, 17)
(33, 0, 4)
(34, 0, 4)
(35, 0, 2)
(36, 0, 1)
(37, 0, 20)
(38, 0, 38)
(39, 0, 87)
xi_1:
(0, 1, 6)
(0, 2, 2)
(0, 3, 1)
(1, 1, 6)
(1, 2, 1)
(1, 3, 1)
(1, 4, 1)
(1, 5, 1)
(2, 1, 6)
(2, 2, 2)
(2, 3, 1)
(3, 5, 1)
(3, 10, 1)
(4, 7, 1)
(5, 16, 1)
(6, 1, 1)
(6, 2, 1)
(6, 3, 1)
(6, 4, 1)
(6, 5, 1)
(6, 24, 1)
(6, 27, 1)
(7, 1, 10)
(7, 2, 4)
(7, 3, 1)
(7, 4, 1)
(7, 5, 1)
(7, 10, 1)
(7, 23, 1)
(8, 2, 3)
(8, 3, 1)
(8, 5, 1)
(8, 10, 1)
(8, 18, 1)
(8, 26, 1)
(9, 1, 1)
(9, 2, 3)
(9, 3, 1)
(9, 4, 1)
(9, 9, 1)
(9, 10, 1)
(9, 23, 1)
(10, 1, 1)
(10, 2, 1)
(10, 4, 1)
(10, 9, 1)
(11, 11, 1)
(11, 21, 1)
(12, 1, 1)
(12, 9, 1)
(12, 32, 1)
(14, 1, 3)
(14, 2, 2)
(15, 1, 6)
(15, 2, 3)
(15, 3, 1)
(15, 4, 1)
(15, 11, 1)
(15, 22, 1)
(15, 38, 1)
(16, 1, 3)
(16, 2, 3)
(16, 4, 2)
(16, 9, 1)
(16, 11, 1)
(17, 1, 9)
(17, 2, 1)
(17, 3, 2)
(17, 7, 1)
(17, 10, 1)
(17, 11, 1)
(17, 12, 1)
(18, 1, 3)
(18, 2, 2)
(18, 3, 1)
(18, 5, 1)
(18, 11, 1)
(18, 25, 1)
(19, 1, 8)
(19, 2, 6)
(19, 3, 1)
(19, 4, 2)
(19, 9, 2)
(19, 18, 1)
(19, 23, 1)
(19, 25, 1)
(19, 27, 1)
(20, 1, 5)
(20, 2, 7)
(20, 3, 5)
(20, 4, 3)
(20, 5, 1)
(20, 7, 1)
(20, 9, 2)
(20, 11, 1)
(20, 13, 1)
(20, 16, 1)
(20, 17, 1)
(20, 20, 1)
(20, 22, 2)
(20, 34, 1)
(20, 38, 1)
(21, 0, 1)
(21, 1, 10)
(21, 2, 7)
(21, 3, 3)
(21, 4, 3)
(21, 5, 4)
(21, 6, 1)
(21, 7, 2)
(21, 8, 1)
(21, 9, 1)
(21, 10, 3)
(21, 11, 2)
(21, 13, 1)
(21, 22, 1)
(21, 24, 1)
(21, 29, 1)
(21, 32, 1)
(21, 37, 1)
(22, 1, 7)
(22, 2, 9)
(22, 5, 3)
(22, 6, 1)
(22, 11, 2)
(22, 13, 1)
(22, 16, 1)
(22, 22, 1)
(22, 23, 1)
(22, 25, 2)
(23, 1, 3)
(23, 2, 3)
(23, 3, 2)
(23, 4, 2)
(23, 5, 1)
(23, 7, 2)
(23, 9, 1)
(23, 11, 2)
(23, 30, 1)
(23, 31, 1)
(24, 1, 3)
(24, 2, 3)
(24, 3, 2)
(24, 5, 1)
(24, 8, 1)
(24, 9, 1)
(24, 10, 1)
(24, 11, 1)
(24, 13, 1)
(24, 14, 1)
(25, 1, 3)
(25, 2, 1)
(25, 3, 3)
(25, 4, 3)
(25, 5, 1)
(25, 6, 1)
(25, 8, 1)
(25, 11, 1)
(25, 25, 1)
(25, 32, 1)
(26, 1, 1)
(26, 24, 1)
(27, 3, 1)
(27, 22, 1)
(27, 33, 1)
(28, 4, 1)
(28, 5, 1)
(28, 33, 1)
(29, 4, 1)
(31, 1, 1)
(32, 1, 14)
(32, 2, 1)
(32, 23, 1)
(33, 1, 1)
(33, 2, 1)
(33, 16, 1)
(33, 17, 1)
(34, 3, 1)
(34, 7, 2)
(34, 11, 1)
(35, 13, 1)
(35, 25, 1)
(36, 19, 1)
(37, 1, 2)
(37, 2, 2)
(37, 3, 3)
(37, 4, 1)
(37, 6, 1)
(37, 7, 1)
(37, 8, 1)
(37, 9, 1)
(37, 11, 1)
(37, 12, 1)
(37, 13, 1)
(37, 14, 2)
(37, 16, 1)
(37, 25, 1)
(38, 1, 9)
(38, 2, 9)
(38, 3, 7)
(38, 4, 2)
(38, 5, 3)
(38, 6, 1)
(38, 7, 1)
(38, 8, 3)
(38, 9, 3)
(38, 10, 3)
(38, 11, 1)
(38, 12, 1)
(39, 0, 1)
(39, 1, 33)
(39, 2, 18)
(39, 3, 11)
(39, 4, 4)
(39, 5, 6)
(39, 6, 2)
(39, 7, 5)
(39, 8, 2)
(39, 9, 4)
(39, 10, 2)
(39, 14, 1)
(39, 16, 1)
(39, 18, 1)
(39, 23, 1)
(39, 28, 1)
(39, 34, 1)
xi_2:
(2, 4, 1)
(7, 5, 1)
(7, 24, 1)
(9, 26, 1)
(12, 11, 1)
(15, 2, 1)
(19, 5, 1)
(19, 25, 1)
(20, 25, 1)
(20, 27, 1)
(21, 1, 1)
(21, 11, 1)
(21, 13, 1)
(21, 17, 1)
(21, 20, 1)
(22, 37, 1)
(23, 13, 1)
(24, 11, 1)
(24, 31, 1)
(25, 13, 1)
(27, 24, 1)
(34, 17, 1)
(38, 12, 1)
(38, 13, 1)
(38, 14, 1)
(38, 16, 1)
(38, 25, 1)
(39, 1, 1)
(39, 3, 1)
(39, 6, 1)
(39, 9, 1)
(39, 12, 1)
