x-grades
-70130855932756613/40000000000000000
-34434760459955913/20000000000000000
-67608185907067039/40000000000000000
-16586712723555563/10000000000000000
-13017103176275493/8000000000000000
-31912090434266339/20000000000000000
-62562845855687891/40000000000000000
-1915672213838847/1250000000000000
-60040175829998317/40000000000000000
-5877884081715353/4000000000000000
-57517505804308743/40000000000000000
-14064042697865989/10000000000000000
-54994835778619169/40000000000000000
-26866750382887191/20000000000000000
-10494433150585919/8000000000000000
-6401353842510601/5000000000000000
-49949495727240021/40000000000000000
-24344080357197617/20000000000000000
-47426825701550447/40000000000000000
-2308274534435283/2000000000000000
-44904155675860873/40000000000000000
-21821410331508043/20000000000000000
-42381485650171299/40000000000000000
-2570009414832907/2500000000000000
-1594352624979269/1600000000000000
-19298740305818469/20000000000000000
-37336145598792151/40000000000000000
-9018702646486841/10000000000000000
-34813475573102577/40000000000000000
-3355214056025779/4000000000000000
-32290805547413003/40000000000000000
-3878683816821027/5000000000000000
-29768135521723429/40000000000000000
-14253400254439321/20000000000000000
-5449093099206771/8000000000000000
-6496032620797267/10000000000000000
-24722795470344281/40000000000000000
-11730730228749747/20000000000000000
-22200125444654707/40000000000000000
-32716860049703/62500000000000

y-grades
7560287/40000000
7560287/20000000
22680861/40000000
7560287/10000000
7560287/8000000
22680861/20000000
52922009/40000000
7560287/5000000
68042583/40000000
7560287/4000000
83163157/40000000
22680861/10000000
98283731/40000000
52922009/20000000
22680861/8000000
7560287/2500000
128524879/40000000
68042583/20000000
143645453/40000000
7560287/2000000
158766027/40000000
83163157/20000000
173886601/40000000
22680861/5000000
7560287/1600000
98283731/20000000
204127749/40000000
52922009/10000000
219248323/40000000
22680861/4000000
234368897/40000000
7560287/1250000
249489471/40000000
128524879/20000000
52922009/8000000
68042583/10000000
279730619/40000000
143645453/20000000
294851193/40000000
7560287/1000000

Dimensions > 0:
(0, 0, 18)
(0, 1, 1)
(0, 2, 1)
(0, 3, 1)
(0, 4, 1)
(0, 5, 1)
(0, 6, 1)
(0, 7, 1)
(0, 8, 1)
(0, 9, 1)
(0, 10, 1)
(0, 11, 1)
(0, 12, 1)
(0, 13, 1)
(0, 14, 1)
(0, 15, 1)
(0, 16, 1)
(0, 17, 1)
(0, 18, 1)
(0, 19, 1)
(0, 20, 1)
(0, 21, 1)
(0, 22, 1)
(0, 23, 1)
(0, 24, 1)
(0, 25, 1)
(0, 26, 1)
(0, 27, 1)
(0, 28, 1)
(0, 29, 1)
(0, 30, 1)
(0, 31, 1)
(0, 32, 1)
(0, 33, 1)
(0, 34, 1)
(0, 35, 1)
(0, 36, 1)
(0, 37, 1)
(0, 38, 1)
(0, 39, 1)

(1, 0, 26)
(1, 1, 2)
(1, 2, 2)
(1, 3, 2)
(1, 4, 2)
(1, 5, 2)
(1, 6, 2)
(1, 7, 2)
(1, 8, 2)
(1, 9, 2)
(1, 10, 2)
(1, 11, 2)
(1, 12, 2)
(1, 13, 2)
(1, 14, 2)
(1, 15, 2)
(1, 16, 2)
(1, 17, 2)
(1, 18, 2)
(1, 19, 2)
(1, 20, 2)
(1, 21, 2)
(1, 22, 2)
(1, 23, 2)
(1, 24, 2)
(1, 25, 2)
(1, 26, 2)
(1, 27, 2)
(1, 28, 2)
(1, 29, 2)
(1, 30, 2)
(1, 31, 2)
(1, 32, 2)
(1, 33, 2)
(1, 34, 2)
(1, 35, 2)
(1, 36, 2)
(1, 37, 2)
(1, 38, 2)
(1, 39, 2)

(2, 0, 34)
(2, 1, 3)
(2, 2, 3)
(2, 3, 3)
(2, 4, 3)
(2, 5, 3)
(2, 6, 3)
(2, 7, 3)
(2, 8, 3)
(2, 9, 3)
(2, 10, 3)
(2, 11, 3)
(2, 12, 2)
(2, 13, 2)
(2, 14, 2)
(2, 15, 2)
(2, 16, 2)
(2, 17, 2)
(2, 18, 2)
(2, 19, 2)
(2, 20, 2)
(2, 21, 2)
(2, 22, 2)
(2, 23, 2)
(2, 24, 2)
(2, 25, 2)
(2, 26, 2)
(2, 27, 2)
(2, 28, 2)
(2, 29, 2)
(2, 30, 2)
(2, 31, 2)
(2, 32, 2)
(2, 33, 2)
(2, 34, 2)
(2, 35, 2)
(2, 36, 2)
(2, 37, 2)
(2, 38, 2)
(2, 39, 2)

(3, 0, 35)
(3, 1, 4)
(3, 2, 4)
(3, 3, 4)
(3, 4, 4)
(3, 5, 4)
(3, 6, 4)
(3, 7, 4)
(3, 8, 4)
(3, 9, 4)
(3, 10, 4)
(3, 11, 4)
(3, 12, 3)
(3, 13, 2)
(3, 14, 2)
(3, 15, 2)
(3, 16, 2)
(3, 17, 2)
(3, 18, 2)
(3, 19, 2)
(3, 20, 2)
(3, 21, 2)
(3, 22, 2)
(3, 23, 2)
(3, 24, 2)
(3, 25, 2)
(3, 26, 2)
(3, 27, 2)
(3, 28, 2)
(3, 29, 2)
(3, 30, 2)
(3, 31, 2)
(3, 32, 2)
(3, 33, 2)
(3, 34, 2)
(3, 35, 2)
(3, 36, 2)
(3, 37, 2)
(3, 38, 2)
(3, 39, 2)

(4, 0, 43)
(4, 1, 12)
(4, 2, 5)
(4, 3, 5)
(4, 4, 5)
(4, 5, 5)
(4, 6, 5)
(4, 7, 4)
(4, 8, 4)
(4, 9, 4)
(4, 10, 4)
(4, 11, 4)
(4, 12, 2)
(4, 13, 2)
(4, 14, 2)
(4, 15, 2)
(4, 16, 2)
(4, 17, 2)
(4, 18, 2)
(4, 19, 2)
(4, 20, 2)
(4, 21, 2)
(4, 22, 2)
(4, 23, 2)
(4, 24, 2)
(4, 25, 2)
(4, 26, 2)
(4, 27, 2)
(4, 28, 2)
(4, 29, 2)
(4, 30, 2)
(4, 31, 2)
(4, 32, 2)
(4, 33, 2)
(4, 34, 2)
(4, 35, 2)
(4, 36, 2)
(4, 37, 2)
(4, 38, 2)
(4, 39, 2)

(5, 0, 49)
(5, 1, 18)
(5, 2, 5)
(5, 3, 5)
(5, 4, 5)
(5, 5, 5)
(5, 6, 5)
(5, 7, 4)
(5, 8, 4)
(5, 9, 4)
(5, 10, 4)
(5, 11, 4)
(5, 12, 2)
(5, 13, 2)
(5, 14, 2)
(5, 15, 2)
(5, 16, 2)
(5, 17, 2)
(5, 18, 2)
(5, 19, 2)
(5, 20, 2)
(5, 21, 2)
(5, 22, 2)
(5, 23, 2)
(5, 24, 2)
(5, 25, 2)
(5, 26, 2)
(5, 27, 2)
(5, 28, 2)
(5, 29, 2)
(5, 30, 2)
(5, 31, 2)
(5, 32, 2)
(5, 33, 2)
(5, 34, 2)
(5, 35, 2)
(5, 36, 2)
(5, 37, 2)
(5, 38, 2)
(5, 39, 2)

(6, 0, 61)
(6, 1, 30)
(6, 2, 7)
(6, 3, 7)
(6, 4, 7)
(6, 5, 7)
(6, 6, 7)
(6, 7, 6)
(6, 8, 6)
(6, 9, 6)
(6, 10, 5)
(6, 11, 5)
(6, 12, 3)
(6, 13, 3)
(6, 14, 3)
(6, 15, 2)
(6, 16, 2)
(6, 17, 2)
(6, 18, 2)
(6, 19, 2)
(6, 20, 2)
(6, 21, 2)
(6, 22, 2)
(6, 23, 2)
(6, 24, 2)
(6, 25, 2)
(6, 26, 2)
(6, 27, 2)
(6, 28, 2)
(6, 29, 2)
(6, 30, 2)
(6, 31, 2)
(6, 32, 2)
(6, 33, 2)
(6, 34, 2)
(6, 35, 2)
(6, 36, 2)
(6, 37, 2)
(6, 38, 2)
(6, 39, 2)

(7, 0, 76)
(7, 1, 31)
(7, 2, 8)
(7, 3, 8)
(7, 4, 8)
(7, 5, 8)
(7, 6, 8)
(7, 7, 7)
(7, 8, 7)
(7, 9, 7)
(7, 10, 6)
(7, 11, 6)
(7, 12, 4)
(7, 13, 4)
(7, 14, 4)
(7, 15, 3)
(7, 16, 3)
(7, 17, 3)
(7, 18, 3)
(7, 19, 3)
(7, 20, 3)
(7, 21, 3)
(7, 22, 3)
(7, 23, 3)
(7, 24, 3)
(7, 25, 3)
(7, 26, 3)
(7, 27, 3)
(7, 28, 3)
(7, 29, 3)
(7, 30, 3)
(7, 31, 3)
(7, 32, 3)
(7, 33, 3)
(7, 34, 3)
(7, 35, 3)
(7, 36, 3)
(7, 37, 3)
(7, 38, 3)
(7, 39, 3)

(8, 0, 85)
(8, 1, 31)
(8, 2, 8)
(8, 3, 8)
(8, 4, 8)
(8, 5, 8)
(8, 6, 8)
(8, 7, 7)
(8, 8, 7)
(8, 9, 7)
(8, 10, 6)
(8, 11, 6)
(8, 12, 4)
(8, 13, 4)
(8, 14, 4)
(8, 15, 3)
(8, 16, 3)
(8, 17, 3)
(8, 18, 3)
(8, 19, 3)
(8, 20, 3)
(8, 21, 3)
(8, 22, 3)
(8, 23, 3)
(8, 24, 3)
(8, 25, 3)
(8, 26, 3)
(8, 27, 3)
(8, 28, 3)
(8, 29, 3)
(8, 30, 3)
(8, 31, 3)
(8, 32, 3)
(8, 33, 3)
(8, 34, 3)
(8, 35, 3)
(8, 36, 3)
(8, 37, 3)
(8, 38, 3)
(8, 39, 3)

(9, 0, 85)
(9, 1, 31)
(9, 2, 8)
(9, 3, 8)
(9, 4, 8)
(9, 5, 8)
(9, 6, 8)
(9, 7, 7)
(9, 8, 7)
(9, 9, 7)
(9, 10, 6)
(9, 11, 6)
(9, 12, 4)
(9, 13, 4)
(9, 14, 4)
(9, 15, 3)
(9, 16, 3)
(9, 17, 3)
(9, 18, 3)
(9, 19, 3)
(9, 20, 3)
(9, 21, 3)
(9, 22, 3)
(9, 23, 3)
(9, 24, 3)
(9, 25, 3)
(9, 26, 3)
(9, 27, 3)
(9, 28, 3)
(9, 29, 3)
(9, 30, 3)
(9, 31, 3)
(9, 32, 3)
(9, 33, 3)
(9, 34, 3)
(9, 35, 3)
(9, 36, 3)
(9, 37, 3)
(9, 38, 3)
(9, 39, 3)

(10, 0, 94)
(10, 1, 32)
(10, 2, 9)
(10, 3, 9)
(10, 4, 9)
(10, 5, 9)
(10, 6, 9)
(10, 7, 8)
(10, 8, 8)
(10, 9, 8)
(10, 10, 7)
(10, 11, 7)
(10, 12, 5)
(10, 13, 5)
(10, 14, 5)
(10, 15, 4)
(10, 16, 4)
(10, 17, 4)
(10, 18, 4)
(10, 19, 4)
(10, 20, 4)
(10, 21, 4)
(10, 22, 4)
(10, 23, 4)
(10, 24, 4)
(10, 25, 4)
(10, 26, 4)
(10, 27, 4)
(10, 28, 4)
(10, 29, 4)
(10, 30, 4)
(10, 31, 4)
(10, 32, 4)
(10, 33, 4)
(10, 34, 4)
(10, 35, 4)
(10, 36, 4)
(10, 37, 4)
(10, 38, 4)
(10, 39, 4)

(11, 0, 96)
(11, 1, 34)
(11, 2, 10)
(11, 3, 10)
(11, 4, 10)
(11, 5, 10)
(11, 6, 10)
(11, 7, 9)
(11, 8, 9)
(11, 9, 9)
(11, 10, 8)
(11, 11, 8)
(11, 12, 5)
(11, 13, 5)
(11, 14, 5)
(11, 15, 4)
(11, 16, 4)
(11, 17, 4)
(11, 18, 4)
(11, 19, 4)
(11, 20, 4)
(11, 21, 4)
(11, 22, 4)
(11, 23, 4)
(11, 24, 4)
(11, 25, 4)
(11, 26, 4)
(11, 27, 4)
(11, 28, 4)
(11, 29, 4)
(11, 30, 4)
(11, 31, 4)
(11, 32, 4)
(11, 33, 4)
(11, 34, 4)
(11, 35, 4)
(11, 36, 4)
(11, 37, 4)
(11, 38, 4)
(11, 39, 4)

(12, 0, 103)
(12, 1, 41)
(12, 2, 11)
(12, 3, 11)
(12, 4, 11)
(12, 5, 11)
(12, 6, 11)
(12, 7, 9)
(12, 8, 9)
(12, 9, 9)
(12, 10, 8)
(12, 11, 8)
(12, 12, 5)
(12, 13, 5)
(12, 14, 5)
(12, 15, 4)
(12, 16, 4)
(12, 17, 4)
(12, 18, 4)
(12, 19, 4)
(12, 20, 4)
(12, 21, 4)
(12, 22, 4)
(12, 23, 4)
(12, 24, 4)
(12, 25, 4)
(12, 26, 4)
(12, 27, 4)
(12, 28, 4)
(12, 29, 4)
(12, 30, 4)
(12, 31, 4)
(12, 32, 4)
(12, 33, 4)
(12, 34, 4)
(12, 35, 4)
(12, 36, 4)
(12, 37, 4)
(12, 38, 4)
(12, 39, 4)

(13, 0, 127)
(13, 1, 48)
(13, 2, 12)
(13, 3, 12)
(13, 4, 12)
(13, 5, 12)
(13, 6, 12)
(13, 7, 10)
(13, 8, 10)
(13, 9, 10)
(13, 10, 9)
(13, 11, 9)
(13, 12, 6)
(13, 13, 6)
(13, 14, 6)
(13, 15, 5)
(13, 16, 5)
(13, 17, 5)
(13, 18, 5)
(13, 19, 5)
(13, 20, 5)
(13, 21, 5)
(13, 22, 5)
(13, 23, 5)
(13, 24, 5)
(13, 25, 5)
(13, 26, 5)
(13, 27, 5)
(13, 28, 5)
(13, 29, 5)
(13, 30, 5)
(13, 31, 5)
(13, 32, 5)
(13, 33, 5)
(13, 34, 5)
(13, 35, 5)
(13, 36, 5)
(13, 37, 5)
(13, 38, 5)
(13, 39, 5)

(14, 0, 148)
(14, 1, 61)
(14, 2, 14)
(14, 3, 14)
(14, 4, 14)
(14, 5, 14)
(14, 6, 14)
(14, 7, 12)
(14, 8, 12)
(14, 9, 11)
(14, 10, 10)
(14, 11, 10)
(14, 12, 7)
(14, 13, 7)
(14, 14, 7)
(14, 15, 5)
(14, 16, 5)
(14, 17, 5)
(14, 18, 5)
(14, 19, 5)
(14, 20, 5)
(14, 21, 5)
(14, 22, 5)
(14, 23, 5)
(14, 24, 5)
(14, 25, 5)
(14, 26, 5)
(14, 27, 5)
(14, 28, 5)
(14, 29, 5)
(14, 30, 5)
(14, 31, 5)
(14, 32, 5)
(14, 33, 5)
(14, 34, 5)
(14, 35, 5)
(14, 36, 5)
(14, 37, 5)
(14, 38, 5)
(14, 39, 5)

(15, 0, 148)
(15, 1, 61)
(15, 2, 14)
(15, 3, 14)
(15, 4, 14)
(15, 5, 14)
(15, 6, 14)
(15, 7, 12)
(15, 8, 12)
(15, 9, 11)
(15, 10, 10)
(15, 11, 10)
(15, 12, 7)
(15, 13, 7)
(15, 14, 7)
(15, 15, 5)
(15, 16, 5)
(15, 17, 5)
(15, 18, 5)
(15, 19, 5)
(15, 20, 5)
(15, 21, 5)
(15, 22, 5)
(15, 23, 5)
(15, 24, 5)
(15, 25, 5)
(15, 26, 5)
(15, 27, 5)
(15, 28, 5)
(15, 29, 5)
(15, 30, 5)
(15, 31, 5)
(15, 32, 5)
(15, 33, 5)
(15, 34, 5)
(15, 35, 5)
(15, 36, 5)
(15, 37, 5)
(15, 38, 5)
(15, 39, 5)

(16, 0, 148)
(16, 1, 61)
(16, 2, 14)
(16, 3, 14)
(16, 4, 14)
(16, 5, 14)
(16, 6, 14)
(16, 7, 12)
(16, 8, 12)
(16, 9, 11)
(16, 10, 10)
(16, 11, 10)
(16, 12, 7)
(16, 13, 7)
(16, 14, 7)
(16, 15, 5)
(16, 16, 5)
(16, 17, 5)
(16, 18, 5)
(16, 19, 5)
(16, 20, 5)
(16, 21, 5)
(16, 22, 5)
(16, 23, 5)
(16, 24, 5)
(16, 25, 5)
(16, 26, 5)
(16, 27, 5)
(16, 28, 5)
(16, 29, 5)
(16, 30, 5)
(16, 31, 5)
(16, 32, 5)
(16, 33, 5)
(16, 34, 5)
(16, 35, 5)
(16, 36, 5)
(16, 37, 5)
(16, 38, 5)
(16, 39, 5)

(17, 0, 148)
(17, 1, 61)
(17, 2, 14)
(17, 3, 14)
(17, 4, 14)
(17, 5, 14)
(17, 6, 14)
(17, 7, 12)
(17, 8, 12)
(17, 9, 11)
(17, 10, 10)
(17, 11, 10)
(17, 12, 7)
(17, 13, 7)
(17, 14, 7)
(17, 15, 5)
(17, 16, 5)
(17, 17, 5)
(17, 18, 5)
(17, 19, 5)
(17, 20, 5)
(17, 21, 5)
(17, 22, 5)
(17, 23, 5)
(17, 24, 5)
(17, 25, 5)
(17, 26, 5)
(17, 27, 5)
(17, 28, 5)
(17, 29, 5)
(17, 30, 5)
(17, 31, 5)
(17, 32, 5)
(17, 33, 5)
(17, 34, 5)
(17, 35, 5)
(17, 36, 5)
(17, 37, 5)
(17, 38, 5)
(17, 39, 5)

(18, 0, 148)
(18, 1, 61)
(18, 2, 14)
(18, 3, 14)
(18, 4, 14)
(18, 5, 14)
(18, 6, 14)
(18, 7, 12)
(18, 8, 12)
(18, 9, 11)
(18, 10, 10)
(18, 11, 10)
(18, 12, 7)
(18, 13, 7)
(18, 14, 7)
(18, 15, 5)
(18, 16, 5)
(18, 17, 5)
(18, 18, 5)
(18, 19, 5)
(18, 20, 5)
(18, 21, 5)
(18, 22, 5)
(18, 23, 5)
(18, 24, 5)
(18, 25, 5)
(18, 26, 5)
(18, 27, 5)
(18, 28, 5)
(18, 29, 5)
(18, 30, 5)
(18, 31, 5)
(18, 32, 5)
(18, 33, 5)
(18, 34, 5)
(18, 35, 5)
(18, 36, 5)
(18, 37, 5)
(18, 38, 5)
(18, 39, 5)

(19, 0, 148)
(19, 1, 61)
(19, 2, 14)
(19, 3, 14)
(19, 4, 14)
(19, 5, 14)
(19, 6, 14)
(19, 7, 12)
(19, 8, 12)
(19, 9, 11)
(19, 10, 10)
(19, 11, 10)
(19, 12, 7)
(19, 13, 7)
(19, 14, 7)
(19, 15, 5)
(19, 16, 5)
(19, 17, 5)
(19, 18, 5)
(19, 19, 5)
(19, 20, 5)
(19, 21, 5)
(19, 22, 5)
(19, 23, 5)
(19, 24, 5)
(19, 25, 5)
(19, 26, 5)
(19, 27, 5)
(19, 28, 5)
(19, 29, 5)
(19, 30, 5)
(19, 31, 5)
(19, 32, 5)
(19, 33, 5)
(19, 34, 5)
(19, 35, 5)
(19, 36, 5)
(19, 37, 5)
(19, 38, 5)
(19, 39, 5)

(20, 0, 148)
(20, 1, 61)
(20, 2, 14)
(20, 3, 14)
(20, 4, 14)
(20, 5, 14)
(20, 6, 14)
(20, 7, 12)
(20, 8, 12)
(20, 9, 11)
(20, 10, 10)
(20, 11, 10)
(20, 12, 7)
(20, 13, 7)
(20, 14, 7)
(20, 15, 5)
(20, 16, 5)
(20, 17, 5)
(20, 18, 5)
(20, 19, 5)
(20, 20, 5)
(20, 21, 5)
(20, 22, 5)
(20, 23, 5)
(20, 24, 5)
(20, 25, 5)
(20, 26, 5)
(20, 27, 5)
(20, 28, 5)
(20, 29, 5)
(20, 30, 5)
(20, 31, 5)
(20, 32, 5)
(20, 33, 5)
(20, 34, 5)
(20, 35, 5)
(20, 36, 5)
(20, 37, 5)
(20, 38, 5)
(20, 39, 5)

(21, 0, 157)
(21, 1, 63)
(21, 2, 15)
(21, 3, 15)
(21, 4, 15)
(21, 5, 15)
(21, 6, 15)
(21, 7, 13)
(21, 8, 13)
(21, 9, 12)
(21, 10, 11)
(21, 11, 11)
(21, 12, 8)
(21, 13, 8)
(21, 14, 8)
(21, 15, 6)
(21, 16, 6)
(21, 17, 6)
(21, 18, 6)
(21, 19, 6)
(21, 20, 6)
(21, 21, 6)
(21, 22, 6)
(21, 23, 6)
(21, 24, 6)
(21, 25, 6)
(21, 26, 6)
(21, 27, 6)
(21, 28, 6)
(21, 29, 6)
(21, 30, 6)
(21, 31, 6)
(21, 32, 6)
(21, 33, 6)
(21, 34, 6)
(21, 35, 6)
(21, 36, 6)
(21, 37, 6)
(21, 38, 6)
(21, 39, 6)

(22, 0, 163)
(22, 1, 68)
(22, 2, 18)
(22, 3, 18)
(22, 4, 18)
(22, 5, 18)
(22, 6, 18)
(22, 7, 16)
(22, 8, 16)
(22, 9, 15)
(22, 10, 14)
(22, 11, 14)
(22, 12, 10)
(22, 13, 10)
(22, 14, 10)
(22, 15, 7)
(22, 16, 7)
(22, 17, 7)
(22, 18, 7)
(22, 19, 7)
(22, 20, 7)
(22, 21, 6)
(22, 22, 6)
(22, 23, 6)
(22, 24, 6)
(22, 25, 6)
(22, 26, 6)
(22, 27, 6)
(22, 28, 6)
(22, 29, 6)
(22, 30, 6)
(22, 31, 6)
(22, 32, 6)
(22, 33, 6)
(22, 34, 6)
(22, 35, 6)
(22, 36, 6)
(22, 37, 6)
(22, 38, 6)
(22, 39, 6)

(23, 0, 197)
(23, 1, 83)
(23, 2, 21)
(23, 3, 21)
(23, 4, 21)
(23, 5, 21)
(23, 6, 21)
(23, 7, 17)
(23, 8, 16)
(23, 9, 15)
(23, 10, 14)
(23, 11, 14)
(23, 12, 10)
(23, 13, 10)
(23, 14, 10)
(23, 15, 7)
(23, 16, 7)
(23, 17, 7)
(23, 18, 7)
(23, 19, 7)
(23, 20, 7)
(23, 21, 7)
(23, 22, 7)
(23, 23, 7)
(23, 24, 7)
(23, 25, 7)
(23, 26, 7)
(23, 27, 7)
(23, 28, 7)
(23, 29, 7)
(23, 30, 7)
(23, 31, 7)
(23, 32, 7)
(23, 33, 7)
(23, 34, 7)
(23, 35, 7)
(23, 36, 7)
(23, 37, 7)
(23, 38, 7)
(23, 39, 7)

(24, 0, 208)
(24, 1, 92)
(24, 2, 21)
(24, 3, 21)
(24, 4, 21)
(24, 5, 21)
(24, 6, 21)
(24, 7, 17)
(24, 8, 16)
(24, 9, 15)
(24, 10, 14)
(24, 11, 14)
(24, 12, 10)
(24, 13, 10)
(24, 14, 10)
(24, 15, 7)
(24, 16, 7)
(24, 17, 7)
(24, 18, 7)
(24, 19, 7)
(24, 20, 7)
(24, 21, 7)
(24, 22, 7)
(24, 23, 7)
(24, 24, 7)
(24, 25, 7)
(24, 26, 7)
(24, 27, 7)
(24, 28, 7)
(24, 29, 7)
(24, 30, 7)
(24, 31, 7)
(24, 32, 7)
(24, 33, 7)
(24, 34, 7)
(24, 35, 7)
(24, 36, 7)
(24, 37, 7)
(24, 38, 7)
(24, 39, 7)

(25, 0, 208)
(25, 1, 92)
(25, 2, 21)
(25, 3, 21)
(25, 4, 21)
(25, 5, 21)
(25, 6, 21)
(25, 7, 17)
(25, 8, 16)
(25, 9, 15)
(25, 10, 14)
(25, 11, 14)
(25, 12, 10)
(25, 13, 10)
(25, 14, 10)
(25, 15, 7)
(25, 16, 7)
(25, 17, 7)
(25, 18, 7)
(25, 19, 7)
(25, 20, 7)
(25, 21, 7)
(25, 22, 7)
(25, 23, 7)
(25, 24, 7)
(25, 25, 7)
(25, 26, 7)
(25, 27, 7)
(25, 28, 7)
(25, 29, 7)
(25, 30, 7)
(25, 31, 7)
(25, 32, 7)
(25, 33, 7)
(25, 34, 7)
(25, 35, 7)
(25, 36, 7)
(25, 37, 7)
(25, 38, 7)
(25, 39, 7)

(26, 0, 208)
(26, 1, 92)
(26, 2, 21)
(26, 3, 21)
(26, 4, 21)
(26, 5, 21)
(26, 6, 21)
(26, 7, 17)
(26, 8, 16)
(26, 9, 15)
(26, 10, 14)
(26, 11, 14)
(26, 12, 10)
(26, 13, 10)
(26, 14, 10)
(26, 15, 7)
(26, 16, 7)
(26, 17, 7)
(26, 18, 7)
(26, 19, 7)
(26, 20, 7)
(26, 21, 7)
(26, 22, 7)
(26, 23, 7)
(26, 24, 7)
(26, 25, 7)
(26, 26, 7)
(26, 27, 7)
(26, 28, 7)
(26, 29, 7)
(26, 30, 7)
(26, 31, 7)
(26, 32, 7)
(26, 33, 7)
(26, 34, 7)
(26, 35, 7)
(26, 36, 7)
(26, 37, 7)
(26, 38, 7)
(26, 39, 7)

(27, 0, 208)
(27, 1, 92)
(27, 2, 21)
(27, 3, 21)
(27, 4, 21)
(27, 5, 21)
(27, 6, 21)
(27, 7, 17)
(27, 8, 16)
(27, 9, 15)
(27, 10, 14)
(27, 11, 14)
(27, 12, 10)
(27, 13, 10)
(27, 14, 10)
(27, 15, 7)
(27, 16, 7)
(27, 17, 7)
(27, 18, 7)
(27, 19, 7)
(27, 20, 7)
(27, 21, 7)
(27, 22, 7)
(27, 23, 7)
(27, 24, 7)
(27, 25, 7)
(27, 26, 7)
(27, 27, 7)
(27, 28, 7)
(27, 29, 7)
(27, 30, 7)
(27, 31, 7)
(27, 32, 7)
(27, 33, 7)
(27, 34, 7)
(27, 35, 7)
(27, 36, 7)
(27, 37, 7)
(27, 38, 7)
(27, 39, 7)

(28, 0, 208)
(28, 1, 92)
(28, 2, 21)
(28, 3, 21)
(28, 4, 21)
(28, 5, 21)
(28, 6, 21)
(28, 7, 17)
(28, 8, 16)
(28, 9, 15)
(28, 10, 14)
(28, 11, 14)
(28, 12, 10)
(28, 13, 10)
(28, 14, 10)
(28, 15, 7)
(28, 16, 7)
(28, 17, 7)
(28, 18, 7)
(28, 19, 7)
(28, 20, 7)
(28, 21, 7)
(28, 22, 7)
(28, 23, 7)
(28, 24, 7)
(28, 25, 7)
(28, 26, 7)
(28, 27, 7)
(28, 28, 7)
(28, 29, 7)
(28, 30, 7)
(28, 31, 7)
(28, 32, 7)
(28, 33, 7)
(28, 34, 7)
(28, 35, 7)
(28, 36, 7)
(28, 37, 7)
(28, 38, 7)
(28, 39, 7)

(29, 0, 208)
(29, 1, 92)
(29, 2, 21)
(29, 3, 21)
(29, 4, 21)
(29, 5, 21)
(29, 6, 21)
(29, 7, 17)
(29, 8, 16)
(29, 9, 15)
(29, 10, 14)
(29, 11, 14)
(29, 12, 10)
(29, 13, 10)
(29, 14, 10)
(29, 15, 7)
(29, 16, 7)
(29, 17, 7)
(29, 18, 7)
(29, 19, 7)
(29, 20, 7)
(29, 21, 7)
(29, 22, 7)
(29, 23, 7)
(29, 24, 7)
(29, 25, 7)
(29, 26, 7)
(29, 27, 7)
(29, 28, 7)
(29, 29, 7)
(29, 30, 7)
(29, 31, 7)
(29, 32, 7)
(29, 33, 7)
(29, 34, 7)
(29, 35, 7)
(29, 36, 7)
(29, 37, 7)
(29, 38, 7)
(29, 39, 7)

(30, 0, 208)
(30, 1, 92)
(30, 2, 21)
(30, 3, 21)
(30, 4, 21)
(30, 5, 21)
(30, 6, 21)
(30, 7, 17)
(30, 8, 16)
(30, 9, 15)
(30, 10, 14)
(30, 11, 14)
(30, 12, 10)
(30, 13, 10)
(30, 14, 10)
(30, 15, 7)
(30, 16, 7)
(30, 17, 7)
(30, 18, 7)
(30, 19, 7)
(30, 20, 7)
(30, 21, 7)
(30, 22, 7)
(30, 23, 7)
(30, 24, 7)
(30, 25, 7)
(30, 26, 7)
(30, 27, 7)
(30, 28, 7)
(30, 29, 7)
(30, 30, 7)
(30, 31, 7)
(30, 32, 7)
(30, 33, 7)
(30, 34, 7)
(30, 35, 7)
(30, 36, 7)
(30, 37, 7)
(30, 38, 7)
(30, 39, 7)

(31, 0, 208)
(31, 1, 92)
(31, 2, 21)
(31, 3, 21)
(31, 4, 21)
(31, 5, 21)
(31, 6, 21)
(31, 7, 17)
(31, 8, 16)
(31, 9, 15)
(31, 10, 14)
(31, 11, 14)
(31, 12, 10)
(31, 13, 10)
(31, 14, 10)
(31, 15, 7)
(31, 16, 7)
(31, 17, 7)
(31, 18, 7)
(31, 19, 7)
(31, 20, 7)
(31, 21, 7)
(31, 22, 7)
(31, 23, 7)
(31, 24, 7)
(31, 25, 7)
(31, 26, 7)
(31, 27, 7)
(31, 28, 7)
(31, 29, 7)
(31, 30, 7)
(31, 31, 7)
(31, 32, 7)
(31, 33, 7)
(31, 34, 7)
(31, 35, 7)
(31, 36, 7)
(31, 37, 7)
(31, 38, 7)
(31, 39, 7)

(32, 0, 208)
(32, 1, 92)
(32, 2, 21)
(32, 3, 21)
(32, 4, 21)
(32, 5, 21)
(32, 6, 21)
(32, 7, 17)
(32, 8, 16)
(32, 9, 15)
(32, 10, 14)
(32, 11, 14)
(32, 12, 10)
(32, 13, 10)
(32, 14, 10)
(32, 15, 7)
(32, 16, 7)
(32, 17, 7)
(32, 18, 7)
(32, 19, 7)
(32, 20, 7)
(32, 21, 7)
(32, 22, 7)
(32, 23, 7)
(32, 24, 7)
(32, 25, 7)
(32, 26, 7)
(32, 27, 7)
(32, 28, 7)
(32, 29, 7)
(32, 30, 7)
(32, 31, 7)
(32, 32, 7)
(32, 33, 7)
(32, 34, 7)
(32, 35, 7)
(32, 36, 7)
(32, 37, 7)
(32, 38, 7)
(32, 39, 7)

(33, 0, 208)
(33, 1, 92)
(33, 2, 21)
(33, 3, 21)
(33, 4, 21)
(33, 5, 21)
(33, 6, 21)
(33, 7, 17)
(33, 8, 16)
(33, 9, 15)
(33, 10, 14)
(33, 11, 14)
(33, 12, 10)
(33, 13, 10)
(33, 14, 10)
(33, 15, 7)
(33, 16, 7)
(33, 17, 7)
(33, 18, 7)
(33, 19, 7)
(33, 20, 7)
(33, 21, 7)
(33, 22, 7)
(33, 23, 7)
(33, 24, 7)
(33, 25, 7)
(33, 26, 7)
(33, 27, 7)
(33, 28, 7)
(33, 29, 7)
(33, 30, 7)
(33, 31, 7)
(33, 32, 7)
(33, 33, 7)
(33, 34, 7)
(33, 35, 7)
(33, 36, 7)
(33, 37, 7)
(33, 38, 7)
(33, 39, 7)

(34, 0, 208)
(34, 1, 92)
(34, 2, 21)
(34, 3, 21)
(34, 4, 21)
(34, 5, 21)
(34, 6, 21)
(34, 7, 17)
(34, 8, 16)
(34, 9, 15)
(34, 10, 14)
(34, 11, 14)
(34, 12, 10)
(34, 13, 10)
(34, 14, 10)
(34, 15, 7)
(34, 16, 7)
(34, 17, 7)
(34, 18, 7)
(34, 19, 7)
(34, 20, 7)
(34, 21, 7)
(34, 22, 7)
(34, 23, 7)
(34, 24, 7)
(34, 25, 7)
(34, 26, 7)
(34, 27, 7)
(34, 28, 7)
(34, 29, 7)
(34, 30, 7)
(34, 31, 7)
(34, 32, 7)
(34, 33, 7)
(34, 34, 7)
(34, 35, 7)
(34, 36, 7)
(34, 37, 7)
(34, 38, 7)
(34, 39, 7)

(35, 0, 208)
(35, 1, 92)
(35, 2, 21)
(35, 3, 21)
(35, 4, 21)
(35, 5, 21)
(35, 6, 21)
(35, 7, 17)
(35, 8, 16)
(35, 9, 15)
(35, 10, 14)
(35, 11, 14)
(35, 12, 10)
(35, 13, 10)
(35, 14, 10)
(35, 15, 7)
(35, 16, 7)
(35, 17, 7)
(35, 18, 7)
(35, 19, 7)
(35, 20, 7)
(35, 21, 7)
(35, 22, 7)
(35, 23, 7)
(35, 24, 7)
(35, 25, 7)
(35, 26, 7)
(35, 27, 7)
(35, 28, 7)
(35, 29, 7)
(35, 30, 7)
(35, 31, 7)
(35, 32, 7)
(35, 33, 7)
(35, 34, 7)
(35, 35, 7)
(35, 36, 7)
(35, 37, 7)
(35, 38, 7)
(35, 39, 7)

(36, 0, 214)
(36, 1, 94)
(36, 2, 23)
(36, 3, 23)
(36, 4, 23)
(36, 5, 23)
(36, 6, 23)
(36, 7, 19)
(36, 8, 18)
(36, 9, 17)
(36, 10, 16)
(36, 11, 16)
(36, 12, 12)
(36, 13, 12)
(36, 14, 12)
(36, 15, 9)
(36, 16, 9)
(36, 17, 9)
(36, 18, 9)
(36, 19, 9)
(36, 20, 9)
(36, 21, 9)
(36, 22, 8)
(36, 23, 8)
(36, 24, 8)
(36, 25, 8)
(36, 26, 8)
(36, 27, 8)
(36, 28, 8)
(36, 29, 8)
(36, 30, 8)
(36, 31, 8)
(36, 32, 8)
(36, 33, 8)
(36, 34, 8)
(36, 35, 8)
(36, 36, 8)
(36, 37, 8)
(36, 38, 8)
(36, 39, 8)

(37, 0, 219)
(37, 1, 95)
(37, 2, 24)
(37, 3, 24)
(37, 4, 24)
(37, 5, 24)
(37, 6, 24)
(37, 7, 20)
(37, 8, 19)
(37, 9, 18)
(37, 10, 16)
(37, 11, 16)
(37, 12, 12)
(37, 13, 12)
(37, 14, 12)
(37, 15, 9)
(37, 16, 9)
(37, 17, 9)
(37, 18, 9)
(37, 19, 9)
(37, 20, 9)
(37, 21, 9)
(37, 22, 8)
(37, 23, 8)
(37, 24, 8)
(37, 25, 8)
(37, 26, 8)
(37, 27, 8)
(37, 28, 8)
(37, 29, 8)
(37, 30, 8)
(37, 31, 8)
(37, 32, 8)
(37, 33, 8)
(37, 34, 8)
(37, 35, 8)
(37, 36, 8)
(37, 37, 8)
(37, 38, 8)
(37, 39, 8)

(38, 0, 238)
(38, 1, 108)
(38, 2, 25)
(38, 3, 25)
(38, 4, 25)
(38, 5, 25)
(38, 6, 25)
(38, 7, 21)
(38, 8, 20)
(38, 9, 19)
(38, 10, 17)
(38, 11, 17)
(38, 12, 13)
(38, 13, 13)
(38, 14, 13)
(38, 15, 9)
(38, 16, 9)
(38, 17, 9)
(38, 18, 9)
(38, 19, 9)
(38, 20, 8)
(38, 21, 8)
(38, 22, 8)
(38, 23, 8)
(38, 24, 8)
(38, 25, 8)
(38, 26, 8)
(38, 27, 8)
(38, 28, 8)
(38, 29, 8)
(38, 30, 8)
(38, 31, 8)
(38, 32, 8)
(38, 33, 8)
(38, 34, 8)
(38, 35, 8)
(38, 36, 8)
(38, 37, 8)
(38, 38, 8)
(38, 39, 8)

(39, 0, 248)
(39, 1, 116)
(39, 2, 26)
(39, 3, 26)
(39, 4, 26)
(39, 5, 26)
(39, 6, 26)
(39, 7, 21)
(39, 8, 20)
(39, 9, 19)
(39, 10, 17)
(39, 11, 17)
(39, 12, 12)
(39, 13, 12)
(39, 14, 12)
(39, 15, 8)
(39, 16, 8)
(39, 17, 8)
(39, 18, 8)
(39, 19, 8)
(39, 20, 8)
(39, 21, 8)
(39, 22, 8)
(39, 23, 8)
(39, 24, 8)
(39, 25, 8)
(39, 26, 8)
(39, 27, 8)
(39, 28, 8)
(39, 29, 8)
(39, 30, 8)
(39, 31, 8)
(39, 32, 8)
(39, 33, 8)
(39, 34, 8)
(39, 35, 8)
(39, 36, 8)
(39, 37, 8)
(39, 38, 8)
(39, 39, 8)


Betti numbers:
xi_0:
(0, 0, 18)
(1, 0, 8)
(2, 0, 8)
(3, 0, 1)
(4, 0, 8)
(5, 0, 6)
(6, 0, 12)
(7, 0, 15)
(8, 0, 9)
(10, 0, 9)
(11, 0, 2)
(12, 0, 7)
(13, 0, 24)
(14, 0, 21)
(21, 0, 9)
(22, 0, 6)
(23, 0, 34)
(24, 0, 11)
(36, 0, 6)
(37, 0, 5)
(38, 0, 19)
(39, 0, 10)
xi_1:
(0, 1, 17)
(1, 1, 7)
(2, 1, 7)
(2, 12, 1)
(3, 13, 1)
(4, 2, 7)
(4, 7, 1)
(4, 12, 1)
(5, 2, 6)
(6, 2, 10)
(6, 10, 1)
(6, 15, 1)
(7, 1, 14)
(8, 1, 9)
(10, 1, 8)
(11, 2, 1)
(11, 12, 1)
(12, 2, 6)
(12, 7, 1)
(13, 1, 17)
(13, 2, 6)
(14, 1, 8)
(14, 2, 11)
(14, 9, 1)
(14, 15, 1)
(21, 1, 7)
(21, 2, 1)
(22, 1, 1)
(22, 2, 2)
(22, 12, 1)
(22, 15, 1)
(22, 21, 1)
(23, 1, 19)
(23, 2, 12)
(23, 7, 2)
(23, 8, 1)
(23, 15, 1)
(24, 1, 2)
(24, 2, 9)
(36, 1, 4)
(36, 22, 1)
(37, 1, 4)
(37, 10, 1)
(38, 1, 6)
(38, 2, 12)
(38, 15, 1)
(38, 20, 1)
(39, 1, 2)
(39, 2, 7)
(39, 7, 1)
(39, 12, 1)
xi_2:
(4, 13, 1)
(23, 15, 1)
(23, 21, 1)
(38, 22, 1)
(39, 20, 1)
