x-grades
-169754765841146647/80000000000000000
-83919416800875167/40000000000000000
-165922901362354021/80000000000000000
-41001742280739427/20000000000000000
-32418207376712279/16000000000000000
-80087552322082541/40000000000000000
-158259172404768769/80000000000000000
-19542905020671557/10000000000000000
-154427307925976143/80000000000000000
-15251137568657983/8000000000000000
-150595443447183517/80000000000000000
-37169877801946801/20000000000000000
-146763578968390891/80000000000000000
-72423823364497289/40000000000000000
-28586342897919653/16000000000000000
-4406743195318811/2500000000000000
-139099850010805639/80000000000000000
-68591958885704663/40000000000000000
-135267985532013013/80000000000000000
-1333520532926167/800000000000000
-131436121053220387/80000000000000000
-64760094406912037/40000000000000000
-127604256574427761/80000000000000000
-15711040541878931/10000000000000000
-24754478419127027/16000000000000000
-60928229928119411/40000000000000000
-119940527616842509/80000000000000000
-29506148844361549/20000000000000000
-116108663138049883/80000000000000000
-11419273089865357/8000000000000000
-112276798659257257/80000000000000000
-6897554151241309/5000000000000000
-108444934180464631/80000000000000000
-53264500970534159/40000000000000000
-20922613940334401/16000000000000000
-25674284365568923/20000000000000000
-100781205222879379/80000000000000000
-49432636491741533/40000000000000000
-96949340744086753/80000000000000000
-2375835212617261/2000000000000000

y-grades
9999337/40000000
9999337/20000000
29998011/40000000
9999337/10000000
9999337/8000000
29998011/20000000
69995359/40000000
9999337/5000000
89994033/40000000
9999337/4000000
109992707/40000000
29998011/10000000
129991381/40000000
69995359/20000000
29998011/8000000
9999337/2500000
169988729/40000000
89994033/20000000
189987403/40000000
9999337/2000000
209986077/40000000
109992707/20000000
229984751/40000000
29998011/5000000
9999337/1600000
129991381/20000000
269982099/40000000
69995359/10000000
289980773/40000000
29998011/4000000
309979447/40000000
9999337/1250000
329978121/40000000
169988729/20000000
69995359/8000000
89994033/10000000
369975469/40000000
189987403/20000000
389974143/40000000
9999337/1000000

Dimensions > 0:
(0, 0, 3)
(0, 1, 3)
(0, 2, 3)
(0, 3, 2)
(0, 4, 1)
(0, 5, 1)
(0, 6, 1)
(0, 7, 1)
(0, 8, 1)
(0, 9, 1)
(0, 10, 1)
(0, 11, 1)
(0, 12, 1)
(0, 13, 1)
(0, 14, 1)
(0, 15, 1)
(0, 16, 1)
(0, 17, 1)
(0, 18, 1)
(0, 19, 1)
(0, 20, 1)
(0, 21, 1)
(0, 22, 1)
(0, 23, 1)
(0, 24, 1)
(0, 25, 1)
(0, 26, 1)
(0, 27, 1)
(0, 28, 1)
(0, 29, 1)
(0, 30, 1)
(0, 31, 1)
(0, 32, 1)
(0, 33, 1)
(0, 34, 1)
(0, 35, 1)
(0, 36, 1)
(0, 37, 1)
(0, 38, 1)
(0, 39, 1)

(1, 0, 5)
(1, 1, 3)
(1, 2, 3)
(1, 3, 2)
(1, 4, 1)
(1, 5, 1)
(1, 6, 1)
(1, 7, 1)
(1, 8, 1)
(1, 9, 1)
(1, 10, 1)
(1, 11, 1)
(1, 12, 1)
(1, 13, 1)
(1, 14, 1)
(1, 15, 1)
(1, 16, 1)
(1, 17, 1)
(1, 18, 1)
(1, 19, 1)
(1, 20, 1)
(1, 21, 1)
(1, 22, 1)
(1, 23, 1)
(1, 24, 1)
(1, 25, 1)
(1, 26, 1)
(1, 27, 1)
(1, 28, 1)
(1, 29, 1)
(1, 30, 1)
(1, 31, 1)
(1, 32, 1)
(1, 33, 1)
(1, 34, 1)
(1, 35, 1)
(1, 36, 1)
(1, 37, 1)
(1, 38, 1)
(1, 39, 1)

(2, 0, 8)
(2, 1, 6)
(2, 2, 5)
(2, 3, 3)
(2, 4, 2)
(2, 5, 2)
(2, 6, 2)
(2, 7, 2)
(2, 8, 2)
(2, 9, 2)
(2, 10, 2)
(2, 11, 2)
(2, 12, 2)
(2, 13, 2)
(2, 14, 2)
(2, 15, 2)
(2, 16, 2)
(2, 17, 2)
(2, 18, 2)
(2, 19, 2)
(2, 20, 2)
(2, 21, 2)
(2, 22, 2)
(2, 23, 2)
(2, 24, 2)
(2, 25, 2)
(2, 26, 2)
(2, 27, 2)
(2, 28, 2)
(2, 29, 2)
(2, 30, 2)
(2, 31, 2)
(2, 32, 2)
(2, 33, 2)
(2, 34, 2)
(2, 35, 2)
(2, 36, 2)
(2, 37, 2)
(2, 38, 2)
(2, 39, 2)

(3, 0, 11)
(3, 1, 9)
(3, 2, 6)
(3, 3, 4)
(3, 4, 3)
(3, 5, 3)
(3, 6, 3)
(3, 7, 3)
(3, 8, 2)
(3, 9, 2)
(3, 10, 2)
(3, 11, 2)
(3, 12, 2)
(3, 13, 2)
(3, 14, 2)
(3, 15, 2)
(3, 16, 2)
(3, 17, 2)
(3, 18, 2)
(3, 19, 2)
(3, 20, 2)
(3, 21, 2)
(3, 22, 2)
(3, 23, 2)
(3, 24, 2)
(3, 25, 2)
(3, 26, 2)
(3, 27, 2)
(3, 28, 2)
(3, 29, 2)
(3, 30, 2)
(3, 31, 2)
(3, 32, 2)
(3, 33, 2)
(3, 34, 2)
(3, 35, 2)
(3, 36, 2)
(3, 37, 2)
(3, 38, 2)
(3, 39, 2)

(4, 0, 13)
(4, 1, 11)
(4, 2, 8)
(4, 3, 6)
(4, 4, 4)
(4, 5, 4)
(4, 6, 4)
(4, 7, 4)
(4, 8, 3)
(4, 9, 2)
(4, 10, 2)
(4, 11, 2)
(4, 12, 2)
(4, 13, 2)
(4, 14, 2)
(4, 15, 2)
(4, 16, 2)
(4, 17, 2)
(4, 18, 2)
(4, 19, 2)
(4, 20, 2)
(4, 21, 2)
(4, 22, 2)
(4, 23, 2)
(4, 24, 2)
(4, 25, 2)
(4, 26, 2)
(4, 27, 2)
(4, 28, 2)
(4, 29, 2)
(4, 30, 2)
(4, 31, 2)
(4, 32, 2)
(4, 33, 2)
(4, 34, 2)
(4, 35, 2)
(4, 36, 2)
(4, 37, 2)
(4, 38, 2)
(4, 39, 2)

(5, 0, 15)
(5, 1, 13)
(5, 2, 10)
(5, 3, 8)
(5, 4, 6)
(5, 5, 4)
(5, 6, 4)
(5, 7, 4)
(5, 8, 3)
(5, 9, 2)
(5, 10, 2)
(5, 11, 2)
(5, 12, 2)
(5, 13, 2)
(5, 14, 2)
(5, 15, 2)
(5, 16, 2)
(5, 17, 2)
(5, 18, 2)
(5, 19, 2)
(5, 20, 2)
(5, 21, 2)
(5, 22, 2)
(5, 23, 2)
(5, 24, 2)
(5, 25, 2)
(5, 26, 2)
(5, 27, 2)
(5, 28, 2)
(5, 29, 2)
(5, 30, 2)
(5, 31, 2)
(5, 32, 2)
(5, 33, 2)
(5, 34, 2)
(5, 35, 2)
(5, 36, 2)
(5, 37, 2)
(5, 38, 2)
(5, 39, 2)

(6, 0, 17)
(6, 1, 15)
(6, 2, 12)
(6, 3, 10)
(6, 4, 8)
(6, 5, 4)
(6, 6, 4)
(6, 7, 4)
(6, 8, 3)
(6, 9, 2)
(6, 10, 2)
(6, 11, 2)
(6, 12, 2)
(6, 13, 2)
(6, 14, 2)
(6, 15, 2)
(6, 16, 2)
(6, 17, 2)
(6, 18, 2)
(6, 19, 2)
(6, 20, 2)
(6, 21, 2)
(6, 22, 2)
(6, 23, 2)
(6, 24, 2)
(6, 25, 2)
(6, 26, 2)
(6, 27, 2)
(6, 28, 2)
(6, 29, 2)
(6, 30, 2)
(6, 31, 2)
(6, 32, 2)
(6, 33, 2)
(6, 34, 2)
(6, 35, 2)
(6, 36, 2)
(6, 37, 2)
(6, 38, 2)
(6, 39, 2)

(7, 0, 17)
(7, 1, 15)
(7, 2, 12)
(7, 3, 10)
(7, 4, 8)
(7, 5, 4)
(7, 6, 4)
(7, 7, 4)
(7, 8, 3)
(7, 9, 2)
(7, 10, 2)
(7, 11, 2)
(7, 12, 2)
(7, 13, 2)
(7, 14, 2)
(7, 15, 2)
(7, 16, 2)
(7, 17, 2)
(7, 18, 2)
(7, 19, 2)
(7, 20, 2)
(7, 21, 2)
(7, 22, 2)
(7, 23, 2)
(7, 24, 2)
(7, 25, 2)
(7, 26, 2)
(7, 27, 2)
(7, 28, 2)
(7, 29, 2)
(7, 30, 2)
(7, 31, 2)
(7, 32, 2)
(7, 33, 2)
(7, 34, 2)
(7, 35, 2)
(7, 36, 2)
(7, 37, 2)
(7, 38, 2)
(7, 39, 2)

(8, 0, 22)
(8, 1, 17)
(8, 2, 14)
(8, 3, 12)
(8, 4, 10)
(8, 5, 6)
(8, 6, 6)
(8, 7, 6)
(8, 8, 5)
(8, 9, 3)
(8, 10, 3)
(8, 11, 3)
(8, 12, 3)
(8, 13, 3)
(8, 14, 3)
(8, 15, 3)
(8, 16, 3)
(8, 17, 3)
(8, 18, 3)
(8, 19, 3)
(8, 20, 3)
(8, 21, 3)
(8, 22, 3)
(8, 23, 3)
(8, 24, 3)
(8, 25, 3)
(8, 26, 3)
(8, 27, 3)
(8, 28, 3)
(8, 29, 3)
(8, 30, 3)
(8, 31, 3)
(8, 32, 3)
(8, 33, 3)
(8, 34, 3)
(8, 35, 3)
(8, 36, 3)
(8, 37, 3)
(8, 38, 3)
(8, 39, 3)

(9, 0, 25)
(9, 1, 20)
(9, 2, 16)
(9, 3, 13)
(9, 4, 11)
(9, 5, 7)
(9, 6, 7)
(9, 7, 7)
(9, 8, 6)
(9, 9, 4)
(9, 10, 4)
(9, 11, 4)
(9, 12, 4)
(9, 13, 4)
(9, 14, 4)
(9, 15, 4)
(9, 16, 3)
(9, 17, 3)
(9, 18, 3)
(9, 19, 3)
(9, 20, 3)
(9, 21, 3)
(9, 22, 3)
(9, 23, 3)
(9, 24, 3)
(9, 25, 3)
(9, 26, 3)
(9, 27, 3)
(9, 28, 3)
(9, 29, 3)
(9, 30, 3)
(9, 31, 3)
(9, 32, 3)
(9, 33, 3)
(9, 34, 3)
(9, 35, 3)
(9, 36, 3)
(9, 37, 3)
(9, 38, 3)
(9, 39, 3)

(10, 0, 31)
(10, 1, 21)
(10, 2, 17)
(10, 3, 14)
(10, 4, 12)
(10, 5, 7)
(10, 6, 7)
(10, 7, 7)
(10, 8, 6)
(10, 9, 4)
(10, 10, 4)
(10, 11, 4)
(10, 12, 4)
(10, 13, 4)
(10, 14, 4)
(10, 15, 4)
(10, 16, 3)
(10, 17, 3)
(10, 18, 3)
(10, 19, 3)
(10, 20, 3)
(10, 21, 3)
(10, 22, 3)
(10, 23, 3)
(10, 24, 3)
(10, 25, 3)
(10, 26, 3)
(10, 27, 3)
(10, 28, 3)
(10, 29, 3)
(10, 30, 3)
(10, 31, 3)
(10, 32, 3)
(10, 33, 3)
(10, 34, 3)
(10, 35, 3)
(10, 36, 3)
(10, 37, 3)
(10, 38, 3)
(10, 39, 3)

(11, 0, 36)
(11, 1, 25)
(11, 2, 21)
(11, 3, 15)
(11, 4, 13)
(11, 5, 7)
(11, 6, 7)
(11, 7, 7)
(11, 8, 6)
(11, 9, 4)
(11, 10, 4)
(11, 11, 4)
(11, 12, 4)
(11, 13, 4)
(11, 14, 4)
(11, 15, 4)
(11, 16, 3)
(11, 17, 3)
(11, 18, 3)
(11, 19, 3)
(11, 20, 3)
(11, 21, 3)
(11, 22, 3)
(11, 23, 3)
(11, 24, 3)
(11, 25, 3)
(11, 26, 3)
(11, 27, 3)
(11, 28, 3)
(11, 29, 3)
(11, 30, 3)
(11, 31, 3)
(11, 32, 3)
(11, 33, 3)
(11, 34, 3)
(11, 35, 3)
(11, 36, 3)
(11, 37, 3)
(11, 38, 3)
(11, 39, 3)

(12, 0, 39)
(12, 1, 28)
(12, 2, 22)
(12, 3, 16)
(12, 4, 14)
(12, 5, 8)
(12, 6, 8)
(12, 7, 8)
(12, 8, 7)
(12, 9, 4)
(12, 10, 4)
(12, 11, 4)
(12, 12, 4)
(12, 13, 4)
(12, 14, 4)
(12, 15, 4)
(12, 16, 3)
(12, 17, 3)
(12, 18, 3)
(12, 19, 3)
(12, 20, 3)
(12, 21, 3)
(12, 22, 3)
(12, 23, 3)
(12, 24, 3)
(12, 25, 3)
(12, 26, 3)
(12, 27, 3)
(12, 28, 3)
(12, 29, 3)
(12, 30, 3)
(12, 31, 3)
(12, 32, 3)
(12, 33, 3)
(12, 34, 3)
(12, 35, 3)
(12, 36, 3)
(12, 37, 3)
(12, 38, 3)
(12, 39, 3)

(13, 0, 44)
(13, 1, 31)
(13, 2, 23)
(13, 3, 17)
(13, 4, 15)
(13, 5, 9)
(13, 6, 9)
(13, 7, 9)
(13, 8, 8)
(13, 9, 5)
(13, 10, 5)
(13, 11, 5)
(13, 12, 5)
(13, 13, 5)
(13, 14, 5)
(13, 15, 5)
(13, 16, 4)
(13, 17, 3)
(13, 18, 3)
(13, 19, 3)
(13, 20, 3)
(13, 21, 3)
(13, 22, 3)
(13, 23, 3)
(13, 24, 3)
(13, 25, 3)
(13, 26, 3)
(13, 27, 3)
(13, 28, 3)
(13, 29, 3)
(13, 30, 3)
(13, 31, 3)
(13, 32, 3)
(13, 33, 3)
(13, 34, 3)
(13, 35, 3)
(13, 36, 2)
(13, 37, 2)
(13, 38, 2)
(13, 39, 2)

(14, 0, 49)
(14, 1, 33)
(14, 2, 23)
(14, 3, 17)
(14, 4, 15)
(14, 5, 9)
(14, 6, 9)
(14, 7, 9)
(14, 8, 8)
(14, 9, 5)
(14, 10, 5)
(14, 11, 5)
(14, 12, 5)
(14, 13, 5)
(14, 14, 5)
(14, 15, 5)
(14, 16, 4)
(14, 17, 3)
(14, 18, 3)
(14, 19, 3)
(14, 20, 3)
(14, 21, 3)
(14, 22, 3)
(14, 23, 3)
(14, 24, 3)
(14, 25, 3)
(14, 26, 3)
(14, 27, 3)
(14, 28, 3)
(14, 29, 3)
(14, 30, 3)
(14, 31, 3)
(14, 32, 3)
(14, 33, 3)
(14, 34, 3)
(14, 35, 3)
(14, 36, 2)
(14, 37, 2)
(14, 38, 2)
(14, 39, 2)

(15, 0, 56)
(15, 1, 33)
(15, 2, 23)
(15, 3, 17)
(15, 4, 15)
(15, 5, 9)
(15, 6, 9)
(15, 7, 9)
(15, 8, 8)
(15, 9, 5)
(15, 10, 5)
(15, 11, 5)
(15, 12, 5)
(15, 13, 5)
(15, 14, 5)
(15, 15, 5)
(15, 16, 4)
(15, 17, 3)
(15, 18, 3)
(15, 19, 3)
(15, 20, 3)
(15, 21, 3)
(15, 22, 3)
(15, 23, 3)
(15, 24, 3)
(15, 25, 3)
(15, 26, 3)
(15, 27, 3)
(15, 28, 3)
(15, 29, 3)
(15, 30, 3)
(15, 31, 3)
(15, 32, 3)
(15, 33, 3)
(15, 34, 3)
(15, 35, 3)
(15, 36, 2)
(15, 37, 2)
(15, 38, 2)
(15, 39, 2)

(16, 0, 65)
(16, 1, 35)
(16, 2, 25)
(16, 3, 19)
(16, 4, 16)
(16, 5, 10)
(16, 6, 10)
(16, 7, 10)
(16, 8, 9)
(16, 9, 6)
(16, 10, 6)
(16, 11, 6)
(16, 12, 6)
(16, 13, 6)
(16, 14, 6)
(16, 15, 6)
(16, 16, 5)
(16, 17, 4)
(16, 18, 4)
(16, 19, 4)
(16, 20, 4)
(16, 21, 4)
(16, 22, 4)
(16, 23, 4)
(16, 24, 4)
(16, 25, 4)
(16, 26, 4)
(16, 27, 4)
(16, 28, 4)
(16, 29, 4)
(16, 30, 4)
(16, 31, 4)
(16, 32, 4)
(16, 33, 4)
(16, 34, 4)
(16, 35, 4)
(16, 36, 3)
(16, 37, 3)
(16, 38, 3)
(16, 39, 3)

(17, 0, 83)
(17, 1, 44)
(17, 2, 31)
(17, 3, 21)
(17, 4, 16)
(17, 5, 10)
(17, 6, 10)
(17, 7, 10)
(17, 8, 9)
(17, 9, 6)
(17, 10, 6)
(17, 11, 6)
(17, 12, 6)
(17, 13, 6)
(17, 14, 6)
(17, 15, 6)
(17, 16, 5)
(17, 17, 4)
(17, 18, 4)
(17, 19, 4)
(17, 20, 4)
(17, 21, 4)
(17, 22, 4)
(17, 23, 4)
(17, 24, 4)
(17, 25, 4)
(17, 26, 4)
(17, 27, 4)
(17, 28, 4)
(17, 29, 4)
(17, 30, 4)
(17, 31, 4)
(17, 32, 4)
(17, 33, 4)
(17, 34, 4)
(17, 35, 4)
(17, 36, 3)
(17, 37, 3)
(17, 38, 3)
(17, 39, 2)

(18, 0, 90)
(18, 1, 49)
(18, 2, 36)
(18, 3, 25)
(18, 4, 17)
(18, 5, 10)
(18, 6, 10)
(18, 7, 10)
(18, 8, 9)
(18, 9, 6)
(18, 10, 6)
(18, 11, 6)
(18, 12, 6)
(18, 13, 6)
(18, 14, 6)
(18, 15, 6)
(18, 16, 5)
(18, 17, 4)
(18, 18, 4)
(18, 19, 4)
(18, 20, 4)
(18, 21, 4)
(18, 22, 4)
(18, 23, 4)
(18, 24, 4)
(18, 25, 4)
(18, 26, 4)
(18, 27, 4)
(18, 28, 4)
(18, 29, 4)
(18, 30, 4)
(18, 31, 4)
(18, 32, 4)
(18, 33, 4)
(18, 34, 4)
(18, 35, 4)
(18, 36, 2)
(18, 37, 2)
(18, 38, 2)
(18, 39, 2)

(19, 0, 95)
(19, 1, 53)
(19, 2, 39)
(19, 3, 27)
(19, 4, 20)
(19, 5, 10)
(19, 6, 10)
(19, 7, 10)
(19, 8, 9)
(19, 9, 6)
(19, 10, 6)
(19, 11, 6)
(19, 12, 6)
(19, 13, 6)
(19, 14, 6)
(19, 15, 6)
(19, 16, 5)
(19, 17, 4)
(19, 18, 4)
(19, 19, 4)
(19, 20, 4)
(19, 21, 4)
(19, 22, 4)
(19, 23, 4)
(19, 24, 4)
(19, 25, 4)
(19, 26, 4)
(19, 27, 4)
(19, 28, 4)
(19, 29, 3)
(19, 30, 3)
(19, 31, 3)
(19, 32, 3)
(19, 33, 3)
(19, 34, 3)
(19, 35, 3)
(19, 36, 2)
(19, 37, 2)
(19, 38, 2)
(19, 39, 2)

(20, 0, 95)
(20, 1, 53)
(20, 2, 39)
(20, 3, 27)
(20, 4, 20)
(20, 5, 10)
(20, 6, 10)
(20, 7, 10)
(20, 8, 9)
(20, 9, 6)
(20, 10, 6)
(20, 11, 6)
(20, 12, 6)
(20, 13, 6)
(20, 14, 6)
(20, 15, 6)
(20, 16, 5)
(20, 17, 4)
(20, 18, 4)
(20, 19, 4)
(20, 20, 4)
(20, 21, 4)
(20, 22, 4)
(20, 23, 4)
(20, 24, 4)
(20, 25, 4)
(20, 26, 4)
(20, 27, 4)
(20, 28, 4)
(20, 29, 3)
(20, 30, 3)
(20, 31, 3)
(20, 32, 3)
(20, 33, 3)
(20, 34, 3)
(20, 35, 3)
(20, 36, 2)
(20, 37, 2)
(20, 38, 2)
(20, 39, 2)

(21, 0, 95)
(21, 1, 53)
(21, 2, 39)
(21, 3, 27)
(21, 4, 20)
(21, 5, 10)
(21, 6, 10)
(21, 7, 10)
(21, 8, 9)
(21, 9, 6)
(21, 10, 6)
(21, 11, 6)
(21, 12, 6)
(21, 13, 6)
(21, 14, 6)
(21, 15, 6)
(21, 16, 5)
(21, 17, 4)
(21, 18, 4)
(21, 19, 4)
(21, 20, 4)
(21, 21, 4)
(21, 22, 4)
(21, 23, 4)
(21, 24, 4)
(21, 25, 4)
(21, 26, 4)
(21, 27, 4)
(21, 28, 4)
(21, 29, 3)
(21, 30, 3)
(21, 31, 3)
(21, 32, 3)
(21, 33, 3)
(21, 34, 3)
(21, 35, 3)
(21, 36, 2)
(21, 37, 2)
(21, 38, 2)
(21, 39, 2)

(22, 0, 95)
(22, 1, 53)
(22, 2, 39)
(22, 3, 27)
(22, 4, 20)
(22, 5, 10)
(22, 6, 10)
(22, 7, 10)
(22, 8, 9)
(22, 9, 6)
(22, 10, 6)
(22, 11, 6)
(22, 12, 6)
(22, 13, 6)
(22, 14, 6)
(22, 15, 6)
(22, 16, 5)
(22, 17, 4)
(22, 18, 4)
(22, 19, 4)
(22, 20, 4)
(22, 21, 4)
(22, 22, 4)
(22, 23, 4)
(22, 24, 4)
(22, 25, 4)
(22, 26, 4)
(22, 27, 4)
(22, 28, 4)
(22, 29, 3)
(22, 30, 3)
(22, 31, 3)
(22, 32, 3)
(22, 33, 3)
(22, 34, 3)
(22, 35, 3)
(22, 36, 2)
(22, 37, 2)
(22, 38, 2)
(22, 39, 2)

(23, 0, 95)
(23, 1, 53)
(23, 2, 39)
(23, 3, 27)
(23, 4, 20)
(23, 5, 10)
(23, 6, 10)
(23, 7, 10)
(23, 8, 9)
(23, 9, 6)
(23, 10, 6)
(23, 11, 6)
(23, 12, 6)
(23, 13, 6)
(23, 14, 6)
(23, 15, 6)
(23, 16, 5)
(23, 17, 4)
(23, 18, 4)
(23, 19, 4)
(23, 20, 4)
(23, 21, 4)
(23, 22, 4)
(23, 23, 4)
(23, 24, 4)
(23, 25, 4)
(23, 26, 4)
(23, 27, 4)
(23, 28, 4)
(23, 29, 3)
(23, 30, 3)
(23, 31, 3)
(23, 32, 3)
(23, 33, 3)
(23, 34, 3)
(23, 35, 3)
(23, 36, 2)
(23, 37, 2)
(23, 38, 2)
(23, 39, 2)

(24, 0, 95)
(24, 1, 53)
(24, 2, 39)
(24, 3, 27)
(24, 4, 20)
(24, 5, 10)
(24, 6, 10)
(24, 7, 10)
(24, 8, 9)
(24, 9, 6)
(24, 10, 6)
(24, 11, 6)
(24, 12, 6)
(24, 13, 6)
(24, 14, 6)
(24, 15, 6)
(24, 16, 5)
(24, 17, 4)
(24, 18, 4)
(24, 19, 4)
(24, 20, 4)
(24, 21, 4)
(24, 22, 4)
(24, 23, 4)
(24, 24, 4)
(24, 25, 4)
(24, 26, 4)
(24, 27, 4)
(24, 28, 4)
(24, 29, 3)
(24, 30, 3)
(24, 31, 3)
(24, 32, 3)
(24, 33, 3)
(24, 34, 3)
(24, 35, 3)
(24, 36, 2)
(24, 37, 2)
(24, 38, 2)
(24, 39, 2)

(25, 0, 100)
(25, 1, 57)
(25, 2, 43)
(25, 3, 29)
(25, 4, 22)
(25, 5, 12)
(25, 6, 12)
(25, 7, 12)
(25, 8, 11)
(25, 9, 8)
(25, 10, 8)
(25, 11, 8)
(25, 12, 8)
(25, 13, 8)
(25, 14, 8)
(25, 15, 8)
(25, 16, 7)
(25, 17, 6)
(25, 18, 6)
(25, 19, 6)
(25, 20, 6)
(25, 21, 6)
(25, 22, 6)
(25, 23, 6)
(25, 24, 6)
(25, 25, 6)
(25, 26, 6)
(25, 27, 6)
(25, 28, 6)
(25, 29, 5)
(25, 30, 5)
(25, 31, 5)
(25, 32, 5)
(25, 33, 5)
(25, 34, 5)
(25, 35, 5)
(25, 36, 4)
(25, 37, 4)
(25, 38, 4)
(25, 39, 4)

(26, 0, 104)
(26, 1, 59)
(26, 2, 45)
(26, 3, 30)
(26, 4, 23)
(26, 5, 13)
(26, 6, 13)
(26, 7, 13)
(26, 8, 12)
(26, 9, 9)
(26, 10, 9)
(26, 11, 9)
(26, 12, 9)
(26, 13, 9)
(26, 14, 9)
(26, 15, 9)
(26, 16, 8)
(26, 17, 7)
(26, 18, 7)
(26, 19, 7)
(26, 20, 7)
(26, 21, 7)
(26, 22, 7)
(26, 23, 7)
(26, 24, 7)
(26, 25, 7)
(26, 26, 7)
(26, 27, 7)
(26, 28, 7)
(26, 29, 6)
(26, 30, 6)
(26, 31, 6)
(26, 32, 6)
(26, 33, 6)
(26, 34, 6)
(26, 35, 6)
(26, 36, 4)
(26, 37, 4)
(26, 38, 4)
(26, 39, 4)

(27, 0, 106)
(27, 1, 61)
(27, 2, 45)
(27, 3, 30)
(27, 4, 23)
(27, 5, 13)
(27, 6, 13)
(27, 7, 13)
(27, 8, 12)
(27, 9, 9)
(27, 10, 9)
(27, 11, 9)
(27, 12, 9)
(27, 13, 9)
(27, 14, 9)
(27, 15, 9)
(27, 16, 8)
(27, 17, 7)
(27, 18, 7)
(27, 19, 7)
(27, 20, 7)
(27, 21, 7)
(27, 22, 7)
(27, 23, 7)
(27, 24, 7)
(27, 25, 7)
(27, 26, 7)
(27, 27, 7)
(27, 28, 7)
(27, 29, 6)
(27, 30, 6)
(27, 31, 6)
(27, 32, 6)
(27, 33, 6)
(27, 34, 6)
(27, 35, 6)
(27, 36, 4)
(27, 37, 4)
(27, 38, 4)
(27, 39, 4)

(28, 0, 107)
(28, 1, 62)
(28, 2, 46)
(28, 3, 31)
(28, 4, 24)
(28, 5, 14)
(28, 6, 14)
(28, 7, 14)
(28, 8, 13)
(28, 9, 10)
(28, 10, 10)
(28, 11, 10)
(28, 12, 10)
(28, 13, 10)
(28, 14, 10)
(28, 15, 10)
(28, 16, 9)
(28, 17, 8)
(28, 18, 8)
(28, 19, 8)
(28, 20, 8)
(28, 21, 8)
(28, 22, 8)
(28, 23, 8)
(28, 24, 8)
(28, 25, 8)
(28, 26, 8)
(28, 27, 8)
(28, 28, 8)
(28, 29, 7)
(28, 30, 7)
(28, 31, 7)
(28, 32, 7)
(28, 33, 7)
(28, 34, 7)
(28, 35, 7)
(28, 36, 5)
(28, 37, 5)
(28, 38, 5)
(28, 39, 5)

(29, 0, 110)
(29, 1, 65)
(29, 2, 49)
(29, 3, 34)
(29, 4, 26)
(29, 5, 16)
(29, 6, 16)
(29, 7, 16)
(29, 8, 15)
(29, 9, 12)
(29, 10, 12)
(29, 11, 12)
(29, 12, 12)
(29, 13, 12)
(29, 14, 12)
(29, 15, 12)
(29, 16, 11)
(29, 17, 10)
(29, 18, 10)
(29, 19, 10)
(29, 20, 10)
(29, 21, 10)
(29, 22, 10)
(29, 23, 10)
(29, 24, 10)
(29, 25, 10)
(29, 26, 10)
(29, 27, 10)
(29, 28, 10)
(29, 29, 9)
(29, 30, 9)
(29, 31, 9)
(29, 32, 9)
(29, 33, 9)
(29, 34, 9)
(29, 35, 9)
(29, 36, 6)
(29, 37, 6)
(29, 38, 6)
(29, 39, 6)

(30, 0, 114)
(30, 1, 69)
(30, 2, 52)
(30, 3, 37)
(30, 4, 27)
(30, 5, 17)
(30, 6, 17)
(30, 7, 17)
(30, 8, 16)
(30, 9, 13)
(30, 10, 13)
(30, 11, 12)
(30, 12, 12)
(30, 13, 12)
(30, 14, 12)
(30, 15, 12)
(30, 16, 11)
(30, 17, 10)
(30, 18, 10)
(30, 19, 10)
(30, 20, 10)
(30, 21, 10)
(30, 22, 10)
(30, 23, 10)
(30, 24, 10)
(30, 25, 10)
(30, 26, 10)
(30, 27, 10)
(30, 28, 10)
(30, 29, 9)
(30, 30, 9)
(30, 31, 9)
(30, 32, 9)
(30, 33, 9)
(30, 34, 9)
(30, 35, 9)
(30, 36, 6)
(30, 37, 6)
(30, 38, 6)
(30, 39, 6)

(31, 0, 118)
(31, 1, 73)
(31, 2, 56)
(31, 3, 41)
(31, 4, 29)
(31, 5, 18)
(31, 6, 18)
(31, 7, 18)
(31, 8, 17)
(31, 9, 14)
(31, 10, 14)
(31, 11, 13)
(31, 12, 13)
(31, 13, 13)
(31, 14, 13)
(31, 15, 13)
(31, 16, 12)
(31, 17, 11)
(31, 18, 11)
(31, 19, 11)
(31, 20, 11)
(31, 21, 11)
(31, 22, 11)
(31, 23, 11)
(31, 24, 11)
(31, 25, 11)
(31, 26, 11)
(31, 27, 11)
(31, 28, 11)
(31, 29, 10)
(31, 30, 10)
(31, 31, 10)
(31, 32, 10)
(31, 33, 10)
(31, 34, 10)
(31, 35, 10)
(31, 36, 7)
(31, 37, 7)
(31, 38, 7)
(31, 39, 7)

(32, 0, 120)
(32, 1, 75)
(32, 2, 58)
(32, 3, 43)
(32, 4, 30)
(32, 5, 19)
(32, 6, 19)
(32, 7, 19)
(32, 8, 18)
(32, 9, 15)
(32, 10, 15)
(32, 11, 14)
(32, 12, 14)
(32, 13, 14)
(32, 14, 14)
(32, 15, 14)
(32, 16, 13)
(32, 17, 12)
(32, 18, 12)
(32, 19, 12)
(32, 20, 12)
(32, 21, 12)
(32, 22, 12)
(32, 23, 12)
(32, 24, 12)
(32, 25, 12)
(32, 26, 12)
(32, 27, 12)
(32, 28, 12)
(32, 29, 11)
(32, 30, 11)
(32, 31, 11)
(32, 32, 11)
(32, 33, 11)
(32, 34, 11)
(32, 35, 11)
(32, 36, 8)
(32, 37, 8)
(32, 38, 8)
(32, 39, 8)

(33, 0, 126)
(33, 1, 80)
(33, 2, 63)
(33, 3, 48)
(33, 4, 32)
(33, 5, 21)
(33, 6, 21)
(33, 7, 21)
(33, 8, 20)
(33, 9, 17)
(33, 10, 17)
(33, 11, 16)
(33, 12, 16)
(33, 13, 16)
(33, 14, 16)
(33, 15, 16)
(33, 16, 15)
(33, 17, 14)
(33, 18, 14)
(33, 19, 14)
(33, 20, 14)
(33, 21, 14)
(33, 22, 14)
(33, 23, 14)
(33, 24, 14)
(33, 25, 14)
(33, 26, 14)
(33, 27, 14)
(33, 28, 14)
(33, 29, 13)
(33, 30, 13)
(33, 31, 13)
(33, 32, 13)
(33, 33, 13)
(33, 34, 13)
(33, 35, 13)
(33, 36, 10)
(33, 37, 9)
(33, 38, 9)
(33, 39, 9)

(34, 0, 142)
(34, 1, 92)
(34, 2, 74)
(34, 3, 59)
(34, 4, 34)
(34, 5, 22)
(34, 6, 22)
(34, 7, 22)
(34, 8, 21)
(34, 9, 18)
(34, 10, 18)
(34, 11, 17)
(34, 12, 17)
(34, 13, 17)
(34, 14, 17)
(34, 15, 16)
(34, 16, 15)
(34, 17, 14)
(34, 18, 14)
(34, 19, 14)
(34, 20, 14)
(34, 21, 14)
(34, 22, 14)
(34, 23, 14)
(34, 24, 14)
(34, 25, 14)
(34, 26, 14)
(34, 27, 14)
(34, 28, 14)
(34, 29, 13)
(34, 30, 13)
(34, 31, 13)
(34, 32, 13)
(34, 33, 13)
(34, 34, 13)
(34, 35, 13)
(34, 36, 10)
(34, 37, 9)
(34, 38, 9)
(34, 39, 9)

(35, 0, 150)
(35, 1, 97)
(35, 2, 78)
(35, 3, 62)
(35, 4, 37)
(35, 5, 24)
(35, 6, 24)
(35, 7, 24)
(35, 8, 23)
(35, 9, 20)
(35, 10, 20)
(35, 11, 19)
(35, 12, 19)
(35, 13, 19)
(35, 14, 19)
(35, 15, 18)
(35, 16, 17)
(35, 17, 16)
(35, 18, 16)
(35, 19, 16)
(35, 20, 16)
(35, 21, 16)
(35, 22, 16)
(35, 23, 16)
(35, 24, 16)
(35, 25, 16)
(35, 26, 16)
(35, 27, 16)
(35, 28, 16)
(35, 29, 15)
(35, 30, 15)
(35, 31, 15)
(35, 32, 15)
(35, 33, 15)
(35, 34, 15)
(35, 35, 15)
(35, 36, 12)
(35, 37, 11)
(35, 38, 11)
(35, 39, 11)

(36, 0, 152)
(36, 1, 98)
(36, 2, 79)
(36, 3, 63)
(36, 4, 38)
(36, 5, 25)
(36, 6, 25)
(36, 7, 25)
(36, 8, 24)
(36, 9, 21)
(36, 10, 21)
(36, 11, 20)
(36, 12, 20)
(36, 13, 20)
(36, 14, 20)
(36, 15, 19)
(36, 16, 18)
(36, 17, 17)
(36, 18, 17)
(36, 19, 17)
(36, 20, 17)
(36, 21, 17)
(36, 22, 17)
(36, 23, 17)
(36, 24, 17)
(36, 25, 17)
(36, 26, 17)
(36, 27, 17)
(36, 28, 17)
(36, 29, 16)
(36, 30, 16)
(36, 31, 16)
(36, 32, 16)
(36, 33, 16)
(36, 34, 16)
(36, 35, 16)
(36, 36, 13)
(36, 37, 11)
(36, 38, 11)
(36, 39, 11)

(37, 0, 168)
(37, 1, 102)
(37, 2, 81)
(37, 3, 65)
(37, 4, 40)
(37, 5, 27)
(37, 6, 27)
(37, 7, 27)
(37, 8, 26)
(37, 9, 23)
(37, 10, 23)
(37, 11, 22)
(37, 12, 22)
(37, 13, 22)
(37, 14, 22)
(37, 15, 21)
(37, 16, 20)
(37, 17, 18)
(37, 18, 18)
(37, 19, 18)
(37, 20, 18)
(37, 21, 18)
(37, 22, 18)
(37, 23, 18)
(37, 24, 18)
(37, 25, 18)
(37, 26, 18)
(37, 27, 18)
(37, 28, 18)
(37, 29, 17)
(37, 30, 17)
(37, 31, 17)
(37, 32, 17)
(37, 33, 17)
(37, 34, 17)
(37, 35, 17)
(37, 36, 14)
(37, 37, 12)
(37, 38, 12)
(37, 39, 12)

(38, 0, 203)
(38, 1, 117)
(38, 2, 87)
(38, 3, 70)
(38, 4, 45)
(38, 5, 27)
(38, 6, 27)
(38, 7, 27)
(38, 8, 26)
(38, 9, 23)
(38, 10, 23)
(38, 11, 22)
(38, 12, 22)
(38, 13, 22)
(38, 14, 22)
(38, 15, 21)
(38, 16, 20)
(38, 17, 18)
(38, 18, 18)
(38, 19, 18)
(38, 20, 18)
(38, 21, 18)
(38, 22, 18)
(38, 23, 18)
(38, 24, 18)
(38, 25, 18)
(38, 26, 18)
(38, 27, 18)
(38, 28, 18)
(38, 29, 16)
(38, 30, 16)
(38, 31, 16)
(38, 32, 16)
(38, 33, 16)
(38, 34, 16)
(38, 35, 16)
(38, 36, 13)
(38, 37, 11)
(38, 38, 11)
(38, 39, 11)

(39, 0, 205)
(39, 1, 118)
(39, 2, 88)
(39, 3, 71)
(39, 4, 46)
(39, 5, 28)
(39, 6, 28)
(39, 7, 28)
(39, 8, 27)
(39, 9, 24)
(39, 10, 24)
(39, 11, 23)
(39, 12, 23)
(39, 13, 23)
(39, 14, 23)
(39, 15, 22)
(39, 16, 20)
(39, 17, 18)
(39, 18, 18)
(39, 19, 18)
(39, 20, 18)
(39, 21, 18)
(39, 22, 18)
(39, 23, 18)
(39, 24, 18)
(39, 25, 18)
(39, 26, 18)
(39, 27, 18)
(39, 28, 18)
(39, 29, 16)
(39, 30, 16)
(39, 31, 16)
(39, 32, 16)
(39, 33, 16)
(39, 34, 16)
(39, 35, 16)
(39, 36, 12)
(39, 37, 10)
(39, 38, 10)
(39, 39, 10)


Betti numbers:
xi_0:
(0, 0, 3)
(1, 0, 2)
(2, 0, 3)
(3, 0, 3)
(4, 0, 2)
(5, 0, 2)
(6, 0, 2)
(8, 0, 5)
(9, 0, 4)
(10, 0, 6)
(11, 0, 5)
(12, 0, 3)
(13, 0, 5)
(14, 0, 5)
(15, 0, 7)
(16, 0, 9)
(17, 0, 18)
(18, 0, 7)
(19, 0, 5)
(25, 0, 5)
(26, 0, 4)
(27, 0, 2)
(28, 0, 1)
(29, 0, 3)
(30, 0, 4)
(31, 0, 4)
(32, 0, 2)
(33, 0, 6)
(34, 0, 16)
(35, 0, 8)
(36, 0, 2)
(37, 0, 16)
(38, 0, 35)
(39, 0, 2)
xi_1:
(0, 3, 1)
(0, 4, 1)
(1, 1, 2)
(2, 2, 1)
(2, 3, 1)
(3, 2, 2)
(3, 8, 1)
(4, 4, 1)
(4, 9, 1)
(5, 5, 2)
(6, 5, 2)
(8, 1, 3)
(8, 9, 1)
(9, 0, 1)
(9, 1, 1)
(9, 2, 1)
(9, 3, 1)
(9, 16, 1)
(10, 1, 5)
(10, 5, 1)
(11, 1, 1)
(11, 3, 3)
(11, 5, 1)
(12, 2, 2)
(12, 9, 1)
(13, 1, 2)
(13, 2, 2)
(13, 17, 1)
(13, 36, 1)
(14, 1, 3)
(14, 2, 2)
(15, 1, 7)
(16, 1, 7)
(16, 4, 1)
(17, 1, 9)
(17, 2, 3)
(17, 3, 4)
(17, 4, 2)
(17, 39, 1)
(18, 1, 2)
(18, 3, 1)
(18, 4, 3)
(18, 5, 1)
(18, 36, 1)
(19, 1, 1)
(19, 2, 1)
(19, 3, 1)
(19, 5, 3)
(19, 29, 1)
(25, 1, 1)
(25, 3, 2)
(26, 1, 2)
(26, 3, 1)
(26, 36, 1)
(27, 2, 2)
(29, 4, 1)
(29, 36, 1)
(30, 2, 1)
(30, 4, 2)
(30, 11, 1)
(31, 4, 2)
(31, 5, 1)
(32, 4, 1)
(33, 1, 1)
(33, 4, 3)
(33, 37, 1)
(34, 1, 4)
(34, 2, 1)
(34, 4, 9)
(34, 5, 1)
(34, 15, 1)
(35, 1, 3)
(35, 2, 1)
(35, 3, 1)
(35, 5, 1)
(36, 1, 1)
(36, 37, 1)
(37, 1, 12)
(37, 2, 2)
(37, 17, 1)
(38, 1, 20)
(38, 2, 9)
(38, 3, 1)
(38, 5, 5)
(38, 29, 1)
(39, 1, 1)
(39, 16, 1)
(39, 36, 1)
xi_2:
(9, 1, 1)
(18, 39, 1)
(19, 4, 1)
(19, 36, 1)
