x-grades
-511392117445388307/400000000000000000
-251459522349580327/200000000000000000
-494445971952933001/400000000000000000
-121493224801676337/100000000000000000
-95499965292095539/80000000000000000
-234513376857125021/200000000000000000
-460553680968022389/400000000000000000
-28255038013862171/25000000000000000
-443607535475567083/400000000000000000
-43513446272933943/40000000000000000
-426661389983111777/400000000000000000
-104547079309221031/100000000000000000
-409715244490656471/400000000000000000
-200621085872214409/200000000000000000
-78553819799640233/80000000000000000
-48037003281496689/50000000000000000
-375822953505745859/400000000000000000
-183674940379759103/200000000000000000
-358876808013290553/400000000000000000
-3504037352670629/4000000000000000
-341930662520835247/400000000000000000
-166728794887303797/200000000000000000
-324984517028379941/400000000000000000
-9890982633817259/12500000000000000
-61607674307184927/80000000000000000
-149782649394848491/200000000000000000
-291092226043469329/400000000000000000
-70654788324310419/100000000000000000
-274146080551014023/400000000000000000
-26567300780478637/40000000000000000
-257199935058558717/400000000000000000
-31090857789041383/50000000000000000
-240253789566103411/400000000000000000
-115890358409937879/200000000000000000
-44661528814729621/80000000000000000
-53708642831855113/100000000000000000
-206361498581192799/400000000000000000
-98944212917482573/200000000000000000
-189415353088737493/400000000000000000
-2261778504281373/5000000000000000

y-grades
9999997/40000000
9999997/20000000
29999991/40000000
9999997/10000000
9999997/8000000
29999991/20000000
69999979/40000000
9999997/5000000
89999973/40000000
9999997/4000000
109999967/40000000
29999991/10000000
129999961/40000000
69999979/20000000
29999991/8000000
9999997/2500000
169999949/40000000
89999973/20000000
189999943/40000000
9999997/2000000
209999937/40000000
109999967/20000000
229999931/40000000
29999991/5000000
9999997/1600000
129999961/20000000
269999919/40000000
69999979/10000000
289999913/40000000
29999991/4000000
309999907/40000000
9999997/1250000
329999901/40000000
169999949/20000000
69999979/8000000
89999973/10000000
369999889/40000000
189999943/20000000
389999883/40000000
9999997/1000000

Dimensions > 0:
(0, 0, 1)
(0, 1, 1)
(0, 2, 1)
(0, 3, 1)
(0, 4, 1)
(0, 5, 1)
(0, 6, 1)
(0, 7, 1)
(0, 8, 1)
(0, 9, 1)
(0, 10, 1)
(0, 11, 1)
(0, 12, 1)
(0, 13, 1)
(0, 14, 1)
(0, 15, 1)
(0, 16, 1)
(0, 17, 1)
(0, 18, 1)
(0, 19, 1)
(0, 20, 1)
(0, 21, 1)
(0, 22, 1)
(0, 23, 1)
(0, 24, 1)
(0, 25, 1)
(0, 26, 1)
(0, 27, 1)
(0, 28, 1)
(0, 29, 1)
(0, 30, 1)
(0, 31, 1)
(0, 32, 1)
(0, 33, 1)
(0, 34, 1)
(0, 35, 1)
(0, 36, 1)
(0, 37, 1)
(0, 38, 1)
(0, 39, 1)

(1, 0, 2)
(1, 1, 2)
(1, 2, 2)
(1, 3, 2)
(1, 4, 2)
(1, 5, 2)
(1, 6, 2)
(1, 7, 1)
(1, 8, 1)
(1, 9, 1)
(1, 10, 1)
(1, 11, 1)
(1, 12, 1)
(1, 13, 1)
(1, 14, 1)
(1, 15, 1)
(1, 16, 1)
(1, 17, 1)
(1, 18, 1)
(1, 19, 1)
(1, 20, 1)
(1, 21, 1)
(1, 22, 1)
(1, 23, 1)
(1, 24, 1)
(1, 25, 1)
(1, 26, 1)
(1, 27, 1)
(1, 28, 1)
(1, 29, 1)
(1, 30, 1)
(1, 31, 1)
(1, 32, 1)
(1, 33, 1)
(1, 34, 1)
(1, 35, 1)
(1, 36, 1)
(1, 37, 1)
(1, 38, 1)
(1, 39, 1)

(2, 0, 5)
(2, 1, 4)
(2, 2, 4)
(2, 3, 4)
(2, 4, 4)
(2, 5, 3)
(2, 6, 3)
(2, 7, 2)
(2, 8, 2)
(2, 9, 2)
(2, 10, 1)
(2, 11, 1)
(2, 12, 1)
(2, 13, 1)
(2, 14, 1)
(2, 15, 1)
(2, 16, 1)
(2, 17, 1)
(2, 18, 1)
(2, 19, 1)
(2, 20, 1)
(2, 21, 1)
(2, 22, 1)
(2, 23, 1)
(2, 24, 1)
(2, 25, 1)
(2, 26, 1)
(2, 27, 1)
(2, 28, 1)
(2, 29, 1)
(2, 30, 1)
(2, 31, 1)
(2, 32, 1)
(2, 33, 1)
(2, 34, 1)
(2, 35, 1)
(2, 36, 1)
(2, 37, 1)
(2, 38, 1)
(2, 39, 1)

(3, 0, 6)
(3, 1, 5)
(3, 2, 5)
(3, 3, 5)
(3, 4, 5)
(3, 5, 4)
(3, 6, 4)
(3, 7, 3)
(3, 8, 3)
(3, 9, 3)
(3, 10, 2)
(3, 11, 2)
(3, 12, 2)
(3, 13, 2)
(3, 14, 2)
(3, 15, 2)
(3, 16, 2)
(3, 17, 2)
(3, 18, 2)
(3, 19, 2)
(3, 20, 2)
(3, 21, 2)
(3, 22, 2)
(3, 23, 2)
(3, 24, 2)
(3, 25, 2)
(3, 26, 2)
(3, 27, 2)
(3, 28, 2)
(3, 29, 2)
(3, 30, 2)
(3, 31, 2)
(3, 32, 2)
(3, 33, 2)
(3, 34, 2)
(3, 35, 2)
(3, 36, 2)
(3, 37, 2)
(3, 38, 2)
(3, 39, 2)

(4, 0, 7)
(4, 1, 5)
(4, 2, 5)
(4, 3, 5)
(4, 4, 5)
(4, 5, 4)
(4, 6, 4)
(4, 7, 3)
(4, 8, 3)
(4, 9, 3)
(4, 10, 2)
(4, 11, 2)
(4, 12, 2)
(4, 13, 2)
(4, 14, 2)
(4, 15, 2)
(4, 16, 2)
(4, 17, 2)
(4, 18, 2)
(4, 19, 2)
(4, 20, 2)
(4, 21, 2)
(4, 22, 2)
(4, 23, 2)
(4, 24, 2)
(4, 25, 2)
(4, 26, 2)
(4, 27, 2)
(4, 28, 2)
(4, 29, 2)
(4, 30, 2)
(4, 31, 2)
(4, 32, 2)
(4, 33, 2)
(4, 34, 2)
(4, 35, 2)
(4, 36, 2)
(4, 37, 2)
(4, 38, 2)
(4, 39, 2)

(5, 0, 8)
(5, 1, 6)
(5, 2, 6)
(5, 3, 6)
(5, 4, 5)
(5, 5, 4)
(5, 6, 4)
(5, 7, 3)
(5, 8, 3)
(5, 9, 3)
(5, 10, 2)
(5, 11, 2)
(5, 12, 2)
(5, 13, 2)
(5, 14, 2)
(5, 15, 2)
(5, 16, 2)
(5, 17, 2)
(5, 18, 2)
(5, 19, 2)
(5, 20, 2)
(5, 21, 2)
(5, 22, 2)
(5, 23, 2)
(5, 24, 2)
(5, 25, 2)
(5, 26, 2)
(5, 27, 2)
(5, 28, 2)
(5, 29, 2)
(5, 30, 2)
(5, 31, 2)
(5, 32, 2)
(5, 33, 2)
(5, 34, 2)
(5, 35, 2)
(5, 36, 2)
(5, 37, 2)
(5, 38, 2)
(5, 39, 2)

(6, 0, 8)
(6, 1, 6)
(6, 2, 6)
(6, 3, 6)
(6, 4, 5)
(6, 5, 4)
(6, 6, 4)
(6, 7, 3)
(6, 8, 3)
(6, 9, 3)
(6, 10, 2)
(6, 11, 2)
(6, 12, 2)
(6, 13, 2)
(6, 14, 2)
(6, 15, 2)
(6, 16, 2)
(6, 17, 2)
(6, 18, 2)
(6, 19, 2)
(6, 20, 2)
(6, 21, 2)
(6, 22, 2)
(6, 23, 2)
(6, 24, 2)
(6, 25, 2)
(6, 26, 2)
(6, 27, 2)
(6, 28, 2)
(6, 29, 2)
(6, 30, 2)
(6, 31, 2)
(6, 32, 2)
(6, 33, 2)
(6, 34, 2)
(6, 35, 2)
(6, 36, 2)
(6, 37, 2)
(6, 38, 2)
(6, 39, 2)

(7, 0, 12)
(7, 1, 9)
(7, 2, 9)
(7, 3, 8)
(7, 4, 7)
(7, 5, 6)
(7, 6, 6)
(7, 7, 5)
(7, 8, 5)
(7, 9, 5)
(7, 10, 4)
(7, 11, 4)
(7, 12, 4)
(7, 13, 4)
(7, 14, 4)
(7, 15, 4)
(7, 16, 4)
(7, 17, 4)
(7, 18, 4)
(7, 19, 4)
(7, 20, 4)
(7, 21, 4)
(7, 22, 4)
(7, 23, 4)
(7, 24, 4)
(7, 25, 4)
(7, 26, 4)
(7, 27, 4)
(7, 28, 4)
(7, 29, 4)
(7, 30, 4)
(7, 31, 4)
(7, 32, 4)
(7, 33, 4)
(7, 34, 4)
(7, 35, 4)
(7, 36, 4)
(7, 37, 4)
(7, 38, 4)
(7, 39, 4)

(8, 0, 20)
(8, 1, 13)
(8, 2, 12)
(8, 3, 11)
(8, 4, 10)
(8, 5, 9)
(8, 6, 8)
(8, 7, 7)
(8, 8, 7)
(8, 9, 7)
(8, 10, 5)
(8, 11, 5)
(8, 12, 5)
(8, 13, 5)
(8, 14, 5)
(8, 15, 5)
(8, 16, 5)
(8, 17, 5)
(8, 18, 5)
(8, 19, 5)
(8, 20, 5)
(8, 21, 5)
(8, 22, 5)
(8, 23, 5)
(8, 24, 5)
(8, 25, 5)
(8, 26, 5)
(8, 27, 5)
(8, 28, 5)
(8, 29, 5)
(8, 30, 5)
(8, 31, 5)
(8, 32, 5)
(8, 33, 5)
(8, 34, 5)
(8, 35, 5)
(8, 36, 5)
(8, 37, 5)
(8, 38, 5)
(8, 39, 5)

(9, 0, 24)
(9, 1, 17)
(9, 2, 15)
(9, 3, 13)
(9, 4, 11)
(9, 5, 10)
(9, 6, 9)
(9, 7, 8)
(9, 8, 8)
(9, 9, 8)
(9, 10, 6)
(9, 11, 6)
(9, 12, 6)
(9, 13, 5)
(9, 14, 5)
(9, 15, 5)
(9, 16, 5)
(9, 17, 5)
(9, 18, 5)
(9, 19, 5)
(9, 20, 5)
(9, 21, 5)
(9, 22, 5)
(9, 23, 5)
(9, 24, 5)
(9, 25, 5)
(9, 26, 5)
(9, 27, 5)
(9, 28, 5)
(9, 29, 5)
(9, 30, 5)
(9, 31, 5)
(9, 32, 5)
(9, 33, 5)
(9, 34, 5)
(9, 35, 5)
(9, 36, 5)
(9, 37, 5)
(9, 38, 5)
(9, 39, 5)

(10, 0, 29)
(10, 1, 22)
(10, 2, 20)
(10, 3, 18)
(10, 4, 15)
(10, 5, 14)
(10, 6, 12)
(10, 7, 11)
(10, 8, 11)
(10, 9, 11)
(10, 10, 9)
(10, 11, 9)
(10, 12, 7)
(10, 13, 6)
(10, 14, 6)
(10, 15, 6)
(10, 16, 6)
(10, 17, 6)
(10, 18, 6)
(10, 19, 6)
(10, 20, 6)
(10, 21, 6)
(10, 22, 6)
(10, 23, 6)
(10, 24, 6)
(10, 25, 6)
(10, 26, 6)
(10, 27, 6)
(10, 28, 6)
(10, 29, 6)
(10, 30, 6)
(10, 31, 5)
(10, 32, 5)
(10, 33, 5)
(10, 34, 5)
(10, 35, 5)
(10, 36, 5)
(10, 37, 5)
(10, 38, 5)
(10, 39, 5)

(11, 0, 35)
(11, 1, 28)
(11, 2, 24)
(11, 3, 20)
(11, 4, 17)
(11, 5, 15)
(11, 6, 12)
(11, 7, 11)
(11, 8, 10)
(11, 9, 9)
(11, 10, 7)
(11, 11, 7)
(11, 12, 7)
(11, 13, 6)
(11, 14, 6)
(11, 15, 6)
(11, 16, 6)
(11, 17, 6)
(11, 18, 6)
(11, 19, 6)
(11, 20, 6)
(11, 21, 6)
(11, 22, 6)
(11, 23, 6)
(11, 24, 6)
(11, 25, 6)
(11, 26, 6)
(11, 27, 6)
(11, 28, 6)
(11, 29, 6)
(11, 30, 6)
(11, 31, 5)
(11, 32, 5)
(11, 33, 5)
(11, 34, 5)
(11, 35, 5)
(11, 36, 5)
(11, 37, 5)
(11, 38, 5)
(11, 39, 5)

(12, 0, 37)
(12, 1, 30)
(12, 2, 26)
(12, 3, 22)
(12, 4, 19)
(12, 5, 17)
(12, 6, 14)
(12, 7, 13)
(12, 8, 12)
(12, 9, 10)
(12, 10, 8)
(12, 11, 8)
(12, 12, 8)
(12, 13, 7)
(12, 14, 7)
(12, 15, 7)
(12, 16, 7)
(12, 17, 7)
(12, 18, 7)
(12, 19, 7)
(12, 20, 7)
(12, 21, 7)
(12, 22, 7)
(12, 23, 7)
(12, 24, 7)
(12, 25, 7)
(12, 26, 7)
(12, 27, 7)
(12, 28, 7)
(12, 29, 7)
(12, 30, 7)
(12, 31, 6)
(12, 32, 6)
(12, 33, 6)
(12, 34, 6)
(12, 35, 6)
(12, 36, 6)
(12, 37, 6)
(12, 38, 6)
(12, 39, 6)

(13, 0, 39)
(13, 1, 32)
(13, 2, 28)
(13, 3, 23)
(13, 4, 20)
(13, 5, 18)
(13, 6, 15)
(13, 7, 14)
(13, 8, 13)
(13, 9, 11)
(13, 10, 9)
(13, 11, 9)
(13, 12, 9)
(13, 13, 8)
(13, 14, 8)
(13, 15, 8)
(13, 16, 8)
(13, 17, 8)
(13, 18, 8)
(13, 19, 8)
(13, 20, 8)
(13, 21, 8)
(13, 22, 8)
(13, 23, 8)
(13, 24, 8)
(13, 25, 8)
(13, 26, 8)
(13, 27, 8)
(13, 28, 8)
(13, 29, 8)
(13, 30, 8)
(13, 31, 7)
(13, 32, 7)
(13, 33, 7)
(13, 34, 7)
(13, 35, 7)
(13, 36, 7)
(13, 37, 7)
(13, 38, 7)
(13, 39, 7)

(14, 0, 44)
(14, 1, 37)
(14, 2, 32)
(14, 3, 26)
(14, 4, 21)
(14, 5, 19)
(14, 6, 16)
(14, 7, 15)
(14, 8, 14)
(14, 9, 12)
(14, 10, 10)
(14, 11, 10)
(14, 12, 10)
(14, 13, 9)
(14, 14, 9)
(14, 15, 9)
(14, 16, 9)
(14, 17, 9)
(14, 18, 9)
(14, 19, 9)
(14, 20, 9)
(14, 21, 9)
(14, 22, 9)
(14, 23, 9)
(14, 24, 9)
(14, 25, 9)
(14, 26, 9)
(14, 27, 9)
(14, 28, 9)
(14, 29, 9)
(14, 30, 9)
(14, 31, 8)
(14, 32, 8)
(14, 33, 8)
(14, 34, 8)
(14, 35, 8)
(14, 36, 8)
(14, 37, 7)
(14, 38, 7)
(14, 39, 7)

(15, 0, 46)
(15, 1, 39)
(15, 2, 34)
(15, 3, 28)
(15, 4, 23)
(15, 5, 21)
(15, 6, 18)
(15, 7, 17)
(15, 8, 16)
(15, 9, 14)
(15, 10, 12)
(15, 11, 12)
(15, 12, 12)
(15, 13, 11)
(15, 14, 11)
(15, 15, 11)
(15, 16, 11)
(15, 17, 11)
(15, 18, 11)
(15, 19, 11)
(15, 20, 11)
(15, 21, 11)
(15, 22, 11)
(15, 23, 11)
(15, 24, 11)
(15, 25, 11)
(15, 26, 11)
(15, 27, 11)
(15, 28, 11)
(15, 29, 11)
(15, 30, 11)
(15, 31, 9)
(15, 32, 9)
(15, 33, 9)
(15, 34, 9)
(15, 35, 9)
(15, 36, 9)
(15, 37, 7)
(15, 38, 7)
(15, 39, 7)

(16, 0, 50)
(16, 1, 43)
(16, 2, 38)
(16, 3, 31)
(16, 4, 25)
(16, 5, 23)
(16, 6, 19)
(16, 7, 18)
(16, 8, 17)
(16, 9, 15)
(16, 10, 13)
(16, 11, 13)
(16, 12, 13)
(16, 13, 12)
(16, 14, 12)
(16, 15, 12)
(16, 16, 12)
(16, 17, 12)
(16, 18, 12)
(16, 19, 12)
(16, 20, 12)
(16, 21, 12)
(16, 22, 12)
(16, 23, 12)
(16, 24, 12)
(16, 25, 12)
(16, 26, 12)
(16, 27, 12)
(16, 28, 12)
(16, 29, 12)
(16, 30, 12)
(16, 31, 10)
(16, 32, 9)
(16, 33, 9)
(16, 34, 9)
(16, 35, 9)
(16, 36, 9)
(16, 37, 7)
(16, 38, 7)
(16, 39, 7)

(17, 0, 55)
(17, 1, 47)
(17, 2, 41)
(17, 3, 34)
(17, 4, 28)
(17, 5, 25)
(17, 6, 21)
(17, 7, 19)
(17, 8, 18)
(17, 9, 16)
(17, 10, 13)
(17, 11, 13)
(17, 12, 13)
(17, 13, 12)
(17, 14, 12)
(17, 15, 12)
(17, 16, 12)
(17, 17, 12)
(17, 18, 12)
(17, 19, 12)
(17, 20, 12)
(17, 21, 12)
(17, 22, 12)
(17, 23, 12)
(17, 24, 12)
(17, 25, 12)
(17, 26, 12)
(17, 27, 12)
(17, 28, 12)
(17, 29, 11)
(17, 30, 11)
(17, 31, 9)
(17, 32, 8)
(17, 33, 8)
(17, 34, 8)
(17, 35, 8)
(17, 36, 8)
(17, 37, 7)
(17, 38, 7)
(17, 39, 7)

(18, 0, 63)
(18, 1, 54)
(18, 2, 47)
(18, 3, 40)
(18, 4, 33)
(18, 5, 30)
(18, 6, 26)
(18, 7, 24)
(18, 8, 23)
(18, 9, 21)
(18, 10, 18)
(18, 11, 18)
(18, 12, 18)
(18, 13, 17)
(18, 14, 16)
(18, 15, 16)
(18, 16, 16)
(18, 17, 16)
(18, 18, 16)
(18, 19, 16)
(18, 20, 16)
(18, 21, 16)
(18, 22, 16)
(18, 23, 16)
(18, 24, 16)
(18, 25, 16)
(18, 26, 16)
(18, 27, 16)
(18, 28, 15)
(18, 29, 13)
(18, 30, 13)
(18, 31, 10)
(18, 32, 9)
(18, 33, 9)
(18, 34, 9)
(18, 35, 9)
(18, 36, 9)
(18, 37, 9)
(18, 38, 9)
(18, 39, 9)

(19, 0, 71)
(19, 1, 61)
(19, 2, 53)
(19, 3, 45)
(19, 4, 38)
(19, 5, 35)
(19, 6, 30)
(19, 7, 27)
(19, 8, 25)
(19, 9, 23)
(19, 10, 20)
(19, 11, 19)
(19, 12, 19)
(19, 13, 18)
(19, 14, 18)
(19, 15, 18)
(19, 16, 18)
(19, 17, 18)
(19, 18, 18)
(19, 19, 18)
(19, 20, 18)
(19, 21, 18)
(19, 22, 18)
(19, 23, 18)
(19, 24, 18)
(19, 25, 18)
(19, 26, 18)
(19, 27, 18)
(19, 28, 17)
(19, 29, 15)
(19, 30, 15)
(19, 31, 12)
(19, 32, 10)
(19, 33, 10)
(19, 34, 10)
(19, 35, 10)
(19, 36, 10)
(19, 37, 9)
(19, 38, 9)
(19, 39, 9)

(20, 0, 78)
(20, 1, 67)
(20, 2, 59)
(20, 3, 50)
(20, 4, 43)
(20, 5, 40)
(20, 6, 34)
(20, 7, 31)
(20, 8, 29)
(20, 9, 26)
(20, 10, 23)
(20, 11, 22)
(20, 12, 22)
(20, 13, 20)
(20, 14, 20)
(20, 15, 20)
(20, 16, 20)
(20, 17, 20)
(20, 18, 20)
(20, 19, 19)
(20, 20, 19)
(20, 21, 18)
(20, 22, 18)
(20, 23, 18)
(20, 24, 18)
(20, 25, 18)
(20, 26, 18)
(20, 27, 18)
(20, 28, 17)
(20, 29, 16)
(20, 30, 16)
(20, 31, 13)
(20, 32, 11)
(20, 33, 11)
(20, 34, 11)
(20, 35, 11)
(20, 36, 11)
(20, 37, 9)
(20, 38, 9)
(20, 39, 9)

(21, 0, 79)
(21, 1, 68)
(21, 2, 60)
(21, 3, 51)
(21, 4, 44)
(21, 5, 41)
(21, 6, 35)
(21, 7, 32)
(21, 8, 29)
(21, 9, 26)
(21, 10, 23)
(21, 11, 22)
(21, 12, 22)
(21, 13, 20)
(21, 14, 20)
(21, 15, 20)
(21, 16, 20)
(21, 17, 20)
(21, 18, 20)
(21, 19, 19)
(21, 20, 19)
(21, 21, 18)
(21, 22, 18)
(21, 23, 18)
(21, 24, 18)
(21, 25, 18)
(21, 26, 18)
(21, 27, 18)
(21, 28, 17)
(21, 29, 16)
(21, 30, 16)
(21, 31, 13)
(21, 32, 11)
(21, 33, 11)
(21, 34, 11)
(21, 35, 11)
(21, 36, 11)
(21, 37, 9)
(21, 38, 9)
(21, 39, 9)

(22, 0, 88)
(22, 1, 76)
(22, 2, 67)
(22, 3, 57)
(22, 4, 50)
(22, 5, 47)
(22, 6, 41)
(22, 7, 37)
(22, 8, 34)
(22, 9, 29)
(22, 10, 25)
(22, 11, 24)
(22, 12, 23)
(22, 13, 20)
(22, 14, 20)
(22, 15, 20)
(22, 16, 20)
(22, 17, 20)
(22, 18, 20)
(22, 19, 19)
(22, 20, 19)
(22, 21, 18)
(22, 22, 18)
(22, 23, 18)
(22, 24, 18)
(22, 25, 18)
(22, 26, 18)
(22, 27, 17)
(22, 28, 15)
(22, 29, 14)
(22, 30, 13)
(22, 31, 11)
(22, 32, 10)
(22, 33, 10)
(22, 34, 10)
(22, 35, 10)
(22, 36, 10)
(22, 37, 9)
(22, 38, 9)
(22, 39, 9)

(23, 0, 91)
(23, 1, 78)
(23, 2, 69)
(23, 3, 60)
(23, 4, 53)
(23, 5, 50)
(23, 6, 44)
(23, 7, 39)
(23, 8, 36)
(23, 9, 31)
(23, 10, 27)
(23, 11, 26)
(23, 12, 25)
(23, 13, 22)
(23, 14, 22)
(23, 15, 22)
(23, 16, 22)
(23, 17, 22)
(23, 18, 22)
(23, 19, 21)
(23, 20, 21)
(23, 21, 20)
(23, 22, 20)
(23, 23, 20)
(23, 24, 20)
(23, 25, 20)
(23, 26, 20)
(23, 27, 19)
(23, 28, 16)
(23, 29, 15)
(23, 30, 14)
(23, 31, 12)
(23, 32, 11)
(23, 33, 11)
(23, 34, 11)
(23, 35, 11)
(23, 36, 11)
(23, 37, 10)
(23, 38, 10)
(23, 39, 10)

(24, 0, 96)
(24, 1, 83)
(24, 2, 74)
(24, 3, 64)
(24, 4, 57)
(24, 5, 53)
(24, 6, 46)
(24, 7, 41)
(24, 8, 38)
(24, 9, 33)
(24, 10, 29)
(24, 11, 28)
(24, 12, 27)
(24, 13, 24)
(24, 14, 24)
(24, 15, 24)
(24, 16, 24)
(24, 17, 24)
(24, 18, 24)
(24, 19, 23)
(24, 20, 23)
(24, 21, 22)
(24, 22, 22)
(24, 23, 22)
(24, 24, 22)
(24, 25, 21)
(24, 26, 21)
(24, 27, 20)
(24, 28, 17)
(24, 29, 16)
(24, 30, 15)
(24, 31, 13)
(24, 32, 12)
(24, 33, 12)
(24, 34, 12)
(24, 35, 12)
(24, 36, 12)
(24, 37, 11)
(24, 38, 11)
(24, 39, 11)

(25, 0, 99)
(25, 1, 84)
(25, 2, 75)
(25, 3, 65)
(25, 4, 58)
(25, 5, 54)
(25, 6, 47)
(25, 7, 42)
(25, 8, 39)
(25, 9, 34)
(25, 10, 30)
(25, 11, 29)
(25, 12, 28)
(25, 13, 25)
(25, 14, 25)
(25, 15, 25)
(25, 16, 25)
(25, 17, 25)
(25, 18, 25)
(25, 19, 24)
(25, 20, 24)
(25, 21, 23)
(25, 22, 22)
(25, 23, 21)
(25, 24, 21)
(25, 25, 20)
(25, 26, 20)
(25, 27, 19)
(25, 28, 17)
(25, 29, 16)
(25, 30, 15)
(25, 31, 13)
(25, 32, 12)
(25, 33, 12)
(25, 34, 12)
(25, 35, 12)
(25, 36, 12)
(25, 37, 11)
(25, 38, 11)
(25, 39, 11)

(26, 0, 102)
(26, 1, 86)
(26, 2, 77)
(26, 3, 67)
(26, 4, 60)
(26, 5, 56)
(26, 6, 49)
(26, 7, 44)
(26, 8, 40)
(26, 9, 35)
(26, 10, 31)
(26, 11, 30)
(26, 12, 29)
(26, 13, 26)
(26, 14, 26)
(26, 15, 26)
(26, 16, 26)
(26, 17, 26)
(26, 18, 26)
(26, 19, 25)
(26, 20, 25)
(26, 21, 24)
(26, 22, 23)
(26, 23, 22)
(26, 24, 22)
(26, 25, 21)
(26, 26, 21)
(26, 27, 20)
(26, 28, 18)
(26, 29, 17)
(26, 30, 16)
(26, 31, 14)
(26, 32, 13)
(26, 33, 12)
(26, 34, 12)
(26, 35, 12)
(26, 36, 12)
(26, 37, 10)
(26, 38, 10)
(26, 39, 10)

(27, 0, 111)
(27, 1, 90)
(27, 2, 81)
(27, 3, 71)
(27, 4, 64)
(27, 5, 59)
(27, 6, 52)
(27, 7, 47)
(27, 8, 43)
(27, 9, 37)
(27, 10, 32)
(27, 11, 31)
(27, 12, 30)
(27, 13, 27)
(27, 14, 27)
(27, 15, 27)
(27, 16, 27)
(27, 17, 27)
(27, 18, 27)
(27, 19, 26)
(27, 20, 25)
(27, 21, 23)
(27, 22, 22)
(27, 23, 21)
(27, 24, 21)
(27, 25, 21)
(27, 26, 21)
(27, 27, 20)
(27, 28, 18)
(27, 29, 16)
(27, 30, 15)
(27, 31, 12)
(27, 32, 11)
(27, 33, 11)
(27, 34, 11)
(27, 35, 11)
(27, 36, 11)
(27, 37, 10)
(27, 38, 9)
(27, 39, 9)

(28, 0, 116)
(28, 1, 93)
(28, 2, 83)
(28, 3, 73)
(28, 4, 66)
(28, 5, 61)
(28, 6, 54)
(28, 7, 49)
(28, 8, 45)
(28, 9, 39)
(28, 10, 34)
(28, 11, 33)
(28, 12, 32)
(28, 13, 29)
(28, 14, 29)
(28, 15, 29)
(28, 16, 29)
(28, 17, 29)
(28, 18, 29)
(28, 19, 27)
(28, 20, 26)
(28, 21, 24)
(28, 22, 23)
(28, 23, 22)
(28, 24, 22)
(28, 25, 22)
(28, 26, 22)
(28, 27, 20)
(28, 28, 18)
(28, 29, 16)
(28, 30, 15)
(28, 31, 12)
(28, 32, 11)
(28, 33, 11)
(28, 34, 11)
(28, 35, 11)
(28, 36, 11)
(28, 37, 10)
(28, 38, 9)
(28, 39, 9)

(29, 0, 125)
(29, 1, 99)
(29, 2, 89)
(29, 3, 79)
(29, 4, 72)
(29, 5, 66)
(29, 6, 58)
(29, 7, 52)
(29, 8, 48)
(29, 9, 40)
(29, 10, 35)
(29, 11, 34)
(29, 12, 33)
(29, 13, 30)
(29, 14, 30)
(29, 15, 30)
(29, 16, 30)
(29, 17, 30)
(29, 18, 30)
(29, 19, 28)
(29, 20, 27)
(29, 21, 24)
(29, 22, 23)
(29, 23, 22)
(29, 24, 22)
(29, 25, 22)
(29, 26, 22)
(29, 27, 21)
(29, 28, 19)
(29, 29, 17)
(29, 30, 16)
(29, 31, 13)
(29, 32, 12)
(29, 33, 11)
(29, 34, 11)
(29, 35, 11)
(29, 36, 11)
(29, 37, 10)
(29, 38, 9)
(29, 39, 9)

(30, 0, 134)
(30, 1, 104)
(30, 2, 94)
(30, 3, 81)
(30, 4, 74)
(30, 5, 68)
(30, 6, 59)
(30, 7, 53)
(30, 8, 49)
(30, 9, 41)
(30, 10, 36)
(30, 11, 35)
(30, 12, 34)
(30, 13, 31)
(30, 14, 31)
(30, 15, 31)
(30, 16, 31)
(30, 17, 31)
(30, 18, 31)
(30, 19, 29)
(30, 20, 28)
(30, 21, 25)
(30, 22, 24)
(30, 23, 23)
(30, 24, 23)
(30, 25, 23)
(30, 26, 23)
(30, 27, 22)
(30, 28, 20)
(30, 29, 18)
(30, 30, 17)
(30, 31, 14)
(30, 32, 12)
(30, 33, 11)
(30, 34, 11)
(30, 35, 11)
(30, 36, 11)
(30, 37, 10)
(30, 38, 9)
(30, 39, 9)

(31, 0, 140)
(31, 1, 107)
(31, 2, 96)
(31, 3, 83)
(31, 4, 76)
(31, 5, 70)
(31, 6, 61)
(31, 7, 55)
(31, 8, 51)
(31, 9, 42)
(31, 10, 37)
(31, 11, 36)
(31, 12, 35)
(31, 13, 32)
(31, 14, 32)
(31, 15, 32)
(31, 16, 32)
(31, 17, 32)
(31, 18, 32)
(31, 19, 30)
(31, 20, 28)
(31, 21, 25)
(31, 22, 23)
(31, 23, 22)
(31, 24, 22)
(31, 25, 22)
(31, 26, 22)
(31, 27, 21)
(31, 28, 17)
(31, 29, 16)
(31, 30, 15)
(31, 31, 12)
(31, 32, 11)
(31, 33, 11)
(31, 34, 11)
(31, 35, 11)
(31, 36, 11)
(31, 37, 10)
(31, 38, 9)
(31, 39, 9)

(32, 0, 146)
(32, 1, 112)
(32, 2, 101)
(32, 3, 87)
(32, 4, 80)
(32, 5, 74)
(32, 6, 65)
(32, 7, 59)
(32, 8, 55)
(32, 9, 46)
(32, 10, 41)
(32, 11, 40)
(32, 12, 39)
(32, 13, 36)
(32, 14, 36)
(32, 15, 36)
(32, 16, 36)
(32, 17, 36)
(32, 18, 36)
(32, 19, 34)
(32, 20, 32)
(32, 21, 28)
(32, 22, 26)
(32, 23, 25)
(32, 24, 24)
(32, 25, 24)
(32, 26, 23)
(32, 27, 22)
(32, 28, 17)
(32, 29, 16)
(32, 30, 15)
(32, 31, 13)
(32, 32, 12)
(32, 33, 12)
(32, 34, 12)
(32, 35, 11)
(32, 36, 11)
(32, 37, 10)
(32, 38, 9)
(32, 39, 9)

(33, 0, 148)
(33, 1, 113)
(33, 2, 102)
(33, 3, 88)
(33, 4, 81)
(33, 5, 74)
(33, 6, 65)
(33, 7, 59)
(33, 8, 55)
(33, 9, 46)
(33, 10, 41)
(33, 11, 40)
(33, 12, 39)
(33, 13, 36)
(33, 14, 36)
(33, 15, 36)
(33, 16, 36)
(33, 17, 36)
(33, 18, 36)
(33, 19, 34)
(33, 20, 32)
(33, 21, 28)
(33, 22, 26)
(33, 23, 25)
(33, 24, 24)
(33, 25, 24)
(33, 26, 23)
(33, 27, 22)
(33, 28, 17)
(33, 29, 16)
(33, 30, 15)
(33, 31, 13)
(33, 32, 12)
(33, 33, 12)
(33, 34, 12)
(33, 35, 11)
(33, 36, 11)
(33, 37, 10)
(33, 38, 9)
(33, 39, 8)

(34, 0, 153)
(34, 1, 116)
(34, 2, 105)
(34, 3, 91)
(34, 4, 84)
(34, 5, 76)
(34, 6, 67)
(34, 7, 61)
(34, 8, 57)
(34, 9, 47)
(34, 10, 42)
(34, 11, 41)
(34, 12, 40)
(34, 13, 37)
(34, 14, 37)
(34, 15, 37)
(34, 16, 37)
(34, 17, 37)
(34, 18, 37)
(34, 19, 35)
(34, 20, 32)
(34, 21, 27)
(34, 22, 25)
(34, 23, 24)
(34, 24, 23)
(34, 25, 23)
(34, 26, 23)
(34, 27, 22)
(34, 28, 17)
(34, 29, 16)
(34, 30, 15)
(34, 31, 13)
(34, 32, 12)
(34, 33, 12)
(34, 34, 12)
(34, 35, 10)
(34, 36, 10)
(34, 37, 9)
(34, 38, 8)
(34, 39, 8)

(35, 0, 157)
(35, 1, 118)
(35, 2, 107)
(35, 3, 93)
(35, 4, 86)
(35, 5, 78)
(35, 6, 69)
(35, 7, 63)
(35, 8, 59)
(35, 9, 48)
(35, 10, 43)
(35, 11, 42)
(35, 12, 41)
(35, 13, 38)
(35, 14, 38)
(35, 15, 38)
(35, 16, 38)
(35, 17, 38)
(35, 18, 38)
(35, 19, 36)
(35, 20, 33)
(35, 21, 28)
(35, 22, 26)
(35, 23, 25)
(35, 24, 24)
(35, 25, 24)
(35, 26, 24)
(35, 27, 23)
(35, 28, 18)
(35, 29, 17)
(35, 30, 16)
(35, 31, 14)
(35, 32, 13)
(35, 33, 13)
(35, 34, 13)
(35, 35, 11)
(35, 36, 9)
(35, 37, 7)
(35, 38, 7)
(35, 39, 7)

(36, 0, 161)
(36, 1, 120)
(36, 2, 109)
(36, 3, 95)
(36, 4, 88)
(36, 5, 80)
(36, 6, 71)
(36, 7, 65)
(36, 8, 61)
(36, 9, 49)
(36, 10, 44)
(36, 11, 43)
(36, 12, 42)
(36, 13, 39)
(36, 14, 39)
(36, 15, 39)
(36, 16, 39)
(36, 17, 39)
(36, 18, 39)
(36, 19, 37)
(36, 20, 34)
(36, 21, 28)
(36, 22, 26)
(36, 23, 25)
(36, 24, 24)
(36, 25, 24)
(36, 26, 24)
(36, 27, 23)
(36, 28, 18)
(36, 29, 17)
(36, 30, 16)
(36, 31, 14)
(36, 32, 13)
(36, 33, 13)
(36, 34, 13)
(36, 35, 11)
(36, 36, 9)
(36, 37, 7)
(36, 38, 7)
(36, 39, 7)

(37, 0, 167)
(37, 1, 121)
(37, 2, 110)
(37, 3, 96)
(37, 4, 89)
(37, 5, 81)
(37, 6, 72)
(37, 7, 66)
(37, 8, 62)
(37, 9, 50)
(37, 10, 45)
(37, 11, 44)
(37, 12, 43)
(37, 13, 40)
(37, 14, 40)
(37, 15, 40)
(37, 16, 40)
(37, 17, 40)
(37, 18, 40)
(37, 19, 37)
(37, 20, 34)
(37, 21, 28)
(37, 22, 26)
(37, 23, 25)
(37, 24, 24)
(37, 25, 24)
(37, 26, 24)
(37, 27, 23)
(37, 28, 18)
(37, 29, 16)
(37, 30, 15)
(37, 31, 13)
(37, 32, 12)
(37, 33, 12)
(37, 34, 12)
(37, 35, 11)
(37, 36, 9)
(37, 37, 7)
(37, 38, 7)
(37, 39, 7)

(38, 0, 169)
(38, 1, 122)
(38, 2, 111)
(38, 3, 97)
(38, 4, 90)
(38, 5, 82)
(38, 6, 73)
(38, 7, 67)
(38, 8, 63)
(38, 9, 50)
(38, 10, 45)
(38, 11, 44)
(38, 12, 43)
(38, 13, 40)
(38, 14, 40)
(38, 15, 40)
(38, 16, 40)
(38, 17, 40)
(38, 18, 40)
(38, 19, 37)
(38, 20, 34)
(38, 21, 28)
(38, 22, 26)
(38, 23, 25)
(38, 24, 24)
(38, 25, 24)
(38, 26, 24)
(38, 27, 23)
(38, 28, 18)
(38, 29, 16)
(38, 30, 15)
(38, 31, 13)
(38, 32, 12)
(38, 33, 12)
(38, 34, 12)
(38, 35, 11)
(38, 36, 9)
(38, 37, 7)
(38, 38, 7)
(38, 39, 7)

(39, 0, 172)
(39, 1, 123)
(39, 2, 112)
(39, 3, 98)
(39, 4, 91)
(39, 5, 83)
(39, 6, 74)
(39, 7, 68)
(39, 8, 64)
(39, 9, 50)
(39, 10, 45)
(39, 11, 44)
(39, 12, 43)
(39, 13, 40)
(39, 14, 40)
(39, 15, 40)
(39, 16, 40)
(39, 17, 40)
(39, 18, 40)
(39, 19, 37)
(39, 20, 34)
(39, 21, 28)
(39, 22, 26)
(39, 23, 25)
(39, 24, 24)
(39, 25, 24)
(39, 26, 24)
(39, 27, 23)
(39, 28, 18)
(39, 29, 16)
(39, 30, 15)
(39, 31, 13)
(39, 32, 12)
(39, 33, 12)
(39, 34, 12)
(39, 35, 11)
(39, 36, 9)
(39, 37, 7)
(39, 38, 7)
(39, 39, 7)


Betti numbers:
xi_0:
(0, 0, 1)
(1, 0, 1)
(2, 0, 3)
(3, 0, 1)
(4, 0, 1)
(5, 0, 1)
(7, 0, 4)
(8, 0, 8)
(9, 0, 4)
(10, 0, 5)
(11, 0, 6)
(12, 0, 2)
(13, 0, 2)
(14, 0, 5)
(15, 0, 2)
(16, 0, 4)
(17, 0, 5)
(18, 0, 8)
(19, 0, 8)
(20, 0, 7)
(21, 0, 1)
(22, 0, 9)
(23, 0, 3)
(24, 0, 5)
(25, 0, 3)
(26, 0, 3)
(27, 0, 9)
(28, 0, 5)
(29, 0, 9)
(30, 0, 9)
(31, 0, 7)
(32, 0, 6)
(33, 0, 2)
(34, 0, 5)
(35, 0, 4)
(36, 0, 4)
(37, 0, 6)
(38, 0, 2)
(39, 0, 3)
xi_1:
(1, 7, 1)
(2, 1, 1)
(2, 5, 1)
(2, 10, 1)
(4, 1, 1)
(5, 4, 1)
(7, 1, 1)
(7, 3, 1)
(8, 1, 4)
(8, 2, 1)
(8, 6, 1)
(8, 10, 1)
(9, 2, 1)
(9, 3, 1)
(9, 4, 1)
(9, 13, 1)
(10, 4, 1)
(10, 6, 1)
(10, 12, 2)
(10, 31, 1)
(11, 2, 2)
(11, 3, 2)
(11, 5, 1)
(11, 6, 1)
(11, 8, 1)
(11, 9, 1)
(12, 9, 1)
(13, 3, 1)
(14, 2, 1)
(14, 3, 1)
(14, 4, 2)
(14, 37, 1)
(15, 31, 1)
(15, 37, 1)
(16, 3, 1)
(16, 4, 1)
(16, 6, 1)
(16, 32, 1)
(17, 1, 1)
(17, 2, 1)
(17, 5, 1)
(17, 7, 1)
(17, 10, 1)
(17, 29, 1)
(17, 32, 1)
(18, 1, 1)
(18, 2, 1)
(18, 4, 1)
(18, 14, 1)
(18, 28, 1)
(18, 29, 1)
(18, 31, 1)
(19, 1, 1)
(19, 2, 1)
(19, 3, 1)
(19, 6, 1)
(19, 7, 1)
(19, 8, 1)
(19, 11, 1)
(19, 32, 1)
(19, 37, 1)
(20, 1, 1)
(20, 3, 1)
(20, 6, 1)
(20, 9, 1)
(20, 13, 1)
(20, 19, 1)
(20, 21, 1)
(20, 37, 1)
(21, 8, 1)
(22, 1, 1)
(22, 2, 1)
(22, 3, 1)
(22, 7, 1)
(22, 9, 2)
(22, 10, 1)
(22, 12, 1)
(22, 13, 1)
(22, 27, 1)
(22, 28, 1)
(22, 30, 1)
(23, 1, 1)
(23, 7, 1)
(23, 28, 1)
(24, 3, 1)
(24, 5, 1)
(24, 6, 1)
(24, 25, 1)
(25, 1, 2)
(25, 22, 1)
(25, 23, 1)
(26, 1, 1)
(26, 8, 1)
(26, 33, 1)
(26, 37, 1)
(27, 1, 5)
(27, 5, 1)
(27, 9, 1)
(27, 10, 1)
(27, 20, 1)
(27, 21, 1)
(27, 29, 1)
(27, 31, 1)
(27, 38, 1)
(28, 1, 2)
(28, 2, 1)
(28, 19, 1)
(28, 27, 1)
(29, 1, 3)
(29, 5, 1)
(29, 6, 1)
(29, 7, 1)
(29, 9, 2)
(29, 21, 1)
(29, 33, 1)
(30, 1, 4)
(30, 3, 3)
(30, 6, 1)
(30, 32, 1)
(31, 0, 1)
(31, 1, 4)
(31, 2, 1)
(31, 9, 1)
(31, 20, 1)
(31, 22, 1)
(31, 28, 2)
(32, 1, 1)
(32, 3, 1)
(32, 21, 1)
(32, 24, 1)
(32, 26, 1)
(32, 28, 1)
(32, 35, 1)
(33, 1, 1)
(33, 5, 1)
(33, 39, 1)
(34, 1, 2)
(34, 5, 1)
(34, 9, 1)
(34, 20, 1)
(34, 21, 1)
(34, 35, 1)
(35, 1, 2)
(35, 9, 1)
(35, 36, 2)
(35, 37, 1)
(36, 1, 2)
(36, 9, 1)
(36, 21, 1)
(37, 1, 5)
(37, 19, 1)
(37, 29, 1)
(38, 1, 1)
(38, 9, 1)
(39, 1, 2)
(39, 9, 1)
xi_2:
(11, 12, 2)
(17, 32, 1)
(17, 37, 1)
(18, 37, 1)
(19, 14, 1)
(20, 29, 1)
(22, 31, 1)
(22, 32, 1)
(22, 37, 1)
(23, 3, 1)
(25, 28, 1)
(27, 25, 1)
(27, 33, 1)
(27, 37, 1)
(29, 27, 1)
(31, 1, 1)
(31, 29, 1)
(31, 32, 1)
(31, 33, 1)
(32, 31, 1)
(34, 26, 1)
(34, 39, 1)
(35, 38, 1)
(37, 35, 1)
