x-grades
-11596093411108417527/20000000000000000000
-5655023561265024527/10000000000000000000
-11024000833951680581/20000000000000000000
-2684488636343328027/5000000000000000000
-2090381651358988727/4000000000000000000
-5082930984108287581/10000000000000000000
-9879815679638206689/20000000000000000000
-1199221173882479777/2500000000000000000
-9307723102481469743/20000000000000000000
-902167681390310127/2000000000000000000
-8735630525324732797/20000000000000000000
-2112396059186591081/5000000000000000000
-8163537948167995851/20000000000000000000
-3938745829794813689/10000000000000000000
-1518289074202251781/4000000000000000000
-114146860663013913/312500000000000000
-7019352793854521959/20000000000000000000
-3366653252638076743/10000000000000000000
-6447260216697785013/20000000000000000000
-308060696405970827/1000000000000000000
-5875167639541048067/20000000000000000000
-2794560675481339797/10000000000000000000
-5303075062384311121/20000000000000000000
-627128596725742831/2500000000000000000
-189239299409102967/800000000000000000
-2222468098324602851/10000000000000000000
-4158889908070837229/20000000000000000000
-968210904873117189/5000000000000000000
-3586797330914100283/20000000000000000000
-330075104233573181/2000000000000000000
-3014704753757363337/20000000000000000000
-170541154073687179/1250000000000000000
-2442612176600626391/20000000000000000000
-1078282944011128959/10000000000000000000
-374103919888777889/4000000000000000000
-396118327716380243/5000000000000000000
-1298427022287152499/20000000000000000000
-506190366854392013/10000000000000000000
-726334445130415553/20000000000000000000
-11007203913801177/500000000000000000

y-grades
1249633/5000000
1249633/2500000
3748899/5000000
1249633/1250000
1249633/1000000
3748899/2500000
8747431/5000000
1249633/625000
11246697/5000000
1249633/500000
13745963/5000000
3748899/1250000
16245229/5000000
8747431/2500000
3748899/1000000
1249633/312500
21243761/5000000
11246697/2500000
23743027/5000000
1249633/250000
26242293/5000000
13745963/2500000
28741559/5000000
3748899/625000
1249633/200000
16245229/2500000
33740091/5000000
8747431/1250000
36239357/5000000
3748899/500000
38738623/5000000
1249633/156250
41237889/5000000
21243761/2500000
8747431/1000000
11246697/1250000
46236421/5000000
23743027/2500000
48735687/5000000
1249633/125000

Dimensions > 0:
(0, 0, 2)
(0, 1, 2)
(0, 2, 2)
(0, 3, 2)
(0, 4, 2)
(0, 5, 2)
(0, 6, 1)
(0, 7, 1)
(0, 8, 1)
(0, 9, 1)
(0, 10, 1)
(0, 11, 1)
(0, 12, 1)
(0, 13, 1)
(0, 14, 1)
(0, 15, 1)
(0, 16, 1)
(0, 17, 1)
(0, 18, 1)
(0, 19, 1)
(0, 20, 1)
(0, 21, 1)
(0, 22, 1)
(0, 23, 1)
(0, 24, 1)
(0, 25, 1)
(0, 26, 1)
(0, 27, 1)
(0, 28, 1)
(0, 29, 1)
(0, 30, 1)
(0, 31, 1)
(0, 32, 1)
(0, 33, 1)
(0, 34, 1)
(0, 35, 1)
(0, 36, 1)
(0, 37, 1)
(0, 38, 1)
(0, 39, 1)

(1, 0, 3)
(1, 1, 3)
(1, 2, 2)
(1, 3, 2)
(1, 4, 2)
(1, 5, 2)
(1, 6, 1)
(1, 7, 1)
(1, 8, 1)
(1, 9, 1)
(1, 10, 1)
(1, 11, 1)
(1, 12, 1)
(1, 13, 1)
(1, 14, 1)
(1, 15, 1)
(1, 16, 1)
(1, 17, 1)
(1, 18, 1)
(1, 19, 1)
(1, 20, 1)
(1, 21, 1)
(1, 22, 1)
(1, 23, 1)
(1, 24, 1)
(1, 25, 1)
(1, 26, 1)
(1, 27, 1)
(1, 28, 1)
(1, 29, 1)
(1, 30, 1)
(1, 31, 1)
(1, 32, 1)
(1, 33, 1)
(1, 34, 1)
(1, 35, 1)
(1, 36, 1)
(1, 37, 1)
(1, 38, 1)
(1, 39, 1)

(2, 0, 5)
(2, 1, 4)
(2, 2, 2)
(2, 3, 2)
(2, 4, 2)
(2, 5, 2)
(2, 6, 1)
(2, 7, 1)
(2, 8, 1)
(2, 9, 1)
(2, 10, 1)
(2, 11, 1)
(2, 12, 1)
(2, 13, 1)
(2, 14, 1)
(2, 15, 1)
(2, 16, 1)
(2, 17, 1)
(2, 18, 1)
(2, 19, 1)
(2, 20, 1)
(2, 21, 1)
(2, 22, 1)
(2, 23, 1)
(2, 24, 1)
(2, 25, 1)
(2, 26, 1)
(2, 27, 1)
(2, 28, 1)
(2, 29, 1)
(2, 30, 1)
(2, 31, 1)
(2, 32, 1)
(2, 33, 1)
(2, 34, 1)
(2, 35, 1)
(2, 36, 1)
(2, 37, 1)
(2, 38, 1)
(2, 39, 1)

(3, 0, 5)
(3, 1, 4)
(3, 2, 2)
(3, 3, 2)
(3, 4, 2)
(3, 5, 2)
(3, 6, 1)
(3, 7, 1)
(3, 8, 1)
(3, 9, 1)
(3, 10, 1)
(3, 11, 1)
(3, 12, 1)
(3, 13, 1)
(3, 14, 1)
(3, 15, 1)
(3, 16, 1)
(3, 17, 1)
(3, 18, 1)
(3, 19, 1)
(3, 20, 1)
(3, 21, 1)
(3, 22, 1)
(3, 23, 1)
(3, 24, 1)
(3, 25, 1)
(3, 26, 1)
(3, 27, 1)
(3, 28, 1)
(3, 29, 1)
(3, 30, 1)
(3, 31, 1)
(3, 32, 1)
(3, 33, 1)
(3, 34, 1)
(3, 35, 1)
(3, 36, 1)
(3, 37, 1)
(3, 38, 1)
(3, 39, 1)

(4, 0, 5)
(4, 1, 4)
(4, 2, 2)
(4, 3, 2)
(4, 4, 2)
(4, 5, 2)
(4, 6, 1)
(4, 7, 1)
(4, 8, 1)
(4, 9, 1)
(4, 10, 1)
(4, 11, 1)
(4, 12, 1)
(4, 13, 1)
(4, 14, 1)
(4, 15, 1)
(4, 16, 1)
(4, 17, 1)
(4, 18, 1)
(4, 19, 1)
(4, 20, 1)
(4, 21, 1)
(4, 22, 1)
(4, 23, 1)
(4, 24, 1)
(4, 25, 1)
(4, 26, 1)
(4, 27, 1)
(4, 28, 1)
(4, 29, 1)
(4, 30, 1)
(4, 31, 1)
(4, 32, 1)
(4, 33, 1)
(4, 34, 1)
(4, 35, 1)
(4, 36, 1)
(4, 37, 1)
(4, 38, 1)
(4, 39, 1)

(5, 0, 5)
(5, 1, 4)
(5, 2, 2)
(5, 3, 2)
(5, 4, 2)
(5, 5, 2)
(5, 6, 1)
(5, 7, 1)
(5, 8, 1)
(5, 9, 1)
(5, 10, 1)
(5, 11, 1)
(5, 12, 1)
(5, 13, 1)
(5, 14, 1)
(5, 15, 1)
(5, 16, 1)
(5, 17, 1)
(5, 18, 1)
(5, 19, 1)
(5, 20, 1)
(5, 21, 1)
(5, 22, 1)
(5, 23, 1)
(5, 24, 1)
(5, 25, 1)
(5, 26, 1)
(5, 27, 1)
(5, 28, 1)
(5, 29, 1)
(5, 30, 1)
(5, 31, 1)
(5, 32, 1)
(5, 33, 1)
(5, 34, 1)
(5, 35, 1)
(5, 36, 1)
(5, 37, 1)
(5, 38, 1)
(5, 39, 1)

(6, 0, 5)
(6, 1, 4)
(6, 2, 2)
(6, 3, 2)
(6, 4, 2)
(6, 5, 2)
(6, 6, 1)
(6, 7, 1)
(6, 8, 1)
(6, 9, 1)
(6, 10, 1)
(6, 11, 1)
(6, 12, 1)
(6, 13, 1)
(6, 14, 1)
(6, 15, 1)
(6, 16, 1)
(6, 17, 1)
(6, 18, 1)
(6, 19, 1)
(6, 20, 1)
(6, 21, 1)
(6, 22, 1)
(6, 23, 1)
(6, 24, 1)
(6, 25, 1)
(6, 26, 1)
(6, 27, 1)
(6, 28, 1)
(6, 29, 1)
(6, 30, 1)
(6, 31, 1)
(6, 32, 1)
(6, 33, 1)
(6, 34, 1)
(6, 35, 1)
(6, 36, 1)
(6, 37, 1)
(6, 38, 1)
(6, 39, 1)

(7, 0, 5)
(7, 1, 4)
(7, 2, 2)
(7, 3, 2)
(7, 4, 2)
(7, 5, 2)
(7, 6, 1)
(7, 7, 1)
(7, 8, 1)
(7, 9, 1)
(7, 10, 1)
(7, 11, 1)
(7, 12, 1)
(7, 13, 1)
(7, 14, 1)
(7, 15, 1)
(7, 16, 1)
(7, 17, 1)
(7, 18, 1)
(7, 19, 1)
(7, 20, 1)
(7, 21, 1)
(7, 22, 1)
(7, 23, 1)
(7, 24, 1)
(7, 25, 1)
(7, 26, 1)
(7, 27, 1)
(7, 28, 1)
(7, 29, 1)
(7, 30, 1)
(7, 31, 1)
(7, 32, 1)
(7, 33, 1)
(7, 34, 1)
(7, 35, 1)
(7, 36, 1)
(7, 37, 1)
(7, 38, 1)
(7, 39, 1)

(8, 0, 8)
(8, 1, 7)
(8, 2, 5)
(8, 3, 4)
(8, 4, 4)
(8, 5, 4)
(8, 6, 3)
(8, 7, 3)
(8, 8, 3)
(8, 9, 3)
(8, 10, 3)
(8, 11, 3)
(8, 12, 2)
(8, 13, 2)
(8, 14, 2)
(8, 15, 2)
(8, 16, 2)
(8, 17, 2)
(8, 18, 2)
(8, 19, 2)
(8, 20, 2)
(8, 21, 2)
(8, 22, 2)
(8, 23, 2)
(8, 24, 2)
(8, 25, 2)
(8, 26, 2)
(8, 27, 2)
(8, 28, 2)
(8, 29, 2)
(8, 30, 2)
(8, 31, 2)
(8, 32, 2)
(8, 33, 2)
(8, 34, 2)
(8, 35, 2)
(8, 36, 2)
(8, 37, 2)
(8, 38, 2)
(8, 39, 2)

(9, 0, 9)
(9, 1, 8)
(9, 2, 6)
(9, 3, 5)
(9, 4, 5)
(9, 5, 5)
(9, 6, 3)
(9, 7, 3)
(9, 8, 3)
(9, 9, 3)
(9, 10, 3)
(9, 11, 3)
(9, 12, 2)
(9, 13, 2)
(9, 14, 2)
(9, 15, 2)
(9, 16, 2)
(9, 17, 2)
(9, 18, 2)
(9, 19, 2)
(9, 20, 2)
(9, 21, 2)
(9, 22, 2)
(9, 23, 2)
(9, 24, 2)
(9, 25, 2)
(9, 26, 2)
(9, 27, 2)
(9, 28, 2)
(9, 29, 2)
(9, 30, 2)
(9, 31, 2)
(9, 32, 2)
(9, 33, 2)
(9, 34, 2)
(9, 35, 2)
(9, 36, 2)
(9, 37, 2)
(9, 38, 2)
(9, 39, 2)

(10, 0, 12)
(10, 1, 10)
(10, 2, 6)
(10, 3, 5)
(10, 4, 5)
(10, 5, 5)
(10, 6, 3)
(10, 7, 3)
(10, 8, 3)
(10, 9, 3)
(10, 10, 3)
(10, 11, 3)
(10, 12, 2)
(10, 13, 2)
(10, 14, 2)
(10, 15, 2)
(10, 16, 2)
(10, 17, 2)
(10, 18, 2)
(10, 19, 2)
(10, 20, 2)
(10, 21, 2)
(10, 22, 2)
(10, 23, 2)
(10, 24, 2)
(10, 25, 2)
(10, 26, 2)
(10, 27, 2)
(10, 28, 2)
(10, 29, 2)
(10, 30, 2)
(10, 31, 2)
(10, 32, 2)
(10, 33, 2)
(10, 34, 2)
(10, 35, 2)
(10, 36, 2)
(10, 37, 2)
(10, 38, 2)
(10, 39, 2)

(11, 0, 12)
(11, 1, 10)
(11, 2, 6)
(11, 3, 5)
(11, 4, 5)
(11, 5, 5)
(11, 6, 3)
(11, 7, 3)
(11, 8, 3)
(11, 9, 3)
(11, 10, 3)
(11, 11, 3)
(11, 12, 2)
(11, 13, 2)
(11, 14, 2)
(11, 15, 2)
(11, 16, 2)
(11, 17, 2)
(11, 18, 2)
(11, 19, 2)
(11, 20, 2)
(11, 21, 2)
(11, 22, 2)
(11, 23, 2)
(11, 24, 2)
(11, 25, 2)
(11, 26, 2)
(11, 27, 2)
(11, 28, 2)
(11, 29, 2)
(11, 30, 2)
(11, 31, 2)
(11, 32, 2)
(11, 33, 2)
(11, 34, 2)
(11, 35, 2)
(11, 36, 2)
(11, 37, 2)
(11, 38, 2)
(11, 39, 2)

(12, 0, 14)
(12, 1, 12)
(12, 2, 7)
(12, 3, 6)
(12, 4, 6)
(12, 5, 6)
(12, 6, 4)
(12, 7, 4)
(12, 8, 4)
(12, 9, 4)
(12, 10, 4)
(12, 11, 4)
(12, 12, 3)
(12, 13, 3)
(12, 14, 3)
(12, 15, 3)
(12, 16, 3)
(12, 17, 3)
(12, 18, 3)
(12, 19, 3)
(12, 20, 3)
(12, 21, 3)
(12, 22, 3)
(12, 23, 3)
(12, 24, 3)
(12, 25, 3)
(12, 26, 3)
(12, 27, 3)
(12, 28, 3)
(12, 29, 3)
(12, 30, 3)
(12, 31, 3)
(12, 32, 3)
(12, 33, 3)
(12, 34, 3)
(12, 35, 3)
(12, 36, 2)
(12, 37, 2)
(12, 38, 2)
(12, 39, 2)

(13, 0, 15)
(13, 1, 13)
(13, 2, 8)
(13, 3, 7)
(13, 4, 7)
(13, 5, 7)
(13, 6, 4)
(13, 7, 4)
(13, 8, 4)
(13, 9, 4)
(13, 10, 4)
(13, 11, 4)
(13, 12, 3)
(13, 13, 3)
(13, 14, 3)
(13, 15, 3)
(13, 16, 3)
(13, 17, 3)
(13, 18, 3)
(13, 19, 3)
(13, 20, 3)
(13, 21, 3)
(13, 22, 3)
(13, 23, 3)
(13, 24, 3)
(13, 25, 3)
(13, 26, 3)
(13, 27, 3)
(13, 28, 3)
(13, 29, 3)
(13, 30, 3)
(13, 31, 3)
(13, 32, 3)
(13, 33, 3)
(13, 34, 3)
(13, 35, 3)
(13, 36, 2)
(13, 37, 2)
(13, 38, 2)
(13, 39, 2)

(14, 0, 17)
(14, 1, 14)
(14, 2, 8)
(14, 3, 7)
(14, 4, 7)
(14, 5, 7)
(14, 6, 4)
(14, 7, 4)
(14, 8, 4)
(14, 9, 4)
(14, 10, 4)
(14, 11, 4)
(14, 12, 3)
(14, 13, 3)
(14, 14, 3)
(14, 15, 3)
(14, 16, 3)
(14, 17, 3)
(14, 18, 3)
(14, 19, 3)
(14, 20, 3)
(14, 21, 3)
(14, 22, 3)
(14, 23, 3)
(14, 24, 3)
(14, 25, 3)
(14, 26, 3)
(14, 27, 3)
(14, 28, 3)
(14, 29, 3)
(14, 30, 3)
(14, 31, 3)
(14, 32, 3)
(14, 33, 3)
(14, 34, 3)
(14, 35, 2)
(14, 36, 2)
(14, 37, 2)
(14, 38, 2)
(14, 39, 2)

(15, 0, 19)
(15, 1, 15)
(15, 2, 9)
(15, 3, 8)
(15, 4, 8)
(15, 5, 8)
(15, 6, 5)
(15, 7, 5)
(15, 8, 5)
(15, 9, 4)
(15, 10, 4)
(15, 11, 4)
(15, 12, 3)
(15, 13, 3)
(15, 14, 3)
(15, 15, 3)
(15, 16, 3)
(15, 17, 3)
(15, 18, 3)
(15, 19, 3)
(15, 20, 3)
(15, 21, 3)
(15, 22, 3)
(15, 23, 3)
(15, 24, 3)
(15, 25, 3)
(15, 26, 3)
(15, 27, 3)
(15, 28, 3)
(15, 29, 2)
(15, 30, 2)
(15, 31, 2)
(15, 32, 2)
(15, 33, 2)
(15, 34, 2)
(15, 35, 2)
(15, 36, 2)
(15, 37, 2)
(15, 38, 2)
(15, 39, 2)

(16, 0, 24)
(16, 1, 18)
(16, 2, 12)
(16, 3, 10)
(16, 4, 9)
(16, 5, 9)
(16, 6, 6)
(16, 7, 6)
(16, 8, 6)
(16, 9, 5)
(16, 10, 5)
(16, 11, 5)
(16, 12, 3)
(16, 13, 3)
(16, 14, 3)
(16, 15, 3)
(16, 16, 3)
(16, 17, 3)
(16, 18, 3)
(16, 19, 3)
(16, 20, 3)
(16, 21, 3)
(16, 22, 3)
(16, 23, 3)
(16, 24, 3)
(16, 25, 2)
(16, 26, 2)
(16, 27, 2)
(16, 28, 2)
(16, 29, 2)
(16, 30, 2)
(16, 31, 2)
(16, 32, 2)
(16, 33, 2)
(16, 34, 2)
(16, 35, 2)
(16, 36, 2)
(16, 37, 2)
(16, 38, 2)
(16, 39, 2)

(17, 0, 26)
(17, 1, 19)
(17, 2, 13)
(17, 3, 11)
(17, 4, 10)
(17, 5, 10)
(17, 6, 6)
(17, 7, 6)
(17, 8, 5)
(17, 9, 5)
(17, 10, 5)
(17, 11, 5)
(17, 12, 3)
(17, 13, 3)
(17, 14, 3)
(17, 15, 3)
(17, 16, 3)
(17, 17, 3)
(17, 18, 3)
(17, 19, 3)
(17, 20, 3)
(17, 21, 3)
(17, 22, 3)
(17, 23, 3)
(17, 24, 3)
(17, 25, 2)
(17, 26, 2)
(17, 27, 2)
(17, 28, 2)
(17, 29, 2)
(17, 30, 2)
(17, 31, 2)
(17, 32, 2)
(17, 33, 2)
(17, 34, 2)
(17, 35, 2)
(17, 36, 2)
(17, 37, 2)
(17, 38, 2)
(17, 39, 2)

(18, 0, 27)
(18, 1, 20)
(18, 2, 14)
(18, 3, 11)
(18, 4, 10)
(18, 5, 10)
(18, 6, 6)
(18, 7, 6)
(18, 8, 5)
(18, 9, 5)
(18, 10, 5)
(18, 11, 5)
(18, 12, 3)
(18, 13, 3)
(18, 14, 3)
(18, 15, 3)
(18, 16, 3)
(18, 17, 3)
(18, 18, 3)
(18, 19, 3)
(18, 20, 3)
(18, 21, 3)
(18, 22, 3)
(18, 23, 3)
(18, 24, 3)
(18, 25, 2)
(18, 26, 2)
(18, 27, 2)
(18, 28, 2)
(18, 29, 2)
(18, 30, 2)
(18, 31, 2)
(18, 32, 2)
(18, 33, 2)
(18, 34, 2)
(18, 35, 2)
(18, 36, 2)
(18, 37, 2)
(18, 38, 2)
(18, 39, 2)

(19, 0, 27)
(19, 1, 20)
(19, 2, 14)
(19, 3, 11)
(19, 4, 10)
(19, 5, 10)
(19, 6, 6)
(19, 7, 6)
(19, 8, 5)
(19, 9, 5)
(19, 10, 5)
(19, 11, 5)
(19, 12, 3)
(19, 13, 3)
(19, 14, 3)
(19, 15, 3)
(19, 16, 3)
(19, 17, 3)
(19, 18, 3)
(19, 19, 3)
(19, 20, 3)
(19, 21, 3)
(19, 22, 3)
(19, 23, 3)
(19, 24, 3)
(19, 25, 2)
(19, 26, 2)
(19, 27, 2)
(19, 28, 2)
(19, 29, 2)
(19, 30, 2)
(19, 31, 2)
(19, 32, 2)
(19, 33, 2)
(19, 34, 2)
(19, 35, 2)
(19, 36, 2)
(19, 37, 2)
(19, 38, 2)
(19, 39, 2)

(20, 0, 27)
(20, 1, 20)
(20, 2, 14)
(20, 3, 11)
(20, 4, 10)
(20, 5, 10)
(20, 6, 6)
(20, 7, 6)
(20, 8, 5)
(20, 9, 5)
(20, 10, 5)
(20, 11, 5)
(20, 12, 3)
(20, 13, 3)
(20, 14, 3)
(20, 15, 3)
(20, 16, 3)
(20, 17, 3)
(20, 18, 3)
(20, 19, 3)
(20, 20, 3)
(20, 21, 3)
(20, 22, 3)
(20, 23, 3)
(20, 24, 3)
(20, 25, 2)
(20, 26, 2)
(20, 27, 2)
(20, 28, 2)
(20, 29, 2)
(20, 30, 2)
(20, 31, 2)
(20, 32, 2)
(20, 33, 2)
(20, 34, 2)
(20, 35, 2)
(20, 36, 2)
(20, 37, 2)
(20, 38, 2)
(20, 39, 2)

(21, 0, 27)
(21, 1, 20)
(21, 2, 14)
(21, 3, 11)
(21, 4, 10)
(21, 5, 10)
(21, 6, 6)
(21, 7, 6)
(21, 8, 5)
(21, 9, 5)
(21, 10, 5)
(21, 11, 5)
(21, 12, 3)
(21, 13, 3)
(21, 14, 3)
(21, 15, 3)
(21, 16, 3)
(21, 17, 3)
(21, 18, 3)
(21, 19, 3)
(21, 20, 3)
(21, 21, 3)
(21, 22, 3)
(21, 23, 3)
(21, 24, 3)
(21, 25, 2)
(21, 26, 2)
(21, 27, 2)
(21, 28, 2)
(21, 29, 2)
(21, 30, 2)
(21, 31, 2)
(21, 32, 2)
(21, 33, 2)
(21, 34, 2)
(21, 35, 2)
(21, 36, 2)
(21, 37, 2)
(21, 38, 2)
(21, 39, 2)

(22, 0, 27)
(22, 1, 20)
(22, 2, 14)
(22, 3, 11)
(22, 4, 10)
(22, 5, 10)
(22, 6, 6)
(22, 7, 6)
(22, 8, 5)
(22, 9, 5)
(22, 10, 5)
(22, 11, 5)
(22, 12, 3)
(22, 13, 3)
(22, 14, 3)
(22, 15, 3)
(22, 16, 3)
(22, 17, 3)
(22, 18, 3)
(22, 19, 3)
(22, 20, 3)
(22, 21, 3)
(22, 22, 3)
(22, 23, 3)
(22, 24, 3)
(22, 25, 2)
(22, 26, 2)
(22, 27, 2)
(22, 28, 2)
(22, 29, 2)
(22, 30, 2)
(22, 31, 2)
(22, 32, 2)
(22, 33, 2)
(22, 34, 2)
(22, 35, 2)
(22, 36, 2)
(22, 37, 2)
(22, 38, 2)
(22, 39, 2)

(23, 0, 31)
(23, 1, 23)
(23, 2, 17)
(23, 3, 14)
(23, 4, 11)
(23, 5, 11)
(23, 6, 7)
(23, 7, 7)
(23, 8, 6)
(23, 9, 6)
(23, 10, 6)
(23, 11, 6)
(23, 12, 4)
(23, 13, 4)
(23, 14, 4)
(23, 15, 3)
(23, 16, 3)
(23, 17, 3)
(23, 18, 3)
(23, 19, 3)
(23, 20, 3)
(23, 21, 3)
(23, 22, 3)
(23, 23, 3)
(23, 24, 3)
(23, 25, 2)
(23, 26, 2)
(23, 27, 2)
(23, 28, 2)
(23, 29, 2)
(23, 30, 2)
(23, 31, 2)
(23, 32, 2)
(23, 33, 2)
(23, 34, 2)
(23, 35, 2)
(23, 36, 2)
(23, 37, 2)
(23, 38, 2)
(23, 39, 2)

(24, 0, 39)
(24, 1, 27)
(24, 2, 21)
(24, 3, 18)
(24, 4, 11)
(24, 5, 11)
(24, 6, 7)
(24, 7, 7)
(24, 8, 6)
(24, 9, 6)
(24, 10, 6)
(24, 11, 6)
(24, 12, 4)
(24, 13, 4)
(24, 14, 4)
(24, 15, 3)
(24, 16, 3)
(24, 17, 3)
(24, 18, 3)
(24, 19, 3)
(24, 20, 3)
(24, 21, 3)
(24, 22, 3)
(24, 23, 3)
(24, 24, 3)
(24, 25, 2)
(24, 26, 2)
(24, 27, 2)
(24, 28, 2)
(24, 29, 2)
(24, 30, 2)
(24, 31, 2)
(24, 32, 2)
(24, 33, 2)
(24, 34, 2)
(24, 35, 2)
(24, 36, 2)
(24, 37, 2)
(24, 38, 2)
(24, 39, 2)

(25, 0, 43)
(25, 1, 29)
(25, 2, 23)
(25, 3, 20)
(25, 4, 11)
(25, 5, 11)
(25, 6, 7)
(25, 7, 7)
(25, 8, 6)
(25, 9, 6)
(25, 10, 6)
(25, 11, 6)
(25, 12, 4)
(25, 13, 4)
(25, 14, 4)
(25, 15, 3)
(25, 16, 3)
(25, 17, 3)
(25, 18, 3)
(25, 19, 3)
(25, 20, 3)
(25, 21, 3)
(25, 22, 3)
(25, 23, 3)
(25, 24, 3)
(25, 25, 2)
(25, 26, 2)
(25, 27, 2)
(25, 28, 2)
(25, 29, 2)
(25, 30, 2)
(25, 31, 2)
(25, 32, 2)
(25, 33, 2)
(25, 34, 2)
(25, 35, 2)
(25, 36, 2)
(25, 37, 2)
(25, 38, 2)
(25, 39, 2)

(26, 0, 45)
(26, 1, 29)
(26, 2, 23)
(26, 3, 20)
(26, 4, 11)
(26, 5, 11)
(26, 6, 7)
(26, 7, 7)
(26, 8, 6)
(26, 9, 6)
(26, 10, 6)
(26, 11, 6)
(26, 12, 4)
(26, 13, 4)
(26, 14, 4)
(26, 15, 3)
(26, 16, 3)
(26, 17, 3)
(26, 18, 3)
(26, 19, 3)
(26, 20, 3)
(26, 21, 3)
(26, 22, 3)
(26, 23, 3)
(26, 24, 3)
(26, 25, 2)
(26, 26, 2)
(26, 27, 2)
(26, 28, 2)
(26, 29, 2)
(26, 30, 2)
(26, 31, 2)
(26, 32, 2)
(26, 33, 2)
(26, 34, 2)
(26, 35, 2)
(26, 36, 2)
(26, 37, 2)
(26, 38, 2)
(26, 39, 2)

(27, 0, 51)
(27, 1, 32)
(27, 2, 26)
(27, 3, 23)
(27, 4, 12)
(27, 5, 12)
(27, 6, 8)
(27, 7, 8)
(27, 8, 7)
(27, 9, 7)
(27, 10, 7)
(27, 11, 7)
(27, 12, 5)
(27, 13, 5)
(27, 14, 5)
(27, 15, 4)
(27, 16, 4)
(27, 17, 3)
(27, 18, 3)
(27, 19, 3)
(27, 20, 3)
(27, 21, 3)
(27, 22, 3)
(27, 23, 3)
(27, 24, 3)
(27, 25, 2)
(27, 26, 2)
(27, 27, 2)
(27, 28, 2)
(27, 29, 2)
(27, 30, 2)
(27, 31, 2)
(27, 32, 2)
(27, 33, 2)
(27, 34, 2)
(27, 35, 2)
(27, 36, 2)
(27, 37, 2)
(27, 38, 2)
(27, 39, 2)

(28, 0, 54)
(28, 1, 35)
(28, 2, 29)
(28, 3, 26)
(28, 4, 13)
(28, 5, 13)
(28, 6, 9)
(28, 7, 9)
(28, 8, 8)
(28, 9, 8)
(28, 10, 8)
(28, 11, 8)
(28, 12, 6)
(28, 13, 6)
(28, 14, 6)
(28, 15, 5)
(28, 16, 5)
(28, 17, 4)
(28, 18, 4)
(28, 19, 4)
(28, 20, 4)
(28, 21, 4)
(28, 22, 4)
(28, 23, 4)
(28, 24, 4)
(28, 25, 3)
(28, 26, 3)
(28, 27, 3)
(28, 28, 3)
(28, 29, 3)
(28, 30, 3)
(28, 31, 3)
(28, 32, 3)
(28, 33, 3)
(28, 34, 3)
(28, 35, 3)
(28, 36, 2)
(28, 37, 2)
(28, 38, 2)
(28, 39, 2)

(29, 0, 67)
(29, 1, 42)
(29, 2, 34)
(29, 3, 30)
(29, 4, 16)
(29, 5, 16)
(29, 6, 10)
(29, 7, 10)
(29, 8, 9)
(29, 9, 8)
(29, 10, 8)
(29, 11, 8)
(29, 12, 6)
(29, 13, 6)
(29, 14, 5)
(29, 15, 4)
(29, 16, 4)
(29, 17, 4)
(29, 18, 4)
(29, 19, 4)
(29, 20, 4)
(29, 21, 4)
(29, 22, 4)
(29, 23, 4)
(29, 24, 4)
(29, 25, 2)
(29, 26, 2)
(29, 27, 2)
(29, 28, 2)
(29, 29, 2)
(29, 30, 2)
(29, 31, 1)
(29, 32, 1)
(29, 33, 1)
(29, 34, 1)
(29, 35, 1)
(29, 36, 1)
(29, 37, 1)
(29, 38, 1)
(29, 39, 1)

(30, 0, 74)
(30, 1, 46)
(30, 2, 38)
(30, 3, 34)
(30, 4, 18)
(30, 5, 18)
(30, 6, 11)
(30, 7, 11)
(30, 8, 10)
(30, 9, 8)
(30, 10, 8)
(30, 11, 7)
(30, 12, 5)
(30, 13, 5)
(30, 14, 5)
(30, 15, 4)
(30, 16, 4)
(30, 17, 4)
(30, 18, 4)
(30, 19, 4)
(30, 20, 4)
(30, 21, 4)
(30, 22, 4)
(30, 23, 4)
(30, 24, 3)
(30, 25, 1)
(30, 26, 1)
(30, 27, 1)
(30, 28, 1)
(30, 29, 1)
(30, 30, 1)
(30, 31, 1)
(30, 32, 1)
(30, 33, 1)
(30, 34, 1)
(30, 35, 1)
(30, 36, 1)
(30, 37, 1)
(30, 38, 1)
(30, 39, 1)

(31, 0, 76)
(31, 1, 47)
(31, 2, 39)
(31, 3, 35)
(31, 4, 19)
(31, 5, 19)
(31, 6, 12)
(31, 7, 12)
(31, 8, 11)
(31, 9, 9)
(31, 10, 8)
(31, 11, 7)
(31, 12, 5)
(31, 13, 5)
(31, 14, 4)
(31, 15, 3)
(31, 16, 3)
(31, 17, 3)
(31, 18, 3)
(31, 19, 3)
(31, 20, 3)
(31, 21, 3)
(31, 22, 3)
(31, 23, 3)
(31, 24, 3)
(31, 25, 1)
(31, 26, 1)
(31, 27, 1)
(31, 28, 1)
(31, 29, 1)
(31, 30, 1)
(31, 31, 1)
(31, 32, 1)
(31, 33, 1)
(31, 34, 1)
(31, 35, 1)
(31, 36, 1)
(31, 37, 1)
(31, 38, 1)
(31, 39, 1)

(32, 0, 81)
(32, 1, 50)
(32, 2, 42)
(32, 3, 38)
(32, 4, 20)
(32, 5, 20)
(32, 6, 12)
(32, 7, 12)
(32, 8, 10)
(32, 9, 9)
(32, 10, 8)
(32, 11, 7)
(32, 12, 5)
(32, 13, 5)
(32, 14, 4)
(32, 15, 3)
(32, 16, 3)
(32, 17, 3)
(32, 18, 3)
(32, 19, 3)
(32, 20, 3)
(32, 21, 3)
(32, 22, 3)
(32, 23, 3)
(32, 24, 3)
(32, 25, 1)
(32, 26, 1)
(32, 27, 1)
(32, 28, 1)
(32, 29, 1)
(32, 30, 1)
(32, 31, 1)
(32, 32, 1)
(32, 33, 1)
(32, 34, 1)
(32, 35, 1)
(32, 36, 1)
(32, 37, 1)
(32, 38, 1)
(32, 39, 1)

(33, 0, 84)
(33, 1, 52)
(33, 2, 44)
(33, 3, 39)
(33, 4, 21)
(33, 5, 21)
(33, 6, 12)
(33, 7, 12)
(33, 8, 10)
(33, 9, 9)
(33, 10, 8)
(33, 11, 7)
(33, 12, 5)
(33, 13, 5)
(33, 14, 4)
(33, 15, 3)
(33, 16, 3)
(33, 17, 3)
(33, 18, 3)
(33, 19, 3)
(33, 20, 3)
(33, 21, 3)
(33, 22, 3)
(33, 23, 3)
(33, 24, 3)
(33, 25, 1)
(33, 26, 1)
(33, 27, 1)
(33, 28, 1)
(33, 29, 1)
(33, 30, 1)
(33, 31, 1)
(33, 32, 1)
(33, 33, 1)
(33, 34, 1)
(33, 35, 1)
(33, 36, 1)
(33, 37, 1)
(33, 38, 1)
(33, 39, 1)

(34, 0, 88)
(34, 1, 54)
(34, 2, 46)
(34, 3, 41)
(34, 4, 21)
(34, 5, 21)
(34, 6, 12)
(34, 7, 12)
(34, 8, 10)
(34, 9, 9)
(34, 10, 8)
(34, 11, 7)
(34, 12, 5)
(34, 13, 5)
(34, 14, 4)
(34, 15, 3)
(34, 16, 3)
(34, 17, 3)
(34, 18, 3)
(34, 19, 3)
(34, 20, 3)
(34, 21, 3)
(34, 22, 3)
(34, 23, 3)
(34, 24, 3)
(34, 25, 1)
(34, 26, 1)
(34, 27, 1)
(34, 28, 1)
(34, 29, 1)
(34, 30, 1)
(34, 31, 1)
(34, 32, 1)
(34, 33, 1)
(34, 34, 1)
(34, 35, 1)
(34, 36, 1)
(34, 37, 1)
(34, 38, 1)
(34, 39, 1)

(35, 0, 90)
(35, 1, 55)
(35, 2, 47)
(35, 3, 42)
(35, 4, 22)
(35, 5, 22)
(35, 6, 13)
(35, 7, 13)
(35, 8, 11)
(35, 9, 9)
(35, 10, 8)
(35, 11, 7)
(35, 12, 5)
(35, 13, 5)
(35, 14, 4)
(35, 15, 3)
(35, 16, 3)
(35, 17, 3)
(35, 18, 3)
(35, 19, 3)
(35, 20, 3)
(35, 21, 3)
(35, 22, 3)
(35, 23, 3)
(35, 24, 3)
(35, 25, 1)
(35, 26, 1)
(35, 27, 1)
(35, 28, 1)
(35, 29, 1)
(35, 30, 1)
(35, 31, 1)
(35, 32, 1)
(35, 33, 1)
(35, 34, 1)
(35, 35, 1)
(35, 36, 1)
(35, 37, 1)
(35, 38, 1)
(35, 39, 1)

(36, 0, 94)
(36, 1, 57)
(36, 2, 49)
(36, 3, 44)
(36, 4, 22)
(36, 5, 22)
(36, 6, 13)
(36, 7, 13)
(36, 8, 11)
(36, 9, 9)
(36, 10, 8)
(36, 11, 7)
(36, 12, 5)
(36, 13, 5)
(36, 14, 4)
(36, 15, 3)
(36, 16, 3)
(36, 17, 3)
(36, 18, 3)
(36, 19, 3)
(36, 20, 3)
(36, 21, 3)
(36, 22, 3)
(36, 23, 3)
(36, 24, 3)
(36, 25, 1)
(36, 26, 1)
(36, 27, 1)
(36, 28, 1)
(36, 29, 1)
(36, 30, 1)
(36, 31, 1)
(36, 32, 1)
(36, 33, 1)
(36, 34, 1)
(36, 35, 1)
(36, 36, 1)
(36, 37, 1)
(36, 38, 1)
(36, 39, 1)

(37, 0, 94)
(37, 1, 57)
(37, 2, 49)
(37, 3, 44)
(37, 4, 22)
(37, 5, 22)
(37, 6, 13)
(37, 7, 13)
(37, 8, 11)
(37, 9, 9)
(37, 10, 8)
(37, 11, 7)
(37, 12, 5)
(37, 13, 5)
(37, 14, 4)
(37, 15, 3)
(37, 16, 3)
(37, 17, 3)
(37, 18, 3)
(37, 19, 3)
(37, 20, 3)
(37, 21, 3)
(37, 22, 3)
(37, 23, 3)
(37, 24, 3)
(37, 25, 1)
(37, 26, 1)
(37, 27, 1)
(37, 28, 1)
(37, 29, 1)
(37, 30, 1)
(37, 31, 1)
(37, 32, 1)
(37, 33, 1)
(37, 34, 1)
(37, 35, 1)
(37, 36, 1)
(37, 37, 1)
(37, 38, 1)
(37, 39, 1)

(38, 0, 96)
(38, 1, 59)
(38, 2, 51)
(38, 3, 46)
(38, 4, 22)
(38, 5, 22)
(38, 6, 13)
(38, 7, 13)
(38, 8, 11)
(38, 9, 9)
(38, 10, 8)
(38, 11, 7)
(38, 12, 5)
(38, 13, 5)
(38, 14, 4)
(38, 15, 3)
(38, 16, 3)
(38, 17, 3)
(38, 18, 3)
(38, 19, 3)
(38, 20, 3)
(38, 21, 3)
(38, 22, 3)
(38, 23, 3)
(38, 24, 3)
(38, 25, 1)
(38, 26, 1)
(38, 27, 1)
(38, 28, 1)
(38, 29, 1)
(38, 30, 1)
(38, 31, 1)
(38, 32, 1)
(38, 33, 1)
(38, 34, 1)
(38, 35, 1)
(38, 36, 1)
(38, 37, 1)
(38, 38, 1)
(38, 39, 1)

(39, 0, 100)
(39, 1, 60)
(39, 2, 52)
(39, 3, 47)
(39, 4, 22)
(39, 5, 22)
(39, 6, 13)
(39, 7, 13)
(39, 8, 11)
(39, 9, 9)
(39, 10, 8)
(39, 11, 7)
(39, 12, 5)
(39, 13, 5)
(39, 14, 4)
(39, 15, 3)
(39, 16, 3)
(39, 17, 3)
(39, 18, 3)
(39, 19, 3)
(39, 20, 3)
(39, 21, 3)
(39, 22, 3)
(39, 23, 3)
(39, 24, 3)
(39, 25, 1)
(39, 26, 1)
(39, 27, 1)
(39, 28, 1)
(39, 29, 1)
(39, 30, 1)
(39, 31, 1)
(39, 32, 1)
(39, 33, 1)
(39, 34, 1)
(39, 35, 1)
(39, 36, 1)
(39, 37, 1)
(39, 38, 1)
(39, 39, 1)


Betti numbers:
xi_0:
(0, 0, 2)
(1, 0, 1)
(2, 0, 2)
(8, 0, 3)
(9, 0, 1)
(10, 0, 3)
(12, 0, 2)
(13, 0, 1)
(14, 0, 2)
(15, 0, 2)
(16, 0, 5)
(17, 0, 2)
(18, 0, 1)
(23, 0, 4)
(24, 0, 8)
(25, 0, 4)
(26, 0, 2)
(27, 0, 6)
(28, 0, 3)
(29, 0, 13)
(30, 0, 7)
(31, 0, 2)
(32, 0, 5)
(33, 0, 3)
(34, 0, 4)
(35, 0, 2)
(36, 0, 4)
(38, 0, 2)
(39, 0, 4)
xi_1:
(0, 6, 1)
(1, 2, 1)
(2, 1, 1)
(2, 2, 1)
(8, 3, 1)
(8, 12, 1)
(9, 6, 1)
(10, 1, 1)
(10, 2, 2)
(12, 2, 1)
(12, 36, 1)
(13, 6, 1)
(14, 1, 1)
(14, 2, 1)
(14, 35, 1)
(15, 1, 1)
(15, 9, 1)
(15, 29, 1)
(16, 1, 2)
(16, 3, 1)
(16, 4, 1)
(16, 12, 1)
(16, 25, 1)
(17, 1, 1)
(17, 6, 1)
(17, 8, 1)
(18, 3, 1)
(23, 1, 1)
(23, 4, 2)
(23, 15, 1)
(24, 1, 4)
(24, 4, 4)
(25, 1, 2)
(25, 4, 2)
(26, 1, 2)
(27, 1, 3)
(27, 4, 2)
(27, 17, 1)
(28, 4, 2)
(28, 36, 1)
(29, 1, 6)
(29, 2, 2)
(29, 3, 1)
(29, 4, 1)
(29, 6, 2)
(29, 9, 1)
(29, 14, 1)
(29, 25, 1)
(29, 31, 1)
(30, 1, 3)
(30, 4, 2)
(30, 6, 1)
(30, 9, 1)
(30, 11, 1)
(30, 24, 1)
(31, 1, 1)
(31, 10, 1)
(31, 14, 1)
(32, 1, 2)
(32, 4, 2)
(32, 6, 1)
(32, 8, 1)
(33, 1, 1)
(33, 3, 1)
(33, 6, 1)
(34, 1, 2)
(34, 4, 2)
(35, 1, 1)
(35, 9, 1)
(36, 1, 2)
(36, 4, 2)
(38, 4, 2)
(39, 1, 3)
(39, 4, 1)
xi_2:
(14, 36, 1)
(15, 35, 1)
(16, 29, 1)
(17, 9, 1)
(29, 17, 1)
(29, 36, 1)
(30, 14, 1)
(30, 31, 1)
(31, 24, 1)
(32, 9, 1)
